,45,50,51,55,52,54,53,56,58,57,59,60
0,99.20826623725175,0.7917337627482555,,,,,,,,,,
1,99.13446054750402,0.8655394524959742,,,,,,,,,,
2,98.2085346215781,1.7914653784219001,,,,,,,,,,
3,95.57836822329575,4.146537842190016,0.27509393451422437,,,,,,,,,
4,91.57944176060118,8.145464304884594,0.27509393451422437,,,,,,,,,
5,90.6736446591519,9.017713365539452,0.27509393451422437,0.03354804079441761,,,,,,,,
6,90.43880837359099,8.923778851315083,0.27509393451422437,0.06709608158883522,0.0067096081588835215,0.2885131508319914,,,,,,
7,84.82286634460547,14.546430488459475,0.27509393451422437,0.06709608158883522,,0.2885131508319914,,,,,,
8,84.15190552871712,15.083199141170155,0.27509393451422437,0.06709608158883522,0.13419216317767044,0.2885131508319914,,,,,,
9,83.89023081052066,15.237520128824476,0.27509393451422437,0.06709608158883522,0.28180354267310787,0.24825550187869028,,,,,,
10,83.60842726784756,15.519323671497585,0.27509393451422437,0.06709608158883522,0.28180354267310787,0.24825550187869028,,,,,,
11,83.60842726784756,15.519323671497585,0.27509393451422437,0.06709608158883522,0.28180354267310787,0.24825550187869028,,,,,,
12,82.93746645195921,16.190284487385938,0.27509393451422437,0.06709608158883522,0.28180354267310787,0.24825550187869028,,,,,,
13,82.84353193773484,16.284219001610307,0.27509393451422437,0.06709608158883522,0.28180354267310787,0.24825550187869028,,,,,,
14,76.21443907675791,22.946859903381643,0.27509393451422437,0.03354804079441761,0.28180354267310787,0.24825550187869028,,,,,,
15,74.7987117552335,24.362587224906065,0.27509393451422437,0.03354804079441761,0.28180354267310787,0.24825550187869028,,,,,,
16,66.3311862587225,32.6154052603328,0.46296296296296297,0.03354804079441761,0.30864197530864196,0.24825550187869028,,,,,,
17,66.19699409554482,32.749597423510465,0.46296296296296297,0.03354804079441761,0.30864197530864196,0.24825550187869028,,,,,,
18,65.89506172839506,33.01798174986581,0.46296296296296297,0.06709608158883522,0.30864197530864196,0.24825550187869028,,,,,,
19,65.82125603864735,32.950885668276975,0.6038647342995169,0.06709608158883522,0.30864197530864196,0.24825550187869028,,,,,,
20,63.0300590445518,35.560923242082666,0.6038647342995169,0.24825550187869028,0.30864197530864196,0.24825550187869028,,,,,,
21,62.19806763285024,35.72195383789587,0.6038647342995169,0.27509393451422437,0.95276435856146,0.24825550187869028,,,,,,
22,53.56951154052604,45.471014492753625,0.46296296296296297,0.24154589371980675,0.2549651100375738,,,,,,,
23,53.58964036500269,45.29656468062265,0.46296296296296297,0.27509393451422437,0.3757380568974772,,,,,,,
24,53.5426731078905,45.309983896940416,0.49651100375738055,0.27509393451422437,0.3757380568974772,,,,,,,
25,53.36822329575953,45.35024154589372,0.49651100375738055,0.27509393451422437,0.3757380568974772,,0.13419216317767044,,,,,
26,52.563070316693505,46.28958668813741,0.49651100375738055,0.27509393451422437,0.24154589371980675,,0.13419216317767044,,,,,
27,52.29468599033817,46.504294149221685,0.49651100375738055,0.27509393451422437,0.24154589371980675,,0.1878690284487386,,,,,
28,51.79817498658078,45.611916264090176,0.49651100375738055,0.27509393451422437,1.6304347826086956,,0.1878690284487386,,,,,
29,51.46269457863661,44.30354267310789,1.7914653784219001,0.27509393451422437,1.6304347826086956,0.3488996242619431,0.1878690284487386,,,,,
30,51.48282340311326,44.256575415995705,1.7914653784219001,0.30193236714975846,1.6304347826086956,0.3488996242619431,0.1878690284487386,,,,,
31,51.321792807300056,44.41760601180891,1.7914653784219001,0.30193236714975846,1.6304347826086956,0.3488996242619431,0.1878690284487386,,,,,
32,51.38217928073001,44.36392914653784,1.7914653784219001,0.2952227589908749,1.6304347826086956,0.3488996242619431,0.1878690284487386,,,,,
33,51.348631239935585,44.14251207729468,1.7914653784219001,0.4025764895330113,1.778046162104133,0.3488996242619431,0.1878690284487386,,,,,
34,51.348631239935585,44.14251207729468,1.7914653784219001,0.4025764895330113,1.778046162104133,0.3488996242619431,0.1878690284487386,,,,,
35,50.697799248523886,44.7463768115942,1.7444981213097155,0.3824476650563607,1.778046162104133,0.41599570585077833,0.1878690284487386,0.04696725711218465,,,,
36,50.597155126140635,44.806763285024154,1.7444981213097155,0.3824476650563607,1.778046162104133,0.41599570585077833,0.2281266774020397,0.04696725711218465,,,,
37,48.87278582930757,43.243424584004295,4.9651100375738055,0.4495437466451959,1.778046162104133,0.41599570585077833,0.2281266774020397,0.04696725711218465,,,,
38,44.94095544820183,44.50483091787439,7.387278582930757,0.5568974771873323,1.892109500805153,0.3488996242619431,0.2281266774020397,0.14090177133655393,,,,
39,44.524959742351044,44.907407407407405,7.4006977992485234,0.5568974771873323,1.892109500805153,0.3488996242619431,0.2281266774020397,0.14090177133655393,,,,
40,37.78180354267311,51.590177133655395,7.125603864734299,0.8923778851315083,1.892109500805153,0.3488996242619431,0.2281266774020397,0.14090177133655393,,,,
41,37.25174449812131,50.275093934514224,8.984165324745035,0.8856682769726248,1.892109500805153,0.3488996242619431,0.2281266774020397,0.13419216317767044,,,,
42,37.21819645732689,49.724906065485776,8.930488459473967,0.8856682769726248,1.892109500805153,0.5904455179817498,0.5703166935050993,0.1878690284487386,,,,
43,36.78878153515835,49.41626409017714,9.5276435856146,1.0399892646269457,1.8786902844873858,0.5904455179817498,0.5703166935050993,0.1878690284487386,,,,
44,36.82903918411165,49.37600644122383,9.5276435856146,1.0399892646269457,1.8786902844873858,0.5904455179817498,0.5703166935050993,0.1878690284487386,,,,
45,36.33252818035427,48.51717659688674,8.769457863660762,1.3217928073000538,3.6634460547504024,0.6374127750939346,0.5703166935050993,0.1878690284487386,,,,
46,36.111111111111114,47.148416532474506,7.360440150295223,1.442565754159957,6.521739130434782,0.6374127750939346,0.5703166935050993,0.20799785292538917,,,,
47,36.07756307031669,46.812936124530324,7.326892109500805,1.8115942028985508,6.521739130434782,0.6374127750939346,0.5703166935050993,0.24154589371980675,,,,
48,36.08427267847558,46.55797101449275,7.112184648416532,1.8115942028985508,6.608964036500268,0.7045088566827697,0.5703166935050993,0.5501878690284487,,,,
49,35.889694041867955,46.752549651100374,7.098765432098766,1.8115942028985508,6.608964036500268,0.7045088566827697,0.5703166935050993,0.5636070853462157,,,,
50,35.929951690821255,46.3768115942029,7.112184648416532,1.7646269457863661,5.797101449275362,0.7045088566827697,1.4895330112721417,0.5636070853462157,0.2616747181964573,,,
51,35.59447128287708,46.67874396135266,7.14573268921095,1.7646269457863661,5.797101449275362,0.7045088566827697,1.3083735909822867,0.5636070853462157,0.2616747181964573,0.18115942028985507,,
52,35.581052066559316,46.53113258185722,7.14573268921095,1.9189479334406871,5.83064949006978,0.6776704240472357,1.3083735909822867,0.5636070853462157,0.2616747181964573,0.18115942028985507,,
53,35.668276972624795,46.3768115942029,7.14573268921095,2.0128824476650564,5.83064949006978,0.6508319914117016,1.3083735909822867,0.5636070853462157,0.2616747181964573,0.18115942028985507,,
54,35.57434245840043,46.18894256575416,7.232957595276436,2.0531400966183573,6.011808910359635,0.6239935587761675,1.3083735909822867,0.5636070853462157,0.2616747181964573,0.18115942028985507,,
55,35.61460010735373,46.01449275362319,7.232957595276436,2.187332259796028,5.964841653247451,0.6239935587761675,1.2949543746645196,0.5971551261406334,0.2885131508319914,0.18115942028985507,,
56,34.936929683306495,42.32420826623725,7.353730542136339,1.8115942028985508,10.715244229736983,0.6239935587761675,1.2412775093934514,0.5971551261406334,0.04696725711218465,0.3488996242619431,,
57,34.52093397745572,40.80783682232958,6.743156199677939,1.570048309178744,13.499731615673644,0.6239935587761675,1.2412775093934514,0.5971551261406334,0.04696725711218465,0.3488996242619431,,
58,34.29951690821256,40.74074074074074,7.071926999463232,1.570048309178744,13.459473966720344,0.6239935587761675,1.2412775093934514,0.5971551261406334,0.04696725711218465,0.3488996242619431,,
59,34.29951690821256,40.727321524422976,7.071926999463232,1.583467525496511,13.459473966720344,0.6239935587761675,1.2412775093934514,0.5971551261406334,0.04696725711218465,0.3488996242619431,,
60,33.23939881910896,40.22410091250671,9.500805152979066,1.4492753623188406,12.848899624261943,0.6239935587761675,1.2412775093934514,0.47638217928073,0.04696725711218465,0.3488996242619431,,
61,33.293075684380035,40.17713365539453,9.131776704240472,1.8183038110574343,12.848899624261943,0.6172839506172839,1.2412775093934514,0.47638217928073,0.04696725711218465,0.3488996242619431,,
62,33.32662372517445,40.15700483091788,9.125067096081589,1.8317230273752012,12.828770799785293,0.6172839506172839,1.2412775093934514,0.47638217928073,0.04696725711218465,0.3488996242619431,,
63,32.68250134192163,40.687063875469676,9.125067096081589,1.8518518518518519,12.828770799785293,0.644122383252818,1.3083735909822867,0.47638217928073,0.04696725711218465,0.3488996242619431,,
64,32.776435856146,40.687063875469676,8.997584541062801,1.9122383252818036,12.801932367149758,0.644122383252818,1.328502415458937,0.4562533548040794,0.04696725711218465,0.3488996242619431,,
65,32.749597423510465,40.60654857756307,8.78287707997853,1.9860440150295222,12.734836285560924,0.644122383252818,1.6572732152442298,0.4428341384863124,0.04696725711218465,0.3488996242619431,,
66,32.31347289318304,35.82259796027912,8.756038647342995,1.9457863660762211,14.875201288244767,0.9326355340848095,4.51556629092861,0.4428341384863124,0.04696725711218465,0.3488996242619431,,
67,32.35373054213634,35.789049919484704,8.756038647342995,1.9457863660762211,14.868491680085883,0.9326355340848095,4.51556629092861,0.4428341384863124,0.04696725711218465,0.3488996242619431,,
68,32.387278582930755,35.80246913580247,8.742619431025227,1.9457863660762211,14.834943639291465,0.9326355340848095,4.51556629092861,0.4428341384863124,0.04696725711218465,0.3488996242619431,,
69,32.326892109500804,35.53408480944713,8.742619431025227,2.073268921095008,15.009393451422437,0.9259259259259259,4.51556629092861,0.4428341384863124,0.04696725711218465,0.3824476650563607,,
70,32.17257112184648,35.42673107890499,8.588298443370908,2.073268921095008,14.969135802469136,1.3955984970477724,4.28743961352657,0.6374127750939346,0.04696725711218465,0.4025764895330113,,
71,30.615942028985508,36.782071926999464,8.561460010735374,2.3215244229736984,14.908749329039184,1.3955984970477724,4.28743961352657,0.6374127750939346,0.04696725711218465,0.4428341384863124,,
72,29.824208266237253,36.38620504562534,8.621846484165324,2.341653247450349,14.734299516908212,2.368491680085883,4.435050993022007,0.6374127750939346,0.04696725711218465,0.6038647342995169,,
73,29.78395061728395,35.238862050456255,8.82313472893183,2.3886205045625335,15.713902308105206,2.328234031132582,4.435050993022007,0.6374127750939346,0.04696725711218465,0.6038647342995169,,
74,29.71014492753623,35.198604401502955,8.950617283950617,2.3886205045625335,15.573000536768653,2.3215244229736984,4.542404723564144,0.6374127750939346,0.04696725711218465,0.630703166935051,,
75,29.54911433172303,34.66183574879227,8.950617283950617,2.4154589371980677,16.210413311862588,2.3215244229736984,4.341116478797638,0.6374127750939346,0.04696725711218465,0.8655394524959742,,
76,29.56924315619968,34.4873859366613,8.950617283950617,2.509393451422437,16.438539989264626,2.3215244229736984,4.146537842190016,0.6374127750939346,0.04696725711218465,0.8923778851315083,,
77,29.582662372517444,34.47396672034353,8.890230810520666,2.5831991411701556,16.398282340311326,2.3215244229736984,4.146537842190016,0.6374127750939346,0.04696725711218465,0.9192163177670424,,
78,29.448470209339774,34.62157809983897,8.883521202361782,2.5563607085346214,16.371443907675793,2.3215244229736984,4.139828234031133,0.6374127750939346,0.04696725711218465,0.9728931830381106,,
79,29.455179817498657,34.648416532474506,8.863392377885132,2.5563607085346214,16.358024691358025,2.3215244229736984,4.139828234031133,0.6374127750939346,0.04696725711218465,0.9728931830381106,,
80,29.240472356414386,34.66854535695116,8.896940418679549,2.7509393451422435,16.35131508319914,2.4355877616747184,3.9989264626945786,0.6374127750939346,0.04696725711218465,0.9728931830381106,,
81,29.347826086956523,34.54777241009125,8.896940418679549,2.757648953301127,16.35131508319914,2.4825550187869028,3.9720880300590444,0.6374127750939346,0.04696725711218465,0.9594739667203436,,
82,28.005904455179817,35.98362855609233,8.655394524959743,2.8650026838432634,16.472088030059044,2.4020397208803006,3.9720880300590444,0.6374127750939346,0.04696725711218465,0.9594739667203436,,
83,27.91867954911433,36.04401502952228,8.655394524959743,2.918679549114332,16.445249597423512,2.4020397208803006,3.9720880300590444,0.6374127750939346,0.04696725711218465,0.9594739667203436,,
84,27.214170692431562,35.69511540526033,9.46725711218465,2.918679549114332,16.445249597423512,2.6704240472356413,3.9720880300590444,0.6105743424584005,0.04696725711218465,0.9594739667203436,,
85,27.006172839506174,35.47369833601718,9.46725711218465,3.2206119162640903,16.431830381105744,2.8113258185721954,3.9720880300590444,0.6105743424584005,0.04696725711218465,0.9594739667203436,,
86,26.536500268384327,35.527375201288244,9.802737520128824,3.33467525496511,16.398282340311326,2.8113258185721954,3.9720880300590444,0.6105743424584005,0.04696725711218465,0.9594739667203436,,
87,26.529790660225444,34.66183574879227,9.802737520128824,3.3480944712828773,16.203703703703702,3.878153515834675,3.9586688137412773,0.6105743424584005,0.04696725711218465,0.9594739667203436,,
88,26.529790660225444,34.574610842726784,9.77589908749329,3.3480944712828773,16.19699409554482,3.878153515834675,4.052603327965647,0.6374127750939346,0.04696725711218465,0.9594739667203436,,
89,26.435856146001072,34.35319377348363,9.970477724100913,3.4017713365539453,16.27750939345142,3.864734299516908,4.019055287171229,0.6374127750939346,0.08051529790660225,0.9594739667203436,,
90,26.40901771336554,34.326355340848096,9.96376811594203,3.4286097691894795,16.25067096081589,3.9318303811057436,4.012345679012346,0.6374127750939346,0.08051529790660225,0.9594739667203436,,
91,26.006441223832528,34.614868491680085,9.86983360171766,3.455448201825013,15.92860976918948,4.025764895330113,4.435050993022007,0.6374127750939346,0.08051529790660225,0.9460547504025765,,
92,25.697799248523886,34.97047772410091,9.601449275362318,3.7909286097691894,15.821256038647343,4.025764895330113,4.435050993022007,0.6374127750939346,0.07380568974771873,0.9460547504025765,,
93,25.543478260869566,34.74906065485776,9.601449275362318,4.200214707461084,15.640096618357488,4.005636070853462,4.38137412775094,0.8588298443370908,0.07380568974771873,0.9460547504025765,,
94,25.42270531400966,34.292807300053674,10.352925389157273,4.106280193236715,15.613258185721953,3.9519592055823938,4.38137412775094,0.8588298443370908,0.07380568974771873,0.9460547504025765,,
95,25.483091787439612,34.252549651100374,10.050993022007514,4.106280193236715,15.868223295759528,3.898282340311326,4.38137412775094,0.9259259259259259,0.07380568974771873,0.9594739667203436,,
96,25.5300590445518,34.21900161030596,10.050993022007514,4.106280193236715,15.868223295759528,3.898282340311326,4.367954911433173,0.9259259259259259,0.07380568974771873,0.9594739667203436,,
97,25.523349436392916,34.21229200214707,9.822866344605474,4.435050993022007,15.908480944712828,3.898282340311326,4.367954911433173,0.8051529790660226,0.07380568974771873,0.95276435856146,,
98,25.55689747718733,34.20558239398819,9.822866344605474,4.602791196994096,15.96886741814278,3.898282340311326,4.206924315619967,0.8051529790660226,0.07380568974771873,0.8588298443370908,,
99,25.228126677402038,34.40016103059581,8.849973161567364,4.575952764358561,16.512345679012345,3.8580246913580245,4.85775630703167,0.7581857219538379,0.10064412238325282,0.8588298443370908,,
100,24.966451959205582,34.366612989801396,8.84326355340848,4.723564143853999,16.49892646269458,4.025764895330113,4.85775630703167,0.7581857219538379,0.10064412238325282,0.8588298443370908,,
101,25.0,34.346484165324746,8.84326355340848,4.575952764358561,16.485507246376812,4.025764895330113,4.85775630703167,0.7581857219538379,0.10064412238325282,1.0064412238325282,,
102,24.9194847020934,34.29951690821256,9.118357487922705,4.723564143853999,16.25738056897477,3.978797638217928,4.85775630703167,0.7380568974771873,0.10064412238325282,1.0064412238325282,,
103,24.456521739130434,32.6959205582394,9.118357487922705,4.575952764358561,18.61916264090177,3.9519592055823938,4.7101449275362315,0.7648953301127214,0.10064412238325282,1.0064412238325282,,
104,24.342458400429415,32.2463768115942,9.333064949006978,4.575952764358561,18.14278046162104,4.777241009125067,4.7101449275362315,0.7648953301127214,0.10064412238325282,1.0064412238325282,,
105,24.322329575952764,31.642512077294686,9.333064949006978,4.569243156199678,18.14278046162104,4.770531400966184,5.347557702630167,0.7648953301127214,0.10064412238325282,1.0064412238325282,,
106,22.430220075147613,33.82984433709071,9.198872785829307,4.555823939881911,18.04213633923779,4.770531400966184,5.300590445517981,0.7648953301127214,0.10064412238325282,1.0064412238325282,,
107,22.36983360171766,33.08507783145464,10.077831454643048,4.696725711218465,18.02871712292002,4.7101449275362315,5.119431025228127,0.7648953301127214,0.14090177133655393,1.0064412238325282,,
108,22.38996242619431,33.031400966183575,10.077831454643048,4.757112184648417,18.00187869028449,4.7101449275362315,5.119431025228127,0.7648953301127214,0.14090177133655393,1.0064412238325282,,
109,22.114868491680085,33.84997316156736,9.863123993558776,4.757112184648417,17.68652710681696,4.696725711218465,5.10601180891036,0.7648953301127214,0.14090177133655393,1.0064412238325282,0.013419216317767043,
110,22.088030059044552,33.360171765968865,10.050993022007514,4.696725711218465,17.85426731078905,4.871175523349437,5.10601180891036,0.7648953301127214,0.14090177133655393,1.0534084809447128,0.013419216317767043,
111,22.134997316156735,33.25952764358561,10.158346752549651,4.7101449275362315,17.800590445517983,4.871175523349437,5.092592592592593,0.7648953301127214,0.14090177133655393,1.0534084809447128,0.013419216317767043,
112,22.134997316156735,33.11862587224906,10.064412238325282,4.87788513150832,17.793880837359097,4.938271604938271,5.059044551798175,0.7648953301127214,0.14090177133655393,1.093666129898014,0.013419216317767043,
113,21.812936124530328,32.48121309715513,12.171229200214707,4.830917874396135,17.042404723564143,4.817498658078368,4.730273752012883,0.7313472893183038,0.14090177133655393,1.2278582930756843,0.013419216317767043,
114,21.973966720343533,32.447665056360705,12.04374664519592,4.830917874396135,17.042404723564143,4.817498658078368,4.730273752012883,0.7313472893183038,0.14090177133655393,1.2278582930756843,0.013419216317767043,
115,21.73913043478261,32.37385936661299,12.097423510466989,4.810789049919484,16.720343531937736,4.804079441760601,4.851046698872786,1.2278582930756843,0.14090177133655393,1.221148684916801,0.013419216317767043,
116,21.77938808373591,32.37385936661299,12.097423510466989,4.810789049919484,16.700214707461082,4.783950617283951,4.851046698872786,1.2278582930756843,0.14090177133655393,1.221148684916801,0.013419216317767043,
117,21.792807300053678,32.37385936661299,12.097423510466989,4.797369833601718,16.700214707461082,4.783950617283951,4.851046698872786,1.2278582930756843,0.14090177133655393,1.221148684916801,0.013419216317767043,
118,21.732420826623724,31.568706387546968,12.097423510466989,5.475040257648954,16.76731078904992,4.750402576489533,4.99194847020934,1.2278582930756843,0.14090177133655393,1.221148684916801,0.013419216317767043,0.013419216317767043
119,21.651905528717123,31.5150295222759,12.090713902308105,5.475040257648954,15.780998389694043,5.059044551798175,5.850778314546431,1.2278582930756843,0.10064412238325282,1.221148684916801,0.013419216317767043,0.013419216317767043
120,21.72571121846484,31.488191089640367,12.084004294149223,5.475040257648954,15.747450348899624,5.059044551798175,5.844068706387547,1.2278582930756843,0.10064412238325282,1.221148684916801,0.013419216317767043,0.013419216317767043
121,21.76596886741814,31.34728931830381,11.963231347289318,5.609232420826624,15.646806226516372,5.059044551798175,5.978260869565218,1.2278582930756843,0.10064412238325282,1.2748255501878691,0.013419216317767043,0.013419216317767043
122,21.83977455716586,31.293612453032743,11.936392914653783,5.622651637144391,15.49248523886205,5.226784755770263,5.971551261406334,1.2278582930756843,0.10064412238325282,1.261406333870102,0.013419216317767043,0.013419216317767043
123,21.69887278582931,31.246645195920557,11.728395061728396,5.756843800322061,15.83467525496511,5.2066559312936125,5.877616747181965,1.261406333870102,0.10064412238325282,1.261406333870102,0.013419216317767043,0.013419216317767043
124,21.71900161030596,31.246645195920557,11.728395061728396,5.743424584004294,15.83467525496511,5.199946323134729,5.877616747181965,1.261406333870102,0.10064412238325282,1.261406333870102,0.013419216317767043,0.013419216317767043
125,21.672034353193773,30.88432635534085,11.708266237251744,5.676328502415459,14.855072463768115,5.199946323134729,7.809983896940419,0.95276435856146,0.10064412238325282,1.1137949543746646,0.013419216317767043,0.013419216317767043
126,21.598228663446054,30.750134192163177,11.708266237251744,5.676328502415459,15.03623188405797,5.199946323134729,7.809983896940419,0.95276435856146,0.10064412238325282,1.1406333870101986,0.013419216317767043,0.013419216317767043
127,21.66532474503489,30.62265163714439,11.701556629092861,5.763553408480945,15.01610305958132,5.199946323134729,7.809983896940419,0.95276435856146,0.10064412238325282,1.1406333870101986,0.013419216317767043,0.013419216317767043
128,21.604938271604937,30.67632850241546,11.681427804616211,5.797101449275362,15.009393451422437,5.199946323134729,7.809983896940419,0.95276435856146,0.10064412238325282,1.1406333870101986,0.013419216317767043,0.013419216317767043
129,21.68545356951154,30.636070853462158,11.681427804616211,5.797101449275362,14.99597423510467,5.199946323134729,7.7831454643048845,0.95276435856146,0.10064412238325282,1.1406333870101986,0.013419216317767043,0.013419216317767043
130,21.752549651100377,30.56226516371444,11.453301127214171,5.8239398819108965,15.297906602254429,5.10601180891036,7.7831454643048845,0.95276435856146,0.10064412238325282,1.1406333870101986,0.013419216317767043,0.013419216317767043
131,21.73913043478261,30.50858829844337,11.520397208803006,5.8239398819108965,15.069779924852389,5.307300053676865,7.7831454643048845,0.95276435856146,0.10064412238325282,1.1674718196457328,0.013419216317767043,0.013419216317767043
132,21.77938808373591,30.495169082125603,11.439881910896403,5.810520665593129,15.210681696188942,5.22007514761138,7.709339774557166,1.0399892646269457,0.10064412238325282,1.1674718196457328,0.013419216317767043,0.013419216317767043
133,21.26274825550188,31.179549114331724,11.292270531400966,5.790391841116479,15.210681696188942,5.213365539452496,7.709339774557166,1.0399892646269457,0.10064412238325282,1.1741814278046163,0.013419216317767043,0.013419216317767043
134,21.16881374127751,31.085614600107355,11.285560923242082,5.763553408480945,14.720880300590446,5.367686527106817,8.460815888352121,1.0399892646269457,0.10064412238325282,0.9796027911969941,0.013419216317767043,0.013419216317767043
135,21.202361782071925,31.072195383789587,11.218464841653248,5.730005367686527,14.754428341384862,5.360976918947934,8.447396672034353,1.107085346215781,0.10064412238325282,0.9796027911969941,0.013419216317767043,0.013419216317767043
136,21.202361782071925,31.05877616747182,10.782340311325818,5.730005367686527,15.291196994095545,5.381105743424584,8.36688137412775,1.107085346215781,0.10064412238325282,0.95276435856146,0.013419216317767043,0.013419216317767043
137,21.14868491680086,31.052066559312937,10.782340311325818,5.730005367686527,15.391841116478798,5.381105743424584,8.32662372517445,1.107085346215781,0.10064412238325282,0.95276435856146,0.013419216317767043,0.013419216317767043
138,21.121846484165324,30.938003220611915,10.809178743961352,5.703166935050993,15.438808373590982,5.320719269994632,8.313204508856682,1.1943102522812667,0.10064412238325282,1.0332796564680622,0.013419216317767043,0.013419216317767043
139,21.00107353730542,29.904723564143854,13.573537305421363,5.60252281266774,14.546430488459475,5.193236714975845,7.836822329575953,1.1943102522812667,0.10064412238325282,1.0198604401502953,0.013419216317767043,0.013419216317767043
140,21.054750402576488,29.844337090713903,13.573537305421363,5.528717122920021,14.49946323134729,5.186527106816962,7.877079978529254,1.288244766505636,0.10064412238325282,1.0198604401502953,0.013419216317767043,0.013419216317767043
141,20.77294685990338,29.354535695115406,13.318572195383789,5.508588298443371,15.599838969404187,5.186527106816962,7.823403113258186,1.288244766505636,0.10064412238325282,1.0198604401502953,0.013419216317767043,0.013419216317767043
142,20.625335480407944,29.240472356414386,13.39237788513151,5.495169082125604,15.801127214170693,5.186527106816962,7.823403113258186,1.288244766505636,0.10064412238325282,1.0198604401502953,0.013419216317767043,0.013419216317767043
143,20.69243156199678,29.11969940955448,13.150831991411701,5.407944176060118,15.734031132581856,5.119431025228127,8.360171765968868,1.2681159420289856,0.10064412238325282,1.0198604401502953,0.013419216317767043,0.013419216317767043
144,20.73268921095008,29.07944176060118,13.150831991411701,5.407944176060118,15.734031132581856,5.119431025228127,8.360171765968868,1.2681159420289856,0.10064412238325282,1.0198604401502953,0.013419216317767043,0.013419216317767043
145,20.578368223295758,29.20692431561997,13.150831991411701,5.434782608695652,15.68035426731079,5.152979066022544,8.360171765968868,1.2681159420289856,0.10064412238325282,1.0399892646269457,0.013419216317767043,0.013419216317767043
146,20.37037037037037,28.904991948470208,13.150831991411701,5.448201825013419,15.74074074074074,5.615942028985507,8.340042941492216,1.2681159420289856,0.10064412238325282,1.0332796564680622,0.013419216317767043,0.013419216317767043
147,20.397208803005906,28.904991948470208,13.036768652710682,5.5689747718733225,15.734031132581856,5.589103596349974,8.340042941492216,1.2681159420289856,0.10064412238325282,1.0332796564680622,0.013419216317767043,0.013419216317767043
148,20.28985507246377,28.99892646269458,12.057165861513688,5.676328502415459,15.687063875469672,5.562265163714439,9.272678475577026,1.2949543746645196,0.10064412238325282,1.0332796564680622,0.013419216317767043,0.013419216317767043
149,20.128824476650564,28.958668813741276,11.936392914653783,5.676328502415459,15.841384863123993,5.562265163714439,9.272678475577026,1.2949543746645196,0.10064412238325282,1.2010198604401503,0.013419216317767043,0.013419216317767043
150,19.424315619967793,28.629898013955984,13.982823403113258,5.642780461621041,15.210681696188942,5.528717122920021,8.957326892109501,1.2949543746645196,0.10064412238325282,1.2010198604401503,0.013419216317767043,0.013419216317767043
151,19.47128287707998,28.56280193236715,13.982823403113258,5.629361245303274,15.230810520665592,5.528717122920021,8.957326892109501,1.2949543746645196,0.11406333870101985,1.2010198604401503,0.013419216317767043,0.013419216317767043
152,19.538378958668815,28.442028985507246,14.096886741814279,5.475040257648954,15.210681696188942,5.615942028985507,8.957326892109501,1.3217928073000538,0.11406333870101985,1.2010198604401503,0.013419216317767043,0.013419216317767043
153,19.639023081052066,28.093129361245303,13.741277509393452,5.589103596349974,15.411969940955448,5.548845947396672,8.957326892109501,1.6774020397208802,0.11406333870101985,1.2010198604401503,0.013419216317767043,0.013419216317767043
154,19.64573268921095,27.67042404723564,13.513150831991412,5.917874396135265,15.183843263553408,5.548845947396672,9.520933977455716,1.6572732152442298,0.11406333870101985,1.2010198604401503,0.013419216317767043,0.013419216317767043
155,19.706119162640903,27.623456790123456,13.405797101449275,5.991680085882985,15.136876006441224,5.689747718733226,9.447128287707997,1.6572732152442298,0.11406333870101985,1.2010198604401503,0.013419216317767043,0.013419216317767043
156,19.652442297369834,27.36849168008588,13.560118089103597,5.884326355340848,14.969135802469136,6.125872249060655,9.41358024691358,1.6572732152442298,0.11406333870101985,1.2278582930756843,0.013419216317767043,0.013419216317767043
157,19.672571121846484,27.140365002683843,13.539989264626946,5.884326355340848,14.942297369833602,6.125872249060655,9.648416532474503,1.6774020397208802,0.11406333870101985,1.2278582930756843,0.013419216317767043,0.013419216317767043
158,19.75979602791197,27.100107353730543,13.533279656468062,5.884326355340848,14.928878153515834,6.099033816425121,9.648416532474503,1.6774020397208802,0.11406333870101985,1.2278582930756843,0.013419216317767043,0.013419216317767043
159,19.806763285024154,26.99946323134729,13.405797101449275,6.179549114331723,14.915458937198068,6.099033816425121,9.453837895866881,1.8048845947396672,0.08051529790660225,1.2278582930756843,0.013419216317767043,0.013419216317767043
160,19.806763285024154,26.986044015029524,13.405797101449275,6.159420289855072,14.915458937198068,6.045356951154052,9.453837895866881,1.892109500805153,0.08051529790660225,1.2278582930756843,0.013419216317767043,0.013419216317767043
161,19.598765432098766,26.898819108964037,13.378958668813741,6.1862587224906065,15.22410091250671,6.139291465378422,9.346484165324744,1.892109500805153,0.08051529790660225,1.2278582930756843,0.013419216317767043,0.013419216317767043
162,19.585346215780998,26.818303811057433,13.305152979066023,6.112453032742888,15.002683843263553,6.300322061191626,9.64170692431562,1.9122383252818036,0.08051529790660225,1.2144390767579174,0.013419216317767043,0.013419216317767043
163,19.598765432098766,26.818303811057433,13.305152979066023,6.112453032742888,14.989264626945786,6.300322061191626,9.64170692431562,1.9122383252818036,0.08051529790660225,1.2144390767579174,0.013419216317767043,0.013419216317767043
164,19.00161030595813,27.214170692431562,13.39237788513151,5.924584004294149,15.042941492216855,6.582125603864735,9.608158883521202,1.9122383252818036,0.08051529790660225,1.2144390767579174,0.013419216317767043,0.013419216317767043
165,19.008319914117017,27.160493827160494,13.325281803542673,5.904455179817498,15.03623188405797,6.723027375201288,9.608158883521202,1.9122383252818036,0.08051529790660225,1.2144390767579174,0.013419216317767043,0.013419216317767043
166,19.00161030595813,27.073268921095007,13.197799248523886,5.844068706387547,14.727589908749328,7.454374664519592,9.608158883521202,1.9122383252818036,0.08051529790660225,1.0735373054213635,0.013419216317767043,0.013419216317767043
167,18.98148148148148,26.85185185185185,13.09044551798175,5.850778314546431,14.727589908749328,7.353730542136339,10.057702630166398,1.90552871712292,0.08051529790660225,1.0735373054213635,0.013419216317767043,0.013419216317767043
168,18.99490069779925,26.818303811057433,13.09044551798175,5.870907139023081,14.55984970477724,7.353730542136339,10.057702630166398,1.90552871712292,0.08051529790660225,1.2412775093934514,0.013419216317767043,0.013419216317767043
169,18.94122383252818,26.85185185185185,12.909286097691895,5.870907139023081,14.412238325281804,7.367149758454106,10.393183038110575,1.90552871712292,0.08051529790660225,1.2412775093934514,0.013419216317767043,0.013419216317767043
170,18.94122383252818,26.8317230273752,12.902576489533011,5.810520665593129,14.42565754159957,7.340311325818572,10.46027911969941,1.9390767579173376,0.08051529790660225,1.2412775093934514,0.013419216317767043,0.013419216317767043
171,18.95464304884595,26.84514224369297,12.889157273215245,5.783682232957595,14.412238325281804,7.333601717659689,10.373054213633925,1.9994632313472893,0.11406333870101985,1.2681159420289856,0.013419216317767043,0.013419216317767043
172,18.927804616210413,27.066559312936125,12.68786902844874,5.783682232957595,14.392109500805153,7.333601717659689,10.373054213633925,2.0263016639828235,0.11406333870101985,1.2681159420289856,0.013419216317767043,0.013419216317767043
173,18.4447128287708,27.34836285560923,12.513419216317766,5.984970477724101,14.17740203972088,7.548309178743962,10.547504025764896,2.0263016639828235,0.11406333870101985,1.2681159420289856,0.013419216317767043,0.013419216317767043
174,18.364197530864196,27.26784755770263,12.513419216317766,5.978260869565218,14.358561460010735,7.548309178743962,10.547504025764896,2.0263016639828235,0.11406333870101985,1.2546967257112185,0.013419216317767043,0.013419216317767043
175,18.417874396135264,27.254428341384862,12.453032742887816,6.025228126677402,14.345142243692969,7.548309178743962,10.547504025764896,2.0263016639828235,0.11406333870101985,1.2412775093934514,0.013419216317767043,0.013419216317767043
176,18.323939881910896,27.395330112721417,12.385936661298981,6.005099302200751,14.304884594739667,7.548309178743962,10.607890499194847,2.046430488459474,0.11406333870101985,1.2412775093934514,0.013419216317767043,0.013419216317767043
177,18.23671497584541,27.395330112721417,12.439613526570048,6.045356951154052,14.2914653784219,7.50805152979066,10.601180891035963,2.046430488459474,0.14090177133655393,1.2681159420289856,0.013419216317767043,0.013419216317767043
178,18.263553408480945,27.395330112721417,12.439613526570048,6.045356951154052,14.278046162104133,7.50805152979066,10.601180891035963,2.033011272141707,0.14090177133655393,1.2681159420289856,0.013419216317767043,0.013419216317767043
179,18.263553408480945,27.26784755770263,12.52012882447665,6.0654857756307035,13.989533011272142,7.50805152979066,10.93666129898014,2.033011272141707,0.14090177133655393,1.247987117552335,0.013419216317767043,0.013419216317767043
180,18.33064949006978,27.220880300590444,12.600644122383253,6.011808910359635,13.94927536231884,7.467793880837359,10.909822866344605,2.0933977455716586,0.14090177133655393,1.247987117552335,0.013419216317767043,0.013419216317767043
181,18.33064949006978,27.17391304347826,12.600644122383253,6.092324208266238,13.942565754159958,7.447665056360709,10.903113258185721,2.0933977455716586,0.14090177133655393,1.247987117552335,0.013419216317767043,0.013419216317767043
182,18.357487922705314,27.079978529253893,12.5402576489533,6.119162640901771,13.922436929683306,7.568438003220612,10.903113258185721,2.0933977455716586,0.14090177133655393,1.247987117552335,0.013419216317767043,0.013419216317767043
183,18.357487922705314,26.7512077294686,12.5402576489533,6.0654857756307035,14.331723027375201,7.568438003220612,10.84272678475577,2.0933977455716586,0.17444981213097155,1.247987117552335,0.013419216317767043,0.013419216317767043
184,18.42458400429415,26.643853998926463,12.5402576489533,6.146001073537305,14.331723027375201,7.5281803542673105,10.84272678475577,2.0933977455716586,0.17444981213097155,1.247987117552335,0.013419216317767043,0.013419216317767043
185,18.451422436929683,26.623725174449813,12.5402576489533,6.146001073537305,14.331723027375201,7.5281803542673105,10.84272678475577,2.0933977455716586,0.17444981213097155,1.2412775093934514,0.013419216317767043,0.013419216317767043
186,18.46484165324745,26.610305958132045,12.486580783682234,6.146001073537305,14.2914653784219,7.816693505099302,10.661567364465915,2.0799785292538915,0.17444981213097155,1.2412775093934514,0.013419216317767043,0.013419216317767043
187,17.733494363929147,27.58990874932904,12.090713902308105,6.159420289855072,14.083467525496511,7.823403113258186,11.003757380568974,2.0799785292538915,0.17444981213097155,1.2345679012345678,0.013419216317767043,0.013419216317767043
188,17.74020397208803,27.677133655394524,12.090713902308105,6.119162640901771,14.049919484702093,7.823403113258186,10.997047772410092,2.0665593129361244,0.17444981213097155,1.2345679012345678,0.013419216317767043,0.013419216317767043
189,17.773752012882447,27.65029522275899,12.090713902308105,6.105743424584004,14.049919484702093,7.809983896940419,11.017176596886742,2.0665593129361244,0.17444981213097155,1.2345679012345678,0.013419216317767043,0.013419216317767043
190,17.652979066022546,27.677133655394524,12.184648416532475,6.105743424584004,14.049919484702093,7.809983896940419,11.017176596886742,2.0665593129361244,0.17444981213097155,1.2345679012345678,0.013419216317767043,0.013419216317767043
191,17.498658078368223,27.576489533011273,12.399355877616747,6.031937734836285,13.982823403113258,7.7361782071927,11.191626409017713,2.046430488459474,0.17444981213097155,1.3352120236178207,0.013419216317767043,0.013419216317767043
192,17.518786902844873,27.549651100375737,12.399355877616747,6.031937734836285,13.976113794954374,7.7361782071927,11.20504562533548,2.046430488459474,0.17444981213097155,1.3352120236178207,0.013419216317767043,0.013419216317767043
193,17.49194847020934,27.15378421900161,12.338969404186795,6.3137412775093935,14.486044015029522,7.595276435856146,11.124530327428879,1.9726247987117553,0.17444981213097155,1.3217928073000538,0.013419216317767043,0.013419216317767043
194,17.538915727321523,27.066559312936125,12.305421363392378,6.3070316693505095,14.472624798711756,7.702630166398282,11.11111111111111,1.9726247987117553,0.17444981213097155,1.3217928073000538,0.013419216317767043,0.013419216317767043
195,17.52549651100376,26.992753623188406,12.224906065485776,6.286902844873859,14.606816961889425,7.595276435856146,11.11111111111111,2.167203435319377,0.17444981213097155,1.288244766505636,0.013419216317767043,0.013419216317767043
196,17.136339237788512,27.34836285560923,12.332259796027913,6.280193236714976,14.553140096618357,7.581857219538379,11.11111111111111,2.167203435319377,0.17444981213097155,1.288244766505636,0.013419216317767043,0.013419216317767043
197,17.156468062265162,27.100107353730543,12.325550187869029,6.320450885668277,14.472624798711756,7.689210950080516,11.2788513150832,2.167203435319377,0.17444981213097155,1.288244766505636,0.013419216317767043,0.013419216317767043
198,17.21014492753623,27.053140096618357,12.31213097155126,6.320450885668277,14.418947933440688,7.695920558239399,11.399624261943103,2.13365539452496,0.17444981213097155,1.2546967257112185,0.013419216317767043,0.013419216317767043
199,16.75389157273215,27.482555018786904,12.305421363392378,6.3137412775093935,14.445786366076222,7.722758990874933,11.379495437466453,2.1403650026838434,0.17444981213097155,1.2546967257112185,0.013419216317767043,0.013419216317767043
200,16.774020397208805,27.462426194310254,12.305421363392378,6.333870101986044,14.445786366076222,7.702630166398282,11.379495437466453,2.1403650026838434,0.17444981213097155,1.2546967257112185,0.013419216317767043,0.013419216317767043
201,16.841116478797638,27.395330112721417,12.211486849168008,6.4412238325281805,14.338432635534085,7.689210950080516,11.668008588298443,1.9927536231884058,0.17444981213097155,1.221148684916801,0.013419216317767043,0.013419216317767043
202,16.935050993022006,27.388620504562535,12.211486849168008,6.4412238325281805,14.264626945786366,7.675791733762749,11.668008588298443,1.9927536231884058,0.17444981213097155,1.221148684916801,0.013419216317767043,0.013419216317767043
203,17.05582393988191,27.375201288244767,12.164519592055823,6.427804616210413,14.264626945786366,7.6623725174449815,11.634460547504025,1.9927536231884058,0.17444981213097155,1.221148684916801,0.013419216317767043,0.013419216317767043
204,17.122920021470748,27.34165324745035,12.130971551261407,6.427804616210413,14.264626945786366,7.6623725174449815,11.66129898013956,1.9927536231884058,0.17444981213097155,1.1943102522812667,0.013419216317767043,0.013419216317767043
