,45,50,54,51,53,52,55,56,58,57
0,98.83923778851315,1.1607622114868492,,,,,,,,
1,94.63902308105207,5.360976918947934,,,,,,,,
2,86.3996242619431,13.600375738056897,,,,,,,,
3,86.25872249060654,13.741277509393452,,,,,,,,
4,86.13123993558776,13.868760064412239,,,,,,,,
5,77.75764895330113,22.24235104669887,,,,,,,,
6,76.52308105206656,23.47691894793344,,,,,,,,
7,76.08695652173913,23.91304347826087,,,,,,,,
8,76.13392377885131,23.866076221148685,,,,,,,,
9,75.18115942028986,24.818840579710145,,,,,,,,
10,74.89935587761674,25.10064412238325,,,,,,,,
11,74.42297369833602,24.14787976382179,1.42914653784219,,,,,,,
12,74.31561996779388,24.255233494363928,1.42914653784219,,,,,,,
13,74.55045625335481,23.93317230273752,1.3888888888888888,0.1274825550187869,,,,,,
14,74.30220075147611,24.18142780461621,1.3888888888888888,0.1274825550187869,,,,,,
15,74.3491680085883,24.14787976382179,1.3754696725711217,0.1274825550187869,,,,,,
16,74.28207192699946,24.214975845410628,1.3754696725711217,0.1274825550187869,,,,,,
17,71.51771336553945,26.724369296833064,1.6304347826086956,0.1274825550187869,,,,,,
18,65.55958132045089,32.407407407407405,1.6304347826086956,0.1274825550187869,0.27509393451422437,,,,,
19,60.829307568438004,36.90955448201825,1.6304347826086956,0.1274825550187869,0.18115942028985507,0.322061191626409,,,,
20,61.2788513150832,36.500268384326354,1.5901771336553945,0.1274825550187869,0.18115942028985507,0.322061191626409,,,,
21,60.19189479334407,37.43961352657005,1.5901771336553945,0.1274825550187869,0.18115942028985507,0.322061191626409,0.14761137949543746,,,
22,57.669082125603865,39.962426194310254,1.5901771336553945,0.1274825550187869,0.18115942028985507,0.322061191626409,0.14761137949543746,,,
23,39.63365539452496,59.245840042941495,0.14761137949543746,0.1274825550187869,0.18115942028985507,0.322061191626409,0.3421900161030596,,,
24,39.861782071927,58.742619431025226,0.14761137949543746,0.1274825550187869,0.18115942028985507,0.5971551261406334,0.3421900161030596,,,
25,40.17042404723564,58.43397745571659,0.14761137949543746,0.1274825550187869,0.18115942028985507,0.5971551261406334,0.3421900161030596,,,
26,40.47906602254428,58.03811057434246,0.1274825550187869,0.1274825550187869,0.18115942028985507,0.5568974771873323,0.48980139559849706,,,
27,40.98228663446055,57.63553408480945,0.1274825550187869,0.1274825550187869,0.18115942028985507,0.4562533548040794,0.48980139559849706,,,
28,41.19028448738594,57.427536231884055,0.1274825550187869,0.1274825550187869,0.18115942028985507,0.4562533548040794,0.48980139559849706,,,
29,41.94176060118089,56.676060118089104,0.1274825550187869,0.1274825550187869,0.18115942028985507,0.4562533548040794,0.48980139559849706,,,
30,40.01610305958132,55.31400966183575,0.1274825550187869,0.1274825550187869,0.18115942028985507,0.4562533548040794,3.7775093934514223,,,
31,39.33843263553408,56.146001073537306,0.1274825550187869,0.1274825550187869,0.18115942028985507,0.4562533548040794,3.6231884057971016,,,
32,38.47289318303811,55.421363392377884,0.1274825550187869,0.1274825550187869,0.18115942028985507,2.046430488459474,3.6231884057971016,,,
33,38.499731615673646,55.58910359634997,0.1274825550187869,0.1274825550187869,0.18115942028985507,2.0397208803005906,3.435319377348363,,,
34,37.835480407944175,56.29361245303274,0.1274825550187869,0.1274825550187869,0.18115942028985507,2.0397208803005906,3.3950617283950617,,,
35,38.02334943639291,54.830917874396135,0.1274825550187869,0.1274825550187869,0.28180354267310787,1.9189479334406871,4.690016103059581,,,
36,36.99677938808374,55.85748792270532,0.1274825550187869,0.1274825550187869,0.28180354267310787,1.9189479334406871,4.690016103059581,,,
37,30.07246376811594,42.72678475577026,0.1274825550187869,20.37037037037037,0.28180354267310787,1.9189479334406871,4.066022544283414,0.43612453032742887,,
38,29.401502952227588,38.87546967257112,0.1274825550187869,19.209608158883523,6.172839506172839,1.9189479334406871,3.8580246913580245,0.43612453032742887,,
39,29.736983360171767,38.707729468599034,0.1274825550187869,19.102254428341386,6.031937734836285,1.8585614600107354,3.8580246913580245,0.5770263016639828,,
40,30.293880837359097,38.1105743424584,0.1274825550187869,19.236446591519055,5.938003220611916,1.8585614600107354,3.8580246913580245,0.5770263016639828,,
41,30.743424584004295,37.795222758990874,0.1274825550187869,19.102254428341386,5.938003220611916,1.8585614600107354,3.8580246913580245,0.5770263016639828,,
42,31.340579710144926,37.05716586151369,0.3488996242619431,18.887546967257112,5.938003220611916,1.865271068169619,3.8580246913580245,0.7045088566827697,,
43,31.48148148148148,36.808910359635,0.3488996242619431,18.82716049382716,5.870907139023081,1.865271068169619,4.092860976918948,0.7045088566827697,,
44,31.769994632313473,36.480139559849704,0.6575415995705851,18.686258722490606,5.743424584004294,1.865271068169619,4.092860976918948,0.7045088566827697,,
45,29.582662372517444,65.70719269994632,0.4294149221685454,0.47638217928073,0.23483628556092323,1.9659151905528718,1.6035963499731616,,,
46,29.904723564143854,65.42538915727322,0.4294149221685454,0.47638217928073,0.23483628556092323,1.9659151905528718,1.5633387010198605,,,
47,30.267042404723565,54.64975845410628,0.4294149221685454,0.47638217928073,10.648148148148149,1.9659151905528718,1.5633387010198605,,,
48,30.64278046162104,54.0727321524423,0.4294149221685454,0.7447665056360708,10.581052066559312,1.9659151905528718,1.5633387010198605,,,
49,29.05931293612453,48.66478797638218,0.4294149221685454,0.7447665056360708,18.719806763285025,1.9122383252818036,0.46967257112184646,,,
50,29.012345679012345,48.691626409017715,0.4294149221685454,0.7447665056360708,18.67283950617284,1.9793344068706387,0.46967257112184646,,,
51,23.30246913580247,54.94498121309716,0.4294149221685454,0.7447665056360708,18.5252281266774,1.4895330112721417,0.5636070853462157,,,
52,21.235909822866343,56.655931293612454,0.4294149221685454,0.7447665056360708,18.136070853462158,1.4895330112721417,0.9863123993558777,,0.322061191626409,
53,21.866612989801396,56.21980676328502,0.4294149221685454,0.7447665056360708,17.941492216854535,1.4895330112721417,0.9863123993558777,,0.322061191626409,
54,21.531132581857218,55.24020397208803,0.4294149221685454,0.6172839506172839,17.673107890499196,2.8381642512077296,1.1808910359634996,,0.322061191626409,0.16774020397208803
55,21.93370907139023,53.4621578099839,0.6038647342995169,0.6172839506172839,17.250402576489535,2.818035426731079,2.6167471819645733,,0.5300590445517982,0.16774020397208803
56,22.188674181427803,52.72410091250671,0.6038647342995169,0.6172839506172839,16.82769726247987,2.818035426731079,3.408480944712829,,0.644122383252818,0.16774020397208803
57,21.833064949006978,52.99919484702093,0.6038647342995169,4.616210413311863,12.922705314009661,2.8515834675254963,3.361513687600644,,0.644122383252818,0.16774020397208803
58,22.14170692431562,52.83145464304884,0.5568974771873323,4.616210413311863,12.889157273215245,2.844873859366613,3.307836822329576,,0.644122383252818,0.16774020397208803
59,22.685185185185187,52.623456790123456,0.5434782608695652,4.616210413311863,12.600644122383253,2.844873859366613,3.2742887815351582,,0.644122383252818,0.16774020397208803
60,22.75228126677402,52.36849168008588,0.5434782608695652,4.320987654320987,11.855877616747183,2.844873859366613,4.51556629092861,,0.644122383252818,0.15432098765432098
61,23.00053676865271,51.95920558239399,0.5434782608695652,4.461889425657541,11.426462694578637,2.844873859366613,4.683306494900698,,0.9259259259259259,0.15432098765432098
62,22.18196457326892,52.52952227589909,0.5434782608695652,4.045893719806763,13.20450885668277,1.90552871712292,4.508856682769726,,0.9259259259259259,0.15432098765432098
63,22.913311862587225,51.992753623188406,0.5568974771873323,4.045893719806763,13.097155126140633,1.90552871712292,4.408212560386473,,0.9259259259259259,0.15432098765432098
64,23.429951690821255,51.36205045625336,0.5568974771873323,4.045893719806763,13.077026301663983,2.0397208803005906,4.408212560386473,,0.9259259259259259,0.15432098765432098
65,23.58427267847558,50.85882984433709,0.5434782608695652,3.9855072463768115,13.358829844337091,2.0263016639828235,4.562533548040794,,0.9259259259259259,0.15432098765432098
66,23.899624261943103,50.536768652710684,0.5434782608695652,3.978797638217928,13.24476650563607,2.0128824476650564,4.703435319377348,,0.9259259259259259,0.15432098765432098
67,24.50348899624262,49.91277509393451,0.8722490606548577,3.878153515834675,13.009930220075148,1.932367149758454,4.696725711218465,,0.8655394524959742,0.32877079978529256
68,24.376006441223833,49.71819645732689,0.8722490606548577,4.079441760601181,13.009930220075148,1.932367149758454,4.817498658078368,,0.8655394524959742,0.32877079978529256
69,24.208266237251745,49.69806763285024,1.2010198604401503,3.965378421900161,13.003220611916264,1.9122383252818036,4.817498658078368,,0.8655394524959742,0.32877079978529256
70,24.530327428878152,49.49006977992485,1.2010198604401503,3.878153515834675,13.003220611916264,1.9122383252818036,4.790660225442834,,0.8655394524959742,0.32877079978529256
71,24.758454106280194,48.97342995169082,1.2010198604401503,3.878153515834675,12.869028448738593,1.9122383252818036,5.10601180891036,,0.8588298443370908,0.4428341384863124
72,24.993290391841118,48.329307568438004,1.6639828234031133,3.878153515834675,12.869028448738593,1.8786902844873858,5.0858829844337095,,0.8588298443370908,0.4428341384863124
73,25.483091787439612,47.75228126677402,1.6908212560386473,3.878153515834675,12.969672571121846,1.8786902844873858,5.052334943639291,,0.8521202361782072,0.4428341384863124
74,25.87224906065486,47.52415458937198,1.6908212560386473,3.878153515834675,12.822061191626409,1.8786902844873858,5.038915727321524,,0.8521202361782072,0.4428341384863124
75,26.301663982823403,47.235641438539986,1.6908212560386473,3.878153515834675,12.754965110037574,1.8786902844873858,4.998658078368224,,0.8185721953837896,0.4428341384863124
76,26.442565754159958,46.2157809983897,1.1473429951690821,3.878153515834675,12.74825550187869,3.549382716049383,4.757112184648417,,0.8185721953837896,0.4428341384863124
77,24.288781535158346,48.47691894793344,1.0466988727858293,3.864734299516908,12.359098228663447,4.092860976918948,4.656468062265164,,0.8185721953837896,0.39586688137412773
78,24.812130971551262,48.27563070316693,1.0466988727858293,3.864734299516908,12.06387546967257,4.079441760601181,4.656468062265164,,0.8051529790660226,0.39586688137412773
79,24.872517444981213,47.97369833601718,1.2077294685990339,3.770799785292539,11.882716049382717,4.052603327965647,4.783950617283951,,0.7716049382716049,0.6843800322061192
80,25.10064412238325,47.89989264626946,1.2077294685990339,3.7573805689747717,11.77536231884058,4.052603327965647,4.750402576489533,,0.7716049382716049,0.6843800322061192
81,25.462962962962962,46.69216317767042,1.1876006441223832,4.575952764358561,11.654589371980677,4.019055287171229,4.730273752012883,0.24154589371980675,0.7514761137949544,0.6843800322061192
82,25.583735909822867,46.55126140633387,1.2949543746645196,4.49543746645196,11.654589371980677,4.1532474503489,4.62962962962963,0.24154589371980675,0.7112184648416533,0.6843800322061192
83,26.01315083199141,45.97423510466989,1.3217928073000538,4.488727858293076,11.654589371980677,4.119699409554482,4.790660225442834,0.24154589371980675,0.7112184648416533,0.6843800322061192
84,26.10708534621578,45.67901234567901,1.4492753623188406,4.488727858293076,11.641170155662909,4.2203435319377345,4.790660225442834,0.24154589371980675,0.7045088566827697,0.6776704240472357
85,25.40257648953301,42.93478260869565,1.5230810520665594,4.488727858293076,9.366612989801396,10.319377348362856,4.7638217928073,0.24154589371980675,0.28180354267310787,0.6776704240472357
86,25.764895330112722,42.35775630703167,1.7914653784219001,4.696725711218465,9.366612989801396,9.997316156736447,4.824208266237251,0.24154589371980675,0.28180354267310787,0.6776704240472357
87,26.053408480944714,42.223564143854,1.7847557702630166,4.676596886741814,9.326355340848094,9.930220075147611,4.804079441760601,0.24154589371980675,0.28180354267310787,0.6776704240472357
88,26.670692431561996,41.6532474503489,1.7579173376274826,4.696725711218465,9.172034353193773,9.73564143853999,4.770531400966184,0.5837359098228664,0.28180354267310787,0.6776704240472357
89,27.03972088030059,41.076221148684915,1.7579173376274826,4.656468062265164,9.01100375738057,10.084541062801932,4.898013955984971,0.5837359098228664,0.2147074610842727,0.6776704240472357
90,26.81159420289855,40.51932367149758,1.6975308641975309,4.656468062265164,10.091250670960816,9.863123993558776,4.884594739667204,0.5837359098228664,0.2147074610842727,0.6776704240472357
91,27.140365002683843,40.23752012882448,1.6035963499731616,4.85775630703167,9.98389694041868,9.829575952764358,4.884594739667204,0.5837359098228664,0.2147074610842727,0.6642512077294686
92,27.375201288244767,40.06977992485239,1.6035963499731616,4.85775630703167,9.88996242619431,9.809447128287708,4.851046698872786,0.5837359098228664,0.2147074610842727,0.7447665056360708
93,28.683574879227052,39.33843263553408,1.6035963499731616,4.7168545356951155,9.494095544820183,9.789318303811058,4.830917874396135,0.5837359098228664,0.2147074610842727,0.7447665056360708
94,29.052603327965645,38.7614063338701,1.7713365539452497,4.7168545356951155,9.426999463231347,9.782608695652174,4.944981213097155,0.5837359098228664,0.2147074610842727,0.7447665056360708
95,30.079173376274827,37.3389694041868,1.7176596886741815,4.7168545356951155,10.513955984970478,8.84326355340848,5.253623188405797,0.5837359098228664,0.2147074610842727,0.7380568974771873
96,30.327428878153516,37.03032742887815,1.7176596886741815,4.696725711218465,10.36634460547504,8.977455716586151,5.347557702630167,0.5837359098228664,0.2147074610842727,0.7380568974771873
97,30.589103596349972,36.922973698336016,1.7042404723564144,4.62962962962963,10.292538915727322,8.977455716586151,5.347557702630167,0.5837359098228664,0.2147074610842727,0.7380568974771873
98,30.803811057434245,36.01717659688674,1.7042404723564144,4.62962962962963,9.494095544820183,9.212292002147075,5.347557702630167,1.8384326355340848,0.2147074610842727,0.7380568974771873
99,31.36070853462158,35.87627482555019,1.7042404723564144,4.367954911433173,9.359903381642512,9.212292002147075,5.267042404723564,1.8183038110574343,0.2147074610842727,0.8185721953837896
100,31.00509930220075,35.06441223832528,1.8115942028985508,4.294149221685454,10.648148148148149,9.104938271604938,5.22007514761138,1.8183038110574343,0.2147074610842727,0.8185721953837896
101,30.9044551798175,34.896672034353195,1.8115942028985508,4.502147074610843,10.607890499194847,9.225711218464841,5.213365539452496,1.8183038110574343,0.2147074610842727,0.8051529790660226
102,31.608964036500268,34.554482018250134,1.6572732152442298,4.374664519592056,10.507246376811594,9.359903381642512,5.0993022007514766,1.8183038110574343,0.2147074610842727,0.8051529790660226
103,32.21282877079979,34.252549651100374,1.6371443907675791,4.367954911433173,10.399892646269459,9.212292002147075,5.0993022007514766,1.7981749865807837,0.2147074610842727,0.8051529790660226
104,32.14573268921095,33.76945786366076,1.5633387010198605,4.361245303274289,10.285829307568438,9.098228663446054,5.958132045088567,1.7981749865807837,0.2147074610842727,0.8051529790660226
105,32.588566827697264,33.56816961889426,1.5499194847020934,4.280730005367687,10.258990874932904,8.977455716586151,5.958132045088567,1.7981749865807837,0.2147074610842727,0.8051529790660226
106,32.9777241009125,32.66237251744498,1.5499194847020934,4.40150295222759,10.144927536231885,8.93719806763285,6.5485775630703165,1.7981749865807837,0.2147074610842727,0.7648953301127214
107,33.16559312936125,32.60198604401503,1.5432098765432098,4.4820182501341925,10.144927536231885,8.82313472893183,6.461352657004831,1.7981749865807837,0.2147074610842727,0.7648953301127214
108,33.467525496511,32.19940955448202,1.6908212560386473,4.4820182501341925,10.00402576489533,8.789586688137414,6.447933440687064,1.9390767579173376,0.2147074610842727,0.7648953301127214
109,29.11969940955448,29.13311862587225,1.6774020397208802,3.9720880300590444,8.420558239398819,20.974235104669887,4.703435319377348,1.3217928073000538,0.2147074610842727,0.46296296296296297
110,29.13311862587225,28.327965646806227,1.5767579173376274,5.810520665593129,8.420558239398819,20.108695652173914,4.622920021470746,1.3217928073000538,0.2147074610842727,0.46296296296296297
111,29.78395061728395,28.079710144927535,1.556629092860977,5.783682232957595,8.420558239398819,19.867149758454108,4.575952764358561,1.2546967257112185,0.2147074610842727,0.46296296296296297
112,30.112721417069242,27.87842190016103,1.6103059581320451,5.763553408480945,8.433977455716587,19.732957595276435,4.53569511540526,1.2546967257112185,0.2147074610842727,0.46296296296296297
113,30.60252281266774,27.717391304347824,1.6035963499731616,5.750134192163178,8.387010198604402,19.6256038647343,4.42163177670424,1.2144390767579174,0.2147074610842727,0.46296296296296297
114,30.06575415995706,26.684111647879764,1.7713365539452497,5.689747718733226,8.588298443370908,19.088835212023618,5.723295759527644,1.4694041867954912,0.2147074610842727,0.7045088566827697
115,30.300590445517983,26.556629092860977,1.7579173376274826,5.689747718733226,8.588298443370908,19.04186795491143,5.676328502415459,1.4694041867954912,0.2147074610842727,0.7045088566827697
116,30.709876543209877,26.402308105206657,1.7579173376274826,5.689747718733226,8.480944712828771,18.820450885668276,5.636070853462158,1.4694041867954912,0.2147074610842727,0.8185721953837896
117,31.19296833064949,26.039989264626946,1.7444981213097155,5.689747718733226,8.480944712828771,18.726516371443907,5.622651637144391,1.4694041867954912,0.2147074610842727,0.8185721953837896
118,31.561996779388085,25.731347289318304,1.7444981213097155,5.984970477724101,8.393719806763285,18.45813204508857,5.622651637144391,1.4694041867954912,0.2147074610842727,0.8185721953837896
119,31.890767579173378,25.09393451422437,1.737788513150832,10.091250670960816,8.487654320987655,14.586688137412775,5.683038110574342,1.3955984970477724,0.2147074610842727,0.8185721953837896
120,32.17257112184648,25.0402576489533,1.737788513150832,9.950348899624261,8.487654320987655,14.546430488459475,5.636070853462158,1.3955984970477724,0.2147074610842727,0.8185721953837896
121,32.387278582930755,24.9194847020934,1.9256575415995705,9.950348899624261,8.36688137412775,14.378690284487385,5.642780461621041,1.3955984970477724,0.2147074610842727,0.8185721953837896
122,32.46779388083736,24.785292538915726,1.9256575415995705,9.950348899624261,8.433977455716587,14.36527106816962,5.642780461621041,1.3955984970477724,0.2147074610842727,0.8185721953837896
123,32.87707997852925,24.50348899624262,2.200751476113795,9.950348899624261,8.333333333333334,14.257917337627482,5.58239398819109,1.3821792807300053,0.2147074610842727,0.6977992485238862
124,33.42055823939882,23.49704777241009,3.3816425120772946,9.77589908749329,8.28636607622115,14.150563607085346,5.193236714975845,1.3821792807300053,0.2147074610842727,0.6977992485238862
125,33.641975308641975,23.396403650026837,3.3816425120772946,9.708803005904455,8.272946859903382,14.110305958132045,5.193236714975845,1.3821792807300053,0.2147074610842727,0.6977992485238862
126,34.17874396135266,23.349436392914654,3.374932903918411,9.50751476113795,8.232689210950081,14.016371443907676,5.0791733762748255,1.3821792807300053,0.19457863660762212,0.6843800322061192
127,34.312936124530324,22.779119699409556,3.2742887815351582,9.145195920558239,9.353193773483628,13.808373590982287,5.065754159957058,1.3821792807300053,0.19457863660762212,0.6843800322061192
128,34.15861513687601,22.69189479334407,3.260869565217391,9.131776704240472,9.339774557165862,12.31213097155126,7.024959742351046,1.2010198604401503,0.19457863660762212,0.6843800322061192
129,33.675523349436396,23.47691894793344,3.260869565217391,8.890230810520666,9.27938808373591,12.31213097155126,7.024959742351046,1.2010198604401503,0.19457863660762212,0.6843800322061192
130,33.85668276972625,23.329307568438004,3.260869565217391,8.709071390230811,9.245840042941492,12.245034889962426,6.998121309715513,1.4761137949543746,0.19457863660762212,0.6843800322061192
131,34.35990338164251,23.262211486849168,3.2474503488996245,8.561460010735374,8.997584541062801,12.23161567364466,6.998121309715513,1.4626945786366077,0.19457863660762212,0.6843800322061192
132,34.50751476113795,23.067632850241544,3.1535158346752548,8.548040794417606,9.23913043478261,12.218196457326892,6.9243156199677935,1.4626945786366077,0.19457863660762212,0.6843800322061192
133,35.00402576489533,23.00053676865271,3.099838969404187,8.360171765968868,9.359903381642512,11.855877616747183,7.105475040257649,1.3352120236178207,0.19457863660762212,0.6843800322061192
134,35.50053676865271,22.879763821792807,3.4151905528717124,8.192431561996779,9.25925925925926,11.728395061728396,6.843800322061192,1.3016639828234031,0.19457863660762212,0.6843800322061192
135,35.93666129898014,22.73886205045625,3.4151905528717124,8.044820182501342,9.25925925925926,11.560654857756306,6.736446591519055,1.3016639828234031,0.19457863660762212,0.8118625872249061
136,36.211755233494365,22.57783145464305,3.4151905528717124,8.004562533548041,9.252549651100376,11.560654857756306,6.66935050993022,1.3016639828234031,0.19457863660762212,0.8118625872249061
137,36.43317230273752,22.322866344605476,3.3480944712828773,7.924047235641439,9.71551261406334,11.54723564143854,6.407675791733762,1.3016639828234031,0.19457863660762212,0.8051529790660226
138,35.44685990338164,21.76596886741814,5.401234567901234,7.890499194847021,9.668545356951155,11.748523886205046,5.776972624798712,1.3016639828234031,0.19457863660762212,0.8051529790660226
139,35.279119699409556,21.443907675791735,5.280461621041331,9.534353193773484,9.292807300053678,11.144659151905529,5.723295759527644,1.3016639828234031,0.19457863660762212,0.8051529790660226
140,35.83601717659689,21.081588835212024,5.280461621041331,9.4873859366613,9.292807300053678,11.137949543746645,5.703166935050993,1.1808910359634996,0.19457863660762212,0.8051529790660226
141,36.29898013955985,20.987654320987655,5.260332796564681,9.460547504025765,9.131776704240472,11.057434245840042,5.649490069779925,1.1540526033279657,0.19457863660762212,0.8051529790660226
142,36.533816425120776,20.947396672034355,5.246913580246914,9.31964573268921,9.091519055287172,11.057434245840042,5.649490069779925,1.1540526033279657,0.19457863660762212,0.8051529790660226
143,36.90955448201825,20.531400966183575,5.387815351583468,9.292807300053678,9.037842190016104,11.044015029522276,5.642780461621041,1.1540526033279657,0.19457863660762212,0.8051529790660226
144,37.184648416532475,20.497852925389157,5.360976918947934,9.23913043478261,8.910359634997317,11.023886205045626,5.629361245303274,1.1540526033279657,0.19457863660762212,0.8051529790660226
145,37.3792270531401,20.37037037037037,5.360976918947934,9.23913043478261,8.903650026838433,10.976918947933441,5.615942028985507,1.1540526033279657,0.19457863660762212,0.8051529790660226
146,37.5805152979066,20.061728395061728,5.3341384863123995,9.219001610305957,8.809715512614064,10.976918947933441,5.844068706387547,1.1943102522812667,0.17444981213097155,0.8051529790660226
147,37.486580783682236,19.672571121846484,5.314009661835748,9.333064949006978,8.695652173913043,10.36634460547504,5.615942028985507,1.1943102522812667,0.1274825550187869,2.1940418679549114
148,37.533548040794415,19.55179817498658,5.314009661835748,9.326355340848094,8.695652173913043,10.352925389157273,5.709876543209877,1.1943102522812667,0.1274825550187869,2.1940418679549114
149,37.80864197530864,19.444444444444443,5.300590445517981,9.252549651100376,8.514492753623188,10.25228126677402,5.689747718733226,1.2748255501878691,0.1274825550187869,2.3349436392914655
150,37.92941492216855,19.370638754696724,5.193236714975845,9.245840042941492,8.776167471819646,10.25228126677402,5.387815351583468,1.3821792807300053,0.1274825550187869,2.3349436392914655
151,38.258185721953836,19.249865807836823,5.193236714975845,9.333064949006978,8.695652173913043,10.19189479334407,5.307300053676865,1.3083735909822867,0.1274825550187869,2.3349436392914655
152,38.22463768115942,19.061996779388085,5.193236714975845,9.192163177670425,8.668813741277509,10.61460010735373,5.307300053676865,1.3083735909822867,0.1274825550187869,2.301395598497048
153,38.25147611379496,18.907675791733762,4.643048845947397,9.151905528717123,9.5276435856146,10.61460010735373,5.032206119162641,1.442565754159957,0.1274825550187869,2.301395598497048
154,38.747987117552334,18.887546967257112,4.528985507246377,9.084809447128288,9.346484165324744,10.547504025764896,5.025496511003757,1.402308105206656,0.1274825550187869,2.301395598497048
155,37.98309178743961,18.4849704777241,4.918142780461621,8.675523349436393,9.212292002147075,11.990069779924852,4.931561996779388,1.402308105206656,0.1274825550187869,2.2745571658615136
156,38.27160493827161,18.35077831454643,4.918142780461621,8.36688137412775,9.212292002147075,12.224906065485776,4.931561996779388,1.5365002683843263,0.1274825550187869,2.059849704777241
157,38.506441223832525,18.230005367686527,4.911433172302737,8.36688137412775,9.145195920558239,12.191358024691358,4.924852388620504,1.5365002683843263,0.1274825550187869,2.059849704777241
158,38.94256575415996,18.04213633923779,4.911433172302737,8.266237251744498,9.104938271604938,12.090713902308105,4.918142780461621,1.5365002683843263,0.1274825550187869,2.059849704777241
159,39.55314009661836,18.015297906602253,4.8443370907139025,8.246108427267847,8.950617283950617,11.889425657541599,4.918142780461621,1.5230810520665594,0.11406333870101985,1.9457863660762211
160,40.09661835748792,17.901234567901234,4.643048845947397,8.246108427267847,8.80300590445518,11.81561996779388,4.911433172302737,1.5230810520665594,0.11406333870101985,1.9457863660762211
161,40.82796564680623,17.767042404723565,4.736983360171766,8.527911969940956,8.568169618894256,11.077563070316694,4.911433172302737,1.5230810520665594,0.11406333870101985,1.9457863660762211
162,41.08964036500269,17.632850241545892,4.884594739667204,8.487654320987655,8.521202361782072,10.889694041867955,4.911433172302737,1.5230810520665594,0.11406333870101985,1.9457863660762211
163,41.237251744498124,17.196725711218466,4.99194847020934,8.373590982286634,8.353462157809984,10.721953837895867,5.287171229200215,1.778046162104133,0.11406333870101985,1.9457863660762211
164,41.76060118089104,16.99543746645196,4.891304347826087,8.333333333333334,8.333333333333334,10.567632850241546,5.280461621041331,1.778046162104133,0.11406333870101985,1.9457863660762211
165,41.96188942565754,16.97530864197531,4.851046698872786,8.185721953837897,8.279656468062266,10.520665593129362,5.146269457863661,2.01959205582394,0.11406333870101985,1.9457863660762211
166,42.05582393988191,16.97530864197531,4.851046698872786,8.132045088566828,8.252818035426731,10.520665593129362,5.132850241545894,2.01959205582394,0.11406333870101985,1.9457863660762211
167,42.3845947396672,16.760601180891037,5.072463768115942,8.064949006977992,8.259527643585615,10.326086956521738,5.052334943639291,2.01959205582394,0.11406333870101985,1.9457863660762211
168,42.1430488459474,16.720343531937736,4.810789049919484,7.877079978529254,9.802737520128824,10.238862050456254,5.045625335480408,1.4090177133655395,0.11406333870101985,1.8384326355340848
169,40.9621578099839,16.27079978529254,4.549114331723027,10.540794417606012,9.16532474503489,10.104669887278583,5.045625335480408,1.4090177133655395,0.11406333870101985,1.8384326355340848
170,41.25067096081589,16.089640365002683,4.51556629092861,10.299248523886206,9.131776704240472,10.258990874932904,5.092592592592593,1.4090177133655395,0.11406333870101985,1.8384326355340848
171,41.619699409554485,15.908480944712828,4.367954911433173,10.205314009661835,9.265968867418144,10.178475577026301,5.092592592592593,1.4090177133655395,0.11406333870101985,1.8384326355340848
172,41.257380568974774,15.619967793880837,4.260601180891036,10.050993022007514,10.305958132045088,10.131508319914117,5.01207729468599,1.4090177133655395,0.11406333870101985,1.8384326355340848
173,41.18357487922705,15.391841116478798,4.374664519592056,10.285829307568438,10.158346752549651,10.23215244229737,5.01207729468599,1.4090177133655395,0.11406333870101985,1.8384326355340848
174,41.15002683843264,15.197262479871176,4.690016103059581,10.225442834138486,10.131508319914117,10.23215244229737,5.01207729468599,1.4090177133655395,0.11406333870101985,1.8384326355340848
175,41.700214707461086,14.928878153515834,4.656468062265164,10.218733225979603,10.050993022007514,10.23215244229737,4.931561996779388,1.4090177133655395,0.10735373054213634,1.7646269457863661
176,41.908212560386474,14.707461084272678,4.87788513150832,10.19189479334407,10.02415458937198,10.218733225979603,4.790660225442834,1.4090177133655395,0.10735373054213634,1.7646269457863661
177,42.089371980676326,14.432367149758454,4.87788513150832,9.883252818035427,10.34621578099839,10.178475577026301,4.918142780461621,1.4090177133655395,0.10735373054213634,1.7579173376274826
178,42.47181964573269,14.36527106816962,4.817498658078368,9.836285560923242,10.299248523886206,10.131508319914117,4.804079441760601,1.4090177133655395,0.10735373054213634,1.7579173376274826
179,42.37788513150832,14.36527106816962,4.817498658078368,9.816156736446592,10.44015029522276,10.131508319914117,4.777241009125067,1.4090177133655395,0.10735373054213634,1.7579173376274826
180,42.84755770263017,14.284755770263017,4.663177670424047,9.77589908749329,10.265700483091788,10.111379495437467,4.777241009125067,1.4090177133655395,0.10735373054213634,1.7579173376274826
181,42.99516908212561,13.922436929683306,4.62962962962963,9.762479871175524,10.34621578099839,10.34621578099839,4.723564143853999,1.4090177133655395,0.10735373054213634,1.7579173376274826
182,43.11594202898551,13.88888888888889,4.62962962962963,9.54777241009125,10.326086956521738,10.379763821792807,4.851046698872786,1.4090177133655395,0.10735373054213634,1.7444981213097155
183,42.77375201288245,13.499731615673644,5.58239398819109,9.406870638754697,11.044015029522276,10.272410091250672,4.502147074610843,1.0802469135802468,0.10735373054213634,1.7310789049919484
184,41.6532474503489,12.761674718196458,4.864465915190553,9.406870638754697,10.86285560923242,13.378958668813741,4.1532474503489,1.0802469135802468,0.10735373054213634,1.7310789049919484
185,41.83440687063875,12.714707461084272,4.864465915190553,9.366612989801396,10.86285560923242,13.318572195383789,4.119699409554482,1.0802469135802468,0.10735373054213634,1.7310789049919484
186,42.351046698872786,12.640901771336553,4.824208266237251,9.151905528717123,10.809178743961352,13.318572195383789,4.106280193236715,0.9594739667203436,0.10735373054213634,1.7310789049919484
187,42.51878690284487,12.640901771336553,4.824208266237251,9.017713365539452,10.789049919484702,13.311862587224907,4.0995705850778315,0.9594739667203436,0.10735373054213634,1.7310789049919484
188,42.860976918947934,12.466451959205582,4.891304347826087,8.917069243156199,10.755501878690284,13.298443370907139,4.012345679012346,0.9594739667203436,0.10735373054213634,1.7310789049919484
189,43.03542673107891,12.399355877616747,4.99194847020934,8.809715512614064,10.701825013419215,13.298443370907139,3.9720880300590444,0.9594739667203436,0.10735373054213634,1.724369296833065
190,42.914653784219,12.184648416532475,5.528717122920021,8.80300590445518,10.628019323671497,13.251476113794954,3.898282340311326,0.9594739667203436,0.10735373054213634,1.724369296833065
191,43.31723027375201,11.922973698336017,5.528717122920021,8.628556092324208,10.554213633923778,13.24476650563607,3.898282340311326,1.0735373054213635,0.10735373054213634,1.724369296833065
192,43.646001073537306,11.922973698336017,5.481749865807837,8.541331186258722,10.44015029522276,13.20450885668277,3.8848631239935587,1.0534084809447128,0.10735373054213634,1.7176596886741815
193,43.67954911433172,11.822329575952764,5.374396135265701,8.53462157809984,10.802469135802468,13.157541599570585,3.750670960815888,1.0534084809447128,0.10735373054213634,1.7176596886741815
194,43.84728931830381,11.788781535158346,5.22007514761138,7.709339774557166,10.681696188942565,14.17740203972088,3.750670960815888,1.0332796564680622,0.10735373054213634,1.6841116478797638
195,44.155931293612454,11.721685453569512,5.186527106816962,7.709339774557166,10.567632850241546,14.103596349973161,3.750670960815888,1.0332796564680622,0.10735373054213634,1.6639828234031133
196,43.96135265700483,11.33923778851315,6.099033816425121,7.675791733762749,10.426731078904991,14.06333870101986,3.730542136339238,0.966183574879227,0.10735373054213634,1.6304347826086956
197,43.96135265700483,11.2788513150832,6.1929683306494905,7.675791733762749,10.393183038110575,13.79495437466452,3.9989264626945786,0.966183574879227,0.10735373054213634,1.6304347826086956
198,41.96188942565754,10.641438539989265,8.984165324745035,7.615405260332796,10.144927536231885,13.727858293075684,3.7909286097691894,1.4224369296833066,0.10735373054213634,1.6035963499731616
199,42.15646806226516,10.621309715512615,8.977455716586151,7.716049382716049,10.071121846484166,13.707729468599034,3.616478797638218,1.4224369296833066,0.10735373054213634,1.6035963499731616
200,42.53891572732152,10.601180891035963,8.870101986044014,7.682501341921632,9.977187332259795,13.613794954374665,3.5963499731615673,1.4224369296833066,0.10735373054213634,1.5901771336553945
201,43.20987654320987,10.560923242082662,8.82313472893183,7.635534084809447,9.789318303811058,13.197799248523886,3.5628019323671496,1.4224369296833066,0.10735373054213634,1.6908212560386473
202,43.344068706387546,10.540794417606012,8.709071390230811,7.702630166398282,9.883252818035427,13.077026301663983,3.5225442834138487,1.4224369296833066,0.10735373054213634,1.6908212560386473
203,43.572195383789584,10.406602254428341,8.709071390230811,7.568438003220612,9.836285560923242,13.20450885668277,3.5091250670960816,1.402308105206656,0.10735373054213634,1.6841116478797638
204,43.96806226516372,10.352925389157273,8.494363929146537,7.568438003220612,9.722222222222221,13.311862587224907,3.388352120236178,1.402308105206656,0.10735373054213634,1.6841116478797638
205,37.88244766505636,8.454106280193237,7.555018786902845,15.68035426731079,9.151905528717123,14.942297369833602,3.140096618357488,1.402308105206656,0.10735373054213634,1.6841116478797638
206,28.24074074074074,5.964841653247451,2.214170692431562,12.446323134728932,7.266505636070853,39.432367149758456,2.1604938271604937,0.8588298443370908,0.10735373054213634,1.3083735909822867
207,28.549382716049383,5.9447128287707995,2.214170692431562,12.338969404186795,7.25979602791197,39.18411164787977,2.1604938271604937,0.8185721953837896,0.06038647342995169,1.4694041867954912
208,28.85131508319914,5.938003220611916,2.214170692431562,12.305421363392378,7.192699946323135,38.989533011272144,2.1604938271604937,0.8185721953837896,0.06038647342995169,1.4694041867954912
209,29.05931293612453,5.870907139023081,2.3215244229736984,12.23161567364466,7.1725711218464845,38.808373590982285,2.1604938271604937,0.9728931830381106,0.06038647342995169,1.3419216317767042
210,29.09286097691895,5.837359098228664,2.2879763821792807,12.224906065485776,7.1725711218464845,38.90230810520666,2.13365539452496,0.9460547504025765,0.06038647342995169,1.3419216317767042
211,29.11969940955448,5.837359098228664,2.2879763821792807,12.097423510466989,7.105475040257649,38.55340848094471,2.5496511003757383,1.0466988727858293,0.06038647342995169,1.3419216317767042
212,29.401502952227588,5.783682232957595,2.2879763821792807,11.996779388083736,7.03166935050993,38.51315083199141,2.5496511003757383,1.0332796564680622,0.06038647342995169,1.3419216317767042
213,29.622920021470748,5.776972624798712,2.2879763821792807,11.996779388083736,7.024959742351046,38.30515297906602,2.5496511003757383,1.0332796564680622,0.06038647342995169,1.3419216317767042
214,29.864465915190554,5.743424584004294,2.2879763821792807,11.822329575952764,7.024959742351046,38.09044551798175,2.5496511003757383,1.2144390767579174,0.06038647342995169,1.3419216317767042
215,30.267042404723565,5.562265163714439,2.2208803005904456,11.98336017176597,6.910896403650026,37.66774020397209,2.5496511003757383,1.1607622114868492,0.06038647342995169,1.6170155662909287
216,30.897745571658614,5.441492216854535,2.214170692431562,11.654589371980677,7.326892109500805,36.9699409554482,2.5496511003757383,1.3888888888888888,0.06038647342995169,1.4962426194310252
217,31.561996779388085,5.381105743424584,2.214170692431562,11.60762211486849,7.326892109500805,36.41304347826087,2.5496511003757383,1.3888888888888888,0.06038647342995169,1.4962426194310252
218,31.702898550724637,5.273752012882448,2.3550724637681157,11.506977992485238,7.313472893183038,36.15807836822329,2.475845410628019,1.3888888888888888,0.06038647342995169,1.7646269457863661
219,31.850509930220074,5.199946323134729,2.3550724637681157,11.493558776167472,7.286634460547504,36.14465915190553,2.475845410628019,1.3888888888888888,0.06038647342995169,1.7444981213097155
220,32.1256038647343,5.0858829844337095,2.3550724637681157,11.41304347826087,7.286634460547504,36.06414385399893,2.475845410628019,1.3888888888888888,0.06038647342995169,1.7444981213097155
221,32.038378958668815,5.032206119162641,2.6704240472356413,11.399624261943103,7.246376811594203,35.950080515297905,2.475845410628019,1.3821792807300053,0.06038647342995169,1.7444981213097155
222,32.31347289318304,5.032206119162641,2.6704240472356413,11.345947396672035,7.246376811594203,35.72866344605475,2.475845410628019,1.3821792807300053,0.06038647342995169,1.7444981213097155
223,32.59527643585615,5.032206119162641,2.6301663982823404,11.33923778851315,7.239667203435319,34.97047772410091,2.475845410628019,1.5365002683843263,0.06038647342995169,2.120236178207193
224,32.789855072463766,5.025496511003757,3.1468062265163717,10.735373054213634,7.306763285024155,34.80273752012882,2.475845410628019,1.5365002683843263,0.06038647342995169,2.120236178207193
225,32.447665056360705,4.871175523349437,3.1468062265163717,11.225174449812132,8.024691358024691,34.21900161030596,2.033011272141707,1.5365002683843263,0.06038647342995169,2.4355877616747184
226,32.85024154589372,4.851046698872786,3.140096618357488,11.09098228663446,7.977724100912507,34.03113258185722,2.033011272141707,1.5297906602254427,0.06038647342995169,2.4355877616747184
227,33.011272141706925,4.770531400966184,3.046162104133119,11.077563070316694,7.96430488459474,33.51449275362319,1.8518518518518519,2.4154589371980677,0.06038647342995169,2.2879763821792807
228,32.669082125603865,4.669887278582931,2.952227589908749,12.030327428878154,7.709339774557166,33.353462157809986,1.8518518518518519,2.4154589371980677,0.06038647342995169,2.2879763821792807
229,33.2662372517445,4.62962962962963,2.952227589908749,11.990069779924852,7.709339774557166,33.15888352120236,1.7579173376274826,2.187332259796028,0.06038647342995169,2.2879763821792807
230,33.56816961889426,4.62962962962963,2.9119699409554483,11.855877616747183,7.709339774557166,33.031400966183575,1.7579173376274826,2.187332259796028,0.06038647342995169,2.2879763821792807
231,34.23242082662372,4.62962962962963,2.885131508319914,11.822329575952764,7.675791733762749,32.49463231347289,1.7579173376274826,2.167203435319377,0.06038647342995169,2.2745571658615136
232,34.33977455716586,4.616210413311863,2.885131508319914,11.808910359634996,7.675791733762749,32.25979602791197,1.7579173376274826,2.167203435319377,0.06038647342995169,2.428878153515835
233,30.66290928609769,11.788781535158346,2.885131508319914,10.93666129898014,6.4412238325281805,31.166129898013956,1.5365002683843263,2.167203435319377,0.06038647342995169,2.3550724637681157
234,30.951422436929683,11.75523349436393,2.8784219001610305,10.93666129898014,6.454643048845948,30.97826086956522,1.5365002683843263,2.167203435319377,0.06038647342995169,2.281266774020397
