,45,50,51,54,52,55,57,53,56
0,96.43719806763285,3.5628019323671496,,,,,,,
1,95.20263016639828,4.797369833601718,,,,,,,
2,92.90794417606011,7.092055823939882,,,,,,,
3,80.74342458400429,19.256575415995705,,,,,,,
4,77.20746108427268,20.336822329575952,2.4557165861513686,,,,,,
5,75.43612453032743,22.108158883521202,2.4557165861513686,,,,,,
6,72.60466988727859,24.93961352657005,2.4557165861513686,,,,,,
7,72.65834675254965,24.88593666129898,2.4557165861513686,,,,,,
8,72.7992485238862,24.745034889962426,2.4557165861513686,,,,,,
9,59.21229200214707,38.33199141170156,2.4557165861513686,,,,,,
10,55.662909286097694,42.619431025228124,1.6639828234031133,0.05367686527106817,,,,,
11,51.892109500805155,43.01529790660226,5.038915727321524,0.05367686527106817,,,,,
12,40.304616210413315,54.629629629629626,5.01207729468599,0.05367686527106817,,,,,
13,40.45222758990875,54.48201825013419,5.01207729468599,0.05367686527106817,,,,,
14,40.002683843263554,44.97450348899624,5.01207729468599,0.05367686527106817,9.957058507783145,,,,
15,34.18545356951154,51.207729468599034,4.361245303274289,0.05367686527106817,9.500805152979066,0.6910896403650026,,,
16,34.0378421900161,50.95276435856146,4.361245303274289,0.2281266774020397,9.473966720343531,0.9460547504025765,,,
17,34.10493827160494,50.88566827697262,4.361245303274289,0.2281266774020397,9.473966720343531,0.9460547504025765,,,
18,34.23242082662372,50.81857219538379,4.361245303274289,0.2281266774020397,9.41358024691358,0.9460547504025765,,,
19,34.31964573268921,50.79844337090714,4.361245303274289,0.2281266774020397,9.158615136876007,0.9393451422436929,0.19457863660762212,,
20,20.21604938271605,69.80676328502416,1.6304347826086956,0.2281266774020397,6.984702093397746,0.9393451422436929,0.19457863660762212,,
21,20.263016639828233,69.75979602791197,1.6304347826086956,0.2281266774020397,6.984702093397746,0.9393451422436929,0.19457863660762212,,
22,20.551529790660226,69.47128287707997,1.6304347826086956,0.2281266774020397,6.984702093397746,0.9393451422436929,0.19457863660762212,,
23,19.826892109500804,61.26543209876543,8.319914117015566,1.8048845947396672,7.461084272678476,0.9393451422436929,0.19457863660762212,0.1878690284487386,
24,18.02871712292002,59.25925925925926,10.151637144390767,1.8048845947396672,7.461084272678476,2.9119699409554483,0.19457863660762212,0.1878690284487386,
25,18.10252281266774,58.279656468062264,10.151637144390767,1.8048845947396672,7.4141170155662905,1.596886741814278,0.19457863660762212,2.4557165861513686,
26,18.377616747181964,57.9374664519592,8.950617283950617,1.1473429951690821,8.467525496511003,1.596886741814278,0.19457863660762212,2.6704240472356413,0.6575415995705851
27,18.84728931830381,57.74288781535159,8.769457863660762,1.133923778851315,8.387010198604402,1.596886741814278,0.19457863660762212,2.6704240472356413,0.6575415995705851
28,18.988191089640367,57.60198604401503,8.769457863660762,1.133923778851315,8.387010198604402,1.596886741814278,0.19457863660762212,2.6704240472356413,0.6575415995705851
29,19.048577563070317,57.56172839506173,8.769457863660762,1.133923778851315,8.36688137412775,1.596886741814278,0.19457863660762212,2.6704240472356413,0.6575415995705851
30,12.95625335480408,41.08964036500269,16.009125067096083,0.05367686527106817,28.381642512077295,0.9393451422436929,0.16774020397208803,0.4025764895330113,
31,13.070316693505099,40.98899624261943,16.009125067096083,0.05367686527106817,28.368223295759528,0.9393451422436929,0.16774020397208803,0.4025764895330113,
32,13.258185721953838,40.94873859366613,15.995705850778315,0.05367686527106817,28.23403113258186,0.9393451422436929,0.16774020397208803,0.4025764895330113,
33,12.95625335480408,36.68142780461621,19.00161030595813,0.05367686527106817,27.831454643048847,2.9052603327965647,0.16774020397208803,0.4025764895330113,
34,13.144122383252817,36.540526033279654,18.98148148148148,0.05367686527106817,27.80461621041331,2.9052603327965647,0.16774020397208803,0.4025764895330113,
35,13.318572195383789,36.540526033279654,18.947933440687063,0.05367686527106817,27.66371443907676,2.9052603327965647,0.16774020397208803,0.4025764895330113,
36,13.593666129898015,36.34594739667203,18.766774020397207,0.05367686527106817,27.616747181964573,3.066290928609769,0.16774020397208803,0.38915727321524424,
37,13.45276435856146,36.2788513150832,29.904723564143854,0.05367686527106817,16.431830381105744,3.321256038647343,0.16774020397208803,0.38915727321524424,
38,11.748523886205046,31.843800322061192,36.25872249060655,0.05367686527106817,16.391572732152444,3.1468062265163717,0.16774020397208803,0.38915727321524424,
39,12.177938808373591,31.756575415995705,35.98362855609233,0.05367686527106817,16.324476650563607,3.1468062265163717,0.16774020397208803,0.38915727321524424,
40,12.285292538915728,31.709608158883523,35.95679012345679,0.05367686527106817,16.304347826086957,3.1333870101986045,0.16774020397208803,0.38915727321524424,
41,12.177938808373591,31.0252281266774,35.929951690821255,0.05367686527106817,17.56575415995706,2.690552871712292,0.16774020397208803,0.38915727321524424,
42,12.345679012345679,30.837359098228664,35.78234031132582,0.05367686527106817,17.216854535695116,2.509393451422437,0.16774020397208803,1.0869565217391304,
43,11.66129898013956,27.95222758990875,30.267042404723565,0.05367686527106817,28.18035426731079,1.3016639828234031,0.16774020397208803,0.41599570585077833,
44,11.520397208803006,27.26784755770263,31.226516371443907,0.05367686527106817,28.046162104133117,1.3016639828234031,0.16774020397208803,0.41599570585077833,
45,10.540794417606012,26.704240472356414,32.769726247987116,0.05367686527106817,28.046162104133117,1.3016639828234031,0.16774020397208803,0.41599570585077833,
46,10.581052066559312,26.704240472356414,32.75630703166935,0.05367686527106817,28.019323671497585,1.3016639828234031,0.16774020397208803,0.41599570585077833,
47,10.802469135802468,26.650563607085346,32.21953837895867,0.05367686527106817,27.932098765432098,1.3016639828234031,0.16774020397208803,0.41599570585077833,0.4562533548040794
48,10.876274825550189,26.650563607085346,32.15244229736983,0.05367686527106817,27.925389157273216,1.3016639828234031,0.16774020397208803,0.41599570585077833,0.4562533548040794
49,10.963499731615673,26.556629092860977,32.00483091787439,0.9259259259259259,27.167203435319376,1.3016639828234031,0.16774020397208803,0.3421900161030596,0.5703166935050993
50,11.044015029522276,26.50966183574879,31.910896403650028,0.9259259259259259,27.126945786366075,1.4090177133655395,0.16774020397208803,0.3421900161030596,0.5636070853462157
51,9.802737520128824,23.309178743961354,37.003488996242616,1.0735373054213635,26.187600644122384,1.4090177133655395,0.16774020397208803,0.3421900161030596,0.7045088566827697
52,9.923510466988727,23.11460010735373,36.38620504562534,1.0735373054213635,25.603864734299517,1.4090177133655395,0.16774020397208803,0.3421900161030596,1.9793344068706387
53,10.017444981213098,23.15485775630703,36.28556092324208,1.0735373054213635,25.5703166935051,1.4090177133655395,0.16774020397208803,0.3421900161030596,1.9793344068706387
54,10.265700483091788,23.141438539989263,36.151368760064415,1.0735373054213635,25.469672571121848,1.4090177133655395,0.16774020397208803,0.3421900161030596,1.9793344068706387
55,10.527375201288244,23.040794417606012,36.04401502952228,1.0735373054213635,25.43612453032743,1.4090177133655395,0.16774020397208803,0.3421900161030596,1.9592055823939882
56,10.856146001073537,22.906602254428343,35.91653247450349,1.0735373054213635,25.369028448738593,1.4090177133655395,0.16774020397208803,0.3421900161030596,1.9592055823939882
57,11.017176596886742,22.886473429951693,35.87627482555019,1.0735373054213635,25.268384326355342,1.4090177133655395,0.16774020397208803,0.3421900161030596,1.9592055823939882
58,11.097691894793345,22.497316156736446,34.20558239398819,1.0735373054213635,27.126945786366075,1.5297906602254427,0.16774020397208803,0.3421900161030596,1.9592055823939882
59,11.366076221148685,22.423510466988727,34.12506709608159,1.0735373054213635,27.012882447665056,1.5297906602254427,0.16774020397208803,0.3421900161030596,1.9592055823939882
60,10.668276972624799,20.128824476650564,44.135802469135804,0.14761137949543746,21.027911969940956,1.5499194847020934,0.1610305958132045,0.2214170692431562,1.9592055823939882
61,9.930220075147611,18.270263016639827,47.738862050456255,0.14761137949543746,20.2361782071927,1.3352120236178207,0.1610305958132045,0.2214170692431562,1.9592055823939882
62,10.34621578099839,18.04213633923779,47.56441223832528,0.14761137949543746,19.981213097155127,1.3352120236178207,0.4025764895330113,0.2214170692431562,1.9592055823939882
63,10.487117552334944,18.02871712292002,47.457058507783145,0.14761137949543746,19.961084272678477,1.3352120236178207,0.4025764895330113,0.2214170692431562,1.9592055823939882
64,10.560923242082662,17.941492216854535,47.36983360171766,0.322061191626409,19.961084272678477,1.261406333870102,0.4025764895330113,0.2214170692431562,1.9592055823939882
65,10.628019323671497,17.941492216854535,47.30273752012882,0.322061191626409,19.961084272678477,1.261406333870102,0.4025764895330113,0.2214170692431562,1.9592055823939882
66,10.50053676865271,17.92807300053677,47.98040794417606,0.322061191626409,19.424315619967793,1.261406333870102,0.4025764895330113,0.2214170692431562,1.9592055823939882
67,11.16478797638218,17.807300053676865,47.81266774020397,0.322061191626409,19.048577563070317,1.261406333870102,0.4025764895330113,0.2214170692431562,1.9592055823939882
68,11.211755233494364,17.102791196994094,47.04106280193237,2.314814814814815,18.679549114331724,1.261406333870102,0.4025764895330113,0.2214170692431562,1.7646269457863661
69,11.533816425120772,17.04911433172303,46.89345142243693,2.314814814814815,18.5654857756307,1.2546967257112185,0.4025764895330113,0.2214170692431562,1.7646269457863661
70,11.802200751476114,16.988727858293075,46.725711218464845,2.314814814814815,18.53864734299517,1.2546967257112185,0.4025764895330113,0.2214170692431562,1.751207729468599
71,11.802200751476114,16.908212560386474,45.611916264090176,2.1940418679549114,18.451422436929683,1.2546967257112185,0.4025764895330113,2.49597423510467,0.8789586688137413
72,11.768652710681696,16.908212560386474,42.981749865807835,2.1940418679549114,20.632045088566827,1.2546967257112185,0.4025764895330113,2.49597423510467,1.3620504562533549
73,11.748523886205046,16.881374127750938,41.90150295222759,2.1940418679549114,20.397208803005906,1.2546967257112185,0.4025764895330113,3.8580246913580245,1.3620504562533549
74,12.010198604401502,16.914922168545356,41.666666666666664,2.13365539452496,20.397208803005906,1.2546967257112185,0.4025764895330113,3.8580246913580245,1.3620504562533549
75,10.446859903381643,29.1532474503489,37.915995705850776,2.13365539452496,13.955984970477724,1.2546967257112185,0.4025764895330113,3.8580246913580245,0.8789586688137413
76,10.513955984970478,28.026033279656467,37.855609232420825,3.6097691894793345,13.821792807300053,1.0332796564680622,0.4025764895330113,3.8580246913580245,0.8789586688137413
77,10.581052066559312,27.992485238862052,37.72141706924316,3.6097691894793345,13.821792807300053,1.0332796564680622,0.4025764895330113,3.851315083199141,0.9863123993558777
78,10.903113258185721,27.95222758990875,37.486580783682236,3.5829307568438002,13.821792807300053,1.0332796564680622,0.3824476650563607,3.851315083199141,0.9863123993558777
79,10.963499731615673,27.938808373590984,37.486580783682236,3.569511540526033,13.801663982823403,1.0198604401502953,0.3824476650563607,3.851315083199141,0.9863123993558777
80,10.674986580783683,26.38888888888889,40.80783682232958,3.569511540526033,12.426194310252281,1.0198604401502953,0.3824476650563607,3.851315083199141,0.8789586688137413
81,10.903113258185721,26.32850241545894,40.57971014492754,3.569511540526033,12.399355877616747,1.0198604401502953,0.3824476650563607,3.7775093934514223,1.0399892646269457
82,11.05072463768116,26.281535158346752,40.49248523886205,3.569511540526033,12.399355877616747,1.0198604401502953,0.3824476650563607,3.7640901771336552,1.0399892646269457
83,11.023886205045626,24.993290391841118,40.03623188405797,4.817498658078368,11.996779388083736,1.0399892646269457,0.3824476650563607,4.669887278582931,1.0399892646269457
84,11.352657004830919,24.97987117552335,39.84836285560923,4.817498658078368,11.3191089640365,1.0399892646269457,0.966183574879227,4.636339237788513,1.0399892646269457
85,11.426462694578637,24.93961352657005,39.81481481481482,4.817498658078368,11.3191089640365,1.0399892646269457,0.966183574879227,4.636339237788513,1.0399892646269457
86,11.406333870101985,24.530327428878152,39.50617283950617,4.817498658078368,11.077563070316694,1.0399892646269457,0.966183574879227,5.615942028985507,1.0399892646269457
87,11.513687600644122,24.46323134728932,39.46591519055287,4.817498658078368,11.077563070316694,1.0399892646269457,0.966183574879227,5.615942028985507,1.0399892646269457
88,11.09098228663446,24.46323134728932,40.17042404723564,4.562533548040794,10.547504025764896,1.0399892646269457,0.966183574879227,6.353998926462695,0.8051529790660226
89,11.41304347826087,24.436392914653783,39.99597423510467,4.549114331723027,10.373054213633925,1.0399892646269457,0.966183574879227,6.3070316693505095,0.9192163177670424
90,11.252012882447666,20.02818035426731,39.741009125067094,4.5960815888352125,14.922168545356952,1.0399892646269457,0.966183574879227,6.3070316693505095,1.1473429951690821
91,11.245303274288782,18.927804616210413,39.14385399892646,4.74369296833065,13.94927536231884,1.0399892646269457,0.966183574879227,8.836553945249598,1.1473429951690821
92,11.453301127214171,18.874127750939344,39.09688674181428,4.7168545356951155,13.768115942028986,1.0399892646269457,1.093666129898014,8.809715512614064,1.1473429951690821
93,11.580783682232958,18.853998926462694,39.009661835748794,4.7168545356951155,13.727858293075684,1.0399892646269457,1.093666129898014,8.789586688137414,1.1876006441223832
94,11.681427804616211,18.853998926462694,38.81508319914117,4.7168545356951155,13.714439076757918,1.1473429951690821,1.093666129898014,8.789586688137414,1.1876006441223832
95,11.768652710681696,18.853998926462694,38.727858293075684,4.7168545356951155,13.714439076757918,1.1473429951690821,1.093666129898014,8.789586688137414,1.1876006441223832
96,11.768652710681696,18.833870101986044,37.432903918411164,4.663177670424047,13.674181427804616,2.61003757380569,1.093666129898014,8.776167471819646,1.1473429951690821
97,11.869296833064949,18.80703166935051,37.39264626945786,4.663177670424047,13.6406333870102,2.61003757380569,1.093666129898014,8.776167471819646,1.1473429951690821
98,11.996779388083736,18.80703166935051,37.285292538915726,4.663177670424047,13.620504562533547,2.61003757380569,1.093666129898014,8.776167471819646,1.1473429951690821
99,11.976650563607086,18.80703166935051,36.74852388620504,4.51556629092861,14.130434782608695,2.61003757380569,1.093666129898014,8.776167471819646,1.3419216317767042
100,11.191626409017713,17.941492216854535,43.4447128287708,2.8650026838432634,12.600644122383253,2.61003757380569,1.093666129898014,7.353730542136339,0.8990874932903918
101,11.426462694578637,17.941492216854535,43.33735909822866,2.844873859366613,12.573805689747719,2.61003757380569,1.093666129898014,7.273215244229737,0.8990874932903918
102,11.782071926999464,17.92807300053677,43.12936124530327,2.844873859366613,12.506709608158884,2.61003757380569,1.093666129898014,7.206119162640902,0.8990874932903918
103,11.896135265700483,17.92807300053677,42.17659688674181,2.844873859366613,12.4597423510467,2.61003757380569,1.093666129898014,8.219269994632313,0.7716049382716049
104,11.922973698336017,17.921363392377884,42.0222758990875,2.844873859366613,12.4597423510467,2.61003757380569,1.093666129898014,8.219269994632313,0.9057971014492754
105,12.06387546967257,17.921363392377884,37.915995705850776,2.844873859366613,12.4597423510467,2.61003757380569,1.093666129898014,12.184648416532475,0.9057971014492754
106,12.151100375738057,17.921363392377884,37.848899624261946,2.844873859366613,12.4597423510467,2.61003757380569,1.0735373054213635,12.184648416532475,0.9057971014492754
107,12.338969404186795,17.894524959742352,37.69457863660762,2.8381642512077296,12.4597423510467,2.61003757380569,1.0735373054213635,12.184648416532475,0.9057971014492754
108,11.882716049382717,17.14975845410628,35.69511540526033,2.703972088030059,11.305689747718732,3.784219001610306,0.966183574879227,15.626677402039721,0.8856682769726248
109,11.98336017176597,17.14975845410628,35.628019323671495,2.703972088030059,11.285560923242082,3.784219001610306,0.966183574879227,15.613258185721953,0.8856682769726248
110,12.090713902308105,17.14975845410628,35.59447128287708,2.703972088030059,11.245303274288782,3.750670960815888,0.966183574879227,15.613258185721953,0.8856682769726248
111,12.104133118625873,16.57944176060118,35.581052066559316,3.6902844873859366,10.896403650026839,3.7372517444981215,0.966183574879227,15.559581320450885,0.8856682769726248
112,12.25174449812131,16.57944176060118,35.44685990338164,3.6902844873859366,10.896403650026839,3.7372517444981215,0.966183574879227,15.546162104133119,0.8856682769726248
113,12.419484702093397,16.5727321524423,35.258990874932906,3.6231884057971016,10.876274825550189,3.851315083199141,0.966183574879227,15.546162104133119,0.8856682769726248
114,12.842190016103059,16.532474503488995,35.02415458937198,3.6231884057971016,10.768921095008052,3.844605475040258,0.966183574879227,15.5126140633387,0.8856682769726248
115,13.023349436392914,16.525764895330113,34.74906065485776,3.6231884057971016,10.768921095008052,3.3145464304884595,0.9393451422436929,16.170155662909288,0.8856682769726248
116,13.070316693505099,15.707192699946322,35.72195383789587,3.6231884057971016,10.668276972624799,3.3145464304884595,0.9393451422436929,16.069511540526033,0.8856682769726248
117,13.170960815888352,15.58641975308642,34.01771336553945,3.6231884057971016,11.52710681696189,3.3145464304884595,0.6843800322061192,17.082662372517444,0.9930220075147611
118,13.573537305421363,15.5126140633387,33.82984433709071,3.6231884057971016,11.506977992485238,3.260869565217391,0.6843800322061192,17.062533548040793,0.9460547504025765
119,12.533548040794418,15.03623188405797,35.50053676865271,3.6231884057971016,11.460010735373054,3.1535158346752548,0.6843800322061192,17.062533548040793,0.9460547504025765
120,12.634192163177671,14.821524422973699,35.42002147074611,3.8714439076757916,11.446591519055287,3.1535158346752548,0.6843800322061192,17.062533548040793,0.9057971014492754
121,12.68786902844874,14.673913043478262,35.37976382179281,3.8714439076757916,11.439881910896403,3.307836822329576,0.6843800322061192,17.04911433172303,0.9057971014492754
122,12.72812667740204,14.667203435319378,35.37305421363392,3.844605475040258,11.439881910896403,3.307836822329576,0.6843800322061192,17.04911433172303,0.9057971014492754
123,12.808641975308642,14.660493827160494,35.16505636070853,3.784219001610306,11.439881910896403,3.535963499731616,0.6843800322061192,16.894793344068706,1.0265700483091786
124,12.949543746645196,14.640365002683843,35.11808910359635,3.784219001610306,11.439881910896403,3.535963499731616,0.6843800322061192,16.820987654320987,1.0265700483091786
125,13.291733762748256,14.566559312936125,34.99060654857756,3.784219001610306,11.29898013955985,3.535963499731616,0.6843800322061192,16.820987654320987,1.0265700483091786
126,13.285024154589372,14.53972088030059,34.94363929146538,3.9452495974235107,11.29898013955985,3.455448201825013,0.6843800322061192,16.820987654320987,1.0265700483091786
127,12.889157273215245,14.029790660225443,34.614868491680085,3.9452495974235107,10.856146001073537,3.5091250670960816,0.6843800322061192,18.4447128287708,1.0265700483091786
128,13.20450885668277,13.942565754159958,34.50751476113795,4.106280193236715,10.809178743961352,3.3816425120772946,0.6843800322061192,18.337359098228664,1.0265700483091786
129,13.285024154589372,13.882179280730005,34.43370907139023,4.435050993022007,10.795759527643586,3.3682232957595275,0.6843800322061192,18.089103596349972,1.0265700483091786
130,13.533279656468062,13.882179280730005,34.292807300053674,4.361245303274289,10.775630703166936,3.3682232957595275,0.6843800322061192,18.075684380032207,1.0265700483091786
131,13.707729468599034,13.808373590982287,34.23913043478261,4.341116478797638,10.775630703166936,3.3682232957595275,0.6843800322061192,18.04884594739667,1.0265700483091786
132,13.808373590982287,13.79495437466452,34.17874396135266,4.341116478797638,10.775630703166936,3.3413848631239937,0.6843800322061192,18.04884594739667,1.0265700483091786
133,13.88888888888889,13.7211486849168,34.17874396135266,4.341116478797638,10.775630703166936,3.3413848631239937,0.6843800322061192,18.04213633923779,1.0265700483091786
134,14.036500268384327,13.633923778851315,34.17874396135266,4.327697262479871,11.54723564143854,2.757648953301127,0.6843800322061192,17.807300053676865,1.0265700483091786
135,14.04320987654321,13.580246913580247,33.5077831454643,4.327697262479871,11.54723564143854,3.556092324208266,0.6843800322061192,17.726784755770264,1.0265700483091786
136,14.15727321524423,13.539989264626946,33.5077831454643,4.327697262479871,11.52710681696189,3.556092324208266,0.6843800322061192,17.673107890499196,1.0265700483091786
137,13.962694578636608,12.06387546967257,30.280461621041333,10.997047772410092,11.480139559849706,3.5225442834138487,0.6172839506172839,16.129898013955984,0.9460547504025765
138,14.210950080515298,11.936392914653783,29.810789049919485,11.419753086419753,11.33923778851315,3.488996242619431,0.6172839506172839,16.076221148684915,1.1003757380568975
139,13.39237788513151,11.238593666129898,33.031400966183575,10.990338164251208,11.09098228663446,3.44873859366613,0.6172839506172839,14.949006977992486,1.2412775093934514
140,13.519860440150294,11.211755233494364,32.96430488459474,10.990338164251208,11.064143853998926,3.44873859366613,0.6172839506172839,14.942297369833602,1.2412775093934514
141,13.81508319914117,11.211755233494364,32.82340311325819,10.990338164251208,10.997047772410092,3.435319377348363,0.6172839506172839,14.868491680085883,1.2412775093934514
142,13.627214170692431,11.131239935587761,32.29334406870639,10.990338164251208,11.721685453569512,3.5091250670960816,0.6172839506172839,14.868491680085883,1.2412775093934514
143,13.83521202361782,11.010466988727858,32.2061191626409,10.990338164251208,11.721685453569512,3.5091250670960816,0.6172839506172839,14.868491680085883,1.2412775093934514
144,13.942565754159958,11.010466988727858,32.14573268921095,10.990338164251208,11.708266237251744,3.5091250670960816,0.6172839506172839,14.834943639291465,1.2412775093934514
145,13.996242619431026,10.997047772410092,32.14573268921095,10.990338164251208,11.694847020933977,3.5091250670960816,0.6172839506172839,14.80810520665593,1.2412775093934514
146,14.27133655394525,10.997047772410092,31.93773483628556,10.93666129898014,11.694847020933977,3.5091250670960816,0.6172839506172839,14.794685990338165,1.2412775093934514
147,14.251207729468598,10.929951690821255,31.850509930220074,10.681696188942565,11.594202898550725,3.911701556629093,0.6172839506172839,14.76784755770263,1.3955984970477724
148,14.358561460010735,10.929951690821255,31.83709071390231,10.802469135802468,11.513687600644122,3.7909286097691894,0.6172839506172839,14.754428341384862,1.3955984970477724
149,14.459205582393988,10.909822866344605,31.790123456790123,10.782340311325818,11.513687600644122,3.7909286097691894,0.6172839506172839,14.741009125067096,1.3955984970477724
150,14.620236178207193,10.889694041867955,31.655931293612454,10.782340311325818,11.406333870101985,3.7909286097691894,0.6172839506172839,14.714170692431562,1.5230810520665594
151,14.63365539452496,10.889694041867955,31.642512077294686,10.782340311325818,11.406333870101985,3.7909286097691894,0.6172839506172839,14.714170692431562,1.5230810520665594
152,14.949006977992486,10.856146001073537,31.46135265700483,10.782340311325818,11.33923778851315,3.784219001610306,0.6172839506172839,14.687332259796028,1.5230810520665594
153,15.049651100375739,10.856146001073537,31.313741277509394,10.903113258185721,11.33923778851315,3.784219001610306,0.6172839506172839,14.61352657004831,1.5230810520665594
154,15.170424047235642,10.84272678475577,31.219806763285025,10.903113258185721,11.238593666129898,3.898282340311326,0.6172839506172839,14.586688137412775,1.5230810520665594
155,15.277777777777779,10.809178743961352,31.206387546967257,10.903113258185721,11.211755233494364,3.898282340311326,0.6172839506172839,14.55984970477724,1.5163714439076759
156,15.365002683843263,10.755501878690284,31.186258722490606,10.903113258185721,11.211755233494364,3.898282340311326,0.6172839506172839,14.553140096618357,1.5096618357487923
157,15.479066022544284,10.755501878690284,31.031937734836287,10.889694041867955,11.137949543746645,4.126409017713366,0.6172839506172839,14.452495974235104,1.5096618357487923
158,15.96886741814278,10.587761674718196,30.991680085882983,10.849436392914654,11.137949543746645,4.126409017713366,0.6172839506172839,14.210950080515298,1.5096618357487923
159,16.06280193236715,10.587761674718196,30.9044551798175,10.84272678475577,11.137949543746645,4.126409017713366,0.6172839506172839,14.210950080515298,1.5096618357487923
160,16.25067096081589,10.587761674718196,30.797101449275363,10.72866344605475,11.137949543746645,4.247181964573269,0.6172839506172839,14.143853998926463,1.4895330112721417
161,16.458668813741276,10.57434245840043,30.776972624798713,10.7085346215781,11.11111111111111,4.233762748255502,0.6105743424584005,14.036500268384327,1.4895330112721417
162,16.35131508319914,10.547504025764896,29.87788513150832,11.77536231884058,11.11111111111111,4.233762748255502,0.6105743424584005,14.029790660225443,1.4626945786366077
163,16.404991948470208,10.547504025764896,29.87788513150832,11.77536231884058,11.07085346215781,4.233762748255502,0.6105743424584005,14.016371443907676,1.4626945786366077
164,15.955448201825014,9.265968867418144,36.12453032742888,10.285829307568438,10.628019323671497,4.206924315619967,0.2549651100375738,12.097423510466989,1.1808910359634996
165,16.069511540526033,9.265968867418144,36.12453032742888,10.285829307568438,10.607890499194847,4.186795491143317,0.2549651100375738,12.02361782071927,1.1808910359634996
166,16.17686527106817,9.252549651100376,36.05743424584004,10.285829307568438,10.587761674718196,4.186795491143317,0.2549651100375738,12.016908212560386,1.1808910359634996
167,16.478797638217927,9.232420826623725,35.849436392914654,10.272410091250672,10.57434245840043,4.186795491143317,0.2549651100375738,11.969940955448202,1.1808910359634996
168,16.264090177133657,9.232420826623725,35.44685990338164,10.567632850241546,10.57434245840043,3.784219001610306,0.2549651100375738,12.694578636607622,1.1808910359634996
169,16.445249597423512,9.192163177670425,35.16505636070853,10.534084809447128,10.352925389157273,4.180085882984434,0.2549651100375738,12.694578636607622,1.1808910359634996
170,15.935319377348362,9.192163177670425,33.7962962962963,10.68840579710145,12.5402576489533,4.26731078904992,0.2549651100375738,12.144390767579173,1.1808910359634996
171,16.049382716049383,9.185453569511541,33.20585077831455,10.674986580783683,13.170960815888352,4.17337627482555,0.2549651100375738,12.104133118625873,1.1808910359634996
172,16.129898013955984,9.185453569511541,33.17230273752013,10.674986580783683,13.170960815888352,4.17337627482555,0.2549651100375738,12.070585077831455,1.1674718196457328
173,16.203703703703702,9.185453569511541,33.17230273752013,10.674986580783683,13.170960815888352,4.0995705850778315,0.2549651100375738,12.070585077831455,1.1674718196457328
174,16.431830381105744,9.185453569511541,33.111916264090176,10.641438539989265,13.063607085346217,4.0995705850778315,0.2549651100375738,12.04374664519592,1.1674718196457328
175,16.626409017713364,9.172034353193773,33.08507783145464,10.641438539989265,12.95625335480408,4.0995705850778315,0.2549651100375738,11.996779388083736,1.1674718196457328
176,16.80756843800322,9.118357487922705,33.04482018250134,10.59447128287708,12.95625335480408,4.079441760601181,0.2549651100375738,11.976650563607086,1.1674718196457328
177,16.988727858293075,9.118357487922705,32.82340311325819,10.46027911969941,12.95625335480408,4.253891572732153,0.3824476650563607,11.849168008588299,1.1674718196457328
178,17.002147074610843,9.118357487922705,32.78314546430489,10.68840579710145,12.835480407944177,4.253891572732153,0.3824476650563607,11.768652710681696,1.1674718196457328
179,17.310789049919485,9.091519055287172,32.75630703166935,10.68840579710145,12.801932367149758,4.032474503488996,0.3824476650563607,11.768652710681696,1.1674718196457328
180,17.465110037573805,9.05126140633387,32.64224369296833,10.68840579710145,12.801932367149758,4.032474503488996,0.3824476650563607,11.768652710681696,1.1674718196457328
181,15.72061191626409,7.232957595276436,40.45222758990875,10.513955984970478,11.003757380568974,2.952227589908749,0.14761137949543746,10.82259796027912,1.1540526033279657
182,16.0829307568438,7.1658615136876005,40.22410091250671,10.352925389157273,11.003757380568974,2.952227589908749,0.14761137949543746,10.721953837895867,1.3486312399355878
183,16.203703703703702,7.139023081052066,40.17042404723564,10.352925389157273,10.983628556092324,2.952227589908749,0.14761137949543746,10.701825013419215,1.3486312399355878
184,15.042941492216855,7.112184648416532,48.61782071926999,7.675791733762749,8.769457863660762,2.831454643048846,0.14761137949543746,8.568169618894256,1.2345679012345678
185,15.136876006441224,7.092055823939882,48.611111111111114,7.675791733762749,8.735909822866345,2.831454643048846,0.14761137949543746,8.53462157809984,1.2345679012345678
186,15.24422973698336,7.092055823939882,48.57085346215781,7.675791733762749,8.702361782071927,2.7979066022544283,0.14761137949543746,8.53462157809984,1.2345679012345678
187,15.33816425120773,7.065217391304348,48.50375738056898,7.675791733762749,8.702361782071927,2.7979066022544283,0.14761137949543746,8.53462157809984,1.2345679012345678
188,15.854804079441761,7.065217391304348,48.34272678475577,7.675791733762749,8.601717659688674,2.7979066022544283,0.14761137949543746,8.279656468062266,1.2345679012345678
189,16.009125067096083,7.051798174986581,48.21524422973698,7.675791733762749,8.601717659688674,2.7979066022544283,0.14761137949543746,8.266237251744498,1.2345679012345678
190,15.660225442834138,6.327160493827161,47.38325281803543,7.6623725174449815,10.57434245840043,2.7442297369833604,0.14761137949543746,8.266237251744498,1.2345679012345678
191,15.895061728395062,6.327160493827161,47.148416532474506,7.6623725174449815,10.57434245840043,2.7442297369833604,0.14761137949543746,8.266237251744498,1.2345679012345678
192,15.921900161030596,6.400966183574879,47.054482018250134,7.6623725174449815,10.567632850241546,2.7442297369833604,0.14761137949543746,8.266237251744498,1.2345679012345678
193,16.404991948470208,6.400966183574879,46.69216317767042,7.608695652173913,10.527375201288244,2.737520128824477,0.14761137949543746,8.266237251744498,1.2144390767579174
194,16.586151368760063,6.400966183574879,46.51100375738057,7.608695652173913,10.527375201288244,2.737520128824477,0.14761137949543746,8.266237251744498,1.2144390767579174
195,16.894793344068706,6.353998926462695,46.323134728931834,7.608695652173913,10.50053676865271,2.690552871712292,0.14761137949543746,8.266237251744498,1.2144390767579174
196,17.10950080515298,6.293612453032743,46.2157809983897,7.608695652173913,10.487117552334944,2.690552871712292,0.14761137949543746,8.232689210950081,1.2144390767579174
197,17.344337090713903,6.105743424584004,46.05475040257649,7.575147611379496,10.487117552334944,2.9119699409554483,0.14761137949543746,8.158883521202362,1.2144390767579174
198,17.498658078368223,6.031937734836285,45.491143317230275,7.568438003220612,10.976918947933441,2.9119699409554483,0.14761137949543746,8.158883521202362,1.2144390767579174
199,17.58588298443371,6.031937734836285,45.450885668276975,7.568438003220612,10.976918947933441,2.9119699409554483,0.14761137949543746,8.111916264090176,1.2144390767579174
200,15.22410091250671,5.978260869565218,51.939076757917334,7.27992485238862,10.48040794417606,2.6972624798711755,0.14090177133655393,5.173107890499195,1.0869565217391304
201,15.385131508319914,5.978260869565218,51.731078904991946,7.27992485238862,10.473698336017177,2.6972624798711755,0.14090177133655393,5.226784755770263,1.0869565217391304
202,15.53274288781535,5.978260869565218,51.66398282340311,7.266505636070853,10.426731078904991,2.6838432635534084,0.14090177133655393,5.22007514761138,1.0869565217391304
203,15.619967793880837,5.964841653247451,51.610305958132045,7.266505636070853,10.406602254428341,2.6838432635534084,0.14090177133655393,5.22007514761138,1.0869565217391304
204,15.76086956521739,5.964841653247451,51.49624261943102,7.266505636070853,10.399892646269459,2.6838432635534084,0.14090177133655393,5.199946323134729,1.0869565217391304
205,15.881642512077295,5.964841653247451,51.469404186795494,7.206119162640902,10.36634460547504,2.6838432635534084,0.14090177133655393,5.199946323134729,1.0869565217391304
206,16.06280193236715,5.964841653247451,51.31508319914117,7.206119162640902,10.339506172839506,2.6838432635534084,0.14090177133655393,5.199946323134729,1.0869565217391304
207,16.129898013955984,5.964841653247451,51.288244766505635,7.206119162640902,10.299248523886206,2.6838432635534084,0.14090177133655393,5.199946323134729,1.0869565217391304
208,16.10305958132045,5.964841653247451,51.14734299516908,7.5281803542673105,10.299248523886206,2.6838432635534084,0.14090177133655393,5.059044551798175,1.0735373054213635
209,16.411701556629094,5.931293612453032,50.905797101449274,7.5281803542673105,10.265700483091788,2.6838432635534084,0.14090177133655393,5.059044551798175,1.0735373054213635
210,16.525764895330113,5.917874396135265,50.85882984433709,7.48792270531401,10.265700483091788,2.6704240472356413,0.14090177133655393,5.059044551798175,1.0735373054213635
211,16.512345679012345,5.917874396135265,50.84541062801932,7.48792270531401,10.198604401502953,2.6502952227589907,0.14090177133655393,5.173107890499195,1.0735373054213635
212,16.680085882984432,5.897745571658615,50.42941492216855,7.434245840042942,10.198604401502953,2.6502952227589907,0.14090177133655393,5.173107890499195,1.3955984970477724
213,16.948470209339774,5.897745571658615,50.20799785292539,7.4208266237251745,10.165056360708535,2.6502952227589907,0.14090177133655393,5.173107890499195,1.3955984970477724
214,17.2638217928073,5.8239398819108965,50.02012882447665,7.4208266237251745,10.11808910359635,2.6435856146001075,0.14090177133655393,5.173107890499195,1.3955984970477724
215,17.297369833601717,5.8239398819108965,49.986580783682236,7.4208266237251745,10.11808910359635,2.6435856146001075,0.14090177133655393,5.173107890499195,1.3955984970477724
216,17.384594739667204,5.8239398819108965,49.90606548577563,7.4208266237251745,10.111379495437467,2.6435856146001075,0.14090177133655393,5.173107890499195,1.3955984970477724
217,17.102791196994094,5.515297906602254,48.23537305421363,6.9310252281266775,11.869296833064949,2.6435856146001075,0.14090177133655393,6.166129898013956,1.3955984970477724
218,17.19001610305958,5.515297906602254,47.89318303811057,6.9310252281266775,11.855877616747183,2.6435856146001075,0.14090177133655393,6.152710681696189,1.6774020397208802
219,17.2638217928073,5.501878690284487,47.738862050456255,7.092055823939882,11.708266237251744,2.6435856146001075,0.14090177133655393,6.152710681696189,1.7579173376274826
220,17.424852388620504,5.501878690284487,47.658346752549654,7.092055823939882,11.641170155662909,2.6435856146001075,0.14090177133655393,6.139291465378422,1.7579173376274826
221,17.793880837359097,5.488459473966721,47.43022007514761,6.951154052603328,11.480139559849706,2.6435856146001075,0.3153515834675255,6.139291465378422,1.7579173376274826
222,17.840848094471284,5.488459473966721,47.396672034353195,6.951154052603328,11.466720343531938,2.6435856146001075,0.3153515834675255,6.139291465378422,1.7579173376274826
223,17.887815351583466,5.488459473966721,47.24235104669887,6.951154052603328,11.466720343531938,2.6435856146001075,0.3153515834675255,6.139291465378422,1.865271068169619
224,18.08239398819109,5.46833064949007,47.054482018250134,6.951154052603328,11.399624261943103,2.7777777777777777,0.3153515834675255,5.991680085882985,1.9592055823939882
225,18.115942028985508,5.46833064949007,47.02093397745572,6.951154052603328,11.399624261943103,2.7777777777777777,0.3153515834675255,5.991680085882985,1.9592055823939882
226,18.16290928609769,5.46833064949007,46.9068706387547,7.058507783145465,11.386205045625335,2.7777777777777777,0.3153515834675255,5.991680085882985,1.932367149758454
227,18.16290928609769,5.4549114331723025,46.812936124530324,7.206119162640902,11.345947396672035,2.7777777777777777,0.3153515834675255,5.991680085882985,1.932367149758454
228,18.344068706387546,5.401234567901234,46.745840042941495,7.185990338164252,11.305689747718732,2.7777777777777777,0.3153515834675255,5.991680085882985,1.932367149758454
229,18.753354804079443,5.401234567901234,46.55797101449275,7.071926999463232,11.305689747718732,2.7777777777777777,0.3153515834675255,5.924584004294149,1.892109500805153
230,18.80703166935051,5.401234567901234,46.53113258185722,7.0450885668276975,11.305689747718732,2.7777777777777777,0.3153515834675255,5.924584004294149,1.892109500805153
231,18.82716049382716,5.401234567901234,46.47074610842727,7.0450885668276975,11.272141706924316,2.871712292002147,0.3153515834675255,5.904455179817498,1.892109500805153
232,18.773483628556093,5.394524959742351,45.62533548040794,7.03166935050993,11.225174449812132,3.851315083199141,0.3153515834675255,5.904455179817498,1.8786902844873858
233,18.88083735909823,5.381105743424584,45.551529790660226,7.03166935050993,11.218464841653248,3.8378958668813743,0.3153515834675255,5.904455179817498,1.8786902844873858
234,19.14922168545357,5.381105743424584,45.330112721417066,7.018250134192163,11.18491680085883,3.8378958668813743,0.3153515834675255,5.904455179817498,1.8786902844873858
235,19.243156199677937,5.381105743424584,45.249597423510465,7.004830917874396,11.18491680085883,3.8378958668813743,0.3153515834675255,5.904455179817498,1.8786902844873858
236,19.35721953837896,5.381105743424584,45.21604938271605,6.977992485238862,11.158078368223295,3.8378958668813743,0.3153515834675255,5.904455179817498,1.8518518518518519
237,19.37734836285561,5.381105743424584,45.18250134192163,6.964573268921095,11.158078368223295,4.032474503488996,0.3153515834675255,5.736714975845411,1.8518518518518519
238,19.424315619967793,5.381105743424584,45.16237251744498,6.964573268921095,11.05072463768116,4.133118625872249,0.3153515834675255,5.71658615136876,1.8518518518518519
239,19.57192699946323,5.374396135265701,45.14224369296833,6.964573268921095,10.929951690821255,4.133118625872249,0.3153515834675255,5.71658615136876,1.8518518518518519
240,19.685990338164252,5.374396135265701,45.05501878690284,6.964573268921095,10.909822866344605,4.133118625872249,0.3153515834675255,5.71658615136876,1.8451422436929683
241,19.712828770799785,5.374396135265701,44.59205582393988,7.011540526033279,10.909822866344605,4.133118625872249,0.3153515834675255,5.71658615136876,2.2342995169082127
242,20.02818035426731,5.273752012882448,44.276704240472355,7.011540526033279,10.896403650026839,4.133118625872249,0.3153515834675255,5.6964573268921095,2.368491680085883
243,20.209339774557165,5.273752012882448,44.155931293612454,6.998121309715513,10.896403650026839,4.126409017713366,0.3153515834675255,5.669618894256575,2.3550724637681157
244,20.283145464304884,5.253623188405797,44.12909286097692,6.998121309715513,10.896403650026839,4.1129898013955986,0.3153515834675255,5.656199677938808,2.3550724637681157
245,20.538110574342458,5.253623188405797,43.927804616210416,6.998121309715513,10.869565217391305,4.1129898013955986,0.3153515834675255,5.656199677938808,2.328234031132582
