,45,50,51,55,52,53,54,57,58,56,59,60
0,100.0,,,,,,,,,,,
1,97.80595813204509,2.1940418679549114,,,,,,,,,,
2,97.69860440150295,2.301395598497048,,,,,,,,,,
3,94.35721953837896,5.642780461621041,,,,,,,,,,
4,46.242619431025226,53.757380568974774,,,,,,,,,,
5,46.12855609232421,53.87144390767579,,,,,,,,,,
6,44.437734836285564,55.562265163714436,,,,,,,,,,
7,37.936124530327426,50.82528180354267,7.689210950080516,3.549382716049383,,,,,,,,
8,36.48684916800859,51.972624798711756,7.635534084809447,3.69699409554482,0.20799785292538917,,,,,,,
9,34.70880300590446,53.32125603864734,7.635534084809447,3.978797638217928,0.08722490606548577,0.2683843263553409,,,,,,
10,34.76247987117552,48.13472893183038,7.568438003220612,7.474503488996243,0.08722490606548577,0.2683843263553409,1.7042404723564144,,,,,
11,34.20558239398819,45.8467525496511,7.568438003220612,8.293075684380032,0.08722490606548577,2.2946859903381642,1.7042404723564144,,,,,
12,33.051529790660226,43.61916264090177,9.172034353193773,8.433977455716587,0.08722490606548577,2.1403650026838434,3.3682232957595275,0.1274825550187869,,,,
13,30.48845947396672,44.296833064949006,9.172034353193773,8.474235104669887,0.08722490606548577,2.1403650026838434,5.213365539452496,0.1274825550187869,,,,
14,30.669618894256576,43.022007514761135,8.99087493290392,9.39345142243693,0.08722490606548577,2.1403650026838434,5.5689747718733225,0.1274825550187869,,,,
15,30.750134192163177,42.7536231884058,9.158615136876007,9.41358024691358,0.08722490606548577,2.1403650026838434,5.5689747718733225,0.1274825550187869,,,,
16,30.844068706387546,42.639559849704774,9.158615136876007,9.433709071390231,0.08722490606548577,2.1403650026838434,5.5689747718733225,0.1274825550187869,,,,
17,18.719806763285025,63.27831454643049,0.9326355340848095,9.433709071390231,0.08722490606548577,2.1403650026838434,5.280461621041331,0.1274825550187869,,,,
18,19.00161030595813,62.59393451422437,0.9326355340848095,9.849704777241008,0.08722490606548577,2.1269457863660763,5.280461621041331,0.1274825550187869,,,,
19,19.296833064949006,60.39989264626946,0.9326355340848095,9.75577026301664,0.3824476650563607,4.1129898013955986,4.99194847020934,0.1274825550187869,,,,
20,18.38432635534085,61.34594739667203,0.9326355340848095,9.836285560923242,0.3824476650563607,4.0995705850778315,4.891304347826087,0.1274825550187869,,,,
21,18.753354804079443,58.74932903918411,0.9326355340848095,12.084004294149223,0.3824476650563607,4.079441760601181,4.891304347826087,0.1274825550187869,,,,
22,19.135802469135804,58.09849704777241,0.9326355340848095,12.426194310252281,0.3824476650563607,4.005636070853462,4.891304347826087,0.1274825550187869,,,,
23,19.296833064949006,57.50134192163178,0.9326355340848095,12.345679012345679,0.3824476650563607,5.0791733762748255,4.334406870638754,0.1274825550187869,,,,
24,19.6256038647343,53.84460547504026,0.9326355340848095,12.332259796027913,0.3757380568974772,5.0791733762748255,7.682501341921632,0.1274825550187869,,,,
25,19.94766505636071,53.26086956521739,0.9192163177670424,12.513419216317766,0.46296296296296297,5.0791733762748255,7.689210950080516,0.1274825550187869,,,,
26,19.961084272678477,51.0601180891036,0.8722490606548577,11.580783682232958,0.46296296296296297,8.313204508856682,7.62211486849168,0.1274825550187869,,,,
27,20.283145464304884,50.85882984433709,0.8722490606548577,11.406333870101985,0.46296296296296297,8.279656468062266,7.709339774557166,0.1274825550187869,,,,
28,20.69243156199678,50.006709608158886,0.8722490606548577,11.889425657541599,0.46296296296296297,8.252818035426731,7.695920558239399,0.1274825550187869,,,,
29,20.88030059044552,49.63768115942029,0.8722490606548577,12.084004294149223,0.46296296296296297,8.239398819108963,7.561728395061729,0.2616747181964573,,,,
30,21.068169618894256,49.5504562533548,0.8588298443370908,11.990069779924852,0.46296296296296297,8.239398819108963,7.568438003220612,0.2616747181964573,,,,
31,17.773752012882447,50.50322061191626,0.7917337627482555,11.386205045625335,0.43612453032742887,11.137949543746645,7.709339774557166,0.2616747181964573,,,,
32,18.35077831454643,49.745034889962426,0.7917337627482555,11.56736446591519,0.43612453032742887,11.017176596886742,7.709339774557166,0.2616747181964573,0.12077294685990338,,,
33,18.632581857219538,49.47665056360709,0.7917337627482555,11.641170155662909,0.43612453032742887,10.95679012345679,7.709339774557166,0.23483628556092323,0.12077294685990338,,,
34,18.719806763285025,48.590982286634464,0.7917337627482555,12.04374664519592,0.43612453032742887,10.82259796027912,7.689210950080516,0.23483628556092323,0.2549651100375738,0.41599570585077833,,
35,18.80703166935051,46.31642512077295,0.95276435856146,12.030327428878154,0.43612453032742887,12.775093934514224,7.776435856146001,0.23483628556092323,0.2549651100375738,0.41599570585077833,,
36,18.57890499194847,45.900429414922165,0.95276435856146,12.030327428878154,0.4227053140096618,13.47289318303811,7.776435856146001,0.23483628556092323,0.2147074610842727,0.41599570585077833,,
37,18.780193236714975,45.370370370370374,0.8387010198604401,10.57434245840043,0.4227053140096618,15.26435856146001,7.971014492753623,0.23483628556092323,0.2147074610842727,0.32877079978529256,,
38,18.760064412238325,45.57836822329576,0.8387010198604401,10.534084809447128,0.4227053140096618,15.116747181964573,7.971014492753623,0.23483628556092323,0.2147074610842727,0.32877079978529256,,
39,18.189747718733226,43.77348362855609,3.374932903918411,10.527375201288244,0.4227053140096618,14.989264626945786,7.944176060118089,0.23483628556092323,0.2147074610842727,0.32877079978529256,,
40,18.317230273752013,43.364197530864196,3.374932903918411,10.567632850241546,0.49651100375738055,14.861782071927,8.07836822329576,0.23483628556092323,0.3757380568974772,0.32877079978529256,,
41,19.0955448201825,43.001878690284485,3.260869565217391,10.554213633923778,0.49651100375738055,14.63365539452496,8.017981749865807,0.23483628556092323,0.3757380568974772,0.32877079978529256,,
42,18.988191089640367,42.8341384863124,3.260869565217391,10.124798711755233,2.4825550187869028,14.398819108964037,6.971282877079979,0.23483628556092323,0.3757380568974772,0.32877079978529256,,
43,18.9747718733226,41.0426731078905,3.260869565217391,9.73564143853999,2.462426194310252,14.345142243692969,9.252549651100376,0.2214170692431562,0.3757380568974772,0.32877079978529256,,
44,19.0955448201825,40.86822329575953,3.2541599570585076,9.73564143853999,2.462426194310252,14.345142243692969,9.312936124530328,0.2214170692431562,0.3757380568974772,0.32877079978529256,,
45,19.404186795491142,40.02952227589909,3.2541599570585076,10.151637144390767,2.462426194310252,15.042941492216855,8.635265700483092,0.36902844873859364,0.3757380568974772,0.27509393451422437,,
46,19.612184648416534,39.62023617820719,3.2340311325818574,10.111379495437467,3.099838969404187,14.922168545356952,8.387010198604402,0.36902844873859364,0.36902844873859364,0.27509393451422437,,
47,19.826892109500804,38.801663982823406,3.2340311325818574,10.46027911969941,3.0864197530864197,14.78797638217928,8.675523349436393,0.36902844873859364,0.36902844873859364,0.27509393451422437,0.11406333870101985,
48,20.1959205582394,37.3389694041868,3.2206119162640903,11.735104669887278,3.0864197530864197,14.63365539452496,8.662104133118627,0.36902844873859364,0.36902844873859364,0.27509393451422437,0.11406333870101985,
49,20.719269994632313,37.03032742887815,3.0730005367686526,11.694847020933977,2.918679549114332,14.546430488459475,8.635265700483092,0.36902844873859364,0.4562533548040794,0.4428341384863124,0.11406333870101985,
50,19.96779388083736,35.02415458937198,3.502415458937198,10.970209339774557,5.072463768115942,13.009930220075148,11.003757380568974,0.4562533548040794,0.4562533548040794,0.4428341384863124,0.0939345142243693,
51,20.48443370907139,34.74906065485776,3.2541599570585076,11.137949543746645,5.072463768115942,12.714707461084272,11.252012882447666,0.43612453032742887,0.36231884057971014,0.4428341384863124,0.0939345142243693,
52,20.50456253354804,34.4068706387547,3.3682232957595275,11.137949543746645,5.052334943639291,12.828770799785293,11.366076221148685,0.43612453032742887,0.36231884057971014,0.4428341384863124,0.0939345142243693,
53,20.679012345679013,34.15861513687601,3.0595813204508855,10.88298443370907,5.548845947396672,12.694578636607622,11.728395061728396,0.3488996242619431,0.36231884057971014,0.4428341384863124,0.0939345142243693,
54,20.242887815351583,35.037573805689746,3.0193236714975846,10.554213633923778,5.481749865807837,12.68786902844874,11.728395061728396,0.3488996242619431,0.36231884057971014,0.4428341384863124,0.0939345142243693,
55,20.417337627482556,34.47396672034353,3.0193236714975846,10.238862050456254,5.4549114331723025,12.587224906065487,12.741545893719806,0.3488996242619431,0.36231884057971014,0.2616747181964573,0.0939345142243693,
56,20.699141170155663,34.16532474503489,3.0193236714975846,10.171765968867419,5.4549114331723025,12.352388620504563,13.070316693505099,0.3488996242619431,0.36231884057971014,0.2616747181964573,0.0939345142243693,
57,20.45088566827697,32.971014492753625,5.159688674181428,9.802737520128824,5.421363392377885,12.278582930756844,12.848899624261943,0.3488996242619431,0.36231884057971014,0.2616747181964573,0.0939345142243693,
58,20.699141170155663,31.93102522812668,3.556092324208266,9.380032206119163,7.924047235641439,12.365807836822329,13.077026301663983,0.3488996242619431,0.36231884057971014,0.2616747181964573,0.0939345142243693,
59,21.531132581857218,31.568706387546968,3.4822866344605474,9.312936124530328,7.7898550724637685,12.305421363392378,12.942834138486312,0.3488996242619431,0.36231884057971014,0.2616747181964573,0.0939345142243693,
60,12.157809983896941,53.56951154052604,3.099838969404187,6.333870101986044,8.78287707997853,9.96376811594203,5.152979066022544,0.10735373054213634,0.36231884057971014,0.4092860976918948,0.06038647342995169,
61,12.526838432635534,52.97906602254428,3.099838969404187,6.6827697262479875,8.78287707997853,9.903381642512077,5.119431025228127,0.10064412238325282,0.33548040794417605,0.4092860976918948,0.06038647342995169,
62,13.056897477187333,52.42887815351583,3.026033279656468,6.6760601180891035,8.84326355340848,9.863123993558776,5.10601180891036,0.10064412238325282,0.33548040794417605,0.5032206119162641,0.06038647342995169,
63,13.345410628019323,51.64385399892646,3.026033279656468,6.904186795491143,8.816425120772946,10.359634997316157,4.575952764358561,0.3153515834675255,0.33548040794417605,0.6172839506172839,0.06038647342995169,
64,13.446054750402576,49.61755233494364,3.026033279656468,8.816425120772946,8.796296296296296,10.292538915727322,4.562533548040794,0.3153515834675255,0.4495437466451959,0.6172839506172839,0.06038647342995169,
65,13.808373590982287,48.83252818035427,3.026033279656468,9.400161030595813,8.789586688137414,10.144927536231885,4.562533548040794,0.3153515834675255,0.4428341384863124,0.6172839506172839,0.06038647342995169,
66,14.049919484702093,48.25550187869028,2.918679549114332,9.842995169082126,8.756038647342995,10.091250670960816,4.696725711218465,0.3153515834675255,0.4428341384863124,0.5703166935050993,0.06038647342995169,
67,14.304884594739667,48.03408480944713,2.918679549114332,9.802737520128824,8.890230810520666,9.923510466988727,4.62962962962963,0.3153515834675255,0.5501878690284487,0.5703166935050993,0.06038647342995169,
68,14.55984970477724,47.36312399355877,2.918679549114332,10.238862050456254,8.890230810520666,9.923510466988727,4.609500805152979,0.3153515834675255,0.5501878690284487,0.5703166935050993,0.06038647342995169,
69,14.546430488459475,43.69967793880837,2.918679549114332,10.426731078904991,8.890230810520666,10.272410091250672,7.628824476650563,0.3153515834675255,0.5501878690284487,0.5703166935050993,0.18115942028985507,
70,14.821524422973699,43.27026301663983,2.9119699409554483,10.292538915727322,8.68894256575416,10.124798711755233,7.689210950080516,0.4562533548040794,0.5501878690284487,1.0131508319914118,0.18115942028985507,
71,14.969135802469136,43.17632850241546,4.320987654320987,10.238862050456254,7.763016639828234,9.708803005904455,7.6623725174449815,0.4562533548040794,0.5099302200751477,1.0131508319914118,0.18115942028985507,
72,15.03623188405797,42.82071926999463,4.320987654320987,10.144927536231885,7.50805152979066,10.782340311325818,7.64224369296833,0.4562533548040794,0.4092860976918948,0.6977992485238862,0.18115942028985507,
73,15.385131508319914,42.51207729468599,4.300858829844337,10.238862050456254,7.50805152979066,10.695115405260333,7.64224369296833,0.4562533548040794,0.4092860976918948,0.6709608158883521,0.18115942028985507,
74,15.559581320450885,42.3845947396672,4.186795491143317,10.36634460547504,7.481213097155126,10.68840579710145,7.548309178743962,0.4495437466451959,0.4092860976918948,0.6709608158883521,0.2549651100375738,
75,15.774288781535159,40.83467525496511,4.186795491143317,12.030327428878154,7.313472893183038,10.7085346215781,7.380568974771873,0.4495437466451959,0.4092860976918948,0.6575415995705851,0.2549651100375738,
76,15.888352120236178,40.54616210413312,4.180085882984434,12.245034889962426,7.313472893183038,10.681696188942565,7.37385936661299,0.4495437466451959,0.4092860976918948,0.6575415995705851,0.2549651100375738,
77,16.035963499731615,39.861782071927,4.03918411164788,12.06387546967257,7.313472893183038,10.601180891035963,8.266237251744498,0.4227053140096618,0.4092860976918948,0.7313472893183038,0.2549651100375738,
78,16.049382716049383,39.61352657004831,4.019055287171229,12.29200214707461,7.313472893183038,10.547504025764896,8.467525496511003,0.4227053140096618,0.30193236714975846,0.7179280730005367,0.2549651100375738,
79,16.55931293612453,39.28475577026302,3.978797638217928,12.211486849168008,7.300053676865271,10.527375201288244,8.440687063875469,0.4227053140096618,0.30193236714975846,0.7179280730005367,0.2549651100375738,
80,17.01556629092861,37.124261943102525,3.978797638217928,13.707729468599034,7.152442297369833,10.695115405260333,8.628556092324208,0.4227053140096618,0.30193236714975846,0.7179280730005367,0.2549651100375738,
81,17.05582393988191,35.25228126677402,3.978797638217928,15.116747181964573,7.152442297369833,10.587761674718196,9.158615136876007,0.4227053140096618,0.30193236714975846,0.7179280730005367,0.2549651100375738,
82,16.914922168545356,31.729736983360173,3.978797638217928,15.546162104133119,7.105475040257649,10.560923242082662,12.466451959205582,0.4227053140096618,0.30193236714975846,0.7179280730005367,0.2549651100375738,
83,17.216854535695116,31.622383252818036,3.978797638217928,15.237520128824476,6.823671497584541,10.889694041867955,12.204777241009126,0.4227053140096618,0.30193236714975846,0.8387010198604401,0.46296296296296297,
84,17.310789049919485,31.54186795491143,3.978797638217928,15.157004830917874,6.823671497584541,10.929951690821255,12.117552334943639,0.4227053140096618,0.30193236714975846,0.8387010198604401,0.5770263016639828,
85,15.398550724637682,28.871443907675793,13.45276435856146,14.640365002683843,4.64975845410628,9.07139023081052,11.963231347289318,0.35560923242082665,0.17444981213097155,0.8454106280193237,0.5770263016639828,
86,15.60654857756307,28.83118625872249,13.439345142243694,14.640365002683843,4.575952764358561,8.984165324745035,11.822329575952764,0.35560923242082665,0.17444981213097155,0.9997316156736447,0.5703166935050993,
87,16.190284487385938,28.589640365002683,13.385668276972625,14.533011272141707,4.502147074610843,8.896940418679549,11.822329575952764,0.35560923242082665,0.17444981213097155,0.9796027911969941,0.5703166935050993,
88,15.861513687600644,26.596886741814277,12.674449812130971,14.298174986580785,6.199677938808374,8.333333333333334,14.023081052066559,0.35560923242082665,0.17444981213097155,0.9728931830381106,0.5099302200751477,
89,16.076221148684915,25.89908749329039,12.734836285560924,14.949006977992486,6.038647342995169,8.272946859903382,14.023081052066559,0.35560923242082665,0.17444981213097155,0.966183574879227,0.5099302200751477,
90,16.358024691358025,25.81857219538379,12.70799785292539,14.928878153515834,5.931293612453032,8.272946859903382,14.002952227589908,0.32877079978529256,0.17444981213097155,0.966183574879227,0.5099302200751477,
91,16.431830381105744,24.966451959205582,12.359098228663447,15.479066022544284,5.931293612453032,8.246108427267847,14.31159420289855,0.32877079978529256,0.17444981213097155,1.261406333870102,0.5099302200751477,
92,16.914922168545356,24.745034889962426,12.305421363392378,15.418679549114332,5.931293612453032,8.219269994632313,14.204240472356414,0.32877079978529256,0.17444981213097155,1.261406333870102,0.49651100375738055,
93,17.404723564143854,24.59742351046699,12.278582930756844,15.250939345142244,5.924584004294149,8.13875469672571,14.143853998926463,0.32877079978529256,0.17444981213097155,1.261406333870102,0.49651100375738055,
94,17.914653784219002,24.36929683306495,12.157809983896941,15.157004830917874,5.83064949006978,8.132045088566828,14.070048309178745,0.32877079978529256,0.28180354267310787,1.261406333870102,0.49651100375738055,
95,18.203166935050994,24.20155662909286,12.057165861513688,15.123456790123457,5.71658615136876,8.125335480407944,14.143853998926463,0.32877079978529256,0.28180354267310787,1.3352120236178207,0.4830917874396135,
96,18.323939881910896,23.785560923242084,12.02361782071927,15.170424047235642,5.71658615136876,8.179012345679013,14.371980676328503,0.32877079978529256,0.28180354267310787,1.3352120236178207,0.4830917874396135,
97,18.015297906602253,23.537305421363392,12.426194310252281,14.855072463768115,5.609232420826624,8.709071390230811,14.11701556629093,0.630703166935051,0.28180354267310787,1.3352120236178207,0.4830917874396135,
98,18.129361245303276,23.376274825550187,12.372517444981213,14.855072463768115,5.609232420826624,8.76274825550188,14.163982823403114,0.630703166935051,0.28180354267310787,1.3352120236178207,0.4830917874396135,
99,18.095813204508858,23.22866344605475,12.372517444981213,14.821524422973699,5.609232420826624,8.655394524959743,14.237788513150832,0.630703166935051,0.28180354267310787,1.583467525496511,0.4830917874396135,
100,18.364197530864196,22.832796564680624,12.285292538915728,15.11003757380569,5.58239398819109,8.581588835212024,14.264626945786366,0.630703166935051,0.28180354267310787,1.583467525496511,0.4830917874396135,
101,18.075684380032207,22.765700483091788,12.842190016103059,15.03623188405797,5.5756843800322065,8.507783145464305,14.237788513150832,0.630703166935051,0.28180354267310787,1.5633387010198605,0.4830917874396135,
102,17.94820182501342,22.725442834138487,12.714707461084272,14.794685990338165,6.3137412775093935,8.80300590445518,13.707729468599034,0.630703166935051,0.28180354267310787,1.596886741814278,0.4830917874396135,
103,18.323939881910896,22.65163714439077,12.573805689747719,14.935587761674718,6.172839506172839,8.682232957595277,13.7211486849168,0.630703166935051,0.28180354267310787,1.5432098765432098,0.4830917874396135,
104,17.975040257648953,22.5577026301664,14.486044015029522,14.459205582393988,5.8239398819108965,8.293075684380032,13.479602791196994,0.630703166935051,0.28180354267310787,1.5297906602254427,0.4830917874396135,
105,17.518786902844873,21.87332259796028,13.56682769726248,14.217659688674182,8.205850778314547,8.165593129361245,13.325281803542673,0.7447665056360708,0.28180354267310787,1.6170155662909287,0.4830917874396135,
106,18.183038110574344,21.336553945249598,13.09044551798175,14.076757917337627,8.561460010735374,7.997852925389157,13.627214170692431,0.7447665056360708,0.28180354267310787,1.6170155662909287,0.4830917874396135,
107,18.59903381642512,21.135265700483092,12.68786902844874,13.92914653784219,10.258990874932904,7.051798174986581,13.238056897477188,0.7447665056360708,0.2616747181964573,1.6103059581320451,0.4830917874396135,
108,17.002147074610843,19.692699946323135,16.740472356414386,13.546698872785829,10.21202361782072,5.662909286097692,14.586688137412775,0.7447665056360708,0.19457863660762212,1.133923778851315,0.4830917874396135,
109,17.364465915190554,19.41760601180891,16.72705314009662,13.24476650563607,10.446859903381643,5.662909286097692,14.586688137412775,0.7447665056360708,0.19457863660762212,1.1272141706924315,0.4830917874396135,
110,17.424852388620504,19.363929146537842,16.1231884057971,13.231347289318304,10.077831454643048,6.696188942565755,14.546430488459475,0.7313472893183038,0.19457863660762212,1.1272141706924315,0.4830917874396135,
111,17.72007514761138,19.189479334406872,16.11647879763822,13.144122383252817,10.02415458937198,6.6827697262479875,14.600107353730541,0.7246376811594203,0.1878690284487386,1.1272141706924315,0.4830917874396135,
112,18.283682232957595,19.0552871712292,12.694578636607622,13.22463768115942,9.480676328502415,10.312667740203972,14.42565754159957,0.7246376811594203,0.1878690284487386,1.1272141706924315,0.4830917874396135,
113,18.874127750939344,19.0552871712292,12.634192163177671,13.157541599570585,9.31964573268921,10.104669887278583,14.251207729468598,0.7246376811594203,0.2683843263553409,1.1272141706924315,0.4830917874396135,
114,19.11567364465915,18.92109500805153,12.513419216317766,13.217928073000536,9.31964573268921,10.104669887278583,14.204240472356414,0.7246376811594203,0.2683843263553409,1.1272141706924315,0.4830917874396135,
115,18.760064412238325,17.995169082125603,12.432903918411165,13.030059044551798,9.252549651100376,11.81561996779388,14.11701556629093,0.7179280730005367,0.2683843263553409,1.1272141706924315,0.4830917874396135,
116,18.773483628556093,17.94820182501342,12.412775093934513,13.003220611916264,9.480676328502415,11.75523349436393,14.002952227589908,0.7179280730005367,0.2683843263553409,1.1272141706924315,0.4830917874396135,0.026838432635534086
117,19.129092860976918,17.773752012882447,12.379227053140097,13.083735909822867,9.380032206119163,11.721685453569512,13.942565754159958,0.7179280730005367,0.2683843263553409,1.1272141706924315,0.4495437466451959,0.026838432635534086
118,18.55877616747182,17.431561996779386,13.841921631776705,13.036768652710682,9.198872785829307,11.466720343531938,13.88888888888889,0.7045088566827697,0.2683843263553409,1.1272141706924315,0.4495437466451959,0.026838432635534086
119,18.263553408480945,16.666666666666668,13.734567901234568,11.345947396672035,9.198872785829307,12.875738056897477,15.653515834675256,0.7045088566827697,0.2683843263553409,0.9796027911969941,0.28180354267310787,0.026838432635534086
120,17.881105743424584,15.438808373590982,13.714439076757918,9.333064949006978,9.198872785829307,19.719538378958667,12.962962962962964,0.30193236714975846,0.1610305958132045,0.9796027911969941,0.28180354267310787,0.026838432635534086
121,18.283682232957595,15.28448738593666,13.714439076757918,9.225711218464841,9.198872785829307,19.847020933977454,12.694578636607622,0.30193236714975846,0.1610305958132045,0.9796027911969941,0.28180354267310787,0.026838432635534086
122,18.337359098228664,15.28448738593666,13.707729468599034,9.192163177670425,9.198872785829307,19.83360171765969,12.694578636607622,0.30193236714975846,0.1610305958132045,0.9796027911969941,0.28180354267310787,0.026838432635534086
123,18.5654857756307,15.237520128824476,13.667471819645733,9.172034353193773,9.125067096081589,19.726247987117553,12.661030595813205,0.30193236714975846,0.2549651100375738,0.9796027911969941,0.28180354267310787,0.026838432635534086
124,18.739935587761675,15.177133655394526,13.600375738056897,9.091519055287172,8.984165324745035,19.97450348899624,12.587224906065487,0.30193236714975846,0.2549651100375738,0.9796027911969941,0.28180354267310787,0.026838432635534086
125,18.86070853462158,15.096618357487923,13.479602791196994,9.064680622651638,8.984165324745035,19.860440150295222,12.734836285560924,0.3757380568974772,0.2549651100375738,0.9796027911969941,0.28180354267310787,0.026838432635534086
126,19.310252281266774,14.955716586151368,13.419216317767042,9.064680622651638,8.896940418679549,19.75979602791197,12.74825550187869,0.3757380568974772,0.2549651100375738,0.9057971014492754,0.28180354267310787,0.026838432635534086
127,19.605475040257648,14.915458937198068,13.378958668813741,9.064680622651638,8.769457863660762,19.618894256575416,12.714707461084272,0.3757380568974772,0.2281266774020397,1.0198604401502953,0.28180354267310787,0.026838432635534086
128,18.84728931830381,14.734299516908212,15.70048309178744,8.816425120772946,7.7898550724637685,19.008319914117017,13.238056897477188,0.3757380568974772,0.2281266774020397,0.95276435856146,0.28180354267310787,0.026838432635534086
129,19.189479334406872,14.687332259796028,15.593129361245303,8.856682769726248,7.742887815351583,18.9345142243693,13.130703166935051,0.3757380568974772,0.2281266774020397,0.95276435856146,0.28180354267310787,0.026838432635534086
130,19.243156199677937,14.687332259796028,15.566290928609769,8.856682769726248,7.64224369296833,19.0150295222759,13.123993558776167,0.3757380568974772,0.2281266774020397,0.95276435856146,0.28180354267310787,0.026838432635534086
131,19.330381105743424,14.298174986580785,15.123456790123457,8.78287707997853,7.615405260332796,19.370638754696724,13.298443370907139,0.3488996242619431,0.2281266774020397,1.3620504562533549,0.2147074610842727,0.026838432635534086
132,19.685990338164252,14.049919484702093,15.08990874932904,8.78287707997853,7.541599570585078,19.370638754696724,13.298443370907139,0.3488996242619431,0.2281266774020397,1.3620504562533549,0.2147074610842727,0.026838432635534086
133,19.806763285024154,14.049919484702093,15.042941492216855,8.695652173913043,7.541599570585078,19.33709071390231,13.22463768115942,0.3488996242619431,0.3488996242619431,1.3620504562533549,0.2147074610842727,0.026838432635534086
134,19.961084272678477,13.982823403113258,15.029522275899087,8.682232957595277,7.601986044015029,19.256575415995705,13.22463768115942,0.3488996242619431,0.3488996242619431,1.3217928073000538,0.2147074610842727,0.026838432635534086
135,19.840311325818572,13.83521202361782,14.97584541062802,8.494363929146537,7.1725711218464845,20.558239398819108,12.86231884057971,0.3488996242619431,0.3488996242619431,1.3217928073000538,0.2147074610842727,0.026838432635534086
136,20.276435856146,13.828502415458937,14.928878153515834,8.380300590445518,7.112184648416532,20.39049919484702,12.822061191626409,0.3488996242619431,0.3488996242619431,1.3217928073000538,0.2147074610842727,0.026838432635534086
137,20.685721953837895,13.781535158346752,14.868491680085883,8.380300590445518,6.964573268921095,20.175791733762747,12.781803542673108,0.3488996242619431,0.3488996242619431,1.4224369296833066,0.2147074610842727,0.026838432635534086
138,21.39694041867955,13.553408480944713,14.647074610842727,8.393719806763285,6.957863660762212,19.94766505636071,12.661030595813205,0.4428341384863124,0.3488996242619431,1.4090177133655395,0.2147074610842727,0.026838432635534086
139,21.32313472893183,13.479602791196994,13.982823403113258,7.702630166398282,7.6556629092860975,20.873590982286636,12.5402576489533,0.4428341384863124,0.3488996242619431,1.4090177133655395,0.2147074610842727,0.026838432635534086
140,20.873590982286636,13.16425120772947,13.868760064412239,7.997852925389157,7.380568974771873,20.82662372517445,13.506441223832528,0.36902844873859364,0.43612453032742887,1.3553408480944713,0.19457863660762212,0.026838432635534086
141,21.38352120236178,13.110574342458401,13.58695652173913,7.96430488459474,7.2933440687063875,20.679012345679013,13.600375738056897,0.36902844873859364,0.43612453032742887,1.3553408480944713,0.19457863660762212,0.026838432635534086
142,21.638486312399355,12.983091787439614,13.466183574879228,8.259527643585615,7.199409554482019,20.377079978529252,13.654052603327965,0.33548040794417605,0.39586688137412773,1.4694041867954912,0.19457863660762212,0.026838432635534086
143,21.591519055287172,12.889157273215245,13.24476650563607,8.199141170155663,9.178743961352657,18.927804616210413,13.238056897477188,0.33548040794417605,0.39586688137412773,1.778046162104133,0.19457863660762212,0.026838432635534086
144,21.886741814278047,12.741545893719806,13.24476650563607,8.085077831454644,9.614868491680086,18.632581857219538,13.16425120772947,0.2885131508319914,0.39586688137412773,1.724369296833065,0.19457863660762212,0.026838432635534086
145,21.866612989801396,12.573805689747719,14.848362855609233,8.05823939881911,8.970746108427267,17.921363392377884,13.130703166935051,0.2885131508319914,0.39586688137412773,1.724369296833065,0.19457863660762212,0.026838432635534086
146,21.987385936661298,12.573805689747719,14.76784755770263,8.05823939881911,8.957326892109501,17.827428878153516,13.130703166935051,0.2885131508319914,0.47638217928073,1.710950080515298,0.19457863660762212,0.026838432635534086
147,22.32957595276436,12.325550187869029,14.647074610842727,8.017981749865807,8.957326892109501,17.901234567901234,13.043478260869565,0.2885131508319914,0.47638217928073,1.7914653784219001,0.19457863660762212,0.026838432635534086
148,23.027375201288244,12.258454106280194,14.526301663982823,7.96430488459474,8.917069243156199,17.693236714975846,12.808641975308642,0.33548040794417605,0.46967257112184646,1.778046162104133,0.19457863660762212,0.026838432635534086
149,23.242082662372518,11.990069779924852,14.465915190552872,7.7361782071927,9.178743961352657,18.115942028985508,12.580515297906603,0.33548040794417605,0.46967257112184646,1.6639828234031133,0.19457863660762212,0.026838432635534086
150,22.758990874932906,11.882716049382717,12.050456253354804,10.63472893183038,9.172034353193773,18.54535695115405,12.379227053140097,0.33548040794417605,0.4428341384863124,1.5767579173376274,0.19457863660762212,0.026838432635534086
151,23.1682769726248,11.77536231884058,12.030327428878154,10.567632850241546,9.16532474503489,18.344068706387546,12.372517444981213,0.33548040794417605,0.4428341384863124,1.5767579173376274,0.19457863660762212,0.026838432635534086
152,23.101180891035963,11.748523886205046,12.016908212560386,10.560923242082662,9.01100375738057,18.49838969404187,12.439613526570048,0.33548040794417605,0.4428341384863124,1.6237251744498122,0.19457863660762212,0.026838432635534086
153,23.32259796027912,11.748523886205046,11.98336017176597,10.560923242082662,8.896940418679549,18.471551261406333,12.392646269457863,0.33548040794417605,0.4428341384863124,1.6237251744498122,0.19457863660762212,0.026838432635534086
154,23.537305421363392,11.728395061728396,11.969940955448202,10.534084809447128,8.856682769726248,18.303811057434245,12.332259796027913,0.33548040794417605,0.4227053140096618,1.7579173376274826,0.19457863660762212,0.026838432635534086
155,23.926462694578635,11.701556629092861,11.943102522812667,10.446859903381643,8.816425120772946,18.115942028985508,12.31213097155126,0.33548040794417605,0.4227053140096618,1.7579173376274826,0.19457863660762212,0.026838432635534086
156,24.10762211486849,11.701556629092861,11.896135265700483,10.124798711755233,8.816425120772946,18.344068706387546,12.27187332259796,0.33548040794417605,0.4227053140096618,1.7579173376274826,0.19457863660762212,0.026838432635534086
157,24.55716586151369,11.553945249597424,11.761943102522812,9.916800858829845,8.816425120772946,18.17632850241546,12.47987117552335,0.33548040794417605,0.4227053140096618,1.7579173376274826,0.19457863660762212,0.026838432635534086
158,25.07380568974772,11.151368760064413,11.714975845410628,9.809447128287708,8.776167471819646,17.814009661835748,12.573805689747719,0.33548040794417605,0.4227053140096618,2.1068169618894257,0.19457863660762212,0.026838432635534086
159,24.93961352657005,10.95679012345679,11.473429951690822,9.749060654857756,8.742619431025227,18.08239398819109,12.47987117552335,0.33548040794417605,0.33548040794417605,2.6838432635534084,0.19457863660762212,0.026838432635534086
160,25.033548040794418,10.95679012345679,11.439881910896403,9.816156736446592,8.856682769726248,17.820719269994633,12.419484702093397,0.33548040794417605,0.41599570585077833,2.6838432635534084,0.19457863660762212,0.026838432635534086
161,24.235104669887278,10.943370907139023,11.064143853998926,9.520933977455716,10.976918947933441,17.183306494900698,12.318840579710145,0.33548040794417605,0.4495437466451959,2.7509393451422435,0.19457863660762212,0.026838432635534086
162,24.362587224906065,10.681696188942565,10.849436392914654,9.614868491680086,10.849436392914654,17.68652710681696,12.198067632850242,0.33548040794417605,0.4495437466451959,2.7509393451422435,0.19457863660762212,0.026838432635534086
163,24.63768115942029,10.674986580783683,10.755501878690284,9.601449275362318,10.829307568438002,17.58588298443371,12.177938808373591,0.33548040794417605,0.4495437466451959,2.7308105206655933,0.19457863660762212,0.026838432635534086
164,24.63768115942029,10.601180891035963,10.721953837895867,9.514224369296834,10.802469135802468,17.70665593129361,12.198067632850242,0.4495437466451959,0.4495437466451959,2.6972624798711755,0.19457863660762212,0.026838432635534086
165,24.838969404186795,10.165056360708535,10.399892646269459,9.66183574879227,10.72866344605475,17.56575415995706,12.822061191626409,0.4495437466451959,0.4495437466451959,2.6972624798711755,0.19457863660762212,0.026838432635534086
166,23.859366612989803,9.473966720343531,10.38647342995169,9.104938271604938,10.567632850241546,17.51207729468599,15.304616210413311,0.43612453032742887,0.4495437466451959,2.6838432635534084,0.19457863660762212,0.026838432635534086
167,24.268652710681696,9.440418679549115,10.23215244229737,9.017713365539452,10.567632850241546,17.418142780461622,15.28448738593666,0.43612453032742887,0.4495437466451959,2.6637144390767578,0.19457863660762212,0.026838432635534086
168,24.416264090177133,9.400161030595813,9.252549651100376,9.017713365539452,11.842458400429415,17.28395061728395,15.157004830917874,0.43612453032742887,0.4495437466451959,2.522812667740204,0.19457863660762212,0.026838432635534086
169,24.832259796027913,9.245840042941492,9.192163177670425,9.192163177670425,11.634460547504025,17.176596886741816,15.11003757380569,0.43612453032742887,0.4495437466451959,2.509393451422437,0.19457863660762212,0.026838432635534086
170,24.89935587761675,9.232420826623725,9.178743961352657,9.172034353193773,11.600912506709609,17.223564143854,15.076489533011273,0.43612453032742887,0.4495437466451959,2.509393451422437,0.19457863660762212,0.026838432635534086
171,24.84567901234568,9.091519055287172,9.064680622651638,9.192163177670425,11.600912506709609,17.485238862050455,14.955716586151368,0.43612453032742887,0.4495437466451959,2.657004830917874,0.19457863660762212,0.026838432635534086
172,25.201288244766506,9.03113258185722,9.017713365539452,9.138486312399356,11.574074074074074,17.55233494363929,14.761137949543746,0.43612453032742887,0.4495437466451959,2.6167471819645733,0.19457863660762212,0.026838432635534086
173,25.288513150831992,9.01100375738057,8.896940418679549,9.138486312399356,11.426462694578637,17.76033279656468,14.761137949543746,0.43612453032742887,0.4495437466451959,2.61003757380569,0.19457863660762212,0.026838432635534086
174,25.335480407944175,8.93719806763285,8.863392377885132,8.997584541062801,11.406333870101985,18.035426731078903,14.606816961889425,0.4294149221685454,0.5568974771873323,2.61003757380569,0.19457863660762212,0.026838432635534086
175,25.34219001610306,8.93719806763285,8.863392377885132,8.957326892109501,11.406333870101985,18.00858829844337,14.727589908749328,0.4294149221685454,0.5568974771873323,2.5496511003757383,0.19457863660762212,0.026838432635534086
176,25.523349436392916,8.870101986044014,8.668813741277509,8.917069243156199,11.399624261943103,17.975040257648953,14.80810520665593,0.4294149221685454,0.5568974771873323,2.5496511003757383,0.27509393451422437,0.026838432635534086
177,25.644122383252817,8.82313472893183,8.655394524959743,8.76274825550188,11.399624261943103,17.921363392377884,14.955716586151368,0.4294149221685454,0.5568974771873323,2.5496511003757383,0.27509393451422437,0.026838432635534086
178,25.939345142243692,8.742619431025227,8.541331186258722,8.76274825550188,11.352657004830919,17.867686527106816,14.761137949543746,0.5636070853462157,0.7045088566827697,2.462426194310252,0.27509393451422437,0.026838432635534086
179,26.261406333870102,8.675523349436393,8.480944712828771,8.836553945249598,11.057434245840042,18.04884594739667,14.694041867954912,0.5636070853462157,0.6172839506172839,2.462426194310252,0.27509393451422437,0.026838432635534086
180,26.482823403113258,8.662104133118627,8.360171765968868,8.78287707997853,11.057434245840042,17.941492216854535,14.673913043478262,0.5636070853462157,0.7112184648416533,2.462426194310252,0.27509393451422437,0.026838432635534086
181,26.402308105206657,8.433977455716587,8.125335480407944,8.608427267847558,11.057434245840042,18.612453032742888,14.465915190552872,0.5636070853462157,0.7112184648416533,2.717391304347826,0.27509393451422437,0.026838432635534086
182,26.73107890499195,8.353462157809984,7.957595276435856,8.59500805152979,11.030595813204508,18.471551261406333,14.42565754159957,0.5636070853462157,0.7112184648416533,2.85829307568438,0.27509393451422437,0.026838432635534086
183,26.898819108964037,8.353462157809984,7.917337627482555,8.61513687600644,11.05072463768116,18.337359098228664,14.42565754159957,0.5636070853462157,0.7112184648416533,2.8247450348899625,0.27509393451422437,0.026838432635534086
184,26.7914653784219,8.353462157809984,7.7361782071927,8.896940418679549,11.258722490606548,18.397745571658614,14.2914653784219,0.5636070853462157,0.7112184648416533,2.6972624798711755,0.27509393451422437,0.026838432635534086
185,26.94578636607622,8.340042941492216,7.7361782071927,8.82313472893183,11.231884057971014,18.364197530864196,14.284755770263017,0.5636070853462157,0.7112184648416533,2.6972624798711755,0.27509393451422437,0.026838432635534086
186,27.314814814814813,8.340042941492216,7.635534084809447,8.917069243156199,11.158078368223295,18.270263016639827,14.090177133655395,0.5636070853462157,0.7112184648416533,2.6972624798711755,0.27509393451422437,0.026838432635534086
187,27.388620504562535,8.246108427267847,7.494632313472893,8.829844337090714,11.29898013955985,18.089103596349972,14.17740203972088,0.5636070853462157,0.798443370907139,2.8113258185721954,0.27509393451422437,0.026838432635534086
188,27.657004830917874,8.158883521202362,7.427536231884058,8.702361782071927,11.245303274288782,17.800590445517983,14.55984970477724,0.5636070853462157,0.7716049382716049,2.8113258185721954,0.27509393451422437,0.026838432635534086
189,27.76435856146001,8.145464304884594,7.427536231884058,8.836553945249598,11.238593666129898,17.693236714975846,14.439076757917338,0.5636070853462157,0.6642512077294686,2.9253891572732154,0.27509393451422437,0.026838432635534086
190,28.019323671497585,8.07836822329576,7.427536231884058,8.735909822866345,11.225174449812132,17.67981749865808,14.338432635534085,0.5636070853462157,0.6642512077294686,2.965646806226516,0.27509393451422437,0.026838432635534086
191,28.5829307568438,8.071658615136876,7.286634460547504,8.648684916800859,11.037305421363392,17.431561996779386,14.472624798711756,0.5636070853462157,0.6642512077294686,2.9388083735909825,0.27509393451422437,0.026838432635534086
192,28.690284487385938,8.031400966183575,7.27992485238862,8.648684916800859,11.05072463768116,17.37788513150832,14.42565754159957,0.5501878690284487,0.6642512077294686,2.9790660225442833,0.27509393451422437,0.026838432635534086
193,28.92512077294686,7.843531937734836,7.152442297369833,8.648684916800859,10.923242082662373,17.16988727858293,14.325013419216317,0.5501878690284487,0.6642512077294686,3.4957058507783145,0.27509393451422437,0.026838432635534086
194,29.045893719806763,7.816693505099302,6.790123456790123,8.581588835212024,10.661567364465915,18.08239398819109,14.13714439076758,0.4227053140096618,0.6642512077294686,3.4957058507783145,0.27509393451422437,0.026838432635534086
195,29.180085882984432,7.7898550724637685,6.763285024154589,8.581588835212024,10.661567364465915,18.00858829844337,14.13714439076758,0.4227053140096618,0.6642512077294686,3.488996242619431,0.27509393451422437,0.026838432635534086
