,45,50,55,53,54,51,57,58,56,52,59
0,93.37761674718196,6.622383252818035,,,,,,,,,
1,88.75469672571121,11.245303274288782,,,,,,,,,
2,86.97665056360708,13.023349436392914,,,,,,,,,
3,86.18491680085883,13.81508319914117,,,,,,,,,
4,53.797638217928075,46.202361782071925,,,,,,,,,
5,52.9320987654321,46.9873859366613,0.08051529790660225,,,,,,,,
6,51.56333870101986,42.07595276435856,0.3421900161030596,0.10735373054213634,5.911164787976382,,,,,,
7,47.63150831991412,46.26945786366076,0.8789586688137413,,5.22007514761138,,,,,,
8,46.4170692431562,47.55099302200752,0.8789586688137413,,5.152979066022544,,,,,,
9,46.55126140633387,47.46376811594203,0.8387010198604401,,5.146269457863661,,,,,,
10,43.263553408480945,45.65217391304348,0.8387010198604401,,4.797369833601718,5.119431025228127,0.32877079978529256,,,,
11,38.52657004830918,48.76543209876543,2.8515834675254963,,4.4753086419753085,5.072463768115942,0.30864197530864196,,,,
12,34.82286634460547,37.32555018786903,0.7380568974771873,18.189747718733226,3.730542136339238,5.025496511003757,0.16774020397208803,,,,
13,35.265700483091784,37.11755233494364,0.7380568974771873,16.71363392377885,3.6902844873859366,4.99194847020934,0.16774020397208803,1.3150831991411702,,,
14,34.265968867418145,32.09205582393988,0.7380568974771873,22.785829307568438,3.6768652710681695,4.9718196457326895,0.16774020397208803,1.3016639828234031,,,
15,34.72893183038111,31.709608158883523,2.1135265700483092,21.430488459473967,3.6500268384326353,4.898013955984971,0.16774020397208803,1.3016639828234031,,,
16,32.19269994632314,18.57890499194847,0.20799785292538917,3.126677402039721,2.15378421900161,43.73993558776167,,,,,
17,32.588566827697264,18.4447128287708,0.20799785292538917,3.126677402039721,2.1403650026838434,43.49168008588298,,,,,
18,32.407407407407405,18.968062265163713,0.20128824476650564,3.0595813204508855,2.1403650026838434,43.00858829844337,,,0.2147074610842727,,
19,32.83682232957595,18.853998926462694,0.20128824476650564,3.0193236714975846,2.13365539452496,40.707192699946326,,,2.24771873322598,,
20,29.0727321524423,16.566022544283413,0.20128824476650564,1.6975308641975309,2.100107353730542,45.04830917874396,,,2.3550724637681157,2.9589371980676327,
21,26.053408480944714,16.002415458937197,0.20128824476650564,15.291196994095545,,35.35292538915727,,,2.4154589371980677,4.683306494900698,
22,26.44927536231884,15.056360708534621,0.20128824476650564,15.190552871712292,,34.86312399355877,,,2.4154589371980677,5.8239398819108965,
23,26.82501341921632,13.439345142243694,0.1878690284487386,13.868760064412239,1.3352120236178207,34.58132045088567,,,3.978797638217928,5.783682232957595,
24,24.02710681696189,12.74825550187869,0.1878690284487386,11.654589371980677,1.3352120236178207,42.632850241545896,,,3.797638217928073,3.616478797638218,
25,22.23564143853999,10.50053676865271,0.7581857219538379,10.929951690821255,0.5837359098228664,49.2686527106817,,,3.2541599570585076,2.4691358024691357,
26,22.38996242619431,10.607890499194847,0.7581857219538379,10.896403650026839,0.5837359098228664,49.060654857756305,,,3.2474503488996245,2.4557165861513686,
27,15.861513687600644,22.074610842726784,0.7581857219538379,10.124798711755233,2.200751476113795,43.223295759527645,,,3.33467525496511,2.4221685453569513,
28,16.25067096081589,20.90042941492217,0.6776704240472357,10.091250670960816,4.508856682769726,41.78073000536769,,,3.3682232957595275,2.4221685453569513,
29,16.914922168545356,20.779656468062264,0.6575415995705851,10.050993022007514,4.42163177670424,41.337895866881375,,,3.435319377348363,2.4020397208803006,
30,17.62614063338701,20.699141170155663,0.8722490606548577,9.903381642512077,4.367954911433173,40.78099838969404,,,3.374932903918411,2.3752012882447664,
31,15.552871712292003,19.632313472893184,1.0466988727858293,11.694847020933977,4.186795491143317,42.68652710681696,,0.19457863660762212,3.294417606011809,1.710950080515298,
32,15.418679549114332,18.572195383789587,1.093666129898014,11.077563070316694,3.851315083199141,40.89506172839506,,0.19457863660762212,2.3752012882447664,6.521739130434782,
33,16.210413311862588,18.46484165324745,1.221148684916801,10.990338164251208,3.851315083199141,40.27106816961889,,0.18115942028985507,2.3550724637681157,6.454643048845948,
34,16.794149221685455,17.612721417069242,2.033011272141707,10.963499731615673,3.7372517444981215,40.01610305958132,,0.18115942028985507,2.281266774020397,6.380837359098229,
35,17.19001610305958,17.458400429414922,2.033011272141707,10.896403650026839,3.7372517444981215,39.57997852925389,,0.18115942028985507,2.576489533011272,6.347289318303811,
36,17.53220611916264,17.250402576489535,3.8915727321524423,10.789049919484702,3.851315083199141,37.64090177133655,,0.18115942028985507,2.5496511003757383,6.3137412775093935,
37,17.002147074610843,16.223832528180353,3.851315083199141,10.916532474503489,3.770799785292539,39.58668813741278,,0.18115942028985507,2.5496511003757383,5.917874396135265,
38,16.14331723027375,16.190284487385938,3.8043478260869565,7.937466451959206,2.3617820719269993,32.71604938271605,,0.18115942028985507,2.6435856146001075,18.02200751476114,
39,16.841116478797638,16.022544283413847,4.072732152442297,7.930756843800322,2.3617820719269993,32.2463768115942,,0.18115942028985507,2.6033279656468062,17.74020397208803,
40,17.599302200751477,15.76086956521739,4.025764895330113,7.890499194847021,2.2946859903381642,31.743156199677937,,0.18115942028985507,2.831454643048846,17.673107890499196,
41,17.444981213097154,12.99651100375738,9.997316156736447,7.85024154589372,2.2946859903381642,29.388083735909824,,0.18115942028985507,2.6502952227589907,17.196725711218466,
42,17.787171229200215,12.23161567364466,9.722222222222221,7.7831454643048845,3.079710144927536,28.992216854535695,,0.18115942028985507,2.623456790123457,17.599302200751477,
43,18.209876543209877,11.98336017176597,10.721953837895867,7.695920558239399,3.079710144927536,28.093129361245303,,0.18115942028985507,2.871712292002147,17.163177670424048,
44,18.793612453032743,11.882716049382717,10.7085346215781,7.6556629092860975,3.026033279656468,27.89855072463768,0.12077294685990338,0.18115942028985507,2.8381642512077296,16.894793344068706,
45,19.14922168545357,11.694847020933977,10.473698336017177,12.31213097155126,2.999194847020934,27.576489533011273,0.12077294685990338,0.16774020397208803,2.61003757380569,12.895866881374127,
46,19.92753623188406,11.520397208803006,10.44015029522276,12.204777241009126,2.9924852388620504,27.214170692431562,0.12077294685990338,0.20799785292538917,2.509393451422437,12.86231884057971,
47,19.95437466451959,11.473429951690822,12.74825550187869,11.862587224906065,2.9924852388620504,25.328770799785293,0.12077294685990338,0.20799785292538917,2.5295222758990876,12.781803542673108,
48,19.216317767042405,6.723027375201288,10.359634997316157,11.768652710681696,2.563070316693505,24.62426194310252,0.12077294685990338,0.20799785292538917,2.462426194310252,21.953837895866883,
49,19.706119162640903,6.615673644659152,10.332796564680622,11.58749329039184,2.563070316693505,24.4296833064949,0.12077294685990338,0.20799785292538917,2.6167471819645733,21.81964573268921,
50,19.6256038647343,6.474771873322598,10.57434245840043,14.392109500805153,2.4557165861513686,24.00697799248524,0.013419216317767043,0.20799785292538917,2.428878153515835,19.82018250134192,
51,20.222758990874933,6.474771873322598,10.50053676865271,14.170692431561998,2.442297369833602,23.879495437466453,0.013419216317767043,0.20799785292538917,2.4020397208803006,19.685990338164252,
52,19.95437466451959,6.206387546967257,10.124798711755233,14.11701556629093,2.442297369833602,24.859098228663445,0.013419216317767043,0.20799785292538917,2.5161030595813205,19.558507783145465,
53,20.263016639828233,6.179549114331723,10.225442834138486,14.009661835748792,2.442297369833602,24.516908212560388,0.20799785292538917,0.20799785292538917,2.690552871712292,19.256575415995705,
54,20.50456253354804,6.179549114331723,10.21202361782072,16.129898013955984,2.4355877616747184,24.349168008588297,0.20799785292538917,0.20799785292538917,2.657004830917874,17.11621041331186,
55,20.45088566827697,5.22007514761138,9.373322597960279,24.168008588298445,2.046430488459474,22.71202361782072,0.013419216317767043,0.20799785292538917,2.576489533011272,13.231347289318304,
56,18.344068706387546,4.985238862050457,11.158078368223295,20.86688137412775,2.046430488459474,28.549382716049383,0.013419216317767043,,2.717391304347826,11.3191089640365,
57,13.258185721953838,3.535963499731616,10.802469135802468,18.69296833064949,2.01959205582394,38.31186258722491,0.013419216317767043,,2.4490069779924855,10.916532474503489,
58,13.788244766505636,3.535963499731616,10.768921095008052,18.511808910359633,1.9994632313472893,35.98362855609233,0.013419216317767043,,2.428878153515835,12.969672571121846,
59,14.65378421900161,3.5292538915727323,11.540526033279656,18.303811057434245,1.9726247987117553,34.78260869565217,0.013419216317767043,,2.4154589371980677,12.788513150831992,
60,13.278314546430488,6.1862587224906065,11.963231347289318,18.089103596349972,1.9122383252818036,33.467525496511,0.013419216317767043,,2.4154589371980677,12.674449812130971,
61,13.848631239935587,6.152710681696189,12.224906065485776,17.94820182501342,1.9122383252818036,32.930756843800324,0.013419216317767043,,2.3886205045625335,12.580515297906603,
62,14.190821256038648,6.166129898013956,12.285292538915728,17.8743961352657,1.9122383252818036,32.63553408480945,0.013419216317767043,,2.3886205045625335,12.533548040794418,
63,14.224369296833064,6.152710681696189,11.29898013955985,17.68652710681696,4.213633923778851,31.80354267310789,0.013419216317767043,,2.2946859903381642,12.31213097155126,
64,14.680622651637144,6.125872249060655,11.265432098765432,17.57246376811594,4.166666666666667,31.61567364465915,0.013419216317767043,,2.2946859903381642,12.265163714439076,
65,14.97584541062802,6.099033816425121,11.20504562533548,17.156468062265162,4.166666666666667,31.5552871712292,0.013419216317767043,0.3153515834675255,2.2946859903381642,12.218196457326892,
66,15.029522275899087,6.099033816425121,9.588030059044552,13.33870101986044,4.1129898013955986,31.125872249060656,0.013419216317767043,0.3153515834675255,2.2946859903381642,18.08239398819109,
67,15.432098765432098,6.0654857756307035,9.460547504025765,14.694041867954912,3.992216854535695,29.69001610305958,0.013419216317767043,0.3153515834675255,2.2946859903381642,18.04213633923779,
68,14.237788513150832,5.703166935050993,8.849973161567364,14.479334406870638,2.7643585614600106,35.587761674718195,0.2952227589908749,0.3153515834675255,1.90552871712292,15.861513687600644,
69,10.789049919484702,5.528717122920021,7.192699946323135,9.581320450885668,2.1135265700483092,38.79495437466452,0.38915727321524424,0.2952227589908749,1.8853998926462694,23.429951690821255,
70,11.137949543746645,5.488459473966721,6.796833064949007,16.99543746645196,1.90552871712292,31.0654857756307,0.38915727321524424,0.2952227589908749,2.6167471819645733,23.309178743961354,
71,11.325818572195384,5.434782608695652,6.776704240472356,15.707192699946322,1.90552871712292,32.64224369296833,0.38915727321524424,0.2952227589908749,2.6167471819645733,22.906602254428343,
72,11.876006441223833,5.246913580246914,6.749865807836822,15.660225442834138,1.8988191089640365,32.387278582930755,0.2885131508319914,0.2952227589908749,2.6167471819645733,22.98040794417606,
73,11.842458400429415,3.140096618357488,6.642512077294686,15.827965646806227,1.8451422436929683,34.977187332259795,0.2885131508319914,0.2952227589908749,2.3617820719269993,22.779119699409556,
74,12.47987117552335,3.140096618357488,6.615673644659152,15.666935050993022,1.8451422436929683,34.594739667203434,0.2885131508319914,0.2952227589908749,2.509393451422437,22.564412238325282,
75,12.754965110037574,2.985775630703167,6.890767579173376,15.53274288781535,1.8317230273752012,33.93048845947396,0.2885131508319914,0.2952227589908749,2.7509393451422435,22.73886205045625,
76,13.238056897477188,2.9723564143853998,7.232957595276436,16.1231884057971,1.8317230273752012,33.32662372517445,0.2885131508319914,0.27509393451422437,2.703972088030059,22.007514761137948,
77,13.560118089103597,2.9723564143853998,7.098765432098766,13.7211486849168,1.8317230273752012,32.86366076221149,0.28180354267310787,0.27509393451422437,2.831454643048846,24.56387546967257,
78,14.016371443907676,2.9589371980676327,7.065217391304348,13.593666129898015,1.8317230273752012,32.306763285024154,0.28180354267310787,0.27509393451422437,3.1602254428341383,24.510198604401502,
79,14.284755770263017,2.9253891572732154,7.011540526033279,13.030059044551798,2.6704240472356413,31.78341384863124,0.28180354267310787,0.27509393451422437,4.166666666666667,23.57085346215781,
80,12.654320987654321,2.7777777777777777,6.239935587761675,11.56736446591519,2.2074610842726785,28.71712292002147,0.10064412238325282,0.27509393451422437,3.5292538915727323,31.93102522812668,
81,13.425925925925926,2.7777777777777777,6.092324208266238,11.305689747718732,2.13365539452496,28.529253891572733,0.10064412238325282,0.27509393451422437,3.502415458937198,31.85721953837896,
82,13.875469672571121,2.7643585614600106,5.991680085882985,11.245303274288782,2.100107353730542,28.388352120236178,0.10064412238325282,0.2616747181964573,3.488996242619431,31.78341384863124,
83,14.38539989264627,2.7442297369833604,5.891035963499732,11.11111111111111,2.1940418679549114,28.227321524422972,0.10064412238325282,0.2616747181964573,3.4621578099838968,31.622383252818036,
84,14.821524422973699,2.737520128824477,5.870907139023081,11.044015029522276,2.187332259796028,28.20048309178744,0.4227053140096618,0.2616747181964573,3.4420289855072466,31.011808910359633,
85,14.667203435319378,2.7308105206655933,6.199677938808374,10.950080515297907,2.3886205045625335,31.387546967257112,0.4227053140096618,0.2616747181964573,2.5831991411701556,28.408480944712828,
86,14.828234031132581,2.7308105206655933,5.428073000536768,11.748523886205046,1.7914653784219001,32.57514761137949,0.4227053140096618,0.36902844873859364,2.576489533011272,27.529522275899087,
87,15.391841116478798,2.703972088030059,5.414653784219001,11.681427804616211,1.7713365539452497,32.367149758454104,0.4227053140096618,0.35560923242082665,2.576489533011272,27.314814814814813,
88,15.874932903918411,2.703972088030059,5.414653784219001,11.627750939345143,1.7646269457863661,32.078636607622116,0.4227053140096618,0.35560923242082665,2.536231884057971,27.220880300590444,
89,16.029253891572733,2.703972088030059,5.387815351583468,11.58749329039184,1.7646269457863661,31.97128287707998,0.4227053140096618,0.35560923242082665,2.509393451422437,27.26784755770263,
90,16.465378421900162,2.589908749329039,5.743424584004294,11.386205045625335,1.7646269457863661,31.78341384863124,0.4227053140096618,0.35560923242082665,2.5026838432635534,26.986044015029524,
91,16.80756843800322,2.589908749329039,5.790391841116479,11.372785829307569,2.227589908749329,31.085614600107355,0.4227053140096618,0.5099302200751477,2.4691358024691357,26.724369296833064,
92,17.176596886741816,2.589908749329039,5.783682232957595,11.332528180354267,2.227589908749329,30.88432635534085,0.4227053140096618,0.5032206119162641,2.462426194310252,26.617015566290927,
93,17.793880837359097,2.589908749329039,5.723295759527644,11.225174449812132,2.187332259796028,30.776972624798713,0.4227053140096618,0.5032206119162641,2.4490069779924855,26.32850241545894,
94,18.417874396135264,2.589908749329039,5.803811057434245,11.131239935587761,2.26784755770263,30.300590445517983,0.4227053140096618,0.5032206119162641,2.4020397208803006,26.160762211486848,
95,18.263553408480945,2.5697799248523885,5.555555555555555,9.588030059044552,2.24771873322598,34.50080515297907,0.43612453032742887,0.4092860976918948,2.3081052066559313,24.12104133118626,
96,18.531937734836287,2.5697799248523885,5.891035963499732,9.5276435856146,2.24771873322598,34.064680622651636,0.5367686527106817,0.39586688137412773,2.2879763821792807,23.946591519055286,
97,18.874127750939344,2.5697799248523885,5.850778314546431,9.41358024691358,2.804616210413312,33.843263553408484,0.5367686527106817,0.39586688137412773,2.254428341384863,23.45679012345679,
98,18.5654857756307,2.5697799248523885,5.300590445517981,8.373590982286634,2.717391304347826,33.319914117015564,0.5367686527106817,0.39586688137412773,2.563070316693505,25.657541599570585,
99,19.008319914117017,2.563070316693505,5.260332796564681,8.3064949006978,2.690552871712292,33.011272141706925,0.5367686527106817,0.39586688137412773,2.771068169618894,25.45625335480408,
100,19.0955448201825,2.5161030595813205,5.24020397208803,8.219269994632313,2.6704240472356413,34.35990338164251,0.32877079978529256,0.39586688137412773,2.737520128824477,24.436392914653783,
101,19.008319914117017,2.5161030595813205,4.247181964573269,8.179012345679013,4.696725711218465,33.964036500268385,0.32877079978529256,0.36231884057971014,2.6972624798711755,24.000268384326354,
102,19.02173913043478,2.5161030595813205,4.159957058507783,10.245571658615138,4.7168545356951155,33.467525496511,0.32877079978529256,0.36231884057971014,2.657004830917874,22.52415458937198,
103,18.71309715512614,2.5161030595813205,4.8376274825550185,9.447128287707997,4.408212560386473,33.23939881910896,0.32877079978529256,0.36231884057971014,2.623456790123457,23.523886205045624,
104,15.405260332796564,2.49597423510467,3.643317230273752,8.809715512614064,2.24771873322598,32.92404723564144,0.14761137949543746,0.2549651100375738,2.3752012882447664,31.696188942565755,
105,15.566290928609769,2.4825550187869028,3.6097691894793345,11.439881910896403,2.2208803005904456,29.51556629092861,0.12077294685990338,0.2549651100375738,3.435319377348363,31.353998926462694,
106,16.13660762211487,2.475845410628019,4.005636070853462,11.345947396672035,2.1739130434782608,28.978797638217927,0.12077294685990338,0.2549651100375738,3.435319377348363,31.072195383789587,
107,16.51905528717123,2.4557165861513686,3.992216854535695,11.533816425120772,2.1604938271604937,28.764090177133657,0.12077294685990338,0.2549651100375738,3.4286097691894795,30.770263016639827,
108,17.223564143854,2.428878153515835,3.978797638217928,11.453301127214171,2.1403650026838434,28.569511540526033,0.12077294685990338,0.2281266774020397,3.421900161030596,30.434782608695652,
109,15.83467525496511,2.428878153515835,3.7640901771336552,11.345947396672035,2.0933977455716586,31.488191089640367,0.12077294685990338,0.2281266774020397,2.7442297369833604,29.95169082125604,
110,16.33118625872249,2.428878153515835,3.7640901771336552,11.245303274288782,2.0933977455716586,31.219806763285025,0.12077294685990338,0.2281266774020397,2.7442297369833604,29.824208266237253,
111,16.834406870638755,2.3886205045625335,3.643317230273752,11.137949543746645,2.4154589371980677,30.99838969404187,0.3421900161030596,0.1878690284487386,2.717391304347826,29.334406870638755,
112,17.485238862050455,2.3617820719269993,3.603059581320451,11.044015029522276,2.38191089640365,30.83064949006978,0.3421900161030596,0.1878690284487386,2.703972088030059,29.05931293612453,
113,17.3040794417606,2.3617820719269993,5.0993022007514766,12.72812667740204,2.3349436392914655,28.824476650563607,0.3421900161030596,0.1878690284487386,2.8918411164787976,27.925389157273216,
114,17.67981749865808,2.3617820719269993,5.0993022007514766,12.667740203972087,2.2879763821792807,28.59634997316157,0.3421900161030596,0.1878690284487386,2.8918411164787976,27.885131508319915,
115,18.04884594739667,2.301395598497048,5.340848094471283,12.466451959205582,2.2879763821792807,28.462157809983896,0.3421900161030596,0.1878690284487386,2.844873859366613,27.717391304347824,
116,18.592324208266238,2.254428341384863,5.320719269994632,12.453032742887816,2.2342995169082127,28.173644659151904,0.3421900161030596,0.1878690284487386,2.8381642512077296,27.603327965646805,
117,18.914385399892645,2.3752012882447664,5.273752012882448,12.406065485775631,2.2074610842726785,27.985775630703166,0.3421900161030596,0.1878690284487386,2.8381642512077296,27.469135802469136,
118,19.41760601180891,2.3752012882447664,5.24020397208803,12.305421363392378,2.1940418679549114,27.911969940955448,0.3421900161030596,0.1878690284487386,2.7979066022544283,27.22758990874933,
119,19.79334406870639,2.3752012882447664,5.152979066022544,12.27187332259796,2.771068169618894,27.408749329039185,0.3421900161030596,0.1878690284487386,2.7844873859366612,26.912238325281802,
120,19.867149758454108,2.3752012882447664,5.132850241545894,11.533816425120772,2.7241009125067097,27.334943639291467,0.33548040794417605,0.03354804079441761,2.945517981749866,27.717391304347824,
121,19.592055823939884,2.3752012882447664,5.119431025228127,11.446591519055287,2.6838432635534084,28.28099838969404,0.33548040794417605,0.03354804079441761,2.932098765432099,27.200751476113794,
122,19.92753623188406,2.3752012882447664,5.0993022007514766,11.392914653784219,2.6838432635534084,28.052871712292003,0.5300590445517982,0.03354804079441761,3.126677402039721,26.778046162104133,
123,20.699141170155663,2.3752012882447664,5.045625335480408,11.332528180354267,2.6704240472356413,27.616747181964573,0.5300590445517982,0.03354804079441761,3.113258185721954,26.583467525496513,
124,18.115942028985508,2.281266774020397,2.952227589908749,8.474235104669887,1.9726247987117553,37.432903918411164,0.5300590445517982,0.03354804079441761,3.140096618357488,25.067096081588836,
125,18.47826086956522,2.281266774020397,3.166935050993022,8.541331186258722,1.9390767579173376,36.16478797638218,0.6575415995705851,0.03354804079441761,3.8915727321524423,24.84567901234568,
126,18.78690284487386,2.1739130434782608,3.1602254428341383,9.037842190016104,1.9390767579173376,35.65485775630703,0.6575415995705851,0.03354804079441761,3.9452495974235107,24.610842726784757,
127,19.249865807836823,2.1739130434782608,3.1602254428341383,9.017713365539452,1.9256575415995705,35.32608695652174,0.6575415995705851,0.03354804079441761,4.280730005367687,24.174718196457327,
128,19.605475040257648,2.1739130434782608,3.361513687600644,8.76274825550188,1.8988191089640365,34.90338164251208,0.6575415995705851,0.03354804079441761,4.549114331723027,24.053945249597422,
129,20.108695652173914,2.1739130434782608,3.616478797638218,8.59500805152979,2.2946859903381642,34.21229200214707,0.6105743424584005,0.03354804079441761,4.455179817498658,23.899624261943103,
130,20.28985507246377,2.1739130434782608,4.066022544283414,8.548040794417606,2.341653247450349,33.762748255501876,0.6105743424584005,0.03354804079441761,4.388083735909823,23.785560923242084,
131,20.42404723564144,2.167203435319377,4.052603327965647,8.420558239398819,2.623456790123457,33.60842726784756,0.6105743424584005,0.03354804079441761,4.30756843800322,23.752012882447666,
132,20.725979602791195,2.167203435319377,4.019055287171229,8.380300590445518,2.623456790123457,33.467525496511,0.6105743424584005,0.03354804079441761,4.300858829844337,23.67149758454106,
133,21.14868491680086,2.167203435319377,3.9586688137412773,8.145464304884594,2.623456790123457,33.17230273752013,0.8923778851315083,0.03354804079441761,4.300858829844337,23.557434245840042,
134,21.75925925925926,2.1604938271604937,3.9049919484702094,8.07836822329576,2.6033279656468062,32.588566827697264,0.8521202361782072,0.03354804079441761,4.53569511540526,23.483628556092324,
135,22.25577026301664,2.147074610842727,3.8848631239935587,8.051529790660226,2.6033279656468062,32.32018250134192,0.8521202361782072,0.03354804079441761,4.502147074610843,23.349436392914654,
136,22.510735373054214,2.147074610842727,5.146269457863661,8.011272141706923,2.6033279656468062,31.333870101986044,0.8319914117015567,0.03354804079441761,4.180085882984434,23.201825013419217,
137,23.013955984970476,2.147074610842727,4.924852388620504,8.293075684380032,2.563070316693505,31.03864734299517,0.8319914117015567,0.03354804079441761,4.159957058507783,22.993827160493826,
138,19.45115405260333,14.278046162104133,4.247181964573269,9.64170692431562,2.3081052066559313,29.87788513150832,0.5367686527106817,0.03354804079441761,3.730542136339238,15.895061728395062,
139,19.92753623188406,14.184111647879764,4.193505099302201,9.567901234567902,2.3081052066559313,29.582662372517444,0.5367686527106817,0.03354804079441761,3.7909286097691894,15.874932903918411,
140,20.363660762211488,14.163982823403114,4.186795491143317,9.567901234567902,2.4557165861513686,29.1935050993022,0.5367686527106817,0.03354804079441761,3.7640901771336552,15.734031132581856,
141,20.819914117015568,14.103596349973161,4.435050993022007,9.50751476113795,2.442297369833602,28.858024691358025,0.7179280730005367,0.03354804079441761,3.743961352657005,15.33816425120773,
142,21.20907139023081,13.875469672571121,4.428341384863124,9.480676328502415,2.442297369833602,28.60305958132045,0.8521202361782072,0.03354804079441761,3.743961352657005,15.331454643048845,
143,19.229736983360173,13.801663982823403,4.643048845947397,8.943907675791733,2.214170692431562,34.41358024691358,0.8521202361782072,0.03354804079441761,3.0730005367686526,12.795222758990874,
144,19.726247987117553,13.747987117552334,4.643048845947397,8.756038647342995,2.1940418679549114,34.01100375738057,1.1540526033279657,0.03354804079441761,3.0595813204508855,12.674449812130971,
145,20.162372517444982,13.667471819645733,4.622920021470746,8.702361782071927,2.1940418679549114,33.823134728931834,1.133923778851315,0.03354804079441761,3.0059044551798175,12.654320987654321,
146,20.323403113258184,13.607085346215781,5.736714975845411,8.668813741277509,2.1739130434782608,33.581588835212024,1.1205045625335481,0.03354804079441761,2.9723564143853998,11.782071926999464,
147,20.813204508856682,13.533279656468062,5.71658615136876,8.641975308641975,2.147074610842727,33.313204508856685,1.1205045625335481,0.03354804079441761,2.9723564143853998,11.708266237251744,
148,20.551529790660226,12.795222758990874,5.803811057434245,8.568169618894256,2.01959205582394,35.46027911969941,1.2546967257112185,0.03354804079441761,2.8784219001610305,10.63472893183038,
149,20.974235104669887,12.734836285560924,5.790391841116479,8.53462157809984,2.01959205582394,35.11137949543747,1.2345679012345678,0.03354804079441761,3.012614063338701,10.554213633923778,
150,21.289586688137412,11.741814278046162,7.105475040257649,8.480944712828771,2.006172839506173,34.70209339774557,1.2077294685990339,0.03354804079441761,2.9924852388620504,10.44015029522276,
151,21.692163177670423,11.52710681696189,7.011540526033279,9.420289855072463,1.8317230273752012,33.87010198604401,1.3419216317767042,0.03354804079441761,2.985775630703167,10.285829307568438,
152,21.91358024691358,11.486849168008588,6.910896403650026,9.359903381642512,2.100107353730542,33.682232957595275,1.402308105206656,0.03354804079441761,2.965646806226516,10.144927536231885,
153,20.068438003220614,9.178743961352657,6.991411701556629,8.279656468062266,3.878153515834675,31.642512077294686,1.3150831991411702,0.03354804079441761,2.8515834675254963,15.76086956521739,
154,20.242887815351583,8.064949006977992,7.125603864734299,9.668545356951155,3.864734299516908,31.548577563070317,1.3150831991411702,0.03354804079441761,2.8381642512077296,15.297906602254429,
155,20.699141170155663,8.044820182501342,7.058507783145465,9.588030059044552,3.8311862587224907,31.36070853462158,1.3016639828234031,0.03354804079441761,2.8381642512077296,15.24422973698336,
156,19.961084272678477,7.971014492753623,7.071926999463232,9.205582393988191,3.8311862587224907,32.890499194847024,1.4492753623188406,0.03354804079441761,2.657004830917874,14.928878153515834,
157,20.356951154052602,7.917337627482555,7.051798174986581,9.178743961352657,3.8177670424047236,32.63553408480945,1.415727321524423,0.03354804079441761,2.8247450348899625,14.76784755770263,
158,20.605206655931294,7.50805152979066,7.75630703166935,9.151905528717123,3.750670960815888,32.37385936661299,1.3955984970477724,0.03354804079441761,2.791196994095545,14.63365539452496,
159,21.18894256575416,7.501341921631776,7.702630166398282,9.064680622651638,3.7238325281803544,32.09205582393988,1.3888888888888888,0.03354804079441761,2.7777777777777777,14.526301663982823,
160,21.638486312399355,7.4208266237251745,7.749597423510467,8.977455716586151,3.69699409554482,31.682769726247987,1.328502415458937,0.03354804079441761,2.985775630703167,14.486044015029522,
161,21.880032206119164,7.4141170155662905,7.675791733762749,8.957326892109501,3.6634460547504024,31.57541599570585,1.328502415458937,0.03354804079441761,2.985775630703167,14.486044015029522,
162,22.497316156736446,7.380568974771873,7.635534084809447,8.816425120772946,3.629898013955985,31.32716049382716,1.328502415458937,0.03354804079441761,2.952227589908749,14.398819108964037,
163,22.041062801932366,7.333601717659689,7.454374664519592,8.756038647342995,4.032474503488996,29.045893719806763,1.328502415458937,0.03354804079441761,2.6972624798711755,17.277241009125067,
164,22.16183574879227,7.139023081052066,7.353730542136339,8.715780998389693,4.569243156199678,28.898282340311326,1.328502415458937,0.03354804079441761,2.677133655394525,17.122920021470748,
165,22.571121846484164,7.112184648416532,7.266505636070853,8.68894256575416,4.53569511540526,28.703703703703702,1.3016639828234031,0.03354804079441761,2.6637144390767578,17.122920021470748,
166,22.899892646269457,7.058507783145465,7.226247987117552,8.668813741277509,4.528985507246377,28.63660762211487,1.3016639828234031,0.03354804079441761,2.6637144390767578,16.982018250134193,
167,22.550993022007514,7.0383789586688135,7.199409554482019,8.635265700483092,4.441760601180891,26.133923778851315,1.3016639828234031,0.08051529790660225,2.6637144390767578,19.95437466451959,
168,22.933440687063875,7.018250134192163,7.051798174986581,8.340042941492216,4.408212560386473,25.959473966720342,1.7847557702630166,0.08051529790660225,2.6637144390767578,19.75979602791197,
169,23.13472893183038,7.018250134192163,6.957863660762212,10.648148148148149,4.408212560386473,25.469672571121848,1.7847557702630166,0.08051529790660225,2.6502952227589907,17.847557702630166,
170,23.470209339774556,6.977992485238862,6.9310252281266775,10.57434245840043,4.408212560386473,25.37573805689748,1.778046162104133,0.08051529790660225,2.6167471819645733,17.787171229200215,
171,23.785560923242084,6.957863660762212,6.890767579173376,10.554213633923778,4.408212560386473,25.167740203972087,1.778046162104133,0.08051529790660225,2.6167471819645733,17.76033279656468,
172,24.235104669887278,6.904186795491143,7.112184648416532,10.433440687063875,4.3478260869565215,25.087224906065487,1.778046162104133,0.05367686527106817,2.5966183574879227,17.45169082125604,
173,24.134460547504027,6.904186795491143,6.890767579173376,10.420021470746109,4.300858829844337,24.40955448201825,1.724369296833065,0.05367686527106817,2.5831991411701556,18.57890499194847,
174,24.778582930756844,6.8035426731078905,6.984702093397746,10.312667740203972,4.300858829844337,24.16129898013956,1.710950080515298,0.05367686527106817,2.5831991411701556,18.310520665593128,
175,24.92619431025228,6.568706387546968,7.185990338164252,10.138217928073,4.555823939881911,23.980139559849704,1.710950080515298,0.05367686527106817,2.5831991411701556,18.297101449275363,
176,25.161030595813205,6.5552871712292005,7.152442297369833,10.077831454643048,4.555823939881911,23.89291465378422,1.8853998926462694,0.05367686527106817,2.576489533011272,18.089103596349972,
177,25.38244766505636,6.528448738593666,7.179280730005368,10.272410091250672,4.408212560386473,23.839237788513152,1.8719806763285025,0.05367686527106817,2.5563607085346214,17.907944176060116,
178,25.93263553408481,6.501610305958132,7.125603864734299,10.245571658615138,4.394793344068707,23.66478797638218,1.8518518518518519,0.05367686527106817,2.5295222758990876,17.69994632313473,
179,26.127214170692433,6.494900697799249,7.273215244229737,10.560923242082662,4.394793344068707,23.349436392914654,1.8250134192163177,0.03354804079441761,2.3886205045625335,17.55233494363929,
180,26.402308105206657,6.4412238325281805,7.239667203435319,10.560923242082662,4.38137412775094,23.282340311325818,1.8250134192163177,0.03354804079441761,2.368491680085883,17.465110037573805,
181,26.690821256038646,6.4345142243692965,7.306763285024155,10.359634997316157,4.51556629092861,22.913311862587225,1.8250134192163177,0.03354804079441761,2.536231884057971,17.384594739667204,
182,26.972624798711756,6.427804616210413,7.239667203435319,10.674986580783683,4.488727858293076,22.73215244229737,1.8250134192163177,0.03354804079441761,2.522812667740204,17.082662372517444,
183,27.34165324745035,6.407675791733762,7.152442297369833,10.607890499194847,4.488727858293076,22.584541062801932,1.8250134192163177,0.03354804079441761,2.522812667740204,17.03569511540526,
184,27.68384326355341,6.340579710144928,7.152442297369833,10.540794417606012,4.468599033816425,22.490606548577563,1.8183038110574343,0.03354804079441761,2.4892646269457863,16.982018250134193,
185,27.51610305958132,6.340579710144928,7.347020933977456,11.480139559849706,4.441760601180891,21.994095544820183,1.5499194847020934,0.03354804079441761,2.4221685453569513,16.874664519592056,
186,27.657004830917874,6.320450885668277,8.165593129361245,11.285560923242082,4.408212560386473,21.967257112184647,1.5365002683843263,0.03354804079441761,2.408749329039184,16.21712292002147,
187,27.77777777777778,6.320450885668277,8.413848631239935,11.272141706924316,4.361245303274289,21.672034353193773,1.5365002683843263,0.03354804079441761,2.5295222758990876,16.0829307568438,
188,27.549651100375737,6.260064412238325,8.400429414922169,11.285560923242082,4.3478260869565215,21.497584541062803,1.3016639828234031,0.03354804079441761,2.703972088030059,16.61969940955448,
189,27.78448738593666,6.1929683306494905,8.601717659688674,11.211755233494364,4.334406870638754,21.4170692431562,1.6908212560386473,0.03354804079441761,2.6435856146001075,16.089640365002683,
190,28.119967793880836,6.179549114331723,8.527911969940956,11.09098228663446,4.314278046162104,21.26945786366076,1.6572732152442298,0.1610305958132045,2.636876006441224,16.0426731078905,
191,28.31454643048846,6.179549114331723,8.487654320987655,11.077563070316694,4.294149221685454,21.235909822866343,1.6505636070853462,0.1610305958132045,2.6301663982823404,15.96886741814278,
192,28.60305958132045,6.099033816425121,8.447396672034353,11.064143853998926,4.274020397208803,21.195652173913043,1.6505636070853462,0.1610305958132045,2.6301663982823404,15.874932903918411,
193,28.878153515834676,6.072195383789587,8.393719806763285,11.057434245840042,4.274020397208803,21.101717659688674,1.6505636070853462,0.1610305958132045,2.6301663982823404,15.780998389694043,
194,29.045893719806763,6.052066559312936,8.61513687600644,10.997047772410092,4.253891572732153,20.92055823939882,1.6505636070853462,0.1610305958132045,2.6301663982823404,15.673644659151906,
195,29.21363392377885,6.025228126677402,8.655394524959743,10.903113258185721,4.240472356414386,20.50456253354804,1.6438539989264627,0.1610305958132045,3.0327428878153517,15.619967793880837,
196,28.951959205582394,5.58239398819109,8.695652173913043,10.856146001073537,4.64975845410628,19.95437466451959,1.6438539989264627,0.1610305958132045,2.8918411164787976,16.6129898013956,
197,28.951959205582394,5.58239398819109,8.454106280193237,10.621309715512615,5.421363392377885,19.77992485238862,1.6304347826086956,0.10735373054213634,2.8650026838432634,16.586151368760063,
198,29.32769726247987,5.548845947396672,8.393719806763285,10.567632850241546,5.414653784219001,19.6256038647343,1.6304347826086956,0.10735373054213634,2.8650026838432634,16.51905528717123,
199,29.367954911433173,5.548845947396672,8.393719806763285,10.829307568438002,5.347557702630167,19.618894256575416,1.6170155662909287,0.10735373054213634,2.85829307568438,16.31105743424584,
200,29.59608158883521,5.548845947396672,8.36688137412775,10.775630703166936,5.3341384863123995,19.558507783145465,1.5901771336553945,0.10735373054213634,2.85829307568438,16.264090177133657,
201,29.522275899087493,5.35426731078905,8.494363929146537,11.158078368223295,5.320719269994632,19.370638754696724,1.6975308641975309,0.10735373054213634,2.918679549114332,16.056092324208265,
202,29.70343531937735,5.260332796564681,8.548040794417606,11.11111111111111,5.3274288781535155,19.155931293612454,1.9457863660762211,0.07380568974771873,2.8784219001610305,15.995705850778315,
203,29.864465915190554,5.186527106816962,8.527911969940956,11.104401502952227,5.3274288781535155,19.11567364465915,1.9457863660762211,0.07380568974771873,2.871712292002147,15.982286634460548,
204,29.95169082125604,5.146269457863661,8.380300590445518,11.66129898013956,5.159688674181428,18.94122383252818,1.8853998926462694,0.07380568974771873,2.871712292002147,15.92860976918948,
205,30.387815351583466,5.132850241545894,8.246108427267847,11.580783682232958,5.280461621041331,18.88083735909823,1.8384326355340848,0.07380568974771873,2.871712292002147,15.707192699946322,
206,30.575684380032207,5.132850241545894,8.225979602791197,11.54723564143854,5.280461621041331,18.699677938808374,1.8183038110574343,0.07380568974771873,3.2004830917874396,15.445517981749866,
207,30.776972624798713,5.132850241545894,8.225979602791197,11.513687600644122,5.226784755770263,18.47826086956522,1.7847557702630166,0.07380568974771873,3.4286097691894795,15.35829307568438,
208,30.95813204508857,5.10601180891036,8.205850778314547,11.466720343531938,5.213365539452496,18.471551261406333,1.7847557702630166,0.07380568974771873,3.4017713365539453,15.318035426731079,
209,31.30703166935051,5.092592592592593,8.125335480407944,11.406333870101985,5.173107890499195,18.411164787976382,1.7847557702630166,0.07380568974771873,3.388352120236178,15.237520128824476,
210,31.508319914117017,5.092592592592593,8.091787439613526,11.366076221148685,5.139559849704777,18.38432635534085,1.7847557702630166,0.07380568974771873,3.361513687600644,15.197262479871176,
211,31.676060118089104,5.092592592592593,8.031400966183575,11.513687600644122,5.112721417069243,18.303811057434245,1.778046162104133,0.05367686527106817,3.307836822329576,15.13016639828234,
212,31.863929146537842,5.072463768115942,7.997852925389157,11.43317230273752,5.112721417069243,18.270263016639827,1.778046162104133,0.05367686527106817,3.294417606011809,15.123456790123457,
213,31.662640901771336,5.072463768115942,8.299785292538916,11.634460547504025,4.7101449275362315,18.203166935050994,1.778046162104133,0.05367686527106817,3.294417606011809,15.291196994095545,
214,31.904186795491142,5.072463768115942,8.507783145464305,11.553945249597424,4.696725711218465,18.00858829844337,1.778046162104133,0.05367686527106817,3.2877079978529253,15.136876006441224,
215,31.689479334406872,5.018786902844874,8.769457863660762,12.104133118625873,4.455179817498658,17.807300053676865,1.778046162104133,0.05367686527106817,3.2139023081052067,15.11003757380569,
216,31.83709071390231,4.931561996779388,8.836553945249598,12.030327428878154,4.455179817498658,17.773752012882447,1.778046162104133,0.05367686527106817,3.207192699946323,15.096618357487923,
217,32.19940955448202,4.904723564143854,8.903650026838433,11.81561996779388,4.260601180891036,17.733494363929147,1.737788513150832,0.05367686527106817,3.4822866344605474,14.908749329039184,
218,32.447665056360705,4.898013955984971,8.849973161567364,11.728395061728396,4.260601180891036,17.60601180891036,1.737788513150832,0.05367686527106817,3.9855072463768115,14.432367149758454,
219,32.776435856146,4.851046698872786,8.769457863660762,11.674718196457327,4.260601180891036,17.559044551798173,1.737788513150832,0.04696725711218465,3.9855072463768115,14.338432635534085,
220,32.306763285024154,4.817498658078368,8.59500805152979,11.654589371980677,4.2270531400966185,19.699409554482017,1.288244766505636,0.040257648953301126,3.81105743424584,13.560118089103597,
221,32.48121309715513,4.730273752012883,8.474235104669887,11.647879763821793,4.3545356951154055,19.679280730005367,1.288244766505636,0.040257648953301126,3.7909286097691894,13.513150831991412,
