,45,50,51,52,55,54,56,53,57,58
0,100.0,,,,,,,,,
1,99.08749329039185,0.9125067096081588,,,,,,,,
2,98.89291465378422,1.107085346215781,,,,,,,,
3,93.06897477187333,6.9310252281266775,,,,,,,,
4,93.06897477187333,6.9310252281266775,,,,,,,,
5,87.56038647342996,12.439613526570048,,,,,,,,
6,87.25174449812131,12.74825550187869,,,,,,,,
7,86.40633387010199,13.43263553408481,0.1610305958132045,,,,,,,
8,86.11111111111111,13.727858293075684,0.1610305958132045,,,,,,,
9,86.12453032742887,13.714439076757918,0.1610305958132045,,,,,,,
10,85.98362855609233,13.855340848094471,0.1610305958132045,,,,,,,
11,84.21229200214708,13.09044551798175,0.1610305958132045,2.536231884057971,,,,,,
12,83.89694041867955,13.291733762748256,0.1610305958132045,2.6502952227589907,,,,,,
13,83.9975845410628,13.238056897477188,0.1610305958132045,2.6033279656468062,,,,,,
14,83.99087493290392,12.694578636607622,2.167203435319377,1.1473429951690821,,,,,,
15,66.76060118089103,29.958400429414922,2.13365539452496,1.1473429951690821,,,,,,
16,66.70692431561997,30.01207729468599,2.13365539452496,1.1473429951690821,,,,,,
17,64.9422973698336,31.776704240472355,2.13365539452496,1.1473429951690821,,,,,,
18,62.795222758990874,33.93719806763285,2.120236178207193,1.1473429951690821,,,,,,
19,62.795222758990874,33.93719806763285,2.120236178207193,1.1473429951690821,,,,,,
20,62.815351583467525,33.9170692431562,2.120236178207193,1.1473429951690821,,,,,,
21,58.541331186258724,35.99704777241009,4.314278046162104,1.1473429951690821,,,,,,
22,54.67659688674181,39.761137949543745,4.200214707461084,1.1473429951690821,0.2147074610842727,,,,,
23,54.790660225442835,39.64707461084273,4.200214707461084,1.1473429951690821,0.2147074610842727,,,,,
24,54.730273752012884,38.62721417069243,5.314009661835748,1.1137949543746646,0.2147074610842727,,,,,
25,54.8040794417606,38.28502415458937,5.314009661835748,1.1137949543746646,0.18115942028985507,0.30193236714975846,,,,
26,49.644390767579175,39.98926462694579,8.769457863660762,1.1137949543746646,0.18115942028985507,0.30193236714975846,,,,
27,49.57729468599034,40.05636070853462,8.769457863660762,1.1137949543746646,0.18115942028985507,0.30193236714975846,,,,
28,49.745034889962426,39.88862050456253,8.769457863660762,1.1137949543746646,0.18115942028985507,0.30193236714975846,,,,
29,49.89935587761675,39.741009125067094,8.76274825550188,1.1137949543746646,0.18115942028985507,0.30193236714975846,,,,
30,42.88781535158347,48.309178743961354,8.319914117015566,,0.18115942028985507,0.30193236714975846,,,,
31,42.81400966183575,48.24208266237252,8.266237251744498,,0.18115942028985507,0.49651100375738055,,,,
32,42.51878690284487,47.56441223832528,8.225979602791197,1.0131508319914118,0.18115942028985507,0.49651100375738055,,,,
33,42.49865807836822,43.625872249060656,8.225979602791197,4.656468062265164,0.18115942028985507,0.49651100375738055,0.3153515834675255,,,
34,41.17015566290929,44.73295759527644,8.111916264090176,4.656468062265164,0.5166398282340311,0.49651100375738055,0.3153515834675255,,,
35,41.30434782608695,44.73295759527644,7.977724100912507,4.656468062265164,0.5166398282340311,0.49651100375738055,0.3153515834675255,,,
36,41.30434782608695,44.73295759527644,7.977724100912507,4.602791196994096,0.5166398282340311,0.5501878690284487,0.3153515834675255,,,
37,41.2842190016103,42.68652710681696,7.96430488459474,4.602791196994096,2.0397208803005906,1.107085346215781,0.3153515834675255,,,
38,41.378153515834676,41.358024691358025,7.96430488459474,4.602791196994096,3.2742887815351582,1.107085346215781,0.3153515834675255,,,
39,41.39157273215244,41.22383252818035,7.96430488459474,4.5893719806763285,3.408480944712829,1.107085346215781,0.3153515834675255,,,
40,39.38539989264627,42.1027911969941,7.96430488459474,4.448470209339774,3.5963499731615673,2.24771873322598,0.2549651100375738,,,
41,39.439076757917334,42.07595276435856,7.628824476650563,4.448470209339774,3.9318303811057436,2.2208803005904456,0.2549651100375738,,,
42,39.472624798711756,41.52576489533011,7.628824476650563,4.441760601180891,2.885131508319914,2.2208803005904456,0.24825550187869028,1.5767579173376274,,
43,39.59339774557166,40.76086956521739,7.628824476650563,4.414922168545357,2.8650026838432634,3.1333870101986045,0.24825550187869028,1.3553408480944713,,
44,37.40606548577563,42.7536231884058,7.628824476650563,3.1468062265163717,3.066290928609769,3.099838969404187,0.24825550187869028,2.6502952227589907,,
45,37.43961352657005,42.7536231884058,7.595276435856146,3.1468062265163717,3.066290928609769,3.099838969404187,0.24825550187869028,2.6502952227589907,,
46,37.41277509393451,42.48523886205046,7.595276435856146,3.3682232957595275,3.140096618357488,3.099838969404187,0.24825550187869028,2.6502952227589907,,
47,36.922973698336016,41.277509393451425,8.480944712828771,3.3682232957595275,3.140096618357488,3.911701556629093,0.24825550187869028,2.6502952227589907,,
48,36.08427267847558,41.988727858293075,8.628556092324208,3.3480944712828773,3.140096618357488,3.911701556629093,0.24825550187869028,2.6502952227589907,,
49,36.15807836822329,41.41170155662909,8.917069243156199,3.3480944712828773,3.3682232957595275,3.69699409554482,0.24825550187869028,2.8515834675254963,,
50,36.33923778851315,41.26409017713365,8.910359634997317,3.3480944712828773,3.3413848631239937,3.69699409554482,0.24825550187869028,2.8515834675254963,,
51,35.33279656468062,39.07675791733763,8.467525496511003,7.024959742351046,3.7104133118625873,3.69699409554482,0.24825550187869028,2.442297369833602,,
52,35.35963499731616,39.049919484702095,8.467525496511003,7.024959742351046,3.7104133118625873,3.69699409554482,0.24825550187869028,2.442297369833602,,
53,35.40660225442834,39.029790660225444,8.460815888352121,7.024959742351046,3.7104133118625873,3.6768652710681695,0.24825550187869028,2.442297369833602,,
54,34.38003220611916,39.754428341384866,8.447396672034353,7.024959742351046,4.025764895330113,3.6768652710681695,0.24825550187869028,2.442297369833602,,
55,34.6081588835212,39.55314009661836,8.447396672034353,7.024959742351046,4.025764895330113,3.6768652710681695,0.24825550187869028,2.4154589371980677,,
56,34.58803005904455,37.70799785292539,8.447396672034353,7.024959742351046,2.6972624798711755,7.018250134192163,0.24825550187869028,2.26784755770263,,
57,34.19887278582931,37.493290391841114,7.716049382716049,8.702361782071927,2.6972624798711755,6.6760601180891035,0.24825550187869028,2.26784755770263,,
58,34.44041867954911,37.41277509393451,7.716049382716049,8.702361782071927,2.6972624798711755,6.649221685453569,0.24825550187869028,2.13365539452496,,
59,28.985507246376812,45.276435856146,7.716049382716049,8.085077831454644,2.7241009125067097,5.146269457863661,,2.0665593129361244,,
60,29.166666666666668,44.65244229736983,7.716049382716049,8.044820182501342,3.207192699946323,5.146269457863661,,2.0665593129361244,,
61,27.965646806226516,45.92055823939882,7.669082125603865,7.897208803005904,3.33467525496511,5.146269457863661,,2.0665593129361244,,
62,28.267579173376276,45.6454643048846,7.669082125603865,7.877079978529254,3.3279656468062266,5.146269457863661,,2.0665593129361244,,
63,28.24074074074074,45.21604938271605,7.628824476650563,7.877079978529254,3.824476650563607,5.146269457863661,,2.0665593129361244,,
64,28.307836822329577,45.148953301127214,7.628824476650563,7.877079978529254,3.824476650563607,5.146269457863661,,2.0665593129361244,,
65,28.435319377348364,44.89398819108964,7.628824476650563,7.877079978529254,3.824476650563607,5.280461621041331,,2.059849704777241,,
66,27.771068169618893,42.20343531937735,10.983628556092324,7.877079978529254,3.824476650563607,5.280461621041331,,2.059849704777241,,
67,27.91867954911433,41.988727858293075,10.929951690821255,7.75630703166935,4.066022544283414,5.280461621041331,,2.059849704777241,,
68,27.74422973698336,42.16317767042405,10.929951690821255,7.75630703166935,4.066022544283414,5.280461621041331,,2.059849704777241,,
69,27.791196994095547,42.11621041331186,10.929951690821255,7.75630703166935,4.341116478797638,5.032206119162641,,2.033011272141707,,
70,27.885131508319915,42.01556629092861,10.923242082662373,7.769726247987117,4.341116478797638,5.032206119162641,,2.033011272141707,,
71,27.932098765432098,41.700214707461086,10.896403650026839,7.997852925389157,4.314278046162104,5.159688674181428,,1.9994632313472893,,
72,27.965646806226516,41.626409017713364,10.896403650026839,7.997852925389157,4.200214707461084,5.314009661835748,,1.9994632313472893,,
73,27.865002683843265,40.59983896940419,10.869565217391305,7.977724100912507,5.4549114331723025,5.233494363929147,,1.9994632313472893,,
74,27.435587761674718,41.06951154052604,10.869565217391305,7.971014492753623,5.434782608695652,5.22007514761138,,1.9994632313472893,,
75,27.623456790123456,40.92190016103059,10.869565217391305,7.971014492753623,5.407944176060118,5.2066559312936125,,1.9994632313472893,,
76,27.750939345142243,40.76086956521739,10.869565217391305,7.944176060118089,5.46833064949007,5.2066559312936125,,1.9994632313472893,,
77,27.65029522275899,39.84836285560923,11.453301127214171,8.252818035426731,5.35426731078905,5.441492216854535,,1.9994632313472893,,
78,27.710681696188942,37.25174449812131,11.131239935587761,7.011540526033279,5.045625335480408,6.810252281266774,,5.038915727321524,,
79,27.771068169618893,37.23161567364466,11.104401502952227,7.011540526033279,5.045625335480408,6.810252281266774,,5.025496511003757,,
80,27.938808373590984,37.19135802469136,11.057434245840042,7.011540526033279,5.032206119162641,6.743156199677939,,5.025496511003757,,
81,24.490069779924852,37.1309715512614,14.392109500805153,6.998121309715513,5.233494363929147,6.488191089640365,,5.267042404723564,,
82,24.52361782071927,37.11755233494364,14.392109500805153,6.998121309715513,5.213365539452496,6.488191089640365,,5.267042404723564,,
83,24.966451959205582,36.69484702093398,14.392109500805153,6.998121309715513,4.918142780461621,6.78341384863124,,5.246913580246914,,
84,25.06038647342995,36.594202898550726,14.392109500805153,6.964573268921095,4.87788513150832,6.89747718733226,,5.213365539452496,,
85,25.087224906065487,36.312399355877616,14.472624798711756,7.139023081052066,4.87788513150832,6.89747718733226,,5.213365539452496,,
86,25.42270531400966,36.02388620504563,14.371980676328503,7.051798174986581,4.87788513150832,6.89747718733226,,5.35426731078905,,
87,25.389157273215243,35.849436392914654,14.371980676328503,7.051798174986581,5.159688674181428,7.018250134192163,,5.159688674181428,,
88,25.234836285560924,35.950080515297905,13.539989264626946,7.051798174986581,5.0858829844337095,6.998121309715513,,6.139291465378422,,
89,25.11406333870102,36.10440150295223,13.539989264626946,7.018250134192163,5.0858829844337095,6.998121309715513,,6.139291465378422,,
90,24.92619431025228,36.33923778851315,13.539989264626946,7.018250134192163,5.038915727321524,6.998121309715513,,6.139291465378422,,
91,25.02012882447665,36.24530327428878,13.539989264626946,7.018250134192163,5.038915727321524,6.998121309715513,,6.139291465378422,,
92,25.11406333870102,36.07085346215781,13.539989264626946,7.018250134192163,5.119431025228127,6.998121309715513,,6.139291465378422,,
93,25.0402576489533,35.92324208266237,13.539989264626946,6.977992485238862,5.119431025228127,6.998121309715513,,6.400966183574879,,
94,25.046967257112186,35.86285560923242,13.539989264626946,6.89747718733226,5.119431025228127,7.132313472893183,,6.400966183574879,,
95,25.0805152979066,35.86285560923242,13.539989264626946,6.884057971014493,5.119431025228127,7.132313472893183,,6.380837359098229,,
96,24.58400429414922,35.567632850241544,11.520397208803006,10.151637144390767,4.528985507246377,7.125603864734299,0.14090177133655393,6.380837359098229,,
97,23.765432098765434,34.286097691894796,11.506977992485238,13.110574342458401,4.314278046162104,6.494900697799249,0.14090177133655393,6.380837359098229,,
98,23.89291465378422,34.252549651100374,11.506977992485238,13.110574342458401,4.314278046162104,6.494900697799249,0.14090177133655393,6.286902844873859,,
99,24.00697799248524,34.13848631239936,11.506977992485238,13.110574342458401,4.314278046162104,6.494900697799249,0.14090177133655393,6.286902844873859,,
100,22.873054213633925,35.39318303811057,11.399624261943103,13.110574342458401,4.314278046162104,6.494900697799249,0.14090177133655393,6.273483628556092,,
101,23.060923242082662,35.178475577026305,11.399624261943103,12.882447665056361,4.40150295222759,6.494900697799249,0.14090177133655393,6.4412238325281805,,
102,23.181696188942567,35.15163714439077,11.386205045625335,12.882447665056361,4.388083735909823,6.4345142243692965,0.14090177133655393,6.4345142243692965,,
103,23.356146001073537,35.07112184648417,11.325818572195384,12.855609232420827,4.388083735909823,6.4345142243692965,0.14090177133655393,6.427804616210413,,
104,23.403113258185723,34.41358024691358,11.178207192699947,13.7211486849168,4.374664519592056,6.347289318303811,0.14090177133655393,6.421095008051529,,
105,23.443370907139023,34.41358024691358,11.178207192699947,13.6808910359635,4.374664519592056,6.347289318303811,0.14090177133655393,6.421095008051529,,
106,23.49704777241009,34.35990338164251,11.178207192699947,13.6808910359635,4.374664519592056,6.347289318303811,0.14090177133655393,6.421095008051529,,
107,23.691626409017715,34.19887278582931,10.715244229736983,13.627214170692431,4.374664519592056,6.327160493827161,0.14090177133655393,6.9243156199677935,,
108,23.74530327428878,34.15861513687601,10.715244229736983,13.613794954374665,4.374664519592056,6.327160493827161,0.14090177133655393,6.9243156199677935,,
109,23.872785829307567,34.09822866344606,10.715244229736983,13.593666129898015,4.374664519592056,6.280193236714976,0.14090177133655393,6.9243156199677935,,
110,23.91304347826087,34.05797101449275,10.715244229736983,13.593666129898015,4.374664519592056,6.280193236714976,0.14090177133655393,6.9243156199677935,,
111,23.49704777241009,33.722490606548575,12.345679012345679,12.855609232420827,4.374664519592056,6.139291465378422,0.14090177133655393,6.9243156199677935,,
112,23.63123993558776,33.44068706387547,12.332259796027913,13.130703166935051,4.3545356951154055,6.139291465378422,0.14090177133655393,6.830381105743425,,
113,23.64465915190553,33.4272678475577,12.332259796027913,13.130703166935051,4.3545356951154055,6.139291465378422,0.14090177133655393,6.830381105743425,,
114,21.470746108427267,29.394793344068706,23.309178743961354,10.285829307568438,4.361245303274289,5.783682232957595,0.14090177133655393,5.253623188405797,,
115,21.64519592055824,29.240472356414386,23.10789049919485,10.782340311325818,4.28743961352657,5.542136339237788,0.14090177133655393,5.253623188405797,,
116,21.752549651100377,29.200214707461082,22.819377348362856,11.252012882447666,4.03918411164788,5.542136339237788,0.14090177133655393,5.253623188405797,,
117,21.752549651100377,29.1532474503489,22.953569511540525,11.16478797638218,4.03918411164788,5.542136339237788,0.14090177133655393,5.253623188405797,,
118,22.23564143853999,28.529253891572733,22.82608695652174,11.16478797638218,4.30756843800322,5.542136339237788,0.14090177133655393,5.253623188405797,,
119,22.19538378958669,27.4020397208803,22.79253891572732,11.124530327428879,4.2203435319377345,5.542136339237788,0.14090177133655393,6.582125603864735,,
120,21.792807300053678,27.87842190016103,22.785829307568438,11.124530327428879,4.186795491143317,5.542136339237788,0.14090177133655393,6.5485775630703165,,
121,21.806226516371442,27.865002683843265,22.785829307568438,11.124530327428879,4.186795491143317,5.542136339237788,0.14090177133655393,6.5485775630703165,,
122,21.511003757380568,27.999194847020934,22.77241009125067,11.05072463768116,4.3545356951154055,5.528717122920021,0.14090177133655393,6.642512077294686,,
123,21.651905528717123,27.690552871712292,22.705314009661837,10.983628556092324,4.3545356951154055,5.528717122920021,0.14090177133655393,6.944444444444445,,
124,22.108158883521202,27.576489533011273,22.322866344605476,11.238593666129898,4.3545356951154055,5.528717122920021,0.14090177133655393,6.729736983360172,,
125,22.41009125067096,27.38191089640365,22.289318303811058,11.238593666129898,4.320987654320987,5.508588298443371,0.14090177133655393,6.709608158883521,,
126,22.376543209876544,26.529790660225444,20.913848631239937,12.661030595813205,3.9989264626945786,5.186527106816962,0.14090177133655393,8.192431561996779,,
127,22.41009125067096,26.42914653784219,20.90042941492217,12.661030595813205,4.079441760601181,5.186527106816962,0.14090177133655393,8.192431561996779,,
128,22.591250670960815,26.34863123993559,20.86688137412775,12.661030595813205,4.079441760601181,5.146269457863661,0.14090177133655393,8.165593129361245,,
129,22.48389694041868,26.02657004830918,20.477724100912507,12.661030595813205,4.49543746645196,5.146269457863661,0.14090177133655393,8.568169618894256,,
130,22.27589908749329,25.717928073000536,20.477724100912507,12.661030595813205,4.240472356414386,4.53569511540526,0.14090177133655393,9.950348899624261,,
131,22.342995169082126,25.691089640365004,20.477724100912507,12.620772946859903,4.240472356414386,4.53569511540526,0.14090177133655393,9.950348899624261,,
132,22.490606548577563,25.650831991411703,20.276435856146,12.620772946859903,4.5893719806763285,4.53569511540526,0.13419216317767044,9.702093397745571,,
133,22.5577026301664,25.617283950617285,20.00805152979066,12.587224906065487,4.575952764358561,4.8376274825550185,0.13419216317767044,9.681964573268921,,
134,22.65163714439077,25.597155126140635,19.981213097155127,12.5402576489533,4.575952764358561,4.8376274825550185,0.13419216317767044,9.681964573268921,,
135,22.624798711755233,25.644122383252817,19.981213097155127,12.5402576489533,4.569243156199678,4.8376274825550185,0.13419216317767044,9.668545356951155,,
136,22.852925389157274,25.02012882447665,19.652442297369834,13.063607085346217,4.549114331723027,5.159688674181428,0.13419216317767044,9.567901234567902,,
137,22.940150295222757,24.97987117552335,19.618894256575416,13.063607085346217,4.508856682769726,5.159688674181428,0.13419216317767044,9.594739667203436,,
138,23.201825013419217,24.745034889962426,19.504830917874397,12.93612453032743,4.49543746645196,5.401234567901234,0.13419216317767044,9.581320450885668,,
139,23.1682769726248,24.60413311862587,19.310252281266774,12.74825550187869,4.555823939881911,4.938271604938271,0.13419216317767044,10.540794417606012,,
140,23.1280193236715,24.537037037037038,19.41760601180891,12.74825550187869,4.555823939881911,4.938271604938271,0.13419216317767044,10.540794417606012,,
141,23.081052066559312,24.40955448201825,19.39747718733226,12.74825550187869,4.555823939881911,4.911433172302737,0.13419216317767044,10.762211486849168,,
142,23.403113258185723,24.349168008588297,19.182769726247987,12.734836285560924,4.555823939881911,4.87788513150832,0.13419216317767044,10.762211486849168,,
143,23.517176596886742,24.308910359634996,19.182769726247987,12.694578636607622,4.555823939881911,4.85775630703167,0.13419216317767044,10.748792270531402,,
144,23.617820719269993,24.308910359634996,19.162640901771336,12.76838432635534,4.508856682769726,4.85775630703167,0.13419216317767044,10.641438539989265,,
145,23.772141706924316,24.261943102522814,19.108964036500268,12.76838432635534,4.488727858293076,4.8376274825550185,0.13419216317767044,10.628019323671497,,
146,24.154589371980677,24.228395061728396,18.887546967257112,12.70799785292539,4.488727858293076,4.8376274825550185,0.13419216317767044,10.560923242082662,,
147,24.12104133118626,24.214975845410628,18.820450885668276,13.593666129898015,3.7909286097691894,4.8376274825550185,0.13419216317767044,10.487117552334944,,
148,24.56387546967257,24.040526033279658,18.800322061191626,13.446054750402576,3.6231884057971016,4.817498658078368,0.13419216317767044,10.36634460547504,0.20799785292538917,
149,24.704777241009126,23.403113258185723,16.552603327965645,15.559581320450885,4.28743961352657,4.810789049919484,0.13419216317767044,10.339506172839506,0.20799785292538917,
150,24.838969404186795,23.26892109500805,16.445249597423512,15.304616210413311,4.28743961352657,5.025496511003757,0.13419216317767044,10.487117552334944,0.20799785292538917,
151,23.463499731615673,22.457058507783145,25.97289318303811,9.588030059044552,3.938539989264627,4.62962962962963,0.13419216317767044,9.608158883521202,0.20799785292538917,
152,23.658078368223297,22.383252818035427,25.905797101449274,9.588030059044552,3.911701556629093,4.62962962962963,0.13419216317767044,9.581320450885668,0.20799785292538917,
153,23.852657004830917,22.383252818035427,25.751476113794954,9.574610842726784,3.911701556629093,4.602791196994096,0.13419216317767044,9.581320450885668,0.20799785292538917,
154,23.960010735373054,22.31615673644659,25.711218464841654,9.574610842726784,3.911701556629093,4.602791196994096,0.13419216317767044,9.581320450885668,0.20799785292538917,
155,24.16129898013956,22.24235104669887,25.6105743424584,9.54777241009125,3.911701556629093,4.602791196994096,0.13419216317767044,9.581320450885668,0.20799785292538917,
156,24.422973698336016,22.148416532474503,25.55689747718733,9.514224369296834,3.911701556629093,4.522275899087493,0.13419216317767044,9.581320450885668,0.20799785292538917,
157,24.630971551261407,22.148416532474503,25.489801395598498,9.4873859366613,3.9049919484702094,4.508856682769726,0.13419216317767044,9.4873859366613,0.20799785292538917,
158,24.97987117552335,22.041062801932366,25.147611379495437,9.440418679549115,4.374664519592056,4.508856682769726,0.13419216317767044,9.219001610305957,0.15432098765432098,
159,25.120772946859905,22.041062801932366,25.147611379495437,9.440418679549115,4.374664519592056,4.508856682769726,0.13419216317767044,9.078099838969404,0.15432098765432098,
160,25.15432098765432,22.020933977455716,25.147611379495437,9.426999463231347,4.374664519592056,4.508856682769726,0.13419216317767044,9.078099838969404,0.15432098765432098,
161,25.389157273215243,21.947128287707997,25.11406333870102,9.346484165324744,4.361245303274289,4.502147074610843,0.13419216317767044,9.05126140633387,0.15432098765432098,
162,25.623993558776167,21.772678475577028,25.0805152979066,9.346484165324744,4.361245303274289,4.502147074610843,0.13419216317767044,9.024422973698336,0.15432098765432098,
163,25.623993558776167,21.772678475577028,25.0805152979066,9.346484165324744,4.361245303274289,4.502147074610843,0.13419216317767044,9.024422973698336,0.15432098765432098,
164,25.623993558776167,21.712292002147073,24.90606548577563,9.346484165324744,4.5960815888352125,4.502147074610843,0.13419216317767044,9.024422973698336,0.15432098765432098,
165,25.469672571121848,21.973966720343533,24.630971551261407,9.346484165324744,4.5960815888352125,4.669887278582931,0.13419216317767044,9.024422973698336,0.15432098765432098,
166,25.49651100375738,21.960547504025765,24.630971551261407,9.333064949006978,4.5960815888352125,4.669887278582931,0.13419216317767044,9.024422973698336,0.15432098765432098,
167,25.046967257112186,21.66532474503489,25.39586688137413,9.333064949006978,4.5960815888352125,4.64975845410628,0.13419216317767044,9.024422973698336,0.15432098765432098,
168,25.174449812130973,21.66532474503489,25.328770799785293,9.272678475577026,4.5960815888352125,4.64975845410628,0.13419216317767044,9.024422973698336,0.15432098765432098,
169,25.207997852925388,21.638486312399355,26.053408480944714,8.588298443370908,4.5960815888352125,4.64975845410628,0.13419216317767044,8.977455716586151,0.15432098765432098,
170,25.40257648953301,21.450617283950617,25.959473966720342,8.527911969940956,4.555823939881911,4.64975845410628,0.13419216317767044,9.16532474503489,0.15432098765432098,
171,25.462962962962962,21.410359634997317,26.147342995169083,8.494363929146537,4.53569511540526,4.643048845947397,0.13419216317767044,9.017713365539452,0.15432098765432098,
172,25.41599570585078,21.370101986044016,25.805152979066023,8.474235104669887,4.810789049919484,4.643048845947397,0.38915727321524424,8.93719806763285,0.15432098765432098,
173,25.348899624261943,21.336553945249598,23.691626409017715,10.876274825550189,4.810789049919484,4.448470209339774,0.38915727321524424,8.896940418679549,0.20128824476650564,
174,25.369028448738593,21.336553945249598,23.678207192699947,10.869565217391305,4.810789049919484,4.448470209339774,0.38915727321524424,8.896940418679549,0.20128824476650564,
175,25.36231884057971,21.336553945249598,23.242082662372518,10.869565217391305,4.9651100375738055,4.448470209339774,0.6776704240472357,8.896940418679549,0.20128824476650564,
176,25.53676865271068,21.26945786366076,23.121309715512613,10.742082662372518,5.12614063338701,4.441760601180891,0.6776704240472357,8.883521202361782,0.20128824476650564,
177,25.637412775093935,21.18894256575416,23.101180891035963,10.742082662372518,5.12614063338701,4.441760601180891,0.6776704240472357,8.883521202361782,0.20128824476650564,
178,25.865539452495973,21.061460010735374,23.087761674718198,10.72866344605475,5.10601180891036,4.38137412775094,0.6776704240472357,8.890230810520666,0.20128824476650564,
179,26.053408480944714,21.054750402576488,23.020665593129362,10.648148148148149,5.072463768115942,4.38137412775094,0.6776704240472357,8.890230810520666,0.20128824476650564,
180,26.442565754159958,20.954106280193237,22.27589908749329,10.513955984970478,5.072463768115942,4.985238862050457,0.6776704240472357,8.876811594202898,0.20128824476650564,
181,25.43612453032743,20.967525496511005,22.530864197530864,12.453032742887816,4.730273752012883,4.985238862050457,0.6776704240472357,8.017981749865807,0.20128824476650564,
182,24.510198604401502,23.17498658078368,22.000805152979066,11.829039184111648,4.7101449275362315,4.87788513150832,0.6776704240472357,8.017981749865807,0.20128824476650564,
183,24.60413311862587,22.75228126677402,21.987385936661298,11.829039184111648,4.7101449275362315,4.87788513150832,0.6776704240472357,8.360171765968868,0.20128824476650564,
184,24.54374664519592,22.75228126677402,21.611647879763822,11.721685453569512,5.119431025228127,4.87788513150832,0.6776704240472357,8.494363929146537,0.20128824476650564,
185,24.490069779924852,22.7187332259796,21.638486312399355,11.721685453569512,5.119431025228127,4.85775630703167,0.7917337627482555,8.460815888352121,0.20128824476650564,
186,24.59742351046699,22.7187332259796,21.571390230810522,11.721685453569512,5.10601180891036,4.851046698872786,0.7917337627482555,8.440687063875469,0.20128824476650564,
187,24.718196457326894,22.638217928073,21.571390230810522,11.688137412775093,5.0993022007514766,4.851046698872786,0.7917337627482555,8.440687063875469,0.20128824476650564,
188,24.825550187869027,22.57783145464305,21.20907139023081,11.634460547504025,5.0858829844337095,4.8443370907139025,0.7380568974771873,8.883521202361782,0.20128824476650564,
189,24.986580783682232,22.530864197530864,21.16881374127751,11.594202898550725,5.065754159957058,4.8443370907139025,0.7380568974771873,8.870101986044014,0.20128824476650564,
190,24.9597423510467,22.510735373054214,21.141975308641975,11.916264090177133,5.059044551798175,4.770531400966184,0.7380568974771873,8.702361782071927,0.20128824476650564,
191,25.214707461084274,22.430220075147613,20.967525496511005,11.916264090177133,4.99194847020934,4.770531400966184,0.8252818035426731,8.682232957595277,0.20128824476650564,
192,25.107353730542137,22.25577026301664,21.135265700483092,11.842458400429415,4.9718196457326895,5.018786902844874,0.8252818035426731,8.641975308641975,0.20128824476650564,
193,25.221417069243156,22.22222222222222,21.135265700483092,11.81561996779388,4.958400429414922,4.978529253891573,0.8252818035426731,8.641975308641975,0.20128824476650564,
194,25.288513150831992,22.208803005904453,21.095008051529792,11.889425657541599,4.958400429414922,4.944981213097155,0.8252818035426731,8.588298443370908,0.20128824476650564,
195,25.41599570585078,22.108158883521202,21.07487922705314,11.674718196457327,4.951690821256038,4.944981213097155,1.0399892646269457,8.588298443370908,0.20128824476650564,
196,25.543478260869566,22.10144927536232,20.974235104669887,11.641170155662909,5.025496511003757,4.938271604938271,1.0399892646269457,8.53462157809984,0.20128824476650564,
197,25.684380032206118,22.067901234567902,20.88030059044552,11.641170155662909,5.025496511003757,4.938271604938271,1.0265700483091786,8.53462157809984,0.20128824476650564,
198,25.684380032206118,22.067901234567902,20.88030059044552,11.641170155662909,5.025496511003757,4.938271604938271,1.0265700483091786,8.53462157809984,0.20128824476650564,
199,26.127214170692433,21.72571121846484,20.8467525496511,11.621041331186259,5.025496511003757,4.938271604938271,1.0265700483091786,8.487654320987655,0.20128824476650564,
200,24.530327428878152,21.162104133118625,24.013687600644122,11.131239935587761,4.85775630703167,4.723564143853999,1.0265700483091786,8.353462157809984,0.20128824476650564,
201,24.765163714439076,21.034621578099838,23.91304347826087,11.131239935587761,4.851046698872786,4.723564143853999,1.0265700483091786,8.353462157809984,0.20128824476650564,
202,24.88593666129898,21.00107353730542,23.825818572195384,11.131239935587761,4.851046698872786,4.723564143853999,1.0265700483091786,8.353462157809984,0.20128824476650564,
203,24.9194847020934,20.987654320987655,23.825818572195384,11.037305421363392,4.8376274825550185,4.723564143853999,1.0265700483091786,8.440687063875469,0.20128824476650564,
204,25.07380568974772,20.974235104669887,23.772141706924316,10.997047772410092,4.797369833601718,4.7168545356951155,1.0265700483091786,8.440687063875469,0.20128824476650564,
205,25.15432098765432,20.96081588835212,23.637949543746647,10.997047772410092,4.790660225442834,4.7168545356951155,1.0265700483091786,8.514492753623188,0.20128824476650564,
206,25.194578636607623,20.90042941492217,23.59098228663446,10.997047772410092,4.790660225442834,4.676596886741814,1.0265700483091786,8.621846484165324,0.20128824476650564,
207,25.167740203972087,20.591787439613526,24.10091250670961,10.950080515297907,4.790660225442834,4.334406870638754,1.3150831991411702,8.548040794417606,0.20128824476650564,
208,25.449543746645197,20.571658615136876,24.10091250670961,10.88298443370907,4.790660225442834,4.139828234031133,1.3150831991411702,8.548040794417606,0.20128824476650564,
209,25.503220611916262,20.564949006977994,24.053945249597422,10.88298443370907,4.790660225442834,4.139828234031133,1.3150831991411702,8.548040794417606,0.20128824476650564,
210,25.85212023617821,20.39049919484702,24.020397208803004,10.876274825550189,4.783950617283951,4.032474503488996,1.3150831991411702,8.527911969940956,0.20128824476650564,
211,25.32206119162641,21.07487922705314,23.939881910896403,10.836017176596886,4.783950617283951,4.032474503488996,1.2815351583467525,8.527911969940956,0.20128824476650564,
212,25.664251207729468,20.933977455716587,23.886205045625335,10.802469135802468,4.783950617283951,4.032474503488996,1.2345679012345678,8.460815888352121,0.20128824476650564,
213,25.684380032206118,20.9272678475577,23.886205045625335,10.802469135802468,4.783950617283951,4.032474503488996,1.2345679012345678,8.447396672034353,0.20128824476650564,
214,25.704508856682768,20.873590982286636,24.194847020933977,10.876274825550189,4.770531400966184,3.770799785292539,1.2345679012345678,8.373590982286634,0.20128824476650564,
215,26.08695652173913,20.813204508856682,23.98684916800859,10.789049919484702,4.770531400966184,3.770799785292539,1.221148684916801,8.360171765968868,0.20128824476650564,
216,26.20101986044015,20.69243156199678,23.98684916800859,10.789049919484702,4.871175523349437,3.6768652710681695,1.221148684916801,8.360171765968868,0.20128824476650564,
217,26.41572732152442,20.685721953837895,23.792270531400966,10.789049919484702,4.871175523349437,3.6768652710681695,1.221148684916801,8.3467525496511,0.20128824476650564,
218,26.321792807300053,20.564949006977994,23.93317230273752,10.789049919484702,4.85775630703167,3.844605475040258,1.221148684916801,8.266237251744498,0.20128824476650564,
219,25.81857219538379,20.041599570585078,24.832259796027913,11.097691894793345,4.830917874396135,3.844605475040258,1.221148684916801,8.111916264090176,0.20128824476650564,
220,25.89237788513151,20.014761137949545,24.62426194310252,11.084272678475577,4.830917874396135,3.8311862587224907,1.221148684916801,8.299785292538916,0.20128824476650564,
221,26.194310252281266,19.840311325818572,24.60413311862587,10.997047772410092,4.830917874396135,3.8311862587224907,1.2010198604401503,8.299785292538916,0.20128824476650564,
222,24.241814278046164,14.761137949543746,35.08454106280193,8.957326892109501,4.723564143853999,3.321256038647343,1.2010198604401503,7.50805152979066,0.20128824476650564,
223,24.349168008588297,14.741009125067096,35.08454106280193,8.923778851315083,4.723564143853999,3.321256038647343,1.2010198604401503,7.454374664519592,0.20128824476650564,
224,24.664519592055825,14.741009125067096,34.84970477724101,8.883521202361782,4.683306494900698,3.321256038647343,1.2010198604401503,7.454374664519592,0.20128824476650564,
225,24.93961352657005,14.720880300590446,34.715512614063336,8.829844337090714,4.64975845410628,3.321256038647343,1.2010198604401503,7.4208266237251745,0.20128824476650564,
226,24.9597423510467,14.720880300590446,34.695383789586685,8.829844337090714,4.64975845410628,3.321256038647343,1.2010198604401503,7.4208266237251745,0.20128824476650564,
227,25.228126677402038,14.673913043478262,34.40016103059581,8.829844337090714,4.62962962962963,3.1602254428341383,1.4694041867954912,7.407407407407407,0.20128824476650564,
228,25.335480407944175,14.640365002683843,34.35990338164251,8.829844337090714,4.62962962962963,3.1602254428341383,1.4694041867954912,7.37385936661299,0.20128824476650564,
229,25.37573805689748,14.63365539452496,34.19216317767042,8.829844337090714,4.62962962962963,3.1602254428341383,1.4694041867954912,7.50805152979066,0.20128824476650564,
230,25.623993558776167,14.63365539452496,33.95061728395062,8.82313472893183,4.62962962962963,3.1602254428341383,1.4694041867954912,7.50805152979066,0.20128824476650564,
231,25.764895330112722,14.63365539452496,33.95061728395062,8.796296296296296,4.582662372517445,3.1602254428341383,1.4694041867954912,7.440955448201825,0.20128824476650564,
232,26.019860440150296,14.620236178207193,33.883521202361784,8.756038647342995,4.582662372517445,3.126677402039721,1.4694041867954912,7.340311325818572,0.20128824476650564,
233,26.194310252281266,14.593397745571659,33.883521202361784,8.68894256575416,4.582662372517445,3.126677402039721,1.4694041867954912,7.25979602791197,0.20128824476650564,
234,26.36876006441224,14.593397745571659,33.87010198604401,8.68894256575416,4.569243156199678,3.126677402039721,1.4694041867954912,7.112184648416532,0.20128824476650564,
235,26.704240472356414,14.512882447665056,33.80971551261406,8.68894256575416,4.502147074610843,3.046162104133119,1.4492753623188406,7.085346215780999,0.20128824476650564,
236,26.77133655394525,14.472624798711756,33.782877079978526,8.68894256575416,4.502147074610843,3.046162104133119,1.4492753623188406,7.085346215780999,0.20128824476650564,
237,26.610305958132045,14.472624798711756,33.9573268921095,8.68894256575416,4.502147074610843,3.046162104133119,1.4492753623188406,7.071926999463232,0.20128824476650564,
238,26.610305958132045,14.472624798711756,33.9573268921095,8.68894256575416,4.502147074610843,3.046162104133119,1.4492753623188406,7.071926999463232,0.20128824476650564,
239,26.603596349973163,14.009661835748792,33.7157809983897,8.68894256575416,4.783950617283951,3.388352120236178,1.570048309178744,7.0383789586688135,0.20128824476650564,
240,26.690821256038646,14.009661835748792,33.65539452495974,8.68894256575416,4.757112184648417,3.388352120236178,1.570048309178744,7.0383789586688135,0.20128824476650564,
241,26.81159420289855,14.009661835748792,33.58829844337091,8.68894256575416,4.757112184648417,3.3816425120772946,1.570048309178744,6.991411701556629,0.20128824476650564,
242,26.8719806763285,14.002952227589908,33.58829844337091,8.648684916800859,4.757112184648417,3.3816425120772946,1.570048309178744,6.977992485238862,0.20128824476650564,
243,26.89210950080515,13.996242619431026,33.57487922705314,8.648684916800859,4.757112184648417,3.3816425120772946,1.570048309178744,6.977992485238862,0.20128824476650564,
244,27.120236178207193,13.969404186795492,33.4272678475577,8.608427267847558,4.74369296833065,3.3816425120772946,1.570048309178744,6.977992485238862,0.20128824476650564,
245,27.13365539452496,13.969404186795492,33.41384863123994,8.608427267847558,4.74369296833065,3.3816425120772946,1.570048309178744,6.977992485238862,0.20128824476650564,
246,27.059849704777243,13.969404186795492,33.393719806763286,8.608427267847558,4.643048845947397,3.3816425120772946,1.570048309178744,7.1725711218464845,0.20128824476650564,
247,27.200751476113794,13.94927536231884,33.13204508856683,8.501073537305421,4.944981213097155,3.3548040794417604,1.5432098765432098,7.1725711218464845,0.20128824476650564,
248,27.254428341384862,13.94927536231884,33.10520665593129,8.501073537305421,4.944981213097155,3.3548040794417604,1.5163714439076759,7.1725711218464845,0.20128824476650564,
249,27.3215244229737,13.94927536231884,33.05823939881911,8.501073537305421,4.924852388620504,3.3548040794417604,1.5163714439076759,7.1725711218464845,0.20128824476650564,
250,27.462426194310254,13.875469672571121,33.00456253354804,8.501073537305421,4.924852388620504,3.3413848631239937,1.5163714439076759,7.1725711218464845,0.20128824476650564,
251,27.32823403113258,13.81508319914117,32.99785292538916,8.501073537305421,4.911433172302737,3.321256038647343,1.5163714439076759,7.407407407407407,0.20128824476650564,
252,27.30139559849705,13.781535158346752,32.950885668276975,8.480944712828771,4.884594739667204,3.5225442834138487,1.4626945786366077,7.4141170155662905,0.20128824476650564,
253,27.375201288244767,13.768115942028986,32.789855072463766,8.474235104669887,4.884594739667204,3.629898013955985,1.4626945786366077,7.4141170155662905,0.20128824476650564,
254,27.30139559849705,13.768115942028986,32.769726247987116,8.28636607622115,4.884594739667204,3.911701556629093,1.4626945786366077,7.4141170155662905,0.20128824476650564,
255,27.30139559849705,13.768115942028986,32.53488996242619,8.28636607622115,4.884594739667204,3.911701556629093,1.6975308641975309,7.4141170155662905,0.20128824476650564,
256,27.38191089640365,13.761406333870102,32.52147074610843,8.28636607622115,4.884594739667204,3.9049919484702094,1.6975308641975309,7.360440150295223,0.20128824476650564,
257,27.428878153515836,13.747987117552334,32.48792270531401,8.28636607622115,4.884594739667204,3.9049919484702094,1.6975308641975309,7.360440150295223,0.20128824476650564,
258,27.536231884057973,13.7211486849168,32.44095544820183,8.28636607622115,4.87788513150832,3.9049919484702094,1.6975308641975309,7.333601717659689,0.20128824476650564,
259,27.65029522275899,13.446054750402576,32.39398819108964,8.474235104669887,4.74369296833065,3.8714439076757916,1.6975308641975309,7.5348899624261945,0.1878690284487386,
260,27.68384326355341,13.425925925925926,32.380568974771876,8.474235104669887,4.74369296833065,3.8714439076757916,1.6975308641975309,7.5348899624261945,0.1878690284487386,
261,27.911969940955448,13.419216317767042,32.33360171765969,8.474235104669887,4.74369296833065,3.8714439076757916,1.6975308641975309,7.360440150295223,0.1878690284487386,
262,27.925389157273216,13.405797101449275,32.33360171765969,8.474235104669887,4.74369296833065,3.8714439076757916,1.6975308641975309,7.360440150295223,0.1878690284487386,
263,28.046162104133117,13.405797101449275,32.25308641975309,8.474235104669887,4.74369296833065,3.8714439076757916,1.6975308641975309,7.320182501341922,0.1878690284487386,
264,28.16022544283414,13.39237788513151,32.098765432098766,8.400429414922169,4.64975845410628,4.03918411164788,1.6975308641975309,7.320182501341922,0.24154589371980675,
265,28.18035426731079,13.372249060654857,32.098765432098766,8.400429414922169,4.64975845410628,4.03918411164788,1.6975308641975309,7.320182501341922,0.24154589371980675,
