,45,50,52,53,54,51,55,59,56,57,58
0,95.58507783145464,4.414922168545357,,,,,,,,,
1,67.14304884594739,31.219806763285025,1.6371443907675791,,,,,,,,
2,67.31078904991948,31.052066559312937,1.6371443907675791,,,,,,,,
3,61.580783682232955,36.81561996779388,1.6035963499731616,,,,,,,,
4,57.03166935050993,32.99785292538916,7.5348899624261945,2.4355877616747184,,,,,,,
5,54.723564143854,33.21926999463231,7.481213097155126,2.4355877616747184,2.1403650026838434,,,,,,
6,50.63070316693505,26.764626945786365,7.25979602791197,1.5297906602254427,2.1403650026838434,11.674718196457327,,,,,
7,46.081588835212024,33.111916264090176,7.206119162640902,1.5297906602254427,2.086688137412775,9.634997316156737,0.3488996242619431,,,,
8,46.3365539452496,32.83682232957595,7.253086419753086,1.5297906602254427,2.341653247450349,9.353193773483628,0.3488996242619431,,,,
9,46.64519592055824,32.60198604401503,7.185990338164252,1.5297906602254427,2.2074610842726785,9.339774557165862,0.3488996242619431,0.14090177133655393,,,
10,40.3918411164788,33.722490606548575,7.14573268921095,0.4227053140096618,8.57487922705314,8.970746108427267,0.630703166935051,0.14090177133655393,,,
11,36.72168545356951,36.05072463768116,7.071926999463232,2.475845410628019,8.36688137412775,8.548040794417606,0.630703166935051,0.13419216317767044,,,
12,27.865002683843265,35.68840579710145,6.595544820182502,2.442297369833602,8.796296296296296,17.847557702630166,0.630703166935051,0.13419216317767044,,,
13,28.26086956521739,35.34621578099839,5.984970477724101,3.1065485775630703,8.682232957595277,17.780461621041333,0.7045088566827697,0.13419216317767044,,,
14,25.91921631776704,27.985775630703166,4.636339237788513,5.535426731078905,7.9039184111647875,27.254428341384862,0.630703166935051,0.13419216317767044,,,
15,24.691358024691358,29.51556629092861,4.62962962962963,5.407944176060118,7.883789586688137,27.126945786366075,0.6239935587761675,0.12077294685990338,,,
16,24.966451959205582,27.536231884057973,4.562533548040794,5.374396135265701,7.877079978529254,28.938539989264626,0.6239935587761675,0.12077294685990338,,,
17,23.43666129898014,24.792002147074612,15.432098765432098,3.4957058507783145,9.017713365539452,23.389694041867955,0.4092860976918948,0.026838432635534086,,,
18,19.867149758454108,30.776972624798713,13.714439076757918,3.4957058507783145,8.621846484165324,23.087761674718198,0.4092860976918948,0.026838432635534086,,,
19,19.088835212023618,29.676596886741816,13.647342995169081,3.4621578099838968,8.548040794417606,25.140901771336555,0.4092860976918948,0.026838432635534086,,,
20,19.51825013419216,26.29495437466452,14.11701556629093,3.435319377348363,10.997047772410092,24.818840579710145,0.5032206119162641,0.026838432635534086,0.13419216317767044,0.15432098765432098,
21,17.344337090713903,28.153515834675254,13.882179280730005,3.6902844873859366,10.312667740203972,25.731347289318304,0.5233494363929146,0.026838432635534086,0.18115942028985507,0.15432098765432098,
22,15.774288781535159,29.47530864197531,15.056360708534621,3.643317230273752,9.567901234567902,25.657541599570585,0.48980139559849706,,0.18115942028985507,0.15432098765432098,
23,15.807836822329575,28.958668813741276,19.122383252818036,3.7104133118625873,9.460547504025765,22.114868491680085,0.48980139559849706,,0.18115942028985507,0.15432098765432098,
24,16.223832528180353,28.824476650563607,19.00161030595813,3.7037037037037037,9.447128287707997,21.980676328502415,0.48980139559849706,,0.18115942028985507,0.14761137949543746,
25,16.794149221685455,28.61647879763822,18.914385399892645,3.6902844873859366,9.41358024691358,21.752549651100377,0.48980139559849706,,0.18115942028985507,0.14761137949543746,
26,16.928341384863124,27.059849704777243,18.760064412238325,5.441492216854535,9.373322597960279,21.631776704240472,0.48980139559849706,,0.18115942028985507,0.13419216317767044,
27,17.223564143854,26.34863123993559,15.908480944712828,5.320719269994632,9.426999463231347,24.530327428878152,0.785024154589372,,0.322061191626409,0.13419216317767044,
28,17.693236714975846,26.154052603327965,15.653515834675256,5.314009661835748,9.326355340848094,24.4296833064949,0.785024154589372,,0.5099302200751477,0.13419216317767044,
29,18.16290928609769,26.039989264626946,15.573000536768653,5.267042404723564,9.286097691894794,24.255233494363928,0.7716049382716049,,0.5099302200751477,0.13419216317767044,
30,18.57890499194847,24.89935587761675,17.941492216854535,5.253623188405797,7.816693505099302,23.63123993558776,0.9863123993558777,,0.7581857219538379,0.13419216317767044,
31,18.263553408480945,22.98040794417606,16.391572732152444,5.246913580246914,5.535426731078905,29.837627482555018,0.9863123993558777,,0.7581857219538379,,
32,18.833870101986044,22.745571658615138,16.33118625872249,5.495169082125604,5.501878690284487,29.294149221685455,0.9863123993558777,,0.8118625872249061,,
33,16.09634997316157,29.30756843800322,16.21712292002147,11.16478797638218,5.360976918947934,20.491143317230275,0.7514761137949544,,0.6105743424584005,,
34,16.659957058507782,29.01905528717123,16.13660762211487,11.084272678475577,5.307300053676865,20.43075684380032,0.7514761137949544,,0.6105743424584005,,
35,17.11621041331186,28.804347826086957,15.98899624261943,10.218733225979603,7.9039184111647875,18.5654857756307,0.7514761137949544,,0.6508319914117016,,
36,17.85426731078905,28.462157809983896,15.646806226516372,10.071121846484166,7.85024154589372,18.438003220611915,0.8118625872249061,,0.8655394524959742,,
37,16.861245303274288,26.482823403113258,14.801395598497047,8.662104133118627,4.388083735909823,27.03972088030059,1.1473429951690821,,0.6172839506172839,,
38,16.512345679012345,23.711755233494365,19.122383252818036,6.011808910359635,2.4020397208803006,30.636070853462158,1.1406333870101986,,0.46296296296296297,,
39,15.08990874932904,18.99490069779925,7.87037037037037,4.62962962962963,2.3349436392914655,49.77187332259796,1.1003757380568975,,0.20799785292538917,,
40,15.848094471282877,18.840579710144926,7.7831454643048845,4.5893719806763285,2.314814814814815,49.21497584541063,1.1003757380568975,,0.30864197530864196,,
41,11.708266237251744,14.143853998926463,18.344068706387546,1.415727321524423,0.38915727321524424,52.77106816961889,0.8319914117015567,,0.39586688137412773,,
42,8.742619431025227,22.094739667203434,15.975577026301664,1.2010198604401503,0.38915727321524424,50.697799248523886,0.5233494363929146,,0.3757380568974772,,
43,8.13875469672571,21.564680622651636,15.888352120236178,1.2010198604401503,0.38915727321524424,52.02630166398282,0.322061191626409,,0.46967257112184646,,
44,8.427267847557703,21.40365002683843,36.211755233494365,0.966183574879227,0.38915727321524424,31.702898550724637,0.1878690284487386,,0.7112184648416533,,
45,6.293612453032743,15.707192699946322,35.547504025764894,0.966183574879227,0.3421900161030596,40.17713365539453,0.1878690284487386,,0.6977992485238862,0.08051529790660225,
46,6.877348362855609,15.49248523886205,34.84299516908212,0.966183574879227,0.33548040794417605,39.86849168008588,0.6374127750939346,,0.6508319914117016,0.32877079978529256,
47,6.857219538378959,15.405260332796564,34.004294149221685,0.966183574879227,0.33548040794417605,40.915190552871714,0.6374127750939346,,0.5501878690284487,0.32877079978529256,
48,7.595276435856146,15.210681696188942,33.7157809983897,0.966183574879227,0.33548040794417605,40.304616210413315,0.6374127750939346,,0.9057971014492754,0.32877079978529256,
49,8.145464304884594,15.13016639828234,33.52120236178207,0.95276435856146,0.33548040794417605,39.9020397208803,0.6374127750939346,,1.0601180891035964,0.3153515834675255,
50,8.387010198604402,14.868491680085883,33.675523349436396,0.9326355340848095,0.33548040794417605,39.68733225979603,0.5837359098228664,,1.0601180891035964,0.46967257112184646,
51,7.944176060118089,13.399087493290391,35.809178743961354,0.9326355340848095,2.717391304347826,36.81561996779388,0.5501878690284487,,1.3620504562533549,0.46967257112184646,
52,8.225979602791197,11.876006441223833,37.15780998389694,0.9125067096081588,2.6704240472356413,36.54723564143854,0.5501878690284487,,1.3620504562533549,0.46967257112184646,0.2281266774020397
53,8.68894256575416,11.842458400429415,36.91626409017714,0.9057971014492754,2.563070316693505,36.11782071926999,0.5501878690284487,0.0939345142243693,1.6237251744498122,0.46967257112184646,0.2281266774020397
54,7.991143317230274,11.158078368223295,33.82984433709071,4.7638217928073,2.563070316693505,37.05716586151369,0.6239935587761675,0.0939345142243693,1.221148684916801,0.46967257112184646,0.2281266774020397
55,7.588566827697263,11.104401502952227,26.462694578636608,4.750402576489533,2.536231884057971,44.55179817498658,0.6239935587761675,0.0939345142243693,1.5365002683843263,0.5233494363929146,0.2281266774020397
56,6.655931293612453,9.621578099838969,20.42404723564144,4.7101449275362315,2.536231884057971,53.29441760601181,0.3757380568974772,0.0939345142243693,1.5365002683843263,0.5233494363929146,0.2281266774020397
57,7.387278582930757,9.5276435856146,20.263016639828233,4.703435319377348,2.4691358024691357,52.8918411164788,0.3757380568974772,0.0939345142243693,1.5365002683843263,0.5233494363929146,0.2281266774020397
58,7.917337627482555,9.500805152979066,20.128824476650564,4.703435319377348,2.395330112721417,52.19404186795491,0.3757380568974772,0.0939345142243693,1.8183038110574343,0.644122383252818,0.2281266774020397
59,7.6623725174449815,9.460547504025765,18.49838969404187,12.815351583467525,2.3483628556092326,46.37010198604401,0.3757380568974772,0.0939345142243693,1.5029522275899088,0.644122383252818,0.2281266774020397
60,7.716049382716049,9.178743961352657,18.4044551798175,12.600644122383253,2.314814814814815,46.95383789586688,0.3757380568974772,0.08722490606548577,1.4962426194310252,0.644122383252818,0.2281266774020397
61,8.246108427267847,9.131776704240472,18.243424584004295,12.526838432635534,2.281266774020397,46.464036500268385,0.3757380568974772,0.08722490606548577,1.7713365539452497,0.644122383252818,0.2281266774020397
62,9.05126140633387,9.07139023081052,18.02871712292002,12.453032742887816,2.281266774020397,45.860171765968865,0.43612453032742887,0.08722490606548577,1.7310789049919484,0.7716049382716049,0.2281266774020397
63,8.964036500268385,8.601717659688674,15.915190552871712,12.305421363392378,1.9726247987117553,49.52361782071927,0.38915727321524424,0.08722490606548577,1.42914653784219,0.6239935587761675,0.1878690284487386
64,8.024691358024691,5.401234567901234,18.04213633923779,10.86285560923242,2.0397208803005906,53.247450348899626,0.24154589371980675,0.08722490606548577,1.3150831991411702,0.5501878690284487,0.1878690284487386
65,8.601717659688674,5.394524959742351,17.800590445517983,10.86285560923242,1.9994632313472893,52.522812667740205,0.24154589371980675,0.08722490606548577,1.583467525496511,0.7179280730005367,0.1878690284487386
66,9.024422973698336,5.3341384863123995,17.726784755770264,10.775630703166936,1.9927536231884058,51.932367149758456,0.6374127750939346,0.08722490606548577,1.583467525496511,0.7179280730005367,0.1878690284487386
67,8.460815888352121,5.3341384863123995,21.410359634997317,10.748792270531402,3.730542136339238,47.75228126677402,0.5032206119162641,0.06709608158883522,1.5901771336553945,0.3824476650563607,0.020128824476650563
68,8.870101986044014,5.300590445517981,21.296296296296298,10.648148148148149,3.7037037037037037,47.57112184648417,0.5032206119162641,0.06709608158883522,1.6371443907675791,0.3824476650563607,0.020128824476650563
69,9.440418679549115,5.2066559312936125,21.115136876006442,10.077831454643048,3.6768652710681695,45.73939881910896,0.5032206119162641,0.06709608158883522,3.7775093934514223,0.3757380568974772,0.020128824476650563
70,10.151637144390767,5.159688674181428,21.00107353730542,9.936929683306495,3.6634460547504024,45.289855072463766,0.48980139559849706,0.06709608158883522,3.844605475040258,0.3757380568974772,0.020128824476650563
71,10.72866344605475,5.072463768115942,20.90713902308105,9.936929683306495,3.589640365002684,44.41089640365003,0.48980139559849706,0.06709608158883522,4.40150295222759,0.3757380568974772,0.020128824476650563
72,11.037305421363392,5.065754159957058,20.799785292538918,9.849704777241008,2.6637144390767578,42.74020397208803,2.9589371980676327,0.06709608158883522,4.42163177670424,0.3757380568974772,0.020128824476650563
73,11.178207192699947,5.065754159957058,22.926731078904993,9.802737520128824,1.0332796564680622,42.58588298443371,2.844873859366613,0.06709608158883522,4.119699409554482,0.3757380568974772,
74,11.748523886205046,5.065754159957058,22.819377348362856,9.71551261406334,0.9997316156736447,42.310789049919485,2.8247450348899625,0.06709608158883522,4.072732152442297,0.3757380568974772,
75,12.157809983896941,5.025496511003757,22.530864197530864,9.594739667203436,0.9997316156736447,40.21068169618894,4.985238862050457,0.06709608158883522,4.052603327965647,0.3757380568974772,
76,12.714707461084272,4.9718196457326895,22.457058507783145,9.39345142243693,1.133923778851315,39.942297369833604,4.938271604938271,0.06709608158883522,4.005636070853462,0.3757380568974772,
77,10.976918947933441,0.35560923242082665,20.242887815351583,10.7085346215781,1.133923778851315,47.658346752549654,4.656468062265164,0.06709608158883522,3.911701556629093,0.2885131508319914,
78,11.003757380568974,0.35560923242082665,23.10789049919485,10.399892646269459,1.107085346215781,46.544551798174986,3.9720880300590444,0.06709608158883522,3.0864197530864197,0.35560923242082665,
79,11.66129898013956,0.32877079978529256,22.940150295222757,10.19189479334407,1.2681159420289856,46.182232957595275,3.9452495974235107,0.06709608158883522,3.0595813204508855,0.35560923242082665,
80,11.976650563607086,0.32877079978529256,28.65673644659152,10.124798711755233,1.3553408480944713,39.44578636607622,4.488727858293076,0.06709608158883522,3.052871712292002,0.5032206119162641,
81,11.829039184111648,0.30864197530864196,28.046162104133117,9.339774557165862,1.3419216317767042,38.539989264626946,6.642512077294686,0.06709608158883522,3.5091250670960816,0.3757380568974772,
82,11.641170155662909,0.30864197530864196,25.670960815888353,5.139559849704777,1.3419216317767042,47.41009125067096,5.273752012882448,0.06709608158883522,2.8381642512077296,0.30864197530864196,
83,12.25174449812131,0.30864197530864196,25.577026301663984,5.092592592592593,1.3419216317767042,47.04777241009125,5.179817498658078,0.06709608158883522,2.8247450348899625,0.30864197530864196,
84,12.721417069243156,0.30864197530864196,25.49651100375738,5.146269457863661,1.328502415458937,46.772678475577024,5.132850241545894,0.06709608158883522,2.717391304347826,0.30864197530864196,
85,12.00348899624262,0.30864197530864196,19.028448738593667,4.777241009125067,0.46967257112184646,57.038378958668815,3.5091250670960816,,2.589908749329039,0.27509393451422437,
86,12.553676865271068,0.2952227589908749,18.894256575415994,4.750402576489533,0.46967257112184646,56.434514224369295,3.5091250670960816,,2.818035426731079,0.27509393451422437,
87,11.218464841653248,0.16774020397208803,16.022544283413847,2.7643585614600106,0.2952227589908749,63.32528180354267,3.079710144927536,,2.898550724637681,0.2281266774020397,
88,11.674718196457327,0.16774020397208803,15.848094471282877,2.7643585614600106,0.5703166935050993,63.016639828234034,2.8381642512077296,,2.8918411164787976,0.2281266774020397,
89,9.104938271604938,12.050456253354804,10.86285560923242,1.3083735909822867,0.2952227589908749,60.07112184648417,4.012345679012346,,2.1806226516371443,0.11406333870101985,
90,9.742351046698873,11.949812130971551,10.789049919484702,1.3083735909822867,0.2952227589908749,59.58132045088567,3.9586688137412773,,2.2611379495437465,0.11406333870101985,
91,10.198604401502953,11.802200751476114,10.453569511540525,1.2949543746645196,0.2952227589908749,59.11164787976382,4.549114331723027,,2.187332259796028,0.10735373054213634,
92,10.178475577026301,11.77536231884058,10.077831454643048,1.2949543746645196,0.2952227589908749,60.16505636070853,3.9318303811057436,,2.1806226516371443,0.10064412238325282,
93,10.534084809447128,11.621041331186259,10.030864197530864,1.2949543746645196,0.2952227589908749,58.87010198604401,3.9318303811057436,,3.321256038647343,0.10064412238325282,
94,10.520665593129362,11.594202898550725,17.693236714975846,1.2681159420289856,0.040257648953301126,51.892109500805155,3.69699409554482,,3.193773483628556,0.10064412238325282,
95,10.104669887278583,11.158078368223295,16.525764895330113,1.247987117552335,1.6103059581320451,52.93880837359098,3.388352120236178,,2.9723564143853998,0.05367686527106817,
96,10.674986580783683,11.151368760064413,16.431830381105744,1.247987117552335,1.5901771336553945,50.295222758990874,5.595813204508857,,2.9589371980676327,0.05367686527106817,
97,11.245303274288782,11.084272678475577,16.210413311862588,1.247987117552335,1.5901771336553945,49.84567901234568,5.535426731078905,,3.099838969404187,0.14090177133655393,
98,9.936929683306495,10.976918947933441,15.76086956521739,1.247987117552335,2.408749329039184,51.77133655394525,5.186527106816962,,2.5697799248523885,0.14090177133655393,
99,10.601180891035963,10.889694041867955,15.660225442834138,1.247987117552335,2.395330112721417,51.308373590982285,5.186527106816962,,2.5697799248523885,0.14090177133655393,
100,10.997047772410092,10.72866344605475,15.58641975308642,2.6972624798711755,2.395330112721417,49.704777241009126,5.12614063338701,,2.623456790123457,0.14090177133655393,
101,11.768652710681696,10.420021470746109,15.546162104133119,2.6972624798711755,2.3349436392914655,49.074074074074076,5.025496511003757,,2.9924852388620504,0.14090177133655393,
102,12.245034889962426,10.393183038110575,15.391841116478798,2.6972624798711755,2.2946859903381642,48.61782071926999,5.025496511003757,,3.193773483628556,0.14090177133655393,
103,12.869028448738593,10.292538915727322,15.324745034889963,2.6637144390767578,2.2410091250670963,48.168276972624795,5.025496511003757,,3.2742887815351582,0.14090177133655393,
104,13.560118089103597,10.165056360708535,15.143585614600108,2.636876006441224,2.2410091250670963,47.83279656468062,5.018786902844874,,3.260869565217391,0.14090177133655393,
105,14.210950080515298,10.138217928073,14.982555018786902,2.5966183574879227,2.2410091250670963,47.36312399355877,4.985238862050457,,3.3413848631239937,0.14090177133655393,
106,14.27133655394525,8.380300590445518,14.9020397208803,2.5496511003757383,2.2410091250670963,47.155126140633385,7.065217391304348,,3.294417606011809,0.14090177133655393,
107,13.66076221148685,8.28636607622115,20.705850778314545,2.49597423510467,2.2074610842726785,42.41814278046162,7.125603864734299,,2.965646806226516,0.13419216317767044,
108,14.110305958132045,8.252818035426731,20.21604938271605,2.49597423510467,2.2074610842726785,41.82769726247987,7.320182501341922,,3.1199677938808374,0.4495437466451959,
109,14.74771873322598,8.192431561996779,20.075147611379496,2.49597423510467,2.2074610842726785,41.47879763821793,7.266505636070853,,3.0931293612453032,0.4428341384863124,
110,14.915458937198068,8.044820182501342,20.081857219538378,2.428878153515835,2.8784219001610305,41.1634460547504,6.622383252818035,,3.421900161030596,0.4428341384863124,
111,13.667471819645733,3.9049919484702094,16.27079978529254,1.8115942028985508,2.15378421900161,53.60976918947934,5.045625335480408,,3.33467525496511,0.20128824476650564,
112,14.378690284487385,3.8915727321524423,16.203703703703702,1.8115942028985508,2.13365539452496,53.02603327965647,5.01207729468599,,3.3413848631239937,0.20128824476650564,
113,12.439613526570048,3.5292538915727323,10.25228126677402,1.751207729468599,2.4557165861513686,59.35319377348363,7.118894256575416,,2.898550724637681,0.20128824476650564,
114,12.895866881374127,3.5292538915727323,10.144927536231885,1.7310789049919484,2.4557165861513686,58.883521202361784,7.112184648416532,,2.9790660225442833,0.2683843263553409,
115,13.399087493290391,3.5292538915727323,10.064412238325282,1.7310789049919484,2.428878153515835,58.541331186258724,6.9310252281266775,,3.1065485775630703,0.2683843263553409,
116,13.81508319914117,3.515834675254965,9.990606548577563,1.724369296833065,2.4020397208803006,58.12533548040794,6.877348362855609,,3.280998389694042,0.2683843263553409,
117,14.318303811057435,3.515834675254965,9.863123993558776,1.724369296833065,2.3752012882447664,57.80327428878154,6.850509930220075,,3.280998389694042,0.2683843263553409,
118,14.942297369833602,3.4688674181427803,9.809447128287708,1.724369296833065,2.3752012882447664,57.347020933977454,6.837090713902308,,3.227321524422974,0.2683843263553409,
119,15.398550724637682,3.4621578099838968,9.681964573268921,1.724369296833065,2.301395598497048,57.07192699946323,6.796833064949007,,3.294417606011809,0.2683843263553409,
120,15.646806226516372,3.4621578099838968,11.238593666129898,1.724369296833065,2.301395598497048,55.48845947396672,6.635802469135802,,3.2541599570585076,0.24825550187869028,
121,15.955448201825014,3.44873859366613,10.312667740203972,3.0059044551798175,2.281266774020397,55.01878690284487,6.575415995705851,,3.240740740740741,0.1610305958132045,
122,16.586151368760063,3.4286097691894795,10.218733225979603,2.985775630703167,2.26784755770263,54.43505099302201,6.716317767042405,,3.2004830917874396,0.1610305958132045,
123,15.344873859366613,3.408480944712829,17.290660225442835,2.5295222758990876,2.24771873322598,49.261943102522814,6.749865807836822,,3.0327428878153517,0.13419216317767044,
124,15.693773483628556,3.408480944712829,17.176596886741816,2.5295222758990876,2.341653247450349,48.94659151905529,6.749865807836822,,3.0193236714975846,0.13419216317767044,
125,16.23725174449812,3.3682232957595275,17.11621041331186,2.5295222758990876,2.341653247450349,48.57085346215781,6.696188942565755,,3.0059044551798175,0.13419216317767044,
126,16.7337627482555,3.3480944712828773,16.914922168545356,2.522812667740204,2.341653247450349,48.01395598497048,6.66935050993022,,3.3413848631239937,0.11406333870101985,
127,17.3040794417606,3.294417606011809,15.821256038647343,3.4621578099838968,2.3081052066559313,47.718733225979605,6.541867954911433,,3.435319377348363,0.11406333870101985,
128,17.834138486312398,3.2675791733762747,15.734031132581856,3.4621578099838968,2.2410091250670963,47.42351046698873,6.508319914117015,,3.4151905528717124,0.11406333870101985,
129,18.183038110574344,3.2675791733762747,16.049382716049383,3.0193236714975846,2.2410091250670963,47.24906065485776,6.407675791733762,,3.388352120236178,0.19457863660762212,
130,18.800322061191626,3.2541599570585076,15.895061728395062,3.0193236714975846,2.2410091250670963,46.81964573268921,6.387546967257112,,3.388352120236178,0.19457863660762212,
131,19.082125603864736,3.2541599570585076,15.505904455179817,2.9924852388620504,2.2342995169082127,46.37010198604401,6.387546967257112,,3.730542136339238,0.4428341384863124,
132,18.189747718733226,2.033011272141707,15.24422973698336,2.9253891572732154,8.695652173913043,42.31749865807837,6.1929683306494905,,3.9586688137412773,0.4428341384863124,
133,17.518786902844873,2.033011272141707,9.326355340848094,2.5831991411701556,8.635265700483092,51.23456790123457,4.757112184648417,,3.5225442834138487,0.38915727321524424,
134,17.659688674181428,2.033011272141707,8.588298443370908,2.5831991411701556,8.514492753623188,52.61674718196457,4.106280193236715,,3.5091250670960816,0.38915727321524424,
135,18.12265163714439,2.033011272141707,8.521202361782072,2.918679549114332,8.125335480407944,52.28797638217928,4.106280193236715,,3.4957058507783145,0.38915727321524424,
136,18.63929146537842,2.033011272141707,8.521202361782072,2.9052603327965647,8.044820182501342,51.731078904991946,4.106280193236715,,3.629898013955985,0.38915727321524424,
137,17.92807300053677,2.033011272141707,11.641170155662909,2.8918411164787976,7.897208803005904,49.36929683306495,4.0995705850778315,,3.750670960815888,0.38915727321524424,
138,18.337359098228664,2.0263016639828235,11.58749329039184,2.8784219001610305,7.856951154052603,49.04723564143854,4.092860976918948,,3.7909286097691894,0.3824476650563607,
139,18.733225979602793,2.0263016639828235,11.553945249597424,2.8515834675254963,7.763016639828234,48.83923778851315,4.066022544283414,,3.784219001610306,0.3824476650563607,
140,19.202898550724637,2.0263016639828235,11.493558776167472,2.7979066022544283,7.635534084809447,48.53730542136339,4.052603327965647,,3.8714439076757916,0.3824476650563607,
141,18.706387546967257,2.0263016639828235,10.789049919484702,1.6639828234031133,7.548309178743962,51.227858293075684,4.019055287171229,,3.643317230273752,0.3757380568974772,
142,18.867418142780462,2.0263016639828235,10.789049919484702,3.743961352657005,7.514761137949543,49.33574879227053,3.7573805689747717,,3.616478797638218,0.3488996242619431,
143,19.363929146537842,2.0263016639828235,10.755501878690284,3.717122920021471,7.461084272678476,48.74530327428878,3.8378958668813743,,3.743961352657005,0.3488996242619431,
144,19.719538378958667,2.0263016639828235,10.721953837895867,3.6366076221148687,7.440955448201825,48.56414385399893,3.824476650563607,,3.717122920021471,0.3488996242619431,
145,19.91411701556629,2.0263016639828235,10.601180891035963,3.629898013955985,7.4141170155662905,47.745571658615134,3.81105743424584,,4.448470209339774,0.4092860976918948,
146,20.397208803005906,2.0263016639828235,10.373054213633925,4.441760601180891,7.306763285024155,46.81964573268921,3.81105743424584,,4.435050993022007,0.38915727321524424,
147,20.819914117015568,2.0263016639828235,10.272410091250672,4.408212560386473,7.2933440687063875,46.504294149221685,3.81105743424584,,4.4753086419753085,0.38915727321524424,
148,20.994363929146537,2.0263016639828235,10.25228126677402,4.394793344068707,7.125603864734299,46.14868491680086,3.797638217928073,,4.871175523349437,0.38915727321524424,
149,21.470746108427267,2.0263016639828235,10.138217928073,4.394793344068707,7.051798174986581,45.900429414922165,3.7909286097691894,,4.8376274825550185,0.38915727321524424,
150,21.74584004294149,2.0263016639828235,10.11808910359635,4.394793344068707,7.051798174986581,45.49785292538916,3.7640901771336552,,5.01207729468599,0.38915727321524424,
151,22.23564143853999,2.0263016639828235,10.050993022007514,4.38137412775094,7.004830917874396,44.860440150295226,4.106280193236715,,4.951690821256038,0.3824476650563607,
152,22.530864197530864,2.006172839506173,9.990606548577563,4.38137412775094,6.998121309715513,44.477992485238865,4.106280193236715,,5.12614063338701,0.3824476650563607,
153,23.11460010735373,1.9457863660762211,9.943639291465379,4.334406870638754,6.951154052603328,44.135802469135804,4.106280193236715,,5.0858829844337095,0.3824476650563607,
154,23.382984433709073,1.9457863660762211,9.896672034353195,4.320987654320987,6.951154052603328,43.98819108964037,4.066022544283414,,5.065754159957058,0.3824476650563607,
155,23.64465915190553,1.9189479334406871,9.88996242619431,4.26731078904992,6.951154052603328,43.45142243692968,4.455179817498658,,5.038915727321524,0.3824476650563607,
156,23.926462694578635,1.9189479334406871,9.836285560923242,4.253891572732153,6.863929146537842,43.35077831454643,4.428341384863124,,5.038915727321524,0.3824476650563607,
157,24.268652710681696,1.9189479334406871,9.769189479334408,4.253891572732153,6.850509930220075,42.94820182501342,4.40150295222759,,5.2066559312936125,0.3824476650563607,
158,24.63768115942029,1.8988191089640365,9.708803005904455,4.233762748255502,6.749865807836822,42.7938808373591,4.448470209339774,,5.146269457863661,0.3824476650563607,
159,24.90606548577563,1.8988191089640365,9.634997316156737,4.180085882984434,6.736446591519055,42.50536768652711,4.62962962962963,,5.12614063338701,0.3824476650563607,
160,25.295222758990874,1.8451422436929683,9.5276435856146,4.180085882984434,6.736446591519055,42.31749865807837,4.622920021470746,,5.092592592592593,0.3824476650563607,
161,25.47638217928073,1.8451422436929683,9.50751476113795,4.1532474503489,6.776704240472356,41.99543746645196,4.750402576489533,,5.0791733762748255,0.41599570585077833,
162,25.865539452495973,1.8451422436929683,9.50751476113795,4.139828234031133,6.702898550724638,41.78743961352657,4.703435319377348,,5.032206119162641,0.41599570585077833,
163,25.831991411701555,1.8451422436929683,9.39345142243693,4.139828234031133,6.702898550724638,42.52549651100376,4.146537842190016,,4.998658078368224,0.41599570585077833,
164,26.31508319914117,1.8451422436929683,9.27938808373591,4.052603327965647,7.018250134192163,41.97530864197531,4.1532474503489,,4.944981213097155,0.41599570585077833,
165,26.744498121309714,1.8451422436929683,9.212292002147075,4.019055287171229,7.018250134192163,41.75389157273215,4.072732152442297,,4.918142780461621,0.41599570585077833,
166,27.180622651637144,1.8451422436929683,9.145195920558239,3.9855072463768115,6.984702093397746,41.48550724637681,4.072732152442297,,4.891304347826087,0.4092860976918948,
167,27.395330112721417,1.8451422436929683,9.084809447128288,3.938539989264627,7.112184648416532,41.25067096081589,4.012345679012346,,4.951690821256038,0.4092860976918948,
168,27.730810520665592,1.8451422436929683,9.024422973698336,3.92512077294686,7.071926999463232,41.10305958132045,3.9989264626945786,,4.891304347826087,0.4092860976918948,
169,27.83816425120773,1.8451422436929683,8.57487922705314,3.8848631239935587,7.051798174986581,40.915190552871714,3.992216854535695,,5.488459473966721,0.4092860976918948,
170,28.012614063338702,1.8451422436929683,8.57487922705314,3.549382716049383,7.024959742351046,40.58641975308642,3.992216854535695,,5.6964573268921095,0.4092860976918948,0.30864197530864196
171,28.488996242619432,1.8115942028985508,8.541331186258722,3.488996242619431,6.9243156199677935,40.365002683843265,3.992216854535695,,5.6964573268921095,0.4092860976918948,0.28180354267310787
172,28.817767042404725,1.7981749865807837,8.447396672034353,3.44873859366613,6.9243156199677935,40.19726247987118,4.092860976918948,0.03354804079441761,5.548845947396672,0.4092860976918948,0.28180354267310787
173,28.972088030059044,1.7981749865807837,8.447396672034353,3.44873859366613,6.904186795491143,40.11003757380569,4.045893719806763,0.03354804079441761,5.548845947396672,0.4092860976918948,0.28180354267310787
174,28.804347826086957,1.7847557702630166,8.413848631239935,3.421900161030596,7.024959742351046,39.231078904991946,5.152979066022544,0.03354804079441761,5.441492216854535,0.4092860976918948,0.28180354267310787
175,28.515834675254965,1.7847557702630166,8.360171765968868,3.421900161030596,7.729468599033816,38.00993022007515,6.3070316693505095,0.03354804079441761,5.146269457863661,0.4092860976918948,0.28180354267310787
176,27.95222758990875,1.751207729468599,8.279656468062266,3.421900161030596,9.50751476113795,36.95652173913044,6.300322061191626,0.03354804079441761,5.132850241545894,0.4092860976918948,0.2549651100375738
177,28.193773483628558,1.724369296833065,8.239398819108963,3.421900161030596,9.39345142243693,36.83574879227053,6.280193236714976,0.12077294685990338,5.12614063338701,0.4092860976918948,0.2549651100375738
178,28.569511540526033,1.710950080515298,8.111916264090176,3.4017713365539453,9.346484165324744,36.621041331186255,6.226516371443908,0.12077294685990338,5.226784755770263,0.4092860976918948,0.2549651100375738
179,28.911701556629094,1.7042404723564144,8.05823939881911,3.3950617283950617,9.333064949006978,36.292270531400966,6.139291465378422,0.12077294685990338,5.381105743424584,0.4092860976918948,0.2549651100375738
180,29.13311862587225,1.7042404723564144,8.05823939881911,3.361513687600644,9.306226516371444,36.11782071926999,6.112453032742888,0.12077294685990338,5.434782608695652,0.39586688137412773,0.2549651100375738
181,29.408212560386474,1.7042404723564144,8.031400966183575,3.33467525496511,9.219001610305957,36.02388620504563,6.099033816425121,0.12077294685990338,5.407944176060118,0.39586688137412773,0.2549651100375738
182,29.790660225442835,1.7042404723564144,8.004562533548041,3.2474503488996245,9.178743961352657,35.76221148684917,6.1929683306494905,0.12077294685990338,5.347557702630167,0.39586688137412773,0.2549651100375738
183,29.622920021470748,1.7042404723564144,8.004562533548041,3.1333870101986045,9.078099838969404,34.312936124530324,7.897208803005904,0.10735373054213634,5.488459473966721,0.39586688137412773,0.2549651100375738
184,29.824208266237253,1.7042404723564144,7.957595276435856,3.126677402039721,9.024422973698336,34.25925925925926,7.883789586688137,0.10735373054213634,5.4616210413311865,0.39586688137412773,0.2549651100375738
185,29.99194847020934,1.7042404723564144,7.883789586688137,3.4621578099838968,9.185453569511541,34.01100375738057,7.769726247987117,0.10735373054213634,5.233494363929147,0.39586688137412773,0.2549651100375738
186,29.978529253891573,1.4626945786366077,7.6556629092860975,3.44873859366613,9.326355340848094,33.843263553408484,8.447396672034353,0.10735373054213634,5.0791733762748255,0.39586688137412773,0.2549651100375738
187,30.273752012882447,1.4559849704777241,7.628824476650563,3.44873859366613,9.219001610305957,33.63526570048309,8.387010198604402,0.10735373054213634,5.193236714975845,0.39586688137412773,0.2549651100375738
188,30.441492216854535,1.4559849704777241,7.608695652173913,3.44873859366613,9.205582393988191,33.56816961889426,8.333333333333334,0.10735373054213634,5.179817498658078,0.39586688137412773,0.2549651100375738
189,30.709876543209877,1.4559849704777241,7.555018786902845,3.44873859366613,9.172034353193773,33.4272678475577,8.293075684380032,0.10735373054213634,5.179817498658078,0.39586688137412773,0.2549651100375738
190,30.05233494363929,1.4358561460010735,9.977187332259795,2.7979066022544283,9.158615136876007,32.709339774557165,8.246108427267847,0.10735373054213634,5.032206119162641,0.2281266774020397,0.2549651100375738
191,30.35426731078905,1.4358561460010735,9.863123993558776,2.7979066022544283,9.118357487922705,32.6556629092861,8.158883521202362,0.10735373054213634,5.025496511003757,0.2281266774020397,0.2549651100375738
192,30.683038110574344,1.4358561460010735,9.822866344605474,2.8381642512077296,9.037842190016104,32.52818035426731,8.07836822329576,0.10735373054213634,5.025496511003757,0.2281266774020397,0.2147074610842727
193,30.951422436929683,1.4358561460010735,9.782608695652174,2.831454643048846,8.997584541062801,32.420826623725176,8.05823939881911,0.10735373054213634,4.9718196457326895,0.2281266774020397,0.2147074610842727
194,30.88432635534085,1.4358561460010735,9.681964573268921,2.831454643048846,10.57434245840043,31.125872249060656,7.977724100912507,0.10735373054213634,4.938271604938271,0.2281266774020397,0.2147074610842727
195,30.971551261406333,1.4358561460010735,9.494095544820183,2.831454643048846,10.93666129898014,30.95813204508857,7.9039184111647875,0.10735373054213634,4.918142780461621,0.2281266774020397,0.2147074610842727
196,31.15271068169619,1.4358561460010735,9.473966720343531,2.831454643048846,10.829307568438002,30.776972624798713,7.877079978529254,0.10735373054213634,5.0993022007514766,0.2281266774020397,0.1878690284487386
197,31.239935587761675,1.42914653784219,9.333064949006978,2.804616210413312,10.815888352120236,30.669618894256576,8.085077831454644,0.10735373054213634,5.0993022007514766,0.2281266774020397,0.1878690284487386
198,31.508319914117017,1.402308105206656,9.27938808373591,2.7844873859366612,10.721953837895867,30.555555555555557,8.031400966183575,0.10735373054213634,5.193236714975845,0.2281266774020397,0.1878690284487386
199,31.676060118089104,1.402308105206656,9.138486312399356,2.771068169618894,10.674986580783683,30.35426731078905,7.96430488459474,0.10735373054213634,5.495169082125604,0.2281266774020397,0.1878690284487386
200,31.756575415995705,1.402308105206656,9.138486312399356,2.771068169618894,10.621309715512615,30.14626945786366,8.145464304884594,0.10735373054213634,5.495169082125604,0.2281266774020397,0.1878690284487386
201,32.078636607622116,1.402308105206656,9.064680622651638,2.737520128824477,10.581052066559312,30.07246376811594,8.145464304884594,0.10735373054213634,5.394524959742351,0.2281266774020397,0.1878690284487386
202,32.2463768115942,1.402308105206656,8.856682769726248,2.717391304347826,10.560923242082662,29.898013955984972,8.165593129361245,0.10735373054213634,5.629361245303274,0.2281266774020397,0.1878690284487386
203,32.340311325818575,1.402308105206656,8.829844337090714,2.703972088030059,10.520665593129362,29.770531400966185,8.3467525496511,0.10735373054213634,5.562265163714439,0.2281266774020397,0.1878690284487386
204,32.52818035426731,1.402308105206656,8.82313472893183,2.6637144390767578,10.487117552334944,29.696725711218466,8.252818035426731,0.10735373054213634,5.622651637144391,0.2281266774020397,0.1878690284487386
205,32.70263016639828,1.402308105206656,8.80300590445518,2.6637144390767578,10.48040794417606,29.622920021470748,8.21256038647343,0.10735373054213634,5.589103596349974,0.2281266774020397,0.1878690284487386
206,32.84353193773484,1.402308105206656,8.715780998389693,2.6301663982823404,10.466988727858293,29.408212560386474,8.494363929146537,0.10735373054213634,5.515297906602254,0.2281266774020397,0.1878690284487386
207,33.1857219538379,1.402308105206656,8.59500805152979,2.6301663982823404,10.420021470746109,29.26731078904992,8.494363929146537,0.10735373054213634,5.481749865807837,0.2281266774020397,0.1878690284487386
208,33.400429414922165,1.3821792807300053,8.568169618894256,2.623456790123457,10.406602254428341,29.186795491143318,8.447396672034353,0.10735373054213634,5.4616210413311865,0.2281266774020397,0.1878690284487386
209,33.56816961889426,1.3821792807300053,8.568169618894256,2.61003757380569,10.399892646269459,29.11969940955448,8.407139023081053,0.08051529790660225,5.448201825013419,0.2281266774020397,0.1878690284487386
210,33.863392377885134,1.3754696725711217,8.521202361782072,2.61003757380569,10.332796564680622,28.99892646269458,8.387010198604402,0.08051529790660225,5.414653784219001,0.2281266774020397,0.1878690284487386
211,33.964036500268385,1.3687600644122384,8.521202361782072,2.576489533011272,10.299248523886206,28.878153515834676,8.514492753623188,0.07380568974771873,5.387815351583468,0.2281266774020397,0.1878690284487386
212,34.15190552871712,1.3687600644122384,8.494363929146537,2.5697799248523885,10.326086956521738,28.797638217928075,8.480944712828771,0.07380568974771873,5.3274288781535155,0.2281266774020397,0.18115942028985507
213,34.306226516371446,1.3687600644122384,8.340042941492216,2.5697799248523885,10.299248523886206,28.743961352657006,8.480944712828771,0.07380568974771873,5.300590445517981,0.33548040794417605,0.18115942028985507
214,34.5276435856146,1.3687600644122384,8.494363929146537,2.5697799248523885,10.084541062801932,28.650026838432634,8.467525496511003,0.1610305958132045,5.280461621041331,0.32877079978529256,0.06709608158883522
215,33.84997316156736,1.3687600644122384,8.279656468062266,2.0531400966183573,10.171765968867419,30.253623188405797,8.246108427267847,0.1610305958132045,5.253623188405797,0.32877079978529256,0.03354804079441761
216,34.084809447128286,1.3687600644122384,8.179012345679013,2.046430488459474,10.104669887278583,30.193236714975846,8.199141170155663,0.14090177133655393,5.24020397208803,0.4092860976918948,0.03354804079441761
217,34.15190552871712,1.3687600644122384,8.172302737520129,2.0397208803005906,10.084541062801932,30.08588298443371,8.192431561996779,0.14090177133655393,5.3274288781535155,0.4025764895330113,0.03354804079441761
218,34.272678475577024,1.3687600644122384,8.085077831454644,2.0263016639828235,9.990606548577563,29.898013955984972,8.28636607622115,0.14090177133655393,5.401234567901234,0.49651100375738055,0.03354804079441761
219,33.5077831454643,1.3687600644122384,7.9106280193236715,1.9994632313472893,9.816156736446592,31.676060118089104,7.669082125603865,0.14090177133655393,5.381105743424584,0.49651100375738055,0.03354804079441761
220,33.76945786366076,1.3687600644122384,7.9106280193236715,1.9793344068706387,9.88996242619431,31.548577563070317,7.575147611379496,0.14090177133655393,5.287171229200215,0.49651100375738055,0.03354804079441761
