,45,50,51,52,53,55,54,58,60,56,57,59
0,99.46323134728932,0.5233494363929146,0.013419216317767043,,,,,,,,,
1,99.27536231884058,0.7112184648416533,0.013419216317767043,,,,,,,,,
2,89.19082125603865,10.607890499194847,0.013419216317767043,0.020128824476650563,0.13419216317767044,0.03354804079441761,,,,,,
3,86.78878153515835,12.781803542673108,0.013419216317767043,0.020128824476650563,0.13419216317767044,0.2214170692431562,0.040257648953301126,,,,,
4,86.70826623725175,12.741545893719806,0.013419216317767043,0.04696725711218465,0.13419216317767044,0.27509393451422437,0.08051529790660225,,,,,
5,86.62104133118626,12.828770799785293,0.013419216317767043,0.04696725711218465,0.10735373054213634,0.27509393451422437,0.10735373054213634,,,,,
6,85.38647342995169,13.258185721953838,0.08722490606548577,0.8990874932903918,0.013419216317767043,0.27509393451422437,0.08051529790660225,,,,,
7,81.42780461621041,17.236983360171767,0.08722490606548577,0.8789586688137413,0.013419216317767043,0.27509393451422437,0.08051529790660225,,,,,
8,80.88432635534085,17.713365539452496,0.11406333870101985,0.8722490606548577,0.040257648953301126,0.2952227589908749,0.08051529790660225,,,,,
9,80.96484165324745,17.58588298443371,0.14090177133655393,0.8722490606548577,0.040257648953301126,0.3153515834675255,0.08051529790660225,,,,,
10,80.85748792270532,17.652979066022546,0.18115942028985507,0.8722490606548577,0.040257648953301126,0.3153515834675255,0.08051529790660225,,,,,
11,80.87090713902307,17.58588298443371,0.20128824476650564,0.8722490606548577,0.07380568974771873,0.3153515834675255,0.08051529790660225,,,,,
12,74.66451959205583,23.738593666129898,0.20128824476650564,0.8789586688137413,0.10735373054213634,0.32877079978529256,0.08051529790660225,,,,,
13,73.99355877616748,24.335748792270532,0.2281266774020397,0.8789586688137413,0.10735373054213634,0.3757380568974772,0.08051529790660225,,,,,
14,73.89291465378422,24.094202898550726,0.2281266774020397,0.8789586688137413,0.10735373054213634,0.7179280730005367,0.08051529790660225,,,,,
15,73.69162640901772,24.315619967793882,0.24154589371980675,0.8319914117015567,0.12077294685990338,0.7179280730005367,0.08051529790660225,,,,,
16,50.08722490606549,47.08132045088567,0.14761137949543746,0.04696725711218465,0.1274825550187869,0.7313472893183038,1.778046162104133,,,,,
17,49.93961352657005,46.85990338164251,0.17444981213097155,0.04696725711218465,0.1274825550187869,0.9796027911969941,1.8719806763285025,,,,,
18,49.12775093934514,47.63150831991412,0.18115942028985507,0.04696725711218465,0.15432098765432098,1.0466988727858293,1.8115942028985508,,,,,
19,49.282071926999464,47.26247987117552,0.24825550187869028,0.04696725711218465,0.16774020397208803,1.1607622114868492,1.8317230273752012,,,,,
20,47.75228126677402,48.530595813204506,0.35560923242082665,0.04696725711218465,0.2549651100375738,1.1943102522812667,1.865271068169619,,,,,
21,29.62962962962963,66.96859903381643,0.28180354267310787,,0.24154589371980675,2.3617820719269993,0.5166398282340311,,,,,
22,29.904723564143854,66.49892646269458,0.35560923242082665,,0.2616747181964573,2.462426194310252,0.5166398282340311,,,,,
23,30.22007514761138,65.72732152442298,0.39586688137412773,,1.0735373054213635,2.006172839506173,0.5300590445517982,0.020128824476650563,0.026838432635534086,,,
24,30.495169082125603,65.35829307568439,0.38915727321524424,,1.093666129898014,2.059849704777241,0.5568974771873323,0.020128824476650563,0.026838432635534086,,,
25,30.08588298443371,60.81588835212023,0.38915727321524424,0.06038647342995169,6.353998926462695,1.7176596886741815,0.5770263016639828,,,,,
26,28.515834675254965,61.191626409017715,0.4562533548040794,1.0466988727858293,6.286902844873859,1.8719806763285025,0.5971551261406334,0.03354804079441761,,,,
27,28.83118625872249,60.80246913580247,0.4830917874396135,1.0265700483091786,6.253354804079442,1.9457863660762211,0.6105743424584005,0.04696725711218465,,,,
28,29.11969940955448,60.39989264626946,0.4830917874396135,1.0131508319914118,6.179549114331723,2.033011272141707,0.6374127750939346,0.10064412238325282,,0.03354804079441761,,
29,29.435050993022006,59.90338164251208,0.5099302200751477,0.9997316156736447,6.1929683306494905,2.1806226516371443,0.644122383252818,0.10064412238325282,,0.03354804079441761,,
30,29.562533548040793,57.78314546430489,0.49651100375738055,0.9997316156736447,6.273483628556092,4.106280193236715,0.644122383252818,0.10064412238325282,,0.03354804079441761,,
31,29.394793344068706,56.66264090177134,0.5568974771873323,3.1736446591519054,5.22007514761138,4.159957058507783,0.6709608158883521,0.1274825550187869,,0.03354804079441761,,
32,29.66988727858293,55.93800322061192,0.6239935587761675,3.1333870101986045,5.132850241545894,4.555823939881911,0.7112184648416533,0.20128824476650564,,0.03354804079441761,,
33,30.119431025228128,55.35426731078905,0.6374127750939346,3.1535158346752548,5.112721417069243,4.575952764358561,0.8521202361782072,0.1610305958132045,,0.03354804079441761,,
34,30.320719269994633,55.17981749865808,0.6374127750939346,3.113258185721954,5.059044551798175,4.656468062265164,0.8387010198604401,0.1610305958132045,,0.03354804079441761,,
35,30.64278046162104,54.93156199677939,0.6374127750939346,3.0864197530864197,5.01207729468599,4.622920021470746,0.8387010198604401,0.1610305958132045,0.03354804079441761,0.03354804079441761,,
36,31.166129898013956,54.01905528717123,0.6776704240472357,3.0864197530864197,4.9718196457326895,4.99194847020934,0.8387010198604401,0.1878690284487386,0.03354804079441761,0.026838432635534086,,
37,31.253354804079443,52.61674718196457,0.6977992485238862,3.0864197530864197,4.9718196457326895,6.253354804079442,0.8722490606548577,0.1878690284487386,0.03354804079441761,0.026838432635534086,,
38,31.468062265163713,52.38862050456253,0.7246376811594203,3.052871712292002,4.951690821256038,6.226516371443908,0.8923778851315083,0.1878690284487386,0.06709608158883522,0.040257648953301126,,
39,31.57541599570585,51.1808910359635,0.7648953301127214,3.113258185721954,4.924852388620504,7.25979602791197,0.8856682769726248,0.1878690284487386,0.06709608158883522,0.040257648953301126,,
40,29.59608158883521,46.57809983896941,7.575147611379496,3.0193236714975846,4.924852388620504,6.91760601180891,0.9997316156736447,0.1878690284487386,0.06709608158883522,0.07380568974771873,0.026838432635534086,0.03354804079441761
41,29.924852388620504,46.2962962962963,7.467793880837359,3.052871712292002,4.898013955984971,6.9243156199677935,0.9997316156736447,0.20799785292538917,0.06709608158883522,0.10064412238325282,0.026838432635534086,0.03354804079441761
42,30.09259259259259,45.98094471282877,7.427536231884058,3.066290928609769,4.898013955984971,6.9243156199677935,1.1674718196457328,0.20799785292538917,0.07380568974771873,0.10064412238325282,0.026838432635534086,0.03354804079441761
43,30.273752012882447,45.56494900697799,7.4208266237251745,3.0931293612453032,4.958400429414922,7.0450885668276975,1.1607622114868492,0.20799785292538917,0.07380568974771873,0.14090177133655393,0.026838432635534086,0.03354804079441761
44,29.528985507246375,46.343263553408484,7.387278582930757,3.079710144927536,4.931561996779388,7.118894256575416,1.1272141706924315,0.20799785292538917,0.07380568974771873,0.14090177133655393,0.026838432635534086,0.03354804079441761
45,29.66988727858293,45.44417606011809,7.387278582930757,3.0864197530864197,4.7168545356951155,7.0383789586688135,2.1739130434782608,0.20799785292538917,0.07380568974771873,0.14090177133655393,0.026838432635534086,0.03354804079441761
46,29.924852388620504,45.28314546430489,7.286634460547504,3.046162104133119,4.690016103059581,7.058507783145465,2.1940418679549114,0.20799785292538917,0.07380568974771873,0.17444981213097155,0.026838432635534086,0.03354804079441761
47,30.19994632313473,44.98121309715513,7.326892109500805,3.0059044551798175,4.683306494900698,7.071926999463232,2.1940418679549114,0.20799785292538917,0.07380568974771873,0.17444981213097155,0.04696725711218465,0.03354804079441761
48,30.327428878153516,44.545088566827694,7.246376811594203,3.0931293612453032,4.64975845410628,7.367149758454106,2.167203435319377,0.20799785292538917,0.10735373054213634,0.20799785292538917,0.04696725711218465,0.03354804079441761
49,30.48174986580784,44.02173913043478,7.226247987117552,3.193773483628556,5.421363392377885,7.071926999463232,1.9256575415995705,0.2683843263553409,0.10064412238325282,0.20799785292538917,0.04696725711218465,0.03354804079441761
50,30.69645732689211,43.78690284487386,7.226247987117552,3.2139023081052067,5.4549114331723025,7.018250134192163,1.9457863660762211,0.2683843263553409,0.10064412238325282,0.20799785292538917,0.04696725711218465,0.03354804079441761
51,30.92458400429415,43.49838969404187,7.206119162640902,3.166935050993022,5.441492216854535,7.14573268921095,1.9457863660762211,0.28180354267310787,0.10064412238325282,0.20799785292538917,0.04696725711218465,0.03354804079441761
52,30.97826086956522,43.46484165324745,7.139023081052066,3.1602254428341383,5.501878690284487,7.105475040257649,1.90552871712292,0.28180354267310787,0.10064412238325282,0.20799785292538917,0.10064412238325282,0.05367686527106817
53,31.219806763285025,43.10923242082662,7.132313472893183,3.1333870101986045,5.475040257648954,7.179280730005368,1.9927536231884058,0.28180354267310787,0.1274825550187869,0.15432098765432098,0.14090177133655393,0.05367686527106817
54,31.05877616747182,41.82769726247987,7.098765432098766,3.1535158346752548,5.46833064949007,6.796833064949007,3.535963499731616,0.2616747181964573,0.1274825550187869,0.30864197530864196,0.17444981213097155,0.1878690284487386
55,31.186258722490606,41.6532474503489,7.071926999463232,3.1602254428341383,5.448201825013419,6.769994632313473,3.569511540526033,0.2952227589908749,0.1274825550187869,0.35560923242082665,0.17444981213097155,0.1878690284487386
56,31.246645195920557,41.6129898013956,7.051798174986581,3.1333870101986045,5.434782608695652,6.729736983360172,3.629898013955985,0.2952227589908749,0.1274825550187869,0.3757380568974772,0.17444981213097155,0.1878690284487386
57,31.03864734299517,41.25067096081589,6.957863660762212,3.8311862587224907,5.340848094471283,6.729736983360172,3.629898013955985,0.2952227589908749,0.1274825550187869,0.4025764895330113,0.20799785292538917,0.1878690284487386
58,31.13929146537842,41.06951154052604,6.957863660762212,3.8714439076757916,5.3341384863123995,6.763285024154589,3.589640365002684,0.28180354267310787,0.1610305958132045,0.4025764895330113,0.20799785292538917,0.2214170692431562
59,31.340579710144926,40.747450348899626,6.977992485238862,3.844605475040258,5.360976918947934,6.810252281266774,3.643317230273752,0.28180354267310787,0.1610305958132045,0.4025764895330113,0.20799785292538917,0.2214170692431562
60,30.50187869028449,41.87466451959206,6.870638754696726,3.7104133118625873,5.3274288781535155,6.843800322061192,3.5829307568438002,0.3153515834675255,0.14090177133655393,0.4025764895330113,0.20799785292538917,0.2214170692431562
61,30.790391841116477,41.6129898013956,6.877348362855609,3.683574879227053,5.367686527106817,6.769994632313473,3.6097691894793345,0.3488996242619431,0.14090177133655393,0.36902844873859364,0.20799785292538917,0.2214170692431562
62,30.92458400429415,41.398282340311326,6.816961889425658,3.743961352657005,5.347557702630167,6.837090713902308,3.603059581320451,0.3488996242619431,0.13419216317767044,0.4025764895330113,0.1878690284487386,0.2549651100375738
63,31.13929146537842,41.39157273215244,6.763285024154589,3.69699409554482,5.360976918947934,6.756575415995706,3.4688674181427803,0.3488996242619431,0.13419216317767044,0.4025764895330113,0.1878690284487386,0.3488996242619431
64,31.266774020397207,41.23054213633924,6.736446591519055,3.743961352657005,5.347557702630167,6.776704240472356,3.44873859366613,0.3488996242619431,0.1610305958132045,0.4025764895330113,0.1878690284487386,0.3488996242619431
65,31.32716049382716,40.80112721417069,6.702898550724638,3.743961352657005,5.367686527106817,7.085346215780999,3.44873859366613,0.3488996242619431,0.1610305958132045,0.4428341384863124,0.1878690284487386,0.3824476650563607
66,30.267042404723565,40.60654857756307,6.6760601180891035,3.730542136339238,5.3341384863123995,8.433977455716587,3.4621578099838968,0.32877079978529256,0.1610305958132045,0.4294149221685454,0.1878690284487386,0.3824476650563607
67,30.58239398819109,40.33816425120773,6.662640901771336,3.7238325281803544,5.347557702630167,8.427267847557703,3.4957058507783145,0.2885131508319914,0.1610305958132045,0.4294149221685454,0.1610305958132045,0.3824476650563607
68,30.803811057434245,40.11674718196457,6.662640901771336,3.730542136339238,5.3341384863123995,8.387010198604402,3.4957058507783145,0.33548040794417605,0.1610305958132045,0.4294149221685454,0.1610305958132045,0.3824476650563607
69,30.891035963499732,39.92887815351583,6.622383252818035,3.7238325281803544,5.360976918947934,8.313204508856682,3.569511540526033,0.322061191626409,0.1610305958132045,0.4428341384863124,0.1610305958132045,0.5032206119162641
70,30.810520665593128,39.962426194310254,6.622383252818035,3.7238325281803544,5.360976918947934,8.3064949006978,3.6634460547504024,0.3153515834675255,0.1610305958132045,0.4092860976918948,0.1610305958132045,0.5032206119162641
71,30.917874396135264,39.87520128824477,6.622383252818035,3.683574879227053,5.320719269994632,8.340042941492216,3.6634460547504024,0.3488996242619431,0.1610305958132045,0.4025764895330113,0.1610305958132045,0.5032206119162641
72,31.05877616747182,39.71417069243156,6.5552871712292005,3.743961352657005,5.314009661835748,8.393719806763285,3.6500268384326353,0.33548040794417605,0.1610305958132045,0.4294149221685454,0.1610305958132045,0.4830917874396135
73,31.30703166935051,39.47933440687064,6.461352657004831,3.7909286097691894,5.3341384863123995,8.433977455716587,3.6231884057971016,0.322061191626409,0.1610305958132045,0.4428341384863124,0.1610305958132045,0.4830917874396135
74,31.4747718733226,39.170692431561996,6.494900697799249,3.7573805689747717,5.394524959742351,8.433977455716587,3.69699409554482,0.322061191626409,0.18115942028985507,0.4294149221685454,0.1610305958132045,0.4830917874396135
75,31.36070853462158,39.14385399892646,6.414385399892646,3.629898013955985,5.407944176060118,8.635265700483092,3.7775093934514223,0.322061191626409,0.2147074610842727,0.4562533548040794,0.1610305958132045,0.47638217928073
76,31.427804616210413,38.94927536231884,6.427804616210413,3.6634460547504024,5.434782608695652,8.68894256575416,3.743961352657005,0.322061191626409,0.2147074610842727,0.4562533548040794,0.1610305958132045,0.5099302200751477
77,31.48148148148148,38.801663982823406,6.468062265163715,3.683574879227053,5.381105743424584,8.756038647342995,3.7372517444981215,0.322061191626409,0.2147074610842727,0.46967257112184646,0.17444981213097155,0.5099302200751477
78,31.709608158883523,38.62721417069243,6.447933440687064,3.616478797638218,5.35426731078905,8.702361782071927,3.69699409554482,0.3824476650563607,0.2683843263553409,0.46967257112184646,0.2147074610842727,0.5099302200751477
79,31.863929146537842,38.499731615673646,6.427804616210413,3.643317230273752,5.3274288781535155,8.682232957595277,3.743961352657005,0.3488996242619431,0.2683843263553409,0.46967257112184646,0.2147074610842727,0.5099302200751477
80,32.018250134192165,38.378958668813745,6.461352657004831,3.589640365002684,5.347557702630167,8.588298443370908,3.743961352657005,0.3488996242619431,0.2683843263553409,0.5032206119162641,0.24154589371980675,0.5099302200751477
81,31.743156199677937,37.67444981213097,6.447933440687064,4.690016103059581,5.394524959742351,8.53462157809984,3.7238325281803544,0.32877079978529256,0.2683843263553409,0.46296296296296297,0.2214170692431562,0.5099302200751477
82,31.924315619967793,37.4194847020934,6.353998926462695,4.636339237788513,5.4549114331723025,8.454106280193237,3.9049919484702094,0.322061191626409,0.2683843263553409,0.5032206119162641,0.2214170692431562,0.5367686527106817
83,32.13231347289318,37.25845410628019,6.353998926462695,4.669887278582931,5.448201825013419,8.387010198604402,3.898282340311326,0.322061191626409,0.2683843263553409,0.5032206119162641,0.2214170692431562,0.5367686527106817
84,32.038378958668815,37.19135802469136,6.3137412775093935,4.703435319377348,5.407944176060118,8.387010198604402,3.992216854535695,0.322061191626409,0.2683843263553409,0.5904455179817498,0.2214170692431562,0.5636070853462157
85,32.380568974771876,37.03032742887815,6.273483628556092,4.7168545356951155,5.360976918947934,8.333333333333334,3.9519592055823938,0.30864197530864196,0.24825550187869028,0.6105743424584005,0.2214170692431562,0.5636070853462157
86,32.628824476650564,36.83574879227053,6.226516371443908,4.7101449275362315,5.226784755770263,8.521202361782072,3.9184111647879765,0.3153515834675255,0.24825550187869028,0.6105743424584005,0.2214170692431562,0.5367686527106817
87,32.689210950080515,36.74852388620504,6.219806763285024,4.750402576489533,5.186527106816962,8.548040794417606,3.9318303811057436,0.3153515834675255,0.24825550187869028,0.6105743424584005,0.2214170692431562,0.5300590445517982
88,32.60198604401503,36.540526033279654,6.199677938808374,4.49543746645196,5.166398282340311,8.561460010735374,4.51556629092861,0.28180354267310787,0.24825550187869028,0.6105743424584005,0.24825550187869028,0.5300590445517982
89,31.662640901771336,37.60735373054214,6.125872249060655,4.4753086419753085,5.072463768115942,8.514492753623188,4.656468062265164,0.28180354267310787,0.24825550187869028,0.5904455179817498,0.23483628556092323,0.5300590445517982
90,31.776704240472355,37.5402576489533,6.031937734836285,4.441760601180891,5.0858829844337095,8.57487922705314,4.636339237788513,0.28180354267310787,0.24154589371980675,0.5904455179817498,0.2683843263553409,0.5300590445517982
91,31.756575415995705,37.41277509393451,6.018518518518518,4.549114331723027,5.10601180891036,8.581588835212024,4.7101449275362315,0.28180354267310787,0.2147074610842727,0.5703166935050993,0.2683843263553409,0.5300590445517982
92,31.830381105743424,37.07729468599034,6.011808910359635,4.53569511540526,5.173107890499195,8.695652173913043,4.830917874396135,0.28180354267310787,0.20128824476650564,0.5971551261406334,0.24825550187869028,0.5166398282340311
93,32.038378958668815,36.8491680085883,6.018518518518518,4.528985507246377,5.193236714975845,8.709071390230811,4.830917874396135,0.28180354267310787,0.20128824476650564,0.5971551261406334,0.23483628556092323,0.5166398282340311
94,31.407675791733762,36.2385936661299,5.904455179817498,5.736714975845411,5.2066559312936125,8.76274825550188,4.8443370907139025,0.30864197530864196,0.20128824476650564,0.6105743424584005,0.23483628556092323,0.5434782608695652
95,31.49490069779925,35.91653247450349,5.877616747181965,5.797101449275362,5.226784755770263,8.548040794417606,4.864465915190553,0.2952227589908749,0.20128824476650564,0.9997316156736447,0.23483628556092323,0.5434782608695652
96,31.702898550724637,35.768921095008054,5.884326355340848,5.776972624798712,5.246913580246914,8.527911969940956,4.8443370907139025,0.2952227589908749,0.1878690284487386,0.9863123993558777,0.23483628556092323,0.5434782608695652
97,30.99838969404187,33.662104133118625,5.931293612453032,5.669618894256575,5.22007514761138,8.232689210950081,7.971014492753623,0.322061191626409,0.16774020397208803,0.9997316156736447,0.28180354267310787,0.5434782608695652
98,31.15271068169619,33.581588835212024,5.884326355340848,5.683038110574342,5.267042404723564,8.192431561996779,7.883789586688137,0.3488996242619431,0.19457863660762212,0.9728931830381106,0.2952227589908749,0.5434782608695652
99,31.246645195920557,33.40713902308105,5.978260869565218,5.730005367686527,5.280461621041331,8.172302737520129,7.7831454643048845,0.3488996242619431,0.19457863660762212,0.9997316156736447,0.2885131508319914,0.5703166935050993
100,31.28690284487386,33.299785292538914,5.971551261406334,5.703166935050993,5.112721417069243,8.21256038647343,7.776435856146001,0.33548040794417605,0.19457863660762212,0.966183574879227,0.5703166935050993,0.5703166935050993
101,31.45464304884595,33.08507783145464,5.964841653247451,5.669618894256575,5.146269457863661,8.205850778314547,7.803274288781535,0.33548040794417605,0.19457863660762212,0.9997316156736447,0.5703166935050993,0.5703166935050993
102,31.528448738593667,32.930756843800324,5.924584004294149,5.629361245303274,5.22007514761138,8.239398819108963,7.823403113258186,0.33548040794417605,0.2281266774020397,0.9997316156736447,0.5703166935050993,0.5703166935050993
103,31.629092860976918,32.749597423510465,5.897745571658615,5.629361245303274,5.152979066022544,8.246108427267847,7.944176060118089,0.32877079978529256,0.2281266774020397,1.0265700483091786,0.5703166935050993,0.5971551261406334
104,31.743156199677937,32.57514761137949,5.904455179817498,5.730005367686527,5.159688674181428,8.225979602791197,7.924047235641439,0.322061191626409,0.2281266774020397,1.0198604401502953,0.5703166935050993,0.5971551261406334
105,27.576489533011273,36.25872249060655,5.501878690284487,5.314009661835748,4.911433172302737,7.62211486849168,10.050993022007514,0.4092860976918948,0.2281266774020397,0.9863123993558777,0.5434782608695652,0.5971551261406334
106,28.032742887815353,35.829307568438004,5.253623188405797,5.314009661835748,4.931561996779388,7.548309178743962,9.91009125067096,0.4428341384863124,0.24825550187869028,1.3217928073000538,0.5703166935050993,0.5971551261406334
107,27.999194847020934,35.581052066559316,5.179817498658078,5.314009661835748,4.998658078368224,6.736446591519055,11.064143853998926,0.41599570585077833,0.19457863660762212,1.3217928073000538,0.5904455179817498,0.6038647342995169
108,27.529522275899087,35.18518518518518,5.0993022007514766,7.615405260332796,5.025496511003757,6.4412238325281805,10.144927536231885,0.41599570585077833,0.1878690284487386,1.288244766505636,0.5703166935050993,0.49651100375738055
109,27.851583467525497,34.99060654857756,5.10601180891036,7.601986044015029,5.052334943639291,6.400966183574879,10.017444981213098,0.4025764895330113,0.1878690284487386,1.3016639828234031,0.5636070853462157,0.5233494363929146
110,28.207192699946322,34.76247987117552,5.032206119162641,7.595276435856146,5.0858829844337095,6.400966183574879,9.957058507783145,0.3757380568974772,0.18115942028985507,1.3217928073000538,0.5568974771873323,0.5233494363929146
111,28.475577026301664,34.46054750402576,5.032206119162641,7.575147611379496,5.025496511003757,6.528448738593666,9.96376811594203,0.3421900161030596,0.18115942028985507,1.3150831991411702,0.5568974771873323,0.5434782608695652
112,28.468867418142782,34.17874396135266,4.636339237788513,7.595276435856146,5.038915727321524,6.427804616210413,9.936929683306495,0.3421900161030596,0.18115942028985507,2.0665593129361244,0.5568974771873323,0.5703166935050993
113,28.549382716049383,34.004294149221685,4.683306494900698,7.588566827697263,5.10601180891036,6.380837359098229,9.916800858829845,0.3421900161030596,0.2214170692431562,2.0531400966183573,0.5568974771873323,0.5971551261406334
114,28.83118625872249,33.87010198604401,4.609500805152979,7.5348899624261945,5.119431025228127,6.353998926462695,9.943639291465379,0.32877079978529256,0.2214170692431562,2.033011272141707,0.5568974771873323,0.5971551261406334
115,28.985507246376812,33.756038647343,4.602791196994096,8.863392377885132,5.10601180891036,6.394256575415996,8.541331186258722,0.3488996242619431,0.19457863660762212,1.9592055823939882,0.6105743424584005,0.6374127750939346
116,28.764090177133657,33.3064949006978,5.394524959742351,8.729200214707461,5.267042404723564,6.340579710144928,8.407139023081053,0.4025764895330113,0.18115942028985507,1.9659151905528718,0.6038647342995169,0.6374127750939346
117,28.918411164787976,33.071658615136876,5.71658615136876,8.675523349436393,5.199946323134729,6.3070316693505095,8.407139023081053,0.4025764895330113,0.15432098765432098,1.90552871712292,0.6038647342995169,0.6374127750939346
118,29.005636070853463,32.91733762748255,5.71658615136876,8.668813741277509,5.233494363929147,6.293612453032743,8.447396672034353,0.4227053140096618,0.15432098765432098,1.8988191089640365,0.6038647342995169,0.6374127750939346
119,29.32769726247987,32.749597423510465,5.689747718733226,8.57487922705314,5.253623188405797,6.273483628556092,8.387010198604402,0.4227053140096618,0.18115942028985507,1.8853998926462694,0.6038647342995169,0.6508319914117016
120,29.508856682769725,32.360440150295226,5.703166935050993,8.561460010735374,5.488459473966721,6.400966183574879,8.259527643585615,0.4562533548040794,0.18115942028985507,1.8518518518518519,0.5770263016639828,0.6508319914117016
121,29.676596886741816,32.2061191626409,5.642780461621041,8.501073537305421,5.555555555555555,6.414385399892646,8.232689210950081,0.4562533548040794,0.15432098765432098,1.8988191089640365,0.6105743424584005,0.6508319914117016
122,29.58937198067633,32.018250134192165,5.803811057434245,8.440687063875469,5.60252281266774,6.400966183574879,8.400429414922169,0.43612453032742887,0.15432098765432098,1.9189479334406871,0.5837359098228664,0.6508319914117016
123,29.66988727858293,31.850509930220074,5.750134192163178,8.427267847557703,5.709876543209877,6.468062265163715,8.373590982286634,0.4227053140096618,0.15432098765432098,1.9122383252818036,0.6105743424584005,0.6508319914117016
124,29.73027375201288,31.776704240472355,5.776972624798712,8.373590982286634,5.730005367686527,6.501610305958132,8.413848631239935,0.4025764895330113,0.15432098765432098,1.9122383252818036,0.6038647342995169,0.6239935587761675
125,29.904723564143854,31.769994632313473,5.810520665593129,8.28636607622115,5.689747718733226,6.481481481481482,8.360171765968868,0.4025764895330113,0.18115942028985507,1.8853998926462694,0.630703166935051,0.5971551261406334
126,29.871175523349436,31.54186795491143,6.119162640901771,8.252818035426731,5.649490069779925,6.501610305958132,8.36688137412775,0.4025764895330113,0.18115942028985507,1.8988191089640365,0.6172839506172839,0.5971551261406334
127,28.663446054750402,28.985507246376812,10.789049919484702,8.205850778314547,5.515297906602254,6.078904991948471,8.085077831454644,0.3757380568974772,0.18115942028985507,1.8719806763285025,0.6508319914117016,0.5971551261406334
128,28.824476650563607,28.844605475040257,10.701825013419215,8.252818035426731,5.595813204508857,6.125872249060655,7.991143317230274,0.3757380568974772,0.18115942028985507,1.892109500805153,0.6172839506172839,0.5971551261406334
129,28.945249597423512,28.683574879227052,10.63472893183038,8.225979602791197,5.642780461621041,6.166129898013956,7.937466451959206,0.41599570585077833,0.18115942028985507,1.90552871712292,0.6374127750939346,0.6239935587761675
130,28.985507246376812,28.495705850778315,10.560923242082662,8.252818035426731,5.60252281266774,6.132581857219538,8.13875469672571,0.41599570585077833,0.18115942028985507,1.9860440150295222,0.6239935587761675,0.6239935587761675
131,29.1129898013956,28.428609769189478,10.527375201288244,8.192431561996779,5.676328502415459,6.125872249060655,8.07836822329576,0.41599570585077833,0.18115942028985507,2.0128824476650564,0.6239935587761675,0.6239935587761675
132,29.20692431561997,28.401771336553946,10.446859903381643,8.152173913043478,5.730005367686527,6.132581857219538,8.064949006977992,0.41599570585077833,0.18115942028985507,1.9927536231884058,0.6508319914117016,0.6239935587761675
133,29.294149221685455,28.267579173376276,10.466988727858293,8.192431561996779,5.709876543209877,6.1929683306494905,8.044820182501342,0.4092860976918948,0.18115942028985507,1.9860440150295222,0.644122383252818,0.6105743424584005
134,29.49543746645196,28.193773483628558,10.406602254428341,8.185721953837897,5.730005367686527,6.1929683306494905,7.883789586688137,0.4495437466451959,0.1610305958132045,2.0665593129361244,0.644122383252818,0.5904455179817498
135,29.790660225442835,28.059581320450885,10.339506172839506,8.105206655931294,5.730005367686527,6.239935587761675,7.75630703166935,0.4495437466451959,0.1610305958132045,2.13365539452496,0.6642512077294686,0.5703166935050993
136,29.924852388620504,28.005904455179817,10.305958132045088,8.091787439613526,5.683038110574342,6.253354804079442,7.796564680622652,0.4495437466451959,0.1610305958132045,2.1135265700483092,0.644122383252818,0.5703166935050993
137,30.038915727321523,27.979066022544284,10.165056360708535,8.179012345679013,5.595813204508857,6.239935587761675,7.7361782071927,0.4495437466451959,0.1610305958132045,2.24771873322598,0.644122383252818,0.5636070853462157
138,30.152979066022546,27.985775630703166,10.084541062801932,8.125335480407944,5.589103596349974,6.233225979602791,7.75630703166935,0.4495437466451959,0.1610305958132045,2.2611379495437465,0.6374127750939346,0.5636070853462157
139,30.213365539452496,27.891841116478798,10.0979602791197,8.064949006977992,5.703166935050993,6.206387546967257,7.682501341921632,0.4495437466451959,0.1610305958132045,2.2611379495437465,0.6776704240472357,0.5904455179817498
140,29.918142780461622,27.49597423510467,10.050993022007514,8.11862587224906,6.635802469135802,5.998389694041868,7.6623725174449815,0.4294149221685454,0.1610305958132045,2.314814814814815,0.6239935587761675,0.5904455179817498
141,30.119431025228128,27.4020397208803,10.010735373054214,8.05823939881911,6.649221685453569,6.0587761674718195,7.608695652173913,0.4294149221685454,0.1610305958132045,2.281266774020397,0.6508319914117016,0.5703166935050993
142,30.193236714975846,27.34165324745035,9.990606548577563,7.997852925389157,6.6760601180891035,6.092324208266238,7.608695652173913,0.4294149221685454,0.1610305958132045,2.281266774020397,0.644122383252818,0.5837359098228664
143,30.293880837359097,27.2812667740204,9.98389694041868,7.971014492753623,6.6827697262479875,6.119162640901771,7.568438003220612,0.4294149221685454,0.1610305958132045,2.281266774020397,0.644122383252818,0.5837359098228664
144,30.367686527106816,27.22758990874933,9.970477724100913,8.017981749865807,6.6827697262479875,6.045356951154052,7.568438003220612,0.4294149221685454,0.1610305958132045,2.301395598497048,0.644122383252818,0.5837359098228664
145,30.401234567901234,27.200751476113794,9.98389694041868,7.971014492753623,6.723027375201288,6.031937734836285,7.548309178743962,0.4294149221685454,0.1610305958132045,2.3349436392914655,0.630703166935051,0.5837359098228664
146,30.629361245303276,27.147074610842726,9.970477724100913,7.930756843800322,6.709608158883521,5.991680085882985,7.481213097155126,0.4294149221685454,0.1610305958132045,2.341653247450349,0.6776704240472357,0.5300590445517982
147,30.73671497584541,27.106816961889425,10.010735373054214,7.877079978529254,6.749865807836822,5.938003220611916,7.454374664519592,0.4294149221685454,0.1610305958132045,2.341653247450349,0.6910896403650026,0.5032206119162641
148,29.851046698872786,26.08695652173913,13.962694578636608,6.655931293612453,6.702898550724638,5.481749865807837,7.199409554482019,0.5099302200751477,0.1274825550187869,2.3081052066559313,0.6508319914117016,0.46296296296296297
149,29.97181964573269,26.039989264626946,13.895598497047773,6.66935050993022,6.6827697262479875,5.522007514761138,7.206119162640902,0.5099302200751477,0.1274825550187869,2.2946859903381642,0.6172839506172839,0.46296296296296297
150,30.22007514761138,25.999731615673646,13.768115942028986,6.655931293612453,6.615673644659152,5.528717122920021,7.239667203435319,0.48980139559849706,0.1274825550187869,2.2611379495437465,0.630703166935051,0.46296296296296297
151,30.320719269994633,25.91250670960816,13.70101986044015,6.655931293612453,6.66935050993022,5.508588298443371,7.306763285024155,0.48980139559849706,0.1274825550187869,2.227589908749329,0.6172839506172839,0.46296296296296297
152,30.441492216854535,25.825281803542673,13.539989264626946,6.763285024154589,6.629092860976919,5.4616210413311865,7.360440150295223,0.5233494363929146,0.12077294685990338,2.254428341384863,0.6172839506172839,0.46296296296296297
153,30.515297906602253,25.670960815888353,13.45276435856146,6.8035426731078905,6.588835212023618,5.770263016639828,7.27992485238862,0.5099302200751477,0.15432098765432098,2.2745571658615136,0.5568974771873323,0.4227053140096618
154,30.407944176060116,25.597155126140635,13.372249060654857,6.998121309715513,6.541867954911433,5.83064949006978,7.326892109500805,0.5099302200751477,0.15432098765432098,2.254428341384863,0.5837359098228664,0.4227053140096618
155,30.56226516371444,25.55018786902845,13.231347289318304,7.071926999463232,6.508319914117015,5.803811057434245,7.306763285024155,0.5099302200751477,0.15432098765432098,2.2946859903381642,0.5837359098228664,0.4227053140096618
156,30.56226516371444,25.44283413848631,13.425925925925926,6.998121309715513,6.4412238325281805,5.978260869565218,7.253086419753086,0.5099302200751477,0.15432098765432098,2.2745571658615136,0.5367686527106817,0.4227053140096618
157,30.669618894256576,25.348899624261943,13.372249060654857,6.991411701556629,6.508319914117015,5.917874396135265,7.333601717659689,0.5099302200751477,0.15432098765432098,2.2745571658615136,0.5166398282340311,0.4025764895330113
158,30.837359098228664,25.295222758990874,13.331991411701557,6.964573268921095,6.488191089640365,5.917874396135265,7.313472893183038,0.5099302200751477,0.15432098765432098,2.2745571658615136,0.5099302200751477,0.4025764895330113
159,29.757112184648417,23.832528180354267,13.238056897477188,10.950080515297907,6.360708534621578,5.065754159957058,6.998121309715513,0.41599570585077833,0.11406333870101985,2.3617820719269993,0.5434782608695652,0.36231884057971014
160,30.04562533548041,23.711755233494365,13.298443370907139,10.916532474503489,6.327160493827161,4.998658078368224,6.9310252281266775,0.41599570585077833,0.08722490606548577,2.3752012882447664,0.5434782608695652,0.3488996242619431
161,30.12614063338701,23.67149758454106,13.231347289318304,10.86285560923242,6.367418142780462,4.985238862050457,6.9243156199677935,0.4562533548040794,0.08722490606548577,2.395330112721417,0.5434782608695652,0.3488996242619431
162,30.461621041331185,23.537305421363392,13.22463768115942,10.84272678475577,6.239935587761675,5.005367686527107,6.904186795491143,0.4562533548040794,0.08722490606548577,2.3617820719269993,0.5300590445517982,0.3488996242619431
163,30.58239398819109,23.289049919484704,13.177670424047236,10.929951690821255,6.273483628556092,5.045625335480408,6.870638754696726,0.4562533548040794,0.08722490606548577,2.3550724637681157,0.5837359098228664,0.3488996242619431
164,30.52200751476114,23.30246913580247,13.117283950617283,10.970209339774557,6.246645195920558,5.038915727321524,6.984702093397746,0.4495437466451959,0.08722490606548577,2.3617820719269993,0.5837359098228664,0.33548040794417605
165,30.62265163714439,23.221953837895867,13.09044551798175,10.943370907139023,6.246645195920558,5.038915727321524,7.03166935050993,0.4428341384863124,0.08722490606548577,2.3550724637681157,0.5837359098228664,0.33548040794417605
166,30.743424584004295,23.17498658078368,13.083735909822867,10.943370907139023,6.1929683306494905,5.038915727321524,7.011540526033279,0.4428341384863124,0.07380568974771873,2.3752012882447664,0.5837359098228664,0.33548040794417605
167,30.837359098228664,23.121309715512613,13.050187869028449,10.876274825550189,6.266774020397209,4.944981213097155,7.065217391304348,0.47638217928073,0.07380568974771873,2.4020397208803006,0.5703166935050993,0.3153515834675255
168,30.434782608695652,22.69189479334407,13.077026301663983,10.755501878690284,7.7831454643048845,4.8376274825550185,6.635802469135802,0.46967257112184646,0.06038647342995169,2.4020397208803006,0.5367686527106817,0.3153515834675255
169,30.515297906602253,22.665056360708533,13.023349436392914,10.755501878690284,7.763016639828234,4.783950617283951,6.642512077294686,0.49651100375738055,0.06038647342995169,2.4221685453569513,0.5367686527106817,0.33548040794417605
170,30.67632850241546,22.611379495437465,13.036768652710682,10.715244229736983,7.722758990874933,4.736983360171766,6.655931293612453,0.49651100375738055,0.06038647342995169,2.395330112721417,0.5568974771873323,0.33548040794417605
171,30.817230273752013,22.571121846484164,12.99651100375738,10.715244229736983,7.709339774557166,4.676596886741814,6.642512077294686,0.49651100375738055,0.06038647342995169,2.3752012882447664,0.5904455179817498,0.3488996242619431
172,30.730005367686527,21.806226516371442,12.889157273215245,11.936392914653783,7.595276435856146,4.582662372517445,6.5552871712292005,0.43612453032742887,0.06038647342995169,2.4490069779924855,0.6105743424584005,0.3488996242619431
173,30.783682232957595,21.76596886741814,12.775093934514224,11.976650563607086,7.548309178743962,4.62962962962963,6.568706387546968,0.43612453032742887,0.06038647342995169,2.462426194310252,0.644122383252818,0.3488996242619431
174,30.797101449275363,21.66532474503489,12.694578636607622,11.996779388083736,7.541599570585078,4.62962962962963,6.655931293612453,0.4294149221685454,0.06038647342995169,2.4691358024691357,0.7112184648416533,0.3488996242619431
175,30.870907139023082,21.531132581857218,12.627482555018787,11.98336017176597,7.595276435856146,4.74369296833065,6.608964036500268,0.4025764895330113,0.06038647342995169,2.5026838432635534,0.7246376811594203,0.3488996242619431
176,29.958400429414922,23.05421363392378,12.399355877616747,11.788781535158346,7.608695652173913,4.64975845410628,6.541867954911433,0.4025764895330113,0.040257648953301126,2.475845410628019,0.7313472893183038,0.3488996242619431
177,30.112721417069242,22.987117552334944,12.325550187869029,11.54723564143854,7.648953301127214,4.636339237788513,6.655931293612453,0.4025764895330113,0.040257648953301126,2.428878153515835,0.8655394524959742,0.3488996242619431
178,30.173107890499196,22.987117552334944,12.224906065485776,11.58749329039184,7.608695652173913,4.5893719806763285,6.769994632313473,0.4025764895330113,0.040257648953301126,2.4020397208803006,0.8655394524959742,0.3488996242619431
179,30.233494363929147,22.913311862587225,12.258454106280194,11.58749329039184,7.669082125603865,4.49543746645196,6.863929146537842,0.3757380568974772,0.040257648953301126,2.3349436392914655,0.8789586688137413,0.3488996242619431
180,30.381105743424584,22.84621578099839,12.177938808373591,11.540526033279656,7.6623725174449815,4.49543746645196,6.944444444444445,0.3757380568974772,0.040257648953301126,2.328234031132582,0.8588298443370908,0.3488996242619431
181,30.52200751476114,22.785829307568438,12.104133118625873,11.473429951690822,7.729468599033816,4.542404723564144,6.951154052603328,0.3757380568974772,0.040257648953301126,2.2946859903381642,0.8319914117015567,0.3488996242619431
182,30.246913580246915,22.5979602791197,11.876006441223833,11.05072463768116,8.957326892109501,4.4820182501341925,6.89747718733226,0.3757380568974772,0.040257648953301126,2.328234031132582,0.798443370907139,0.3488996242619431
183,30.434782608695652,22.52415458937198,11.81561996779388,11.003757380568974,8.943907675791733,4.414922168545357,6.884057971014493,0.35560923242082665,0.040257648953301126,2.4892646269457863,0.7447665056360708,0.3488996242619431
184,28.965378421900162,21.786097691894792,14.566559312936125,10.607890499194847,8.769457863660762,4.119699409554482,7.407407407407407,0.35560923242082665,0.040257648953301126,2.314814814814815,0.7179280730005367,0.3488996242619431
185,29.032474503488995,21.672034353193773,14.573268921095009,10.628019323671497,8.682232957595277,4.133118625872249,7.501341921631776,0.3757380568974772,0.040257648953301126,2.281266774020397,0.7313472893183038,0.3488996242619431
186,28.79092860976919,23.067632850241544,13.808373590982287,10.567632850241546,8.668813741277509,3.9586688137412773,7.387278582930757,0.3757380568974772,0.040257648953301126,2.2611379495437465,0.7246376811594203,0.3488996242619431
187,28.59634997316157,23.00053676865271,13.211218464841654,10.674986580783683,8.675523349436393,3.9586688137412773,7.273215244229737,0.3757380568974772,0.040257648953301126,3.026033279656468,0.7246376811594203,0.4428341384863124
