,45,50,54,55,53,52,56,51,57
0,98.80568974771873,1.1943102522812667,,,,,,,
1,98.80568974771873,1.1943102522812667,,,,,,,
2,98.6580783682233,1.3419216317767042,,,,,,,
3,95.67230273752013,4.327697262479871,,,,,,,
4,93.83387010198605,6.166129898013956,,,,,,,
5,86.58749329039185,13.41250670960816,,,,,,,
6,68.20987654320987,31.790123456790123,,,,,,,
7,68.45142243692969,31.42109500805153,0.1274825550187869,,,,,,
8,67.9549114331723,31.78341384863124,0.1274825550187869,0.13419216317767044,,,,,
9,67.98174986580784,31.756575415995705,0.1274825550187869,0.13419216317767044,,,,,
10,68.4044551798175,31.333870101986044,0.1274825550187869,0.13419216317767044,,,,,
11,68.70638754696726,30.864197530864196,0.1274825550187869,0.30193236714975846,,,,,
12,68.20987654320987,29.71014492753623,0.07380568974771873,0.30193236714975846,1.7042404723564144,,,,
13,68.50509930220075,29.455179817498657,0.07380568974771873,0.2616747181964573,1.7042404723564144,,,,
14,68.57890499194848,29.0727321524423,0.07380568974771873,0.2616747181964573,2.0128824476650564,,,,
15,68.06897477187333,29.582662372517444,0.07380568974771873,0.2616747181964573,2.0128824476650564,,,,
16,68.16961889425657,29.482018250134193,0.07380568974771873,0.2616747181964573,2.0128824476650564,,,,
17,68.25684380032206,29.394793344068706,0.07380568974771873,0.2616747181964573,2.0128824476650564,,,,
18,53.09983896940419,46.464036500268385,,0.1274825550187869,0.30864197530864196,,,,
19,53.12667740203972,46.182232957595275,,0.3824476650563607,0.30864197530864196,,,,
20,51.06682769726248,39.31830381105743,,0.3824476650563607,0.30864197530864196,8.923778851315083,,,
21,51.321792807300056,39.06333870101986,,0.3824476650563607,0.30864197530864196,8.923778851315083,,,
22,50.999731615673646,39.2512077294686,,0.5166398282340311,0.30864197530864196,8.923778851315083,,,
23,49.89264626945786,40.371712292002144,,0.5032206119162641,0.30864197530864196,8.923778851315083,,,
24,48.711755233494365,40.21068169618894,,0.5032206119162641,0.30864197530864196,10.265700483091788,,,
25,48.91975308641975,39.720880300590444,,0.5032206119162641,0.30864197530864196,10.547504025764896,,,
26,49.362587224906065,38.868760064412236,,1.0869565217391304,0.30864197530864196,10.373054213633925,,,
27,49.53032742887815,38.47289318303811,,1.328502415458937,0.30864197530864196,10.359634997316157,,,
28,49.63768115942029,36.862587224906065,,2.85829307568438,0.30864197530864196,10.158346752549651,0.17444981213097155,,
29,49.91277509393451,36.493558776167475,,2.9790660225442833,0.30864197530864196,10.131508319914117,0.17444981213097155,,
30,50.09393451422437,36.111111111111114,,3.193773483628556,0.2952227589908749,10.131508319914117,0.17444981213097155,,
31,50.07380568974772,36.178207192699944,,3.193773483628556,0.2952227589908749,10.084541062801932,0.17444981213097155,,
32,50.30193236714976,36.14465915190553,,2.999194847020934,0.2952227589908749,10.084541062801932,0.17444981213097155,,
33,48.611111111111114,37.835480407944175,,2.999194847020934,0.2952227589908749,10.084541062801932,0.17444981213097155,,
34,49.28878153515835,37.21819645732689,,2.9589371980676327,0.2952227589908749,10.064412238325282,0.17444981213097155,,
35,49.57729468599034,36.95652173913044,,2.945517981749866,0.28180354267310787,10.064412238325282,0.17444981213097155,,
36,49.69806763285024,36.93639291465379,,2.945517981749866,0.28180354267310787,9.96376811594203,0.17444981213097155,,
37,50.026838432635536,36.30568974771873,,3.2004830917874396,0.5703166935050993,9.722222222222221,0.17444981213097155,,
38,48.651368760064415,35.47369833601718,,5.542136339237788,0.5703166935050993,9.588030059044552,0.17444981213097155,,
39,47.45034889962426,36.30568974771873,,4.998658078368224,1.0332796564680622,10.077831454643048,0.13419216317767044,,
40,47.718733225979605,36.111111111111114,,4.958400429414922,1.0332796564680622,10.044283413848632,0.13419216317767044,,
41,47.87305421363392,36.00375738056898,,5.072463768115942,1.0332796564680622,9.883252818035427,0.13419216317767044,,
42,46.94041867954911,36.882716049382715,,5.267042404723564,1.0332796564680622,9.742351046698873,0.13419216317767044,,
43,47.04777241009125,36.82903918411165,,5.260332796564681,1.0332796564680622,9.695383789586689,0.13419216317767044,,
44,46.91358024691358,36.68813741277509,,5.381105743424584,1.0332796564680622,9.849704777241008,0.13419216317767044,,
45,42.954911433172306,36.82903918411165,1.710950080515298,5.0993022007514766,0.95276435856146,9.796027911969942,0.13419216317767044,2.522812667740204,
46,41.968599033816425,36.06414385399893,3.388352120236178,4.64975845410628,0.95276435856146,10.34621578099839,0.13419216317767044,2.49597423510467,
47,42.11621041331186,35.99704777241009,3.388352120236178,4.64975845410628,0.95276435856146,10.265700483091788,0.13419216317767044,2.49597423510467,
48,42.48523886205046,35.76221148684917,3.1736446591519054,4.74369296833065,1.0198604401502953,10.23215244229737,0.10735373054213634,2.475845410628019,
49,42.981749865807835,35.46698872785829,3.1736446591519054,4.555823939881911,1.0198604401502953,10.218733225979603,0.10735373054213634,2.475845410628019,
50,43.13607085346216,35.15163714439077,3.1736446591519054,4.555823939881911,1.1808910359634996,10.218733225979603,0.10735373054213634,2.475845410628019,
51,42.109500805152976,37.104133118625874,3.0931293612453032,4.555823939881911,1.4626945786366077,9.977187332259795,0.10735373054213634,1.5901771336553945,
52,42.3845947396672,36.64787976382179,3.0931293612453032,4.528985507246377,1.7310789049919484,9.916800858829845,0.10735373054213634,1.5901771336553945,
53,42.619431025228124,36.252012882447666,3.294417606011809,4.522275899087493,1.7310789049919484,9.883252818035427,0.10735373054213634,1.5901771336553945,
54,42.58588298443371,36.131239935587764,3.294417606011809,4.522275899087493,1.7310789049919484,9.883252818035427,0.10735373054213634,1.7444981213097155,
55,42.619431025228124,36.111111111111114,3.294417606011809,4.522275899087493,1.7310789049919484,9.86983360171766,0.10735373054213634,1.7444981213097155,
56,41.30434782608695,35.10466988727858,3.0327428878153517,4.414922168545357,1.482823403113258,12.808641975308642,0.10735373054213634,1.7444981213097155,
57,41.37144390767579,34.97047772410091,3.2541599570585076,4.414922168545357,1.482823403113258,12.654320987654321,0.10735373054213634,1.7444981213097155,
58,41.55931293612453,34.70880300590446,3.2474503488996245,4.609500805152979,1.482823403113258,12.654320987654321,0.10735373054213634,1.6304347826086956,
59,40.666935050993025,34.07809983896941,3.240740740740741,4.5893719806763285,1.482823403113258,12.654320987654321,0.10735373054213634,3.180354267310789,
60,40.81454643048846,33.843263553408484,3.240740740740741,4.750402576489533,1.482823403113258,12.654320987654321,0.10735373054213634,3.1065485775630703,
61,41.12989801395599,33.2259796027912,3.240740740740741,4.750402576489533,1.7847557702630166,12.654320987654321,0.10735373054213634,3.1065485775630703,
62,41.50563607085346,32.59527643585615,3.2340311325818574,4.528985507246377,3.670155662909286,11.252012882447666,0.10735373054213634,3.1065485775630703,
63,38.92914653784219,35.587761674718195,3.2541599570585076,4.51556629092861,3.8311862587224907,10.668276972624799,0.10735373054213634,3.1065485775630703,
64,38.747987117552334,34.76247987117552,3.026033279656468,4.30756843800322,5.394524959742351,10.57434245840043,0.10735373054213634,3.079710144927536,
65,38.98282340311326,34.5679012345679,2.985775630703167,4.2270531400966185,5.394524959742351,10.446859903381643,0.10735373054213634,3.2877079978529253,
66,38.08373590982286,35.601180891035966,2.985775630703167,4.2270531400966185,5.394524959742351,10.312667740203972,0.10735373054213634,3.2877079978529253,
67,38.24476650563607,35.601180891035966,2.9119699409554483,4.388083735909823,5.3274288781535155,10.131508319914117,0.10735373054213634,3.2877079978529253,
68,38.7211486849168,35.37976382179281,2.7509393451422435,4.388083735909823,5.501878690284487,9.930220075147611,0.10735373054213634,3.2206119162640903,
69,37.76838432635534,33.59500805152979,2.7509393451422435,4.5960815888352125,5.35426731078905,9.601449275362318,0.10735373054213634,6.226516371443908,
70,38.09044551798175,33.4272678475577,2.7509393451422435,4.575952764358561,5.35426731078905,9.46725711218465,0.10735373054213634,6.226516371443908,
71,37.07058507783145,34.43370907139023,2.7509393451422435,4.5960815888352125,5.35426731078905,9.46725711218465,0.10735373054213634,6.219806763285024,
72,37.76838432635534,33.97745571658615,2.7509393451422435,4.74369296833065,5.35426731078905,9.078099838969404,0.10735373054213634,6.219806763285024,
73,37.84219001610306,33.964036500268385,2.7509393451422435,4.683306494900698,5.35426731078905,9.078099838969404,0.10735373054213634,6.219806763285024,
74,38.00993022007515,33.54804079441761,2.8515834675254963,4.770531400966184,5.495169082125604,9.078099838969404,0.10735373054213634,6.139291465378422,
75,38.177670424047236,33.467525496511,2.8515834675254963,4.770531400966184,5.475040257648954,9.01100375738057,0.10735373054213634,6.139291465378422,
76,38.39237788513151,33.333333333333336,2.8515834675254963,4.750402576489533,5.414653784219001,9.01100375738057,0.10735373054213634,6.139291465378422,
77,38.097155126140635,32.56843800322061,4.361245303274289,4.542404723564144,5.253623188405797,8.93719806763285,0.10735373054213634,6.132581857219538,
78,37.513419216317764,31.5955448201825,4.361245303274289,4.502147074610843,5.179817498658078,8.923778851315083,0.10735373054213634,7.816693505099302,
79,36.38620504562534,33.03811057434246,4.361245303274289,4.5960815888352125,5.146269457863661,8.863392377885132,0.10735373054213634,7.501341921631776,
80,36.70826623725174,33.031400966183575,4.334406870638754,4.575952764358561,5.045625335480408,8.849973161567364,0.10735373054213634,7.347020933977456,
81,37.0504562533548,32.82340311325819,4.334406870638754,4.562533548040794,4.958400429414922,8.816425120772946,0.10735373054213634,7.347020933977456,
82,37.11755233494364,32.79656468062265,4.334406870638754,4.562533548040794,4.958400429414922,8.776167471819646,0.10735373054213634,7.347020933977456,
83,36.78878153515835,31.870638754696724,4.643048845947397,4.461889425657541,6.340579710144928,8.440687063875469,0.10735373054213634,7.347020933977456,
84,37.17122920021471,31.49490069779925,4.864465915190553,4.461889425657541,6.333870101986044,8.293075684380032,0.10735373054213634,7.273215244229737,
85,37.34567901234568,31.246645195920557,4.864465915190553,4.461889425657541,6.286902844873859,8.225979602791197,0.10735373054213634,7.461084272678476,
86,37.96967257112185,31.0252281266774,4.804079441760601,4.334406870638754,6.266774020397209,8.051529790660226,0.10735373054213634,7.440955448201825,
87,38.238056897477186,30.803811057434245,4.804079441760601,4.314278046162104,6.260064412238325,8.051529790660226,0.10735373054213634,7.4208266237251745,
88,38.35212023617821,30.837359098228664,4.804079441760601,4.314278046162104,6.239935587761675,8.051529790660226,0.10735373054213634,7.2933440687063875,
89,38.45276435856146,30.803811057434245,4.750402576489533,4.294149221685454,6.360708534621578,8.051529790660226,0.10735373054213634,7.179280730005368,
90,38.969404186795494,30.50187869028449,4.750402576489533,4.274020397208803,6.360708534621578,8.038110574342458,0.10735373054213634,6.998121309715513,
91,39.03650026838432,30.495169082125603,4.750402576489533,4.274020397208803,6.360708534621578,7.977724100912507,0.10735373054213634,6.998121309715513,
92,38.35212023617821,28.824476650563607,5.488459473966721,3.2474503488996245,6.360708534621578,10.748792270531402,0.10735373054213634,6.870638754696726,
93,38.405797101449274,28.817767042404725,5.488459473966721,3.227321524422974,6.347289318303811,10.735373054213634,0.10735373054213634,6.870638754696726,
94,38.77482555018787,28.442028985507246,5.475040257648954,3.227321524422974,6.045356951154052,10.7085346215781,0.10735373054213634,7.219538378958669,
95,39.04320987654321,28.37493290391841,5.46833064949007,3.227321524422974,6.005099302200751,10.57434245840043,0.10735373054213634,7.199409554482019,
96,39.170692431561996,28.37493290391841,5.35426731078905,3.2206119162640903,6.005099302200751,10.567632850241546,0.10735373054213634,7.199409554482019,
97,37.835480407944175,28.59634997316157,5.5689747718733225,3.2206119162640903,6.005099302200751,10.567632850241546,0.10735373054213634,8.09849704777241,
98,37.80193236714976,28.193773483628558,5.5689747718733225,3.2206119162640903,5.978260869565218,12.010198604401502,0.10735373054213634,7.118894256575416,
99,38.32528180354267,28.079710144927535,5.508588298443371,3.0730005367686526,5.877616747181965,12.211486849168008,0.040257648953301126,6.884057971014493,
100,38.1105743424584,26.86527106816962,5.508588298443371,3.0730005367686526,5.877616747181965,13.848631239935587,0.040257648953301126,6.6760601180891035,
101,38.69431025228127,26.80488459473967,5.46833064949007,2.9253891572732154,5.5756843800322065,13.81508319914117,0.040257648953301126,6.6760601180891035,
102,37.69457863660762,25.409286097691894,5.46833064949007,2.9253891572732154,5.60252281266774,13.694310252281268,0.040257648953301126,9.16532474503489,
103,37.78851315083199,25.39586688137413,5.4616210413311865,2.9052603327965647,5.60252281266774,13.674181427804616,0.040257648953301126,9.131776704240472,
104,38.056897477187334,25.49651100375738,5.347557702630167,2.898550724637681,5.58239398819109,13.539989264626946,0.040257648953301126,9.037842190016104,
105,38.097155126140635,25.489801395598498,5.481749865807837,2.898550724637681,5.555555555555555,13.419216317767042,0.040257648953301126,9.017713365539452,
106,38.399087493290395,25.0,5.387815351583468,2.8113258185721954,5.709876543209877,13.633923778851315,0.040257648953301126,9.017713365539452,
107,38.70101986044015,24.812130971551262,5.387815351583468,2.8113258185721954,5.709876543209877,13.627214170692431,0.040257648953301126,8.910359634997317,
108,38.888888888888886,24.684648416532475,5.307300053676865,2.999194847020934,5.642780461621041,13.553408480944713,0.040257648953301126,8.883521202361782,
109,39.14385399892646,23.96672034353194,5.199946323134729,2.999194847020934,5.629361245303274,13.459473966720344,0.040257648953301126,9.561191626409018,
110,37.69457863660762,23.58427267847558,3.7238325281803544,2.522812667740204,5.407944176060118,17.465110037573805,0.040257648953301126,9.561191626409018,
111,37.82877079978529,23.49704777241009,3.7238325281803544,2.522812667740204,5.381105743424584,17.465110037573805,0.040257648953301126,9.541062801932368,
112,37.38593666129898,23.91304347826087,3.7238325281803544,2.6435856146001075,5.4549114331723025,17.324208266237253,0.040257648953301126,9.514224369296834,
113,37.432903918411164,23.91304347826087,3.7238325281803544,2.7509393451422435,5.4549114331723025,17.16988727858293,0.040257648953301126,9.514224369296834,
114,34.80273752012882,26.623725174449813,3.7238325281803544,2.7509393451422435,5.703166935050993,17.08937198067633,0.040257648953301126,9.265968867418144,
115,34.5276435856146,26.549919484702095,3.321256038647343,2.7308105206655933,7.501341921631776,16.25067096081589,0.040257648953301126,9.078099838969404,
116,34.695383789586685,26.462694578636608,3.321256038647343,2.7308105206655933,7.501341921631776,16.183574879227052,0.040257648953301126,9.064680622651638,
117,34.004294149221685,25.32206119162641,2.26784755770263,2.7106816961889426,11.43317230273752,15.022812667740205,0.17444981213097155,9.064680622651638,
118,34.13848631239936,25.301932367149757,2.26784755770263,2.636876006441224,11.406333870101985,15.022812667740205,0.17444981213097155,9.05126140633387,
119,34.064680622651636,24.798711755233494,2.033011272141707,2.5966183574879227,12.902576489533011,14.378690284487385,0.17444981213097155,9.05126140633387,
120,34.447128287708,24.50348899624262,2.033011272141707,2.589908749329039,12.889157273215245,14.345142243692969,0.17444981213097155,9.017713365539452,
121,34.084809447128286,24.396135265700483,2.0128824476650564,2.7308105206655933,12.869028448738593,14.251207729468598,0.17444981213097155,9.480676328502415,
122,34.14519592055824,23.960010735373054,2.0128824476650564,2.677133655394525,12.801932367149758,14.123725174449811,0.14761137949543746,10.131508319914117,
123,34.21900161030596,23.805689747718734,2.0128824476650564,2.6637144390767578,12.949543746645196,14.096886741814279,0.14761137949543746,10.104669887278583,
124,34.56119162640902,23.597691894793343,2.0128824476650564,2.6637144390767578,12.889157273215245,14.070048309178745,0.14761137949543746,10.057702630166398,
125,32.95759527643585,25.41599570585078,2.254428341384863,2.6637144390767578,12.801932367149758,13.882179280730005,0.14761137949543746,9.876543209876543,
126,33.00456253354804,24.805421363392377,2.254428341384863,2.6637144390767578,13.493022007514762,13.768115942028986,0.14761137949543746,9.762479871175524,0.10064412238325282
127,33.44068706387547,24.698067632850243,2.200751476113795,2.6637144390767578,13.39237788513151,13.66076221148685,0.14761137949543746,9.695383789586689,0.10064412238325282
128,33.55475040257649,24.698067632850243,2.200751476113795,2.6637144390767578,13.372249060654857,13.58695652173913,0.14761137949543746,9.675254965110037,0.10064412238325282
129,33.73590982286635,24.54374664519592,2.200751476113795,2.6637144390767578,13.39237788513151,13.58695652173913,0.14761137949543746,9.628287707997853,0.10064412238325282
130,33.964036500268385,24.48336017176597,2.200751476113795,2.5496511003757383,13.39237788513151,13.56682769726248,0.14761137949543746,9.594739667203436,0.10064412238325282
131,34.18545356951154,24.3894256575416,2.200751476113795,2.522812667740204,13.365539452495975,13.493022007514762,0.14761137949543746,9.594739667203436,0.10064412238325282
132,34.252549651100374,24.382716049382715,2.200751476113795,2.49597423510467,13.365539452495975,13.493022007514762,0.14761137949543746,9.561191626409018,0.10064412238325282
133,34.52093397745572,24.322329575952764,2.341653247450349,2.475845410628019,13.137412775093935,13.405797101449275,0.13419216317767044,9.561191626409018,0.10064412238325282
134,34.84970477724101,24.134460547504027,2.341653247450349,2.475845410628019,13.117283950617283,13.365539452495975,0.13419216317767044,9.480676328502415,0.10064412238325282
135,34.977187332259795,23.89291465378422,2.2879763821792807,2.38191089640365,13.278314546430488,13.264895330112722,0.36902844873859364,9.447128287707997,0.10064412238325282
136,35.61460010735373,23.61111111111111,2.281266774020397,2.3617820719269993,13.157541599570585,13.157541599570585,0.36902844873859364,9.346484165324744,0.10064412238325282
137,35.507246376811594,23.51046698872786,2.281266774020397,2.3550724637681157,13.077026301663983,13.144122383252817,0.36902844873859364,9.655126140633387,0.10064412238325282
138,34.648416532474506,22.289318303811058,2.26784755770263,2.301395598497048,12.895866881374127,12.701288244766506,0.36902844873859364,12.426194310252281,0.10064412238325282
139,34.084809447128286,21.021202361782073,2.2611379495437465,2.2611379495437465,14.915458937198068,12.567096081588835,0.36902844873859364,12.419484702093397,0.10064412238325282
140,34.09822866344606,20.90713902308105,2.254428341384863,2.2611379495437465,14.781266774020397,12.560386473429952,0.36902844873859364,12.667740203972087,0.10064412238325282
141,33.581588835212024,20.155662909286097,2.254428341384863,3.5426731078904994,14.566559312936125,12.848899624261943,0.36231884057971014,12.587224906065487,0.10064412238325282
142,33.62855609232421,19.665861513687602,2.254428341384863,3.4957058507783145,14.284755770263017,12.962962962962964,0.36231884057971014,13.24476650563607,0.10064412238325282
143,33.77616747181965,19.524959742351047,2.214170692431562,3.3279656468062266,14.888620504562533,12.86231884057971,0.2549651100375738,13.050187869028449,0.10064412238325282
144,33.43397745571659,16.80756843800322,2.200751476113795,3.2675791733762747,14.727589908749328,16.834406870638755,0.2549651100375738,12.372517444981213,0.10064412238325282
145,33.49436392914654,16.780730005367687,2.200751476113795,3.2675791733762747,14.694041867954912,16.55931293612453,0.2549651100375738,12.365807836822329,0.3824476650563607
146,33.63526570048309,16.774020397208805,2.200751476113795,3.260869565217391,14.593397745571659,16.532474503488995,0.2549651100375738,12.365807836822329,0.3824476650563607
147,33.82984433709071,16.7337627482555,2.1940418679549114,3.193773483628556,14.593397745571659,16.532474503488995,0.2549651100375738,12.285292538915728,0.3824476650563607
148,33.93048845947396,16.586151368760063,2.4892646269457863,3.193773483628556,14.445786366076222,16.33118625872249,0.36231884057971014,12.278582930756844,0.3824476650563607
149,33.84997316156736,16.525764895330113,2.844873859366613,3.1535158346752548,14.2914653784219,16.317767042404725,0.28180354267310787,12.352388620504563,0.3824476650563607
150,33.97745571658615,16.404991948470208,2.952227589908749,3.2742887815351582,14.257917337627482,16.190284487385938,0.28180354267310787,12.278582930756844,0.3824476650563607
151,34.064680622651636,16.344605475040257,3.113258185721954,3.2742887815351582,14.257917337627482,16.002415458937197,0.28180354267310787,12.278582930756844,0.3824476650563607
152,34.17203435319377,16.076221148684915,3.113258185721954,3.2742887815351582,14.13714439076758,15.821256038647343,0.28180354267310787,12.741545893719806,0.3824476650563607
153,34.25925925925926,16.002415458937197,3.099838969404187,3.4286097691894795,14.13714439076758,15.666935050993022,0.28180354267310787,12.741545893719806,0.3824476650563607
154,34.225711218464845,15.861513687600644,3.079710144927536,3.4286097691894795,14.130434782608695,15.734031132581856,0.28180354267310787,12.875738056897477,0.3824476650563607
155,34.23913043478261,15.747450348899624,3.079710144927536,3.4286097691894795,14.264626945786366,15.734031132581856,0.28180354267310787,12.842190016103059,0.3824476650563607
156,34.574610842726784,15.566290928609769,3.0327428878153517,3.4286097691894795,14.27133655394525,15.626677402039721,0.27509393451422437,12.842190016103059,0.3824476650563607
157,34.675254965110035,15.505904455179817,3.0327428878153517,3.4286097691894795,14.15727321524423,15.559581320450885,0.27509393451422437,12.983091787439614,0.3824476650563607
158,34.816156736446594,15.505904455179817,3.0327428878153517,3.4286097691894795,14.150563607085346,15.425389157273216,0.27509393451422437,12.983091787439614,0.3824476650563607
159,34.574610842726784,15.297906602254429,3.0193236714975846,3.1870638754696725,15.063070316693505,15.418679549114332,0.20799785292538917,12.848899624261943,0.3824476650563607
160,34.715512614063336,15.197262479871176,3.0193236714975846,3.180354267310789,15.210681696188942,15.28448738593666,0.20799785292538917,12.801932367149758,0.3824476650563607
161,34.936929683306495,15.096618357487923,2.999194847020934,3.180354267310789,15.03623188405797,15.183843263553408,0.20799785292538917,12.97638217928073,0.3824476650563607
162,34.35990338164251,14.600107353730541,2.9790660225442833,3.1468062265163717,16.304347826086957,15.056360708534621,0.20799785292538917,12.962962962962964,0.3824476650563607
163,33.581588835212024,14.298174986580785,3.012614063338701,2.985775630703167,16.223832528180353,14.506172839506172,0.20799785292538917,14.801395598497047,0.3824476650563607
164,33.675523349436396,14.278046162104133,3.012614063338701,2.985775630703167,16.223832528180353,14.452495974235104,0.20799785292538917,14.801395598497047,0.36231884057971014
165,34.23913043478261,14.13714439076758,2.985775630703167,2.9723564143853998,16.210413311862588,14.38539989264627,0.20799785292538917,14.49946323134729,0.36231884057971014
166,34.96376811594203,14.103596349973161,2.8113258185721954,2.9589371980676327,16.163446054750402,14.090177133655395,0.19457863660762212,14.351851851851851,0.36231884057971014
167,35.21202361782072,14.070048309178745,2.8113258185721954,2.8918411164787976,16.11647879763822,13.942565754159958,0.19457863660762212,14.398819108964037,0.36231884057971014
168,35.547504025764894,13.922436929683306,2.7509393451422435,2.8918411164787976,16.076221148684915,13.922436929683306,0.19457863660762212,14.331723027375201,0.36231884057971014
169,35.61460010735373,13.915727321524423,2.7442297369833604,2.8918411164787976,16.06280193236715,13.882179280730005,0.19457863660762212,14.331723027375201,0.36231884057971014
170,35.648148148148145,13.848631239935587,2.7442297369833604,2.8918411164787976,16.06280193236715,13.942565754159958,0.19457863660762212,14.304884594739667,0.36231884057971014
171,35.68169618894257,13.808373590982287,2.965646806226516,3.026033279656468,15.814546430488459,13.841921631776705,0.19457863660762212,14.304884594739667,0.36231884057971014
172,36.08427267847558,13.734567901234568,2.965646806226516,3.0059044551798175,15.754159957058508,13.761406333870102,0.19457863660762212,14.13714439076758,0.36231884057971014
173,36.3593666129898,13.694310252281268,2.965646806226516,2.965646806226516,15.666935050993022,13.7211486849168,0.19457863660762212,14.070048309178745,0.36231884057971014
174,36.70155662909286,13.694310252281268,2.945517981749866,2.952227589908749,15.49248523886205,13.600375738056897,0.19457863660762212,14.056629092860977,0.36231884057971014
175,36.68142780461621,13.66076221148685,2.945517981749866,2.952227589908749,15.304616210413311,13.841921631776705,0.19457863660762212,14.056629092860977,0.36231884057971014
176,37.063875469672574,13.620504562533547,2.871712292002147,2.952227589908749,15.116747181964573,13.828502415458937,0.19457863660762212,13.989533011272142,0.36231884057971014
177,37.446323134728935,13.607085346215781,2.871712292002147,2.952227589908749,15.063070316693505,13.828502415458937,0.19457863660762212,13.674181427804616,0.36231884057971014
178,35.72866344605475,17.820719269994633,2.871712292002147,2.952227589908749,14.606816961889425,13.687600644122384,0.19457863660762212,11.77536231884058,0.36231884057971014
179,35.87627482555019,17.773752012882447,2.871712292002147,2.932098765432099,14.553140096618357,13.687600644122384,0.19457863660762212,11.748523886205046,0.36231884057971014
180,36.03730542136339,17.733494363929147,2.871712292002147,2.898550724637681,14.533011272141707,13.667471819645733,0.19457863660762212,11.701556629092861,0.36231884057971014
181,36.3996242619431,17.733494363929147,2.871712292002147,2.898550724637681,14.398819108964037,13.459473966720344,0.19457863660762212,11.681427804616211,0.36231884057971014
182,36.58749329039184,17.726784755770264,2.871712292002147,2.898550724637681,14.257917337627482,13.439345142243694,0.19457863660762212,11.66129898013956,0.36231884057971014
183,37.063875469672574,17.66639828234031,2.8515834675254963,2.8918411164787976,14.197530864197532,13.258185721953838,0.19457863660762212,11.513687600644122,0.36231884057971014
184,37.27858293075684,17.60601180891036,2.8515834675254963,2.8918411164787976,14.076757917337627,13.251476113794954,0.19457863660762212,11.486849168008588,0.36231884057971014
185,37.0504562533548,17.411433172302736,2.8515834675254963,2.8918411164787976,15.28448738593666,13.291733762748256,0.19457863660762212,10.661567364465915,0.36231884057971014
186,37.1309715512614,17.411433172302736,2.8515834675254963,2.8918411164787976,15.257648953301127,13.238056897477188,0.19457863660762212,10.661567364465915,0.36231884057971014
187,37.224906065485776,17.411433172302736,2.8515834675254963,2.8918411164787976,15.197262479871176,13.24476650563607,0.19457863660762212,10.621309715512615,0.36231884057971014
188,37.5805152979066,17.277241009125067,2.8515834675254963,2.8918411164787976,15.297906602254429,13.009930220075148,0.19457863660762212,10.534084809447128,0.36231884057971014
189,37.69457863660762,17.270531400966185,2.8515834675254963,2.8918411164787976,15.22410091250671,13.003220611916264,0.19457863660762212,10.507246376811594,0.36231884057971014
190,37.526838432635536,16.941760601180892,3.166935050993022,2.8515834675254963,14.99597423510467,13.45276435856146,0.19457863660762212,10.507246376811594,0.36231884057971014
191,38.00322061191626,16.700214707461082,2.999194847020934,2.8515834675254963,14.942297369833602,13.439345142243694,0.19457863660762212,10.507246376811594,0.36231884057971014
192,36.78878153515835,16.163446054750402,2.4154589371980677,2.8381642512077296,14.459205582393988,16.53918411164788,0.19457863660762212,10.238862050456254,0.36231884057971014
193,37.184648416532475,16.150026838432634,2.4154589371980677,2.5831991411701556,14.55984970477724,16.42512077294686,0.19457863660762212,10.124798711755233,0.36231884057971014
194,37.0907139023081,16.129898013955984,2.3752012882447664,2.576489533011272,14.49946323134729,16.25067096081589,0.19457863660762212,10.520665593129362,0.36231884057971014
195,37.40606548577563,16.035963499731615,2.636876006441224,2.5295222758990876,14.351851851851851,16.035963499731615,0.19457863660762212,10.446859903381643,0.36231884057971014
196,37.72812667740204,15.94873859366613,2.576489533011272,2.5295222758990876,14.325013419216317,16.09634997316157,0.19457863660762212,10.238862050456254,0.36231884057971014
197,37.76838432635534,15.915190552871712,2.576489533011272,2.5295222758990876,14.325013419216317,16.089640365002683,0.19457863660762212,10.238862050456254,0.36231884057971014
198,37.94283413848631,15.888352120236178,2.5563607085346214,2.522812667740204,14.210950080515298,16.089640365002683,0.19457863660762212,10.23215244229737,0.36231884057971014
199,37.97638217928073,15.767579173376275,2.7308105206655933,2.522812667740204,14.197530864197532,16.056092324208265,0.19457863660762212,10.19189479334407,0.36231884057971014
200,38.0300590445518,15.767579173376275,2.7308105206655933,2.509393451422437,14.15727321524423,16.056092324208265,0.19457863660762212,10.19189479334407,0.36231884057971014
201,38.479602791196996,15.687063875469672,2.7308105206655933,2.509393451422437,14.143853998926463,15.888352120236178,0.19457863660762212,10.00402576489533,0.36231884057971014
202,38.539989264626946,15.687063875469672,2.7106816961889426,2.509393451422437,14.11701556629093,15.874932903918411,0.19457863660762212,10.00402576489533,0.36231884057971014
203,38.63392377885131,15.653515834675256,2.7106816961889426,2.509393451422437,14.076757917337627,15.780998389694043,0.19457863660762212,10.077831454643048,0.36231884057971014
204,38.97611379495437,15.653515834675256,2.6972624798711755,2.509393451422437,14.002952227589908,15.579710144927537,0.19457863660762212,10.02415458937198,0.36231884057971014
205,39.170692431561996,15.479066022544284,2.6972624798711755,2.5966183574879227,13.83521202361782,15.53274288781535,0.19457863660762212,10.131508319914117,0.36231884057971014
206,37.835480407944175,18.853998926462694,2.6704240472356413,2.9052603327965647,13.620504562533547,14.761137949543746,0.19457863660762212,8.796296296296296,0.36231884057971014
207,38.32528180354267,18.739935587761675,2.657004830917874,2.9052603327965647,13.486312399355878,14.55984970477724,0.19457863660762212,8.769457863660762,0.36231884057971014
208,38.59366612989801,18.605743424584006,2.636876006441224,2.844873859366613,13.486312399355878,14.533011272141707,0.19457863660762212,8.742619431025227,0.36231884057971014
209,38.868760064412236,18.51851851851852,2.636876006441224,2.844873859366613,13.607085346215781,14.298174986580785,0.19457863660762212,8.668813741277509,0.36231884057971014
210,38.89559849704777,18.451422436929683,2.6301663982823404,2.717391304347826,13.868760064412239,14.278046162104133,0.19457863660762212,8.601717659688674,0.36231884057971014
211,38.92914653784219,18.451422436929683,2.6301663982823404,2.717391304347826,13.868760064412239,14.27133655394525,0.19457863660762212,8.57487922705314,0.36231884057971014
212,38.969404186795494,18.42458400429415,2.589908749329039,2.871712292002147,14.210950080515298,14.029790660225443,0.19457863660762212,8.57487922705314,0.13419216317767044
213,38.91572732152442,18.42458400429415,2.589908749329039,3.421900161030596,14.163982823403114,14.029790660225443,0.19457863660762212,8.125335480407944,0.13419216317767044
214,38.99624261943102,18.4044551798175,2.589908749329039,3.388352120236178,14.13714439076758,14.029790660225443,0.19457863660762212,8.125335480407944,0.13419216317767044
215,39.38539989264627,18.21658615136876,2.5563607085346214,3.361513687600644,14.13714439076758,13.92914653784219,0.19457863660762212,8.085077831454644,0.13419216317767044
216,39.63365539452496,18.12265163714439,2.5563607085346214,3.3279656468062266,13.942565754159958,14.090177133655395,0.19457863660762212,7.997852925389157,0.13419216317767044
217,39.92216854535695,18.075684380032207,2.5563607085346214,3.240740740740741,13.90901771336554,14.029790660225443,0.19457863660762212,7.937466451959206,0.13419216317767044
218,40.04965110037574,18.06226516371444,2.5563607085346214,3.240740740740741,13.828502415458937,13.996242619431026,0.19457863660762212,7.937466451959206,0.13419216317767044
219,40.24422973698336,17.98174986580784,2.5563607085346214,3.207192699946323,13.754696725711218,13.996242619431026,0.19457863660762212,7.930756843800322,0.13419216317767044
220,40.80112721417069,17.68652710681696,2.5563607085346214,3.280998389694042,13.741277509393452,13.6808910359635,0.19457863660762212,7.924047235641439,0.13419216317767044
221,41.02925389157273,17.60601180891036,2.757648953301127,3.280998389694042,13.405797101449275,13.667471819645733,0.19457863660762212,7.924047235641439,0.13419216317767044
222,40.955448201825014,17.270531400966185,2.757648953301127,3.4621578099838968,13.399087493290391,13.573537305421363,0.19457863660762212,8.252818035426731,0.13419216317767044
223,41.40499194847021,17.183306494900698,2.757648953301127,3.4621578099838968,13.352120236178207,13.33870101986044,0.19457863660762212,8.172302737520129,0.13419216317767044
224,41.56602254428341,16.72705314009662,2.7241009125067097,3.8177670424047236,13.352120236178207,13.47289318303811,0.19457863660762212,8.011272141706923,0.13419216317767044
225,41.686795491143315,16.391572732152444,2.7241009125067097,4.166666666666667,13.238056897477188,13.45276435856146,0.19457863660762212,8.011272141706923,0.13419216317767044
226,41.7740203972088,16.391572732152444,2.7241009125067097,4.166666666666667,13.20450885668277,13.45276435856146,0.19457863660762212,7.957595276435856,0.13419216317767044
227,41.71363392377885,16.686795491143318,2.6435856146001075,4.139828234031133,13.117283950617283,13.43263553408481,0.19457863660762212,7.937466451959206,0.13419216317767044
228,41.358024691358025,16.59286097691895,2.636876006441224,4.119699409554482,12.74825550187869,13.39237788513151,0.19457863660762212,8.82313472893183,0.13419216317767044
229,41.48550724637681,16.49892646269458,2.6301663982823404,4.119699409554482,12.74825550187869,13.39237788513151,0.19457863660762212,8.796296296296296,0.13419216317767044
230,41.48550724637681,16.384863123993558,2.804616210413312,4.092860976918948,12.74825550187869,13.358829844337091,0.19457863660762212,8.796296296296296,0.13419216317767044
231,41.42512077294686,16.317767042404725,2.9790660225442833,4.012345679012346,13.22463768115942,13.110574342458401,0.19457863660762212,8.601717659688674,0.13419216317767044
232,41.53918411164788,16.25067096081589,3.1870638754696725,4.012345679012346,13.197799248523886,12.909286097691895,0.19457863660762212,8.57487922705314,0.13419216317767044
233,41.82098765432099,16.056092324208265,3.1870638754696725,3.992216854535695,13.298443370907139,12.869028448738593,0.19457863660762212,8.447396672034353,0.13419216317767044
234,41.99543746645196,15.83467525496511,3.502415458937198,3.824476650563607,13.231347289318304,12.86231884057971,0.19457863660762212,8.420558239398819,0.13419216317767044
235,42.612721417069245,15.774288781535159,3.4822866344605474,3.824476650563607,13.030059044551798,12.553676865271068,0.19457863660762212,8.393719806763285,0.13419216317767044
236,42.64626945786366,15.774288781535159,3.4822866344605474,3.81105743424584,13.01663982823403,12.546967257112184,0.19457863660762212,8.393719806763285,0.13419216317767044
237,42.90794417606012,15.74074074074074,3.4822866344605474,3.7909286097691894,12.909286097691895,12.446323134728932,0.19457863660762212,8.393719806763285,0.13419216317767044
238,42.652979066022546,15.874932903918411,3.4822866344605474,3.7238325281803544,12.989801395598498,12.432903918411165,0.3153515834675255,8.393719806763285,0.13419216317767044
239,42.94820182501342,15.861513687600644,3.4822866344605474,3.656736446591519,13.01663982823403,12.245034889962426,0.3153515834675255,8.340042941492216,0.13419216317767044
240,43.243424584004295,15.827965646806227,3.616478797638218,3.6097691894793345,12.808641975308642,12.084004294149223,0.46296296296296297,8.21256038647343,0.13419216317767044
241,43.69296833064949,15.727321524422974,3.556092324208266,3.6097691894793345,12.741545893719806,12.030327428878154,0.46296296296296297,8.044820182501342,0.13419216317767044
242,43.63258185721954,15.713902308105206,3.730542136339238,3.6097691894793345,12.694578636607622,12.084004294149223,0.46296296296296297,7.937466451959206,0.13419216317767044
243,43.76677402039721,15.579710144927537,3.7238325281803544,3.475577026301664,12.694578636607622,12.31213097155126,0.46296296296296297,7.85024154589372,0.13419216317767044
244,44.03515834675255,15.465646806226516,3.7238325281803544,3.475577026301664,12.681159420289855,12.265163714439076,0.46296296296296297,7.75630703166935,0.13419216317767044
245,44.31025228126678,15.304616210413311,3.683574879227053,3.475577026301664,12.640901771336553,12.245034889962426,0.46296296296296297,7.742887815351583,0.13419216317767044
246,44.26328502415459,15.230810520665592,3.824476650563607,3.5292538915727323,12.640901771336553,12.224906065485776,0.46296296296296297,7.689210950080516,0.13419216317767044
247,44.40418679549114,15.230810520665592,3.824476650563607,3.5292538915727323,12.587224906065487,12.184648416532475,0.41599570585077833,7.689210950080516,0.13419216317767044
248,44.47128287707998,15.210681696188942,3.824476650563607,3.5292538915727323,12.573805689747719,12.171229200214707,0.41599570585077833,7.669082125603865,0.13419216317767044
249,43.67283950617284,14.774557165861514,3.784219001610306,3.7238325281803544,11.312399355877616,11.822329575952764,0.41599570585077833,10.359634997316157,0.13419216317767044
250,43.954643048845945,14.640365002683843,3.784219001610306,3.7238325281803544,11.285560923242082,11.708266237251744,0.41599570585077833,10.352925389157273,0.13419216317767044
251,44.16264090177134,14.586688137412775,3.750670960815888,3.7238325281803544,11.2788513150832,11.641170155662909,0.4025764895330113,10.319377348362856,0.13419216317767044
252,44.337090713902306,14.533011272141707,3.7238325281803544,3.6634460547504024,11.372785829307569,11.627750939345143,0.4025764895330113,10.205314009661835,0.13419216317767044
253,44.38405797101449,14.51959205582394,3.7238325281803544,3.6500268384326353,11.3593666129898,11.621041331186259,0.4025764895330113,10.205314009661835,0.13419216317767044
254,44.48470209339774,14.486044015029522,3.717122920021471,3.6500268384326353,11.305689747718732,11.614331723027375,0.4025764895330113,10.205314009661835,0.13419216317767044
255,44.585346215781,14.486044015029522,3.717122920021471,3.6231884057971016,11.265432098765432,11.594202898550725,0.4025764895330113,10.19189479334407,0.13419216317767044
256,44.639023081052066,14.472624798711756,3.717122920021471,3.6231884057971016,11.238593666129898,11.580783682232958,0.4025764895330113,10.19189479334407,0.13419216317767044
257,44.71282877079979,14.40552871712292,3.864734299516908,3.6231884057971016,11.16478797638218,11.580783682232958,0.4025764895330113,10.111379495437467,0.13419216317767044
258,44.95437466451959,14.40552871712292,3.864734299516908,3.6231884057971016,11.124530327428879,11.56736446591519,0.4025764895330113,9.923510466988727,0.13419216317767044
259,45.09527643585615,14.27133655394525,3.864734299516908,3.616478797638218,11.124530327428879,11.56736446591519,0.4025764895330113,9.923510466988727,0.13419216317767044
