,45,50,51,54,53,52,55,56,57
0,96.06816961889426,3.9318303811057436,,,,,,,
1,92.56575415995705,7.434245840042942,,,,,,,
2,91.96859903381643,8.031400966183575,,,,,,,
3,92.0155662909286,7.98443370907139,,,,,,,
4,92.02898550724638,7.971014492753623,,,,,,,
5,88.41250670960815,11.023886205045626,0.5636070853462157,,,,,,
6,88.42592592592592,11.010466988727858,0.5636070853462157,,,,,,
7,85.55421363392378,13.882179280730005,0.5636070853462157,,,,,,
8,66.50563607085346,31.93773483628556,0.5636070853462157,0.9930220075147611,,,,,
9,66.80085882984433,31.642512077294686,0.5636070853462157,0.9930220075147611,,,,,
10,63.86205045625336,34.614868491680085,0.5300590445517982,0.9930220075147611,,,,,
11,61.43317230273752,36.90955448201825,0.5300590445517982,0.9930220075147611,0.13419216317767044,,,,
12,61.60762211486849,36.73510466988728,0.5300590445517982,0.9930220075147611,0.13419216317767044,,,,
13,61.32581857219538,37.03703703703704,0.5300590445517982,0.9728931830381106,0.13419216317767044,,,,
14,61.71497584541063,36.67471819645733,0.5300590445517982,0.9460547504025765,0.13419216317767044,,,,
15,57.58185721953838,40.80783682232958,0.5300590445517982,0.9460547504025765,0.13419216317767044,,,,
16,57.90391841116479,40.37842190016103,0.5300590445517982,0.9460547504025765,0.24154589371980675,,,,
17,57.9777241009125,40.31803542673108,0.5166398282340311,0.9460547504025765,0.24154589371980675,,,,
18,56.13258185721954,32.56172839506173,0.5166398282340311,,0.24154589371980675,10.547504025764896,,,
19,56.09903381642512,32.2866344605475,0.5166398282340311,1.3955984970477724,0.3488996242619431,9.111647879763822,0.24154589371980675,,
20,56.58883521202362,31.85721953837896,0.4830917874396135,1.3955984970477724,0.3488996242619431,9.084809447128288,0.24154589371980675,,
21,51.76462694578637,33.353462157809986,0.4830917874396135,1.3955984970477724,3.965378421900161,9.037842190016104,,,
22,52.14707461084273,33.17901234567901,0.4830917874396135,1.3955984970477724,3.938539989264627,8.856682769726248,,,
23,52.61003757380569,32.87707997852925,0.4830917874396135,1.3821792807300053,3.8848631239935587,8.76274825550188,,,
24,51.31508319914117,33.1454643048846,1.5633387010198605,1.3821792807300053,3.8714439076757916,8.722490606548577,,,
25,51.529790660225444,32.88378958668814,1.556629092860977,1.3754696725711217,3.8043478260869565,8.729200214707461,0.12077294685990338,,
26,50.54347826086956,34.554482018250134,1.556629092860977,1.3754696725711217,3.2340311325818574,8.61513687600644,0.12077294685990338,,
27,48.960010735373054,36.12453032742888,1.556629092860977,1.3754696725711217,3.2206119162640903,8.601717659688674,0.1610305958132045,,
28,48.95330112721417,33.340042941492214,1.556629092860977,1.3754696725711217,4.62962962962963,9.98389694041868,0.1610305958132045,,
29,49.39613526570049,33.091787439613526,1.5230810520665594,1.3754696725711217,4.562533548040794,9.88996242619431,0.1610305958132045,,
30,48.752012882447666,33.82984433709071,1.5230810520665594,0.9997316156736447,5.797101449275362,8.93719806763285,0.1610305958132045,,
31,48.65807836822329,34.064680622651636,1.4895330112721417,0.9930220075147611,5.709876543209877,8.923778851315083,0.1610305958132045,,
32,49.13446054750403,33.76945786366076,1.4895330112721417,0.9930220075147611,5.642780461621041,8.809715512614064,0.1610305958132045,,
33,47.779119699409556,34.80273752012882,1.9189479334406871,0.9930220075147611,5.5756843800322065,8.769457863660762,0.1610305958132045,,
34,48.15485775630703,34.54777241009125,1.9122383252818036,0.9930220075147611,5.522007514761138,8.709071390230811,0.1610305958132045,,
35,47.94685990338164,33.89694041867955,2.703972088030059,0.6709608158883521,5.495169082125604,9.125067096081589,0.1610305958132045,,
36,37.05716586151369,45.34353193773484,2.227589908749329,0.6709608158883521,5.4616210413311865,9.078099838969404,0.1610305958132045,,
37,37.506709608158886,44.907407407407405,2.227589908749329,0.6709608158883521,5.4616210413311865,9.064680622651638,0.1610305958132045,,
38,38.238056897477186,44.18276972624799,2.227589908749329,0.6709608158883521,5.414653784219001,9.01100375738057,0.2549651100375738,,
39,38.02334943639291,33.380300590445515,13.788244766505636,0.6709608158883521,5.22007514761138,8.756038647342995,0.1610305958132045,,
40,37.775093934514224,32.64224369296833,14.855072463768115,0.6709608158883521,5.2066559312936125,8.68894256575416,0.1610305958132045,,
41,38.17096081588835,32.39398819108964,14.781266774020397,0.6709608158883521,5.186527106816962,8.635265700483092,0.1610305958132045,,
42,38.56682769726248,32.25308641975309,14.626945786366075,0.6709608158883521,5.179817498658078,8.541331186258722,0.1610305958132045,,
43,38.788244766505635,31.850509930220074,12.875738056897477,0.6709608158883521,5.179817498658078,8.702361782071927,1.932367149758454,,
44,37.453032742887814,32.038378958668815,13.251476113794954,0.6709608158883521,6.723027375201288,8.883521202361782,0.9796027911969941,,
45,35.45356951154053,32.045088566827694,19.524959742351047,0.5703166935050993,6.575415995705851,4.851046698872786,0.9796027911969941,,
46,35.648148148148145,31.944444444444443,19.51154052603328,0.5703166935050993,6.535158346752549,4.810789049919484,0.9796027911969941,,
47,35.258990874932906,31.260064412238325,20.658883521202362,0.5501878690284487,6.508319914117015,4.783950617283951,0.9796027911969941,,
48,35.68840579710145,31.00509930220075,20.40391841116479,0.43612453032742887,5.280461621041331,6.246645195920558,0.9393451422436929,,
49,35.92324208266237,30.911164787976382,20.034889962426195,0.43612453032742887,4.159957058507783,6.246645195920558,2.2879763821792807,,
50,36.12453032742888,30.844068706387546,19.94766505636071,0.43612453032742887,4.159957058507783,6.233225979602791,2.254428341384863,,
51,34.56119162640902,32.03166935050993,19.75979602791197,0.43612453032742887,3.965378421900161,6.870638754696726,2.3752012882447664,,
52,34.82286634460547,31.904186795491142,19.639023081052066,0.43612453032742887,3.911701556629093,8.239398819108963,1.0466988727858293,,
53,34.594739667203434,32.29334406870639,19.57192699946323,0.43612453032742887,3.8714439076757916,8.185721953837897,1.0466988727858293,,
54,32.971014492753625,30.10601180891036,29.810789049919485,,2.61003757380569,3.455448201825013,1.0466988727858293,,
55,32.98443370907139,29.012345679012345,30.9447128287708,,2.918679549114332,3.1065485775630703,1.0332796564680622,,
56,33.32662372517445,28.844605475040257,30.079173376274827,,2.918679549114332,3.1065485775630703,1.0332796564680622,0.6910896403650026,
57,33.64868491680086,28.663446054750402,29.985238862050455,,2.898550724637681,3.099838969404187,1.0131508319914118,0.6910896403650026,
58,33.7157809983897,27.871712292002147,30.783682232957595,,2.85829307568438,3.066290928609769,1.0131508319914118,0.6910896403650026,
59,34.11835748792271,27.710681696188942,30.54884594739667,,2.85829307568438,3.066290928609769,1.0064412238325282,0.6910896403650026,
60,34.47396672034353,27.51610305958132,30.394524959742352,,2.85829307568438,3.066290928609769,0.9997316156736447,0.6910896403650026,
61,34.816156736446594,27.489264626945786,30.12614063338701,,2.8515834675254963,3.0327428878153517,0.9930220075147611,0.6910896403650026,
62,33.93048845947396,26.100375738056897,32.43424584004294,,2.8515834675254963,3.0193236714975846,0.9863123993558777,0.6776704240472357,
63,34.17874396135266,26.01315083199141,32.31347289318304,,2.8515834675254963,3.0193236714975846,0.9863123993558777,0.6374127750939346,
64,32.87707997852925,27.449006977992486,31.52173913043478,,2.8515834675254963,3.6768652710681695,0.9863123993558777,0.6374127750939346,
65,33.23939881910896,26.435856146001072,32.23966720343532,,2.8381642512077296,3.6231884057971016,0.9863123993558777,0.6374127750939346,
66,33.66881374127751,26.32850241545894,31.93102522812668,,2.8381642512077296,3.6097691894793345,0.9863123993558777,0.6374127750939346,
67,34.35319377348363,26.019860440150296,31.66935050993022,,2.7643585614600106,3.589640365002684,0.966183574879227,0.6374127750939346,
68,32.8166935050993,28.75067096081589,30.790391841116477,,2.757648953301127,3.280998389694042,0.966183574879227,0.6374127750939346,
69,33.17230273752013,27.26784755770263,30.50858829844337,,2.757648953301127,4.690016103059581,0.966183574879227,0.6374127750939346,
70,33.48094471282877,26.912238325281802,27.01959205582394,,2.7442297369833604,8.608427267847558,0.966183574879227,0.2683843263553409,
71,33.984165324745035,26.798174986580783,26.88539989264627,,2.7442297369833604,8.024691358024691,0.966183574879227,0.2683843263553409,0.32877079978529256
72,34.43370907139023,26.576757917337627,26.744498121309714,,2.717391304347826,8.004562533548041,0.9594739667203436,0.24154589371980675,0.322061191626409
73,34.715512614063336,26.214439076757916,26.67740203972088,,2.9790660225442833,7.897208803005904,0.95276435856146,0.24154589371980675,0.322061191626409
74,32.56172839506173,24.67793880837359,34.326355340848096,,2.8650026838432634,4.569243156199678,0.8387010198604401,0.1610305958132045,
75,32.648953301127214,24.436392914653783,32.60198604401503,,4.770531400966184,4.542404723564144,0.8387010198604401,0.1610305958132045,
76,32.99785292538916,24.355877616747183,32.387278582930755,,4.736983360171766,4.522275899087493,0.8387010198604401,0.1610305958132045,
77,33.28636607622115,24.16129898013956,30.059044551798173,1.42914653784219,4.7101449275362315,4.26731078904992,1.9256575415995705,0.1610305958132045,
78,33.89694041867955,24.013687600644122,29.723564143854,1.3955984970477724,4.663177670424047,4.240472356414386,1.90552871712292,0.1610305958132045,
79,34.14519592055824,23.91304347826087,29.636339237788512,1.3888888888888888,4.64975845410628,4.233762748255502,1.8719806763285025,0.1610305958132045,
80,34.6081588835212,23.698336017176597,29.461889425657542,1.3754696725711217,4.602791196994096,4.2270531400966185,1.865271068169619,0.1610305958132045,
81,35.08454106280193,23.45679012345679,28.904991948470208,1.3754696725711217,4.575952764358561,4.206924315619967,2.2410091250670963,0.15432098765432098,
82,34.94363929146538,23.919753086419753,28.81105743424584,1.3419216317767042,4.528985507246377,4.086151368760064,2.214170692431562,0.15432098765432098,
83,34.11164787976382,24.805421363392377,28.14009661835749,1.3419216317767042,4.528985507246377,4.086151368760064,2.831454643048846,0.15432098765432098,
84,34.68196457326892,24.63768115942029,27.932098765432098,1.3419216317767042,4.240472356414386,4.072732152442297,2.804616210413312,0.2885131508319914,
85,34.82957595276436,24.000268384326354,27.87842190016103,1.3419216317767042,4.240472356414386,4.616210413311863,2.804616210413312,0.2885131508319914,
86,35.279119699409556,23.26892109500805,27.583199141170155,1.6035963499731616,4.240472356414386,4.53569511540526,3.2004830917874396,0.2885131508319914,
87,33.50107353730542,22.966988727858293,23.315888352120236,1.570048309178744,3.797638217928073,12.077294685990339,2.61003757380569,0.1610305958132045,
88,33.44068706387547,22.19538378958669,24.10762211486849,1.6774020397208802,3.784219001610306,12.02361782071927,2.61003757380569,0.1610305958132045,
89,33.68894256575416,22.061191626409016,24.02710681696189,1.6706924315619969,3.784219001610306,11.996779388083736,2.61003757380569,0.1610305958132045,
90,33.8365539452496,21.85990338164251,23.087761674718198,2.9388083735909825,3.616478797638218,11.902844873859367,2.5966183574879227,0.1610305958132045,
91,33.56816961889426,20.618625872249062,25.174449812130973,2.9388083735909825,3.603059581320451,11.372785829307569,2.563070316693505,0.1610305958132045,
92,33.95061728395062,20.457595276435857,25.0805152979066,2.9388083735909825,3.569511540526033,11.2788513150832,2.563070316693505,0.1610305958132045,
93,34.60144927536232,20.242887815351583,24.973161567364468,2.9119699409554483,3.475577026301664,11.09098228663446,2.5429414922168547,0.1610305958132045,
94,34.75577026301664,20.182501341921633,24.838969404186795,2.9119699409554483,3.455448201825013,10.990338164251208,2.5161030595813205,0.3488996242619431,
95,35.138217928073,20.055018786902846,24.644390767579175,2.9119699409554483,3.4151905528717124,10.970209339774557,2.5161030595813205,0.3488996242619431,
96,33.340042941492214,19.028448738593667,27.77777777777778,2.9119699409554483,3.5628019323671496,10.836017176596886,2.1940418679549114,0.3488996242619431,
97,32.84353193773484,17.16988727858293,26.939076757917338,2.8918411164787976,3.4688674181427803,14.143853998926463,2.1940418679549114,0.3488996242619431,
98,33.23939881910896,16.921631776704242,25.335480407944175,2.737520128824477,3.4688674181427803,14.103596349973161,3.844605475040258,0.3488996242619431,
99,33.803005904455176,16.82769726247987,25.207997852925388,2.6704240472356413,3.4621578099838968,13.868760064412239,3.81105743424584,0.3488996242619431,
100,34.09822866344606,16.67337627482555,25.221417069243156,2.6637144390767578,3.4286097691894795,13.821792807300053,3.81105743424584,0.28180354267310787,
101,34.346484165324746,16.55931293612453,24.86580783682233,3.1065485775630703,3.421900161030596,13.7211486849168,3.69699409554482,0.28180354267310787,
102,34.64170692431562,16.223832528180353,24.664519592055825,3.4420289855072466,3.388352120236178,13.674181427804616,3.683574879227053,0.28180354267310787,
103,34.13848631239936,15.546162104133119,26.301663982823403,3.361513687600644,3.3279656468062266,13.446054750402576,3.5963499731615673,0.28180354267310787,
104,34.614868491680085,15.432098765432098,26.207729468599034,3.3279656468062266,3.193773483628556,13.399087493290391,3.5829307568438002,0.24154589371980675,
105,34.957058507783145,15.365002683843263,26.174181427804616,3.260869565217391,3.1199677938808374,13.378958668813741,3.502415458937198,0.24154589371980675,
106,34.997316156736446,15.250939345142244,26.40901771336554,3.227321524422974,3.0864197530864197,13.33870101986044,3.44873859366613,0.24154589371980675,
107,35.35292538915727,15.096618357487923,26.194310252281266,3.207192699946323,3.0864197530864197,13.09044551798175,3.44873859366613,0.24154589371980675,0.28180354267310787
108,35.30595813204509,15.042941492216855,26.33521202361782,3.6768652710681695,3.0730005367686526,12.76838432635534,3.435319377348363,0.2214170692431562,0.14090177133655393
109,35.42673107890499,15.143585614600108,26.019860440150296,3.851315083199141,3.046162104133119,12.721417069243156,3.4286097691894795,0.2214170692431562,0.14090177133655393
110,35.72866344605475,15.042941492216855,25.946054750402578,3.81105743424584,3.0193236714975846,12.68786902844874,3.4017713365539453,0.2214170692431562,0.14090177133655393
111,36.08427267847558,14.9020397208803,25.684380032206118,3.992216854535695,3.0193236714975846,12.573805689747719,3.4017713365539453,0.20128824476650564,0.14090177133655393
112,36.60762211486849,14.720880300590446,25.523349436392916,3.938539989264627,3.0059044551798175,12.486580783682234,3.3816425120772946,0.19457863660762212,0.14090177133655393
113,36.42646269457864,14.647074610842727,24.510198604401502,5.2066559312936125,3.0059044551798175,12.486580783682234,3.3816425120772946,0.19457863660762212,0.14090177133655393
114,36.77536231884058,14.55984970477724,24.4296833064949,5.2066559312936125,2.985775630703167,12.419484702093397,3.3011272141706924,0.19457863660762212,0.1274825550187869
115,37.265163714439076,14.459205582393988,24.188137412775095,5.146269457863661,2.9723564143853998,12.365807836822329,3.280998389694042,0.19457863660762212,0.1274825550187869
116,37.714707461084274,14.42565754159957,23.939881910896403,5.10601180891036,2.9388083735909825,12.285292538915728,3.2675791733762747,0.19457863660762212,0.1274825550187869
117,37.98309178743961,14.42565754159957,23.792270531400966,5.0993022007514766,2.9388083735909825,12.171229200214707,3.2675791733762747,0.19457863660762212,0.1274825550187869
118,38.29844337090714,14.358561460010735,23.60440150295223,5.072463768115942,2.9388083735909825,12.151100375738057,3.2541599570585076,0.19457863660762212,0.1274825550187869
119,38.60708534621578,14.325013419216317,23.295759527643586,4.9651100375738055,2.9388083735909825,11.18491680085883,4.367954911433173,0.19457863660762212,0.12077294685990338
120,38.85534084809447,14.31159420289855,23.13472893183038,4.9651100375738055,2.9388083735909825,11.124530327428879,4.3545356951154055,0.19457863660762212,0.12077294685990338
121,38.20450885668277,13.741277509393452,24.208266237251745,5.783682232957595,2.932098765432099,10.567632850241546,4.3545356951154055,0.19457863660762212,0.013419216317767043
122,38.20450885668277,13.707729468599034,23.201825013419217,5.756843800322061,2.9253891572732154,10.507246376811594,5.488459473966721,0.19457863660762212,0.013419216317767043
123,38.036768652710684,13.627214170692431,22.73886205045625,5.964841653247451,2.9253891572732154,11.480139559849706,5.032206119162641,0.19457863660762212,
124,37.27858293075684,13.419216317767042,22.611379495437465,5.897745571658615,2.85829307568438,11.352657004830919,6.387546967257112,0.19457863660762212,
125,37.65432098765432,13.325281803542673,22.450348899624263,5.884326355340848,2.85829307568438,11.272141706924316,6.360708534621578,0.19457863660762212,
126,37.8690284487386,13.278314546430488,22.19538378958669,5.884326355340848,2.85829307568438,11.158078368223295,6.575415995705851,0.18115942028985507,
127,38.097155126140635,13.217928073000536,22.148416532474503,5.857487922705314,2.85829307568438,11.158078368223295,6.481481481481482,0.18115942028985507,
128,37.493290391841114,12.795222758990874,23.58427267847558,5.857487922705314,2.7442297369833604,10.943370907139023,6.400966183574879,0.18115942028985507,
129,37.68786902844874,12.701288244766506,23.517176596886742,5.857487922705314,2.737520128824477,10.929951690821255,6.387546967257112,0.18115942028985507,
130,37.0504562533548,12.13768115942029,24.02710681696189,5.897745571658615,3.5829307568438002,10.84272678475577,6.280193236714976,0.18115942028985507,
131,37.2987117552335,12.097423510466989,23.886205045625335,5.864197530864198,3.569511540526033,10.836017176596886,6.280193236714976,0.16774020397208803,
132,37.70799785292539,12.090713902308105,23.792270531400966,5.756843800322061,3.5426731078904994,10.668276972624799,6.273483628556092,0.16774020397208803,
133,38.06360708534621,12.050456253354804,23.678207192699947,5.709876543209877,3.4621578099838968,10.61460010735373,6.260064412238325,0.1610305958132045,
134,37.86231884057971,12.016908212560386,24.08078368223296,5.683038110574342,3.4286097691894795,10.601180891035963,6.166129898013956,0.1610305958132045,
135,38.10386473429951,11.990069779924852,23.95330112721417,5.683038110574342,3.3950617283950617,10.547504025764896,6.166129898013956,0.1610305958132045,
136,38.45276435856146,11.969940955448202,23.785560923242084,5.669618894256575,3.3480944712828773,10.446859903381643,6.166129898013956,0.1610305958132045,
137,38.969404186795494,11.728395061728396,23.68491680085883,5.60252281266774,3.3279656468062266,10.258990874932904,6.266774020397209,0.1610305958132045,
138,38.868760064412236,11.728395061728396,23.63123993558776,5.5756843800322065,3.3279656468062266,10.493827160493828,6.213097155126141,0.1610305958132045,
139,38.727858293075684,11.144659151905529,23.443370907139023,5.2066559312936125,5.059044551798175,10.11808910359635,6.159420289855072,0.14090177133655393,
140,39.170692431561996,11.077563070316694,23.242082662372518,5.166398282340311,5.052334943639291,10.030864197530864,6.119162640901771,0.14090177133655393,
141,39.331723027375205,11.064143853998926,22.128287707997853,5.092592592592593,5.038915727321524,11.158078368223295,6.045356951154052,0.14090177133655393,
142,39.63365539452496,11.064143853998926,22.0276435856146,5.045625335480408,4.99194847020934,11.104401502952227,5.991680085882985,0.14090177133655393,
143,40.01610305958132,11.003757380568974,21.812936124530328,5.032206119162641,4.99194847020934,11.057434245840042,5.9447128287707995,0.14090177133655393,
144,39.71417069243156,10.668276972624799,23.00053676865271,4.9651100375738055,4.898013955984971,10.68840579710145,5.931293612453032,0.13419216317767044,
145,39.942297369833604,10.601180891035963,22.926731078904993,4.9651100375738055,4.898013955984971,10.621309715512615,5.911164787976382,0.13419216317767044,
146,40.22410091250671,10.567632850241546,22.79253891572732,4.9651100375738055,4.898013955984971,10.560923242082662,5.877616747181965,0.11406333870101985,
147,40.64009661835749,10.560923242082662,22.544283413848632,4.944981213097155,4.884594739667204,10.507246376811594,5.803811057434245,0.11406333870101985,
148,41.10305958132045,10.547504025764896,22.41009125067096,4.891304347826087,4.824208266237251,10.399892646269459,5.71658615136876,0.10735373054213634,
149,41.41170155662909,10.527375201288244,22.363123993558776,4.797369833601718,4.790660225442834,10.38647342995169,5.615942028985507,0.10735373054213634,
150,41.54589371980676,10.473698336017177,22.19538378958669,4.320987654320987,4.757112184648417,10.990338164251208,5.609232420826624,0.10735373054213634,
151,42.089371980676326,10.359634997316157,21.93370907139023,4.30756843800322,4.757112184648417,10.748792270531402,5.6964573268921095,0.10735373054213634,
152,42.39801395598497,10.359634997316157,21.74584004294149,4.294149221685454,4.757112184648417,10.668276972624799,5.669618894256575,0.10735373054213634,
153,42.80059044551798,10.265700483091788,21.658615136876005,4.253891572732153,4.74369296833065,10.520665593129362,5.649490069779925,0.10735373054213634,
154,42.310789049919485,10.493827160493828,21.598228663446054,4.052603327965647,5.60252281266774,10.44015029522276,5.394524959742351,0.10735373054213634,
155,42.572463768115945,10.466988727858293,21.490874932903917,3.9989264626945786,5.542136339237788,10.433440687063875,5.387815351583468,0.10735373054213634,
156,42.8743961352657,10.38647342995169,21.370101986044016,3.978797638217928,5.528717122920021,10.399892646269459,5.367686527106817,0.0939345142243693,
157,42.39801395598497,9.829575952764358,23.19511540526033,3.978797638217928,4.74369296833065,10.393183038110575,5.367686527106817,0.0939345142243693,
158,41.86795491143317,9.185453569511541,24.48336017176597,3.9519592055823938,4.7168545356951155,10.332796564680622,5.367686527106817,0.0939345142243693,
159,42.23698336017176,9.185453569511541,24.060654857756308,3.9519592055823938,4.703435319377348,10.25228126677402,5.35426731078905,0.2549651100375738,
160,42.51878690284487,9.158615136876007,24.00697799248524,3.9318303811057436,4.703435319377348,10.198604401502953,5.226784755770263,0.2549651100375738,
161,42.3845947396672,9.104938271604938,24.785292538915726,3.4286097691894795,4.696725711218465,10.178475577026301,5.166398282340311,0.2549651100375738,
162,42.44498121309716,9.084809447128288,24.704777241009126,3.4286097691894795,5.736714975845411,9.192163177670425,5.152979066022544,0.2549651100375738,
163,42.81400966183575,9.07139023081052,24.46323134728932,3.4286097691894795,5.709876543209877,9.145195920558239,5.112721417069243,0.2549651100375738,
164,43.142780461621044,9.057971014492754,24.255233494363928,3.4286097691894795,5.683038110574342,9.138486312399356,5.038915727321524,0.2549651100375738,
165,43.41787439613527,9.024422973698336,24.16129898013956,3.549382716049383,5.642780461621041,8.917069243156199,5.032206119162641,0.2549651100375738,
166,43.67283950617284,8.997584541062801,24.094202898550726,3.4957058507783145,5.629361245303274,8.829844337090714,5.025496511003757,0.2549651100375738,
167,43.80032206119163,8.984165324745035,24.04723564143854,3.488996242619431,5.595813204508857,8.80300590445518,5.025496511003757,0.2549651100375738,
168,44.06870638754697,8.890230810520666,23.95330112721417,3.488996242619431,5.542136339237788,8.80300590445518,4.998658078368224,0.2549651100375738,
169,44.296833064949006,8.849973161567364,23.926462694578635,3.4621578099838968,5.515297906602254,8.702361782071927,4.99194847020934,0.2549651100375738,
170,44.176060118089104,8.756038647342995,23.845947396672035,3.44873859366613,5.864197530864198,8.68894256575416,4.9651100375738055,0.2549651100375738,
171,44.41760601180891,8.668813741277509,23.74530327428878,3.4420289855072466,5.911164787976382,8.635265700483092,4.924852388620504,0.2549651100375738,
172,45.07514761137949,8.641975308641975,23.356146001073537,3.408480944712829,5.8172302737520125,8.608427267847558,4.8376274825550185,0.2549651100375738,
173,45.48443370907139,8.628556092324208,23.289049919484704,3.321256038647343,5.750134192163178,8.454106280193237,4.817498658078368,0.2549651100375738,
174,45.591787439613526,8.601717659688674,23.235373054213635,3.321256038647343,5.743424584004294,8.440687063875469,4.810789049919484,0.2549651100375738,
175,45.6857219538379,8.568169618894256,23.336017176596886,3.321256038647343,5.743424584004294,8.313204508856682,4.777241009125067,0.2549651100375738,
176,45.860171765968865,8.568169618894256,23.262211486849168,3.294417606011809,5.6964573268921095,8.28636607622115,4.777241009125067,0.2549651100375738,
177,46.05475040257649,8.568169618894256,23.121309715512613,3.2675791733762747,5.676328502415459,8.279656468062266,4.777241009125067,0.2549651100375738,
178,46.32984433709071,8.53462157809984,22.940150295222757,3.260869565217391,5.629361245303274,8.272946859903382,4.777241009125067,0.2549651100375738,
179,46.67203435319377,8.514492753623188,22.73886205045625,3.2206119162640903,5.60252281266774,8.225979602791197,4.770531400966184,0.2549651100375738,
180,46.81964573268921,8.433977455716587,22.644927536231883,3.207192699946323,5.656199677938808,8.152173913043478,4.757112184648417,0.32877079978529256,
181,47.02093397745572,8.420558239398819,22.550993022007514,3.1736446591519054,5.609232420826624,8.13875469672571,4.757112184648417,0.32877079978529256,
182,47.18867418142781,8.420558239398819,22.41009125067096,3.1736446591519054,5.609232420826624,8.111916264090176,4.757112184648417,0.32877079978529256,
183,47.24235104669887,8.393719806763285,22.497316156736446,3.1736446591519054,5.5756843800322065,8.071658615136876,4.7168545356951155,0.32877079978529256,
184,47.316156736446594,8.393719806763285,22.457058507783145,3.1736446591519054,5.555555555555555,8.05823939881911,4.7168545356951155,0.32877079978529256,
185,46.68545356951154,8.165593129361245,23.51046698872786,3.1736446591519054,5.522007514761138,7.897208803005904,4.7168545356951155,0.32877079978529256,
186,46.464036500268385,7.823403113258186,23.013955984970476,3.307836822329576,5.401234567901234,8.957326892109501,4.703435319377348,0.32877079978529256,
187,46.71229200214707,7.769726247987117,22.86634460547504,3.2877079978529253,5.401234567901234,8.93719806763285,4.703435319377348,0.322061191626409,
188,46.806226516371446,7.769726247987117,22.82608695652174,3.280998389694042,5.381105743424584,8.93719806763285,4.676596886741814,0.322061191626409,
189,46.94041867954911,7.769726247987117,22.75228126677402,3.280998389694042,5.347557702630167,8.910359634997317,4.676596886741814,0.322061191626409,
190,46.242619431025226,8.977455716586151,22.41009125067096,3.2675791733762747,5.340848094471283,8.76274825550188,4.676596886741814,0.322061191626409,
191,46.71229200214707,8.588298443370908,22.510735373054214,3.2206119162640903,5.260332796564681,8.709071390230811,4.676596886741814,0.322061191626409,
192,38.99624261943102,23.14814814814815,17.867686527106816,3.1065485775630703,4.327697262479871,7.682501341921632,4.549114331723027,0.322061191626409,
193,39.170692431561996,23.027375201288244,17.847557702630166,3.099838969404187,4.314278046162104,7.682501341921632,4.549114331723027,0.30864197530864196,
194,39.52630166398282,22.765700483091788,17.814009661835748,3.099838969404187,4.314278046162104,7.648953301127214,4.522275899087493,0.30864197530864196,
195,38.95598497047772,22.128287707997853,17.733494363929147,4.636339237788513,4.300858829844337,7.62211486849168,4.314278046162104,0.30864197530864196,
196,39.27133655394525,21.953837895866883,17.673107890499196,4.622920021470746,4.260601180891036,7.595276435856146,4.314278046162104,0.30864197530864196,
197,39.59339774557166,21.846484165324746,17.619431025228128,4.4820182501341925,4.253891572732153,7.581857219538379,4.314278046162104,0.30864197530864196,
198,39.93558776167472,21.732420826623724,17.498658078368223,4.441760601180891,4.253891572732153,7.548309178743962,4.280730005367687,0.30864197530864196,
199,40.29790660225443,21.618357487922705,17.418142780461622,4.435050993022007,4.2203435319377345,7.440955448201825,4.260601180891036,0.30864197530864196,
200,40.673644659151904,21.477455716586153,17.317498658078367,4.408212560386473,4.2203435319377345,7.380568974771873,4.213633923778851,0.30864197530864196,
201,40.81454643048846,21.477455716586153,17.270531400966185,4.374664519592056,4.193505099302201,7.353730542136339,4.206924315619967,0.30864197530864196,
202,41.36473429951691,21.32313472893183,16.968599033816425,4.320987654320987,4.193505099302201,7.340311325818572,4.180085882984434,0.30864197530864196,
203,41.680085882984436,21.235909822866343,16.914922168545356,4.320987654320987,4.166666666666667,7.192699946323135,4.180085882984434,0.30864197530864196,
204,41.928341384863124,21.155394524959743,16.70692431561997,4.320987654320987,4.139828234031133,7.25979602791197,4.180085882984434,0.30864197530864196,
205,42.36446591519055,20.90042941492217,16.626409017713364,4.300858829844337,4.139828234031133,7.232957595276436,4.126409017713366,0.30864197530864196,
206,41.888083735909824,19.773215244229736,16.55931293612453,4.03918411164788,5.166398282340311,8.172302737520129,4.119699409554482,0.28180354267310787,
207,42.223564143854,19.57192699946323,16.485507246376812,4.019055287171229,5.166398282340311,8.158883521202362,4.092860976918948,0.28180354267310787,
208,42.599302200751474,19.47128287707998,16.42512077294686,3.8378958668813743,5.152979066022544,7.957595276435856,4.092860976918948,0.46296296296296297,
209,42.78717122920021,19.33709071390231,16.418411164787976,3.797638217928073,5.146269457863661,7.957595276435856,4.092860976918948,0.46296296296296297,
210,43.00858829844337,19.02173913043478,16.378153515834676,3.770799785292539,5.112721417069243,7.937466451959206,4.30756843800322,0.46296296296296297,
211,43.29710144927536,18.887546967257112,16.337895866881375,3.7573805689747717,5.092592592592593,7.897208803005904,4.28743961352657,0.4428341384863124,
212,42.639559849704774,19.753086419753085,16.203703703703702,3.7238325281803544,5.052334943639291,7.897208803005904,4.28743961352657,0.4428341384863124,
213,41.88137412775094,19.558507783145465,17.324208266237253,3.7238325281803544,4.951690821256038,7.863660762211487,4.253891572732153,0.4428341384863124,
214,42.1027911969941,19.444444444444443,17.290660225442835,3.6902844873859366,4.951690821256038,7.836822329575953,4.240472356414386,0.4428341384863124,
215,42.2638217928073,19.296833064949006,17.196725711218466,3.911701556629093,4.891304347826087,7.75630703166935,4.240472356414386,0.4428341384863124,
216,42.60601180891036,19.135802469135804,17.16988727858293,3.8580246913580245,4.8443370907139025,7.7361782071927,4.213633923778851,0.43612453032742887,
217,42.17659688674181,18.63929146537842,17.07595276435856,3.8580246913580245,4.8443370907139025,8.923778851315083,4.045893719806763,0.43612453032742887,
218,42.44498121309716,18.46484165324745,17.07595276435856,3.8378958668813743,4.797369833601718,8.896940418679549,4.045893719806763,0.43612453032742887,
219,42.7938808373591,18.4044551798175,16.982018250134193,3.8177670424047236,4.757112184648417,8.76274825550188,4.045893719806763,0.43612453032742887,
220,42.914653784219,18.344068706387546,16.888083735909824,3.8177670424047236,4.7101449275362315,8.68894256575416,4.213633923778851,0.4227053140096618,
221,43.47155126140633,18.00858829844337,16.72705314009662,3.8177670424047236,4.388083735909823,8.950617283950617,4.213633923778851,0.4227053140096618,
222,43.61916264090177,17.787171229200215,16.51905528717123,3.81105743424584,4.723564143853999,8.93719806763285,4.180085882984434,0.4227053140096618,
223,43.16961889425657,17.69994632313473,17.51207729468599,3.797638217928073,4.7101449275362315,8.541331186258722,4.159957058507783,0.4092860976918948,
224,42.223564143854,17.64626945786366,18.00187869028449,3.670155662909286,6.293612453032743,7.944176060118089,3.81105743424584,0.4092860976918948,
225,42.40472356414385,17.58588298443371,17.92807300053677,3.6500268384326353,6.266774020397209,7.944176060118089,3.81105743424584,0.4092860976918948,
226,42.72007514761138,17.518786902844873,17.726784755770264,3.6500268384326353,6.246645195920558,7.917337627482555,3.81105743424584,0.4092860976918948,
227,42.92807300053677,17.485238862050455,17.599302200751477,3.643317230273752,6.239935587761675,7.883789586688137,3.81105743424584,0.4092860976918948,
228,43.08910359634997,17.458400429414922,17.579173376274827,3.643317230273752,6.179549114331723,7.836822329575953,3.81105743424584,0.4025764895330113,
229,43.27697262479871,17.37788513150832,17.438271604938272,3.616478797638218,6.246645195920558,7.836822329575953,3.81105743424584,0.39586688137412773,
230,43.17632850241546,17.2638217928073,17.37788513150832,3.535963499731616,6.1929683306494905,8.246108427267847,3.81105743424584,0.39586688137412773,
231,43.51851851851852,17.156468062265162,17.357756307031668,3.4688674181427803,6.1929683306494905,8.165593129361245,3.7775093934514223,0.36231884057971014,
232,43.14949006977992,16.438539989264626,17.820719269994633,3.294417606011809,6.139291465378422,8.13875469672571,4.656468062265164,0.36231884057971014,
233,43.35077831454643,16.438539989264626,17.64626945786366,3.294417606011809,6.139291465378422,8.11862587224906,4.64975845410628,0.36231884057971014,
234,43.73993558776167,16.344605475040257,17.458400429414922,3.2675791733762747,6.125872249060655,8.071658615136876,4.62962962962963,0.36231884057971014,
235,44.02173913043478,16.183574879227052,17.257112184648417,3.193773483628556,5.387815351583468,9.004294149221685,4.5893719806763285,0.36231884057971014,
236,44.10896403650027,16.076221148684915,17.3040794417606,3.193773483628556,5.374396135265701,8.997584541062801,4.582662372517445,0.36231884057971014,
237,44.49141170155663,15.915190552871712,17.19001610305958,3.180354267310789,5.347557702630167,8.943907675791733,4.569243156199678,0.36231884057971014,
238,44.7866344605475,15.848094471282877,17.10950080515298,3.2675791733762747,5.199946323134729,8.863392377885132,4.569243156199678,0.35560923242082665,
239,45.04159957058508,15.734031132581856,17.028985507246375,3.2474503488996245,5.193236714975845,8.856682769726248,4.549114331723027,0.3488996242619431,
240,44.920826623725176,15.734031132581856,17.317498658078367,3.2206119162640903,5.065754159957058,8.789586688137414,4.602791196994096,0.3488996242619431,
241,45.209339774557165,15.646806226516372,17.24369296833065,3.2004830917874396,5.065754159957058,8.715780998389693,4.569243156199678,0.3488996242619431,
242,45.880300590445515,15.485775630703166,16.968599033816425,3.1602254428341383,4.998658078368224,8.61513687600644,4.542404723564144,0.3488996242619431,
243,45.94068706387547,15.458937198067632,17.21014492753623,3.140096618357488,4.985238862050457,8.413848631239935,4.502147074610843,0.3488996242619431,
244,46.30971551261406,15.304616210413311,17.01556629092861,3.5091250670960816,4.904723564143854,8.111916264090176,4.49543746645196,0.3488996242619431,
245,46.584809447128286,15.28448738593666,16.935050993022006,3.488996242619431,4.871175523349437,8.071658615136876,4.414922168545357,0.3488996242619431,
246,46.77938808373591,15.230810520665592,16.888083735909824,3.475577026301664,4.8443370907139025,8.017981749865807,4.414922168545357,0.3488996242619431,
247,47.215512614063336,15.217391304347826,16.6935050993022,3.4688674181427803,4.750402576489533,7.917337627482555,4.388083735909823,0.3488996242619431,
248,47.336285560923244,15.217391304347826,16.59957058507783,3.4688674181427803,4.723564143853999,7.917337627482555,4.388083735909823,0.3488996242619431,
249,47.61808910359635,15.183843263553408,16.53918411164788,3.435319377348363,4.7101449275362315,7.917337627482555,4.247181964573269,0.3488996242619431,
250,47.91331186258722,15.123456790123457,16.391572732152444,3.5829307568438002,4.690016103059581,7.836822329575953,4.126409017713366,0.33548040794417605,
251,48.060923242082666,14.989264626945786,16.344605475040257,3.5762211486849167,4.636339237788513,7.930756843800322,4.126409017713366,0.33548040794417605,
252,47.839506172839506,14.318303811057435,15.888352120236178,3.5762211486849167,5.917874396135265,7.917337627482555,4.206924315619967,0.33548040794417605,
253,48.289049919484704,14.251207729468598,15.70048309178744,3.569511540526033,5.904455179817498,7.823403113258186,4.126409017713366,0.33548040794417605,
254,47.58454106280193,14.224369296833064,16.465378421900162,3.556092324208266,5.904455179817498,7.816693505099302,4.1129898013955986,0.33548040794417605,
255,47.78582930756844,14.224369296833064,16.42512077294686,3.5292538915727323,5.864197530864198,7.7361782071927,4.0995705850778315,0.33548040794417605,
256,47.98040794417606,14.11701556629093,16.404991948470208,3.5091250670960816,5.864197530864198,7.689210950080516,4.0995705850778315,0.33548040794417605,
257,48.309178743961354,13.996242619431026,16.344605475040257,3.5091250670960816,5.803811057434245,7.601986044015029,4.0995705850778315,0.33548040794417605,
258,48.62453032742888,13.942565754159958,16.25738056897477,3.5091250670960816,5.683038110574342,7.548309178743962,4.0995705850778315,0.33548040794417605,
259,48.51717659688674,13.654052603327965,16.089640365002683,3.5091250670960816,6.005099302200751,7.803274288781535,4.086151368760064,0.33548040794417605,
260,48.63794954374664,13.439345142243694,16.243961352657006,3.4151905528717124,6.125872249060655,7.776435856146001,4.025764895330113,0.33548040794417605,
261,48.72517444981213,13.378958668813741,16.23054213633924,3.3145464304884595,6.125872249060655,7.729468599033816,4.025764895330113,0.46967257112184646,
262,48.8996242619431,13.331991411701557,16.19699409554482,3.280998389694042,6.105743424584004,7.689210950080516,4.025764895330113,0.46967257112184646,
263,49.02710681696189,13.271604938271604,16.223832528180353,3.240740740740741,6.092324208266238,7.6556629092860975,4.019055287171229,0.46967257112184646,
264,49.16800858829844,13.238056897477188,16.17686527106817,3.2340311325818574,6.092324208266238,7.62211486849168,3.9989264626945786,0.46967257112184646,
265,49.45652173913044,13.197799248523886,16.076221148684915,3.227321524422974,6.0654857756307035,7.501341921631776,3.965378421900161,0.5099302200751477,
266,49.745034889962426,13.103864734299517,15.935319377348362,3.2206119162640903,6.031937734836285,7.48792270531401,3.965378421900161,0.5099302200751477,
267,49.84567901234568,13.043478260869565,15.908480944712828,3.2206119162640903,6.018518518518518,7.48792270531401,3.965378421900161,0.5099302200751477,
268,49.93961352657005,12.989801395598498,15.895061728395062,3.2004830917874396,6.018518518518518,7.48792270531401,3.9586688137412773,0.5099302200751477,
269,50.22141706924316,12.97638217928073,15.767579173376275,3.1870638754696725,5.938003220611916,7.467793880837359,3.938539989264627,0.5032206119162641,
270,50.4495437466452,12.949543746645196,15.660225442834138,3.166935050993022,5.891035963499732,7.440955448201825,3.938539989264627,0.5032206119162641,
271,50.536768652710684,12.909286097691895,15.74074074074074,3.1333870101986045,5.810520665593129,7.434245840042942,3.9318303811057436,0.5032206119162641,
272,50.84541062801932,12.775093934514224,15.599838969404187,3.1333870101986045,5.810520665593129,7.407407407407407,3.92512077294686,0.5032206119162641,
273,51.039989264626946,12.754965110037574,15.552871712292003,3.1333870101986045,5.756843800322061,7.387278582930757,3.898282340311326,0.47638217928073,
274,50.79173376274826,12.70799785292539,15.92860976918948,3.1333870101986045,5.683038110574342,7.4006977992485234,3.878153515834675,0.47638217928073,
275,51.06682769726248,12.587224906065487,15.787707997852925,3.1333870101986045,5.683038110574342,7.39398819108964,3.8714439076757916,0.47638217928073,
