,45,50,52,53,55,59,54,57,51,60,56
0,100.0,,,,,,,,,,
1,96.76596886741814,3.2340311325818574,,,,,,,,,
2,96.76596886741814,3.2340311325818574,,,,,,,,,
3,96.76596886741814,3.2340311325818574,,,,,,,,,
4,96.76596886741814,3.2340311325818574,,,,,,,,,
5,96.45061728395062,3.549382716049383,,,,,,,,,
6,95.79307568438003,4.206924315619967,,,,,,,,,
7,87.31884057971014,12.681159420289855,,,,,,,,,
8,82.18599033816425,17.814009661835748,,,,,,,,,
9,50.899087493290395,33.64868491680086,1.8786902844873858,3.388352120236178,10.185185185185185,,,,,,
10,50.899087493290395,33.73590982286635,1.8786902844873858,3.388352120236178,10.0979602791197,,,,,,
11,47.30273752012882,29.025764895330113,1.8786902844873858,12.875738056897477,8.917069243156199,,,,,,
12,43.82045088566828,32.52147074610843,1.8786902844873858,12.86231884057971,8.917069243156199,,,,,,
13,43.76677402039721,32.48792270531401,1.8786902844873858,12.86231884057971,8.682232957595277,0.322061191626409,,,,,
14,36.594202898550726,39.99597423510467,1.5767579173376274,12.828770799785293,8.682232957595277,0.322061191626409,,,,,
15,31.984702093397747,42.028985507246375,4.253891572732153,12.795222758990874,8.655394524959743,0.28180354267310787,,,,,
16,32.118894256575416,41.92163177670424,4.253891572732153,12.795222758990874,8.628556092324208,0.28180354267310787,,,,,
17,32.25308641975309,41.317767042404725,4.253891572732153,12.76838432635534,8.467525496511003,0.28180354267310787,0.6575415995705851,,,,
18,32.380568974771876,41.19028448738594,4.253891572732153,12.620772946859903,8.467525496511003,0.28180354267310787,0.6575415995705851,0.14761137949543746,,,
19,32.53488996242619,40.80783682232958,4.253891572732153,12.620772946859903,8.695652173913043,0.28180354267310787,0.6575415995705851,0.14761137949543746,,,
20,32.25308641975309,41.237251744498124,4.253891572732153,12.506709608158884,8.662104133118627,0.28180354267310787,0.6575415995705851,0.14761137949543746,,,
21,32.50805152979066,41.156736446591516,4.133118625872249,12.486580783682234,8.662104133118627,0.28180354267310787,0.6239935587761675,0.14761137949543746,,,
22,32.7361782071927,40.4723564143854,4.092860976918948,12.453032742887816,8.246108427267847,0.28180354267310787,0.5971551261406334,1.1205045625335481,,,
23,31.756575415995705,41.680085882984436,4.092860976918948,12.439613526570048,8.031400966183575,0.28180354267310787,0.5971551261406334,1.1205045625335481,,,
24,31.944444444444443,40.465646806226516,4.092860976918948,12.439613526570048,6.837090713902308,0.28180354267310787,2.818035426731079,1.1205045625335481,,,
25,28.67686527106817,31.17283950617284,8.61513687600644,8.172302737520129,2.9723564143853998,0.28180354267310787,1.1272141706924315,0.9057971014492754,18.075684380032207,,
26,28.28099838969404,21.994095544820183,20.189210950080515,8.152173913043478,2.9253891572732154,0.27509393451422437,1.1272141706924315,0.9057971014492754,16.150026838432634,,
27,28.307836822329577,21.81964573268921,19.920826623725173,8.340042941492216,2.9253891572732154,0.27509393451422437,1.1272141706924315,1.1674718196457328,16.11647879763822,,
28,28.515834675254965,21.74584004294149,19.826892109500804,8.313204508856682,2.9253891572732154,0.27509393451422437,1.1272141706924315,1.1674718196457328,16.10305958132045,,
29,28.482286634460547,21.557971014492754,19.659151905528716,8.313204508856682,2.9253891572732154,0.27509393451422437,1.1272141706924315,1.1674718196457328,16.492216854535695,,
30,28.29441760601181,20.041599570585078,19.64573268921095,8.313204508856682,2.9119699409554483,0.2616747181964573,1.1272141706924315,1.1674718196457328,18.23671497584541,,
31,27.26113794954375,20.79307568438003,19.51825013419216,8.192431561996779,3.4420289855072466,0.2616747181964573,1.1272141706924315,1.1674718196457328,18.183038110574344,0.05367686527106817,
32,27.355072463768117,19.85373054213634,20.108695652173914,8.172302737520129,3.750670960815888,0.2616747181964573,1.1272141706924315,1.1674718196457328,18.149490069779926,0.05367686527106817,
33,24.12104133118626,22.57783145464305,20.02818035426731,5.5756843800322065,3.7238325281803544,0.2616747181964573,1.0735373054213635,1.0601180891035964,21.524422973698336,0.05367686527106817,
34,24.510198604401502,22.29602791196994,19.940955448201827,5.401234567901234,3.7238325281803544,0.2616747181964573,1.0735373054213635,1.0601180891035964,21.423778851315085,0.05367686527106817,0.2549651100375738
35,24.698067632850243,22.27589908749329,19.880568974771872,5.374396135265701,3.4621578099838968,0.5032206119162641,1.0735373054213635,1.0601180891035964,21.36339237788513,0.05367686527106817,0.2549651100375738
36,24.792002147074612,22.21551261406334,19.880568974771872,5.374396135265701,3.4621578099838968,0.5032206119162641,1.0735373054213635,1.0601180891035964,21.329844337090712,0.05367686527106817,0.2549651100375738
37,25.033548040794418,22.074610842726784,19.847020933977454,5.374396135265701,3.4621578099838968,0.5032206119162641,1.0735373054213635,1.0601180891035964,21.26274825550188,0.05367686527106817,0.2549651100375738
38,22.12157809983897,28.27428878153516,16.888083735909824,5.374396135265701,3.455448201825013,0.48980139559849706,1.0735373054213635,1.0601180891035964,20.954106280193237,0.05367686527106817,0.2549651100375738
39,21.081588835212024,25.328770799785293,16.61969940955448,9.782608695652174,3.7640901771336552,0.48980139559849706,0.47638217928073,1.1943102522812667,20.954106280193237,0.05367686527106817,0.2549651100375738
40,20.679012345679013,24.778582930756844,16.53918411164788,9.782608695652174,3.3950617283950617,0.32877079978529256,0.47638217928073,1.7713365539452497,21.940418679549115,0.05367686527106817,0.2549651100375738
41,20.511272141706925,24.12775093934514,18.12265163714439,9.782608695652174,3.3950617283950617,0.32877079978529256,0.47638217928073,1.751207729468599,21.195652173913043,0.05367686527106817,0.2549651100375738
42,20.679012345679013,24.10762211486849,17.74020397208803,9.614868491680086,3.911701556629093,0.32877079978529256,0.47638217928073,1.751207729468599,21.108427267847556,0.05367686527106817,0.2281266774020397
43,20.79307568438003,23.866076221148685,17.69994632313473,9.614868491680086,4.1532474503489,0.32877079978529256,0.47638217928073,1.751207729468599,21.034621578099838,0.05367686527106817,0.2281266774020397
44,21.28287707997853,23.718464841653248,17.09608158883521,10.86285560923242,3.4621578099838968,0.32877079978529256,0.47638217928073,1.7310789049919484,20.813204508856682,,0.2281266774020397
45,21.484165324745035,23.67149758454106,17.09608158883521,10.742082662372518,3.4621578099838968,0.32877079978529256,0.47638217928073,1.7310789049919484,20.779656468062264,,0.2281266774020397
46,19.43102522812668,30.971551261406333,13.94927536231884,10.648148148148149,3.4621578099838968,0.32877079978529256,0.47638217928073,1.7310789049919484,18.773483628556093,,0.2281266774020397
47,19.082125603864736,28.475577026301664,6.723027375201288,10.581052066559312,3.455448201825013,0.32877079978529256,0.798443370907139,1.7310789049919484,28.59634997316157,,0.2281266774020397
48,17.793880837359097,26.113794954374665,6.6827697262479875,18.572195383789587,3.455448201825013,0.32877079978529256,0.798443370907139,1.7310789049919484,24.295491143317232,,0.2281266774020397
49,18.35077831454643,25.697799248523886,6.6827697262479875,18.471551261406333,3.44873859366613,0.32877079978529256,0.798443370907139,1.724369296833065,24.268652710681696,,0.2281266774020397
50,17.834138486312398,25.187869028448738,10.131508319914117,16.378153515834676,3.260869565217391,0.32877079978529256,0.7045088566827697,1.724369296833065,24.22168545356951,,0.2281266774020397
51,17.934782608695652,23.336017176596886,14.016371443907676,14.392109500805153,3.2541599570585076,0.32877079978529256,0.7045088566827697,1.724369296833065,24.08078368223296,,0.2281266774020397
52,17.196725711218466,19.961084272678477,12.130971551261407,24.832259796027913,2.8247450348899625,0.32877079978529256,0.7045088566827697,1.6438539989264627,20.148953301127214,,0.2281266774020397
53,17.364465915190554,19.90740740740741,12.090713902308105,24.90606548577563,2.8247450348899625,0.32877079978529256,0.7045088566827697,1.6438539989264627,20.001341921631777,,0.2281266774020397
54,17.458400429414922,19.753086419753085,11.882716049382717,24.838969404186795,3.207192699946323,0.32877079978529256,0.7045088566827697,1.6371443907675791,19.961084272678477,,0.2281266774020397
55,17.787171229200215,19.712828770799785,11.788781535158346,24.651100375738057,3.2004830917874396,0.32877079978529256,0.7045088566827697,1.6371443907675791,19.961084272678477,,0.2281266774020397
56,17.901234567901234,19.699409554482017,11.741814278046162,24.61755233494364,3.2004830917874396,0.32877079978529256,0.7045088566827697,1.6371443907675791,19.940955448201827,,0.2281266774020397
57,18.109232420826622,19.155931293612454,11.694847020933977,24.738325281803544,3.4822866344605474,0.32877079978529256,0.7045088566827697,1.6371443907675791,19.920826623725173,,0.2281266774020397
58,18.015297906602253,18.874127750939344,10.997047772410092,25.865539452495973,3.4822866344605474,0.32877079978529256,0.5904455179817498,1.6371443907675791,19.981213097155127,,0.2281266774020397
59,17.840848094471284,19.028448738593667,10.909822866344605,25.89237788513151,3.475577026301664,0.32877079978529256,0.5904455179817498,1.415727321524423,20.28985507246377,,0.2281266774020397
60,17.867686527106816,19.028448738593667,10.889694041867955,25.885668276972623,3.475577026301664,0.32877079978529256,0.5904455179817498,1.415727321524423,20.28985507246377,,0.2281266774020397
61,18.00187869028449,18.968062265163713,10.86285560923242,25.85882984433709,3.475577026301664,0.32877079978529256,0.5904455179817498,1.415727321524423,20.021470746108427,,0.47638217928073
62,18.02200751476114,18.491680085882983,10.829307568438002,25.791733762748255,3.4621578099838968,0.32877079978529256,0.5904455179817498,1.415727321524423,20.591787439613526,,0.47638217928073
63,18.189747718733226,18.45813204508857,10.829307568438002,25.697799248523886,3.4621578099838968,0.32877079978529256,0.5904455179817498,1.415727321524423,20.551529790660226,,0.47638217928073
64,18.35077831454643,17.881105743424584,10.829307568438002,26.29495437466452,3.4621578099838968,0.32877079978529256,0.5904455179817498,1.415727321524423,20.12211486849168,,0.7246376811594203
65,18.317230273752013,17.867686527106816,14.150563607085346,23.282340311325818,3.4621578099838968,0.32877079978529256,0.5904455179817498,1.415727321524423,19.860440150295222,,0.7246376811594203
66,18.585614600107355,17.773752012882447,14.130434782608695,22.69189479334407,3.938539989264627,0.32877079978529256,0.5904455179817498,1.415727321524423,19.82018250134192,,0.7246376811594203
67,18.646001073537306,17.76033279656468,14.083467525496511,25.248255501878692,3.9318303811057436,0.32877079978529256,0.7313472893183038,1.415727321524423,17.257112184648417,,0.5971551261406334
68,18.605743424584006,17.66639828234031,14.009661835748792,25.194578636607623,3.9318303811057436,0.32877079978529256,0.7313472893183038,1.415727321524423,17.250402576489535,,0.8655394524959742
69,18.773483628556093,17.579173376274827,13.996242619431026,25.15432098765432,3.9318303811057436,0.32877079978529256,0.7313472893183038,1.415727321524423,17.223564143854,,0.8655394524959742
70,19.296833064949006,17.458400429414922,13.6808910359635,25.09393451422437,3.9184111647879765,0.32877079978529256,0.7313472893183038,1.415727321524423,17.21014492753623,,0.8655394524959742
71,19.43773483628556,17.438271604938272,13.674181427804616,25.026838432635532,3.9184111647879765,0.32877079978529256,0.6910896403650026,1.415727321524423,17.20343531937735,,0.8655394524959742
72,16.99543746645196,17.09608158883521,13.627214170692431,24.738325281803544,3.9184111647879765,0.32877079978529256,0.5501878690284487,1.402308105206656,20.30998389694042,,1.0332796564680622
73,17.317498658078367,17.042404723564143,13.580246913580247,24.711486849168008,3.851315083199141,0.32877079978529256,0.5971551261406334,1.3888888888888888,20.148953301127214,,1.0332796564680622
74,16.525764895330113,17.022275899087493,22.745571658615138,22.08132045088567,3.851315083199141,0.32877079978529256,0.5971551261406334,1.3888888888888888,14.687332259796028,,0.7716049382716049
75,17.330917874396135,16.941760601180892,22.544283413848632,21.732420826623724,3.844605475040258,0.32877079978529256,0.5971551261406334,1.4962426194310252,14.412238325281804,,0.7716049382716049
76,17.639559849704778,16.921631776704242,22.443639291465377,21.571390230810522,3.844605475040258,0.32877079978529256,0.5971551261406334,1.482823403113258,14.398819108964037,,0.7716049382716049
77,17.934782608695652,16.874664519592056,22.38996242619431,21.531132581857218,3.844605475040258,0.32877079978529256,0.5971551261406334,1.482823403113258,14.264626945786366,,0.7514761137949544
78,18.00858829844337,16.82769726247987,22.38996242619431,21.531132581857218,3.844605475040258,0.32877079978529256,0.5971551261406334,1.482823403113258,14.237788513150832,,0.7514761137949544
79,18.344068706387546,16.75389157273215,22.262479871175522,21.4573268921095,3.844605475040258,0.32877079978529256,0.5971551261406334,1.482823403113258,14.184111647879764,,0.7447665056360708
80,18.4447128287708,16.686795491143318,21.141975308641975,21.390230810520666,4.139828234031133,0.32877079978529256,0.5971551261406334,1.482823403113258,14.13714439076758,,1.6505636070853462
81,18.719806763285025,16.59957058507783,21.021202361782073,21.336553945249598,4.139828234031133,0.32877079978529256,0.5971551261406334,1.482823403113258,14.123725174449811,,1.6505636070853462
82,18.82716049382716,16.59957058507783,20.96081588835212,21.329844337090712,4.139828234031133,0.32877079978529256,0.5971551261406334,1.482823403113258,14.083467525496511,,1.6505636070853462
83,19.11567364465915,16.532474503488995,20.9272678475577,21.182232957595275,4.126409017713366,0.32877079978529256,0.5703166935050993,1.482823403113258,14.083467525496511,,1.6505636070853462
84,19.276704240472355,16.51905528717123,20.86688137412775,21.101717659688674,4.119699409554482,0.32877079978529256,0.5703166935050993,1.482823403113258,14.083467525496511,,1.6505636070853462
85,18.706387546967257,16.458668813741276,19.41760601180891,18.800322061191626,3.2206119162640903,0.32877079978529256,0.5703166935050993,1.4559849704777241,19.390767579173378,,1.6505636070853462
86,19.088835212023618,16.304347826086957,19.290123456790123,18.739935587761675,3.2206119162640903,0.32877079978529256,0.5703166935050993,1.4559849704777241,19.37734836285561,,1.6237251744498122
87,19.28341384863124,16.10305958132045,19.41760601180891,18.699677938808374,3.2206119162640903,0.32877079978529256,0.5703166935050993,1.4559849704777241,19.296833064949006,,1.6237251744498122
88,19.390767579173378,16.10305958132045,19.37734836285561,18.646001073537306,3.2206119162640903,0.32877079978529256,0.5703166935050993,1.4559849704777241,19.28341384863124,,1.6237251744498122
89,19.75979602791197,16.09634997316157,19.108964036500268,18.646001073537306,3.2206119162640903,0.32877079978529256,0.5703166935050993,1.4559849704777241,19.189479334406872,,1.6237251744498122
90,20.041599570585078,15.94873859366613,19.048577563070317,18.632581857219538,3.207192699946323,0.32877079978529256,0.5703166935050993,1.4559849704777241,19.142512077294686,,1.6237251744498122
91,20.021470746108427,14.700751476113794,20.43075684380032,18.605743424584006,3.207192699946323,0.32877079978529256,0.5703166935050993,1.4559849704777241,19.0552871712292,,1.6237251744498122
92,20.014761137949545,14.687332259796028,21.182232957595275,17.94820182501342,3.2004830917874396,0.32877079978529256,0.5703166935050993,1.3888888888888888,19.0552871712292,,1.6237251744498122
93,20.12211486849168,14.673913043478262,21.175523349436393,17.914653784219002,3.166935050993022,0.32877079978529256,0.5703166935050993,1.3888888888888888,19.03515834675255,,1.6237251744498122
94,20.108695652173914,14.660493827160494,27.079978529253893,16.09634997316157,3.166935050993022,0.32877079978529256,0.5703166935050993,1.3888888888888888,14.97584541062802,,1.6237251744498122
95,20.35024154589372,14.40552871712292,27.03972088030059,16.0426731078905,3.0864197530864197,0.32877079978529256,0.8252818035426731,1.3888888888888888,14.908749329039184,,1.6237251744498122
96,20.1959205582394,14.103596349973161,27.113526570048307,16.525764895330113,3.0864197530864197,0.32877079978529256,1.3419216317767042,1.2144390767579174,14.593397745571659,,1.4962426194310252
97,20.471014492753625,14.090177133655395,26.94578636607622,16.512345679012345,3.0864197530864197,0.32877079978529256,1.3419216317767042,1.2144390767579174,14.512882447665056,,1.4962426194310252
98,20.38378958668814,14.110305958132045,27.15378421900161,16.485507246376812,3.0864197530864197,0.32877079978529256,1.3419216317767042,1.2144390767579174,14.398819108964037,,1.4962426194310252
99,20.638754696725712,14.002952227589908,27.046430488459475,16.458668813741276,3.0864197530864197,0.32877079978529256,1.3419216317767042,1.2144390767579174,14.38539989264627,,1.4962426194310252
100,21.021202361782073,13.969404186795492,27.046430488459475,16.378153515834676,3.0864197530864197,0.32877079978529256,1.3419216317767042,1.1808910359634996,14.150563607085346,,1.4962426194310252
101,21.390230810520666,13.969404186795492,27.01959205582394,16.31105743424584,3.0864197530864197,0.32877079978529256,1.3217928073000538,1.1808910359634996,13.895598497047773,,1.4962426194310252
102,21.77938808373591,13.935856146001074,26.7914653784219,16.31105743424584,3.0864197530864197,0.32877079978529256,1.3217928073000538,1.107085346215781,13.841921631776705,,1.4962426194310252
103,22.007514761137948,13.862050456253355,26.73107890499195,16.31105743424584,3.0595813204508855,0.32877079978529256,1.2748255501878691,1.1003757380568975,13.841921631776705,,1.482823403113258
104,22.10144927536232,13.862050456253355,26.670692431561996,16.27750939345142,3.0595813204508855,0.32877079978529256,1.2748255501878691,1.1003757380568975,13.841921631776705,,1.482823403113258
105,22.457058507783145,13.774825550187868,26.44927536231884,16.264090177133657,3.0595813204508855,0.32877079978529256,1.261406333870102,1.1003757380568975,13.841921631776705,,1.4626945786366077
106,22.852925389157274,13.761406333870102,25.999731615673646,17.223564143854,3.0595813204508855,0.32877079978529256,1.261406333870102,1.093666129898014,12.969672571121846,,1.4492753623188406
107,22.966988727858293,13.761406333870102,25.939345142243692,17.196725711218466,3.0595813204508855,0.32877079978529256,1.261406333870102,1.093666129898014,12.942834138486312,,1.4492753623188406
108,23.040794417606012,13.761406333870102,25.939345142243692,17.163177670424048,3.0595813204508855,0.32877079978529256,1.261406333870102,1.093666129898014,12.902576489533011,,1.4492753623188406
109,23.315888352120236,13.754696725711218,25.825281803542673,17.082662372517444,3.026033279656468,0.32877079978529256,1.261406333870102,1.093666129898014,12.882447665056361,,1.42914653784219
110,23.43666129898014,13.727858293075684,25.791733762748255,17.022275899087493,3.079710144927536,0.32877079978529256,1.261406333870102,1.093666129898014,12.828770799785293,,1.42914653784219
111,23.678207192699947,13.727858293075684,25.704508856682768,16.97530864197531,3.079710144927536,0.32877079978529256,1.4492753623188406,1.093666129898014,12.533548040794418,,1.42914653784219
112,23.772141706924316,13.627214170692431,25.89237788513151,16.97530864197531,2.9388083735909825,0.32877079978529256,1.4358561460010735,1.093666129898014,12.506709608158884,,1.42914653784219
113,23.470209339774556,13.499731615673644,25.39586688137413,14.51959205582394,2.965646806226516,0.32877079978529256,1.42914653784219,1.0869565217391304,15.935319377348362,,1.3687600644122384
114,23.60440150295223,13.499731615673644,25.348899624261943,14.51959205582394,2.9589371980676327,0.322061191626409,1.4090177133655395,1.0869565217391304,15.881642512077295,,1.3687600644122384
115,23.698336017176597,13.446054750402576,25.32206119162641,14.51959205582394,2.952227589908749,0.322061191626409,1.4090177133655395,1.0869565217391304,15.874932903918411,,1.3687600644122384
116,23.89291465378422,13.405797101449275,25.140901771336555,14.727589908749328,2.952227589908749,0.322061191626409,1.4090177133655395,1.0869565217391304,15.693773483628556,,1.3687600644122384
117,24.550456253354803,13.33870101986044,24.9597423510467,14.673913043478262,2.952227589908749,0.322061191626409,1.4090177133655395,1.0601180891035964,15.365002683843263,,1.3687600644122384
118,22.993827160493826,13.298443370907139,19.370638754696724,12.426194310252281,2.952227589908749,0.322061191626409,1.4090177133655395,1.0601180891035964,24.94632313472893,,1.221148684916801
119,23.282340311325818,13.291733762748256,19.316961889425656,12.332259796027913,2.952227589908749,0.322061191626409,1.4090177133655395,1.0601180891035964,24.812130971551262,,1.221148684916801
120,23.14814814814815,12.97638217928073,18.907675791733762,12.27187332259796,2.952227589908749,0.322061191626409,1.4090177133655395,1.0601180891035964,25.731347289318304,,1.221148684916801
121,23.30246913580247,12.332259796027913,18.303811057434245,12.245034889962426,2.885131508319914,0.322061191626409,2.623456790123457,1.0601180891035964,25.704508856682768,,1.221148684916801
122,23.403113258185723,12.27187332259796,18.297101449275363,12.245034889962426,2.885131508319914,0.322061191626409,2.623456790123457,1.0601180891035964,25.670960815888353,,1.221148684916801
123,23.59098228663446,12.218196457326892,18.256843800322063,12.245034889962426,2.885131508319914,0.322061191626409,2.623456790123457,1.0332796564680622,25.603864734299517,,1.221148684916801
124,22.940150295222757,12.969672571121846,18.23671497584541,12.23161567364466,2.885131508319914,0.322061191626409,2.623456790123457,1.0332796564680622,25.53676865271068,,1.221148684916801
125,23.21524422973698,12.969672571121846,18.183038110574344,12.124261943102523,2.885131508319914,0.322061191626409,2.623456790123457,1.0332796564680622,25.42270531400966,,1.221148684916801
126,23.443370907139023,12.922705314009661,18.183038110574344,12.110842726784755,2.885131508319914,0.322061191626409,2.623456790123457,1.0332796564680622,25.254965110037574,,1.221148684916801
127,23.852657004830917,12.869028448738593,17.934782608695652,12.050456253354804,2.8784219001610305,0.322061191626409,2.623456790123457,1.0265700483091786,25.221417069243156,,1.221148684916801
128,24.322329575952764,12.694578636607622,17.867686527106816,11.916264090177133,2.8784219001610305,0.322061191626409,2.589908749329039,1.0265700483091786,25.161030595813205,,1.221148684916801
129,24.436392914653783,12.68786902844874,17.807300053676865,11.916264090177133,2.8784219001610305,0.322061191626409,2.576489533011272,0.9930220075147611,25.161030595813205,,1.221148684916801
130,24.355877616747183,12.614063338701019,16.53918411164788,12.198067632850242,2.8784219001610305,0.322061191626409,3.797638217928073,0.9930220075147611,24.92619431025228,,1.3754696725711217
131,24.476650563607084,12.600644122383253,16.451959205582394,12.198067632850242,2.8784219001610305,0.322061191626409,3.797638217928073,0.9930220075147611,24.90606548577563,,1.3754696725711217
132,24.718196457326894,12.600644122383253,16.404991948470208,12.198067632850242,2.844873859366613,0.30193236714975846,3.750670960815888,0.95276435856146,24.852388620504563,,1.3754696725711217
133,24.40955448201825,12.493290391841116,15.640096618357488,17.07595276435856,2.844873859366613,0.30193236714975846,3.743961352657005,0.95276435856146,21.175523349436393,,1.3620504562533549
134,24.630971551261407,12.352388620504563,15.378421900161031,17.2638217928073,2.844873859366613,0.30193236714975846,3.9519592055823938,0.95276435856146,20.8064949006978,,1.5163714439076759
135,25.234836285560924,12.25174449812131,15.331454643048845,16.955179817498657,2.8381642512077296,0.30193236714975846,3.9452495974235107,0.95276435856146,20.679012345679013,,1.5096618357487923
136,25.335480407944175,12.238325281803542,15.331454643048845,16.955179817498657,2.831454643048846,0.30193236714975846,3.9452495974235107,0.95276435856146,20.598497047772412,,1.5096618357487923
137,25.161030595813205,12.030327428878154,15.03623188405797,16.941760601180892,3.079710144927536,0.30193236714975846,4.086151368760064,0.95276435856146,20.90042941492217,,1.5096618357487923
138,25.63070316693505,11.990069779924852,14.794685990338165,16.914922168545356,3.079710144927536,0.30193236714975846,4.086151368760064,0.95276435856146,20.779656468062264,,1.4694041867954912
139,25.55018786902845,11.56736446591519,15.479066022544284,16.867954911433173,3.066290928609769,0.30193236714975846,4.005636070853462,0.95276435856146,20.739398819108963,,1.4694041867954912
140,25.87224906065486,11.56736446591519,15.418679549114332,16.659957058507782,3.066290928609769,0.30193236714975846,4.005636070853462,0.95276435856146,20.685721953837895,,1.4694041867954912
141,25.49651100375738,11.473429951690822,15.271068169618895,17.364465915190554,3.052871712292002,0.30193236714975846,4.180085882984434,0.9192163177670424,20.471014492753625,,1.4694041867954912
142,25.959473966720342,11.43317230273752,15.136876006441224,17.216854535695116,2.9253891572732154,0.30193236714975846,4.180085882984434,0.9192163177670424,20.457595276435857,,1.4694041867954912
143,26.583467525496513,11.43317230273752,14.908749329039184,17.16988727858293,2.9253891572732154,0.30193236714975846,4.139828234031133,0.9192163177670424,20.148953301127214,,1.4694041867954912
144,26.690821256038646,11.43317230273752,14.9020397208803,17.156468062265162,2.918679549114332,0.30193236714975846,4.139828234031133,0.9057971014492754,20.081857219538378,,1.4694041867954912
145,26.7914653784219,11.43317230273752,14.895330112721417,17.062533548040793,2.918679549114332,0.30193236714975846,4.139828234031133,0.9057971014492754,20.081857219538378,,1.4694041867954912
146,27.18733225979603,11.43317230273752,14.640365002683843,16.99543746645196,2.804616210413312,0.2952227589908749,4.119699409554482,0.9057971014492754,20.041599570585078,,1.5767579173376274
147,27.623456790123456,11.399624261943103,14.512882447665056,16.99543746645196,2.804616210413312,0.2952227589908749,4.119699409554482,0.9057971014492754,19.766505636070853,,1.5767579173376274
148,27.657004830917874,11.3593666129898,14.794685990338165,16.961889425657542,2.804616210413312,0.2952227589908749,4.106280193236715,0.9057971014492754,19.766505636070853,,1.3486312399355878
149,27.865002683843265,11.3593666129898,14.734299516908212,16.928341384863124,2.771068169618894,0.2885131508319914,4.032474503488996,0.9057971014492754,19.766505636070853,,1.3486312399355878
150,27.30810520665593,11.325818572195384,15.814546430488459,16.814278046162105,2.771068169618894,0.2885131508319914,4.032474503488996,0.9057971014492754,19.57192699946323,,1.1674718196457328
151,27.677133655394524,11.2788513150832,15.814546430488459,16.774020397208805,2.563070316693505,0.2616747181964573,4.032474503488996,0.9057971014492754,19.53166935050993,,1.1607622114868492
152,27.78448738593666,11.238593666129898,15.814546430488459,16.720343531937736,2.563070316693505,0.2616747181964573,4.032474503488996,0.9057971014492754,19.51825013419216,,1.1607622114868492
153,28.08641975308642,11.225174449812132,15.767579173376275,16.55931293612453,2.536231884057971,0.2616747181964573,4.019055287171229,0.9057971014492754,19.47799248523886,,1.1607622114868492
154,28.10654857756307,11.218464841653248,15.767579173376275,16.324476650563607,2.536231884057971,0.2616747181964573,4.274020397208803,0.9057971014492754,19.47799248523886,,1.1272141706924315
155,28.368223295759528,11.131239935587761,15.74074074074074,16.11647879763822,2.4154589371980677,0.2616747181964573,4.455179817498658,0.9057971014492754,19.47799248523886,,1.1272141706924315
156,28.670155662909288,11.124530327428879,15.707192699946322,15.982286634460548,2.4154589371980677,0.2616747181964573,4.455179817498658,0.9057971014492754,19.350509930220074,,1.1272141706924315
157,28.985507246376812,10.916532474503489,15.707192699946322,15.982286634460548,2.4154589371980677,0.2616747181964573,4.455179817498658,0.8990874932903918,19.249865807836823,,1.1272141706924315
158,29.106280193236714,10.916532474503489,15.673644659151906,15.76086956521739,2.4154589371980677,0.2616747181964573,4.663177670424047,0.8990874932903918,19.176060118089104,,1.1272141706924315
159,28.817767042404725,10.916532474503489,15.633387010198604,17.12962962962963,1.9457863660762211,0.040257648953301126,4.575952764358561,0.6843800322061192,19.129092860976918,,1.1272141706924315
160,28.918411164787976,10.916532474503489,15.613258185721953,17.09608158883521,1.9457863660762211,0.040257648953301126,4.575952764358561,0.6843800322061192,19.108964036500268,,1.1003757380568975
161,26.382179280730007,10.534084809447128,10.809178743961352,14.620236178207193,1.737788513150832,0.040257648953301126,3.2340311325818574,0.6508319914117016,31.105743424584006,,0.8856682769726248
162,26.462694578636608,10.534084809447128,10.782340311325818,14.593397745571659,1.737788513150832,0.040257648953301126,3.2340311325818574,0.6508319914117016,31.07890499194847,,0.8856682769726248
163,26.724369296833064,10.534084809447128,10.782340311325818,14.512882447665056,1.737788513150832,0.040257648953301126,3.2340311325818574,0.6239935587761675,30.92458400429415,,0.8856682769726248
164,27.26784755770263,10.413311862587225,10.782340311325818,14.264626945786366,1.7042404723564144,0.040257648953301126,3.2340311325818574,0.6239935587761675,30.783682232957595,,0.8856682769726248
165,27.47584541062802,10.379763821792807,10.581052066559312,14.143853998926463,1.7042404723564144,0.040257648953301126,3.5091250670960816,0.6105743424584005,30.703166935050994,,0.8521202361782072
166,27.79790660225443,10.332796564680622,10.406602254428341,14.143853998926463,1.7042404723564144,0.040257648953301126,3.5091250670960816,0.6105743424584005,30.62265163714439,,0.8319914117015567
167,27.885131508319915,10.332796564680622,10.359634997316157,14.130434782608695,1.7042404723564144,0.040257648953301126,3.502415458937198,0.6105743424584005,30.60252281266774,,0.8319914117015567
168,27.958937198067634,10.299248523886206,10.359634997316157,14.123725174449811,1.7042404723564144,0.040257648953301126,3.502415458937198,0.6105743424584005,30.56897477187332,,0.8319914117015567
169,28.099838969404185,10.245571658615138,12.352388620504563,14.123725174449811,1.7042404723564144,0.040257648953301126,3.502415458937198,0.6105743424584005,28.488996242619432,,0.8319914117015567
170,28.30112721417069,10.245571658615138,12.345679012345679,14.04320987654321,1.6908212560386473,0.040257648953301126,3.488996242619431,0.6105743424584005,28.401771336553946,,0.8319914117015567
171,28.28099838969404,10.245571658615138,12.02361782071927,13.539989264626946,1.6908212560386473,0.040257648953301126,3.4621578099838968,0.6105743424584005,29.280730005367687,,0.8252818035426731
172,28.381642512077295,10.165056360708535,12.02361782071927,13.519860440150294,1.6908212560386473,0.040257648953301126,3.4621578099838968,0.6105743424584005,29.280730005367687,,0.8252818035426731
173,28.5426731078905,10.084541062801932,11.98336017176597,13.506441223832528,1.6908212560386473,0.040257648953301126,3.4621578099838968,0.6105743424584005,29.25389157273215,,0.8252818035426731
174,28.797638217928075,10.010735373054214,11.98336017176597,13.446054750402576,1.6639828234031133,0.040257648953301126,3.4420289855072466,0.6105743424584005,29.180085882984432,,0.8252818035426731
175,28.884863123993558,10.010735373054214,11.98336017176597,13.439345142243694,1.6639828234031133,0.040257648953301126,3.4151905528717124,0.6105743424584005,29.126409017713364,,0.8252818035426731
176,29.05931293612453,9.977187332259795,11.963231347289318,13.425925925925926,1.6639828234031133,0.040257648953301126,3.4151905528717124,0.6105743424584005,29.01905528717123,,0.8252818035426731
177,29.1532474503489,9.977187332259795,11.943102522812667,13.560118089103597,1.6639828234031133,0.040257648953301126,3.294417606011809,0.6105743424584005,28.931830381105744,,0.8252818035426731
178,29.260601180891037,9.950348899624261,11.83574879227053,13.539989264626946,1.6639828234031133,0.040257648953301126,3.294417606011809,0.6105743424584005,28.73054213633924,,1.0735373054213635
179,29.542404723564143,9.943639291465379,11.83574879227053,13.466183574879228,1.6237251744498122,0.040257648953301126,3.280998389694042,0.6105743424584005,28.5829307568438,,1.0735373054213635
180,29.918142780461622,9.91009125067096,11.621041331186259,13.331991411701557,1.7713365539452497,0.040257648953301126,3.280998389694042,0.6105743424584005,28.462157809983896,,1.0534084809447128
181,29.790660225442835,9.91009125067096,11.553945249597424,13.003220611916264,1.7579173376274826,0.040257648953301126,4.045893719806763,0.6105743424584005,28.099838969404185,,1.1876006441223832
182,29.891304347826086,9.91009125067096,11.54723564143854,12.969672571121846,1.7579173376274826,0.040257648953301126,4.019055287171229,0.6105743424584005,28.06629092860977,,1.1876006441223832
183,30.152979066022546,9.856414385399892,11.493558776167472,12.889157273215245,1.7579173376274826,0.040257648953301126,4.012345679012346,0.6105743424584005,27.999194847020934,,1.1876006441223832
184,30.441492216854535,9.842995169082126,11.473429951690822,12.848899624261943,1.6371443907675791,0.040257648953301126,3.9586688137412773,0.6105743424584005,27.958937198067634,,1.1876006441223832
185,30.776972624798713,9.822866344605474,11.473429951690822,12.822061191626409,1.6237251744498122,0.040257648953301126,3.9586688137412773,0.6105743424584005,27.68384326355341,,1.1876006441223832
186,30.96484165324745,9.816156736446592,11.406333870101985,12.781803542673108,1.6170155662909287,0.040257648953301126,3.9586688137412773,0.6105743424584005,27.616747181964573,,1.1876006441223832
187,31.05877616747182,9.816156736446592,11.372785829307569,12.754965110037574,1.6170155662909287,0.040257648953301126,3.9452495974235107,0.6105743424584005,27.596618357487923,,1.1876006441223832
188,31.105743424584006,9.816156736446592,11.312399355877616,12.734836285560924,1.724369296833065,0.040257648953301126,3.9318303811057436,0.6105743424584005,27.536231884057973,,1.1876006441223832
189,31.239935587761675,9.796027911969942,11.312399355877616,12.72812667740204,1.724369296833065,0.040257648953301126,3.9318303811057436,0.6105743424584005,27.449006977992486,,1.1674718196457328
190,31.387546967257112,9.695383789586689,11.20504562533548,12.848899624261943,1.724369296833065,0.040257648953301126,3.9318303811057436,0.6105743424584005,27.4422973698336,,1.1137949543746646
191,31.52173913043478,9.681964573268921,11.064143853998926,12.848899624261943,1.8719806763285025,0.040257648953301126,3.8915727321524423,0.6105743424584005,27.355072463768117,,1.1137949543746646
192,31.42109500805153,9.681964573268921,10.943370907139023,13.486312399355878,1.8719806763285025,0.040257648953301126,3.864734299516908,0.6105743424584005,26.96591519055287,,1.1137949543746646
193,31.676060118089104,9.668545356951155,10.943370907139023,13.45276435856146,1.8719806763285025,0.040257648953301126,3.770799785292539,0.6105743424584005,26.85185185185185,,1.1137949543746646
194,31.743156199677937,9.64170692431562,10.916532474503489,13.45276435856146,1.8719806763285025,0.040257648953301126,3.770799785292539,0.6105743424584005,26.838432635534083,,1.1137949543746646
195,31.80354267310789,9.634997316156737,10.654857756307031,13.687600644122384,1.8719806763285025,0.040257648953301126,3.770799785292539,0.6105743424584005,26.81159420289855,,1.1137949543746646
196,31.944444444444443,9.608158883521202,10.654857756307031,13.687600644122384,1.8719806763285025,0.040257648953301126,3.770799785292539,0.6105743424584005,26.69753086419753,,1.1137949543746646
197,32.038378958668815,9.608158883521202,10.654857756307031,13.647342995169081,1.8719806763285025,0.040257648953301126,3.770799785292539,0.6105743424584005,26.643853998926463,,1.1137949543746646
198,32.35373054213634,9.608158883521202,10.547504025764896,13.774825550187868,1.8719806763285025,0.040257648953301126,3.603059581320451,0.6105743424584005,26.482823403113258,,1.107085346215781
199,32.52818035426731,9.581320450885668,10.520665593129362,13.734567901234568,1.8719806763285025,0.040257648953301126,3.603059581320451,0.6105743424584005,26.20101986044015,,1.3083735909822867
200,32.830112721417066,9.581320450885668,10.520665593129362,13.58695652173913,1.8719806763285025,0.040257648953301126,3.603059581320451,0.6105743424584005,26.04669887278583,,1.3083735909822867
201,32.87707997852925,9.581320450885668,10.768921095008052,13.539989264626946,1.8719806763285025,0.040257648953301126,3.3548040794417604,0.6105743424584005,26.04669887278583,,1.3083735909822867
202,32.92404723564144,9.581320450885668,10.768921095008052,13.539989264626946,1.8719806763285025,0.040257648953301126,3.3548040794417604,0.6105743424584005,25.999731615673646,,1.3083735909822867
203,33.19914117015566,9.567901234567902,10.68840579710145,13.519860440150294,1.8451422436929683,0.040257648953301126,3.3548040794417604,0.6105743424584005,25.865539452495973,,1.3083735909822867
204,32.809983896940416,9.333064949006978,10.68840579710145,13.519860440150294,1.8451422436929683,0.040257648953301126,3.589640365002684,0.6105743424584005,26.25469672571122,,1.3083735909822867
205,32.776435856146,9.333064949006978,10.668276972624799,13.318572195383789,1.8451422436929683,0.040257648953301126,3.878153515834675,0.6105743424584005,26.221148684916802,,1.3083735909822867
206,32.98443370907139,9.29951690821256,10.57434245840043,13.258185721953838,1.8451422436929683,0.040257648953301126,3.8714439076757916,0.6105743424584005,26.214439076757916,,1.3016639828234031
207,32.84353193773484,9.27938808373591,10.547504025764896,13.573537305421363,1.8451422436929683,0.040257648953301126,3.8714439076757916,0.6105743424584005,26.08695652173913,,1.3016639828234031
208,33.111916264090176,9.252549651100376,10.46027911969941,13.519860440150294,1.8451422436929683,0.040257648953301126,3.8714439076757916,0.6105743424584005,25.986312399355878,,1.3016639828234031
209,33.19243156199678,9.245840042941492,10.44015029522276,13.499731615673644,1.8384326355340848,0.040257648953301126,3.8580246913580245,0.6105743424584005,25.97289318303811,,1.3016639828234031
210,33.49436392914654,9.219001610305957,10.426731078904991,13.425925925925926,1.8384326355340848,0.040257648953301126,3.8580246913580245,0.6105743424584005,25.785024154589372,,1.3016639828234031
211,33.58829844337091,9.219001610305957,10.399892646269459,13.425925925925926,1.8384326355340848,0.040257648953301126,3.8580246913580245,0.6105743424584005,25.449543746645197,,1.570048309178744
212,33.843263553408484,9.138486312399356,10.399892646269459,13.399087493290391,1.8048845947396672,0.040257648953301126,3.8580246913580245,0.5971551261406334,25.348899624261943,,1.570048309178744
213,33.400429414922165,8.80300590445518,11.916264090177133,13.16425120772947,1.4626945786366077,0.040257648953301126,3.717122920021471,0.5971551261406334,25.328770799785293,,1.570048309178744
214,33.52791196994095,8.796296296296296,11.714975845410628,13.137412775093935,1.710950080515298,0.040257648953301126,3.92512077294686,0.5971551261406334,24.97987117552335,,1.570048309178744
215,33.78958668813741,8.769457863660762,11.500268384326356,13.09044551798175,1.9189479334406871,0.040257648953301126,3.911701556629093,0.5971551261406334,24.818840579710145,,1.5633387010198605
216,31.48148148148148,7.353730542136339,10.641438539989265,13.063607085346217,1.3217928073000538,0.040257648953301126,3.743961352657005,0.5971551261406334,30.193236714975846,,1.5633387010198605
217,28.64331723027375,6.166129898013956,8.702361782071927,11.936392914653783,1.2412775093934514,0.040257648953301126,2.462426194310252,0.5099302200751477,38.801663982823406,,1.4962426194310252
218,29.166666666666668,6.166129898013956,8.702361782071927,11.929683306494901,1.2412775093934514,0.040257648953301126,2.462426194310252,0.5099302200751477,38.28502415458937,,1.4962426194310252
