,45,50,52,55,51,53,54,56,58,57
0,94.80005367686528,5.199946323134729,,,,,,,,
1,53.797638217928075,46.202361782071925,,,,,,,,
2,46.202361782071925,51.81830381105743,1.710950080515298,0.2683843263553409,,,,,,
3,46.282877079978526,51.73778851315083,1.710950080515298,0.2683843263553409,,,,,,
4,46.15539452495974,51.86527106816962,1.710950080515298,0.2683843263553409,,,,,,
5,45.833333333333336,52.18733225979603,1.710950080515298,0.2683843263553409,,,,,,
6,46.02120236178207,51.932367149758456,1.3352120236178207,0.7112184648416533,,,,,,
7,46.22920021470746,51.72436929683307,1.3352120236178207,0.7112184648416533,,,,,,
8,41.458668813741276,31.333870101986044,7.689210950080516,0.5099302200751477,13.47289318303811,3.6902844873859366,1.8451422436929683,,,
9,41.619699409554485,29.441760601180892,6.9310252281266775,3.1065485775630703,13.459473966720344,3.6902844873859366,1.751207729468599,,,
10,40.324745034889965,26.838432635534083,11.211755233494364,3.33467525496511,12.848899624261943,3.6902844873859366,1.751207729468599,,,
11,38.55340848094471,28.475577026301664,14.123725174449811,3.3011272141706924,10.131508319914117,3.6634460547504024,1.751207729468599,,,
12,38.197799248523886,28.918411164787976,14.096886741814279,3.2877079978529253,10.111379495437467,3.6366076221148687,1.751207729468599,,,
13,37.795222758990874,29.126409017713364,14.056629092860977,3.2139023081052067,10.420021470746109,3.6366076221148687,1.751207729468599,,,
14,31.870638754696724,26.623725174449813,13.92914653784219,2.932098765432099,16.27750939345142,6.011808910359635,2.3550724637681157,,,
15,29.904723564143854,28.670155662909288,13.855340848094471,2.932098765432099,16.27079978529254,6.011808910359635,2.3550724637681157,,,
16,26.617015566290927,32.09205582393988,13.761406333870102,2.932098765432099,14.868491680085883,5.978260869565218,3.750670960815888,,,
17,26.596886741814277,31.206387546967257,13.969404186795492,3.099838969404187,14.465915190552872,7.380568974771873,3.280998389694042,,,
18,26.710950080515296,31.186258722490606,13.935856146001074,3.099838969404187,14.465915190552872,7.340311325818572,3.260869565217391,,,
19,25.55018786902845,31.246645195920557,13.459473966720344,3.6500268384326353,15.526033279656469,7.306763285024155,3.260869565217391,,,
20,25.731347289318304,30.92458400429415,13.45276435856146,3.864734299516908,15.458937198067632,7.306763285024155,3.260869565217391,,,
21,25.925925925925927,30.790391841116477,13.439345142243694,3.864734299516908,15.445517981749866,7.306763285024155,3.227321524422974,,,
22,26.34863123993559,30.629361245303276,13.24476650563607,3.8580246913580245,14.13714439076758,7.306763285024155,4.4753086419753085,,,
23,26.04669887278583,29.26731078904992,13.177670424047236,3.844605475040258,15.888352120236178,7.300053676865271,4.4753086419753085,,,
24,26.35534084809447,29.21363392377885,13.077026301663983,3.8311862587224907,15.861513687600644,7.27992485238862,4.38137412775094,,,
25,26.227858293075684,27.2812667740204,13.030059044551798,3.8177670424047236,17.995169082125603,7.266505636070853,4.38137412775094,,,
26,25.91250670960816,27.073268921095007,9.903381642512077,3.8177670424047236,16.015834675254965,7.253086419753086,10.02415458937198,,,
27,26.073537305421365,26.650563607085346,10.044283413848632,3.9519592055823938,15.599838969404187,9.064680622651638,8.61513687600644,,,
28,26.25469672571122,26.570048309178745,10.02415458937198,3.92512077294686,15.45222758990875,9.158615136876007,8.61513687600644,,,
29,19.276704240472355,39.85507246376812,7.447665056360709,6.421095008051529,9.621578099838969,9.131776704240472,8.246108427267847,,,
30,18.96135265700483,38.30515297906602,5.501878690284487,6.078904991948471,9.426999463231347,11.513687600644122,10.21202361782072,,,
31,19.142512077294686,38.16425120772947,5.488459473966721,6.0587761674718195,9.426999463231347,11.513687600644122,10.205314009661835,,,
32,18.417874396135264,33.393719806763286,4.51556629092861,3.683574879227053,24.778582930756844,8.145464304884594,7.065217391304348,,,
33,18.5654857756307,33.13204508856683,4.488727858293076,3.656736446591519,25.02012882447665,8.071658615136876,7.065217391304348,,,
34,18.209876543209877,31.219806763285025,6.951154052603328,3.656736446591519,24.832259796027913,8.064949006977992,7.065217391304348,,,
35,18.451422436929683,31.19296833064949,6.937734836285561,3.656736446591519,24.765163714439076,7.944176060118089,7.051798174986581,,,
36,18.59903381642512,31.146001073537306,6.890767579173376,3.656736446591519,24.758454106280194,7.897208803005904,7.051798174986581,,,
37,18.686258722490606,30.656199677938808,8.360171765968868,3.656736446591519,24.65780998389694,7.541599570585078,6.4412238325281805,,,
38,17.64626945786366,30.441492216854535,9.601449275362318,4.05931293612453,24.27536231884058,7.541599570585078,6.4345142243692965,,,
39,18.02200751476114,30.414653784219002,9.473966720343531,4.019055287171229,24.14117015566291,7.541599570585078,6.387546967257112,,,
40,17.290660225442835,28.858024691358025,11.272141706924316,4.166666666666667,25.79844337090714,7.541599570585078,5.072463768115942,,,
41,17.310789049919485,28.509125067096083,11.211755233494364,4.166666666666667,22.966988727858293,9.702093397745571,6.132581857219538,,,
42,17.820719269994633,28.462157809983896,11.097691894793345,4.166666666666667,21.39694041867955,11.98336017176597,5.072463768115942,,,
43,17.907944176060116,27.70397208803006,13.009930220075148,3.898282340311326,20.46430488459474,12.922705314009661,4.092860976918948,,,
44,18.055555555555557,25.825281803542673,9.856414385399892,5.723295759527644,23.564143853998928,11.862587224906065,5.112721417069243,,,
45,17.76033279656468,25.711218464841654,11.493558776167472,4.891304347826087,23.537305421363392,11.849168008588299,4.757112184648417,,,
46,17.92807300053677,25.107353730542137,11.446591519055287,4.864465915190553,23.49704777241009,12.412775093934513,4.74369296833065,,,
47,18.364197530864196,24.55716586151369,11.41304347826087,4.824208266237251,23.336017176596886,12.406065485775631,5.0993022007514766,,,
48,7.615405260332796,50.254965110037574,12.372517444981213,4.817498658078368,13.848631239935587,7.2933440687063875,3.797638217928073,,,
49,7.75630703166935,50.13419216317767,12.372517444981213,4.817498658078368,13.828502415458937,7.2933440687063875,3.797638217928073,,,
50,5.434782608695652,42.33762748255502,9.742351046698873,3.9184111647879765,27.51610305958132,7.27992485238862,3.770799785292539,,,
51,5.656199677938808,42.2638217928073,9.742351046698873,3.9184111647879765,27.509393451422437,7.27992485238862,3.629898013955985,,,
52,5.984970477724101,42.1833064949007,9.722222222222221,3.911701556629093,27.34836285560923,7.246376811594203,3.603059581320451,,,
53,6.387546967257112,41.95517981749866,9.722222222222221,3.643317230273752,26.84514224369297,7.246376811594203,4.200214707461084,,,
54,6.615673644659152,41.80085882984434,10.534084809447128,3.5426731078904994,26.764626945786365,6.837090713902308,3.9049919484702094,,,
55,6.877348362855609,41.606280193236714,10.534084809447128,3.5426731078904994,26.737788513150832,6.810252281266774,3.8915727321524423,,,
56,7.132313472893183,41.5727321524423,10.487117552334944,3.5426731078904994,26.596886741814277,6.776704240472356,3.8915727321524423,,,
57,7.347020933977456,41.46537842190016,10.473698336017177,3.5426731078904994,26.570048309178745,6.716317767042405,3.8848631239935587,,,
58,7.25979602791197,41.26409017713365,8.662104133118627,3.3548040794417604,28.858024691358025,6.716317767042405,3.8848631239935587,,,
59,7.50805152979066,38.446054750402574,8.635265700483092,3.3145464304884595,28.83118625872249,9.380032206119163,3.8848631239935587,,,
60,6.776704240472356,32.43424584004294,16.23725174449812,3.2206119162640903,28.348094471282877,9.098228663446054,3.8848631239935587,,,
61,6.870638754696726,32.407407407407405,16.203703703703702,3.2206119162640903,28.327965646806227,9.084809447128288,3.8848631239935587,,,
62,7.011540526033279,32.35373054213634,15.311325818572195,3.2206119162640903,28.22061191626409,9.07139023081052,4.810789049919484,,,
63,7.139023081052066,32.35373054213634,15.311325818572195,3.2139023081052067,28.119967793880836,9.05126140633387,4.810789049919484,,,
64,7.353730542136339,32.27992485238862,15.311325818572195,3.2139023081052067,27.87842190016103,9.05126140633387,4.790660225442834,0.12077294685990338,,
65,7.608695652173913,32.19269994632314,14.915458937198068,2.9723564143853998,27.026301663982824,9.614868491680086,5.018786902844874,0.6508319914117016,,
66,7.843531937734836,32.1658615136876,14.915458937198068,2.952227589908749,26.838432635534083,9.614868491680086,5.018786902844874,0.6508319914117016,,
67,8.017981749865807,32.15915190552872,14.794685990338165,2.952227589908749,26.798174986580783,9.614868491680086,5.01207729468599,0.6508319914117016,,
68,8.071658615136876,32.11218464841653,13.969404186795492,2.952227589908749,26.52308105206656,10.104669887278583,5.01207729468599,1.2546967257112185,,
69,8.467525496511003,31.99141170155663,13.969404186795492,2.952227589908749,26.288244766505635,10.071121846484166,5.005367686527107,1.2546967257112185,,
70,8.581588835212024,31.910896403650028,14.922168545356952,3.099838969404187,26.073537305421365,10.071121846484166,4.086151368760064,1.2546967257112185,,
71,8.440687063875469,31.85721953837896,16.982018250134193,3.388352120236178,22.69189479334407,11.29898013955985,4.086151368760064,1.2546967257112185,,
72,7.011540526033279,41.18357487922705,14.49946323134729,2.5697799248523885,22.61808910359635,9.386741814278047,2.187332259796028,0.5434782608695652,,
73,6.971282877079979,41.0829307568438,15.210681696188942,2.5697799248523885,21.544551798174986,8.635265700483092,3.4420289855072466,0.5434782608695652,,
74,7.085346215780999,41.02925389157273,15.210681696188942,2.5697799248523885,21.511003757380568,8.635265700483092,3.4151905528717124,0.5434782608695652,,
75,7.199409554482019,40.727321524422976,15.170424047235642,2.717391304347826,21.484165324745035,8.460815888352121,3.69699409554482,0.5434782608695652,,
76,7.62211486849168,39.88862050456253,16.25738056897477,3.240740740740741,21.484165324745035,7.266505636070853,3.69699409554482,0.5434782608695652,,
77,6.998121309715513,36.03730542136339,14.908749329039184,4.233762748255502,26.88539989264627,7.226247987117552,3.166935050993022,0.5434782608695652,,
78,6.3137412775093935,25.751476113794954,14.298174986580785,2.844873859366613,42.961621041331185,5.810520665593129,2.01959205582394,,,
79,6.286902844873859,24.88593666129898,14.130434782608695,2.844873859366613,42.80059044551798,7.03166935050993,2.01959205582394,,,
80,6.5552871712292005,24.818840579710145,14.06333870101986,2.844873859366613,42.66639828234031,7.03166935050993,2.01959205582394,,,
81,6.66935050993022,24.610842726784757,14.06333870101986,4.139828234031133,41.76731078904992,6.729736983360172,2.01959205582394,,,
82,6.474771873322598,23.49033816425121,15.485775630703166,3.7238325281803544,41.37144390767579,7.434245840042942,2.01959205582394,,,
83,6.6827697262479875,21.24932903918411,15.485775630703166,3.5762211486849167,34.88325281803543,8.017981749865807,10.104669887278583,,,
84,6.830381105743425,20.33011272141707,13.774825550187868,4.542404723564144,34.82957595276436,9.688674181427805,10.00402576489533,,,
85,5.904455179817498,19.753086419753085,11.480139559849706,4.260601180891036,39.46591519055287,8.742619431025227,9.96376811594203,0.4294149221685454,,
86,6.3070316693505095,19.73966720343532,11.446591519055287,4.079441760601181,39.371980676328505,8.695652173913043,9.930220075147611,0.4294149221685454,,
87,6.400966183574879,19.135802469135804,11.426462694578637,4.750402576489533,39.2512077294686,8.695652173913043,9.91009125067096,0.4294149221685454,,
88,6.5485775630703165,19.07541599570585,11.41304347826087,4.750402576489533,39.21765968867418,8.655394524959743,9.91009125067096,0.4294149221685454,,
89,6.756575415995706,18.71309715512614,11.392914653784219,5.032206119162641,39.12372517444981,8.641975308641975,9.91009125067096,0.4294149221685454,,
90,7.078636607622115,18.61916264090177,13.345410628019323,5.032206119162641,37.1309715512614,8.527911969940956,9.836285560923242,0.4294149221685454,,
91,7.199409554482019,17.290660225442835,13.130703166935051,3.7573805689747717,37.003488996242616,11.426462694578637,9.762479871175524,0.4294149221685454,,
92,7.628824476650563,17.28395061728395,13.117283950617283,3.750670960815888,36.943102522812666,11.104401502952227,9.742351046698873,0.4294149221685454,,
93,7.971014492753623,17.216854535695116,13.097155126140633,3.6902844873859366,36.822329575952764,11.077563070316694,9.574610842726784,0.4294149221685454,0.12077294685990338,
94,8.440687063875469,17.022275899087493,13.070316693505099,3.6902844873859366,36.64117015566291,11.010466988727858,9.574610842726784,0.4294149221685454,0.12077294685990338,
95,8.628556092324208,17.022275899087493,13.01663982823403,3.6768652710681695,36.580783682232955,11.003757380568974,9.520933977455716,0.4294149221685454,0.12077294685990338,
96,8.883521202361782,16.988727858293075,15.74074074074074,3.6231884057971016,36.39291465378422,10.963499731615673,6.977992485238862,0.4294149221685454,,
97,9.03113258185722,16.968599033816425,15.693773483628556,3.6231884057971016,36.32581857219538,10.950080515297907,6.977992485238862,0.4294149221685454,,
98,9.292807300053678,16.948470209339774,15.666935050993022,3.6231884057971016,36.171497584541065,10.950080515297907,6.91760601180891,0.4294149221685454,,
99,9.46725711218465,16.941760601180892,15.324745034889963,3.5829307568438002,36.090982286634464,10.950080515297907,6.843800322061192,0.798443370907139,,
100,9.64170692431562,16.935050993022006,15.324745034889963,3.5829307568438002,35.99704777241009,10.903113258185721,6.816961889425658,0.798443370907139,,
101,9.54777241009125,16.74718196457327,15.203972088030058,3.8043478260869565,34.29951690821256,10.748792270531402,8.849973161567364,0.798443370907139,,
102,9.574610842726784,16.458668813741276,16.09634997316157,3.8043478260869565,34.225711218464845,10.19189479334407,8.849973161567364,0.798443370907139,,
103,9.561191626409018,16.451959205582394,15.559581320450885,4.5960815888352125,33.863392377885134,10.050993022007514,8.970746108427267,0.9460547504025765,,
104,9.762479871175524,16.445249597423512,15.519323671497585,4.5893719806763285,33.8365539452496,10.050993022007514,8.849973161567364,0.9460547504025765,,
105,9.936929683306495,15.881642512077295,15.49248523886205,4.5893719806763285,33.762748255501876,10.540794417606012,8.849973161567364,0.9460547504025765,,
106,10.299248523886206,15.801127214170693,15.371712292002147,4.388083735909823,33.58829844337091,10.466988727858293,9.138486312399356,0.9460547504025765,,
107,10.983628556092324,15.58641975308642,15.277777777777779,4.388083735909823,33.293075684380035,10.433440687063875,9.091519055287172,0.9460547504025765,,
108,11.117820719269995,15.45222758990875,15.277777777777779,4.361245303274289,32.749597423510465,10.111379495437467,9.520933977455716,1.4090177133655395,,
109,11.218464841653248,15.042941492216855,15.277777777777779,4.703435319377348,32.71604938271605,10.111379495437467,9.520933977455716,1.4090177133655395,,
110,11.426462694578637,14.989264626945786,14.687332259796028,4.468599033816425,32.387278582930755,11.11111111111111,9.520933977455716,1.4090177133655395,,
111,11.131239935587761,12.983091787439614,18.61916264090177,3.9184111647879765,32.23966720343532,10.205314009661835,9.494095544820183,1.4090177133655395,,
112,11.292270531400966,12.983091787439614,18.605743424584006,3.9184111647879765,32.17257112184648,10.178475577026301,9.440418679549115,1.4090177133655395,,
113,11.600912506709609,12.969672571121846,18.391035963499732,6.199677938808374,30.099302200751477,10.077831454643048,9.252549651100376,1.4090177133655395,,
114,11.782071926999464,12.962962962962964,18.364197530864196,6.199677938808374,30.01207729468599,10.077831454643048,9.192163177670425,1.4090177133655395,,
115,11.829039184111648,12.607353730542137,18.344068706387546,6.199677938808374,29.978529253891573,10.809178743961352,8.82313472893183,1.4090177133655395,,
116,12.084004294149223,12.573805689747719,18.169618894256576,6.1862587224906065,29.95169082125604,10.809178743961352,8.816425120772946,1.4090177133655395,,
117,12.31213097155126,12.419484702093397,18.02871712292002,6.125872249060655,28.864734299516908,10.909822866344605,8.662104133118627,2.677133655394525,,
118,12.634192163177671,12.419484702093397,17.921363392377884,6.125872249060655,28.75738056897477,10.876274825550189,8.601717659688674,2.6637144390767578,,
119,12.775093934514224,12.412775093934513,17.881105743424584,6.085614600107354,28.743961352657006,11.513687600644122,8.548040794417606,2.0397208803005906,,
120,13.043478260869565,12.385936661298981,17.834138486312398,6.085614600107354,28.61647879763822,11.486849168008588,8.507783145464305,2.0397208803005906,,
121,12.781803542673108,11.869296833064949,17.518786902844873,6.085614600107354,27.91867954911433,13.157541599570585,8.501073537305421,2.167203435319377,,
122,12.352388620504563,11.829039184111648,20.26972624798712,5.984970477724101,26.54320987654321,13.157541599570585,7.716049382716049,2.147074610842727,,
123,12.573805689747719,11.728395061728396,20.169082125603865,6.964573268921095,26.03327965646806,13.130703166935051,7.253086419753086,2.147074610842727,,
124,13.358829844337091,11.694847020933977,19.639023081052066,6.9243156199677935,25.95276435856146,13.097155126140633,7.192699946323135,2.1403650026838434,,
125,13.714439076757918,11.580783682232958,19.618894256575416,6.904186795491143,25.764895330112722,13.097155126140633,7.179280730005368,2.1403650026838434,,
126,14.04320987654321,10.990338164251208,19.296833064949006,7.803274288781535,25.53676865271068,13.030059044551798,7.159151905528717,2.1403650026838434,,
127,14.237788513150832,10.990338164251208,19.28341384863124,7.803274288781535,25.47638217928073,12.949543746645196,7.152442297369833,2.1068169618894257,,
128,14.445786366076222,10.923242082662373,19.276704240472355,7.7831454643048845,25.37573805689748,12.949543746645196,7.139023081052066,2.1068169618894257,,
129,14.51959205582394,10.909822866344605,19.249865807836823,7.7831454643048845,25.355609232420825,12.93612453032743,7.139023081052066,2.1068169618894257,,
130,14.74771873322598,10.86285560923242,19.16935050993022,7.763016639828234,25.207997852925388,12.694578636607622,7.447665056360709,2.1068169618894257,,
131,14.895330112721417,10.856146001073537,19.122383252818036,7.595276435856146,24.993290391841118,13.056897477187333,7.37385936661299,2.1068169618894257,,
132,14.97584541062802,10.856146001073537,17.881105743424584,7.5281803542673105,24.94632313472893,13.050187869028449,7.37385936661299,3.388352120236178,,
133,15.136876006441224,10.836017176596886,17.867686527106816,7.514761137949543,24.93961352657005,13.003220611916264,7.340311325818572,3.361513687600644,,
134,15.385131508319914,10.836017176596886,17.773752012882447,7.514761137949543,24.89935587761675,12.915995705850777,7.313472893183038,3.361513687600644,,
135,15.479066022544284,10.82259796027912,17.746913580246915,7.514761137949543,24.872517444981213,12.895866881374127,7.313472893183038,3.3548040794417604,,
136,15.485775630703166,10.82259796027912,17.559044551798173,7.494632313472893,24.537037037037038,12.875738056897477,7.87037037037037,3.3548040794417604,,
137,15.780998389694043,10.768921095008052,17.458400429414922,7.4006977992485234,24.510198604401502,12.869028448738593,7.87037037037037,3.3413848631239937,,
138,15.982286634460548,10.721953837895867,17.404723564143854,7.360440150295223,24.4699409554482,12.86231884057971,7.87037037037037,3.3279656468062266,,
139,16.10305958132045,10.721953837895867,17.337627482555018,7.360440150295223,24.436392914653783,12.842190016103059,7.87037037037037,3.3279656468062266,,
140,16.337895866881375,10.721953837895867,17.337627482555018,7.347020933977456,24.214975845410628,12.842190016103059,7.87037037037037,3.3279656468062266,,
141,16.478797638217927,10.681696188942565,17.3040794417606,7.347020933977456,24.188137412775095,12.842190016103059,7.843531937734836,3.3145464304884595,,
142,16.6129898013956,10.681696188942565,18.115942028985508,7.347020933977456,24.134460547504027,12.238325281803542,8.360171765968868,2.509393451422437,,
143,16.344605475040257,10.59447128287708,21.007783145464305,7.347020933977456,22.000805152979066,12.130971551261407,8.3467525496511,2.227589908749329,,
144,16.472088030059044,10.57434245840043,20.994363929146537,7.347020933977456,21.83977455716586,12.090713902308105,8.185721953837897,2.227589908749329,,0.2683843263553409
145,15.707192699946322,10.352925389157273,20.45088566827697,7.541599570585078,22.034353193773484,11.882716049382717,8.514492753623188,3.2474503488996245,,0.2683843263553409
146,15.70048309178744,10.265700483091788,20.263016639828233,7.541599570585078,21.846484165324746,12.385936661298981,8.514492753623188,3.2139023081052067,,0.2683843263553409
147,15.76086956521739,10.225442834138486,20.209339774557165,7.541599570585078,21.531132581857218,12.352388620504563,8.514492753623188,3.5963499731615673,,0.2683843263553409
148,15.666935050993022,10.19189479334407,22.490606548577563,7.199409554482019,20.511272141706925,11.822329575952764,8.252818035426731,3.5963499731615673,,0.2683843263553409
149,15.666935050993022,10.11808910359635,22.61808910359635,7.132313472893183,20.263016639828233,11.963231347289318,8.373590982286634,3.5963499731615673,,0.2683843263553409
150,15.787707997852925,10.071121846484166,22.758990874932906,6.1929683306494905,19.79334406870639,13.439345142243694,8.32662372517445,3.361513687600644,,0.2683843263553409
151,15.539452495974235,10.00402576489533,22.63150831991412,6.320450885668277,19.558507783145465,14.110305958132045,8.313204508856682,3.2541599570585076,,0.2683843263553409
152,15.573000536768653,9.990606548577563,22.342995169082126,6.4345142243692965,19.49812130971551,14.325013419216317,8.313204508856682,3.2541599570585076,,0.2683843263553409
153,15.955448201825014,9.96376811594203,22.21551261406334,6.4345142243692965,19.41760601180891,14.231078904991948,8.313204508856682,3.2004830917874396,,0.2683843263553409
154,16.163446054750402,9.856414385399892,22.18196457326892,6.427804616210413,19.363929146537842,14.224369296833064,8.313204508856682,3.2004830917874396,,0.2683843263553409
155,16.09634997316157,9.856414385399892,22.15512614063339,6.233225979602791,18.820450885668276,15.411969940955448,7.957595276435856,3.2004830917874396,,0.2683843263553409
156,16.31105743424584,9.836285560923242,22.074610842726784,6.166129898013956,18.793612453032743,15.391841116478798,7.957595276435856,3.2004830917874396,,0.2683843263553409
157,16.337895866881375,9.829575952764358,22.074610842726784,6.166129898013956,18.78690284487386,15.391841116478798,7.957595276435856,3.2004830917874396,,0.2549651100375738
158,16.0829307568438,9.380032206119163,22.067901234567902,6.146001073537305,20.605206655931294,14.398819108964037,7.877079978529254,3.1870638754696725,,0.2549651100375738
159,16.14331723027375,9.380032206119163,22.0276435856146,6.139291465378422,20.591787439613526,14.398819108964037,7.877079978529254,3.1870638754696725,,0.2549651100375738
160,16.418411164787976,9.373322597960279,21.960547504025765,6.139291465378422,20.43075684380032,14.358561460010735,7.877079978529254,3.1870638754696725,,0.2549651100375738
161,16.6129898013956,9.265968867418144,21.940418679549115,6.119162640901771,20.417337627482556,14.325013419216317,7.877079978529254,3.1870638754696725,,0.2549651100375738
162,16.97530864197531,9.219001610305957,21.83977455716586,6.072195383789587,20.343531937734838,14.304884594739667,7.803274288781535,3.1870638754696725,,0.2549651100375738
163,17.19001610305958,9.185453569511541,21.833064949006978,5.971551261406334,20.336822329575952,14.278046162104133,7.7898550724637685,3.1602254428341383,,0.2549651100375738
164,17.68652710681696,9.185453569511541,21.611647879763822,5.958132045088567,20.283145464304884,14.210950080515298,7.6623725174449815,3.1602254428341383,,0.24154589371980675
165,17.807300053676865,9.185453569511541,21.591519055287172,5.857487922705314,20.283145464304884,14.210950080515298,7.6623725174449815,3.1602254428341383,,0.24154589371980675
166,18.156199677938808,9.185453569511541,21.423778851315085,5.810520665593129,20.222758990874933,14.184111647879764,7.635534084809447,3.140096618357488,,0.24154589371980675
167,18.38432635534085,9.131776704240472,21.38352120236178,5.783682232957595,20.182501341921633,14.15727321524423,7.601986044015029,3.1333870101986045,,0.24154589371980675
168,18.431293612453032,9.098228663446054,20.021470746108427,5.656199677938808,21.960547504025765,14.009661835748792,7.474503488996243,3.1065485775630703,,0.24154589371980675
169,18.585614600107355,9.017713365539452,20.021470746108427,5.629361245303274,21.947128287707997,13.976113794954374,7.474503488996243,3.1065485775630703,,0.24154589371980675
170,19.04186795491143,9.017713365539452,19.81347289318304,5.629361245303274,21.83977455716586,13.969404186795492,7.340311325818572,3.1065485775630703,,0.24154589371980675
171,19.02173913043478,9.017713365539452,20.30998389694042,5.629361245303274,21.571390230810522,13.90901771336554,7.199409554482019,3.099838969404187,,0.24154589371980675
172,19.0955448201825,9.004294149221685,20.25630703166935,5.622651637144391,21.571390230810522,13.90901771336554,7.199409554482019,3.099838969404187,,0.24154589371980675
173,19.73966720343532,8.977455716586151,19.665861513687602,5.622651637144391,21.544551798174986,13.90901771336554,7.199409554482019,3.099838969404187,,0.24154589371980675
174,19.880568974771872,8.930488459473967,19.585346215780998,5.797101449275362,21.511003757380568,13.862050456253355,7.092055823939882,3.099838969404187,,0.24154589371980675
175,20.095276435856146,8.910359634997317,19.585346215780998,5.783682232957595,21.370101986044016,13.855340848094471,7.058507783145465,3.099838969404187,,0.24154589371980675
176,20.148953301127214,8.896940418679549,19.484702093397747,6.011808910359635,21.22249060654858,13.848631239935587,7.051798174986581,3.0931293612453032,,0.24154589371980675
177,20.343531937734838,8.896940418679549,19.370638754696724,6.011808910359635,21.202361782071925,13.81508319914117,7.0383789586688135,3.079710144927536,,0.24154589371980675
178,20.497852925389157,8.80300590445518,19.350509930220074,6.011808910359635,21.175523349436393,13.801663982823403,7.0383789586688135,3.079710144927536,,0.24154589371980675
179,19.806763285024154,6.790123456790123,18.209876543209877,6.005099302200751,23.61111111111111,12.211486849168008,10.044283413848632,3.079710144927536,,0.24154589371980675
180,19.45115405260333,6.756575415995706,21.906870638754697,5.60252281266774,21.75925925925926,11.41304347826087,9.796027911969942,3.0730005367686526,,0.24154589371980675
181,19.484702093397747,6.756575415995706,21.906870638754697,5.589103596349974,21.75925925925926,11.392914653784219,9.796027911969942,3.0730005367686526,,0.24154589371980675
182,19.592055823939884,6.756575415995706,21.826355340848096,5.5756843800322065,21.4573268921095,11.3191089640365,10.158346752549651,3.0730005367686526,,0.24154589371980675
183,19.384057971014492,6.635802469135802,21.74584004294149,5.032206119162641,20.779656468062264,12.714707461084272,10.393183038110575,3.0730005367686526,,0.24154589371980675
184,18.646001073537306,6.380837359098229,23.832528180354267,4.790660225442834,20.585077831454644,12.714707461084272,9.970477724100913,3.0730005367686526,,0.0067096081588835215
185,18.317230273752013,6.360708534621578,25.489801395598498,4.616210413311863,19.93424584004294,12.110842726784755,10.091250670960816,3.0730005367686526,,0.0067096081588835215
186,18.699677938808374,6.360708534621578,25.241545893719806,4.616210413311863,19.87385936661299,12.037037037037036,10.091250670960816,3.0730005367686526,,0.0067096081588835215
187,18.90096618357488,6.360708534621578,25.107353730542137,4.616210413311863,19.82018250134192,12.037037037037036,10.077831454643048,3.0730005367686526,,0.0067096081588835215
188,19.102254428341386,6.360708534621578,25.09393451422437,4.616210413311863,19.753086419753085,11.922973698336017,10.071121846484166,3.0730005367686526,,0.0067096081588835215
189,19.43773483628556,6.360708534621578,25.033548040794418,4.5893719806763285,19.558507783145465,11.889425657541599,10.050993022007514,3.0730005367686526,,0.0067096081588835215
190,19.598765432098766,6.360708534621578,24.966451959205582,4.5893719806763285,19.504830917874397,11.869296833064949,10.030864197530864,3.0730005367686526,,0.0067096081588835215
191,19.732957595276435,6.347289318303811,24.953032742887814,4.736983360171766,19.26328502415459,11.855877616747183,10.030864197530864,3.0730005367686526,,0.0067096081588835215
192,20.055018786902846,6.280193236714976,24.812130971551262,4.723564143853999,19.26328502415459,11.75523349436393,10.030864197530864,3.0730005367686526,,0.0067096081588835215
193,20.101986044015028,6.1862587224906065,24.758454106280194,4.723564143853999,19.26328502415459,11.674718196457327,10.21202361782072,3.0730005367686526,,0.0067096081588835215
194,20.77294685990338,6.119162640901771,24.65780998389694,4.703435319377348,18.947933440687063,11.54723564143854,10.171765968867419,3.0730005367686526,,0.0067096081588835215
195,20.947396672034355,6.105743424584004,24.651100375738057,4.703435319377348,18.9345142243693,11.480139559849706,10.0979602791197,3.0730005367686526,,0.0067096081588835215
196,20.974235104669887,6.105743424584004,24.570585077831456,4.8376274825550185,18.867418142780462,11.480139559849706,10.084541062801932,3.0730005367686526,,0.0067096081588835215
197,21.38352120236178,6.092324208266238,24.308910359634996,4.797369833601718,18.733225979602793,11.399624261943103,10.205314009661835,3.0730005367686526,,0.0067096081588835215
198,21.772678475577028,6.0587761674718195,24.033816425120772,5.253623188405797,18.686258722490606,11.3191089640365,9.802737520128824,3.0730005367686526,,
199,21.866612989801396,6.052066559312936,24.00697799248524,5.253623188405797,18.666129898013956,11.2788513150832,9.802737520128824,3.0730005367686526,,
200,22.067901234567902,6.038647342995169,24.060654857756308,5.186527106816962,18.531937734836287,11.2788513150832,9.762479871175524,3.0730005367686526,,
201,22.014224369296834,6.038647342995169,23.96672034353194,5.434782608695652,18.511808910359633,11.198336017176597,9.762479871175524,3.0730005367686526,,
202,22.289318303811058,5.9447128287707995,23.872785829307567,5.434782608695652,18.263553408480945,11.178207192699947,9.749060654857756,3.2675791733762747,,
203,22.423510466988727,5.931293612453032,23.845947396672035,5.401234567901234,18.223295759527645,11.158078368223295,9.749060654857756,3.2675791733762747,,
204,22.436929683306495,5.931293612453032,23.845947396672035,5.401234567901234,18.209876543209877,11.158078368223295,9.749060654857756,3.2675791733762747,,
205,22.611379495437465,5.904455179817498,23.825818572195384,5.394524959742351,18.12265163714439,11.158078368223295,9.749060654857756,3.2340311325818574,,
206,22.67176596886742,5.891035963499732,23.805689747718734,5.501878690284487,18.095813204508858,11.144659151905529,9.655126140633387,3.2340311325818574,,
207,22.805958132045088,5.891035963499732,23.765432098765434,5.501878690284487,18.08239398819109,11.097691894793345,9.621578099838969,3.2340311325818574,,
208,23.07434245840043,5.891035963499732,23.66478797638218,5.501878690284487,18.00187869028449,11.097691894793345,9.534353193773484,3.2340311325818574,,
209,23.121309715512613,5.891035963499732,23.61111111111111,5.501878690284487,18.00187869028449,10.95679012345679,9.681964573268921,3.2340311325818574,,
210,23.26892109500805,5.891035963499732,23.557434245840042,5.501878690284487,17.941492216854535,10.93666129898014,9.681964573268921,3.2206119162640903,,
211,23.597691894793343,5.891035963499732,23.396403650026837,5.501878690284487,17.8743961352657,10.86285560923242,9.681964573268921,3.193773483628556,,
212,23.832528180354267,5.891035963499732,22.852925389157274,5.414653784219001,17.840848094471284,10.82259796027912,10.151637144390767,3.193773483628556,,
213,24.00697799248524,5.8172302737520125,22.799248523886206,5.414653784219001,17.820719269994633,10.795759527643586,10.151637144390767,3.193773483628556,,
214,23.19511540526033,5.709876543209877,22.758990874932906,5.213365539452496,16.71363392377885,13.20450885668277,10.084541062801932,3.1199677938808374,,
215,23.356146001073537,5.709876543209877,22.67176596886742,5.193236714975845,16.71363392377885,13.170960815888352,10.064412238325282,3.1199677938808374,,
216,23.49033816425121,5.683038110574342,22.571121846484164,5.186527106816962,16.639828234031132,13.647342995169081,9.782608695652174,2.999194847020934,,
217,23.53059581320451,5.683038110574342,22.544283413848632,5.186527106816962,16.626409017713364,13.647342995169081,9.782608695652174,2.999194847020934,,
218,23.785560923242084,5.683038110574342,22.477187332259795,5.166398282340311,16.59957058507783,13.620504562533547,9.762479871175524,2.9052603327965647,,
219,24.12104133118626,5.662909286097692,22.22222222222222,5.152979066022544,16.57944176060118,13.593666129898015,9.762479871175524,2.9052603327965647,,
220,24.12104133118626,5.656199677938808,22.000805152979066,5.381105743424584,16.57944176060118,13.593666129898015,9.762479871175524,2.9052603327965647,,
221,23.97342995169082,5.656199677938808,22.5979602791197,5.246913580246914,16.27750939345142,13.593666129898015,9.749060654857756,2.9052603327965647,,
222,24.214975845410628,5.642780461621041,22.550993022007514,4.884594739667204,16.13660762211487,14.036500268384327,9.628287707997853,2.9052603327965647,,
223,24.295491143317232,5.60252281266774,22.550993022007514,4.884594739667204,16.109769189479334,14.036500268384327,9.628287707997853,2.8918411164787976,,
224,24.013687600644122,5.159688674181428,22.530864197530864,5.844068706387547,16.015834675254965,13.955984970477724,9.588030059044552,2.8918411164787976,,
225,24.228395061728396,5.092592592592593,22.403381642512077,5.790391841116479,16.015834675254965,14.06333870101986,9.514224369296834,2.8918411164787976,,
226,24.322329575952764,5.092592592592593,22.32957595276436,5.790391841116479,16.002415458937197,14.056629092860977,9.514224369296834,2.8918411164787976,,
227,24.48336017176597,5.092592592592593,22.25577026301664,5.790391841116479,15.995705850778315,14.056629092860977,9.433709071390231,2.8918411164787976,,
228,24.698067632850243,5.092592592592593,22.22222222222222,5.736714975845411,15.94873859366613,13.982823403113258,9.426999463231347,2.8918411164787976,,
229,24.92619431025228,5.045625335480408,22.665056360708533,5.736714975845411,15.666935050993022,13.922436929683306,9.145195920558239,2.8918411164787976,,
230,25.05367686527107,5.045625335480408,22.65834675254965,5.6964573268921095,15.60654857756307,13.90901771336554,9.138486312399356,2.8918411164787976,,
231,25.194578636607623,4.998658078368224,22.638217928073,5.6964573268921095,15.573000536768653,13.868760064412239,9.138486312399356,2.8918411164787976,,
232,25.36231884057971,4.998658078368224,22.537573805689746,5.6964573268921095,15.539452495974235,13.868760064412239,9.104938271604938,2.8918411164787976,,
233,25.328770799785293,4.998658078368224,22.25577026301664,5.6964573268921095,15.53274288781535,14.284755770263017,9.037842190016104,2.8650026838432634,,
234,25.36231884057971,4.99194847020934,22.24235104669887,5.6964573268921095,15.53274288781535,14.284755770263017,9.037842190016104,2.8515834675254963,,
235,25.717928073000536,4.978529253891573,22.148416532474503,5.622651637144391,15.505904455179817,14.190821256038648,9.037842190016104,2.7979066022544283,,
236,25.717928073000536,4.978529253891573,22.114868491680085,5.622651637144391,15.411969940955448,14.17740203972088,9.494095544820183,2.4825550187869028,,
237,25.758185721953836,4.978529253891573,22.10144927536232,5.622651637144391,15.391841116478798,14.17740203972088,9.4873859366613,2.4825550187869028,,
238,25.85212023617821,4.978529253891573,22.463768115942027,5.622651637144391,15.257648953301127,14.15727321524423,9.078099838969404,2.589908749329039,,
239,25.925925925925927,4.978529253891573,22.457058507783145,5.609232420826624,15.22410091250671,14.150563607085346,9.078099838969404,2.576489533011272,,
240,26.080246913580247,4.9718196457326895,22.383252818035427,5.595813204508857,15.22410091250671,14.123725174449811,9.044551798174986,2.576489533011272,,
241,26.227858293075684,4.9718196457326895,22.27589908749329,5.555555555555555,15.170424047235642,14.090177133655395,9.16532474503489,2.5429414922168547,,
242,26.268115942028984,4.696725711218465,22.550993022007514,5.448201825013419,14.915458937198068,14.090177133655395,9.4873859366613,2.5429414922168547,,
243,26.321792807300053,4.683306494900698,22.530864197530864,5.448201825013419,14.915458937198068,14.090177133655395,9.46725711218465,2.5429414922168547,,
244,26.46940418679549,4.683306494900698,22.52415458937198,5.421363392377885,14.895330112721417,14.009661835748792,9.453837895866881,2.5429414922168547,,
245,26.227858293075684,4.676596886741814,21.846484165324746,5.300590445517981,14.78797638217928,15.170424047235642,9.447128287707997,2.5429414922168547,,
246,26.29495437466452,4.676596886741814,21.846484165324746,5.300590445517981,14.734299516908212,15.157004830917874,9.447128287707997,2.5429414922168547,,
247,26.48953301127214,4.602791196994096,21.81964573268921,5.300590445517981,14.734299516908212,15.069779924852389,9.440418679549115,2.5429414922168547,,
248,26.684111647879764,4.5893719806763285,21.71900161030596,5.407944176060118,14.687332259796028,15.002683843263553,9.366612989801396,2.5429414922168547,,
249,26.84514224369297,4.5893719806763285,21.69887278582931,5.374396135265701,14.65378421900161,14.969135802469136,9.359903381642512,2.509393451422437,,
250,27.13365539452496,4.582662372517445,21.611647879763822,5.374396135265701,14.51959205582394,14.915458937198068,9.353193773483628,2.509393451422437,,
251,27.30139559849705,4.582662372517445,21.557971014492754,5.314009661835748,14.49946323134729,14.915458937198068,9.31964573268921,2.509393451422437,,
252,27.408749329039185,4.582662372517445,21.511003757380568,5.314009661835748,14.459205582393988,14.908749329039184,9.306226516371444,2.509393451422437,,
253,27.435587761674718,4.582662372517445,21.504294149221685,5.314009661835748,14.459205582393988,14.888620504562533,9.306226516371444,2.509393451422437,,
254,27.65029522275899,4.542404723564144,21.477455716586153,5.314009661835748,14.418947933440688,14.814814814814815,9.272678475577026,2.509393451422437,,
255,27.730810520665592,4.51556629092861,21.095008051529792,5.314009661835748,14.318303811057435,14.80810520665593,9.708803005904455,2.509393451422437,,
256,27.905260332796566,4.51556629092861,21.081588835212024,5.314009661835748,14.278046162104133,14.74771873322598,9.648416532474503,2.509393451422437,,
257,27.979066022544284,4.51556629092861,21.014492753623188,5.314009661835748,14.251207729468598,15.177133655394526,9.23913043478261,2.509393451422437,,
258,28.18035426731079,4.508856682769726,20.974235104669887,5.287171229200215,14.163982823403114,15.170424047235642,9.225711218464841,2.4892646269457863,,
259,27.932098765432098,4.468599033816425,22.12157809983897,5.173107890499195,13.902308105206655,14.741009125067096,9.353193773483628,2.3081052066559313,,
260,27.938808373590984,4.441760601180891,21.85319377348363,5.173107890499195,13.902308105206655,15.029522275899087,9.353193773483628,2.3081052066559313,,
261,28.14009661835749,4.435050993022007,21.752549651100377,5.173107890499195,13.895598497047773,14.989264626945786,9.312936124530328,2.301395598497048,,
262,27.999194847020934,4.233762748255502,21.846484165324746,5.5756843800322065,13.882179280730005,14.97584541062802,9.212292002147075,2.2745571658615136,,
263,28.119967793880836,4.233762748255502,21.76596886741814,5.709876543209877,13.862050456253355,14.841653247450349,9.212292002147075,2.254428341384863,,
264,28.26086956521739,4.233762748255502,21.752549651100377,5.709876543209877,13.862050456253355,14.74771873322598,9.192163177670425,2.2410091250670963,,
