,45,50,53,55,58,51,54,56,46,57,52,59,61,60,62
0,99.20155662909286,0.798443370907139,,,,,,,,,,,,,
1,96.63848631239935,3.361513687600644,,,,,,,,,,,,,
2,90.16371443907676,9.836285560923242,,,,,,,,,,,,,
3,88.35212023617821,11.647879763821793,,,,,,,,,,,,,
4,84.22571121846484,15.747450348899624,0.026838432635534086,,,,,,,,,,,,
5,30.52200751476114,69.29683306494901,,0.18115942028985507,,,,,,,,,,,
6,30.50187869028449,57.19269994632314,9.292807300053678,2.985775630703167,0.026838432635534086,,,,,,,,,,
7,28.12667740203972,55.61594202898551,9.265968867418144,3.1333870101986045,0.026838432635534086,3.8311862587224907,,,,,,,,,
8,23.101180891035963,62.62748255501879,9.27938808373591,3.1602254428341383,0.026838432635534086,1.7042404723564144,0.07380568974771873,0.026838432635534086,,,,,,,
9,18.733225979602793,53.33467525496511,8.548040794417606,3.2675791733762747,0.3488996242619431,14.13714439076758,1.596886741814278,0.026838432635534086,0.0067096081588835215,,,,,,
10,11.178207192699947,59.84299516908212,8.501073537305421,3.3011272141706924,0.3488996242619431,14.056629092860977,2.737520128824477,0.026838432635534086,0.0067096081588835215,,,,,,
11,9.212292002147075,57.48792270531401,6.622383252818035,3.4822866344605474,0.36902844873859364,17.49194847020934,4.911433172302737,0.1274825550187869,0.0067096081588835215,0.2885131508319914,,,,,
12,8.024691358024691,49.5101986044015,5.6964573268921095,3.4420289855072466,0.36902844873859364,30.038915727321523,2.522812667740204,0.10064412238325282,0.0067096081588835215,0.2885131508319914,,,,,
13,5.9514224369296835,19.370638754696724,1.6103059581320451,0.5099302200751477,0.05367686527106817,56.21309715512614,0.07380568974771873,0.3757380568974772,,0.5636070853462157,15.277777777777779,,,,
14,6.085614600107354,18.820450885668276,1.6103059581320451,1.0131508319914118,0.05367686527106817,56.005099302200755,0.07380568974771873,0.5032206119162641,,0.6843800322061192,15.150295222758992,,,,
15,6.199677938808374,18.760064412238325,3.743961352657005,1.0601180891035964,0.05367686527106817,53.743961352657,0.07380568974771873,0.5770263016639828,,0.8319914117015567,14.955716586151368,,,,
16,6.011808910359635,16.59286097691895,4.810789049919484,1.0399892646269457,0.026838432635534086,49.543746645195924,2.120236178207193,2.7979066022544283,,0.8319914117015567,16.223832528180353,,,,
17,6.099033816425121,16.525764895330113,2.462426194310252,1.06682769726248,0.026838432635534086,53.636607622114866,0.5233494363929146,2.7308105206655933,,0.8923778851315083,16.035963499731615,,,,
18,5.8239398819108965,16.404991948470208,4.502147074610843,1.3687600644122384,0.026838432635534086,41.25067096081589,0.5233494363929146,2.871712292002147,,0.9326355340848095,26.241277509393452,0.026838432635534086,0.026838432635534086,,
19,6.119162640901771,14.99597423510467,4.240472356414386,1.7646269457863661,0.026838432635534086,40.94202898550725,2.2208803005904456,3.066290928609769,,0.8118625872249061,25.731347289318304,0.05367686527106817,0.026838432635534086,,
20,6.139291465378422,14.942297369833602,4.233762748255502,1.7646269457863661,0.026838432635534086,48.268921095008054,2.5563607085346214,3.260869565217391,,0.5367686527106817,18.189747718733226,0.05367686527106817,0.026838432635534086,,
21,5.662909286097692,13.526570048309178,4.213633923778851,1.8719806763285025,0.026838432635534086,45.21604938271605,2.3215244229736984,6.709608158883521,,0.5636070853462157,19.806763285024154,0.05367686527106817,0.026838432635534086,,
22,5.488459473966721,12.97638217928073,6.139291465378422,1.9592055823939882,0.10064412238325282,41.056092324208265,2.3215244229736984,5.870907139023081,,0.5971551261406334,23.409822866344605,0.05367686527106817,0.026838432635534086,,
23,5.683038110574342,12.835480407944177,6.139291465378422,6.837090713902308,0.10064412238325282,36.44659151905529,2.0397208803005906,5.891035963499732,,0.6239935587761675,23.349436392914654,0.026838432635534086,0.026838432635534086,,
24,4.757112184648417,15.505904455179817,6.031937734836285,6.884057971014493,0.1274825550187869,36.39291465378422,2.006172839506173,5.884326355340848,,0.9125067096081588,21.450617283950617,0.026838432635534086,0.020128824476650563,,
25,4.643048845947397,13.687600644122384,4.851046698872786,6.635802469135802,0.13419216317767044,44.0955448201825,4.200214707461084,3.421900161030596,,0.8118625872249061,17.45169082125604,0.04696725711218465,0.020128824476650563,,
26,4.488727858293076,13.667471819645733,4.851046698872786,6.608964036500268,0.13419216317767044,44.71953837895867,4.133118625872249,3.569511540526033,,0.8118625872249061,16.921631776704242,0.04696725711218465,0.020128824476650563,0.026838432635534086,
27,4.8443370907139025,13.600375738056897,4.824208266237251,6.582125603864735,0.1610305958132045,44.524959742351044,4.119699409554482,3.6231884057971016,,0.8118625872249061,16.814278046162105,0.04696725711218465,0.020128824476650563,0.026838432635534086,
28,4.985238862050457,12.681159420289855,4.810789049919484,5.193236714975845,0.1610305958132045,44.10225442834138,5.045625335480408,3.8177670424047236,,0.9863123993558777,18.089103596349972,0.08051529790660225,0.020128824476650563,0.026838432635534086,
29,5.119431025228127,12.721417069243156,4.7638217928073,5.193236714975845,0.1610305958132045,43.68625872249061,5.045625335480408,4.126409017713366,,1.0869565217391304,17.92807300053677,0.12077294685990338,0.020128824476650563,0.026838432635534086,
30,5.199946323134729,12.721417069243156,6.749865807836822,4.005636070853462,0.1610305958132045,43.223295759527645,5.045625335480408,4.126409017713366,,1.1137949543746646,17.485238862050455,0.12077294685990338,0.020128824476650563,0.026838432635534086,
31,5.488459473966721,12.714707461084272,6.723027375201288,4.274020397208803,0.20799785292538917,42.77375201288245,4.99194847020934,4.126409017713366,,1.0869565217391304,17.444981213097154,0.12077294685990338,0.020128824476650563,0.026838432635534086,
32,5.166398282340311,12.486580783682234,6.5552871712292005,4.334406870638754,0.19457863660762212,37.40606548577563,4.8376274825550185,4.012345679012346,,0.9863123993558777,23.68491680085883,0.2885131508319914,0.020128824476650563,0.026838432635534086,
33,4.904723564143854,7.360440150295223,6.132581857219538,3.1065485775630703,0.38915727321524424,38.419216317767045,1.482823403113258,4.032474503488996,,0.9997316156736447,32.991143317230275,0.13419216317767044,0.020128824476650563,0.026838432635534086,
34,4.884594739667204,7.2933440687063875,8.970746108427267,3.079710144927536,0.4294149221685454,35.86285560923242,1.328502415458937,3.965378421900161,,1.778046162104133,32.19940955448202,0.13419216317767044,0.020128824476650563,0.05367686527106817,
35,4.918142780461621,7.266505636070853,11.037305421363392,2.9924852388620504,0.4562533548040794,34.64170692431562,1.3150831991411702,3.361513687600644,,1.7310789049919484,32.045088566827694,0.13419216317767044,0.013419216317767043,0.08722490606548577,
36,4.609500805152979,4.636339237788513,10.983628556092324,2.9589371980676327,0.4495437466451959,33.4272678475577,1.3150831991411702,3.1468062265163717,,1.3016639828234031,36.93639291465379,0.13419216317767044,0.013419216317767043,0.08722490606548577,
37,4.8376274825550185,4.609500805152979,10.903113258185721,2.999194847020934,0.5233494363929146,31.57541599570585,1.3150831991411702,6.072195383789587,,1.3352120236178207,35.59447128287708,0.13419216317767044,0.013419216317767043,0.08722490606548577,
38,5.025496511003757,4.609500805152979,10.876274825550189,2.9924852388620504,0.5099302200751477,31.4345142243693,1.2815351583467525,6.152710681696189,,1.4559849704777241,35.39318303811057,0.16774020397208803,0.013419216317767043,0.08722490606548577,
39,5.481749865807837,4.51556629092861,10.721953837895867,2.9388083735909825,0.644122383252818,32.57514761137949,1.2815351583467525,6.508319914117015,,1.556629092860977,33.5077831454643,0.16774020397208803,0.013419216317767043,0.08722490606548577,
40,3.9855072463768115,4.240472356414386,9.151905528717123,1.7847557702630166,0.5904455179817498,24.12775093934514,1.221148684916801,3.0864197530864197,,1.3888888888888888,50.24154589371981,0.13419216317767044,0.013419216317767043,0.03354804079441761,
41,3.965378421900161,4.213633923778851,9.037842190016104,1.7713365539452497,0.4428341384863124,22.940150295222757,6.709608158883521,3.099838969404187,,1.6572732152442298,46.00107353730542,0.11406333870101985,0.013419216317767043,0.03354804079441761,
42,4.206924315619967,4.206924315619967,9.017713365539452,1.7713365539452497,0.47638217928073,22.926731078904993,6.6827697262479875,3.099838969404187,,1.8853998926462694,45.591787439613526,0.08722490606548577,0.013419216317767043,0.03354804079441761,
43,4.341116478797638,3.9452495974235107,8.501073537305421,1.9793344068706387,0.5636070853462157,22.69860440150295,6.776704240472356,3.4420289855072466,,1.8183038110574343,45.799785292538914,0.08722490606548577,0.013419216317767043,0.03354804079441761,
44,4.30756843800322,3.569511540526033,8.474235104669887,1.9659151905528718,0.4294149221685454,24.44981213097155,5.636070853462158,3.683574879227053,,1.7981749865807837,45.551529790660226,0.08722490606548577,0.013419216317767043,0.03354804079441761,
45,4.2203435319377345,3.5091250670960816,5.864197530864198,1.9122383252818036,0.2885131508319914,32.94417606011809,5.052334943639291,2.9790660225442833,,1.6639828234031133,41.36473429951691,0.0939345142243693,,0.10735373054213634,
46,4.428341384863124,3.4957058507783145,5.844068706387547,1.8786902844873858,0.2885131508319914,32.54159957058508,4.817498658078368,3.5225442834138487,,1.8853998926462694,41.096349973161566,0.0939345142243693,,0.10735373054213634,
47,4.669887278582931,3.475577026301664,5.810520665593129,1.865271068169619,0.2885131508319914,31.125872249060656,7.313472893183038,3.549382716049383,,1.9927536231884058,39.65378421900161,0.14761137949543746,,0.10735373054213634,
48,4.777241009125067,3.408480944712829,5.8239398819108965,1.90552871712292,0.2885131508319914,30.938003220611915,7.353730542136339,3.6500268384326353,,2.0263016639828235,39.57326892109501,0.14761137949543746,,0.10735373054213634,
49,4.797369833601718,3.3950617283950617,5.8172302737520125,2.0933977455716586,0.4294149221685454,30.817230273752013,7.199409554482019,3.6768652710681695,,2.13365539452496,39.36527106816962,0.16774020397208803,,0.10735373054213634,
50,4.9651100375738055,3.3950617283950617,5.8172302737520125,2.086688137412775,0.4294149221685454,30.52200751476114,7.199409554482019,3.864734299516908,,2.1604938271604937,39.28475577026302,0.16774020397208803,,0.10735373054213634,
51,4.998658078368224,3.3145464304884595,5.555555555555555,2.100107353730542,0.46967257112184646,31.904186795491142,7.14573268921095,3.9184111647879765,,2.314814814814815,38.00322061191626,0.16774020397208803,,0.10735373054213634,
52,4.804079441760601,2.4557165861513686,5.4616210413311865,2.0531400966183573,0.46967257112184646,38.459473966720346,7.058507783145465,4.072732152442297,,2.522812667740204,32.347020933977454,0.1878690284487386,,0.10735373054213634,
53,5.072463768115942,2.4557165861513686,5.401234567901234,2.0665593129361244,0.49651100375738055,38.1105743424584,7.0450885668276975,4.341116478797638,,2.5496511003757383,32.1658615136876,0.1878690284487386,,0.10735373054213634,
54,5.065754159957058,2.4355877616747184,8.581588835212024,1.9994632313472893,0.49651100375738055,35.16505636070853,7.0450885668276975,4.294149221685454,,2.6838432635534084,31.924315619967793,0.1878690284487386,,0.12077294685990338,
55,3.1333870101986045,24.530327428878152,8.252818035426731,3.44873859366613,0.23483628556092323,27.449006977992486,4.904723564143854,3.5292538915727323,,1.6908212560386473,22.517444981213096,0.1878690284487386,,0.12077294685990338,
56,3.2742887815351582,21.980676328502415,10.681696188942565,3.455448201825013,0.2683843263553409,27.28797638217928,4.904723564143854,3.69699409554482,,1.865271068169619,22.269189479334408,0.19457863660762212,,0.12077294685990338,
57,3.4688674181427803,21.926999463231347,10.554213633923778,3.502415458937198,0.36902844873859364,27.200751476113794,4.891304347826087,3.656736446591519,,1.8518518518518519,22.25577026301664,0.19457863660762212,,0.1274825550187869,
58,3.7640901771336552,14.801395598497047,8.085077831454644,3.361513687600644,0.39586688137412773,32.48792270531401,4.918142780461621,3.549382716049383,,2.314814814814815,25.999731615673646,0.19457863660762212,,0.1274825550187869,
59,3.8043478260869565,13.117283950617283,7.816693505099302,5.46833064949007,0.4227053140096618,35.10466988727858,3.0864197530864197,3.4688674181427803,,2.2879763821792807,25.127482555018787,0.16774020397208803,,0.1274825550187869,
60,3.9184111647879765,13.056897477187333,7.816693505099302,5.46833064949007,0.4227053140096618,34.92351046698873,3.0730005367686526,3.6231884057971016,,2.4557165861513686,24.94632313472893,0.16774020397208803,,0.1274825550187869,
61,3.0730005367686526,11.782071926999464,5.246913580246914,5.360976918947934,0.5837359098228664,30.756843800322063,2.3550724637681157,3.052871712292002,,2.2611379495437465,35.218733225979605,0.18115942028985507,,0.1274825550187869,
62,3.4621578099838968,10.44015029522276,5.226784755770263,5.475040257648954,0.7045088566827697,36.85587761674718,2.3550724637681157,3.1736446591519054,,2.395330112721417,29.602791196994094,0.18115942028985507,,0.1274825550187869,
63,3.603059581320451,10.379763821792807,7.353730542136339,5.025496511003757,0.7045088566827697,36.14465915190553,1.8786902844873858,3.5292538915727323,,2.442297369833602,28.63660762211487,0.17444981213097155,,0.1274825550187869,
64,3.8311862587224907,10.352925389157273,7.112184648416532,5.515297906602254,0.6977992485238862,35.32608695652174,2.100107353730542,3.7372517444981215,,2.4691358024691357,28.556092324208265,0.17444981213097155,,0.1274825550187869,
65,4.066022544283414,10.285829307568438,7.105475040257649,5.4616210413311865,0.6977992485238862,33.02469135802469,2.0933977455716586,3.8311862587224907,,2.509393451422437,30.62265163714439,0.17444981213097155,,0.1274825550187869,
66,3.9586688137412773,10.218733225979603,8.266237251744498,5.501878690284487,0.6642512077294686,37.78180354267311,1.8518518518518519,3.435319377348363,,2.1068169618894257,25.91250670960816,0.17444981213097155,,0.1274825550187869,
67,4.066022544283414,10.218733225979603,8.252818035426731,5.46833064949007,0.6642512077294686,36.60762211486849,1.8317230273752012,4.851046698872786,,2.1269457863660763,25.6105743424584,0.17444981213097155,,0.1274825550187869,
68,4.294149221685454,6.615673644659152,10.279119699409554,5.381105743424584,0.6642512077294686,34.90338164251208,1.6505636070853462,4.938271604938271,,2.1403650026838434,28.824476650563607,0.17444981213097155,,0.13419216317767044,
69,4.555823939881911,6.588835212023618,9.86983360171766,5.35426731078905,0.6843800322061192,35.21202361782072,1.6505636070853462,5.032206119162641,,2.15378421900161,28.589640365002683,0.17444981213097155,,0.13419216317767044,
70,4.079441760601181,6.568706387546968,8.440687063875469,6.152710681696189,0.6038647342995169,33.68894256575416,1.6505636070853462,4.730273752012883,0.03354804079441761,1.8719806763285025,31.87734836285561,0.16774020397208803,,0.13419216317767044,
71,4.448470209339774,6.447933440687064,8.333333333333334,6.105743424584004,0.6642512077294686,33.5077831454643,1.6237251744498122,5.2066559312936125,0.04696725711218465,1.9793344068706387,31.333870101986044,0.16774020397208803,,0.13419216317767044,
72,4.723564143853999,6.300322061191626,8.373590982286634,6.166129898013956,0.6642512077294686,33.373590982286636,1.6237251744498122,5.199946323134729,0.04696725711218465,2.0128824476650564,31.21309715512614,0.16774020397208803,,0.13419216317767044,
73,4.99194847020934,6.239935587761675,8.293075684380032,6.280193236714976,0.8185721953837896,32.991143317230275,1.6170155662909287,5.5689747718733225,0.04696725711218465,2.2208803005904456,30.629361245303276,0.16774020397208803,,0.13419216317767044,
74,5.119431025228127,6.213097155126141,8.272946859903382,6.3070316693505095,0.8387010198604401,32.890499194847024,1.6304347826086956,5.589103596349974,0.04696725711218465,2.3215244229736984,30.46833064949007,0.16774020397208803,,0.13419216317767044,
75,5.374396135265701,5.991680085882985,8.219269994632313,6.206387546967257,0.7179280730005367,32.74288781535159,2.3886205045625335,5.609232420826624,0.04696725711218465,2.49597423510467,29.904723564143854,0.16774020397208803,,0.13419216317767044,
76,5.475040257648954,5.897745571658615,8.232689210950081,6.132581857219538,0.7447665056360708,32.45437466451959,2.3886205045625335,6.394256575415996,0.04696725711218465,2.4892646269457863,29.441760601180892,0.16774020397208803,,0.13419216317767044,
77,5.595813204508857,5.891035963499732,8.28636607622115,6.085614600107354,0.7447665056360708,32.380568974771876,2.3483628556092326,6.400966183574879,0.06038647342995169,2.509393451422437,29.367954911433173,0.16774020397208803,,0.1610305958132045,
78,5.689747718733226,5.891035963499732,8.266237251744498,6.273483628556092,0.7447665056360708,32.2866344605475,2.3483628556092326,6.273483628556092,0.06038647342995169,2.5563607085346214,29.280730005367687,0.16774020397208803,,0.1610305958132045,
79,5.790391841116479,5.891035963499732,8.299785292538916,6.367418142780462,0.7447665056360708,31.863929146537842,2.3483628556092326,6.602254428341385,0.06038647342995169,2.7241009125067097,28.978797638217927,0.16774020397208803,,0.1610305958132045,
80,6.045356951154052,5.857487922705314,8.152173913043478,6.367418142780462,0.7447665056360708,31.28690284487386,2.4355877616747184,7.212828770799785,0.06038647342995169,2.7979066022544283,28.75738056897477,0.18115942028985507,,0.10064412238325282,
81,6.320450885668277,5.8239398819108965,8.05823939881911,7.058507783145465,0.7581857219538379,30.730005367686527,2.4221685453569513,7.03166935050993,0.04696725711218465,2.8113258185721954,28.65673644659152,0.18115942028985507,,0.10064412238325282,
82,6.353998926462695,5.770263016639828,8.017981749865807,9.473966720343531,0.7313472893183038,28.878153515834676,2.328234031132582,6.884057971014493,0.04696725711218465,3.166935050993022,28.039452495974235,0.18115942028985507,,0.1274825550187869,
83,6.736446591519055,5.656199677938808,7.991143317230274,9.594739667203436,0.7313472893183038,28.650026838432634,2.328234031132582,6.870638754696726,0.04696725711218465,3.2139023081052067,27.87842190016103,0.18115942028985507,,0.12077294685990338,
84,6.951154052603328,5.535426731078905,7.971014492753623,9.554482018250134,0.7313472893183038,28.475577026301664,2.2611379495437465,7.092055823939882,0.04696725711218465,3.4621578099838968,27.616747181964573,0.18115942028985507,,0.12077294685990338,
85,7.078636607622115,5.528717122920021,7.957595276435856,9.64170692431562,0.7783145464304885,28.173644659151904,2.26784755770263,7.232957595276436,0.04696725711218465,3.589640365002684,27.375201288244767,0.20799785292538917,,0.12077294685990338,
86,7.25979602791197,5.515297906602254,7.957595276435856,9.608158883521202,0.7783145464304885,28.093129361245303,2.254428341384863,7.253086419753086,0.04696725711218465,3.589640365002684,27.3215244229737,0.20128824476650564,,0.12077294685990338,
87,7.447665056360709,5.495169082125604,7.9106280193236715,9.54777241009125,0.7783145464304885,27.697262479871174,2.254428341384863,7.575147611379496,0.04696725711218465,3.797638217928073,27.126945786366075,0.20128824476650564,,0.12077294685990338,
88,7.742887815351583,5.428073000536768,7.917337627482555,9.608158883521202,0.798443370907139,27.583199141170155,2.24771873322598,7.7361782071927,0.04696725711218465,3.864734299516908,26.67740203972088,0.20128824476650564,,0.14761137949543746,
89,7.924047235641439,5.407944176060118,7.950885668276973,9.614868491680086,0.798443370907139,27.428878153515836,2.1604938271604937,7.803274288781535,0.04696725711218465,3.8311862587224907,26.623725174449813,0.2616747181964573,,0.14761137949543746,
90,7.957595276435856,5.35426731078905,7.937466451959206,9.514224369296834,0.8655394524959742,27.361782071927,2.1739130434782608,7.50805152979066,0.04696725711218465,3.8714439076757916,26.972624798711756,0.28180354267310787,,0.15432098765432098,
91,7.823403113258186,5.340848094471283,10.25228126677402,9.567901234567902,0.8588298443370908,25.449543746645197,2.1940418679549114,7.313472893183038,0.04696725711218465,3.8580246913580245,26.778046162104133,0.38915727321524424,,0.1274825550187869,
92,7.501341921631776,5.3274288781535155,10.057702630166398,7.62211486849168,0.8655394524959742,28.361513687600645,2.1940418679549114,6.991411701556629,0.04696725711218465,4.045893719806763,26.549919484702095,0.38915727321524424,,0.04696725711218465,
93,6.78341384863124,5.300590445517981,6.66935050993022,6.474771873322598,0.7716049382716049,37.27187332259796,1.221148684916801,5.381105743424584,0.04696725711218465,3.992216854535695,25.771604938271604,0.2683843263553409,,0.04696725711218465,
94,6.937734836285561,5.300590445517981,6.649221685453569,6.468062265163715,0.7716049382716049,36.93639291465379,1.221148684916801,5.58239398819109,0.04696725711218465,4.072732152442297,25.664251207729468,0.2683843263553409,,0.08051529790660225,
95,7.132313472893183,5.300590445517981,6.649221685453569,6.468062265163715,0.7716049382716049,36.802200751476114,1.221148684916801,5.656199677938808,0.04696725711218465,4.012345679012346,25.59044551798175,0.2683843263553409,,0.08051529790660225,
96,7.018250134192163,5.112721417069243,6.146001073537305,6.152710681696189,0.8789586688137413,35.86285560923242,1.288244766505636,6.152710681696189,0.04696725711218465,3.9519592055823938,27.120236178207193,0.1878690284487386,,0.08051529790660225,
97,7.1658615136876005,5.0993022007514766,6.125872249060655,6.206387546967257,0.8789586688137413,35.51395598497048,1.3553408480944713,6.260064412238325,0.04696725711218465,4.012345679012346,27.073268921095007,0.1878690284487386,,0.07380568974771873,
98,7.353730542136339,5.072463768115942,6.052066559312936,6.172839506172839,0.966183574879227,35.138217928073,1.3553408480944713,6.769994632313473,0.04696725711218465,4.05931293612453,26.7512077294686,0.1878690284487386,,0.07380568974771873,
99,7.4208266237251745,5.065754159957058,5.984970477724101,6.179549114331723,0.9930220075147611,35.628019323671495,1.3888888888888888,6.78341384863124,0.04696725711218465,4.166666666666667,26.100375738056897,0.20128824476650564,,0.040257648953301126,
100,7.5281803542673105,4.958400429414922,6.568706387546968,6.353998926462695,0.9796027911969941,35.39318303811057,1.3888888888888888,7.085346215780999,0.04696725711218465,3.9855072463768115,25.469672571121848,0.20128824476650564,,0.040257648953301126,
101,7.856951154052603,4.931561996779388,6.568706387546968,6.280193236714976,1.0064412238325282,35.258990874932906,1.3888888888888888,7.14573268921095,0.04696725711218465,3.9855072463768115,25.288513150831992,0.20128824476650564,,0.040257648953301126,
102,7.96430488459474,4.931561996779388,6.541867954911433,6.280193236714976,0.9997316156736447,35.14492753623188,1.4224369296833066,7.1725711218464845,0.04696725711218465,4.012345679012346,25.241545893719806,0.20128824476650564,,0.040257648953301126,
103,8.051529790660226,4.864465915190553,6.588835212023618,6.360708534621578,0.9997316156736447,34.614868491680085,1.3754696725711217,7.648953301127214,0.04696725711218465,4.012345679012346,25.194578636607623,0.20128824476650564,,0.040257648953301126,
104,8.158883521202362,4.8376274825550185,6.582125603864735,6.266774020397209,0.9997316156736447,34.92351046698873,1.4090177133655395,7.440955448201825,0.04696725711218465,4.045893719806763,25.046967257112186,0.20128824476650564,,0.040257648953301126,
105,8.340042941492216,4.797369833601718,6.588835212023618,6.380837359098229,0.9997316156736447,34.574610842726784,1.3754696725711217,7.481213097155126,0.04696725711218465,4.03918411164788,25.006709608158882,0.32877079978529256,,0.040257648953301126,
106,7.749597423510467,4.139828234031133,6.468062265163715,6.005099302200751,0.9796027911969941,42.55904455179817,2.898550724637681,6.575415995705851,0.04696725711218465,2.818035426731079,19.390767579173378,0.32877079978529256,,0.040257648953301126,
107,8.111916264090176,4.1129898013955986,6.454643048845948,6.011808910359635,0.9930220075147611,42.290660225442835,2.885131508319914,6.662640901771336,0.04696725711218465,2.7844873859366612,19.276704240472355,0.32877079978529256,,0.040257648953301126,
108,8.3467525496511,4.1129898013955986,6.427804616210413,6.508319914117015,1.0265700483091786,41.78073000536769,2.844873859366613,6.575415995705851,0.040257648953301126,2.7777777777777777,19.189479334406872,0.32877079978529256,,0.040257648953301126,
109,8.487654320987655,4.1129898013955986,8.702361782071927,6.535158346752549,1.0265700483091786,39.92887815351583,2.8918411164787976,6.005099302200751,0.040257648953301126,2.85829307568438,18.988191089640367,0.32877079978529256,,0.0939345142243693,
110,8.829844337090714,4.072732152442297,8.655394524959743,6.541867954911433,1.0265700483091786,39.68733225979603,2.818035426731079,6.119162640901771,0.040257648953301126,2.85829307568438,18.927804616210413,0.32877079978529256,,0.0939345142243693,
111,8.997584541062801,4.072732152442297,8.514492753623188,6.957863660762212,1.1205045625335481,39.24449812130972,2.844873859366613,6.159420289855072,0.040257648953301126,2.8515834675254963,18.773483628556093,0.32877079978529256,,0.0939345142243693,
112,8.682232957595277,4.045893719806763,7.957595276435856,6.837090713902308,0.9930220075147611,37.5805152979066,4.74369296833065,5.797101449275362,0.040257648953301126,2.4490069779924855,20.45088566827697,0.32877079978529256,,0.0939345142243693,
113,8.856682769726248,4.045893719806763,7.924047235641439,6.78341384863124,1.0265700483091786,37.486580783682236,4.74369296833065,5.810520665593129,0.040257648953301126,2.4490069779924855,20.41062801932367,0.32877079978529256,,0.0939345142243693,
114,8.950617283950617,4.005636070853462,8.038110574342458,6.89747718733226,1.0198604401502953,37.33225979602791,4.777241009125067,5.770263016639828,0.040257648953301126,2.6033279656468062,20.142243692968332,0.32877079978529256,,0.0939345142243693,
115,9.098228663446054,4.005636070853462,7.937466451959206,6.89747718733226,1.0198604401502953,37.25174449812131,5.515297906602254,5.770263016639828,0.040257648953301126,2.509393451422437,19.53166935050993,0.32877079978529256,,0.0939345142243693,
116,8.641975308641975,3.965378421900161,7.64224369296833,6.528448738593666,0.9997316156736447,39.50617283950617,5.4549114331723025,5.340848094471283,0.040257648953301126,2.3886205045625335,19.102254428341386,0.32877079978529256,,0.06038647342995169,
117,8.172302737520129,3.9318303811057436,7.313472893183038,6.0587761674718195,0.9997316156736447,41.80756843800322,5.394524959742351,4.690016103059581,0.040257648953301126,2.4154589371980677,18.968062265163713,0.20128824476650564,,0.0067096081588835215,
118,8.387010198604402,3.911701556629093,7.286634460547504,6.005099302200751,1.1272141706924315,41.45195920558239,5.3341384863123995,4.918142780461621,0.040257648953301126,2.4557165861513686,18.874127750939344,0.20128824476650564,,0.0067096081588835215,
119,8.427267847557703,3.878153515834675,7.273215244229737,6.159420289855072,1.0735373054213635,41.317767042404725,5.3341384863123995,4.931561996779388,0.040257648953301126,2.5295222758990876,18.82716049382716,0.20128824476650564,,0.0067096081588835215,
120,8.648684916800859,3.878153515834675,7.239667203435319,6.206387546967257,1.1003757380568975,41.0024154589372,5.260332796564681,5.045625335480408,0.040257648953301126,2.576489533011272,18.760064412238325,0.23483628556092323,,0.0067096081588835215,
121,8.722490606548577,3.851315083199141,7.139023081052066,6.1929683306494905,1.1607622114868492,40.79441760601181,5.186527106816962,5.407944176060118,0.040257648953301126,2.6435856146001075,18.612453032742888,0.24154589371980675,,0.0067096081588835215,
122,8.977455716586151,3.784219001610306,7.367149758454106,7.595276435856146,1.2010198604401503,39.28475577026302,4.643048845947397,5.307300053676865,0.040257648953301126,2.5563607085346214,18.99490069779925,0.24154589371980675,,0.0067096081588835215,
123,9.178743961352657,3.717122920021471,9.494095544820183,7.340311325818572,1.2010198604401503,37.13768115942029,4.636339237788513,5.401234567901234,0.04696725711218465,2.6435856146001075,18.840579710144926,0.35560923242082665,,0.0067096081588835215,
124,9.31964573268921,3.717122920021471,9.440418679549115,7.320182501341922,1.3083735909822867,36.621041331186255,4.562533548040794,5.904455179817498,0.04696725711218465,2.657004830917874,18.739935587761675,0.35560923242082665,,0.0067096081588835215,
125,9.31964573268921,3.569511540526033,9.333064949006978,7.333601717659689,1.3821792807300053,35.57434245840043,5.3274288781535155,5.931293612453032,0.04696725711218465,2.623456790123457,19.243156199677937,0.30864197530864196,,0.0067096081588835215,
126,9.447128287707997,3.535963499731616,9.252549651100376,7.514761137949543,1.4358561460010735,35.35963499731616,5.3274288781535155,5.998389694041868,0.04696725711218465,2.61003757380569,19.155931293612454,0.30864197530864196,,0.0067096081588835215,
127,9.574610842726784,3.5292538915727323,9.225711218464841,7.481213097155126,1.42914653784219,35.0979602791197,5.394524959742351,6.172839506172839,0.04696725711218465,2.7643585614600106,18.99490069779925,0.28180354267310787,,0.0067096081588835215,
128,9.796027911969942,3.5292538915727323,9.205582393988191,7.427536231884058,1.4626945786366077,34.94363929146538,5.320719269994632,6.206387546967257,0.04696725711218465,2.8918411164787976,18.88083735909823,0.28180354267310787,,0.0067096081588835215,
129,9.91009125067096,3.5292538915727323,9.05126140633387,7.816693505099302,1.4626945786366077,34.6081588835212,5.280461621041331,6.327160493827161,0.04696725711218465,2.952227589908749,18.726516371443907,0.28180354267310787,,0.0067096081588835215,
130,9.50751476113795,3.5292538915727323,8.313204508856682,7.555018786902845,1.415727321524423,34.09822866344606,7.5348899624261945,6.005099302200751,0.04696725711218465,3.4621578099838968,18.357487922705314,0.16774020397208803,,0.0067096081588835215,
131,9.742351046698873,3.5292538915727323,8.239398819108963,7.555018786902845,1.4492753623188406,33.943907675791735,7.5281803542673105,6.239935587761675,0.04696725711218465,3.4151905528717124,18.136070853462158,0.16774020397208803,,0.0067096081588835215,
132,9.037842190016104,3.488996242619431,8.05823939881911,6.6827697262479875,1.4761137949543746,39.36527106816962,5.6964573268921095,5.83064949006978,0.04696725711218465,3.052871712292002,17.05582393988191,0.20128824476650564,,0.0067096081588835215,
133,9.111647879763822,3.488996242619431,7.957595276435856,6.655931293612453,1.556629092860977,39.210950080515296,5.589103596349974,6.0654857756307035,0.04696725711218465,3.052871712292002,17.05582393988191,0.20128824476650564,,0.0067096081588835215,
134,9.27938808373591,3.475577026301664,7.957595276435856,6.649221685453569,1.556629092860977,39.049919484702095,5.589103596349974,6.092324208266238,0.04696725711218465,3.052871712292002,17.042404723564143,0.20128824476650564,,0.0067096081588835215,
135,9.473966720343531,3.475577026301664,7.897208803005904,6.6760601180891035,1.5901771336553945,38.95598497047772,5.5756843800322065,6.105743424584004,0.04696725711218465,3.0394524959742353,16.955179817498657,0.20128824476650564,,0.0067096081588835215,
136,9.386741814278047,3.374932903918411,7.877079978529254,6.541867954911433,1.5432098765432098,38.479602791196996,5.589103596349974,6.072195383789587,0.04696725711218465,2.8650026838432634,18.015297906602253,0.20128824476650564,,0.0067096081588835215,
137,9.198872785829307,3.374932903918411,9.809447128287708,6.374127750939345,1.6572732152442298,36.594202898550726,5.22007514761138,5.407944176060118,0.04696725711218465,2.8515834675254963,19.269994632313473,0.19457863660762212,,,
138,9.426999463231347,3.374932903918411,9.728931830381105,6.642512077294686,1.6505636070853462,36.2788513150832,5.24020397208803,5.407944176060118,0.04696725711218465,2.9790660225442833,19.028448738593667,0.19457863660762212,,,
139,9.420289855072463,3.3682232957595275,9.769189479334408,6.608964036500268,1.6505636070853462,36.10440150295223,5.280461621041331,5.736714975845411,0.04696725711218465,2.952227589908749,18.867418142780462,0.19457863660762212,,,
140,9.688674181427805,3.361513687600644,9.708803005904455,6.629092860976919,1.737788513150832,35.83601717659689,5.387815351583468,5.683038110574342,0.04696725711218465,2.932098765432099,18.793612453032743,0.19457863660762212,,,
141,9.836285560923242,3.361513687600644,9.668545356951155,6.790123456790123,1.7713365539452497,35.46698872785829,5.414653784219001,5.790391841116479,0.04696725711218465,2.9589371980676327,18.699677938808374,0.19457863660762212,,,
142,9.426999463231347,3.361513687600644,9.588030059044552,4.9651100375738055,1.8183038110574343,33.722490606548575,5.273752012882448,5.964841653247451,0.04696725711218465,2.8515834675254963,22.79253891572732,0.1878690284487386,,,
143,9.50751476113795,3.260869565217391,9.581320450885668,5.139559849704777,1.8451422436929683,33.58829844337091,5.273752012882448,5.984970477724101,0.04696725711218465,2.8784219001610305,22.705314009661837,0.1878690284487386,,,
144,9.675254965110037,3.260869565217391,9.541062801932368,5.139559849704777,1.9592055823939882,33.313204508856685,5.173107890499195,6.333870101986044,0.04696725711218465,2.85829307568438,22.52415458937198,0.17444981213097155,,,
145,9.802737520128824,3.2541599570585076,9.5276435856146,5.2066559312936125,1.9457863660762211,33.15888352120236,5.152979066022544,6.380837359098229,0.04696725711218465,2.9253891572732154,22.423510466988727,0.17444981213097155,,,
146,9.943639291465379,3.227321524422974,9.494095544820183,5.495169082125604,1.9457863660762211,32.74288781535159,5.166398282340311,6.474771873322598,0.04696725711218465,2.952227589908749,22.33628556092324,0.17444981213097155,,,
147,10.010735373054214,3.227321524422974,9.5276435856146,5.60252281266774,1.9457863660762211,32.6154052603328,5.193236714975845,6.407675791733762,0.04696725711218465,2.9924852388620504,22.25577026301664,0.17444981213097155,,,
148,10.225442834138486,3.227321524422974,9.447128287707997,5.656199677938808,1.9457863660762211,32.27992485238862,5.273752012882448,6.468062265163715,0.04696725711218465,3.193773483628556,22.061191626409016,0.17444981213097155,,,
149,10.299248523886206,3.193773483628556,9.426999463231347,5.703166935050993,1.9189479334406871,32.22624798711755,5.360976918947934,6.481481481481482,0.04696725711218465,3.140096618357488,22.0276435856146,0.17444981213097155,,,
150,10.299248523886206,3.126677402039721,9.440418679549115,5.844068706387547,1.9189479334406871,32.09205582393988,5.642780461621041,6.454643048845948,0.04696725711218465,3.193773483628556,21.76596886741814,0.17444981213097155,,,
151,10.02415458937198,3.099838969404187,8.789586688137414,5.595813204508857,1.8250134192163177,31.21309715512614,6.226516371443908,6.286902844873859,0.04696725711218465,3.2206119162640903,23.49704777241009,0.17444981213097155,,,
152,10.091250670960816,3.079710144927536,8.78287707997853,5.508588298443371,1.724369296833065,30.877616747181964,6.427804616210413,6.4412238325281805,0.04696725711218465,3.294417606011809,23.389694041867955,0.33548040794417605,,,
153,10.339506172839506,3.066290928609769,8.715780998389693,5.508588298443371,1.751207729468599,30.776972624798713,6.407675791733762,6.427804616210413,0.04696725711218465,3.3011272141706924,23.32259796027912,0.33548040794417605,,,
154,10.520665593129362,3.052871712292002,8.601717659688674,5.750134192163178,1.7847557702630166,30.52200751476114,6.447933440687064,6.414385399892646,0.04696725711218465,3.4151905528717124,23.1280193236715,0.3153515834675255,,,
155,10.681696188942565,3.052871712292002,8.588298443370908,5.844068706387547,1.7847557702630166,30.387815351583466,6.374127750939345,6.394256575415996,0.04696725711218465,3.4151905528717124,23.11460010735373,0.3153515834675255,,,
156,10.990338164251208,3.052871712292002,8.588298443370908,5.891035963499732,1.7646269457863661,30.246913580246915,6.320450885668277,6.4412238325281805,0.020128824476650563,3.3816425120772946,22.987117552334944,0.30193236714975846,,0.013419216317767043,
157,11.171497584541063,3.0394524959742353,8.53462157809984,6.011808910359635,1.7646269457863661,30.213365539452496,6.347289318303811,6.400966183574879,0.020128824476650563,3.3548040794417604,22.84621578099839,0.28180354267310787,,0.013419216317767043,
158,11.33923778851315,2.9723564143853998,8.501073537305421,6.092324208266238,1.7914653784219001,29.985238862050455,6.293612453032743,6.521739130434782,0.020128824476650563,3.3413848631239937,22.81266774020397,0.28180354267310787,,0.04696725711218465,
159,11.18491680085883,2.5429414922168547,10.332796564680622,5.803811057434245,1.90552871712292,29.7638217928073,6.206387546967257,6.716317767042405,0.020128824476650563,3.3413848631239937,21.833064949006978,0.30193236714975846,,0.04696725711218465,
160,11.372785829307569,2.5429414922168547,10.292538915727322,5.776972624798712,1.892109500805153,29.66988727858293,6.246645195920558,6.716317767042405,0.020128824476650563,3.455448201825013,21.66532474503489,0.30193236714975846,,0.04696725711218465,
161,11.493558776167472,2.5429414922168547,10.19189479334407,5.9447128287707995,1.865271068169619,29.562533548040793,6.233225979602791,6.776704240472356,0.020128824476650563,3.455448201825013,21.564680622651636,0.30193236714975846,,0.04696725711218465,
162,11.466720343531938,2.522812667740204,9.856414385399892,7.353730542136339,1.8451422436929683,28.844605475040257,6.266774020397209,6.508319914117015,0.020128824476650563,3.455448201825013,21.511003757380568,0.30193236714975846,,0.04696725711218465,
163,11.66129898013956,2.509393451422437,9.796027911969942,7.286634460547504,1.932367149758454,28.75067096081589,6.239935587761675,6.568706387546968,0.020128824476650563,3.44873859366613,21.43719806763285,0.30193236714975846,,0.04696725711218465,
164,11.768652710681696,2.49597423510467,9.782608695652174,7.4006977992485234,1.9994632313472893,28.61647879763822,6.253354804079442,6.488191089640365,0.020128824476650563,3.4688674181427803,21.35668276972625,0.30193236714975846,,0.04696725711218465,
165,11.647879763821793,2.49597423510467,9.789318303811058,7.501341921631776,1.9994632313472893,28.502415458937197,6.6760601180891035,6.474771873322598,0.020128824476650563,3.502415458937198,21.027911969940956,0.3153515834675255,,0.04696725711218465,
166,11.41304347826087,2.49597423510467,9.64170692431562,7.474503488996243,1.9994632313472893,25.637412775093935,8.494363929146537,6.293612453032743,0.020128824476650563,3.603059581320451,22.591250670960815,0.2616747181964573,,0.07380568974771873,
167,11.480139559849706,2.428878153515835,9.903381642512077,7.883789586688137,1.9457863660762211,25.32206119162641,8.3064949006978,6.360708534621578,0.020128824476650563,3.5762211486849167,22.530864197530864,0.20128824476650564,,0.040257648953301126,
168,11.600912506709609,2.428878153515835,9.903381642512077,8.111916264090176,1.9122383252818036,25.07380568974772,8.299785292538916,6.575415995705851,0.020128824476650563,3.549382716049383,22.282608695652176,0.20128824476650564,,0.040257648953301126,
169,11.701556629092861,2.428878153515835,9.957058507783145,8.085077831454644,1.8853998926462694,24.89935587761675,8.279656468062266,6.756575415995706,0.020128824476650563,3.549382716049383,22.16183574879227,0.23483628556092323,,0.040257648953301126,
170,11.761943102522812,2.408749329039184,9.957058507783145,8.145464304884594,1.9860440150295222,24.825550187869027,8.279656468062266,6.769994632313473,0.020128824476650563,3.6097691894793345,21.960547504025765,0.23483628556092323,,0.040257648953301126,
171,12.00348899624262,2.408749329039184,9.916800858829845,8.313204508856682,1.9860440150295222,24.58400429414922,8.192431561996779,6.857219538378959,0.020128824476650563,3.569511540526033,21.83977455716586,0.2683843263553409,,0.040257648953301126,
