,45,50,55,51,53,52,56,54,57,60,59,58,61,46
0,99.64439076757917,0.35560923242082665,,,,,,,,,,,,
1,90.99570585077832,8.970746108427267,0.03354804079441761,,,,,,,,,,,
2,86.21175523349436,13.714439076757918,0.04696725711218465,0.026838432635534086,,,,,,,,,,
3,85.2992485238862,14.626945786366075,0.04696725711218465,0.026838432635534086,,,,,,,,,,
4,84.82957595276436,15.042941492216855,0.06709608158883522,0.026838432635534086,0.03354804079441761,,,,,,,,,
5,82.38056897477188,15.995705850778315,0.17444981213097155,0.026838432635534086,0.03354804079441761,1.2546967257112185,0.13419216317767044,,,,,,,
6,80.95813204508856,17.398013955984972,0.19457863660762212,0.026838432635534086,0.03354804079441761,1.2546967257112185,0.13419216317767044,,,,,,,
7,78.79763821792807,19.45786366076221,0.2952227589908749,0.026838432635534086,0.03354804079441761,1.2546967257112185,0.13419216317767044,,,,,,,
8,78.30783682232958,19.94766505636071,0.2952227589908749,0.026838432635534086,0.03354804079441761,1.2546967257112185,0.13419216317767044,,,,,,,
9,77.91196994095544,20.162372517444982,0.2952227589908749,0.026838432635534086,0.03354804079441761,1.402308105206656,0.16774020397208803,,,,,,,
10,77.2812667740204,20.41062801932367,0.4092860976918948,0.06709608158883522,0.16774020397208803,1.4962426194310252,0.16774020397208803,,,,,,,
11,75.67767042404724,21.833064949006978,0.4092860976918948,0.06709608158883522,0.2147074610842727,1.6304347826086956,0.16774020397208803,,,,,,,
12,71.63177670424047,25.85882984433709,0.2952227589908749,0.0939345142243693,0.2147074610842727,1.737788513150832,0.16774020397208803,,,,,,,
13,58.051529790660226,39.49946323134729,0.644122383252818,0.14090177133655393,0.03354804079441761,1.4090177133655395,0.16774020397208803,0.05367686527106817,,,,,,
14,57.78314546430489,39.57997852925389,0.6575415995705851,0.14090177133655393,0.03354804079441761,1.583467525496511,0.16774020397208803,0.05367686527106817,,,,,,
15,55.099302200751474,42.08266237251745,0.6374127750939346,0.2952227589908749,0.03354804079441761,1.583467525496511,0.16774020397208803,0.10064412238325282,,,,,,
16,54.3545356951154,40.07648953301127,0.8588298443370908,0.8722490606548577,1.9994632313472893,1.570048309178744,0.16774020397208803,0.10064412238325282,,,,,,
17,53.60305958132045,40.002683843263554,1.0802469135802468,1.5432098765432098,1.9994632313472893,1.5029522275899088,0.16774020397208803,0.10064412238325282,,,,,,
18,47.73215244229737,34.6081588835212,1.0265700483091786,5.958132045088567,1.2010198604401503,8.78287707997853,0.2885131508319914,0.10064412238325282,0.30193236714975846,,,,,
19,40.85480407944176,41.2842190016103,1.0332796564680622,5.904455179817498,1.2010198604401503,8.78287707997853,0.24825550187869028,0.38915727321524424,0.30193236714975846,,,,,
20,40.324745034889965,40.82125603864734,1.1406333870101986,5.924584004294149,1.221148684916801,9.896672034353195,0.2683843263553409,0.10064412238325282,0.30193236714975846,,,,,
21,40.23752012882448,40.666935050993025,1.3553408480944713,5.924584004294149,1.247987117552335,9.896672034353195,0.2683843263553409,0.10064412238325282,0.30193236714975846,,,,,
22,39.70746108427268,40.62667740203972,1.583467525496511,6.018518518518518,1.247987117552335,9.930220075147611,0.28180354267310787,0.30193236714975846,0.30193236714975846,,,,,
23,37.144390767579175,41.2842190016103,1.6639828234031133,7.971014492753623,1.247987117552335,9.91009125067096,0.3153515834675255,0.1610305958132045,0.30193236714975846,,,,,
24,34.252549651100374,44.826892109500804,1.6841116478797638,7.253086419753086,1.2681159420289856,9.903381642512077,0.36231884057971014,0.14761137949543746,0.30193236714975846,,,,,
25,33.58829844337091,42.80059044551798,1.7310789049919484,7.253086419753086,1.2681159420289856,12.634192163177671,0.36231884057971014,0.06038647342995169,0.30193236714975846,,,,,
26,30.99838969404187,48.97342995169082,1.570048309178744,6.031937734836285,1.3016639828234031,10.245571658615138,0.3824476650563607,0.19457863660762212,0.30193236714975846,,,,,
27,30.9044551798175,48.389694041867955,1.7914653784219001,5.891035963499732,1.7847557702630166,10.305958132045088,0.3824476650563607,0.2281266774020397,0.322061191626409,,,,,
28,30.951422436929683,48.148148148148145,1.9726247987117553,5.8239398819108965,1.7847557702630166,10.292538915727322,0.4495437466451959,0.24154589371980675,0.33548040794417605,,,,,
29,29.55582393988191,41.18357487922705,2.328234031132582,13.761406333870102,1.8048845947396672,10.326086956521738,0.49651100375738055,0.20799785292538917,0.33548040794417605,,,,,
30,29.200214707461082,40.84809447128288,2.328234031132582,13.94927536231884,1.7981749865807837,10.507246376811594,0.6105743424584005,0.4227053140096618,0.33548040794417605,,,,,
31,29.086151368760063,40.52603327965647,2.589908749329039,13.94927536231884,1.7981749865807837,10.34621578099839,0.6105743424584005,0.644122383252818,0.4495437466451959,,,,,
32,27.469135802469136,41.727053140096615,2.690552871712292,14.103596349973161,1.7981749865807837,10.339506172839506,0.7581857219538379,0.644122383252818,0.4495437466451959,0.020128824476650563,,,,
33,27.51610305958132,41.57944176060118,2.918679549114332,13.868760064412239,1.7981749865807837,10.319377348362856,0.8856682769726248,0.644122383252818,0.4495437466451959,0.020128824476650563,,,,
34,27.529522275899087,41.44524959742351,3.294417606011809,13.821792807300053,1.7981749865807837,10.050993022007514,0.9460547504025765,0.644122383252818,0.4495437466451959,0.020128824476650563,,,,
35,27.408749329039185,41.48550724637681,3.3950617283950617,13.734567901234568,1.7981749865807837,10.017444981213098,1.0466988727858293,0.644122383252818,0.4495437466451959,0.020128824476650563,,,,
36,27.20746108427268,41.297638217928075,3.7238325281803544,13.774825550187868,1.9726247987117553,9.923510466988727,1.0466988727858293,0.5837359098228664,0.4495437466451959,0.020128824476650563,,,,
37,26.576757917337627,41.50563607085346,3.938539989264627,13.83521202361782,1.9994632313472893,9.923510466988727,1.0466988727858293,0.7045088566827697,0.4495437466451959,0.020128824476650563,,,,
38,26.54320987654321,41.0829307568438,3.9184111647879765,13.81508319914117,2.01959205582394,9.842995169082126,1.1137949543746646,1.1808910359634996,0.4830917874396135,,,,,
39,25.10064412238325,42.23698336017176,4.139828234031133,13.875469672571121,2.147074610842727,9.782608695652174,1.1137949543746646,1.06682769726248,0.5367686527106817,,,,,
40,24.92619431025228,42.3443370907139,4.206924315619967,13.788244766505636,2.147074610842727,9.762479871175524,1.2010198604401503,1.06682769726248,0.5568974771873323,,,,,
41,24.718196457326894,42.44498121309716,4.26731078904992,13.788244766505636,2.4557165861513686,9.245840042941492,1.2681159420289856,1.1003757380568975,0.7112184648416533,,,,,
42,22.940150295222757,44.06870638754697,4.3545356951154055,13.734567901234568,2.5697799248523885,9.219001610305957,1.288244766505636,1.1137949543746646,0.7112184648416533,,,,,
43,22.33628556092324,41.37144390767579,4.260601180891036,13.7211486849168,2.5161030595813205,12.600644122383253,1.288244766505636,1.1137949543746646,0.7112184648416533,0.04696725711218465,0.03354804079441761,,,
44,22.322866344605476,41.257380568974774,4.388083735909823,13.741277509393452,2.509393451422437,12.587224906065487,1.288244766505636,1.1137949543746646,0.7112184648416533,0.04696725711218465,0.03354804079441761,,,
45,22.114868491680085,41.035963499731615,4.656468062265164,13.821792807300053,2.6033279656468062,12.506709608158884,1.288244766505636,1.0802469135802468,0.8118625872249061,0.04696725711218465,0.03354804079441761,,,
46,22.000805152979066,40.68035426731079,4.85775630703167,13.821792807300053,2.6637144390767578,12.486580783682234,1.288244766505636,1.3083735909822867,0.8118625872249061,0.04696725711218465,0.03354804079441761,,,
47,19.316961889425656,43.12265163714439,5.0993022007514766,13.821792807300053,2.6637144390767578,12.473161567364466,1.288244766505636,1.3083735909822867,0.8252818035426731,0.04696725711218465,0.03354804079441761,,,
48,19.202898550724637,43.10252281266774,5.146269457863661,13.714439076757918,2.6838432635534084,12.473161567364466,1.3352120236178207,1.3083735909822867,0.8655394524959742,0.04696725711218465,0.12077294685990338,,,
49,19.07541599570585,43.02871712292002,5.347557702630167,13.66076221148685,2.6838432635534084,12.446323134728932,1.3754696725711217,1.3217928073000538,0.8923778851315083,0.04696725711218465,0.12077294685990338,,,
50,18.719806763285025,43.022007514761135,5.475040257648954,13.81508319914117,2.7241009125067097,12.426194310252281,1.3888888888888888,1.3687600644122384,0.8923778851315083,0.04696725711218465,0.12077294685990338,,,
51,18.726516371443907,43.04884594739667,5.475040257648954,13.781535158346752,2.7509393451422435,12.426194310252281,1.4090177133655395,1.3419216317767042,0.8722490606548577,0.04696725711218465,0.12077294685990338,,,
52,17.894524959742352,43.69967793880837,5.495169082125604,13.83521202361782,2.737520128824477,12.526838432635534,1.4358561460010735,1.3352120236178207,0.8722490606548577,0.04696725711218465,0.12077294685990338,,,
53,16.55931293612453,40.02952227589909,5.092592592592593,12.895866881374127,2.442297369833602,19.719538378958667,1.2815351583467525,0.9326355340848095,0.8789586688137413,0.04696725711218465,0.12077294685990338,,,
54,15.398550724637682,39.44578636607622,5.179817498658078,14.553140096618357,2.4557165861513686,19.665861513687602,1.2815351583467525,0.9192163177670424,0.9326355340848095,0.04696725711218465,0.12077294685990338,,,
55,15.351583467525497,39.23778851315083,5.3274288781535155,14.512882447665056,2.7643585614600106,19.41760601180891,1.2077294685990339,1.133923778851315,0.8789586688137413,0.04696725711218465,0.12077294685990338,,,
56,11.453301127214171,46.63848631239936,5.159688674181428,12.848899624261943,2.536231884057971,16.982018250134193,1.221148684916801,2.073268921095008,0.9192163177670424,0.04696725711218465,0.12077294685990338,,,
57,11.218464841653248,46.182232957595275,5.10601180891036,13.533279656468062,2.5161030595813205,16.948470209339774,1.2077294685990339,2.15378421900161,0.95276435856146,0.06038647342995169,0.12077294685990338,,,
58,11.198336017176597,46.04804079441761,5.146269457863661,13.553408480944713,2.5161030595813205,16.921631776704242,1.288244766505636,2.1940418679549114,0.95276435856146,0.06038647342995169,0.12077294685990338,,,
59,11.218464841653248,45.92055823939882,5.173107890499195,13.506441223832528,2.5496511003757383,16.881374127750938,1.3553408480944713,2.1940418679549114,1.0198604401502953,0.06038647342995169,0.12077294685990338,,,
60,11.211755233494364,45.8870101986044,5.213365539452496,13.372249060654857,2.5496511003757383,16.854535695115406,1.4895330112721417,2.1940418679549114,1.0466988727858293,0.06038647342995169,0.12077294685990338,,,
61,11.265432098765432,45.61862587224906,5.515297906602254,13.325281803542673,2.5496511003757383,16.794149221685455,1.4694041867954912,2.187332259796028,1.093666129898014,0.06038647342995169,0.12077294685990338,,,
62,11.2788513150832,45.37707997852925,5.71658615136876,13.311862587224907,2.589908749329039,16.75389157273215,1.4694041867954912,2.187332259796028,1.133923778851315,0.06038647342995169,0.12077294685990338,,,
63,10.963499731615673,44.94095544820183,6.0654857756307035,12.694578636607622,2.7241009125067097,16.774020397208805,2.187332259796028,2.2879763821792807,1.133923778851315,0.06038647342995169,0.11406333870101985,0.05367686527106817,,
64,10.990338164251208,44.64573268921095,6.179549114331723,12.5402576489533,2.7241009125067097,16.720343531937736,2.4490069779924855,2.4154589371980677,1.0735373054213635,0.06038647342995169,0.11406333870101985,0.08722490606548577,,
65,10.970209339774557,44.33038110574343,6.273483628556092,12.466451959205582,2.7979066022544283,16.968599033816425,2.4557165861513686,2.4020397208803006,1.0735373054213635,0.06038647342995169,0.11406333870101985,0.08722490606548577,,
66,10.68840579710145,41.324476650563604,5.71658615136876,11.634460547504025,2.7777777777777777,21.712292002147073,2.4355877616747184,2.3752012882447664,1.0735373054213635,0.06038647342995169,0.11406333870101985,0.08722490606548577,,
67,10.674986580783683,41.10305958132045,5.723295759527644,11.453301127214171,2.9388083735909825,21.410359634997317,2.8918411164787976,2.509393451422437,1.0131508319914118,0.06038647342995169,0.11406333870101985,0.10735373054213634,,
68,10.674986580783683,40.975577026301664,5.9447128287707995,13.727858293075684,2.999194847020934,19.102254428341386,2.871712292002147,2.4355877616747184,0.9863123993558777,0.06038647342995169,0.11406333870101985,0.10735373054213634,,
69,10.61460010735373,40.90848094471283,6.018518518518518,13.687600644122384,2.999194847020934,18.98148148148148,2.844873859366613,2.5831991411701556,1.0802469135802468,0.06038647342995169,0.11406333870101985,0.10735373054213634,,
70,10.63472893183038,38.425925925925924,8.581588835212024,13.600375738056897,2.965646806226516,18.840579710144926,2.9253891572732154,2.703972088030059,1.0399892646269457,0.06038647342995169,0.11406333870101985,0.10735373054213634,,
71,10.641438539989265,37.5402576489533,9.494095544820183,13.506441223832528,2.9589371980676327,18.800322061191626,3.0394524959742353,2.7106816961889426,1.0466988727858293,0.06038647342995169,0.11406333870101985,0.08722490606548577,,
72,10.59447128287708,37.31884057971015,9.400161030595813,13.47289318303811,2.9589371980676327,18.800322061191626,3.0730005367686526,3.0730005367686526,1.0466988727858293,0.06038647342995169,0.11406333870101985,0.08722490606548577,,
73,10.59447128287708,37.084004294149224,9.534353193773484,13.459473966720344,2.9589371980676327,18.46484165324745,3.0864197530864197,3.321256038647343,1.2345679012345678,0.06038647342995169,0.11406333870101985,0.08722490606548577,,
74,9.453837895866881,33.52120236178207,9.73564143853999,24.879227053140095,2.5697799248523885,12.842190016103059,2.8784219001610305,2.932098765432099,0.9125067096081588,0.06038647342995169,0.11406333870101985,0.08722490606548577,0.013419216317767043,
75,9.420289855072463,33.13875469672571,10.037573805689748,24.758454106280194,2.703972088030059,12.775093934514224,2.985775630703167,2.932098765432099,0.9796027911969941,0.05367686527106817,0.11406333870101985,0.08722490606548577,0.013419216317767043,
76,8.132045088566828,35.18518518518518,9.957058507783145,24.476650563607084,2.771068169618894,12.258454106280194,3.0059044551798175,2.932098765432099,1.0131508319914118,0.05367686527106817,0.11406333870101985,0.08722490606548577,0.013419216317767043,
77,8.091787439613526,35.11808910359635,10.21202361782072,24.14117015566291,2.8784219001610305,12.117552334943639,2.898550724637681,3.1468062265163717,1.093666129898014,0.05367686527106817,0.1610305958132045,0.08722490606548577,,
78,8.031400966183575,32.749597423510465,9.514224369296834,23.778851315083198,5.844068706387547,11.90955448201825,2.6637144390767578,4.005636070853462,1.2010198604401503,0.05367686527106817,0.1610305958132045,0.08722490606548577,,
79,7.930756843800322,32.669082125603865,9.675254965110037,23.403113258185723,5.837359098228664,11.90955448201825,2.9723564143853998,4.0995705850778315,1.2010198604401503,0.05367686527106817,0.1610305958132045,0.08722490606548577,,
80,7.890499194847021,32.50134192163178,9.77589908749329,23.1280193236715,5.803811057434245,12.204777241009126,3.0931293612453032,4.0995705850778315,1.2010198604401503,0.05367686527106817,0.1610305958132045,0.08722490606548577,,
81,7.944176060118089,32.41411701556629,9.769189479334408,23.00053676865271,5.803811057434245,12.211486849168008,3.1535158346752548,4.0995705850778315,1.2815351583467525,0.05367686527106817,0.18115942028985507,0.08722490606548577,,
82,7.897208803005904,32.37385936661299,9.769189479334408,22.98040794417606,5.917874396135265,12.211486849168008,3.1468062265163717,4.079441760601181,1.2815351583467525,0.05367686527106817,0.20128824476650564,0.08722490606548577,,
83,7.447665056360709,33.333333333333336,9.353193773483628,21.953837895866883,7.96430488459474,11.553945249597424,2.952227589908749,3.8378958668813743,1.261406333870102,0.05367686527106817,0.20128824476650564,0.08722490606548577,,
84,7.326892109500805,33.25281803542673,9.480676328502415,21.947128287707997,7.96430488459474,11.553945249597424,2.952227589908749,3.851315083199141,1.261406333870102,0.08722490606548577,0.23483628556092323,0.08722490606548577,,
85,7.226247987117552,32.789855072463766,10.091250670960816,21.77938808373591,7.98443370907139,11.627750939345143,2.945517981749866,3.851315083199141,1.2949543746645196,0.08722490606548577,0.23483628556092323,0.08722490606548577,,
86,7.192699946323135,32.60198604401503,10.19189479334407,21.70558239398819,8.21256038647343,11.56736446591519,2.9589371980676327,3.864734299516908,1.2681159420289856,0.08722490606548577,0.2616747181964573,0.08722490606548577,,
87,7.206119162640902,32.35373054213634,10.413311862587225,21.316425120772948,8.313204508856682,11.506977992485238,3.361513687600644,3.864734299516908,1.2681159420289856,0.08722490606548577,0.2214170692431562,0.08722490606548577,,
88,7.226247987117552,32.2061191626409,10.554213633923778,21.309715512614062,8.145464304884594,11.466720343531938,3.5225442834138487,3.864734299516908,1.3083735909822867,0.08722490606548577,0.2214170692431562,0.08722490606548577,,
89,7.139023081052066,31.40096618357488,10.319377348362856,23.389694041867955,7.729468599033816,11.16478797638218,3.569511540526033,3.730542136339238,1.2144390767579174,0.08722490606548577,0.17444981213097155,0.08051529790660225,,
90,7.065217391304348,31.28690284487386,10.446859903381643,23.282340311325818,7.695920558239399,11.16478797638218,3.5963499731615673,3.770799785292539,1.2144390767579174,0.08722490606548577,0.30864197530864196,0.08051529790660225,,
91,6.937734836285561,31.21309715512614,10.413311862587225,23.51046698872786,7.6556629092860975,11.131239935587761,3.616478797638218,3.770799785292539,1.2949543746645196,0.11406333870101985,0.2616747181964573,0.08051529790660225,,
92,6.951154052603328,31.179549114331724,10.61460010735373,23.161567364465917,7.64224369296833,11.077563070316694,3.7372517444981215,3.8580246913580245,1.3217928073000538,0.11406333870101985,0.2616747181964573,0.08051529790660225,,
93,6.951154052603328,30.803811057434245,10.681696188942565,23.00053676865271,7.763016639828234,10.88298443370907,3.8580246913580245,4.133118625872249,1.4694041867954912,0.11406333870101985,0.2616747181964573,0.08051529790660225,,
94,6.977992485238862,30.743424584004295,10.742082662372518,23.00053676865271,7.803274288781535,10.782340311325818,3.8848631239935587,4.133118625872249,1.4761137949543746,0.11406333870101985,0.2616747181964573,0.08051529790660225,,
95,7.118894256575416,30.683038110574344,10.701825013419215,22.98040794417606,7.7898550724637685,10.695115405260333,3.8848631239935587,4.233762748255502,1.442565754159957,0.11406333870101985,0.2616747181964573,0.0939345142243693,,
96,6.957863660762212,30.54884594739667,11.044015029522276,22.86634460547504,7.7898550724637685,10.695115405260333,3.992216854535695,4.327697262479871,1.3553408480944713,0.11406333870101985,0.2147074610842727,0.0939345142243693,,
97,6.998121309715513,30.475040257648953,10.983628556092324,22.571121846484164,7.749597423510467,10.695115405260333,4.200214707461084,4.53569511540526,1.3419216317767042,0.11406333870101985,0.24154589371980675,0.0939345142243693,,
98,6.394256575415996,31.085614600107355,11.09098228663446,22.33628556092324,7.709339774557166,10.63472893183038,4.374664519592056,4.53569511540526,1.3486312399355878,0.11406333870101985,0.24154589371980675,0.13419216317767044,,
99,6.454643048845948,31.052066559312937,12.721417069243156,21.162104133118625,7.192699946323135,10.601180891035963,4.468599033816425,4.508856682769726,1.3486312399355878,0.11406333870101985,0.24154589371980675,0.13419216317767044,,
100,6.367418142780462,29.857756307031668,12.466451959205582,23.309178743961354,7.065217391304348,10.373054213633925,4.294149221685454,4.4753086419753085,1.3083735909822867,0.10735373054213634,0.24154589371980675,0.13419216317767044,,
101,5.340848094471283,35.10466988727858,10.735373054213634,22.25577026301664,6.66935050993022,10.02415458937198,4.334406870638754,3.844605475040258,1.2681159420289856,0.04696725711218465,0.24154589371980675,0.13419216317767044,,
102,5.280461621041331,34.86312399355877,10.768921095008052,21.953837895866883,7.48792270531401,9.4873859366613,4.435050993022007,3.844605475040258,1.415727321524423,0.06038647342995169,0.2683843263553409,0.13419216317767044,,
103,5.3341384863123995,34.78931830381106,10.68840579710145,21.906870638754697,7.494632313472893,9.4873859366613,4.435050993022007,3.9586688137412773,1.415727321524423,0.06038647342995169,0.2952227589908749,0.13419216317767044,,
104,4.998658078368224,32.910628019323674,9.131776704240472,30.12614063338701,7.266505636070853,7.306763285024155,3.2139023081052067,3.280998389694042,1.2748255501878691,0.06038647342995169,0.2952227589908749,0.13419216317767044,,
105,4.8443370907139025,32.79656468062265,9.473966720343531,30.09259259259259,7.25979602791197,7.27992485238862,3.2340311325818574,3.2474503488996245,1.2815351583467525,0.06038647342995169,0.2952227589908749,0.13419216317767044,,
106,4.864465915190553,32.52147074610843,9.614868491680086,29.898013955984972,7.501341921631776,7.239667203435319,3.4151905528717124,3.1870638754696725,1.2815351583467525,0.04696725711218465,0.2952227589908749,0.13419216317767044,,
107,4.87788513150832,32.2061191626409,9.782608695652174,29.66988727858293,7.39398819108964,7.226247987117552,3.6902844873859366,3.3950617283950617,1.2815351583467525,0.04696725711218465,0.2952227589908749,0.13419216317767044,,
108,4.918142780461621,31.944444444444443,9.91009125067096,29.51556629092861,7.461084272678476,7.239667203435319,3.8378958668813743,3.3950617283950617,1.3016639828234031,0.04696725711218465,0.2952227589908749,0.13419216317767044,,
109,4.898013955984971,31.38083735909823,10.071121846484166,29.367954911433173,7.581857219538379,7.199409554482019,4.03918411164788,3.6231884057971016,1.3553408480944713,0.04696725711218465,0.2952227589908749,0.14090177133655393,,
110,4.918142780461621,31.260064412238325,10.131508319914117,29.354535695115406,7.561728395061729,7.1658615136876005,4.052603327965647,3.6768652710681695,1.3888888888888888,0.04696725711218465,0.2952227589908749,0.14761137949543746,,
111,4.918142780461621,30.938003220611915,10.44015029522276,29.180085882984432,7.561728395061729,7.1658615136876005,4.240472356414386,3.6768652710681695,1.3888888888888888,0.04696725711218465,0.2952227589908749,0.14761137949543746,,
112,4.931561996779388,30.85077831454643,10.433440687063875,29.17337627482555,7.561728395061729,7.159151905528717,4.26731078904992,3.743961352657005,1.3888888888888888,0.04696725711218465,0.2952227589908749,0.14761137949543746,,
113,4.985238862050457,30.360976918947934,10.305958132045088,29.09957058507783,7.561728395061729,7.118894256575416,4.388083735909823,4.274020397208803,1.415727321524423,0.04696725711218465,0.2952227589908749,0.14761137949543746,,
114,4.4820182501341925,29.924852388620504,10.453569511540525,24.22168545356951,7.467793880837359,12.983091787439614,4.274020397208803,4.2270531400966185,1.4761137949543746,0.04696725711218465,0.2952227589908749,0.14761137949543746,,
115,4.394793344068707,29.441760601180892,10.030864197530864,26.737788513150832,7.286634460547504,12.057165861513688,4.260601180891036,3.992216854535695,1.2815351583467525,0.04696725711218465,0.322061191626409,0.14761137949543746,,
116,4.247181964573269,29.240472356414386,10.030864197530864,27.462426194310254,7.152442297369833,11.949812130971551,4.488727858293076,3.656736446591519,1.2815351583467525,0.04696725711218465,0.2952227589908749,0.14761137949543746,,
117,4.28743961352657,29.09286097691895,9.856414385399892,27.355072463768117,7.514761137949543,11.902844873859367,4.5960815888352125,3.656736446591519,1.2815351583467525,0.04696725711218465,0.2616747181964573,0.14761137949543746,,
118,4.314278046162104,28.992216854535695,9.923510466988727,26.100375738056897,7.447665056360709,11.802200751476114,4.542404723564144,5.0993022007514766,1.247987117552335,0.04696725711218465,0.2616747181964573,0.2214170692431562,,
119,4.367954911433173,28.972088030059044,9.916800858829845,25.925925925925927,7.387278582930757,11.735104669887278,4.663177670424047,5.065754159957058,1.3620504562533549,0.04696725711218465,0.322061191626409,0.2214170692431562,0.013419216317767043,
120,4.374664519592056,28.824476650563607,10.050993022007514,25.85882984433709,7.03166935050993,11.58749329039184,4.696725711218465,5.340848094471283,1.3620504562533549,0.04696725711218465,0.35560923242082665,0.4562533548040794,0.013419216317767043,
121,4.119699409554482,27.76435856146001,10.88298443370907,26.341921631776703,6.957863660762212,11.486849168008588,4.750402576489533,5.4616210413311865,1.3620504562533549,0.04696725711218465,0.35560923242082665,0.4562533548040794,0.013419216317767043,
122,4.133118625872249,27.737520128824478,11.017176596886742,26.382179280730007,6.91760601180891,11.3191089640365,4.750402576489533,5.488459473966721,1.3821792807300053,0.04696725711218465,0.35560923242082665,0.4562533548040794,0.013419216317767043,
123,4.146537842190016,27.449006977992486,11.325818572195384,25.97289318303811,7.098765432098766,11.272141706924316,4.944981213097155,5.508588298443371,1.4090177133655395,0.04696725711218465,0.35560923242082665,0.4562533548040794,0.013419216317767043,
124,4.180085882984434,27.220880300590444,11.480139559849706,25.91250670960816,7.25979602791197,11.037305421363392,5.038915727321524,5.428073000536768,1.6103059581320451,0.04696725711218465,0.35560923242082665,0.41599570585077833,0.013419216317767043,
125,4.180085882984434,27.106816961889425,12.06387546967257,25.254965110037574,7.25979602791197,10.970209339774557,5.166398282340311,5.488459473966721,1.6774020397208802,0.04696725711218465,0.35560923242082665,0.41599570585077833,0.013419216317767043,
126,3.9519592055823938,23.05421363392378,9.621578099838969,38.6808910359635,5.401234567901234,8.413848631239935,4.757112184648417,4.38137412775094,1.1406333870101986,0.04696725711218465,0.19457863660762212,0.3421900161030596,0.013419216317767043,
127,3.878153515834675,22.463768115942027,9.822866344605474,38.7614063338701,5.770263016639828,8.299785292538916,4.944981213097155,4.38137412775094,1.0802469135802468,0.04696725711218465,0.19457863660762212,0.3421900161030596,0.013419216317767043,
128,3.9184111647879765,22.443639291465377,9.816156736446592,38.67418142780462,5.770263016639828,8.293075684380032,5.032206119162641,4.374664519592056,1.0802469135802468,0.04696725711218465,0.19457863660762212,0.3421900161030596,0.013419216317767043,
129,3.992216854535695,22.322866344605476,9.923510466988727,38.37224906065486,5.60252281266774,8.527911969940956,5.22007514761138,4.30756843800322,1.133923778851315,0.04696725711218465,0.19457863660762212,0.3421900161030596,0.013419216317767043,
130,4.025764895330113,21.477455716586153,10.795759527643586,37.8690284487386,5.656199677938808,8.407139023081053,5.3341384863123995,4.736983360171766,1.1003757380568975,0.04696725711218465,0.19457863660762212,0.3421900161030596,0.013419216317767043,
131,4.045893719806763,21.39694041867955,10.748792270531402,37.546967257112186,5.911164787976382,8.313204508856682,5.448201825013419,4.864465915190553,1.1272141706924315,0.04696725711218465,0.19457863660762212,0.3421900161030596,0.013419216317767043,
132,4.072732152442297,21.316425120772948,10.856146001073537,37.493290391841114,5.911164787976382,8.313204508856682,5.448201825013419,4.864465915190553,1.1272141706924315,0.04696725711218465,0.19457863660762212,0.3421900161030596,0.013419216317767043,
133,4.025764895330113,20.987654320987655,11.2788513150832,35.48040794417606,5.978260869565218,10.399892646269459,5.314009661835748,4.864465915190553,1.0735373054213635,0.04696725711218465,0.19457863660762212,0.3421900161030596,0.013419216317767043,
134,4.019055287171229,20.873590982286636,11.265432098765432,35.27241009125067,6.099033816425121,10.426731078904991,5.508588298443371,4.851046698872786,1.0735373054213635,0.04696725711218465,0.20799785292538917,0.3421900161030596,0.013419216317767043,
135,3.851315083199141,17.37788513150832,10.151637144390767,35.15163714439077,6.031937734836285,14.99597423510467,5.46833064949007,5.0858829844337095,1.1406333870101986,0.04696725711218465,0.3153515834675255,0.36902844873859364,0.013419216317767043,
136,3.8580246913580245,17.23027375201288,10.104669887278583,34.76918947933441,6.031937734836285,14.99597423510467,5.83064949006978,5.293880837359098,1.1406333870101986,0.04696725711218465,0.3153515834675255,0.36902844873859364,0.013419216317767043,
137,3.6768652710681695,16.505636070853463,9.863123993558776,36.520397208803004,5.864197530864198,14.53972088030059,5.776972624798712,5.3341384863123995,1.1741814278046163,0.04696725711218465,0.3153515834675255,0.36902844873859364,0.013419216317767043,
138,3.69699409554482,16.243961352657006,9.950348899624261,36.500268384326354,5.837359098228664,14.452495974235104,5.964841653247451,5.4549114331723025,1.1473429951690821,0.04696725711218465,0.322061191626409,0.36902844873859364,0.013419216317767043,
139,3.717122920021471,16.129898013955984,10.010735373054214,36.33923778851315,5.83064949006978,14.412238325281804,6.105743424584004,5.555555555555555,1.1473429951690821,0.04696725711218465,0.322061191626409,0.36902844873859364,0.013419216317767043,
140,3.7238325281803544,16.06280193236715,10.017444981213098,36.2788513150832,5.917874396135265,14.392109500805153,6.159420289855072,5.548845947396672,1.1473429951690821,0.04696725711218465,0.322061191626409,0.36902844873859364,0.013419216317767043,
141,3.7238325281803544,16.06280193236715,10.044283413848632,36.252012882447666,5.917874396135265,14.392109500805153,6.159420289855072,5.548845947396672,1.1473429951690821,0.04696725711218465,0.322061191626409,0.36902844873859364,0.013419216317767043,
142,3.616478797638218,15.935319377348362,10.258990874932904,36.292270531400966,5.837359098228664,14.318303811057435,6.132581857219538,5.5756843800322065,1.2144390767579174,0.11406333870101985,0.322061191626409,0.36902844873859364,0.013419216317767043,
143,3.656736446591519,15.83467525496511,10.540794417606012,36.02388620504563,5.864197530864198,14.190821256038648,6.213097155126141,5.5756843800322065,1.2815351583467525,0.11406333870101985,0.322061191626409,0.36902844873859364,0.013419216317767043,
144,3.643317230273752,15.780998389694043,10.540794417606012,35.75550187869028,6.159420289855072,14.002952227589908,6.260064412238325,5.669618894256575,1.3955984970477724,0.11406333870101985,0.2952227589908749,0.36902844873859364,0.013419216317767043,
145,3.643317230273752,15.526033279656469,10.466988727858293,35.39989264626946,7.4006977992485234,13.654052603327965,6.146001073537305,5.689747718733226,1.288244766505636,0.11406333870101985,0.2952227589908749,0.36231884057971014,0.013419216317767043,
146,3.455448201825013,15.438808373590982,10.701825013419215,36.808910359635,6.6760601180891035,13.519860440150294,5.958132045088567,5.475040257648954,1.2077294685990339,0.11406333870101985,0.2683843263553409,0.36231884057971014,0.013419216317767043,
147,3.455448201825013,15.123456790123457,10.983628556092324,36.72168545356951,6.642512077294686,13.405797101449275,6.099033816425121,5.60252281266774,1.2077294685990339,0.11406333870101985,0.2683843263553409,0.36231884057971014,0.013419216317767043,
148,3.4957058507783145,15.03623188405797,11.191626409017713,36.580783682232955,6.5552871712292005,13.358829844337091,6.206387546967257,5.60252281266774,1.1876006441223832,0.11406333870101985,0.2952227589908749,0.36231884057971014,0.013419216317767043,
149,3.4151905528717124,14.962426194310252,11.446591519055287,36.272141706924316,6.588835212023618,13.217928073000536,6.541867954911433,5.488459473966721,1.1876006441223832,0.11406333870101985,0.32877079978529256,0.4227053140096618,0.013419216317767043,
150,3.3950617283950617,14.700751476113794,12.593934514224369,35.27241009125067,6.582125603864735,13.137412775093935,6.561996779388084,5.488459473966721,1.2144390767579174,0.11406333870101985,0.32877079978529256,0.5971551261406334,0.013419216317767043,
151,3.435319377348363,14.647074610842727,12.620772946859903,35.23215244229737,6.582125603864735,13.050187869028449,6.561996779388084,5.501878690284487,1.3016639828234031,0.1274825550187869,0.32877079978529256,0.5971551261406334,0.013419216317767043,
152,3.4286097691894795,14.620236178207193,12.68786902844874,35.15163714439077,6.568706387546968,12.915995705850777,6.5485775630703165,5.475040257648954,1.4761137949543746,0.1274825550187869,0.36231884057971014,0.6239935587761675,0.013419216317767043,
153,3.4688674181427803,14.526301663982823,12.674449812130971,35.02415458937198,6.568706387546968,12.848899624261943,6.662640901771336,5.515297906602254,1.5365002683843263,0.17444981213097155,0.36231884057971014,0.6239935587761675,0.013419216317767043,
154,3.4822866344605474,14.38539989264627,12.822061191626409,34.836285560923244,6.528448738593666,12.815351583467525,6.830381105743425,5.555555555555555,1.570048309178744,0.17444981213097155,0.36231884057971014,0.6239935587761675,0.013419216317767043,
155,3.5426731078904994,14.371980676328503,12.667740203972087,34.614868491680085,6.501610305958132,12.661030595813205,7.078636607622115,5.629361245303274,1.7981749865807837,0.17444981213097155,0.33548040794417605,0.6105743424584005,0.013419216317767043,
156,3.589640365002684,14.251207729468598,12.761674718196458,34.54106280193237,6.521739130434782,12.661030595813205,7.125603864734299,5.615942028985507,1.7981749865807837,0.17444981213097155,0.33548040794417605,0.6105743424584005,0.013419216317767043,
157,3.5426731078904994,14.023081052066559,13.043478260869565,34.42699946323135,7.0383789586688135,12.245034889962426,7.192699946323135,5.495169082125604,1.8250134192163177,0.20799785292538917,0.33548040794417605,0.6105743424584005,0.013419216317767043,
158,3.5628019323671496,13.90901771336554,12.969672571121846,34.15861513687601,6.843800322061192,12.31213097155126,7.132313472893183,6.172839506172839,1.8719806763285025,0.23483628556092323,0.4428341384863124,0.3757380568974772,0.013419216317767043,
159,3.5762211486849167,13.862050456253355,13.318572195383789,33.621846484165324,6.810252281266774,12.157809983896941,7.1658615136876005,6.380837359098229,2.0263016639828235,0.23483628556092323,0.4562533548040794,0.3757380568974772,0.013419216317767043,
160,3.5225442834138487,13.88888888888889,13.372249060654857,33.17901234567901,6.863929146537842,12.144390767579173,7.313472893183038,6.528448738593666,2.086688137412775,0.23483628556092323,0.4562533548040794,0.39586688137412773,0.013419216317767043,
161,3.5426731078904994,13.79495437466452,13.318572195383789,33.21256038647343,6.857219538378959,12.130971551261407,7.313472893183038,6.629092860976919,2.120236178207193,0.23483628556092323,0.4562533548040794,0.3757380568974772,0.013419216317767043,
162,3.603059581320451,13.754696725711218,13.318572195383789,33.13204508856683,6.91760601180891,12.124261943102523,7.273215244229737,6.662640901771336,2.13365539452496,0.23483628556092323,0.4562533548040794,0.3757380568974772,0.013419216317767043,
163,3.6097691894793345,13.754696725711218,13.318572195383789,32.9374664519592,6.91760601180891,12.097423510466989,7.454374664519592,6.662640901771336,2.167203435319377,0.23483628556092323,0.4562533548040794,0.3757380568974772,0.013419216317767043,
164,3.6366076221148687,13.714439076757918,13.238056897477188,32.776435856146,7.300053676865271,11.882716049382717,7.50805152979066,6.629092860976919,2.2342995169082127,0.23483628556092323,0.4562533548040794,0.3757380568974772,0.013419216317767043,
165,3.629898013955985,13.613794954374665,13.372249060654857,32.347020933977454,7.253086419753086,12.151100375738057,7.897208803005904,6.622383252818035,2.033011272141707,0.23483628556092323,0.4562533548040794,0.3757380568974772,0.013419216317767043,
166,3.6500268384326353,13.573537305421363,13.41250670960816,32.26650563607085,7.152442297369833,12.151100375738057,8.091787439613526,6.588835212023618,2.033011272141707,0.23483628556092323,0.4562533548040794,0.3757380568974772,0.013419216317767043,
167,3.69699409554482,13.539989264626946,13.573537305421363,32.19269994632314,7.105475040257649,12.151100375738057,8.172302737520129,6.454643048845948,2.033011272141707,0.23483628556092323,0.4562533548040794,0.3757380568974772,0.013419216317767043,
168,3.69699409554482,13.439345142243694,13.694310252281268,31.99812130971551,7.132313472893183,12.177938808373591,8.3467525496511,6.380837359098229,2.0263016639828235,0.2616747181964573,0.4562533548040794,0.3757380568974772,0.013419216317767043,
169,3.7104133118625873,13.291733762748256,13.734567901234568,31.85721953837896,7.132313472893183,12.04374664519592,8.360171765968868,6.5485775630703165,2.1739130434782608,0.2616747181964573,0.49651100375738055,0.3757380568974772,0.013419216317767043,
170,3.730542136339238,13.285024154589372,13.747987117552334,31.716317767042405,7.132313472893183,11.98336017176597,8.433977455716587,6.649221685453569,2.1739130434782608,0.2616747181964573,0.49651100375738055,0.3757380568974772,0.013419216317767043,
171,3.7238325281803544,13.285024154589372,13.754696725711218,31.40096618357488,7.132313472893183,12.050456253354804,8.628556092324208,6.635802469135802,2.2611379495437465,0.2616747181964573,0.47638217928073,0.3757380568974772,0.013419216317767043,
172,3.770799785292539,13.285024154589372,13.747987117552334,31.40096618357488,7.112184648416532,12.010198604401502,8.621846484165324,6.622383252818035,2.2879763821792807,0.2616747181964573,0.48980139559849706,0.3757380568974772,0.013419216317767043,
173,3.784219001610306,13.137412775093935,13.841921631776705,30.790391841116477,7.071926999463232,12.010198604401502,8.917069243156199,6.984702093397746,2.2879763821792807,0.2616747181964573,0.48980139559849706,0.4092860976918948,0.013419216317767043,
174,3.797638217928073,13.123993558776167,13.841921631776705,30.783682232957595,7.065217391304348,12.010198604401502,8.896940418679549,6.984702093397746,2.314814814814815,0.2616747181964573,0.48980139559849706,0.41599570585077833,0.013419216317767043,
175,3.7573805689747717,13.043478260869565,13.83521202361782,30.54884594739667,6.991411701556629,11.56736446591519,9.078099838969404,8.011272141706923,2.046430488459474,0.2616747181964573,0.48980139559849706,0.35560923242082665,0.013419216317767043,
176,3.603059581320451,12.446323134728932,13.425925925925926,32.8972088030059,6.239935587761675,11.500268384326356,8.964036500268385,8.017981749865807,1.9927536231884058,0.23483628556092323,0.30864197530864196,0.35560923242082665,0.013419216317767043,
177,3.6097691894793345,12.432903918411165,13.39237788513151,32.86366076221149,6.239935587761675,11.500268384326356,9.024422973698336,8.031400966183575,1.9927536231884058,0.23483628556092323,0.30864197530864196,0.35560923242082665,0.013419216317767043,
178,3.5762211486849167,12.245034889962426,13.45276435856146,32.930756843800324,6.219806763285024,11.3593666129898,9.104938271604938,8.031400966183575,2.1135265700483092,0.23483628556092323,0.3153515834675255,0.4025764895330113,0.013419216317767043,
179,3.603059581320451,12.151100375738057,13.459473966720344,32.830112721417066,6.300322061191626,11.252012882447666,9.232420826623725,8.05823939881911,2.1135265700483092,0.2683843263553409,0.3153515834675255,0.4025764895330113,0.013419216317767043,
180,3.5963499731615673,12.090713902308105,13.446054750402576,32.76301663982824,6.293612453032743,11.231884057971014,9.494095544820183,7.957595276435856,2.1135265700483092,0.2683843263553409,0.3153515834675255,0.41599570585077833,0.013419216317767043,
181,3.6768652710681695,12.090713902308105,13.446054750402576,32.48792270531401,6.293612453032743,11.198336017176597,9.688674181427805,7.957595276435856,2.147074610842727,0.2683843263553409,0.3153515834675255,0.41599570585077833,0.013419216317767043,
