,45,50,55,51,52,57,54,53,56,59,60,58
0,99.48336017176597,0.5166398282340311,,,,,,,,,,
1,96.92699946323135,3.0730005367686526,,,,,,,,,,
2,93.8539989264627,6.146001073537305,,,,,,,,,,
3,51.25469672571122,46.65861513687601,2.086688137412775,,,,,,,,,
4,49.32903918411165,48.15485775630703,2.5161030595813205,,,,,,,,,
5,48.389694041867955,48.97342995169082,2.636876006441224,,,,,,,,,
6,48.22195383789587,48.8191089640365,2.7777777777777777,0.0939345142243693,0.08722490606548577,,,,,,,
7,45.62533548040794,51.38217928073001,2.8113258185721954,0.0939345142243693,0.08722490606548577,,,,,,,
8,45.289855072463766,51.42243692968331,3.052871712292002,0.12077294685990338,0.08722490606548577,0.026838432635534086,,,,,,
9,42.54562533548041,52.764358561460014,3.33467525496511,0.10735373054213634,0.08722490606548577,0.026838432635534086,1.133923778851315,,,,,
10,42.51207729468599,52.43558776167472,3.69699409554482,0.10735373054213634,0.08722490606548577,0.026838432635534086,1.133923778851315,,,,,
11,42.008856682769725,51.006441223832525,3.844605475040258,0.10735373054213634,0.08722490606548577,0.026838432635534086,0.7112184648416533,2.2074610842726785,,,,
12,39.90874932903918,52.75093934514224,4.019055287171229,0.10735373054213634,0.08722490606548577,0.14090177133655393,0.6239935587761675,2.147074610842727,0.15432098765432098,0.06038647342995169,,
13,40.01610305958132,52.462426194310254,4.180085882984434,0.10735373054213634,0.08722490606548577,0.14090177133655393,0.6105743424584005,2.147074610842727,0.15432098765432098,0.06038647342995169,0.03354804079441761,
14,39.91545893719807,52.563070316693505,4.180085882984434,0.10735373054213634,0.08722490606548577,0.14090177133655393,0.6105743424584005,2.0665593129361244,0.15432098765432098,0.05367686527106817,0.03354804079441761,0.08722490606548577
15,39.98926462694579,49.81884057971015,4.193505099302201,0.1610305958132045,0.08722490606548577,0.14090177133655393,0.8588298443370908,4.42163177670424,0.15432098765432098,0.05367686527106817,0.03354804079441761,0.08722490606548577
16,39.78797638217928,49.77858293075684,4.327697262479871,0.1610305958132045,0.08722490606548577,0.2281266774020397,0.8319914117015567,4.468599033816425,0.15432098765432098,0.05367686527106817,0.03354804079441761,0.08722490606548577
17,39.720880300590444,49.382716049382715,4.656468062265164,0.2952227589908749,0.08722490606548577,0.2281266774020397,0.8118625872249061,4.3545356951154055,0.15432098765432098,0.05367686527106817,0.03354804079441761,0.2214170692431562
18,39.28475577026302,45.209339774557165,8.071658615136876,0.2952227589908749,0.08722490606548577,0.2281266774020397,2.15378421900161,4.206924315619967,0.15432098765432098,0.05367686527106817,0.03354804079441761,0.2214170692431562
19,39.13714439076758,44.7061191626409,7.434245840042942,0.2952227589908749,0.08722490606548577,0.2281266774020397,2.046430488459474,5.60252281266774,0.15432098765432098,0.05367686527106817,0.03354804079441761,0.2214170692431562
20,38.91572732152442,44.00831991411702,8.319914117015566,0.2952227589908749,0.08722490606548577,0.2281266774020397,2.046430488459474,5.609232420826624,0.15432098765432098,0.05367686527106817,0.020128824476650563,0.2616747181964573
21,38.75469672571122,44.115673644659154,8.3064949006978,0.2952227589908749,0.08722490606548577,0.2281266774020397,2.1135265700483092,5.609232420826624,0.15432098765432098,0.05367686527106817,0.020128824476650563,0.2616747181964573
22,38.81508319914117,42.29736983360172,9.903381642512077,0.2952227589908749,0.08722490606548577,0.38915727321524424,2.1135265700483092,5.609232420826624,0.15432098765432098,0.05367686527106817,0.020128824476650563,0.2616747181964573
23,38.63392377885131,41.74718196457327,9.749060654857756,0.2952227589908749,0.08722490606548577,0.38915727321524424,2.999194847020934,5.609232420826624,0.15432098765432098,0.05367686527106817,0.020128824476650563,0.2616747181964573
24,38.53327965646806,36.16478797638218,6.447933440687064,0.2952227589908749,0.08722490606548577,0.38915727321524424,13.043478260869565,4.830917874396135,0.15432098765432098,0.03354804079441761,0.020128824476650563,
25,38.05018786902845,35.55421363392378,6.347289318303811,0.2952227589908749,1.1808910359634996,0.38915727321524424,13.030059044551798,4.830917874396135,0.15432098765432098,0.03354804079441761,0.13419216317767044,
26,37.754965110037574,35.37305421363392,6.387546967257112,0.3757380568974772,1.1808910359634996,0.38915727321524424,13.177670424047236,4.9651100375738055,0.15432098765432098,0.10735373054213634,0.13419216317767044,
27,37.39264626945786,33.63526570048309,6.387546967257112,0.3757380568974772,0.8588298443370908,0.3757380568974772,12.97638217928073,7.380568974771873,0.15432098765432098,0.1878690284487386,0.13419216317767044,0.14090177133655393
28,37.224906065485776,33.73590982286635,6.360708534621578,0.32877079978529256,0.8588298443370908,0.3757380568974772,13.056897477187333,7.440955448201825,0.15432098765432098,0.1878690284487386,0.13419216317767044,0.14090177133655393
29,37.19135802469136,33.57487922705314,5.998389694041868,0.32877079978529256,0.95276435856146,0.1610305958132045,12.734836285560924,8.152173913043478,0.15432098765432098,0.322061191626409,0.13419216317767044,0.2952227589908749
30,37.164519592055825,33.24610842726785,6.112453032742888,0.32877079978529256,0.95276435856146,0.1610305958132045,12.97638217928073,8.152173913043478,0.15432098765432098,0.322061191626409,0.13419216317767044,0.2952227589908749
31,37.11755233494364,32.326892109500804,5.917874396135265,0.3153515834675255,0.9393451422436929,0.24825550187869028,13.989533011272142,8.105206655931294,0.2885131508319914,0.322061191626409,0.13419216317767044,0.2952227589908749
32,34.695383789586685,33.313204508856685,4.951690821256038,0.3153515834675255,0.8521202361782072,0.20128824476650564,14.38539989264627,10.292538915727322,0.2885131508319914,0.322061191626409,0.1274825550187869,0.2549651100375738
33,31.40096618357488,35.66156736446592,4.260601180891036,0.2885131508319914,0.7783145464304885,0.20128824476650564,14.412238325281804,11.990069779924852,0.30193236714975846,0.322061191626409,0.1274825550187869,0.2549651100375738
34,31.166129898013956,35.57434245840043,4.367954911433173,0.38915727321524424,0.8856682769726248,0.2683843263553409,14.479334406870638,11.862587224906065,0.30193236714975846,0.322061191626409,0.1274825550187869,0.2549651100375738
35,30.951422436929683,35.547504025764894,4.428341384863124,0.5770263016639828,0.8856682769726248,0.2683843263553409,14.432367149758454,11.862587224906065,0.30193236714975846,0.36231884057971014,0.1274825550187869,0.2549651100375738
36,30.20665593129361,36.30568974771873,4.428341384863124,0.5770263016639828,0.8856682769726248,0.2683843263553409,14.418947933440688,11.862587224906065,0.30193236714975846,0.36231884057971014,0.1274825550187869,0.2549651100375738
37,28.33467525496511,34.88996242619431,4.26731078904992,0.5233494363929146,4.8443370907139025,0.2683843263553409,13.821792807300053,11.788781535158346,0.30193236714975846,0.5770263016639828,0.1274825550187869,0.2549651100375738
38,27.999194847020934,34.997316156736446,4.300858829844337,0.5233494363929146,4.8443370907139025,0.2683843263553409,13.714439076757918,11.889425657541599,0.3757380568974772,0.5770263016639828,0.1274825550187869,0.3824476650563607
39,28.039452495974235,34.96376811594203,4.300858829844337,0.5233494363929146,4.8443370907139025,0.2683843263553409,13.714439076757918,11.882716049382717,0.3757380568974772,0.5770263016639828,0.1274825550187869,0.3824476650563607
40,27.925389157273216,35.10466988727858,4.300858829844337,0.5233494363929146,4.783950617283951,0.30864197530864196,13.627214170692431,11.882716049382717,0.3757380568974772,0.6575415995705851,0.1274825550187869,0.3824476650563607
41,27.83816425120773,35.09125067096082,4.334406870638754,0.5636070853462157,4.783950617283951,0.30864197530864196,13.66076221148685,11.849168008588299,0.3757380568974772,0.6575415995705851,0.1274825550187869,0.4092860976918948
42,27.865002683843265,35.06441223832528,4.334406870638754,0.5636070853462157,4.783950617283951,0.2616747181964573,13.7211486849168,11.83574879227053,0.3757380568974772,0.6575415995705851,0.1274825550187869,0.4092860976918948
43,26.221148684916802,35.27241009125067,4.119699409554482,2.314814814814815,7.950885668276973,0.1610305958132045,10.520665593129362,11.600912506709609,0.6105743424584005,0.6910896403650026,0.1274825550187869,0.4092860976918948
44,25.946054750402578,34.554482018250134,3.8043478260869565,2.2611379495437465,7.9106280193236715,0.1610305958132045,10.560923242082662,12.949543746645196,0.644122383252818,0.6910896403650026,0.10735373054213634,0.4092860976918948
45,25.13419216317767,35.57434245840043,3.864734299516908,2.1068169618894257,7.816693505099302,0.2616747181964573,10.453569511540525,12.949543746645196,0.644122383252818,0.6910896403650026,0.10735373054213634,0.39586688137412773
46,25.201288244766506,35.487117552334944,3.9318303811057436,2.1068169618894257,7.682501341921632,0.4562533548040794,10.23215244229737,12.855609232420827,0.630703166935051,0.6776704240472357,0.10735373054213634,0.630703166935051
47,25.241545893719806,35.37305421363392,3.9855072463768115,2.0397208803005906,7.682501341921632,0.5300590445517982,10.218733225979603,12.788513150831992,0.630703166935051,0.6776704240472357,0.10735373054213634,0.7246376811594203
48,20.189210950080515,40.04965110037574,4.17337627482555,2.3550724637681157,7.353730542136339,0.5300590445517982,10.534084809447128,12.419484702093397,0.630703166935051,0.6776704240472357,0.10735373054213634,0.9796027911969941
49,19.753086419753085,38.14412238325282,3.9519592055823938,2.3550724637681157,16.955179817498657,0.322061191626409,5.401234567901234,11.312399355877616,0.630703166935051,0.17444981213097155,0.10735373054213634,0.8923778851315083
50,19.726247987117553,38.00322061191626,4.40150295222759,2.3550724637681157,16.525764895330113,0.41599570585077833,5.4549114331723025,11.312399355877616,0.630703166935051,0.17444981213097155,0.10735373054213634,0.8923778851315083
51,19.665861513687602,37.78180354267311,4.51556629092861,2.3550724637681157,16.49892646269458,0.5434782608695652,5.448201825013419,11.117820719269995,0.630703166935051,0.4092860976918948,0.10735373054213634,0.9259259259259259
52,19.464573268921097,30.05233494363929,4.005636070853462,10.57434245840043,16.472088030059044,0.5434782608695652,5.662909286097692,11.09098228663446,0.6910896403650026,0.4092860976918948,0.10735373054213634,0.9259259259259259
53,17.58588298443371,38.00322061191626,3.730542136339238,5.059044551798175,16.337895866881375,0.5434782608695652,5.629361245303274,11.003757380568974,0.6642512077294686,0.4092860976918948,0.10735373054213634,0.9259259259259259
54,17.67981749865808,37.92941492216855,3.7037037037037037,5.092592592592593,16.337895866881375,0.5434782608695652,5.615942028985507,10.896403650026839,0.6642512077294686,0.4092860976918948,0.10735373054213634,1.0198604401502953
55,17.337627482555018,37.486580783682236,3.5292538915727323,4.884594739667204,17.807300053676865,0.5166398282340311,5.844068706387547,10.279119699409554,0.8185721953837896,0.4092860976918948,0.10735373054213634,0.9796027911969941
56,17.19001610305958,37.513419216317764,3.6902844873859366,4.884594739667204,17.807300053676865,0.5166398282340311,5.803811057434245,10.265700483091788,0.8185721953837896,0.4092860976918948,0.10735373054213634,0.9930220075147611
57,17.257112184648417,37.19806763285024,3.6768652710681695,4.8376274825550185,17.58588298443371,0.6642512077294686,6.132581857219538,10.319377348362856,0.8185721953837896,0.4092860976918948,0.10735373054213634,0.9930220075147611
58,16.97530864197531,36.09769189479334,3.629898013955985,4.804079441760601,17.579173376274827,0.6642512077294686,7.863660762211487,10.084541062801932,0.8185721953837896,0.4227053140096618,0.10735373054213634,0.95276435856146
59,16.861245303274288,35.35963499731616,3.5829307568438002,7.226247987117552,16.23725174449812,0.9259259259259259,7.461084272678476,9.970477724100913,0.95276435856146,0.4227053140096618,0.10735373054213634,0.8923778851315083
60,16.914922168545356,34.97047772410091,3.683574879227053,7.266505636070853,16.42512077294686,1.133923778851315,7.306763285024155,9.970477724100913,0.9057971014492754,0.4227053140096618,0.10735373054213634,0.8923778851315083
61,17.062533548040793,34.68867418142781,3.8848631239935587,7.118894256575416,16.418411164787976,1.2144390767579174,7.27992485238862,9.829575952764358,1.1205045625335481,0.4227053140096618,0.10735373054213634,0.8521202361782072
62,16.948470209339774,33.13204508856683,3.851315083199141,7.098765432098766,16.51905528717123,1.3083735909822867,7.326892109500805,11.245303274288782,1.1943102522812667,0.41599570585077833,0.10735373054213634,0.8521202361782072
63,16.968599033816425,32.8569511540526,3.9855072463768115,7.071926999463232,16.566022544283413,1.415727321524423,7.320182501341922,11.104401502952227,1.1943102522812667,0.41599570585077833,0.10735373054213634,0.9930220075147611
64,16.80756843800322,31.66935050993022,5.10601180891036,7.071926999463232,15.613258185721953,1.6639828234031133,8.185721953837897,11.057434245840042,1.3083735909822867,0.41599570585077833,0.10735373054213634,0.9930220075147611
65,16.6129898013956,30.10601180891036,5.032206119162641,9.25925925925926,17.310789049919485,1.7176596886741815,6.132581857219538,10.86285560923242,1.4626945786366077,0.4025764895330113,0.10735373054213634,0.9930220075147611
66,16.431830381105744,29.61621041331186,4.696725711218465,12.31213097155126,17.163177670424048,1.6103059581320451,5.938003220611916,9.561191626409018,1.3687600644122384,0.3824476650563607,,0.9192163177670424
67,16.418411164787976,29.62962962962963,4.669887278582931,12.31213097155126,17.156468062265162,1.6505636070853462,5.864197530864198,9.561191626409018,1.4492753623188406,0.3824476650563607,,0.9057971014492754
68,16.512345679012345,29.47530864197531,4.736983360171766,12.218196457326892,17.11621041331186,1.751207729468599,5.810520665593129,9.500805152979066,1.5297906602254427,0.3824476650563607,,0.966183574879227
69,16.67337627482555,27.294685990338163,4.508856682769726,12.177938808373591,16.72705314009662,1.932367149758454,5.71658615136876,11.748523886205046,1.6639828234031133,0.5099302200751477,,1.0466988727858293
70,16.67337627482555,25.87895866881374,4.549114331723027,11.916264090177133,16.06280193236715,2.059849704777241,8.091787439613526,11.231884057971014,1.8585614600107354,0.630703166935051,,1.0466988727858293
71,16.72705314009662,25.77831454643049,4.53569511540526,11.916264090177133,16.06280193236715,2.059849704777241,8.152173913043478,11.137949543746645,1.9524959742351047,0.630703166935051,,1.0466988727858293
72,16.686795491143318,25.623993558776167,4.830917874396135,11.43317230273752,16.57944176060118,2.059849704777241,8.105206655931294,11.07085346215781,1.8719806763285025,0.6239935587761675,,1.1137949543746646
73,16.854535695115406,25.0805152979066,4.824208266237251,11.171497584541063,17.652979066022546,2.1806226516371443,7.581857219538379,11.077563070316694,1.8384326355340848,0.6239935587761675,,1.1137949543746646
74,16.955179817498657,24.986580783682232,4.8443370907139025,11.131239935587761,17.652979066022546,2.1806226516371443,7.514761137949543,11.178207192699947,1.8183038110574343,0.6239935587761675,,1.1137949543746646
75,17.082662372517444,24.852388620504563,4.8443370907139025,11.151368760064413,17.344337090713903,2.428878153515835,7.62211486849168,11.144659151905529,1.8183038110574343,0.6239935587761675,,1.0869565217391304
76,17.102791196994094,24.892646269457863,4.924852388620504,11.097691894793345,17.310789049919485,2.462426194310252,7.608695652173913,11.097691894793345,1.7914653784219001,0.6239935587761675,,1.0869565217391304
77,17.20343531937735,24.818840579710145,5.045625335480408,10.976918947933441,17.277241009125067,2.38191089640365,7.494632313472893,11.07085346215781,1.90552871712292,0.7380568974771873,,1.0869565217391304
78,17.458400429414922,24.798711755233494,5.166398282340311,10.856146001073537,17.176596886741816,2.3550724637681157,7.306763285024155,10.963499731615673,1.9457863660762211,0.7380568974771873,,1.2345679012345678
79,17.364465915190554,24.422973698336016,5.233494363929147,10.748792270531402,17.136339237788512,2.3550724637681157,7.37385936661299,11.198336017176597,2.1135265700483092,0.7380568974771873,,1.3150831991411702
80,17.196725711218466,24.54374664519592,5.374396135265701,10.748792270531402,17.002147074610843,2.428878153515835,7.340311325818572,11.265432098765432,2.046430488459474,0.7380568974771873,,1.3150831991411702
81,16.760601180891037,23.18840579710145,4.193505099302201,10.621309715512615,17.297369833601717,2.4825550187869028,10.534084809447128,10.929951690821255,1.9457863660762211,0.7380568974771873,,1.3083735909822867
82,16.80756843800322,23.181696188942567,4.193505099302201,10.527375201288244,17.391304347826086,2.4825550187869028,10.071121846484166,10.876274825550189,2.0128824476650564,1.1473429951690821,,1.3083735909822867
83,16.666666666666668,23.295759527643586,4.17337627482555,10.560923242082662,17.391304347826086,2.4825550187869028,10.050993022007514,10.802469135802468,2.120236178207193,1.1473429951690821,,1.3083735909822867
84,16.700214707461082,23.21524422973698,4.240472356414386,10.581052066559312,17.357756307031668,2.4825550187869028,9.936929683306495,10.795759527643586,2.1940418679549114,1.1876006441223832,,1.3083735909822867
85,16.659957058507782,23.060923242082662,4.3478260869565215,10.661567364465915,17.391304347826086,2.4490069779924855,9.970477724100913,10.775630703166936,2.187332259796028,1.1876006441223832,,1.3083735909822867
86,15.318035426731079,19.95437466451959,6.045356951154052,14.049919484702093,17.136339237788512,2.442297369833602,9.749060654857756,10.426731078904991,2.38191089640365,1.1876006441223832,,1.3083735909822867
87,15.250939345142244,19.880568974771872,6.092324208266238,14.096886741814279,17.122920021470748,2.442297369833602,9.749060654857756,10.413311862587225,2.4557165861513686,1.1876006441223832,,1.3083735909822867
88,15.331454643048845,19.766505636070853,6.199677938808374,13.969404186795492,17.12962962962963,2.442297369833602,9.789318303811058,10.272410091250672,2.5429414922168547,1.2546967257112185,,1.3016639828234031
89,15.378421900161031,19.692699946323135,6.179549114331723,13.942565754159958,18.927804616210413,2.5563607085346214,8.024691358024691,10.25228126677402,2.5161030595813205,1.2010198604401503,,1.328502415458937
90,15.619967793880837,19.55179817498658,5.22007514761138,13.647342995169081,19.860440150295222,2.5563607085346214,8.071658615136876,10.245571658615138,2.6972624798711755,1.2010198604401503,,1.328502415458937
91,15.076489533011273,19.41760601180891,5.213365539452496,13.902308105206655,21.35668276972625,2.5831991411701556,7.769726247987117,9.494095544820183,2.898550724637681,0.9930220075147611,,1.2949543746645196
92,15.123456790123457,19.082125603864736,4.9651100375738055,13.714439076757918,21.34326355340848,2.5295222758990876,7.769726247987117,10.534084809447128,2.898550724637681,0.8319914117015567,,1.2077294685990339
93,15.190552871712292,19.03515834675255,4.9651100375738055,13.741277509393452,21.22920021470746,2.5026838432635534,7.702630166398282,10.534084809447128,3.0327428878153517,0.8722490606548577,,1.1943102522812667
94,15.11003757380569,19.108964036500268,5.005367686527107,13.727858293075684,21.07487922705314,2.4557165861513686,7.635534084809447,10.527375201288244,3.2340311325818574,0.9259259259259259,,1.1943102522812667
95,15.042941492216855,18.256843800322063,4.797369833601718,13.70101986044015,20.779656468062264,2.6637144390767578,8.662104133118627,10.721953837895867,3.240740740740741,0.9259259259259259,,1.2077294685990339
96,15.230810520665592,18.23671497584541,4.797369833601718,13.593666129898015,20.685721953837895,2.6637144390767578,8.608427267847558,10.916532474503489,3.1333870101986045,0.9259259259259259,,1.2077294685990339
97,15.096618357487923,17.921363392377884,4.998658078368224,13.781535158346752,20.632045088566827,2.6637144390767578,8.702361782071927,10.970209339774557,3.079710144927536,0.9259259259259259,,1.2278582930756843
98,15.063070316693505,17.94820182501342,4.958400429414922,13.674181427804616,20.471014492753625,2.9723564143853998,8.923778851315083,10.782340311325818,3.079710144927536,0.8990874932903918,,1.2278582930756843
99,15.203972088030058,17.867686527106816,5.005367686527107,13.466183574879228,20.263016639828233,3.1736446591519054,8.863392377885132,10.61460010735373,3.388352120236178,0.8990874932903918,,1.2546967257112185
100,15.237520128824476,17.92807300053677,5.005367686527107,13.466183574879228,20.148953301127214,3.3011272141706924,8.816425120772946,10.554213633923778,3.388352120236178,0.8990874932903918,,1.2546967257112185
101,15.163714439076758,18.095813204508858,4.9718196457326895,13.39237788513151,20.095276435856146,3.3011272141706924,8.890230810520666,10.554213633923778,3.4420289855072466,0.8387010198604401,,1.2546967257112185
102,14.99597423510467,17.733494363929147,5.173107890499195,16.97530864197531,19.0552871712292,3.0193236714975846,8.507783145464305,9.594739667203436,3.1468062265163717,0.5568974771873323,,1.2412775093934514
103,14.88191089640365,17.599302200751477,5.260332796564681,16.968599033816425,18.947933440687063,3.0864197530864197,8.675523349436393,9.614868491680086,3.193773483628556,0.5568974771873323,,1.2144390767579174
104,13.969404186795492,16.861245303274288,4.938271604938271,21.920289855072465,18.290391841116477,2.844873859366613,7.64224369296833,8.628556092324208,3.2004830917874396,0.5568974771873323,,1.1473429951690821
105,13.969404186795492,16.861245303274288,4.998658078368224,22.517444981213096,18.02200751476114,2.804616210413312,7.897208803005904,7.883789586688137,3.3816425120772946,0.5166398282340311,,1.1473429951690821
106,14.103596349973161,16.80756843800322,5.22007514761138,22.309447128287708,17.901234567901234,2.9253891572732154,7.85024154589372,7.836822329575953,3.3816425120772946,0.5166398282340311,,1.1473429951690821
107,13.419216317767042,16.532474503488995,6.327160493827161,20.933977455716587,19.410896403650028,2.8515834675254963,7.830112721417069,7.669082125603865,3.361513687600644,0.5166398282340311,,1.1473429951690821
108,13.39237788513151,16.431830381105744,6.944444444444445,20.819914117015568,19.11567364465915,2.871712292002147,7.823403113258186,7.427536231884058,3.5628019323671496,0.46296296296296297,,1.1473429951690821
109,13.43263553408481,16.223832528180353,6.998121309715513,20.625335480407944,19.02173913043478,3.0059044551798175,7.991143317230274,7.367149758454106,3.7238325281803544,0.46296296296296297,,1.1473429951690821
110,13.493022007514762,16.183574879227052,7.159151905528717,20.558239398819108,18.840579710144926,3.0327428878153517,7.9039184111647875,7.367149758454106,3.8580246913580245,0.4562533548040794,,1.1473429951690821
111,13.43263553408481,15.962157809983896,7.219538378958669,20.377079978529252,18.51851851851852,3.180354267310789,8.232689210950081,7.326892109500805,4.106280193236715,0.4562533548040794,,1.1876006441223832
112,13.493022007514762,15.915190552871712,7.232957595276436,20.26972624798712,18.51851851851852,3.180354267310789,8.333333333333334,7.27992485238862,4.17337627482555,0.4562533548040794,,1.1473429951690821
113,13.493022007514762,15.881642512077295,7.192699946323135,20.263016639828233,18.310520665593128,3.2742887815351582,8.427267847557703,7.239667203435319,4.314278046162104,0.4562533548040794,,1.1473429951690821
114,13.58695652173913,15.821256038647343,7.192699946323135,20.2361782071927,18.276972624798713,3.166935050993022,8.413848631239935,7.320182501341922,4.38137412775094,0.4562533548040794,,1.1473429951690821
115,13.58695652173913,15.801127214170693,7.192699946323135,20.175791733762747,18.276972624798713,3.166935050993022,8.413848631239935,7.232957595276436,4.616210413311863,0.4562533548040794,,1.0802469135802468
116,13.560118089103597,15.70048309178744,7.152442297369833,19.92753623188406,18.16290928609769,3.166935050993022,8.55475040257649,7.232957595276436,5.005367686527107,0.4562533548040794,,1.0802469135802468
117,13.519860440150294,15.499194847020934,7.353730542136339,19.108964036500268,18.773483628556093,3.3145464304884595,8.527911969940956,7.152442297369833,5.159688674181428,0.4562533548040794,,1.133923778851315
118,13.499731615673644,15.485775630703166,7.467793880837359,19.02173913043478,18.69296833064949,3.3548040794417604,8.407139023081053,7.078636607622115,5.414653784219001,0.4562533548040794,,1.1205045625335481
119,13.560118089103597,15.371712292002147,7.50805152979066,18.98148148148148,18.572195383789587,3.3548040794417604,8.57487922705314,7.051798174986581,5.421363392377885,0.4830917874396135,,1.1205045625335481
120,13.47289318303811,15.271068169618895,6.588835212023618,19.612184648416534,18.283682232957595,3.3548040794417604,9.75577026301664,6.655931293612453,5.441492216854535,0.47638217928073,,1.0869565217391304
121,13.291733762748256,15.237520128824476,6.387546967257112,19.49141170155663,19.504830917874397,3.227321524422974,9.66183574879227,6.300322061191626,5.3341384863123995,0.47638217928073,,1.0869565217391304
122,13.150831991411701,15.157004830917874,5.870907139023081,19.618894256575416,20.544820182501343,3.1468062265163717,9.4873859366613,6.166129898013956,5.300590445517981,0.47638217928073,,1.0802469135802468
123,13.103864734299517,15.150295222758992,6.085614600107354,19.216317767042405,20.44417606011809,3.2675791733762747,9.373322597960279,6.253354804079442,5.548845947396672,0.47638217928073,,1.0802469135802468
124,13.20450885668277,14.553140096618357,5.978260869565218,19.97450348899624,20.471014492753625,3.2877079978529253,9.111647879763822,6.179549114331723,5.6964573268921095,0.47638217928073,,1.06682769726248
125,13.24476650563607,14.492753623188406,6.092324208266238,19.92753623188406,20.40391841116479,3.556092324208266,8.903650026838433,6.166129898013956,5.669618894256575,0.47638217928073,,1.06682769726248
126,13.238056897477188,14.392109500805153,6.199677938808374,19.806763285024154,20.108695652173914,3.683574879227053,9.07139023081052,6.152710681696189,5.723295759527644,0.47638217928073,,1.1473429951690821
127,13.258185721953838,14.224369296833064,6.253354804079442,19.679280730005367,20.169082125603865,3.7909286097691894,8.984165324745035,6.280193236714976,5.736714975845411,0.47638217928073,,1.1473429951690821
128,13.271604938271604,14.190821256038648,6.360708534621578,20.169082125603865,20.034889962426195,4.03918411164788,8.769457863660762,6.139291465378422,5.481749865807837,0.39586688137412773,,1.1473429951690821
129,13.238056897477188,14.083467525496511,6.494900697799249,19.96779388083736,19.880568974771872,4.240472356414386,8.84326355340848,6.099033816425121,5.548845947396672,0.39586688137412773,,1.2077294685990339
130,13.09044551798175,13.982823403113258,6.494900697799249,20.21604938271605,19.840311325818572,4.30756843800322,8.608427267847558,6.166129898013956,5.629361245303274,0.36902844873859364,,1.2949543746645196
131,13.137412775093935,13.81508319914117,6.494900697799249,20.075147611379496,19.77992485238862,4.2270531400966185,8.427267847557703,6.702898550724638,5.683038110574342,0.36231884057971014,,1.2949543746645196
132,13.097155126140633,13.882179280730005,6.481481481481482,19.940955448201827,19.746376811594203,4.2270531400966185,8.32662372517445,6.937734836285561,5.703166935050993,0.36231884057971014,,1.2949543746645196
133,13.117283950617283,13.821792807300053,6.515029522275899,19.85373054213634,19.679280730005367,4.253891572732153,8.313204508856682,6.857219538378959,5.931293612453032,0.36231884057971014,,1.2949543746645196
134,13.170960815888352,13.58695652173913,6.696188942565755,19.98792270531401,19.565217391304348,4.240472356414386,8.21256038647343,6.937734836285561,5.9514224369296835,0.4227053140096618,,1.2278582930756843
135,13.238056897477188,13.43263553408481,6.776704240472356,19.92753623188406,19.33709071390231,4.394793344068707,8.225979602791197,6.937734836285561,6.085614600107354,0.41599570585077833,,1.2278582930756843
136,13.298443370907139,13.43263553408481,6.91760601180891,19.860440150295222,19.122383252818036,4.367954911433173,8.225979602791197,6.937734836285561,6.199677938808374,0.41599570585077833,,1.221148684916801
137,13.311862587224907,13.325281803542673,6.91760601180891,19.679280730005367,19.0150295222759,4.367954911433173,8.279656468062266,7.112184648416532,6.353998926462695,0.41599570585077833,,1.221148684916801
138,13.305152979066023,13.251476113794954,6.991411701556629,19.51154052603328,18.47826086956522,4.253891572732153,8.36688137412775,7.722758990874933,6.488191089640365,0.41599570585077833,,1.2144390767579174
139,13.137412775093935,13.20450885668277,6.977992485238862,19.363929146537842,17.96833064949007,4.394793344068707,8.729200214707461,7.977724100912507,6.615673644659152,0.41599570585077833,,1.2144390767579174
140,13.16425120772947,13.144122383252817,6.977992485238862,19.269994632313473,17.19001610305958,4.3545356951154055,8.641975308641975,8.923778851315083,6.709608158883521,0.41599570585077833,,1.2077294685990339
141,13.191089640365004,13.110574342458401,7.03166935050993,19.209608158883523,17.156468062265162,4.428341384863124,8.561460010735374,8.950617283950617,6.723027375201288,0.4294149221685454,,1.2077294685990339
142,13.231347289318304,13.043478260869565,7.139023081052066,19.122383252818036,17.156468062265162,4.428341384863124,8.729200214707461,8.917069243156199,6.595544820182502,0.4294149221685454,,1.2077294685990339
143,13.137412775093935,12.929414922168545,7.300053676865271,18.887546967257112,17.143048845947398,4.4753086419753085,8.68894256575416,9.232420826623725,6.595544820182502,0.4294149221685454,,1.1808910359634996
144,13.278314546430488,12.855609232420827,7.253086419753086,18.86070853462158,17.14975845410628,4.4753086419753085,8.715780998389693,9.292807300053678,6.508319914117015,0.4294149221685454,,1.1808910359634996
145,13.251476113794954,12.828770799785293,7.4141170155662905,18.679549114331724,17.08937198067633,4.435050993022007,8.709071390230811,9.453837895866881,6.528448738593666,0.4294149221685454,,1.1808910359634996
146,13.325281803542673,12.828770799785293,7.514761137949543,18.51851851851852,16.921631776704242,4.461889425657541,8.722490606548577,9.520933977455716,6.575415995705851,0.4294149221685454,,1.1808910359634996
147,13.18438003220612,13.01663982823403,7.7831454643048845,18.417874396135264,16.7337627482555,4.40150295222759,8.729200214707461,9.426999463231347,6.6760601180891035,0.4294149221685454,,1.2010198604401503
148,13.157541599570585,12.808641975308642,7.863660762211487,18.38432635534085,16.411701556629094,4.17337627482555,8.59500805152979,10.406602254428341,6.568706387546968,0.4294149221685454,,1.2010198604401503
149,13.050187869028449,12.667740203972087,7.863660762211487,18.095813204508858,16.867954911433173,4.166666666666667,8.561460010735374,10.399892646269459,6.696188942565755,0.4294149221685454,,1.2010198604401503
150,13.137412775093935,12.627482555018787,7.9106280193236715,17.76033279656468,16.847826086956523,4.166666666666667,8.59500805152979,10.399892646269459,6.9243156199677935,0.4294149221685454,,1.2010198604401503
151,13.177670424047236,12.573805689747719,7.96430488459474,17.70665593129361,16.67337627482555,4.012345679012346,9.03113258185722,10.379763821792807,6.850509930220075,0.4294149221685454,,1.2010198604401503
152,13.251476113794954,12.426194310252281,7.950885668276973,17.847557702630166,16.659957058507782,3.9989264626945786,9.03113258185722,10.352925389157273,6.850509930220075,0.4294149221685454,,1.2010198604401503
153,13.345410628019323,12.412775093934513,7.729468599033816,18.46484165324745,16.566022544283413,3.978797638217928,8.702361782071927,10.292538915727322,6.830381105743425,0.4294149221685454,0.04696725711218465,1.2010198604401503
154,13.298443370907139,12.298711755233494,7.702630166398282,18.739935587761675,16.478797638217927,3.978797638217928,8.735909822866345,10.292538915727322,6.796833064949007,0.4294149221685454,0.04696725711218465,1.2010198604401503
155,12.506709608158884,13.875469672571121,7.87037037037037,18.02200751476114,16.42512077294686,3.9184111647879765,8.923778851315083,9.923510466988727,6.857219538378959,0.4294149221685454,0.04696725711218465,1.2010198604401503
156,12.667740203972087,13.875469672571121,7.87037037037037,17.793880837359097,16.324476650563607,3.8915727321524423,8.910359634997317,9.997316156736447,6.991411701556629,0.4294149221685454,0.04696725711218465,1.2010198604401503
157,12.647611379495437,13.868760064412239,9.50751476113795,17.04911433172303,15.707192699946322,3.7573805689747717,8.910359634997317,9.876543209876543,6.977992485238862,0.4025764895330113,0.04696725711218465,1.247987117552335
158,12.70799785292539,13.79495437466452,9.541062801932368,16.961889425657542,15.687063875469672,3.7573805689747717,8.950617283950617,9.836285560923242,7.065217391304348,0.4025764895330113,0.04696725711218465,1.247987117552335
159,12.412775093934513,13.56682769726248,9.46725711218465,18.94122383252818,15.344873859366613,3.4621578099838968,8.849973161567364,9.366612989801396,6.9243156199677935,0.4025764895330113,0.04696725711218465,1.2144390767579174
160,12.23161567364466,13.372249060654857,9.621578099838969,19.108964036500268,15.331454643048845,3.3816425120772946,8.883521202361782,9.480676328502415,6.9243156199677935,0.4025764895330113,0.04696725711218465,1.2144390767579174
161,12.130971551261407,13.39237788513151,9.66183574879227,20.9272678475577,14.65378421900161,3.3413848631239937,8.78287707997853,8.608427267847558,6.837090713902308,0.4025764895330113,0.04696725711218465,1.2144390767579174
162,12.144390767579173,13.378958668813741,9.64170692431562,20.974235104669887,14.640365002683843,3.3413848631239937,8.78287707997853,8.608427267847558,6.823671497584541,0.4025764895330113,0.04696725711218465,1.2144390767579174
163,12.117552334943639,13.22463768115942,9.66183574879227,20.860171765968868,14.727589908749328,3.3413848631239937,8.890230810520666,8.682232957595277,6.830381105743425,0.4025764895330113,0.04696725711218465,1.2144390767579174
164,12.285292538915728,13.191089640365004,9.50751476113795,20.665593129361245,14.680622651637144,3.4621578099838968,8.93719806763285,8.76274825550188,6.843800322061192,0.4025764895330113,0.04696725711218465,1.2144390767579174
165,12.412775093934513,13.231347289318304,9.534353193773484,20.564949006977994,14.606816961889425,3.4420289855072466,9.07139023081052,8.729200214707461,6.743156199677939,0.4025764895330113,0.04696725711218465,1.2144390767579174
166,12.399355877616747,13.291733762748256,9.634997316156737,20.316693505099302,14.660493827160494,3.408480944712829,9.044551798174986,8.729200214707461,6.850509930220075,0.4025764895330113,0.04696725711218465,1.2144390767579174
167,12.27187332259796,12.902576489533011,9.561191626409018,20.04830917874396,15.331454643048845,3.2742887815351582,8.883521202361782,9.25925925925926,6.790123456790123,0.3824476650563607,0.04696725711218465,1.247987117552335
168,12.278582930756844,12.795222758990874,9.561191626409018,19.80005367686527,15.35829307568438,3.2742887815351582,8.93719806763285,9.312936124530328,6.991411701556629,0.3824476650563607,0.04696725711218465,1.261406333870102
169,12.278582930756844,12.795222758990874,9.561191626409018,19.706119162640903,15.35829307568438,3.2742887815351582,8.93719806763285,9.312936124530328,7.085346215780999,0.3824476650563607,0.04696725711218465,1.261406333870102
170,12.345679012345679,12.761674718196458,9.541062801932368,19.612184648416534,15.35829307568438,3.2742887815351582,8.917069243156199,9.326355340848094,7.226247987117552,0.3824476650563607,0.04696725711218465,1.2077294685990339
171,12.352388620504563,11.822329575952764,9.541062801932368,19.49141170155663,16.371443907675793,3.2139023081052067,8.950617283950617,9.286097691894794,7.320182501341922,0.3824476650563607,0.04696725711218465,1.221148684916801
172,12.338969404186795,11.822329575952764,9.742351046698873,19.390767579173378,16.35131508319914,3.280998389694042,8.863392377885132,9.16532474503489,7.39398819108964,0.3824476650563607,0.04696725711218465,1.221148684916801
173,12.466451959205582,11.741814278046162,9.681964573268921,19.290123456790123,16.33118625872249,3.2675791733762747,8.896940418679549,9.151905528717123,7.481213097155126,0.4227053140096618,0.04696725711218465,1.221148684916801
174,12.546967257112184,11.708266237251744,9.71551261406334,19.236446591519055,16.163446054750402,3.33467525496511,9.044551798174986,9.125067096081589,7.474503488996243,0.3824476650563607,0.04696725711218465,1.221148684916801
175,12.486580783682234,11.480139559849706,10.064412238325282,19.155931293612454,16.076221148684915,3.33467525496511,9.41358024691358,9.044551798174986,7.4208266237251745,0.3824476650563607,0.04696725711218465,1.093666129898014
176,12.473161567364466,11.41304347826087,10.171765968867419,19.068706387546968,16.0426731078905,3.33467525496511,9.359903381642512,9.091519055287172,7.568438003220612,0.3824476650563607,0.04696725711218465,1.0466988727858293
177,12.4597423510467,11.386205045625335,10.11808910359635,18.927804616210413,16.23725174449812,3.3480944712828773,9.359903381642512,9.03113258185722,7.669082125603865,0.36902844873859364,0.04696725711218465,1.0466988727858293
178,11.292270531400966,10.379763821792807,9.742351046698873,22.530864197530864,15.566290928609769,3.3413848631239937,9.29951690821256,8.930488459473967,7.467793880837359,0.36902844873859364,0.04696725711218465,1.0332796564680622
179,11.171497584541063,10.379763821792807,9.554482018250134,21.450617283950617,17.216854535695116,3.3413848631239937,9.27938808373591,8.903650026838433,7.253086419753086,0.36902844873859364,0.04696725711218465,1.0332796564680622
180,11.285560923242082,10.379763821792807,9.541062801932368,21.39694041867955,17.196725711218466,3.3413848631239937,9.25925925925926,8.809715512614064,7.25979602791197,0.36902844873859364,0.04696725711218465,1.1137949543746646
181,11.392914653784219,10.238862050456254,9.702093397745571,21.24932903918411,17.16988727858293,3.3413848631239937,9.29951690821256,8.903650026838433,7.1725711218464845,0.36902844873859364,0.04696725711218465,1.1137949543746646
182,11.030595813204508,10.111379495437467,9.534353193773484,22.859634997316157,17.12962962962963,3.3682232957595275,9.057971014492754,8.413848631239935,6.9243156199677935,0.36902844873859364,0.04696725711218465,1.1540526033279657
183,11.18491680085883,9.98389694041868,9.554482018250134,22.805958132045088,17.136339237788512,3.3682232957595275,9.104938271604938,8.420558239398819,6.910896403650026,0.36902844873859364,0.04696725711218465,1.1137949543746646
184,11.379495437466453,9.923510466988727,9.500805152979066,22.7187332259796,17.04911433172303,3.435319377348363,9.23913043478261,8.387010198604402,6.837090713902308,0.36902844873859364,0.04696725711218465,1.1137949543746646
185,11.486849168008588,9.863123993558776,9.460547504025765,22.6784755770263,17.10950080515298,3.408480944712829,9.185453569511541,8.380300590445518,6.837090713902308,0.36902844873859364,0.04696725711218465,1.1741814278046163
186,11.486849168008588,9.742351046698873,9.500805152979066,22.604669887278583,17.04911433172303,3.4017713365539453,9.346484165324744,8.380300590445518,6.877348362855609,0.38915727321524424,0.04696725711218465,1.1741814278046163
187,11.43317230273752,9.728931830381105,9.453837895866881,22.376543209876544,17.579173376274827,3.307836822329576,9.41358024691358,8.313204508856682,6.78341384863124,0.38915727321524424,0.04696725711218465,1.1741814278046163
188,11.728395061728396,9.728931830381105,9.581320450885668,22.24235104669887,17.290660225442835,3.2742887815351582,9.41358024691358,8.279656468062266,6.850509930220075,0.38915727321524424,0.04696725711218465,1.1741814278046163
189,11.782071926999464,9.668545356951155,9.796027911969942,22.19538378958669,17.270531400966185,3.3950617283950617,9.23913043478261,8.232689210950081,6.810252281266774,0.38915727321524424,0.04696725711218465,1.1741814278046163
