,45,50,52,51,55,53,54,59,58,56,60,57,61,63,62
0,97.84621578099839,1.7981749865807837,0.35560923242082665,,,,,,,,,,,,
1,92.92136339237788,6.642512077294686,0.2616747181964573,0.13419216317767044,0.040257648953301126,,,,,,,,,,
2,83.91035963499732,15.653515834675256,0.2616747181964573,0.13419216317767044,0.040257648953301126,,,,,,,,,,
3,83.46081588835212,16.09634997316157,0.2616747181964573,0.13419216317767044,0.04696725711218465,,,,,,,,,,
4,82.5281803542673,16.894793344068706,0.2616747181964573,0.13419216317767044,0.18115942028985507,,,,,,,,,,
5,74.10762211486849,25.167740203972087,0.2616747181964573,0.20128824476650564,0.2616747181964573,,,,,,,,,,
6,72.48389694041867,26.50966183574879,0.27509393451422437,0.20128824476650564,0.5300590445517982,,,,,,,,,,
7,71.83977455716587,27.15378421900161,0.27509393451422437,0.15432098765432098,0.5501878690284487,0.026838432635534086,,,,,,,,,
8,70.86017176596887,27.717391304347824,0.2885131508319914,0.30193236714975846,0.8051529790660226,0.026838432635534086,,,,,,,,,
9,68.99490069779925,29.21363392377885,0.2885131508319914,0.38915727321524424,1.0601180891035964,0.026838432635534086,0.026838432635534086,,,,,,,,
10,68.14949006977993,29.99194847020934,0.3153515834675255,0.38915727321524424,1.1003757380568975,0.026838432635534086,0.026838432635534086,,,,,,,,
11,67.59930220075148,29.180085882984432,0.3153515834675255,0.38915727321524424,1.0332796564680622,0.026838432635534086,1.4559849704777241,,,,,,,,
12,66.8947933440687,29.696725711218466,0.3153515834675255,0.5300590445517982,1.0802469135802468,0.026838432635534086,1.4559849704777241,,,,,,,,
13,66.56602254428341,29.602791196994094,0.3153515834675255,0.6575415995705851,1.415727321524423,0.026838432635534086,1.415727321524423,,,,,,,,
14,65.92860976918948,30.06575415995706,0.33548040794417605,0.6575415995705851,1.5432098765432098,0.05367686527106817,1.415727321524423,,,,,,,,
15,65.48577563070317,30.441492216854535,0.33548040794417605,0.6910896403650026,1.5767579173376274,0.05367686527106817,1.402308105206656,0.013419216317767043,,,,,,,
16,64.6202361782072,31.219806763285025,0.36231884057971014,0.6776704240472357,1.5767579173376274,0.05367686527106817,1.4761137949543746,0.013419216317767043,,,,,,,
17,61.28556092324208,33.93719806763285,0.5032206119162641,0.6776704240472357,1.6975308641975309,0.05367686527106817,1.8317230273752012,0.013419216317767043,,,,,,,
18,55.44820182501342,39.51959205582394,0.4830917874396135,0.6776704240472357,1.724369296833065,0.30193236714975846,1.8317230273752012,0.013419216317767043,,,,,,,
19,51.21443907675792,44.00161030595813,0.5166398282340311,0.5367686527106817,1.6438539989264627,0.20799785292538917,1.865271068169619,0.013419216317767043,,,,,,,
20,50.577026301663984,44.0552871712292,0.5837359098228664,0.5770263016639828,1.892109500805153,0.20799785292538917,2.0531400966183573,0.013419216317767043,0.040257648953301126,,,,,,
21,49.17471819645733,44.98121309715513,0.7045088566827697,0.6508319914117016,2.0531400966183573,0.20799785292538917,2.1739130434782608,0.013419216317767043,0.040257648953301126,,,,,,
22,46.23590982286635,47.78582930756844,0.7112184648416533,0.6642512077294686,2.1269457863660763,0.20799785292538917,2.214170692431562,0.013419216317767043,0.040257648953301126,,,,,,
23,30.56897477187332,65.02952227589908,0.5636070853462157,0.5636070853462157,2.462426194310252,0.2214170692431562,0.5904455179817498,,,,,,,,
24,30.280461621041333,64.68733225979602,0.8655394524959742,0.5770263016639828,2.703972088030059,0.2214170692431562,0.6642512077294686,,,,,,,,
25,30.139559849704778,64.51959205582394,0.8655394524959742,0.5770263016639828,2.8784219001610305,0.2214170692431562,0.798443370907139,,,,,,,,
26,29.736983360171767,64.31159420289855,0.8923778851315083,0.6910896403650026,3.3682232957595275,0.2214170692431562,0.7783145464304885,,,,,,,,
27,29.522275899087493,64.08346752549652,0.8319914117015567,0.7045088566827697,3.7573805689747717,0.322061191626409,0.7783145464304885,,,,,,,,
28,29.367954911433173,63.99624261943102,0.8319914117015567,0.7045088566827697,4.005636070853462,0.322061191626409,0.7716049382716049,,,,,,,,
29,29.24718196457327,63.21121846484165,0.8856682769726248,0.8387010198604401,4.656468062265164,0.3488996242619431,0.7716049382716049,,,0.040257648953301126,,,,,
30,27.489264626945786,61.68813741277509,0.8856682769726248,0.7783145464304885,7.957595276435856,0.3488996242619431,0.7917337627482555,,,0.026838432635534086,0.03354804079441761,,,,
31,26.637144390767578,62.40606548577563,0.8856682769726248,0.7313472893183038,7.836822329575953,0.3488996242619431,0.9393451422436929,,,0.026838432635534086,0.1878690284487386,,,,
32,25.791733762748255,61.60762211486849,2.4892646269457863,0.7380568974771873,7.7898550724637685,0.3488996242619431,1.0198604401502953,,,0.026838432635534086,0.1878690284487386,,,,
33,25.207997852925388,61.822329575952764,2.4825550187869028,0.7380568974771873,7.937466451959206,0.3488996242619431,1.0198604401502953,,,0.05367686527106817,0.1878690284487386,0.18115942028985507,0.020128824476650563,,
34,24.12775093934514,62.39264626945786,2.475845410628019,0.7716049382716049,8.333333333333334,0.39586688137412773,1.0601180891035964,,,0.05367686527106817,0.1878690284487386,0.18115942028985507,0.020128824476650563,,
35,23.95330112721417,61.131239935587764,2.3550724637681157,0.7716049382716049,9.54777241009125,0.6038647342995169,1.1943102522812667,,,0.05367686527106817,0.1878690284487386,0.18115942028985507,0.020128824476650563,,
36,22.873054213633925,61.79549114331723,2.462426194310252,0.7313472893183038,10.00402576489533,0.6038647342995169,1.0802469135802468,,0.0067096081588835215,0.05367686527106817,0.1878690284487386,0.18115942028985507,0.020128824476650563,,
37,17.726784755770264,47.52415458937198,2.4490069779924855,20.96081588835212,8.709071390230811,0.6038647342995169,0.9460547504025765,,0.0067096081588835215,0.6709608158883521,0.20128824476650564,0.18115942028985507,0.020128824476650563,,
38,16.820987654320987,43.4044551798175,2.8515834675254963,19.80005367686527,8.400429414922169,6.494900697799249,0.9796027911969941,,0.0067096081588835215,0.8387010198604401,0.20128824476650564,0.18115942028985507,0.020128824476650563,,
39,16.740472356414386,43.243424584004295,2.791196994095545,19.692699946323135,8.433977455716587,6.353998926462695,1.1741814278046163,,0.0067096081588835215,1.1607622114868492,0.20128824476650564,0.18115942028985507,0.020128824476650563,,
40,16.458668813741276,42.80730005367686,2.885131508319914,19.773215244229736,8.917069243156199,6.260064412238325,1.221148684916801,,0.10064412238325282,1.1741814278046163,0.20128824476650564,0.18115942028985507,0.020128824476650563,,
41,16.398282340311326,42.49194847020934,3.099838969404187,19.665861513687602,9.205582393988191,6.286902844873859,1.1607622114868492,,0.10064412238325282,1.1808910359634996,0.20128824476650564,0.1878690284487386,0.020128824476650563,,
42,16.384863123993558,41.7337627482555,3.1065485775630703,19.45115405260333,9.54777241009125,6.353998926462695,1.5163714439076759,,0.10064412238325282,1.3955984970477724,0.20128824476650564,0.1878690284487386,0.020128824476650563,,
43,16.223832528180353,41.599570585077835,3.1065485775630703,19.370638754696724,9.842995169082126,6.286902844873859,1.5432098765432098,,0.16774020397208803,1.4492753623188406,0.20128824476650564,0.1878690284487386,0.020128824476650563,,
44,16.002415458937197,41.47879763821793,3.099838969404187,19.202898550724637,9.782608695652174,6.159420289855072,1.9256575415995705,,0.2885131508319914,1.6237251744498122,0.20128824476650564,0.2147074610842727,0.020128824476650563,,
45,15.640096618357488,70.92055823939882,3.2004830917874396,1.093666129898014,6.521739130434782,0.6776704240472357,1.4626945786366077,,,0.04696725711218465,0.20128824476650564,0.2147074610842727,0.020128824476650563,,
46,15.559581320450885,70.57836822329575,3.1870638754696725,1.2077294685990339,6.729736983360172,0.6776704240472357,1.5096618357487923,,,0.17444981213097155,0.20128824476650564,0.17444981213097155,,,
47,15.4723564143854,59.77589908749329,3.1870638754696725,1.3352120236178207,7.071926999463232,11.09098228663446,1.4895330112721417,,0.026838432635534086,0.17444981213097155,0.20128824476650564,0.17444981213097155,,,
48,15.230810520665592,59.265968867418145,3.280998389694042,1.6908212560386473,7.246376811594203,11.05072463768116,1.5901771336553945,,0.07380568974771873,0.19457863660762212,0.20128824476650564,0.17444981213097155,,,
49,15.157004830917874,53.87144390767579,3.1870638754696725,1.6975308641975309,5.038915727321524,19.216317767042405,1.5499194847020934,,0.19457863660762212,0.06038647342995169,,0.026838432635534086,,,
50,14.841653247450349,53.85131508319914,3.435319377348363,1.6975308641975309,5.193236714975845,19.16935050993022,1.5432098765432098,,0.20128824476650564,0.040257648953301126,,0.026838432635534086,,,
51,10.581052066559312,58.41384863123994,2.8650026838432634,1.6639828234031133,5.542136339237788,18.894256575415994,1.6706924315619969,,0.2147074610842727,0.08722490606548577,,0.06709608158883522,,,
52,8.756038647342995,59.31964573268921,2.7979066022544283,1.6841116478797638,6.394256575415996,18.65271068169619,1.6237251744498122,,0.6172839506172839,0.08722490606548577,,0.06709608158883522,,,
53,8.735909822866345,58.84997316156736,2.818035426731079,1.7042404723564144,6.816961889425658,18.45813204508857,1.6237251744498122,,0.6910896403650026,0.08722490606548577,,0.2147074610842727,,,
54,8.655394524959743,57.8166935050993,4.139828234031133,1.5767579173376274,6.595544820182502,18.17632850241546,1.724369296833065,0.013419216317767043,0.8051529790660226,0.10064412238325282,,0.39586688137412773,,,
55,8.635265700483092,56.025228126677405,4.119699409554482,1.5767579173376274,8.179012345679013,17.780461621041333,1.90552871712292,0.013419216317767043,1.221148684916801,0.14761137949543746,,0.39586688137412773,,,
56,8.628556092324208,55.27375201288245,4.119699409554482,1.5767579173376274,8.903650026838433,17.478529253891573,1.8853998926462694,0.013419216317767043,1.5163714439076759,0.14761137949543746,,0.4562533548040794,,,
57,8.433977455716587,55.18652710681696,4.106280193236715,5.501878690284487,8.756038647342995,13.6808910359635,1.9457863660762211,0.013419216317767043,1.6438539989264627,0.14761137949543746,,0.5636070853462157,0.020128824476650563,,
58,8.353462157809984,54.98523886205046,4.032474503488996,5.501878690284487,8.789586688137414,13.734567901234568,2.1135265700483092,0.013419216317767043,1.6774020397208802,0.1610305958132045,0.020128824476650563,0.5636070853462157,0.05367686527106817,,
59,8.3064949006978,54.810789049919485,4.032474503488996,5.501878690284487,8.957326892109501,13.45276435856146,2.100107353730542,0.026838432635534086,1.9390767579173376,0.1610305958132045,0.020128824476650563,0.6038647342995169,0.08722490606548577,,
60,8.272946859903382,54.589371980676326,4.032474503488996,5.2066559312936125,10.339506172839506,12.70799785292539,2.100107353730542,0.026838432635534086,1.7444981213097155,0.2952227589908749,0.05367686527106817,0.5434782608695652,0.08722490606548577,,
61,8.031400966183575,54.30756843800322,4.025764895330113,5.347557702630167,10.44015029522276,12.372517444981213,2.254428341384863,0.0939345142243693,2.147074610842727,0.2952227589908749,0.05367686527106817,0.5434782608695652,0.08722490606548577,,
62,6.9310252281266775,54.70343531937735,3.0059044551798175,4.931561996779388,10.48040794417606,14.163982823403114,2.2342995169082127,0.0939345142243693,2.0799785292538915,0.30864197530864196,0.05367686527106817,0.9259259259259259,0.08722490606548577,,
63,6.830381105743425,54.166666666666664,3.0059044551798175,4.931561996779388,10.621309715512615,14.224369296833064,2.24771873322598,0.0939345142243693,2.2611379495437465,0.5501878690284487,0.05367686527106817,0.9259259259259259,0.08722490606548577,,
64,6.8035426731078905,53.52925389157273,3.140096618357488,4.931561996779388,10.983628556092324,14.197530864197532,2.408749329039184,0.0939345142243693,2.26784755770263,0.5501878690284487,0.05367686527106817,0.95276435856146,0.08722490606548577,,
65,6.723027375201288,52.99248523886205,3.126677402039721,4.871175523349437,11.332528180354267,14.465915190552872,2.4490069779924855,0.08722490606548577,2.2946859903381642,0.5636070853462157,0.05367686527106817,0.95276435856146,0.08722490606548577,,
66,6.723027375201288,52.67042404723564,3.113258185721954,4.864465915190553,11.446591519055287,14.351851851851851,2.5429414922168547,0.08722490606548577,2.314814814814815,0.6508319914117016,0.05367686527106817,1.093666129898014,0.08722490606548577,,
67,6.6760601180891035,51.939076757917334,3.046162104133119,4.87788513150832,11.634460547504025,14.17740203972088,2.9253891572732154,0.08722490606548577,2.4020397208803006,0.6642512077294686,0.05367686527106817,1.4224369296833066,0.0939345142243693,,
68,6.608964036500268,51.63714439076758,3.046162104133119,5.132850241545894,11.748523886205046,14.15727321524423,2.945517981749866,0.08722490606548577,2.4020397208803006,0.6642512077294686,0.05367686527106817,1.4224369296833066,0.0939345142243693,,
69,6.246645195920558,51.49624261943102,3.0394524959742353,4.99194847020934,12.010198604401502,14.076757917337627,3.3279656468062266,0.07380568974771873,2.4020397208803006,0.7648953301127214,0.05367686527106817,1.4224369296833066,0.0939345142243693,,
70,6.239935587761675,51.25469672571122,3.0394524959742353,4.904723564143854,12.184648416532475,14.17740203972088,3.3548040794417604,0.0939345142243693,2.3886205045625335,0.7648953301127214,0.08051529790660225,1.4224369296833066,0.0939345142243693,,
71,6.206387546967257,50.72463768115942,3.052871712292002,4.938271604938271,12.701288244766506,14.04320987654321,3.3548040794417604,0.0939345142243693,2.408749329039184,0.7648953301127214,0.08051529790660225,1.5365002683843263,0.0939345142243693,,
72,6.199677938808374,50.10064412238325,2.965646806226516,4.931561996779388,13.036768652710682,14.029790660225443,3.717122920021471,0.0939345142243693,2.395330112721417,0.7648953301127214,0.10064412238325282,1.570048309178744,0.0939345142243693,,
73,6.132581857219538,49.51690821256039,2.965646806226516,4.931561996779388,13.097155126140633,14.130434782608695,4.086151368760064,0.11406333870101985,2.3886205045625335,0.8722490606548577,0.10064412238325282,1.570048309178744,0.0939345142243693,,
74,6.132581857219538,49.282071926999464,2.965646806226516,4.931561996779388,13.271604938271604,13.955984970477724,4.086151368760064,0.11406333870101985,2.5563607085346214,0.9393451422436929,0.10064412238325282,1.570048309178744,0.0939345142243693,,
75,6.031937734836285,48.98684916800859,3.0394524959742353,4.904723564143854,13.647342995169081,13.976113794954374,4.072732152442297,0.11406333870101985,2.5026838432635534,0.9393451422436929,0.11406333870101985,1.570048309178744,0.0939345142243693,0.0067096081588835215,
76,6.031937734836285,47.94015029522276,4.7101449275362315,4.904723564143854,13.607085346215781,13.955984970477724,3.4151905528717124,0.11406333870101985,2.4892646269457863,0.9997316156736447,0.11406333870101985,1.6170155662909287,0.0939345142243693,0.0067096081588835215,
77,5.025496511003757,49.684648416532475,4.998658078368224,4.770531400966184,13.47289318303811,13.513150831991412,3.166935050993022,0.10064412238325282,2.49597423510467,1.0131508319914118,0.11406333870101985,1.5432098765432098,0.0939345142243693,0.0067096081588835215,
78,5.025496511003757,49.4296833064949,4.9718196457326895,4.770531400966184,13.687600644122384,13.211218464841654,3.2004830917874396,0.10064412238325282,2.7106816961889426,1.0198604401502953,0.11406333870101985,1.6438539989264627,0.10735373054213634,0.0067096081588835215,
79,5.025496511003757,49.074074074074076,4.944981213097155,4.7168545356951155,13.734567901234568,13.056897477187333,3.435319377348363,0.10064412238325282,2.589908749329039,1.1674718196457328,0.11406333870101985,1.9122383252818036,0.10735373054213634,0.020128824476650563,
80,5.025496511003757,49.000268384326354,4.944981213097155,4.703435319377348,13.714439076757918,12.97638217928073,3.455448201825013,0.10064412238325282,2.576489533011272,1.1808910359634996,0.14761137949543746,2.046430488459474,0.10735373054213634,0.020128824476650563,
81,4.683306494900698,47.60466988727858,4.7101449275362315,5.508588298443371,14.304884594739667,13.123993558776167,3.475577026301664,0.10064412238325282,2.623456790123457,1.42914653784219,0.14761137949543746,2.1604938271604937,0.10735373054213634,0.020128824476650563,
82,4.683306494900698,47.44363929146538,4.9651100375738055,5.428073000536768,14.244498121309716,13.083735909822867,3.502415458937198,0.10064412238325282,2.6033279656468062,1.4559849704777241,0.1610305958132045,2.1604938271604937,0.10735373054213634,0.020128824476650563,0.040257648953301126
83,4.5960815888352125,46.89345142243693,4.931561996779388,5.421363392377885,14.801395598497047,13.083735909822867,3.6231884057971016,0.10064412238325282,2.6033279656468062,1.4559849704777241,0.1610305958132045,2.1604938271604937,0.10735373054213634,0.020128824476650563,0.040257648953301126
84,4.5960815888352125,46.53113258185722,5.0993022007514766,5.421363392377885,14.949006977992486,12.942834138486312,3.7372517444981215,0.10064412238325282,2.61003757380569,1.4559849704777241,0.1610305958132045,2.214170692431562,0.12077294685990338,0.020128824476650563,0.040257648953301126
85,4.562533548040794,43.887546967257116,11.198336017176597,5.508588298443371,14.814814814814815,10.654857756307031,3.81105743424584,0.08051529790660225,1.7646269457863661,1.3352120236178207,0.1610305958132045,2.0799785292538915,0.10064412238325282,,0.040257648953301126
86,4.51556629092861,43.21658615136876,10.654857756307031,5.676328502415459,15.203972088030058,11.023886205045626,3.9855072463768115,0.08051529790660225,1.7646269457863661,1.3620504562533549,0.1610305958132045,2.214170692431562,0.10064412238325282,,0.040257648953301126
87,4.502147074610843,43.07568438003221,10.587761674718196,5.669618894256575,15.291196994095545,10.983628556092324,3.978797638217928,0.08051529790660225,1.7579173376274826,1.5230810520665594,0.1610305958132045,2.24771873322598,0.10064412238325282,,0.040257648953301126
88,4.367954911433173,42.50536768652711,10.446859903381643,5.656199677938808,15.391841116478798,10.795759527643586,4.3478260869565215,0.08722490606548577,1.7847557702630166,1.9256575415995705,0.16774020397208803,2.38191089640365,0.10064412238325282,,0.040257648953301126
89,4.314278046162104,41.908212560386474,10.762211486849168,5.730005367686527,15.60654857756307,10.661567364465915,4.562533548040794,0.08722490606548577,1.6841116478797638,1.932367149758454,0.16774020397208803,2.442297369833602,0.10064412238325282,,0.040257648953301126
90,4.146537842190016,41.317767042404725,10.607890499194847,5.642780461621041,15.49248523886205,11.714975845410628,4.4820182501341925,0.11406333870101985,1.7042404723564144,1.932367149758454,0.17444981213097155,2.5295222758990876,0.10064412238325282,,0.040257648953301126
91,4.126409017713366,41.02925389157273,10.567632850241546,5.837359098228664,15.519323671497585,11.58749329039184,4.616210413311863,0.15432098765432098,1.6841116478797638,2.0799785292538915,0.1610305958132045,2.49597423510467,0.10064412238325282,,0.040257648953301126
92,3.9720880300590444,40.80783682232958,10.61460010735373,6.078904991948471,15.573000536768653,11.366076221148685,4.696725711218465,0.15432098765432098,1.7713365539452497,2.0933977455716586,0.15432098765432098,2.576489533011272,0.10064412238325282,,0.040257648953301126
93,3.938539989264627,40.06977992485239,10.59447128287708,5.984970477724101,15.861513687600644,10.970209339774557,5.032206119162641,0.15432098765432098,1.7042404723564144,2.818035426731079,0.15432098765432098,2.576489533011272,0.10064412238325282,,0.040257648953301126
94,3.8848631239935587,39.56655931293612,10.587761674718196,5.978260869565218,16.15673644659152,10.990338164251208,5.193236714975845,0.15432098765432098,1.7847557702630166,2.818035426731079,0.16774020397208803,2.563070316693505,0.11406333870101985,,0.040257648953301126
95,3.8848631239935587,38.17096081588835,9.648416532474503,5.978260869565218,16.908212560386474,12.077294685990339,5.360976918947934,0.15432098765432098,1.7579173376274826,2.885131508319914,0.16774020397208803,2.8515834675254963,0.11406333870101985,,0.040257648953301126
96,3.8848631239935587,37.8690284487386,9.782608695652174,5.958132045088567,17.23027375201288,11.949812130971551,5.360976918947934,0.15432098765432098,1.7042404723564144,3.0059044551798175,0.16774020397208803,2.7777777777777777,0.11406333870101985,,0.040257648953301126
97,3.8848631239935587,37.714707461084274,9.75577026301664,5.891035963499732,17.384594739667204,11.876006441223833,5.35426731078905,0.15432098765432098,1.778046162104133,3.0931293612453032,0.16774020397208803,2.791196994095545,0.11406333870101985,,0.040257648953301126
98,3.8043478260869565,36.77536231884058,9.950348899624261,5.870907139023081,17.827428878153516,11.104401502952227,5.360976918947934,0.15432098765432098,1.5499194847020934,4.414922168545357,0.16774020397208803,2.8650026838432634,0.11406333870101985,,0.040257648953301126
99,3.7909286097691894,36.64787976382179,9.977187332259795,5.609232420826624,17.70665593129361,10.970209339774557,5.656199677938808,0.15432098765432098,1.5901771336553945,4.569243156199678,0.24825550187869028,2.9253891572732154,0.11406333870101985,,0.040257648953301126
100,3.5091250670960816,35.79575952764358,9.856414385399892,5.508588298443371,17.60601180891036,12.258454106280194,5.595813204508857,0.15432098765432098,1.583467525496511,4.669887278582931,0.24825550187869028,3.0595813204508855,0.11406333870101985,,0.040257648953301126
101,3.4286097691894795,35.54079441760601,10.044283413848632,5.669618894256575,17.59259259259259,12.211486849168008,5.595813204508857,0.15432098765432098,1.6304347826086956,4.669887278582931,0.24825550187869028,3.046162104133119,0.11406333870101985,,0.05367686527106817
102,3.421900161030596,35.19189479334407,10.158346752549651,5.60252281266774,17.773752012882447,12.345679012345679,5.300590445517981,0.15432098765432098,1.6841116478797638,4.884594739667204,0.27509393451422437,3.046162104133119,0.10735373054213634,,0.05367686527106817
103,3.421900161030596,34.876543209876544,10.010735373054214,5.595813204508857,17.827428878153516,12.238325281803542,5.615942028985507,0.15432098765432098,1.7914653784219001,4.864465915190553,0.27509393451422437,3.1468062265163717,0.1274825550187869,,0.05367686527106817
104,3.421900161030596,34.4068706387547,10.030864197530864,5.542136339237788,18.4044551798175,12.245034889962426,5.636070853462158,0.15432098765432098,1.8048845947396672,4.757112184648417,0.27509393451422437,3.1468062265163717,0.12077294685990338,,0.05367686527106817
105,3.307836822329576,34.31964573268921,9.91009125067096,5.4616210413311865,18.337359098228664,12.238325281803542,5.750134192163178,0.15432098765432098,1.865271068169619,5.072463768115942,0.27509393451422437,3.1333870101986045,0.12077294685990338,,0.05367686527106817
106,3.1602254428341383,33.380300590445515,10.02415458937198,5.649490069779925,18.92109500805153,12.144390767579173,5.864197530864198,0.2281266774020397,1.8585614600107354,5.092592592592593,0.27509393451422437,3.227321524422974,0.12077294685990338,,0.05367686527106817
107,3.1535158346752548,33.313204508856685,9.856414385399892,5.71658615136876,18.80703166935051,12.31213097155126,5.884326355340848,0.2214170692431562,1.8585614600107354,5.2066559312936125,0.27509393451422437,3.240740740740741,0.10064412238325282,,0.05367686527106817
108,3.1535158346752548,32.79656468062265,9.822866344605474,5.83064949006978,19.00161030595813,12.177938808373591,6.031937734836285,0.2214170692431562,1.8585614600107354,5.347557702630167,0.30193236714975846,3.3011272141706924,0.10064412238325282,,0.05367686527106817
109,2.4825550187869028,29.74369296833065,21.833064949006978,5.273752012882448,16.06280193236715,10.493827160493828,5.743424584004294,0.10735373054213634,1.6103059581320451,3.69699409554482,0.28180354267310787,2.5429414922168547,0.07380568974771873,,0.05367686527106817
110,2.2946859903381642,28.918411164787976,20.8870101986044,6.957863660762212,15.640096618357488,10.63472893183038,5.475040257648954,0.10735373054213634,1.6103059581320451,3.8580246913580245,0.30193236714975846,3.1870638754696725,0.07380568974771873,,0.05367686527106817
111,2.2946859903381642,28.670155662909288,20.645464304884594,6.9310252281266775,15.787707997852925,10.7085346215781,5.434782608695652,0.10735373054213634,1.6237251744498122,3.878153515834675,0.30193236714975846,3.4151905528717124,0.14761137949543746,,0.05367686527106817
112,2.2946859903381642,28.468867418142782,20.497852925389157,6.910896403650026,15.955448201825014,10.715244229736983,5.5756843800322065,0.10064412238325282,1.6438539989264627,3.844605475040258,0.30193236714975846,3.488996242619431,0.14761137949543746,,0.05367686527106817
113,2.2946859903381642,28.31454643048846,20.39049919484702,6.89747718733226,15.942028985507246,10.681696188942565,5.689747718733226,0.10064412238325282,1.724369296833065,3.8311862587224907,0.30193236714975846,3.589640365002684,0.1878690284487386,,0.05367686527106817
114,2.281266774020397,27.30810520665593,19.840311325818572,6.810252281266774,16.847826086956523,10.836017176596886,5.723295759527644,0.10064412238325282,1.724369296833065,4.0995705850778315,0.32877079978529256,3.8580246913580245,0.1878690284487386,,0.05367686527106817
115,2.26784755770263,27.160493827160494,19.80005367686527,6.810252281266774,16.80756843800322,10.929951690821255,5.8239398819108965,0.10064412238325282,1.724369296833065,4.0995705850778315,0.3421900161030596,3.8915727321524423,0.1878690284487386,,0.05367686527106817
116,2.254428341384863,27.006172839506174,19.578636607622116,6.763285024154589,16.935050993022006,10.896403650026839,5.8239398819108965,0.10064412238325282,1.8451422436929683,4.086151368760064,0.35560923242082665,4.0995705850778315,0.1878690284487386,,0.06709608158883522
117,2.254428341384863,26.643853998926463,19.45786366076221,6.763285024154589,16.841116478797638,11.077563070316694,6.132581857219538,0.0939345142243693,1.8719806763285025,4.05931293612453,0.35560923242082665,4.193505099302201,0.1878690284487386,,0.06709608158883522
118,2.254428341384863,26.321792807300053,19.162640901771336,7.03166935050993,17.19001610305958,10.916532474503489,6.132581857219538,0.0939345142243693,1.865271068169619,4.012345679012346,0.35560923242082665,4.408212560386473,0.1878690284487386,,0.06709608158883522
119,2.254428341384863,25.717928073000536,15.291196994095545,11.137949543746645,17.68652710681696,11.023886205045626,6.105743424584004,0.0939345142243693,1.9726247987117553,3.992216854535695,0.32877079978529256,4.086151368760064,0.20799785292538917,,0.10064412238325282
120,2.254428341384863,25.623993558776167,15.250939345142244,10.997047772410092,17.746913580246915,11.057434245840042,6.159420289855072,0.12077294685990338,1.932367149758454,4.133118625872249,0.32877079978529256,4.086151368760064,0.20799785292538917,,0.10064412238325282
121,2.254428341384863,25.503220611916262,15.049651100375739,10.983628556092324,17.847557702630166,11.010466988727858,6.286902844873859,0.12077294685990338,1.9457863660762211,4.119699409554482,0.3421900161030596,4.2270531400966185,0.20799785292538917,,0.10064412238325282
122,2.24771873322598,25.36231884057971,15.083199141170155,10.983628556092324,17.840848094471284,11.077563070316694,6.286902844873859,0.13419216317767044,1.9457863660762211,4.119699409554482,0.3421900161030596,4.26731078904992,0.20799785292538917,,0.10064412238325282
123,2.24771873322598,25.05367686527107,14.97584541062802,10.983628556092324,17.860976918947934,10.983628556092324,6.649221685453569,0.14761137949543746,1.9390767579173376,4.180085882984434,0.3421900161030596,4.334406870638754,0.20799785292538917,,0.0939345142243693
124,2.2208803005904456,24.02710681696189,14.915458937198068,10.762211486849168,17.652979066022546,11.077563070316694,7.957595276435856,0.15432098765432098,1.9256575415995705,4.253891572732153,0.36902844873859364,4.408212560386473,0.20799785292538917,,0.06709608158883522
125,2.2208803005904456,23.879495437466453,14.97584541062802,10.695115405260333,17.85426731078905,10.93666129898014,7.971014492753623,0.15432098765432098,1.9390767579173376,4.253891572732153,0.36902844873859364,4.4753086419753085,0.20799785292538917,,0.06709608158883522
126,2.2208803005904456,23.805689747718734,14.895330112721417,10.507246376811594,17.814009661835748,10.923242082662373,7.930756843800322,0.1878690284487386,1.9189479334406871,4.555823939881911,0.4830917874396135,4.468599033816425,0.2147074610842727,0.0067096081588835215,0.06709608158883522
127,2.2208803005904456,23.30246913580247,14.687332259796028,10.144927536231885,17.424852388620504,12.010198604401502,7.7831454643048845,0.1878690284487386,1.9592055823939882,4.911433172302737,0.4830917874396135,4.5893719806763285,0.2214170692431562,0.0067096081588835215,0.06709608158883522
128,2.1269457863660763,23.309178743961354,13.144122383252817,10.11808910359635,19.296833064949006,12.077294685990339,7.776435856146001,0.1878690284487386,2.01959205582394,4.676596886741814,0.46967257112184646,4.502147074610843,0.2214170692431562,0.0067096081588835215,0.06709608158883522
129,2.0531400966183573,24.06736446591519,13.117283950617283,9.608158883521202,19.249865807836823,11.929683306494901,7.7831454643048845,0.30193236714975846,2.01959205582394,4.5893719806763285,0.4830917874396135,4.49543746645196,0.2281266774020397,0.0067096081588835215,0.06709608158883522
130,2.0531400966183573,23.919753086419753,13.030059044551798,9.426999463231347,19.196188942565755,12.016908212560386,7.863660762211487,0.3153515834675255,2.0665593129361244,4.851046698872786,0.4830917874396135,4.468599033816425,0.23483628556092323,0.0067096081588835215,0.06709608158883522
131,1.9927536231884058,23.812399355877616,13.01663982823403,9.366612989801396,19.30354267310789,11.976650563607086,7.816693505099302,0.3153515834675255,2.0665593129361244,5.032206119162641,0.4830917874396135,4.508856682769726,0.23483628556092323,0.0067096081588835215,0.06709608158883522
132,1.9524959742351047,23.577563070316693,13.009930220075148,9.353193773483628,19.236446591519055,12.218196457326892,7.729468599033816,0.4562533548040794,2.0665593129361244,5.045625335480408,0.47638217928073,4.569243156199678,0.23483628556092323,0.0067096081588835215,0.06709608158883522
133,1.9189479334406871,23.517176596886742,12.661030595813205,9.16532474503489,19.659151905528716,12.439613526570048,7.716049382716049,0.4562533548040794,2.2342995169082127,4.918142780461621,0.4830917874396135,4.522275899087493,0.23483628556092323,0.0067096081588835215,0.06709608158883522
134,1.9189479334406871,23.403113258185723,12.5402576489533,9.01100375738057,19.296833064949006,12.674449812130971,8.031400966183575,0.46967257112184646,2.2611379495437465,5.045625335480408,0.4562533548040794,4.5960815888352125,0.2214170692431562,0.0067096081588835215,0.06709608158883522
135,1.9189479334406871,23.262211486849168,12.318840579710145,8.863392377885132,19.424315619967793,12.667740203972087,8.132045088566828,0.5904455179817498,2.2410091250670963,5.01207729468599,0.4562533548040794,4.817498658078368,0.2214170692431562,0.0067096081588835215,0.06709608158883522
136,1.9122383252818036,23.10789049919485,12.359098228663447,8.816425120772946,19.363929146537842,12.647611379495437,8.205850778314547,0.6038647342995169,2.2745571658615136,4.958400429414922,0.46967257112184646,4.985238862050457,0.2214170692431562,0.0067096081588835215,0.06709608158883522
137,1.90552871712292,22.879763821792807,12.359098228663447,8.735909822866345,19.03515834675255,13.110574342458401,8.32662372517445,0.6038647342995169,2.24771873322598,4.931561996779388,0.47638217928073,5.092592592592593,0.2214170692431562,0.0067096081588835215,0.06709608158883522
138,1.90552871712292,22.31615673644659,12.580515297906603,8.695652173913043,17.538915727321523,12.949543746645196,10.420021470746109,0.5971551261406334,2.200751476113795,4.931561996779388,0.47638217928073,5.092592592592593,0.2214170692431562,0.0067096081588835215,0.06709608158883522
139,1.8853998926462694,22.000805152979066,11.956521739130435,10.326086956521738,17.424852388620504,12.52012882447665,10.299248523886206,0.5837359098228664,2.1940418679549114,4.978529253891573,0.47638217928073,5.059044551798175,0.2214170692431562,0.0067096081588835215,0.06709608158883522
140,1.865271068169619,21.618357487922705,11.949812130971551,10.305958132045088,17.66639828234031,12.493290391841116,10.413311862587225,0.7112184648416533,2.2074610842726785,4.918142780461621,0.49651100375738055,5.059044551798175,0.2214170692431562,0.0067096081588835215,0.06709608158883522
141,1.865271068169619,21.537842190016104,11.869296833064949,10.279119699409554,17.74020397208803,12.31213097155126,10.399892646269459,0.7112184648416533,2.1806226516371443,5.059044551798175,0.49651100375738055,5.253623188405797,0.2214170692431562,0.0067096081588835215,0.06709608158883522
142,1.8317230273752012,21.524422973698336,11.855877616747183,10.138217928073,17.921363392377884,12.278582930756844,10.426731078904991,0.7380568974771873,2.167203435319377,5.0858829844337095,0.49651100375738055,5.24020397208803,0.2214170692431562,0.0067096081588835215,0.06709608158883522
143,1.8317230273752012,21.115136876006442,11.842458400429415,10.104669887278583,17.961621041331185,12.198067632850242,10.82259796027912,0.7514761137949544,2.2208803005904456,5.10601180891036,0.49651100375738055,5.253623188405797,0.2214170692431562,0.0067096081588835215,0.06709608158883522
144,1.7981749865807837,21.068169618894256,11.788781535158346,10.044283413848632,17.921363392377884,12.191358024691358,10.795759527643586,0.7246376811594203,2.2410091250670963,5.280461621041331,0.49651100375738055,5.387815351583468,0.2214170692431562,0.0067096081588835215,0.03354804079441761
145,1.7713365539452497,20.967525496511005,11.748523886205046,10.044283413848632,18.02871712292002,12.27187332259796,10.762211486849168,0.7246376811594203,2.1739130434782608,5.293880837359098,0.4830917874396135,5.4616210413311865,0.2214170692431562,0.013419216317767043,0.03354804079441761
146,1.710950080515298,20.665593129361245,11.748523886205046,10.091250670960816,18.17632850241546,12.164519592055823,10.903113258185721,0.7045088566827697,2.167203435319377,5.434782608695652,0.46296296296296297,5.501878690284487,0.2214170692431562,0.013419216317767043,0.03354804079441761
147,1.7042404723564144,20.283145464304884,11.16478797638218,10.205314009661835,17.921363392377884,11.990069779924852,11.037305421363392,0.7045088566827697,1.9860440150295222,5.441492216854535,0.46296296296296297,6.830381105743425,0.2214170692431562,0.013419216317767043,0.03354804079441761
148,1.7042404723564144,20.162372517444982,11.151368760064413,10.198604401502953,18.02200751476114,11.990069779924852,10.983628556092324,0.7246376811594203,2.006172839506173,5.488459473966721,0.46296296296296297,6.843800322061192,0.2147074610842727,0.013419216317767043,0.03354804079441761
149,1.7042404723564144,20.061728395061728,11.077563070316694,10.11808910359635,17.921363392377884,11.949812130971551,11.037305421363392,0.7380568974771873,1.9726247987117553,5.783682232957595,0.46296296296296297,6.910896403650026,0.2147074610842727,0.013419216317767043,0.03354804079441761
150,1.7042404723564144,19.98792270531401,11.07085346215781,10.111379495437467,17.68652710681696,12.258454106280194,10.869565217391305,0.7380568974771873,1.9994632313472893,5.924584004294149,0.4428341384863124,6.944444444444445,0.2147074610842727,0.013419216317767043,0.03354804079441761
151,1.6774020397208802,19.753086419753085,10.963499731615673,10.185185185185185,17.60601180891036,12.245034889962426,10.88298443370907,0.7313472893183038,1.9524959742351047,6.005099302200751,0.6038647342995169,7.125603864734299,0.2147074610842727,0.013419216317767043,0.040257648953301126
152,1.6774020397208802,19.565217391304348,11.386205045625335,10.017444981213098,17.371175523349436,12.224906065485776,10.896403650026839,0.7313472893183038,1.9524959742351047,6.179549114331723,0.6038647342995169,7.092055823939882,0.2147074610842727,0.013419216317767043,0.07380568974771873
153,1.6774020397208802,19.404186795491142,11.399624261943103,9.977187332259795,17.062533548040793,13.211218464841654,10.326086956521738,0.6843800322061192,1.9256575415995705,6.280193236714976,0.6038647342995169,7.14573268921095,0.2147074610842727,0.013419216317767043,0.07380568974771873
154,1.6774020397208802,19.384057971014492,11.3593666129898,9.91009125067096,17.196725711218466,13.110574342458401,10.379763821792807,0.6776704240472357,1.9390767579173376,6.300322061191626,0.6038647342995169,7.118894256575416,0.2549651100375738,0.013419216317767043,0.07380568974771873
155,1.6774020397208802,18.988191089640367,12.835480407944177,9.480676328502415,16.901502952227588,12.674449812130971,10.487117552334944,0.6776704240472357,2.0665593129361244,6.246645195920558,0.6038647342995169,7.018250134192163,0.2549651100375738,0.013419216317767043,0.07380568974771873
156,1.6572732152442298,18.793612453032743,13.103864734299517,9.178743961352657,16.948470209339774,12.741545893719806,10.426731078904991,0.6776704240472357,2.100107353730542,6.427804616210413,0.6038647342995169,6.9243156199677935,0.2549651100375738,0.013419216317767043,0.14761137949543746
157,1.6572732152442298,18.67283950617284,13.070316693505099,9.178743961352657,16.961889425657542,12.681159420289855,10.393183038110575,0.6776704240472357,2.167203435319377,6.515029522275899,0.6172839506172839,6.937734836285561,0.2885131508319914,0.013419216317767043,0.16774020397208803
158,1.6572732152442298,18.4849704777241,12.97638217928073,9.104938271604938,17.04911433172303,12.828770799785293,10.507246376811594,0.6776704240472357,2.187332259796028,6.481481481481482,0.6172839506172839,6.957863660762212,0.2885131508319914,0.013419216317767043,0.16774020397208803
159,1.6572732152442298,18.46484165324745,12.761674718196458,9.084809447128288,17.122920021470748,12.661030595813205,10.547504025764896,0.6508319914117016,2.187332259796028,6.5552871712292005,0.7112184648416533,7.125603864734299,0.2885131508319914,0.013419216317767043,0.16774020397208803
160,1.6572732152442298,18.35077831454643,12.667740203972087,9.084809447128288,17.196725711218466,12.627482555018787,10.406602254428341,0.6172839506172839,2.3081052066559313,6.736446591519055,0.7179280730005367,7.159151905528717,0.2885131508319914,0.013419216317767043,0.16774020397208803
161,1.6572732152442298,18.19645732689211,12.04374664519592,9.366612989801396,17.11621041331186,12.600644122383253,10.661567364465915,0.6172839506172839,2.395330112721417,6.977992485238862,0.7179280730005367,7.179280730005368,0.2885131508319914,0.013419216317767043,0.16774020397208803
162,1.6572732152442298,18.06226516371444,11.916264090177133,9.326355340848094,17.176596886741816,12.5402576489533,10.775630703166936,0.6508319914117016,2.301395598497048,7.004830917874396,0.7246376811594203,7.39398819108964,0.2885131508319914,0.013419216317767043,0.16774020397208803
163,1.6572732152442298,17.64626945786366,11.748523886205046,9.212292002147075,17.478529253891573,12.385936661298981,11.312399355877616,0.6508319914117016,2.1739130434782608,7.232957595276436,0.7246376811594203,7.326892109500805,0.2683843263553409,0.013419216317767043,0.16774020397208803
164,1.6572732152442298,17.438271604938272,11.594202898550725,9.172034353193773,17.693236714975846,12.345679012345679,11.33923778851315,0.6910896403650026,2.13365539452496,7.514761137949543,0.7179280730005367,7.253086419753086,0.2683843263553409,0.013419216317767043,0.16774020397208803
165,1.6572732152442298,17.404723564143854,11.520397208803006,9.024422973698336,17.52549651100376,12.298711755233494,11.2788513150832,0.6910896403650026,2.187332259796028,7.64224369296833,0.7447665056360708,7.575147611379496,0.2683843263553409,0.013419216317767043,0.16774020397208803
