,45,50,51,53,54,57,52,55,56
0,88.33199141170155,11.668008588298443,,,,,,,
1,82.58185721953838,17.418142780461622,,,,,,,
2,80.55555555555556,10.339506172839506,9.104938271604938,,,,,,
3,71.06816961889426,19.840311325818572,9.091519055287172,,,,,,
4,68.88083735909822,22.054482018250134,9.064680622651638,,,,,,
5,67.98845947396671,20.511272141706925,7.286634460547504,2.898550724637681,1.3150831991411702,,,,
6,68.13607085346216,20.44417606011809,7.219538378958669,2.8784219001610305,1.221148684916801,0.10064412238325282,,,
7,65.36500268384326,22.470477724100913,6.166129898013956,2.6033279656468062,1.221148684916801,0.10064412238325282,2.073268921095008,,
8,65.06977992485238,21.591519055287172,4.240472356414386,2.6033279656468062,1.1272141706924315,0.10064412238325282,5.132850241545894,0.13419216317767044,
9,59.38003220611916,27.3215244229737,4.240472356414386,2.6033279656468062,1.1272141706924315,0.10064412238325282,5.092592592592593,0.13419216317767044,
10,57.35373054213634,25.0402576489533,8.568169618894256,2.6033279656468062,1.1272141706924315,0.10064412238325282,5.072463768115942,0.13419216317767044,
11,53.878153515834676,28.911701556629094,8.28636607622115,2.6033279656468062,1.1272141706924315,0.10064412238325282,4.696725711218465,0.39586688137412773,
12,53.777509393451425,29.09286097691895,8.28636607622115,2.6033279656468062,1.0601180891035964,0.10064412238325282,4.683306494900698,0.39586688137412773,
13,53.56951154052604,28.784219001610307,8.246108427267847,2.6033279656468062,1.0064412238325282,0.06709608158883522,4.683306494900698,1.0399892646269457,
14,53.596349973161566,28.75738056897477,8.246108427267847,2.6033279656468062,1.0064412238325282,0.06709608158883522,4.683306494900698,1.0399892646269457,
15,53.515834675254965,28.904991948470208,8.185721953837897,2.6033279656468062,1.0064412238325282,0.06709608158883522,4.676596886741814,1.0399892646269457,
16,51.07353730542136,27.65029522275899,8.125335480407944,2.6033279656468062,1.0064412238325282,0.06709608158883522,8.433977455716587,1.0399892646269457,
17,49.020397208803004,27.086688137412775,8.004562533548041,2.6033279656468062,1.0064412238325282,0.06709608158883522,11.305689747718732,0.9057971014492754,
18,44.02173913043478,32.360440150295226,7.944176060118089,2.7509393451422435,1.0064412238325282,0.06709608158883522,10.943370907139023,0.9057971014492754,
19,44.357219538378956,32.09205582393988,7.924047235641439,2.737520128824477,1.0064412238325282,0.06709608158883522,10.909822866344605,0.9057971014492754,
20,43.592324208266234,32.6959205582394,7.9106280193236715,2.737520128824477,1.261406333870102,0.06709608158883522,10.829307568438002,0.9057971014492754,
21,42.96833064949007,31.95115405260333,15.230810520665592,0.2147074610842727,0.2549651100375738,,8.487654320987655,0.8521202361782072,0.040257648953301126
22,43.19645732689211,31.682769726247987,15.217391304347826,0.2147074610842727,0.2549651100375738,,8.487654320987655,0.9057971014492754,0.040257648953301126
23,41.6532474503489,33.2662372517445,15.08990874932904,0.2147074610842727,0.2549651100375738,,8.433977455716587,0.9057971014492754,0.18115942028985507
24,40.90177133655394,33.97745571658615,15.190552871712292,0.2147074610842727,0.2549651100375738,,8.393719806763285,0.8923778851315083,0.17444981213097155
25,40.41196994095545,33.76945786366076,13.600375738056897,0.18115942028985507,0.2549651100375738,,10.809178743961352,0.798443370907139,0.17444981213097155
26,40.80783682232958,33.2662372517445,13.58695652173913,0.1610305958132045,0.2549651100375738,,10.768921095008052,0.9796027911969941,0.17444981213097155
27,40.975577026301664,32.7361782071927,13.325281803542673,0.1610305958132045,0.5233494363929146,,10.768921095008052,1.133923778851315,0.3757380568974772
28,41.04938271604938,32.75630703166935,13.325281803542673,0.1610305958132045,0.5233494363929146,,10.755501878690284,1.0534084809447128,0.3757380568974772
29,31.97128287707998,42.639559849704774,12.587224906065487,0.0067096081588835215,0.5233494363929146,,10.755501878690284,1.1406333870101986,0.3757380568974772
30,31.884057971014492,41.89479334406871,13.47289318303811,0.0067096081588835215,0.49651100375738055,,10.72866344605475,1.1406333870101986,0.3757380568974772
31,30.857487922705314,36.553945249597426,13.425925925925926,3.6500268384326353,0.2683843263553409,,13.593666129898015,1.2815351583467525,0.36902844873859364
32,30.56897477187332,33.58829844337091,15.861513687600644,3.6500268384326353,0.2683843263553409,,13.278314546430488,2.4221685453569513,0.36231884057971014
33,31.166129898013956,32.60198604401503,15.458937198067632,3.6097691894793345,1.0869565217391304,,12.983091787439614,2.4221685453569513,0.6709608158883521
34,30.971551261406333,32.78314546430489,15.405260332796564,3.717122920021471,1.0869565217391304,,12.942834138486312,2.4221685453569513,0.6709608158883521
35,31.353998926462694,32.74288781535159,15.324745034889963,3.656736446591519,1.0869565217391304,,12.614063338701019,2.5496511003757383,0.6709608158883521
36,31.468062265163713,32.58185721953838,15.049651100375739,3.656736446591519,1.0869565217391304,,12.607353730542137,2.6838432635534084,0.8655394524959742
37,31.374127750939344,32.74288781535159,14.821524422973699,3.5829307568438002,1.0869565217391304,,12.661030595813205,2.6838432635534084,1.0466988727858293
38,30.05233494363929,34.23913043478261,14.794685990338165,3.556092324208266,1.0802469135802468,,12.560386473429952,2.6704240472356413,1.0466988727858293
39,29.435050993022006,34.96376811594203,14.412238325281804,3.5292538915727323,1.0802469135802468,,12.493290391841116,2.7777777777777777,1.3083735909822867
40,27.093397745571657,36.20504562533548,14.130434782608695,3.7037037037037037,2.0799785292538915,,12.419484702093397,3.0595813204508855,1.3083735909822867
41,24.074074074074073,29.656468062265162,15.203972088030058,1.9524959742351047,2.1068169618894257,,22.765700483091788,2.932098765432099,1.3083735909822867
42,24.282071926999464,29.461889425657542,15.33816425120773,1.9390767579173376,2.1068169618894257,,22.67176596886742,2.8918411164787976,1.3083735909822867
43,25.087224906065487,29.086151368760063,14.506172839506172,1.8853998926462694,2.1068169618894257,,22.450348899624263,3.670155662909286,1.2077294685990339
44,24.84567901234568,28.073000536768653,14.143853998926463,5.535426731078905,2.2074610842726785,,20.075147611379496,3.6634460547504024,1.4559849704777241
45,25.187869028448738,28.10654857756307,14.023081052066559,5.522007514761138,2.147074610842727,,19.706119162640903,3.643317230273752,1.6639828234031133
46,23.22866344605475,30.193236714975846,14.002952227589908,4.911433172302737,2.147074610842727,,20.209339774557165,3.643317230273752,1.6639828234031133
47,21.504294149221685,28.985507246376812,17.351046698872786,4.851046698872786,2.341653247450349,,19.45786366076221,3.643317230273752,1.865271068169619
48,21.79951690821256,28.871443907675793,17.52549651100376,4.8443370907139025,2.167203435319377,,19.35721953837896,3.5829307568438002,1.8518518518518519
49,21.497584541062803,27.046430488459475,19.484702093397747,4.810789049919484,2.2611379495437465,,19.209608158883523,3.7573805689747717,1.932367149758454
50,20.96081588835212,25.617283950617285,20.00805152979066,4.502147074610843,2.38191089640365,,20.638754696725712,3.978797638217928,1.9122383252818036
51,19.81347289318304,23.30246913580247,22.638217928073,4.502147074610843,3.012614063338701,,20.517981749865807,4.3545356951154055,1.8585614600107354
52,20.39049919484702,23.09447128287708,22.537573805689746,4.609500805152979,2.6502952227589907,,20.44417606011809,4.435050993022007,1.8384326355340848
53,20.40391841116479,23.03408480944713,22.32957595276436,4.2203435319377345,2.623456790123457,,21.054750402576488,4.40150295222759,1.932367149758454
54,20.685721953837895,22.933440687063875,22.269189479334408,4.186795491143317,2.6033279656468062,,20.987654320987655,4.40150295222759,1.932367149758454
55,21.00107353730542,22.745571658615138,22.19538378958669,4.186795491143317,2.6033279656468062,,20.249597423510465,5.092592592592593,1.9256575415995705
56,20.954106280193237,22.21551261406334,20.491143317230275,4.8443370907139025,2.589908749329039,,21.900161030595815,5.12614063338701,1.8786902844873858
57,20.30998389694042,22.665056360708533,20.437466451959207,4.8443370907139025,2.85829307568438,,21.880032206119164,5.12614063338701,1.8786902844873858
58,17.56575415995706,22.34970477724101,25.55689747718733,4.924852388620504,2.5966183574879227,,20.638754696725712,4.804079441760601,1.5633387010198605
59,17.793880837359097,21.947128287707997,25.55018786902845,4.864465915190553,2.5966183574879227,0.15432098765432098,20.323403113258184,5.2066559312936125,1.5633387010198605
60,18.337359098228664,21.772678475577028,25.41599570585078,4.85775630703167,2.5966183574879227,0.15432098765432098,20.222758990874933,5.0791733762748255,1.5633387010198605
61,18.203166935050994,21.973966720343533,24.758454106280194,5.790391841116479,2.314814814814815,0.30193236714975846,20.021470746108427,5.0791733762748255,1.556629092860977
62,16.451959205582394,15.438808373590982,33.89694041867955,5.414653784219001,1.892109500805153,0.30193236714975846,21.994095544820183,3.052871712292002,1.556629092860977
63,16.5727321524423,15.26435856146001,32.709339774557165,5.387815351583468,1.8585614600107354,0.2885131508319914,23.544015029522274,2.871712292002147,1.5029522275899088
64,16.71363392377885,15.237520128824476,32.60198604401503,5.387815351583468,1.8585614600107354,0.2885131508319914,23.242082662372518,3.193773483628556,1.4761137949543746
65,16.80756843800322,15.177133655394526,32.30005367686527,5.260332796564681,1.9994632313472893,0.2885131508319914,23.22866344605475,3.4621578099838968,1.4761137949543746
66,15.08990874932904,22.7187332259796,29.757112184648417,5.246913580246914,1.6975308641975309,0.2885131508319914,21.947128287707997,1.9592055823939882,1.2949543746645196
67,14.492753623188406,22.705314009661837,29.59608158883521,8.480944712828771,1.6572732152442298,0.2885131508319914,19.33709071390231,2.214170692431562,1.2278582930756843
68,12.942834138486312,24.516908212560388,29.1129898013956,8.420558239398819,1.6572732152442298,0.2885131508319914,19.51154052603328,2.3215244229736984,1.2278582930756843
69,12.110842726784755,30.750134192163177,27.375201288244767,6.468062265163715,0.5636070853462157,0.2885131508319914,18.988191089640367,2.462426194310252,0.9930220075147611
70,12.097423510466989,28.837895866881375,27.355072463768117,6.709608158883521,0.5636070853462157,0.2885131508319914,18.894256575415994,4.260601180891036,0.9930220075147611
71,12.392646269457863,28.77750939345142,27.086688137412775,6.702898550724638,0.5636070853462157,0.2885131508319914,18.659420289855074,4.53569511540526,0.9930220075147611
72,12.761674718196458,28.56280193236715,26.932367149758456,6.561996779388084,0.6977992485238862,0.2885131508319914,18.552066559312937,4.64975845410628,0.9930220075147611
73,12.983091787439614,28.522544283413847,26.77133655394525,6.561996779388084,0.6977992485238862,0.2885131508319914,18.377616747181964,4.64975845410628,1.1473429951690821
74,13.43263553408481,28.166935050993022,26.482823403113258,6.347289318303811,0.5636070853462157,0.2885131508319914,19.45786366076221,4.1129898013955986,1.1473429951690821
75,13.667471819645733,28.093129361245303,26.435856146001072,6.347289318303811,0.5636070853462157,0.2885131508319914,19.343800322061192,4.1129898013955986,1.1473429951690821
76,12.915995705850777,24.00697799248524,32.789855072463766,6.347289318303811,0.5971551261406334,0.4227053140096618,17.98845947396672,3.824476650563607,1.107085346215781
77,13.009930220075148,24.114331723027377,32.68250134192163,6.347289318303811,0.5971551261406334,0.4227053140096618,17.907944176060116,3.824476650563607,1.093666129898014
78,13.009930220075148,23.96672034353194,32.6154052603328,6.347289318303811,0.5971551261406334,0.4227053140096618,17.726784755770264,4.2203435319377345,1.093666129898014
79,13.177670424047236,23.939881910896403,32.6154052603328,6.260064412238325,0.5971551261406334,0.4227053140096618,17.673107890499196,4.2203435319377345,1.093666129898014
80,11.56736446591519,18.06226516371444,41.42512077294686,6.025228126677402,1.261406333870102,0.4227053140096618,16.458668813741276,3.6902844873859366,1.0869565217391304
81,11.79549114331723,17.619431025228128,41.34460547504026,5.991680085882985,1.261406333870102,0.4227053140096618,16.445249597423512,4.032474503488996,1.0869565217391304
82,11.922973698336017,17.505367686527105,41.176865271068166,6.273483628556092,1.261406333870102,0.4227053140096618,16.17686527106817,4.032474503488996,1.2278582930756843
83,12.546967257112184,17.478529253891573,40.425389157273216,6.206387546967257,2.623456790123457,0.3824476650563607,15.35829307568438,4.045893719806763,0.9326355340848095
84,12.68786902844874,17.47181964573269,40.35829307568438,6.139291465378422,2.623456790123457,0.3824476650563607,15.35829307568438,4.045893719806763,0.9326355340848095
85,12.775093934514224,17.223564143854,40.063070316693505,6.823671497584541,2.623456790123457,0.46967257112184646,14.908749329039184,4.180085882984434,0.9326355340848095
86,11.996779388083736,15.767579173376275,39.98926462694579,7.360440150295223,1.8183038110574343,0.5501878690284487,17.612721417069242,4.126409017713366,0.7783145464304885
87,12.654320987654321,15.593129361245303,39.59339774557166,7.997852925389157,1.8183038110574343,0.5501878690284487,17.10950080515298,3.9720880300590444,0.7112184648416533
88,12.775093934514224,15.566290928609769,39.51959205582394,7.98443370907139,1.8183038110574343,0.5501878690284487,17.102791196994094,3.9720880300590444,0.7112184648416533
89,13.01663982823403,15.405260332796564,38.93585614600107,7.957595276435856,2.3081052066559313,0.7045088566827697,16.99543746645196,3.965378421900161,0.7112184648416533
90,12.325550187869029,12.298711755233494,38.459473966720346,7.863660762211487,2.3081052066559313,0.5971551261406334,22.04777241009125,3.388352120236178,0.7112184648416533
91,12.419484702093397,12.245034889962426,38.27160493827161,7.863660762211487,2.5563607085346214,0.5971551261406334,21.994095544820183,3.3413848631239937,0.7112184648416533
92,13.01663982823403,12.104133118625873,37.9898013955985,7.830112721417069,2.5563607085346214,0.5971551261406334,21.926999463231347,3.2675791733762747,0.7112184648416533
93,13.311862587224907,12.00348899624262,37.714707461084274,7.7898550724637685,2.5563607085346214,0.5971551261406334,21.973966720343533,3.3413848631239937,0.7112184648416533
94,13.674181427804616,11.98336017176597,37.32555018786903,7.7898550724637685,2.5563607085346214,0.5971551261406334,21.77938808373591,3.33467525496511,0.9594739667203436
95,13.553408480944713,11.614331723027375,36.77536231884058,7.877079978529254,2.5563607085346214,0.5971551261406334,22.67176596886742,3.294417606011809,1.0601180891035964
96,11.748523886205046,8.682232957595277,44.69269994632314,6.327160493827161,3.4420289855072466,0.5971551261406334,20.38378958668814,2.999194847020934,1.1272141706924315
97,12.00348899624262,8.682232957595277,44.31025228126678,6.327160493827161,3.4420289855072466,0.5971551261406334,20.38378958668814,3.1333870101986045,1.1205045625335481
98,12.406065485775631,8.601717659688674,44.015029522275896,6.172839506172839,3.374932903918411,0.8252818035426731,19.585346215780998,3.1199677938808374,1.8988191089640365
99,12.795222758990874,8.601717659688674,43.79361245303274,6.045356951154052,3.5292538915727323,0.8588298443370908,19.202898550724637,3.1199677938808374,2.0531400966183573
100,12.869028448738593,8.501073537305421,40.445517981749866,8.863392377885132,3.656736446591519,0.8588298443370908,19.484702093397747,3.1199677938808374,2.200751476113795
101,11.66129898013956,18.17632850241546,37.956253354804076,8.76274825550188,3.0059044551798175,0.8185721953837896,15.794417606011809,1.7981749865807837,2.0263016639828235
102,11.681427804616211,17.98845947396672,37.895866881374126,7.843531937734836,2.328234031132582,0.7179280730005367,17.659688674181428,1.8853998926462694,1.9994632313472893
103,12.13768115942029,17.599302200751477,37.66774020397209,7.716049382716049,2.328234031132582,0.7179280730005367,17.57246376811594,2.2611379495437465,1.9994632313472893
104,12.439613526570048,17.465110037573805,37.39264626945786,7.6556629092860975,2.301395598497048,0.7112184648416533,17.518786902844873,2.5161030595813205,1.9994632313472893
105,12.822061191626409,17.411433172302736,37.29200214707461,7.595276435856146,2.301395598497048,0.7112184648416533,17.398013955984972,2.4691358024691357,1.9994632313472893
106,13.41250670960816,17.122920021470748,36.533816425120776,7.96430488459474,2.9052603327965647,0.7112184648416533,17.250402576489535,2.086688137412775,2.0128824476650564
107,14.130434782608695,17.11621041331186,35.97691894793344,7.944176060118089,2.9052603327965647,0.7045088566827697,17.20343531937735,2.0665593129361244,1.9524959742351047
108,14.231078904991948,16.968599033816425,36.61433172302738,7.917337627482555,3.0595813204508855,0.6910896403650026,16.59957058507783,1.9659151905528718,1.9524959742351047
109,13.620504562533547,16.344605475040257,37.2987117552335,7.816693505099302,2.7106816961889426,0.6910896403650026,17.619431025228128,1.9659151905528718,1.932367149758454
110,13.942565754159958,16.337895866881375,37.25174449812131,7.7898550724637685,2.7106816961889426,0.6910896403650026,17.37788513150832,1.9659151905528718,1.932367149758454
111,14.231078904991948,16.23725174449812,36.35265700483092,7.588566827697263,2.7106816961889426,0.6642512077294686,17.68652710681696,2.509393451422437,2.01959205582394
112,14.492753623188406,16.150026838432634,35.07112184648417,7.541599570585078,2.9924852388620504,0.6642512077294686,17.64626945786366,3.3279656468062266,2.1135265700483092
113,14.915458937198068,16.11647879763822,34.62157809983897,7.474503488996243,2.9924852388620504,0.6642512077294686,17.62614063338701,3.321256038647343,2.26784755770263
114,13.01663982823403,15.13016639828234,44.39747718733226,6.622383252818035,2.254428341384863,0.5367686527106817,12.25174449812131,3.3145464304884595,2.475845410628019
115,13.144122383252817,14.9020397208803,44.10225442834138,6.796833064949007,2.254428341384863,0.5367686527106817,12.674449812130971,3.2675791733762747,2.3215244229736984
116,13.546698872785829,14.76784755770263,42.210144927536234,6.991411701556629,4.03918411164788,0.6709608158883521,11.949812130971551,3.2675791733762747,2.5563607085346214
117,13.694310252281268,14.727589908749328,42.0222758990875,6.991411701556629,3.9855072463768115,0.6709608158883521,11.949812130971551,3.2675791733762747,2.690552871712292
118,13.982823403113258,14.707461084272678,41.90150295222759,6.991411701556629,3.9855072463768115,0.6709608158883521,11.81561996779388,3.2541599570585076,2.690552871712292
119,14.090177133655395,14.51959205582394,41.619699409554485,6.957863660762212,4.26731078904992,0.6709608158883521,11.728395061728396,3.1602254428341383,2.985775630703167
120,14.204240472356414,14.51959205582394,41.54589371980676,6.9243156199677935,4.26731078904992,0.6709608158883521,11.721685453569512,3.1602254428341383,2.985775630703167
121,14.445786366076222,14.36527106816962,41.47879763821793,6.9243156199677935,4.233762748255502,0.6709608158883521,11.627750939345143,3.2675791733762747,2.985775630703167
122,14.647074610842727,14.345142243692969,41.35131508319914,6.9243156199677935,4.233762748255502,0.6709608158883521,11.627750939345143,3.2675791733762747,2.932098765432099
123,14.754428341384862,14.338432635534085,41.31105743424584,6.9243156199677935,4.233762748255502,0.6709608158883521,11.56736446591519,3.2675791733762747,2.932098765432099
124,14.935587761674718,14.257917337627482,41.25067096081589,6.89747718733226,4.233762748255502,0.6709608158883521,11.56736446591519,3.2675791733762747,2.918679549114332
125,15.271068169618895,14.257917337627482,41.06280193236715,6.843800322061192,4.435050993022007,0.5501878690284487,11.392914653784219,3.2675791733762747,2.918679549114332
126,15.479066022544284,14.251207729468598,40.94202898550725,6.810252281266774,4.435050993022007,0.5501878690284487,11.345947396672035,3.2675791733762747,2.918679549114332
127,15.747450348899624,14.15727321524423,40.15700483091788,7.749597423510467,4.03918411164788,0.5501878690284487,11.325818572195384,3.260869565217391,3.012614063338701
128,15.505904455179817,14.103596349973161,40.00939345142244,8.917069243156199,4.233762748255502,0.2549651100375738,10.547504025764896,3.321256038647343,3.1065485775630703
129,15.640096618357488,14.103596349973161,39.92216854535695,8.896940418679549,4.213633923778851,0.2549651100375738,10.547504025764896,3.3145464304884595,3.1065485775630703
130,15.821256038647343,13.459473966720344,39.85507246376812,8.856682769726248,4.213633923778851,0.2549651100375738,10.426731078904991,4.019055287171229,3.0931293612453032
131,16.069511540526033,13.083735909822867,39.79468599033817,8.829844337090714,4.213633923778851,0.2549651100375738,10.413311862587225,4.247181964573269,3.0931293612453032
132,16.445249597423512,13.023349436392914,39.392109500805155,8.829844337090714,4.213633923778851,0.2549651100375738,10.399892646269459,4.361245303274289,3.079710144927536
133,16.72705314009662,12.875738056897477,39.26462694578637,9.138486312399356,4.213633923778851,0.2549651100375738,10.0979602791197,4.361245303274289,3.066290928609769
134,16.337895866881375,12.86231884057971,36.08427267847558,9.111647879763822,4.213633923778851,0.2549651100375738,13.855340848094471,4.334406870638754,2.945517981749866
135,16.170155662909288,12.848899624261943,36.3191089640365,8.501073537305421,4.9651100375738055,0.2549651100375738,13.66076221148685,4.334406870638754,2.945517981749866
136,16.13660762211487,12.775093934514224,36.05743424584004,8.487654320987655,5.293880837359098,0.30193236714975846,13.546698872785829,4.455179817498658,2.945517981749866
137,15.807836822329575,12.620772946859903,37.4194847020934,8.36688137412775,5.287171229200215,0.30193236714975846,13.493022007514762,3.898282340311326,2.804616210413312
138,14.090177133655395,12.359098228663447,43.552066559312934,7.206119162640902,5.199946323134729,0.30193236714975846,10.755501878690284,3.8714439076757916,2.6637144390767578
139,14.761137949543746,12.332259796027913,42.975040257648956,7.179280730005368,5.421363392377885,0.2281266774020397,10.581052066559312,3.8580246913580245,2.6637144390767578
140,14.673913043478262,12.318840579710145,41.34460547504026,7.1658615136876005,5.421363392377885,0.2281266774020397,10.527375201288244,5.656199677938808,2.6637144390767578
141,15.022812667740205,12.204777241009126,41.27079978529254,7.199409554482019,5.407944176060118,0.2281266774020397,10.36634460547504,5.636070853462158,2.6637144390767578
142,15.157004830917874,12.151100375738057,41.27079978529254,7.199409554482019,5.407944176060118,0.2281266774020397,10.285829307568438,5.636070853462158,2.6637144390767578
143,15.49248523886205,11.969940955448202,40.673644659151904,7.159151905528717,5.743424584004294,0.2281266774020397,10.285829307568438,5.730005367686527,2.717391304347826
144,15.539452495974235,11.855877616747183,40.425389157273216,8.950617283950617,5.0993022007514766,0.18115942028985507,9.769189479334408,5.4616210413311865,2.717391304347826
145,15.942028985507246,11.627750939345143,40.351583467525494,8.829844337090714,5.381105743424584,0.18115942028985507,9.71551261406334,5.280461621041331,2.690552871712292
146,16.009125067096083,11.520397208803006,40.05636070853462,8.829844337090714,5.374396135265701,0.18115942028985507,9.71551261406334,5.649490069779925,2.6637144390767578
147,16.049382716049383,11.520397208803006,39.54643048845947,8.816425120772946,5.3341384863123995,0.18115942028985507,9.695383789586689,5.9447128287707995,2.9119699409554483
148,15.921900161030596,11.064143853998926,39.452495974235106,8.776167471819646,6.172839506172839,0.18115942028985507,9.675254965110037,5.844068706387547,2.9119699409554483
149,15.921900161030596,10.970209339774557,39.11701556629093,8.836553945249598,6.105743424584004,0.18115942028985507,10.258990874932904,5.723295759527644,2.885131508319914
150,16.27079978529254,10.84272678475577,38.747987117552334,8.541331186258722,6.374127750939345,0.18115942028985507,10.25228126677402,5.803811057434245,2.985775630703167
151,16.344605475040257,10.802469135802468,38.506441223832525,8.608427267847558,6.380837359098229,0.18115942028985507,10.25228126677402,6.018518518518518,2.9052603327965647
152,16.27750939345142,10.654857756307031,37.96967257112185,8.608427267847558,6.951154052603328,0.18115942028985507,10.292538915727322,6.233225979602791,2.831454643048846
153,16.626409017713364,10.648148148148149,37.76838432635534,8.541331186258722,6.951154052603328,0.18115942028985507,10.25228126677402,6.199677938808374,2.831454643048846
154,16.894793344068706,10.581052066559312,37.506709608158886,8.460815888352121,6.944444444444445,0.18115942028985507,10.245571658615138,6.407675791733762,2.7777777777777777
155,16.190284487385938,10.198604401502953,34.54777241009125,8.272946859903382,5.844068706387547,0.18115942028985507,13.130703166935051,6.199677938808374,5.434782608695652
156,16.384863123993558,10.198604401502953,34.52093397745572,8.239398819108963,5.844068706387547,0.18115942028985507,13.103864734299517,6.092324208266238,5.434782608695652
157,16.505636070853463,10.158346752549651,34.306226516371446,8.239398819108963,5.844068706387547,0.18115942028985507,13.103864734299517,6.052066559312936,5.609232420826624
158,16.1231884057971,9.782608695652174,33.313204508856685,8.105206655931294,6.347289318303811,0.18115942028985507,13.560118089103597,6.884057971014493,5.703166935050993
159,16.364734299516908,9.494095544820183,32.19940955448202,9.286097691894794,6.286902844873859,0.18115942028985507,13.533279656468062,6.957863660762212,5.6964573268921095
160,16.411701556629094,9.27938808373591,31.46135265700483,9.25925925925926,6.66935050993022,0.18115942028985507,14.31159420289855,6.615673644659152,5.810520665593129
161,16.780730005367687,9.172034353193773,31.333870101986044,9.192163177670425,6.66935050993022,0.18115942028985507,14.237788513150832,6.66935050993022,5.763553408480945
162,17.10950080515298,9.078099838969404,31.280193236714975,8.997584541062801,6.937734836285561,0.18115942028985507,14.17740203972088,6.642512077294686,5.595813204508857
163,16.70692431561997,9.017713365539452,32.68250134192163,8.816425120772946,6.810252281266774,0.18115942028985507,13.546698872785829,6.642512077294686,5.595813204508857
164,16.961889425657542,9.017713365539452,32.2866344605475,8.729200214707461,6.964573268921095,0.18115942028985507,13.493022007514762,6.790123456790123,5.5756843800322065
165,17.102791196994094,8.393719806763285,32.17257112184648,8.796296296296296,7.159151905528717,0.18115942028985507,13.358829844337091,7.306763285024155,5.528717122920021
166,17.21014492753623,8.360171765968868,32.14573268921095,8.796296296296296,7.159151905528717,0.18115942028985507,13.311862587224907,7.306763285024155,5.528717122920021
167,17.62614063338701,8.225979602791197,31.964573268921097,8.125335480407944,7.14573268921095,0.18115942028985507,13.251476113794954,7.098765432098766,6.380837359098229
168,18.015297906602253,8.172302737520129,31.904186795491142,8.111916264090176,7.071926999463232,0.18115942028985507,13.278314546430488,7.03166935050993,6.233225979602791
169,18.10252281266774,8.145464304884594,32.30005367686527,8.259527643585615,7.836822329575953,0.18115942028985507,12.426194310252281,7.004830917874396,5.743424584004294
170,18.21658615136876,8.145464304884594,32.21282877079979,8.232689210950081,7.836822329575953,0.18115942028985507,12.426194310252281,7.004830917874396,5.743424584004294
171,18.706387546967257,8.132045088566828,32.09205582393988,8.158883521202362,7.628824476650563,0.18115942028985507,12.372517444981213,6.984702093397746,5.743424584004294
172,18.78690284487386,8.132045088566828,32.045088566827694,8.158883521202362,7.628824476650563,0.18115942028985507,12.372517444981213,6.951154052603328,5.743424584004294
173,19.47799248523886,7.944176060118089,31.676060118089104,8.460815888352121,7.62211486849168,0.18115942028985507,12.06387546967257,6.857219538378959,5.71658615136876
174,19.6256038647343,7.917337627482555,31.01851851851852,8.460815888352121,8.729200214707461,0.18115942028985507,11.594202898550725,6.810252281266774,5.662909286097692
175,19.90740740740741,7.722758990874933,30.810520665593128,8.608427267847558,8.655394524959743,0.1610305958132045,11.520397208803006,7.004830917874396,5.609232420826624
176,20.35024154589372,7.709339774557166,30.454911433172303,8.59500805152979,8.648684916800859,0.1610305958132045,11.460010735373054,7.092055823939882,5.528717122920021
177,20.531400966183575,7.6556629092860975,30.06575415995706,8.541331186258722,8.648684916800859,0.1610305958132045,11.285560923242082,7.581857219538379,5.528717122920021
178,20.813204508856682,7.615405260332796,29.898013955984972,8.494363929146537,8.722490606548577,0.1610305958132045,11.2788513150832,7.5348899624261945,5.481749865807837
179,20.853462157809982,7.615405260332796,29.884594739667204,8.494363929146537,8.722490606548577,0.1610305958132045,11.2788513150832,7.521470746108427,5.46833064949007
180,21.309715512614062,7.615405260332796,29.240472356414386,8.99087493290392,8.393719806763285,0.1610305958132045,11.3191089640365,7.5348899624261945,5.434782608695652
181,21.477455716586153,7.595276435856146,29.03918411164788,8.99087493290392,8.621846484165324,0.1610305958132045,11.305689747718732,7.481213097155126,5.3274288781535155
182,21.826355340848096,7.50805152979066,28.61647879763822,8.977455716586151,8.621846484165324,0.1610305958132045,11.265432098765432,7.440955448201825,5.58239398819109
183,22.088030059044552,7.50805152979066,28.381642512077295,8.943907675791733,8.621846484165324,0.1610305958132045,11.144659151905529,7.568438003220612,5.58239398819109
184,22.128287707997853,7.454374664519592,28.307836822329577,8.943907675791733,7.98443370907139,0.1610305958132045,11.949812130971551,7.48792270531401,5.58239398819109
185,22.322866344605476,7.380568974771873,28.166935050993022,8.930488459473967,7.977724100912507,0.1610305958132045,11.896135265700483,7.581857219538379,5.58239398819109
186,22.17525496511004,7.199409554482019,27.569779924852387,8.923778851315083,7.971014492753623,0.1610305958132045,12.513419216317766,7.917337627482555,5.5689747718733225
187,22.0276435856146,7.192699946323135,26.898819108964037,9.655126140633387,7.944176060118089,0.1610305958132045,12.513419216317766,8.205850778314547,5.401234567901234
188,22.624798711755233,7.159151905528717,26.89210950080515,9.628287707997853,7.7831454643048845,0.1610305958132045,12.332259796027913,8.017981749865807,5.401234567901234
189,22.906602254428343,7.011540526033279,26.80488459473967,9.628287707997853,7.7831454643048845,0.1610305958132045,12.31213097155126,7.991143317230274,5.401234567901234
190,22.665056360708533,6.568706387546968,26.48953301127214,10.695115405260333,7.494632313472893,0.1610305958132045,12.305421363392378,8.219269994632313,5.401234567901234
191,22.926731078904993,6.5485775630703165,26.241277509393452,10.695115405260333,7.494632313472893,0.1610305958132045,12.345679012345679,8.219269994632313,5.367686527106817
192,22.993827160493826,6.031937734836285,26.073537305421365,10.641438539989265,8.796296296296296,0.1610305958132045,12.345679012345679,7.709339774557166,5.246913580246914
193,22.926731078904993,5.911164787976382,26.42914653784219,10.641438539989265,8.179012345679013,0.1610305958132045,12.224906065485776,8.232689210950081,5.293880837359098
194,22.966988727858293,5.911164787976382,26.42914653784219,10.641438539989265,8.152173913043478,0.1610305958132045,12.211486849168008,8.232689210950081,5.293880837359098
195,23.040794417606012,5.884326355340848,26.133923778851315,11.171497584541063,8.085077831454644,0.1610305958132045,12.164519592055823,8.091787439613526,5.267042404723564
196,23.15485775630703,5.884326355340848,26.073537305421365,11.137949543746645,8.085077831454644,0.1610305958132045,11.829039184111648,8.071658615136876,5.60252281266774
197,23.738593666129898,5.884326355340848,25.664251207729468,11.077563070316694,8.252818035426731,0.1610305958132045,11.54723564143854,8.185721953837897,5.488459473966721
198,23.93317230273752,5.844068706387547,25.63070316693505,11.131239935587761,8.21256038647343,0.1610305958132045,11.540526033279656,8.172302737520129,5.374396135265701
199,23.98684916800859,5.844068706387547,25.41599570585078,11.057434245840042,8.259527643585615,0.1610305958132045,11.540526033279656,8.152173913043478,5.58239398819109
200,24.208266237251745,5.844068706387547,25.174449812130973,10.990338164251208,8.225979602791197,0.1610305958132045,11.520397208803006,8.340042941492216,5.535426731078905
201,24.745034889962426,5.669618894256575,24.9597423510467,10.943370907139023,8.205850778314547,0.1610305958132045,11.513687600644122,8.266237251744498,5.535426731078905
202,24.86580783682233,5.636070853462158,24.953032742887814,10.909822866344605,8.205850778314547,0.1610305958132045,11.466720343531938,8.266237251744498,5.535426731078905
203,24.9194847020934,5.629361245303274,24.879227053140095,10.815888352120236,8.185721953837897,0.1610305958132045,11.641170155662909,8.232689210950081,5.535426731078905
204,24.966451959205582,5.629361245303274,24.59742351046699,10.815888352120236,8.158883521202362,0.1610305958132045,11.641170155662909,8.514492753623188,5.515297906602254
205,25.13419216317767,5.622651637144391,24.54374664519592,10.815888352120236,8.09849704777241,0.1610305958132045,11.634460547504025,8.514492753623188,5.475040257648954
206,25.275093934514224,5.589103596349974,24.50348899624262,10.768921095008052,7.98443370907139,0.1610305958132045,11.634460547504025,8.494363929146537,5.589103596349974
207,25.503220611916262,5.589103596349974,24.255233494363928,10.668276972624799,7.944176060118089,0.1610305958132045,11.627750939345143,8.662104133118627,5.589103596349974
208,25.39586688137413,5.5689747718733225,24.610842726784757,10.48040794417606,8.071658615136876,0.1610305958132045,11.466720343531938,8.655394524959743,5.589103596349974
209,25.37573805689748,5.374396135265701,24.416264090177133,10.332796564680622,7.434245840042942,0.1610305958132045,12.580515297906603,8.829844337090714,5.495169082125604
210,25.91921631776704,5.347557702630167,24.14117015566291,10.332796564680622,7.333601717659689,0.30864197530864196,12.379227053140097,8.756038647342995,5.481749865807837
211,26.20101986044015,5.300590445517981,24.040526033279658,10.332796564680622,7.286634460547504,0.30864197530864196,12.359098228663447,8.702361782071927,5.46833064949007
212,26.46940418679549,5.260332796564681,23.96672034353194,10.305958132045088,7.253086419753086,0.30864197530864196,12.31213097155126,8.675523349436393,5.448201825013419
213,26.623725174449813,5.260332796564681,23.919753086419753,10.258990874932904,7.232957595276436,0.27509393451422437,12.224906065485776,8.776167471819646,5.428073000536768
214,27.26784755770263,5.260332796564681,23.752012882447666,10.0979602791197,7.232957595276436,0.27509393451422437,12.010198604401502,8.769457863660762,5.3341384863123995
215,27.24771873322598,5.260332796564681,23.711755233494365,10.084541062801932,7.219538378958669,0.27509393451422437,12.191358024691358,8.695652173913043,5.314009661835748
216,27.38191089640365,5.213365539452496,23.678207192699947,10.379763821792807,7.132313472893183,0.27509393451422437,12.177938808373591,8.527911969940956,5.233494363929147
217,27.569779924852387,5.213365539452496,23.564143853998928,10.379763821792807,7.132313472893183,0.27509393451422437,12.164519592055823,8.501073537305421,5.199946323134729
218,27.831454643048847,5.213365539452496,23.49033816425121,9.923510466988727,7.098765432098766,0.27509393451422437,12.493290391841116,8.474235104669887,5.199946323134729
219,28.019323671497585,5.213365539452496,23.221953837895867,9.863123993558776,7.098765432098766,0.27509393451422437,12.47987117552335,8.668813741277509,5.159688674181428
220,28.401771336553946,5.12614063338701,22.940150295222757,9.863123993558776,7.0450885668276975,0.27509393451422437,12.365807836822329,8.84326355340848,5.139559849704777
221,28.690284487385938,5.12614063338701,22.75228126677402,9.856414385399892,7.0450885668276975,0.27509393451422437,12.285292538915728,8.836553945249598,5.132850241545894
222,28.522544283413847,5.12614063338701,22.604669887278583,9.708803005904455,7.004830917874396,0.27509393451422437,12.546967257112184,9.078099838969404,5.132850241545894
223,29.012345679012345,5.112721417069243,22.262479871175522,9.829575952764358,6.984702093397746,0.27509393451422437,12.466451959205582,8.930488459473967,5.12614063338701
224,29.166666666666668,5.0993022007514766,22.19538378958669,9.829575952764358,6.951154052603328,0.27509393451422437,12.4597423510467,8.950617283950617,5.072463768115942
225,29.656468062265162,5.0993022007514766,21.880032206119164,9.742351046698873,6.937734836285561,0.27509393451422437,12.392646269457863,8.943907675791733,5.072463768115942
226,29.844337090713903,5.0993022007514766,21.83977455716586,9.708803005904455,6.937734836285561,0.27509393451422437,12.325550187869029,8.896940418679549,5.072463768115942
227,30.03220611916264,5.0993022007514766,21.74584004294149,9.702093397745571,6.9243156199677935,0.27509393451422437,12.29200214707461,8.870101986044014,5.059044551798175
228,30.233494363929147,5.072463768115942,21.537842190016104,9.608158883521202,7.058507783145465,0.27509393451422437,12.345679012345679,8.849973161567364,5.018786902844874
229,30.327428878153516,5.072463768115942,21.490874932903917,9.608158883521202,7.058507783145465,0.27509393451422437,12.332259796027913,8.816425120772946,5.018786902844874
230,29.280730005367687,5.072463768115942,23.2085346215781,9.561191626409018,6.796833064949007,0.27509393451422437,12.097423510466989,8.829844337090714,4.87788513150832
231,29.47530864197531,5.065754159957058,23.141438539989263,9.520933977455716,6.796833064949007,0.27509393451422437,12.097423510466989,8.749329039184111,4.87788513150832
232,29.958400429414922,4.978529253891573,22.65834675254965,9.447128287707997,6.877348362855609,0.27509393451422437,12.097423510466989,8.876811594202898,4.830917874396135
233,30.119431025228128,4.924852388620504,22.638217928073,9.447128287707997,6.863929146537842,0.27509393451422437,12.02361782071927,8.876811594202898,4.830917874396135
234,30.273752012882447,4.924852388620504,22.624798711755233,9.386741814278047,6.837090713902308,0.27509393451422437,12.010198604401502,8.856682769726248,4.810789049919484
235,30.46833064949007,4.904723564143854,22.490606548577563,9.353193773483628,6.790123456790123,0.27509393451422437,12.057165861513688,8.849973161567364,4.810789049919484
236,30.52200751476114,4.904723564143854,22.396672034353195,9.037842190016104,6.763285024154589,0.2616747181964573,12.627482555018787,8.68894256575416,4.797369833601718
237,30.709876543209877,4.904723564143854,22.25577026301664,9.400161030595813,6.595544820182502,0.2616747181964573,12.573805689747719,8.501073537305421,4.797369833601718
238,31.112453032742888,4.85775630703167,21.960547504025765,9.433709071390231,6.743156199677939,0.2616747181964573,12.359098228663447,8.474235104669887,4.797369833601718
239,30.83064949006978,4.8443370907139025,22.24235104669887,9.292807300053678,6.9310252281266775,0.2549651100375738,12.338969404186795,8.467525496511003,4.797369833601718
240,31.239935587761675,4.8376274825550185,22.38996242619431,9.205582393988191,6.662640901771336,0.2549651100375738,12.298711755233494,8.340042941492216,4.770531400966184
241,31.52173913043478,4.804079441760601,22.38996242619431,9.158615136876007,6.615673644659152,0.2549651100375738,12.211486849168008,8.28636607622115,4.757112184648417
242,31.588835212023618,4.7638217928073,22.33628556092324,9.098228663446054,6.615673644659152,0.2549651100375738,12.318840579710145,8.28636607622115,4.736983360171766
243,31.76328502415459,4.757112184648417,22.282608695652176,9.098228663446054,6.615673644659152,0.2549651100375738,12.245034889962426,8.259527643585615,4.723564143853999
