,45,50,51,55,53,54,52,56,57,58
0,95.96081588835212,4.03918411164788,,,,,,,,
1,90.2710681696189,9.728931830381105,,,,,,,,
2,90.2710681696189,9.728931830381105,,,,,,,,
3,54.89801395598497,40.15029522275899,4.951690821256038,,,,,,,
4,54.95169082125604,40.09661835748792,4.951690821256038,,,,,,,
5,45.591787439613526,49.39613526570049,4.64975845410628,0.36231884057971014,,,,,,
6,45.67901234567901,49.308910359635,4.64975845410628,0.36231884057971014,,,,,,
7,44.867149758454104,50.1207729468599,4.64975845410628,0.36231884057971014,,,,,,
8,44.94095544820183,50.06038647342995,4.636339237788513,0.36231884057971014,,,,,,
9,43.78690284487386,51.21443907675792,4.636339237788513,0.36231884057971014,,,,,,
10,43.552066559312934,50.617283950617285,4.636339237788513,0.36231884057971014,0.8319914117015567,,,,,
11,40.64680622651637,53.7037037037037,4.455179817498658,0.36231884057971014,0.8319914117015567,,,,,
12,39.9020397208803,51.1003757380569,7.0450885668276975,0.36231884057971014,1.5901771336553945,,,,,
13,39.46591519055287,51.73778851315083,7.004830917874396,0.36231884057971014,1.42914653784219,,,,,
14,39.57997852925389,51.650563607085346,6.977992485238862,0.36231884057971014,1.42914653784219,,,,,
15,39.57997852925389,51.509661835748794,7.118894256575416,0.36231884057971014,1.42914653784219,,,,,
16,39.48604401502952,51.610305958132045,7.112184648416532,0.36231884057971014,1.42914653784219,,,,,
17,28.556092324208265,63.39237788513151,5.730005367686527,,1.42914653784219,0.8923778851315083,,,,
18,28.710413311862588,63.30515297906602,5.6964573268921095,,1.3955984970477724,0.8923778851315083,,,,
19,28.63660762211487,63.00322061191626,5.6964573268921095,,1.7713365539452497,0.8923778851315083,,,,
20,27.79790660225443,62.07058507783145,7.467793880837359,,1.7713365539452497,0.8923778851315083,,,,
21,27.66371443907676,53.938539989264626,16.99543746645196,,1.2010198604401503,0.20128824476650564,,,,
22,28.005904455179817,53.173644659151904,16.680085882984432,0.7380568974771873,1.2010198604401503,0.20128824476650564,,,,
23,28.482286634460547,52.74422973698336,16.63311862587225,0.7380568974771873,1.2010198604401503,0.20128824476650564,,,,
24,28.509125067096083,52.31481481481482,16.63311862587225,1.1406333870101986,1.2010198604401503,0.20128824476650564,,,,
25,28.549382716049383,51.64385399892646,16.324476650563607,2.1068169618894257,1.1741814278046163,0.20128824476650564,,,,
26,28.784219001610307,51.50295222758991,16.23054213633924,2.1068169618894257,1.1741814278046163,0.20128824476650564,,,,
27,28.871443907675793,51.46269457863661,16.183574879227052,2.1068169618894257,1.1741814278046163,0.20128824476650564,,,,
28,28.804347826086957,51.247987117552334,15.526033279656469,1.6706924315619969,1.7042404723564144,0.20128824476650564,0.8454106280193237,,,
29,28.918411164787976,51.16076221148685,15.499194847020934,1.6706924315619969,1.7042404723564144,0.20128824476650564,0.8454106280193237,,,
30,28.938539989264626,50.6508319914117,15.479066022544284,1.6706924315619969,1.7042404723564144,0.7112184648416533,0.8454106280193237,,,
31,29.388083735909824,50.50993022007515,15.170424047235642,1.6706924315619969,1.7042404723564144,0.7112184648416533,0.8454106280193237,,,
32,29.28743961352657,47.02093397745572,15.170424047235642,1.6706924315619969,2.6704240472356413,0.7112184648416533,3.4688674181427803,,,
33,28.817767042404725,47.49060654857756,15.170424047235642,1.6706924315619969,2.6704240472356413,0.7112184648416533,3.4688674181427803,,,
34,28.864734299516908,47.44363929146538,15.170424047235642,1.6706924315619969,2.6704240472356413,0.7112184648416533,3.4688674181427803,,,
35,27.985775630703166,44.7866344605475,16.391572732152444,1.6572732152442298,2.3550724637681157,0.7112184648416533,6.112453032742888,,,
36,28.046162104133117,44.75979602791197,16.23725174449812,1.6572732152442298,2.3550724637681157,0.7112184648416533,6.078904991948471,0.15432098765432098,,
37,27.636876006441224,45.18250134192163,16.23725174449812,1.6572732152442298,2.3550724637681157,0.6977992485238862,6.078904991948471,0.15432098765432098,,
38,27.596618357487923,44.79334406870639,16.21712292002147,1.6371443907675791,3.4286097691894795,0.6977992485238862,5.475040257648954,0.15432098765432098,,
39,27.38191089640365,44.69940955448202,14.640365002683843,1.6371443907675791,3.408480944712829,2.6301663982823404,5.448201825013419,0.15432098765432098,,
40,27.509393451422437,44.57192699946323,14.640365002683843,1.6371443907675791,3.408480944712829,2.6301663982823404,5.448201825013419,0.15432098765432098,,
41,25.597155126140635,42.44498121309716,19.363929146537842,1.1406333870101986,3.280998389694042,2.623456790123457,5.394524959742351,0.15432098765432098,,
42,25.617283950617285,42.43156199677939,19.35721953837896,1.1406333870101986,3.280998389694042,2.623456790123457,5.394524959742351,0.15432098765432098,,
43,25.764895330112722,42.35775630703167,19.316961889425656,1.1272141706924315,3.280998389694042,2.623456790123457,5.374396135265701,0.15432098765432098,,
44,26.301663982823403,42.008856682769725,19.316961889425656,1.1272141706924315,3.280998389694042,2.536231884057971,5.273752012882448,0.15432098765432098,,
45,26.03327965646806,41.116478797638216,19.30354267310789,1.1272141706924315,3.938539989264627,2.536231884057971,5.790391841116479,0.15432098765432098,,
46,26.455984970477726,41.04938271604938,19.296833064949006,1.1272141706924315,3.938539989264627,2.522812667740204,5.4549114331723025,0.15432098765432098,,
47,26.583467525496513,40.9621578099839,19.269994632313473,1.1272141706924315,3.938539989264627,2.522812667740204,5.441492216854535,0.15432098765432098,,
48,26.8719806763285,40.70048309178744,19.256575415995705,1.1272141706924315,3.92512077294686,2.522812667740204,5.441492216854535,0.15432098765432098,,
49,26.382179280730007,41.21041331186259,19.236446591519055,1.1272141706924315,3.92512077294686,2.522812667740204,5.441492216854535,0.15432098765432098,,
50,26.643853998926463,41.156736446591516,19.028448738593667,1.1272141706924315,3.92512077294686,2.522812667740204,5.441492216854535,0.15432098765432098,,
51,26.69753086419753,40.79441760601181,19.00161030595813,1.4694041867954912,3.9184111647879765,2.522812667740204,5.441492216854535,0.15432098765432098,,
52,24.516908212560388,39.821524422973695,23.597691894793343,1.4694041867954912,2.623456790123457,2.3752012882447664,5.441492216854535,0.15432098765432098,,
53,24.476650563607084,39.821524422973695,23.517176596886742,1.5901771336553945,2.623456790123457,2.3752012882447664,5.441492216854535,0.15432098765432098,,
54,24.67793880837359,39.64036500268384,23.49704777241009,1.5901771336553945,2.623456790123457,2.3752012882447664,5.441492216854535,0.15432098765432098,,
55,24.859098228663445,39.02308105206656,23.13472893183038,1.4761137949543746,3.6231884057971016,2.3617820719269993,5.367686527106817,0.15432098765432098,,
56,24.892646269457863,39.009661835748794,23.11460010735373,1.4761137949543746,3.6231884057971016,2.3617820719269993,5.367686527106817,0.15432098765432098,,
57,24.67793880837359,38.29844337090714,23.11460010735373,1.4761137949543746,3.6231884057971016,3.2877079978529253,5.367686527106817,0.15432098765432098,,
58,24.684648416532475,38.29173376274826,23.11460010735373,1.4761137949543746,3.6231884057971016,3.2877079978529253,5.367686527106817,0.15432098765432098,,
59,24.731615673644658,38.217928073000536,23.11460010735373,1.4761137949543746,3.6231884057971016,3.2877079978529253,5.179817498658078,0.36902844873859364,,
60,24.859098228663445,38.1508319914117,22.36983360171766,1.4761137949543746,3.6231884057971016,3.2541599570585076,5.897745571658615,0.36902844873859364,,
61,25.147611379495437,38.1105743424584,22.23564143853999,1.4761137949543746,3.6231884057971016,3.2541599570585076,5.844068706387547,0.30864197530864196,,
62,20.517981749865807,43.4447128287708,22.188674181427803,1.093666129898014,3.5762211486849167,3.2541599570585076,5.615942028985507,0.30864197530864196,,
63,20.571658615136876,43.41787439613527,21.64519592055824,1.093666129898014,3.556092324208266,3.2541599570585076,6.152710681696189,0.30864197530864196,,
64,20.685721953837895,42.72678475577026,21.591519055287172,1.724369296833065,3.556092324208266,3.2541599570585076,6.152710681696189,0.30864197530864196,,
65,20.82662372517445,42.66639828234031,21.571390230810522,1.724369296833065,3.556092324208266,3.2340311325818574,6.112453032742888,0.30864197530864196,,
66,20.974235104669887,42.54562533548041,20.652173913043477,1.724369296833065,4.49543746645196,3.2340311325818574,6.0654857756307035,0.30864197530864196,,
67,20.148953301127214,33.52791196994095,22.04777241009125,1.7042404723564144,4.03918411164788,3.2340311325818574,14.989264626945786,0.30864197530864196,,
68,20.28985507246377,33.46081588835212,21.973966720343533,1.7042404723564144,4.03918411164788,3.2340311325818574,14.096886741814279,0.30864197530864196,0.8923778851315083,
69,20.377079978529252,33.44739667203435,21.900161030595815,1.7042404723564144,4.03918411164788,3.2340311325818574,14.096886741814279,0.30864197530864196,0.8923778851315083,
70,20.538110574342458,33.3064949006978,21.89345142243693,1.7042404723564144,4.03918411164788,3.2340311325818574,14.083467525496511,0.30864197530864196,0.8923778851315083,
71,20.860171765968868,33.07836822329576,21.4573268921095,1.6841116478797638,4.03918411164788,3.2340311325818574,14.036500268384327,0.7179280730005367,0.8923778851315083,
72,21.135265700483092,32.58185721953838,21.36339237788513,1.6841116478797638,4.012345679012346,3.6097691894793345,14.002952227589908,0.7179280730005367,0.8923778851315083,
73,21.296296296296298,32.2061191626409,20.43075684380032,1.8384326355340848,3.9720880300590444,3.6097691894793345,15.03623188405797,0.7179280730005367,0.8923778851315083,
74,20.8467525496511,32.63553408480945,19.47128287707998,1.8384326355340848,3.9720880300590444,3.603059581320451,16.022544283413847,0.7179280730005367,0.8923778851315083,
75,19.766505636070853,32.21953837895867,18.397745571658614,1.8317230273752012,6.904186795491143,3.260869565217391,16.009125067096083,0.7179280730005367,0.8923778851315083,
76,19.840311325818572,32.19269994632314,18.370907139023082,1.8317230273752012,6.884057971014493,3.260869565217391,16.009125067096083,0.7179280730005367,0.8923778851315083,
77,20.001341921631777,31.810252281266774,18.646001073537306,1.8317230273752012,6.857219538378959,3.260869565217391,15.982286634460548,0.7179280730005367,0.8923778851315083,
78,16.834406870638755,49.463231347289316,13.754696725711218,1.3620504562533549,0.9796027911969941,3.374932903918411,12.929414922168545,0.4092860976918948,0.8923778851315083,
79,16.881374127750938,48.007246376811594,13.747987117552334,2.8113258185721954,0.9796027911969941,3.3413848631239937,12.929414922168545,0.4092860976918948,0.8923778851315083,
80,17.028985507246375,47.89318303811057,13.694310252281268,2.8113258185721954,0.9796027911969941,3.3950617283950617,12.895866881374127,0.4092860976918948,0.8923778851315083,
81,17.028985507246375,47.12157809983897,12.68786902844874,2.8113258185721954,2.791196994095545,3.3950617283950617,12.86231884057971,0.4092860976918948,0.8923778851315083,
82,17.09608158883521,47.054482018250134,12.68786902844874,2.8113258185721954,2.791196994095545,3.3950617283950617,12.86231884057971,0.4092860976918948,0.8923778851315083,
83,17.216854535695116,46.93370907139023,12.68786902844874,2.8113258185721954,2.791196994095545,3.3950617283950617,12.86231884057971,0.4092860976918948,0.8923778851315083,
84,17.659688674181428,46.77938808373591,12.68786902844874,2.7979066022544283,2.791196994095545,3.1199677938808374,12.86231884057971,0.4092860976918948,0.8923778851315083,
85,17.68652710681696,46.765968867418145,12.68786902844874,2.7979066022544283,2.7777777777777777,3.1199677938808374,12.86231884057971,0.4092860976918948,0.8923778851315083,
86,17.8743961352657,46.69887278582931,12.68786902844874,2.7979066022544283,2.737520128824477,3.1199677938808374,12.781803542673108,0.4092860976918948,0.8923778851315083,
87,17.914653784219002,46.69887278582931,12.68786902844874,2.7979066022544283,2.737520128824477,3.1199677938808374,12.741545893719806,0.4092860976918948,0.8923778851315083,
88,17.954911433172303,46.23590982286635,12.68786902844874,3.2474503488996245,2.737520128824477,4.864465915190553,11.124530327428879,0.4092860976918948,0.7380568974771873,
89,17.85426731078905,44.598765432098766,12.533548040794418,3.227321524422974,4.334406870638754,4.522275899087493,11.782071926999464,0.4092860976918948,0.7380568974771873,
90,14.432367149758454,52.54965110037574,12.298711755233494,2.657004830917874,3.911701556629093,4.3545356951154055,8.984165324745035,0.3824476650563607,0.4294149221685454,
91,14.512882447665056,52.48926462694579,12.298711755233494,2.636876006441224,3.911701556629093,4.3545356951154055,8.984165324745035,0.3824476650563607,0.4294149221685454,
92,14.486044015029522,51.29495437466452,12.258454106280194,3.898282340311326,3.911701556629093,4.3545356951154055,8.984165324745035,0.3824476650563607,0.4294149221685454,
93,14.61352657004831,51.24127750939345,12.218196457326892,3.8915727321524423,3.911701556629093,4.3545356951154055,8.957326892109501,0.3824476650563607,0.4294149221685454,
94,14.814814814814815,51.12050456253355,12.184648416532475,3.8915727321524423,3.878153515834675,4.3545356951154055,8.943907675791733,0.3824476650563607,0.4294149221685454,
95,15.063070316693505,50.905797101449274,12.184648416532475,3.8915727321524423,3.8580246913580245,4.3545356951154055,8.930488459473967,0.3824476650563607,0.4294149221685454,
96,15.277777777777779,50.738056897477186,12.171229200214707,3.8915727321524423,3.8580246913580245,4.327697262479871,8.923778851315083,0.3824476650563607,0.4294149221685454,
97,15.398550724637682,50.67096081588835,12.171229200214707,3.8848631239935587,3.8580246913580245,4.327697262479871,8.876811594202898,0.3824476650563607,0.4294149221685454,
98,15.438808373590982,50.22812667740204,11.245303274288782,3.8378958668813743,5.260332796564681,4.300858829844337,8.876811594202898,0.3824476650563607,0.4294149221685454,
99,15.573000536768653,50.16774020397209,11.225174449812132,3.8378958668813743,5.260332796564681,4.28743961352657,8.836553945249598,0.3824476650563607,0.4294149221685454,
100,15.08990874932904,48.63794954374664,11.225174449812132,4.884594739667204,5.24020397208803,4.240472356414386,9.86983360171766,0.3824476650563607,0.4294149221685454,
101,15.24422973698336,48.61782071926999,11.225174449812132,4.884594739667204,5.12614063338701,4.2203435319377345,9.86983360171766,0.3824476650563607,0.4294149221685454,
102,15.385131508319914,48.36285560923242,11.225174449812132,5.045625335480408,5.12614063338701,4.186795491143317,9.856414385399892,0.3824476650563607,0.4294149221685454,
103,15.5126140633387,48.17498658078368,11.198336017176597,5.139559849704777,5.12614063338701,4.186795491143317,9.856414385399892,0.3757380568974772,0.4294149221685454,
104,15.539452495974235,48.168276972624795,11.198336017176597,5.139559849704777,5.12614063338701,4.186795491143317,9.836285560923242,0.3757380568974772,0.4294149221685454,
105,15.5126140633387,47.26247987117552,11.198336017176597,5.850778314546431,5.347557702630167,4.186795491143317,9.836285560923242,0.3757380568974772,0.4294149221685454,
106,15.613258185721953,45.69243156199678,11.104401502952227,7.4208266237251745,5.340848094471283,4.186795491143317,9.836285560923242,0.3757380568974772,0.4294149221685454,
107,15.801127214170693,45.52469135802469,11.104401502952227,7.4208266237251745,5.340848094471283,4.186795491143317,9.816156736446592,0.3757380568974772,0.4294149221685454,
108,15.901771336553946,45.4777241009125,11.104401502952227,7.4208266237251745,5.340848094471283,4.166666666666667,9.782608695652174,0.3757380568974772,0.4294149221685454,
109,15.975577026301664,45.44417606011809,11.104401502952227,7.4208266237251745,5.340848094471283,4.166666666666667,9.742351046698873,0.3757380568974772,0.4294149221685454,
110,15.955448201825014,45.4374664519592,10.38647342995169,7.4208266237251745,5.3341384863123995,4.166666666666667,10.493827160493828,0.3757380568974772,0.4294149221685454,
111,16.183574879227052,42.77375201288245,10.352925389157273,7.212828770799785,5.267042404723564,6.206387546967257,11.211755233494364,0.36231884057971014,0.4294149221685454,
112,16.23725174449812,42.72007514761138,10.352925389157273,7.212828770799785,5.267042404723564,6.206387546967257,11.211755233494364,0.36231884057971014,0.4294149221685454,
113,16.27750939345142,42.693236714975846,10.352925389157273,7.212828770799785,5.253623188405797,6.206387546967257,11.211755233494364,0.36231884057971014,0.4294149221685454,
114,16.418411164787976,42.552334943639295,10.352925389157273,7.212828770799785,5.253623188405797,6.206387546967257,11.211755233494364,0.36231884057971014,0.4294149221685454,
115,16.59957058507783,42.12292002147075,10.352925389157273,6.608964036500268,5.233494363929147,7.078636607622115,11.211755233494364,0.36231884057971014,0.4294149221685454,
116,16.7337627482555,42.01556629092861,10.352925389157273,6.582125603864735,5.233494363929147,7.078636607622115,11.211755233494364,0.36231884057971014,0.4294149221685454,
117,16.720343531937736,41.57944176060118,10.352925389157273,4.461889425657541,8.192431561996779,6.729736983360172,11.211755233494364,0.36231884057971014,0.38915727321524424,
118,16.72705314009662,41.50563607085346,10.030864197530864,4.609500805152979,7.320182501341922,6.461352657004831,12.593934514224369,0.36231884057971014,0.38915727321524424,
119,16.78743961352657,41.056092324208265,10.00402576489533,4.502147074610843,7.313472893183038,7.004830917874396,12.580515297906603,0.36231884057971014,0.38915727321524424,
120,17.09608158883521,40.84138486312399,9.990606548577563,4.502147074610843,7.253086419753086,6.984702093397746,12.580515297906603,0.36231884057971014,0.38915727321524424,
121,16.941760601180892,40.82125603864734,8.977455716586151,5.703166935050993,7.246376811594203,6.984702093397746,12.573805689747719,0.36231884057971014,0.38915727321524424,
122,17.176596886741816,40.633387010198604,8.950617283950617,5.615942028985507,8.071658615136876,6.239935587761675,12.573805689747719,0.3488996242619431,0.38915727321524424,
123,17.297369833601717,40.49919484702093,8.943907675791733,5.743424584004294,8.011272141706923,6.219806763285024,12.546967257112184,0.3488996242619431,0.38915727321524424,
124,17.371175523349436,40.4320987654321,8.93719806763285,5.743424584004294,8.011272141706923,6.219806763285024,12.546967257112184,0.3488996242619431,0.38915727321524424,
125,17.384594739667204,40.29119699409554,8.82313472893183,5.743424584004294,7.997852925389157,6.488191089640365,12.533548040794418,0.3488996242619431,0.38915727321524424,
126,17.60601180891036,39.62694578636608,8.742619431025227,6.280193236714976,7.997852925389157,6.488191089640365,12.52012882447665,0.3488996242619431,0.38915727321524424,
127,17.733494363929147,39.392109500805155,8.682232957595277,5.897745571658615,8.53462157809984,6.622383252818035,12.399355877616747,0.3488996242619431,0.38915727321524424,
128,17.820719269994633,37.61406333870102,8.675523349436393,7.648953301127214,8.53462157809984,6.622383252818035,12.345679012345679,0.3488996242619431,0.38915727321524424,
129,17.85426731078905,36.99006977992485,8.675523349436393,8.319914117015566,8.521202361782072,6.622383252818035,12.332259796027913,0.2952227589908749,0.38915727321524424,
130,17.94820182501342,36.79549114331723,8.668813741277509,8.480944712828771,8.494363929146537,6.622383252818035,12.305421363392378,0.2952227589908749,0.38915727321524424,
131,18.06897477187332,36.741814278046164,8.668813741277509,8.433977455716587,8.480944712828771,6.622383252818035,12.298711755233494,0.2952227589908749,0.38915727321524424,
132,18.793612453032743,36.64787976382179,8.454106280193237,8.165593129361245,8.420558239398819,6.944444444444445,11.889425657541599,0.2952227589908749,0.38915727321524424,
133,17.94820182501342,30.454911433172303,22.517444981213096,6.072195383789587,6.380837359098229,4.978529253891573,10.963499731615673,0.2952227589908749,0.38915727321524424,
134,17.901234567901234,30.454911433172303,22.490606548577563,5.897745571658615,6.380837359098229,5.253623188405797,10.93666129898014,0.2952227589908749,0.38915727321524424,
135,18.04884594739667,30.414653784219002,22.463768115942027,5.897745571658615,6.360708534621578,5.246913580246914,10.88298443370907,0.2952227589908749,0.38915727321524424,
136,18.129361245303276,30.360976918947934,22.436929683306495,5.897745571658615,6.360708534621578,5.246913580246914,10.88298443370907,0.2952227589908749,0.38915727321524424,
137,18.243424584004295,30.300590445517983,22.423510466988727,5.897745571658615,6.360708534621578,5.246913580246914,10.84272678475577,0.2952227589908749,0.38915727321524424,
138,16.874664519592056,29.716854535695116,24.476650563607084,5.857487922705314,6.360708534621578,5.233494363929147,10.795759527643586,0.2952227589908749,0.38915727321524424,
139,17.008856682769725,29.716854535695116,24.342458400429415,5.857487922705314,6.360708534621578,5.374396135265701,10.654857756307031,0.2952227589908749,0.38915727321524424,
140,16.948470209339774,29.53569511540526,24.282071926999464,6.092324208266238,6.333870101986044,5.374396135265701,10.748792270531402,0.2952227589908749,0.38915727321524424,
141,17.11621041331186,29.488727858293075,24.228395061728396,6.092324208266238,6.293612453032743,5.374396135265701,10.721953837895867,0.2952227589908749,0.38915727321524424,
142,17.24369296833065,29.1129898013956,24.08078368223296,6.595544820182502,6.213097155126141,5.374396135265701,10.695115405260333,0.2952227589908749,0.38915727321524424,
143,17.51207729468599,29.09286097691895,23.926462694578635,6.535158346752549,6.1929683306494905,5.535426731078905,10.520665593129362,0.2952227589908749,0.38915727321524424,
144,17.673107890499196,29.09286097691895,23.879495437466453,6.535158346752549,6.1929683306494905,5.475040257648954,10.466988727858293,0.2952227589908749,0.38915727321524424,
145,17.773752012882447,29.045893719806763,23.879495437466453,6.494900697799249,6.1929683306494905,5.4616210413311865,10.466988727858293,0.2952227589908749,0.38915727321524424,
146,17.458400429414922,28.35480407944176,25.11406333870102,6.494900697799249,6.1929683306494905,5.4616210413311865,10.238862050456254,0.2952227589908749,0.38915727321524424,
147,17.921363392377884,28.287707997852927,24.798711755233494,6.494900697799249,6.1929683306494905,5.441492216854535,10.178475577026301,0.2952227589908749,0.38915727321524424,
148,18.136070853462158,28.227321524422972,24.738325281803544,6.494900697799249,6.166129898013956,5.421363392377885,10.131508319914117,0.2952227589908749,0.38915727321524424,
149,18.21658615136876,28.173644659151904,24.718196457326894,6.494900697799249,6.166129898013956,5.421363392377885,10.124798711755233,0.2952227589908749,0.38915727321524424,
150,18.317230273752013,28.173644659151904,24.644390767579175,6.494900697799249,6.166129898013956,5.421363392377885,10.0979602791197,0.2952227589908749,0.38915727321524424,
151,18.417874396135264,27.455716586151368,22.322866344605476,7.816693505099302,6.166129898013956,5.401234567901234,10.077831454643048,1.9524959742351047,0.38915727321524424,
152,18.377616747181964,26.90552871712292,22.322866344605476,8.454106280193237,5.9447128287707995,5.589103596349974,10.064412238325282,1.9524959742351047,0.38915727321524424,
153,18.511808910359633,26.818303811057433,22.31615673644659,8.420558239398819,5.938003220611916,5.589103596349974,10.064412238325282,1.9524959742351047,0.38915727321524424,
154,18.377616747181964,27.147074610842726,22.188674181427803,8.407139023081053,5.938003220611916,5.542136339237788,10.057702630166398,1.9524959742351047,0.38915727321524424,
155,18.686258722490606,26.959205582393988,22.16183574879227,8.407139023081053,5.938003220611916,5.4616210413311865,10.044283413848632,1.9524959742351047,0.38915727321524424,
156,18.92109500805153,26.90552871712292,22.134997316156735,8.319914117015566,5.924584004294149,5.4616210413311865,10.010735373054214,1.9524959742351047,0.36902844873859364,
157,19.02173913043478,26.898819108964037,21.296296296296298,8.319914117015566,5.904455179817498,5.4616210413311865,9.96376811594203,2.7643585614600106,0.36902844873859364,
158,19.196188942565755,26.778046162104133,21.26274825550188,8.319914117015566,5.904455179817498,5.4616210413311865,9.943639291465379,2.7643585614600106,0.36902844873859364,
159,19.176060118089104,26.37546967257112,21.24932903918411,8.199141170155663,5.884326355340848,5.4616210413311865,9.621578099838969,3.6634460547504024,0.36902844873859364,
160,19.296833064949006,26.37546967257112,21.22920021470746,8.199141170155663,5.884326355340848,5.4616210413311865,9.520933977455716,3.6634460547504024,0.36902844873859364,
161,18.739935587761675,27.160493827160494,21.215780998389693,8.031400966183575,5.864197530864198,5.4616210413311865,9.494095544820183,3.6634460547504024,0.36902844873859364,
162,18.874127750939344,27.066559312936125,21.18894256575416,8.031400966183575,5.864197530864198,5.4616210413311865,9.480676328502415,3.6634460547504024,0.36902844873859364,
163,18.95464304884595,27.066559312936125,21.162104133118625,8.017981749865807,5.850778314546431,5.434782608695652,9.480676328502415,3.6634460547504024,0.36902844873859364,
164,18.92109500805153,26.838432635534083,21.162104133118625,8.279656468062266,5.850778314546431,5.434782608695652,9.480676328502415,3.6634460547504024,0.36902844873859364,
165,19.082125603864736,26.818303811057433,21.135265700483092,8.279656468062266,5.837359098228664,5.434782608695652,9.406870638754697,3.6366076221148687,0.36902844873859364,
166,19.182769726247987,26.764626945786365,21.135265700483092,8.272946859903382,5.837359098228664,5.401234567901234,9.400161030595813,3.6366076221148687,0.36902844873859364,
167,19.390767579173378,26.690821256038646,21.088298443370906,8.272946859903382,5.837359098228664,5.374396135265701,9.366612989801396,3.6097691894793345,0.36902844873859364,
168,19.51154052603328,26.630434782608695,21.07487922705314,8.259527643585615,5.837359098228664,5.374396135265701,9.353193773483628,3.589640365002684,0.36902844873859364,
169,19.598765432098766,26.583467525496513,21.061460010735374,8.259527643585615,5.810520665593129,5.374396135265701,9.353193773483628,3.589640365002684,0.36902844873859364,
170,19.524959742351047,26.42914653784219,21.061460010735374,8.219269994632313,6.132581857219538,5.555555555555555,9.118357487922705,3.589640365002684,0.36902844873859364,
171,19.64573268921095,26.422436929683307,21.034621578099838,8.219269994632313,6.132581857219538,5.501878690284487,9.084809447128288,3.589640365002684,0.36902844873859364,
172,19.93424584004294,26.281535158346752,20.987654320987655,8.192431561996779,6.132581857219538,5.448201825013419,9.064680622651638,3.589640365002684,0.36902844873859364,
173,19.981213097155127,26.25469672571122,20.967525496511005,8.192431561996779,6.132581857219538,5.448201825013419,9.064680622651638,3.589640365002684,0.36902844873859364,
174,19.98792270531401,25.79844337090714,20.86688137412775,8.064949006977992,6.380837359098229,6.320450885668277,8.621846484165324,3.589640365002684,0.36902844873859364,
175,20.162372517444982,25.791733762748255,20.719269994632313,8.064949006977992,6.360708534621578,6.320450885668277,8.621846484165324,3.589640365002684,0.36902844873859364,
176,20.182501341921633,25.791733762748255,20.705850778314545,8.064949006977992,6.360708534621578,6.3137412775093935,8.621846484165324,3.589640365002684,0.36902844873859364,
177,20.28985507246377,25.751476113794954,20.652173913043477,8.064949006977992,6.360708534621578,6.3137412775093935,8.608427267847558,3.589640365002684,0.36902844873859364,
178,18.42458400429415,35.09125067096082,20.263016639828233,8.004562533548041,5.213365539452496,5.173107890499195,4.669887278582931,3.1602254428341383,,
179,18.49838969404187,35.057702630166396,20.229468599033815,8.004562533548041,5.213365539452496,5.166398282340311,4.669887278582931,3.1602254428341383,,
180,18.679549114331724,35.00402576489533,20.182501341921633,7.937466451959206,5.213365539452496,5.166398282340311,4.656468062265164,3.1602254428341383,,
181,18.491680085882983,34.796027911969944,20.182501341921633,7.9106280193236715,5.213365539452496,4.87788513150832,5.367686527106817,3.1602254428341383,,
182,18.59903381642512,34.74235104669887,20.155662909286097,7.897208803005904,5.213365539452496,4.87788513150832,5.35426731078905,3.1602254428341383,,
183,18.813741277509394,34.715512614063336,20.021470746108427,7.883789586688137,5.213365539452496,4.87788513150832,5.314009661835748,3.1602254428341383,,
184,18.853998926462694,33.74932903918411,20.021470746108427,8.836553945249598,5.199946323134729,4.864465915190553,5.314009661835748,3.1602254428341383,,
185,18.99490069779925,33.70907139023081,19.920826623725173,8.836553945249598,5.199946323134729,4.864465915190553,5.314009661835748,3.1602254428341383,,
186,19.122383252818036,33.65539452495974,19.880568974771872,8.836553945249598,5.186527106816962,4.8443370907139025,5.314009661835748,3.1602254428341383,,
187,19.04186795491143,33.00456253354804,19.867149758454108,8.836553945249598,4.683306494900698,4.488727858293076,6.91760601180891,3.1602254428341383,,
188,19.129092860976918,33.00456253354804,19.85373054213634,8.836553945249598,4.643048845947397,4.4753086419753085,6.89747718733226,3.1602254428341383,,
189,19.04186795491143,31.99141170155663,19.773215244229736,9.151905528717123,4.643048845947397,5.347557702630167,6.890767579173376,3.1602254428341383,,
190,18.632581857219538,28.482286634460547,19.746376811594203,9.004294149221685,9.024422973698336,5.280461621041331,6.702898550724638,3.126677402039721,,
191,18.9345142243693,28.482286634460547,19.732957595276435,9.004294149221685,8.776167471819646,5.280461621041331,6.702898550724638,3.0864197530864197,,
192,19.122383252818036,28.408480944712828,19.719538378958667,8.923778851315083,8.76274825550188,5.280461621041331,6.696188942565755,3.0864197530864197,,
193,19.26328502415459,28.327965646806227,19.692699946323135,8.917069243156199,8.749329039184111,5.280461621041331,6.696188942565755,3.0730005367686526,,
194,19.296833064949006,28.29441760601181,19.692699946323135,8.917069243156199,8.749329039184111,5.280461621041331,6.696188942565755,3.0730005367686526,,
195,19.390767579173378,28.287707997852927,19.6256038647343,8.910359634997317,8.735909822866345,5.280461621041331,6.696188942565755,3.0730005367686526,,
196,19.444444444444443,28.247450348899623,19.6256038647343,8.896940418679549,8.735909822866345,5.280461621041331,6.696188942565755,3.0730005367686526,,
197,19.47799248523886,28.247450348899623,19.618894256575416,8.896940418679549,8.735909822866345,5.280461621041331,6.696188942565755,3.046162104133119,,
198,19.538378958668815,28.227321524422972,19.598765432098766,8.883521202361782,8.735909822866345,5.280461621041331,6.689479334406871,3.046162104133119,,
199,19.679280730005367,28.187063875469672,19.598765432098766,8.836553945249598,8.735909822866345,5.273752012882448,6.776704240472356,2.9119699409554483,,
200,19.699409554482017,27.945517981749866,19.464573268921097,8.78287707997853,9.554482018250134,5.159688674181428,6.481481481481482,2.9119699409554483,,
201,19.887278582930758,27.83816425120773,19.444444444444443,8.749329039184111,9.554482018250134,5.159688674181428,6.461352657004831,2.9052603327965647,,
202,20.034889962426195,27.82474503488996,19.363929146537842,8.729200214707461,9.520933977455716,5.159688674181428,6.461352657004831,2.9052603327965647,,
203,19.122383252818036,26.8317230273752,19.32367149758454,8.729200214707461,9.07139023081052,5.132850241545894,8.883521202361782,2.9052603327965647,,
204,19.209608158883523,26.81159420289855,19.32367149758454,8.715780998389693,9.05126140633387,5.0993022007514766,8.883521202361782,2.9052603327965647,,
205,19.316961889425656,26.7914653784219,19.26328502415459,8.68894256575416,9.05126140633387,5.0993022007514766,8.883521202361782,2.9052603327965647,,
206,19.53166935050993,26.744498121309714,19.249865807836823,8.662104133118627,8.970746108427267,5.0993022007514766,8.883521202361782,2.85829307568438,,
207,19.639023081052066,26.69753086419753,19.209608158883523,8.641975308641975,8.970746108427267,5.0993022007514766,8.883521202361782,2.85829307568438,,
208,19.659151905528716,26.684111647879764,19.209608158883523,8.641975308641975,8.970746108427267,5.0993022007514766,8.876811594202898,2.85829307568438,,
209,19.73966720343532,26.670692431561996,19.189479334406872,8.641975308641975,8.923778851315083,5.0993022007514766,8.876811594202898,2.85829307568438,,
210,19.900697799248523,26.663982823403114,19.11567364465915,8.588298443370908,8.917069243156199,5.0993022007514766,8.856682769726248,2.85829307568438,,
211,20.001341921631777,26.596886741814277,19.11567364465915,8.55475040257649,8.917069243156199,5.0993022007514766,8.856682769726248,2.85829307568438,,
212,20.175791733762747,26.570048309178745,19.061996779388085,8.55475040257649,8.876811594202898,5.0791733762748255,8.856682769726248,2.8247450348899625,,
213,20.276435856146,26.516371443907676,19.0150295222759,8.55475040257649,8.876811594202898,5.0791733762748255,8.856682769726248,2.8247450348899625,,
214,20.45088566827697,26.402308105206657,19.0150295222759,8.55475040257649,8.863392377885132,5.045625335480408,8.84326355340848,2.8247450348899625,,
215,20.73268921095008,26.321792807300053,18.98148148148148,8.420558239398819,8.863392377885132,5.045625335480408,8.84326355340848,2.791196994095545,,
216,20.840042941492218,26.227858293075684,18.98148148148148,8.420558239398819,8.863392377885132,5.045625335480408,8.829844337090714,2.791196994095545,,
217,21.309715512614062,26.194310252281266,18.679549114331724,8.407139023081053,8.78287707997853,5.032206119162641,8.829844337090714,2.7643585614600106,,
218,20.705850778314545,25.503220611916262,20.517981749865807,8.32662372517445,8.769457863660762,4.64975845410628,8.76274825550188,2.7643585614600106,,
219,20.86688137412775,25.483091787439612,20.491143317230275,8.3064949006978,8.769457863660762,4.582662372517445,8.735909822866345,2.7643585614600106,,
220,20.860171765968868,25.335480407944175,20.02818035426731,8.943907675791733,8.769457863660762,4.582662372517445,8.735909822866345,2.7442297369833604,,
221,21.07487922705314,25.254965110037574,19.96779388083736,8.93719806763285,8.749329039184111,4.569243156199678,8.702361782071927,2.7442297369833604,,
222,21.309715512614062,25.241545893719806,19.77992485238862,8.93719806763285,8.722490606548577,4.569243156199678,8.702361782071927,2.737520128824477,,
223,21.329844337090712,24.644390767579175,19.766505636070853,8.890230810520666,8.709071390230811,5.226784755770263,8.695652173913043,2.737520128824477,,
224,21.4573268921095,24.590713902308106,19.766505636070853,8.863392377885132,8.695652173913043,5.2066559312936125,8.682232957595277,2.737520128824477,,
225,21.490874932903917,24.58400429414922,20.7662372517445,8.849973161567364,8.695652173913043,5.199946323134729,7.689210950080516,2.7241009125067097,,
226,21.537842190016104,24.58400429414922,20.75281803542673,8.849973161567364,8.695652173913043,5.173107890499195,7.689210950080516,2.717391304347826,,
227,21.64519592055824,24.57729468599034,20.705850778314545,8.849973161567364,8.668813741277509,5.152979066022544,7.682501341921632,2.717391304347826,,
228,21.74584004294149,24.57729468599034,20.69243156199678,8.80300590445518,8.655394524959743,5.12614063338701,7.682501341921632,2.717391304347826,,
229,21.906870638754697,24.550456253354803,20.618625872249062,8.80300590445518,8.655394524959743,5.12614063338701,7.62211486849168,2.717391304347826,,
230,21.75925925925926,24.22168545356951,20.46430488459474,8.789586688137414,8.474235104669887,5.562265163714439,8.011272141706923,2.717391304347826,,
231,22.074610842726784,24.033816425120772,20.42404723564144,8.769457863660762,8.454106280193237,5.562265163714439,7.98443370907139,2.6972624798711755,,
232,22.007514761137948,23.74530327428878,20.42404723564144,8.769457863660762,8.360171765968868,6.011808910359635,7.98443370907139,2.6972624798711755,,
233,22.208803005904453,23.67149758454106,20.37037037037037,8.742619431025227,8.340042941492216,6.011808910359635,7.957595276435856,2.6972624798711755,,
234,22.228931830381107,23.362855609232422,20.37037037037037,8.735909822866345,8.199141170155663,6.454643048845948,7.957595276435856,2.690552871712292,,
235,22.34970477724101,23.34272678475577,20.37037037037037,8.735909822866345,8.165593129361245,6.4412238325281805,7.9039184111647875,2.690552871712292,,
236,22.34970477724101,23.32259796027912,20.222758990874933,8.735909822866345,8.152173913043478,6.622383252818035,7.9039184111647875,2.690552871712292,,
237,21.70558239398819,23.101180891035963,21.32313472893183,8.735909822866345,8.09849704777241,6.481481481481482,7.87037037037037,2.6838432635534084,,
238,21.866612989801396,23.03408480944713,21.289586688137412,8.68894256575416,8.085077831454644,6.481481481481482,7.87037037037037,2.6838432635534084,,
239,22.04777241009125,23.00053676865271,21.28287707997853,8.548040794417606,8.085077831454644,6.481481481481482,7.87037037037037,2.6838432635534084,,
240,22.134997316156735,22.98040794417606,21.22920021470746,8.541331186258722,8.085077831454644,6.474771873322598,7.87037037037037,2.6838432635534084,,
241,22.21551261406334,22.926731078904993,21.22920021470746,8.521202361782072,7.930756843800322,6.622383252818035,7.87037037037037,2.6838432635534084,,
242,21.866612989801396,22.497316156736446,20.954106280193237,8.259527643585615,7.856951154052603,8.293075684380032,7.87037037037037,2.4020397208803006,,
243,21.880032206119164,22.48389694041868,20.652173913043477,8.259527643585615,8.158883521202362,8.293075684380032,7.87037037037037,2.4020397208803006,,
244,21.531132581857218,22.31615673644659,20.101986044015028,8.454106280193237,8.158883521202362,8.293075684380032,8.749329039184111,2.395330112721417,,
245,21.578099838969404,22.309447128287708,20.068438003220614,8.454106280193237,8.158883521202362,8.28636607622115,8.749329039184111,2.395330112721417,,
246,21.74584004294149,22.282608695652176,20.034889962426195,8.454106280193237,8.125335480407944,8.266237251744498,8.715780998389693,2.3752012882447664,,
247,21.994095544820183,22.25577026301664,19.90740740740741,8.427267847557703,8.091787439613526,8.239398819108963,8.709071390230811,2.3752012882447664,,
248,22.208803005904453,22.22222222222222,19.826892109500804,8.400429414922169,8.064949006977992,8.192431561996779,8.709071390230811,2.3752012882447664,,
249,22.23564143853999,22.21551261406334,19.81347289318304,8.400429414922169,8.05823939881911,8.192431561996779,8.709071390230811,2.3752012882447664,,
250,22.322866344605476,22.168545356951153,19.77992485238862,8.393719806763285,8.05823939881911,8.192431561996779,8.709071390230811,2.3752012882447664,,
251,22.38996242619431,22.134997316156735,19.766505636070853,8.393719806763285,8.038110574342458,8.192431561996779,8.709071390230811,2.3752012882447664,,
252,22.665056360708533,21.772678475577028,19.55179817498658,8.742619431025227,8.038110574342458,8.179012345679013,8.709071390230811,2.341653247450349,,
253,22.84621578099839,21.75925925925926,19.524959742351047,8.742619431025227,8.031400966183575,8.179012345679013,8.57487922705314,2.341653247450349,,
254,23.047504025764894,21.67874396135266,19.47799248523886,8.742619431025227,8.172302737520129,8.165593129361245,8.373590982286634,2.341653247450349,,
255,23.235373054213635,21.64519592055824,19.464573268921097,8.668813741277509,8.172302737520129,8.165593129361245,8.3064949006978,2.341653247450349,,
256,23.21524422973698,20.913848631239937,19.464573268921097,9.561191626409018,8.064949006977992,8.165593129361245,8.272946859903382,2.341653247450349,,
257,23.315888352120236,20.913848631239937,19.43102522812668,9.54777241009125,8.044820182501342,8.165593129361245,8.239398819108963,2.341653247450349,,
258,23.51046698872786,20.90042941492217,19.343800322061192,9.5276435856146,8.031400966183575,8.165593129361245,8.192431561996779,2.328234031132582,,
