,45,50,52,54,51,53,55,56,57,58,60,59
0,93.94122383252818,6.018518518518518,0.040257648953301126,,,,,,,,,
1,93.57219538378959,6.239935587761675,0.040257648953301126,0.14761137949543746,,,,,,,,
2,84.19216317767042,13.747987117552334,0.040257648953301126,0.14761137949543746,1.8719806763285025,,,,,,,
3,75.87895866881374,21.920289855072465,0.03354804079441761,0.14761137949543746,1.8719806763285025,0.14761137949543746,,,,,,
4,75.6105743424584,20.819914117015568,0.03354804079441761,0.14761137949543746,3.079710144927536,0.1878690284487386,0.0939345142243693,0.026838432635534086,,,,
5,73.92646269457863,22.443639291465377,0.03354804079441761,0.1878690284487386,3.066290928609769,0.1878690284487386,0.1274825550187869,0.026838432635534086,,,,
6,72.24906065485776,24.12104133118626,0.03354804079441761,0.1878690284487386,3.066290928609769,0.1878690284487386,0.1274825550187869,0.026838432635534086,,,,
7,69.30354267310788,27.033011272141707,0.03354804079441761,0.1878690284487386,3.066290928609769,0.1878690284487386,0.1610305958132045,0.026838432635534086,,,,
8,68.92109500805152,21.880032206119164,4.555823939881911,0.1878690284487386,3.066290928609769,1.261406333870102,0.10064412238325282,0.026838432635534086,,,,
9,65.0228126677402,25.44283413848631,4.5960815888352125,0.1878690284487386,3.066290928609769,1.2949543746645196,0.36231884057971014,0.026838432635534086,,,,
10,63.22463768115942,27.22758990874933,4.528985507246377,0.1878690284487386,3.113258185721954,1.2949543746645196,0.39586688137412773,0.026838432635534086,,,,
11,59.03113258185722,31.38083735909823,4.528985507246377,0.1878690284487386,3.113258185721954,1.2949543746645196,0.43612453032742887,0.026838432635534086,,,,
12,58.581588835212024,31.608964036500268,4.488727858293076,0.1878690284487386,3.113258185721954,1.2949543746645196,0.5434782608695652,0.18115942028985507,,,,
13,57.07192699946323,32.76301663982824,4.367954911433173,0.2616747181964573,3.113258185721954,1.2681159420289856,0.8118625872249061,0.18115942028985507,0.1610305958132045,,,
14,52.75764895330113,36.99006977992485,4.274020397208803,0.2616747181964573,3.079710144927536,1.328502415458937,0.9125067096081588,0.18115942028985507,0.2147074610842727,,,
15,52.71068169618894,36.75523349436393,5.5756843800322065,0.6038647342995169,1.710950080515298,1.3352120236178207,0.9125067096081588,0.18115942028985507,0.2147074610842727,,,
16,50.32877079978529,38.20450885668277,5.971551261406334,0.6038647342995169,1.9256575415995705,1.2748255501878691,1.2345679012345678,0.18115942028985507,0.2147074610842727,0.06038647342995169,,
17,50.07380568974772,38.37224906065486,5.897745571658615,0.6038647342995169,1.8451422436929683,1.2748255501878691,1.4090177133655395,0.17444981213097155,0.2885131508319914,0.06038647342995169,,
18,48.87278582930757,39.59339774557166,5.897745571658615,0.6038647342995169,1.8451422436929683,1.2748255501878691,1.3888888888888888,0.17444981213097155,0.2885131508319914,0.06038647342995169,,
19,44.33038110574343,44.32367149758454,5.770263016639828,0.8252818035426731,1.8853998926462694,1.2748255501878691,1.06682769726248,0.17444981213097155,0.2885131508319914,0.06038647342995169,,
20,42.3443370907139,44.55179817498658,5.6964573268921095,0.7514761137949544,1.9122383252818036,2.9790660225442833,1.2681159420289856,0.020128824476650563,0.39586688137412773,0.08051529790660225,,
21,41.94176060118089,44.65915190552872,5.723295759527644,0.7514761137949544,1.9994632313472893,2.9589371980676327,1.5499194847020934,0.020128824476650563,0.39586688137412773,,,
22,40.78099838969404,43.545356951154055,5.6964573268921095,0.8923778851315083,3.965378421900161,2.9589371980676327,1.6103059581320451,0.020128824476650563,0.5300590445517982,,,
23,40.45222758990875,43.27026301663983,5.555555555555555,0.8923778851315083,4.1532474503489,3.046162104133119,1.9390767579173376,0.020128824476650563,0.6709608158883521,,,
24,38.2313472893183,45.58507783145464,5.501878690284487,0.8521202361782072,4.1532474503489,3.046162104133119,1.9390767579173376,0.020128824476650563,0.6709608158883521,,,
25,37.0101986044015,42.42485238862051,5.501878690284487,1.0601180891035964,8.09849704777241,3.1199677938808374,2.0933977455716586,0.020128824476650563,0.6709608158883521,,,
26,36.808910359635,42.53891572732152,5.501878690284487,1.1943102522812667,8.051529790660226,3.1199677938808374,2.0933977455716586,0.020128824476650563,0.6709608158883521,,,
27,36.540526033279654,42.67981749865808,5.515297906602254,1.1943102522812667,8.031400966183575,3.1199677938808374,2.227589908749329,0.020128824476650563,0.6709608158883521,,,
28,34.14519592055824,38.405797101449274,5.307300053676865,0.8923778851315083,15.28448738593666,3.1468062265163717,2.1269457863660763,0.020128824476650563,0.6709608158883521,,,
29,30.669618894256576,38.99624261943102,5.173107890499195,0.95276435856146,18.12265163714439,3.1468062265163717,2.167203435319377,0.020128824476650563,0.7514761137949544,,,
30,30.48845947396672,38.58695652173913,5.173107890499195,0.9930220075147611,18.290391841116477,3.207192699946323,2.4892646269457863,0.020128824476650563,0.7514761137949544,,,
31,29.871175523349436,37.144390767579175,5.226784755770263,1.107085346215781,20.128824476650564,3.1602254428341383,2.4892646269457863,0.12077294685990338,0.7514761137949544,,,
32,29.64975845410628,37.31213097155126,5.226784755770263,1.107085346215781,20.128824476650564,3.1602254428341383,2.5429414922168547,0.12077294685990338,0.7514761137949544,,,
33,29.066022544283413,31.709608158883523,5.166398282340311,0.9796027911969941,24.174718196457327,5.522007514761138,2.395330112721417,0.23483628556092323,0.7514761137949544,,,
34,29.01905528717123,31.66935050993022,5.166398282340311,0.9997316156736447,23.879495437466453,5.629361245303274,2.4490069779924855,0.43612453032742887,0.7514761137949544,,,
35,27.30139559849705,30.44820182501342,5.166398282340311,0.9997316156736447,26.27482555018787,5.595813204508857,3.026033279656468,0.43612453032742887,0.7514761137949544,,,
36,26.878690284487387,40.103327965646805,1.6706924315619969,0.23483628556092323,25.194578636607623,2.85829307568438,2.509393451422437,0.3824476650563607,,0.16774020397208803,,
37,25.34219001610306,40.98228663446055,1.6706924315619969,0.23483628556092323,23.879495437466453,4.891304347826087,2.49597423510467,0.33548040794417605,,0.16774020397208803,,
38,25.13419216317767,40.9621578099839,1.6706924315619969,0.3421900161030596,23.74530327428878,4.804079441760601,2.6704240472356413,0.43612453032742887,,0.23483628556092323,,
39,25.181159420289855,40.78770799785293,1.6706924315619969,0.4830917874396135,23.470209339774556,4.790660225442834,2.8113258185721954,0.5703166935050993,,0.23483628556092323,,
40,24.14787976382179,41.659957058507786,1.6706924315619969,0.4830917874396135,23.10789049919485,4.790660225442834,3.126677402039721,0.7783145464304885,,0.23483628556092323,,
41,22.604669887278583,40.063070316693505,1.6908212560386473,0.4830917874396135,23.235373054213635,7.568438003220612,3.3145464304884595,0.8051529790660226,,0.23483628556092323,,
42,22.25577026301664,38.20450885668277,0.95276435856146,0.4830917874396135,24.818840579710145,8.3064949006978,3.730542136339238,1.0131508319914118,,0.23483628556092323,,
43,22.134997316156735,37.25174449812131,1.1003757380568975,0.5837359098228664,24.46323134728932,10.00402576489533,3.421900161030596,0.8051529790660226,,0.23483628556092323,,
44,22.108158883521202,37.03703703703704,1.1003757380568975,0.644122383252818,24.36929683306495,9.88996242619431,3.5628019323671496,0.8454106280193237,0.0939345142243693,0.3488996242619431,,
45,22.18196457326892,36.761943102522814,1.1003757380568975,0.8185721953837896,25.704508856682768,8.57487922705314,3.556092324208266,0.8319914117015567,0.0939345142243693,0.3757380568974772,,
46,22.007514761137948,36.54723564143854,1.1808910359634996,0.8185721953837896,26.382179280730007,8.252818035426731,3.5091250670960816,0.8319914117015567,0.0939345142243693,0.3757380568974772,,
47,21.987385936661298,36.44659151905529,1.2010198604401503,0.8185721953837896,26.221148684916802,8.36688137412775,3.549382716049383,0.9393451422436929,0.0939345142243693,0.3757380568974772,,
48,21.83977455716586,36.56736446591519,1.2010198604401503,0.8185721953837896,26.100375738056897,8.28636607622115,3.6634460547504024,0.9393451422436929,0.0939345142243693,0.48980139559849706,,
49,9.064680622651638,79.723564143854,0.3757380568974772,0.35560923242082665,7.14573268921095,1.8853998926462694,1.247987117552335,0.20128824476650564,,,,
50,9.151905528717123,79.15995705850779,0.3757380568974772,0.35560923242082665,6.991411701556629,1.9524959742351047,1.6908212560386473,0.322061191626409,,,,
51,9.05126140633387,78.83789586688137,0.3757380568974772,0.35560923242082665,7.192699946323135,1.9390767579173376,1.8585614600107354,0.38915727321524424,,,,
52,9.252549651100376,77.34165324745035,0.3757380568974772,0.33548040794417605,7.159151905528717,1.9390767579173376,3.1535158346752548,0.4428341384863124,,,,
53,8.55475040257649,77.97906602254429,0.41599570585077833,0.33548040794417605,6.904186795491143,1.9390767579173376,3.4286097691894795,0.4428341384863124,,,,
54,8.662104133118627,77.2410091250671,0.41599570585077833,0.36902844873859364,6.904186795491143,1.9390767579173376,4.025764895330113,0.4428341384863124,,,,
55,7.521470746108427,78.14009661835749,0.41599570585077833,0.43612453032742887,6.857219538378959,1.9390767579173376,4.247181964573269,0.4428341384863124,,,,
56,7.6623725174449815,77.21417069243157,1.5230810520665594,0.43612453032742887,6.702898550724638,1.9189479334406871,4.03918411164788,0.5032206119162641,,,,
57,7.709339774557166,76.65056360708535,1.5230810520665594,0.43612453032742887,6.702898550724638,1.892109500805153,4.4753086419753085,0.6105743424584005,,,,
58,7.601986044015029,75.28851315083199,1.5029522275899088,0.644122383252818,6.501610305958132,3.2340311325818574,4.616210413311863,0.6105743424584005,,,,
59,7.62211486849168,71.61835748792271,1.5029522275899088,2.395330112721417,6.253354804079442,3.227321524422974,6.769994632313473,0.6105743424584005,,,,
60,7.729468599033816,69.86044015029522,1.5029522275899088,2.395330112721417,6.253354804079442,3.227321524422974,8.259527643585615,0.6105743424584005,0.08051529790660225,,0.08051529790660225,
61,7.890499194847021,69.33038110574343,1.5029522275899088,2.3550724637681157,6.213097155126141,3.44873859366613,8.507783145464305,0.5904455179817498,0.08051529790660225,,0.08051529790660225,
62,7.897208803005904,69.29683306494901,1.5029522275899088,2.3215244229736984,6.152710681696189,3.44873859366613,8.507783145464305,0.7112184648416533,0.08051529790660225,,0.08051529790660225,
63,7.588566827697263,62.104133118625874,1.5029522275899088,2.1806226516371443,15.08990874932904,3.3950617283950617,7.575147611379496,0.5636070853462157,,,,
64,7.615405260332796,59.17874396135266,1.5029522275899088,4.911433172302737,15.03623188405797,3.388352120236178,7.742887815351583,0.6038647342995169,0.020128824476650563,,,
65,7.541599570585078,57.038378958668815,2.4221685453569513,7.830112721417069,14.351851851851851,3.140096618357488,7.246376811594203,0.4294149221685454,,,,
66,7.729468599033816,56.776704240472355,2.4892646269457863,7.937466451959206,14.170692431561998,3.026033279656468,7.447665056360709,0.4227053140096618,,,,
67,7.716049382716049,54.6027911969941,2.200751476113795,7.7361782071927,16.378153515834676,2.999194847020934,7.9039184111647875,0.46296296296296297,,,,
68,7.749597423510467,52.865002683843265,2.3550724637681157,7.689210950080516,16.33118625872249,2.9723564143853998,9.353193773483628,0.6172839506172839,,,,0.06709608158883522
69,7.139023081052066,51.76462694578637,2.3550724637681157,7.6623725174449815,17.901234567901234,3.515834675254965,8.809715512614064,0.7581857219538379,,,,0.0939345142243693
70,7.132313472893183,49.77187332259796,2.3550724637681157,7.62211486849168,17.901234567901234,3.515834675254965,10.795759527643586,0.7581857219538379,,,0.05367686527106817,0.0939345142243693
71,7.1725711218464845,49.362587224906065,2.4691358024691357,7.575147611379496,17.404723564143854,3.5426731078904994,10.903113258185721,1.261406333870102,0.13419216317767044,,0.08051529790660225,0.0939345142243693
72,7.1725711218464845,49.074074074074076,2.4691358024691357,7.575147611379496,17.45169082125604,3.5426731078904994,11.144659151905529,1.261406333870102,0.13419216317767044,,0.08051529790660225,0.0939345142243693
73,7.139023081052066,48.60440150295223,2.4691358024691357,7.742887815351583,17.45169082125604,3.488996242619431,11.466720343531938,1.261406333870102,0.13419216317767044,,0.14761137949543746,0.0939345142243693
74,7.185990338164252,47.90660225442834,2.4691358024691357,7.763016639828234,17.310789049919485,3.488996242619431,11.708266237251744,1.4895330112721417,0.2885131508319914,0.14761137949543746,0.14761137949543746,0.0939345142243693
75,7.27992485238862,47.758990874932906,2.4691358024691357,7.709339774557166,17.257112184648417,3.4420289855072466,11.768652710681696,1.5297906602254427,0.2885131508319914,0.14761137949543746,0.14761137949543746,0.20128824476650564
76,7.206119162640902,46.79951690821256,2.4020397208803006,7.501341921631776,18.21658615136876,3.388352120236178,11.98336017176597,1.6639828234031133,0.2885131508319914,0.20128824476650564,0.14761137949543746,0.20128824476650564
77,7.37385936661299,46.504294149221685,2.4020397208803006,7.575147611379496,18.109232420826622,3.388352120236178,12.13768115942029,1.6706924315619969,0.2885131508319914,0.20128824476650564,0.14761137949543746,0.20128824476650564
78,7.481213097155126,46.182232957595275,2.3550724637681157,7.467793880837359,18.109232420826622,3.3816425120772946,12.392646269457863,1.6706924315619969,0.2885131508319914,0.1878690284487386,0.14761137949543746,0.33548040794417605
79,7.561728395061729,45.95410628019324,2.3550724637681157,7.548309178743962,17.901234567901234,3.3816425120772946,12.593934514224369,1.7444981213097155,0.2885131508319914,0.1878690284487386,0.14761137949543746,0.33548040794417605
80,6.944444444444445,41.156736446591516,0.47638217928073,7.286634460547504,27.435587761674718,3.079710144927536,11.506977992485238,1.06682769726248,0.2885131508319914,0.1878690284487386,0.23483628556092323,0.33548040794417605
81,6.850509930220075,40.45222758990875,0.47638217928073,7.96430488459474,25.483091787439612,4.898013955984971,11.453301127214171,1.2144390767579174,0.2885131508319914,0.1878690284487386,0.28180354267310787,0.4495437466451959
82,6.810252281266774,39.94900697799248,0.47638217928073,8.541331186258722,25.34219001610306,4.898013955984971,11.419753086419753,1.3553408480944713,0.2885131508319914,0.1878690284487386,0.28180354267310787,0.4495437466451959
83,6.910896403650026,39.821524422973695,0.4495437466451959,8.541331186258722,24.9597423510467,4.898013955984971,11.506977992485238,1.7042404723564144,0.2885131508319914,0.1878690284487386,0.28180354267310787,0.4495437466451959
84,6.977992485238862,38.788244766505635,0.4495437466451959,10.453569511540525,24.724906065485776,4.898013955984971,10.520665593129362,1.9390767579173376,0.2885131508319914,0.1878690284487386,0.322061191626409,0.4495437466451959
85,6.266774020397209,40.43880837359098,1.5297906602254427,10.466988727858293,23.309178743961354,3.851315083199141,10.735373054213634,2.1269457863660763,0.2885131508319914,0.1878690284487386,0.3488996242619431,0.4495437466451959
86,6.3070316693505095,40.344873859366615,1.5297906602254427,10.507246376811594,23.2487922705314,3.844605475040258,10.668276972624799,2.3617820719269993,0.24825550187869028,0.1878690284487386,0.30193236714975846,0.4495437466451959
87,6.340579710144928,40.25093934514224,1.5297906602254427,10.681696188942565,23.14814814814815,3.824476650563607,10.581052066559312,2.4557165861513686,0.24825550187869028,0.1878690284487386,0.30193236714975846,0.4495437466451959
88,6.219806763285024,38.405797101449274,3.3816425120772946,10.61460010735373,21.484165324745035,3.8915727321524423,12.379227053140097,2.428878153515835,0.2549651100375738,0.1878690284487386,0.30193236714975846,0.4495437466451959
89,6.233225979602791,38.217928073000536,3.3816425120772946,10.587761674718196,21.289586688137412,3.878153515834675,12.5,2.6033279656468062,0.3421900161030596,0.1878690284487386,0.32877079978529256,0.4495437466451959
90,6.320450885668277,36.8894256575416,4.5893719806763285,9.380032206119163,21.182232957595275,7.112184648416532,10.997047772410092,2.6435856146001075,0.20799785292538917,0.040257648953301126,0.2549651100375738,0.3824476650563607
91,6.293612453032743,36.65458937198068,4.5893719806763285,9.29951690821256,20.96081588835212,7.4141170155662905,10.997047772410092,2.8650026838432634,0.20799785292538917,,0.2549651100375738,0.46296296296296297
92,5.9447128287707995,36.151368760064415,4.3478260869565215,9.219001610305957,21.826355340848096,7.4141170155662905,11.131239935587761,3.0394524959742353,0.20799785292538917,,0.2549651100375738,0.46296296296296297
93,5.917874396135265,35.66156736446592,4.3478260869565215,9.561191626409018,21.826355340848096,7.447665056360709,11.392914653784219,2.945517981749866,0.20799785292538917,,0.2281266774020397,0.46296296296296297
94,5.763553408480945,34.14519592055824,6.763285024154589,9.118357487922705,21.591519055287172,7.326892109500805,11.084272678475577,3.1870638754696725,0.20799785292538917,0.12077294685990338,0.2281266774020397,0.46296296296296297
95,5.683038110574342,34.272678475577024,6.763285024154589,9.01100375738057,21.34326355340848,7.347020933977456,11.037305421363392,3.4688674181427803,0.20799785292538917,0.12077294685990338,0.28180354267310787,0.46296296296296297
96,5.6964573268921095,34.0378421900161,6.608964036500268,9.004294149221685,21.081588835212024,7.347020933977456,11.272141706924316,3.7104133118625873,0.23483628556092323,0.2616747181964573,0.28180354267310787,0.46296296296296297
97,5.669618894256575,33.9975845410628,6.488191089640365,8.977455716586151,20.873590982286636,7.326892109500805,11.439881910896403,3.8043478260869565,0.23483628556092323,0.3824476650563607,0.2683843263553409,0.5367686527106817
98,5.71658615136876,33.9573268921095,6.488191089640365,8.943907675791733,20.679012345679013,7.219538378958669,11.621041331186259,3.864734299516908,0.23483628556092323,0.46967257112184646,0.2683843263553409,0.5367686527106817
99,5.797101449275362,33.76945786366076,6.488191089640365,8.943907675791733,20.377079978529252,7.132313472893183,11.822329575952764,4.012345679012346,0.23483628556092323,0.6172839506172839,0.2683843263553409,0.5367686527106817
100,5.689747718733226,33.05823939881911,6.702898550724638,8.863392377885132,19.47128287707998,8.870101986044014,11.83574879227053,3.7238325281803544,0.32877079978529256,0.6172839506172839,0.3153515834675255,0.5233494363929146
101,5.83064949006978,32.890499194847024,6.635802469135802,8.863392377885132,19.404186795491142,8.84326355340848,11.889425657541599,3.8177670424047236,0.4092860976918948,0.5770263016639828,0.3153515834675255,0.5233494363929146
102,5.877616747181965,32.68250134192163,6.736446591519055,8.829844337090714,19.30354267310789,8.910359634997317,12.016908212560386,3.8177670424047236,0.4092860976918948,0.5770263016639828,0.3153515834675255,0.5233494363929146
103,5.642780461621041,32.62211486849168,6.615673644659152,9.118357487922705,19.135802469135804,8.836553945249598,11.916264090177133,4.032474503488996,0.5568974771873323,0.630703166935051,0.3421900161030596,0.5501878690284487
104,5.756843800322061,32.47450348899624,6.447933440687064,9.078099838969404,19.07541599570585,8.836553945249598,11.949812130971551,4.092860976918948,0.7112184648416533,0.630703166935051,0.39586688137412773,0.5501878690284487
105,5.71658615136876,32.32018250134192,6.5552871712292005,9.017713365539452,18.894256575415994,8.984165324745035,12.016908212560386,4.206924315619967,0.7112184648416533,0.630703166935051,0.39586688137412773,0.5501878690284487
106,5.71658615136876,31.97128287707998,6.602254428341385,8.997584541062801,18.813741277509394,8.930488459473967,12.359098228663447,4.206924315619967,0.7112184648416533,0.7447665056360708,0.39586688137412773,0.5501878690284487
107,5.676328502415459,31.52173913043478,6.602254428341385,7.836822329575953,18.491680085882983,10.668276972624799,12.446323134728932,4.30756843800322,0.785024154589372,0.7447665056360708,0.39586688137412773,0.5233494363929146
108,5.756843800322061,31.40096618357488,6.535158346752549,7.823403113258186,18.209876543209877,10.661567364465915,12.379227053140097,4.64975845410628,0.8387010198604401,0.7447665056360708,0.39586688137412773,0.6038647342995169
109,6.005099302200751,31.072195383789587,6.535158346752549,7.716049382716049,17.98174986580784,10.755501878690284,12.674449812130971,4.730273752012883,0.8387010198604401,0.7246376811594203,0.39586688137412773,0.5703166935050993
110,5.991680085882985,30.743424584004295,6.5485775630703165,7.716049382716049,17.887815351583466,10.802469135802468,12.99651100375738,4.683306494900698,0.8387010198604401,0.7246376811594203,0.49651100375738055,0.5703166935050993
111,6.1929683306494905,30.689747718733226,6.5485775630703165,7.716049382716049,17.881105743424584,10.527375201288244,12.949543746645196,4.817498658078368,0.8387010198604401,0.7716049382716049,0.49651100375738055,0.5703166935050993
112,6.387546967257112,30.394524959742352,6.468062265163715,7.957595276435856,17.726784755770264,10.433440687063875,12.835480407944177,4.9718196457326895,0.8923778851315083,0.8655394524959742,0.49651100375738055,0.5703166935050993
113,6.608964036500268,30.193236714975846,6.427804616210413,7.776435856146001,17.726784755770264,10.23215244229737,12.97638217928073,4.931561996779388,1.0265700483091786,1.0332796564680622,0.49651100375738055,0.5703166935050993
114,6.729736983360172,29.58937198067633,6.280193236714976,7.971014492753623,17.59259259259259,9.883252818035427,13.627214170692431,4.891304347826087,1.1674718196457328,1.221148684916801,0.49651100375738055,0.5501878690284487
115,6.743156199677939,29.381374127750938,6.273483628556092,7.917337627482555,17.538915727321523,9.876543209876543,13.768115942028986,4.951690821256038,1.1674718196457328,1.221148684916801,0.6105743424584005,0.5501878690284487
116,6.837090713902308,28.898282340311326,6.1929683306494905,7.917337627482555,17.317498658078367,9.876543209876543,14.06333870101986,5.186527106816962,1.3620504562533549,1.2010198604401503,0.5971551261406334,0.5501878690284487
117,6.957863660762212,28.824476650563607,6.159420289855072,7.823403113258186,17.28395061728395,9.842995169082126,14.103596349973161,5.179817498658078,1.4626945786366077,1.2010198604401503,0.5770263016639828,0.5837359098228664
118,6.810252281266774,28.65673644659152,6.152710681696189,8.360171765968868,17.277241009125067,9.594739667203436,14.049919484702093,5.253623188405797,1.482823403113258,1.2010198604401503,0.5770263016639828,0.5837359098228664
119,6.4412238325281805,27.91867954911433,5.991680085882985,8.319914117015566,18.263553408480945,9.608158883521202,13.915727321524423,5.488459473966721,1.556629092860977,1.3352120236178207,0.5770263016639828,0.5837359098228664
120,6.488191089640365,27.482555018786904,5.991680085882985,8.319914117015566,18.08239398819109,9.608158883521202,14.512882447665056,5.407944176060118,1.556629092860977,1.3352120236178207,0.5770263016639828,0.6374127750939346
121,6.723027375201288,27.395330112721417,5.984970477724101,8.272946859903382,18.04213633923779,9.520933977455716,14.472624798711756,5.441492216854535,1.596886741814278,1.3352120236178207,0.5770263016639828,0.6374127750939346
122,6.816961889425658,26.81159420289855,5.46833064949007,9.581320450885668,17.975040257648953,9.50751476113795,14.325013419216317,5.387815351583468,1.5767579173376274,1.3352120236178207,0.5770263016639828,0.6374127750939346
123,6.635802469135802,26.46940418679549,5.401234567901234,9.406870638754697,17.827428878153516,10.326086956521738,14.486044015029522,5.434782608695652,1.442565754159957,1.3553408480944713,0.5770263016639828,0.6374127750939346
124,6.655931293612453,26.301663982823403,5.441492216854535,9.581320450885668,17.820719269994633,10.151637144390767,14.553140096618357,5.535426731078905,1.442565754159957,1.3016639828234031,0.5770263016639828,0.6374127750939346
125,6.769994632313473,25.946054750402578,5.387815351583468,9.541062801932368,17.67981749865808,10.312667740203972,14.647074610842727,5.703166935050993,1.5163714439076759,1.2815351583467525,0.5770263016639828,0.6374127750939346
126,6.729736983360172,25.664251207729468,5.347557702630167,10.111379495437467,17.51207729468599,10.312667740203972,14.418947933440688,5.850778314546431,1.556629092860977,1.2815351583467525,0.5770263016639828,0.6374127750939346
127,6.796833064949007,25.6105743424584,5.226784755770263,10.111379495437467,17.478529253891573,10.312667740203972,14.40552871712292,5.917874396135265,1.6438539989264627,1.2815351583467525,0.5770263016639828,0.6374127750939346
128,6.8035426731078905,25.5300590445518,5.226784755770263,10.34621578099839,17.297369833601717,10.487117552334944,14.38539989264627,5.783682232957595,1.6438539989264627,1.2815351583467525,0.5770263016639828,0.6374127750939346
129,6.736446591519055,25.234836285560924,6.776704240472356,10.312667740203972,17.028985507246375,9.722222222222221,14.412238325281804,5.770263016639828,1.7042404723564144,1.0869565217391304,0.5770263016639828,0.6374127750939346
130,6.776704240472356,24.86580783682233,6.776704240472356,10.312667740203972,17.028985507246375,9.628287707997853,14.841653247450349,5.756843800322061,1.7042404723564144,1.093666129898014,0.5770263016639828,0.6374127750939346
131,6.843800322061192,24.805421363392377,6.776704240472356,10.567632850241546,16.908212560386474,9.588030059044552,14.754428341384862,5.683038110574342,1.7042404723564144,1.1540526033279657,0.5770263016639828,0.6374127750939346
132,6.91760601180891,24.711486849168008,6.736446591519055,11.252012882447666,16.35131508319914,9.54777241009125,14.88191089640365,5.589103596349974,1.6706924315619969,1.1540526033279657,0.5501878690284487,0.6374127750939346
133,6.843800322061192,23.72517444981213,6.796833064949007,11.191626409017713,16.06280193236715,9.681964573268921,16.109769189479334,5.669618894256575,1.5767579173376274,1.1540526033279657,0.5501878690284487,0.6374127750939346
134,6.642512077294686,23.315888352120236,6.749865807836822,11.245303274288782,16.639828234031132,9.648416532474503,16.11647879763822,5.750134192163178,1.5633387010198605,1.1540526033279657,0.5367686527106817,0.6374127750939346
135,6.78341384863124,23.295759527643586,6.6827697262479875,11.292270531400966,16.465378421900162,9.50751476113795,15.98899624261943,5.857487922705314,1.6841116478797638,1.1540526033279657,0.5971551261406334,0.6910896403650026
136,6.877348362855609,23.047504025764894,6.635802469135802,11.540526033279656,16.344605475040257,9.500805152979066,16.009125067096083,5.877616747181965,1.724369296833065,1.1540526033279657,0.5971551261406334,0.6910896403650026
137,6.904186795491143,22.933440687063875,6.635802469135802,11.56736446591519,16.056092324208265,9.426999463231347,16.109769189479334,6.112453032742888,1.8115942028985508,1.1540526033279657,0.5971551261406334,0.6910896403650026
138,6.971282877079979,22.859634997316157,6.615673644659152,11.500268384326356,15.995705850778315,9.339774557165862,16.317767042404725,6.159420289855072,1.7981749865807837,1.1540526033279657,0.5971551261406334,0.6910896403650026
139,6.984702093397746,22.84621578099839,6.239935587761675,11.963231347289318,15.915190552871712,9.312936124530328,16.378153515834676,6.1862587224906065,1.7646269457863661,1.1205045625335481,0.5971551261406334,0.6910896403650026
140,7.286634460547504,22.685185185185187,6.280193236714976,11.902844873859367,15.807836822329575,9.406870638754697,16.243961352657006,6.280193236714976,1.6975308641975309,1.1205045625335481,0.5971551261406334,0.6910896403650026
141,6.850509930220075,22.34970477724101,6.166129898013956,11.90955448201825,16.646537842190018,9.31964573268921,16.35131508319914,6.253354804079442,1.7444981213097155,1.1205045625335481,0.5971551261406334,0.6910896403650026
142,6.877348362855609,22.23564143853999,6.166129898013956,11.79549114331723,16.451959205582394,9.145195920558239,16.505636070853463,6.387546967257112,1.8518518518518519,1.2412775093934514,0.5971551261406334,0.7447665056360708
143,6.830381105743425,22.10144927536232,6.3070316693505095,11.943102522812667,16.163446054750402,8.76274825550188,17.277241009125067,6.1929683306494905,1.8048845947396672,1.1272141706924315,0.7447665056360708,0.7447665056360708
144,6.937734836285561,22.014224369296834,6.266774020397209,11.922973698336017,16.002415458937197,8.756038647342995,17.384594739667204,6.300322061191626,1.8048845947396672,1.1272141706924315,0.7447665056360708,0.7380568974771873
145,6.964573268921095,21.960547504025765,6.092324208266238,12.151100375738057,15.908480944712828,8.964036500268385,17.330917874396135,6.152710681696189,1.7579173376274826,1.2345679012345678,0.7447665056360708,0.7380568974771873
146,6.991411701556629,21.880032206119164,6.092324208266238,12.298711755233494,15.794417606011809,8.930488459473967,17.3040794417606,6.260064412238325,1.7444981213097155,1.2345679012345678,0.7313472893183038,0.7380568974771873
147,7.152442297369833,21.74584004294149,5.911164787976382,12.385936661298981,15.727321524422974,8.829844337090714,17.398013955984972,6.3070316693505095,1.8048845947396672,1.2681159420289856,0.7313472893183038,0.7380568974771873
148,7.105475040257649,21.77938808373591,6.038647342995169,12.198067632850242,15.619967793880837,8.796296296296296,17.518786902844873,6.347289318303811,1.8250134192163177,1.3016639828234031,0.7313472893183038,0.7380568974771873
149,7.266505636070853,21.4170692431562,6.105743424584004,12.211486849168008,15.713902308105206,8.527911969940956,17.64626945786366,6.407675791733762,1.8853998926462694,1.3083735909822867,0.7045088566827697,0.8051529790660226
150,7.246376811594203,21.289586688137412,6.105743424584004,12.23161567364466,15.687063875469672,8.735909822866345,17.53220611916264,6.468062265163715,1.8853998926462694,1.3083735909822867,0.7045088566827697,0.8051529790660226
151,7.347020933977456,20.169082125603865,6.105743424584004,11.829039184111648,15.646806226516372,8.59500805152979,19.0955448201825,6.468062265163715,1.9256575415995705,1.3083735909822867,0.7045088566827697,0.8051529790660226
152,7.427536231884058,19.96779388083736,5.984970477724101,12.171229200214707,15.559581320450885,8.474235104669887,19.048577563070317,6.5552871712292005,2.033011272141707,1.2949543746645196,0.6776704240472357,0.8051529790660226
153,7.588566827697263,19.98792270531401,5.958132045088567,12.258454106280194,15.438808373590982,8.541331186258722,18.874127750939344,6.541867954911433,2.01959205582394,1.2949543746645196,0.6910896403650026,0.8051529790660226
154,7.6623725174449815,19.920826623725173,5.958132045088567,12.265163714439076,15.378421900161031,8.541331186258722,18.867418142780462,6.608964036500268,2.006172839506173,1.2949543746645196,0.6910896403650026,0.8051529790660226
155,7.555018786902845,19.504830917874397,5.884326355340848,12.392646269457863,15.277777777777779,9.192163177670425,18.92109500805153,6.5552871712292005,2.0128824476650564,1.2077294685990339,0.6910896403650026,0.8051529790660226
156,7.635534084809447,19.33709071390231,5.689747718733226,12.25174449812131,15.177133655394526,9.151905528717123,19.11567364465915,6.863929146537842,2.073268921095008,1.2077294685990339,0.6910896403650026,0.8051529790660226
157,7.6556629092860975,19.243156199677937,5.683038110574342,12.177938808373591,15.076489533011273,9.245840042941492,19.16935050993022,6.9243156199677935,2.15378421900161,1.2077294685990339,0.6910896403650026,0.7716049382716049
158,7.763016639828234,19.269994632313473,5.636070853462158,12.077294685990339,14.969135802469136,9.453837895866881,19.068706387546968,6.991411701556629,2.200751476113795,1.2077294685990339,0.5904455179817498,0.7716049382716049
159,7.763016639828234,19.269994632313473,5.636070853462158,12.077294685990339,14.969135802469136,9.494095544820183,18.94122383252818,6.991411701556629,2.200751476113795,1.2077294685990339,0.6776704240472357,0.7716049382716049
160,7.836822329575953,19.155931293612454,5.703166935050993,12.104133118625873,14.922168545356952,9.534353193773484,18.9747718733226,6.910896403650026,2.147074610842727,1.261406333870102,0.6776704240472357,0.7716049382716049
161,7.897208803005904,19.155931293612454,5.703166935050993,12.104133118625873,14.88191089640365,9.64170692431562,18.914385399892645,6.843800322061192,2.147074610842727,1.261406333870102,0.6776704240472357,0.7716049382716049
162,7.809983896940419,18.451422436929683,5.542136339237788,12.546967257112184,14.76784755770263,11.171497584541063,18.411164787976382,6.769994632313473,1.9457863660762211,1.1607622114868492,0.7045088566827697,0.7179280730005367
163,7.803274288781535,18.169618894256576,6.66935050993022,12.305421363392378,14.754428341384862,10.352925389157273,18.377616747181964,6.870638754696726,1.90552871712292,1.3687600644122384,0.7045088566827697,0.7179280730005367
164,7.924047235641439,17.961621041331185,7.118894256575416,12.050456253354804,14.647074610842727,10.245571658615138,18.109232420826622,6.837090713902308,2.059849704777241,1.4694041867954912,0.7045088566827697,0.8722490606548577
165,7.803274288781535,17.37788513150832,7.03166935050993,13.627214170692431,14.472624798711756,9.98389694041868,17.713365539452496,6.810252281266774,2.1403650026838434,1.4626945786366077,0.7045088566827697,0.8722490606548577
166,7.742887815351583,17.371175523349436,7.018250134192163,13.613794954374665,13.58695652173913,11.621041331186259,17.47181964573269,6.394256575415996,2.1403650026838434,1.4626945786366077,0.7045088566827697,0.8722490606548577
167,7.7361782071927,17.324208266237253,6.998121309715513,13.419216317767042,13.278314546430488,12.010198604401502,17.518786902844873,6.407675791733762,2.24771873322598,1.4626945786366077,0.7246376811594203,0.8722490606548577
168,7.85024154589372,17.270531400966185,6.984702093397746,13.378958668813741,13.231347289318304,11.943102522812667,17.438271604938272,6.595544820182502,2.2745571658615136,1.4358561460010735,0.7246376811594203,0.8722490606548577
169,7.924047235641439,16.55931293612453,6.736446591519055,13.647342995169081,13.197799248523886,13.459473966720344,16.686795491143318,6.629092860976919,2.2342995169082127,1.3217928073000538,0.7313472893183038,0.8722490606548577
170,7.991143317230274,16.525764895330113,6.602254428341385,13.768115942028986,13.063607085346217,13.385668276972625,16.854535695115406,6.541867954911433,2.1806226516371443,1.4090177133655395,0.8051529790660226,0.8722490606548577
171,8.185721953837897,16.472088030059044,6.588835212023618,13.801663982823403,13.070316693505099,13.271604938271604,16.780730005367687,6.561996779388084,2.1806226516371443,1.4090177133655395,0.8051529790660226,0.8722490606548577
172,8.21256038647343,16.364734299516908,6.561996779388084,13.922436929683306,13.070316693505099,13.083735909822867,16.75389157273215,6.508319914117015,2.1806226516371443,1.6639828234031133,0.8051529790660226,0.8722490606548577
173,8.467525496511003,16.09634997316157,6.521739130434782,14.090177133655395,13.070316693505099,13.077026301663983,16.646537842190018,6.494900697799249,2.2208803005904456,1.6371443907675791,0.8051529790660226,0.8722490606548577
174,8.413848631239935,15.995705850778315,6.5552871712292005,14.432367149758454,12.721417069243156,12.983091787439614,16.794149221685455,6.622383252818035,2.200751476113795,1.6170155662909287,0.7917337627482555,0.8722490606548577
175,8.413848631239935,15.98899624261943,6.501610305958132,14.61352657004831,12.674449812130971,12.882447665056361,16.71363392377885,6.622383252818035,2.3483628556092326,1.6035963499731616,0.7648953301127214,0.8722490606548577
176,8.474235104669887,15.895061728395062,6.501610305958132,14.600107353730541,12.654320987654321,13.003220611916264,16.700214707461082,6.535158346752549,2.3550724637681157,1.6438539989264627,0.7648953301127214,0.8722490606548577
177,8.507783145464305,15.734031132581856,6.501610305958132,14.61352657004831,12.573805689747719,13.070316693505099,16.74718196457327,6.588835212023618,2.3550724637681157,1.6438539989264627,0.7648953301127214,0.8990874932903918
178,8.581588835212024,15.687063875469672,6.468062265163715,14.533011272141707,12.526838432635534,13.285024154589372,16.659957058507782,6.575415995705851,2.3886205045625335,1.6304347826086956,0.7648953301127214,0.8990874932903918
179,8.36688137412775,15.116747181964573,6.474771873322598,15.841384863123993,12.513419216317766,13.20450885668277,16.317767042404725,6.494900697799249,2.3886205045625335,1.6170155662909287,0.7648953301127214,0.8990874932903918
180,8.360171765968868,14.942297369833602,8.769457863660762,15.371712292002147,12.305421363392378,12.010198604401502,16.21712292002147,6.4412238325281805,2.24771873322598,1.6706924315619969,0.7648953301127214,0.8990874932903918
181,8.420558239398819,14.875201288244767,8.883521202361782,15.277777777777779,12.285292538915728,11.976650563607086,16.223832528180353,6.474771873322598,2.24771873322598,1.6706924315619969,0.7648953301127214,0.8990874932903918
182,8.548040794417606,14.794685990338165,8.870101986044014,15.35829307568438,12.285292538915728,11.996779388083736,16.09634997316157,6.461352657004831,2.2745571658615136,1.6505636070853462,0.7648953301127214,0.8990874932903918
183,8.387010198604402,14.412238325281804,8.789586688137414,16.774020397208805,12.110842726784755,11.614331723027375,15.854804079441761,6.387546967257112,2.2745571658615136,1.6505636070853462,0.7246376811594203,1.0198604401502953
184,8.447396672034353,14.150563607085346,8.776167471819646,17.270531400966185,12.110842726784755,11.520397208803006,15.599838969404187,6.3137412775093935,2.2745571658615136,1.6371443907675791,0.7246376811594203,1.1741814278046163
185,8.427267847557703,14.130434782608695,8.702361782071927,17.21014492753623,12.037037037037036,11.506977992485238,16.015834675254965,6.3137412775093935,2.187332259796028,1.570048309178744,0.7246376811594203,1.1741814278046163
186,8.501073537305421,14.070048309178745,8.722490606548577,17.21014492753623,12.030327428878154,11.486849168008588,16.022544283413847,6.3137412775093935,2.1739130434782608,1.570048309178744,0.7246376811594203,1.1741814278046163
187,8.501073537305421,13.600375738056897,8.641975308641975,18.035426731078903,12.016908212560386,11.43317230273752,15.707192699946322,6.3137412775093935,2.24771873322598,1.6505636070853462,0.7246376811594203,1.1272141706924315
188,8.581588835212024,13.405797101449275,8.655394524959743,18.136070853462158,11.996779388083736,11.500268384326356,15.633387010198604,6.387546967257112,2.24771873322598,1.6505636070853462,0.6776704240472357,1.1272141706924315
189,8.641975308641975,13.33870101986044,8.635265700483092,18.115942028985508,11.882716049382717,11.600912506709609,15.653515834675256,6.387546967257112,2.301395598497048,1.6505636070853462,0.6776704240472357,1.1137949543746646
190,8.272946859903382,13.251476113794954,8.313204508856682,17.277241009125067,14.65378421900161,11.198336017176597,15.297906602254429,5.8172302737520125,2.341653247450349,1.7847557702630166,0.6776704240472357,1.1137949543746646
191,8.353462157809984,13.110574342458401,8.293075684380032,17.424852388620504,14.546430488459475,11.198336017176597,15.257648953301127,5.877616747181965,2.301395598497048,1.8384326355340848,0.6843800322061192,1.1137949543746646
192,8.507783145464305,12.97638217928073,8.272946859903382,17.183306494900698,14.492753623188406,11.3191089640365,15.250939345142244,5.891035963499732,2.4691358024691357,1.8384326355340848,0.6843800322061192,1.1137949543746646
193,8.581588835212024,12.909286097691895,8.158883521202362,17.337627482555018,14.418947933440688,11.272141706924316,15.197262479871176,5.971551261406334,2.4691358024691357,1.8853998926462694,0.6843800322061192,1.1137949543746646
194,8.682232957595277,12.895866881374127,8.219269994632313,17.28395061728395,14.38539989264627,11.151368760064413,15.297906602254429,5.931293612453032,2.4691358024691357,1.8853998926462694,0.6843800322061192,1.1137949543746646
