,45,50,52,51,55,53,54,56,58,57
0,99.53703703703704,0.46296296296296297,,,,,,,,
1,99.11433172302738,0.8856682769726248,,,,,,,,
2,97.71202361782072,2.2879763821792807,,,,,,,,
3,94.96108427267848,5.038915727321524,,,,,,,,
4,92.08266237251745,7.917337627482555,,,,,,,,
5,88.0703166935051,11.929683306494901,,,,,,,,
6,87.94283413848632,12.057165861513688,,,,,,,,
7,87.62748255501879,12.372517444981213,,,,,,,,
8,87.65432098765432,12.345679012345679,,,,,,,,
9,85.00402576489533,14.99597423510467,,,,,,,,
10,76.04669887278583,23.95330112721417,,,,,,,,
11,76.08024691358025,23.919753086419753,,,,,,,,
12,72.69189479334406,24.335748792270532,2.9723564143853998,,,,,,,
13,70.34353193773484,26.684111647879764,2.9723564143853998,,,,,,,
14,69.48470209339774,26.41572732152442,2.9723564143853998,1.1272141706924315,,,,,,
15,68.26355340848094,27.643585614600106,3.1602254428341383,0.9326355340848095,,,,,,
16,65.64009661835749,30.763553408480945,2.6637144390767578,0.9326355340848095,,,,,,
17,63.91572732152442,32.54830917874396,2.6033279656468062,0.9326355340848095,,,,,,
18,64.02308105206656,32.45437466451959,2.6033279656468062,0.9192163177670424,,,,,,
19,64.20424047235642,32.2061191626409,2.5831991411701556,0.9192163177670424,0.08722490606548577,,,,,
20,59.936929683306495,32.44095544820183,4.126409017713366,3.408480944712829,0.08722490606548577,,,,,
21,59.58132045088567,32.83682232957595,4.086151368760064,3.408480944712829,0.08722490606548577,,,,,
22,59.62157809983897,32.809983896940416,4.086151368760064,3.3950617283950617,0.08722490606548577,,,,,
23,59.5276435856146,32.910628019323674,4.079441760601181,3.3950617283950617,0.08722490606548577,,,,,
24,51.83843263553408,40.31132581857219,4.079441760601181,3.3682232957595275,0.4025764895330113,,,,,
25,50.939345142243695,40.04965110037574,4.079441760601181,4.528985507246377,0.4025764895330113,,,,,
26,50.78502415458937,38.33870101986044,4.045893719806763,4.528985507246377,0.6709608158883521,1.6304347826086956,,,,
27,50.32206119162641,35.81588835212023,4.045893719806763,7.595276435856146,0.4025764895330113,1.596886741814278,0.2214170692431562,,,
28,50.60386473429951,33.293075684380035,6.367418142780462,7.4141170155662905,0.4025764895330113,1.6975308641975309,0.2214170692431562,,,
29,50.3690284487386,32.01154052603328,4.74369296833065,7.4141170155662905,0.4025764895330113,1.8719806763285025,3.1870638754696725,,,
30,50.516639828234034,31.95115405260333,4.74369296833065,7.387278582930757,0.4025764895330113,1.865271068169619,3.1333870101986045,,,
31,50.738056897477186,31.78341384863124,4.74369296833065,7.387278582930757,0.4025764895330113,1.8317230273752012,3.113258185721954,,,
32,50.71121846484165,31.830381105743424,4.74369296833065,7.367149758454106,0.4025764895330113,1.8317230273752012,3.113258185721954,,,
33,50.013419216317764,30.817230273752013,4.126409017713366,9.581320450885668,0.4025764895330113,1.8317230273752012,3.227321524422974,,,
34,50.013419216317764,29.750402576489535,5.173107890499195,9.500805152979066,0.4025764895330113,2.1135265700483092,3.046162104133119,,,
35,49.966451959205585,29.78395061728395,5.146269457863661,9.460547504025765,0.4025764895330113,2.1135265700483092,3.126677402039721,,,
36,50.348899624261946,29.528985507246375,5.132850241545894,9.460547504025765,0.4025764895330113,2.1135265700483092,3.012614063338701,,,
37,50.3690284487386,29.51556629092861,6.213097155126141,9.433709071390231,0.4025764895330113,1.9457863660762211,2.120236178207193,,,
38,47.79253891572732,31.884057971014492,6.159420289855072,9.695383789586689,0.4025764895330113,1.9457863660762211,2.120236178207193,,,
39,44.457863660762214,34.44041867954911,6.125872249060655,10.507246376811594,0.4025764895330113,1.9457863660762211,2.120236178207193,,,
40,44.42431561996779,34.5276435856146,6.125872249060655,10.48040794417606,0.4025764895330113,1.9457863660762211,2.0933977455716586,,,
41,44.437734836285564,34.514224369296834,6.125872249060655,10.48040794417606,0.4025764895330113,1.9457863660762211,2.0933977455716586,,,
42,43.08910359634997,35.560923242082666,6.031937734836285,9.668545356951155,0.6843800322061192,2.1940418679549114,2.771068169618894,,,
43,43.12936124530327,34.88996242619431,6.031937734836285,9.668545356951155,0.8521202361782072,2.442297369833602,2.985775630703167,,,
44,42.23698336017176,32.96430488459474,6.031937734836285,12.29200214707461,0.8454106280193237,2.442297369833602,3.1870638754696725,,,
45,40.27106816961889,34.09151905528717,5.991680085882985,13.170960815888352,0.8454106280193237,2.442297369833602,3.1870638754696725,,,
46,40.37842190016103,34.024422973698336,5.978260869565218,13.144122383252817,0.8454106280193237,2.442297369833602,3.1870638754696725,,,
47,38.157541599570585,30.038915727321523,2.871712292002147,23.637949543746647,1.1272141706924315,2.4355877616747184,1.7310789049919484,,,
48,38.13070316693505,30.16639828234031,2.831454643048846,23.617820719269993,1.1137949543746646,2.4355877616747184,1.7042404723564144,,,
49,37.9092860976919,29.777241009125067,2.831454643048846,24.14787976382179,1.1943102522812667,2.4355877616747184,1.7042404723564144,,,
50,37.43961352657005,28.052871712292003,5.340848094471283,24.288781535158346,1.1808910359634996,2.2745571658615136,1.4224369296833066,,,
51,27.657004830917874,36.983360171765966,4.736983360171766,24.14787976382179,0.8990874932903918,4.3545356951154055,1.221148684916801,,,
52,27.89855072463768,36.822329575952764,4.736983360171766,24.074074074074073,0.8990874932903918,4.3545356951154055,1.2144390767579174,,,
53,25.389157273215243,44.920826623725176,3.166935050993022,20.7662372517445,0.5367686527106817,4.676596886741814,0.5434782608695652,,,
54,25.51663982823403,44.76650563607085,3.1468062265163717,20.759527643585614,0.6776704240472357,4.5893719806763285,0.5434782608695652,,,
55,25.657541599570585,44.55179817498658,3.5426731078904994,20.30998389694042,0.8185721953837896,4.575952764358561,0.5434782608695652,,,
56,26.053408480944714,44.10225442834138,3.5426731078904994,20.25630703166935,0.9326355340848095,4.575952764358561,0.5367686527106817,,,
57,25.91250670960816,44.12909286097692,3.515834675254965,20.517981749865807,0.9326355340848095,4.455179817498658,0.5367686527106817,,,
58,25.91921631776704,43.974771873322595,3.4822866344605474,20.497852925389157,0.9326355340848095,4.455179817498658,0.7380568974771873,,,
59,26.04669887278583,43.86741814278046,3.4688674181427803,20.491143317230275,0.9326355340848095,4.455179817498658,0.7380568974771873,,,
60,25.348899624261943,43.06897477187332,3.4420289855072466,21.880032206119164,1.093666129898014,4.428341384863124,0.7380568974771873,,,
61,25.174449812130973,39.34514224369297,3.4420289855072466,21.75925925925926,1.093666129898014,7.266505636070853,1.9189479334406871,,,
62,24.00697799248524,37.52012882447665,3.4420289855072466,24.88593666129898,0.9728931830381106,7.266505636070853,1.90552871712292,,,
63,23.658078368223297,36.553945249597426,3.421900161030596,26.221148684916802,0.9728931830381106,7.266505636070853,1.90552871712292,,,
64,23.51046698872786,33.601717659688674,3.730542136339238,26.1808910359635,3.8378958668813743,7.232957595276436,1.90552871712292,,,
65,23.67149758454106,33.272946859903385,3.730542136339238,26.140633387010197,5.059044551798175,5.984970477724101,2.1403650026838434,,,
66,23.980139559849704,33.10520665593129,3.730542136339238,26.02657004830918,5.038915727321524,5.978260869565218,2.1403650026838434,,,
67,24.12104133118626,33.03811057434246,3.7104133118625873,26.006441223832528,5.038915727321524,5.9447128287707995,2.1403650026838434,,,
68,24.36929683306495,32.809983896940416,4.3545356951154055,25.389157273215243,5.01207729468599,5.924584004294149,2.1403650026838434,,,
69,24.36929683306495,29.844337090713903,4.3545356951154055,25.328770799785293,8.111916264090176,5.850778314546431,2.1403650026838434,,,
70,24.329039184111647,29.22705314009662,8.293075684380032,22.054482018250134,8.179012345679013,5.850778314546431,2.0665593129361244,,,
71,24.456521739130434,29.200214707461082,8.011272141706923,21.987385936661298,8.440687063875469,5.837359098228664,2.0665593129361244,,,
72,22.16183574879227,31.769994632313473,8.004562533548041,21.772678475577028,8.413848631239935,5.8239398819108965,1.8183038110574343,0.23483628556092323,,
73,22.356414385399894,31.716317767042405,7.971014492753623,21.752549651100377,8.387010198604402,5.763553408480945,1.8183038110574343,0.23483628556092323,,
74,21.79951690821256,32.15915190552872,9.158615136876007,21.73913043478261,8.353462157809984,4.736983360171766,1.8183038110574343,0.23483628556092323,,
75,22.20209339774557,32.07192699946323,9.017713365539452,21.62506709608159,8.319914117015566,4.723564143853999,1.8183038110574343,0.2214170692431562,,
76,22.309447128287708,30.96484165324745,8.970746108427267,22.550993022007514,8.319914117015566,4.723564143853999,1.9390767579173376,0.2214170692431562,,
77,22.22222222222222,30.891035963499732,9.205582393988191,22.477187332259795,8.319914117015566,4.723564143853999,1.9390767579173376,0.2214170692431562,,
78,22.457058507783145,30.683038110574344,9.098228663446054,21.55126140633387,8.28636607622115,5.763553408480945,1.9390767579173376,0.2214170692431562,,
79,22.819377348362856,30.649490069779926,9.064680622651638,21.121846484165324,8.272946859903382,6.052066559312936,1.7981749865807837,0.2214170692431562,,
80,23.081052066559312,30.54213633923779,8.917069243156199,21.215780998389693,8.239398819108963,5.917874396135265,1.7981749865807837,0.2885131508319914,,
81,23.17498658078368,30.48845947396672,8.917069243156199,21.18894256575416,8.239398819108963,5.904455179817498,1.7981749865807837,0.2885131508319914,,
82,22.98040794417606,30.83064949006978,8.896940418679549,21.088298443370906,8.232689210950081,5.884326355340848,1.7981749865807837,0.2885131508319914,,
83,22.705314009661837,33.61513687600644,8.266237251744498,19.578636607622116,8.125335480407944,5.622651637144391,1.7981749865807837,0.2885131508319914,,
84,22.7187332259796,32.82340311325819,8.239398819108963,17.94820182501342,10.661567364465915,5.522007514761138,1.7981749865807837,0.2885131508319914,,
85,22.886473429951693,32.769726247987116,8.199141170155663,17.94820182501342,10.628019323671497,5.481749865807837,1.7981749865807837,0.2885131508319914,,
86,22.765700483091788,32.03166935050993,8.017981749865807,18.109232420826622,11.553945249597424,5.434782608695652,1.7981749865807837,0.2885131508319914,,
87,21.202361782071925,29.11969940955448,5.897745571658615,27.697262479871174,8.702361782071927,5.293880837359098,1.7981749865807837,0.2885131508319914,,
88,21.578099838969404,28.92512077294686,5.864197530864198,27.643585614600106,8.333333333333334,5.5689747718733225,1.7981749865807837,0.2885131508319914,,
89,22.007514761137948,28.898282340311326,5.750134192163178,27.053140096618357,8.333333333333334,5.870907139023081,1.7981749865807837,0.2885131508319914,,
90,22.32957595276436,28.67686527106817,5.917874396135265,26.690821256038646,8.454106280193237,5.844068706387547,1.7981749865807837,0.2885131508319914,,
91,22.591250670960815,28.6231884057971,5.917874396135265,26.50966183574879,8.427267847557703,5.844068706387547,1.7981749865807837,0.2885131508319914,,
92,22.71202361782072,28.395061728395063,6.119162640901771,26.435856146001072,8.427267847557703,5.8239398819108965,1.7981749865807837,0.2885131508319914,,
93,20.585077831454644,31.36070853462158,7.112184648416532,25.275093934514224,8.252818035426731,5.381105743424584,1.7444981213097155,0.2885131508319914,,
94,20.699141170155663,31.320450885668276,7.098765432098766,25.214707461084274,8.252818035426731,5.381105743424584,1.7444981213097155,0.2885131508319914,,
95,20.833333333333332,31.233225979602793,7.071926999463232,25.194578636607623,8.252818035426731,5.381105743424584,1.7444981213097155,0.2885131508319914,,
96,20.974235104669887,31.166129898013956,7.0450885668276975,24.93961352657005,8.225979602791197,5.381105743424584,1.9793344068706387,0.2885131508319914,,
97,21.175523349436393,31.13929146537842,7.011540526033279,24.872517444981213,8.179012345679013,5.3274288781535155,2.006172839506173,0.2885131508319914,,
98,21.497584541062803,31.00509930220075,7.0450885668276975,24.751744498121308,8.145464304884594,5.287171229200215,1.9793344068706387,0.2885131508319914,,
99,21.772678475577028,30.797101449275363,7.0450885668276975,24.711486849168008,8.145464304884594,5.260332796564681,1.9793344068706387,0.2885131508319914,,
100,21.973966720343533,30.656199677938808,7.018250134192163,24.570585077831456,8.266237251744498,5.246913580246914,1.9793344068706387,0.2885131508319914,,
101,22.33628556092324,30.340848094471284,7.011540526033279,24.36929683306495,8.259527643585615,5.434782608695652,1.9592055823939882,0.2885131508319914,,
102,22.423510466988727,30.334138486312398,6.998121309715513,24.308910359634996,8.259527643585615,5.428073000536768,1.9592055823939882,0.2885131508319914,,
103,23.05421363392378,30.193236714975846,6.850509930220075,24.235104669887278,8.205850778314547,5.226784755770263,1.9592055823939882,0.27509393451422437,,
104,23.315888352120236,30.01207729468599,6.837090713902308,24.349168008588297,8.199141170155663,5.052334943639291,1.9592055823939882,0.27509393451422437,,
105,23.49033816425121,28.931830381105744,6.837090713902308,24.12775093934514,8.420558239398819,5.998389694041868,1.9592055823939882,0.23483628556092323,,
106,23.939881910896403,28.5426731078905,6.696188942565755,24.020397208803004,8.420558239398819,5.971551261406334,2.1739130434782608,0.23483628556092323,,
107,23.282340311325818,27.2812667740204,6.6827697262479875,26.04669887278583,8.413848631239935,5.971551261406334,2.086688137412775,0.23483628556092323,,
108,23.711755233494365,27.254428341384862,6.6760601180891035,25.85882984433709,8.313204508856682,5.864197530864198,2.086688137412775,0.23483628556092323,,
109,23.63123993558776,26.603596349973163,6.474771873322598,26.918947933440688,8.28636607622115,5.864197530864198,1.7981749865807837,0.4227053140096618,,
110,23.53059581320451,25.161030595813205,6.6760601180891035,26.757917337627482,8.038110574342458,7.6556629092860975,1.7713365539452497,0.4092860976918948,,
111,23.597691894793343,24.56387546967257,6.6760601180891035,26.724369296833064,8.259527643585615,7.836822329575953,1.932367149758454,0.4092860976918948,,
112,23.678207192699947,24.422973698336016,6.635802469135802,26.623725174449813,8.232689210950081,7.836822329575953,1.9189479334406871,0.6508319914117016,,
113,24.040526033279658,24.08078368223296,6.635802469135802,26.603596349973163,8.3064949006978,7.7898550724637685,1.9122383252818036,0.630703166935051,,
114,24.329039184111647,24.000268384326354,6.541867954911433,26.529790660225444,8.266237251744498,7.7898550724637685,1.9122383252818036,0.630703166935051,,
115,23.65136876006441,23.101180891035963,6.521739130434782,26.529790660225444,7.883789586688137,9.473966720343531,1.9122383252818036,0.9259259259259259,,
116,23.758722490606548,23.027375201288244,7.179280730005368,25.85212023617821,7.883789586688137,9.460547504025765,1.9122383252818036,0.9259259259259259,,
117,23.946591519055286,23.020665593129362,7.179280730005368,25.764895330112722,7.856951154052603,9.426999463231347,1.8786902844873858,0.9259259259259259,,
118,24.154589371980677,22.96027911969941,7.14573268921095,25.711218464841654,7.85024154589372,9.400161030595813,1.8518518518518519,0.9259259259259259,,
119,24.46323134728932,22.779119699409556,7.098765432098766,25.650831991411703,7.836822329575953,9.400161030595813,1.8451422436929683,0.9259259259259259,,
120,24.52361782071927,22.5979602791197,7.387278582930757,25.43612453032743,7.944176060118089,9.339774557165862,1.8451422436929683,0.9259259259259259,,
121,24.825550187869027,22.38996242619431,7.367149758454106,25.275093934514224,7.944176060118089,9.46725711218465,1.8317230273752012,0.8990874932903918,,
122,25.37573805689748,21.93370907139023,7.333601717659689,25.15432098765432,7.836822329575953,9.634997316156737,1.8317230273752012,0.8990874932903918,,
123,25.6105743424584,21.900161030595815,7.313472893183038,25.026838432635532,7.803274288781535,9.628287707997853,1.8183038110574343,0.8990874932903918,,
124,25.764895330112722,21.812936124530328,7.313472893183038,25.0,7.763016639828234,9.628287707997853,1.8183038110574343,0.8990874932903918,,
125,25.644122383252817,21.672034353193773,7.2933440687063875,25.0,8.219269994632313,9.453837895866881,1.8183038110574343,0.8990874932903918,,
126,25.704508856682768,21.66532474503489,7.2933440687063875,25.0,8.219269994632313,9.426999463231347,1.7914653784219001,0.8990874932903918,,
127,25.43612453032743,21.24261943102523,8.225979602791197,24.86580783682233,8.340042941492216,9.426999463231347,1.5633387010198605,0.8990874932903918,,
128,25.489801395598498,21.22920021470746,8.225979602791197,24.825550187869027,8.340042941492216,9.426999463231347,1.5633387010198605,0.8990874932903918,,
129,25.650831991411703,21.16881374127751,8.353462157809984,24.62426194310252,8.333333333333334,9.426999463231347,1.5633387010198605,0.8789586688137413,,
130,25.771604938271604,21.135265700483092,8.353462157809984,24.61755233494364,8.293075684380032,9.386741814278047,1.5633387010198605,0.8789586688137413,,
131,25.925925925925927,21.101717659688674,8.333333333333334,24.590713902308106,8.259527643585615,9.346484165324744,1.5633387010198605,0.8789586688137413,,
132,26.36876006441224,21.034621578099838,8.279656468062266,24.315619967793882,8.239398819108963,9.31964573268921,1.5633387010198605,0.8789586688137413,,
133,26.583467525496513,20.853462157809982,8.279656468062266,24.114331723027377,8.460815888352121,9.265968867418144,1.5633387010198605,0.8789586688137413,,
134,24.812130971551262,19.276704240472355,11.265432098765432,27.093397745571657,7.1658615136876005,8.132045088566828,1.4895330112721417,0.7648953301127214,,
135,24.89935587761675,19.256575415995705,11.245303274288782,27.046430488459475,7.1658615136876005,8.132045088566828,1.4895330112721417,0.7648953301127214,,
136,25.06038647342995,19.243156199677937,11.225174449812132,26.939076757917338,7.159151905528717,8.11862587224906,1.4895330112721417,0.7648953301127214,,
137,25.087224906065487,19.122383252818036,11.225174449812132,27.03972088030059,7.159151905528717,8.111916264090176,1.4895330112721417,0.7648953301127214,,
138,23.792270531400966,18.270263016639827,10.943370907139023,30.307300053676865,7.159151905528717,7.5348899624261945,1.247987117552335,0.7447665056360708,,
139,23.899624261943103,18.270263016639827,10.916532474503489,30.24020397208803,7.159151905528717,7.521470746108427,1.247987117552335,0.7447665056360708,,
140,24.00697799248524,18.189747718733226,10.86285560923242,30.307300053676865,7.159151905528717,7.494632313472893,1.2345679012345678,0.7447665056360708,,
141,23.939881910896403,18.149490069779926,10.82259796027912,30.213365539452496,7.4006977992485234,7.494632313472893,1.2345679012345678,0.7447665056360708,,
142,24.134460547504027,18.109232420826622,10.802469135802468,30.02549651100376,7.467793880837359,7.481213097155126,1.2345679012345678,0.7447665056360708,,
143,24.416264090177133,18.02871712292002,10.775630703166936,29.944981213097154,7.467793880837359,7.4141170155662905,1.2077294685990339,0.7447665056360708,,
144,24.52361782071927,17.94820182501342,10.755501878690284,30.005367686527105,7.273215244229737,7.333601717659689,1.415727321524423,0.7447665056360708,,
145,24.436392914653783,17.787171229200215,10.681696188942565,29.978529253891573,7.253086419753086,7.1658615136876005,1.9524959742351047,0.7447665056360708,,
146,24.630971551261407,17.76033279656468,10.681696188942565,29.837627482555018,7.253086419753086,7.139023081052066,1.9524959742351047,0.7447665056360708,,
147,24.738325281803544,17.72007514761138,10.681696188942565,29.750402576489535,7.246376811594203,7.1658615136876005,1.9524959742351047,0.7447665056360708,,
148,24.872517444981213,17.693236714975846,10.63472893183038,29.723564143854,7.226247987117552,7.152442297369833,1.9524959742351047,0.7447665056360708,,
149,25.0,17.68652710681696,10.63472893183038,29.64975845410628,7.226247987117552,7.105475040257649,1.9524959742351047,0.7447665056360708,,
150,25.288513150831992,17.458400429414922,10.63472893183038,29.60950080515298,7.206119162640902,7.105475040257649,1.9524959742351047,0.7447665056360708,,
151,25.41599570585078,17.404723564143854,10.63472893183038,29.522275899087493,7.353730542136339,6.971282877079979,1.9524959742351047,0.7447665056360708,,
152,25.597155126140635,17.330917874396135,10.61460010735373,29.522275899087493,7.2933440687063875,7.051798174986581,1.8451422436929683,0.7447665056360708,,
153,25.389157273215243,16.53918411164788,10.61460010735373,30.649490069779926,7.2933440687063875,7.051798174986581,1.8451422436929683,0.6172839506172839,,
154,25.87224906065486,16.53918411164788,10.59447128287708,30.307300053676865,7.159151905528717,6.937734836285561,1.9860440150295222,0.6038647342995169,,
155,25.999731615673646,16.465378421900162,10.587761674718196,30.273752012882447,7.14573268921095,6.937734836285561,1.9860440150295222,0.6038647342995169,,
156,25.684380032206118,15.821256038647343,10.319377348362856,30.005367686527105,7.0383789586688135,6.414385399892646,4.025764895330113,0.5971551261406334,0.0939345142243693,
157,25.744766505636072,15.787707997852925,10.319377348362856,29.7638217928073,7.0383789586688135,6.414385399892646,4.025764895330113,0.8118625872249061,0.0939345142243693,
158,25.87224906065486,15.68035426731079,10.305958132045088,29.56924315619968,6.971282877079979,6.696188942565755,3.9989264626945786,0.8118625872249061,0.0939345142243693,
159,25.89908749329039,15.673644659151906,10.285829307568438,29.334406870638755,6.937734836285561,6.6827697262479875,3.9989264626945786,1.093666129898014,0.0939345142243693,
160,26.080246913580247,15.646806226516372,10.285829307568438,29.294149221685455,6.850509930220075,6.655931293612453,3.9989264626945786,1.093666129898014,0.0939345142243693,
161,26.42914653784219,15.626677402039721,10.198604401502953,29.166666666666668,6.837090713902308,6.568706387546968,3.9989264626945786,1.0802469135802468,0.0939345142243693,
162,26.583467525496513,15.626677402039721,10.198604401502953,29.05931293612453,6.816961889425658,6.541867954911433,3.9989264626945786,1.0802469135802468,0.0939345142243693,
163,26.84514224369297,15.593129361245303,10.198604401502953,28.972088030059044,6.763285024154589,6.488191089640365,3.965378421900161,1.0802469135802468,0.0939345142243693,
164,27.066559312936125,15.519323671497585,10.138217928073,28.992216854535695,6.810252281266774,6.340579710144928,3.965378421900161,1.0735373054213635,0.0939345142243693,
165,26.7914653784219,15.083199141170155,10.104669887278583,28.6231884057971,6.9243156199677935,6.280193236714976,5.025496511003757,1.0735373054213635,0.0939345142243693,
166,26.932367149758456,15.076489533011273,10.077831454643048,28.556092324208265,6.890767579173376,6.273483628556092,5.025496511003757,1.0735373054213635,0.0939345142243693,
167,26.92565754159957,14.942297369833602,10.077831454643048,28.415190552871714,6.944444444444445,6.273483628556092,5.253623188405797,1.0735373054213635,0.0939345142243693,
168,27.120236178207193,14.9020397208803,10.044283413848632,28.30112721417069,6.944444444444445,6.273483628556092,5.253623188405797,1.06682769726248,0.0939345142243693,
169,27.200751476113794,14.875201288244767,10.111379495437467,28.227321524422972,6.9310252281266775,6.260064412238325,5.233494363929147,1.06682769726248,0.0939345142243693,
170,27.26113794954375,14.801395598497047,10.19189479334407,28.12667740203972,6.9243156199677935,6.360708534621578,5.173107890499195,1.06682769726248,0.0939345142243693,
171,27.34836285560923,14.734299516908212,10.19189479334407,27.91867954911433,6.790123456790123,6.340579710144928,5.515297906602254,1.06682769726248,0.0939345142243693,
172,27.489264626945786,14.700751476113794,10.165056360708535,27.428878153515836,6.890767579173376,6.327160493827161,5.488459473966721,1.415727321524423,0.0939345142243693,
173,27.61003757380569,14.694041867954912,10.165056360708535,27.36849168008588,6.863929146537842,6.3070316693505095,5.488459473966721,1.4090177133655395,0.0939345142243693,
174,27.811325818572197,14.593397745571659,10.131508319914117,27.32823403113258,6.957863660762212,6.3070316693505095,5.367686527106817,1.4090177133655395,0.0939345142243693,
175,27.643585614600106,14.49946323134729,10.131508319914117,27.428878153515836,6.890767579173376,6.535158346752549,5.367686527106817,1.4090177133655395,0.0939345142243693,
176,27.643585614600106,14.49946323134729,10.131508319914117,27.428878153515836,6.890767579173376,6.535158346752549,5.367686527106817,1.4090177133655395,0.0939345142243693,
177,27.68384326355341,14.49946323134729,10.131508319914117,27.4020397208803,6.877348362855609,6.535158346752549,5.367686527106817,1.4090177133655395,0.0939345142243693,
178,27.811325818572197,14.439076757917338,10.104669887278583,27.388620504562535,6.877348362855609,6.535158346752549,5.35426731078905,1.3955984970477724,0.0939345142243693,
179,27.992485238862052,14.331723027375201,10.071121846484166,27.375201288244767,6.857219538378959,6.535158346752549,5.347557702630167,1.3955984970477724,0.0939345142243693,
180,28.207192699946322,14.13714439076758,10.050993022007514,27.3215244229737,6.850509930220075,6.367418142780462,5.3341384863123995,1.6371443907675791,0.0939345142243693,
181,28.395061728395063,14.076757917337627,10.044283413848632,27.30810520665593,6.837090713902308,6.367418142780462,5.24020397208803,1.6371443907675791,0.0939345142243693,
182,28.462157809983896,14.036500268384327,9.849704777241008,27.194041867954912,6.756575415995706,6.756575415995706,5.226784755770263,1.6237251744498122,0.0939345142243693,
183,28.629898013955984,14.023081052066559,9.836285560923242,26.96591519055287,6.890767579173376,6.749865807836822,5.213365539452496,1.596886741814278,0.0939345142243693,
184,28.69699409554482,14.023081052066559,9.822866344605474,26.94578636607622,6.877348362855609,6.736446591519055,5.2066559312936125,1.596886741814278,0.0939345142243693,
185,28.743961352657006,14.023081052066559,9.762479871175524,26.818303811057433,6.870638754696726,6.89747718733226,5.2066559312936125,1.583467525496511,0.0939345142243693,
186,28.858024691358025,13.982823403113258,9.749060654857756,26.778046162104133,6.850509930220075,6.89747718733226,5.2066559312936125,1.583467525496511,0.0939345142243693,
187,28.63660762211487,14.566559312936125,9.628287707997853,26.476113794954376,7.024959742351046,6.816961889425658,5.2066559312936125,1.5499194847020934,0.0939345142243693,
188,28.73725174449812,14.553140096618357,9.608158883521202,26.442565754159958,7.004830917874396,6.816961889425658,5.2066559312936125,1.5365002683843263,0.0939345142243693,
189,28.844605475040257,14.526301663982823,9.608158883521202,26.37546967257112,7.004830917874396,6.810252281266774,5.199946323134729,1.5365002683843263,0.0939345142243693,
190,29.0727321524423,14.512882447665056,9.473966720343531,26.37546967257112,7.004830917874396,6.756575415995706,5.173107890499195,1.5365002683843263,0.0939345142243693,
191,29.25389157273215,14.398819108964037,9.73564143853999,26.288244766505635,6.977992485238862,6.743156199677939,4.9718196457326895,1.5365002683843263,0.0939345142243693,
192,29.56924315619968,14.392109500805153,9.71551261406334,26.127214170692433,6.937734836285561,6.6827697262479875,4.931561996779388,1.5499194847020934,0.0939345142243693,
193,29.69001610305958,14.325013419216317,9.708803005904455,26.100375738056897,6.91760601180891,6.6827697262479875,4.931561996779388,1.5499194847020934,0.0939345142243693,
194,29.78395061728395,14.325013419216317,9.708803005904455,26.03327965646806,6.91760601180891,6.662640901771336,4.931561996779388,1.5499194847020934,0.08722490606548577,
195,29.7638217928073,14.298174986580785,9.96376811594203,26.100375738056897,6.723027375201288,6.608964036500268,4.918142780461621,1.5499194847020934,0.07380568974771873,
196,30.06575415995706,14.190821256038648,9.943639291465379,25.95276435856146,6.709608158883521,6.595544820182502,4.918142780461621,1.5499194847020934,0.07380568974771873,
197,30.018786902844873,14.029790660225443,9.943639291465379,25.738056897477186,6.588835212023618,7.085346215780999,5.059044551798175,1.4626945786366077,0.07380568974771873,
198,30.22007514761138,14.009661835748792,9.943639291465379,25.623993558776167,6.535158346752549,7.071926999463232,5.059044551798175,1.4626945786366077,0.07380568974771873,
199,30.02549651100376,13.989533011272142,9.930220075147611,26.133923778851315,6.488191089640365,7.065217391304348,4.830917874396135,1.4626945786366077,0.07380568974771873,
200,30.26033279656468,13.942565754159958,10.426731078904991,25.925925925925927,6.461352657004831,6.884057971014493,4.562533548040794,1.4626945786366077,0.07380568974771873,
201,30.743424584004295,14.049919484702093,10.426731078904991,25.697799248523886,6.327160493827161,6.8035426731078905,4.53569511540526,1.3419216317767042,0.07380568974771873,
202,30.756843800322063,14.023081052066559,10.748792270531402,25.617283950617285,6.253354804079442,6.78341384863124,4.408212560386473,1.3352120236178207,0.07380568974771873,
203,30.938003220611915,14.002952227589908,10.668276972624799,25.563607085346217,6.246645195920558,6.78341384863124,4.388083735909823,1.3352120236178207,0.07380568974771873,
204,30.97826086956522,14.076757917337627,10.668276972624799,25.483091787439612,6.226516371443908,6.769994632313473,4.388083735909823,1.3352120236178207,0.07380568974771873,
205,30.931293612453032,14.06333870101986,10.540794417606012,25.483091787439612,6.226516371443908,6.857219538378959,4.51556629092861,1.3083735909822867,0.07380568974771873,
206,31.0252281266774,13.855340848094471,10.393183038110575,25.6105743424584,6.226516371443908,6.843800322061192,4.663177670424047,1.3083735909822867,0.07380568974771873,
207,31.072195383789587,13.83521202361782,10.359634997316157,25.42270531400966,6.427804616210413,6.837090713902308,4.663177670424047,1.3083735909822867,0.07380568974771873,
208,31.15271068169619,13.81508319914117,10.339506172839506,25.409286097691894,6.400966183574879,6.716317767042405,4.64975845410628,1.3083735909822867,0.20799785292538917,
209,31.21309715512614,13.81508319914117,10.339506172839506,25.409286097691894,6.400966183574879,6.655931293612453,4.64975845410628,1.3083735909822867,0.20799785292538917,
210,31.280193236714975,13.801663982823403,10.426731078904991,25.40257648953301,6.286902844873859,6.649221685453569,4.64975845410628,1.3083735909822867,0.19457863660762212,
211,31.266774020397207,13.788244766505636,11.057434245840042,24.94632313472893,6.286902844873859,6.649221685453569,4.51556629092861,1.2949543746645196,0.19457863660762212,
212,31.4345142243693,13.747987117552334,11.023886205045626,24.852388620504563,6.286902844873859,6.649221685453569,4.51556629092861,1.2949543746645196,0.19457863660762212,
213,31.508319914117017,13.741277509393452,10.997047772410092,24.832259796027913,6.273483628556092,6.642512077294686,4.51556629092861,1.2949543746645196,0.19457863660762212,
214,31.816961889425656,13.727858293075684,10.983628556092324,24.48336017176597,6.246645195920558,6.736446591519055,4.51556629092861,1.2949543746645196,0.19457863660762212,
215,32.024959742351044,13.674181427804616,10.943370907139023,24.44981213097155,6.233225979602791,6.709608158883521,4.4753086419753085,1.2949543746645196,0.19457863660762212,
216,32.11218464841653,13.654052603327965,10.896403650026839,24.235104669887278,6.481481481481482,6.709608158883521,4.42163177670424,1.2949543746645196,0.19457863660762212,
217,31.709608158883523,13.352120236178207,10.896403650026839,24.778582930756844,6.320450885668277,6.709608158883521,4.757112184648417,1.2815351583467525,0.19457863660762212,
218,31.910896403650028,13.331991411701557,10.896403650026839,24.684648416532475,6.3070316693505095,6.655931293612453,4.736983360171766,1.2815351583467525,0.19457863660762212,
219,32.00483091787439,13.271604938271604,10.795759527643586,24.738325281803544,6.260064412238325,6.629092860976919,4.736983360171766,1.2815351583467525,0.19457863660762212,0.08722490606548577
220,32.21282877079979,13.264895330112722,10.762211486849168,24.610842726784757,6.260064412238325,6.602254428341385,4.736983360171766,1.2681159420289856,0.19457863660762212,0.08722490606548577
221,31.95115405260333,13.150831991411701,11.52710681696189,24.349168008588297,6.132581857219538,6.602254428341385,4.736983360171766,1.2681159420289856,0.19457863660762212,0.08722490606548577
222,31.97799248523886,13.110574342458401,11.822329575952764,24.10762211486849,6.132581857219538,6.561996779388084,4.736983360171766,1.2681159420289856,0.19457863660762212,0.08722490606548577
223,32.21282877079979,13.110574342458401,11.79549114331723,23.731884057971016,6.0587761674718195,6.561996779388084,4.978529253891573,1.2681159420289856,0.19457863660762212,0.08722490606548577
224,32.306763285024154,13.070316693505099,11.79549114331723,23.70504562533548,6.052066559312936,6.561996779388084,4.958400429414922,1.2681159420289856,0.19457863660762212,0.08722490606548577
225,31.629092860976918,13.063607085346217,11.634460547504025,23.121309715512613,6.031937734836285,8.172302737520129,4.958400429414922,1.107085346215781,0.19457863660762212,0.08722490606548577
226,31.85721953837896,12.801932367149758,11.56736446591519,22.987117552334944,6.025228126677402,8.125335480407944,5.267042404723564,1.1003757380568975,0.18115942028985507,0.08722490606548577
227,31.97128287707998,12.795222758990874,11.533816425120772,22.973698336017176,6.025228126677402,8.105206655931294,5.226784755770263,1.1003757380568975,0.18115942028985507,0.08722490606548577
228,32.21953837895867,12.781803542673108,11.480139559849706,22.84621578099839,6.025228126677402,8.064949006977992,5.226784755770263,1.0869565217391304,0.18115942028985507,0.08722490606548577
229,32.306763285024154,12.620772946859903,11.312399355877616,23.00053676865271,5.964841653247451,8.225979602791197,5.213365539452496,1.0869565217391304,0.18115942028985507,0.08722490606548577
230,32.43424584004294,12.580515297906603,11.211755233494364,22.913311862587225,5.911164787976382,8.380300590445518,5.213365539452496,1.0869565217391304,0.18115942028985507,0.08722490606548577
231,32.689210950080515,12.560386473429952,11.171497584541063,22.899892646269457,5.844068706387547,8.3064949006978,5.173107890499195,1.0869565217391304,0.18115942028985507,0.08722490606548577
232,32.830112721417066,12.526838432635534,11.3191089640365,22.799248523886206,5.83064949006978,8.246108427267847,5.092592592592593,1.0869565217391304,0.18115942028985507,0.08722490606548577
233,32.98443370907139,12.526838432635534,11.191626409017713,22.71202361782072,5.83064949006978,8.185721953837897,5.0791733762748255,1.221148684916801,0.18115942028985507,0.08722490606548577
234,33.19914117015566,12.526838432635534,11.178207192699947,22.5979602791197,5.790391841116479,8.185721953837897,5.032206119162641,1.221148684916801,0.18115942028985507,0.08722490606548577
235,33.373590982286636,12.526838432635534,11.151368760064413,22.477187332259795,5.776972624798712,8.172302737520129,5.032206119162641,1.221148684916801,0.18115942028985507,0.08722490606548577
236,33.47423510466989,12.47987117552335,11.144659151905529,22.430220075147613,5.776972624798712,8.172302737520129,5.032206119162641,1.221148684916801,0.18115942028985507,0.08722490606548577
237,34.10493827160494,12.258454106280194,11.017176596886742,22.29602791196994,5.683038110574342,8.132045088566828,5.032206119162641,1.2077294685990339,0.18115942028985507,0.08722490606548577
238,34.225711218464845,11.876006441223833,11.017176596886742,22.014224369296834,5.8239398819108965,7.950885668276973,5.622651637144391,1.2010198604401503,0.18115942028985507,0.08722490606548577
239,33.903650026838434,11.694847020933977,10.909822866344605,21.866612989801396,6.582125603864735,7.769726247987117,5.622651637144391,1.3821792807300053,0.18115942028985507,0.08722490606548577
240,34.05126140633387,11.627750939345143,10.909822866344605,21.631776704240472,6.582125603864735,7.695920558239399,5.850778314546431,1.3821792807300053,0.18115942028985507,0.08722490606548577
241,34.20558239398819,11.574074074074074,10.909822866344605,21.598228663446054,6.541867954911433,7.682501341921632,5.850778314546431,1.3687600644122384,0.18115942028985507,0.08722490606548577
242,34.18545356951154,11.533816425120772,10.909822866344605,21.38352120236178,6.716317767042405,7.675791733762749,5.8239398819108965,1.5029522275899088,0.18115942028985507,0.08722490606548577
243,34.15190552871712,11.506977992485238,10.61460010735373,21.289586688137412,6.66935050993022,7.568438003220612,6.327160493827161,1.6035963499731616,0.18115942028985507,0.08722490606548577
244,34.21229200214707,11.506977992485238,10.61460010735373,21.26274825550188,6.66935050993022,7.568438003220612,6.300322061191626,1.596886741814278,0.18115942028985507,0.08722490606548577
245,34.12506709608159,11.506977992485238,10.896403650026839,21.07487922705314,6.655931293612453,7.568438003220612,6.400966183574879,1.5029522275899088,0.18115942028985507,0.08722490606548577
246,34.19216317767042,11.480139559849706,10.963499731615673,21.061460010735374,6.595544820182502,7.561728395061729,6.374127750939345,1.5029522275899088,0.18115942028985507,0.08722490606548577
247,34.21900161030596,11.466720343531938,10.963499731615673,20.913848631239937,6.595544820182502,7.749597423510467,6.320450885668277,1.5029522275899088,0.18115942028985507,0.08722490606548577
248,34.25925925925926,11.453301127214171,11.272141706924316,20.52469135802469,6.5552871712292005,7.917337627482555,6.246645195920558,1.5029522275899088,0.18115942028985507,0.08722490606548577
249,34.4068706387547,11.426462694578637,11.231884057971014,20.46430488459474,6.5552871712292005,7.917337627482555,6.233225979602791,1.4962426194310252,0.18115942028985507,0.08722490606548577
250,34.5276435856146,11.419753086419753,11.231884057971014,20.377079978529252,6.474771873322598,8.024691358024691,6.179549114331723,1.4962426194310252,0.18115942028985507,0.08722490606548577
251,34.44041867954911,11.292270531400966,11.158078368223295,20.33011272141707,6.374127750939345,7.883789586688137,6.4412238325281805,1.8115942028985508,0.18115942028985507,0.08722490606548577
252,34.68867418142781,11.171497584541063,11.158078368223295,20.316693505099302,6.3070316693505095,7.863660762211487,6.414385399892646,1.8115942028985508,0.18115942028985507,0.08722490606548577
253,34.76247987117552,11.171497584541063,11.158078368223295,20.30998389694042,6.293612453032743,7.809983896940419,6.414385399892646,1.8115942028985508,0.18115942028985507,0.08722490606548577
254,34.84299516908212,11.137949543746645,11.131239935587761,20.30998389694042,6.293612453032743,7.796564680622652,6.407675791733762,1.8115942028985508,0.18115942028985507,0.08722490606548577
255,34.99060654857756,11.137949543746645,11.842458400429415,19.558507783145465,6.260064412238325,7.763016639828234,6.367418142780462,1.8115942028985508,0.18115942028985507,0.08722490606548577
256,35.09125067096082,10.976918947933441,11.802200751476114,19.14922168545357,6.260064412238325,7.749597423510467,6.5552871712292005,2.147074610842727,0.18115942028985507,0.08722490606548577
257,35.14492753623188,10.721953837895867,11.768652710681696,19.102254428341386,6.206387546967257,7.709339774557166,6.964573268921095,2.1135265700483092,0.18115942028985507,0.08722490606548577
258,34.46725711218465,10.715244229736983,14.070048309178745,17.907944176060116,6.025228126677402,7.709339774557166,6.796833064949007,2.0397208803005906,0.18115942028985507,0.08722490606548577
259,34.628287707997856,10.715244229736983,14.06333870101986,17.827428878153516,5.978260869565218,7.682501341921632,6.796833064949007,2.0397208803005906,0.18115942028985507,0.08722490606548577
260,34.47396672034353,10.836017176596886,14.06333870101986,17.70665593129361,5.978260869565218,7.682501341921632,6.756575415995706,2.2342995169082127,0.18115942028985507,0.08722490606548577
261,33.47423510466989,10.601180891035963,13.654052603327965,18.88083735909823,5.35426731078905,7.427536231884058,8.232689210950081,2.167203435319377,0.12077294685990338,0.08722490606548577
