,45,50,55,53,51,54,56,52,58,57
0,89.18411164787976,10.815888352120236,,,,,,,,
1,82.21282877079979,17.66639828234031,0.12077294685990338,,,,,,,
2,81.6760601180891,18.203166935050994,0.12077294685990338,,,,,,,
3,69.92082662372518,29.958400429414922,0.12077294685990338,,,,,,,
4,69.53837895866882,29.723564143854,0.5837359098228664,0.15432098765432098,,,,,,
5,69.45786366076221,29.54911433172303,0.5837359098228664,0.05367686527106817,0.35560923242082665,,,,,
6,69.5048309178744,29.461889425657542,0.6239935587761675,0.05367686527106817,0.35560923242082665,,,,,
7,66.17686527106817,32.326892109500804,0.9393451422436929,0.05367686527106817,0.5032206119162641,,,,,
8,65.06307031669351,33.299785292538914,0.9393451422436929,0.05367686527106817,0.5032206119162641,0.14090177133655393,,,,
9,65.09661835748793,33.15217391304348,0.9393451422436929,0.16774020397208803,0.5032206119162641,0.14090177133655393,,,,
10,64.9422973698336,31.46135265700483,1.0198604401502953,0.16774020397208803,1.9927536231884058,0.2616747181964573,0.15432098765432098,,,
11,62.795222758990874,34.0378421900161,0.9997316156736447,0.11406333870101985,1.6371443907675791,0.2616747181964573,0.15432098765432098,,,
12,62.64090177133655,34.19216317767042,0.9997316156736447,0.11406333870101985,1.6371443907675791,0.2616747181964573,0.15432098765432098,,,
13,61.71497584541063,32.98443370907139,0.9796027911969941,0.11406333870101985,3.7909286097691894,0.2616747181964573,0.15432098765432098,,,
14,58.91035963499731,32.05179817498658,0.9930220075147611,0.11406333870101985,7.514761137949543,0.2616747181964573,0.15432098765432098,,,
15,50.899087493290395,43.37090713902308,0.9930220075147611,0.11406333870101985,4.1532474503489,0.3153515834675255,0.15432098765432098,,,
16,45.49785292538916,48.59769189479334,1.1003757380568975,0.2281266774020397,4.119699409554482,0.30193236714975846,0.15432098765432098,,,
17,44.276704240472355,46.66532474503489,1.0869565217391304,0.2281266774020397,6.588835212023618,0.4092860976918948,0.20799785292538917,0.5367686527106817,,
18,44.276704240472355,46.53113258185722,1.1406333870101986,0.2281266774020397,6.588835212023618,0.48980139559849706,0.20799785292538917,0.5367686527106817,,
19,39.942297369833604,37.76838432635534,0.6642512077294686,0.2281266774020397,17.60601180891036,0.48980139559849706,0.20799785292538917,3.0931293612453032,,
20,39.15727321524423,35.44015029522276,0.8521202361782072,0.30864197530864196,19.04186795491143,0.48980139559849706,0.20799785292538917,4.502147074610843,,
21,39.17740203972088,35.35963499731616,1.1272141706924315,0.30864197530864196,18.86070853462158,0.48980139559849706,0.20799785292538917,4.468599033816425,,
22,39.26462694578637,35.35963499731616,1.1272141706924315,0.30864197530864196,18.793612453032743,0.48980139559849706,0.20799785292538917,4.448470209339774,,
23,37.38593666129898,38.25147611379496,1.0601180891035964,0.30864197530864196,18.57890499194847,0.6038647342995169,0.20799785292538917,3.603059581320451,,
24,37.74825550187869,38.00322061191626,1.0601180891035964,0.30864197530864196,18.49838969404187,0.5233494363929146,0.2549651100375738,3.603059581320451,,
25,37.66774020397209,37.88244766505636,1.2278582930756843,0.30864197530864196,18.223295759527645,0.6172839506172839,0.3488996242619431,3.7238325281803544,,
26,37.526838432635536,37.446323134728935,1.1943102522812667,0.30864197530864196,18.833870101986044,0.6172839506172839,0.3488996242619431,3.7238325281803544,,
27,37.895866881374126,37.23161567364466,1.4224369296833066,0.4025764895330113,18.38432635534085,0.6172839506172839,0.3488996242619431,3.69699409554482,,
28,37.9092860976919,37.285292538915726,1.4224369296833066,0.4025764895330113,18.297101449275363,0.6172839506172839,0.4830917874396135,3.5829307568438002,,
29,38.036768652710684,37.27858293075684,1.4895330112721417,0.38915727321524424,18.297101449275363,0.5501878690284487,0.4830917874396135,3.475577026301664,,
30,38.1105743424584,37.42619431025228,1.482823403113258,0.38915727321524424,18.203166935050994,0.43612453032742887,0.4830917874396135,3.4688674181427803,,
31,31.19296833064949,44.40418679549114,1.4224369296833066,0.38915727321524424,18.109232420826622,0.43612453032742887,0.5770263016639828,3.4688674181427803,,
32,31.394256575415994,44.24315619967794,1.5297906602254427,0.38915727321524424,17.961621041331185,0.43612453032742887,0.5770263016639828,3.4688674181427803,,
33,28.26086956521739,47.32286634460547,1.751207729468599,0.38915727321524424,16.586151368760063,0.43612453032742887,0.5770263016639828,4.676596886741814,,
34,28.44873859366613,46.59151905528717,1.710950080515298,0.966183574879227,16.532474503488995,0.36902844873859364,0.6910896403650026,4.690016103059581,,
35,28.35480407944176,46.67203435319377,1.710950080515298,0.966183574879227,16.49892646269458,0.41599570585077833,0.6910896403650026,4.690016103059581,,
36,28.267579173376276,46.464036500268385,1.9189479334406871,1.0466988727858293,16.431830381105744,0.5233494363929146,0.6910896403650026,4.656468062265164,,
37,28.69699409554482,45.98765432098765,1.9189479334406871,1.0466988727858293,16.411701556629094,0.5904455179817498,0.6910896403650026,4.656468062265164,,
38,27.791196994095547,46.752549651100374,1.9189479334406871,1.0332796564680622,16.35131508319914,0.5904455179817498,0.5837359098228664,4.978529253891573,,
39,27.603327965646805,45.289855072463766,3.6500268384326353,1.0332796564680622,16.27079978529254,0.5904455179817498,0.5837359098228664,4.978529253891573,,
40,27.85829307568438,44.96779388083736,3.797638217928073,1.0332796564680622,16.23054213633924,0.5770263016639828,0.5837359098228664,4.951690821256038,,
41,28.24074074074074,44.51154052603328,3.911701556629093,1.0332796564680622,16.015834675254965,0.6642512077294686,0.7179280730005367,4.904723564143854,,
42,27.120236178207193,32.729468599033815,1.5499194847020934,1.0332796564680622,31.260064412238325,0.5367686527106817,0.8655394524959742,4.904723564143854,,
43,27.42216854535695,32.57514761137949,1.5163714439076759,1.0332796564680622,31.219806763285025,0.5367686527106817,0.7380568974771873,4.958400429414922,,
44,26.637144390767578,33.49436392914654,1.6304347826086956,1.0802469135802468,30.96484165324745,0.5367686527106817,0.6977992485238862,4.958400429414922,,
45,26.234567901234566,32.56172839506173,1.6639828234031133,0.9863123993558777,32.37385936661299,0.5434782608695652,0.6977992485238862,4.938271604938271,,
46,26.362050456253353,32.37385936661299,1.90552871712292,0.95276435856146,32.2866344605475,0.5434782608695652,0.7581857219538379,4.817498658078368,,
47,26.48953301127214,32.427536231884055,1.9524959742351047,0.95276435856146,31.95115405260333,0.6843800322061192,0.7581857219538379,4.783950617283951,,
48,26.073537305421365,31.528448738593667,2.563070316693505,1.7310789049919484,29.837627482555018,1.1674718196457328,0.8856682769726248,6.213097155126141,,
49,18.820450885668276,42.49865807836822,3.2742887815351582,0.9594739667203436,27.22758990874933,1.2546967257112185,0.7313472893183038,5.152979066022544,0.08051529790660225,
50,19.008319914117017,42.35775630703167,3.2742887815351582,0.9259259259259259,27.20746108427268,1.2546967257112185,0.7313472893183038,5.159688674181428,0.08051529790660225,
51,19.102254428341386,42.04240472356415,3.280998389694042,1.4358561460010735,26.92565754159957,1.3955984970477724,0.8387010198604401,4.898013955984971,0.08051529790660225,
52,18.927804616210413,40.23752012882448,3.9519592055823938,1.4224369296833066,26.053408480944714,1.3754696725711217,1.0735373054213635,6.877348362855609,0.08051529790660225,
53,17.8743961352657,35.92324208266237,3.9452495974235107,0.7648953301127214,33.99087493290392,1.0332796564680622,1.0601180891035964,5.3274288781535155,0.08051529790660225,
54,18.06226516371444,35.668276972624795,4.119699409554482,0.7648953301127214,33.89694041867955,1.1137949543746646,1.0601180891035964,5.233494363929147,0.08051529790660225,
55,18.310520665593128,35.59447128287708,4.186795491143317,0.7648953301127214,33.65539452495974,1.1137949543746646,1.0601180891035964,5.233494363929147,0.08051529790660225,
56,18.323939881910896,34.5679012345679,4.783950617283951,0.7648953301127214,32.05179817498658,4.549114331723027,0.9326355340848095,3.9452495974235107,0.08051529790660225,
57,18.612453032742888,34.20558239398819,4.978529253891573,0.7648953301127214,31.655931293612454,4.549114331723027,1.0735373054213635,4.079441760601181,0.08051529790660225,
58,18.82716049382716,34.17203435319377,5.018786902844874,0.7648953301127214,31.582125603864736,4.448470209339774,1.0735373054213635,4.032474503488996,0.08051529790660225,
59,19.243156199677937,33.97745571658615,4.958400429414922,0.8521202361782072,31.353998926462694,4.448470209339774,1.0735373054213635,4.012345679012346,0.08051529790660225,
60,18.98148148148148,32.48792270531401,5.092592592592593,2.5966183574879227,31.226516371443907,4.448470209339774,1.0735373054213635,4.012345679012346,0.08051529790660225,
61,19.350509930220074,32.29334406870639,5.24020397208803,2.61003757380569,30.917874396135264,4.42163177670424,1.0735373054213635,4.012345679012346,0.08051529790660225,
62,19.545088566827697,32.25979602791197,5.367686527106817,2.61003757380569,30.629361245303276,4.42163177670424,1.0735373054213635,4.012345679012346,0.08051529790660225,
63,19.746376811594203,32.17928073000537,5.428073000536768,2.509393451422437,30.401234567901234,4.508856682769726,1.1674718196457328,3.978797638217928,0.08051529790660225,
64,20.081857219538378,32.038378958668815,5.414653784219001,2.509393451422437,30.246913580246915,4.508856682769726,1.1674718196457328,3.9519592055823938,0.08051529790660225,
65,20.377079978529252,31.85721953837896,5.340848094471283,2.4490069779924855,29.965110037573805,4.690016103059581,1.288244766505636,3.9519592055823938,0.08051529790660225,
66,20.497852925389157,31.226516371443907,5.233494363929147,2.475845410628019,30.703166935050994,4.622920021470746,1.261406333870102,3.898282340311326,0.08051529790660225,
67,20.705850778314545,31.07890499194847,5.347557702630167,2.475845410628019,30.340848094471284,4.797369833601718,1.3150831991411702,3.8580246913580245,0.08051529790660225,
68,20.343531937734838,29.28743961352657,5.414653784219001,2.475845410628019,29.723564143854,4.528985507246377,1.737788513150832,6.407675791733762,0.08051529790660225,
69,20.263016639828233,29.180085882984432,5.193236714975845,2.38191089640365,29.643048845947398,4.824208266237251,1.737788513150832,6.407675791733762,0.08051529790660225,0.2885131508319914
70,19.45115405260333,34.05797101449275,4.200214707461084,2.38191089640365,27.106816961889425,4.87788513150832,1.5432098765432098,6.011808910359635,0.08051529790660225,0.2885131508319914
71,19.578636607622116,33.722490606548575,4.361245303274289,2.38191089640365,26.898819108964037,5.166398282340311,1.596886741814278,5.924584004294149,0.08051529790660225,0.2885131508319914
72,17.458400429414922,35.30595813204509,4.294149221685454,2.254428341384863,26.670692431561996,5.844068706387547,1.7042404723564144,6.099033816425121,0.08051529790660225,0.2885131508319914
73,17.746913580246915,35.238862050456255,4.609500805152979,2.254428341384863,26.247987117552334,5.790391841116479,1.7042404723564144,6.038647342995169,0.08051529790660225,0.2885131508319914
74,17.961621041331185,35.11808910359635,4.562533548040794,2.2410091250670963,26.221148684916802,5.770263016639828,1.7042404723564144,5.9447128287707995,0.08051529790660225,0.39586688137412773
75,17.975040257648953,34.91009125067096,4.7168545356951155,2.7106816961889426,25.89908749329039,5.770263016639828,1.7042404723564144,5.837359098228664,0.08051529790660225,0.39586688137412773
76,18.089103596349972,34.25925925925926,4.777241009125067,1.6774020397208802,25.731347289318304,5.984970477724101,1.7646269457863661,7.467793880837359,0.08051529790660225,0.16774020397208803
77,18.323939881910896,34.31964573268921,4.777241009125067,1.6774020397208802,25.644122383252817,5.964841653247451,1.724369296833065,7.320182501341922,0.08051529790660225,0.16774020397208803
78,18.84728931830381,33.9975845410628,4.817498658078368,1.6774020397208802,25.32206119162641,6.105743424584004,1.7042404723564144,7.27992485238862,0.08051529790660225,0.16774020397208803
79,18.706387546967257,32.85024154589372,4.904723564143854,1.865271068169619,25.221417069243156,7.367149758454106,1.7847557702630166,7.051798174986581,0.08051529790660225,0.16774020397208803
80,18.947933440687063,32.038378958668815,5.522007514761138,1.892109500805153,25.167740203972087,7.347020933977456,1.7847557702630166,7.051798174986581,0.08051529790660225,0.16774020397208803
81,19.209608158883523,31.810252281266774,5.562265163714439,1.892109500805153,25.120772946859905,7.320182501341922,1.7847557702630166,7.051798174986581,0.08051529790660225,0.16774020397208803
82,19.51154052603328,31.367418142780462,5.763553408480945,1.892109500805153,24.86580783682233,6.461352657004831,1.7847557702630166,8.017981749865807,0.08051529790660225,0.2549651100375738
83,19.565217391304348,31.09903381642512,5.763553408480945,1.892109500805153,24.792002147074612,6.66935050993022,1.7847557702630166,8.09849704777241,0.08051529790660225,0.2549651100375738
84,19.900697799248523,30.844068706387546,5.891035963499732,1.8719806763285025,24.731615673644658,6.608964036500268,1.7847557702630166,8.031400966183575,0.08051529790660225,0.2549651100375738
85,19.920826623725173,30.636070853462158,5.971551261406334,1.9524959742351047,24.60413311862587,6.615673644659152,1.7847557702630166,8.179012345679013,0.08051529790660225,0.2549651100375738
86,19.81347289318304,29.334406870638755,5.790391841116479,1.9524959742351047,24.537037037037038,8.3064949006978,1.8518518518518519,8.07836822329576,0.08051529790660225,0.2549651100375738
87,19.961084272678477,29.139828234031132,6.152710681696189,1.9457863660762211,24.315619967793882,8.3064949006978,1.8518518518518519,7.991143317230274,0.08051529790660225,0.2549651100375738
88,20.169082125603865,28.931830381105744,6.253354804079442,1.9457863660762211,24.194847020933977,8.259527643585615,1.8115942028985508,8.09849704777241,0.08051529790660225,0.2549651100375738
89,19.484702093397747,28.65673644659152,6.4412238325281805,1.892109500805153,23.336017176596886,8.246108427267847,1.8048845947396672,9.728931830381105,0.15432098765432098,0.2549651100375738
90,20.068438003220614,27.831454643048847,7.105475040257649,1.8250134192163177,23.1280193236715,8.152173913043478,1.8048845947396672,9.675254965110037,0.15432098765432098,0.2549651100375738
91,20.229468599033815,27.76435856146001,7.212828770799785,1.7981749865807837,23.141438539989263,8.11862587224906,1.8451422436929683,9.480676328502415,0.15432098765432098,0.2549651100375738
92,20.363660762211488,27.77777777777778,8.07836822329576,1.7444981213097155,22.383252818035427,8.232689210950081,1.6639828234031133,9.346484165324744,0.15432098765432098,0.2549651100375738
93,20.283145464304884,24.92619431025228,8.125335480407944,1.737788513150832,22.18196457326892,7.776435856146001,1.6438539989264627,12.808641975308642,0.2616747181964573,0.2549651100375738
94,20.44417606011809,24.664519592055825,8.272946859903382,1.865271068169619,22.094739667203434,7.709339774557166,1.6304347826086956,12.801932367149758,0.2616747181964573,0.2549651100375738
95,20.73268921095008,24.44981213097155,8.293075684380032,1.865271068169619,22.04777241009125,7.695920558239399,1.737788513150832,12.593934514224369,0.2616747181964573,0.322061191626409
96,20.994363929146537,24.288781535158346,8.272946859903382,1.8115942028985508,21.68545356951154,8.09849704777241,1.6706924315619969,12.593934514224369,0.2616747181964573,0.322061191626409
97,21.470746108427267,23.97342995169082,8.219269994632313,1.6371443907675791,21.83977455716586,8.017981749865807,1.6706924315619969,12.473161567364466,0.2616747181964573,0.43612453032742887
98,21.672034353193773,23.8191089640365,8.393719806763285,1.5432098765432098,21.638486312399355,7.98443370907139,1.8317230273752012,12.419484702093397,0.2616747181964573,0.43612453032742887
99,21.215780998389693,23.19511540526033,8.199141170155663,4.924852388620504,20.73268921095008,6.830381105743425,1.8183038110574343,12.406065485775631,0.24154589371980675,0.43612453032742887
100,21.4170692431562,23.060923242082662,8.13875469672571,4.85775630703167,20.497852925389157,6.870638754696726,2.073268921095008,12.432903918411165,0.24154589371980675,0.4092860976918948
101,21.752549651100377,22.973698336017176,8.132045088566828,4.830917874396135,20.33011272141707,6.870638754696726,2.0531400966183573,12.406065485775631,0.24154589371980675,0.4092860976918948
102,22.108158883521202,22.873054213633925,8.192431561996779,4.783950617283951,20.142243692968332,6.870638754696726,2.046430488459474,12.332259796027913,0.24154589371980675,0.4092860976918948
103,22.376543209876544,22.611379495437465,8.044820182501342,4.830917874396135,20.081857219538378,6.951154052603328,2.046430488459474,12.406065485775631,0.24154589371980675,0.4092860976918948
104,22.403381642512077,22.23564143853999,8.225979602791197,4.898013955984971,19.766505636070853,7.447665056360709,2.01959205582394,12.352388620504563,0.24154589371980675,0.4092860976918948
105,22.84621578099839,22.014224369296834,8.353462157809984,4.864465915190553,19.484702093397747,7.447665056360709,2.01959205582394,12.318840579710145,0.24154589371980675,0.4092860976918948
106,22.946859903381643,21.866612989801396,8.152173913043478,4.736983360171766,18.57890499194847,7.440955448201825,2.006172839506173,13.506441223832528,0.24154589371980675,0.5233494363929146
107,23.329307568438004,21.74584004294149,8.105206655931294,4.690016103059581,18.51851851851852,7.4006977992485234,1.9390767579173376,13.506441223832528,0.24154589371980675,0.5233494363929146
108,23.32259796027912,21.69887278582931,8.132045088566828,4.783950617283951,18.47826086956522,7.4208266237251745,1.9390767579173376,13.459473966720344,0.24154589371980675,0.5233494363929146
109,22.77241009125067,21.611647879763822,8.017981749865807,4.703435319377348,19.96779388083736,7.286634460547504,1.8719806763285025,12.895866881374127,0.3488996242619431,0.5233494363929146
110,23.067632850241544,21.30300590445518,7.937466451959206,4.703435319377348,19.504830917874397,7.763016639828234,1.8719806763285025,12.97638217928073,0.3488996242619431,0.5233494363929146
111,23.282340311325818,21.215780998389693,7.924047235641439,4.703435319377348,19.464573268921097,7.749597423510467,1.8317230273752012,12.95625335480408,0.3488996242619431,0.5233494363929146
112,23.429951690821255,21.07487922705314,8.051529790660226,4.87788513150832,19.296833064949006,7.709339774557166,1.8317230273752012,12.855609232420827,0.3488996242619431,0.5233494363929146
113,23.65136876006441,20.9272678475577,8.044820182501342,4.87788513150832,19.229736983360173,7.836822329575953,1.8317230273752012,12.72812667740204,0.3488996242619431,0.5233494363929146
114,23.879495437466453,20.819914117015568,8.017981749865807,4.87788513150832,19.223027375201287,7.836822329575953,1.8317230273752012,12.640901771336553,0.3488996242619431,0.5233494363929146
115,21.24261943102523,19.0552871712292,7.608695652173913,4.851046698872786,24.36929683306495,7.836822329575953,1.8317230273752012,12.432903918411165,0.3488996242619431,0.4227053140096618
116,21.511003757380568,18.800322061191626,7.803274288781535,4.810789049919484,24.308910359634996,7.763016639828234,1.9793344068706387,12.278582930756844,0.322061191626409,0.4227053140096618
117,21.83977455716586,18.625872249060656,8.064949006977992,4.810789049919484,24.00697799248524,7.7361782071927,1.9793344068706387,12.198067632850242,0.322061191626409,0.41599570585077833
118,21.91358024691358,18.55877616747182,8.152173913043478,4.730273752012883,23.919753086419753,7.689210950080516,2.046430488459474,12.25174449812131,0.322061191626409,0.41599570585077833
119,22.0276435856146,18.50509930220075,8.132045088566828,4.5960815888352125,23.872785829307567,7.6556629092860975,2.046430488459474,12.426194310252281,0.322061191626409,0.41599570585077833
120,22.356414385399894,18.17632850241546,8.205850778314547,4.455179817498658,23.758722490606548,7.763016639828234,2.046430488459474,12.379227053140097,0.4428341384863124,0.41599570585077833
121,22.86634460547504,18.089103596349972,8.165593129361245,4.502147074610843,23.463499731615673,7.6623725174449815,2.0263016639828235,12.365807836822329,0.4428341384863124,0.41599570585077833
122,23.09447128287708,17.901234567901234,8.091787439613526,5.870907139023081,23.2487922705314,6.709608158883521,2.13365539452496,12.332259796027913,0.2683843263553409,0.3488996242619431
123,23.282340311325818,17.840848094471284,8.132045088566828,5.870907139023081,23.141438539989263,6.749865807836822,2.167203435319377,12.198067632850242,0.2683843263553409,0.3488996242619431
124,23.55072463768116,17.599302200751477,8.105206655931294,5.750134192163178,23.027375201288244,6.78341384863124,2.4020397208803006,12.164519592055823,0.2683843263553409,0.3488996242619431
125,23.95330112721417,17.357756307031668,7.937466451959206,5.884326355340848,22.725442834138487,6.998121309715513,2.3752012882447664,12.151100375738057,0.2683843263553409,0.3488996242619431
126,24.248523886205046,17.270531400966185,7.971014492753623,5.857487922705314,22.470477724100913,6.971282877079979,2.4557165861513686,12.13768115942029,0.2683843263553409,0.3488996242619431
127,24.664519592055825,17.04911433172303,8.05823939881911,5.924584004294149,22.356414385399894,6.850509930220075,2.4221685453569513,12.057165861513688,0.2683843263553409,0.3488996242619431
128,25.0,16.955179817498657,7.991143317230274,5.790391841116479,22.22222222222222,6.843800322061192,2.408749329039184,12.171229200214707,0.2683843263553409,0.3488996242619431
129,24.329039184111647,16.203703703703702,7.809983896940419,5.776972624798712,22.108158883521202,6.904186795491143,2.3483628556092326,13.902308105206655,0.2683843263553409,0.3488996242619431
130,24.630971551261407,16.009125067096083,7.816693505099302,5.683038110574342,21.631776704240472,7.159151905528717,2.1940418679549114,14.257917337627482,0.2683843263553409,0.3488996242619431
131,24.731615673644658,15.962157809983896,7.917337627482555,5.683038110574342,21.611647879763822,7.159151905528717,2.1940418679549114,14.123725174449811,0.2683843263553409,0.3488996242619431
132,25.161030595813205,15.660225442834138,7.944176060118089,5.783682232957595,21.22920021470746,7.246376811594203,2.1739130434782608,14.090177133655395,0.36231884057971014,0.3488996242619431
133,25.597155126140635,15.49248523886205,7.9039184111647875,5.71658615136876,21.22920021470746,7.1658615136876005,2.1739130434782608,14.009661835748792,0.36231884057971014,0.3488996242619431
134,25.83870101986044,15.371712292002147,7.796564680622652,5.71658615136876,21.081588835212024,7.27992485238862,2.3215244229736984,13.882179280730005,0.36231884057971014,0.3488996242619431
135,26.154052603327965,15.324745034889963,7.796564680622652,5.71658615136876,21.007783145464305,7.266505636070853,2.3215244229736984,13.7211486849168,0.36231884057971014,0.32877079978529256
136,26.301663982823403,15.250939345142244,7.930756843800322,5.683038110574342,20.8467525496511,7.347020933977456,2.4557165861513686,13.493022007514762,0.36231884057971014,0.32877079978529256
137,26.29495437466452,15.042941492216855,7.669082125603865,7.139023081052066,20.108695652173914,7.387278582930757,2.1806226516371443,13.486312399355878,0.36231884057971014,0.32877079978529256
138,26.362050456253353,14.955716586151368,7.729468599033816,7.105475040257649,20.142243692968332,7.380568974771873,2.1806226516371443,13.45276435856146,0.36231884057971014,0.32877079978529256
139,27.012882447665056,14.781266774020397,7.7831454643048845,7.105475040257649,19.83360171765969,7.239667203435319,2.167203435319377,13.385668276972625,0.36231884057971014,0.32877079978529256
140,26.31508319914117,14.42565754159957,7.682501341921632,7.179280730005368,20.50456253354804,7.722758990874933,2.167203435319377,13.311862587224907,0.36231884057971014,0.32877079978529256
141,26.67740203972088,14.325013419216317,7.648953301127214,7.058507783145465,20.397208803005906,7.722758990874933,2.167203435319377,13.197799248523886,0.36231884057971014,0.4428341384863124
142,27.059849704777243,14.170692431561998,7.575147611379496,6.736446591519055,20.142243692968332,8.494363929146537,2.1604938271604937,12.875738056897477,0.4092860976918948,0.3757380568974772
143,26.31508319914117,14.036500268384327,7.434245840042942,6.736446591519055,21.74584004294149,8.427267847557703,2.046430488459474,12.473161567364466,0.4092860976918948,0.3757380568974772
144,26.46940418679549,13.90901771336554,7.434245840042942,6.736446591519055,21.658615136876005,8.427267847557703,2.120236178207193,12.406065485775631,0.39586688137412773,0.4428341384863124
145,26.610305958132045,13.83521202361782,7.4006977992485234,6.729736983360172,21.544551798174986,8.55475040257649,2.120236178207193,12.365807836822329,0.39586688137412773,0.4428341384863124
146,26.187600644122384,12.627482555018787,9.225711218464841,6.729736983360172,21.430488459473967,8.55475040257649,2.120236178207193,12.285292538915728,0.39586688137412773,0.4428341384863124
147,26.476113794954376,12.5,9.265968867418144,6.649221685453569,21.175523349436393,8.514492753623188,2.187332259796028,12.392646269457863,0.39586688137412773,0.4428341384863124
148,26.617015566290927,12.446323134728932,9.198872785829307,6.582125603864735,21.115136876006442,8.474235104669887,2.187332259796028,12.406065485775631,0.39586688137412773,0.5770263016639828
149,26.690821256038646,12.399355877616747,9.292807300053678,6.501610305958132,20.90713902308105,8.923778851315083,2.187332259796028,12.198067632850242,0.32877079978529256,0.5703166935050993
150,26.78475577026302,12.211486849168008,9.326355340848094,6.709608158883521,20.853462157809982,8.977455716586151,2.1604938271604937,12.090713902308105,0.32877079978529256,0.5568974771873323
151,27.294685990338163,12.110842726784755,9.205582393988191,6.6827697262479875,20.725979602791195,8.930488459473967,2.1269457863660763,12.06387546967257,0.32877079978529256,0.5300590445517982
152,27.482555018786904,12.00348899624262,9.057971014492754,6.642512077294686,20.511272141706925,8.78287707997853,2.1269457863660763,12.13768115942029,0.32877079978529256,0.9259259259259259
153,27.428878153515836,11.949812130971551,9.057971014492754,6.763285024154589,20.42404723564144,8.78287707997853,2.200751476113795,12.13768115942029,0.32877079978529256,0.9259259259259259
154,27.569779924852387,11.916264090177133,9.03113258185722,6.8035426731078905,20.2361782071927,8.93719806763285,2.1269457863660763,12.13768115942029,0.32877079978529256,0.9125067096081588
155,27.395330112721417,11.641170155662909,8.984165324745035,6.8035426731078905,20.67230273752013,9.05126140633387,2.1269457863660763,12.084004294149223,0.32877079978529256,0.9125067096081588
156,27.482555018786904,11.493558776167472,9.091519055287172,6.8035426731078905,20.67230273752013,9.178743961352657,2.1269457863660763,11.90955448201825,0.32877079978529256,0.9125067096081588
157,27.72410091250671,11.3593666129898,9.178743961352657,6.642512077294686,20.71256038647343,9.172034353193773,2.1940418679549114,11.79549114331723,0.32877079978529256,0.8923778851315083
158,27.84487385936661,11.151368760064413,9.245840042941492,6.629092860976919,20.67230273752013,9.158615136876007,2.1940418679549114,11.882716049382717,0.32877079978529256,0.8923778851315083
159,27.214170692431562,11.003757380568974,9.131776704240472,6.582125603864735,22.041062801932366,8.99087493290392,2.187332259796028,11.627750939345143,0.32877079978529256,0.8923778851315083
160,27.334943639291467,10.983628556092324,9.111647879763822,6.5552871712292005,21.960547504025765,8.977455716586151,2.187332259796028,11.668008588298443,0.32877079978529256,0.8923778851315083
161,27.509393451422437,10.963499731615673,9.111647879763822,6.501610305958132,21.91358024691358,8.923778851315083,2.187332259796028,11.668008588298443,0.32877079978529256,0.8923778851315083
162,27.408749329039185,10.849436392914654,9.044551798174986,6.602254428341385,22.08132045088567,8.970746108427267,2.187332259796028,11.647879763821793,0.3153515834675255,0.8923778851315083
163,27.469135802469136,10.802469135802468,9.024422973698336,6.769994632313473,21.960547504025765,8.917069243156199,2.254428341384863,11.60762211486849,0.3153515834675255,0.8789586688137413
164,27.61003757380569,10.795759527643586,9.024422973698336,6.756575415995706,21.960547504025765,8.84326355340848,2.254428341384863,11.560654857756306,0.3153515834675255,0.8789586688137413
165,27.65029522275899,10.554213633923778,9.232420826623725,6.884057971014493,21.886741814278047,8.82313472893183,2.227589908749329,11.560654857756306,0.3153515834675255,0.8655394524959742
166,27.079978529253893,9.903381642512077,9.004294149221685,7.796564680622652,21.76596886741814,9.312936124530328,2.227589908749329,11.735104669887278,0.3153515834675255,0.8588298443370908
167,27.147074610842726,9.876543209876543,9.64170692431562,7.796564680622652,21.289586688137412,9.286097691894794,2.167203435319377,11.500268384326356,0.3153515834675255,0.9796027911969941
168,27.449006977992486,9.668545356951155,9.816156736446592,7.830112721417069,21.18894256575416,9.272678475577026,2.167203435319377,11.379495437466453,0.3153515834675255,0.9125067096081588
169,27.140365002683843,9.634997316156737,9.675254965110037,8.836553945249598,20.531400966183575,9.151905528717123,2.301395598497048,11.52710681696189,0.3153515834675255,0.8856682769726248
170,27.435587761674718,9.614868491680086,9.634997316156737,8.876811594202898,20.128824476650564,9.138486312399356,2.4154589371980677,11.379495437466453,0.3153515834675255,1.0601180891035964
171,27.334943639291467,9.219001610305957,9.567901234567902,9.426999463231347,20.155662909286097,9.125067096081589,2.4154589371980677,11.379495437466453,0.3153515834675255,1.0601180891035964
172,27.4020397208803,9.091519055287172,9.64170692431562,9.480676328502415,20.101986044015028,9.057971014492754,2.5295222758990876,11.265432098765432,0.3153515834675255,1.1137949543746646
173,27.750939345142243,9.017713365539452,9.64170692431562,8.910359634997317,19.753086419753085,8.977455716586151,2.4825550187869028,12.050456253354804,0.30193236714975846,1.1137949543746646
174,28.032742887815353,8.930488459473967,9.668545356951155,8.82313472893183,19.699409554482017,8.903650026838433,2.4557165861513686,12.070585077831455,0.30193236714975846,1.1137949543746646
175,28.23403113258186,8.80300590445518,9.681964573268921,8.890230810520666,19.592055823939884,8.84326355340848,2.522812667740204,12.037037037037036,0.30193236714975846,1.093666129898014
176,28.703703703703702,8.78287707997853,9.4873859366613,8.870101986044014,19.47128287707998,8.80300590445518,2.522812667740204,12.016908212560386,0.30193236714975846,1.0399892646269457
177,28.931830381105744,8.709071390230811,9.440418679549115,8.80300590445518,19.32367149758454,8.836553945249598,2.5966183574879227,12.037037037037036,0.28180354267310787,1.0399892646269457
178,28.18035426731079,7.521470746108427,9.292807300053678,11.594202898550725,19.11567364465915,8.420558239398819,2.5831991411701556,11.829039184111648,0.4227053140096618,1.0399892646269457
179,28.381642512077295,7.380568974771873,9.172034353193773,11.681427804616211,18.92109500805153,8.53462157809984,2.636876006441224,11.829039184111648,0.4227053140096618,1.0399892646269457
180,28.348094471282877,7.380568974771873,9.131776704240472,11.761943102522812,18.907675791733762,8.641975308641975,2.6838432635534084,11.782071926999464,0.4227053140096618,0.9393451422436929
181,28.629898013955984,7.2933440687063875,9.131776704240472,11.721685453569512,18.853998926462694,8.541331186258722,2.6838432635534084,11.782071926999464,0.4227053140096618,0.9393451422436929
182,28.75738056897477,7.266505636070853,9.138486312399356,11.708266237251744,18.773483628556093,8.628556092324208,2.6435856146001075,11.721685453569512,0.4227053140096618,0.9393451422436929
183,29.03918411164788,7.266505636070853,9.024422973698336,11.66129898013956,18.706387546967257,8.541331186258722,2.6033279656468062,11.79549114331723,0.4227053140096618,0.9393451422436929
184,29.146537842190018,7.192699946323135,9.017713365539452,11.506977992485238,18.605743424584006,8.668813741277509,2.6033279656468062,11.768652710681696,0.5501878690284487,0.9393451422436929
185,29.61621041331186,7.098765432098766,8.883521202361782,11.345947396672035,18.50509930220075,8.55475040257649,2.6637144390767578,11.842458400429415,0.5501878690284487,0.9393451422436929
186,29.74369296833065,7.065217391304348,8.668813741277509,11.480139559849706,18.417874396135264,8.447396672034353,2.6637144390767578,12.02361782071927,0.5501878690284487,0.9393451422436929
187,30.12614063338701,7.024959742351046,8.635265700483092,11.352657004830919,18.04884594739667,8.333333333333334,3.026033279656468,11.963231347289318,0.5501878690284487,0.9393451422436929
188,30.173107890499196,6.9310252281266775,8.76274825550188,11.553945249597424,17.954911433172303,8.252818035426731,3.012614063338701,11.882716049382717,0.5501878690284487,0.9259259259259259
189,28.958668813741276,6.327160493827161,8.433977455716587,11.379495437466453,20.987654320987655,8.105206655931294,2.8784219001610305,11.466720343531938,0.5501878690284487,0.9125067096081588
190,28.25415995705851,6.132581857219538,8.433977455716587,11.225174449812132,20.471014492753625,7.769726247987117,2.85829307568438,13.278314546430488,0.5099302200751477,1.06682769726248
191,28.44873859366613,6.119162640901771,8.387010198604402,11.05072463768116,20.249597423510465,7.9039184111647875,2.9723564143853998,13.191089640365004,0.6239935587761675,1.0534084809447128
192,28.723832528180353,6.085614600107354,8.28636607622115,11.09098228663446,20.02818035426731,7.85024154589372,3.1199677938808374,13.137412775093935,0.6239935587761675,1.0534084809447128
193,28.784219001610307,6.0587761674718195,8.28636607622115,11.292270531400966,19.900697799248523,7.749597423510467,3.1199677938808374,13.130703166935051,0.6239935587761675,1.0534084809447128
194,28.824476650563607,6.005099302200751,8.340042941492216,11.29898013955985,19.880568974771872,7.836822329575953,3.1199677938808374,12.97638217928073,0.6642512077294686,1.0534084809447128
195,29.01905528717123,5.984970477724101,8.36688137412775,11.20504562533548,19.732957595276435,8.13875469672571,3.0864197530864197,12.848899624261943,0.6575415995705851,0.9594739667203436
196,29.22705314009662,5.9447128287707995,8.313204508856682,11.18491680085883,19.216317767042405,8.467525496511003,3.0864197530864197,12.942834138486312,0.6575415995705851,0.9594739667203436
197,29.488727858293075,5.783682232957595,8.246108427267847,11.144659151905529,19.269994632313473,8.427267847557703,3.0864197530864197,12.93612453032743,0.6575415995705851,0.9594739667203436
198,29.502147074610843,5.736714975845411,8.225979602791197,11.238593666129898,19.142512077294686,8.514492753623188,3.0864197530864197,12.93612453032743,0.6575415995705851,0.9594739667203436
199,29.643048845947398,5.676328502415459,8.232689210950081,11.681427804616211,18.96135265700483,8.460815888352121,3.079710144927536,12.654320987654321,0.6508319914117016,0.9594739667203436
200,29.26731078904992,5.58239398819109,7.514761137949543,11.131239935587761,18.5252281266774,8.474235104669887,2.9052603327965647,14.989264626945786,0.6508319914117016,0.9594739667203436
201,29.274020397208805,5.5756843800322065,7.601986044015029,11.218464841653248,18.5252281266774,8.279656468062266,2.9052603327965647,15.009393451422437,0.6508319914117016,0.9594739667203436
202,29.61621041331186,5.535426731078905,7.648953301127214,11.057434245840042,18.344068706387546,8.219269994632313,3.140096618357488,14.720880300590446,0.6374127750939346,1.0802469135802468
203,29.7638217928073,5.515297906602254,7.548309178743962,10.963499731615673,18.290391841116477,8.205850778314547,3.2004830917874396,14.794685990338165,0.6374127750939346,1.0802469135802468
204,29.871175523349436,5.46833064949007,7.561728395061729,10.802469135802468,18.283682232957595,8.179012345679013,3.2877079978529253,14.855072463768115,0.6239935587761675,1.06682769726248
205,30.038915727321523,5.407944176060118,7.541599570585078,10.648148148148149,18.19645732689211,8.28636607622115,3.3480944712828773,14.841653247450349,0.6239935587761675,1.06682769726248
206,29.58937198067633,5.381105743424584,7.226247987117552,10.46027911969941,19.706119162640903,7.971014492753623,3.3480944712828773,14.626945786366075,0.6239935587761675,1.06682769726248
207,29.810789049919485,5.381105743424584,7.273215244229737,10.373054213633925,19.672571121846484,7.971014492753623,3.307836822329576,14.51959205582394,0.6239935587761675,1.06682769726248
208,29.904723564143854,5.381105743424584,7.1725711218464845,10.36634460547504,19.269994632313473,8.447396672034353,3.3548040794417604,14.412238325281804,0.6239935587761675,1.06682769726248
209,30.226784755770264,5.381105743424584,7.118894256575416,10.272410091250672,19.135802469135804,8.427267847557703,3.3816425120772946,14.36527106816962,0.6239935587761675,1.06682769726248
210,30.079173376274827,5.381105743424584,7.03166935050993,10.151637144390767,19.773215244229736,8.447396672034353,3.3950617283950617,14.056629092860977,0.6172839506172839,1.06682769726248
211,30.193236714975846,5.35426731078905,6.971282877079979,10.178475577026301,19.692699946323135,8.447396672034353,3.435319377348363,14.04320987654321,0.6172839506172839,1.06682769726248
212,30.730005367686527,5.260332796564681,7.018250134192163,10.071121846484166,19.35721953837896,8.55475040257649,3.4151905528717124,13.855340848094471,0.6172839506172839,1.1205045625335481
213,30.83064949006978,5.246913580246914,7.125603864734299,9.903381642512077,19.33709071390231,8.514492753623188,3.307836822329576,13.781535158346752,0.5904455179817498,1.3620504562533549
214,31.253354804079443,5.186527106816962,7.065217391304348,9.876543209876543,19.176060118089104,8.53462157809984,3.2675791733762747,13.687600644122384,0.5904455179817498,1.3620504562533549
215,31.233225979602793,5.146269457863661,7.1725711218464845,9.863123993558776,19.26328502415459,8.487654320987655,3.227321524422974,13.6808910359635,0.5837359098228664,1.3419216317767042
216,31.5150295222759,5.12614063338701,7.1725711218464845,9.829575952764358,19.135802469135804,8.460815888352121,3.3279656468062266,13.519860440150294,0.5837359098228664,1.328502415458937
217,31.568706387546968,5.12614063338701,7.427536231884058,9.91009125067096,18.86070853462158,8.460815888352121,3.280998389694042,13.45276435856146,0.5837359098228664,1.328502415458937
218,31.78341384863124,5.0858829844337095,7.4141170155662905,9.809447128287708,18.84728931830381,8.561460010735374,3.2474503488996245,13.405797101449275,0.5837359098228664,1.261406333870102
219,31.870638754696724,5.0858829844337095,7.37385936661299,9.836285560923242,18.686258722490606,8.776167471819646,3.2206119162640903,13.305152979066023,0.5837359098228664,1.261406333870102
220,31.91760601180891,5.0791733762748255,7.333601717659689,9.802737520128824,18.50509930220075,8.870101986044014,3.193773483628556,13.439345142243694,0.5837359098228664,1.2748255501878691
221,31.93773483628556,5.065754159957058,7.407407407407407,10.044283413848632,18.209876543209877,8.702361782071927,3.3011272141706924,13.486312399355878,0.5837359098228664,1.261406333870102
222,31.749865807836823,5.032206119162641,7.367149758454106,10.104669887278583,18.57890499194847,8.662104133118627,3.2877079978529253,13.372249060654857,0.5837359098228664,1.261406333870102
223,31.629092860976918,4.99194847020934,7.474503488996243,10.104669887278583,18.38432635534085,8.80300590445518,3.2877079978529253,13.533279656468062,0.5837359098228664,1.2077294685990339
224,31.48148148148148,4.958400429414922,7.481213097155126,10.50053676865271,18.317230273752013,8.829844337090714,3.280998389694042,13.41250670960816,0.5837359098228664,1.1540526033279657
225,31.320450885668276,4.938271604938271,7.541599570585078,10.420021470746109,18.035426731078903,9.386741814278047,3.240740740740741,13.378958668813741,0.5837359098228664,1.1540526033279657
