,45,50,51,53,55,52,56,57,54
0,100.0,,,,,,,,
1,87.15110037573805,12.848899624261943,,,,,,,
2,84.44041867954911,12.305421363392378,3.2541599570585076,,,,,,
3,70.22946859903382,26.549919484702095,3.2206119162640903,,,,,,
4,70.32340311325818,23.18840579710145,3.1870638754696725,3.3011272141706924,,,,,
5,66.92834138486312,26.623725174449813,3.180354267310789,3.2675791733762747,,,,,
6,66.83440687063876,26.717659688674182,3.180354267310789,3.2675791733762747,,,,,
7,56.85050993022008,37.38593666129898,2.5026838432635534,3.260869565217391,,,,,
8,53.26757917337628,33.19243156199678,10.144927536231885,3.2474503488996245,0.14761137949543746,,,,
9,53.32796564680623,33.1454643048846,10.131508319914117,3.2474503488996245,0.14761137949543746,,,,
10,53.32125603864734,28.12667740203972,8.3064949006978,3.2340311325818574,0.14761137949543746,6.588835212023618,0.27509393451422437,,
11,53.40848094471283,28.173644659151904,8.28636607622115,3.166935050993022,0.14761137949543746,6.541867954911433,0.27509393451422437,,
12,53.67015566290929,28.039452495974235,8.145464304884594,3.1199677938808374,0.14761137949543746,6.414385399892646,0.46296296296296297,,
13,53.6231884057971,28.08641975308642,8.145464304884594,3.1199677938808374,0.14761137949543746,6.414385399892646,0.46296296296296297,,
14,48.047504025764894,26.576757917337627,15.136876006441224,3.052871712292002,0.30864197530864196,6.414385399892646,0.46296296296296297,,
15,48.29575952764358,25.758185721953836,16.35131508319914,3.026033279656468,0.30864197530864196,6.132581857219538,0.1274825550187869,,
16,46.524422973698336,28.529253891572733,14.412238325281804,3.938539989264627,0.30864197530864196,6.025228126677402,0.2616747181964573,,
17,46.73913043478261,28.37493290391841,14.38539989264627,3.92512077294686,0.30864197530864196,6.005099302200751,0.2616747181964573,,
18,41.99543746645196,34.72222222222222,12.869028448738593,3.9049919484702094,0.2683843263553409,5.978260869565218,0.2616747181964573,,
19,42.109500805152976,34.19887278582931,12.345679012345679,3.8714439076757916,1.2345679012345678,5.978260869565218,0.2616747181964573,,
20,42.03569511540526,33.89694041867955,11.379495437466453,3.5091250670960816,1.2345679012345678,7.809983896940419,0.13419216317767044,,
21,41.599570585077835,34.37332259796028,11.379495437466453,3.4957058507783145,1.2345679012345678,7.7831454643048845,0.13419216317767044,,
22,41.720343531937736,32.87707997852925,11.258722490606548,5.045625335480408,1.2144390767579174,7.749597423510467,0.13419216317767044,,
23,41.8545356951154,32.75630703166935,11.18491680085883,5.038915727321524,1.2144390767579174,7.816693505099302,0.13419216317767044,,
24,39.16398282340311,30.19994632313473,19.860440150295222,5.347557702630167,0.12077294685990338,5.032206119162641,0.13419216317767044,0.14090177133655393,
25,29.441760601180892,41.988727858293075,19.900697799248523,3.408480944712829,0.95276435856146,4.032474503488996,0.13419216317767044,0.14090177133655393,
26,29.522275899087493,41.87466451959206,19.87385936661299,3.408480944712829,1.2077294685990339,3.8378958668813743,0.13419216317767044,0.14090177133655393,
27,28.63660762211487,41.136607622114866,21.336553945249598,3.4017713365539453,1.3888888888888888,3.824476650563607,0.13419216317767044,0.14090177133655393,
28,28.81105743424584,40.90177133655394,21.336553945249598,3.4017713365539453,1.3888888888888888,3.784219001610306,0.13419216317767044,0.14090177133655393,0.10064412238325282
29,25.006709608158882,43.16961889425657,22.873054213633925,3.4017713365539453,1.3888888888888888,3.784219001610306,0.13419216317767044,0.14090177133655393,0.10064412238325282
30,25.0805152979066,41.639828234031135,22.50402576489533,5.280461621041331,1.3821792807300053,3.7372517444981215,0.13419216317767044,0.14090177133655393,0.10064412238325282
31,22.65834675254965,43.76006441223833,19.00161030595813,4.817498658078368,1.1540526033279657,8.232689210950081,0.13419216317767044,0.14090177133655393,0.10064412238325282
32,23.03408480944713,43.42458400429415,18.927804616210413,4.790660225442834,1.288244766505636,8.158883521202362,0.13419216317767044,0.14090177133655393,0.10064412238325282
33,23.235373054213635,41.21041331186259,21.611647879763822,4.777241009125067,1.288244766505636,7.501341921631776,0.13419216317767044,0.14090177133655393,0.10064412238325282
34,23.081052066559312,38.52657004830918,24.986580783682232,3.4420289855072466,1.1473429951690821,7.467793880837359,0.13419216317767044,0.14090177133655393,1.0735373054213635
35,23.503757380568974,38.35882984433709,24.765163714439076,3.2877079978529253,1.1473429951690821,7.467793880837359,0.13419216317767044,0.14090177133655393,1.1943102522812667
36,24.094202898550726,38.077026301663984,24.550456253354803,3.2206119162640903,1.1473429951690821,7.467793880837359,0.13419216317767044,0.14090177133655393,1.1674718196457328
37,24.664519592055825,37.17793880837359,24.308910359634996,3.207192699946323,1.7310789049919484,7.467793880837359,0.13419216317767044,0.14090177133655393,1.1674718196457328
38,22.987117552334944,36.56736446591519,31.206387546967257,2.8247450348899625,1.4090177133655395,3.3682232957595275,0.5501878690284487,,1.0869565217391304
39,23.21524422973698,36.50697799248524,31.04535695115405,2.8247450348899625,1.4090177133655395,3.361513687600644,0.5501878690284487,,1.0869565217391304
40,15.888352120236178,47.49060654857756,27.72410091250671,2.5161030595813205,1.4962426194310252,3.361513687600644,0.5300590445517982,,0.9930220075147611
41,16.183574879227052,46.68545356951154,26.40901771336554,4.414922168545357,1.6438539989264627,3.361513687600644,0.322061191626409,,0.9796027911969941
42,16.51905528717123,45.93397745571659,25.85212023617821,4.555823939881911,2.6167471819645733,3.227321524422974,0.322061191626409,,0.9728931830381106
43,16.720343531937736,45.8064949006978,25.785024154589372,4.549114331723027,2.6167471819645733,3.227321524422974,0.322061191626409,,0.9728931830381106
44,15.60654857756307,45.7259796027912,27.596618357487923,4.4753086419753085,2.6167471819645733,2.6838432635534084,0.322061191626409,,0.9728931830381106
45,15.96886741814278,45.4374664519592,27.469135802469136,4.4753086419753085,2.589908749329039,2.6838432635534084,0.322061191626409,,1.0534084809447128
46,15.653515834675256,40.98899624261943,32.55501878690284,4.435050993022007,2.314814814814815,2.6838432635534084,0.322061191626409,,1.0466988727858293
47,16.029253891572733,40.76086956521739,32.46779388083736,4.408212560386473,2.281266774020397,2.6838432635534084,0.322061191626409,,1.0466988727858293
48,16.210413311862588,40.58641975308642,32.37385936661299,4.49543746645196,2.281266774020397,2.6838432635534084,0.322061191626409,,1.0466988727858293
49,15.277777777777779,33.011272141706925,43.27697262479871,3.321256038647343,1.2010198604401503,2.623456790123457,0.3153515834675255,,0.9728931830381106
50,15.552871712292003,32.8569511540526,43.15619967793881,3.321256038647343,1.2010198604401503,2.623456790123457,0.3153515834675255,,0.9728931830381106
51,15.995705850778315,32.49463231347289,42.85426731078905,3.321256038647343,1.4224369296833066,2.623456790123457,0.3153515834675255,,0.9728931830381106
52,16.0829307568438,31.816961889425656,45.611916264090176,1.1607622114868492,1.4224369296833066,2.509393451422437,0.4495437466451959,,0.9460547504025765
53,16.659957058507782,31.588835212023618,45.32340311325819,1.1607622114868492,1.4090177133655395,2.462426194310252,0.4495437466451959,,0.9460547504025765
54,16.97530864197531,31.48148148148148,45.1154052603328,1.1607622114868492,1.4090177133655395,2.462426194310252,0.4495437466451959,,0.9460547504025765
55,17.257112184648417,31.280193236714975,45.04159957058508,1.1607622114868492,1.4090177133655395,2.4557165861513686,0.4495437466451959,,0.9460547504025765
56,14.707461084272678,29.24718196457327,49.785292538915726,1.1607622114868492,1.4090177133655395,2.428878153515835,0.3153515834675255,,0.9460547504025765
57,15.009393451422437,29.166666666666668,49.563875469672574,1.1607622114868492,1.4090177133655395,2.428878153515835,0.3153515834675255,,0.9460547504025765
58,15.136876006441224,27.334943639291467,52.07326892109501,1.0198604401502953,1.3888888888888888,1.8250134192163177,0.3153515834675255,,0.9057971014492754
59,15.411969940955448,27.26113794954375,51.898819108964034,1.0198604401502953,1.3754696725711217,1.8115942028985508,0.3153515834675255,,0.9057971014492754
60,15.70048309178744,27.147074610842726,51.72436929683307,1.0198604401502953,1.3754696725711217,1.8115942028985508,0.3153515834675255,,0.9057971014492754
61,16.109769189479334,27.093397745571657,51.45598497047772,1.0131508319914118,1.3150831991411702,1.7914653784219001,0.3153515834675255,,0.9057971014492754
62,16.485507246376812,27.006172839506174,50.97289318303811,1.0131508319914118,1.3150831991411702,1.7646269457863661,0.5367686527106817,,0.9057971014492754
63,16.760601180891037,26.838432635534083,50.758185721953836,1.0131508319914118,1.3150831991411702,1.7646269457863661,0.644122383252818,,0.9057971014492754
64,17.143048845947398,26.724369296833064,50.4898013955985,1.0131508319914118,1.3150831991411702,1.7646269457863661,0.644122383252818,,0.9057971014492754
65,17.438271604938272,26.529790660225444,50.1610305958132,1.0131508319914118,1.3150831991411702,1.7646269457863661,0.8722490606548577,,0.9057971014492754
66,16.700214707461082,26.167471819645733,45.52469135802469,0.6910896403650026,1.3150831991411702,7.977724100912507,0.6038647342995169,,1.0198604401502953
67,17.008856682769725,26.154052603327965,45.29656468062265,0.6843800322061192,1.3016639828234031,7.930756843800322,0.6038647342995169,,1.0198604401502953
68,17.518786902844873,26.039989264626946,44.16264090177134,1.6371443907675791,1.3016639828234031,7.776435856146001,0.5703166935050993,,0.9930220075147611
69,17.881105743424584,26.019860440150296,43.61916264090177,1.5432098765432098,1.3016639828234031,7.729468599033816,0.9125067096081588,,0.9930220075147611
70,17.8743961352657,25.36231884057971,43.4447128287708,2.442297369833602,1.3016639828234031,7.669082125603865,0.9125067096081588,,0.9930220075147611
71,17.673107890499196,24.44310252281267,37.29200214707461,2.214170692431562,1.3016639828234031,15.170424047235642,0.9125067096081588,,0.9930220075147611
72,17.840848094471284,24.349168008588297,37.25174449812131,2.1940418679549114,1.288244766505636,15.13016639828234,0.9125067096081588,,1.0332796564680622
73,18.02871712292002,24.315619967793882,37.043746645195924,2.1940418679549114,1.288244766505636,15.103327965646805,1.0064412238325282,,1.0198604401502953
74,18.33064949006978,24.134460547504027,36.963231347289316,2.1940418679549114,1.288244766505636,15.076489533011273,1.0064412238325282,,1.0064412238325282
75,18.45813204508857,24.12104133118626,36.90955448201825,2.1940418679549114,1.288244766505636,15.01610305958132,1.0064412238325282,,1.0064412238325282
76,18.820450885668276,23.872785829307567,41.04938271604938,2.0933977455716586,1.288244766505636,10.520665593129362,1.3486312399355878,,1.0064412238325282
77,19.424315619967793,23.765432098765434,40.653515834675254,2.0933977455716586,1.288244766505636,10.44015029522276,1.328502415458937,,1.0064412238325282
78,19.806763285024154,23.72517444981213,40.27106816961889,2.0933977455716586,1.3955984970477724,10.373054213633925,1.328502415458937,,1.0064412238325282
79,14.029790660225443,25.214707461084274,37.473161567364464,2.01959205582394,1.415727321524423,17.881105743424584,1.1540526033279657,,0.8118625872249061
80,14.184111647879764,25.067096081588836,36.70826623725174,2.0128824476650564,2.395330112721417,17.66639828234031,1.1540526033279657,,0.8118625872249061
81,14.231078904991948,25.006709608158882,36.292270531400966,2.0128824476650564,2.395330112721417,17.68652710681696,1.5633387010198605,,0.8118625872249061
82,13.123993558776167,22.342995169082126,39.60681696188943,3.4621578099838968,2.1269457863660763,17.07595276435856,1.556629092860977,,0.7045088566827697
83,13.47289318303811,22.18196457326892,39.59339774557166,3.3480944712828773,2.1269457863660763,17.01556629092861,1.556629092860977,,0.7045088566827697
84,13.895598497047773,22.14170692431562,39.378690284487384,3.280998389694042,2.1068169618894257,16.941760601180892,1.556629092860977,,0.6977992485238862
85,14.284755770263017,21.947128287707997,39.11701556629093,3.280998389694042,2.073268921095008,16.914922168545356,1.556629092860977,,0.8252818035426731
86,14.55984970477724,20.571658615136876,38.969404186795494,3.280998389694042,2.073268921095008,16.391572732152444,1.556629092860977,,2.5966183574879227
87,14.855072463768115,20.42404723564144,38.87546967257112,3.2675791733762747,2.073268921095008,16.35131508319914,1.556629092860977,,2.5966183574879227
88,15.271068169618895,20.229468599033815,38.707729468599034,3.1535158346752548,2.073268921095008,16.297638217928075,1.5297906602254427,,2.737520128824477
89,15.801127214170693,20.108695652173914,37.64090177133655,2.918679549114332,2.073268921095008,15.935319377348362,1.6706924315619969,,3.851315083199141
90,16.17686527106817,19.981213097155127,37.39935587761675,2.9119699409554483,2.187332259796028,15.841384863123993,1.6706924315619969,,3.8311862587224907
91,16.358024691358025,19.961084272678477,37.34567901234568,2.9119699409554483,2.187332259796028,15.794417606011809,1.6438539989264627,,3.797638217928073
92,15.49248523886205,19.847020933977454,40.57300053676865,2.9119699409554483,2.187332259796028,14.090177133655395,1.1003757380568975,,3.797638217928073
93,15.780998389694043,19.28341384863124,38.47289318303811,3.2206119162640903,2.1135265700483092,16.089640365002683,1.2412775093934514,,3.797638217928073
94,16.210413311862588,19.182769726247987,38.33870101986044,3.140096618357488,2.1135265700483092,16.002415458937197,1.2412775093934514,,3.770799785292539
95,16.626409017713364,19.048577563070317,38.097155126140635,3.140096618357488,2.395330112721417,15.734031132581856,1.2412775093934514,,3.717122920021471
96,16.23725174449812,17.16988727858293,37.72141706924316,3.1199677938808374,2.24771873322598,18.54535695115405,1.2412775093934514,,3.717122920021471
97,16.53918411164788,17.136339237788512,37.62748255501879,3.1199677938808374,2.2208803005904456,18.42458400429415,1.2412775093934514,,3.6902844873859366
98,16.99543746645196,17.01556629092861,37.42619431025228,3.113258185721954,2.2208803005904456,18.297101449275363,1.2412775093934514,,3.6902844873859366
99,17.16988727858293,16.961889425657542,37.34567901234568,3.113258185721954,2.1940418679549114,18.283682232957595,1.2412775093934514,,3.6902844873859366
100,17.62614063338701,16.820987654320987,37.19135802469136,3.1065485775630703,2.187332259796028,18.136070853462158,1.2412775093934514,,3.6902844873859366
101,17.840848094471284,16.700214707461082,37.15780998389694,3.1065485775630703,2.187332259796028,18.075684380032207,1.2412775093934514,,3.6902844873859366
102,15.063070316693505,12.828770799785293,48.63794954374664,2.7509393451422435,1.9524959742351047,13.962694578636608,1.2144390767579174,,3.589640365002684
103,15.304616210413311,12.714707461084272,47.95356951154053,2.7509393451422435,1.9524959742351047,13.58695652173913,1.2144390767579174,,4.522275899087493
104,14.38539989264627,16.968599033816425,44.12238325281803,1.6774020397208802,1.5901771336553945,16.59957058507783,1.1003757380568975,,3.556092324208266
105,14.741009125067096,16.888083735909824,44.015029522275896,1.6237251744498122,1.583467525496511,16.505636070853463,1.1003757380568975,,3.5426731078904994
106,15.28448738593666,16.566022544283413,43.45813204508857,1.6237251744498122,2.227589908749329,16.411701556629094,1.1003757380568975,,3.3279656468062266
107,15.821256038647343,16.398282340311326,42.39801395598497,1.6103059581320451,2.227589908749329,16.19699409554482,2.0397208803005906,,3.307836822329576
108,15.982286634460548,16.371443907675793,42.371175523349436,1.6103059581320451,2.200751476113795,16.129898013955984,2.0397208803005906,,3.294417606011809
109,16.23054213633924,16.23725174449812,42.310789049919485,1.6103059581320451,2.3081052066559313,15.96886741814278,2.0397208803005906,,3.294417606011809
110,16.398282340311326,16.09634997316157,42.089371980676326,1.6103059581320451,2.952227589908749,15.573000536768653,2.0397208803005906,,3.240740740740741
111,16.67337627482555,15.157004830917874,41.908212560386474,1.6103059581320451,3.9184111647879765,15.45222758990875,2.006172839506173,0.07380568974771873,3.2004830917874396
112,16.97530864197531,15.136876006441224,41.277509393451425,1.6103059581320451,3.9184111647879765,15.365002683843263,2.4490069779924855,0.07380568974771873,3.193773483628556
113,17.277241009125067,15.096618357487923,41.04938271604938,1.6103059581320451,3.9720880300590444,15.311325818572195,2.4154589371980677,0.07380568974771873,3.193773483628556
114,17.62614063338701,15.063070316693505,40.94202898550725,1.5499194847020934,3.9519592055823938,15.183843263553408,2.4154589371980677,0.07380568974771873,3.193773483628556
115,17.995169082125603,15.063070316693505,40.58641975308642,1.5499194847020934,3.8177670424047236,15.183843263553408,2.4154589371980677,0.07380568974771873,3.3145464304884595
116,18.50509930220075,15.022812667740205,40.29119699409554,1.5499194847020934,3.8043478260869565,15.069779924852389,2.3752012882447664,0.07380568974771873,3.307836822329576
117,18.887546967257112,14.861782071927,40.22410091250671,1.5432098765432098,3.730542136339238,14.99597423510467,2.3752012882447664,0.07380568974771873,3.307836822329576
118,19.424315619967793,14.794685990338165,39.79468599033817,1.5365002683843263,3.717122920021471,14.875201288244767,2.3752012882447664,0.07380568974771873,3.408480944712829
119,19.726247987117553,14.774557165861514,39.512882447665056,1.5365002683843263,3.717122920021471,14.88191089640365,2.368491680085883,0.07380568974771873,3.408480944712829
120,17.371175523349436,14.680622651637144,47.36312399355877,1.5365002683843263,4.871175523349437,11.171497584541063,0.5099302200751477,,2.49597423510467
121,17.733494363929147,14.660493827160494,47.128287707997856,1.5365002683843263,4.790660225442834,11.171497584541063,0.5099302200751477,,2.4691358024691357
122,18.12265163714439,14.553140096618357,46.88674181427805,1.5365002683843263,4.7638217928073,11.158078368223295,0.5099302200751477,,2.4691358024691357
123,17.64626945786366,13.781535158346752,46.564680622651636,5.428073000536768,4.777241009125067,8.829844337090714,0.5099302200751477,,2.462426194310252
124,17.028985507246375,13.83521202361782,49.422973698336016,4.703435319377348,4.777241009125067,7.883789586688137,0.43612453032742887,,1.9122383252818036
125,17.317498658078367,13.83521202361782,49.241814278046164,4.636339237788513,4.777241009125067,7.883789586688137,0.43612453032742887,,1.8719806763285025
126,17.431561996779386,13.821792807300053,49.20826623725174,4.602791196994096,4.777241009125067,7.856951154052603,0.43612453032742887,,1.865271068169619
127,17.62614063338701,13.774825550187868,49.074074074074076,4.5893719806763285,4.777241009125067,7.856951154052603,0.43612453032742887,,1.865271068169619
128,17.887815351583466,13.761406333870102,48.9398819108964,4.569243156199678,4.777241009125067,7.763016639828234,0.43612453032742887,,1.865271068169619
129,18.290391841116477,13.6808910359635,48.752012882447666,4.435050993022007,4.777241009125067,7.763016639828234,0.43612453032742887,,1.865271068169619
130,18.49838969404187,13.6808910359635,48.027375201288244,5.0791733762748255,4.777241009125067,7.635534084809447,0.43612453032742887,,1.865271068169619
131,18.699677938808374,13.6808910359635,47.85292538915727,5.0791733762748255,4.750402576489533,7.635534084809447,0.43612453032742887,,1.865271068169619
132,18.290391841116477,13.372249060654857,45.511272141706925,5.0791733762748255,4.703435319377348,10.742082662372518,0.5568974771873323,,1.7444981213097155
133,17.223564143854,11.084272678475577,51.77804616210413,3.4957058507783145,4.757112184648417,9.359903381642512,0.5568974771873323,,1.7444981213097155
134,17.505367686527105,10.997047772410092,50.79844337090714,4.320987654320987,4.676596886741814,9.31964573268921,0.6374127750939346,,1.7444981213097155
135,17.76033279656468,10.963499731615673,50.63070316693505,4.320987654320987,4.676596886741814,9.265968867418144,0.6374127750939346,,1.7444981213097155
136,17.485238862050455,10.93666129898014,47.25577026301664,8.695652173913043,4.663177670424047,8.501073537305421,0.7179280730005367,,1.7444981213097155
137,17.800590445517983,10.849436392914654,47.0679012345679,8.769457863660762,4.62962962962963,8.420558239398819,0.7179280730005367,,1.7444981213097155
138,18.06226516371444,10.849436392914654,46.99409554482018,8.561460010735374,4.7638217928073,8.3064949006978,0.7179280730005367,,1.7444981213097155
139,18.19645732689211,10.721953837895867,46.57809983896941,8.561460010735374,4.669887278582931,8.252818035426731,0.7179280730005367,,2.301395598497048
140,18.303811057434245,9.936929683306495,46.10842726784756,8.480944712828771,4.87788513150832,8.252818035426731,0.7648953301127214,,3.2742887815351582
141,18.471551261406333,9.923510466988727,45.900429414922165,8.454106280193237,4.9718196457326895,8.239398819108963,0.7648953301127214,,3.2742887815351582
142,18.666129898013956,9.903381642512077,45.54482018250134,8.454106280193237,4.555823939881911,8.179012345679013,0.6910896403650026,,4.005636070853462
143,17.693236714975846,9.809447128287708,49.22168545356951,7.628824476650563,3.3480944712828773,7.5348899624261945,0.7581857219538379,,4.005636070853462
144,14.244498121309716,6.6827697262479875,58.3870101986044,6.736446591519055,3.898282340311326,6.6760601180891035,0.7581857219538379,,2.6167471819645733
145,14.533011272141707,6.622383252818035,57.930756843800324,6.736446591519055,3.8915727321524423,6.649221685453569,1.0399892646269457,,2.5966183574879227
146,14.99597423510467,6.622383252818035,57.50805152979066,6.642512077294686,3.8915727321524423,6.622383252818035,1.0399892646269457,,2.677133655394525
147,15.271068169618895,6.515029522275899,57.340311325818575,6.561996779388084,4.025764895330113,6.568706387546968,1.0399892646269457,,2.677133655394525
148,15.465646806226516,6.494900697799249,57.25979602791197,6.561996779388084,3.9855072463768115,6.515029522275899,1.0399892646269457,,2.677133655394525
149,15.854804079441761,6.394256575415996,57.038378958668815,6.4345142243692965,3.9855072463768115,6.515029522275899,1.1272141706924315,,2.6502952227589907
150,15.70048309178744,4.891304347826087,56.74315619967794,6.421095008051529,3.066290928609769,9.346484165324744,1.3553408480944713,,2.475845410628019
151,16.13660762211487,4.824208266237251,55.884326355340846,6.360708534621578,3.670155662909286,9.306226516371444,1.3419216317767042,,2.475845410628019
152,16.364734299516908,4.797369833601718,55.30730005367686,6.360708534621578,3.6231884057971016,9.219001610305957,1.8518518518518519,,2.475845410628019
153,16.59957058507783,4.777241009125067,54.67659688674181,6.045356951154052,4.03918411164788,9.091519055287172,1.9524959742351047,,2.818035426731079
154,17.01556629092861,4.777241009125067,54.3545356951154,6.025228126677402,4.03918411164788,9.017713365539452,1.9524959742351047,,2.818035426731079
155,17.2638217928073,4.690016103059581,53.97208803005905,5.984970477724101,4.166666666666667,8.964036500268385,2.1403650026838434,,2.818035426731079
156,17.860976918947934,4.690016103059581,53.5024154589372,5.984970477724101,4.1532474503489,8.870101986044014,2.120236178207193,,2.818035426731079
157,16.545893719806763,4.072732152442297,57.01154052603328,4.830917874396135,3.9989264626945786,8.80300590445518,2.0263016639828235,,2.7106816961889426
158,16.894793344068706,4.072732152442297,56.70289855072464,4.830917874396135,3.965378421900161,8.796296296296296,2.0263016639828235,,2.7106816961889426
159,17.458400429414922,4.03918411164788,56.28690284487386,4.810789049919484,3.92512077294686,8.742619431025227,2.0263016639828235,,2.7106816961889426
160,17.814009661835748,4.019055287171229,56.092324208266234,4.810789049919484,3.8580246913580245,8.668813741277509,2.0263016639828235,,2.7106816961889426
161,17.028985507246375,3.5963499731615673,60.09125067096082,5.870907139023081,3.455448201825013,6.575415995705851,1.9189479334406871,,1.4626945786366077
162,17.183306494900698,3.5829307568438002,57.60198604401503,5.870907139023081,5.917874396135265,6.5485775630703165,1.9189479334406871,,1.3754696725711217
163,17.8743961352657,3.556092324208266,57.118894256575416,5.864197530864198,5.6964573268921095,6.394256575415996,1.9189479334406871,,1.5767579173376274
164,18.49838969404187,3.5225442834138487,56.655931293612454,5.8239398819108965,5.676328502415459,6.327160493827161,1.9189479334406871,,1.5767579173376274
165,18.592324208266238,3.4957058507783145,56.5552871712292,5.8172302737520125,5.595813204508857,6.327160493827161,1.8988191089640365,,1.7176596886741815
166,18.90096618357488,3.455448201825013,56.30703166935051,5.810520665593129,5.595813204508857,6.320450885668277,1.8988191089640365,,1.710950080515298
167,19.243156199677937,3.4420289855072466,56.072195383789584,5.810520665593129,5.5689747718733225,6.286902844873859,1.8988191089640365,,1.6774020397208802
168,19.424315619967793,3.408480944712829,56.01180891035963,5.783682232957595,5.5689747718733225,6.233225979602791,1.892109500805153,,1.6774020397208802
169,19.524959742351047,3.408480944712829,55.984970477724104,5.763553408480945,5.562265163714439,6.233225979602791,1.892109500805153,,1.6304347826086956
170,19.504830917874397,3.361513687600644,58.81642512077295,5.401234567901234,3.2340311325818574,6.206387546967257,1.892109500805153,,1.583467525496511
171,18.99490069779925,3.361513687600644,49.86580783682233,4.898013955984971,2.8113258185721954,16.820987654320987,1.8719806763285025,,1.3754696725711217
172,19.806763285024154,3.361513687600644,49.443102522812666,4.851046698872786,2.8113258185721954,16.51905528717123,1.8317230273752012,,1.3754696725711217
173,20.041599570585078,3.361513687600644,49.24852388620504,4.8443370907139025,2.8113258185721954,16.485507246376812,1.8317230273752012,,1.3754696725711217
174,20.26972624798712,3.361513687600644,48.980139559849704,4.8443370907139025,2.8113258185721954,16.398282340311326,1.9659151905528718,,1.3687600644122384
175,20.38378958668814,3.321256038647343,48.68491680085883,4.804079441760601,2.737520128824477,16.358024691358025,1.9659151905528718,,1.7444981213097155
176,20.625335480407944,3.307836822329576,48.530595813204506,4.783950617283951,2.737520128824477,16.11647879763822,2.1739130434782608,,1.724369296833065
177,20.8064949006978,3.307836822329576,48.40311325818572,4.757112184648417,2.737520128824477,16.089640365002683,2.1739130434782608,,1.724369296833065
178,21.316425120772948,3.280998389694042,48.19511540526033,4.723564143853999,2.690552871712292,15.92860976918948,2.1604938271604937,,1.7042404723564144
179,21.77938808373591,3.280998389694042,47.89318303811057,4.7101449275362315,2.690552871712292,15.780998389694043,2.1604938271604937,,1.7042404723564144
180,22.000805152979066,3.280998389694042,47.73215244229737,4.7101449275362315,2.690552871712292,15.72061191626409,2.1604938271604937,,1.7042404723564144
181,21.906870638754697,3.280998389694042,47.45034889962426,4.7101449275362315,2.509393451422437,15.626677402039721,2.26784755770263,,2.24771873322598
182,21.953837895866883,3.280998389694042,47.32957595276436,4.7101449275362315,2.6435856146001075,15.566290928609769,2.26784755770263,,2.24771873322598
183,22.10144927536232,3.280998389694042,47.1081588835212,4.7101449275362315,2.6435856146001075,15.519323671497585,2.3886205045625335,,2.24771873322598
184,20.645464304884594,2.5496511003757383,49.946323134728935,4.522275899087493,2.368491680085883,15.385131508319914,2.3483628556092326,,2.2342995169082127
185,21.061460010735374,2.5496511003757383,49.85238862050456,4.522275899087493,2.3550724637681157,15.11003757380569,2.314814814814815,,2.2342995169082127
186,21.43719806763285,2.5496511003757383,49.6309715512614,4.4820182501341925,2.328234031132582,14.908749329039184,2.428878153515835,,2.2342995169082127
187,21.712292002147073,2.536231884057971,49.2686527106817,4.441760601180891,2.462426194310252,14.855072463768115,2.4892646269457863,,2.2342995169082127
188,21.87332259796028,2.536231884057971,49.18813741277509,4.441760601180891,2.4490069779924855,14.814814814814815,2.462426194310252,,2.2342995169082127
189,22.0276435856146,2.522812667740204,49.00697799248524,4.428341384863124,2.428878153515835,14.875201288244767,2.3483628556092326,,2.3617820719269993
190,22.27589908749329,2.509393451422437,48.82581857219538,4.40150295222759,2.4221685453569513,14.868491680085883,2.3349436392914655,,2.3617820719269993
191,21.651905528717123,2.4557165861513686,50.22812667740204,4.05931293612453,2.3081052066559313,14.626945786366075,2.3349436392914655,,2.3349436392914655
192,22.12157809983897,2.4557165861513686,50.053676865271065,3.9720880300590444,2.2074610842726785,14.553140096618357,2.3081052066559313,,2.328234031132582
193,22.249060654857757,2.4557165861513686,49.57729468599034,3.9720880300590444,2.5563607085346214,14.553140096618357,2.3081052066559313,,2.328234031132582
194,20.202630166398283,2.2342995169082127,44.920826623725176,2.636876006441224,2.3081052066559313,23.617820719269993,1.9457863660762211,,2.13365539452496
195,20.52469135802469,2.2208803005904456,44.69269994632314,2.636876006441224,2.2946859903381642,23.403113258185723,2.0933977455716586,,2.13365539452496
196,20.719269994632313,2.214170692431562,44.545088566827694,2.636876006441224,2.2946859903381642,23.369565217391305,2.0933977455716586,,2.1269457863660763
197,20.860171765968868,2.200751476113795,44.50483091787439,2.636876006441224,2.2946859903381642,23.282340311325818,2.0933977455716586,,2.1269457863660763
198,21.054750402576488,2.13365539452496,44.155931293612454,2.7844873859366612,2.4154589371980677,23.14814814814815,1.9860440150295222,,2.3215244229736984
199,21.4573268921095,2.13365539452496,43.994900697799245,2.7643585614600106,2.4154589371980677,22.926731078904993,1.9860440150295222,,2.3215244229736984
200,21.524422973698336,2.13365539452496,43.384326355340846,2.6972624798711755,2.408749329039184,22.86634460547504,2.073268921095008,,2.9119699409554483
201,21.712292002147073,2.13365539452496,42.659688674181425,2.690552871712292,2.408749329039184,22.799248523886206,1.9793344068706387,,3.616478797638218
202,21.041331186258724,2.13365539452496,39.66720343531938,6.588835212023618,2.4020397208803006,22.67176596886742,1.8786902844873858,,3.616478797638218
203,21.477455716586153,2.1269457863660763,39.57326892109501,6.474771873322598,2.38191089640365,22.57783145464305,1.8048845947396672,,3.5829307568438002
204,21.83977455716586,2.120236178207193,38.868760064412236,6.421095008051529,2.6637144390767578,22.50402576489533,2.0128824476650564,,3.569511540526033
205,22.10144927536232,2.120236178207193,38.66076221148685,6.421095008051529,2.6637144390767578,22.450348899624263,2.0128824476650564,,3.569511540526033
206,22.36983360171766,2.0397208803005906,38.38566827697262,6.052066559312936,3.3011272141706924,22.36983360171766,2.006172839506173,,3.475577026301664
207,22.564412238325282,2.0397208803005906,38.28502415458937,6.052066559312936,3.280998389694042,22.29602791196994,2.006172839506173,,3.475577026301664
208,22.805958132045088,2.0397208803005906,37.855609232420825,6.045356951154052,3.388352120236178,22.14170692431562,2.24771873322598,,3.475577026301664
209,23.1280193236715,2.0397208803005906,37.72812667740204,6.045356951154052,3.374932903918411,22.007514761137948,2.227589908749329,,3.44873859366613
210,23.329307568438004,2.0397208803005906,37.58722490606549,6.045356951154052,3.374932903918411,21.89345142243693,2.281266774020397,,3.44873859366613
211,23.362855609232422,2.0397208803005906,36.75523349436393,6.045356951154052,3.3548040794417604,23.201825013419217,2.281266774020397,,2.9589371980676327
212,23.443370907139023,2.01959205582394,36.72168545356951,6.045356951154052,3.488996242619431,23.060923242082662,2.2611379495437465,,2.9589371980676327
213,23.517176596886742,2.01959205582394,36.500268384326354,6.031937734836285,4.045893719806763,22.463768115942027,2.2611379495437465,0.2147074610842727,2.945517981749866
214,23.805689747718734,1.9927536231884058,36.3593666129898,6.005099302200751,4.092860976918948,22.38996242619431,2.2611379495437465,0.1878690284487386,2.9052603327965647
215,24.000268384326354,1.9927536231884058,36.25872249060655,6.018518518518518,4.092860976918948,22.322866344605476,2.2342995169082127,0.1878690284487386,2.8918411164787976
216,24.241814278046164,1.9927536231884058,36.178207192699944,6.018518518518518,4.052603327965647,22.21551261406334,2.2208803005904456,0.1878690284487386,2.8918411164787976
217,24.63768115942029,1.9927536231884058,36.12453032742888,6.018518518518518,4.045893719806763,21.880032206119164,2.2208803005904456,0.1878690284487386,2.8918411164787976
218,24.825550187869027,1.9927536231884058,36.10440150295223,6.018518518518518,3.978797638217928,21.70558239398819,2.2074610842726785,0.30864197530864196,2.85829307568438
219,24.932903918411164,1.9927536231884058,36.05743424584004,6.018518518518518,3.9519592055823938,21.672034353193773,2.2074610842726785,0.30864197530864196,2.85829307568438
220,25.483091787439612,1.9927536231884058,35.75550187869028,5.971551261406334,3.9519592055823938,21.564680622651636,2.147074610842727,0.30864197530864196,2.8247450348899625
221,25.684380032206118,1.9927536231884058,35.49382716049383,6.206387546967257,3.8378958668813743,21.517713365539453,2.147074610842727,0.30864197530864196,2.8113258185721954
222,25.85882984433709,1.9726247987117553,35.42673107890499,6.206387546967257,3.797638217928073,21.504294149221685,2.147074610842727,0.30864197530864196,2.7777777777777777
223,26.06682769726248,1.9726247987117553,35.28582930756844,6.206387546967257,3.797638217928073,21.43719806763285,2.147074610842727,0.30864197530864196,2.7777777777777777
224,26.684111647879764,1.9726247987117553,34.876543209876544,6.206387546967257,3.7238325281803544,21.32313472893183,2.1269457863660763,0.30864197530864196,2.7777777777777777
225,26.89210950080515,1.9524959742351047,34.54106280193237,6.112453032742888,3.992216854535695,21.30300590445518,2.120236178207193,0.30864197530864196,2.7777777777777777
226,27.012882447665056,1.9390767579173376,33.84997316156736,6.0587761674718195,4.74369296833065,21.108427267847556,2.200751476113795,0.30864197530864196,2.7777777777777777
227,26.221148684916802,1.8585614600107354,35.809178743961354,6.749865807836822,4.696725711218465,19.83360171765969,2.3215244229736984,0.30864197530864196,2.200751476113795
228,26.643853998926463,1.8585614600107354,35.668276972624795,6.642512077294686,4.817498658078368,19.578636607622116,2.3215244229736984,0.30864197530864196,2.1604938271604937
229,26.94578636607622,1.8585614600107354,35.47369833601718,6.642512077294686,4.804079441760601,19.484702093397747,2.3215244229736984,0.30864197530864196,2.1604938271604937
230,27.241009125067094,1.7847557702630166,35.32608695652174,6.622383252818035,4.757112184648417,19.370638754696724,2.428878153515835,0.30864197530864196,2.1604938271604937
231,27.388620504562535,1.7713365539452497,35.225442834138484,6.608964036500268,4.74369296833065,19.370638754696724,2.428878153515835,0.30864197530864196,2.15378421900161
232,27.750939345142243,1.7646269457863661,35.01073537305421,6.5552871712292005,4.730273752012883,19.296833064949006,2.428878153515835,0.30864197530864196,2.15378421900161
233,27.905260332796566,1.7646269457863661,34.77589908749329,6.468062265163715,4.924852388620504,19.290123456790123,2.428878153515835,0.30864197530864196,2.13365539452496
234,28.14009661835749,1.7646269457863661,34.66183574879227,6.461352657004831,4.911433172302737,19.216317767042405,2.4020397208803006,0.30864197530864196,2.13365539452496
235,28.388352120236178,1.7646269457863661,34.554482018250134,6.4345142243692965,4.884594739667204,19.02173913043478,2.4020397208803006,0.30864197530864196,2.2410091250670963
236,28.69699409554482,1.7646269457863661,34.35319377348363,6.4345142243692965,4.884594739667204,18.9345142243693,2.3886205045625335,0.30864197530864196,2.2342995169082127
237,28.723832528180353,1.6505636070853462,34.12506709608159,6.414385399892646,4.85775630703167,18.733225979602793,2.38191089640365,0.2885131508319914,2.8247450348899625
238,28.65673644659152,1.6304347826086956,33.9170692431562,6.414385399892646,4.8443370907139025,18.719806763285025,2.38191089640365,0.2885131508319914,3.1468062265163717
239,28.918411164787976,1.6237251744498122,33.756038647343,6.387546967257112,4.804079441760601,18.612453032742888,2.38191089640365,0.36902844873859364,3.1468062265163717
240,27.26784755770263,1.5901771336553945,36.14465915190553,6.199677938808374,4.7101449275362315,18.50509930220075,2.0799785292538915,0.36902844873859364,3.1333870101986045
241,27.70397208803006,1.5901771336553945,35.950080515297905,6.085614600107354,4.683306494900698,18.42458400429415,2.0665593129361244,0.36902844873859364,3.126677402039721
242,28.25415995705851,1.5901771336553945,35.21202361782072,6.045356951154052,4.9718196457326895,18.397745571658614,2.033011272141707,0.36902844873859364,3.126677402039721
243,28.556092324208265,1.5901771336553945,34.977187332259795,6.025228126677402,4.951690821256038,18.38432635534085,2.01959205582394,0.36902844873859364,3.126677402039721
244,28.911701556629094,1.5901771336553945,34.876543209876544,6.005099302200751,4.951690821256038,18.19645732689211,1.9927536231884058,0.36902844873859364,3.1065485775630703
245,29.032474503488995,1.5901771336553945,34.74906065485776,6.005099302200751,4.911433172302737,18.19645732689211,1.9726247987117553,0.36902844873859364,3.1736446591519054
246,29.240472356414386,1.583467525496511,34.554482018250134,5.891035963499732,4.85775630703167,17.907944176060116,2.2745571658615136,0.36902844873859364,3.321256038647343
247,29.468599033816425,1.583467525496511,34.42699946323135,5.891035963499732,4.824208266237251,17.881105743424584,2.24771873322598,0.36902844873859364,3.307836822329576
248,29.716854535695116,1.583467525496511,34.35319377348363,5.844068706387547,4.824208266237251,17.793880837359097,2.2074610842726785,0.36902844873859364,3.307836822329576
249,29.965110037573805,1.5499194847020934,34.13177670424047,5.844068706387547,4.817498658078368,17.69994632313473,2.341653247450349,0.36902844873859364,3.280998389694042
250,30.16639828234031,1.5499194847020934,33.85668276972625,5.844068706387547,4.951690821256038,17.67981749865808,2.301395598497048,0.36902844873859364,3.280998389694042
251,30.649490069779926,1.5499194847020934,33.57487922705314,5.844068706387547,5.038915727321524,17.518786902844873,2.2342995169082127,0.36902844873859364,3.2206119162640903
252,30.95813204508857,1.5499194847020934,33.46081588835212,5.83064949006978,4.958400429414922,17.431561996779386,2.2208803005904456,0.36902844873859364,3.2206119162640903
253,31.112453032742888,1.5163714439076759,33.393719806763286,5.736714975845411,5.059044551798175,17.371175523349436,2.2208803005904456,0.36902844873859364,3.2206119162640903
254,31.36070853462158,1.5163714439076759,33.279656468062264,5.709876543209877,4.978529253891573,17.344337090713903,2.2208803005904456,0.36902844873859364,3.2206119162640903
255,31.166129898013956,1.5096618357487923,32.9374664519592,5.6964573268921095,5.589103596349974,17.310789049919485,2.2208803005904456,0.36902844873859364,3.2004830917874396
256,31.239935587761675,1.5096618357487923,32.78314546430489,5.689747718733226,5.6964573268921095,17.196725711218466,2.2074610842726785,0.4830917874396135,3.193773483628556
257,31.45464304884595,1.5096618357487923,32.46779388083736,5.656199677938808,6.031937734836285,17.022275899087493,2.2074610842726785,0.4830917874396135,3.166935050993022
258,31.689479334406872,1.5096618357487923,32.43424584004294,5.649490069779925,6.031937734836285,16.82769726247987,2.2074610842726785,0.4830917874396135,3.166935050993022
259,31.95786366076221,1.482823403113258,32.380568974771876,5.629361245303274,6.031937734836285,16.67337627482555,2.1940418679549114,0.4830917874396135,3.166935050993022
