,45,50,55,53,52,54,51,56,57,58,59,60
0,79.09957058507783,20.417337627482556,0.4830917874396135,,,,,,,,,
1,78.44873859366614,20.2361782071927,1.3150831991411702,,,,,,,,,
2,77.34836285560924,19.6256038647343,1.3150831991411702,1.710950080515298,,,,,,,,
3,75.53005904455179,21.443907675791735,1.3150831991411702,1.710950080515298,,,,,,,,
4,75.3220611916264,11.198336017176597,0.2147074610842727,0.6508319914117016,12.614063338701019,,,,,,,
5,69.49812130971551,17.028985507246375,0.2147074610842727,0.6508319914117016,12.607353730542137,,,,,,,
6,63.479602791196996,23.1280193236715,0.2147074610842727,0.6508319914117016,12.526838432635534,,,,,,,
7,63.238056897477186,22.302737520128826,0.2147074610842727,0.6508319914117016,12.526838432635534,1.06682769726248,,,,,,
8,61.83574879227053,21.866612989801396,0.2147074610842727,0.36902844873859364,11.701556629092861,1.7713365539452497,2.2410091250670963,,,,,
9,61.54723564143854,21.43719806763285,0.2281266774020397,0.4025764895330113,12.218196457326892,1.8115942028985508,2.3550724637681157,,,,,
10,61.493558776167475,20.96081588835212,0.2281266774020397,2.26784755770263,12.02361782071927,1.2412775093934514,1.7847557702630166,,,,,
11,61.520397208803004,20.913848631239937,0.2281266774020397,2.26784755770263,11.520397208803006,1.2278582930756843,1.7847557702630166,0.10735373054213634,0.4294149221685454,,,
12,61.312399355877616,21.14868491680086,0.2281266774020397,2.26784755770263,11.506977992485238,1.2278582930756843,1.7713365539452497,0.10735373054213634,0.4294149221685454,,,
13,60.87627482555019,21.604938271604937,0.2281266774020397,2.24771873322598,11.506977992485238,1.2278582930756843,1.7713365539452497,0.10735373054213634,0.4294149221685454,,,
14,60.909822866344605,21.578099838969404,0.28180354267310787,2.24771873322598,11.466720343531938,1.2278582930756843,1.7176596886741815,0.14090177133655393,0.4294149221685454,,,
15,60.79575952764358,21.74584004294149,0.28180354267310787,2.2342995169082127,11.426462694578637,1.2278582930756843,1.7176596886741815,0.14090177133655393,0.4294149221685454,,,
16,60.628019323671495,21.81964573268921,0.322061191626409,2.2342995169082127,11.426462694578637,1.2278582930756843,1.7713365539452497,0.14090177133655393,0.4294149221685454,,,
17,59.11835748792271,22.208803005904453,0.322061191626409,2.227589908749329,11.419753086419753,1.2010198604401503,2.932098765432099,0.14090177133655393,0.4294149221685454,,,
18,59.18545356951154,22.208803005904453,0.322061191626409,2.227589908749329,11.366076221148685,1.2010198604401503,2.918679549114332,0.14090177133655393,0.4294149221685454,,,
19,57.729468599033815,22.79253891572732,1.0735373054213635,2.3349436392914655,11.11111111111111,1.2010198604401503,3.1870638754696725,0.14090177133655393,0.4294149221685454,,,
20,52.10681696188943,26.88539989264627,1.0735373054213635,2.3349436392914655,10.721953837895867,1.1674718196457328,5.032206119162641,0.24825550187869028,0.4294149221685454,,,
21,52.21417069243156,26.7914653784219,1.0735373054213635,2.3349436392914655,10.7085346215781,1.1674718196457328,5.032206119162641,0.24825550187869028,0.4294149221685454,,,
22,51.13392377885131,25.77831454643049,1.0735373054213635,2.3349436392914655,10.61460010735373,1.1674718196457328,7.219538378958669,0.24825550187869028,0.4294149221685454,,,
23,51.19431025228127,25.563607085346217,1.0735373054213635,2.301395598497048,10.755501878690284,1.1674718196457328,7.219538378958669,0.24825550187869028,0.47638217928073,,,
24,51.06682769726248,25.194578636607623,1.0735373054213635,2.0933977455716586,10.668276972624799,1.8853998926462694,7.206119162640902,0.24825550187869028,0.5636070853462157,,,
25,50.214707461084274,25.207997852925388,1.0735373054213635,2.1269457863660763,12.037037037037036,1.9122383252818036,6.582125603864735,0.28180354267310787,0.5636070853462157,,,
26,50.30193236714976,25.187869028448738,1.0735373054213635,2.1269457863660763,12.016908212560386,1.9122383252818036,6.541867954911433,0.28180354267310787,0.5568974771873323,,,
27,50.456253354804076,25.05367686527107,1.0735373054213635,2.1269457863660763,11.969940955448202,1.9122383252818036,6.521739130434782,0.28180354267310787,0.6038647342995169,,,
28,50.50993022007515,25.033548040794418,1.0735373054213635,2.1269457863660763,11.936392914653783,1.9122383252818036,6.521739130434782,0.28180354267310787,0.6038647342995169,,,
29,49.40955448201825,25.85882984433709,1.0735373054213635,2.1269457863660763,12.218196457326892,1.9122383252818036,6.515029522275899,0.28180354267310787,0.6038647342995169,,,
30,49.342458400429415,25.85882984433709,1.1272141706924315,2.1269457863660763,12.245034889962426,1.9122383252818036,6.501610305958132,0.28180354267310787,0.6038647342995169,,,
31,45.98094471282877,29.300858829844337,1.1272141706924315,2.1269457863660763,12.218196457326892,1.9122383252818036,6.447933440687064,0.28180354267310787,0.6038647342995169,,,
32,45.99436392914654,29.25389157273215,1.1272141706924315,2.1269457863660763,12.070585077831455,1.9457863660762211,6.447933440687064,0.28180354267310787,0.7514761137949544,,,
33,44.49141170155663,28.28099838969404,1.6371443907675791,2.1269457863660763,12.070585077831455,1.9457863660762211,8.413848631239935,0.28180354267310787,0.7514761137949544,,,
34,44.598765432098766,28.16022544283414,1.6371443907675791,2.120236178207193,12.06387546967257,1.932367149758454,8.413848631239935,0.28180354267310787,0.7514761137949544,0.040257648953301126,,
35,44.498121309715515,28.213902308105208,1.6774020397208802,1.9994632313472893,11.768652710681696,1.9524959742351047,8.413848631239935,0.5636070853462157,0.7447665056360708,0.16774020397208803,,
36,43.11594202898551,29.62962962962963,1.6572732152442298,1.9994632313472893,11.768652710681696,1.9524959742351047,8.400429414922169,0.5636070853462157,0.7447665056360708,0.16774020397208803,,
37,42.68652710681696,29.837627482555018,1.6572732152442298,1.9793344068706387,11.842458400429415,1.9524959742351047,8.527911969940956,0.5636070853462157,0.7648953301127214,0.1878690284487386,,
38,41.67337627482555,30.9447128287708,1.6572732152442298,1.9122383252818036,11.808910359634996,1.9390767579173376,8.480944712828771,0.5636070853462157,0.8454106280193237,0.17444981213097155,,
39,41.243961352657,28.059581320450885,1.596886741814278,1.9122383252818036,13.982823403113258,1.9390767579173376,9.681964573268921,0.5636070853462157,0.8454106280193237,0.17444981213097155,,
40,40.80112721417069,28.502415458937197,1.596886741814278,1.892109500805153,13.982823403113258,1.9927536231884058,9.648416532474503,0.5636070853462157,0.8454106280193237,0.17444981213097155,,
41,39.50617283950617,29.582662372517444,1.596886741814278,1.892109500805153,13.788244766505636,1.9927536231884058,10.057702630166398,0.5636070853462157,0.8454106280193237,0.17444981213097155,,
42,39.439076757917334,29.47530864197531,1.583467525496511,2.408749329039184,13.506441223832528,1.9927536231884058,10.057702630166398,0.5166398282340311,0.8454106280193237,0.17444981213097155,,
43,35.929951690821255,32.80327428878154,1.570048309178744,2.6502952227589907,13.493022007514762,1.9927536231884058,10.02415458937198,0.5166398282340311,0.8454106280193237,0.17444981213097155,,
44,36.05743424584004,32.54830917874396,1.5365002683843263,2.623456790123457,13.7211486849168,1.9927536231884058,9.98389694041868,0.5166398282340311,0.8454106280193237,0.17444981213097155,,
45,35.929951690821255,32.27992485238862,1.5365002683843263,2.4892646269457863,14.801395598497047,1.9927536231884058,9.366612989801396,0.5166398282340311,0.9125067096081588,0.17444981213097155,,
46,36.02388620504563,31.48148148148148,1.5365002683843263,2.4892646269457863,14.579978529253891,1.9927536231884058,10.265700483091788,0.5166398282340311,0.9393451422436929,0.17444981213097155,,
47,36.08427267847558,30.776972624798713,1.5029522275899088,3.166935050993022,14.579978529253891,1.9927536231884058,10.265700483091788,0.5166398282340311,0.9393451422436929,0.17444981213097155,,
48,35.35292538915727,29.797369833601717,1.570048309178744,3.166935050993022,14.55984970477724,2.200751476113795,11.721685453569512,0.5166398282340311,0.9393451422436929,0.17444981213097155,,
49,35.01073537305421,28.65673644659152,1.6170155662909287,3.0864197530864197,14.096886741814279,4.468599033816425,11.366076221148685,0.5166398282340311,0.9259259259259259,0.2549651100375738,,
50,30.327428878153516,35.21202361782072,1.6975308641975309,2.9924852388620504,13.493022007514762,4.367954911433173,10.25228126677402,0.5166398282340311,0.9259259259259259,0.2147074610842727,,
51,30.327428878153516,35.19189479334407,1.6975308641975309,2.9924852388620504,13.533279656468062,4.367954911433173,10.23215244229737,0.5166398282340311,0.9259259259259259,0.2147074610842727,,
52,30.58239398819109,34.997316156736446,1.737788513150832,2.945517981749866,13.506441223832528,4.3545356951154055,10.218733225979603,0.5166398282340311,0.9259259259259259,0.2147074610842727,,
53,30.636070853462158,34.90338164251208,1.7713365539452497,3.046162104133119,13.506441223832528,4.3545356951154055,10.124798711755233,0.5166398282340311,0.9259259259259259,0.2147074610842727,,
54,30.669618894256576,34.72222222222222,1.6975308641975309,3.294417606011809,13.493022007514762,4.3545356951154055,9.977187332259795,0.6508319914117016,0.9259259259259259,0.2147074610842727,,
55,30.69645732689211,34.66183574879227,1.6975308641975309,3.294417606011809,13.533279656468062,4.3545356951154055,9.936929683306495,0.6508319914117016,0.9594739667203436,0.2147074610842727,,
56,30.803811057434245,34.58803005904455,1.8317230273752012,3.280998389694042,13.493022007514762,4.320987654320987,9.863123993558776,0.644122383252818,0.9594739667203436,0.2147074610842727,,
57,30.461621041331185,34.97047772410091,2.059849704777241,3.2474503488996245,13.466183574879228,4.320987654320987,9.655126140633387,0.644122383252818,0.9594739667203436,0.2147074610842727,,
58,30.441492216854535,33.3064949006978,4.441760601180891,3.1736446591519054,12.989801395598498,4.314278046162104,9.541062801932368,0.7514761137949544,0.8588298443370908,0.18115942028985507,,
59,30.42807300053677,33.299785292538914,4.441760601180891,3.1736446591519054,13.009930220075148,4.314278046162104,9.541062801932368,0.7514761137949544,0.8588298443370908,0.18115942028985507,,
60,30.387815351583466,33.15888352120236,4.294149221685454,3.656736446591519,13.009930220075148,4.314278046162104,9.406870638754697,0.7313472893183038,0.8588298443370908,0.18115942028985507,,
61,30.394524959742352,33.15888352120236,4.294149221685454,3.656736446591519,12.962962962962964,4.314278046162104,9.406870638754697,0.7313472893183038,0.8990874932903918,0.18115942028985507,,
62,30.50858829844337,32.94417606011809,4.294149221685454,3.683574879227053,12.875738056897477,4.636339237788513,9.333064949006978,0.644122383252818,0.8990874932903918,0.18115942028985507,,
63,30.750134192163177,32.6556629092861,4.461889425657541,3.670155662909286,12.72812667740204,4.636339237788513,9.333064949006978,0.644122383252818,0.9393451422436929,0.18115942028985507,,
64,30.83064949006978,32.55501878690284,4.461889425657541,3.670155662909286,12.721417069243156,4.616210413311863,9.380032206119163,0.644122383252818,0.9393451422436929,0.18115942028985507,,
65,30.756843800322063,32.669082125603865,4.414922168545357,3.670155662909286,12.681159420289855,4.616210413311863,9.225711218464841,0.798443370907139,0.9393451422436929,0.2281266774020397,,
66,30.58239398819109,31.427804616210413,4.320987654320987,3.717122920021471,14.130434782608695,4.669887278582931,9.185453569511541,0.798443370907139,0.9393451422436929,0.2281266774020397,,
67,30.54884594739667,30.723295759527645,4.240472356414386,3.7573805689747717,14.9020397208803,4.730273752012883,9.131776704240472,0.798443370907139,0.9393451422436929,0.2281266774020397,,
68,30.589103596349972,30.66290928609769,4.240472356414386,3.7573805689747717,14.861782071927,4.757112184648417,9.16532474503489,0.798443370907139,0.9393451422436929,0.2281266774020397,,
69,30.059044551798173,29.30756843800322,4.274020397208803,3.683574879227053,14.861782071927,4.757112184648417,11.11111111111111,0.7783145464304885,0.9393451422436929,0.2281266774020397,,
70,28.348094471282877,30.938003220611915,4.394793344068707,3.683574879227053,14.673913043478262,4.750402576489533,11.077563070316694,0.7783145464304885,1.1272141706924315,0.2281266774020397,,
71,28.133387010198604,31.085614600107355,4.542404723564144,3.683574879227053,14.620236178207193,4.750402576489533,11.05072463768116,0.7783145464304885,1.1272141706924315,0.2281266774020397,,
72,28.073000536768653,30.35426731078905,4.5960815888352125,3.730542136339238,15.526033279656469,4.74369296833065,10.923242082662373,0.7783145464304885,1.0466988727858293,0.2281266774020397,,
73,27.831454643048847,30.817230273752013,4.569243156199678,3.730542136339238,15.418679549114332,4.790660225442834,10.674986580783683,0.8118625872249061,1.1272141706924315,0.2281266774020397,,
74,28.06629092860977,30.67632850241546,4.582662372517445,3.7775093934514223,15.35829307568438,4.730273752012883,10.668276972624799,0.798443370907139,1.1272141706924315,0.2147074610842727,,
75,28.207192699946322,30.64278046162104,4.602791196994096,3.7775093934514223,15.344873859366613,4.730273752012883,10.648148148148149,0.798443370907139,1.0466988727858293,0.20128824476650564,,
76,28.213902308105208,30.421363392377884,4.7168545356951155,4.783950617283951,15.029522275899087,4.206924315619967,10.587761674718196,0.798443370907139,1.0399892646269457,0.20128824476650564,,
77,28.33467525496511,30.139559849704778,4.924852388620504,4.783950617283951,15.03623188405797,4.17337627482555,10.567632850241546,0.798443370907139,1.0399892646269457,0.20128824476650564,,
78,28.368223295759528,30.038915727321523,4.904723564143854,4.7638217928073,14.982555018786902,4.280730005367687,10.567632850241546,0.798443370907139,1.093666129898014,0.20128824476650564,,
79,28.488996242619432,30.09259259259259,5.025496511003757,4.643048845947397,14.848362855609233,4.408212560386473,10.406602254428341,0.798443370907139,1.0869565217391304,0.20128824476650564,,
80,27.361782071927,31.36070853462158,5.018786902844874,4.62962962962963,14.848362855609233,4.522275899087493,10.171765968867419,0.798443370907139,1.0869565217391304,0.20128824476650564,,
81,27.3215244229737,30.629361245303276,5.186527106816962,4.53569511540526,13.45276435856146,4.522275899087493,12.332259796027913,0.798443370907139,1.0332796564680622,0.1878690284487386,,
82,27.334943639291467,29.274020397208805,5.092592592592593,4.508856682769726,13.405797101449275,4.280730005367687,13.969404186795492,0.8722490606548577,1.0735373054213635,0.1878690284487386,,
83,27.30810520665593,29.461889425657542,5.092592592592593,4.388083735909823,13.22463768115942,4.280730005367687,13.922436929683306,0.8722490606548577,1.261406333870102,0.1878690284487386,,
84,27.408749329039185,29.294149221685455,5.132850241545894,4.441760601180891,13.18438003220612,4.274020397208803,13.83521202361782,1.0198604401502953,1.221148684916801,0.1878690284487386,,
85,27.408749329039185,28.75067096081589,5.119431025228127,4.441760601180891,12.117552334943639,4.260601180891036,15.552871712292003,1.0198604401502953,1.1406333870101986,0.1878690284487386,,
86,27.2812667740204,28.871443907675793,5.119431025228127,4.40150295222759,12.070585077831455,4.247181964573269,15.660225442834138,1.0198604401502953,1.1406333870101986,0.1878690284487386,,
87,27.30810520665593,28.69699409554482,5.10601180891036,4.38137412775094,12.124261943102523,4.247181964573269,15.707192699946322,1.1003757380568975,1.1406333870101986,0.1878690284487386,,
88,27.006172839506174,29.045893719806763,5.10601180891036,4.38137412775094,12.124261943102523,4.247181964573269,15.693773483628556,1.06682769726248,1.1406333870101986,0.1878690284487386,,
89,27.140365002683843,28.985507246376812,5.159688674181428,4.294149221685454,12.124261943102523,4.247181964573269,15.653515834675256,1.06682769726248,1.1406333870101986,0.1878690284487386,,
90,27.200751476113794,28.972088030059044,5.186527106816962,4.294149221685454,12.097423510466989,4.206924315619967,15.613258185721953,1.06682769726248,1.1406333870101986,0.1878690284487386,0.03354804079441761,
91,27.200751476113794,29.045893719806763,5.186527106816962,4.294149221685454,12.097423510466989,4.206924315619967,15.539452495974235,1.06682769726248,1.1406333870101986,0.1878690284487386,0.03354804079441761,
92,27.274557165861513,28.992216854535695,5.24020397208803,4.294149221685454,12.050456253354804,4.206924315619967,15.5126140633387,1.06682769726248,1.1406333870101986,0.1878690284487386,0.03354804079441761,
93,27.395330112721417,28.904991948470208,5.320719269994632,4.280730005367687,12.010198604401502,4.193505099302201,15.485775630703166,1.0601180891035964,1.1272141706924315,0.1878690284487386,0.03354804079441761,
94,27.32823403113258,28.945249597423512,5.407944176060118,4.280730005367687,12.010198604401502,4.193505099302201,15.331454643048845,1.1540526033279657,1.1272141706924315,0.1878690284487386,0.03354804079441761,
95,27.355072463768117,28.945249597423512,5.421363392377885,4.26731078904992,12.010198604401502,4.193505099302201,15.304616210413311,1.1808910359634996,1.1003757380568975,0.1878690284487386,0.03354804079441761,
96,27.36849168008588,28.92512077294686,5.421363392377885,4.26731078904992,12.00348899624262,4.233762748255502,15.277777777777779,1.1808910359634996,1.1003757380568975,0.1878690284487386,0.03354804079441761,
97,26.120504562533547,30.870907139023082,5.414653784219001,3.6097691894793345,11.60762211486849,4.1129898013955986,15.76086956521739,1.1808910359634996,1.1003757380568975,0.1878690284487386,0.03354804079441761,
98,26.06682769726248,30.870907139023082,5.810520665593129,3.6097691894793345,11.3191089640365,3.978797638217928,15.76086956521739,1.261406333870102,1.1003757380568975,0.1878690284487386,0.03354804079441761,
99,25.187869028448738,31.508319914117017,5.857487922705314,3.5829307568438002,11.225174449812132,3.978797638217928,16.009125067096083,1.261406333870102,1.1674718196457328,0.1878690284487386,0.03354804079441761,
100,25.194578636607623,31.4345142243693,5.938003220611916,3.549382716049383,11.225174449812132,3.978797638217928,15.767579173376275,1.5365002683843263,1.1674718196457328,0.17444981213097155,0.03354804079441761,
101,25.288513150831992,31.387546967257112,5.938003220611916,3.549382716049383,11.131239935587761,3.9720880300590444,15.693773483628556,1.6371443907675791,1.1943102522812667,0.17444981213097155,0.03354804079441761,
102,25.32206119162641,31.367418142780462,5.931293612453032,3.549382716049383,11.124530327428879,3.9720880300590444,15.646806226516372,1.6841116478797638,1.1943102522812667,0.17444981213097155,0.03354804079441761,
103,25.429414922168544,30.609232420826622,5.917874396135265,3.549382716049383,11.822329575952764,3.9720880300590444,15.613258185721953,1.6841116478797638,1.1943102522812667,0.17444981213097155,0.03354804079441761,
104,25.355609232420825,30.300590445517983,5.877616747181965,3.549382716049383,11.79549114331723,3.9720880300590444,15.995705850778315,1.751207729468599,1.1943102522812667,0.17444981213097155,0.03354804079441761,
105,25.47638217928073,30.152979066022546,5.837359098228664,3.5225442834138487,11.902844873859367,3.9452495974235107,15.94873859366613,1.751207729468599,1.221148684916801,0.17444981213097155,0.06709608158883522,
106,25.49651100375738,30.038915727321523,6.025228126677402,3.5225442834138487,11.882716049382717,3.9452495974235107,15.874932903918411,1.751207729468599,1.221148684916801,0.17444981213097155,0.06709608158883522,
107,25.523349436392916,29.622920021470748,6.025228126677402,3.5225442834138487,11.869296833064949,3.9586688137412773,16.29092860976919,1.751207729468599,1.1943102522812667,0.17444981213097155,0.06709608158883522,
108,22.08132045088567,36.842458400429415,5.9514224369296835,3.455448201825013,11.735104669887278,3.9318303811057436,12.835480407944177,1.751207729468599,1.1943102522812667,0.15432098765432098,0.06709608158883522,
109,21.66532474503489,37.29200214707461,5.924584004294149,3.3413848631239937,11.728395061728396,4.012345679012346,12.889157273215245,1.751207729468599,1.1741814278046163,0.15432098765432098,0.06709608158883522,
110,21.349973161567366,35.89640365002684,5.508588298443371,4.38137412775094,11.54723564143854,4.005636070853462,14.163982823403114,1.751207729468599,1.1741814278046163,0.15432098765432098,0.06709608158883522,
111,21.20907139023081,35.245571658615134,5.609232420826624,4.38137412775094,11.439881910896403,4.2203435319377345,14.828234031132581,1.751207729468599,1.093666129898014,0.15432098765432098,0.06709608158883522,
112,13.647342995169081,58.25952764358561,1.6237251744498122,2.0933977455716586,6.629092860976919,3.3816425120772946,12.010198604401502,1.2010198604401503,1.0534084809447128,0.07380568974771873,0.026838432635534086,
113,13.741277509393452,57.62211486849168,2.254428341384863,2.086688137412775,6.629092860976919,3.374932903918411,11.963231347289318,1.2010198604401503,1.0534084809447128,0.07380568974771873,,
114,13.774825550187868,57.1658615136876,2.6502952227589907,2.086688137412775,6.602254428341385,3.4017713365539453,11.963231347289318,1.2010198604401503,1.0802469135802468,0.07380568974771873,,
115,13.526570048309178,53.757380568974774,5.038915727321524,4.180085882984434,6.582125603864735,3.3279656468062266,11.379495437466453,1.0534084809447128,1.0802469135802468,0.07380568974771873,,
116,13.526570048309178,53.676865271068166,5.10601180891036,4.3545356951154055,6.488191089640365,3.3279656468062266,11.332528180354267,1.0534084809447128,1.0601180891035964,0.07380568974771873,,
117,13.633923778851315,52.21417069243156,4.40150295222759,6.642512077294686,6.488191089640365,3.307836822329576,11.07085346215781,1.0466988727858293,1.0601180891035964,0.13419216317767044,,
118,13.647342995169081,51.97933440687064,4.4820182501341925,6.749865807836822,6.521739130434782,3.3413848631239937,11.037305421363392,1.0466988727858293,1.0601180891035964,0.13419216317767044,,
119,13.714439076757918,51.58346752549651,4.508856682769726,6.749865807836822,6.508319914117015,3.629898013955985,11.037305421363392,1.0466988727858293,1.0869565217391304,0.13419216317767044,,
120,13.768115942028986,51.44927536231884,4.62962962962963,6.749865807836822,6.528448738593666,3.603059581320451,11.003757380568974,1.0466988727858293,1.0869565217391304,0.13419216317767044,,
121,13.92914653784219,51.328502415458935,4.64975845410628,6.749865807836822,6.528448738593666,3.589640365002684,10.95679012345679,1.0466988727858293,1.0869565217391304,0.13419216317767044,,
122,14.023081052066559,51.21443907675792,4.676596886741814,6.749865807836822,6.461352657004831,3.589640365002684,10.95679012345679,1.0466988727858293,1.1473429951690821,0.13419216317767044,,
123,14.009661835748792,51.02657004830918,4.8443370907139025,6.749865807836822,6.461352657004831,3.589640365002684,10.876274825550189,1.1607622114868492,1.1473429951690821,0.13419216317767044,,
124,14.083467525496511,50.93263553408481,4.87788513150832,6.749865807836822,6.447933440687064,3.589640365002684,10.876274825550189,1.1607622114868492,1.1473429951690821,0.13419216317767044,,
125,14.163982823403114,50.84541062801932,4.924852388620504,6.749865807836822,6.427804616210413,3.589640365002684,10.856146001073537,1.1607622114868492,1.1473429951690821,0.13419216317767044,,
126,14.257917337627482,50.64412238325282,4.938271604938271,6.850509930220075,6.508319914117015,3.475577026301664,10.82259796027912,1.1607622114868492,1.2077294685990339,0.13419216317767044,,
127,14.123725174449811,49.20155662909286,6.374127750939345,6.407675791733762,6.501610305958132,3.3480944712828773,11.802200751476114,1.0466988727858293,1.133923778851315,0.06038647342995169,,
128,14.150563607085346,47.16854535695116,8.380300590445518,6.407675791733762,6.501610305958132,3.3480944712828773,11.802200751476114,1.0466988727858293,1.133923778851315,0.06038647342995169,,
129,14.298174986580785,47.08132045088567,8.36688137412775,6.387546967257112,6.474771873322598,3.3480944712828773,11.802200751476114,1.0466988727858293,1.133923778851315,0.06038647342995169,,
130,14.318303811057435,47.08132045088567,8.36688137412775,6.360708534621578,6.367418142780462,3.3480944712828773,11.79549114331723,1.0466988727858293,1.2546967257112185,0.06038647342995169,,
131,14.418947933440688,47.02093397745572,8.09849704777241,6.360708534621578,6.353998926462695,3.3145464304884595,11.808910359634996,1.1808910359634996,1.2546967257112185,0.1878690284487386,,
132,14.412238325281804,46.93370907139023,8.05823939881911,6.347289318303811,6.353998926462695,3.3682232957595275,11.782071926999464,1.1808910359634996,1.3486312399355878,0.2147074610842727,,
133,14.49946323134729,46.752549651100374,8.165593129361245,6.333870101986044,6.327160493827161,3.3682232957595275,11.808910359634996,1.1808910359634996,1.3486312399355878,0.2147074610842727,,
134,14.42565754159957,46.4975845410628,8.407139023081053,6.300322061191626,6.327160493827161,3.3682232957595275,11.79549114331723,1.3150831991411702,1.3486312399355878,0.2147074610842727,,
135,14.512882447665056,46.464036500268385,8.373590982286634,6.280193236714976,6.327160493827161,3.3682232957595275,11.79549114331723,1.3150831991411702,1.3486312399355878,0.2147074610842727,,
136,14.579978529253891,44.907407407407405,9.762479871175524,6.253354804079442,6.367418142780462,3.3682232957595275,11.77536231884058,1.3016639828234031,1.3486312399355878,0.2147074610842727,,0.12077294685990338
137,14.74771873322598,44.80005367686527,9.796027911969942,6.1929683306494905,6.360708534621578,3.3682232957595275,11.748523886205046,1.3016639828234031,1.3486312399355878,0.2147074610842727,,0.12077294685990338
138,14.895330112721417,44.64573268921095,9.75577026301664,6.1929683306494905,6.340579710144928,3.3682232957595275,11.728395061728396,1.3888888888888888,1.3486312399355878,0.2147074610842727,,0.12077294685990338
139,14.989264626945786,44.24986580783682,9.601449275362318,6.541867954911433,6.340579710144928,3.3682232957595275,11.728395061728396,1.3888888888888888,1.3486312399355878,0.322061191626409,,0.12077294685990338
140,15.08990874932904,43.914385399892645,9.896672034353195,6.515029522275899,6.340579710144928,3.3682232957595275,11.694847020933977,1.3888888888888888,1.3486312399355878,0.322061191626409,,0.12077294685990338
141,15.217391304347826,43.74664519592056,9.863123993558776,6.515029522275899,6.481481481481482,3.3480944712828773,11.594202898550725,1.3754696725711217,1.3486312399355878,0.322061191626409,0.06709608158883522,0.12077294685990338
142,14.982555018786902,43.49838969404187,9.628287707997853,6.105743424584004,6.394256575415996,3.4957058507783145,12.801932367149758,1.2010198604401503,1.3821792807300053,0.322061191626409,0.06709608158883522,0.12077294685990338
143,15.022812667740205,43.001878690284485,10.071121846484166,5.877616747181965,6.723027375201288,3.4688674181427803,12.74825550187869,1.1943102522812667,1.3821792807300053,0.322061191626409,0.06709608158883522,0.12077294685990338
144,15.056360708534621,42.78046162104133,10.279119699409554,5.857487922705314,6.723027375201288,3.4151905528717124,12.714707461084272,1.1808910359634996,1.3821792807300053,0.4227053140096618,0.06709608158883522,0.12077294685990338
145,15.28448738593666,42.50536768652711,10.38647342995169,5.763553408480945,6.723027375201288,3.4151905528717124,12.654320987654321,1.1808910359634996,1.3821792807300053,0.5166398282340311,0.06709608158883522,0.12077294685990338
146,15.33816425120773,42.44498121309716,10.373054213633925,5.763553408480945,6.723027375201288,3.4420289855072466,12.647611379495437,1.1808910359634996,1.3821792807300053,0.5166398282340311,0.06709608158883522,0.12077294685990338
147,15.331454643048845,42.3443370907139,10.352925389157273,5.783682232957595,6.696188942565755,3.5762211486849167,12.647611379495437,1.1808910359634996,1.3821792807300053,0.5166398282340311,0.06709608158883522,0.12077294685990338
148,15.257648953301127,41.720343531937736,10.413311862587225,5.776972624798712,6.608964036500268,3.5762211486849167,13.331991411701557,1.06682769726248,1.5432098765432098,0.5166398282340311,0.06709608158883522,0.12077294685990338
149,15.324745034889963,41.666666666666664,10.413311862587225,5.642780461621041,6.608964036500268,3.5426731078904994,13.305152979066023,1.1003757380568975,1.6975308641975309,0.5099302200751477,0.06709608158883522,0.12077294685990338
150,15.063070316693505,41.217122920021474,10.399892646269459,4.53569511540526,6.582125603864735,3.502415458937198,15.291196994095545,1.2144390767579174,1.583467525496511,0.4227053140096618,0.06709608158883522,0.12077294685990338
151,14.680622651637144,40.405260332796566,10.379763821792807,4.528985507246377,7.823403113258186,3.4957058507783145,15.136876006441224,1.3553408480944713,1.583467525496511,0.4227053140096618,0.06709608158883522,0.12077294685990338
152,14.88191089640365,40.203972088030056,10.547504025764896,4.528985507246377,7.796564680622652,3.4420289855072466,15.069779924852389,1.3553408480944713,1.5633387010198605,0.4227053140096618,0.06709608158883522,0.12077294685990338
153,14.949006977992486,40.17713365539453,10.560923242082662,4.49543746645196,7.796564680622652,3.69699409554482,14.801395598497047,1.3888888888888888,1.5230810520665594,0.4227053140096618,0.06709608158883522,0.12077294685990338
154,14.88191089640365,39.22436929683307,10.373054213633925,4.522275899087493,7.796564680622652,5.005367686527107,14.734299516908212,1.3888888888888888,1.4626945786366077,0.4227053140096618,0.06709608158883522,0.12077294685990338
155,14.875201288244767,39.110305958132045,10.44015029522276,4.522275899087493,7.776435856146001,5.052334943639291,14.720880300590446,1.42914653784219,1.4626945786366077,0.4227053140096618,0.06709608158883522,0.12077294685990338
156,13.674181427804616,37.39935587761675,10.393183038110575,4.49543746645196,7.742887815351583,5.005367686527107,17.800590445517983,1.415727321524423,1.4626945786366077,0.4227053140096618,0.06709608158883522,0.12077294685990338
157,12.788513150831992,34.17874396135266,9.816156736446592,4.911433172302737,6.367418142780462,4.898013955984971,23.711755233494365,1.3083735909822867,1.4090177133655395,0.4227053140096618,0.06709608158883522,0.12077294685990338
158,12.781803542673108,33.84997316156736,9.990606548577563,4.9718196457326895,6.421095008051529,4.99194847020934,23.698336017176597,1.2748255501878691,1.4090177133655395,0.4227053140096618,0.06709608158883522,0.12077294685990338
159,12.929414922168545,33.756038647343,9.970477724100913,4.9651100375738055,6.454643048845948,4.99194847020934,23.637949543746647,1.2748255501878691,1.4090177133655395,0.4227053140096618,0.06709608158883522,0.12077294685990338
160,13.211218464841654,33.63526570048309,9.950348899624261,4.9651100375738055,6.454643048845948,4.958400429414922,23.396403650026837,1.2681159420289856,1.5499194847020934,0.4227053140096618,0.06709608158883522,0.12077294685990338
161,13.197799248523886,33.581588835212024,9.722222222222221,5.374396135265701,6.454643048845948,4.958400429414922,23.309178743961354,1.2412775093934514,1.5499194847020934,0.4227053140096618,0.06709608158883522,0.12077294685990338
162,12.741545893719806,34.13177670424047,9.722222222222221,6.085614600107354,6.508319914117015,4.817498658078368,22.564412238325282,1.2681159420289856,1.5499194847020934,0.4227053140096618,0.06709608158883522,0.12077294685990338
163,12.93612453032743,34.03113258185722,9.681964573268921,6.018518518518518,6.481481481481482,4.817498658078368,22.50402576489533,1.3016639828234031,1.5499194847020934,0.48980139559849706,0.06709608158883522,0.12077294685990338
164,12.674449812130971,33.52791196994095,9.634997316156737,6.125872249060655,6.481481481481482,4.904723564143854,23.15485775630703,1.3016639828234031,1.5499194847020934,0.4562533548040794,0.06709608158883522,0.12077294685990338
165,12.788513150831992,32.54830917874396,10.909822866344605,6.125872249060655,6.421095008051529,4.696725711218465,23.121309715512613,1.3016639828234031,1.5499194847020934,0.3488996242619431,0.06709608158883522,0.12077294685990338
166,12.875738056897477,32.25308641975309,11.198336017176597,6.166129898013956,6.421095008051529,4.696725711218465,23.07434245840043,1.3016639828234031,1.5163714439076759,0.30864197530864196,0.06709608158883522,0.12077294685990338
167,12.808641975308642,31.984702093397747,10.903113258185721,6.837090713902308,6.421095008051529,4.696725711218465,23.121309715512613,1.3016639828234031,1.42914653784219,0.30864197530864196,0.06709608158883522,0.12077294685990338
168,12.895866881374127,31.95786366076221,10.88298443370907,6.830381105743425,6.421095008051529,4.683306494900698,23.11460010735373,1.288244766505636,1.42914653784219,0.30864197530864196,0.06709608158883522,0.12077294685990338
169,12.95625335480408,31.662640901771336,11.077563070316694,6.816961889425658,6.421095008051529,4.683306494900698,23.067632850241544,1.4090177133655395,1.4090177133655395,0.30864197530864196,0.06709608158883522,0.12077294685990338
170,12.989801395598498,31.662640901771336,11.158078368223295,6.810252281266774,6.421095008051529,4.663177670424047,22.98040794417606,1.4090177133655395,1.4090177133655395,0.30864197530864196,0.06709608158883522,0.12077294685990338
171,12.915995705850777,31.61567364465915,11.158078368223295,6.796833064949007,6.407675791733762,4.730273752012883,23.081052066559312,1.3888888888888888,1.4090177133655395,0.30864197530864196,0.06709608158883522,0.12077294685990338
172,13.043478260869565,31.320450885668276,10.983628556092324,7.2933440687063875,6.407675791733762,4.730273752012883,23.013955984970476,1.3888888888888888,1.4761137949543746,0.15432098765432098,0.06709608158883522,0.12077294685990338
173,13.264895330112722,31.219806763285025,10.963499731615673,7.219538378958669,6.394256575415996,4.703435319377348,22.953569511540525,1.3888888888888888,1.4761137949543746,0.2281266774020397,0.06709608158883522,0.12077294685990338
174,13.264895330112722,31.206387546967257,10.963499731615673,7.219538378958669,6.528448738593666,4.64975845410628,22.899892646269457,1.3888888888888888,1.4626945786366077,0.2281266774020397,0.06709608158883522,0.12077294685990338
175,13.318572195383789,31.166129898013956,10.970209339774557,7.219538378958669,6.528448738593666,4.64975845410628,22.879763821792807,1.3888888888888888,1.4626945786366077,0.2281266774020397,0.06709608158883522,0.12077294685990338
176,13.352120236178207,31.0252281266774,11.16478797638218,7.219538378958669,6.474771873322598,4.64975845410628,22.82608695652174,1.4224369296833066,1.4492753623188406,0.2281266774020397,0.06709608158883522,0.12077294685990338
177,12.74825550187869,31.85721953837896,11.372785829307569,7.246376811594203,6.1862587224906065,4.64975845410628,22.65163714439077,1.4224369296833066,1.4492753623188406,0.2281266774020397,0.06709608158883522,0.12077294685990338
178,12.882447665056361,31.689479334406872,11.379495437466453,6.904186795491143,6.1862587224906065,4.622920021470746,22.604669887278583,1.865271068169619,1.4492753623188406,0.2281266774020397,0.06709608158883522,0.12077294685990338
179,12.734836285560924,31.635802469135804,11.144659151905529,6.904186795491143,6.810252281266774,4.616210413311863,22.591250670960815,1.8518518518518519,1.2949543746645196,0.2281266774020397,0.06709608158883522,0.12077294685990338
180,12.761674718196458,31.407675791733762,11.305689747718732,6.904186795491143,6.89747718733226,4.7168545356951155,22.423510466988727,1.8518518518518519,1.288244766505636,0.2281266774020397,0.06709608158883522,0.14761137949543746
181,12.788513150831992,31.374127750939344,11.486849168008588,6.850509930220075,6.89747718733226,4.696725711218465,22.15512614063339,2.01959205582394,1.288244766505636,0.2281266774020397,0.06709608158883522,0.14761137949543746
182,12.855609232420827,31.340579710144926,11.372785829307569,6.629092860976919,6.89747718733226,4.696725711218465,22.134997316156735,2.2410091250670963,1.288244766505636,0.3421900161030596,0.06709608158883522,0.13419216317767044
183,12.983091787439614,31.266774020397207,11.325818572195384,6.629092860976919,6.89747718733226,4.663177670424047,22.088030059044552,2.2410091250670963,1.288244766505636,0.41599570585077833,0.06709608158883522,0.13419216317767044
184,12.93612453032743,31.246645195920557,11.3191089640365,6.414385399892646,6.89747718733226,4.770531400966184,22.034353193773484,2.26784755770263,1.288244766505636,0.6239935587761675,0.06709608158883522,0.13419216317767044
185,13.097155126140633,31.233225979602793,11.312399355877616,6.414385399892646,6.890767579173376,4.757112184648417,21.91358024691358,2.26784755770263,1.288244766505636,0.6239935587761675,0.06709608158883522,0.13419216317767044
186,13.023349436392914,30.709876543209877,11.064143853998926,6.414385399892646,6.790123456790123,5.797101449275362,21.89345142243693,2.26784755770263,1.1808910359634996,0.6239935587761675,0.06709608158883522,0.16774020397208803
187,13.157541599570585,30.60252281266774,11.124530327428879,6.414385399892646,6.843800322061192,5.850778314546431,21.732420826623724,2.2410091250670963,1.1808910359634996,0.6172839506172839,0.06709608158883522,0.16774020397208803
188,13.238056897477188,30.515297906602253,11.18491680085883,6.367418142780462,6.736446591519055,5.8172302737520125,21.66532474503489,2.442297369833602,1.1808910359634996,0.6172839506172839,0.06709608158883522,0.16774020397208803
189,13.278314546430488,30.454911433172303,11.171497584541063,6.4412238325281805,6.729736983360172,5.756843800322061,21.651905528717123,2.4154589371980677,1.1808910359634996,0.6172839506172839,0.13419216317767044,0.16774020397208803
190,13.097155126140633,30.038915727321523,10.648148148148149,7.749597423510467,6.729736983360172,5.756843800322061,21.490874932903917,2.3886205045625335,1.1808910359634996,0.6172839506172839,0.13419216317767044,0.16774020397208803
191,13.238056897477188,30.02549651100376,10.61460010735373,7.716049382716049,6.696188942565755,5.756843800322061,21.464036500268385,2.3886205045625335,1.1808910359634996,0.6172839506172839,0.13419216317767044,0.16774020397208803
192,13.298443370907139,29.408212560386474,10.339506172839506,7.809983896940419,7.454374664519592,5.756843800322061,21.4573268921095,2.3483628556092326,1.1741814278046163,0.6172839506172839,0.13419216317767044,0.20128824476650564
193,13.486312399355878,29.300858829844337,10.339506172839506,7.809983896940419,7.427536231884058,5.756843800322061,21.3768115942029,2.3483628556092326,1.2010198604401503,0.6172839506172839,0.13419216317767044,0.20128824476650564
194,13.298443370907139,28.670155662909288,9.406870638754697,9.648416532474503,7.434245840042942,5.756843800322061,21.531132581857218,2.2745571658615136,1.2010198604401503,0.5233494363929146,0.13419216317767044,0.12077294685990338
195,13.358829844337091,28.650026838432634,9.406870638754697,10.11808910359635,7.434245840042942,5.756843800322061,21.041331186258724,2.254428341384863,1.2010198604401503,0.5233494363929146,0.13419216317767044,0.12077294685990338
196,13.352120236178207,28.589640365002683,9.380032206119163,10.11808910359635,7.749597423510467,5.756843800322061,20.685721953837895,2.3886205045625335,1.2010198604401503,0.5233494363929146,0.13419216317767044,0.12077294685990338
197,13.385668276972625,28.395061728395063,9.41358024691358,10.071121846484166,8.319914117015566,5.743424584004294,20.33011272141707,2.3886205045625335,1.1741814278046163,0.5233494363929146,0.13419216317767044,0.12077294685990338
198,13.479602791196994,28.348094471282877,9.380032206119163,10.433440687063875,8.064949006977992,5.743424584004294,20.323403113258184,2.3886205045625335,1.0601180891035964,0.5233494363929146,0.13419216317767044,0.12077294685990338
199,13.39237788513151,27.730810520665592,9.25925925925926,12.620772946859903,7.152442297369833,5.595813204508857,20.283145464304884,2.3349436392914655,0.8521202361782072,0.5233494363929146,0.13419216317767044,0.12077294685990338
200,13.446054750402576,27.616747181964573,9.29951690821256,12.620772946859903,7.118894256575416,5.649490069779925,20.283145464304884,2.3349436392914655,0.8521202361782072,0.5233494363929146,0.13419216317767044,0.12077294685990338
