,45,50,51,52,55,53,54,56,58,57,59
0,100.0,,,,,,,,,,
1,99.78529253891573,0.2147074610842727,,,,,,,,,
2,98.94659151905529,1.0534084809447128,,,,,,,,,
3,98.94659151905529,1.0534084809447128,,,,,,,,,
4,95.65217391304348,4.3478260869565215,,,,,,,,,
5,91.27079978529254,8.729200214707461,,,,,,,,,
6,91.2909286097692,8.709071390230811,,,,,,,,,
7,91.36473429951691,8.635265700483092,,,,,,,,,
8,90.66693505099302,9.333064949006978,,,,,,,,,
9,90.70719269994632,9.292807300053678,,,,,,,,,
10,90.8346752549651,9.16532474503489,,,,,,,,,
11,88.91572732152443,11.084272678475577,,,,,,,,,
12,88.95598497047773,11.044015029522276,,,,,,,,,
13,88.98282340311326,11.017176596886742,,,,,,,,,
14,89.11701556629093,10.88298443370907,,,,,,,,,
15,85.20531400966183,14.794685990338165,,,,,,,,,
16,82.67579173376275,17.324208266237253,,,,,,,,,
17,81.37412775093935,18.625872249060656,,,,,,,,,
18,81.40767579173377,18.592324208266238,,,,,,,,,
19,81.41438539989265,18.585614600107355,,,,,,,,,
20,80.67632850241546,19.32367149758454,,,,,,,,,
21,80.70316693505099,19.296833064949006,,,,,,,,,
22,80.31400966183575,19.685990338164252,,,,,,,,,
23,80.35426731078906,19.64573268921095,,,,,,,,,
24,57.54159957058508,42.45840042941492,,,,,,,,,
25,56.31374127750939,42.03569511540526,1.5029522275899088,0.14761137949543746,,,,,,,
26,56.454643048845945,41.89479334406871,1.5029522275899088,0.14761137949543746,,,,,,,
27,56.54186795491143,41.80756843800322,1.5029522275899088,0.14761137949543746,,,,,,,
28,56.89747718733226,41.45195920558239,1.5029522275899088,0.14761137949543746,,,,,,,
29,56.977992485238865,41.37144390767579,1.5029522275899088,0.14761137949543746,,,,,,,
30,54.49543746645196,43.53864734299517,1.8183038110574343,0.14761137949543746,,,,,,,
31,53.48228663446055,42.85426731078905,3.515834675254965,0.14761137949543746,,,,,,,
32,53.166935050993025,43.16961889425657,3.515834675254965,0.14761137949543746,,,,,,,
33,53.36151368760064,43.00858829844337,3.4822866344605474,0.14761137949543746,,,,,,,
34,53.56951154052604,42.81400966183575,3.4688674181427803,0.14761137949543746,,,,,,,
35,53.69028448738594,42.70665593129361,3.455448201825013,0.14761137949543746,,,,,,,
36,53.85131508319914,42.54562533548041,3.455448201825013,0.14761137949543746,,,,,,,
37,54.04589371980676,42.351046698872786,3.455448201825013,0.14761137949543746,,,,,,,
38,48.31588835212023,49.19484702093398,2.3483628556092326,,0.14090177133655393,,,,,,
39,46.812936124530324,47.296027911969944,5.750134192163178,,0.14090177133655393,,,,,,
40,46.88003220611916,47.22893183038111,5.750134192163178,,0.14090177133655393,,,,,,
41,46.752549651100374,46.403650026838434,5.750134192163178,0.95276435856146,0.14090177133655393,,,,,,
42,47.04106280193237,46.20907139023081,5.669618894256575,0.9393451422436929,0.14090177133655393,,,,,,
43,45.860171765968865,48.92646269457864,4.133118625872249,0.9393451422436929,0.14090177133655393,,,,,,
44,45.41733762748255,49.36929683306495,4.133118625872249,0.9393451422436929,0.14090177133655393,,,,,,
45,45.38378958668814,48.60440150295223,4.106280193236715,1.442565754159957,0.46296296296296297,,,,,,
46,45.52469135802469,48.047504025764894,4.066022544283414,1.42914653784219,0.9326355340848095,,,,,,
47,45.73268921095008,47.86634460547504,4.03918411164788,1.42914653784219,0.9326355340848095,,,,,,
48,45.772946859903385,47.59125067096082,4.025764895330113,1.3083735909822867,0.9326355340848095,0.36902844873859364,,,,,
49,45.900429414922165,47.497316156736446,3.911701556629093,1.3083735909822867,1.0131508319914118,0.36902844873859364,,,,,
50,46.09500805152979,47.32957595276436,3.911701556629093,1.2949543746645196,0.9997316156736447,0.36902844873859364,,,,,
51,46.262748255501876,47.22222222222222,3.8848631239935587,1.261406333870102,0.9997316156736447,0.36902844873859364,,,,,
52,46.43719806763285,46.5378421900161,3.864734299516908,1.261406333870102,1.5297906602254427,0.36902844873859364,,,,,
53,41.59286097691895,39.69404186795491,16.109769189479334,1.2144390767579174,1.0198604401502953,0.36902844873859364,,,,,
54,41.8545356951154,39.27133655394525,16.069511540526033,1.2144390767579174,1.221148684916801,0.36902844873859364,,,,,
55,38.506441223832525,42.44498121309716,16.029253891572733,1.2144390767579174,1.4358561460010735,0.36902844873859364,,,,,
56,25.59044551798175,61.8894256575416,10.185185185185185,0.18115942028985507,1.2681159420289856,0.36902844873859364,0.5166398282340311,,,,
57,25.831991411701555,61.56736446591519,10.158346752549651,0.18115942028985507,1.3754696725711217,0.36902844873859364,0.5166398282340311,,,,
58,25.959473966720342,60.86285560923242,10.131508319914117,0.18115942028985507,1.9927536231884058,0.35560923242082665,0.5166398282340311,,,,
59,26.234567901234566,60.63472893183038,10.084541062801932,0.18115942028985507,1.9927536231884058,0.35560923242082665,0.5166398282340311,,,,
60,26.496242619431026,60.41331186258722,10.064412238325282,0.18115942028985507,1.9927536231884058,0.33548040794417605,0.5166398282340311,,,,
61,26.81159420289855,60.08454106280193,9.98389694041868,0.18115942028985507,2.086688137412775,0.33548040794417605,0.5166398282340311,,,,
62,27.053140096618357,59.99060654857756,9.836285560923242,0.18115942028985507,2.086688137412775,0.33548040794417605,0.5166398282340311,,,,
63,27.455716586151368,59.52093397745572,9.836285560923242,0.18115942028985507,2.167203435319377,0.33548040794417605,0.5032206119162641,,,,
64,27.32823403113258,57.75630703166935,9.782608695652174,2.395330112721417,1.9994632313472893,0.23483628556092323,0.5032206119162641,,,,
65,26.133923778851315,54.98523886205046,9.73564143853999,5.743424584004294,2.6637144390767578,0.23483628556092323,0.5032206119162641,,,,
66,26.38888888888889,54.78395061728395,9.722222222222221,5.703166935050993,2.6637144390767578,0.23483628556092323,0.5032206119162641,,,,
67,26.583467525496513,54.66317767042405,9.688674181427805,5.662909286097692,2.6637144390767578,0.23483628556092323,0.5032206119162641,,,,
68,26.952495974235106,53.83118625872249,9.675254965110037,6.166129898013956,2.636876006441224,0.23483628556092323,0.5032206119162641,,,,
69,22.550993022007514,50.496511003757384,8.870101986044014,14.63365539452496,2.7106816961889426,0.23483628556092323,0.5032206119162641,,,,
70,22.14170692431562,48.8593666129898,8.80300590445518,14.284755770263017,2.576489533011272,0.5099302200751477,2.8247450348899625,,,,
71,22.450348899624263,48.631239935587764,8.80300590445518,14.224369296833064,2.5563607085346214,0.5099302200751477,2.8247450348899625,,,,
72,22.537573805689746,48.47691894793344,8.776167471819646,14.318303811057435,2.5563607085346214,0.5099302200751477,2.8247450348899625,,,,
73,22.497316156736446,47.75228126677402,8.742619431025227,14.06333870101986,2.5563607085346214,0.5099302200751477,3.878153515834675,,,,
74,22.75228126677402,47.61137949543747,8.702361782071927,13.942565754159958,2.49597423510467,0.5099302200751477,3.864734299516908,0.12077294685990338,,,
75,22.108158883521202,43.61916264090177,8.608427267847558,15.237520128824476,2.657004830917874,3.9049919484702094,3.864734299516908,,,,
76,20.625335480407944,42.223564143854,11.594202898550725,15.157004830917874,2.6435856146001075,3.9049919484702094,3.851315083199141,,,,
77,20.947396672034355,41.99543746645196,11.58749329039184,15.116747181964573,2.6435856146001075,3.9049919484702094,3.8043478260869565,,,,
78,20.665593129361245,41.48550724637681,11.560654857756306,15.713902308105206,2.5295222758990876,3.9049919484702094,4.139828234031133,,,,
79,20.25630703166935,43.59903381642512,10.064412238325282,15.633387010198604,2.4020397208803006,3.9049919484702094,4.139828234031133,,,,
80,20.7662372517445,43.4044551798175,9.849704777241008,15.593129361245303,2.4020397208803006,3.9049919484702094,4.079441760601181,,,,
81,21.115136876006442,43.19645732689211,9.836285560923242,15.465646806226516,2.4020397208803006,3.9049919484702094,4.079441760601181,,,,
82,21.349973161567366,43.08910359634997,9.796027911969942,15.378421900161031,2.4020397208803006,3.9049919484702094,4.079441760601181,,,,
83,21.772678475577028,42.74020397208803,9.782608695652174,15.33816425120773,2.4020397208803006,3.8848631239935587,4.079441760601181,,,,
84,21.470746108427267,41.237251744498124,9.749060654857756,14.566559312936125,2.3886205045625335,4.320987654320987,6.112453032742888,0.15432098765432098,,,
85,21.67874396135266,41.116478797638216,9.742351046698873,14.53972088030059,2.3886205045625335,4.274020397208803,6.105743424584004,0.15432098765432098,,,
86,21.886741814278047,41.015834675254965,9.71551261406334,14.512882447665056,2.3886205045625335,4.253891572732153,6.072195383789587,0.15432098765432098,,,
87,22.061191626409016,39.52630166398282,9.473966720343531,14.27133655394525,2.3886205045625335,6.119162640901771,6.005099302200751,0.15432098765432098,,,
88,22.208803005904453,39.331723027375205,9.447128287707997,14.257917337627482,2.3886205045625335,6.414385399892646,5.797101449275362,0.15432098765432098,,,
89,21.866612989801396,37.533548040794415,9.426999463231347,16.686795491143318,2.281266774020397,6.333870101986044,5.71658615136876,0.15432098765432098,,,
90,21.544551798174986,37.27858293075684,10.178475577026301,16.35131508319914,2.281266774020397,6.575415995705851,5.636070853462158,0.15432098765432098,,,
91,21.73913043478261,37.17793880837359,10.151637144390767,16.33118625872249,2.281266774020397,6.528448738593666,5.636070853462158,0.15432098765432098,,,
92,21.940418679549115,36.95652173913044,10.111379495437467,16.27750939345142,2.120236178207193,6.353998926462695,6.085614600107354,0.15432098765432098,,,
93,22.228931830381107,36.842458400429415,10.064412238325282,16.210413311862588,2.073268921095008,6.340579710144928,6.085614600107354,0.15432098765432098,,,
94,22.470477724100913,36.68813741277509,10.037573805689748,16.19699409554482,2.073268921095008,6.293612453032743,6.085614600107354,0.15432098765432098,,,
95,22.73886205045625,36.52710681696189,10.030864197530864,15.83467525496511,2.046430488459474,6.260064412238325,6.407675791733762,0.15432098765432098,,,
96,22.52415458937198,36.33923778851315,11.943102522812667,14.533011272141707,1.9457863660762211,6.152710681696189,6.407675791733762,0.15432098765432098,,,
97,22.779119699409556,36.198336017176594,11.943102522812667,14.472624798711756,1.9256575415995705,6.152710681696189,6.374127750939345,0.15432098765432098,,,
98,23.040794417606012,36.090982286634464,11.882716049382717,14.398819108964037,1.9256575415995705,6.152710681696189,6.353998926462695,0.15432098765432098,,,
99,23.423242082662373,35.92324208266237,11.849168008588299,14.31159420289855,1.8988191089640365,6.099033816425121,6.340579710144928,0.15432098765432098,,,
100,23.658078368223297,35.86285560923242,11.849168008588299,14.143853998926463,1.8988191089640365,6.018518518518518,6.414385399892646,0.15432098765432098,,,
101,23.362855609232422,35.37976382179281,13.358829844337091,13.81508319914117,1.8853998926462694,5.629361245303274,6.414385399892646,0.15432098765432098,,,
102,23.61111111111111,35.34621578099839,13.325281803542673,13.788244766505636,1.7646269457863661,5.60252281266774,6.407675791733762,0.15432098765432098,,,
103,20.169082125603865,27.68384326355341,27.18733225979603,13.271604938271604,1.724369296833065,5.280461621041331,4.528985507246377,0.15432098765432098,,,
104,20.28985507246377,27.58990874932904,26.77133655394525,13.231347289318304,1.724369296833065,5.280461621041331,4.528985507246377,0.5837359098228664,,,
105,20.645464304884594,27.42216854535695,26.482823403113258,13.177670424047236,1.724369296833065,5.22007514761138,4.51556629092861,0.8118625872249061,,,
106,20.967525496511005,27.388620504562535,26.44927536231884,12.949543746645196,1.724369296833065,5.22007514761138,4.488727858293076,0.8118625872249061,,,
107,21.329844337090712,27.3215244229737,26.37546967257112,12.822061191626409,1.724369296833065,5.159688674181428,4.455179817498658,0.8118625872249061,,,
108,21.62506709608159,27.28797638217928,26.147342995169083,12.815351583467525,1.724369296833065,5.146269457863661,4.441760601180891,0.8118625872249061,,,
109,21.72571121846484,27.254428341384862,26.147342995169083,12.74825550187869,1.724369296833065,5.146269457863661,4.441760601180891,0.8118625872249061,,,
110,21.994095544820183,27.194041867954912,26.04669887278583,12.654320987654321,1.724369296833065,5.146269457863661,4.428341384863124,0.8118625872249061,,,
111,22.15512614063339,27.006172839506174,25.738056897477186,12.634192163177671,2.100107353730542,5.12614063338701,4.428341384863124,0.8118625872249061,,,
112,22.48389694041868,26.81159420289855,25.670960815888353,12.600644122383253,2.100107353730542,5.10601180891036,4.414922168545357,0.8118625872249061,,,
113,22.665056360708533,26.757917337627482,25.583735909822867,12.600644122383253,2.100107353730542,5.0791733762748255,4.40150295222759,0.8118625872249061,,,
114,22.73886205045625,26.69753086419753,25.42270531400966,12.5402576489533,2.3081052066559313,5.0791733762748255,4.40150295222759,0.8118625872249061,,,
115,22.6784755770263,25.577026301663984,25.0805152979066,12.506709608158884,2.3081052066559313,5.065754159957058,5.71658615136876,1.06682769726248,,,
116,22.73886205045625,25.32206119162641,24.97987117552335,12.090713902308105,2.26784755770263,5.025496511003757,6.105743424584004,1.4694041867954912,,,
117,23.020665593129362,25.241545893719806,24.879227053140095,12.077294685990339,2.2208803005904456,4.985238862050457,6.105743424584004,1.4694041867954912,,,
118,23.2487922705314,25.207997852925388,24.745034889962426,12.077294685990339,2.187332259796028,4.985238862050457,6.099033816425121,1.4492753623188406,,,
119,23.309178743961354,25.194578636607623,24.56387546967257,12.04374664519592,2.428878153515835,4.958400429414922,6.052066559312936,1.4492753623188406,,,
120,23.403113258185723,24.67793880837359,24.550456253354803,11.66129898013956,2.2879763821792807,4.918142780461621,7.051798174986581,1.4492753623188406,,,
121,23.637949543746647,24.60413311862587,24.44981213097155,11.654589371980677,2.2879763821792807,4.918142780461621,6.998121309715513,1.4492753623188406,,,
122,23.845947396672035,24.496779388083738,24.362587224906065,11.634460547504025,2.2879763821792807,4.703435319377348,6.998121309715513,1.4492753623188406,0.2214170692431562,,
123,24.033816425120772,24.456521739130434,24.12775093934514,11.614331723027375,2.2879763821792807,4.5960815888352125,6.998121309715513,1.6639828234031133,0.2214170692431562,,
124,24.342458400429415,24.396135265700483,24.033816425120772,11.58749329039184,2.2745571658615136,4.575952764358561,6.904186795491143,1.6639828234031133,0.2214170692431562,,
125,24.235104669887278,23.879495437466453,23.939881910896403,11.574074074074074,1.865271068169619,5.978260869565218,6.642512077294686,1.6639828234031133,0.2214170692431562,,
126,24.490069779924852,23.758722490606548,23.845947396672035,11.540526033279656,1.865271068169619,5.971551261406334,6.642512077294686,1.6639828234031133,0.2214170692431562,,
127,24.792002147074612,23.72517444981213,23.758722490606548,11.493558776167472,1.865271068169619,5.911164787976382,6.568706387546968,1.6639828234031133,0.2214170692431562,,
128,25.0402576489533,23.67149758454106,23.26892109500805,11.480139559849706,1.8585614600107354,5.877616747181965,6.541867954911433,2.0397208803005906,0.2214170692431562,,
129,25.261674718196456,23.59098228663446,23.262211486849168,11.453301127214171,1.8518518518518519,5.877616747181965,6.494900697799249,1.9860440150295222,0.2214170692431562,,
130,25.36231884057971,23.57085346215781,23.2085346215781,11.439881910896403,1.8518518518518519,5.870907139023081,6.494900697799249,1.9860440150295222,0.2147074610842727,,
131,25.697799248523886,23.356146001073537,23.13472893183038,11.426462694578637,1.8518518518518519,5.870907139023081,6.468062265163715,1.9793344068706387,0.2147074610842727,,
132,25.87224906065486,23.26892109500805,23.10789049919485,11.386205045625335,1.8988191089640365,5.83064949006978,6.447933440687064,1.9726247987117553,0.2147074610842727,,
133,26.174181427804616,23.1682769726248,22.973698336017176,11.332528180354267,1.8988191089640365,5.83064949006978,6.4412238325281805,1.9659151905528718,0.2147074610842727,,
134,26.35534084809447,23.121309715512613,22.61808910359635,11.312399355877616,1.8786902844873858,5.83064949006978,6.5552871712292005,2.1135265700483092,0.2147074610842727,,
135,26.462694578636608,23.09447128287708,22.57783145464305,11.305689747718732,1.8786902844873858,5.83064949006978,6.521739130434782,2.1135265700483092,0.2147074610842727,,
136,26.670692431561996,23.05421363392378,22.510735373054214,11.258722490606548,1.8786902844873858,5.83064949006978,6.501610305958132,2.0799785292538915,0.2147074610842727,,
137,26.8719806763285,23.020665593129362,22.457058507783145,11.218464841653248,1.8786902844873858,5.83064949006978,6.4412238325281805,2.0665593129361244,0.2147074610842727,,
138,27.026301663982824,22.966988727858293,22.403381642512077,11.18491680085883,1.865271068169619,5.83064949006978,6.4412238325281805,2.0665593129361244,0.2147074610842727,,
139,27.30139559849705,22.839506172839506,22.29602791196994,11.144659151905529,1.865271068169619,5.83064949006978,6.4412238325281805,2.0665593129361244,0.2147074610842727,,
140,27.482555018786904,22.839506172839506,22.15512614063339,11.124530327428879,1.865271068169619,5.83064949006978,6.421095008051529,2.0665593129361244,0.2147074610842727,,
141,27.583199141170155,22.799248523886206,22.108158883521202,11.124530327428879,1.865271068169619,5.83064949006978,6.407675791733762,2.0665593129361244,0.2147074610842727,,
142,27.750939345142243,22.785829307568438,22.034353193773484,11.104401502952227,1.865271068169619,5.810520665593129,6.407675791733762,2.0263016639828235,0.2147074610842727,,
143,27.616747181964573,22.758990874932906,21.967257112184647,12.889157273215245,1.865271068169619,4.643048845947397,6.407675791733762,1.6371443907675791,0.2147074610842727,,
144,27.75764895330113,22.67176596886742,21.87332259796028,12.889157273215245,1.865271068169619,4.643048845947397,6.447933440687064,1.6371443907675791,0.2147074610842727,,
145,28.039452495974235,22.5979602791197,21.79951690821256,12.835480407944177,1.865271068169619,4.609500805152979,6.4345142243692965,1.6035963499731616,0.2147074610842727,,
146,28.173644659151904,22.550993022007514,21.792807300053678,12.76838432635534,1.8585614600107354,4.609500805152979,6.427804616210413,1.6035963499731616,0.2147074610842727,,
147,28.307836822329577,22.52415458937198,21.772678475577028,12.647611379495437,1.9390767579173376,4.562533548040794,6.427804616210413,1.6035963499731616,0.2147074610842727,,
148,28.703703703703702,22.497316156736446,21.72571121846484,12.627482555018787,1.9390767579173376,4.28743961352657,6.427804616210413,1.5767579173376274,0.2147074610842727,,
149,28.85131508319914,22.477187332259795,21.67874396135266,12.580515297906603,1.9390767579173376,4.28743961352657,6.394256575415996,1.5767579173376274,0.2147074610842727,,
150,28.958668813741276,22.450348899624263,21.631776704240472,12.546967257112184,1.9390767579173376,4.159957058507783,6.394256575415996,1.5633387010198605,0.2147074610842727,0.14090177133655393,
151,29.126409017713364,22.36983360171766,21.544551798174986,12.546967257112184,1.9390767579173376,4.159957058507783,6.394256575415996,1.5633387010198605,0.2147074610842727,0.14090177133655393,
152,26.435856146001072,18.54535695115405,32.15915190552872,12.432903918411165,1.3486312399355878,2.952227589908749,4.42163177670424,1.4895330112721417,0.2147074610842727,,
153,26.617015566290927,18.54535695115405,32.03166935050993,12.392646269457863,1.3486312399355878,2.952227589908749,4.42163177670424,1.4761137949543746,0.2147074610842727,,
154,12.775093934514224,66.27750939345142,13.841921631776705,3.388352120236178,0.9594739667203436,0.17444981213097155,2.2410091250670963,0.3421900161030596,,,
155,13.070316693505099,61.60762211486849,13.801663982823403,3.374932903918411,5.387815351583468,0.17444981213097155,2.2410091250670963,0.3421900161030596,,,
156,13.45276435856146,61.37949543746645,13.70101986044015,3.374932903918411,5.367686527106817,0.17444981213097155,2.2074610842726785,0.3421900161030596,,,
157,13.882179280730005,60.97691894793344,13.358829844337091,3.374932903918411,5.3274288781535155,0.17444981213097155,2.1940418679549114,0.7112184648416533,,,
158,14.049919484702093,60.86285560923242,13.33870101986044,3.374932903918411,5.300590445517981,0.17444981213097155,2.187332259796028,0.7112184648416533,,,
159,14.284755770263017,60.71524422973698,13.258185721953838,3.374932903918411,5.300590445517981,0.17444981213097155,2.1806226516371443,0.7112184648416533,,,
160,14.459205582393988,60.33279656468062,13.258185721953838,3.374932903918411,5.589103596349974,0.17444981213097155,2.13365539452496,0.6776704240472357,,,
161,14.781266774020397,60.138217928073,13.18438003220612,3.374932903918411,5.535426731078905,0.17444981213097155,2.13365539452496,0.6776704240472357,,,
162,14.237788513150832,59.01771336553945,12.788513150831992,2.2342995169082127,5.501878690284487,3.656736446591519,1.8853998926462694,0.6776704240472357,,,
163,14.358561460010735,58.89694041867955,12.607353730542137,2.2342995169082127,5.46833064949007,3.6231884057971016,1.8719806763285025,0.9393451422436929,,,
164,14.486044015029522,58.85668276972625,12.593934514224369,2.2342995169082127,5.394524959742351,3.6231884057971016,1.8719806763285025,0.9393451422436929,,,
165,14.888620504562533,58.55475040257649,12.5402576489533,2.227589908749329,5.394524959742351,3.6231884057971016,1.8451422436929683,0.9259259259259259,,,
166,15.203972088030058,56.50161030595813,12.493290391841116,2.227589908749329,4.119699409554482,6.723027375201288,1.8317230273752012,0.8990874932903918,,,
167,15.60654857756307,55.9447128287708,12.372517444981213,2.187332259796028,4.30756843800322,6.723027375201288,1.8317230273752012,1.0265700483091786,,,
168,15.814546430488459,55.81723027375201,12.345679012345679,2.187332259796028,4.30756843800322,6.66935050993022,1.8317230273752012,1.0265700483091786,,,
169,15.411969940955448,53.88486312399356,12.198067632850242,2.187332259796028,6.870638754696726,6.662640901771336,1.8317230273752012,0.95276435856146,,,
170,15.76086956521739,53.71041331186259,12.130971551261407,2.187332259796028,6.810252281266774,6.615673644659152,1.8317230273752012,0.95276435856146,,,
171,16.069511540526033,53.44873859366613,12.104133118625873,2.1806226516371443,6.716317767042405,6.159420289855072,2.1604938271604937,1.1607622114868492,,,
172,16.23054213633924,53.36151368760064,12.077294685990339,2.15378421900161,6.716317767042405,6.139291465378422,2.1604938271604937,1.1607622114868492,,,
173,16.512345679012345,53.173644659151904,12.037037037037036,2.1135265700483092,6.702898550724638,6.139291465378422,2.1604938271604937,1.1607622114868492,,,
174,16.800858829844337,53.0126140633387,11.90955448201825,2.1135265700483092,6.850509930220075,6.119162640901771,2.147074610842727,1.0466988727858293,,,
175,17.28395061728395,52.764358561460014,11.862587224906065,2.0799785292538915,6.796833064949007,6.018518518518518,2.147074610842727,1.0466988727858293,,,
176,17.270531400966185,49.11433172302738,11.79549114331723,2.0799785292538915,10.560923242082662,5.991680085882985,2.1403650026838434,1.0466988727858293,,,
177,17.60601180891036,49.000268384326354,11.788781535158346,2.046430488459474,10.513955984970478,5.857487922705314,2.1403650026838434,1.0466988727858293,,,
178,17.954911433172303,48.007246376811594,11.681427804616211,2.046430488459474,11.33923778851315,5.8172302737520125,2.1135265700483092,1.0399892646269457,,,
179,18.33064949006978,47.88647342995169,11.533816425120772,2.0263016639828235,11.305689747718732,5.776972624798712,2.1135265700483092,1.0265700483091786,,,
180,18.746645195920557,47.75228126677402,11.419753086419753,2.0263016639828235,11.16478797638218,5.776972624798712,2.086688137412775,1.0265700483091786,,,
181,18.853998926462694,47.557702630166396,11.419753086419753,2.0263016639828235,11.272141706924316,5.756843800322061,2.086688137412775,1.0265700483091786,,,
182,19.269994632313473,47.28260869565217,11.41304347826087,2.0263016639828235,11.137949543746645,5.756843800322061,2.086688137412775,1.0265700483091786,,,
183,19.605475040257648,46.96054750402576,11.372785829307569,2.0263016639828235,11.084272678475577,5.394524959742351,2.5295222758990876,1.0265700483091786,,,
184,19.940955448201827,46.806226516371446,11.352657004830919,2.0263016639828235,11.010466988727858,5.293880837359098,2.49597423510467,1.0735373054213635,,,
185,20.135534084809446,46.765968867418145,11.231884057971014,2.0263016639828235,11.010466988727858,5.280461621041331,2.475845410628019,1.0735373054213635,,,
186,20.276435856146,46.3365539452496,11.198336017176597,2.0128824476650564,11.352657004830919,5.280461621041331,2.4691358024691357,1.0735373054213635,,,
187,20.33011272141707,46.175523349436396,10.715244229736983,2.0128824476650564,11.258722490606548,5.280461621041331,3.1535158346752548,1.0735373054213635,,,
188,20.7662372517445,45.74610842726785,10.7085346215781,2.0128824476650564,11.406333870101985,5.226784755770263,3.1065485775630703,1.0265700483091786,,,
189,21.115136876006442,45.59849704777241,10.661567364465915,2.0128824476650564,11.312399355877616,5.166398282340311,3.1065485775630703,1.0265700483091786,,,
190,21.22920021470746,45.53811057434246,10.63472893183038,2.0128824476650564,11.312399355877616,5.139559849704777,3.1065485775630703,1.0265700483091786,,,
191,21.38352120236178,45.450885668276975,10.59447128287708,2.0128824476650564,11.265432098765432,4.804079441760601,3.1065485775630703,1.3821792807300053,,,
192,21.537842190016104,45.24288781535159,10.446859903381643,2.328234031132582,11.252012882447666,4.74369296833065,3.079710144927536,1.3687600644122384,,,
193,21.69887278582931,45.148953301127214,10.446859903381643,2.328234031132582,11.245303274288782,4.74369296833065,3.0730005367686526,1.3150831991411702,,,
194,21.93370907139023,45.07514761137949,10.406602254428341,2.3215244229736984,11.16478797638218,4.7101449275362315,3.0730005367686526,1.3150831991411702,,,
195,21.987385936661298,44.18947933440687,10.272410091250672,2.3215244229736984,11.849168008588299,4.7101449275362315,3.3548040794417604,1.3150831991411702,,,
196,22.18196457326892,42.84755770263017,10.23215244229737,2.3215244229736984,12.68786902844874,4.683306494900698,3.730542136339238,1.3150831991411702,,,
197,22.249060654857757,42.74020397208803,10.218733225979603,2.3081052066559313,12.754965110037574,4.683306494900698,3.730542136339238,1.3150831991411702,,,
198,22.27589908749329,42.67981749865808,9.883252818035427,2.3081052066559313,13.170960815888352,4.64975845410628,3.717122920021471,1.3150831991411702,,,
199,22.69860440150295,42.62614063338701,9.594739667203436,2.3081052066559313,13.144122383252817,4.64975845410628,3.6768652710681695,1.3016639828234031,,,
200,22.953569511540525,42.552334943639295,9.581320450885668,2.301395598497048,13.009930220075148,4.62962962962963,3.670155662909286,1.3016639828234031,,,
201,23.463499731615673,42.3443370907139,9.406870638754697,2.301395598497048,12.949543746645196,4.62962962962963,3.603059581320451,1.3016639828234031,,,
202,23.60440150295223,42.29736983360172,9.400161030595813,2.301395598497048,12.875738056897477,4.622920021470746,3.5963499731615673,1.3016639828234031,,,
203,23.832528180354267,42.169887278582934,9.400161030595813,2.301395598497048,12.801932367149758,4.622920021470746,3.5963499731615673,1.2748255501878691,,,
204,24.134460547504027,41.7740203972088,9.400161030595813,2.301395598497048,12.667740203972087,4.864465915190553,3.589640365002684,1.2681159420289856,,,
205,24.490069779924852,41.48550724637681,9.400161030595813,2.301395598497048,12.600644122383253,4.864465915190553,3.589640365002684,1.2681159420289856,,,
206,25.107353730542137,40.975577026301664,9.359903381642512,2.301395598497048,12.553676865271068,4.864465915190553,3.589640365002684,1.247987117552335,,,
207,25.201288244766506,40.747450348899626,9.312936124530328,2.301395598497048,12.627482555018787,4.9718196457326895,3.589640365002684,1.247987117552335,,,
208,25.228126677402038,40.445517981749866,9.306226516371444,2.301395598497048,12.627482555018787,4.9718196457326895,3.8714439076757916,1.247987117552335,,,
209,25.39586688137413,40.33816425120773,9.27938808373591,2.301395598497048,12.627482555018787,4.9718196457326895,3.8714439076757916,1.2144390767579174,,,
210,25.77831454643049,39.97584541062802,9.27938808373591,2.301395598497048,12.627482555018787,4.9718196457326895,3.851315083199141,1.2144390767579174,,,
211,25.939345142243692,39.82823403113258,9.27938808373591,2.2879763821792807,12.627482555018787,4.9718196457326895,3.851315083199141,1.2144390767579174,,,
212,26.154052603327965,39.67391304347826,9.27938808373591,2.2879763821792807,12.620772946859903,4.9718196457326895,3.824476650563607,1.1876006441223832,,,
213,26.268115942028984,39.660493827160494,9.245840042941492,2.2611379495437465,12.620772946859903,4.931561996779388,3.824476650563607,1.1876006441223832,,,
214,26.38888888888889,39.61352657004831,9.192163177670425,2.2611379495437465,12.614063338701019,4.918142780461621,3.824476650563607,1.1876006441223832,,,
215,26.684111647879764,39.46591519055287,9.185453569511541,2.2611379495437465,12.546967257112184,4.8443370907139025,3.824476650563607,1.1876006441223832,,,
216,26.650563607085346,39.31159420289855,9.185453569511541,2.2611379495437465,12.808641975308642,4.783950617283951,3.81105743424584,1.1876006441223832,,,
217,27.093397745571657,39.17740203972088,9.158615136876007,2.214170692431562,12.573805689747719,4.783950617283951,3.81105743424584,1.1876006441223832,,,
218,27.623456790123456,38.85534084809447,9.145195920558239,2.214170692431562,12.493290391841116,4.750402576489533,3.770799785292539,1.1473429951690821,,,
219,27.730810520665592,38.848631239935585,9.084809447128288,2.214170692431562,12.466451959205582,4.736983360171766,3.770799785292539,1.1473429951690821,,,
220,27.992485238862052,38.7211486849168,9.07139023081052,2.1940418679549114,12.426194310252281,4.703435319377348,3.7640901771336552,1.1272141706924315,,,
221,28.18035426731079,38.58024691358025,9.07139023081052,2.1940418679549114,12.392646269457863,4.703435319377348,3.750670960815888,1.1272141706924315,,,
222,27.87842190016103,38.459473966720346,7.5348899624261945,5.508588298443371,11.98336017176597,3.9855072463768115,3.69699409554482,0.95276435856146,,,
223,27.938808373590984,38.419216317767045,7.5348899624261945,5.508588298443371,11.976650563607086,3.9855072463768115,3.683574879227053,0.95276435856146,,,
224,28.18035426731079,38.32528180354267,7.48792270531401,5.508588298443371,11.963231347289318,3.9318303811057436,3.683574879227053,0.9192163177670424,,,
225,28.428609769189478,38.258185721953836,7.467793880837359,5.508588298443371,11.83574879227053,3.898282340311326,3.683574879227053,0.9192163177670424,,,
226,28.629898013955984,38.157541599570585,7.4006977992485234,5.508588298443371,11.802200751476114,3.898282340311326,3.683574879227053,0.9192163177670424,,,
227,28.77079978529254,38.13070316693505,7.4006977992485234,5.508588298443371,11.721685453569512,3.878153515834675,3.670155662909286,0.9192163177670424,,,
228,29.066022544283413,38.036768652710684,7.4006977992485234,5.4616210413311865,11.647879763821793,3.878153515834675,3.589640365002684,0.9192163177670424,,,
229,29.166666666666668,37.98309178743961,7.4006977992485234,5.4616210413311865,11.60762211486849,3.8714439076757916,3.589640365002684,0.9192163177670424,,,
230,29.502147074610843,37.74154589371981,7.380568974771873,5.360976918947934,11.372785829307569,3.7909286097691894,3.9318303811057436,0.9192163177670424,,,
231,29.66988727858293,37.553676865271065,7.380568974771873,5.877616747181965,10.896403650026839,3.7909286097691894,3.911701556629093,0.9192163177670424,,,
232,29.844337090713903,37.432903918411164,7.380568974771873,5.877616747181965,10.829307568438002,3.7238325281803544,3.992216854535695,0.9192163177670424,,,
233,30.159688674181428,37.36580783682233,7.360440150295223,5.83064949006978,10.661567364465915,3.7104133118625873,3.992216854535695,0.9192163177670424,,,
234,30.555555555555557,36.99006977992485,7.360440150295223,5.797101449275362,10.695115405260333,3.6902844873859366,3.992216854535695,0.9192163177670424,,,
235,30.837359098228664,36.8491680085883,7.347020933977456,5.756843800322061,10.661567364465915,3.6500268384326353,3.992216854535695,0.9057971014492754,,,
236,31.05877616747182,36.621041331186255,7.347020933977456,5.750134192163178,10.46027911969941,3.6500268384326353,3.992216854535695,0.9057971014492754,,0.2147074610842727,
237,31.293612453032743,36.493558776167475,7.313472893183038,5.750134192163178,10.433440687063875,3.6500268384326353,3.9452495974235107,0.9057971014492754,,0.2147074610842727,
238,31.387546967257112,36.38620504562534,7.313472893183038,5.750134192163178,10.413311862587225,3.5829307568438002,3.9452495974235107,1.0198604401502953,,0.20128824476650564,
239,31.76328502415459,36.14465915190553,7.2933440687063875,5.750134192163178,10.38647342995169,3.535963499731616,3.9049919484702094,1.0198604401502953,,0.20128824476650564,
240,31.87734836285561,35.90311325818572,7.266505636070853,5.750134192163178,10.567632850241546,3.535963499731616,3.8915727321524423,1.0064412238325282,,0.20128824476650564,
241,32.13231347289318,35.76221148684917,7.246376811594203,5.709876543209877,10.527375201288244,3.5292538915727323,3.8848631239935587,1.0064412238325282,,0.20128824476650564,
242,32.22624798711755,35.73537305421363,7.206119162640902,5.709876543209877,10.50053676865271,3.5292538915727323,3.8848631239935587,1.0064412238325282,,0.20128824476650564,
243,32.31347289318304,35.7085346215781,7.14573268921095,5.35426731078905,10.48040794417606,3.5292538915727323,4.260601180891036,1.0064412238325282,,0.20128824476650564,
244,32.47450348899624,35.57434245840043,7.078636607622115,5.35426731078905,10.453569511540525,3.515834675254965,4.341116478797638,1.0064412238325282,,0.20128824476650564,
245,32.57514761137949,35.46027911969941,6.991411701556629,5.35426731078905,10.554213633923778,3.515834675254965,4.341116478797638,1.0064412238325282,,0.20128824476650564,
246,32.70263016639828,35.43344068706388,6.984702093397746,5.35426731078905,10.50053676865271,3.515834675254965,4.341116478797638,0.966183574879227,,0.20128824476650564,
247,32.91733762748255,35.32608695652174,6.944444444444445,5.320719269994632,10.48040794417606,3.502415458937198,4.341116478797638,0.966183574879227,,0.20128824476650564,
248,32.991143317230275,35.25228126677402,6.944444444444445,5.320719269994632,10.48040794417606,3.502415458937198,4.341116478797638,0.966183574879227,,0.20128824476650564,
249,33.299785292538914,35.04428341384863,6.944444444444445,5.320719269994632,10.453569511540525,3.502415458937198,4.280730005367687,0.95276435856146,,0.20128824476650564,
250,33.25281803542673,34.62157809983897,6.89747718733226,5.314009661835748,9.936929683306495,4.770531400966184,4.253891572732153,0.95276435856146,,,
251,33.467525496511,34.54106280193237,6.870638754696726,5.307300053676865,9.91009125067096,4.770531400966184,4.180085882984434,0.95276435856146,,,
252,33.43397745571659,34.46054750402576,6.837090713902308,5.152979066022544,9.876543209876543,4.750402576489533,4.53569511540526,0.95276435856146,,,
253,33.84997316156736,34.084809447128286,6.830381105743425,5.132850241545894,9.86983360171766,4.750402576489533,4.528985507246377,0.95276435856146,,,
254,33.70907139023081,33.93719806763285,6.830381105743425,5.132850241545894,9.822866344605474,4.750402576489533,4.864465915190553,0.95276435856146,,,
255,33.44739667203435,34.21229200214707,6.830381105743425,5.132850241545894,9.822866344605474,4.736983360171766,4.864465915190553,0.95276435856146,,,
256,33.60842726784756,34.07809983896941,6.830381105743425,5.132850241545894,9.809447128287708,4.730273752012883,4.85775630703167,0.95276435856146,,,
257,33.78958668813741,33.984165324745035,6.642512077294686,4.736983360171766,10.332796564680622,4.730273752012883,4.830917874396135,0.95276435856146,,,
258,33.7157809983897,33.91035963499731,6.488191089640365,4.7168545356951155,10.299248523886206,4.730273752012883,5.186527106816962,0.95276435856146,,,
259,33.78958668813741,33.91035963499731,6.468062265163715,4.7101449275362315,10.258990874932904,4.730273752012883,5.179817498658078,0.95276435856146,,,
260,33.80971551261406,33.48094471282877,6.468062265163715,4.696725711218465,10.111379495437467,4.723564143853999,5.756843800322061,0.95276435856146,,,
261,33.89023081052066,33.45410628019324,6.468062265163715,4.696725711218465,10.071121846484166,4.7101449275362315,5.756843800322061,0.95276435856146,,,
262,34.05797101449275,33.373590982286636,6.468062265163715,4.696725711218465,10.044283413848632,4.683306494900698,5.723295759527644,0.95276435856146,,,
263,34.49409554482018,33.15217391304348,6.454643048845948,4.669887278582931,9.977187332259795,4.616210413311863,5.689747718733226,0.9460547504025765,,,
264,34.68196457326892,33.12533548040794,6.394256575415996,4.64975845410628,9.936929683306495,4.575952764358561,5.689747718733226,0.9460547504025765,,,
265,34.88325281803543,33.04482018250134,6.394256575415996,4.64975845410628,9.903381642512077,4.488727858293076,5.689747718733226,0.9460547504025765,,,
266,35.07112184648417,32.94417606011809,6.374127750939345,4.636339237788513,9.842995169082126,4.4820182501341925,5.703166935050993,0.9460547504025765,,,
267,35.258990874932906,32.8166935050993,6.367418142780462,4.636339237788513,9.816156736446592,4.4820182501341925,5.676328502415459,0.9460547504025765,,,
268,35.39318303811057,32.729468599033815,6.367418142780462,4.616210413311863,9.816156736446592,4.4820182501341925,5.656199677938808,0.9393451422436929,,,
269,35.487117552334944,32.669082125603865,6.367418142780462,4.5893719806763285,9.816156736446592,4.4820182501341925,5.649490069779925,0.9393451422436929,,,
270,35.70182501341922,32.58185721953838,6.360708534621578,4.575952764358561,9.782608695652174,4.448470209339774,5.609232420826624,0.9393451422436929,,,
271,35.849436392914654,32.52147074610843,6.340579710144928,4.575952764358561,9.769189479334408,4.448470209339774,5.555555555555555,0.9393451422436929,,,
272,35.99704777241009,32.45437466451959,6.340579710144928,4.575952764358561,9.695383789586689,4.448470209339774,5.555555555555555,0.9326355340848095,,,
273,36.10440150295223,32.387278582930755,6.340579710144928,4.575952764358561,9.695383789586689,4.435050993022007,5.528717122920021,0.9326355340848095,,,
274,36.272141706924316,32.35373054213634,6.293612453032743,4.575952764358561,9.695383789586689,4.40150295222759,5.528717122920021,0.8789586688137413,,,
275,36.37949543746645,32.32018250134192,6.293612453032743,4.555823939881911,9.66183574879227,4.40150295222759,5.508588298443371,0.8789586688137413,,,
276,36.66129898013956,32.1658615136876,6.293612453032743,4.522275899087493,9.648416532474503,4.320987654320987,5.508588298443371,0.8789586688137413,,,
277,37.21148684916801,31.76328502415459,6.286902844873859,4.448470209339774,9.648416532474503,4.260601180891036,5.508588298443371,0.8722490606548577,,,
278,37.30542136339238,31.702898550724637,6.286902844873859,4.314278046162104,9.64170692431562,4.468599033816425,5.421363392377885,0.8588298443370908,,,
279,37.493290391841114,31.46135265700483,6.280193236714976,4.280730005367687,9.769189479334408,4.435050993022007,5.421363392377885,0.8588298443370908,,,
280,37.835480407944175,31.36070853462158,6.219806763285024,4.280730005367687,9.695383789586689,4.435050993022007,5.3274288781535155,0.8454106280193237,,,
281,37.92941492216855,31.320450885668276,6.206387546967257,4.260601180891036,9.688674181427805,4.435050993022007,5.314009661835748,0.8454106280193237,,,
282,38.02334943639291,31.30703166935051,6.206387546967257,4.260601180891036,9.634997316156737,4.414922168545357,5.307300053676865,0.8454106280193237,,,
283,38.097155126140635,31.293612453032743,6.206387546967257,4.253891572732153,9.634997316156737,4.361245303274289,5.307300053676865,0.8454106280193237,,,
284,38.0703166935051,31.253354804079443,5.971551261406334,4.253891572732153,9.936929683306495,4.361245303274289,5.307300053676865,0.8454106280193237,,,
