,45,50,55,52,51,54,53,56,58,57,61,60,59
0,99.89935587761674,0.10064412238325282,,,,,,,,,,,
1,78.89157273215244,21.108427267847556,,,,,,,,,,,
2,73.01395598497048,26.986044015029524,,,,,,,,,,,
3,70.34353193773484,29.62962962962963,0.026838432635534086,,,,,,,,,,
4,70.39720880300591,29.482018250134193,0.05367686527106817,0.06709608158883522,,,,,,,,,
5,70.34353193773484,29.522275899087493,0.05367686527106817,0.06709608158883522,0.013419216317767043,,,,,,,,
6,70.4441760601181,29.25389157273215,0.05367686527106817,0.14761137949543746,0.013419216317767043,0.08722490606548577,,,,,,,
7,70.5246913580247,29.17337627482555,0.05367686527106817,0.14761137949543746,0.013419216317767043,0.08722490606548577,,,,,,,
8,70.58507783145464,29.1129898013956,0.05367686527106817,0.14761137949543746,0.013419216317767043,0.08722490606548577,,,,,,,
9,70.70585077831454,28.965378421900162,0.05367686527106817,0.14761137949543746,0.013419216317767043,0.11406333870101985,,,,,,,
10,69.27670424047236,30.381105743424584,0.08051529790660225,0.13419216317767044,0.013419216317767043,0.11406333870101985,,,,,,,
11,66.0024154589372,31.246645195920557,0.20799785292538917,0.13419216317767044,0.013419216317767043,0.10064412238325282,2.2946859903381642,,,,,,
12,66.08964036500268,31.146001073537306,0.2214170692431562,0.13419216317767044,0.013419216317767043,0.10064412238325282,2.2946859903381642,,,,,,
13,65.77428878153516,31.333870101986044,0.3488996242619431,0.13419216317767044,0.013419216317767043,0.10064412238325282,2.2946859903381642,,,,,,
14,65.53945249597423,31.186258722490606,0.38915727321524424,0.13419216317767044,0.35560923242082665,0.10064412238325282,2.2946859903381642,,,,,,
15,60.11808910359635,36.37278582930757,0.5904455179817498,0.13419216317767044,0.38915727321524424,0.10064412238325282,2.2946859903381642,,,,,,
16,59.98389694041868,32.32018250134192,0.5568974771873323,0.13419216317767044,6.011808910359635,,0.9930220075147611,,,,,,
17,54.01234567901235,38.238056897477186,0.630703166935051,0.13419216317767044,6.005099302200751,,0.9796027911969941,,,,,,
18,50.919216317767045,39.38539989264627,2.26784755770263,1.7310789049919484,4.690016103059581,0.05367686527106817,0.6910896403650026,0.2214170692431562,0.040257648953301126,,,,
19,50.89237788513151,39.44578636607622,2.2410091250670963,1.7310789049919484,4.575952764358561,0.05367686527106817,0.6910896403650026,0.32877079978529256,0.040257648953301126,,,,
20,51.1406333870102,39.27133655394525,2.2410091250670963,1.7310789049919484,4.502147074610843,0.05367686527106817,0.6910896403650026,0.32877079978529256,0.040257648953301126,,,,
21,51.24127750939345,38.17096081588835,2.227589908749329,1.6908212560386473,5.535426731078905,0.05367686527106817,0.6776704240472357,0.36231884057971014,0.040257648953301126,,,,
22,51.16076221148685,38.16425120772947,2.24771873322598,1.6908212560386473,5.5756843800322065,0.05367686527106817,0.7045088566827697,0.36231884057971014,0.040257648953301126,,,,
23,51.308373590982285,37.915995705850776,2.4154589371980677,1.6908212560386473,5.508588298443371,0.05367686527106817,0.7045088566827697,0.36231884057971014,0.040257648953301126,,,,
24,48.792270531400966,38.35212023617821,2.3886205045625335,4.441760601180891,4.824208266237251,0.2281266774020397,0.7045088566827697,0.2281266774020397,0.040257648953301126,,,,
25,48.47691894793344,35.7487922705314,2.2879763821792807,4.502147074610843,7.836822329575953,0.2281266774020397,0.6105743424584005,0.2683843263553409,0.040257648953301126,,,,
26,44.55179817498658,39.82823403113258,2.341653247450349,4.38137412775094,7.722758990874933,0.2281266774020397,0.6105743424584005,0.2952227589908749,0.040257648953301126,,,,
27,44.558507783145465,39.700751476113794,2.3752012882447664,4.49543746645196,7.722758990874933,0.2281266774020397,0.6105743424584005,0.2683843263553409,0.040257648953301126,,,,
28,34.54106280193237,51.590177133655395,2.341653247450349,4.49543746645196,5.877616747181965,0.2616747181964573,0.5837359098228664,0.2683843263553409,0.040257648953301126,,,,
29,27.355072463768117,58.85668276972625,2.3215244229736984,4.448470209339774,5.83064949006978,0.19457863660762212,0.6843800322061192,0.2683843263553409,0.040257648953301126,,,,
30,27.603327965646805,58.68894256575416,2.3215244229736984,4.40150295222759,5.797101449275362,0.19457863660762212,0.6843800322061192,0.2683843263553409,0.040257648953301126,,,,
31,27.697262479871174,55.112721417069245,2.5161030595813205,7.635534084809447,5.770263016639828,0.1610305958132045,0.8252818035426731,0.24154589371980675,0.040257648953301126,,,,
32,27.13365539452496,54.34111647879764,2.5161030595813205,7.5348899624261945,6.998121309715513,0.36902844873859364,0.8252818035426731,0.24154589371980675,0.040257648953301126,,,,
33,27.542941492216855,53.254159957058505,2.5831991411701556,7.50805152979066,7.018250134192163,0.9594739667203436,0.8252818035426731,0.2683843263553409,0.040257648953301126,,,,
34,27.697262479871174,53.11996779388084,2.61003757380569,7.48792270531401,6.991411701556629,0.9594739667203436,0.8252818035426731,0.2683843263553409,0.040257648953301126,,,,
35,26.536500268384327,53.98550724637681,2.8784219001610305,7.467793880837359,6.971282877079979,0.9594739667203436,0.8118625872249061,0.3488996242619431,0.040257648953301126,,,,
36,26.643853998926463,53.7842190016103,2.999194847020934,7.239667203435319,6.971282877079979,0.9326355340848095,0.8722490606548577,0.4562533548040794,0.040257648953301126,0.06038647342995169,,,
37,26.85185185185185,53.495705850778315,3.4286097691894795,7.226247987117552,6.608964036500268,0.9326355340848095,0.8722490606548577,0.4830917874396135,0.040257648953301126,0.06038647342995169,,,
38,27.03972088030059,53.153515834675254,3.5762211486849167,6.951154052603328,6.622383252818035,0.9326355340848095,1.1473429951690821,0.47638217928073,0.040257648953301126,0.06038647342995169,,,
39,26.912238325281802,50.77831454643049,3.730542136339238,9.16532474503489,6.515029522275899,0.9326355340848095,1.2144390767579174,0.6508319914117016,0.040257648953301126,0.06038647342995169,,,
40,26.82501341921632,50.87224906065486,3.717122920021471,9.064680622651638,6.501610305958132,0.9326355340848095,1.2412775093934514,0.6508319914117016,0.06709608158883522,0.1274825550187869,,,
41,27.073268921095007,50.691089640365,3.69699409554482,8.910359634997317,6.501610305958132,0.9326355340848095,1.2681159420289856,0.6508319914117016,0.06709608158883522,0.20799785292538917,,,
42,27.449006977992486,50.3690284487386,3.730542136339238,8.76274825550188,6.494900697799249,0.9192163177670424,1.2681159420289856,0.6508319914117016,0.06709608158883522,0.2885131508319914,,,
43,27.65029522275899,50.18115942028985,3.7238325281803544,8.756038647342995,6.468062265163715,0.9192163177670424,1.2949543746645196,0.6508319914117016,0.06709608158883522,0.2885131508319914,,,
44,27.76435856146001,49.89264626945786,3.6366076221148687,8.742619431025227,6.4412238325281805,1.0534084809447128,1.4626945786366077,0.6508319914117016,0.06709608158883522,0.2885131508319914,,,
45,28.193773483628558,49.443102522812666,3.7037037037037037,8.742619431025227,6.353998926462695,1.0534084809447128,1.4626945786366077,0.6910896403650026,0.06709608158883522,0.2885131508319914,,,
46,28.415190552871714,49.06736446591519,3.8714439076757916,8.662104133118627,6.320450885668277,1.0534084809447128,1.4895330112721417,0.7648953301127214,0.06709608158883522,0.2885131508319914,,,
47,28.63660762211487,48.75872249060655,3.965378421900161,8.641975308641975,6.340579710144928,1.0534084809447128,1.482823403113258,0.7648953301127214,0.06709608158883522,0.2885131508319914,,,
48,28.549382716049383,47.175254965110035,3.7775093934514223,10.601180891035963,6.300322061191626,1.0869565217391304,1.4559849704777241,0.7648953301127214,0.06709608158883522,0.2214170692431562,,,
49,28.683574879227052,46.71229200214707,4.092860976918948,10.587761674718196,6.293612453032743,1.1205045625335481,1.4559849704777241,0.7648953301127214,0.06709608158883522,0.2214170692431562,,,
50,27.254428341384862,51.368760064412236,3.656736446591519,8.373590982286634,5.783682232957595,1.1808910359634996,1.3486312399355878,0.7447665056360708,0.06709608158883522,0.2214170692431562,,,
51,26.147342995169083,47.80595813204509,3.8311862587224907,9.75577026301664,5.434782608695652,1.1607622114868492,4.8443370907139025,0.7313472893183038,0.06709608158883522,0.2214170692431562,,,
52,26.476113794954376,47.45034889962426,3.978797638217928,9.708803005904455,5.414653784219001,1.1205045625335481,4.830917874396135,0.7313472893183038,0.06709608158883522,0.2214170692431562,,,
53,25.959473966720342,47.12157809983897,2.9790660225442833,13.553408480944713,3.6902844873859366,1.0399892646269457,4.783950617283951,0.5568974771873323,0.0939345142243693,0.2214170692431562,,,
54,26.308373590982285,46.39023081052066,3.44873859366613,13.378958668813741,3.6902844873859366,1.0399892646269457,4.676596886741814,0.6910896403650026,0.0939345142243693,0.28180354267310787,,,
55,26.113794954374665,43.63929146537842,3.374932903918411,16.23725174449812,3.8043478260869565,1.1003757380568975,4.663177670424047,0.6910896403650026,0.0939345142243693,0.28180354267310787,,,
56,26.187600644122384,43.21658615136876,3.5762211486849167,16.418411164787976,3.8043478260869565,1.0466988727858293,4.663177670424047,0.6910896403650026,0.0939345142243693,0.30193236714975846,,,
57,26.247987117552334,43.01529790660226,3.6366076221148687,16.371443907675793,3.9184111647879765,1.0466988727858293,4.676596886741814,0.6910896403650026,0.0939345142243693,0.30193236714975846,,,
58,26.362050456253353,42.8743961352657,3.629898013955985,16.049382716049383,3.911701556629093,1.0802469135802468,4.656468062265164,0.8454106280193237,0.08051529790660225,0.5099302200751477,,,
59,25.986312399355878,41.88137412775094,3.643317230273752,17.55233494363929,3.911701556629093,1.0534084809447128,4.602791196994096,0.8387010198604401,0.08051529790660225,0.4495437466451959,,,
60,26.34863123993559,41.52576489533011,3.7775093934514223,17.444981213097154,3.898282340311326,0.9393451422436929,4.575952764358561,0.8252818035426731,0.2147074610842727,0.4495437466451959,,,
61,26.65727321524423,41.35131508319914,3.81105743424584,17.21014492753623,3.8848631239935587,0.9057971014492754,4.575952764358561,0.9326355340848095,0.2147074610842727,0.4562533548040794,,,
62,26.80488459473967,41.31105743424584,3.8043478260869565,17.163177670424048,3.8848631239935587,0.9057971014492754,4.53569511540526,0.9460547504025765,0.1878690284487386,0.4562533548040794,,,
63,27.100107353730543,41.08964036500269,3.8580246913580245,17.04911433172303,3.9184111647879765,0.9057971014492754,4.461889425657541,0.9460547504025765,0.2147074610842727,0.4562533548040794,,,
64,27.294685990338163,40.5931293612453,3.992216854535695,16.894793344068706,3.911701556629093,1.2010198604401503,4.4820182501341925,0.9057971014492754,0.2616747181964573,0.46296296296296297,,,
65,27.20746108427268,40.24422973698336,3.9452495974235107,16.841116478797638,4.38137412775094,1.2010198604401503,4.51556629092861,0.9057971014492754,0.2952227589908749,0.46296296296296297,,,
66,27.274557165861513,39.720880300590444,4.260601180891036,16.774020397208805,4.367954911433173,1.3821792807300053,4.4820182501341925,0.9057971014492754,0.3421900161030596,0.48980139559849706,,,
67,27.314814814814813,39.63365539452496,4.5960815888352125,16.25067096081589,4.394793344068707,1.3821792807300053,4.616210413311863,1.093666129898014,0.32877079978529256,0.38915727321524424,,,
68,27.314814814814813,38.74127750939345,4.247181964573269,16.029253891572733,5.790391841116479,1.3821792807300053,4.690016103059581,1.093666129898014,0.32877079978529256,0.3824476650563607,,,
69,27.274557165861513,38.848631239935585,4.247181964573269,15.848094471282877,5.803811057434245,1.3955984970477724,4.656468062265164,1.1943102522812667,0.32877079978529256,0.4025764895330113,,,
70,27.49597423510467,38.66747181964573,4.341116478797638,15.814546430488459,5.770263016639828,1.3955984970477724,4.5893719806763285,1.1943102522812667,0.32877079978529256,0.4025764895330113,,,
71,27.361782071927,38.801663982823406,4.40150295222759,15.68035426731079,5.770263016639828,1.3955984970477724,4.555823939881911,1.1876006441223832,0.4428341384863124,0.4025764895330113,,,
72,27.616747181964573,38.62721417069243,4.3545356951154055,15.566290928609769,5.797101449275362,1.3955984970477724,4.555823939881911,1.1876006441223832,0.4428341384863124,0.4562533548040794,,,
73,27.81803542673108,38.39237788513151,4.461889425657541,15.445517981749866,5.743424584004294,1.3955984970477724,4.555823939881911,1.1876006441223832,0.4428341384863124,0.5568974771873323,,,
74,27.274557165861513,37.78851315083199,4.622920021470746,15.351583467525497,6.736446591519055,1.3955984970477724,4.542404723564144,1.288244766505636,0.39586688137412773,0.6038647342995169,,,
75,27.30139559849705,37.67444981213097,4.757112184648417,15.291196994095545,6.689479334406871,1.3888888888888888,4.49543746645196,1.402308105206656,0.39586688137412773,0.6038647342995169,,,
76,27.489264626945786,37.59393451422437,4.736983360171766,15.190552871712292,6.575415995705851,1.3687600644122384,4.53569511540526,1.482823403113258,0.39586688137412773,0.630703166935051,,,
77,26.82501341921632,36.06414385399893,4.7638217928073,17.384594739667204,6.474771873322598,1.3620504562533549,4.636339237788513,1.4626945786366077,0.39586688137412773,0.630703166935051,,,
78,27.126945786366075,36.010466988727856,4.683306494900698,17.216854535695116,6.421095008051529,1.3620504562533549,4.7168545356951155,1.4358561460010735,0.39586688137412773,0.630703166935051,,,
79,27.355072463768117,35.77563070316693,4.64975845410628,17.008856682769725,6.421095008051529,1.4962426194310252,4.8443370907139025,1.4224369296833066,0.39586688137412773,0.630703166935051,,,
80,27.643585614600106,35.63472893183038,4.64975845410628,16.941760601180892,6.360708534621578,1.4962426194310252,4.817498658078368,1.4559849704777241,0.39586688137412773,0.6038647342995169,,,
81,27.82474503488996,35.49382716049383,4.643048845947397,16.881374127750938,6.360708534621578,1.4962426194310252,4.810789049919484,1.4559849704777241,0.39586688137412773,0.6374127750939346,,,
82,28.247450348899623,35.25228126677402,4.64975845410628,16.800858829844337,6.340579710144928,1.5029522275899088,4.757112184648417,1.42914653784219,0.3824476650563607,0.6374127750939346,,,
83,28.455448201825014,35.01073537305421,4.783950617283951,16.686795491143318,6.3137412775093935,1.5029522275899088,4.777241009125067,1.4224369296833066,0.3824476650563607,0.6642512077294686,,,
84,28.482286634460547,34.72893183038111,4.757112184648417,16.6532474503489,6.635802469135802,1.5029522275899088,4.770531400966184,1.4224369296833066,0.3824476650563607,0.6642512077294686,,,
85,28.629898013955984,34.52093397745572,4.884594739667204,16.6129898013956,6.528448738593666,1.6170155662909287,4.770531400966184,1.3955984970477724,0.3824476650563607,0.6575415995705851,,,
86,28.60305958132045,32.789855072463766,4.542404723564144,16.53918411164788,6.528448738593666,1.8115942028985508,6.756575415995706,1.3888888888888888,0.3824476650563607,0.6575415995705851,,,
87,28.75738056897477,32.789855072463766,4.51556629092861,16.404991948470208,6.528448738593666,1.8115942028985508,6.743156199677939,1.3888888888888888,0.3824476650563607,0.6776704240472357,,,
88,29.13311862587225,32.669082125603865,4.367954911433173,16.391572732152444,6.494900697799249,1.8048845947396672,6.723027375201288,1.3553408480944713,0.3824476650563607,0.6776704240472357,,,
89,29.25389157273215,32.43424584004294,4.3478260869565215,16.304347826086957,6.4412238325281805,1.8719806763285025,6.890767579173376,1.3553408480944713,0.3824476650563607,0.7179280730005367,,,
90,29.49543746645196,32.2463768115942,4.314278046162104,16.478797638217927,6.3137412775093935,1.9659151905528718,6.776704240472356,1.3352120236178207,0.3824476650563607,0.6910896403650026,,,
91,29.696725711218466,32.21953837895867,4.300858829844337,16.478797638217927,6.213097155126141,1.9927536231884058,6.662640901771336,1.3687600644122384,0.38915727321524424,0.6776704240472357,,,
92,29.911433172302736,32.1256038647343,4.327697262479871,16.398282340311326,6.1862587224906065,2.01959205582394,6.541867954911433,1.3687600644122384,0.4428341384863124,0.6776704240472357,,,
93,30.01207729468599,32.024959742351044,4.320987654320987,16.358024691358025,6.327160493827161,2.01959205582394,6.474771873322598,1.3419216317767042,0.4428341384863124,0.6776704240472357,,,
94,30.152979066022546,31.635802469135804,4.555823939881911,16.27079978529254,6.367418142780462,2.0128824476650564,6.541867954911433,1.3419216317767042,0.4428341384863124,0.6776704240472357,,,
95,30.05233494363929,31.011808910359633,4.5960815888352125,16.11647879763822,7.179280730005368,2.0128824476650564,6.568706387546968,1.3419216317767042,0.4428341384863124,0.6776704240472357,,,
96,29.025764895330113,29.777241009125067,4.408212560386473,13.231347289318304,13.325281803542673,1.8048845947396672,6.4345142243692965,1.1808910359634996,0.4428341384863124,0.36902844873859364,,,
97,29.21363392377885,29.49543746645196,4.374664519592056,13.217928073000536,13.278314546430488,2.059849704777241,6.374127750939345,1.1808910359634996,0.4428341384863124,0.36231884057971014,,,
98,29.562533548040793,29.347826086956523,4.3478260869565215,13.123993558776167,13.050187869028449,2.0933977455716586,6.394256575415996,1.288244766505636,0.4428341384863124,0.3488996242619431,,,
99,29.126409017713364,29.78395061728395,4.3545356951154055,13.036768652710682,13.023349436392914,2.120236178207193,6.4412238325281805,1.288244766505636,0.4294149221685454,0.39586688137412773,,,
100,29.320987654320987,29.64975845410628,4.341116478797638,12.989801395598498,13.023349436392914,2.100107353730542,6.468062265163715,1.2815351583467525,0.4294149221685454,0.39586688137412773,,,
101,29.482018250134193,29.582662372517444,4.361245303274289,12.815351583467525,12.949543746645196,2.100107353730542,6.4412238325281805,1.4492753623188406,0.4294149221685454,0.38915727321524424,,,
102,29.488727858293075,29.361245303274288,4.435050993022007,12.734836285560924,12.855609232420827,2.086688137412775,6.743156199677939,1.4492753623188406,0.4294149221685454,0.41599570585077833,,,
103,29.69001610305958,29.005636070853463,4.656468062265164,12.446323134728932,12.828770799785293,2.073268921095008,6.709608158883521,1.4492753623188406,0.4025764895330113,0.7380568974771873,,,
104,29.643048845947398,28.79092860976919,4.74369296833065,12.345679012345679,12.869028448738593,2.1135265700483092,6.877348362855609,1.4761137949543746,0.4025764895330113,0.7380568974771873,,,
105,29.78395061728395,28.764090177133657,4.696725711218465,12.29200214707461,12.808641975308642,2.1068169618894257,6.9310252281266775,1.4761137949543746,0.4025764895330113,0.7380568974771873,,,
106,29.965110037573805,28.683574879227052,4.7101449275362315,12.245034889962426,12.761674718196458,2.1068169618894257,6.944444444444445,1.442565754159957,0.4025764895330113,0.7380568974771873,,,
107,30.159688674181428,28.502415458937197,4.690016103059581,12.151100375738057,12.828770799785293,2.0665593129361244,6.944444444444445,1.5096618357487923,0.4025764895330113,0.7447665056360708,,,
108,30.293880837359097,28.35480407944176,4.7101449275362315,12.151100375738057,12.795222758990874,2.13365539452496,6.884057971014493,1.5096618357487923,0.4562533548040794,0.7112184648416533,,,
109,30.381105743424584,28.327965646806227,4.690016103059581,12.097423510466989,12.640901771336553,2.13365539452496,6.998121309715513,1.5767579173376274,0.4562533548040794,0.6977992485238862,,,
110,30.629361245303276,28.18035426731079,4.777241009125067,12.090713902308105,12.587224906065487,2.1068169618894257,6.870638754696726,1.570048309178744,0.48980139559849706,0.6977992485238862,,,
111,30.656199677938808,28.173644659151904,4.911433172302737,12.077294685990339,12.392646269457863,2.1068169618894257,6.890767579173376,1.5901771336553945,0.48980139559849706,0.7112184648416533,,,
112,30.60252281266774,28.193773483628558,4.8443370907139025,12.084004294149223,12.338969404186795,2.1806226516371443,6.904186795491143,1.5901771336553945,0.4830917874396135,0.7783145464304885,,,
113,30.334138486312398,26.435856146001072,7.011540526033279,12.04374664519592,12.27187332259796,2.15378421900161,6.904186795491143,1.5901771336553945,0.4830917874396135,0.7716049382716049,,,
114,30.555555555555557,26.301663982823403,6.964573268921095,12.030327428878154,12.258454106280194,2.15378421900161,6.91760601180891,1.5633387010198605,0.4830917874396135,0.7716049382716049,,,
115,29.864465915190554,24.9597423510467,6.702898550724638,11.292270531400966,12.258454106280194,2.1806226516371443,9.936929683306495,1.5633387010198605,0.4562533548040794,0.785024154589372,,,
116,29.857756307031668,24.9194847020934,6.696188942565755,11.144659151905529,12.258454106280194,2.2946859903381642,9.977187332259795,1.583467525496511,0.4830917874396135,0.785024154589372,,,
117,29.985238862050455,24.892646269457863,6.763285024154589,11.077563070316694,12.204777241009126,2.2879763821792807,9.936929683306495,1.583467525496511,0.46967257112184646,0.7648953301127214,0.03354804079441761,,
118,30.132850241545892,24.872517444981213,6.756575415995706,11.084272678475577,12.191358024691358,2.200751476113795,9.936929683306495,1.583467525496511,0.4562533548040794,0.7514761137949544,0.03354804079441761,,
119,30.360976918947934,24.84567901234568,6.729736983360172,11.037305421363392,12.104133118625873,2.200751476113795,9.916800858829845,1.5633387010198605,0.4562533548040794,0.7514761137949544,0.03354804079441761,,
120,30.12614063338701,24.342458400429415,6.870638754696726,11.05072463768116,12.070585077831455,2.8784219001610305,9.88996242619431,1.556629092860977,0.4294149221685454,0.7514761137949544,0.03354804079441761,,
121,29.66988727858293,24.20155662909286,6.367418142780462,12.815351583467525,11.761943102522812,2.7979066022544283,9.728931830381105,1.4492753623188406,0.4294149221685454,0.7447665056360708,0.03354804079441761,,
122,25.43612453032743,21.994095544820183,5.8172302737520125,13.687600644122384,18.739935587761675,2.6838432635534084,9.25925925925926,1.2345679012345678,0.3421900161030596,0.7447665056360708,0.03354804079441761,0.026838432635534086,
123,25.389157273215243,21.866612989801396,5.810520665593129,13.895598497047773,18.53864734299517,2.804616210413312,9.212292002147075,1.2345679012345678,0.3421900161030596,0.8454106280193237,0.03354804079441761,0.026838432635534086,
124,24.93961352657005,21.557971014492754,5.911164787976382,12.74825550187869,21.141975308641975,2.7777777777777777,8.474235104669887,1.1741814278046163,0.36902844873859364,0.8454106280193237,0.03354804079441761,0.026838432635534086,
125,24.537037037037038,20.477724100912507,5.736714975845411,10.909822866344605,23.221953837895867,2.7643585614600106,9.96376811594203,1.1137949543746646,0.36902844873859364,0.8454106280193237,0.03354804079441761,0.026838432635534086,
126,24.84567901234568,20.30998389694042,5.609232420826624,10.815888352120236,22.644927536231883,3.6768652710681695,9.809447128287708,1.0399892646269457,0.36902844873859364,0.8185721953837896,0.03354804079441761,0.026838432635534086,
127,25.06038647342995,20.142243692968332,5.5689747718733225,10.795759527643586,22.530864197530864,3.824476650563607,9.782608695652174,1.0534084809447128,0.36902844873859364,0.8118625872249061,0.03354804079441761,0.026838432635534086,
128,22.443639291465377,17.176596886741816,2.952227589908749,8.132045088566828,38.52657004830918,3.670155662909286,5.421363392377885,0.6374127750939346,0.27509393451422437,0.7648953301127214,,,
129,22.067901234567902,16.97530864197531,3.052871712292002,7.682501341921632,39.60010735373054,3.589640365002684,5.293880837359098,0.6977992485238862,0.27509393451422437,0.7648953301127214,,,
130,22.18196457326892,16.921631776704242,3.0730005367686526,7.6623725174449815,39.412238325281805,3.616478797638218,5.314009661835748,0.7783145464304885,0.27509393451422437,0.7648953301127214,,,
131,22.376543209876544,16.80756843800322,3.0730005367686526,7.628824476650563,39.24449812130972,3.629898013955985,5.394524959742351,0.8051529790660226,0.27509393451422437,0.7648953301127214,,,
132,22.457058507783145,16.794149221685455,3.1535158346752548,7.575147611379496,39.009661835748794,3.616478797638218,5.3341384863123995,0.9930220075147611,0.322061191626409,0.7447665056360708,,,
133,22.953569511540525,16.680085882984432,3.1535158346752548,7.521470746108427,38.808373590982285,3.4017713365539453,5.434782608695652,0.9796027911969941,0.322061191626409,0.7447665056360708,,,
134,23.30246913580247,16.606280193236714,3.140096618357488,7.48792270531401,38.56682769726248,3.435319377348363,5.414653784219001,0.9796027911969941,0.322061191626409,0.7447665056360708,,,
135,23.557434245840042,16.51905528717123,3.126677402039721,7.48792270531401,38.2313472893183,3.3950617283950617,5.381105743424584,1.2345679012345678,0.322061191626409,0.7447665056360708,,,
136,23.711755233494365,16.485507246376812,3.1535158346752548,7.461084272678476,38.1105743424584,3.3816425120772946,5.407944176060118,1.2345679012345678,0.322061191626409,0.7313472893183038,,,
137,23.98684916800859,16.431830381105744,3.113258185721954,7.454374664519592,38.00993022007515,3.3682232957595275,5.300590445517981,1.2345679012345678,0.36902844873859364,0.7313472893183038,,,
138,23.906333870101985,16.069511540526033,2.952227589908749,7.380568974771873,38.79495437466452,3.3480944712828773,5.300590445517981,1.1137949543746646,0.36902844873859364,0.7648953301127214,,,
139,24.12104133118626,16.022544283413847,2.9790660225442833,7.360440150295223,38.56682769726248,3.374932903918411,5.287171229200215,1.1473429951690821,0.3757380568974772,0.7648953301127214,,,
140,24.302200751476114,15.895061728395062,2.9790660225442833,7.367149758454106,38.52657004830918,3.3480944712828773,5.300590445517981,1.1473429951690821,0.3757380568974772,0.7581857219538379,,,
141,24.322329575952764,15.774288781535159,2.9790660225442833,7.159151905528717,38.1508319914117,3.770799785292539,5.649490069779925,1.1473429951690821,0.3757380568974772,0.6709608158883521,,,
142,24.376006441223833,15.58641975308642,2.985775630703167,7.159151905528717,38.0703166935051,4.032474503488996,5.595813204508857,1.1473429951690821,0.3757380568974772,0.6709608158883521,,,
143,24.54374664519592,15.566290928609769,2.9589371980676327,7.159151905528717,37.9495437466452,4.032474503488996,5.609232420826624,1.133923778851315,0.3757380568974772,0.6709608158883521,,,
144,24.644390767579175,15.619967793880837,2.9924852388620504,7.159151905528717,37.74825550187869,4.066022544283414,5.609232420826624,1.133923778851315,0.3757380568974772,0.6508319914117016,,,
145,23.45679012345679,14.620236178207193,2.6704240472356413,6.085614600107354,42.16317767042405,3.408480944712829,5.152979066022544,1.5432098765432098,0.30193236714975846,0.5971551261406334,,,
146,23.597691894793343,14.593397745571659,2.6033279656468062,6.078904991948471,41.639828234031135,3.7104133118625873,5.193236714975845,1.6841116478797638,0.30193236714975846,0.5971551261406334,,,
147,23.718464841653248,14.553140096618357,2.6435856146001075,6.078904991948471,41.2037037037037,3.7372517444981215,5.186527106816962,1.9524959742351047,0.30193236714975846,0.6239935587761675,,,
148,24.000268384326354,14.486044015029522,2.8650026838432634,6.072195383789587,40.79441760601181,3.7238325281803544,5.146269457863661,1.9524959742351047,0.33548040794417605,0.6239935587761675,,,
149,24.020397208803004,14.338432635534085,2.985775630703167,6.025228126677402,40.45893719806763,3.878153515834675,5.246913580246914,2.1135265700483092,0.30864197530864196,0.6239935587761675,,,
150,24.308910359634996,14.331723027375201,2.985775630703167,6.025228126677402,40.21739130434783,3.864734299516908,5.273752012882448,2.059849704777241,0.30864197530864196,0.6239935587761675,,,
151,24.570585077831456,14.251207729468598,3.166935050993022,6.025228126677402,39.78797638217928,3.8915727321524423,5.213365539452496,2.1068169618894257,0.36231884057971014,0.6239935587761675,,,
152,24.818840579710145,14.110305958132045,3.166935050993022,6.025228126677402,39.660493827160494,3.878153515834675,5.273752012882448,2.0799785292538915,0.36231884057971014,0.6239935587761675,,,
153,25.127482555018787,14.036500268384327,3.3145464304884595,5.958132045088567,39.29817498658078,3.878153515834675,5.340848094471283,2.059849704777241,0.36231884057971014,0.6239935587761675,,,
154,23.07434245840043,12.171229200214707,3.207192699946323,5.924584004294149,43.96135265700483,3.556092324208266,5.199946323134729,1.9189479334406871,0.36231884057971014,0.6239935587761675,,,
155,23.389694041867955,12.030327428878154,3.321256038647343,5.864197530864198,43.74664519592056,3.515834675254965,5.173107890499195,1.9726247987117553,0.36231884057971014,0.6239935587761675,,,
156,23.242082662372518,11.929683306494901,3.3279656468062266,5.71658615136876,43.15619967793881,5.045625335480408,4.736983360171766,1.9524959742351047,0.33548040794417605,0.5568974771873323,,,
157,23.537305421363392,11.869296833064949,3.3145464304884595,5.689747718733226,42.8341384863124,5.052334943639291,4.87788513150832,1.932367149758454,0.33548040794417605,0.5568974771873323,,,
158,23.805689747718734,11.855877616747183,3.33467525496511,5.642780461621041,42.411433172302736,5.052334943639291,4.87788513150832,2.1403650026838434,0.33548040794417605,0.5434782608695652,,,
159,23.980139559849704,11.829039184111648,3.3145464304884595,5.642780461621041,42.210144927536234,5.018786902844874,4.8376274825550185,2.2879763821792807,0.33548040794417605,0.5434782608695652,,,
160,24.040526033279658,11.802200751476114,3.3145464304884595,5.515297906602254,42.16317767042405,5.025496511003757,4.824208266237251,2.2879763821792807,0.33548040794417605,0.6910896403650026,,,
161,24.08749329039184,11.768652710681696,3.488996242619431,5.535426731078905,41.968599033816425,4.998658078368224,4.7638217928073,2.2879763821792807,0.33548040794417605,0.7648953301127214,,,
162,24.3894256575416,11.701556629092861,3.4621578099838968,5.562265163714439,41.5727321524423,4.9718196457326895,4.85775630703167,2.38191089640365,0.33548040794417605,0.7648953301127214,,,
163,24.496779388083738,11.741814278046162,3.488996242619431,5.562265163714439,41.378153515834676,4.9718196457326895,4.871175523349437,2.4020397208803006,0.33548040794417605,0.7514761137949544,,,
164,24.792002147074612,11.56736446591519,3.3413848631239937,5.548845947396672,41.015834675254965,5.193236714975845,4.924852388620504,2.536231884057971,0.33548040794417605,0.7447665056360708,,,
165,24.342458400429415,10.84272678475577,2.8918411164787976,5.535426731078905,40.82796564680623,5.233494363929147,6.763285024154589,2.509393451422437,0.30864197530864196,0.7447665056360708,,,
166,24.55716586151369,10.836017176596886,2.885131508319914,5.535426731078905,40.53274288781535,5.199946323134729,6.756575415995706,2.6435856146001075,0.30864197530864196,0.7447665056360708,,,
167,24.751744498121308,10.829307568438002,2.885131508319914,5.528717122920021,40.29119699409554,5.233494363929147,6.736446591519055,2.6972624798711755,0.30193236714975846,0.7447665056360708,,,
168,24.745034889962426,10.466988727858293,2.9052603327965647,5.508588298443371,41.02925389157273,4.9651100375738055,6.649221685453569,2.6838432635534084,0.30193236714975846,0.7447665056360708,,,
169,25.026838432635532,10.406602254428341,3.012614063338701,5.4616210413311865,40.80783682232958,4.951690821256038,6.615673644659152,2.6704240472356413,0.30193236714975846,0.7447665056360708,,,
170,25.248255501878692,10.332796564680622,2.9790660225442833,5.441492216854535,40.465646806226516,4.898013955984971,6.9310252281266775,2.657004830917874,0.30193236714975846,0.7447665056360708,,,
171,25.53676865271068,10.299248523886206,2.9790660225442833,5.441492216854535,40.24422973698336,4.884594739667204,6.877348362855609,2.690552871712292,0.30193236714975846,0.7447665056360708,,,
172,25.79844337090714,10.272410091250672,3.0193236714975846,5.434782608695652,40.02952227589909,4.85775630703167,6.816961889425658,2.7241009125067097,0.30193236714975846,0.7447665056360708,,,
173,26.093666129898015,10.205314009661835,3.046162104133119,5.394524959742351,39.9020397208803,4.817498658078368,6.776704240472356,2.7241009125067097,0.30193236714975846,0.7380568974771873,,,
174,26.214439076757916,10.205314009661835,3.193773483628556,5.374396135265701,39.57326892109501,4.810789049919484,6.736446591519055,2.85829307568438,0.2952227589908749,0.7380568974771873,,,
175,26.44927536231884,10.205314009661835,3.193773483628556,5.260332796564681,39.42565754159957,4.783950617283951,6.716317767042405,2.985775630703167,0.2952227589908749,0.6843800322061192,,,
176,26.41572732152442,10.0979602791197,3.321256038647343,6.085614600107354,38.86205045625336,4.62962962962963,6.635802469135802,2.932098765432099,0.2952227589908749,0.7246376811594203,,,
177,26.67740203972088,10.124798711755233,3.4957058507783145,6.085614600107354,38.35212023617821,4.555823939881911,6.635802469135802,3.052871712292002,0.2952227589908749,0.7246376811594203,,,
178,26.992753623188406,10.0979602791197,3.475577026301664,6.085614600107354,38.036768652710684,4.542404723564144,6.649221685453569,3.099838969404187,0.2952227589908749,0.7246376811594203,,,
179,27.012882447665056,10.071121846484166,3.475577026301664,6.085614600107354,37.9898013955985,4.62962962962963,6.642512077294686,3.0864197530864197,0.27509393451422437,0.7313472893183038,,,
180,27.20746108427268,10.050993022007514,3.4688674181427803,6.072195383789587,37.88244766505636,4.582662372517445,6.635802469135802,3.066290928609769,0.27509393451422437,0.7581857219538379,,,
181,27.67042404723564,9.96376811594203,3.4688674181427803,6.092324208266238,37.56038647342995,4.53569511540526,6.568706387546968,3.026033279656468,0.27509393451422437,0.8387010198604401,,,
182,27.85829307568438,9.957058507783145,3.408480944712829,6.078904991948471,37.3792270531401,4.609500805152979,6.568706387546968,3.026033279656468,0.27509393451422437,0.8387010198604401,,,
183,27.871712292002147,9.856414385399892,3.3816425120772946,6.105743424584004,37.23832528180354,4.7101449275362315,6.4412238325281805,3.0931293612453032,0.46296296296296297,0.8387010198604401,,,
184,28.153515834675254,9.842995169082126,3.455448201825013,6.078904991948471,36.90955448201825,4.696725711218465,6.400966183574879,3.180354267310789,0.4428341384863124,0.8387010198604401,,,
185,27.74422973698336,9.796027911969942,5.488459473966721,6.0587761674718195,35.218733225979605,4.683306494900698,6.494900697799249,3.2474503488996245,0.4294149221685454,0.8387010198604401,,,
186,27.75764895330113,9.809447128287708,5.4549114331723025,6.011808910359635,35.057702630166396,4.790660225442834,6.66935050993022,3.180354267310789,0.4294149221685454,0.8387010198604401,,,
187,27.831454643048847,9.762479871175524,5.481749865807837,5.9514224369296835,34.98389694041868,4.723564143853999,6.66935050993022,3.294417606011809,0.46296296296296297,0.8387010198604401,,,
188,28.166935050993022,9.742351046698873,5.394524959742351,5.924584004294149,34.84970477724101,4.690016103059581,6.696188942565755,3.2340311325818574,0.46296296296296297,0.8387010198604401,,,
189,28.22061191626409,9.581320450885668,5.46833064949007,5.857487922705314,34.72222222222222,4.797369833601718,6.6827697262479875,3.3816425120772946,0.46296296296296297,0.8252818035426731,,,
190,28.515834675254965,9.480676328502415,5.394524959742351,5.776972624798712,34.45383789586688,4.87788513150832,6.689479334406871,3.4688674181427803,0.46296296296296297,0.8521202361782072,,0.026838432635534086,
191,25.731347289318304,9.07139023081052,4.669887278582931,4.944981213097155,40.022812667740205,4.750402576489533,6.615673644659152,2.8515834675254963,0.46296296296296297,0.8521202361782072,,0.026838432635534086,
192,25.791733762748255,9.044551798174986,4.750402576489533,4.924852388620504,39.88862050456253,4.770531400966184,6.635802469135802,2.8515834675254963,0.47638217928073,0.8387010198604401,,0.026838432635534086,
193,25.979602791196996,9.024422973698336,4.783950617283951,4.924852388620504,39.67391304347826,4.750402576489533,6.662640901771336,2.85829307568438,0.47638217928073,0.8387010198604401,,0.026838432635534086,
194,26.073537305421365,9.05126140633387,4.777241009125067,4.951690821256038,39.55984970477724,4.777241009125067,6.575415995705851,2.844873859366613,0.46296296296296297,0.8990874932903918,,0.026838432635534086,
195,26.234567901234566,8.930488459473967,4.985238862050457,4.951690821256038,39.27133655394525,4.824208266237251,6.5552871712292005,2.85829307568438,0.46296296296296297,0.8990874932903918,,0.026838432635534086,
196,26.482823403113258,8.930488459473967,4.985238862050457,4.951690821256038,38.989533011272144,4.817498658078368,6.541867954911433,2.9119699409554483,0.46296296296296297,0.8990874932903918,,0.026838432635534086,
197,26.583467525496513,8.910359634997317,4.938271604938271,5.938003220611916,38.137412775093935,4.730273752012883,6.468062265163715,2.9388083735909825,0.4294149221685454,0.8990874932903918,,0.026838432635534086,
198,26.69753086419753,8.836553945249598,4.944981213097155,5.844068706387547,37.754965110037574,4.864465915190553,6.461352657004831,3.2474503488996245,0.4294149221685454,0.8923778851315083,,0.026838432635534086,
199,26.94578636607622,8.742619431025227,4.87788513150832,5.870907139023081,37.65432098765432,4.8376274825550185,6.4345142243692965,3.2675791733762747,0.46296296296296297,0.8789586688137413,,0.026838432635534086,
200,27.086688137412775,8.641975308641975,4.951690821256038,5.864197530864198,37.38593666129898,4.951690821256038,6.494900697799249,3.280998389694042,0.46296296296296297,0.8521202361782072,,0.026838432635534086,
201,27.469135802469136,8.581588835212024,4.931561996779388,5.8239398819108965,37.17793880837359,4.951690821256038,6.421095008051529,3.3011272141706924,0.46296296296296297,0.8521202361782072,,0.026838432635534086,
202,27.657004830917874,8.581588835212024,4.924852388620504,5.8172302737520125,37.05716586151369,4.911433172302737,6.407675791733762,3.3011272141706924,0.46296296296296297,0.8521202361782072,,0.026838432635534086,
203,27.80461621041331,8.581588835212024,4.871175523349437,5.803811057434245,36.99677938808374,4.911433172302737,6.387546967257112,3.3011272141706924,0.46296296296296297,0.8521202361782072,,0.026838432635534086,
204,28.052871712292003,8.55475040257649,4.817498658078368,5.783682232957595,36.77536231884058,4.87788513150832,6.447933440687064,3.3548040794417604,0.4562533548040794,0.8521202361782072,,0.026838432635534086,
205,28.20048309178744,8.521202361782072,4.911433172302737,5.783682232957595,36.61433172302738,4.871175523349437,6.4345142243692965,3.3279656468062266,0.4562533548040794,0.8521202361782072,,0.026838432635534086,
206,28.408480944712828,8.487654320987655,4.911433172302737,5.783682232957595,36.520397208803004,4.871175523349437,6.400966183574879,3.280998389694042,0.4562533548040794,0.8521202361782072,,0.026838432635534086,
207,28.455448201825014,8.467525496511003,5.018786902844874,5.810520665593129,36.272141706924316,4.85775630703167,6.400966183574879,3.3816425120772946,0.4562533548040794,0.8521202361782072,,0.026838432635534086,
208,28.629898013955984,8.420558239398819,4.9718196457326895,5.891035963499732,35.950080515297905,4.864465915190553,6.400966183574879,3.535963499731616,0.4562533548040794,0.8521202361782072,,0.026838432635534086,
209,28.052871712292003,8.21256038647343,4.871175523349437,7.742887815351583,35.057702630166396,4.636339237788513,6.4345142243692965,3.656736446591519,0.4562533548040794,0.8521202361782072,,0.026838432635534086,
210,28.073000536768653,8.259527643585615,4.871175523349437,7.776435856146001,34.95034889962426,4.62962962962963,6.447933440687064,3.656736446591519,0.4562533548040794,0.8521202361782072,,0.026838432635534086,
211,27.75764895330113,8.252818035426731,4.8376274825550185,10.527375201288244,32.87707997852925,4.636339237788513,6.414385399892646,3.33467525496511,0.4562533548040794,0.8789586688137413,,0.026838432635534086,
