,45,50,53,51,55,52,54,56,57,58
0,97.62479871175523,2.3752012882447664,,,,,,,,
1,96.65861513687601,3.3413848631239937,,,,,,,,
2,91.7337627482555,8.266237251744498,,,,,,,,
3,91.78073000536769,8.219269994632313,,,,,,,,
4,91.68008588298443,8.319914117015566,,,,,,,,
5,88.59366612989801,11.406333870101985,,,,,,,,
6,86.31239935587762,13.687600644122384,,,,,,,,
7,86.46001073537306,13.539989264626946,,,,,,,,
8,86.47342995169082,12.211486849168008,1.3150831991411702,,,,,,,
9,86.37949543746645,12.318840579710145,1.3016639828234031,,,,,,,
10,82.30676328502416,16.431830381105744,1.261406333870102,,,,,,,
11,76.1808910359635,22.5577026301664,1.261406333870102,,,,,,,
12,76.24798711755234,22.490606548577563,1.261406333870102,,,,,,,
13,74.16800858829845,24.436392914653783,1.247987117552335,0.14761137949543746,,,,,,
14,74.36258722490606,24.241814278046164,1.247987117552335,0.14761137949543746,,,,,,
15,73.64465915190553,24.9597423510467,1.247987117552335,0.14761137949543746,,,,,,
16,73.79227053140097,24.812130971551262,1.247987117552335,0.14761137949543746,,,,,,
17,73.97342995169082,24.630971551261407,1.247987117552335,0.14761137949543746,,,,,,
18,74.11433172302738,24.490069779924852,1.247987117552335,0.14761137949543746,,,,,,
19,73.0877616747182,22.36983360171766,1.247987117552335,3.294417606011809,,,,,,
20,73.27563070316694,22.228931830381107,1.2278582930756843,3.2675791733762747,,,,,,
21,73.25550187869028,22.302737520128826,1.2010198604401503,3.240740740740741,,,,,,
22,62.80193236714976,32.63553408480945,1.3217928073000538,3.240740740740741,,,,,,
23,63.097155126140635,32.1658615136876,1.3217928073000538,3.1333870101986045,0.28180354267310787,,,,,
24,62.23832528180354,32.90391841116479,1.3083735909822867,3.1333870101986045,0.28180354267310787,0.13419216317767044,,,,
25,62.62748255501879,32.54830917874396,1.3083735909822867,3.099838969404187,0.28180354267310787,0.13419216317767044,,,,
26,61.13794954374664,30.689747718733226,1.3083735909822867,6.139291465378422,0.28180354267310787,0.4428341384863124,,,,
27,60.950080515297905,30.743424584004295,1.3083735909822867,6.273483628556092,0.28180354267310787,0.4428341384863124,,,,
28,60.829307568438004,30.931293612453032,1.3083735909822867,6.206387546967257,0.28180354267310787,0.4428341384863124,,,,
29,61.03730542136339,30.73671497584541,1.3083735909822867,6.1929683306494905,0.28180354267310787,0.4428341384863124,,,,
30,61.37949543746645,30.434782608695652,1.2949543746645196,6.166129898013956,0.28180354267310787,0.4428341384863124,,,,
31,43.67283950617284,49.13446054750403,1.1406333870101986,5.3341384863123995,0.27509393451422437,0.4428341384863124,,,,
32,41.26409017713365,51.60359634997316,1.1406333870101986,5.273752012882448,0.27509393451422437,0.4428341384863124,,,,
33,41.63311862587225,50.22141706924316,1.1406333870101986,5.253623188405797,1.3083735909822867,0.4428341384863124,,,,
34,41.82769726247987,50.11406333870102,1.1406333870101986,5.173107890499195,1.3016639828234031,0.4428341384863124,,,,
35,42.36446591519055,49.63768115942029,1.1406333870101986,5.146269457863661,1.2681159420289856,0.4428341384863124,,,,
36,42.860976918947934,49.17471819645733,1.1406333870101986,5.146269457863661,1.247987117552335,0.4294149221685454,,,,
37,43.16961889425657,48.731884057971016,1.1406333870101986,5.146269457863661,1.3821792807300053,0.4294149221685454,,,,
38,43.31723027375201,47.81266774020397,1.9860440150295222,5.072463768115942,1.3821792807300053,0.4294149221685454,,,,
39,32.27321524422974,60.990338164251206,,5.072463768115942,1.2345679012345678,0.4294149221685454,,,,
40,32.776435856146,60.55421363392378,,5.032206119162641,1.2345679012345678,0.4025764895330113,,,,
41,32.8166935050993,58.943907675791735,,5.032206119162641,1.2345679012345678,0.3824476650563607,1.5901771336553945,,,
42,33.17901234567901,58.360171765968865,,5.032206119162641,1.4559849704777241,0.3824476650563607,1.5901771336553945,,,
43,33.3467525496511,57.1256038647343,,4.998658078368224,2.5563607085346214,0.3824476650563607,1.5901771336553945,,,
44,33.85668276972625,56.54857756307032,,4.931561996779388,2.690552871712292,0.3824476650563607,1.5901771336553945,,,
45,33.63526570048309,48.38298443370907,,4.924852388620504,2.690552871712292,8.776167471819646,1.5901771336553945,,,
46,33.272946859903385,47.14170692431562,1.596886741814278,4.851046698872786,3.026033279656468,8.756038647342995,1.3553408480944713,,,
47,30.12614063338701,39.28475577026302,1.596886741814278,16.928341384863124,2.1135265700483092,8.59500805152979,1.3553408480944713,,,
48,30.56897477187332,38.99624261943102,1.596886741814278,16.82769726247987,2.086688137412775,8.568169618894256,1.3553408480944713,,,
49,30.67632850241546,38.24476650563607,1.596886741814278,16.70692431561997,2.086688137412775,8.393719806763285,2.2946859903381642,,,
50,30.9447128287708,37.754965110037574,1.583467525496511,16.67337627482555,2.0531400966183573,8.695652173913043,2.2946859903381642,,,
51,31.353998926462694,37.62748255501879,1.556629092860977,16.51905528717123,2.0531400966183573,8.59500805152979,2.2946859903381642,,,
52,31.622383252818036,37.35238862050456,1.556629092860977,16.324476650563607,2.1403650026838434,8.57487922705314,2.26784755770263,0.1610305958132045,,
53,31.85721953837896,35.92324208266237,1.556629092860977,16.190284487385938,2.5697799248523885,8.561460010735374,3.180354267310789,0.1610305958132045,,
54,32.19940955448202,35.11137949543747,3.938539989264627,14.53972088030059,2.5161030595813205,8.487654320987655,3.046162104133119,0.1610305958132045,,
55,32.95759527643585,33.8768115942029,3.770799785292539,14.486044015029522,3.294417606011809,8.447396672034353,2.8918411164787976,0.1610305958132045,0.11406333870101985,
56,33.400429414922165,33.68894256575416,3.7238325281803544,13.593666129898015,3.260869565217391,8.380300590445518,3.6768652710681695,0.1610305958132045,0.11406333870101985,
57,32.99785292538916,32.769726247987116,2.3886205045625335,17.21014492753623,3.2340311325818574,8.380300590445518,2.85829307568438,0.1610305958132045,,
58,33.561460010735374,32.52147074610843,2.3617820719269993,17.163177670424048,3.2340311325818574,8.340042941492216,2.6704240472356413,0.14761137949543746,,
59,33.13875469672571,31.716317767042405,2.3215244229736984,18.16290928609769,4.066022544283414,7.7898550724637685,2.657004830917874,0.14761137949543746,,
60,32.9777241009125,30.595813204508858,1.9793344068706387,19.840311325818572,4.025764895330113,7.776435856146001,2.657004830917874,0.14761137949543746,,
61,33.1857219538379,30.300590445517983,2.2208803005904456,19.753086419753085,3.938539989264627,7.675791733762749,2.6502952227589907,0.27509393451422437,,
62,33.70907139023081,30.152979066022546,2.2208803005904456,19.618894256575416,3.8915727321524423,7.5348899624261945,2.5966183574879227,0.27509393451422437,,
63,34.333064949006975,29.958400429414922,2.2208803005904456,19.538378958668815,3.8915727321524423,7.212828770799785,2.5697799248523885,0.27509393451422437,,
64,34.37332259796028,29.944981213097154,2.2208803005904456,19.585346215780998,3.8915727321524423,7.152442297369833,2.5563607085346214,0.27509393451422437,,
65,34.574610842726784,29.898013955984972,2.2208803005904456,19.51825013419216,3.864734299516908,7.118894256575416,2.5295222758990876,0.27509393451422437,,
66,33.581588835212024,28.442028985507246,3.616478797638218,18.800322061191626,3.44873859366613,9.306226516371444,2.5295222758990876,0.27509393451422437,,
67,34.01100375738057,28.32125603864734,3.5829307568438002,18.632581857219538,3.44873859366613,9.232420826623725,2.49597423510467,0.27509393451422437,,
68,34.366612989801396,28.093129361245303,3.5628019323671496,18.59903381642512,3.421900161030596,9.192163177670425,2.4892646269457863,0.27509393451422437,,
69,34.675254965110035,27.932098765432098,3.549382716049383,18.531937734836287,3.4151905528717124,9.145195920558239,2.475845410628019,0.27509393451422437,,
70,34.95034889962426,27.82474503488996,3.5225442834138487,18.38432635534085,3.3816425120772946,9.138486312399356,2.475845410628019,0.322061191626409,,
71,35.23215244229737,27.737520128824478,3.5091250670960816,18.431293612453032,3.3548040794417604,9.004294149221685,2.4355877616747184,0.2952227589908749,,
72,35.28582930756844,27.623456790123456,3.5091250670960816,17.827428878153516,3.3548040794417604,9.668545356951155,2.4355877616747184,0.2952227589908749,,
73,35.72195383789587,27.583199141170155,3.488996242619431,17.652979066022546,3.260869565217391,9.561191626409018,2.4355877616747184,0.2952227589908749,,
74,36.07756307031669,27.462426194310254,3.4286097691894795,17.52549651100376,3.227321524422974,9.54777241009125,2.4355877616747184,0.2952227589908749,,
75,36.272141706924316,27.388620504562535,3.421900161030596,16.867954911433173,3.8580246913580245,9.473966720343531,2.4221685453569513,0.2952227589908749,,
76,36.9296833064949,27.059849704777243,3.4151905528717124,16.800858829844337,3.8378958668813743,9.29951690821256,2.3617820719269993,0.2952227589908749,,
77,27.4422973698336,36.42646269457864,3.4151905528717124,15.935319377348362,4.978529253891573,9.158615136876007,2.3483628556092326,0.2952227589908749,,
78,26.241277509393452,34.78260869565217,3.3816425120772946,15.821256038647343,4.690016103059581,13.600375738056897,1.1876006441223832,0.2952227589908749,,
79,26.617015566290927,34.084809447128286,3.3816425120772946,15.593129361245303,5.10601180891036,13.553408480944713,1.3687600644122384,0.2952227589908749,,
80,26.979334406870638,33.87010198604401,3.3816425120772946,15.519323671497585,5.092592592592593,13.506441223832528,1.3620504562533549,0.2885131508319914,,
81,9.802737520128824,82.06521739130434,1.3955984970477724,1.4895330112721417,2.4221685453569513,1.6975308641975309,1.1272141706924315,,,
82,9.158615136876007,82.75630703166935,1.3821792807300053,1.4895330112721417,2.395330112721417,1.6975308641975309,1.1205045625335481,,,
83,9.829575952764358,81.13929146537842,1.3821792807300053,1.4895330112721417,3.374932903918411,1.6975308641975309,1.0869565217391304,,,
84,9.930220075147611,80.68303811057434,1.3553408480944713,0.9728931830381106,3.374932903918411,2.6637144390767578,1.0198604401502953,,,
85,10.775630703166936,79.89801395598496,1.3553408480944713,0.9728931830381106,3.374932903918411,2.6167471819645733,1.0064412238325282,,,
86,11.225174449812132,79.4753086419753,1.3553408480944713,0.9594739667203436,3.3682232957595275,2.6167471819645733,0.9997316156736447,,,
87,11.674718196457327,78.97208803005904,1.3553408480944713,0.9594739667203436,3.421900161030596,2.6167471819645733,0.9997316156736447,,,
88,11.60762211486849,72.91331186258722,7.37385936661299,0.9594739667203436,3.5292538915727323,2.6167471819645733,0.9997316156736447,,,
89,12.245034889962426,72.37654320987654,7.340311325818572,0.9326355340848095,3.488996242619431,2.6167471819645733,0.9997316156736447,,,
90,12.701288244766506,70.18921095008052,7.615405260332796,0.9057971014492754,4.985238862050457,2.6033279656468062,0.9997316156736447,,,
91,13.050187869028449,70.0281803542673,7.521470746108427,0.8789586688137413,4.911433172302737,2.563070316693505,1.0466988727858293,,,
92,13.519860440150294,69.68599033816425,7.481213097155126,0.8521202361782072,4.851046698872786,2.563070316693505,1.0466988727858293,,,
93,13.647342995169081,63.18438003220612,7.4208266237251745,0.8454106280193237,11.305689747718732,2.5563607085346214,1.0399892646269457,,,
94,14.338432635534085,62.58722490606549,7.4006977992485234,0.8454106280193237,11.252012882447666,2.536231884057971,1.0399892646269457,,,
95,14.97584541062802,62.0101986044015,7.4006977992485234,0.8454106280193237,11.144659151905529,2.5831991411701556,1.0399892646269457,,,
96,15.438808373590982,61.3593666129898,7.387278582930757,0.8454106280193237,11.366076221148685,2.563070316693505,1.0399892646269457,,,
97,15.499194847020934,54.78395061728395,7.192699946323135,0.8454106280193237,10.312667740203972,10.326086956521738,1.0399892646269457,,,
98,16.0426731078905,54.34782608695652,7.192699946323135,0.8454106280193237,10.285829307568438,10.245571658615138,1.0399892646269457,,,
99,16.42512077294686,54.106280193236714,7.139023081052066,0.8454106280193237,10.225442834138486,10.218733225979603,1.0399892646269457,,,
100,16.666666666666668,52.36849168008588,10.104669887278583,0.966183574879227,8.856682769726248,10.010735373054214,1.0265700483091786,,,
101,17.01556629092861,50.691089640365,10.379763821792807,0.966183574879227,9.950348899624261,9.970477724100913,1.0265700483091786,,,
102,18.015297906602253,49.88593666129898,10.312667740203972,0.966183574879227,10.010735373054214,9.782608695652174,1.0265700483091786,,,
103,18.23671497584541,49.80542136339238,10.258990874932904,0.966183574879227,9.98389694041868,9.722222222222221,1.0265700483091786,,,
104,18.397745571658614,48.389694041867955,10.21202361782072,0.966183574879227,10.151637144390767,9.702093397745571,2.1806226516371443,,,
105,18.337359098228664,46.04804079441761,10.205314009661835,0.966183574879227,11.41304347826087,9.675254965110037,2.1806226516371443,1.1741814278046163,,
106,18.780193236714975,45.82662372517445,10.104669887278583,0.966183574879227,11.332528180354267,9.655126140633387,2.1604938271604937,1.1741814278046163,,
107,18.927804616210413,44.900697799248526,10.205314009661835,0.966183574879227,12.171229200214707,9.634997316156737,2.1403650026838434,1.0534084809447128,,
108,19.51154052603328,44.65244229736983,10.084541062801932,0.966183574879227,12.050456253354804,9.54777241009125,2.13365539452496,1.0534084809447128,,
109,19.80005367686527,44.498121309715515,10.057702630166398,0.9594739667203436,11.98336017176597,9.514224369296834,2.13365539452496,1.0534084809447128,,
110,20.377079978529252,44.176060118089104,9.930220075147611,0.9594739667203436,11.936392914653783,9.433709071390231,2.13365539452496,1.0534084809447128,,
111,21.081588835212024,43.79361245303274,9.809447128287708,0.95276435856146,11.902844873859367,9.272678475577026,2.13365539452496,1.0534084809447128,,
112,21.40365002683843,43.505099302200755,9.802737520128824,0.9393451422436929,11.782071926999464,9.245840042941492,2.13365539452496,1.0534084809447128,0.13419216317767044,
113,21.22249060654858,41.79414922168545,9.681964573268921,0.9393451422436929,11.90955448201825,11.144659151905529,2.120236178207193,1.0534084809447128,0.13419216317767044,
114,21.081588835212024,40.31803542673108,9.561191626409018,0.9393451422436929,11.855877616747183,10.802469135802468,4.253891572732153,1.0534084809447128,0.13419216317767044,
115,21.571390230810522,40.123456790123456,9.50751476113795,0.9393451422436929,11.788781535158346,10.721953837895867,4.159957058507783,1.0534084809447128,0.13419216317767044,
116,21.598228663446054,38.85534084809447,8.662104133118627,0.9393451422436929,14.016371443907676,10.628019323671497,4.1129898013955986,1.0534084809447128,0.13419216317767044,
117,22.31615673644659,38.39237788513151,8.628556092324208,0.9393451422436929,13.915727321524423,10.57434245840043,4.05931293612453,1.0399892646269457,0.13419216317767044,
118,22.725442834138487,38.17096081588835,8.628556092324208,0.9393451422436929,13.714439076757918,10.48040794417606,4.052603327965647,1.1540526033279657,0.13419216317767044,
119,23.067632850241544,37.92270531400966,8.628556092324208,0.9393451422436929,13.627214170692431,10.473698336017177,4.052603327965647,1.1540526033279657,0.13419216317767044,
120,23.45679012345679,37.72812667740204,8.541331186258722,0.9393451422436929,13.580246913580247,10.413311862587225,4.052603327965647,1.1540526033279657,0.13419216317767044,
121,23.698336017176597,37.59393451422437,8.507783145464305,0.9393451422436929,13.560118089103597,10.38647342995169,4.032474503488996,1.1473429951690821,0.13419216317767044,
122,24.315619967793882,37.47987117552335,8.21256038647343,0.9393451422436929,13.45276435856146,10.332796564680622,4.032474503488996,1.1003757380568975,0.13419216317767044,
123,24.510198604401502,36.41304347826087,8.132045088566828,0.9393451422436929,12.788513150831992,10.238862050456254,5.750134192163178,1.093666129898014,0.13419216317767044,
124,24.56387546967257,35.61460010735373,8.588298443370908,0.9393451422436929,12.5,10.044283413848632,6.535158346752549,1.093666129898014,0.12077294685990338,
125,24.812130971551262,35.47369833601718,8.53462157809984,0.9393451422436929,12.493290391841116,9.997316156736447,6.535158346752549,1.093666129898014,0.12077294685990338,
126,25.11406333870102,35.32608695652174,8.494363929146537,0.9259259259259259,12.47987117552335,9.950348899624261,6.494900697799249,1.093666129898014,0.12077294685990338,
127,25.483091787439612,35.11808910359635,8.427267847557703,0.9259259259259259,12.466451959205582,9.943639291465379,6.421095008051529,1.093666129898014,0.12077294685990338,
128,25.83870101986044,34.916800858829845,8.427267847557703,0.9259259259259259,12.5,9.896672034353195,6.333870101986044,1.0399892646269457,0.12077294685990338,
129,26.268115942028984,34.74235104669887,8.387010198604402,0.9259259259259259,12.385936661298981,9.802737520128824,6.327160493827161,1.0399892646269457,0.12077294685990338,
130,26.549919484702095,34.5679012345679,8.387010198604402,0.9259259259259259,12.332259796027913,9.782608695652174,6.293612453032743,1.0399892646269457,0.12077294685990338,
131,26.82501341921632,34.23913043478261,8.387010198604402,0.8990874932903918,12.553676865271068,9.66183574879227,6.273483628556092,1.0399892646269457,0.12077294685990338,
132,27.073268921095007,34.12506709608159,8.387010198604402,0.8990874932903918,12.493290391841116,9.648416532474503,6.226516371443908,1.0265700483091786,0.12077294685990338,
133,27.583199141170155,33.89023081052066,8.360171765968868,0.8990874932903918,12.372517444981213,9.520933977455716,6.226516371443908,1.0265700483091786,0.12077294685990338,
134,28.026033279656467,33.742619431025226,8.360171765968868,0.8923778851315083,12.31213097155126,9.433709071390231,6.085614600107354,1.0265700483091786,0.12077294685990338,
135,28.052871712292003,33.581588835212024,8.353462157809984,0.8923778851315083,12.4597423510467,9.31964573268921,6.078904991948471,1.0064412238325282,0.2549651100375738,
136,28.395061728395063,33.279656468062264,8.735909822866345,0.8923778851315083,12.218196457326892,9.198872785829307,6.018518518518518,1.0064412238325282,0.2549651100375738,
137,28.77079978529254,32.88378958668814,8.702361782071927,0.8923778851315083,12.338969404186795,9.131776704240472,6.018518518518518,1.0064412238325282,0.2549651100375738,
138,28.25415995705851,31.756575415995705,10.36634460547504,0.6642512077294686,12.567096081588835,9.118357487922705,6.011808910359635,1.0064412238325282,0.2549651100375738,
139,28.488996242619432,31.676060118089104,10.21202361782072,0.6642512077294686,12.466451959205582,9.057971014492754,5.891035963499732,1.0064412238325282,0.2549651100375738,0.28180354267310787
140,28.153515834675254,32.17257112184648,10.144927536231885,0.6239935587761675,12.453032742887816,9.03113258185722,5.877616747181965,1.0064412238325282,0.2549651100375738,0.28180354267310787
141,28.26086956521739,32.06521739130435,10.701825013419215,0.6239935587761675,12.010198604401502,8.876811594202898,5.844068706387547,1.0064412238325282,0.32877079978529256,0.28180354267310787
142,28.73054213633924,31.776704240472355,10.701825013419215,0.6239935587761675,11.90955448201825,8.836553945249598,5.8172302737520125,1.0064412238325282,0.3153515834675255,0.28180354267310787
143,28.898282340311326,31.696188942565755,10.72866344605475,0.6105743424584005,11.889425657541599,8.78287707997853,5.790391841116479,1.0064412238325282,0.3153515834675255,0.28180354267310787
144,29.260601180891037,31.5150295222759,10.661567364465915,0.6105743424584005,11.808910359634996,8.769457863660762,5.776972624798712,1.0064412238325282,0.30864197530864196,0.28180354267310787
145,29.32769726247987,31.427804616210413,10.943370907139023,0.6105743424584005,11.782071926999464,8.588298443370908,5.723295759527644,1.0064412238325282,0.30864197530864196,0.28180354267310787
146,29.55582393988191,31.36070853462158,10.869565217391305,0.6105743424584005,11.768652710681696,8.57487922705314,5.662909286097692,1.0064412238325282,0.30864197530864196,0.28180354267310787
147,29.7638217928073,31.125872249060656,10.768921095008052,0.6105743424584005,11.75523349436393,8.561460010735374,5.8172302737520125,1.0064412238325282,0.30864197530864196,0.28180354267310787
148,29.95169082125604,30.83064949006978,10.748792270531402,0.6038647342995169,12.010198604401502,8.467525496511003,5.8172302737520125,0.9796027911969941,0.30864197530864196,0.28180354267310787
149,27.65029522275899,27.95222758990875,19.92753623188406,0.5636070853462157,11.56736446591519,6.937734836285561,3.8311862587224907,0.9796027911969941,0.30864197530864196,0.28180354267310787
150,27.85829307568438,27.925389157273216,19.712828770799785,0.5636070853462157,11.641170155662909,6.89747718733226,3.8311862587224907,0.9796027911969941,0.30864197530864196,0.28180354267310787
151,28.079710144927535,27.83816425120773,19.639023081052066,0.5636070853462157,11.60762211486849,6.870638754696726,3.8311862587224907,0.9796027911969941,0.30864197530864196,0.28180354267310787
152,28.522544283413847,27.68384326355341,19.35721953837896,0.5636070853462157,11.506977992485238,6.823671497584541,3.8177670424047236,1.133923778851315,0.30864197530864196,0.28180354267310787
153,28.878153515834676,27.542941492216855,19.276704240472355,0.5636070853462157,11.379495437466453,6.756575415995706,3.878153515834675,1.133923778851315,0.30864197530864196,0.28180354267310787
154,28.743961352657006,27.26113794954375,20.316693505099302,0.5636070853462157,10.829307568438002,6.716317767042405,3.844605475040258,1.133923778851315,0.30864197530864196,0.28180354267310787
155,28.14680622651637,25.597155126140635,20.021470746108427,0.5636070853462157,9.473966720343531,7.313472893183038,7.185990338164252,1.107085346215781,0.30864197530864196,0.28180354267310787
156,28.509125067096083,25.489801395598498,19.94766505636071,0.5636070853462157,9.500805152979066,7.313472893183038,7.14573268921095,0.9997316156736447,0.24825550187869028,0.28180354267310787
157,28.71712292002147,25.483091787439612,19.847020933977454,0.5636070853462157,9.453837895866881,7.273215244229737,7.132313472893183,0.9997316156736447,0.24825550187869028,0.28180354267310787
158,28.421900161030596,25.167740203972087,21.289586688137412,0.5636070853462157,9.212292002147075,7.266505636070853,6.5485775630703165,0.9997316156736447,0.24825550187869028,0.28180354267310787
159,28.75067096081589,25.0402576489533,21.155394524959743,0.5568974771873323,9.23913043478261,7.192699946323135,6.535158346752549,0.9997316156736447,0.24825550187869028,0.28180354267310787
160,29.2337627482555,24.825550187869027,21.088298443370906,0.5568974771873323,9.178743961352657,7.139023081052066,6.447933440687064,0.9997316156736447,0.24825550187869028,0.28180354267310787
161,29.435050993022006,24.785292538915726,21.041331186258724,0.5568974771873323,9.111647879763822,7.139023081052066,6.253354804079442,1.1473429951690821,0.24825550187869028,0.28180354267310787
162,29.74369296833065,24.651100375738057,20.9272678475577,0.5568974771873323,9.104938271604938,7.118894256575416,6.219806763285024,1.1473429951690821,0.24825550187869028,0.28180354267310787
163,30.08588298443371,24.590713902308106,20.739398819108963,0.5568974771873323,9.07139023081052,7.118894256575416,6.172839506172839,1.1473429951690821,0.24825550187869028,0.2683843263553409
164,30.347557702630166,24.537037037037038,20.585077831454644,0.5568974771873323,9.05126140633387,7.105475040257649,6.172839506172839,1.1272141706924315,0.24825550187869028,0.2683843263553409
165,30.95813204508857,24.241814278046164,20.43075684380032,0.5568974771873323,9.024422973698336,7.065217391304348,6.092324208266238,1.1272141706924315,0.23483628556092323,0.2683843263553409
166,30.991680085882983,24.20155662909286,20.665593129361245,0.4428341384863124,9.01100375738057,6.984702093397746,6.072195383789587,1.1272141706924315,0.23483628556092323,0.2683843263553409
167,31.40096618357488,24.10762211486849,20.52469135802469,0.4294149221685454,8.977455716586151,6.937734836285561,6.005099302200751,1.1272141706924315,0.23483628556092323,0.2549651100375738
168,31.64922168545357,24.020397208803004,20.477724100912507,0.4294149221685454,8.943907675791733,6.937734836285561,5.924584004294149,1.1272141706924315,0.23483628556092323,0.2549651100375738
169,32.018250134192165,23.866076221148685,20.37037037037037,0.4294149221685454,8.930488459473967,6.850509930220075,5.924584004294149,1.1205045625335481,0.23483628556092323,0.2549651100375738
170,32.32018250134192,23.785560923242084,20.202630166398283,0.4294149221685454,8.896940418679549,6.830381105743425,5.924584004294149,1.1205045625335481,0.23483628556092323,0.2549651100375738
171,32.50805152979066,23.718464841653248,20.108695652173914,0.4294149221685454,8.883521202361782,6.816961889425658,5.924584004294149,1.1205045625335481,0.23483628556092323,0.2549651100375738
172,32.84353193773484,23.51046698872786,19.860440150295222,0.4294149221685454,9.104938271604938,6.776704240472356,5.877616747181965,1.107085346215781,0.23483628556092323,0.2549651100375738
173,33.13204508856683,23.416532474503487,19.73966720343532,0.4294149221685454,9.091519055287172,6.763285024154589,5.864197530864198,1.0735373054213635,0.23483628556092323,0.2549651100375738
174,33.299785292538914,23.30246913580247,19.699409554482017,0.4294149221685454,9.078099838969404,6.763285024154589,5.864197530864198,1.0735373054213635,0.23483628556092323,0.2549651100375738
175,33.52120236178207,23.15485775630703,19.578636607622116,0.4025764895330113,8.977455716586151,6.696188942565755,5.844068706387547,1.1943102522812667,0.3824476650563607,0.24825550187869028
176,33.803005904455176,23.087761674718198,19.424315619967793,0.4025764895330113,8.957326892109501,6.66935050993022,5.844068706387547,1.1808910359634996,0.3824476650563607,0.24825550187869028
177,34.03113258185722,23.047504025764894,19.33709071390231,0.39586688137412773,8.910359634997317,6.655931293612453,5.810520665593129,1.1808910359634996,0.3824476650563607,0.24825550187869028
178,34.292807300053674,22.920021470746107,19.256575415995705,0.39586688137412773,9.044551798174986,6.582125603864735,5.730005367686527,1.1473429951690821,0.3824476650563607,0.24825550187869028
179,34.47396672034353,22.84621578099839,19.176060118089104,0.39586688137412773,9.044551798174986,6.575415995705851,5.709876543209877,1.1473429951690821,0.3824476650563607,0.24825550187869028
180,34.876543209876544,22.77241009125067,19.008319914117017,0.39586688137412773,9.03113258185722,6.4345142243692965,5.703166935050993,1.1473429951690821,0.3824476650563607,0.24825550187869028
181,35.20531400966183,22.69189479334407,18.907675791733762,0.39586688137412773,8.943907675791733,6.421095008051529,5.656199677938808,1.1473429951690821,0.3824476650563607,0.24825550187869028
182,35.567632850241544,22.624798711755233,18.753354804079443,0.39586688137412773,8.870101986044014,6.421095008051529,5.589103596349974,1.1473429951690821,0.3824476650563607,0.24825550187869028
183,35.86285560923242,22.611379495437465,18.552066559312937,0.39586688137412773,8.849973161567364,6.407675791733762,5.548845947396672,1.1473429951690821,0.3757380568974772,0.24825550187869028
184,36.20504562533548,22.510735373054214,18.431293612453032,0.39586688137412773,8.84326355340848,6.380837359098229,5.488459473966721,1.133923778851315,0.3757380568974772,0.23483628556092323
185,36.75523349436393,22.302737520128826,18.270263016639827,0.39586688137412773,8.816425120772946,6.246645195920558,5.46833064949007,1.133923778851315,0.3757380568974772,0.23483628556092323
186,37.151100375738054,22.282608695652176,18.035426731078903,0.39586688137412773,8.78287707997853,6.219806763285024,5.387815351583468,1.133923778851315,0.3757380568974772,0.23483628556092323
187,35.37976382179281,21.289586688137412,19.806763285024154,0.39586688137412773,8.61513687600644,7.514761137949543,5.273752012882448,1.133923778851315,0.3757380568974772,0.2147074610842727
188,35.225442834138484,20.37037037037037,21.26945786366076,0.38915727321524424,8.319914117015566,7.501341921631776,5.2066559312936125,1.133923778851315,0.3757380568974772,0.20799785292538917
189,35.45356951154053,20.343531937734838,21.115136876006442,0.38915727321524424,8.293075684380032,7.494632313472893,5.193236714975845,1.133923778851315,0.3757380568974772,0.20799785292538917
190,35.86285560923242,20.303274288781534,20.558239398819108,0.38915727321524424,8.548040794417606,7.461084272678476,5.159688674181428,1.133923778851315,0.3757380568974772,0.20799785292538917
191,35.560923242082666,19.806763285024154,21.088298443370906,0.38915727321524424,8.756038647342995,7.561728395061729,5.132850241545894,1.1205045625335481,0.3757380568974772,0.20799785292538917
192,35.950080515297905,19.77992485238862,20.873590982286636,0.38915727321524424,8.709071390230811,7.48792270531401,5.10601180891036,1.1205045625335481,0.3757380568974772,0.20799785292538917
193,36.312399355877616,19.64573268921095,20.73268921095008,0.38915727321524424,8.682232957595277,7.461084272678476,5.072463768115942,1.1205045625335481,0.3757380568974772,0.20799785292538917
194,36.493558776167475,19.605475040257648,20.39049919484702,0.38915727321524424,8.662104133118627,7.434245840042942,5.320719269994632,1.1205045625335481,0.3757380568974772,0.20799785292538917
195,36.68813741277509,19.49812130971551,20.095276435856146,0.38915727321524424,8.80300590445518,7.434245840042942,5.394524959742351,1.1137949543746646,0.3757380568974772,0.20799785292538917
196,37.0101986044015,19.43773483628556,19.900697799248523,0.38915727321524424,8.78287707997853,7.4006977992485234,5.381105743424584,1.1137949543746646,0.3757380568974772,0.20799785292538917
197,37.1309715512614,19.363929146537842,19.618894256575416,0.38915727321524424,8.78287707997853,7.4006977992485234,5.622651637144391,1.1137949543746646,0.3757380568974772,0.20128824476650564
198,37.23161567364466,19.249865807836823,19.585346215780998,0.38915727321524424,8.849973161567364,7.4006977992485234,5.60252281266774,1.1137949543746646,0.3757380568974772,0.20128824476650564
199,36.54723564143854,18.12265163714439,21.87332259796028,0.38915727321524424,8.527911969940956,7.306763285024155,5.548845947396672,1.1137949543746646,0.3757380568974772,0.19457863660762212
200,36.2788513150832,17.773752012882447,22.61808910359635,0.38915727321524424,8.400429414922169,7.179280730005368,5.689747718733226,1.1003757380568975,0.3757380568974772,0.19457863660762212
201,36.580783682232955,17.652979066022546,22.363123993558776,0.38915727321524424,8.279656468062266,7.380568974771873,5.595813204508857,1.1943102522812667,0.36902844873859364,0.19457863660762212
202,36.71497584541063,17.619431025228128,22.208803005904453,0.38915727321524424,8.279656468062266,7.340311325818572,5.5756843800322065,1.1808910359634996,0.49651100375738055,0.19457863660762212
203,36.862587224906065,17.60601180891036,22.14170692431562,0.38915727321524424,8.252818035426731,7.300053676865271,5.5756843800322065,1.1808910359634996,0.49651100375738055,0.19457863660762212
204,37.17122920021471,17.60601180891036,21.947128287707997,0.38915727321524424,8.199141170155663,7.253086419753086,5.562265163714439,1.1808910359634996,0.49651100375738055,0.19457863660762212
205,36.8491680085883,17.51207729468599,22.591250670960815,0.38915727321524424,7.971014492753623,7.253086419753086,5.562265163714439,1.1808910359634996,0.49651100375738055,0.19457863660762212
206,37.19135802469136,17.398013955984972,22.423510466988727,0.38915727321524424,7.937466451959206,7.232957595276436,5.555555555555555,1.1808910359634996,0.49651100375738055,0.19457863660762212
207,37.36580783682233,17.391304347826086,22.396672034353195,0.38915727321524424,7.9106280193236715,7.139023081052066,5.535426731078905,1.1808910359634996,0.49651100375738055,0.19457863660762212
208,37.526838432635536,17.337627482555018,22.32957595276436,0.38915727321524424,7.9106280193236715,7.112184648416532,5.522007514761138,1.1808910359634996,0.49651100375738055,0.19457863660762212
209,37.775093934514224,17.330917874396135,22.14170692431562,0.38915727321524424,7.9039184111647875,7.065217391304348,5.522007514761138,1.1808910359634996,0.49651100375738055,0.19457863660762212
210,37.98309178743961,17.330917874396135,22.0276435856146,0.38915727321524424,7.87037037037037,7.03166935050993,5.495169082125604,1.1808910359634996,0.49651100375738055,0.19457863660762212
211,38.077026301663984,17.163177670424048,22.309447128287708,0.38915727321524424,7.769726247987117,6.944444444444445,5.495169082125604,1.1741814278046163,0.49651100375738055,0.18115942028985507
212,38.32528180354267,17.082662372517444,21.866612989801396,0.38915727321524424,7.541599570585078,6.890767579173376,6.0587761674718195,1.1674718196457328,0.49651100375738055,0.18115942028985507
213,38.5601180891036,17.042404723564143,21.74584004294149,0.38915727321524424,7.541599570585078,6.78341384863124,6.092324208266238,1.1674718196457328,0.49651100375738055,0.18115942028985507
214,38.466183574879224,17.022275899087493,21.4170692431562,0.38915727321524424,7.971014492753623,6.890767579173376,5.998389694041868,1.1674718196457328,0.49651100375738055,0.18115942028985507
215,38.56682769726248,17.022275899087493,21.35668276972625,0.38915727321524424,7.944176060118089,6.877348362855609,5.998389694041868,1.1674718196457328,0.49651100375738055,0.18115942028985507
216,38.499731615673646,16.982018250134193,21.24261943102523,0.38915727321524424,7.930756843800322,6.863929146537842,6.246645195920558,1.1674718196457328,0.49651100375738055,0.18115942028985507
217,38.39237788513151,16.881374127750938,21.135265700483092,0.38915727321524424,7.997852925389157,6.8035426731078905,6.246645195920558,1.4761137949543746,0.49651100375738055,0.18115942028985507
218,38.747987117552334,16.75389157273215,21.095008051529792,0.38915727321524424,7.944176060118089,6.763285024154589,6.166129898013956,1.4626945786366077,0.49651100375738055,0.18115942028985507
219,38.788244766505635,16.720343531937736,20.947396672034355,0.38915727321524424,7.890499194847021,6.749865807836822,6.166129898013956,1.4492753623188406,0.7179280730005367,0.18115942028985507
220,39.20424047235642,16.59286097691895,20.799785292538918,0.38915727321524424,8.004562533548041,6.615673644659152,6.139291465378422,1.3553408480944713,0.7179280730005367,0.18115942028985507
221,39.31830381105743,16.344605475040257,20.739398819108963,0.38915727321524424,8.373590982286634,6.595544820182502,6.025228126677402,1.3150831991411702,0.7179280730005367,0.18115942028985507
222,39.60681696188943,16.297638217928075,20.598497047772412,0.38915727321524424,8.340042941492216,6.561996779388084,5.911164787976382,1.3955984970477724,0.7179280730005367,0.18115942028985507
223,40.022812667740205,16.243961352657006,20.37037037037037,0.38915727321524424,8.333333333333334,6.515029522275899,5.837359098228664,1.3888888888888888,0.7179280730005367,0.18115942028985507
224,39.99597423510467,16.21712292002147,20.356951154052602,0.3757380568974772,8.319914117015566,6.333870101986044,5.8239398819108965,1.3486312399355878,1.0466988727858293,0.18115942028985507
225,40.24422973698336,16.19699409554482,20.263016639828233,0.3757380568974772,8.266237251744498,6.3070316693505095,5.8239398819108965,1.2949543746645196,1.0466988727858293,0.18115942028985507
226,40.042941492216855,15.995705850778315,20.21604938271605,0.3757380568974772,8.809715512614064,6.260064412238325,5.803811057434245,1.2949543746645196,1.0198604401502953,0.18115942028985507
227,40.344873859366615,15.915190552871712,20.128824476650564,0.32877079978529256,8.756038647342995,6.253354804079442,5.776972624798712,1.2949543746645196,1.0198604401502953,0.18115942028985507
228,40.465646806226516,15.908480944712828,20.095276435856146,0.32877079978529256,8.729200214707461,6.213097155126141,5.763553408480945,1.2949543746645196,1.0198604401502953,0.18115942028985507
229,40.82796564680623,15.83467525496511,19.994632313472895,0.32877079978529256,8.68894256575416,6.132581857219538,5.71658615136876,1.288244766505636,1.0064412238325282,0.18115942028985507
230,41.257380568974774,15.807836822329575,19.887278582930758,0.3153515834675255,8.635265700483092,6.099033816425121,5.528717122920021,1.288244766505636,0.9997316156736447,0.18115942028985507
231,41.39157273215244,15.794417606011809,19.860440150295222,0.3153515834675255,8.601717659688674,6.0654857756307035,5.528717122920021,1.288244766505636,0.9728931830381106,0.18115942028985507
232,41.48550724637681,15.787707997852925,19.81347289318304,0.3153515834675255,8.601717659688674,6.018518518518518,5.629361245303274,1.288244766505636,0.8789586688137413,0.18115942028985507
233,41.76731078904992,15.640096618357488,19.77992485238862,0.3153515834675255,8.541331186258722,5.984970477724101,5.71658615136876,1.288244766505636,0.785024154589372,0.18115942028985507
234,42.04240472356415,15.613258185721953,19.639023081052066,0.3153515834675255,8.507783145464305,5.984970477724101,5.662909286097692,1.2681159420289856,0.785024154589372,0.18115942028985507
235,42.27724100912507,15.599838969404187,19.545088566827697,0.3153515834675255,8.494363929146537,5.924584004294149,5.629361245303274,1.247987117552335,0.785024154589372,0.18115942028985507
236,42.599302200751474,15.479066022544284,19.47128287707998,0.3153515834675255,8.454106280193237,5.844068706387547,5.622651637144391,1.247987117552335,0.785024154589372,0.18115942028985507
237,42.78717122920021,15.45222758990875,19.390767579173378,0.3153515834675255,8.440687063875469,5.810520665593129,5.60252281266774,1.247987117552335,0.7716049382716049,0.18115942028985507
238,42.7938808373591,15.425389157273216,19.209608158883523,0.3153515834675255,8.756038647342995,5.723295759527644,5.595813204508857,1.247987117552335,0.7514761137949544,0.18115942028985507
239,42.981749865807835,15.378421900161031,19.155931293612454,0.3153515834675255,8.715780998389693,5.6964573268921095,5.595813204508857,1.2278582930756843,0.7514761137949544,0.18115942028985507
240,43.08239398819109,15.331454643048845,19.276704240472355,0.30864197530864196,8.682232957595277,5.669618894256575,5.515297906602254,1.2278582930756843,0.7246376811594203,0.18115942028985507
241,42.84084809447128,15.042941492216855,19.129092860976918,0.30864197530864196,8.662104133118627,6.327160493827161,5.5756843800322065,1.2278582930756843,0.7246376811594203,0.1610305958132045
242,42.69994632313473,14.579978529253891,19.90740740740741,0.30864197530864196,8.608427267847558,6.300322061191626,5.515297906602254,1.2144390767579174,0.7045088566827697,0.1610305958132045
243,42.3040794417606,14.143853998926463,19.860440150295222,0.30864197530864196,9.39345142243693,6.300322061191626,5.629361245303274,1.1943102522812667,0.7045088566827697,0.1610305958132045
244,42.49194847020934,14.110305958132045,19.981213097155127,0.30864197530864196,9.386741814278047,6.159420289855072,5.501878690284487,1.1943102522812667,0.7045088566827697,0.1610305958132045
245,42.693236714975846,14.090177133655395,19.867149758454108,0.30864197530864196,9.346484165324744,6.159420289855072,5.407944176060118,1.261406333870102,0.7045088566827697,0.1610305958132045
246,42.82742887815352,13.976113794954374,19.81347289318304,0.30864197530864196,9.420289855072463,6.139291465378422,5.387815351583468,1.261406333870102,0.7045088566827697,0.1610305958132045
247,43.001878690284485,13.88888888888889,19.786634460547504,0.30864197530864196,9.386741814278047,6.139291465378422,5.360976918947934,1.261406333870102,0.7045088566827697,0.1610305958132045
248,43.07568438003221,13.88888888888889,19.77992485238862,0.30864197530864196,9.353193773483628,6.105743424584004,5.360976918947934,1.261406333870102,0.7045088566827697,0.1610305958132045
249,43.29710144927536,13.882179280730005,19.632313472893184,0.30864197530864196,9.326355340848094,6.0654857756307035,5.360976918947934,1.261406333870102,0.7045088566827697,0.1610305958132045
250,43.67283950617284,13.821792807300053,19.51825013419216,0.30864197530864196,9.185453569511541,6.125872249060655,5.307300053676865,1.261406333870102,0.6977992485238862,0.10064412238325282
