,45,50,52,55,51,53,54,56
0,100.0,,,,,,,
1,98.45008051529791,1.5499194847020934,,,,,,
2,94.20960815888353,5.790391841116479,,,,,,
3,86.44659151905529,13.553408480944713,,,,,,
4,82.93746645195921,17.062533548040793,,,,,,
5,75.39586688137413,24.174718196457327,0.4294149221685454,,,,,
6,74.93290391841117,24.63768115942029,0.4294149221685454,,,,,
7,72.77241009125068,26.798174986580783,0.4294149221685454,,,,,
8,65.0228126677402,34.54777241009125,0.4294149221685454,,,,,
9,65.2308105206656,34.33977455716586,0.4294149221685454,,,,,
10,58.843263553408484,39.841653247450346,0.4294149221685454,0.8856682769726248,,,,
11,59.07809983896941,39.60681696188943,0.4294149221685454,0.8856682769726248,,,,
12,59.292807300053674,38.097155126140635,2.1739130434782608,0.43612453032742887,,,,
13,58.76945786366076,38.62050456253355,2.1739130434782608,0.43612453032742887,,,,
14,57.78314546430489,39.60681696188943,2.1739130434782608,0.43612453032742887,,,,
15,52.11352657004831,37.855609232420825,2.1739130434782608,0.43612453032742887,7.4208266237251745,,,
16,50.925925925925924,39.05662909286098,2.1739130434782608,0.43612453032742887,7.407407407407407,,,
17,45.793075684380035,46.12855609232421,0.3488996242619431,0.322061191626409,7.407407407407407,,,
18,45.63204508856683,45.60520665593129,0.3488996242619431,0.322061191626409,8.091787439613526,,,
19,44.49141170155663,40.60654857756307,0.3488996242619431,0.322061191626409,11.460010735373054,2.771068169618894,,
20,44.57192699946323,40.61996779388084,0.3488996242619431,0.322061191626409,11.366076221148685,2.771068169618894,,
21,41.18357487922705,44.67257112184648,0.3488996242619431,0.322061191626409,11.3593666129898,2.1135265700483092,,
22,41.23054213633924,44.6256038647343,0.3488996242619431,0.322061191626409,11.3593666129898,2.1135265700483092,,
23,36.252012882447666,47.839506172839506,0.3488996242619431,0.322061191626409,13.177670424047236,2.059849704777241,,
24,36.963231347289316,46.63177670424047,0.3488996242619431,0.322061191626409,12.922705314009661,2.8113258185721954,,
25,35.47369833601718,50.81186258722491,0.3488996242619431,0.322061191626409,10.23215244229737,2.8113258185721954,,
26,35.86285560923242,50.60386473429951,0.3488996242619431,0.322061191626409,10.050993022007514,2.8113258185721954,,
27,35.950080515297905,50.5300590445518,0.3488996242619431,0.322061191626409,10.050993022007514,2.7979066022544283,,
28,34.09822866344606,46.47074610842727,0.20128824476650564,1.4090177133655395,15.98899624261943,1.8317230273752012,,
29,34.4068706387547,46.256038647343,0.20128824476650564,1.4090177133655395,15.942028985507246,1.7847557702630166,,
30,34.447128287708,46.2157809983897,0.20128824476650564,1.4090177133655395,15.942028985507246,1.7847557702630166,,
31,31.816961889425656,47.42351046698873,0.06038647342995169,1.4090177133655395,17.505367686527105,1.7847557702630166,,
32,31.36070853462158,42.50536768652711,3.502415458937198,1.4694041867954912,19.390767579173378,1.7713365539452497,,
33,29.05931293612453,44.847020933977454,3.502415458937198,1.4694041867954912,19.350509930220074,1.7713365539452497,,
34,25.315351583467525,48.8996242619431,3.502415458937198,1.3687600644122384,19.142512077294686,1.7713365539452497,,
35,25.201288244766506,49.362587224906065,3.502415458937198,1.3687600644122384,18.793612453032743,1.7713365539452497,,
36,25.268384326355342,49.322329575952764,3.502415458937198,1.3687600644122384,18.209876543209877,1.7713365539452497,0.5568974771873323,
37,25.201288244766506,47.718733225979605,3.475577026301664,1.3687600644122384,18.149490069779926,1.7713365539452497,2.314814814814815,
38,25.328770799785293,47.44363929146538,3.475577026301664,1.5163714439076759,18.149490069779926,1.7713365539452497,2.314814814814815,
39,25.677670424047236,47.26247987117552,3.4621578099838968,1.5163714439076759,18.129361245303276,1.6371443907675791,2.314814814814815,
40,25.05367686527107,46.19565217391305,5.179817498658078,1.5163714439076759,18.10252281266774,1.6371443907675791,2.314814814814815,
41,24.825550187869027,45.13553408480945,7.568438003220612,2.5161030595813205,16.002415458937197,1.6371443907675791,2.314814814814815,
42,23.55072463768116,40.915190552871714,7.568438003220612,2.462426194310252,21.598228663446054,1.6170155662909287,2.2879763821792807,
43,23.93317230273752,40.68035426731079,7.367149758454106,2.462426194310252,21.598228663446054,1.6170155662909287,2.341653247450349,
44,24.154589371980677,40.19055287171229,7.917337627482555,2.462426194310252,21.316425120772948,1.6170155662909287,2.341653247450349,
45,24.013687600644122,38.94927536231884,5.770263016639828,2.462426194310252,25.45625335480408,1.6170155662909287,1.7310789049919484,
46,23.09447128287708,37.07058507783145,5.770263016639828,2.073268921095008,28.918411164787976,1.3419216317767042,1.7310789049919484,
47,23.161567364465917,36.99677938808374,5.770263016639828,2.1940418679549114,28.804347826086957,1.3419216317767042,1.7310789049919484,
48,22.819377348362856,36.37278582930757,5.736714975845411,2.1940418679549114,29.8040794417606,1.3419216317767042,1.7310789049919484,
49,23.047504025764894,36.312399355877616,5.656199677938808,2.1940418679549114,29.716854535695116,1.3419216317767042,1.7310789049919484,
50,21.74584004294149,31.984702093397747,5.656199677938808,2.1940418679549114,35.39318303811057,1.3419216317767042,1.6841116478797638,
51,20.813204508856682,29.770531400966185,5.656199677938808,2.1940418679549114,38.5601180891036,1.3217928073000538,1.6841116478797638,
52,20.50456253354804,30.119431025228128,5.656199677938808,2.1940418679549114,38.519860440150296,1.3217928073000538,1.6841116478797638,
53,20.564949006977994,29.314278046162105,7.85024154589372,2.1806226516371443,37.084004294149224,1.3217928073000538,1.6841116478797638,
54,17.612721417069242,36.77536231884058,7.803274288781535,2.167203435319377,32.63553408480945,1.3217928073000538,1.6841116478797638,
55,17.673107890499196,36.7686527106817,7.7898550724637685,2.167203435319377,32.59527643585615,1.3217928073000538,1.6841116478797638,
56,16.0829307568438,38.727858293075684,7.7898550724637685,2.0665593129361244,32.326892109500804,1.3217928073000538,1.6841116478797638,
57,14.553140096618357,41.84782608695652,7.27992485238862,1.8853998926462694,31.427804616210413,1.3217928073000538,1.6841116478797638,
58,14.727589908749328,41.8142780461621,7.179280730005368,1.8853998926462694,31.387546967257112,1.3217928073000538,1.6841116478797638,
59,14.378690284487385,42.33762748255502,7.14573268921095,1.8518518518518519,31.105743424584006,1.5163714439076759,1.6639828234031133,
60,14.486044015029522,42.25711218464841,7.14573268921095,1.8250134192163177,31.105743424584006,1.5163714439076759,1.6639828234031133,
61,14.65378421900161,42.12292002147075,7.139023081052066,1.8250134192163177,31.105743424584006,1.5163714439076759,1.6371443907675791,
62,14.9020397208803,41.92163177670424,7.139023081052066,1.8250134192163177,31.05877616747182,1.5163714439076759,1.6371443907675791,
63,14.593397745571659,38.801663982823406,5.159688674181428,1.5633387010198605,34.936929683306495,1.5163714439076759,3.33467525496511,0.0939345142243693
64,15.002683843263553,38.63392377885131,5.159688674181428,1.4694041867954912,34.86312399355877,1.5163714439076759,3.33467525496511,0.020128824476650563
65,15.526033279656469,38.191089640365,5.146269457863661,1.4694041867954912,34.796027911969944,1.5163714439076759,3.33467525496511,0.020128824476650563
66,15.096618357487923,32.52818035426731,8.84326355340848,1.4694041867954912,36.94981213097155,1.7579173376274826,3.33467525496511,0.020128824476650563
67,13.466183574879228,29.0727321524423,8.84326355340848,0.9796027911969941,42.552334943639295,1.7310789049919484,3.33467525496511,0.020128824476650563
68,13.305152979066023,28.69699409554482,9.75577026301664,0.9796027911969941,42.17659688674181,1.7310789049919484,3.33467525496511,0.020128824476650563
69,13.546698872785829,28.56280193236715,9.742351046698873,0.9728931830381106,42.089371980676326,1.7310789049919484,3.33467525496511,0.020128824476650563
70,13.654052603327965,27.791196994095547,9.71551261406334,0.9594739667203436,41.57944176060118,2.945517981749866,3.33467525496511,0.020128824476650563
71,13.79495437466452,27.140365002683843,7.997852925389157,0.9594739667203436,43.08239398819109,3.3413848631239937,3.33467525496511,0.3488996242619431
72,14.15727321524423,27.03972088030059,7.971014492753623,1.5230810520665594,42.31749865807837,3.3279656468062266,3.3145464304884595,0.3488996242619431
73,13.70101986044015,26.85185185185185,7.96430488459474,1.3419216317767042,43.887546967257116,2.341653247450349,3.5628019323671496,0.3488996242619431
74,12.4597423510467,24.248523886205046,7.96430488459474,1.0332796564680622,50.19457863660762,2.254428341384863,1.4962426194310252,0.3488996242619431
75,12.942834138486312,24.033816425120772,7.856951154052603,1.0332796564680622,50.033548040794415,2.254428341384863,1.4962426194310252,0.3488996242619431
76,11.43317230273752,21.511003757380568,6.286902844873859,1.0332796564680622,55.63607085346216,2.254428341384863,1.4962426194310252,0.3488996242619431
77,11.292270531400966,21.115136876006442,6.286902844873859,1.0332796564680622,56.18625872249061,2.2410091250670963,1.4962426194310252,0.3488996242619431
78,11.560654857756306,21.068169618894256,6.233225979602791,1.0332796564680622,55.66961889425657,2.2342995169082127,1.4962426194310252,0.7045088566827697
79,11.896135265700483,20.987654320987655,6.219806763285024,1.0332796564680622,55.44820182501342,2.214170692431562,1.4962426194310252,0.7045088566827697
80,12.157809983896941,20.974235104669887,6.219806763285024,1.0332796564680622,55.03220611916264,2.214170692431562,1.4962426194310252,0.8722490606548577
81,12.412775093934513,20.9272678475577,6.219806763285024,1.0332796564680622,54.82420826623725,2.214170692431562,1.4962426194310252,0.8722490606548577
82,12.681159420289855,20.833333333333332,6.206387546967257,1.0064412238325282,54.690016103059584,2.214170692431562,1.4962426194310252,0.8722490606548577
83,12.869028448738593,20.819914117015568,6.179549114331723,1.0064412238325282,54.54240472356415,2.214170692431562,1.4962426194310252,0.8722490606548577
84,12.989801395598498,20.819914117015568,6.179549114331723,0.9930220075147611,54.46188942565754,2.187332259796028,1.4962426194310252,0.8722490606548577
85,13.211218464841654,20.75281803542673,6.447933440687064,1.570048309178744,53.4621578099839,2.187332259796028,1.4962426194310252,0.8722490606548577
86,12.949543746645196,20.471014492753625,8.628556092324208,1.3888888888888888,52.00617283950617,2.187332259796028,1.4962426194310252,0.8722490606548577
87,12.989801395598498,20.29656468062265,8.628556092324208,1.3888888888888888,52.012882447665056,2.187332259796028,1.3553408480944713,1.1406333870101986
88,13.110574342458401,20.283145464304884,8.588298443370908,1.3888888888888888,51.97933440687064,2.187332259796028,1.3553408480944713,1.107085346215781
89,13.620504562533547,20.175791733762747,8.581588835212024,1.3888888888888888,51.610305958132045,2.187332259796028,1.3553408480944713,1.0802469135802468
90,14.076757917337627,20.055018786902846,8.527911969940956,1.3687600644122384,51.348631239935585,2.187332259796028,1.3553408480944713,1.0802469135802468
91,14.231078904991948,20.021470746108427,8.494363929146537,2.2208803005904456,50.4092860976919,2.187332259796028,1.3553408480944713,1.0802469135802468
92,14.338432635534085,20.021470746108427,8.433977455716587,2.2208803005904456,50.36231884057971,2.187332259796028,1.3553408480944713,1.0802469135802468
93,14.2914653784219,19.35721953837896,10.292538915727322,1.9860440150295222,49.85909822866345,1.778046162104133,1.3553408480944713,1.0802469135802468
94,14.358561460010735,18.733225979602793,10.903113258185721,1.9726247987117553,49.81884057971015,1.778046162104133,1.3553408480944713,1.0802469135802468
95,14.895330112721417,18.38432635534085,10.742082662372518,1.9457863660762211,48.11460010735373,1.778046162104133,3.0595813204508855,1.0802469135802468
96,15.237520128824476,18.357487922705314,10.7085346215781,1.9457863660762211,47.83279656468062,1.778046162104133,3.0595813204508855,1.0802469135802468
97,15.385131508319914,18.357487922705314,10.7085346215781,1.8786902844873858,47.75228126677402,1.778046162104133,3.0595813204508855,1.0802469135802468
98,15.002683843263553,17.58588298443371,16.97530864197531,1.8786902844873858,42.652979066022546,1.778046162104133,3.0595813204508855,1.06682769726248
99,15.26435856146001,17.53220611916264,16.941760601180892,1.8786902844873858,42.50536768652711,1.778046162104133,3.0327428878153517,1.06682769726248
100,15.210681696188942,17.505367686527105,17.8743961352657,1.5633387010198605,41.968599033816425,1.778046162104133,3.0327428878153517,1.06682769726248
101,12.99651100375738,14.942297369833602,17.277241009125067,1.5633387010198605,43.08239398819109,4.810789049919484,4.260601180891036,1.06682769726248
102,13.144122383252817,14.928878153515834,17.20343531937735,1.5633387010198605,43.05555555555556,4.810789049919484,4.2270531400966185,1.06682769726248
103,13.264895330112722,14.9020397208803,17.163177670424048,1.5633387010198605,43.001878690284485,4.676596886741814,4.361245303274289,1.06682769726248
104,13.493022007514762,14.895330112721417,17.11621041331186,1.5633387010198605,42.941492216854535,4.676596886741814,4.361245303274289,0.95276435856146
105,12.815351583467525,14.27133655394525,15.98899624261943,1.5499194847020934,45.967525496511,4.636339237788513,4.320987654320987,0.4495437466451959
106,13.063607085346217,14.257917337627482,15.848094471282877,1.5499194847020934,45.873590982286636,4.636339237788513,4.320987654320987,0.4495437466451959
107,11.466720343531938,18.00187869028449,15.767579173376275,1.5499194847020934,45.779656468062264,2.677133655394525,4.30756843800322,0.4495437466451959
108,11.574074074074074,17.753623188405797,13.727858293075684,0.9863123993558777,48.55743424584004,2.6637144390767578,4.28743961352657,0.4495437466451959
109,11.16478797638218,17.753623188405797,15.365002683843263,0.9863123993558777,47.497316156736446,2.5295222758990876,4.253891572732153,0.4495437466451959
110,9.702093397745571,16.97530864197531,21.994095544820183,0.8655394524959742,46.01449275362319,2.341653247450349,1.6706924315619969,0.43612453032742887
111,10.23215244229737,16.80756843800322,21.85319377348363,0.8655394524959742,45.793075684380035,2.341653247450349,1.6706924315619969,0.43612453032742887
112,10.326086956521738,16.80756843800322,21.85319377348363,0.8655394524959742,45.69914117015566,2.341653247450349,1.6706924315619969,0.43612453032742887
113,10.272410091250672,23.255501878690286,15.5126140633387,0.8319914117015567,45.67901234567901,2.341653247450349,1.6706924315619969,0.43612453032742887
114,10.581052066559312,23.235373054213635,15.465646806226516,0.8319914117015567,45.4374664519592,2.341653247450349,1.6706924315619969,0.43612453032742887
115,10.668276972624799,23.201825013419217,15.465646806226516,0.8319914117015567,45.38378958668814,2.341653247450349,1.6706924315619969,0.43612453032742887
116,10.406602254428341,23.101180891035963,15.881642512077295,1.2010198604401503,44.71282877079979,2.2879763821792807,1.9726247987117553,0.43612453032742887
117,10.997047772410092,22.98040794417606,15.881642512077295,1.2010198604401503,44.256575415995705,2.2745571658615136,1.9726247987117553,0.43612453032742887
118,11.2788513150832,22.873054213633925,15.881642512077295,1.2010198604401503,44.08212560386473,2.2745571658615136,1.9726247987117553,0.43612453032742887
119,11.352657004830919,22.84621578099839,15.881642512077295,1.2010198604401503,44.06870638754697,2.2745571658615136,1.9457863660762211,0.4294149221685454
120,11.714975845410628,22.805958132045088,15.841384863123993,1.2010198604401503,43.78690284487386,2.2745571658615136,1.9457863660762211,0.4294149221685454
121,11.83574879227053,22.799248523886206,15.821256038647343,1.2010198604401503,43.71980676328502,2.24771873322598,1.9457863660762211,0.4294149221685454
122,11.889425657541599,22.77241009125067,15.821256038647343,1.2010198604401503,43.70638754696726,2.2342995169082127,1.9457863660762211,0.4294149221685454
123,11.996779388083736,22.564412238325282,15.821256038647343,1.482823403113258,43.53864734299517,2.2342995169082127,1.932367149758454,0.4294149221685454
124,12.164519592055823,22.52415458937198,15.801127214170693,1.482823403113258,43.45142243692968,2.2342995169082127,1.9122383252818036,0.4294149221685454
125,12.426194310252281,22.477187332259795,15.767579173376275,1.482823403113258,43.27026301663983,2.2342995169082127,1.9122383252818036,0.4294149221685454
126,12.620772946859903,22.450348899624263,15.653515834675256,1.482823403113258,43.23671497584541,2.214170692431562,1.9122383252818036,0.4294149221685454
127,12.828770799785293,22.430220075147613,15.633387010198604,1.4626945786366077,43.09581320450886,2.214170692431562,1.90552871712292,0.4294149221685454
128,12.983091787439614,22.41009125067096,15.633387010198604,1.4626945786366077,42.975040257648956,2.214170692431562,1.892109500805153,0.4294149221685454
129,12.654320987654321,16.049382716049383,12.95625335480408,1.4559849704777241,52.97906602254428,2.1068169618894257,1.3687600644122384,0.4294149221685454
130,12.090713902308105,15.935319377348362,12.929414922168545,1.4224369296833066,44.72624798711755,11.097691894793345,1.3687600644122384,0.4294149221685454
131,12.406065485775631,15.673644659151906,12.909286097691895,1.4224369296833066,44.69269994632314,11.097691894793345,1.3687600644122384,0.4294149221685454
132,12.365807836822329,15.646806226516372,12.895866881374127,1.4224369296833066,44.03515834675255,11.07085346215781,2.13365539452496,0.4294149221685454
133,12.600644122383253,15.599838969404187,12.828770799785293,1.4224369296833066,43.914385399892645,11.07085346215781,2.13365539452496,0.4294149221685454
134,12.74825550187869,15.599838969404187,12.808641975308642,1.4224369296833066,43.78690284487386,11.07085346215781,2.13365539452496,0.4294149221685454
135,11.761943102522812,13.962694578636608,11.332528180354267,1.1406333870101986,49.12775093934514,10.433440687063875,1.892109500805153,0.3488996242619431
136,12.084004294149223,13.895598497047773,11.332528180354267,1.1406333870101986,49.08749329039184,10.218733225979603,1.892109500805153,0.3488996242619431
137,12.661030595813205,13.862050456253355,11.3191089640365,1.1406333870101986,48.58427267847558,10.19189479334407,1.892109500805153,0.3488996242619431
138,12.93612453032743,13.83521202361782,11.3191089640365,1.1406333870101986,48.33601717659689,10.19189479334407,1.892109500805153,0.3488996242619431
139,11.768652710681696,9.541062801932368,10.144927536231885,1.5096618357487923,58.21256038647343,6.454643048845948,1.8719806763285025,0.49651100375738055
140,12.104133118625873,9.433709071390231,10.138217928073,1.5096618357487923,57.991143317230275,6.454643048845948,1.8719806763285025,0.49651100375738055
141,12.050456253354804,8.890230810520666,11.20504562533548,1.4962426194310252,57.33360171765969,6.333870101986044,2.1940418679549114,0.49651100375738055
142,12.117552334943639,8.890230810520666,11.191626409017713,1.4962426194310252,57.23295759527644,6.333870101986044,2.1940418679549114,0.5434782608695652
143,12.298711755233494,8.883521202361782,11.191626409017713,1.4962426194310252,57.07192699946323,6.333870101986044,2.1806226516371443,0.5434782608695652
144,12.493290391841116,8.870101986044014,11.191626409017713,1.4962426194310252,56.89076757917338,6.333870101986044,2.1806226516371443,0.5434782608695652
145,12.822061191626409,8.863392377885132,11.017176596886742,1.4962426194310252,56.434514224369295,6.3137412775093935,2.1806226516371443,0.8722490606548577
146,13.09044551798175,8.856682769726248,10.963499731615673,1.4962426194310252,56.32716049382716,6.246645195920558,2.147074610842727,0.8722490606548577
147,13.372249060654857,8.829844337090714,10.943370907139023,1.4962426194310252,56.146001073537306,6.1929683306494905,2.147074610842727,0.8722490606548577
148,13.519860440150294,8.829844337090714,10.916532474503489,1.4962426194310252,56.025228126677405,6.1929683306494905,2.147074610842727,0.8722490606548577
149,13.345410628019323,6.615673644659152,10.795759527643586,1.4962426194310252,58.641975308641975,6.085614600107354,2.147074610842727,0.8722490606548577
150,13.781535158346752,6.615673644659152,10.681696188942565,1.482823403113258,58.373590982286636,6.085614600107354,2.1068169618894257,0.8722490606548577
151,13.88888888888889,6.602254428341385,10.681696188942565,1.6572732152442298,58.279656468062264,5.911164787976382,2.1068169618894257,0.8722490606548577
152,14.036500268384327,6.602254428341385,10.681696188942565,1.6572732152442298,58.13204508856683,5.911164787976382,2.1068169618894257,0.8722490606548577
153,14.231078904991948,6.273483628556092,10.648148148148149,1.9994632313472893,57.21953837895867,5.884326355340848,2.885131508319914,0.8588298443370908
154,14.727589908749328,6.273483628556092,10.57434245840043,2.13365539452496,56.81025228126678,5.736714975845411,2.885131508319914,0.8588298443370908
155,14.700751476113794,6.226516371443908,10.990338164251208,2.200751476113795,56.40096618357488,5.736714975845411,2.885131508319914,0.8588298443370908
156,14.922168545356952,6.1929683306494905,10.735373054213634,2.200751476113795,55.89103596349973,6.3137412775093935,2.885131508319914,0.8588298443370908
157,15.157004830917874,6.1929683306494905,10.68840579710145,2.200751476113795,55.562265163714436,6.280193236714976,2.8515834675254963,1.06682769726248
158,15.445517981749866,6.146001073537305,10.68840579710145,2.200751476113795,55.27375201288245,6.0654857756307035,3.113258185721954,1.06682769726248
159,13.714439076757918,6.005099302200751,10.205314009661835,1.8853998926462694,60.59447128287708,4.502147074610843,2.059849704777241,1.0332796564680622
160,13.922436929683306,6.005099302200751,10.178475577026301,1.8853998926462694,60.44015029522276,4.4753086419753085,2.059849704777241,1.0332796564680622
161,14.083467525496511,5.971551261406334,10.446859903381643,1.8853998926462694,60.04428341384863,4.4753086419753085,2.059849704777241,1.0332796564680622
162,14.237788513150832,5.964841653247451,10.44015029522276,1.8853998926462694,59.90338164251208,4.4753086419753085,2.059849704777241,1.0332796564680622
163,14.2914653784219,5.891035963499732,10.393183038110575,1.8853998926462694,59.084809447128286,4.4753086419753085,2.945517981749866,1.0332796564680622
164,14.486044015029522,5.891035963499732,10.36634460547504,1.8853998926462694,58.93719806763285,4.455179817498658,2.945517981749866,1.0332796564680622
165,14.55984970477724,5.891035963499732,10.36634460547504,1.8786902844873858,58.89694041867955,4.455179817498658,2.918679549114332,1.0332796564680622
166,14.841653247450349,5.8239398819108965,10.352925389157273,1.8786902844873858,58.69565217391305,4.455179817498658,2.918679549114332,1.0332796564680622
167,15.083199141170155,5.803811057434245,10.352925389157273,1.8786902844873858,57.54159957058508,5.387815351583468,2.918679549114332,1.0332796564680622
168,15.271068169618895,5.736714975845411,10.352925389157273,1.8786902844873858,56.84380032206119,5.360976918947934,2.918679549114332,1.6371443907675791
169,15.546162104133119,5.636070853462158,12.949543746645196,1.8786902844873858,53.898282340311326,5.3274288781535155,2.428878153515835,2.3349436392914655
170,15.821256038647343,5.146269457863661,12.600644122383253,1.8786902844873858,53.52925389157273,5.911164787976382,2.7777777777777777,2.3349436392914655
171,16.163446054750402,5.146269457863661,12.567096081588835,1.8786902844873858,53.24074074074074,5.891035963499732,2.7777777777777777,2.3349436392914655
172,16.035963499731615,5.0993022007514766,12.546967257112184,1.8786902844873858,52.99248523886205,6.394256575415996,2.7777777777777777,2.2745571658615136
173,16.378153515834676,5.0993022007514766,12.493290391841116,1.8451422436929683,52.79119699409554,6.380837359098229,2.737520128824477,2.2745571658615136
174,16.867954911433173,5.052334943639291,12.493290391841116,1.8451422436929683,52.40874932903918,6.380837359098229,2.677133655394525,2.2745571658615136
175,17.002147074610843,5.052334943639291,12.4597423510467,2.6502952227589907,51.51637144390767,6.380837359098229,2.677133655394525,2.2611379495437465
176,17.14975845410628,5.052334943639291,12.4597423510467,2.6502952227589907,51.368760064412236,6.380837359098229,2.677133655394525,2.2611379495437465
177,17.183306494900698,5.045625335480408,12.4597423510467,2.6502952227589907,50.70450885668277,7.018250134192163,2.677133655394525,2.2611379495437465
178,17.458400429414922,5.045625335480408,12.318840579710145,2.6502952227589907,50.677670424047236,6.910896403650026,2.677133655394525,2.2611379495437465
179,17.827428878153516,5.045625335480408,12.318840579710145,2.6502952227589907,49.993290391841114,6.89747718733226,2.677133655394525,2.589908749329039
180,17.652979066022546,4.9718196457326895,13.258185721953838,3.4621578099838968,48.59769189479334,6.89747718733226,2.5697799248523885,2.589908749329039
181,17.787171229200215,4.9718196457326895,13.258185721953838,3.4621578099838968,48.49704777241009,6.863929146537842,2.5697799248523885,2.589908749329039
182,18.149490069779926,4.9651100375738055,13.24476650563607,3.4621578099838968,48.15485775630703,6.863929146537842,2.5697799248523885,2.589908749329039
183,17.337627482555018,4.2270531400966185,12.600644122383253,3.180354267310789,50.63070316693505,6.863929146537842,2.5697799248523885,2.589908749329039
184,17.53220611916264,4.2270531400966185,12.439613526570048,3.8043478260869565,50.006709608158886,6.863929146537842,2.536231884057971,2.589908749329039
185,17.767042404723565,4.2270531400966185,12.439613526570048,3.8043478260869565,49.785292538915726,6.863929146537842,2.522812667740204,2.589908749329039
186,18.109232420826622,4.2270531400966185,12.426194310252281,3.7775093934514223,49.39613526570049,6.582125603864735,3.2004830917874396,2.281266774020397
187,18.47826086956522,4.2270531400966185,12.359098228663447,3.7640901771336552,49.16129898013956,6.5485775630703165,3.2004830917874396,2.2611379495437465
188,16.700214707461082,10.648148148148149,11.064143853998926,3.730542136339238,46.544551798174986,6.152710681696189,3.2004830917874396,1.9592055823939882
189,16.800858829844337,10.648148148148149,11.037305421363392,3.730542136339238,46.484165324745035,6.139291465378422,3.2004830917874396,1.9592055823939882
190,17.344337090713903,10.621309715512615,11.003757380568974,3.717122920021471,46.081588835212024,6.119162640901771,3.1535158346752548,1.9592055823939882
191,17.49194847020934,10.567632850241546,11.003757380568974,3.717122920021471,45.99436392914654,6.112453032742888,3.1535158346752548,1.9592055823939882
192,18.08239398819109,10.567632850241546,10.976918947933441,3.717122920021471,45.67230273752013,6.052066559312936,3.1535158346752548,1.778046162104133
193,18.35077831454643,10.560923242082662,10.896403650026839,3.7037037037037037,45.53811057434246,6.018518518518518,3.1535158346752548,1.778046162104133
194,18.874127750939344,10.560923242082662,10.88298443370907,3.5829307568438002,45.148953301127214,6.018518518518518,3.1535158346752548,1.778046162104133
195,18.927804616210413,10.547504025764896,10.789049919484702,4.26731078904992,44.71953837895867,6.005099302200751,3.1535158346752548,1.5901771336553945
196,18.96135265700483,10.547504025764896,10.789049919484702,4.26731078904992,44.68599033816425,6.005099302200751,3.1535158346752548,1.5901771336553945
197,19.410896403650028,10.379763821792807,10.68840579710145,4.26731078904992,44.518250134192165,5.991680085882985,3.1535158346752548,1.5901771336553945
198,19.47128287707998,10.379763821792807,10.560923242082662,4.253891572732153,44.38405797101449,5.991680085882985,3.1535158346752548,1.8048845947396672
199,19.484702093397747,10.34621578099839,10.473698336017177,4.2203435319377345,44.04186795491143,5.991680085882985,3.3682232957595275,2.073268921095008
200,19.404186795491142,10.326086956521738,10.46027911969941,4.2203435319377345,43.71309715512614,6.622383252818035,3.3682232957595275,1.8853998926462694
201,19.524959742351047,10.326086956521738,10.46027911969941,4.2203435319377345,43.61916264090177,6.608964036500268,3.3548040794417604,1.8853998926462694
202,20.021470746108427,10.158346752549651,10.426731078904991,4.186795491143317,43.605743424584006,6.568706387546968,3.1468062265163717,1.8853998926462694
203,20.055018786902846,10.158346752549651,10.426731078904991,4.186795491143317,43.572195383789584,6.568706387546968,3.1468062265163717,1.8853998926462694
204,20.182501341921633,10.091250670960816,10.426731078904991,4.17337627482555,43.53193773483628,6.568706387546968,3.140096618357488,1.8853998926462694
205,20.316693505099302,9.997316156736447,10.426731078904991,4.17337627482555,43.49168008588298,6.568706387546968,3.140096618357488,1.8853998926462694
206,20.477724100912507,9.66183574879227,10.426731078904991,4.508856682769726,43.43129361245303,6.535158346752549,3.0730005367686526,1.8853998926462694
207,20.90713902308105,9.628287707997853,10.124798711755233,4.508856682769726,43.364197530864196,6.508319914117015,3.0730005367686526,1.8853998926462694
208,21.061460010735374,9.608158883521202,10.071121846484166,4.508856682769726,43.283682232957595,6.508319914117015,3.0730005367686526,1.8853998926462694
209,21.450617283950617,9.608158883521202,10.071121846484166,4.408212560386473,43.07568438003221,6.454643048845948,3.0730005367686526,1.8585614600107354
210,21.71900161030596,9.608158883521202,10.071121846484166,4.388083735909823,42.84755770263017,6.454643048845948,3.066290928609769,1.8451422436929683
211,21.93370907139023,9.608158883521202,10.050993022007514,4.388083735909823,42.652979066022546,6.454643048845948,3.066290928609769,1.8451422436929683
212,20.162372517444982,9.608158883521202,8.561460010735374,3.113258185721954,48.2487922705314,5.723295759527644,2.818035426731079,1.7646269457863661
213,20.175791733762747,9.608158883521202,8.561460010735374,3.113258185721954,48.23537305421363,5.723295759527644,2.818035426731079,1.7646269457863661
214,20.263016639828233,9.588030059044552,8.541331186258722,3.113258185721954,48.22195383789587,5.723295759527644,2.818035426731079,1.7310789049919484
215,20.544820182501343,9.272678475577026,8.521202361782072,3.113258185721954,47.99382716049383,5.723295759527644,3.1602254428341383,1.6706924315619969
216,20.564949006977994,9.272678475577026,8.340042941492216,3.113258185721954,47.59125067096082,6.380837359098229,3.1199677938808374,1.6170155662909287
217,21.215780998389693,9.272678475577026,8.293075684380032,3.113258185721954,47.094739667203434,6.273483628556092,3.1199677938808374,1.6170155662909287
218,21.524422973698336,9.272678475577026,8.293075684380032,3.113258185721954,46.786097691894796,6.273483628556092,3.1199677938808374,1.6170155662909287
219,21.638486312399355,9.272678475577026,8.293075684380032,3.113258185721954,46.67203435319377,6.273483628556092,3.1199677938808374,1.6170155662909287
220,21.79951690821256,9.192163177670425,8.809715512614064,3.052871712292002,46.37010198604401,6.273483628556092,2.885131508319914,1.6170155662909287
221,22.188674181427803,9.192163177670425,8.76274825550188,3.052871712292002,46.09500805152979,6.266774020397209,2.8247450348899625,1.6170155662909287
222,22.249060654857757,9.192163177670425,8.76274825550188,3.052871712292002,46.03462157809984,6.266774020397209,2.8247450348899625,1.6170155662909287
223,22.403381642512077,9.192163177670425,8.749329039184111,3.052871712292002,45.893719806763286,6.266774020397209,2.8247450348899625,1.6170155662909287
224,22.383252818035427,9.192163177670425,8.749329039184111,3.1065485775630703,45.65888352120236,6.414385399892646,2.7442297369833604,1.751207729468599
225,22.470477724100913,9.192163177670425,8.729200214707461,3.1065485775630703,45.56494900697799,6.414385399892646,2.771068169618894,1.751207729468599
226,22.705314009661837,9.064680622651638,8.709071390230811,3.079710144927536,45.51798174986581,6.400966183574879,2.771068169618894,1.751207729468599
227,22.77241009125067,9.05126140633387,8.709071390230811,3.079710144927536,45.4777241009125,6.387546967257112,2.771068169618894,1.751207729468599
228,23.22866344605475,9.017713365539452,8.709071390230811,2.9924852388620504,45.269726247987116,6.340579710144928,2.703972088030059,1.737788513150832
229,23.26892109500805,9.017713365539452,8.695652173913043,2.9790660225442833,45.269726247987116,6.340579710144928,2.690552871712292,1.737788513150832
230,23.60440150295223,8.997584541062801,9.232420826623725,3.1065485775630703,44.578636607622116,6.595544820182502,2.2208803005904456,1.6639828234031133
231,23.886205045625335,8.964036500268385,9.205582393988191,3.0931293612453032,44.40418679549114,6.582125603864735,2.2208803005904456,1.6438539989264627
232,24.12104133118626,8.950617283950617,9.205582393988191,3.0595813204508855,44.216317767042405,6.582125603864735,2.2208803005904456,1.6438539989264627
233,24.362587224906065,8.923778851315083,9.245840042941492,3.0595813204508855,43.96135265700483,6.582125603864735,2.2208803005904456,1.6438539989264627
234,22.77241009125067,8.816425120772946,8.293075684380032,3.770799785292539,45.28314546430489,7.501341921631776,2.1604938271604937,1.402308105206656
235,22.933440687063875,8.76274825550188,8.266237251744498,3.770799785292539,45.108695652173914,7.481213097155126,2.2745571658615136,1.402308105206656
236,23.067632850241544,8.76274825550188,8.192431561996779,3.770799785292539,45.04830917874396,7.481213097155126,2.2745571658615136,1.402308105206656
237,22.6784755770263,8.715780998389693,9.91009125067096,3.7640901771336552,44.02844873859367,7.481213097155126,2.01959205582394,1.402308105206656
238,22.69189479334407,8.59500805152979,9.73564143853999,3.7573805689747717,44.337090713902306,7.461084272678476,2.01959205582394,1.402308105206656
239,22.926731078904993,8.59500805152979,9.722222222222221,3.7573805689747717,44.135802469135804,7.440955448201825,2.01959205582394,1.402308105206656
240,23.047504025764894,8.59500805152979,9.722222222222221,3.7573805689747717,44.02844873859367,7.427536231884058,2.01959205582394,1.402308105206656
241,23.221953837895867,8.59500805152979,9.688674181427805,3.7573805689747717,43.887546967257116,7.427536231884058,2.01959205582394,1.402308105206656
242,23.45679012345679,8.59500805152979,9.534353193773484,3.7573805689747717,43.43800322061192,7.427536231884058,2.3886205045625335,1.402308105206656
243,23.785560923242084,8.59500805152979,9.420289855072463,3.7573805689747717,43.25684380032206,7.427536231884058,2.3550724637681157,1.402308105206656
244,24.16129898013956,8.541331186258722,9.420289855072463,3.7573805689747717,43.022007514761135,7.340311325818572,2.3550724637681157,1.402308105206656
245,24.342458400429415,8.541331186258722,9.420289855072463,3.7573805689747717,42.84755770263017,7.333601717659689,2.3550724637681157,1.402308105206656
246,24.50348899624262,8.454106280193237,9.420289855072463,3.7573805689747717,42.77375201288245,7.333601717659689,2.3550724637681157,1.402308105206656
247,24.704777241009126,8.360171765968868,9.339774557165862,3.7573805689747717,42.68652710681696,7.306763285024155,2.4557165861513686,1.3888888888888888
248,23.58427267847558,8.085077831454644,8.863392377885132,3.911701556629093,45.17579173376275,7.085346215780999,2.200751476113795,1.093666129898014
249,23.637949543746647,8.085077831454644,8.863392377885132,3.911701556629093,45.128824476650564,7.085346215780999,2.200751476113795,1.0869565217391304
250,23.785560923242084,8.024691358024691,8.863392377885132,3.8915727321524423,45.06172839506173,7.085346215780999,2.200751476113795,1.0869565217391304
251,24.04723564143854,8.024691358024691,8.836553945249598,3.844605475040258,44.880568974771876,7.085346215780999,2.1940418679549114,1.0869565217391304
252,24.288781535158346,8.011272141706923,8.816425120772946,3.844605475040258,44.71282877079979,7.085346215780999,2.1940418679549114,1.0466988727858293
253,24.60413311862587,8.011272141706923,8.715780998389693,3.784219001610306,44.44444444444444,7.071926999463232,2.187332259796028,1.1808910359634996
254,24.838969404186795,7.977724100912507,8.682232957595277,3.784219001610306,44.32367149758454,7.0383789586688135,2.1739130434782608,1.1808910359634996
255,25.07380568974772,7.971014492753623,8.662104133118627,3.784219001610306,44.155931293612454,6.998121309715513,2.1739130434782608,1.1808910359634996
256,25.409286097691894,7.7831454643048845,8.662104133118627,3.784219001610306,44.03515834675255,6.984702093397746,2.1604938271604937,1.1808910359634996
257,25.328770799785293,7.7831454643048845,8.997584541062801,3.7573805689747717,43.70638754696726,6.977992485238862,2.26784755770263,1.1808910359634996
258,25.677670424047236,7.695920558239399,8.984165324745035,3.7238325281803544,43.37761674718197,6.944444444444445,2.2410091250670963,1.3553408480944713
259,25.825281803542673,7.695920558239399,8.729200214707461,3.7238325281803544,43.51180891035963,6.91760601180891,2.2410091250670963,1.3553408480944713
260,26.060118089103597,7.695920558239399,8.729200214707461,3.965378421900161,43.344068706387546,6.8035426731078905,2.120236178207193,1.2815351583467525
261,26.25469672571122,7.669082125603865,8.709071390230811,3.965378421900161,43.23000536768653,6.769994632313473,2.120236178207193,1.2815351583467525
262,26.42914653784219,7.6556629092860975,8.709071390230811,3.9519592055823938,43.08239398819109,6.769994632313473,2.120236178207193,1.2815351583467525
263,26.88539989264627,7.628824476650563,8.709071390230811,3.911701556629093,42.7133655394525,6.749865807836822,2.120236178207193,1.2815351583467525
264,27.113526570048307,7.62211486849168,8.709071390230811,3.878153515834675,42.52549651100376,6.749865807836822,2.120236178207193,1.2815351583467525
265,27.375201288244767,7.615405260332796,8.702361782071927,3.824476650563607,42.36446591519055,6.716317767042405,2.120236178207193,1.2815351583467525
266,27.522812667740205,7.615405260332796,8.702361782071927,3.824476650563607,42.28395061728395,6.6760601180891035,2.0933977455716586,1.2815351583467525
267,27.657004830917874,7.521470746108427,8.702361782071927,3.824476650563607,42.250402576489535,6.66935050993022,2.0933977455716586,1.2815351583467525
268,27.737520128824478,7.521470746108427,8.702361782071927,3.81105743424584,42.19672571121846,6.655931293612453,2.0933977455716586,1.2815351583467525
269,28.026033279656467,7.521470746108427,8.568169618894256,3.81105743424584,42.09608158883521,6.622383252818035,2.073268921095008,1.2815351583467525
270,28.166935050993022,7.494632313472893,8.568169618894256,3.938539989264627,41.8545356951154,6.622383252818035,2.073268921095008,1.2815351583467525
271,28.207192699946322,7.494632313472893,8.568169618894256,3.938539989264627,41.8142780461621,6.622383252818035,2.073268921095008,1.2815351583467525
272,28.395061728395063,7.494632313472893,8.55475040257649,3.8915727321524423,41.71363392377885,6.595544820182502,2.073268921095008,1.2815351583467525
273,28.488996242619432,7.461084272678476,8.541331186258722,3.8580246913580245,41.700214707461086,6.595544820182502,2.073268921095008,1.2815351583467525
274,28.817767042404725,7.447665056360709,8.413848631239935,3.750670960815888,40.975577026301664,6.595544820182502,2.073268921095008,1.9256575415995705
275,28.985507246376812,7.434245840042942,8.413848631239935,3.750670960815888,40.85480407944176,6.595544820182502,2.073268921095008,1.892109500805153
276,29.07944176060118,7.434245840042942,8.413848631239935,3.750670960815888,40.76086956521739,6.595544820182502,2.073268921095008,1.892109500805153
277,29.374664519592056,7.39398819108964,8.373590982286634,3.743961352657005,40.58641975308642,6.561996779388084,2.073268921095008,1.892109500805153
278,28.958668813741276,7.246376811594203,8.32662372517445,3.743961352657005,41.34460547504026,6.421095008051529,2.073268921095008,1.8853998926462694
279,29.159957058507782,7.246376811594203,8.313204508856682,3.878153515834675,41.08964036500269,6.353998926462695,2.073268921095008,1.8853998926462694
280,29.314278046162105,7.239667203435319,8.313204508856682,3.878153515834675,41.02925389157273,6.266774020397209,2.073268921095008,1.8853998926462694
