,45,50,51,55,54,53,52,56,57,58,59
0,95.30998389694042,4.690016103059581,,,,,,,,,
1,93.45813204508856,6.541867954911433,,,,,,,,,
2,84.06468062265164,15.935319377348362,,,,,,,,,
3,81.03864734299516,18.96135265700483,,,,,,,,,
4,78.9519592055824,21.048040794417606,,,,,,,,,
5,76.24798711755234,23.58427267847558,0.13419216317767044,0.03354804079441761,,,,,,,
6,76.24798711755234,23.564143853998928,0.15432098765432098,0.03354804079441761,,,,,,,
7,66.51234567901234,33.43397745571659,0.020128824476650563,0.03354804079441761,,,,,,,
8,66.53918411164788,33.380300590445515,0.020128824476650563,0.06038647342995169,,,,,,,
9,66.532474503489,33.3064949006978,0.020128824476650563,0.14090177133655393,,,,,,,
10,55.19994632313473,44.71282877079979,0.020128824476650563,0.06709608158883522,,,,,,,
11,53.0931293612453,46.57139023081052,0.020128824476650563,0.1878690284487386,0.1274825550187869,,,,,,
12,50.86553945249597,46.87332259796028,1.6639828234031133,0.46967257112184646,0.1274825550187869,,,,,,
13,47.20880300590446,50.556897477187334,1.6371443907675791,0.46967257112184646,0.1274825550187869,,,,,,
14,45.73939881910896,51.932367149758456,1.6371443907675791,0.5636070853462157,0.1274825550187869,,,,,,
15,45.779656468062264,51.892109500805155,1.6371443907675791,0.5636070853462157,0.1274825550187869,,,,,,
16,42.78717122920021,54.851046698872786,1.6371443907675791,0.5971551261406334,0.1274825550187869,,,,,,
17,42.80730005367686,54.770531400966185,1.6371443907675791,0.5971551261406334,0.1878690284487386,,,,,,
18,40.52603327965647,56.696188942565755,1.6371443907675791,0.5837359098228664,0.1878690284487386,0.36902844873859364,,,,,
19,40.5126140633387,56.72302737520129,1.6371443907675791,0.5837359098228664,0.1878690284487386,0.35560923242082665,,,,,
20,40.61325818572195,56.454643048845945,1.6371443907675791,0.6977992485238862,0.24154589371980675,0.35560923242082665,,,,,
21,38.31186258722491,48.63794954374664,9.380032206119163,1.0869565217391304,0.24154589371980675,0.35560923242082665,1.9860440150295222,,,,
22,38.31186258722491,48.48362855609233,9.380032206119163,1.2412775093934514,0.24154589371980675,0.35560923242082665,1.9860440150295222,,,,
23,30.26033279656468,54.126409017713364,9.366612989801396,3.569511540526033,0.05367686527106817,0.35560923242082665,2.26784755770263,,,,
24,30.320719269994633,54.0727321524423,9.366612989801396,3.5628019323671496,0.05367686527106817,0.35560923242082665,2.26784755770263,,,,
25,28.26086956521739,52.07997852925389,11.117820719269995,3.6231884057971016,0.05367686527106817,0.35560923242082665,4.508856682769726,,,,
26,28.23403113258186,49.92619431025228,11.117820719269995,3.4621578099838968,0.05367686527106817,0.35560923242082665,6.850509930220075,,,,
27,28.348094471282877,49.15458937198068,11.084272678475577,4.1532474503489,0.05367686527106817,0.35560923242082665,6.850509930220075,,,,
28,25.41599570585078,51.972624798711756,11.084272678475577,4.1532474503489,0.05367686527106817,0.35560923242082665,6.622383252818035,0.3421900161030596,,,
29,25.301932367149757,51.71765968867418,11.345947396672035,4.086151368760064,0.05367686527106817,0.5300590445517982,6.622383252818035,0.3421900161030596,,,
30,24.020397208803004,52.71739130434783,11.345947396672035,4.367954911433173,0.05367686527106817,0.5300590445517982,6.622383252818035,0.3421900161030596,,,
31,24.00697799248524,52.502683843263554,11.621041331186259,4.3545356951154055,0.05367686527106817,0.5300590445517982,6.588835212023618,0.3421900161030596,,,
32,17.411433172302736,42.129629629629626,31.635802469135804,3.5426731078904994,,1.9457863660762211,3.280998389694042,0.05367686527106817,,,
33,17.411433172302736,42.16317767042405,31.608964036500268,3.535963499731616,,1.9457863660762211,3.280998389694042,0.05367686527106817,,,
34,17.49194847020934,40.31132581857219,29.871175523349436,3.556092324208266,3.488996242619431,1.9457863660762211,3.280998389694042,0.05367686527106817,,,
35,17.351046698872786,40.37842190016103,29.924852388620504,3.5762211486849167,3.488996242619431,1.9457863660762211,3.280998389694042,0.05367686527106817,,,
36,14.969135802469136,40.06977992485239,32.54830917874396,3.643317230273752,3.488996242619431,1.9457863660762211,3.280998389694042,0.05367686527106817,,,
37,15.01610305958132,40.06977992485239,32.306763285024154,3.7372517444981215,3.488996242619431,1.9457863660762211,3.280998389694042,0.15432098765432098,,,
38,14.378690284487385,39.32501341921632,32.27992485238862,3.435319377348363,3.488996242619431,1.9457863660762211,4.99194847020934,0.15432098765432098,,,
39,14.418947933440688,37.0101986044015,32.25308641975309,3.4957058507783145,3.488996242619431,1.737788513150832,7.440955448201825,0.15432098765432098,,,
40,14.432367149758454,36.902844873859365,32.118894256575416,3.4957058507783145,3.488996242619431,1.737788513150832,7.5348899624261945,0.2885131508319914,,,
41,14.264626945786366,35.19189479334407,31.61567364465915,3.4286097691894795,3.1333870101986045,4.542404723564144,7.5348899624261945,0.2885131508319914,,,
42,14.204240472356414,35.279119699409556,31.5150295222759,3.5628019323671496,3.1333870101986045,4.542404723564144,7.474503488996243,0.2885131508319914,,,
43,14.049919484702093,34.514224369296834,29.005636070853463,3.4688674181427803,3.1333870101986045,8.232689210950081,7.266505636070853,0.32877079978529256,,,
44,13.94927536231884,34.23242082662372,29.354535695115406,3.5963499731615673,3.1333870101986045,8.232689210950081,7.1725711218464845,0.32877079978529256,,,
45,13.855340848094471,33.3064949006978,28.247450348899623,3.8580246913580245,3.1333870101986045,9.111647879763822,7.1725711218464845,1.3150831991411702,,,
46,13.92914653784219,33.3064949006978,28.207192699946322,3.8580246913580245,3.1333870101986045,9.104938271604938,7.14573268921095,1.3150831991411702,,,
47,13.841921631776705,33.393719806763286,28.207192699946322,3.8580246913580245,3.1333870101986045,9.104938271604938,7.14573268921095,1.3150831991411702,,,
48,13.734567901234568,33.621846484165324,28.12667740203972,3.851315083199141,3.1199677938808374,9.091519055287172,7.139023081052066,1.3150831991411702,,,
49,13.868760064412239,33.52791196994095,28.039452495974235,3.7775093934514223,3.2541599570585076,9.078099838969404,7.139023081052066,1.3150831991411702,,,
50,12.620772946859903,33.16559312936125,29.57595276435856,3.8714439076757916,3.2541599570585076,9.057971014492754,7.139023081052066,1.3150831991411702,,,
51,12.681159420289855,33.07836822329576,29.428341384863124,4.032474503488996,3.2541599570585076,8.293075684380032,7.7898550724637685,1.442565754159957,,,
52,12.734836285560924,33.00456253354804,29.394793344068706,4.032474503488996,3.643317230273752,7.863660762211487,7.75630703166935,1.570048309178744,,,
53,9.742351046698873,41.646537842190014,29.341116478797638,2.187332259796028,3.502415458937198,7.863660762211487,4.2203435319377345,1.4962426194310252,,,
54,9.762479871175524,41.458668813741276,29.300858829844337,2.26784755770263,3.629898013955985,7.863660762211487,4.2203435319377345,1.4962426194310252,,,
55,9.131776704240472,39.680622651637144,29.938271604938272,2.3215244229736984,3.629898013955985,7.843531937734836,5.958132045088567,1.4962426194310252,,,
56,9.219001610305957,39.51959205582394,29.931561996779386,2.4221685453569513,3.629898013955985,7.843531937734836,5.938003220611916,1.4962426194310252,,,
57,9.25925925925926,39.34514224369297,29.777241009125067,2.576489533011272,3.629898013955985,7.836822329575953,5.924584004294149,1.6505636070853462,,,
58,9.125067096081589,37.97638217928073,29.139828234031132,3.1870638754696725,3.629898013955985,9.628287707997853,5.636070853462158,1.6505636070853462,0.026838432635534086,,
59,9.158615136876007,35.87627482555019,29.139828234031132,3.1870638754696725,3.629898013955985,11.694847020933977,5.636070853462158,1.6505636070853462,0.026838432635534086,,
60,9.232420826623725,35.69511540526033,29.139828234031132,3.3011272141706924,3.629898013955985,11.688137412775093,5.636070853462158,1.6505636070853462,0.026838432635534086,,
61,9.346484165324744,35.61460010735373,29.01905528717123,3.388352120236178,3.629898013955985,11.647879763821793,5.636070853462158,1.6505636070853462,0.026838432635534086,0.040257648953301126,
62,8.964036500268385,34.614868491680085,31.273483628556093,2.999194847020934,4.2270531400966185,10.681696188942565,5.488459473966721,1.6505636070853462,0.06038647342995169,0.040257648953301126,
63,9.111647879763822,34.534353193773484,31.0252281266774,3.0327428878153517,4.2270531400966185,10.889694041867955,5.488459473966721,1.5901771336553945,0.06038647342995169,0.040257648953301126,
64,9.205582393988191,34.286097691894796,30.327428878153516,3.240740740740741,4.193505099302201,11.654589371980677,5.488459473966721,1.5029522275899088,0.06038647342995169,0.040257648953301126,
65,9.07139023081052,32.890499194847024,28.965378421900162,4.005636070853462,4.193505099302201,11.647879763821793,6.763285024154589,2.3617820719269993,0.06038647342995169,0.040257648953301126,
66,9.084809447128288,32.380568974771876,27.026301663982824,4.005636070853462,4.186795491143317,13.674181427804616,7.226247987117552,2.314814814814815,0.06038647342995169,0.040257648953301126,
67,9.25925925925926,32.360440150295226,26.637144390767578,4.1129898013955986,4.186795491143317,13.6406333870102,7.226247987117552,2.475845410628019,0.06038647342995169,0.040257648953301126,
68,8.61513687600644,35.18518518518518,29.05931293612453,3.750670960815888,4.133118625872249,13.399087493290391,4.42163177670424,1.3687600644122384,0.026838432635534086,0.040257648953301126,
69,8.568169618894256,33.4272678475577,27.603327965646805,3.7372517444981215,5.683038110574342,13.258185721953838,6.239935587761675,1.3419216317767042,0.026838432635534086,0.11406333870101985,
70,8.628556092324208,33.373590982286636,27.569779924852387,3.7640901771336552,5.683038110574342,13.20450885668277,6.239935587761675,1.3419216317767042,0.026838432635534086,0.16774020397208803,
71,8.816425120772946,31.4747718733226,27.489264626945786,3.743961352657005,5.683038110574342,13.063607085346217,8.145464304884594,1.247987117552335,0.026838432635534086,0.30864197530864196,
72,8.849973161567364,31.105743424584006,27.435587761674718,3.7372517444981215,5.683038110574342,12.97638217928073,8.541331186258722,1.3352120236178207,0.026838432635534086,0.30864197530864196,
73,8.192431561996779,30.112721417069242,27.234299516908212,3.280998389694042,10.258990874932904,12.177938808373591,7.071926999463232,1.3352120236178207,0.026838432635534086,0.30864197530864196,
74,8.239398819108963,30.04562533548041,27.220880300590444,3.3480944712828773,10.258990874932904,12.104133118625873,7.0383789586688135,1.3352120236178207,0.026838432635534086,0.3824476650563607,
75,8.3064949006978,29.97181964573269,27.220880300590444,3.4017713365539453,10.245571658615138,11.480139559849706,7.018250134192163,1.3217928073000538,0.026838432635534086,1.0064412238325282,
76,8.440687063875469,29.924852388620504,27.113526570048307,3.4017713365539453,10.165056360708535,11.480139559849706,7.004830917874396,1.4358561460010735,0.026838432635534086,1.0064412238325282,
77,8.588298443370908,29.891304347826086,27.086688137412775,3.4286097691894795,10.11808910359635,11.419753086419753,6.998121309715513,1.4358561460010735,0.026838432635534086,1.0064412238325282,
78,8.628556092324208,29.864465915190554,27.073268921095007,3.4286097691894795,10.11808910359635,11.419753086419753,6.998121309715513,1.4358561460010735,0.026838432635534086,1.0064412238325282,
79,8.675523349436393,28.65673644659152,26.99946323134729,3.3548040794417604,10.641438539989265,12.211486849168008,6.984702093397746,1.442565754159957,0.026838432635534086,1.0064412238325282,
80,8.648684916800859,27.17391304347826,30.307300053676865,3.3548040794417604,9.366612989801396,11.936392914653783,6.4345142243692965,1.4358561460010735,0.30864197530864196,1.0332796564680622,
81,8.776167471819646,27.106816961889425,29.683306494900698,3.388352120236178,9.333064949006978,12.5,6.4345142243692965,1.4358561460010735,0.30864197530864196,1.0332796564680622,
82,8.836553945249598,26.060118089103597,29.676596886741816,3.294417606011809,9.333064949006978,13.6808910359635,6.4345142243692965,1.4358561460010735,0.30864197530864196,0.9393451422436929,
83,8.950617283950617,26.060118089103597,29.455179817498657,3.4017713365539453,9.333064949006978,13.6808910359635,6.4345142243692965,1.4358561460010735,0.30864197530864196,0.9393451422436929,
84,8.883521202361782,24.90606548577563,29.314278046162105,3.374932903918411,12.439613526570048,13.070316693505099,6.146001073537305,1.5230810520665594,0.026838432635534086,0.3153515834675255,
85,6.957863660762212,27.28797638217928,29.240472356414386,3.374932903918411,12.399355877616747,13.043478260869565,5.803811057434245,1.5230810520665594,0.026838432635534086,0.3153515834675255,0.026838432635534086
86,7.024959742351046,27.254428341384862,29.260601180891037,3.374932903918411,12.399355877616747,13.003220611916264,5.790391841116479,1.5230810520665594,0.026838432635534086,0.3153515834675255,0.026838432635534086
87,7.071926999463232,27.22758990874933,29.22705314009662,3.388352120236178,12.399355877616747,13.003220611916264,5.790391841116479,1.5230810520665594,0.026838432635534086,0.3153515834675255,0.026838432635534086
88,7.105475040257649,27.180622651637144,31.374127750939344,3.388352120236178,10.668276972624799,12.5402576489533,5.783682232957595,1.5901771336553945,0.05367686527106817,0.3153515834675255,
89,7.0383789586688135,26.127214170692433,28.824476650563607,3.307836822329576,10.59447128287708,14.828234031132581,7.320182501341922,1.5767579173376274,0.05367686527106817,0.32877079978529256,
90,7.306763285024155,26.073537305421365,28.64331723027375,3.307836822329576,10.507246376811594,14.828234031132581,7.2933440687063875,1.6572732152442298,0.05367686527106817,0.32877079978529256,
91,7.4141170155662905,26.06682769726248,28.529253891572733,3.280998389694042,10.507246376811594,14.707461084272678,7.266505636070853,1.8518518518518519,0.05367686527106817,0.322061191626409,
92,7.5348899624261945,26.01315083199141,28.482286634460547,3.260869565217391,10.426731078904991,14.439076757917338,7.25979602791197,1.9592055823939882,0.05367686527106817,0.5703166935050993,
93,6.870638754696726,23.376274825550187,30.08588298443371,3.180354267310789,9.64170692431562,13.003220611916264,11.352657004830919,1.865271068169619,0.05367686527106817,0.5703166935050993,
94,6.769994632313473,23.1280193236715,32.23966720343532,2.945517981749866,10.071121846484166,12.989801395598498,9.380032206119163,1.865271068169619,0.05367686527106817,0.5568974771873323,
95,6.884057971014493,23.081052066559312,32.17257112184648,2.9723564143853998,10.057702630166398,12.97638217928073,9.380032206119163,1.865271068169619,0.05367686527106817,0.5568974771873323,
96,6.957863660762212,22.899892646269457,32.139023081052066,3.113258185721954,10.057702630166398,12.97638217928073,9.380032206119163,1.865271068169619,0.05367686527106817,0.5568974771873323,
97,6.729736983360172,21.732420826623724,32.07192699946323,3.026033279656468,10.050993022007514,12.379227053140097,11.574074074074074,1.8451422436929683,0.05367686527106817,0.5367686527106817,
98,6.776704240472356,21.732420826623724,31.924315619967793,3.0931293612453032,10.017444981213098,12.359098228663447,11.56736446591519,1.9390767579173376,0.05367686527106817,0.5367686527106817,
99,6.830381105743425,21.732420826623724,31.910896403650028,3.0931293612453032,9.98389694041868,12.359098228663447,11.426462694578637,1.9793344068706387,0.14761137949543746,0.5367686527106817,
100,6.89747718733226,21.732420826623724,31.910896403650028,3.0931293612453032,9.916800858829845,12.359098228663447,11.426462694578637,1.9793344068706387,0.14761137949543746,0.5367686527106817,
101,7.004830917874396,21.67874396135266,31.890767579173378,3.0931293612453032,9.916800858829845,12.513419216317766,11.258722490606548,1.9793344068706387,0.1274825550187869,0.5367686527106817,
102,6.515029522275899,21.423778851315085,30.92458400429415,3.046162104133119,9.916800858829845,11.855877616747183,13.607085346215781,2.046430488459474,0.1274825550187869,0.5367686527106817,
103,6.568706387546968,21.390230810520666,30.917874396135264,3.046162104133119,9.916800858829845,11.79549114331723,13.607085346215781,2.046430488459474,0.1274825550187869,0.5837359098228664,
104,6.635802469135802,21.390230810520666,30.85077831454643,3.3011272141706924,9.916800858829845,11.768652710681696,13.47289318303811,1.9189479334406871,0.1610305958132045,0.5837359098228664,
105,6.5485775630703165,20.578368223295758,32.447665056360705,3.3950617283950617,9.541062801932368,11.701556629092861,13.036768652710682,1.9457863660762211,0.1610305958132045,0.6105743424584005,0.03354804079441761
106,6.629092860976919,20.571658615136876,32.400697799248526,3.3950617283950617,9.514224369296834,11.701556629092861,13.036768652710682,1.9457863660762211,0.1610305958132045,0.6105743424584005,0.03354804079441761
107,6.333870101986044,20.356951154052602,31.716317767042405,3.3279656468062266,9.31964573268921,11.701556629092861,14.056629092860977,2.38191089640365,0.1610305958132045,0.6105743424584005,0.03354804079441761
108,6.380837359098229,20.30998389694042,31.716317767042405,3.361513687600644,9.306226516371444,11.701556629092861,14.04320987654321,2.3752012882447664,0.1610305958132045,0.6105743424584005,0.03354804079441761
109,6.347289318303811,19.79334406870639,31.662640901771336,3.8848631239935587,9.312936124530328,11.560654857756306,14.197530864197532,2.301395598497048,0.30193236714975846,0.6038647342995169,0.03354804079441761
110,6.166129898013956,19.545088566827697,31.15271068169619,3.8714439076757916,8.769457863660762,11.41304347826087,15.854804079441761,2.2879763821792807,0.30193236714975846,0.6038647342995169,0.03354804079441761
111,6.266774020397209,19.504830917874397,31.085614600107355,3.8714439076757916,8.729200214707461,11.245303274288782,15.821256038647343,2.4490069779924855,0.38915727321524424,0.6038647342995169,0.03354804079441761
112,6.380837359098229,19.484702093397747,30.394524959742352,4.193505099302201,8.695652173913043,11.245303274288782,15.821256038647343,2.7241009125067097,0.4227053140096618,0.6038647342995169,0.03354804079441761
113,6.414385399892646,19.43773483628556,30.253623188405797,4.180085882984434,8.829844337090714,11.20504562533548,15.754159957058508,2.8650026838432634,0.4227053140096618,0.6038647342995169,0.03354804079441761
114,6.508319914117015,19.43773483628556,30.253623188405797,4.1532474503489,8.829844337090714,11.144659151905529,15.754159957058508,2.8650026838432634,0.4227053140096618,0.5971551261406334,0.03354804079441761
115,6.575415995705851,19.343800322061192,30.246913580246915,4.280730005367687,8.78287707997853,11.117820719269995,15.693773483628556,2.8650026838432634,0.46296296296296297,0.5971551261406334,0.03354804079441761
116,6.662640901771336,19.343800322061192,30.22007514761138,4.280730005367687,8.749329039184111,11.117820719269995,15.613258185721953,2.8918411164787976,0.48980139559849706,0.5971551261406334,0.03354804079441761
117,6.702898550724638,19.343800322061192,29.998658078368223,4.280730005367687,8.749329039184111,11.104401502952227,15.613258185721953,3.0864197530864197,0.48980139559849706,0.5971551261406334,0.03354804079441761
118,6.709608158883521,18.820450885668276,29.998658078368223,4.213633923778851,9.078099838969404,11.064143853998926,15.83467525496511,3.079710144927536,0.5703166935050993,0.5971551261406334,0.03354804079441761
119,6.763285024154589,18.820450885668276,29.99194847020934,4.159957058507783,9.078099838969404,11.077563070316694,15.83467525496511,3.079710144927536,0.5703166935050993,0.5904455179817498,0.03354804079441761
120,6.716317767042405,18.50509930220075,29.924852388620504,3.9586688137412773,9.688674181427805,11.05072463768116,15.83467525496511,3.1535158346752548,0.5434782608695652,0.5904455179817498,0.03354804079441761
121,6.723027375201288,18.45813204508857,29.884594739667204,3.9586688137412773,9.554482018250134,11.05072463768116,16.076221148684915,3.126677402039721,0.5434782608695652,0.5904455179817498,0.03354804079441761
122,6.823671497584541,17.820719269994633,28.878153515834676,3.8915727321524423,9.5276435856146,13.345410628019323,15.45222758990875,3.026033279656468,0.5434782608695652,0.6575415995705851,0.03354804079441761
123,6.9310252281266775,17.814009661835748,27.925389157273216,3.8915727321524423,9.272678475577026,13.063607085346217,16.606280193236714,3.140096618357488,0.6642512077294686,0.6575415995705851,0.03354804079441761
124,6.9310252281266775,17.787171229200215,27.22758990874933,4.086151368760064,9.245840042941492,13.81508319914117,16.42512077294686,3.126677402039721,0.6642512077294686,0.6575415995705851,0.03354804079441761
125,6.984702093397746,17.773752012882447,27.194041867954912,4.086151368760064,9.23913043478261,13.81508319914117,16.42512077294686,3.126677402039721,0.6642512077294686,0.6575415995705851,0.03354804079441761
126,7.092055823939882,17.773752012882447,27.140365002683843,4.086151368760064,9.212292002147075,13.774825550187868,16.42512077294686,3.140096618357488,0.6642512077294686,0.6575415995705851,0.03354804079441761
127,7.185990338164252,17.713365539452496,26.684111647879764,4.03918411164788,9.212292002147075,14.412238325281804,16.358024691358025,3.0394524959742353,0.6642512077294686,0.6575415995705851,0.03354804079441761
128,7.300053676865271,17.713365539452496,26.65727321524423,4.159957058507783,9.185453569511541,14.412238325281804,16.17686527106817,3.0394524959742353,0.6642512077294686,0.6575415995705851,0.03354804079441761
129,7.427536231884058,17.69994632313473,26.603596349973163,4.26731078904992,9.185453569511541,14.38539989264627,16.069511540526033,3.0059044551798175,0.6642512077294686,0.6575415995705851,0.03354804079441761
130,7.494632313472893,17.68652710681696,26.039989264626946,4.253891572732153,8.950617283950617,15.499194847020934,15.942028985507246,2.7844873859366612,0.630703166935051,0.6575415995705851,0.06038647342995169
131,7.608695652173913,17.632850241545892,25.939345142243692,4.253891572732153,8.93719806763285,15.49248523886205,15.821256038647343,2.8515834675254963,0.7447665056360708,0.6575415995705851,0.06038647342995169
132,7.729468599033816,17.53220611916264,25.885668276972623,4.320987654320987,8.93719806763285,15.485775630703166,15.794417606011809,2.8515834675254963,0.7447665056360708,0.6575415995705851,0.06038647342995169
133,7.742887815351583,17.143048845947398,25.067096081588836,4.274020397208803,9.520933977455716,15.385131508319914,16.63311862587225,2.737520128824477,0.7783145464304885,0.6575415995705851,0.06038647342995169
134,7.863660762211487,16.99543746645196,24.953032742887814,4.260601180891036,10.165056360708535,15.378421900161031,16.002415458937197,2.885131508319914,0.7783145464304885,0.6575415995705851,0.06038647342995169
135,7.937466451959206,16.97530864197531,24.90606548577563,3.9720880300590444,10.165056360708535,15.365002683843263,16.297638217928075,2.885131508319914,0.7783145464304885,0.6575415995705851,0.06038647342995169
136,7.9106280193236715,16.941760601180892,26.308373590982285,4.005636070853462,10.151637144390767,14.284755770263017,15.982286634460548,2.918679549114332,0.7783145464304885,0.6575415995705851,0.06038647342995169
137,8.105206655931294,16.914922168545356,26.214439076757916,3.992216854535695,9.970477724100913,14.284755770263017,15.96886741814278,3.052871712292002,0.7783145464304885,0.6575415995705851,0.06038647342995169
138,8.145464304884594,16.820987654320987,26.214439076757916,3.9855072463768115,9.957058507783145,14.53972088030059,15.915190552871712,3.052871712292002,0.7783145464304885,0.5300590445517982,0.06038647342995169
139,8.239398819108963,16.80756843800322,26.20101986044015,3.9855072463768115,9.957058507783145,14.506172839506172,15.881642512077295,3.052871712292002,0.7783145464304885,0.5300590445517982,0.06038647342995169
140,8.293075684380032,16.80756843800322,26.20101986044015,3.9452495974235107,9.943639291465379,14.506172839506172,15.881642512077295,3.052871712292002,0.7783145464304885,0.5300590445517982,0.06038647342995169
141,8.293075684380032,16.398282340311326,25.509930220075148,3.938539989264627,11.312399355877616,14.278046162104133,15.841384863123993,3.0595813204508855,0.7783145464304885,0.5300590445517982,0.06038647342995169
142,8.400429414922169,16.384863123993558,25.483091787439612,3.8848631239935587,11.312399355877616,14.304884594739667,15.827965646806227,3.0327428878153517,0.7783145464304885,0.5300590445517982,0.06038647342995169
143,8.440687063875469,16.384863123993558,25.45625335480408,3.8848631239935587,11.312399355877616,14.2914653784219,15.827965646806227,3.0327428878153517,0.7783145464304885,0.5300590445517982,0.06038647342995169
144,8.494363929146537,16.243961352657006,25.449543746645197,3.8848631239935587,11.272141706924316,14.42565754159957,15.827965646806227,3.0327428878153517,0.7783145464304885,0.5300590445517982,0.06038647342995169
145,7.749597423510467,12.526838432635534,38.47289318303811,3.6231884057971016,8.004562533548041,14.304884594739667,11.466720343531938,2.6301663982823404,0.7514761137949544,0.46967257112184646,
146,7.803274288781535,12.506709608158884,38.439345142243695,3.643317230273752,8.004562533548041,14.304884594739667,11.446591519055287,2.6301663982823404,0.7514761137949544,0.46967257112184646,
147,7.937466451959206,12.47987117552335,38.39237788513151,3.643317230273752,7.997852925389157,14.27133655394525,11.43317230273752,2.6301663982823404,0.7447665056360708,0.46967257112184646,
148,7.648953301127214,12.02361782071927,35.74208266237252,3.589640365002684,7.253086419753086,14.27133655394525,15.660225442834138,2.5966183574879227,0.7447665056360708,0.46967257112184646,
149,7.051798174986581,8.641975308641975,40.29119699409554,3.6231884057971016,7.253086419753086,14.257917337627482,15.009393451422437,2.657004830917874,0.7447665056360708,0.46967257112184646,
150,7.179280730005368,8.641975308641975,40.203972088030056,3.6231884057971016,7.253086419753086,14.257917337627482,14.99597423510467,2.657004830917874,0.7179280730005367,0.46967257112184646,
151,6.662640901771336,7.313472893183038,49.033816425120776,3.5091250670960816,3.0059044551798175,13.24476650563607,13.573537305421363,2.5429414922168547,0.6843800322061192,0.4294149221685454,
152,6.709608158883521,7.313472893183038,48.89291465378422,3.5091250670960816,3.0059044551798175,13.24476650563607,13.506441223832528,2.5697799248523885,0.8185721953837896,0.4294149221685454,
153,6.890767579173376,7.313472893183038,48.812399355877616,3.4017713365539453,3.0931293612453032,13.150831991411701,13.493022007514762,2.5697799248523885,0.8185721953837896,0.4562533548040794,
154,6.971282877079979,7.2933440687063875,48.75872249060655,3.4017713365539453,3.0931293612453032,13.144122383252817,13.493022007514762,2.5697799248523885,0.8185721953837896,0.4562533548040794,
155,6.072195383789587,6.468062265163715,56.25335480407944,3.166935050993022,3.046162104133119,10.836017176596886,10.802469135802468,2.120236178207193,0.8185721953837896,0.41599570585077833,
156,6.1929683306494905,6.461352657004831,56.085614600107355,3.166935050993022,3.180354267310789,10.68840579710145,10.768921095008052,2.2208803005904456,0.8185721953837896,0.41599570585077833,
157,6.253354804079442,6.454643048845948,56.03193773483628,3.166935050993022,3.180354267310789,10.68840579710145,10.768921095008052,2.2208803005904456,0.8185721953837896,0.41599570585077833,
158,6.253354804079442,6.454643048845948,55.22678475577026,3.166935050993022,3.180354267310789,10.68840579710145,11.574074074074074,2.2208803005904456,0.8185721953837896,0.41599570585077833,
159,6.347289318303811,6.454643048845948,55.04562533548041,3.2742887815351582,3.180354267310789,10.68840579710145,11.553945249597424,2.2208803005904456,0.8185721953837896,0.41599570585077833,
160,6.4345142243692965,6.447933440687064,54.99194847020934,3.2541599570585076,3.180354267310789,10.68840579710145,11.520397208803006,2.24771873322598,0.8185721953837896,0.41599570585077833,
161,6.561996779388084,6.447933440687064,54.87788513150832,3.2742887815351582,3.180354267310789,10.661567364465915,11.486849168008588,2.24771873322598,0.8454106280193237,0.41599570585077833,
162,6.635802469135802,6.447933440687064,54.810789049919485,3.2742887815351582,3.180354267310789,10.654857756307031,11.486849168008588,2.24771873322598,0.8454106280193237,0.41599570585077833,
163,6.756575415995706,6.447933440687064,54.690016103059584,3.2742887815351582,3.180354267310789,10.654857756307031,11.486849168008588,2.24771873322598,0.8454106280193237,0.41599570585077833,
164,6.890767579173376,6.447933440687064,54.569243156199676,3.307836822329576,3.180354267310789,10.654857756307031,11.392914653784219,2.2946859903381642,0.8454106280193237,0.41599570585077833,
165,6.9310252281266775,6.447933440687064,54.47530864197531,3.2877079978529253,3.1468062265163717,10.654857756307031,11.386205045625335,2.408749329039184,0.8454106280193237,0.41599570585077833,
166,6.998121309715513,6.427804616210413,53.73054213633924,3.280998389694042,3.7238325281803544,10.61460010735373,11.379495437466453,2.5831991411701556,0.8454106280193237,0.41599570585077833,
167,7.092055823939882,6.427804616210413,53.72383252818035,3.2675791733762747,3.7238325281803544,10.59447128287708,11.332528180354267,2.576489533011272,0.8454106280193237,0.41599570585077833,
168,7.246376811594203,6.421095008051529,53.576221148684915,3.2675791733762747,3.549382716049383,10.748792270531402,11.305689747718732,2.623456790123457,0.8454106280193237,0.41599570585077833,
169,7.253086419753086,6.421095008051529,53.42190016103059,3.2675791733762747,3.549382716049383,10.742082662372518,11.305689747718732,2.7777777777777777,0.8454106280193237,0.41599570585077833,
170,7.333601717659689,6.421095008051529,53.32125603864734,3.260869565217391,3.784219001610306,10.72866344605475,10.990338164251208,2.8381642512077296,0.9057971014492754,0.41599570585077833,
171,7.427536231884058,6.400966183574879,53.234031132581855,3.260869565217391,3.784219001610306,10.701825013419215,10.970209339774557,2.898550724637681,0.9057971014492754,0.41599570585077833,
172,7.501341921631776,6.273483628556092,53.193773483628554,3.260869565217391,3.8915727321524423,10.701825013419215,10.95679012345679,2.898550724637681,0.9057971014492754,0.41599570585077833,
173,7.50805152979066,6.273483628556092,53.03274288781535,3.260869565217391,3.8915727321524423,10.701825013419215,10.95679012345679,3.052871712292002,0.9057971014492754,0.41599570585077833,
174,7.709339774557166,6.266774020397209,52.77777777777778,3.260869565217391,3.8915727321524423,10.63472893183038,10.916532474503489,3.1199677938808374,1.0064412238325282,0.41599570585077833,
175,7.830112721417069,6.266774020397209,52.683843263553406,3.260869565217391,3.8915727321524423,10.607890499194847,10.889694041867955,3.1199677938808374,1.0332796564680622,0.41599570585077833,
176,7.917337627482555,6.266774020397209,52.160493827160494,3.260869565217391,3.8915727321524423,10.607890499194847,11.191626409017713,3.2541599570585076,1.0332796564680622,0.41599570585077833,
177,7.977724100912507,6.266774020397209,52.160493827160494,3.260869565217391,3.8714439076757916,10.59447128287708,11.16478797638218,3.2541599570585076,1.0332796564680622,0.41599570585077833,
178,8.172302737520129,6.260064412238325,50.496511003757384,3.2474503488996245,3.8714439076757916,10.493827160493828,12.681159420289855,3.3279656468062266,1.0332796564680622,0.41599570585077833,
179,8.239398819108963,6.260064412238325,50.22141706924316,3.2474503488996245,3.8714439076757916,10.493827160493828,12.681159420289855,3.535963499731616,1.0332796564680622,0.41599570585077833,
180,8.279656468062266,6.260064412238325,50.067096081588836,3.2474503488996245,3.8714439076757916,10.466988727858293,12.667740203972087,3.6902844873859366,1.0332796564680622,0.41599570585077833,
181,8.373590982286634,6.260064412238325,50.006709608158886,3.2474503488996245,3.8714439076757916,10.466988727858293,12.634192163177671,3.6902844873859366,1.0332796564680622,0.41599570585077833,
182,8.3064949006978,6.260064412238325,49.322329575952764,3.2474503488996245,3.8580246913580245,10.446859903381643,13.546698872785829,3.5628019323671496,1.0332796564680622,0.41599570585077833,
183,8.353462157809984,6.260064412238325,49.16129898013956,3.2742887815351582,3.8580246913580245,10.446859903381643,13.519860440150294,3.6768652710681695,1.0332796564680622,0.41599570585077833,
184,8.407139023081053,6.260064412238325,48.94659151905529,3.260869565217391,3.784219001610306,10.547504025764896,13.499731615673644,3.844605475040258,1.0332796564680622,0.41599570585077833,
185,8.460815888352121,6.1862587224906065,48.90633387010199,3.240740740740741,3.784219001610306,10.641438539989265,13.486312399355878,3.844605475040258,1.0332796564680622,0.41599570585077833,
186,8.568169618894256,6.1862587224906065,48.7788513150832,3.240740740740741,3.784219001610306,10.641438539989265,13.466183574879228,3.8848631239935587,1.0332796564680622,0.41599570585077833,
187,8.662104133118627,6.1862587224906065,48.631239935587764,3.1535158346752548,3.9586688137412773,10.641438539989265,13.43263553408481,3.92512077294686,0.9930220075147611,0.41599570585077833,
188,8.715780998389693,6.1862587224906065,48.60440150295223,3.1535158346752548,3.92512077294686,10.628019323671497,13.41250670960816,3.911701556629093,1.0466988727858293,0.41599570585077833,
189,8.789586688137414,6.1862587224906065,48.37627482555019,3.421900161030596,3.92512077294686,10.628019323671497,13.399087493290391,3.844605475040258,1.0131508319914118,0.41599570585077833,
190,8.749329039184111,6.139291465378422,49.074074074074076,3.421900161030596,3.6768652710681695,10.285829307568438,13.399087493290391,3.824476650563607,1.0131508319914118,0.41599570585077833,
191,8.769457863660762,6.139291465378422,48.9398819108964,3.475577026301664,3.6768652710681695,10.285829307568438,13.399087493290391,3.911701556629093,0.9863123993558777,0.41599570585077833,
192,8.76274825550188,6.092324208266238,48.772141706924316,3.770799785292539,3.717122920021471,10.258990874932904,13.372249060654857,3.851315083199141,0.9863123993558777,0.41599570585077833,
193,8.84326355340848,6.085614600107354,48.40311325818572,3.911701556629093,3.717122920021471,10.258990874932904,13.372249060654857,4.005636070853462,0.9863123993558777,0.41599570585077833,
194,8.964036500268385,6.085614600107354,48.22195383789587,3.911701556629093,3.6634460547504024,10.245571658615138,13.352120236178207,4.1532474503489,0.9863123993558777,0.41599570585077833,
195,8.997584541062801,6.085614600107354,48.18840579710145,3.911701556629093,3.6634460547504024,10.23215244229737,13.325281803542673,4.180085882984434,0.9997316156736447,0.41599570585077833,
196,9.03113258185722,6.085614600107354,48.047504025764894,3.9855072463768115,3.6634460547504024,10.23215244229737,13.325281803542673,4.213633923778851,0.9997316156736447,0.41599570585077833,
197,9.084809447128288,6.085614600107354,48.027375201288244,3.9855072463768115,3.6500268384326353,10.305958132045088,13.271604938271604,4.213633923778851,0.9594739667203436,0.41599570585077833,
198,8.715780998389693,6.085614600107354,50.046967257112186,3.844605475040258,3.515834675254965,10.218733225979603,12.68786902844874,3.5225442834138487,0.9460547504025765,0.41599570585077833,
199,8.501073537305421,6.078904991948471,51.13392377885131,3.7909286097691894,3.4957058507783145,9.970477724100913,12.318840579710145,3.3816425120772946,0.9125067096081588,0.41599570585077833,
200,8.568169618894256,6.045356951154052,50.97289318303811,3.7037037037037037,3.616478797638218,9.957058507783145,12.305421363392378,3.502415458937198,0.9125067096081588,0.41599570585077833,
201,8.709071390230811,6.045356951154052,50.74476650563607,3.7238325281803544,3.616478797638218,9.957058507783145,12.27187332259796,3.603059581320451,0.9125067096081588,0.41599570585077833,
202,8.702361782071927,6.018518518518518,50.28180354267311,3.7238325281803544,3.2877079978529253,9.86983360171766,13.211218464841654,3.5829307568438002,0.9057971014492754,0.41599570585077833,
203,8.695652173913043,5.884326355340848,48.68491680085883,3.9049919484702094,3.2877079978529253,9.836285560923242,14.848362855609233,3.535963499731616,0.9057971014492754,0.41599570585077833,
204,8.662104133118627,5.810520665593129,48.57756307031669,3.8580246913580245,3.3682232957595275,10.104669887278583,14.774557165861514,3.5225442834138487,0.9057971014492754,0.41599570585077833,
205,8.729200214707461,5.803811057434245,48.05421363392378,3.8311862587224907,3.9519592055823938,10.131508319914117,14.761137949543746,3.4151905528717124,0.9057971014492754,0.41599570585077833,
206,8.890230810520666,5.783682232957595,47.91331186258722,3.8311862587224907,3.92512077294686,10.165056360708535,14.55984970477724,3.3950617283950617,1.1205045625335481,0.41599570585077833,
207,8.93719806763285,5.770263016639828,47.819377348362856,3.8915727321524423,3.9586688137412773,10.151637144390767,14.553140096618357,3.3816425120772946,1.1205045625335481,0.41599570585077833,
208,8.977455716586151,5.756843800322061,47.79253891572732,3.878153515834675,3.9586688137412773,10.151637144390767,14.53972088030059,3.408480944712829,1.1205045625335481,0.41599570585077833,
209,8.99087493290392,5.756843800322061,47.779119699409556,3.878153515834675,3.9586688137412773,10.151637144390767,14.53972088030059,3.408480944712829,1.1205045625335481,0.41599570585077833,
210,9.05126140633387,5.756843800322061,47.44363929146538,3.8714439076757916,4.032474503488996,10.131508319914117,14.49946323134729,3.6231884057971016,1.1741814278046163,0.41599570585077833,
211,9.07139023081052,5.595813204508857,48.007246376811594,3.7372517444981215,4.019055287171229,10.111379495437467,14.244498121309716,3.6231884057971016,1.1741814278046163,0.41599570585077833,
212,9.084809447128288,5.394524959742351,47.85292538915727,3.9720880300590444,4.019055287171229,10.104669887278583,14.244498121309716,3.7372517444981215,1.1741814278046163,0.41599570585077833,
213,9.158615136876007,5.374396135265701,47.67176596886742,3.992216854535695,4.019055287171229,10.104669887278583,14.244498121309716,3.844605475040258,1.1741814278046163,0.41599570585077833,
214,9.172034353193773,5.374396135265701,47.55099302200752,3.92512077294686,4.139828234031133,10.19189479334407,14.224369296833064,3.8378958668813743,1.1674718196457328,0.41599570585077833,
215,9.27938808373591,5.374396135265701,47.30944712828771,3.911701556629093,4.133118625872249,10.19189479334407,14.11701556629093,4.0995705850778315,1.1674718196457328,0.41599570585077833,
216,9.306226516371444,5.374396135265701,47.24906065485776,3.911701556629093,4.133118625872249,10.19189479334407,14.11701556629093,4.133118625872249,1.1674718196457328,0.41599570585077833,
217,9.400161030595813,5.360976918947934,47.24235104669887,3.911701556629093,4.133118625872249,10.124798711755233,14.11701556629093,4.133118625872249,1.1674718196457328,0.4092860976918948,
218,9.460547504025765,5.360976918947934,46.41035963499731,3.6634460547504024,5.146269457863661,10.124798711755233,14.002952227589908,4.253891572732153,1.1674718196457328,0.4092860976918948,
219,9.5276435856146,5.340848094471283,46.23590982286635,3.92512077294686,5.139559849704777,10.124798711755233,13.741277509393452,4.388083735909823,1.1674718196457328,0.4092860976918948,
220,9.567901234567902,5.340848094471283,46.2157809983897,3.9184111647879765,5.24020397208803,10.124798711755233,13.727858293075684,4.28743961352657,1.1674718196457328,0.4092860976918948,
221,9.702093397745571,5.3274288781535155,46.12855609232421,3.9184111647879765,5.300590445517981,10.124798711755233,13.6406333870102,4.2270531400966185,1.221148684916801,0.4092860976918948,
222,9.728931830381105,5.3274288781535155,46.121846484165324,3.9184111647879765,5.314009661835748,10.0979602791197,13.580246913580247,4.2270531400966185,1.2748255501878691,0.4092860976918948,
223,9.809447128287708,5.3274288781535155,46.06816961889426,3.9184111647879765,5.300590445517981,10.0979602791197,13.56682769726248,4.2270531400966185,1.2748255501878691,0.4092860976918948,
