,45,50,55,53,54,52,51,57,56
0,100.0,,,,,,,,
1,99.76516371443908,0.23483628556092323,,,,,,,
2,99.50348899624262,0.49651100375738055,,,,,,,
3,83.33333333333333,16.666666666666668,,,,,,,
4,83.36017176596887,16.639828234031132,,,,,,,
5,79.78395061728395,20.21604938271605,,,,,,,
6,75.81186258722491,24.188137412775095,,,,,,,
7,61.94981213097155,38.05018786902845,,,,,,,
8,62.13768115942029,37.21148684916801,0.6508319914117016,,,,,,
9,61.58749329039184,37.76167471819646,0.6508319914117016,,,,,,
10,58.272946859903385,38.439345142243695,,3.2877079978529253,,,,,
11,58.400429414922165,38.18438003220612,,3.2742887815351582,0.14090177133655393,,,,
12,58.53462157809984,38.05018786902845,,3.2742887815351582,0.14090177133655393,,,,
13,27.9723564143854,51.77804616210413,,3.2742887815351582,3.166935050993022,13.808373590982287,,,
14,25.45625335480408,54.3545356951154,,3.2742887815351582,3.166935050993022,13.747987117552334,,,
15,25.623993558776167,53.717122920021474,,3.026033279656468,3.938539989264627,13.694310252281268,,,
16,25.087224906065487,52.05314009661836,2.13365539452496,3.026033279656468,3.92512077294686,12.567096081588835,0.9326355340848095,0.27509393451422437,
17,25.228126677402038,51.96591519055287,2.100107353730542,3.026033279656468,3.92512077294686,12.546967257112184,0.9326355340848095,0.27509393451422437,
18,25.36231884057971,50.925925925925924,2.0665593129361244,3.965378421900161,3.92512077294686,12.546967257112184,0.9326355340848095,0.27509393451422437,
19,25.979602791196996,50.4898013955985,2.0665593129361244,3.92512077294686,3.9049919484702094,12.426194310252281,0.9326355340848095,0.27509393451422437,
20,24.912775093934513,44.75308641975309,2.0665593129361244,0.2549651100375738,3.1333870101986045,12.902576489533011,11.701556629092861,0.27509393451422437,
21,24.14787976382179,45.63875469672571,2.0665593129361244,0.2549651100375738,3.1333870101986045,12.855609232420827,11.627750939345143,0.27509393451422437,
22,24.48336017176597,45.41733762748255,2.0665593129361244,0.2549651100375738,3.1333870101986045,12.761674718196458,11.60762211486849,0.27509393451422437,
23,24.58400429414922,45.209339774557165,1.9994632313472893,0.2549651100375738,3.408480944712829,12.694578636607622,11.574074074074074,0.27509393451422437,
24,24.90606548577563,45.03488996242619,1.9793344068706387,0.24825550187869028,3.408480944712829,12.661030595813205,11.486849168008588,0.27509393451422437,
25,25.221417069243156,44.38405797101449,2.4691358024691357,0.24825550187869028,3.388352120236178,12.634192163177671,11.379495437466453,0.27509393451422437,
26,25.45625335480408,44.20289855072464,2.4691358024691357,0.24825550187869028,3.388352120236178,12.620772946859903,11.33923778851315,0.27509393451422437,
27,25.831991411701555,43.907675791733766,2.462426194310252,0.24825550187869028,3.388352120236178,12.620772946859903,11.265432098765432,0.27509393451422437,
28,26.241277509393452,43.505099302200755,2.462426194310252,0.24825550187869028,3.388352120236178,12.31213097155126,11.252012882447666,0.5904455179817498,
29,26.140633387010197,43.68625872249061,2.4355877616747184,0.24825550187869028,3.388352120236178,12.285292538915728,11.231884057971014,0.5837359098228664,
30,25.43612453032743,43.25013419216318,2.4355877616747184,0.24825550187869028,6.6760601180891035,10.198604401502953,11.171497584541063,0.5837359098228664,
31,25.11406333870102,41.680085882984436,2.4355877616747184,0.11406333870101985,7.541599570585078,12.600644122383253,9.930220075147611,0.5837359098228664,
32,24.818840579710145,39.01637144390767,2.2879763821792807,0.11406333870101985,9.386741814278047,11.943102522812667,11.862587224906065,0.5703166935050993,
33,24.993290391841118,38.87546967257112,2.2879763821792807,0.11406333870101985,9.386741814278047,11.943102522812667,11.829039184111648,0.5703166935050993,
34,25.221417069243156,38.69431025228127,2.2879763821792807,0.11406333870101985,9.386741814278047,11.943102522812667,11.782071926999464,0.5703166935050993,
35,20.67230273752013,44.97450348899624,2.200751476113795,0.11406333870101985,8.038110574342458,11.681427804616211,11.782071926999464,0.5367686527106817,
36,20.155662909286097,44.65915190552872,2.1739130434782608,0.11406333870101985,8.205850778314547,11.896135265700483,12.258454106280194,0.5367686527106817,
37,16.492216854535695,38.10386473429951,1.892109500805153,0.11406333870101985,7.796564680622652,12.399355877616747,22.685185185185187,0.5166398282340311,
38,16.59957058507783,38.077026301663984,1.892109500805153,0.11406333870101985,7.776435856146001,12.379227053140097,22.685185185185187,0.47638217928073,
39,16.847826086956523,37.9898013955985,2.1269457863660763,0.11406333870101985,7.776435856146001,12.379227053140097,22.289318303811058,0.47638217928073,
40,17.09608158883521,36.62775093934514,1.7579173376274826,0.11406333870101985,9.88996242619431,11.77536231884058,22.262479871175522,0.47638217928073,
41,17.538915727321523,36.45330112721417,1.7579173376274826,0.11406333870101985,9.88996242619431,11.77536231884058,21.994095544820183,0.47638217928073,
42,17.57246376811594,35.97691894793344,2.100107353730542,0.4092860976918948,9.856414385399892,11.708266237251744,21.900161030595815,0.47638217928073,
43,17.881105743424584,35.95679012345679,2.0799785292538915,0.4025764895330113,9.802737520128824,11.654589371980677,21.74584004294149,0.47638217928073,
44,17.45169082125604,30.52871712292002,2.0263016639828235,4.2270531400966185,11.453301127214171,15.35829307568438,18.47826086956522,0.47638217928073,
45,17.538915727321523,30.50858829844337,2.0263016639828235,4.2270531400966185,11.406333870101985,15.33816425120773,18.47826086956522,0.47638217928073,
46,16.304347826086957,27.556360708534623,3.864734299516908,6.166129898013956,11.366076221148685,15.33816425120773,18.927804616210413,0.47638217928073,
47,16.492216854535695,27.509393451422437,3.824476650563607,6.166129898013956,11.332528180354267,15.33816425120773,18.86070853462158,0.47638217928073,
48,16.59286097691895,27.502683843263554,3.824476650563607,6.166129898013956,11.312399355877616,14.727589908749328,18.813741277509394,0.28180354267310787,0.7783145464304885
49,16.10305958132045,27.113526570048307,3.7909286097691894,12.781803542673108,11.16478797638218,10.178475577026301,18.813741277509394,0.05367686527106817,
50,16.398282340311326,26.52308105206656,3.7372517444981215,12.640901771336553,11.842458400429415,9.782608695652174,18.666129898013956,0.05367686527106817,0.35560923242082665
51,16.150026838432634,26.496242619431026,3.7372517444981215,12.513419216317766,11.842458400429415,9.648416532474503,19.202898550724637,0.05367686527106817,0.35560923242082665
52,16.49892646269458,26.308373590982285,3.7372517444981215,12.412775093934513,11.808910359634996,9.433709071390231,19.176060118089104,0.2683843263553409,0.35560923242082665
53,16.908212560386474,26.06682769726248,3.475577026301664,12.412775093934513,12.399355877616747,9.39345142243693,18.719806763285025,0.2683843263553409,0.35560923242082665
54,16.988727858293075,26.053408480944714,3.475577026301664,13.607085346215781,11.332528180354267,9.198872785829307,18.719806763285025,0.2683843263553409,0.35560923242082665
55,17.12962962962963,24.02710681696189,3.475577026301664,15.915190552871712,11.332528180354267,9.172034353193773,18.323939881910896,0.2683843263553409,0.35560923242082665
56,17.270531400966185,23.946591519055286,3.475577026301664,15.888352120236178,11.05072463768116,9.125067096081589,18.323939881910896,0.2683843263553409,0.6508319914117016
57,12.399355877616747,11.721685453569512,2.885131508319914,15.673644659151906,6.870638754696726,5.307300053676865,44.00161030595813,0.05367686527106817,1.0869565217391304
58,12.493290391841116,11.493558776167472,2.831454643048846,15.673644659151906,9.366612989801396,5.273752012882448,41.727053140096615,0.05367686527106817,1.0869565217391304
59,12.5402576489533,11.33923778851315,2.831454643048846,15.633387010198604,7.763016639828234,7.185990338164252,41.56602254428341,0.05367686527106817,1.0869565217391304
60,13.077026301663983,11.325818572195384,2.831454643048846,15.28448738593666,7.749597423510467,7.185990338164252,41.42512077294686,0.03354804079441761,1.0869565217391304
61,13.378958668813741,11.305689747718732,2.831454643048846,15.170424047235642,7.749597423510467,7.105475040257649,41.18357487922705,0.03354804079441761,1.2412775093934514
62,13.620504562533547,10.88298443370907,2.831454643048846,13.922436929683306,7.716049382716049,9.01100375738057,40.74074074074074,0.03354804079441761,1.2412775093934514
63,13.674181427804616,10.393183038110575,2.8113258185721954,11.869296833064949,7.682501341921632,12.359098228663447,39.93558776167472,0.03354804079441761,1.2412775093934514
64,13.747987117552334,10.393183038110575,2.804616210413312,11.869296833064949,7.6556629092860975,12.345679012345679,39.92216854535695,0.03354804079441761,1.2278582930756843
65,13.58695652173913,10.319377348362856,2.804616210413312,11.79549114331723,7.830112721417069,14.15727321524423,38.258185721953836,0.020128824476650563,1.2278582930756843
66,13.754696725711218,10.292538915727322,2.9589371980676327,11.761943102522812,7.830112721417069,14.110305958132045,38.04347826086956,0.020128824476650563,1.2278582930756843
67,13.862050456253355,10.23215244229737,2.9589371980676327,11.761943102522812,8.004562533548041,13.88888888888889,38.04347826086956,0.020128824476650563,1.2278582930756843
68,14.06333870101986,9.923510466988727,2.9589371980676327,11.647879763821793,8.004562533548041,14.237788513150832,37.915995705850776,0.020128824476650563,1.2278582930756843
69,14.130434782608695,9.46725711218465,2.871712292002147,11.446591519055287,10.755501878690284,13.70101986044015,36.37949543746645,0.020128824476650563,1.2278582930756843
70,14.13714439076758,9.39345142243693,2.844873859366613,14.398819108964037,9.225711218464841,13.103864734299517,35.71524422973698,,1.1808910359634996
71,14.278046162104133,9.346484165324744,2.844873859366613,14.103596349973161,9.198872785829307,14.150563607085346,34.896672034353195,,1.1808910359634996
72,14.42565754159957,9.339774557165862,2.844873859366613,14.163982823403114,9.198872785829307,14.231078904991948,34.62157809983897,,1.1741814278046163
73,14.65378421900161,9.339774557165862,2.4490069779924855,14.533011272141707,9.185453569511541,14.143853998926463,34.52093397745572,,1.1741814278046163
74,14.761137949543746,9.333064949006978,2.7509393451422435,15.331454643048845,8.601717659688674,14.13714439076758,33.91035963499731,,1.1741814278046163
75,15.063070316693505,9.31964573268921,2.7509393451422435,15.157004830917874,8.601717659688674,14.076757917337627,33.85668276972625,,1.1741814278046163
76,15.499194847020934,9.29951690821256,2.7509393451422435,15.11003757380569,8.454106280193237,13.94927536231884,33.762748255501876,,1.1741814278046163
77,15.780998389694043,9.265968867418144,2.7308105206655933,15.08990874932904,8.427267847557703,13.922436929683306,33.60842726784756,,1.1741814278046163
78,15.895061728395062,9.091519055287172,2.804616210413312,14.486044015029522,8.427267847557703,13.103864734299517,35.017444981213096,,1.1741814278046163
79,15.801127214170693,8.715780998389693,3.730542136339238,14.459205582393988,8.480944712828771,13.070316693505099,34.5679012345679,,1.1741814278046163
80,15.633387010198604,8.668813741277509,3.5628019323671496,15.076489533011273,8.467525496511003,13.050187869028449,33.72920021470746,,1.8115942028985508
81,16.015834675254965,8.641975308641975,3.851315083199141,14.78797638217928,8.319914117015566,13.003220611916264,33.56816961889426,,1.8115942028985508
82,15.98899624261943,8.61513687600644,5.891035963499732,14.472624798711756,8.789586688137414,12.848899624261943,31.682769726247987,,1.710950080515298
83,16.076221148684915,8.61513687600644,5.864197530864198,14.472624798711756,8.789586688137414,12.842190016103059,31.629092860976918,,1.710950080515298
84,16.029253891572733,8.433977455716587,5.864197530864198,15.98899624261943,8.548040794417606,13.003220611916264,30.421363392377884,,1.710950080515298
85,16.431830381105744,8.433977455716587,5.83064949006978,15.982286634460548,8.467525496511003,12.795222758990874,30.347557702630166,,1.710950080515298
86,16.451959205582394,8.433977455716587,5.709876543209877,15.814546430488459,8.601717659688674,12.5402576489533,30.73671497584541,,1.710950080515298
87,16.59286097691895,8.433977455716587,5.709876543209877,15.747450348899624,8.601717659688674,12.5402576489533,30.66290928609769,,1.710950080515298
88,16.49892646269458,8.36688137412775,6.709608158883521,15.727321524422974,8.57487922705314,12.526838432635534,29.904723564143854,,1.6908212560386473
89,16.881374127750938,8.333333333333334,6.709608158883521,15.653515834675256,8.53462157809984,12.526838432635534,29.66988727858293,,1.6908212560386473
90,16.961889425657542,8.333333333333334,6.709608158883521,15.633387010198604,8.53462157809984,12.5,29.66988727858293,,1.6572732152442298
91,17.022275899087493,8.319914117015566,6.602254428341385,14.861782071927,8.480944712828771,14.224369296833064,28.92512077294686,,1.5633387010198605
92,17.431561996779386,8.3064949006978,6.575415995705851,14.821524422973699,8.420558239398819,14.029790660225443,28.85131508319914,,1.5633387010198605
93,17.223564143854,8.179012345679013,5.958132045088567,17.002147074610843,7.96430488459474,13.935856146001074,28.173644659151904,,1.5633387010198605
94,17.05582393988191,7.763016639828234,5.924584004294149,16.982018250134193,8.722490606548577,13.882179280730005,28.10654857756307,,1.5633387010198605
95,17.250402576489535,7.7361782071927,5.911164787976382,16.948470209339774,8.715780998389693,13.855340848094471,27.375201288244767,,2.2074610842726785
96,17.404723564143854,7.7361782071927,5.877616747181965,15.707192699946322,8.715780998389693,13.607085346215781,28.401771336553946,,2.5496511003757383
97,17.733494363929147,7.4141170155662905,6.092324208266238,16.022544283413847,8.239398819108963,13.607085346215781,28.341384863123995,,2.5496511003757383
98,17.827428878153516,7.353730542136339,6.092324208266238,16.002415458937197,8.239398819108963,13.607085346215781,28.327965646806227,,2.5496511003757383
99,17.01556629092861,7.353730542136339,5.924584004294149,14.774557165861514,7.7831454643048845,8.447396672034353,36.151368760064415,,2.5496511003757383
100,17.250402576489535,7.333601717659689,6.092324208266238,14.714170692431562,7.763016639828234,8.232689210950081,36.06414385399893,,2.5496511003757383
101,16.076221148684915,7.1658615136876005,6.092324208266238,14.714170692431562,7.689210950080516,8.145464304884594,37.66774020397209,,2.4490069779924855
102,16.150026838432634,7.1658615136876005,6.092324208266238,14.687332259796028,7.675791733762749,8.145464304884594,37.63419216317767,,2.4490069779924855
103,16.243961352657006,7.1658615136876005,6.092324208266238,14.647074610842727,7.675791733762749,8.145464304884594,37.59393451422437,,2.4355877616747184
104,16.438539989264626,7.159151905528717,6.092324208266238,14.640365002683843,7.669082125603865,8.145464304884594,37.453032742887814,,2.4020397208803006
105,16.284219001610307,6.66935050993022,5.689747718733226,14.546430488459475,7.226247987117552,10.332796564680622,36.8491680085883,,2.4020397208803006
106,16.935050993022006,6.66935050993022,5.689747718733226,13.94927536231884,7.226247987117552,10.305958132045088,36.822329575952764,,2.4020397208803006
107,16.834406870638755,6.662640901771336,6.253354804079442,14.023081052066559,7.0450885668276975,10.560923242082662,36.218464841653244,,2.4020397208803006
108,16.814278046162105,6.588835212023618,6.085614600107354,16.53918411164788,6.984702093397746,9.41358024691358,35.17176596886742,,2.4020397208803006
109,17.01556629092861,6.588835212023618,6.072195383789587,16.056092324208265,7.347020933977456,9.39345142243693,35.12479871175523,,2.4020397208803006
110,17.143048845947398,6.582125603864735,6.072195383789587,16.035963499731615,7.326892109500805,9.359903381642512,35.07783145464305,,2.4020397208803006
111,17.3040794417606,6.561996779388084,6.072195383789587,15.747450348899624,7.326892109500805,9.359903381642512,34.97047772410091,0.2952227589908749,2.3617820719269993
112,17.60601180891036,6.535158346752549,6.072195383789587,15.579710144927537,7.494632313472893,9.312936124530328,34.74235104669887,0.2952227589908749,2.3617820719269993
113,17.753623188405797,6.515029522275899,6.072195383789587,15.579710144927537,7.494632313472893,9.312936124530328,34.614868491680085,0.2952227589908749,2.3617820719269993
114,18.297101449275363,6.400966183574879,6.072195383789587,15.539452495974235,7.494632313472893,9.265968867418144,34.326355340848096,0.2952227589908749,2.3081052066559313
115,18.491680085882983,6.400966183574879,6.072195383789587,15.505904455179817,7.494632313472893,9.245840042941492,34.21229200214707,0.2952227589908749,2.281266774020397
116,18.592324208266238,6.400966183574879,6.0654857756307035,15.49248523886205,7.48792270531401,9.225711218464841,34.17203435319377,0.2952227589908749,2.26784755770263
117,18.12265163714439,6.0587761674718195,6.112453032742888,15.438808373590982,8.333333333333334,9.219001610305957,34.15190552871712,0.2952227589908749,2.26784755770263
118,18.411164787976382,5.984970477724101,6.092324208266238,15.385131508319914,8.313204508856682,9.192163177670425,34.05797101449275,0.2952227589908749,2.26784755770263
119,18.813741277509394,5.984970477724101,6.092324208266238,15.304616210413311,8.313204508856682,9.07139023081052,33.85668276972625,0.2952227589908749,2.26784755770263
120,18.88083735909823,5.984970477724101,6.092324208266238,15.291196994095545,8.172302737520129,9.057971014492754,33.81642512077295,0.46296296296296297,2.2410091250670963
121,18.646001073537306,5.166398282340311,6.0587761674718195,17.008856682769725,8.158883521202362,8.480944712828771,33.77616747181965,0.46296296296296297,2.2410091250670963
122,18.719806763285025,5.12614063338701,6.333870101986044,16.982018250134193,7.937466451959206,8.480944712828771,33.7157809983897,0.46296296296296297,2.2410091250670963
123,19.061996779388085,5.0858829844337095,6.333870101986044,16.935050993022006,7.937466451959206,8.454106280193237,33.48765432098765,0.46296296296296297,2.2410091250670963
124,19.592055823939884,5.045625335480408,6.515029522275899,16.53918411164788,7.890499194847021,8.387010198604402,33.32662372517445,0.46296296296296297,2.2410091250670963
125,18.679549114331724,5.032206119162641,6.172839506172839,20.189210950080515,7.541599570585078,7.440955448201825,32.23966720343532,0.46296296296296297,2.2410091250670963
126,18.88083735909823,5.032206119162641,6.152710681696189,20.162372517444982,7.5348899624261945,7.440955448201825,32.09205582393988,0.46296296296296297,2.2410091250670963
127,19.162640901771336,5.018786902844874,6.132581857219538,20.115405260332796,7.4208266237251745,7.4141170155662905,32.03166935050993,0.46296296296296297,2.2410091250670963
128,19.410896403650028,4.99194847020934,6.105743424584004,20.04830917874396,7.4006977992485234,7.4141170155662905,31.816961889425656,0.46296296296296297,2.3483628556092326
129,19.847020933977454,4.951690821256038,6.099033816425121,19.98792270531401,7.4006977992485234,7.4141170155662905,31.488191089640367,0.46296296296296297,2.3483628556092326
130,20.12211486849168,4.918142780461621,6.099033816425121,19.867149758454108,8.333333333333334,7.39398819108964,31.011808910359633,0.46296296296296297,1.7914653784219001
131,20.068438003220614,4.904723564143854,6.515029522275899,19.83360171765969,8.333333333333334,7.39398819108964,30.69645732689211,0.46296296296296297,1.7914653784219001
132,20.263016639828233,4.898013955984971,6.515029522275899,19.75979602791197,8.333333333333334,7.39398819108964,30.58239398819109,0.46296296296296297,1.7914653784219001
133,20.48443370907139,4.884594739667204,6.515029522275899,19.632313472893184,8.319914117015566,8.568169618894256,29.341116478797638,0.46296296296296297,1.7914653784219001
134,20.665593129361245,4.851046698872786,6.508319914117015,19.612184648416534,8.561460010735374,8.36688137412775,29.180085882984432,0.46296296296296297,1.7914653784219001
135,20.8467525496511,4.817498658078368,6.474771873322598,19.592055823939884,8.561460010735374,8.32662372517445,29.126409017713364,0.46296296296296297,1.7914653784219001
136,20.954106280193237,4.817498658078368,6.474771873322598,19.49812130971551,8.3467525496511,8.655394524959743,28.99892646269458,0.46296296296296297,1.7914653784219001
137,20.544820182501343,4.810789049919484,9.91009125067096,19.444444444444443,7.796564680622652,8.655394524959743,26.704240472356414,0.46296296296296297,1.6706924315619969
138,20.705850778314545,4.810789049919484,9.856414385399892,18.753354804079443,8.440687063875469,8.608427267847558,26.690821256038646,0.46296296296296297,1.6706924315619969
139,20.645464304884594,4.790660225442834,9.77589908749329,19.53166935050993,8.28636607622115,8.165593129361245,26.670692431561996,0.46296296296296297,1.6706924315619969
140,20.833333333333332,4.790660225442834,9.728931830381105,19.47128287707998,8.266237251744498,8.111916264090176,26.663982823403114,0.46296296296296297,1.6706924315619969
141,20.96081588835212,4.770531400966184,8.702361782071927,19.256575415995705,11.064143853998926,8.085077831454644,25.39586688137413,0.46296296296296297,1.3016639828234031
142,21.101717659688674,4.770531400966184,8.675523349436393,19.243156199677937,11.030595813204508,8.051529790660226,25.36231884057971,0.46296296296296297,1.3016639828234031
143,21.34326355340848,4.770531400966184,8.662104133118627,19.202898550724637,10.983628556092324,8.051529790660226,25.221417069243156,0.46296296296296297,1.3016639828234031
144,21.289586688137412,4.770531400966184,10.258990874932904,19.182769726247987,10.795759527643586,8.017981749865807,23.919753086419753,0.46296296296296297,1.3016639828234031
145,20.90713902308105,4.770531400966184,10.654857756307031,19.699409554482017,10.789049919484702,7.997852925389157,23.416532474503487,0.46296296296296297,1.3016639828234031
146,21.215780998389693,4.757112184648417,10.654857756307031,19.692699946323135,10.621309715512615,7.991143317230274,23.30246913580247,0.46296296296296297,1.3016639828234031
147,21.202361782071925,4.74369296833065,10.641438539989265,19.618894256575416,10.601180891035963,8.930488459473967,22.497316156736446,0.46296296296296297,1.3016639828234031
148,21.329844337090712,4.74369296833065,10.587761674718196,19.612184648416534,10.587761674718196,8.923778851315083,22.450348899624263,0.46296296296296297,1.3016639828234031
149,21.349973161567366,4.730273752012883,10.507246376811594,19.49812130971551,10.836017176596886,8.883521202361782,22.430220075147613,0.46296296296296297,1.3016639828234031
150,21.524422973698336,4.730273752012883,10.453569511540525,19.49141170155663,10.829307568438002,8.876811594202898,22.356414385399894,0.43612453032742887,1.3016639828234031
151,21.658615136876005,4.730273752012883,10.379763821792807,19.47128287707998,10.82259796027912,8.84326355340848,22.356414385399894,0.43612453032742887,1.3016639828234031
152,21.557971014492754,4.663177670424047,10.332796564680622,19.229736983360173,11.392914653784219,9.306226516371444,21.85319377348363,0.36231884057971014,1.3016639828234031
153,21.658615136876005,4.656468062265164,10.332796564680622,19.216317767042405,11.392914653784219,9.292807300053678,21.792807300053678,0.36231884057971014,1.2949543746645196
154,21.484165324745035,4.643048845947397,9.829575952764358,18.9747718733226,12.412775093934513,9.265968867418144,21.531132581857218,0.5636070853462157,1.2949543746645196
155,21.544551798174986,4.643048845947397,10.124798711755233,18.833870101986044,12.399355877616747,9.084809447128288,21.511003757380568,0.5636070853462157,1.2949543746645196
156,21.72571121846484,4.602791196994096,10.104669887278583,18.780193236714975,12.399355877616747,9.05126140633387,21.484165324745035,0.5636070853462157,1.288244766505636
157,21.85319377348363,4.49543746645196,10.339506172839506,18.733225979602793,12.345679012345679,8.93719806763285,21.450617283950617,0.5568974771873323,1.288244766505636
158,22.19538378958669,4.367954911433173,10.272410091250672,18.612453032742888,12.338969404186795,8.93719806763285,21.430488459473967,0.5568974771873323,1.288244766505636
159,22.088030059044552,4.367954911433173,10.272410091250672,18.06897477187332,12.265163714439076,9.708803005904455,21.39694041867955,0.5568974771873323,1.2748255501878691
160,22.269189479334408,4.327697262479871,10.258990874932904,18.055555555555557,12.177938808373591,9.681964573268921,21.39694041867955,0.5568974771873323,1.2748255501878691
161,22.363123993558776,4.294149221685454,9.836285560923242,17.787171229200215,11.714975845410628,10.829307568438002,21.34326355340848,0.5568974771873323,1.2748255501878691
162,22.77241009125067,4.26731078904992,9.668545356951155,17.726784755770264,11.694847020933977,10.829307568438002,21.32313472893183,0.5568974771873323,1.1607622114868492
163,22.940150295222757,4.26731078904992,9.648416532474503,17.713365539452496,11.594202898550725,10.815888352120236,21.30300590445518,0.5568974771873323,1.1607622114868492
164,22.993827160493826,4.26731078904992,9.648416532474503,17.713365539452496,11.594202898550725,10.802469135802468,21.26274825550188,0.5568974771873323,1.1607622114868492
165,23.503757380568974,4.26731078904992,9.447128287707997,17.652979066022546,11.466720343531938,10.775630703166936,21.16881374127751,0.5568974771873323,1.1607622114868492
166,23.13472893183038,4.26731078904992,8.668813741277509,17.793880837359097,13.694310252281268,10.775630703166936,20.2361782071927,0.5568974771873323,0.8722490606548577
167,23.517176596886742,4.26731078904992,8.55475040257649,17.726784755770264,13.620504562533547,10.701825013419215,20.182501341921633,0.5568974771873323,0.8722490606548577
168,23.678207192699947,4.26731078904992,8.55475040257649,17.67981749865808,13.58695652173913,10.681696188942565,20.12211486849168,0.5568974771873323,0.8722490606548577
169,23.825818572195384,4.26731078904992,8.521202361782072,17.599302200751477,13.580246913580247,10.681696188942565,20.095276435856146,0.5568974771873323,0.8722490606548577
170,23.74530327428878,4.092860976918948,8.474235104669887,17.961621041331185,13.600375738056897,10.648148148148149,20.04830917874396,0.5568974771873323,0.8722490606548577
171,23.785560923242084,4.092860976918948,8.460815888352121,18.136070853462158,13.56682769726248,10.668276972624799,19.860440150295222,0.5568974771873323,0.8722490606548577
172,24.000268384326354,4.092860976918948,8.427267847557703,18.055555555555557,13.493022007514762,10.668276972624799,19.83360171765969,0.5568974771873323,0.8722490606548577
173,23.79898013955985,4.045893719806763,8.36688137412775,18.015297906602253,13.862050456253355,10.775630703166936,19.706119162640903,0.5568974771873323,0.8722490606548577
174,24.060654857756308,3.9586688137412773,8.232689210950081,17.498658078368223,13.499731615673644,11.647879763821793,19.672571121846484,0.5568974771873323,0.8722490606548577
175,24.134460547504027,3.8311862587224907,8.225979602791197,17.498658078368223,13.66076221148685,11.580783682232958,19.639023081052066,0.5568974771873323,0.8722490606548577
176,24.416264090177133,3.8311862587224907,8.192431561996779,17.485238862050455,13.633923778851315,11.54723564143854,19.464573268921097,0.5568974771873323,0.8722490606548577
177,24.510198604401502,3.8311862587224907,8.192431561996779,17.444981213097154,13.593666129898015,11.533816425120772,19.464573268921097,0.5568974771873323,0.8722490606548577
178,24.61755233494364,3.8311862587224907,8.192431561996779,17.357756307031668,13.593666129898015,11.513687600644122,19.464573268921097,0.5568974771873323,0.8722490606548577
179,24.872517444981213,3.8311862587224907,8.091787439613526,17.330917874396135,13.741277509393452,11.332528180354267,19.370638754696724,0.5568974771873323,0.8722490606548577
180,25.10064412238325,3.8177670424047236,8.07836822329576,17.270531400966185,13.741277509393452,11.29898013955985,19.26328502415459,0.5568974771873323,0.8722490606548577
181,25.308641975308642,3.8177670424047236,8.07836822329576,17.136339237788512,13.714439076757918,11.285560923242082,19.229736983360173,0.5568974771873323,0.8722490606548577
182,25.543478260869566,3.8177670424047236,8.165593129361245,16.935050993022006,13.627214170692431,11.285560923242082,19.202898550724637,0.5568974771873323,0.8655394524959742
183,25.583735909822867,3.797638217928073,8.158883521202362,16.834406870638755,13.727858293075684,11.285560923242082,19.189479334406872,0.5568974771873323,0.8655394524959742
184,25.670960815888353,3.797638217928073,8.158883521202362,16.834406870638755,13.674181427804616,11.285560923242082,19.155931293612454,0.5568974771873323,0.8655394524959742
185,25.785024154589372,3.7909286097691894,8.13875469672571,16.75389157273215,13.674181427804616,11.285560923242082,19.14922168545357,0.5568974771873323,0.8655394524959742
186,25.845410628019323,3.7909286097691894,8.125335480407944,16.7337627482555,13.674181427804616,11.258722490606548,19.14922168545357,0.5568974771873323,0.8655394524959742
187,25.91250670960816,3.7775093934514223,8.09849704777241,16.7337627482555,13.674181427804616,11.258722490606548,19.122383252818036,0.5568974771873323,0.8655394524959742
188,25.36231884057971,3.6768652710681695,7.944176060118089,16.720343531937736,15.297906602254429,11.211755233494364,18.364197530864196,0.5568974771873323,0.8655394524959742
189,25.489801395598498,3.6768652710681695,7.930756843800322,16.700214707461082,15.425389157273216,11.191626409017713,18.270263016639827,0.4495437466451959,0.8655394524959742
190,25.89237788513151,3.6768652710681695,7.9039184111647875,16.646537842190018,15.318035426731079,11.11111111111111,18.149490069779926,0.43612453032742887,0.8655394524959742
191,26.113794954374665,3.6634460547504024,7.890499194847021,16.505636070853463,15.271068169618895,11.104401502952227,18.149490069779926,0.43612453032742887,0.8655394524959742
192,26.268115942028984,3.6634460547504024,7.856951154052603,16.72705314009662,14.969135802469136,11.064143853998926,18.149490069779926,0.43612453032742887,0.8655394524959742
193,26.435856146001072,3.6634460547504024,7.803274288781535,16.686795491143318,14.9020397208803,11.064143853998926,18.14278046162104,0.43612453032742887,0.8655394524959742
194,26.570048309178745,3.6634460547504024,7.769726247987117,16.646537842190018,14.875201288244767,11.037305421363392,18.136070853462158,0.43612453032742887,0.8655394524959742
195,26.710950080515296,3.616478797638218,7.749597423510467,16.639828234031132,14.861782071927,11.017176596886742,18.10252281266774,0.43612453032742887,0.8655394524959742
196,26.89210950080515,3.6097691894793345,7.749597423510467,16.639828234031132,14.821524422973699,11.003757380568974,17.98174986580784,0.43612453032742887,0.8655394524959742
197,26.932367149758456,3.784219001610306,7.991143317230274,16.411701556629094,14.727589908749328,10.950080515297907,17.907944176060116,0.43612453032742887,0.8588298443370908
198,26.798174986580783,3.784219001610306,7.96430488459474,16.29092860976919,14.727589908749328,10.916532474503489,18.223295759527645,0.43612453032742887,0.8588298443370908
199,26.88539989264627,3.784219001610306,7.96430488459474,16.27079978529254,14.727589908749328,10.88298443370907,18.189747718733226,0.43612453032742887,0.8588298443370908
200,27.15378421900161,3.7640901771336552,7.96430488459474,16.210413311862588,14.593397745571659,10.88298443370907,18.136070853462158,0.43612453032742887,0.8588298443370908
201,27.294685990338163,3.7640901771336552,7.957595276435856,16.129898013955984,14.593397745571659,10.86285560923242,18.10252281266774,0.43612453032742887,0.8588298443370908
202,27.49597423510467,3.750670960815888,7.930756843800322,15.83467525496511,14.55984970477724,10.567632850241546,18.572195383789587,0.4294149221685454,0.8588298443370908
203,27.536231884057973,3.6366076221148687,7.924047235641439,15.74074074074074,14.855072463768115,10.527375201288244,18.51851851851852,0.4294149221685454,0.8319914117015567
204,27.85829307568438,3.6366076221148687,8.11862587224906,15.660225442834138,14.741009125067096,10.373054213633925,18.357487922705314,0.4227053140096618,0.8319914117015567
205,28.012614063338702,3.6366076221148687,8.105206655931294,15.599838969404187,14.741009125067096,10.299248523886206,18.35077831454643,0.4227053140096618,0.8319914117015567
206,28.173644659151904,3.6097691894793345,8.07836822329576,15.579710144927537,14.714170692431562,10.272410091250672,18.317230273752013,0.4227053140096618,0.8319914117015567
207,28.28099838969404,3.6097691894793345,8.017981749865807,15.579710144927537,14.700751476113794,10.272410091250672,18.283682232957595,0.4227053140096618,0.8319914117015567
208,28.381642512077295,3.603059581320451,7.98443370907139,15.566290928609769,14.700751476113794,10.272410091250672,18.23671497584541,0.4227053140096618,0.8319914117015567
209,28.64331723027375,3.5762211486849167,7.971014492753623,15.539452495974235,14.687332259796028,10.225442834138486,18.109232420826622,0.4227053140096618,0.8252818035426731
210,28.14680622651637,3.5762211486849167,7.944176060118089,14.848362855609233,14.586688137412775,10.21202361782072,19.632313472893184,0.2281266774020397,0.8252818035426731
211,28.421900161030596,3.5762211486849167,7.9106280193236715,14.754428341384862,14.579978529253891,10.138217928073,19.578636607622116,0.2281266774020397,0.8118625872249061
212,28.361513687600645,3.5762211486849167,7.87037037037037,14.720880300590446,15.297906602254429,10.138217928073,18.99490069779925,0.2281266774020397,0.8118625872249061
213,28.408480944712828,3.5628019323671496,7.87037037037037,14.694041867954912,15.297906602254429,10.131508319914117,18.99490069779925,0.2281266774020397,0.8118625872249061
214,28.569511540526033,3.5628019323671496,7.87037037037037,14.667203435319378,15.190552871712292,10.11808910359635,18.98148148148148,0.2281266774020397,0.8118625872249061
215,28.683574879227052,3.5628019323671496,7.856951154052603,14.640365002683843,15.190552871712292,10.0979602791197,18.947933440687063,0.2281266774020397,0.7917337627482555
216,28.468867418142782,3.5628019323671496,7.25979602791197,14.982555018786902,14.814814814814815,10.983628556092324,18.927804616210413,0.20799785292538917,0.7917337627482555
217,28.535963499731615,3.5628019323671496,7.25979602791197,14.962426194310252,14.774557165861514,10.983628556092324,18.927804616210413,0.20799785292538917,0.785024154589372
218,28.663446054750402,3.5628019323671496,7.232957595276436,14.895330112721417,14.774557165861514,10.983628556092324,18.894256575415994,0.20799785292538917,0.785024154589372
219,28.817767042404725,3.5628019323671496,7.232957595276436,14.781266774020397,14.774557165861514,10.970209339774557,18.867418142780462,0.20799785292538917,0.785024154589372
220,29.012345679012345,3.5628019323671496,7.185990338164252,14.741009125067096,14.727589908749328,10.943370907139023,18.833870101986044,0.20799785292538917,0.785024154589372
221,29.166666666666668,3.5628019323671496,7.185990338164252,14.720880300590446,14.720880300590446,10.896403650026839,18.753354804079443,0.20799785292538917,0.785024154589372
222,29.260601180891037,3.5628019323671496,7.185990338164252,14.694041867954912,14.694041867954912,10.856146001073537,18.753354804079443,0.20799785292538917,0.785024154589372
223,29.30756843800322,3.556092324208266,7.14573268921095,14.486044015029522,14.97584541062802,10.802469135802468,18.753354804079443,0.20799785292538917,0.7648953301127214
224,29.62962962962963,3.502415458937198,7.132313472893183,14.38539989264627,14.955716586151368,10.68840579710145,18.733225979602793,0.20799785292538917,0.7648953301127214
225,29.146537842190018,3.502415458937198,5.931293612453032,17.659688674181428,14.06333870101986,10.621309715512615,18.10252281266774,0.20799785292538917,0.7648953301127214
226,29.414922168545356,3.488996242619431,5.924584004294149,17.538915727321523,14.06333870101986,10.607890499194847,17.98845947396672,0.20799785292538917,0.7648953301127214
227,29.49543746645196,3.488996242619431,5.911164787976382,17.53220611916264,14.06333870101986,10.554213633923778,17.98174986580784,0.20799785292538917,0.7648953301127214
228,29.851046698872786,3.488996242619431,5.911164787976382,17.498658078368223,13.841921631776705,10.487117552334944,17.94820182501342,0.20799785292538917,0.7648953301127214
229,29.985238862050455,3.488996242619431,5.911164787976382,17.45169082125604,13.81508319914117,10.446859903381643,17.941492216854535,0.20799785292538917,0.7514761137949544
230,30.079173376274827,3.475577026301664,5.911164787976382,17.45169082125604,13.768115942028986,10.446859903381643,17.907944176060116,0.20799785292538917,0.7514761137949544
231,30.132850241545892,3.475577026301664,5.891035963499732,17.45169082125604,13.761406333870102,10.420021470746109,17.907944176060116,0.20799785292538917,0.7514761137949544
232,30.320719269994633,3.475577026301664,5.891035963499732,17.391304347826086,13.761406333870102,10.379763821792807,17.820719269994633,0.20799785292538917,0.7514761137949544
233,30.387815351583466,3.475577026301664,5.891035963499732,17.324208266237253,13.761406333870102,10.379763821792807,17.820719269994633,0.20799785292538917,0.7514761137949544
234,29.74369296833065,3.4688674181427803,5.857487922705314,15.821256038647343,13.627214170692431,10.299248523886206,20.222758990874933,0.20799785292538917,0.7514761137949544
235,29.857756307031668,3.4688674181427803,5.857487922705314,15.814546430488459,13.627214170692431,10.238862050456254,20.175791733762747,0.20799785292538917,0.7514761137949544
236,30.03220611916264,3.455448201825013,5.857487922705314,15.727321524422974,13.607085346215781,10.238862050456254,20.12211486849168,0.20799785292538917,0.7514761137949544
237,30.246913580246915,3.435319377348363,5.857487922705314,15.593129361245303,13.513150831991412,10.165056360708535,19.639023081052066,0.18115942028985507,1.3687600644122384
238,30.917874396135264,3.294417606011809,5.844068706387547,15.28448738593666,13.513150831991412,10.00402576489533,19.592055823939884,0.18115942028985507,1.3687600644122384
239,31.072195383789587,3.280998389694042,5.83064949006978,15.22410091250671,13.479602791196994,9.997316156736447,19.565217391304348,0.18115942028985507,1.3687600644122384
240,31.15271068169619,3.2675791733762747,5.83064949006978,15.190552871712292,13.654052603327965,9.997316156736447,19.35721953837896,0.18115942028985507,1.3687600644122384
241,31.246645195920557,3.2675791733762747,5.810520665593129,15.163714439076758,13.654052603327965,9.98389694041868,19.32367149758454,0.18115942028985507,1.3687600644122384
242,29.944981213097154,3.0864197530864197,5.636070853462158,14.667203435319378,13.43263553408481,8.507783145464305,23.17498658078368,0.18115942028985507,1.3687600644122384
243,29.904723564143854,3.435319377348363,5.609232420826624,14.573268921095009,13.365539452495975,8.507783145464305,23.05421363392378,0.18115942028985507,1.3687600644122384
244,29.32769726247987,3.3480944712828773,5.401234567901234,13.955984970477724,13.217928073000536,8.682232957595277,24.362587224906065,0.18115942028985507,1.5230810520665594
245,29.441760601180892,3.3480944712828773,5.401234567901234,13.915727321524423,13.18438003220612,8.655394524959743,24.349168008588297,0.18115942028985507,1.5230810520665594
246,29.636339237788512,3.3480944712828773,5.401234567901234,13.70101986044015,13.103864734299517,9.037842190016104,24.06736446591519,0.18115942028985507,1.5230810520665594
247,29.830917874396135,3.3480944712828773,5.387815351583468,13.694310252281268,13.036768652710682,9.017713365539452,23.98684916800859,0.18115942028985507,1.5163714439076759
248,29.944981213097154,3.3480944712828773,5.387815351583468,13.654052603327965,13.009930220075148,9.017713365539452,23.939881910896403,0.18115942028985507,1.5163714439076759
249,29.696725711218466,3.3413848631239937,5.0993022007514766,14.439076757917338,12.922705314009661,8.99087493290392,23.812399355877616,0.18115942028985507,1.5163714439076759
250,30.02549651100376,3.2474503488996245,5.038915727321524,14.452495974235104,12.86231884057971,8.957326892109501,23.718464841653248,0.18115942028985507,1.5163714439076759
