,45,50,54,55,52,51,56,53,58,59,57,60,46,47
0,91.84111647879764,8.158883521202362,,,,,,,,,,,,
1,87.92941492216855,11.902844873859367,0.08051529790660225,0.08722490606548577,,,,,,,,,,
2,87.7415458937198,12.030327428878154,0.08051529790660225,0.14761137949543746,,,,,,,,,,
3,85.00402576489533,14.51959205582394,0.08051529790660225,0.30193236714975846,0.0939345142243693,,,,,,,,,
4,83.29307568438003,15.653515834675256,0.08051529790660225,0.32877079978529256,0.0939345142243693,0.5501878690284487,,,,,,,,
5,83.27965646806227,15.552871712292003,0.08051529790660225,0.4428341384863124,0.0939345142243693,0.5501878690284487,,,,,,,,
6,83.13204508856683,15.70048309178744,0.08051529790660225,0.4428341384863124,0.0939345142243693,0.5501878690284487,,,,,,,,
7,82.40069779924852,16.431830381105744,0.08051529790660225,0.4428341384863124,0.0939345142243693,0.5501878690284487,,,,,,,,
8,77.18062265163715,21.618357487922705,0.08051529790660225,0.47638217928073,0.0939345142243693,0.5501878690284487,,,,,,,,
9,76.57004830917874,22.24235104669887,0.08051529790660225,0.47638217928073,0.08051529790660225,0.5501878690284487,,,,,,,,
10,73.5373054213634,21.128556092324207,0.35560923242082665,0.8185721953837896,0.08051529790660225,4.079441760601181,,,,,,,,
11,72.90660225442834,21.75925925925926,0.35560923242082665,0.8185721953837896,0.08051529790660225,3.9519592055823938,0.1274825550187869,,,,,,,
12,72.53757380568975,21.81964573268921,0.35560923242082665,0.8185721953837896,0.08051529790660225,3.9184111647879765,0.1274825550187869,0.3421900161030596,,,,,,
13,68.16290928609769,24.27536231884058,0.35560923242082665,0.8185721953837896,0.08051529790660225,6.179549114331723,0.1274825550187869,,,,,,,
14,66.9753086419753,25.315351583467525,0.35560923242082665,0.966183574879227,0.08051529790660225,6.179549114331723,0.1274825550187869,,,,,,,
15,62.74154589371981,29.22705314009662,0.35560923242082665,1.4626945786366077,0.08051529790660225,6.005099302200751,0.1274825550187869,,,,,,,
16,61.30568974771873,28.931830381105744,0.35560923242082665,1.4492753623188406,0.08051529790660225,7.682501341921632,0.1274825550187869,0.06709608158883522,,,,,,
17,61.22517444981213,29.03918411164788,0.35560923242082665,1.4895330112721417,0.08051529790660225,7.615405260332796,0.1274825550187869,0.06709608158883522,,,,,,
18,61.111111111111114,29.126409017713364,0.35560923242082665,1.5163714439076759,0.08051529790660225,7.615405260332796,0.1274825550187869,0.06709608158883522,,,,,,
19,55.35426731078905,34.816156736446594,0.46967257112184646,1.5163714439076759,0.08051529790660225,7.5348899624261945,0.1610305958132045,0.06709608158883522,,,,,,
20,55.05904455179817,34.024422973698336,0.4562533548040794,1.5163714439076759,1.2010198604401503,7.514761137949543,0.1610305958132045,0.06709608158883522,,,,,,
21,53.18035426731079,35.90311325818572,0.4562533548040794,1.5163714439076759,1.2010198604401503,7.514761137949543,0.1610305958132045,0.06709608158883522,,,,,,
22,49.993290391841114,39.63365539452496,0.4294149221685454,1.5163714439076759,1.1607622114868492,7.0383789586688135,0.1610305958132045,0.06709608158883522,,,,,,
23,49.67122920021471,37.78180354267311,0.3421900161030596,1.7847557702630166,0.5770263016639828,8.373590982286634,0.1610305958132045,1.3083735909822867,,,,,,
24,48.95330112721417,38.52657004830918,0.3421900161030596,1.7847557702630166,0.5770263016639828,8.3467525496511,0.1610305958132045,1.3083735909822867,,,,,,
25,49.000268384326354,38.466183574879224,0.3421900161030596,1.8250134192163177,0.5636070853462157,8.333333333333334,0.1610305958132045,1.3083735909822867,,,,,,
26,46.22920021470746,41.176865271068166,0.3421900161030596,1.8250134192163177,0.5636070853462157,8.246108427267847,0.23483628556092323,1.3821792807300053,,,,,,
27,42.37788513150832,42.914653784219,0.3421900161030596,1.8317230273752012,2.5966183574879227,8.21256038647343,0.28180354267310787,1.442565754159957,,,,,,
28,42.109500805152976,42.77375201288245,0.3421900161030596,2.2342995169082127,2.5966183574879227,8.185721953837897,0.3153515834675255,1.442565754159957,,,,,,
29,40.96886741814278,42.70665593129361,0.4495437466451959,2.2342995169082127,2.5966183574879227,9.245840042941492,0.35560923242082665,1.442565754159957,,,,,,
30,20.276435856146,69.0955448201825,2.5966183574879227,0.8319914117015567,1.42914653784219,4.3545356951154055,0.04696725711218465,1.3687600644122384,,,,,,
31,19.135802469135804,70.21604938271605,2.5966183574879227,0.9259259259259259,1.42914653784219,4.280730005367687,0.04696725711218465,1.3687600644122384,,,,,,
32,16.861245303274288,70.38378958668814,2.6637144390767578,3.0327428878153517,1.42914653784219,4.213633923778851,0.04696725711218465,1.3687600644122384,,,,,,
33,16.941760601180892,68.25684380032206,2.6637144390767578,3.294417606011809,3.683574879227053,4.213633923778851,0.04696725711218465,0.8118625872249061,0.08722490606548577,,,,,
34,16.97530864197531,68.08239398819109,2.6637144390767578,3.435319377348363,3.683574879227053,4.213633923778851,0.04696725711218465,0.8118625872249061,0.08722490606548577,,,,,
35,17.028985507246375,66.8947933440687,2.703972088030059,3.5963499731615673,3.502415458937198,4.213633923778851,0.04696725711218465,1.9256575415995705,0.08722490606548577,,,,,
36,16.99543746645196,65.08990874932904,2.703972088030059,5.434782608695652,3.502415458937198,4.213633923778851,0.04696725711218465,1.9256575415995705,0.08722490606548577,,,,,
37,15.45222758990875,55.092592592592595,2.703972088030059,3.717122920021471,3.240740740740741,4.797369833601718,0.04696725711218465,14.949006977992486,,,,,,
38,14.412238325281804,56.21309715512614,2.690552871712292,3.7104133118625873,4.723564143853999,4.783950617283951,0.06038647342995169,13.325281803542673,,0.08051529790660225,,,,
39,13.291733762748256,43.666129898013956,14.432367149758454,3.556092324208266,5.10601180891036,7.326892109500805,0.06038647342995169,12.47987117552335,,0.08051529790660225,,,,
40,9.185453569511541,38.24476650563607,14.331723027375201,3.4151905528717124,4.736983360171766,14.533011272141707,0.06038647342995169,15.203972088030058,,0.08051529790660225,0.20799785292538917,,,
41,9.118357487922705,36.312399355877616,14.184111647879764,3.6366076221148687,5.052334943639291,9.970477724100913,0.06038647342995169,21.16881374127751,,0.2616747181964573,0.23483628556092323,,,
42,9.178743961352657,36.28556092324208,14.163982823403114,3.629898013955985,5.032206119162641,9.970477724100913,0.06038647342995169,21.16881374127751,,0.27509393451422437,0.23483628556092323,,,
43,9.272678475577026,36.10440150295223,14.130434782608695,3.7372517444981215,5.032206119162641,9.96376811594203,0.06038647342995169,21.162104133118625,0.026838432635534086,0.27509393451422437,0.23483628556092323,,,
44,9.420289855072463,34.44041867954911,14.130434782608695,7.823403113258186,5.032206119162641,9.943639291465379,0.06038647342995169,18.612453032742888,0.026838432635534086,0.27509393451422437,0.23483628556092323,,,
45,9.064680622651638,33.756038647343,14.090177133655395,7.809983896940419,5.01207729468599,10.963499731615673,0.3488996242619431,18.075684380032207,0.026838432635534086,0.6172839506172839,0.23483628556092323,,,
46,9.16532474503489,33.09849704777241,14.358561460010735,8.091787439613526,5.005367686527107,10.963499731615673,0.3488996242619431,18.055555555555557,0.026838432635534086,0.6508319914117016,0.23483628556092323,,,
47,9.044551798174986,32.80327428878154,14.110305958132045,8.521202361782072,4.998658078368224,10.963499731615673,0.39586688137412773,18.00187869028449,0.026838432635534086,0.8990874932903918,0.23483628556092323,,,
48,8.655394524959743,32.058507783145465,14.237788513150832,8.487654320987655,8.849973161567364,11.990069779924852,0.39586688137412773,14.150563607085346,0.026838432635534086,0.9259259259259259,0.2214170692431562,,,
49,8.675523349436393,30.817230273752013,14.17740203972088,8.608427267847558,8.890230810520666,11.83574879227053,0.39586688137412773,15.22410091250671,0.11406333870101985,0.9259259259259259,0.33548040794417605,,,
50,8.82313472893183,30.689747718733226,14.55984970477724,8.749329039184111,8.816425120772946,11.419753086419753,0.39586688137412773,15.13016639828234,0.11406333870101985,0.966183574879227,0.33548040794417605,,,
51,6.494900697799249,37.23161567364466,13.81508319914117,8.105206655931294,10.21202361782072,7.883789586688137,0.3824476650563607,14.398819108964037,0.11406333870101985,0.966183574879227,0.33548040794417605,0.06038647342995169,,
52,6.494900697799249,37.17122920021471,13.81508319914117,8.152173913043478,10.185185185185185,7.883789586688137,0.3824476650563607,14.304884594739667,0.2214170692431562,0.966183574879227,0.36231884057971014,0.06038647342995169,,
53,6.481481481481482,34.94363929146538,14.841653247450349,9.997316156736447,10.077831454643048,7.883789586688137,0.3824476650563607,13.66076221148685,0.2214170692431562,0.966183574879227,0.4830917874396135,0.06038647342995169,,
54,6.414385399892646,34.72222222222222,12.084004294149223,10.21202361782072,10.057702630166398,7.682501341921632,0.4092860976918948,16.894793344068706,0.2214170692431562,0.7581857219538379,0.4830917874396135,0.06038647342995169,,
55,6.528448738593666,34.4068706387547,12.084004294149223,10.46027911969941,10.057702630166398,7.682501341921632,0.4092860976918948,16.780730005367687,0.2885131508319914,0.7581857219538379,0.4830917874396135,0.06038647342995169,,
56,4.998658078368224,35.63472893183038,11.949812130971551,10.601180891035963,11.211755233494364,7.608695652173913,0.5568974771873323,15.747450348899624,0.3757380568974772,0.7581857219538379,0.49651100375738055,0.06038647342995169,,
57,5.112721417069243,35.52066559312936,10.849436392914654,10.628019323671497,15.103327965646805,7.326892109500805,0.8118625872249061,13.137412775093935,0.2885131508319914,0.6642512077294686,0.49651100375738055,0.06038647342995169,,
58,5.092592592592593,34.286097691894796,10.809178743961352,10.057702630166398,18.867418142780462,7.058507783145465,0.8118625872249061,11.366076221148685,0.2214170692431562,0.6642512077294686,0.6239935587761675,0.14090177133655393,,
59,4.931561996779388,33.380300590445515,10.970209339774557,10.071121846484166,20.578368223295758,6.951154052603328,0.8789586688137413,10.607890499194847,0.2214170692431562,0.644122383252818,0.6239935587761675,0.14090177133655393,,
60,5.045625335480408,33.111916264090176,11.144659151905529,10.071121846484166,20.558239398819108,6.951154052603328,0.8789586688137413,10.607890499194847,0.2214170692431562,0.644122383252818,0.6239935587761675,0.14090177133655393,,
61,5.152979066022544,32.94417606011809,11.144659151905529,10.171765968867419,20.558239398819108,6.944444444444445,0.8789586688137413,10.547504025764896,0.24825550187869028,0.644122383252818,0.6239935587761675,0.14090177133655393,,
62,5.280461621041331,32.769726247987116,11.171497584541063,10.292538915727322,20.457595276435857,6.91760601180891,0.9057971014492754,10.520665593129362,0.27509393451422437,0.644122383252818,0.6239935587761675,0.14090177133655393,,
63,5.407944176060118,32.306763285024154,11.144659151905529,10.654857756307031,20.417337627482556,6.904186795491143,0.9594739667203436,10.178475577026301,0.3824476650563607,0.8789586688137413,0.6239935587761675,0.14090177133655393,,
64,5.360976918947934,31.266774020397207,10.95679012345679,10.876274825550189,20.142243692968332,6.011808910359635,1.2077294685990339,12.130971551261407,0.3824476650563607,0.8990874932903918,0.6239935587761675,0.14090177133655393,,
65,5.24020397208803,31.0654857756307,10.909822866344605,11.158078368223295,20.115405260332796,5.850778314546431,1.778046162104133,11.77536231884058,0.3824476650563607,0.9728931830381106,0.6105743424584005,0.14090177133655393,,
66,4.146537842190016,49.7987117552335,9.842995169082126,8.588298443370908,14.398819108964037,3.193773483628556,1.4492753623188406,6.823671497584541,0.2952227589908749,0.6977992485238862,0.6239935587761675,0.14090177133655393,,
67,4.2203435319377345,46.256038647343,13.741277509393452,8.849973161567364,14.264626945786366,3.180354267310789,1.4492753623188406,6.327160493827161,0.19457863660762212,0.6709608158883521,0.7045088566827697,0.14090177133655393,,
68,4.26731078904992,45.591787439613526,13.627214170692431,9.514224369296834,14.264626945786366,3.1535158346752548,1.4761137949543746,6.3137412775093935,0.19457863660762212,0.6709608158883521,0.785024154589372,0.14090177133655393,,
69,4.38137412775094,45.58507783145464,13.593666129898015,9.655126140633387,13.83521202361782,3.1535158346752548,1.4358561460010735,6.300322061191626,0.24825550187869028,0.6709608158883521,0.9997316156736447,0.14090177133655393,,
70,4.428341384863124,45.370370370370374,13.774825550187868,9.64170692431562,13.895598497047773,2.9790660225442833,1.6103059581320451,6.239935587761675,0.24825550187869028,0.6709608158883521,0.9594739667203436,0.18115942028985507,,
71,4.4820182501341925,45.04830917874396,13.486312399355878,9.86983360171766,13.882179280730005,2.9790660225442833,1.6103059581320451,6.239935587761675,0.24825550187869028,0.6642512077294686,1.3083735909822867,0.18115942028985507,,
72,4.616210413311863,42.44498121309716,13.56682769726248,12.31213097155126,13.882179280730005,2.9723564143853998,1.556629092860977,6.239935587761675,0.24825550187869028,0.6642512077294686,1.3083735909822867,0.1878690284487386,,
73,4.750402576489533,42.330917874396135,13.6406333870102,12.198067632850242,13.821792807300053,2.9723564143853998,1.556629092860977,6.239935587761675,0.24825550187869028,0.6575415995705851,1.3486312399355878,0.23483628556092323,,
74,4.8443370907139025,42.210144927536234,13.56682769726248,12.265163714439076,13.747987117552334,2.9723564143853998,1.556629092860977,6.132581857219538,0.46296296296296297,0.6575415995705851,1.3486312399355878,0.23483628556092323,,
75,4.864465915190553,41.93505099302201,13.56682769726248,12.640901771336553,13.580246913580247,2.9723564143853998,1.6103059581320451,6.132581857219538,0.46296296296296297,0.6575415995705851,1.3419216317767042,0.23483628556092323,,
76,4.87788513150832,41.84782608695652,13.56682769726248,12.694578636607622,13.506441223832528,2.9589371980676327,1.7042404723564144,6.0654857756307035,0.5434782608695652,0.6575415995705851,1.3419216317767042,0.23483628556092323,,
77,4.924852388620504,41.71363392377885,13.88888888888889,12.654320987654321,13.056897477187333,2.677133655394525,1.9927536231884058,6.112453032742888,0.7447665056360708,0.6575415995705851,1.3419216317767042,0.23483628556092323,,
78,4.998658078368224,41.639828234031135,13.83521202361782,12.526838432635534,13.01663982823403,2.677133655394525,1.9927536231884058,6.112453032742888,0.7447665056360708,0.8319914117015567,1.4090177133655395,0.2147074610842727,,
79,5.0791733762748255,36.902844873859365,13.627214170692431,10.037573805689748,20.101986044015028,2.677133655394525,2.0397208803005906,6.085614600107354,0.6776704240472357,0.9259259259259259,1.5163714439076759,0.32877079978529256,,
80,5.159688674181428,36.66800858829844,13.593666129898015,10.165056360708535,20.00805152979066,2.677133655394525,2.0397208803005906,6.085614600107354,0.6776704240472357,0.9259259259259259,1.6639828234031133,0.33548040794417605,,
81,5.213365539452496,36.66800858829844,14.143853998926463,9.997316156736447,19.95437466451959,2.677133655394525,1.8250134192163177,5.669618894256575,0.6776704240472357,1.0601180891035964,1.6639828234031133,0.4495437466451959,,
82,4.582662372517445,33.21926999463231,12.68786902844874,8.433977455716587,18.270263016639827,9.86983360171766,1.5633387010198605,7.555018786902845,0.5434782608695652,1.0265700483091786,1.9256575415995705,0.322061191626409,,
83,4.5960815888352125,33.1857219538379,12.627482555018787,8.467525496511003,18.270263016639827,9.86983360171766,1.5633387010198605,7.555018786902845,0.5434782608695652,1.0265700483091786,1.9256575415995705,0.36902844873859364,,
84,4.643048845947397,33.011272141706925,12.754965110037574,8.541331186258722,18.19645732689211,9.86983360171766,1.6841116478797638,7.407407407407407,0.5434782608695652,1.093666129898014,1.8853998926462694,0.36902844873859364,,
85,4.777241009125067,32.971014492753625,12.822061191626409,8.440687063875469,18.189747718733226,9.86983360171766,1.8183038110574343,7.326892109500805,0.5434782608695652,1.0265700483091786,1.8451422436929683,0.36902844873859364,,
86,4.918142780461621,32.75630703166935,12.795222758990874,8.588298443370908,17.92807300053677,9.849704777241008,1.8183038110574343,7.326892109500805,0.5434782608695652,1.0534084809447128,2.0531400966183573,0.36902844873859364,,
87,4.9718196457326895,32.32018250134192,13.291733762748256,8.501073537305421,17.820719269994633,9.849704777241008,1.8183038110574343,7.326892109500805,0.5434782608695652,1.0534084809447128,2.13365539452496,0.36902844873859364,,
88,5.0993022007514766,32.25979602791197,13.211218464841654,8.910359634997317,17.2638217928073,9.849704777241008,1.90552871712292,7.326892109500805,0.5434782608695652,1.0198604401502953,2.1739130434782608,0.43612453032742887,,
89,5.166398282340311,32.09205582393988,13.264895330112722,8.917069243156199,17.008856682769725,9.849704777241008,1.7981749865807837,7.729468599033816,0.4495437466451959,1.0198604401502953,2.26784755770263,0.43612453032742887,,
90,5.307300053676865,31.89747718733226,13.22463768115942,8.836553945249598,16.948470209339774,9.789318303811058,1.8786902844873858,7.7831454643048845,0.5837359098228664,1.0198604401502953,2.2946859903381642,0.43612453032742887,,
91,5.481749865807837,31.729736983360173,13.22463768115942,8.917069243156199,16.921631776704242,9.71551261406334,1.9524959742351047,7.749597423510467,0.5837359098228664,1.0198604401502953,2.26784755770263,0.43612453032742887,,
92,5.522007514761138,31.66935050993022,13.170960815888352,8.93719806763285,16.861245303274288,9.695383789586689,1.9994632313472893,7.749597423510467,0.5837359098228664,1.0735373054213635,2.301395598497048,0.43612453032742887,,
93,5.522007514761138,31.4345142243693,13.170960815888352,9.245840042941492,16.834406870638755,9.634997316156737,2.033011272141707,7.702630166398282,0.5837359098228664,1.0735373054213635,2.328234031132582,0.43612453032742887,,
94,5.589103596349974,31.300322061191626,13.841921631776705,9.265968867418144,16.78743961352657,9.634997316156737,2.033011272141707,7.14573268921095,0.5434782608695652,1.0399892646269457,2.428878153515835,0.38915727321524424,,
95,5.750134192163178,31.199677938808374,13.788244766505636,9.245840042941492,16.686795491143318,9.634997316156737,2.01959205582394,7.024959742351046,0.5434782608695652,1.0332796564680622,2.6838432635534084,0.38915727321524424,,
96,5.776972624798712,30.059044551798173,13.647342995169081,9.64170692431562,16.015834675254965,9.634997316156737,2.0397208803005906,8.494363929146537,0.5971551261406334,1.107085346215781,2.576489533011272,0.38915727321524424,0.020128824476650563,
97,5.260332796564681,25.55018786902845,13.365539452495975,8.293075684380032,20.9272678475577,14.700751476113794,1.6170155662909287,6.662640901771336,0.47638217928073,1.0802469135802468,1.6572732152442298,0.38915727321524424,0.020128824476650563,
98,5.320719269994632,25.275093934514224,14.31159420289855,8.521202361782072,20.38378958668814,14.694041867954912,1.6170155662909287,6.320450885668277,0.47638217928073,0.8789586688137413,1.7914653784219001,0.38915727321524424,0.020128824476650563,
99,5.35426731078905,25.06038647342995,14.251207729468598,8.648684916800859,20.363660762211488,14.694041867954912,1.7646269457863661,6.3137412775093935,0.47638217928073,0.8789586688137413,1.7847557702630166,0.38915727321524424,0.020128824476650563,
100,5.280461621041331,21.712292002147073,13.808373590982287,7.809983896940419,23.429951690821255,17.411433172302736,1.2345679012345678,5.978260869565218,0.47638217928073,0.8252818035426731,1.6237251744498122,0.38915727321524424,0.020128824476650563,
101,5.3274288781535155,21.631776704240472,13.580246913580247,7.843531937734836,23.389694041867955,17.216854535695116,1.415727321524423,5.978260869565218,0.47638217928073,0.8051529790660226,1.9256575415995705,0.38915727321524424,0.020128824476650563,
102,5.35426731078905,20.283145464304884,15.049651100375739,7.347020933977456,23.30246913580247,17.20343531937735,1.6103059581320451,6.078904991948471,0.47638217928073,0.8923778851315083,1.9927536231884058,0.38915727321524424,0.020128824476650563,
103,5.381105743424584,20.283145464304884,15.13016639828234,7.595276435856146,23.30246913580247,16.955179817498657,1.5297906602254427,6.078904991948471,0.47638217928073,0.8655394524959742,1.9927536231884058,0.38915727321524424,0.020128824476650563,
104,5.307300053676865,19.652442297369834,15.92860976918948,7.461084272678476,23.30246913580247,16.955179817498657,1.5297906602254427,5.864197530864198,0.7045088566827697,0.8923778851315083,1.9927536231884058,0.38915727321524424,0.020128824476650563,
105,5.367686527106817,18.095813204508858,15.861513687600644,7.266505636070853,26.27482555018787,16.928341384863124,1.4895330112721417,4.7101449275362315,0.7045088566827697,0.8923778851315083,1.9994632313472893,0.38915727321524424,0.020128824476650563,
106,5.535426731078905,17.954911433172303,15.94873859366613,7.588566827697263,25.41599570585078,14.492753623188406,1.3419216317767042,7.568438003220612,0.7045088566827697,0.8923778851315083,2.147074610842727,0.38915727321524424,0.020128824476650563,
107,5.622651637144391,17.767042404723565,15.881642512077295,7.722758990874933,25.34219001610306,14.452495974235104,1.4358561460010735,7.5281803542673105,0.7447665056360708,0.8923778851315083,2.200751476113795,0.38915727321524424,0.020128824476650563,
108,5.857487922705314,17.639559849704778,15.83467525496511,7.635534084809447,25.087224906065487,14.452495974235104,1.7310789049919484,7.501341921631776,0.7447665056360708,0.9057971014492754,2.200751476113795,0.38915727321524424,0.020128824476650563,
109,5.964841653247451,17.53220611916264,15.83467525496511,7.675791733762749,24.9597423510467,14.398819108964037,1.8451422436929683,7.501341921631776,0.7447665056360708,0.9057971014492754,2.227589908749329,0.38915727321524424,0.020128824476650563,
110,6.031937734836285,17.485238862050455,15.801127214170693,7.548309178743962,24.9194847020934,14.398819108964037,1.9256575415995705,7.494632313472893,0.7447665056360708,1.0131508319914118,2.227589908749329,0.38915727321524424,0.020128824476650563,
111,5.837359098228664,15.94873859366613,18.800322061191626,7.25979602791197,24.718196457326894,14.398819108964037,1.6774020397208802,7.179280730005368,0.5300590445517982,1.0131508319914118,2.227589908749329,0.38915727321524424,0.020128824476650563,
112,5.6964573268921095,15.01610305958132,19.243156199677937,7.132313472893183,25.670960815888353,14.378690284487385,1.6774020397208802,7.058507783145465,0.5300590445517982,0.9728931830381106,2.214170692431562,0.38915727321524424,0.020128824476650563,
113,5.790391841116479,14.935587761674718,19.243156199677937,7.199409554482019,25.429414922168544,14.190821256038648,2.046430488459474,7.051798174986581,0.5300590445517982,0.9728931830381106,2.200751476113795,0.38915727321524424,0.020128824476650563,
114,5.6964573268921095,14.694041867954912,19.773215244229736,7.092055823939882,25.34219001610306,14.170692431561998,2.046430488459474,7.0450885668276975,0.5300590445517982,1.0802469135802468,2.120236178207193,0.38915727321524424,0.020128824476650563,
115,5.676328502415459,14.694041867954912,19.719538378958667,7.092055823939882,25.10064412238325,14.170692431561998,2.046430488459474,7.0383789586688135,0.5300590445517982,1.0802469135802468,2.442297369833602,0.38915727321524424,0.020128824476650563,
116,5.709876543209877,14.452495974235104,19.202898550724637,6.622383252818035,25.0805152979066,14.130434782608695,1.8719806763285025,8.521202361782072,0.5300590445517982,0.9796027911969941,2.4892646269457863,0.38915727321524424,0.020128824476650563,
117,5.770263016639828,14.392109500805153,19.142512077294686,6.696188942565755,25.067096081588836,14.103596349973161,1.892109500805153,8.467525496511003,0.5904455179817498,0.9796027911969941,2.4892646269457863,0.38915727321524424,0.020128824476650563,
118,5.8239398819108965,14.231078904991948,19.135802469135804,6.521739130434782,23.96672034353194,13.942565754159958,2.0263016639828235,9.762479871175524,0.5904455179817498,1.0802469135802468,2.509393451422437,0.38915727321524424,0.020128824476650563,
119,5.810520665593129,14.217659688674182,19.061996779388085,6.488191089640365,23.8191089640365,13.942565754159958,2.0263016639828235,9.702093397745571,0.7112184648416533,1.093666129898014,2.717391304347826,0.38915727321524424,0.020128824476650563,
120,5.844068706387547,14.204240472356414,18.90096618357488,6.588835212023618,23.805689747718734,13.79495437466452,2.073268921095008,9.728931830381105,0.7447665056360708,1.1943102522812667,2.7106816961889426,0.38915727321524424,0.020128824476650563,
121,5.931293612453032,14.123725174449811,18.69296833064949,6.944444444444445,23.59098228663446,13.66076221148685,2.2745571658615136,9.702093397745571,0.7447665056360708,1.1741814278046163,2.7509393451422435,0.38915727321524424,0.020128824476650563,
122,5.991680085882985,14.049919484702093,18.793612453032743,6.964573268921095,23.557434245840042,13.56682769726248,2.3349436392914655,9.675254965110037,0.7447665056360708,1.1741814278046163,2.737520128824477,0.38915727321524424,0.020128824476650563,
123,5.877616747181965,13.94927536231884,19.102254428341386,7.085346215780999,23.369565217391305,13.036768652710682,2.7643585614600106,9.695383789586689,0.8588298443370908,1.133923778851315,2.717391304347826,0.38915727321524424,0.020128824476650563,
124,6.011808910359635,13.895598497047773,19.0955448201825,7.118894256575416,23.289049919484704,13.009930220075148,2.717391304347826,9.675254965110037,0.8588298443370908,1.133923778851315,2.7844873859366612,0.38915727321524424,0.020128824476650563,
125,6.092324208266238,13.88888888888889,19.028448738593667,7.185990338164252,23.255501878690286,12.983091787439614,2.717391304347826,9.668545356951155,0.8588298443370908,1.133923778851315,2.7777777777777777,0.38915727321524424,0.020128824476650563,
126,6.132581857219538,13.88888888888889,19.082125603864736,7.185990338164252,22.993827160493826,12.97638217928073,2.918679549114332,9.66183574879227,0.8588298443370908,1.1272141706924315,2.7643585614600106,0.38915727321524424,0.020128824476650563,
127,6.206387546967257,13.882179280730005,18.92109500805153,7.125603864734299,22.953569511540525,12.929414922168545,3.052871712292002,9.66183574879227,0.8588298443370908,1.2010198604401503,2.7979066022544283,0.38915727321524424,0.020128824476650563,
128,6.246645195920558,13.781535158346752,18.69296833064949,7.246376811594203,22.913311862587225,12.929414922168545,3.0394524959742353,9.473966720343531,0.8588298443370908,1.328502415458937,3.079710144927536,0.38915727321524424,0.020128824476650563,
129,6.273483628556092,13.714439076757918,18.16290928609769,7.27992485238862,22.48389694041868,12.808641975308642,3.1736446591519054,10.185185185185185,1.0332796564680622,1.4559849704777241,3.0193236714975846,0.38915727321524424,0.020128824476650563,
130,6.219806763285024,13.70101986044015,16.97530864197531,7.561728395061729,23.65136876006441,12.808641975308642,3.113258185721954,9.883252818035427,1.0265700483091786,1.6908212560386473,2.9589371980676327,0.38915727321524424,0.020128824476650563,
131,6.253354804079442,13.70101986044015,16.720343531937736,7.608695652173913,23.59098228663446,12.741545893719806,3.166935050993022,9.883252818035427,1.0265700483091786,1.9390767579173376,2.9589371980676327,0.38915727321524424,0.020128824476650563,
132,6.353998926462695,13.539989264626946,16.794149221685455,7.729468599033816,23.483628556092324,12.721417069243156,3.140096618357488,9.836285560923242,1.0735373054213635,1.9189479334406871,2.985775630703167,0.38915727321524424,0.03354804079441761,
133,6.414385399892646,13.519860440150294,16.834406870638755,7.796564680622652,23.349436392914654,12.640901771336553,3.1870638754696725,9.802737520128824,1.0735373054213635,1.9122383252818036,3.046162104133119,0.38915727321524424,0.03354804079441761,
134,6.561996779388084,13.41250670960816,16.75389157273215,7.897208803005904,23.15485775630703,12.640901771336553,3.180354267310789,9.75577026301664,1.0466988727858293,1.892109500805153,3.280998389694042,0.38915727321524424,0.03354804079441761,
135,4.904723564143854,18.51851851851852,16.404991948470208,7.7831454643048845,23.10789049919485,10.856146001073537,2.5161030595813205,9.178743961352657,1.1674718196457328,1.9189479334406871,3.2206119162640903,0.38915727321524424,0.03354804079441761,
136,4.985238862050457,18.4044551798175,16.371443907675793,7.830112721417069,22.920021470746107,10.795759527643586,2.8515834675254963,9.145195920558239,1.1406333870101986,1.9189479334406871,3.2139023081052067,0.38915727321524424,0.03354804079441761,
137,5.005367686527107,18.377616747181964,14.734299516908212,7.7898550724637685,25.181159420289855,10.628019323671497,2.844873859366613,9.145195920558239,1.0332796564680622,1.7713365539452497,3.079710144927536,0.38915727321524424,0.020128824476650563,
138,5.045625335480408,18.357487922705314,14.687332259796028,7.776435856146001,25.087224906065487,10.61460010735373,2.85829307568438,9.145195920558239,1.0332796564680622,1.7713365539452497,3.2139023081052067,0.38915727321524424,0.020128824476650563,
139,5.072463768115942,18.35077831454643,14.667203435319378,7.7898550724637685,25.05367686527107,10.607890499194847,2.85829307568438,9.138486312399356,1.0332796564680622,1.7713365539452497,3.2474503488996245,0.38915727321524424,0.020128824476650563,
140,5.186527106816962,17.57246376811594,15.573000536768653,7.796564680622652,24.92619431025228,10.59447128287708,2.85829307568438,9.125067096081589,0.9997316156736447,1.6639828234031133,3.294417606011809,0.38915727321524424,0.020128824476650563,
141,5.24020397208803,17.559044551798173,15.371712292002147,7.75630703166935,24.912775093934513,10.581052066559312,3.0059044551798175,9.111647879763822,1.0466988727858293,1.6103059581320451,3.3950617283950617,0.38915727321524424,0.020128824476650563,
142,5.360976918947934,17.45169082125604,15.143585614600108,8.132045088566828,24.644390767579175,10.567632850241546,3.052871712292002,9.024422973698336,0.9057971014492754,1.6103059581320451,3.69699409554482,0.38915727321524424,0.020128824476650563,
143,5.267042404723564,17.438271604938272,14.962426194310252,8.11862587224906,23.866076221148685,10.567632850241546,3.0193236714975846,10.36634460547504,0.8923778851315083,1.5767579173376274,3.515834675254965,0.38915727321524424,0.020128824476650563,
144,5.314009661835748,17.364465915190554,14.76784755770263,8.568169618894256,23.778851315083198,11.58749329039184,2.945517981749866,9.145195920558239,0.9930220075147611,1.5901771336553945,3.502415458937198,0.4227053140096618,0.020128824476650563,
145,5.293880837359098,16.861245303274288,14.38539989264627,10.0979602791197,24.020397208803004,10.775630703166936,3.1602254428341383,8.970746108427267,0.9930220075147611,1.5365002683843263,3.4621578099838968,0.4227053140096618,0.020128824476650563,
146,5.307300053676865,16.854535695115406,14.378690284487385,10.044283413848632,23.93317230273752,10.775630703166936,3.3145464304884595,8.970746108427267,0.9930220075147611,1.5365002683843263,3.44873859366613,0.4227053140096618,0.020128824476650563,
147,5.347557702630167,16.854535695115406,14.27133655394525,10.11808910359635,23.79898013955985,10.748792270531402,3.5762211486849167,8.709071390230811,1.0131508319914118,1.5365002683843263,3.5829307568438002,0.4227053140096618,0.020128824476650563,
148,5.367686527106817,16.659957058507782,14.15727321524423,10.205314009661835,23.691626409017715,10.748792270531402,3.5762211486849167,8.769457863660762,1.1540526033279657,1.5365002683843263,3.6902844873859366,0.4227053140096618,0.020128824476650563,
149,5.347557702630167,16.59286097691895,14.15727321524423,10.38647342995169,23.960010735373054,10.621309715512615,3.5762211486849167,8.662104133118627,1.1473429951690821,1.5365002683843263,3.569511540526033,0.4227053140096618,0.020128824476650563,
150,5.501878690284487,16.512345679012345,14.06333870101986,10.292538915727322,23.711755233494365,10.621309715512615,3.7775093934514223,8.76274825550188,1.1205045625335481,1.5365002683843263,3.7238325281803544,0.35560923242082665,0.020128824476650563,
151,5.522007514761138,16.27750939345142,13.88888888888889,10.312667740203972,23.60440150295223,10.621309715512615,4.106280193236715,8.76274825550188,1.1205045625335481,1.6841116478797638,3.7238325281803544,0.35560923242082665,0.020128824476650563,
152,5.669618894256575,16.09634997316157,13.768115942028986,10.601180891035963,23.503757380568974,10.59447128287708,4.0995705850778315,8.76274825550188,1.1205045625335481,1.6841116478797638,3.7238325281803544,0.35560923242082665,0.020128824476650563,
153,5.810520665593129,15.874932903918411,13.821792807300053,10.869565217391305,23.18840579710145,10.453569511540525,4.294149221685454,8.729200214707461,1.1205045625335481,1.6706924315619969,3.7909286097691894,0.35560923242082665,0.020128824476650563,
154,5.770263016639828,15.257648953301127,13.734567901234568,10.124798711755233,23.72517444981213,10.426731078904991,4.079441760601181,9.96376811594203,1.1205045625335481,1.7444981213097155,3.6768652710681695,0.35560923242082665,0.020128824476650563,
155,5.870907139023081,15.230810520665592,13.761406333870102,10.071121846484166,23.30246913580247,10.359634997316157,4.019055287171229,10.540794417606012,1.1205045625335481,1.7444981213097155,3.603059581320451,0.35560923242082665,0.020128824476650563,
156,5.938003220611916,15.163714439076758,13.788244766505636,10.144927536231885,23.289049919484704,10.299248523886206,4.005636070853462,10.540794417606012,1.107085346215781,1.7444981213097155,3.603059581320451,0.35560923242082665,0.020128824476650563,
157,5.964841653247451,15.049651100375739,13.714439076757918,10.23215244229737,23.275630703166936,10.299248523886206,4.005636070853462,10.540794417606012,1.1943102522812667,1.7444981213097155,3.603059581320451,0.35560923242082665,0.020128824476650563,
158,6.078904991948471,14.78797638217928,13.714439076757918,10.72866344605475,23.15485775630703,10.158346752549651,3.92512077294686,10.46027911969941,1.1943102522812667,1.7646269457863661,3.656736446591519,0.35560923242082665,0.020128824476650563,
159,6.146001073537305,14.761137949543746,13.553408480944713,10.72866344605475,23.11460010735373,10.158346752549651,3.92512077294686,10.44015029522276,1.2144390767579174,1.7646269457863661,3.8177670424047236,0.35560923242082665,0.020128824476650563,
160,6.119162640901771,14.707461084272678,12.915995705850777,10.789049919484702,22.933440687063875,10.091250670960816,3.9184111647879765,10.715244229736983,1.9457863660762211,1.7646269457863661,3.7238325281803544,0.35560923242082665,0.020128824476650563,
161,6.166129898013956,14.667203435319378,12.895866881374127,10.775630703166936,22.879763821792807,10.010735373054214,4.079441760601181,10.715244229736983,1.9457863660762211,1.7646269457863661,3.7238325281803544,0.35560923242082665,0.020128824476650563,
162,6.199677938808374,14.63365539452496,12.808641975308642,10.768921095008052,22.859634997316157,10.010735373054214,4.166666666666667,10.674986580783683,2.01959205582394,1.7579173376274826,3.7238325281803544,0.35560923242082665,0.020128824476650563,
163,6.125872249060655,14.459205582393988,12.379227053140097,10.661567364465915,21.920289855072465,9.990606548577563,4.253891572732153,12.372517444981213,1.9927536231884058,1.7579173376274826,3.7909286097691894,0.27509393451422437,0.020128824476650563,
164,6.152710681696189,14.452495974235104,12.385936661298981,10.795759527643586,21.73913043478261,9.849704777241008,4.435050993022007,12.352388620504563,2.006172839506173,1.7579173376274826,3.7775093934514223,0.27509393451422437,0.020128824476650563,
165,6.1929683306494905,14.38539989264627,12.06387546967257,10.909822866344605,22.074610842726784,9.836285560923242,4.522275899087493,12.238325281803542,2.006172839506173,1.6371443907675791,3.864734299516908,0.24825550187869028,0.020128824476650563,
166,6.239935587761675,14.38539989264627,12.050456253354804,10.909822866344605,21.76596886741814,9.836285560923242,4.810789049919484,12.238325281803542,2.006172839506173,1.6371443907675791,3.851315083199141,0.24825550187869028,0.020128824476650563,
167,6.172839506172839,13.955984970477724,12.030327428878154,11.614331723027375,21.752549651100377,9.836285560923242,4.810789049919484,12.010198604401502,2.059849704777241,1.6371443907675791,3.851315083199141,0.24825550187869028,0.020128824476650563,
168,6.300322061191626,13.868760064412239,12.144390767579173,11.849168008588299,21.638486312399355,9.809447128287708,4.64975845410628,11.929683306494901,2.059849704777241,1.6371443907675791,3.844605475040258,0.24825550187869028,0.020128824476650563,
169,6.400966183574879,13.868760064412239,12.057165861513688,11.963231347289318,21.36339237788513,9.634997316156737,4.730273752012883,11.929683306494901,2.0531400966183573,1.724369296833065,4.005636070853462,0.24825550187869028,0.020128824476650563,
170,6.233225979602791,13.264895330112722,11.936392914653783,12.338969404186795,20.71256038647343,11.701556629092861,4.622920021470746,11.29898013955985,2.033011272141707,1.6103059581320451,3.978797638217928,0.24825550187869028,0.020128824476650563,
171,6.260064412238325,13.251476113794954,11.882716049382717,12.338969404186795,20.71256038647343,11.674718196457327,4.602791196994096,11.406333870101985,2.0128824476650564,1.6103059581320451,3.978797638217928,0.24825550187869028,0.020128824476650563,
172,6.3137412775093935,13.20450885668277,11.788781535158346,12.426194310252281,20.551529790660226,11.66129898013956,4.5960815888352125,11.399624261943103,2.1403650026838434,1.583467525496511,4.066022544283414,0.24825550187869028,0.020128824476650563,
173,6.219806763285024,13.09044551798175,11.916264090177133,12.030327428878154,20.987654320987655,11.634460547504025,4.64975845410628,11.332528180354267,2.1739130434782608,1.583467525496511,4.086151368760064,0.27509393451422437,0.020128824476650563,
174,6.179549114331723,13.056897477187333,13.513150831991412,12.110842726784755,19.49141170155663,11.621041331186259,4.616210413311863,11.325818572195384,2.15378421900161,1.583467525496511,4.052603327965647,0.27509393451422437,0.020128824476650563,
175,6.146001073537305,12.989801395598498,13.258185721953838,12.204777241009126,20.645464304884594,11.486849168008588,4.757112184648417,10.601180891035963,1.9793344068706387,1.583467525496511,4.052603327965647,0.27509393451422437,0.020128824476650563,
176,6.179549114331723,12.808641975308642,13.083735909822867,12.211486849168008,20.30998389694042,11.486849168008588,4.750402576489533,11.178207192699947,1.8384326355340848,1.5633387010198605,4.260601180891036,0.30864197530864196,0.020128824476650563,
177,6.286902844873859,12.781803542673108,13.083735909822867,12.184648416532475,20.263016639828233,11.453301127214171,4.750402576489533,11.20504562533548,1.8384326355340848,1.5633387010198605,4.260601180891036,0.30864197530864196,0.020128824476650563,
178,6.333870101986044,12.781803542673108,13.036768652710682,12.184648416532475,20.263016639828233,11.453301127214171,4.750402576489533,11.20504562533548,1.8384326355340848,1.5633387010198605,4.260601180891036,0.30864197530864196,0.020128824476650563,
179,6.347289318303811,12.76838432635534,13.070316693505099,12.47987117552335,20.068438003220614,11.399624261943103,4.750402576489533,11.137949543746645,1.8384326355340848,1.5633387010198605,4.247181964573269,0.30864197530864196,0.020128824476650563,
180,6.260064412238325,12.721417069243156,13.513150831991412,12.285292538915728,20.068438003220614,11.312399355877616,4.723564143853999,11.117820719269995,1.8719806763285025,1.5633387010198605,4.233762748255502,0.30864197530864196,0.020128824476650563,
181,6.380837359098229,12.607353730542137,13.513150831991412,12.305421363392378,20.04830917874396,11.265432098765432,4.777241009125067,11.104401502952227,1.8719806763285025,1.5633387010198605,4.233762748255502,0.30864197530864196,0.020128824476650563,
