,45,50,55,51,52,54,53,56,57,58,60,59
0,88.71443907675791,11.285560923242082,,,,,,,,,,
1,80.34755770263017,19.53166935050993,0.12077294685990338,,,,,,,,,
2,79.8913043478261,16.42512077294686,0.12077294685990338,3.5628019323671496,,,,,,,,
3,66.91492216854536,28.25415995705851,1.3150831991411702,3.515834675254965,,,,,,,,
4,62.23832528180354,33.77616747181965,0.46967257112184646,3.515834675254965,,,,,,,,
5,58.99087493290392,37.02361782071927,0.46967257112184646,3.515834675254965,,,,,,,,
6,58.4272678475577,37.58722490606549,0.46967257112184646,3.515834675254965,,,,,,,,
7,53.28770799785293,42.72678475577026,0.46967257112184646,3.515834675254965,,,,,,,,
8,44.72624798711755,49.77187332259796,0.6038647342995169,3.515834675254965,1.1741814278046163,0.20799785292538917,,,,,,
9,39.841653247450346,54.08615136876006,0.6038647342995169,4.998658078368224,0.2616747181964573,0.20799785292538917,,,,,,
10,34.41358024691358,56.80354267310789,0.8990874932903918,4.944981213097155,2.7308105206655933,0.20799785292538917,,,,,,
11,31.816961889425656,59.31964573268921,0.9393451422436929,4.985238862050457,2.7308105206655933,0.20799785292538917,,,,,,
12,31.4345142243693,55.984970477724104,1.3352120236178207,7.03166935050993,4.005636070853462,0.20799785292538917,,,,,,
13,27.32823403113258,58.722490606548575,1.4358561460010735,8.299785292538916,4.005636070853462,0.20799785292538917,,,,,,
14,23.698336017176597,58.621846484165324,1.570048309178744,11.822329575952764,4.005636070853462,0.28180354267310787,,,,,,
15,17.538915727321523,33.3870101986044,0.966183574879227,45.04830917874396,2.4691358024691357,0.2683843263553409,0.2885131508319914,0.03354804079441761,,,,
16,17.881105743424584,33.15888352120236,1.0601180891035964,44.867149758454104,2.4154589371980677,0.2683843263553409,0.2885131508319914,0.03354804079441761,0.026838432635534086,,,
17,18.04884594739667,33.08507783145464,1.0601180891035964,44.77321524422974,2.4154589371980677,0.2683843263553409,0.2885131508319914,0.03354804079441761,0.026838432635534086,,,
18,17.612721417069242,31.890767579173378,1.0466988727858293,41.63311862587225,7.1658615136876005,0.2683843263553409,0.2885131508319914,0.03354804079441761,0.06038647342995169,,,
19,17.599302200751477,30.56897477187332,1.1741814278046163,41.51234567901235,7.112184648416532,0.2683843263553409,1.6170155662909287,0.03354804079441761,0.11406333870101985,,,
20,17.820719269994633,30.367686527106816,1.778046162104133,41.39157273215244,6.655931293612453,0.24825550187869028,1.6170155662909287,0.03354804079441761,0.08722490606548577,,,
21,18.109232420826622,30.287171229200215,1.90552871712292,41.0829307568438,6.629092860976919,0.24825550187869028,1.6170155662909287,0.03354804079441761,0.08722490606548577,,,
22,15.365002683843263,33.52791196994095,1.9793344068706387,40.80783682232958,6.3070316693505095,0.24825550187869028,1.6170155662909287,0.06038647342995169,0.08722490606548577,,,
23,15.465646806226516,33.353462157809986,2.006172839506173,40.653515834675254,6.3070316693505095,0.24825550187869028,1.7579173376274826,0.12077294685990338,0.08722490606548577,,,
24,12.74825550187869,38.02334943639291,2.0128824476650564,39.60010735373054,5.401234567901234,0.24825550187869028,1.7914653784219001,0.12077294685990338,0.05367686527106817,,,
25,12.600644122383253,30.414653784219002,1.6304347826086956,41.79414922168545,11.345947396672035,0.24825550187869028,1.7914653784219001,0.12077294685990338,0.05367686527106817,,,
26,12.808641975308642,30.340848094471284,1.6304347826086956,41.720343531937736,11.312399355877616,0.24825550187869028,1.7646269457863661,0.12077294685990338,0.05367686527106817,,,
27,12.828770799785293,30.099302200751477,1.6304347826086956,38.848631239935585,11.178207192699947,2.932098765432099,2.3349436392914655,0.0939345142243693,0.05367686527106817,,,
28,13.09044551798175,30.03220611916264,1.9256575415995705,38.405797101449274,11.117820719269995,2.932098765432099,2.3349436392914655,0.10735373054213634,0.05367686527106817,,,
29,12.030327428878154,28.348094471282877,1.8384326355340848,41.532474503489,11.104401502952227,2.8784219001610305,2.0799785292538915,0.13419216317767044,0.05367686527106817,,,
30,10.668276972624799,27.28797638217928,1.6035963499731616,35.51395598497048,20.034889962426195,2.3081052066559313,2.0799785292538915,0.1610305958132045,0.3421900161030596,,,
31,9.433709071390231,24.859098228663445,1.724369296833065,40.50590445517982,18.733225979602793,2.341653247450349,1.932367149758454,0.1274825550187869,0.3421900161030596,,,
32,6.213097155126141,30.64278046162104,1.1741814278046163,34.62157809983897,22.416800858829845,1.9457863660762211,1.8988191089640365,0.7447665056360708,0.3421900161030596,,,
33,6.011808910359635,27.636876006441224,1.3352120236178207,41.76060118089104,19.712828770799785,1.932367149758454,0.5904455179817498,0.7716049382716049,0.24825550187869028,,,
34,5.978260869565218,21.108427267847556,1.2278582930756843,48.37627482555019,19.565217391304348,1.932367149758454,0.5904455179817498,0.9460547504025765,0.27509393451422437,,,
35,6.273483628556092,20.52469135802469,1.8317230273752012,47.89989264626946,19.55179817498658,1.932367149758454,0.5837359098228664,1.093666129898014,0.30864197530864196,,,
36,6.360708534621578,19.77992485238862,2.563070316693505,47.66505636070853,19.49812130971551,1.932367149758454,0.6910896403650026,1.2010198604401503,0.30864197530864196,,,
37,6.541867954911433,19.77992485238862,2.563070316693505,47.28260869565217,19.108964036500268,2.2611379495437465,0.6910896403650026,1.42914653784219,0.3421900161030596,,,
38,6.199677938808374,19.249865807836823,2.6301663982823404,46.73913043478261,20.517981749865807,2.2208803005904456,0.6910896403650026,1.4224369296833066,0.32877079978529256,,,
39,5.850778314546431,18.33064949006978,2.100107353730542,51.03327965646806,15.646806226516372,2.2208803005904456,3.1468062265163717,1.3419216317767042,0.32877079978529256,,,
40,5.9514224369296835,18.317230273752013,2.100107353730542,50.939345142243695,15.633387010198604,2.254428341384863,3.1468062265163717,1.328502415458937,0.32877079978529256,,,
41,6.159420289855072,18.256843800322063,2.120236178207193,50.697799248523886,15.593129361245303,2.227589908749329,3.1468062265163717,1.4694041867954912,0.32877079978529256,,,
42,4.7168545356951155,15.136876006441224,1.7713365539452497,58.54804079441761,13.560118089103597,1.6706924315619969,3.1870638754696725,1.261406333870102,0.12077294685990338,0.026838432635534086,,
43,4.508856682769726,15.022812667740205,1.778046162104133,53.72383252818035,19.223027375201287,1.6706924315619969,3.1870638754696725,0.7514761137949544,0.12077294685990338,0.013419216317767043,,
44,4.300858829844337,9.816156736446592,0.95276435856146,54.69672571121846,22.65163714439077,1.6639828234031133,3.180354267310789,2.576489533011272,0.12077294685990338,0.040257648953301126,,
45,4.106280193236715,8.675523349436393,0.27509393451422437,59.07809983896941,19.806763285024154,1.6371443907675791,4.26731078904992,1.90552871712292,0.19457863660762212,0.05367686527106817,,
46,4.260601180891036,8.621846484165324,0.30193236714975846,58.99087493290392,19.80005367686527,1.6035963499731616,4.26731078904992,1.90552871712292,0.19457863660762212,0.05367686527106817,,
47,4.334406870638754,8.581588835212024,0.33548040794417605,58.76945786366076,19.940955448201827,1.5029522275899088,4.240472356414386,1.8585614600107354,0.3824476650563607,0.05367686527106817,,
48,4.656468062265164,8.568169618894256,0.33548040794417605,58.58829844337091,19.87385936661299,1.482823403113258,4.200214707461084,1.8585614600107354,0.3824476650563607,0.05367686527106817,,
49,4.690016103059581,7.561728395061729,0.4025764895330113,57.19940955448202,22.061191626409016,1.4694041867954912,4.17337627482555,1.9390767579173376,0.4495437466451959,0.05367686527106817,,
50,4.8443370907139025,7.118894256575416,0.46296296296296297,58.17230273752013,22.007514761137948,1.4694041867954912,3.3548040794417604,2.073268921095008,0.4428341384863124,0.05367686527106817,,
51,4.676596886741814,5.750134192163178,0.35560923242082665,65.60654857756307,16.512345679012345,1.1943102522812667,3.3413848631239937,2.2879763821792807,0.2214170692431562,0.05367686527106817,,
52,4.998658078368224,5.676328502415459,0.35560923242082665,65.26435856146001,16.42512077294686,1.1943102522812667,3.3011272141706924,2.4691358024691357,0.2616747181964573,0.05367686527106817,,
53,5.300590445517981,5.676328502415459,0.35560923242082665,64.91545893719807,16.29092860976919,1.1741814278046163,3.3011272141706924,2.636876006441224,0.2952227589908749,0.05367686527106817,,
54,5.314009661835748,5.662909286097692,0.35560923242082665,63.02334943639291,16.23054213633924,3.227321524422974,3.294417606011809,2.5295222758990876,0.2952227589908749,0.05367686527106817,0.013419216317767043,
55,5.669618894256575,5.60252281266774,0.35560923242082665,62.47987117552335,16.1231884057971,3.227321524422974,3.294417606011809,2.885131508319914,0.2952227589908749,0.05367686527106817,0.013419216317767043,
56,5.83064949006978,5.58239398819109,0.35560923242082665,62.07729468599034,16.55931293612453,3.2206119162640903,3.0931293612453032,2.918679549114332,0.2952227589908749,0.05367686527106817,0.013419216317767043,
57,6.078904991948471,5.58239398819109,0.47638217928073,61.82903918411165,16.51905528717123,3.140096618357488,3.046162104133119,2.918679549114332,0.2952227589908749,0.05367686527106817,0.06038647342995169,
58,6.3070316693505095,5.562265163714439,0.49651100375738055,61.3996242619431,16.478797638217927,3.140096618357488,3.0193236714975846,3.1602254428341383,0.322061191626409,0.05367686527106817,0.06038647342995169,
59,5.709876543209877,5.515297906602254,0.6910896403650026,67.65297906602254,13.593666129898015,3.1199677938808374,1.4559849704777241,1.9592055823939882,0.2281266774020397,0.013419216317767043,0.06038647342995169,
60,5.9514224369296835,5.481749865807837,0.6910896403650026,67.29066022544283,13.305152979066023,3.1199677938808374,1.4895330112721417,2.1403650026838434,0.4562533548040794,0.013419216317767043,0.06038647342995169,
61,6.199677938808374,5.46833064949007,0.6910896403650026,66.92834138486312,13.22463768115942,3.099838969404187,1.4895330112721417,2.368491680085883,0.4562533548040794,0.013419216317767043,0.06038647342995169,
62,5.6964573268921095,4.62962962962963,0.6642512077294686,68.14949006977993,13.466183574879228,3.099838969404187,1.4895330112721417,2.2745571658615136,0.4562533548040794,0.013419216317767043,0.06038647342995169,
63,5.273752012882448,3.307836822329576,2.791196994095545,65.11003757380568,12.962962962962964,6.407675791733762,1.3016639828234031,2.167203435319377,0.6038647342995169,0.013419216317767043,0.06038647342995169,
64,5.320719269994632,3.280998389694042,2.791196994095545,63.687600644122384,15.53274288781535,5.46833064949007,1.3016639828234031,2.147074610842727,0.39586688137412773,0.013419216317767043,0.06038647342995169,
65,5.528717122920021,3.280998389694042,2.7844873859366612,63.486312399355874,15.4723564143854,5.387815351583468,1.3016639828234031,2.187332259796028,0.4495437466451959,0.06038647342995169,0.06038647342995169,
66,5.589103596349974,3.240740740740741,2.7844873859366612,62.9495437466452,14.908749329039184,6.468062265163715,1.2748255501878691,2.2342995169082127,0.4294149221685454,0.06038647342995169,0.06038647342995169,
67,5.8239398819108965,3.240740740740741,2.818035426731079,62.546967257112186,14.9020397208803,6.468062265163715,1.2748255501878691,2.3752012882447664,0.4294149221685454,0.06038647342995169,0.06038647342995169,
68,5.971551261406334,3.2206119162640903,2.7979066022544283,62.5,14.88191089640365,6.461352657004831,1.2748255501878691,2.341653247450349,0.4294149221685454,0.06038647342995169,0.06038647342995169,
69,6.011808910359635,2.717391304347826,2.7979066022544283,63.49302200751476,14.781266774020397,6.461352657004831,0.9393451422436929,2.24771873322598,0.4294149221685454,0.06038647342995169,0.06038647342995169,
70,6.078904991948471,2.717391304347826,2.831454643048846,63.405797101449274,14.781266774020397,6.447933440687064,0.9393451422436929,2.24771873322598,0.4294149221685454,0.06038647342995169,0.06038647342995169,
71,6.1929683306494905,2.717391304347826,2.831454643048846,63.30515297906602,14.680622651637144,6.447933440687064,0.9393451422436929,2.281266774020397,0.4830917874396135,0.06038647342995169,0.06038647342995169,
72,6.253354804079442,2.717391304347826,3.3950617283950617,62.184648416532475,15.123456790123457,6.447933440687064,0.9393451422436929,2.4221685453569513,0.39586688137412773,0.06038647342995169,0.06038647342995169,
73,6.508319914117015,2.6838432635534084,3.388352120236178,62.0504562533548,14.982555018786902,6.347289318303811,0.9326355340848095,2.4490069779924855,0.39586688137412773,0.17444981213097155,0.08722490606548577,
74,6.6827697262479875,2.6838432635534084,3.3816425120772946,61.9699409554482,14.888620504562533,6.239935587761675,0.9326355340848095,2.5295222758990876,0.39586688137412773,0.17444981213097155,0.12077294685990338,
75,6.119162640901771,2.536231884057971,3.361513687600644,64.32501341921632,13.405797101449275,6.139291465378422,0.9326355340848095,2.5429414922168547,0.3421900161030596,0.17444981213097155,0.12077294685990338,
76,6.286902844873859,2.6033279656468062,3.3816425120772946,63.801663982823406,13.325281803542673,6.132581857219538,0.966183574879227,2.8650026838432634,0.3421900161030596,0.17444981213097155,0.12077294685990338,
77,6.474771873322598,2.6033279656468062,3.3816425120772946,63.58024691358025,13.318572195383789,6.112453032742888,0.95276435856146,2.9388083735909825,0.3421900161030596,0.17444981213097155,0.12077294685990338,
78,6.615673644659152,2.6033279656468062,2.844873859366613,57.930756843800324,17.733494363929147,5.917874396135265,2.871712292002147,2.804616210413312,0.3421900161030596,0.17444981213097155,0.1610305958132045,
79,6.837090713902308,2.589908749329039,2.7979066022544283,56.333870101986044,19.28341384863124,5.662909286097692,2.8381642512077296,2.791196994095545,0.4495437466451959,0.2549651100375738,0.1610305958132045,
80,6.8035426731078905,2.2611379495437465,2.7979066022544283,52.844873859366615,19.135802469135804,5.5689747718733225,6.763285024154589,2.7509393451422435,0.6575415995705851,0.2549651100375738,0.1610305958132045,
81,6.971282877079979,2.24771873322598,2.7979066022544283,52.61003757380569,18.867418142780462,5.5689747718733225,6.763285024154589,3.099838969404187,0.6575415995705851,0.2549651100375738,0.1610305958132045,
82,6.884057971014493,2.24771873322598,2.7979066022544283,50.99302200751476,20.491143317230275,5.642780461621041,6.763285024154589,3.079710144927536,0.6843800322061192,0.2549651100375738,0.1610305958132045,
83,6.951154052603328,2.200751476113795,2.7979066022544283,49.12775093934514,20.075147611379496,5.60252281266774,9.252549651100376,2.8515834675254963,0.6843800322061192,0.2952227589908749,0.1610305958132045,
84,7.152442297369833,2.200751476113795,2.8918411164787976,48.61782071926999,19.753086419753085,5.870907139023081,9.16532474503489,3.193773483628556,0.6977992485238862,0.2952227589908749,0.1610305958132045,
85,7.360440150295223,2.1940418679549114,4.106280193236715,47.517444981213096,19.632313472893184,5.870907139023081,9.118357487922705,3.0595813204508855,0.6843800322061192,0.2952227589908749,0.1610305958132045,
86,6.052066559312936,2.1940418679549114,4.394793344068707,52.241009125067094,16.894793344068706,4.944981213097155,9.064680622651638,3.113258185721954,0.644122383252818,0.2952227589908749,0.1610305958132045,
87,5.8239398819108965,2.1940418679549114,4.38137412775094,56.95115405260333,14.579978529253891,4.944981213097155,6.910896403650026,3.2877079978529253,0.47638217928073,0.2952227589908749,0.15432098765432098,
88,6.052066559312936,2.1940418679549114,4.428341384863124,56.17283950617284,14.888620504562533,5.139559849704777,6.796833064949007,3.374932903918411,0.46296296296296297,0.2952227589908749,0.19457863660762212,
89,6.246645195920558,2.1940418679549114,4.40150295222759,55.83735909822866,14.80810520665593,5.12614063338701,6.796833064949007,3.6097691894793345,0.48980139559849706,0.2952227589908749,0.19457863660762212,
90,6.4345142243692965,2.1940418679549114,4.40150295222759,55.75684380032206,14.80810520665593,5.12614063338701,6.689479334406871,3.6097691894793345,0.48980139559849706,0.2952227589908749,0.19457863660762212,
91,6.219806763285024,2.1940418679549114,4.092860976918948,53.44873859366613,17.619431025228128,5.3274288781535155,6.689479334406871,3.455448201825013,0.46296296296296297,0.2952227589908749,0.19457863660762212,
92,6.085614600107354,2.1940418679549114,2.985775630703167,52.462426194310254,20.41062801932367,5.246913580246914,6.3137412775093935,3.2675791733762747,0.47638217928073,0.28180354267310787,0.27509393451422437,
93,6.320450885668277,2.1940418679549114,2.9589371980676327,52.281266774020395,20.363660762211488,5.246913580246914,6.3137412775093935,3.2877079978529253,0.47638217928073,0.28180354267310787,0.27509393451422437,
94,5.60252281266774,1.9994632313472893,2.932098765432099,58.11862587224906,18.699677938808374,3.0327428878153517,5.5756843800322065,3.166935050993022,0.47638217928073,0.1610305958132045,0.23483628556092323,
95,5.844068706387547,1.9994632313472893,2.9119699409554483,57.9374664519592,18.54535695115405,3.052871712292002,5.5756843800322065,3.166935050993022,0.5703166935050993,0.1610305958132045,0.23483628556092323,
96,6.0654857756307035,1.9994632313472893,2.9052603327965647,57.11218464841653,18.438003220611915,3.046162104133119,6.233225979602791,3.2474503488996245,0.5568974771873323,0.1610305958132045,0.23483628556092323,
97,5.964841653247451,1.9592055823939882,2.9052603327965647,62.59393451422437,13.499731615673644,2.791196994095545,6.199677938808374,3.260869565217391,0.47638217928073,0.1610305958132045,0.15432098765432098,0.03354804079441761
98,6.105743424584004,1.9592055823939882,2.9052603327965647,62.09742351046699,13.459473966720344,2.7106816961889426,6.199677938808374,3.7372517444981215,0.47638217928073,0.1610305958132045,0.15432098765432098,0.03354804079441761
99,6.0587761674718195,1.9592055823939882,2.9052603327965647,55.441492216854535,11.017176596886742,2.6838432635534084,15.210681696188942,3.9720880300590444,0.4025764895330113,0.1610305958132045,0.15432098765432098,0.03354804079441761
100,6.146001073537305,1.7914653784219001,3.670155662909286,54.91814278046162,11.003757380568974,2.428878153515835,15.116747181964573,4.200214707461084,0.4025764895330113,0.1610305958132045,0.1274825550187869,0.03354804079441761
101,5.917874396135265,1.778046162104133,3.488996242619431,48.31588835212023,18.646001073537306,2.4221685453569513,15.22410091250671,3.4621578099838968,0.4025764895330113,0.18115942028985507,0.1274825550187869,0.03354804079441761
102,6.085614600107354,1.778046162104133,3.5225442834138487,48.21524422973698,18.61916264090177,2.4221685453569513,15.183843263553408,3.4286097691894795,0.4025764895330113,0.18115942028985507,0.1274825550187869,0.03354804079441761
103,6.367418142780462,1.778046162104133,3.4957058507783145,48.067632850241544,18.50509930220075,2.4020397208803006,15.123456790123457,3.488996242619431,0.4294149221685454,0.18115942028985507,0.1274825550187869,0.03354804079441761
104,6.595544820182502,1.778046162104133,3.4957058507783145,47.92002147074611,18.491680085882983,2.4020397208803006,15.056360708534621,3.488996242619431,0.4294149221685454,0.18115942028985507,0.1274825550187869,0.03354804079441761
105,6.763285024154589,1.7444981213097155,3.4957058507783145,47.80595813204509,18.391035963499732,2.4355877616747184,15.03623188405797,3.475577026301664,0.5099302200751477,0.18115942028985507,0.1274825550187869,0.03354804079441761
106,6.9243156199677935,1.7444981213097155,3.4621578099838968,47.75228126677402,18.35077831454643,2.4355877616747184,14.982555018786902,3.4621578099838968,0.5099302200751477,0.18115942028985507,0.1274825550187869,0.06709608158883522
107,7.118894256575416,1.7444981213097155,3.44873859366613,47.28260869565217,18.283682232957595,2.4221685453569513,14.982555018786902,3.8311862587224907,0.5099302200751477,0.18115942028985507,0.1274825550187869,0.06709608158883522
108,7.152442297369833,1.7444981213097155,3.475577026301664,46.24932903918411,18.230005367686527,2.4154589371980677,14.955716586151368,4.891304347826087,0.5099302200751477,0.18115942028985507,0.1274825550187869,0.06709608158883522
109,7.27992485238862,1.7444981213097155,3.4151905528717124,46.202361782071925,18.209876543209877,2.4154589371980677,14.955716586151368,4.891304347826087,0.5099302200751477,0.18115942028985507,0.1274825550187869,0.06709608158883522
110,7.447665056360709,1.7444981213097155,3.4151905528717124,46.05475040257649,18.209876543209877,2.395330112721417,14.955716586151368,4.891304347826087,0.5099302200751477,0.18115942028985507,0.1274825550187869,0.06709608158883522
111,7.555018786902845,1.7444981213097155,3.4151905528717124,45.98765432098765,18.189747718733226,2.395330112721417,14.828234031132581,4.87788513150832,0.5099302200751477,0.30193236714975846,0.1274825550187869,0.06709608158883522
112,7.709339774557166,1.7444981213097155,3.4017713365539453,45.57836822329576,17.961621041331185,2.395330112721417,14.814814814814815,5.387815351583468,0.5099302200751477,0.30193236714975846,0.1274825550187869,0.06709608158883522
113,8.038110574342458,1.7444981213097155,3.3548040794417604,45.269726247987116,17.881105743424584,2.395330112721417,14.727589908749328,5.58239398819109,0.5099302200751477,0.30193236714975846,0.1274825550187869,0.06709608158883522
114,8.252818035426731,1.7444981213097155,3.3548040794417604,45.24288781535159,17.814009661835748,2.368491680085883,14.660493827160494,5.555555555555555,0.5099302200751477,0.30193236714975846,0.1274825550187869,0.06709608158883522
115,8.299785292538916,1.710950080515298,3.4017713365539453,45.05501878690284,18.50509930220075,2.368491680085883,14.130434782608695,5.542136339237788,0.48980139559849706,0.30193236714975846,0.1274825550187869,0.06709608158883522
116,8.507783145464305,1.710950080515298,3.4017713365539453,44.887278582930755,18.491680085882983,2.368491680085883,14.076757917337627,5.501878690284487,0.5568974771873323,0.30193236714975846,0.1274825550187869,0.06709608158883522
117,8.715780998389693,1.710950080515298,3.4017713365539453,44.83360171765969,18.4044551798175,2.368491680085883,14.002952227589908,5.495169082125604,0.5568974771873323,0.3153515834675255,0.1274825550187869,0.06709608158883522
118,8.57487922705314,1.6841116478797638,2.6301663982823404,43.666129898013956,20.685721953837895,2.368491680085883,13.955984970477724,5.421363392377885,0.5434782608695652,0.27509393451422437,0.1274825550187869,0.06709608158883522
119,8.581588835212024,1.6841116478797638,2.737520128824477,45.289855072463766,18.94122383252818,2.703972088030059,13.6808910359635,5.441492216854535,0.46967257112184646,0.27509393451422437,0.1274825550187869,0.06709608158883522
120,8.769457863660762,1.6774020397208802,2.7777777777777777,45.13553408480945,18.874127750939344,2.703972088030059,13.654052603327965,5.441492216854535,0.46967257112184646,0.30193236714975846,0.1274825550187869,0.06709608158883522
121,8.93719806763285,1.6774020397208802,2.771068169618894,44.98121309715513,18.800322061191626,2.6838432635534084,13.573537305421363,5.528717122920021,0.5568974771873323,0.2952227589908749,0.1274825550187869,0.06709608158883522
122,9.111647879763822,1.6706924315619969,2.7509393451422435,41.74718196457327,22.148416532474503,2.6838432635534084,13.325281803542673,5.4549114331723025,0.6776704240472357,0.23483628556092323,0.1274825550187869,0.06709608158883522
123,9.232420826623725,1.6371443907675791,4.1129898013955986,40.94873859366613,21.39694041867955,2.6704240472356413,13.311862587224907,5.522007514761138,0.7380568974771873,0.23483628556092323,0.1274825550187869,0.06709608158883522
124,9.400161030595813,1.6371443907675791,4.1129898013955986,40.82125603864734,21.35668276972625,2.6704240472356413,13.278314546430488,5.555555555555555,0.7380568974771873,0.23483628556092323,0.1274825550187869,0.06709608158883522
125,9.722222222222221,1.6237251744498122,4.38137412775094,40.405260332796566,21.256038647342994,2.6704240472356413,13.24476650563607,5.522007514761138,0.7783145464304885,0.23483628556092323,0.0939345142243693,0.06709608158883522
126,9.856414385399892,1.6237251744498122,4.38137412775094,40.31803542673108,21.22920021470746,2.6301663982823404,13.231347289318304,5.522007514761138,0.8118625872249061,0.23483628556092323,0.0939345142243693,0.06709608158883522
127,10.010735373054214,1.6170155662909287,4.441760601180891,40.042941492216855,21.155394524959743,2.6167471819645733,13.177670424047236,5.776972624798712,0.7648953301127214,0.23483628556092323,0.0939345142243693,0.06709608158883522
128,10.151637144390767,1.5901771336553945,4.428341384863124,39.93558776167472,20.82662372517445,2.9589371980676327,13.09044551798175,5.776972624798712,0.7648953301127214,0.3153515834675255,0.0939345142243693,0.06709608158883522
129,10.171765968867419,1.5901771336553945,4.414922168545357,41.51234567901235,19.269994632313473,2.9589371980676327,13.023349436392914,5.783682232957595,0.7581857219538379,0.35560923242082665,0.0939345142243693,0.06709608158883522
130,10.178475577026301,1.5901771336553945,4.488727858293076,41.37144390767579,19.236446591519055,2.9052603327965647,13.023349436392914,5.931293612453032,0.7581857219538379,0.35560923242082665,0.0939345142243693,0.06709608158883522
131,10.326086956521738,1.5901771336553945,4.488727858293076,41.17015566290929,19.155931293612454,2.9052603327965647,13.009930220075148,5.984970477724101,0.8521202361782072,0.35560923242082665,0.0939345142243693,0.06709608158883522
132,10.393183038110575,1.5901771336553945,4.804079441760601,41.12989801395599,19.008319914117017,2.9052603327965647,12.842190016103059,5.998389694041868,0.8118625872249061,0.35560923242082665,0.0939345142243693,0.06709608158883522
133,10.520665593129362,1.5901771336553945,4.804079441760601,41.096349973161566,19.00161030595813,2.9052603327965647,12.815351583467525,5.964841653247451,0.785024154589372,0.35560923242082665,0.0939345142243693,0.06709608158883522
134,10.57434245840043,1.5901771336553945,4.62962962962963,40.92860976918948,18.95464304884595,2.9052603327965647,13.036768652710682,6.045356951154052,0.8185721953837896,0.35560923242082665,0.0939345142243693,0.06709608158883522
135,10.668276972624799,1.5901771336553945,4.5960815888352125,40.56629092860977,18.92109500805153,3.240740740740741,12.681159420289855,6.400966183574879,0.8185721953837896,0.35560923242082665,0.0939345142243693,0.06709608158883522
136,10.513955984970478,1.5901771336553945,4.575952764358561,42.80730005367686,16.881374127750938,3.2541599570585076,12.681159420289855,6.333870101986044,0.8454106280193237,0.35560923242082665,0.0939345142243693,0.06709608158883522
137,10.493827160493828,1.5901771336553945,4.931561996779388,42.67981749865808,16.78743961352657,3.2541599570585076,12.667740203972087,6.246645195920558,0.8319914117015567,0.35560923242082665,0.0939345142243693,0.06709608158883522
138,10.923242082662373,1.5901771336553945,4.924852388620504,42.47181964573269,16.6129898013956,3.193773483628556,12.5402576489533,6.286902844873859,0.9393451422436929,0.35560923242082665,0.0939345142243693,0.06709608158883522
139,10.379763821792807,1.3955984970477724,4.696725711218465,39.418947933440684,16.478797638217927,6.508319914117015,13.493022007514762,6.119162640901771,0.9930220075147611,0.35560923242082665,0.0939345142243693,0.06709608158883522
140,10.540794417606012,1.3955984970477724,4.690016103059581,39.30488459473967,16.297638217928075,6.494900697799249,13.325281803542673,6.119162640901771,1.3150831991411702,0.35560923242082665,0.0939345142243693,0.06709608158883522
141,10.721953837895867,1.3955984970477724,4.676596886741814,39.190821256038646,16.25738056897477,6.474771873322598,13.264895330112722,6.159420289855072,1.3150831991411702,0.3824476650563607,0.0939345142243693,0.06709608158883522
142,9.655126140633387,1.3955984970477724,3.878153515834675,43.78019323671498,15.344873859366613,6.427804616210413,13.030059044551798,4.676596886741814,1.1943102522812667,0.4562533548040794,0.0939345142243693,0.06709608158883522
143,9.836285560923242,1.3888888888888888,3.8848631239935587,43.572195383789584,15.331454643048845,6.427804616210413,13.023349436392914,4.723564143853999,1.1943102522812667,0.4562533548040794,0.0939345142243693,0.06709608158883522
144,10.057702630166398,1.3888888888888888,3.878153515834675,43.47826086956522,15.237520128824476,6.400966183574879,12.962962962962964,4.757112184648417,1.221148684916801,0.4562533548040794,0.0939345142243693,0.06709608158883522
145,10.171765968867419,1.3888888888888888,3.8848631239935587,43.41116478797638,15.083199141170155,6.374127750939345,12.93612453032743,4.884594739667204,1.221148684916801,0.4830917874396135,0.0939345142243693,0.06709608158883522
146,10.319377348362856,1.3888888888888888,3.844605475040258,42.76033279656468,15.03623188405797,6.374127750939345,12.902576489533011,5.542136339237788,1.221148684916801,0.4495437466451959,0.0939345142243693,0.06709608158883522
147,9.829575952764358,1.3888888888888888,3.5963499731615673,40.98228663446055,14.378690284487385,7.380568974771873,15.271068169618895,5.387815351583468,1.1741814278046163,0.4495437466451959,0.0939345142243693,0.06709608158883522
148,10.171765968867419,1.3888888888888888,3.730542136339238,40.754159957058505,14.31159420289855,7.501341921631776,15.029522275899087,5.360976918947934,1.1607622114868492,0.4294149221685454,0.0939345142243693,0.06709608158883522
149,10.245571658615138,1.3888888888888888,3.730542136339238,40.713902308105204,14.298174986580785,7.541599570585078,14.949006977992486,5.3274288781535155,1.1607622114868492,0.4830917874396135,0.0939345142243693,0.06709608158883522
150,10.373054213633925,1.3888888888888888,3.8714439076757916,40.4723564143854,14.264626945786366,7.555018786902845,14.935587761674718,5.3341384863123995,1.1607622114868492,0.4830917874396135,0.0939345142243693,0.06709608158883522
151,10.735373054213634,1.3888888888888888,3.7909286097691894,40.203972088030056,14.204240472356414,7.5281803542673105,14.895330112721417,5.46833064949007,1.1406333870101986,0.4830917874396135,0.0939345142243693,0.06709608158883522
152,10.950080515297907,1.3888888888888888,3.92512077294686,40.02952227589909,14.184111647879764,7.521470746108427,14.875201288244767,5.394524959742351,1.0869565217391304,0.4830917874396135,0.0939345142243693,0.06709608158883522
153,11.198336017176597,1.3888888888888888,3.9049919484702094,39.80810520665593,14.123725174449811,7.474503488996243,14.855072463768115,5.475040257648954,1.1272141706924315,0.4830917874396135,0.0939345142243693,0.06709608158883522
154,11.29898013955985,1.3888888888888888,3.9049919484702094,39.70746108427268,14.110305958132045,7.635534084809447,14.821524422973699,5.360976918947934,1.1272141706924315,0.4830917874396135,0.0939345142243693,0.06709608158883522
155,11.52710681696189,1.3888888888888888,3.878153515834675,39.59339774557166,13.962694578636608,7.608695652173913,14.707461084272678,5.508588298443371,1.1540526033279657,0.5099302200751477,0.0939345142243693,0.06709608158883522
156,10.768921095008052,1.3016639828234031,3.8714439076757916,42.921363392377884,12.909286097691895,6.629092860976919,14.640365002683843,5.381105743424584,0.9057971014492754,0.5099302200751477,0.0939345142243693,0.06709608158883522
157,10.976918947933441,1.3016639828234031,3.8714439076757916,42.82742887815352,12.895866881374127,6.602254428341385,14.606816961889425,5.340848094471283,0.9057971014492754,0.5099302200751477,0.0939345142243693,0.06709608158883522
158,11.158078368223295,1.3016639828234031,3.92512077294686,42.78717122920021,12.815351583467525,6.568706387546968,14.432367149758454,5.3341384863123995,0.9057971014492754,0.6105743424584005,0.0939345142243693,0.06709608158883522
159,11.399624261943103,1.3016639828234031,3.92512077294686,42.632850241545896,12.714707461084272,6.568706387546968,14.345142243692969,5.407944176060118,0.9326355340848095,0.6105743424584005,0.0939345142243693,0.06709608158883522
160,11.52710681696189,1.3016639828234031,3.8915727321524423,42.47181964573269,12.681159420289855,6.5552871712292005,14.351851851851851,5.46833064949007,0.966183574879227,0.6374127750939346,0.0939345142243693,0.05367686527106817
161,11.446591519055287,1.3016639828234031,3.8915727321524423,41.58615136876006,14.922168545356952,6.474771873322598,13.573537305421363,5.226784755770263,0.8923778851315083,0.5367686527106817,0.0939345142243693,0.05367686527106817
162,11.600912506709609,1.3016639828234031,3.8915727321524423,41.55931293612453,14.868491680085883,6.4412238325281805,13.553408480944713,5.226784755770263,0.8923778851315083,0.5166398282340311,0.0939345142243693,0.05367686527106817
163,11.641170155662909,1.3016639828234031,4.05931293612453,41.39157273215244,14.861782071927,6.4412238325281805,13.553408480944713,5.226784755770263,0.8588298443370908,0.5166398282340311,0.0939345142243693,0.05367686527106817
164,11.876006441223833,1.2949543746645196,4.045893719806763,41.237251744498124,14.74771873322598,6.400966183574879,13.546698872785829,5.226784755770263,0.9594739667203436,0.5166398282340311,0.0939345142243693,0.05367686527106817
165,11.936392914653783,1.2949543746645196,4.045893719806763,41.15002683843264,14.734299516908212,6.414385399892646,13.546698872785829,5.226784755770263,0.9863123993558777,0.5166398282340311,0.0939345142243693,0.05367686527106817
166,12.151100375738057,1.2949543746645196,4.045893719806763,40.935319377348364,14.707461084272678,6.380837359098229,13.573537305421363,5.267042404723564,0.9796027911969941,0.5166398282340311,0.0939345142243693,0.05367686527106817
167,12.23161567364466,1.2949543746645196,3.9855072463768115,40.86151368760064,14.63365539452496,6.380837359098229,13.325281803542673,5.481749865807837,1.1003757380568975,0.5568974771873323,0.0939345142243693,0.05367686527106817
168,12.379227053140097,1.2949543746645196,3.9855072463768115,40.82796564680623,14.600107353730541,6.380837359098229,13.271604938271604,5.481749865807837,1.0735373054213635,0.5568974771873323,0.0939345142243693,0.05367686527106817
169,12.412775093934513,1.2949543746645196,4.17337627482555,40.707192699946326,14.573268921095009,6.380837359098229,13.211218464841654,5.4616210413311865,1.093666129898014,0.5434782608695652,0.0939345142243693,0.05367686527106817
170,12.52012882447665,1.2949543746645196,4.166666666666667,40.41867954911433,14.546430488459475,6.394256575415996,13.197799248523886,5.676328502415459,1.093666129898014,0.5434782608695652,0.0939345142243693,0.05367686527106817
171,12.627482555018787,1.2949543746645196,4.206924315619967,40.371712292002144,14.40552871712292,6.394256575415996,13.197799248523886,5.656199677938808,1.1540526033279657,0.5434782608695652,0.0939345142243693,0.05367686527106817
172,12.734836285560924,1.2949543746645196,4.180085882984434,40.21068169618894,14.345142243692969,6.394256575415996,13.170960815888352,5.8239398819108965,1.1540526033279657,0.5434782608695652,0.0939345142243693,0.05367686527106817
173,12.828770799785293,1.2949543746645196,4.180085882984434,40.07648953301127,14.318303811057435,6.488191089640365,13.170960815888352,5.797101449275362,1.1540526033279657,0.5434782608695652,0.0939345142243693,0.05367686527106817
174,12.882447665056361,1.2949543746645196,4.1532474503489,40.063070316693505,14.479334406870638,6.488191089640365,13.056897477187333,5.750134192163178,1.1540526033279657,0.5434782608695652,0.08051529790660225,0.05367686527106817
175,12.99651100375738,1.2949543746645196,4.133118625872249,40.284487385936664,14.278046162104133,6.474771873322598,12.969672571121846,5.736714975845411,1.1540526033279657,0.5434782608695652,0.08051529790660225,0.05367686527106817
176,13.123993558776167,1.2949543746645196,4.119699409554482,40.203972088030056,14.076757917337627,6.320450885668277,13.24476650563607,5.736714975845411,1.1674718196457328,0.5770263016639828,0.08051529790660225,0.05367686527106817
177,13.506441223832528,1.2949543746645196,4.119699409554482,39.97584541062802,14.002952227589908,6.327160493827161,13.191089640365004,5.703166935050993,1.1674718196457328,0.5770263016639828,0.08051529790660225,0.05367686527106817
178,12.661030595813205,1.2681159420289856,3.8714439076757916,46.57139023081052,11.211755233494364,5.891035963499732,11.345947396672035,5.528717122920021,0.9930220075147611,0.5233494363929146,0.08051529790660225,0.05367686527106817
179,12.848899624261943,1.2681159420289856,3.92512077294686,46.443907675791735,11.16478797638218,5.891035963499732,11.332528180354267,5.508588298443371,0.9930220075147611,0.48980139559849706,0.08051529790660225,0.05367686527106817
180,12.95625335480408,1.2681159420289856,3.9184111647879765,46.363392377885134,11.16478797638218,5.897745571658615,11.352657004830919,5.4616210413311865,0.9930220075147611,0.48980139559849706,0.08051529790660225,0.05367686527106817
181,13.077026301663983,1.2681159420289856,3.911701556629093,46.282877079978526,11.124530327428879,5.897745571658615,11.325818572195384,5.495169082125604,0.9930220075147611,0.48980139559849706,0.08051529790660225,0.05367686527106817
182,12.453032742887816,8.111916264090176,3.844605475040258,42.0222758990875,10.23215244229737,5.897745571658615,10.789049919484702,5.199946323134729,0.8454106280193237,0.48980139559849706,0.08051529790660225,0.03354804079441761
183,12.627482555018787,8.111916264090176,3.8378958668813743,41.87466451959206,10.171765968867419,5.870907139023081,10.829307568438002,5.226784755770263,0.8454106280193237,0.48980139559849706,0.08051529790660225,0.03354804079441761
184,12.828770799785293,8.111916264090176,3.8580246913580245,41.36473429951691,10.11808910359635,5.857487922705314,10.795759527643586,5.615942028985507,0.8454106280193237,0.48980139559849706,0.08051529790660225,0.03354804079441761
185,12.942834138486312,8.07836822329576,3.844605475040258,41.29092860976919,10.064412238325282,5.857487922705314,10.795759527643586,5.642780461621041,0.8789586688137413,0.48980139559849706,0.08051529790660225,0.03354804079441761
186,13.097155126140633,8.07836822329576,3.844605475040258,41.25067096081589,10.02415458937198,5.837359098228664,10.755501878690284,5.629361245303274,0.8789586688137413,0.48980139559849706,0.08051529790660225,0.03354804079441761
187,13.264895330112722,8.07836822329576,3.844605475040258,41.18357487922705,10.00402576489533,5.83064949006978,10.668276972624799,5.615942028985507,0.9057971014492754,0.48980139559849706,0.08051529790660225,0.03354804079441761
188,13.43263553408481,8.071658615136876,3.8378958668813743,41.06280193236715,9.970477724100913,5.83064949006978,10.654857756307031,5.615942028985507,0.9326355340848095,0.48980139559849706,0.06709608158883522,0.03354804079441761
189,13.600375738056897,7.991143317230274,3.9184111647879765,40.86822329575953,9.91009125067096,5.83064949006978,10.628019323671497,5.810520665593129,0.9326355340848095,0.4092860976918948,0.06709608158883522,0.03354804079441761
190,13.788244766505636,7.96430488459474,3.9184111647879765,40.74074074074074,9.876543209876543,5.83064949006978,10.628019323671497,5.810520665593129,0.9326355340848095,0.4092860976918948,0.06709608158883522,0.03354804079441761
191,14.11701556629093,7.930756843800322,3.8915727321524423,40.59983896940419,9.856414385399892,5.776972624798712,10.607890499194847,5.810520665593129,0.9259259259259259,0.3824476650563607,0.06709608158883522,0.03354804079441761
192,14.237788513150832,7.930756843800322,3.8915727321524423,40.54616210413312,9.856414385399892,5.743424584004294,10.59447128287708,5.8239398819108965,0.8923778851315083,0.3824476650563607,0.06709608158883522,0.03354804079441761
193,14.331723027375201,7.890499194847021,4.30756843800322,39.982555018786904,9.722222222222221,5.730005367686527,10.567632850241546,5.984970477724101,0.9997316156736447,0.3824476650563607,0.06709608158883522,0.03354804079441761
