,45,50,53,55,51,52,54,56,59,57,58,60,63,61,62
0,95.77965646806227,4.206924315619967,0.013419216317767043,,,,,,,,,,,,
1,92.55904455179818,7.353730542136339,0.013419216317767043,0.07380568974771873,,,,,,,,,,,
2,92.17659688674182,7.7361782071927,0.013419216317767043,0.07380568974771873,,,,,,,,,,,
3,89.61352657004831,10.258990874932904,0.013419216317767043,0.11406333870101985,,,,,,,,,,,
4,88.191089640365,11.66129898013956,0.03354804079441761,0.11406333870101985,,,,,,,,,,,
5,86.51368760064412,13.325281803542673,0.03354804079441761,0.1274825550187869,,,,,,,,,,,
6,80.50187869028449,18.78690284487386,0.2683843263553409,0.14761137949543746,0.2952227589908749,,,,,,,,,,
7,80.24691358024691,18.947933440687063,0.2683843263553409,0.1878690284487386,0.2952227589908749,0.020128824476650563,0.03354804079441761,,,,,,,,
8,51.019860440150296,47.89318303811057,0.27509393451422437,0.41599570585077833,0.36231884057971014,,0.03354804079441761,,,,,,,,
9,50.81186258722491,48.047504025764894,0.27509393451422437,0.46967257112184646,0.3488996242619431,,0.03354804079441761,0.013419216317767043,,,,,,,
10,50.395866881374126,46.66532474503489,0.27509393451422437,0.6105743424584005,0.41599570585077833,,1.5901771336553945,0.013419216317767043,0.03354804079441761,,,,,,
11,48.121309715512616,48.85265700483092,0.27509393451422437,0.6977992485238862,0.41599570585077833,,1.5901771336553945,0.013419216317767043,0.03354804079441761,,,,,,
12,47.95356951154053,48.9398819108964,0.27509393451422437,0.7716049382716049,0.41599570585077833,,1.596886741814278,0.013419216317767043,0.03354804079441761,,,,,,
13,46.69887278582931,50.17444981213097,0.12077294685990338,0.9192163177670424,0.41599570585077833,,1.570048309178744,0.06038647342995169,0.040257648953301126,,,,,,
14,46.584809447128286,41.51234567901235,0.5904455179817498,0.8856682769726248,8.715780998389693,,1.570048309178744,0.10064412238325282,0.040257648953301126,,,,,,
15,46.05475040257649,33.393719806763286,0.5904455179817498,0.7447665056360708,6.286902844873859,11.16478797638218,1.556629092860977,0.10064412238325282,0.05367686527106817,0.05367686527106817,,,,,
16,44.79334406870639,32.55501878690284,0.5904455179817498,0.798443370907139,8.266237251744498,11.117820719269995,1.570048309178744,0.14761137949543746,0.05367686527106817,0.10735373054213634,,,,,
17,44.24315619967794,33.77616747181965,0.1878690284487386,0.8252818035426731,7.75630703166935,11.117820719269995,1.570048309178744,0.36231884057971014,0.05367686527106817,0.10735373054213634,,,,,
18,43.18974771873322,34.655126140633385,0.1878690284487386,0.9863123993558777,7.716049382716049,10.809178743961352,1.6237251744498122,0.36231884057971014,0.05367686527106817,0.41599570585077833,,,,,
19,42.961621041331185,34.82957595276436,0.1878690284487386,1.0399892646269457,7.716049382716049,10.628019323671497,1.6103059581320451,0.36231884057971014,0.04696725711218465,0.5971551261406334,0.020128824476650563,,,,
20,42.62614063338701,34.93022007514761,0.1878690284487386,1.093666129898014,7.809983896940419,10.628019323671497,1.6975308641975309,0.36231884057971014,0.04696725711218465,0.5971551261406334,0.020128824476650563,,,,
21,39.48604401502952,38.016639828234034,0.1878690284487386,1.1406333870101986,7.796564680622652,10.607890499194847,1.6975308641975309,0.3757380568974772,0.04696725711218465,0.6239935587761675,0.020128824476650563,,,,
22,37.64090177133655,37.513419216317764,0.1878690284487386,1.261406333870102,8.467525496511003,10.601180891035963,3.240740740740741,0.4092860976918948,0.04696725711218465,0.6105743424584005,0.020128824476650563,,,,
23,37.43961352657005,35.95679012345679,0.20128824476650564,1.247987117552335,8.467525496511003,10.674986580783683,4.985238862050457,0.36231884057971014,0.03354804079441761,0.6105743424584005,0.020128824476650563,,,,
24,36.71497584541063,33.353462157809986,0.20128824476650564,1.2412775093934514,11.77536231884058,10.674986580783683,4.924852388620504,0.3824476650563607,0.07380568974771873,0.6172839506172839,0.020128824476650563,0.020128824476650563,,,
25,36.4398819108964,33.28636607622115,0.23483628556092323,1.4224369296833066,11.3191089640365,10.406602254428341,4.924852388620504,0.7313472893183038,0.07380568974771873,1.1205045625335481,0.020128824476650563,0.020128824476650563,,,
26,36.3996242619431,33.031400966183575,0.3153515834675255,1.4694041867954912,11.238593666129898,9.27938808373591,6.360708534621578,0.7514761137949544,0.07380568974771873,1.0399892646269457,0.020128824476650563,0.020128824476650563,,,
27,35.42002147074611,31.186258722490606,0.30864197530864196,1.5365002683843263,14.016371443907676,9.29951690821256,6.266774020397209,0.7783145464304885,0.07380568974771873,1.0735373054213635,0.020128824476650563,0.020128824476650563,,,
28,35.339506172839506,31.166129898013956,0.30864197530864196,1.6371443907675791,14.016371443907676,9.272678475577026,6.266774020397209,0.7783145464304885,0.06038647342995169,1.1137949543746646,0.020128824476650563,0.020128824476650563,,,
29,35.225442834138484,31.04535695115405,0.322061191626409,1.7981749865807837,14.096886741814279,9.272678475577026,6.266774020397209,0.7581857219538379,0.06038647342995169,1.1137949543746646,0.020128824476650563,0.020128824476650563,,,
30,33.09849704777241,33.11862587224906,0.322061191626409,1.8250134192163177,13.92914653784219,8.997584541062801,6.273483628556092,1.1943102522812667,0.06038647342995169,1.1406333870101986,0.020128824476650563,0.020128824476650563,,,
31,32.92404723564144,32.91733762748255,0.3757380568974772,1.9122383252818036,14.083467525496511,9.024422973698336,6.246645195920558,1.221148684916801,0.08722490606548577,1.1406333870101986,0.04696725711218465,0.020128824476650563,,,
32,32.669082125603865,32.971014492753625,0.3757380568974772,2.100107353730542,14.083467525496511,8.93719806763285,6.260064412238325,1.221148684916801,0.08722490606548577,1.2278582930756843,0.04696725711218465,0.020128824476650563,,,
33,31.93773483628556,31.199677938808374,2.5429414922168547,2.120236178207193,14.049919484702093,9.091519055287172,6.132581857219538,1.2345679012345678,0.08722490606548577,1.4962426194310252,0.08722490606548577,0.020128824476650563,,,
34,31.53515834675255,30.857487922705314,2.5429414922168547,2.1135265700483092,13.157541599570585,10.93666129898014,5.656199677938808,1.4895330112721417,0.10735373054213634,1.4962426194310252,0.08722490606548577,0.020128824476650563,,,
35,31.340579710144926,30.991680085882983,2.5161030595813205,2.2342995169082127,12.909286097691895,10.909822866344605,5.850778314546431,1.5096618357487923,0.10735373054213634,1.5230810520665594,0.08722490606548577,0.020128824476650563,,,
36,31.199677938808374,30.97826086956522,2.522812667740204,2.3081052066559313,12.989801395598498,10.641438539989265,5.83064949006978,1.4895330112721417,0.12077294685990338,1.8115942028985508,0.08722490606548577,0.020128824476650563,,,
37,31.166129898013956,30.703166935050994,2.49597423510467,2.61003757380569,12.949543746645196,10.59447128287708,5.649490069779925,1.4895330112721417,0.08051529790660225,2.1269457863660763,0.11406333870101985,0.020128824476650563,,,
38,31.05877616747182,30.756843800322063,2.4825550187869028,2.636876006441224,12.97638217928073,10.59447128287708,5.649490069779925,1.4895330112721417,0.08051529790660225,2.1269457863660763,0.1274825550187869,0.020128824476650563,,,
39,31.0252281266774,30.595813204508858,2.4825550187869028,2.7241009125067097,12.754965110037574,10.534084809447128,5.649490069779925,1.7847557702630166,0.08051529790660225,2.187332259796028,0.1610305958132045,0.020128824476650563,,,
40,30.823939881910896,30.320719269994633,2.5026838432635534,2.791196994095545,12.567096081588835,10.82259796027912,5.897745571658615,1.8250134192163177,0.08051529790660225,2.1604938271604937,0.1610305958132045,0.04696725711218465,,,
41,29.468599033816425,31.4747718733226,2.5295222758990876,2.8918411164787976,12.526838432635534,10.909822866344605,5.911164787976382,1.8384326355340848,0.08051529790660225,2.1604938271604937,0.1610305958132045,0.04696725711218465,,,
42,28.958668813741276,30.394524959742352,1.0399892646269457,2.818035426731079,12.191358024691358,15.371712292002147,5.314009661835748,1.8048845947396672,0.08722490606548577,1.8518518518518519,0.11406333870101985,0.05367686527106817,,,
43,26.690821256038646,32.27992485238862,1.1205045625335481,2.8650026838432634,12.379227053140097,15.257648953301127,5.3341384863123995,1.8518518518518519,0.08722490606548577,1.9659151905528718,0.11406333870101985,0.05367686527106817,,,
44,25.462962962962962,29.944981213097154,1.1003757380568975,2.6637144390767578,16.23054213633924,15.177133655394526,5.22007514761138,1.8518518518518519,0.08722490606548577,2.0128824476650564,0.11406333870101985,0.13419216317767044,,,
45,24.93961352657005,30.06575415995706,1.7914653784219001,2.8918411164787976,16.223832528180353,12.801932367149758,7.461084272678476,1.7914653784219001,0.06038647342995169,1.724369296833065,0.11406333870101985,0.13419216317767044,,,
46,24.892646269457863,29.220343531937736,1.7914653784219001,2.8247450348899625,16.99543746645196,12.801932367149758,7.6623725174449815,1.778046162104133,0.06038647342995169,1.724369296833065,0.11406333870101985,0.13419216317767044,,,
47,24.879227053140095,28.25415995705851,1.7914653784219001,2.7777777777777777,17.59259259259259,13.24476650563607,7.601986044015029,1.778046162104133,0.08722490606548577,1.724369296833065,0.11406333870101985,0.15432098765432098,,,
48,24.818840579710145,28.30112721417069,1.8115942028985508,2.791196994095545,17.57246376811594,13.24476650563607,7.588566827697263,1.778046162104133,0.10064412238325282,1.724369296833065,0.11406333870101985,0.15432098765432098,,,
49,24.54374664519592,28.442028985507246,2.0799785292538915,2.831454643048846,17.24369296833065,13.298443370907139,7.588566827697263,1.8719806763285025,0.10064412238325282,1.724369296833065,0.12077294685990338,0.15432098765432098,,,
50,24.10091250670961,28.73054213633924,2.0933977455716586,3.0931293612453032,17.136339237788512,13.238056897477188,7.461084272678476,2.0665593129361244,0.10064412238325282,1.7444981213097155,0.12077294685990338,0.11406333870101985,,,
51,23.275630703166936,27.556360708534623,1.9726247987117553,3.0730005367686526,19.53166935050993,12.815351583467525,7.62211486849168,2.033011272141707,0.10064412238325282,1.7847557702630166,0.12077294685990338,0.11406333870101985,,,
52,22.69860440150295,27.717391304347824,1.9659151905528718,3.026033279656468,20.014761137949545,12.741545893719806,7.575147611379496,2.059849704777241,0.10064412238325282,1.8384326355340848,0.14761137949543746,0.11406333870101985,,,
53,22.67176596886742,27.697262479871174,1.9390767579173376,3.0864197530864197,19.994632313472895,12.701288244766506,7.575147611379496,2.059849704777241,0.10064412238325282,1.8786902844873858,0.18115942028985507,0.11406333870101985,,,
54,21.175523349436393,29.1532474503489,1.9793344068706387,3.1736446591519054,19.94766505636071,12.694578636607622,7.575147611379496,2.0263016639828235,0.10064412238325282,1.8786902844873858,0.18115942028985507,0.11406333870101985,,,
55,21.162104133118625,28.985507246376812,1.9793344068706387,3.2340311325818574,19.92753623188406,12.533548040794418,7.863660762211487,1.9860440150295222,0.10064412238325282,1.932367149758454,0.18115942028985507,0.11406333870101985,,,
56,21.048040794417606,28.81105743424584,2.1739130434782608,3.2206119162640903,19.672571121846484,12.815351583467525,7.877079978529254,2.01959205582394,0.10064412238325282,1.9659151905528718,0.18115942028985507,0.11406333870101985,,,
57,20.98094471282877,28.77750939345142,2.1269457863660763,3.502415458937198,19.28341384863124,12.600644122383253,7.9039184111647875,2.2745571658615136,0.0939345142243693,2.1604938271604937,0.19457863660762212,0.10064412238325282,,,
58,20.598497047772412,27.147074610842726,1.570048309178744,3.0864197530864197,34.21229200214707,5.864197530864198,5.3341384863123995,0.9125067096081588,0.08051529790660225,0.966183574879227,0.15432098765432098,0.07380568974771873,,,
59,20.40391841116479,27.086688137412775,1.7310789049919484,3.3682232957595275,33.91035963499731,5.850778314546431,5.3341384863123995,1.0399892646269457,0.08051529790660225,0.966183574879227,0.15432098765432098,0.07380568974771873,,,
60,20.343531937734838,27.079978529253893,1.7310789049919484,3.4286097691894795,33.89023081052066,5.844068706387547,5.35426731078905,1.0534084809447128,0.08051529790660225,0.966183574879227,0.15432098765432098,0.07380568974771873,,,
61,19.91411701556629,26.878690284487387,1.710950080515298,3.8043478260869565,33.91035963499731,6.447933440687064,5.314009661835748,0.9326355340848095,0.08051529790660225,0.7783145464304885,0.15432098765432098,0.07380568974771873,,,
62,19.89398819108964,26.838432635534083,1.7310789049919484,3.7909286097691894,33.823134728931834,6.729736983360172,5.045625335480408,1.0131508319914118,0.1274825550187869,0.7783145464304885,0.15432098765432098,0.07380568974771873,,,
63,19.860440150295222,26.623725174449813,1.7310789049919484,3.8848631239935587,33.722490606548575,6.971282877079979,4.958400429414922,1.1003757380568975,0.1274825550187869,0.7917337627482555,0.15432098765432098,0.07380568974771873,,,
64,19.363929146537842,26.08695652173913,1.751207729468599,4.05931293612453,34.312936124530324,6.944444444444445,5.025496511003757,1.3083735909822867,0.1274825550187869,0.7783145464304885,0.16774020397208803,0.07380568974771873,,,
65,18.988191089640367,24.832259796027913,1.7310789049919484,4.086151368760064,35.648148148148145,6.877348362855609,5.226784755770263,1.4626945786366077,0.1274825550187869,0.7783145464304885,0.16774020397208803,0.07380568974771873,,,
66,18.96135265700483,24.58400429414922,1.7310789049919484,4.334406870638754,35.601180891035966,6.843800322061192,5.246913580246914,1.5499194847020934,0.1274825550187869,0.7783145464304885,0.16774020397208803,0.07380568974771873,,,
67,18.71309715512614,24.12775093934514,4.05931293612453,4.253891572732153,33.903650026838434,6.5485775630703165,5.481749865807837,1.7713365539452497,0.1274825550187869,0.7783145464304885,0.14761137949543746,0.08722490606548577,,,
68,15.908480944712828,23.013955984970476,3.851315083199141,4.4820182501341925,38.405797101449274,6.286902844873859,5.401234567901234,1.5230810520665594,0.1274825550187869,0.7648953301127214,0.14761137949543746,0.08722490606548577,,,
69,15.868223295759528,22.899892646269457,4.1532474503489,4.542404723564144,37.38593666129898,6.286902844873859,6.125872249060655,1.5767579173376274,0.1274825550187869,0.7648953301127214,0.18115942028985507,0.08722490606548577,,,
70,15.640096618357488,22.84621578099839,4.193505099302201,4.616210413311863,37.546967257112186,6.233225979602791,6.112453032742888,1.6103059581320451,0.1274825550187869,0.8051529790660226,0.18115942028985507,0.08722490606548577,,,
71,15.619967793880837,22.779119699409556,4.253891572732153,4.998658078368224,37.486580783682236,6.253354804079442,5.770263016639828,1.6505636070853462,0.11406333870101985,0.8319914117015567,0.18115942028985507,0.06038647342995169,,,
72,15.5126140633387,22.665056360708533,4.05931293612453,4.951690821256038,36.782071926999464,7.246376811594203,5.770263016639828,1.7042404723564144,0.11406333870101985,0.8319914117015567,0.30193236714975846,0.06038647342995169,,,
73,15.479066022544284,22.57783145464305,4.40150295222759,4.958400429414922,36.3191089640365,7.118894256575416,5.730005367686527,2.120236178207193,0.1274825550187869,0.8051529790660226,0.30193236714975846,0.06038647342995169,,,
74,15.479066022544284,22.436929683306495,4.40150295222759,5.280461621041331,36.02388620504563,7.125603864734299,5.615942028985507,2.2879763821792807,0.15432098765432098,0.8319914117015567,0.30193236714975846,0.06038647342995169,,,
75,15.425389157273216,22.148416532474503,4.40150295222759,5.4549114331723025,35.92324208266237,7.232957595276436,5.676328502415459,2.3886205045625335,0.15432098765432098,0.8319914117015567,0.30193236714975846,0.06038647342995169,,,
76,13.123993558776167,25.348899624261943,4.320987654320987,4.931561996779388,35.829307568438004,6.977992485238862,5.703166935050993,2.38191089640365,0.15432098765432098,0.8655394524959742,0.30193236714975846,0.06038647342995169,,,
77,13.110574342458401,25.026838432635532,4.314278046162104,5.10601180891036,35.567632850241544,7.25979602791197,5.683038110574342,2.509393451422437,0.15432098765432098,0.8789586688137413,0.32877079978529256,0.06038647342995169,,,
78,13.09044551798175,25.026838432635532,4.159957058507783,5.0993022007514766,35.40660225442834,7.226247987117552,5.931293612453032,2.563070316693505,0.18115942028985507,0.8923778851315083,0.36231884057971014,0.06038647342995169,,,
79,13.077026301663983,24.86580783682233,4.1532474503489,5.300590445517981,35.12479871175523,7.206119162640902,5.864197530864198,2.9119699409554483,0.18115942028985507,0.8923778851315083,0.36231884057971014,0.06038647342995169,,,
80,13.050187869028449,24.892646269457863,4.186795491143317,5.300590445517981,35.07112184648417,7.1725711218464845,5.884326355340848,2.9119699409554483,0.19457863660762212,0.8923778851315083,0.3824476650563607,0.06038647342995169,,,
81,13.050187869028449,24.704777241009126,4.334406870638754,5.347557702630167,35.01073537305421,7.152442297369833,5.917874396135265,2.952227589908749,0.19457863660762212,0.8923778851315083,0.3824476650563607,0.06038647342995169,,,
82,13.030059044551798,24.704777241009126,4.367954911433173,5.347557702630167,35.01073537305421,7.112184648416532,5.9447128287707995,2.952227589908749,0.19457863660762212,0.8923778851315083,0.3824476650563607,0.06038647342995169,,,
83,13.01663982823403,24.335748792270532,4.361245303274289,5.669618894256575,34.97047772410091,7.1725711218464845,5.971551261406334,2.965646806226516,0.19457863660762212,0.8990874932903918,0.3824476650563607,0.06038647342995169,,,
84,10.46027911969941,31.186258722490606,5.5689747718733225,5.8172302737520125,31.179549114331724,6.253354804079442,5.038915727321524,2.9589371980676327,0.1878690284487386,0.8856682769726248,0.4025764895330113,0.06038647342995169,,,
85,10.144927536231885,29.864465915190554,5.58239398819109,5.314009661835748,33.43397745571659,6.085614600107354,4.951690821256038,3.066290928609769,0.1878690284487386,0.8990874932903918,0.4092860976918948,0.04696725711218465,0.013419216317767043,,
86,10.11808910359635,29.830917874396135,5.5689747718733225,5.347557702630167,33.4272678475577,6.085614600107354,4.9718196457326895,3.066290928609769,0.1878690284487386,0.9259259259259259,0.4092860976918948,0.04696725711218465,0.013419216317767043,,
87,10.11808910359635,29.663177670424048,5.535426731078905,5.367686527106817,33.20585077831455,6.085614600107354,5.287171229200215,3.1199677938808374,0.1610305958132045,0.9326355340848095,0.46296296296296297,0.04696725711218465,0.013419216317767043,,
88,10.00402576489533,29.562533548040793,5.501878690284487,5.421363392377885,33.24610842726785,5.924584004294149,5.3341384863123995,3.2877079978529253,0.18115942028985507,0.966183574879227,0.5099302200751477,0.04696725711218465,0.013419216317767043,,
89,9.970477724100913,29.528985507246375,5.629361245303274,5.60252281266774,32.86366076221149,5.938003220611916,5.35426731078905,3.361513687600644,0.19457863660762212,0.9393451422436929,0.5568974771873323,0.04696725711218465,0.013419216317767043,,
90,9.970477724100913,29.394793344068706,5.589103596349974,5.689747718733226,32.749597423510465,5.938003220611916,5.428073000536768,3.455448201825013,0.19457863660762212,0.9326355340848095,0.5971551261406334,0.04696725711218465,0.013419216317767043,,
91,9.970477724100913,28.958668813741276,5.589103596349974,5.542136339237788,33.353462157809986,5.857487922705314,5.4616210413311865,3.455448201825013,0.20128824476650564,0.95276435856146,0.5971551261406334,0.04696725711218465,0.013419216317767043,,
92,8.870101986044014,27.710681696188942,5.542136339237788,5.542136339237788,32.90391841116479,8.313204508856682,5.703166935050993,3.556092324208266,0.20128824476650564,0.95276435856146,0.6239935587761675,0.04696725711218465,0.013419216317767043,0.020128824476650563,
93,8.709071390230811,25.201288244766506,8.628556092324208,5.676328502415459,32.52818035426731,8.272946859903382,5.703166935050993,3.44873859366613,0.20128824476650564,0.95276435856146,0.5971551261406334,0.04696725711218465,0.013419216317767043,0.020128824476650563,
94,8.702361782071927,25.201288244766506,8.662104133118627,5.662909286097692,32.44095544820183,8.272946859903382,5.676328502415459,3.515834675254965,0.2147074610842727,0.95276435856146,0.6105743424584005,0.04696725711218465,0.013419216317767043,0.026838432635534086,
95,8.59500805152979,25.315351583467525,8.641975308641975,5.683038110574342,32.387278582930755,8.239398819108963,5.6964573268921095,3.549382716049383,0.20128824476650564,1.0131508319914118,0.6105743424584005,0.04696725711218465,0.013419216317767043,0.0067096081588835215,
96,8.561460010735374,25.348899624261943,8.641975308641975,5.730005367686527,32.30005367686527,8.145464304884594,5.689747718733226,3.589640365002684,0.20128824476650564,1.0869565217391304,0.6374127750939346,0.04696725711218465,0.013419216317767043,0.0067096081588835215,
97,8.561460010735374,25.107353730542137,8.360171765968868,6.1862587224906065,30.26033279656468,10.681696188942565,5.736714975845411,3.1535158346752548,0.20128824476650564,1.0869565217391304,0.5971551261406334,0.04696725711218465,0.013419216317767043,0.0067096081588835215,
98,8.548040794417606,25.033548040794418,8.28636607622115,6.3070316693505095,29.944981213097154,10.654857756307031,5.736714975845411,3.4688674181427803,0.20128824476650564,1.1205045625335481,0.630703166935051,0.04696725711218465,0.013419216317767043,0.0067096081588835215,
99,7.809983896940419,23.275630703166936,8.219269994632313,6.863929146537842,32.95759527643585,10.299248523886206,5.24020397208803,3.4420289855072466,0.1274825550187869,1.0869565217391304,0.6105743424584005,0.04696725711218465,0.013419216317767043,0.0067096081588835215,
100,7.809983896940419,23.221953837895867,8.279656468062266,6.850509930220075,32.910628019323674,10.279119699409554,5.260332796564681,3.475577026301664,0.15432098765432098,1.0869565217391304,0.6038647342995169,0.04696725711218465,0.013419216317767043,0.0067096081588835215,
101,7.803274288781535,23.141438539989263,8.467525496511003,7.159151905528717,32.50805152979066,10.25228126677402,5.246913580246914,3.515834675254965,0.15432098765432098,1.0869565217391304,0.5971551261406334,0.04696725711218465,0.013419216317767043,0.0067096081588835215,
102,5.931293612453032,34.05126140633387,8.125335480407944,6.984702093397746,26.140633387010197,10.178475577026301,3.7238325281803544,3.0327428878153517,0.12077294685990338,1.0534084809447128,0.5904455179817498,0.04696725711218465,0.013419216317767043,0.0067096081588835215,
103,5.917874396135265,33.70907139023081,8.125335480407944,6.977992485238862,25.93263553408481,10.171765968867419,4.2270531400966185,3.0864197530864197,0.12077294685990338,1.0534084809447128,0.5904455179817498,0.06709608158883522,0.013419216317767043,0.0067096081588835215,
104,5.904455179817498,33.400429414922165,8.199141170155663,6.89747718733226,25.44283413848631,11.104401502952227,4.03918411164788,3.113258185721954,0.1274825550187869,1.0601180891035964,0.6172839506172839,0.06709608158883522,0.013419216317767043,0.013419216317767043,
105,5.870907139023081,33.25952764358561,8.158883521202362,6.863929146537842,25.55689747718733,11.064143853998926,3.978797638217928,3.361513687600644,0.10064412238325282,1.0601180891035964,0.6239935587761675,0.07380568974771873,0.013419216317767043,0.013419216317767043,
106,5.857487922705314,33.16559312936125,8.152173913043478,6.964573268921095,25.523349436392916,10.976918947933441,3.992216854535695,3.435319377348363,0.10064412238325282,1.1205045625335481,0.6105743424584005,0.07380568974771873,0.013419216317767043,0.013419216317767043,
107,5.367686527106817,31.629092860976918,7.85024154589372,6.602254428341385,26.053408480944714,13.097155126140633,4.146537842190016,3.3011272141706924,0.10064412238325282,1.1607622114868492,0.6038647342995169,0.06038647342995169,0.013419216317767043,0.013419216317767043,
108,5.367686527106817,31.602254428341386,7.85024154589372,6.629092860976919,25.825281803542673,13.22463768115942,4.146537842190016,3.361513687600644,0.10064412238325282,1.2077294685990339,0.5971551261406334,0.06038647342995169,0.013419216317767043,0.013419216317767043,
109,5.226784755770263,29.53569511540526,7.092055823939882,5.10601180891036,32.118894256575416,14.076757917337627,2.5026838432635534,2.771068169618894,0.05367686527106817,0.8856682769726248,0.5770263016639828,0.040257648953301126,0.013419216317767043,,
110,5.2066559312936125,29.428341384863124,9.185453569511541,5.226784755770263,30.018786902844873,14.06333870101986,2.522812667740204,2.7643585614600106,0.05367686527106817,0.8856682769726248,0.5904455179817498,0.040257648953301126,0.013419216317767043,,
111,5.2066559312936125,29.347826086956523,9.326355340848094,5.226784755770263,29.918142780461622,14.029790660225443,2.522812667740204,2.8247450348899625,0.05367686527106817,0.8588298443370908,0.630703166935051,0.040257648953301126,0.013419216317767043,,
112,5.159688674181428,26.27482555018787,9.292807300053678,4.669887278582931,33.76945786366076,13.895598497047773,2.61003757380569,2.7442297369833604,0.05367686527106817,0.8521202361782072,0.6239935587761675,0.040257648953301126,0.013419216317767043,,
113,5.159688674181428,26.1808910359635,9.380032206119163,4.797369833601718,33.65539452495974,13.895598497047773,2.6502952227589907,2.7442297369833604,0.05367686527106817,0.8252818035426731,0.6239935587761675,0.020128824476650563,0.013419216317767043,,
114,5.119431025228127,26.02657004830918,9.541062801932368,4.911433172302737,33.59500805152979,13.674181427804616,2.6502952227589907,2.8113258185721954,0.05367686527106817,0.9259259259259259,0.644122383252818,0.020128824476650563,0.013419216317767043,,0.013419216317767043
115,5.119431025228127,25.617283950617285,10.064412238325282,4.944981213097155,31.57541599570585,15.573000536768653,2.6502952227589907,2.7442297369833604,0.05367686527106817,0.966183574879227,0.644122383252818,0.020128824476650563,0.013419216317767043,,0.013419216317767043
116,5.072463768115942,25.644122383252817,10.0979602791197,4.904723564143854,31.53515834675255,15.418679549114332,2.703972088030059,2.7308105206655933,0.05367686527106817,1.1473429951690821,0.644122383252818,0.020128824476650563,0.013419216317767043,,0.013419216317767043
117,5.072463768115942,25.583735909822867,10.064412238325282,5.273752012882448,31.260064412238325,15.418679549114332,2.703972088030059,2.703972088030059,0.08051529790660225,1.1406333870101986,0.6508319914117016,0.020128824476650563,0.013419216317767043,,0.013419216317767043
118,5.059044551798175,25.523349436392916,9.903381642512077,5.790391841116479,31.03864734299517,15.304616210413311,2.7308105206655933,2.771068169618894,0.06038647342995169,1.093666129898014,0.6642512077294686,0.03354804079441761,0.013419216317767043,,0.013419216317767043
119,5.059044551798175,25.45625335480408,9.86983360171766,5.877616747181965,30.971551261406333,15.291196994095545,2.844873859366613,2.7509393451422435,0.06038647342995169,1.107085346215781,0.6508319914117016,0.03354804079441761,0.013419216317767043,,0.013419216317767043
120,5.038915727321524,25.268384326355342,8.165593129361245,5.387815351583468,27.905260332796566,21.504294149221685,2.690552871712292,2.522812667740204,0.03354804079441761,0.9393451422436929,0.46296296296296297,0.05367686527106817,0.013419216317767043,,0.013419216317767043
121,5.038915727321524,25.234836285560924,8.272946859903382,5.407944176060118,27.78448738593666,21.349973161567366,2.690552871712292,2.6167471819645733,0.040257648953301126,0.95276435856146,0.49651100375738055,0.06709608158883522,0.013419216317767043,0.020128824476650563,0.013419216317767043
122,5.038915727321524,25.033548040794418,8.239398819108963,5.528717122920021,27.717391304347824,21.32313472893183,2.717391304347826,2.771068169618894,0.040257648953301126,0.966183574879227,0.5300590445517982,0.06709608158883522,0.013419216317767043,,0.013419216317767043
123,4.985238862050457,24.590713902308106,8.145464304884594,5.984970477724101,27.68384326355341,21.32313472893183,2.757648953301127,2.804616210413312,0.040257648953301126,0.966183574879227,0.6239935587761675,0.06709608158883522,0.013419216317767043,,0.013419216317767043
124,4.575952764358561,23.772141706924316,8.091787439613526,5.676328502415459,27.542941492216855,23.26892109500805,2.3752012882447664,2.831454643048846,0.040257648953301126,1.0802469135802468,0.6239935587761675,0.0939345142243693,0.013419216317767043,,0.013419216317767043
125,4.555823939881911,23.517176596886742,8.152173913043478,5.837359098228664,27.49597423510467,23.22866344605475,2.368491680085883,2.9119699409554483,0.06038647342995169,1.1003757380568975,0.6508319914117016,0.0939345142243693,0.013419216317767043,,0.013419216317767043
126,4.555823939881911,23.416532474503487,7.092055823939882,5.683038110574342,28.797638217928075,23.201825013419217,2.368491680085883,2.898550724637681,0.06038647342995169,1.1540526033279657,0.6239935587761675,0.10735373054213634,0.013419216317767043,0.013419216317767043,0.013419216317767043
127,4.51556629092861,23.21524422973698,6.347289318303811,5.622651637144391,28.73054213633924,23.10789049919485,3.321256038647343,2.9790660225442833,0.06038647342995169,1.2815351583467525,0.6374127750939346,0.14090177133655393,0.013419216317767043,0.013419216317767043,0.013419216317767043
128,4.49543746645196,23.235373054213635,6.508319914117015,5.689747718733226,28.63660762211487,23.081052066559312,3.0595813204508855,3.0193236714975846,0.06038647342995169,1.328502415458937,0.7045088566827697,0.14090177133655393,0.013419216317767043,0.013419216317767043,0.013419216317767043
129,4.435050993022007,23.141438539989263,6.481481481481482,5.669618894256575,28.904991948470208,22.973698336017176,3.0193236714975846,3.0059044551798175,0.06038647342995169,1.3888888888888888,0.7380568974771873,0.14090177133655393,0.013419216317767043,0.013419216317767043,0.013419216317767043
130,4.3478260869565215,23.060923242082662,8.742619431025227,5.703166935050993,26.7914653784219,22.913311862587225,3.0193236714975846,3.0059044551798175,0.08722490606548577,1.4090177133655395,0.7380568974771873,0.14090177133655393,0.013419216317767043,0.013419216317767043,0.013419216317767043
131,4.320987654320987,21.504294149221685,8.695652173913043,5.71658615136876,26.617015566290927,24.644390767579175,3.0327428878153517,3.0193236714975846,0.08051529790660225,1.4358561460010735,0.7514761137949544,0.14090177133655393,0.013419216317767043,0.013419216317767043,0.013419216317767043
132,4.294149221685454,21.155394524959743,8.68894256575416,5.803811057434245,26.37546967257112,24.953032742887814,3.0193236714975846,3.1199677938808374,0.11406333870101985,1.5096618357487923,0.785024154589372,0.14090177133655393,0.013419216317767043,0.013419216317767043,0.013419216317767043
133,4.294149221685454,21.141975308641975,8.80300590445518,5.709876543209877,26.27482555018787,24.872517444981213,3.066290928609769,3.166935050993022,0.1274825550187869,1.556629092860977,0.785024154589372,0.14090177133655393,0.013419216317767043,0.03354804079441761,0.013419216317767043
134,4.28743961352657,21.088298443370906,8.84326355340848,5.689747718733226,26.247987117552334,24.859098228663445,3.1065485775630703,3.193773483628556,0.1274825550187869,1.570048309178744,0.785024154589372,0.14090177133655393,0.013419216317767043,0.03354804079441761,0.013419216317767043
135,4.28743961352657,21.081588835212024,8.78287707997853,5.736714975845411,26.194310252281266,24.825550187869027,3.1065485775630703,3.2541599570585076,0.1274825550187869,1.556629092860977,0.8454106280193237,0.14090177133655393,0.013419216317767043,0.03354804079441761,0.013419216317767043
136,4.28743961352657,21.041331186258724,8.78287707997853,5.763553408480945,26.093666129898015,24.765163714439076,3.1065485775630703,3.3413848631239937,0.1274825550187869,1.6438539989264627,0.8454106280193237,0.14090177133655393,0.013419216317767043,0.03354804079441761,0.013419216317767043
137,4.247181964573269,21.081588835212024,8.749329039184111,5.763553408480945,26.093666129898015,24.731615673644658,3.1736446591519054,3.2742887815351582,0.1274825550187869,1.6774020397208802,0.8789586688137413,0.14090177133655393,0.013419216317767043,0.03354804079441761,0.013419216317767043
138,4.247181964573269,21.061460010735374,8.756038647342995,5.730005367686527,26.04669887278583,24.61755233494364,3.193773483628556,3.3480944712828773,0.1274825550187869,1.7914653784219001,0.8789586688137413,0.14090177133655393,0.013419216317767043,0.03354804079441761,0.013419216317767043
139,4.247181964573269,20.98094471282877,8.735909822866345,5.669618894256575,25.97289318303811,24.550456253354803,3.361513687600644,3.421900161030596,0.1274825550187869,1.8384326355340848,0.8923778851315083,0.14090177133655393,0.013419216317767043,0.03354804079441761,0.013419216317767043
140,4.247181964573269,20.933977455716587,8.702361782071927,5.703166935050993,25.85882984433709,24.550456253354803,3.388352120236178,3.5225442834138487,0.1274825550187869,1.8384326355340848,0.9259259259259259,0.14090177133655393,0.013419216317767043,0.03354804079441761,0.013419216317767043
141,4.247181964573269,20.8870101986044,8.641975308641975,5.931293612453032,25.811862587224905,24.510198604401502,3.388352120236178,3.455448201825013,0.1274825550187869,1.8518518518518519,0.9460547504025765,0.14090177133655393,0.013419216317767043,0.03354804079441761,0.013419216317767043
142,4.247181964573269,20.79307568438003,8.662104133118627,5.870907139023081,26.006441223832528,24.382716049382715,3.3816425120772946,3.488996242619431,0.1274825550187869,1.892109500805153,0.9460547504025765,0.14090177133655393,0.013419216317767043,0.03354804079441761,0.013419216317767043
143,4.247181964573269,20.73268921095008,8.635265700483092,5.984970477724101,25.905797101449274,24.241814278046164,3.3682232957595275,3.535963499731616,0.1610305958132045,2.0263016639828235,0.9728931830381106,0.14090177133655393,,0.03354804079441761,0.013419216317767043
144,4.247181964573269,20.69243156199678,8.494363929146537,5.991680085882985,25.89237788513151,24.168008588298445,3.3682232957595275,3.556092324208266,0.1878690284487386,2.167203435319377,1.0466988727858293,0.14090177133655393,,0.03354804079441761,0.013419216317767043
145,4.247181964573269,19.665861513687602,8.487654320987655,7.071926999463232,25.825281803542673,23.872785829307567,3.3480944712828773,3.569511540526033,0.1878690284487386,2.4825550187869028,1.0534084809447128,0.14090177133655393,,0.03354804079441761,0.013419216317767043
146,4.247181964573269,19.538378958668815,8.521202361782072,7.226247987117552,25.764895330112722,23.752012882447666,3.388352120236178,3.589640365002684,0.1878690284487386,2.522812667740204,1.0735373054213635,0.14090177133655393,,0.03354804079441761,0.013419216317767043
147,4.247181964573269,19.49812130971551,8.521202361782072,7.253086419753086,25.738056897477186,22.745571658615138,4.334406870638754,3.616478797638218,0.1878690284487386,2.5831991411701556,1.0869565217391304,0.14090177133655393,,0.03354804079441761,0.013419216317767043
148,4.247181964573269,19.49812130971551,8.501073537305421,7.0450885668276975,25.704508856682768,22.685185185185187,4.549114331723027,3.6366076221148687,0.1878690284487386,2.6435856146001075,1.107085346215781,0.14761137949543746,,0.03354804079441761,0.013419216317767043
149,3.864734299516908,17.424852388620504,10.205314009661835,6.756575415995706,23.792270531400966,25.644122383252817,4.676596886741814,3.502415458937198,0.1878690284487386,2.636876006441224,1.1205045625335481,0.14090177133655393,,0.03354804079441761,0.013419216317767043
150,3.8580246913580245,17.371175523349436,10.25228126677402,6.716317767042405,23.698336017176597,25.637412775093935,4.770531400966184,3.5292538915727323,0.1878690284487386,2.657004830917874,1.133923778851315,0.14090177133655393,,0.03354804079441761,0.013419216317767043
151,3.8378958668813743,17.297369833601717,10.258990874932904,6.78341384863124,23.617820719269993,25.241545893719806,4.864465915190553,3.535963499731616,0.2281266774020397,2.999194847020934,1.133923778851315,0.15432098765432098,,0.03354804079441761,0.013419216317767043
152,3.8378958668813743,16.847826086956523,11.513687600644122,6.635802469135802,23.57085346215781,24.9597423510467,4.40150295222759,3.670155662909286,0.16774020397208803,3.126677402039721,1.06682769726248,0.15432098765432098,,0.03354804079441761,0.013419216317767043
153,3.8378958668813743,16.404991948470208,11.500268384326356,7.092055823939882,23.503757380568974,24.89935587761675,4.40150295222759,3.7037037037037037,0.1610305958132045,3.1870638754696725,1.0802469135802468,0.18115942028985507,,0.03354804079441761,0.013419216317767043
154,3.8378958668813743,16.404991948470208,11.486849168008588,7.300053676865271,23.362855609232422,24.872517444981213,4.320987654320987,3.7640901771336552,0.1610305958132045,3.166935050993022,1.093666129898014,0.18115942028985507,,0.03354804079441761,0.013419216317767043
155,3.7037037037037037,14.452495974235104,9.789318303811058,5.984970477724101,31.548577563070317,23.201825013419217,3.6097691894793345,3.3279656468062266,0.15432098765432098,3.0730005367686526,0.9259259259259259,0.18115942028985507,,0.03354804079441761,0.013419216317767043
156,3.6366076221148687,14.49946323134729,9.809447128287708,5.984970477724101,31.528448738593667,23.10789049919485,3.6366076221148687,3.321256038647343,0.16774020397208803,3.1468062265163717,0.9326355340848095,0.18115942028985507,,0.03354804079441761,0.013419216317767043
157,3.6366076221148687,14.439076757917338,9.782608695652174,6.092324208266238,31.709608158883523,22.86634460547504,3.549382716049383,3.5628019323671496,0.16774020397208803,3.046162104133119,0.9192163177670424,0.18115942028985507,,0.03354804079441761,0.013419216317767043
158,3.6366076221148687,14.398819108964037,9.594739667203436,6.293612453032743,31.682769726247987,22.65834675254965,3.589640365002684,3.8043478260869565,0.16774020397208803,3.026033279656468,0.9192163177670424,0.18115942028985507,,0.03354804079441761,0.013419216317767043
159,3.6366076221148687,14.237788513150832,9.668545356951155,6.213097155126141,31.622383252818036,22.638217928073,3.770799785292539,3.824476650563607,0.16774020397208803,3.0730005367686526,0.9192163177670424,0.18115942028985507,,0.03354804079441761,0.013419216317767043
160,3.6097691894793345,14.264626945786366,9.655126140633387,6.1929683306494905,31.394256575415994,22.61808910359635,3.7640901771336552,4.052603327965647,0.16774020397208803,3.113258185721954,0.9326355340848095,0.1878690284487386,,0.03354804079441761,0.013419216317767043
161,3.5829307568438002,14.217659688674182,9.648416532474503,6.139291465378422,31.07890499194847,22.6784755770263,3.978797638217928,4.274020397208803,0.16774020397208803,3.026033279656468,0.9728931830381106,0.1878690284487386,,0.03354804079441761,0.013419216317767043
162,3.5829307568438002,14.17740203972088,9.54777241009125,6.427804616210413,31.031937734836287,22.517444981213096,3.8580246913580245,4.488727858293076,0.1878690284487386,2.985775630703167,0.9594739667203436,0.1878690284487386,,0.03354804079441761,0.013419216317767043
163,3.5829307568438002,13.633923778851315,9.373322597960279,7.085346215780999,30.951422436929683,22.436929683306495,3.844605475040258,4.797369833601718,0.19457863660762212,2.9052603327965647,0.966183574879227,0.1878690284487386,,0.040257648953301126,
164,3.5829307568438002,13.627214170692431,9.373322597960279,7.132313472893183,30.9044551798175,22.403381642512077,3.8580246913580245,4.810789049919484,0.19457863660762212,2.9388083735909825,0.9393451422436929,0.19457863660762212,,0.040257648953301126,
165,3.5829307568438002,13.493022007514762,9.608158883521202,7.179280730005368,30.797101449275363,22.322866344605476,3.8311862587224907,4.8443370907139025,0.19457863660762212,2.9723564143853998,0.9393451422436929,0.19457863660762212,,0.040257648953301126,
