,45,50,52,53,51,54,57,55,56,60,58,59
0,87.16451959205583,12.835480407944177,,,,,,,,,,
1,87.13097155126141,12.869028448738593,,,,,,,,,,
2,87.14439076757917,12.855609232420827,,,,,,,,,,
3,84.5276435856146,15.042941492216855,0.4294149221685454,,,,,,,,,
4,76.72436929683306,20.645464304884594,0.41599570585077833,2.214170692431562,,,,,,,,
5,72.50402576489533,24.86580783682233,0.41599570585077833,2.214170692431562,,,,,,,,
6,70.7662372517445,22.269189479334408,0.41599570585077833,2.214170692431562,4.334406870638754,,,,,,,
7,68.27026301663983,24.765163714439076,0.41599570585077833,2.214170692431562,4.334406870638754,,,,,,,
8,68.31723027375202,24.731615673644658,0.41599570585077833,2.200751476113795,4.334406870638754,,,,,,,
9,66.03596349973162,27.073268921095007,0.41599570585077833,2.15378421900161,4.320987654320987,,,,,,,
10,41.87466451959206,53.97208803005905,,,4.1532474503489,,,,,,,
11,29.884594739667204,59.52093397745572,,,10.59447128287708,,,,,,,
12,29.938271604938272,44.806763285024154,,,25.254965110037574,,,,,,,
13,30.152979066022546,43.323939881910896,,,25.046967257112186,1.4761137949543746,,,,,,
14,30.340848094471284,43.18974771873322,,,24.993290391841118,1.3419216317767042,0.13419216317767044,,,,,
15,27.985775630703166,45.873590982286636,,,24.664519592055825,1.3419216317767042,0.13419216317767044,,,,,
16,25.369028448738593,48.691626409017715,,,24.46323134728932,1.3419216317767042,0.13419216317767044,,,,,
17,25.717928073000536,48.510466988727856,,,24.295491143317232,1.3419216317767042,0.13419216317767044,,,,,
18,23.121309715512613,51.11379495437466,,,24.174718196457327,1.3419216317767042,0.13419216317767044,0.11406333870101985,,,,
19,20.356951154052602,34.0378421900161,,,45.58507783145464,,,0.020128824476650563,,,,
20,20.625335480407944,33.95061728395062,,,45.330112721417066,,,0.020128824476650563,0.07380568974771873,,,
21,20.987654320987655,33.863392377885134,,,45.05501878690284,,,0.020128824476650563,0.07380568974771873,,,
22,21.4573268921095,33.5077831454643,,,44.826892109500804,0.11406333870101985,,0.020128824476650563,0.07380568974771873,,,
23,20.632045088566827,30.64278046162104,,,48.36285560923242,0.11406333870101985,,0.020128824476650563,0.2281266774020397,,,
24,21.095008051529792,30.52200751476114,,,47.94015029522276,0.11406333870101985,,0.020128824476650563,0.30864197530864196,,,
25,21.423778851315085,30.42807300053677,,,47.70531400966183,0.11406333870101985,,0.020128824476650563,0.30864197530864196,,,
26,22.074610842726784,29.958400429414922,0.12077294685990338,,47.40338164251208,0.11406333870101985,,0.020128824476650563,0.30864197530864196,,,
27,22.22222222222222,29.716854535695116,0.12077294685990338,0.20799785292538917,45.22275899087493,0.11406333870101985,,0.17444981213097155,2.2208803005904456,,,
28,21.618357487922705,24.315619967793882,0.0939345142243693,0.20799785292538917,44.63231347289318,6.709608158883521,,0.20128824476650564,2.2208803005904456,,,
29,21.74584004294149,24.074074074074073,0.0939345142243693,0.20799785292538917,44.39747718733226,6.884057971014493,,0.20128824476650564,2.395330112721417,,,
30,20.719269994632313,24.228395061728396,0.1878690284487386,0.20799785292538917,44.927536231884055,6.870638754696726,,0.46296296296296297,2.395330112721417,,,
31,20.39049919484702,24.731615673644658,0.17444981213097155,0.20799785292538917,43.86741814278046,6.830381105743425,,0.9326355340848095,2.8650026838432634,,,
32,20.92055823939882,24.65780998389694,0.17444981213097155,0.20799785292538917,41.8545356951154,6.78341384863124,,0.9326355340848095,4.468599033816425,,,
33,20.913848631239937,23.07434245840043,0.17444981213097155,0.20799785292538917,41.26409017713365,8.474235104669887,,1.2077294685990339,4.683306494900698,,,
34,21.517713365539453,23.027375201288244,0.17444981213097155,0.20799785292538917,40.76086956521739,8.420558239398819,,1.2077294685990339,4.683306494900698,,,
35,21.926999463231347,22.913311862587225,0.17444981213097155,0.20799785292538917,40.45222758990875,8.3064949006978,,1.2077294685990339,4.810789049919484,,,
36,22.356414385399894,22.75228126677402,0.17444981213097155,0.20799785292538917,40.103327965646805,8.28636607622115,,1.2077294685990339,4.911433172302737,,,
37,22.114868491680085,22.611379495437465,1.710950080515298,0.15432098765432098,36.66800858829844,9.138486312399356,,3.066290928609769,4.53569511540526,,,
38,22.014224369296834,22.168545356951153,1.710950080515298,1.0265700483091786,36.38620504562534,9.131776704240472,,3.052871712292002,4.508856682769726,,,
39,22.16183574879227,22.054482018250134,1.710950080515298,1.0265700483091786,36.35265700483092,9.131776704240472,,3.052871712292002,4.508856682769726,,,
40,22.14170692431562,21.591519055287172,2.395330112721417,1.0265700483091786,35.44685990338164,8.917069243156199,,3.992216854535695,4.488727858293076,,,
41,22.269189479334408,21.497584541062803,2.395330112721417,1.0265700483091786,35.28582930756844,8.917069243156199,,3.992216854535695,4.616210413311863,,,
42,22.550993022007514,21.35668276972625,1.6505636070853462,4.602791196994096,32.88378958668814,10.36634460547504,,3.8580246913580245,2.7308105206655933,,,
43,21.85990338164251,21.26274825550188,10.95679012345679,4.528985507246377,26.442565754159958,10.037573805689748,,2.8247450348899625,2.086688137412775,,,
44,22.12157809983897,21.162104133118625,9.997316156736447,4.508856682769726,26.127214170692433,10.02415458937198,0.9326355340848095,2.9388083735909825,2.187332259796028,,,
45,22.36983360171766,21.014492753623188,9.997316156736447,4.508856682769726,26.080246913580247,10.00402576489533,0.8990874932903918,2.9388083735909825,2.187332259796028,,,
46,21.77938808373591,19.424315619967793,9.96376811594203,3.8714439076757916,29.274020397208805,9.742351046698873,0.8655394524959742,2.8918411164787976,2.187332259796028,,,
47,21.162104133118625,18.94122383252818,13.996242619431026,3.8043478260869565,26.959205582393988,9.708803005904455,0.8655394524959742,2.4691358024691357,2.0933977455716586,,,
48,21.43719806763285,18.813741277509394,13.989533011272142,3.8043478260869565,26.89210950080515,9.634997316156737,0.8655394524959742,2.4691358024691357,2.0933977455716586,,,
49,21.75925925925926,18.78690284487386,13.915727321524423,3.770799785292539,26.704240472356414,9.634997316156737,0.8655394524959742,2.4691358024691357,2.0933977455716586,,,
50,21.960547504025765,18.753354804079443,13.895598497047773,3.770799785292539,26.643853998926463,9.514224369296834,1.0131508319914118,2.3550724637681157,2.0933977455716586,,,
51,22.27589908749329,18.679549114331724,13.895598497047773,3.770799785292539,26.576757917337627,9.359903381642512,1.0131508319914118,2.3550724637681157,2.073268921095008,,,
52,22.363123993558776,18.417874396135264,13.761406333870102,3.616478797638218,26.1808910359635,10.258990874932904,1.0131508319914118,2.3550724637681157,2.033011272141707,,,
53,22.81266774020397,18.250134192163177,13.741277509393452,3.6097691894793345,26.039989264626946,10.044283413848632,1.0131508319914118,2.4557165861513686,2.033011272141707,,,
54,23.26892109500805,18.14278046162104,13.687600644122384,3.5762211486849167,25.97289318303811,10.02415458937198,1.0131508319914118,2.4557165861513686,1.8585614600107354,,,
55,23.58427267847558,18.10252281266774,13.519860440150294,3.5225442834138487,25.946054750402578,10.010735373054214,1.0131508319914118,2.4557165861513686,1.8451422436929683,,,
56,24.060654857756308,17.894524959742352,13.385668276972625,3.5225442834138487,25.831991411701555,10.010735373054214,1.0131508319914118,2.4557165861513686,1.8250134192163177,,,
57,24.40955448201825,17.85426731078905,13.352120236178207,3.4420289855072466,25.811862587224905,9.970477724100913,0.8789586688137413,2.4557165861513686,1.8250134192163177,,,
58,24.228395061728396,17.800590445517983,13.331991411701557,2.4557165861513686,23.812399355877616,13.264895330112722,0.8789586688137413,2.4557165861513686,1.7713365539452497,,,
59,24.550456253354803,17.485238862050455,13.479602791196994,2.4557165861513686,23.778851315083198,13.150831991411701,0.8789586688137413,2.4490069779924855,1.7713365539452497,,,
60,25.026838432635532,17.458400429414922,13.33870101986044,2.428878153515835,23.678207192699947,12.99651100375738,0.8789586688137413,2.4221685453569513,1.7713365539452497,,,
61,25.295222758990874,17.45169082125604,13.291733762748256,2.428878153515835,23.416532474503487,12.969672571121846,0.8789586688137413,2.4154589371980677,1.8518518518518519,,,
62,25.261674718196456,16.53918411164788,13.285024154589372,3.9720880300590444,23.26892109500805,12.533548040794418,0.8789586688137413,2.408749329039184,1.8518518518518519,,,
63,25.49651100375738,16.512345679012345,13.285024154589372,3.9720880300590444,22.805958132045088,12.808641975308642,0.8789586688137413,2.395330112721417,1.8451422436929683,,,
64,25.677670424047236,16.552603327965645,13.231347289318304,3.851315083199141,22.638217928073,12.93612453032743,0.8789586688137413,2.3886205045625335,1.8451422436929683,,,
65,25.87224906065486,16.378153515834676,12.640901771336553,3.851315083199141,22.416800858829845,12.855609232420827,0.2683843263553409,3.7573805689747717,1.9592055823939882,,,
66,23.64465915190553,22.758990874932906,11.882716049382717,3.851315083199141,22.302737520128826,9.581320450885668,0.2683843263553409,3.750670960815888,1.9592055823939882,,,
67,24.08749329039184,22.624798711755233,11.882716049382717,3.851315083199141,22.014224369296834,9.561191626409018,0.2683843263553409,3.750670960815888,1.9592055823939882,,,
68,24.3894256575416,22.463768115942027,11.808910359634996,3.851315083199141,21.880032206119164,9.514224369296834,0.2683843263553409,3.864734299516908,1.9592055823939882,,,
69,24.490069779924852,22.249060654857757,12.372517444981213,3.8177670424047236,21.79951690821256,9.057971014492754,0.2683843263553409,3.9855072463768115,1.9592055823939882,,,
70,24.832259796027913,22.08132045088567,12.29200214707461,3.8177670424047236,21.732420826623724,9.01100375738057,0.39586688137412773,3.878153515834675,1.9592055823939882,,,
71,24.86580783682233,21.85319377348363,11.79549114331723,3.8177670424047236,21.20907139023081,8.997584541062801,0.39586688137412773,5.10601180891036,1.9592055823939882,,,
72,25.0402576489533,21.67874396135266,11.782071926999464,3.9519592055823938,21.034621578099838,8.943907675791733,0.39586688137412773,5.24020397208803,1.932367149758454,,,
73,24.892646269457863,20.531400966183575,11.75523349436393,3.9519592055823938,20.585077831454644,8.930488459473967,0.39586688137412773,7.024959742351046,1.932367149758454,,,
74,25.583735909822867,20.249597423510465,11.708266237251744,3.8580246913580245,20.323403113258184,8.930488459473967,0.39586688137412773,7.018250134192163,1.932367149758454,,,
75,25.650831991411703,20.169082125603865,12.171229200214707,3.8580246913580245,19.97450348899624,8.930488459473967,0.39586688137412773,6.944444444444445,1.90552871712292,,,
76,24.9597423510467,19.746376811594203,12.037037037037036,3.7909286097691894,21.390230810520666,8.856682769726248,0.39586688137412773,6.91760601180891,1.90552871712292,,,
77,25.389157273215243,19.632313472893184,11.922973698336017,3.7640901771336552,21.22920021470746,8.789586688137414,0.4830917874396135,6.884057971014493,1.90552871712292,,,
78,25.483091787439612,19.6256038647343,10.621309715512615,3.7640901771336552,21.061460010735374,10.299248523886206,0.4830917874396135,6.769994632313473,1.892109500805153,,,
79,25.91250670960816,19.45115405260333,10.587761674718196,3.7372517444981215,20.8870101986044,10.279119699409554,0.4830917874396135,6.769994632313473,1.892109500805153,,,
80,25.93263553408481,19.209608158883523,10.547504025764896,3.7104133118625873,20.813204508856682,10.02415458937198,0.4830917874396135,7.387278582930757,1.892109500805153,,,
81,25.664251207729468,18.35077831454643,12.466451959205582,3.7037037037037037,20.652173913043477,9.54777241009125,0.4830917874396135,7.300053676865271,1.8317230273752012,,,
82,26.10708534621578,18.21658615136876,12.332259796027913,3.6634460547504024,20.471014492753625,9.473966720343531,0.6239935587761675,7.27992485238862,1.8317230273752012,,,
83,26.36876006441224,18.19645732689211,12.204777241009126,3.6634460547504024,20.249597423510465,9.473966720343531,0.6239935587761675,7.387278582930757,1.8317230273752012,,,
84,26.46940418679549,17.51207729468599,12.157809983896941,3.6231884057971016,20.108695652173914,10.413311862587225,0.6239935587761675,7.25979602791197,1.8317230273752012,,,
85,26.85185185185185,17.47181964573269,12.144390767579173,3.6231884057971016,19.95437466451959,10.352925389157273,0.6239935587761675,7.179280730005368,1.7981749865807837,,,
86,26.308373590982285,16.190284487385938,12.144390767579173,3.6231884057971016,21.752549651100377,10.285829307568438,0.6239935587761675,7.273215244229737,1.7981749865807837,,,
87,26.04669887278583,15.868223295759528,12.949543746645196,5.22007514761138,21.490874932903917,9.621578099838969,0.6239935587761675,6.380837359098229,1.7981749865807837,,,
88,24.490069779924852,12.419484702093397,13.043478260869565,5.166398282340311,26.570048309178745,9.621578099838969,0.6239935587761675,6.266774020397209,1.7981749865807837,,,
89,22.363123993558776,19.47799248523886,12.895866881374127,5.166398282340311,21.87332259796028,9.561191626409018,0.6239935587761675,6.260064412238325,1.778046162104133,,,
90,22.819377348362856,19.296833064949006,12.875738056897477,5.139559849704777,21.71900161030596,9.520933977455716,0.6239935587761675,6.226516371443908,1.778046162104133,,,
91,23.242082662372518,17.632850241545892,12.822061191626409,5.12614063338701,21.39694041867955,9.520933977455716,0.6239935587761675,7.877079978529254,1.7579173376274826,,,
92,23.63123993558776,17.458400429414922,12.795222758990874,5.0791733762748255,21.3768115942029,9.4873859366613,0.6239935587761675,7.803274288781535,1.7444981213097155,,,
93,23.765432098765434,17.297369833601717,12.74825550187869,5.226784755770263,21.22920021470746,9.460547504025765,0.6239935587761675,7.803274288781535,1.7042404723564144,0.14090177133655393,,
94,23.946591519055286,17.290660225442835,12.734836285560924,5.159688674181428,21.155394524959743,9.460547504025765,0.6239935587761675,7.7831454643048845,1.7042404723564144,0.14090177133655393,,
95,24.12775093934514,17.176596886741816,12.06387546967257,5.159688674181428,21.041331186258724,10.19189479334407,0.6172839506172839,7.7831454643048845,1.6975308641975309,0.14090177133655393,,
96,24.3894256575416,17.19001610305958,12.010198604401502,5.159688674181428,20.8870101986044,10.165056360708535,0.6105743424584005,7.769726247987117,1.6774020397208802,0.14090177133655393,,
97,25.067096081588836,17.06924315619968,11.862587224906065,5.152979066022544,20.71256038647343,10.131508319914117,0.6105743424584005,7.601986044015029,1.6505636070853462,0.14090177133655393,,
98,25.288513150831992,16.881374127750938,11.788781535158346,5.152979066022544,20.645464304884594,10.104669887278583,0.6105743424584005,7.7361782071927,1.6505636070853462,0.14090177133655393,,
99,25.489801395598498,16.82769726247987,11.77536231884058,5.132850241545894,20.598497047772412,10.071121846484166,0.6105743424584005,7.7361782071927,1.6170155662909287,0.14090177133655393,,
100,25.89237788513151,16.67337627482555,11.58749329039184,5.132850241545894,20.551529790660226,10.057702630166398,0.6105743424584005,7.7361782071927,1.6170155662909287,0.14090177133655393,,
101,26.147342995169083,16.465378421900162,11.574074074074074,5.132850241545894,20.517981749865807,10.057702630166398,0.6105743424584005,7.7361782071927,1.6170155662909287,0.14090177133655393,,
102,26.402308105206657,16.378153515834676,11.540526033279656,5.059044551798175,20.46430488459474,10.057702630166398,0.6105743424584005,7.729468599033816,1.6170155662909287,0.14090177133655393,,
103,26.704240472356414,16.297638217928075,11.446591519055287,5.052334943639291,20.28985507246377,10.02415458937198,0.6105743424584005,7.816693505099302,1.6170155662909287,0.14090177133655393,,
104,25.939345142243692,14.88191089640365,11.379495437466453,4.951690821256038,22.779119699409556,9.997316156736447,0.5971551261406334,7.716049382716049,1.6170155662909287,0.14090177133655393,,
105,25.637412775093935,13.935856146001074,11.33923778851315,4.944981213097155,22.510735373054214,11.466720343531938,0.5971551261406334,7.7898550724637685,1.6371443907675791,0.14090177133655393,,
106,26.053408480944714,13.882179280730005,11.218464841653248,4.8376274825550185,22.38996242619431,11.460010735373054,0.5971551261406334,7.7831454643048845,1.6371443907675791,0.14090177133655393,,
107,26.39559849704777,13.83521202361782,11.218464841653248,4.690016103059581,22.33628556092324,11.41304347826087,0.5971551261406334,7.7831454643048845,1.5901771336553945,0.14090177133655393,,
108,26.33521202361782,13.808373590982287,11.285560923242082,4.636339237788513,21.517713365539453,11.3593666129898,0.5971551261406334,8.662104133118627,1.6572732152442298,0.14090177133655393,,
109,26.435856146001072,13.808373590982287,11.104401502952227,4.28743961352657,22.436929683306495,10.929951690821255,0.5904455179817498,8.608427267847558,1.6572732152442298,0.14090177133655393,,
110,26.596886741814277,13.754696725711218,11.09098228663446,4.28743961352657,22.363123993558776,10.909822866344605,0.5904455179817498,8.608427267847558,1.6572732152442298,0.14090177133655393,,
111,27.012882447665056,13.70101986044015,11.003757380568974,4.26731078904992,22.188674181427803,10.903113258185721,0.5904455179817498,8.53462157809984,1.6572732152442298,0.14090177133655393,,
112,24.97987117552335,15.787707997852925,10.970209339774557,4.260601180891036,22.148416532474503,10.829307568438002,0.5904455179817498,8.635265700483092,1.6572732152442298,0.14090177133655393,,
113,25.369028448738593,15.68035426731079,10.93666129898014,4.200214707461084,21.87332259796028,10.815888352120236,0.5904455179817498,8.749329039184111,1.6438539989264627,0.14090177133655393,,
114,25.523349436392916,15.599838969404187,10.909822866344605,4.200214707461084,21.81964573268921,10.849436392914654,0.5904455179817498,8.729200214707461,1.6371443907675791,0.14090177133655393,,
115,25.986312399355878,15.4723564143854,10.903113258185721,4.200214707461084,21.73913043478261,10.775630703166936,0.5636070853462157,8.581588835212024,1.6371443907675791,0.14090177133655393,,
116,26.46940418679549,15.297906602254429,10.88298443370907,4.186795491143317,21.578099838969404,10.721953837895867,0.5636070853462157,8.568169618894256,1.5901771336553945,0.14090177133655393,,
117,26.838432635534083,15.26435856146001,10.84272678475577,4.186795491143317,21.537842190016104,10.721953837895867,0.5636070853462157,8.319914117015566,1.583467525496511,0.14090177133655393,,
118,27.093397745571657,15.250939345142244,10.695115405260333,4.17337627482555,21.511003757380568,10.641438539989265,0.5636070853462157,8.246108427267847,1.583467525496511,0.14090177133655393,0.10064412238325282,
119,27.395330112721417,15.197262479871176,10.581052066559312,4.17337627482555,21.410359634997317,10.61460010735373,0.5636070853462157,8.239398819108963,1.583467525496511,0.14090177133655393,0.10064412238325282,
120,27.68384326355341,15.143585614600108,10.567632850241546,4.086151368760064,21.309715512614062,10.607890499194847,0.5636070853462157,8.21256038647343,1.583467525496511,0.14090177133655393,0.10064412238325282,
121,27.536231884057973,14.828234031132581,10.379763821792807,3.92512077294686,22.208803005904453,10.19189479334407,0.5568974771873323,8.21256038647343,1.9390767579173376,0.12077294685990338,0.10064412238325282,
122,27.82474503488996,14.714170692431562,10.339506172839506,3.92512077294686,22.114868491680085,10.178475577026301,0.5568974771873323,8.185721953837897,1.9390767579173376,0.12077294685990338,0.10064412238325282,
123,28.18035426731079,14.606816961889425,10.339506172839506,3.911701556629093,21.953837895866883,10.151637144390767,0.5568974771873323,8.13875469672571,1.9390767579173376,0.12077294685990338,0.10064412238325282,
124,28.670155662909288,14.432367149758454,10.23215244229737,3.898282340311326,21.79951690821256,10.071121846484166,0.5568974771873323,8.179012345679013,1.9390767579173376,0.12077294685990338,0.10064412238325282,
125,28.871443907675793,14.378690284487385,10.19189479334407,3.898282340311326,21.71900161030596,10.050993022007514,0.5501878690284487,8.179012345679013,1.9390767579173376,0.12077294685990338,0.10064412238325282,
126,29.200214707461082,14.325013419216317,10.19189479334407,3.878153515834675,21.55126140633387,9.970477724100913,0.5501878690284487,8.172302737520129,1.9390767579173376,0.12077294685990338,0.10064412238325282,
127,28.73054213633924,14.53972088030059,9.31964573268921,3.8311862587224907,21.40365002683843,9.936929683306495,0.46296296296296297,8.051529790660226,3.502415458937198,0.12077294685990338,0.10064412238325282,
128,28.938539989264626,14.439076757917338,9.265968867418144,3.81105743424584,21.38352120236178,10.00402576489533,0.4562533548040794,8.017981749865807,3.4621578099838968,0.12077294685990338,0.10064412238325282,
129,29.280730005367687,13.39237788513151,9.265968867418144,3.784219001610306,21.22249060654858,9.997316156736447,0.4562533548040794,8.917069243156199,3.4621578099838968,0.12077294685990338,0.10064412238325282,
130,29.421631776704242,13.365539452495975,9.252549651100376,3.784219001610306,21.108427267847556,9.923510466988727,0.4495437466451959,9.01100375738057,3.4621578099838968,0.12077294685990338,0.10064412238325282,
131,29.891304347826086,13.311862587224907,8.950617283950617,3.784219001610306,20.88030059044552,10.258990874932904,0.39586688137412773,8.84326355340848,3.4621578099838968,0.12077294685990338,0.10064412238325282,
132,30.038915727321523,13.023349436392914,8.836553945249598,3.683574879227053,20.625335480407944,10.218733225979603,0.5099302200751477,9.380032206119163,3.4621578099838968,0.12077294685990338,0.10064412238325282,
133,30.334138486312398,12.822061191626409,8.829844337090714,3.683574879227053,20.538110574342458,10.165056360708535,0.49651100375738055,9.473966720343531,3.435319377348363,0.12077294685990338,0.10064412238325282,
134,29.87788513150832,12.761674718196458,7.796564680622652,6.474771873322598,20.222758990874933,9.822866344605474,0.49651100375738055,8.890230810520666,3.435319377348363,0.12077294685990338,0.10064412238325282,
135,30.18652710681696,12.761674718196458,7.796564680622652,6.387546967257112,20.135534084809446,9.796027911969942,0.49651100375738055,8.82313472893183,3.3950617283950617,0.12077294685990338,0.10064412238325282,
136,30.26033279656468,12.754965110037574,7.722758990874933,6.340579710144928,19.85373054213634,9.856414385399892,0.49651100375738055,8.78287707997853,3.7104133118625873,0.12077294685990338,0.10064412238325282,
137,30.48845947396672,12.74825550187869,7.702630166398282,6.266774020397209,19.773215244229736,9.809447128287708,0.49651100375738055,8.78287707997853,3.7104133118625873,0.12077294685990338,0.10064412238325282,
138,30.287171229200215,12.654320987654321,7.64224369296833,5.971551261406334,18.793612453032743,12.124261943102523,0.4830917874396135,8.353462157809984,3.4688674181427803,0.12077294685990338,0.10064412238325282,
139,30.50858829844337,12.640901771336553,7.615405260332796,5.971551261406334,18.726516371443907,12.04374664519592,0.4830917874396135,8.32662372517445,3.4688674181427803,0.11406333870101985,0.10064412238325282,
140,30.689747718733226,12.600644122383253,7.615405260332796,5.9514224369296835,18.686258722490606,11.996779388083736,0.4830917874396135,8.3064949006978,3.455448201825013,0.11406333870101985,0.10064412238325282,
141,30.079173376274827,11.238593666129898,7.588566827697263,7.897208803005904,18.02871712292002,11.949812130971551,0.4830917874396135,9.158615136876007,3.361513687600644,0.11406333870101985,0.10064412238325282,
142,30.62265163714439,11.097691894793345,7.5348899624261945,7.749597423510467,17.914653784219002,11.929683306494901,0.46967257112184646,9.104938271604938,3.361513687600644,0.11406333870101985,0.10064412238325282,
143,30.69645732689211,10.621309715512615,7.4208266237251745,8.635265700483092,17.60601180891036,11.929683306494901,0.46967257112184646,9.07139023081052,3.33467525496511,0.11406333870101985,0.10064412238325282,
144,31.112453032742888,10.621309715512615,7.39398819108964,8.635265700483092,17.438271604938272,11.862587224906065,0.46967257112184646,8.917069243156199,3.33467525496511,0.11406333870101985,0.10064412238325282,
145,31.414385399892645,10.138217928073,8.192431561996779,8.729200214707461,17.20343531937735,11.594202898550725,0.4227053140096618,8.78287707997853,3.3145464304884595,0.11406333870101985,0.0939345142243693,
146,31.682769726247987,10.138217928073,8.132045088566828,8.709071390230811,17.102791196994094,11.540526033279656,0.4227053140096618,8.769457863660762,3.294417606011809,0.11406333870101985,0.0939345142243693,
147,31.964573268921097,10.11808910359635,8.004562533548041,8.709071390230811,17.07595276435856,11.191626409017713,0.4227053140096618,8.722490606548577,3.4621578099838968,0.11406333870101985,0.0939345142243693,0.12077294685990338
148,32.31347289318304,10.010735373054214,8.004562533548041,8.588298443370908,17.05582393988191,11.16478797638218,0.4227053140096618,8.675523349436393,3.435319377348363,0.11406333870101985,0.0939345142243693,0.12077294685990338
149,31.99812130971551,9.91009125067096,7.971014492753623,10.205314009661835,16.14331723027375,10.963499731615673,0.4227053140096618,8.648684916800859,3.408480944712829,0.11406333870101985,0.0939345142243693,0.12077294685990338
150,32.19269994632314,9.863123993558776,7.924047235641439,10.165056360708535,15.995705850778315,10.93666129898014,0.4227053140096618,8.78287707997853,3.388352120236178,0.11406333870101985,0.0939345142243693,0.12077294685990338
151,31.796833064949006,9.675254965110037,9.66183574879227,9.520933977455716,15.98899624261943,10.976918947933441,0.4227053140096618,8.28636607622115,3.3413848631239937,0.11406333870101985,0.0939345142243693,0.12077294685990338
152,32.407407407407405,9.581320450885668,9.554482018250134,9.406870638754697,15.874932903918411,10.748792270531402,0.4227053140096618,8.21256038647343,3.3413848631239937,0.11406333870101985,0.0939345142243693,0.24154589371980675
153,32.347020933977454,9.185453569511541,10.748792270531402,9.406870638754697,15.411969940955448,10.379763821792807,0.4227053140096618,8.3064949006978,3.3413848631239937,0.11406333870101985,0.0939345142243693,0.24154589371980675
154,32.50134192163178,9.158615136876007,10.735373054213634,9.346484165324744,15.324745034889963,10.379763821792807,0.4227053140096618,8.293075684380032,3.388352120236178,0.11406333870101985,0.0939345142243693,0.24154589371980675
155,32.809983896940416,9.057971014492754,10.628019323671497,9.346484165324744,15.190552871712292,10.473698336017177,0.4227053140096618,8.232689210950081,3.388352120236178,0.11406333870101985,0.0939345142243693,0.24154589371980675
156,32.79656468062265,8.80300590445518,11.81561996779388,8.883521202361782,15.183843263553408,10.104669887278583,0.4227053140096618,8.158883521202362,3.3816425120772946,0.11406333870101985,0.0939345142243693,0.24154589371980675
157,33.02469135802469,8.769457863660762,11.75523349436393,8.876811594202898,15.183843263553408,10.037573805689748,0.41599570585077833,8.11862587224906,3.3682232957595275,0.11406333870101985,0.0939345142243693,0.24154589371980675
158,33.360171765968865,8.742619431025227,11.735104669887278,8.809715512614064,15.042941492216855,9.98389694041868,0.41599570585077833,8.091787439613526,3.3682232957595275,0.11406333870101985,0.0939345142243693,0.24154589371980675
159,33.44068706387547,8.722490606548577,11.728395061728396,8.809715512614064,14.99597423510467,9.977187332259795,0.41599570585077833,8.091787439613526,3.3682232957595275,0.11406333870101985,0.0939345142243693,0.24154589371980675
160,32.360440150295226,8.682232957595277,13.083735909822867,10.151637144390767,14.432367149758454,9.31964573268921,0.41599570585077833,7.957595276435856,3.1468062265163717,0.11406333870101985,0.0939345142243693,0.24154589371980675
161,32.648953301127214,8.608427267847558,13.083735909822867,10.037573805689748,14.418947933440688,9.326355340848094,0.41599570585077833,7.897208803005904,3.113258185721954,0.11406333870101985,0.0939345142243693,0.24154589371980675
162,32.910628019323674,8.608427267847558,13.070316693505099,9.997316156736447,14.331723027375201,9.265968867418144,0.41599570585077833,7.843531937734836,3.1065485775630703,0.11406333870101985,0.0939345142243693,0.24154589371980675
163,32.971014492753625,8.608427267847558,13.070316693505099,9.977187332259795,14.325013419216317,9.037842190016104,0.41599570585077833,7.803274288781535,3.3413848631239937,0.11406333870101985,0.0939345142243693,0.24154589371980675
164,33.1857219538379,8.514492753623188,13.070316693505099,9.91009125067096,14.2914653784219,9.037842190016104,0.41599570585077833,7.7898550724637685,3.33467525496511,0.11406333870101985,0.0939345142243693,0.24154589371980675
165,33.53462157809984,8.494363929146537,12.895866881374127,9.796027911969942,14.278046162104133,9.01100375738057,0.41599570585077833,7.7898550724637685,3.33467525496511,0.11406333870101985,0.0939345142243693,0.24154589371980675
166,33.87010198604401,8.541331186258722,12.855609232420827,9.75577026301664,14.056629092860977,8.903650026838433,0.41599570585077833,7.75630703166935,3.408480944712829,0.10064412238325282,0.0939345142243693,0.24154589371980675
167,34.23913043478261,8.440687063875469,12.828770799785293,9.668545356951155,14.036500268384327,8.82313472893183,0.41599570585077833,7.709339774557166,3.4017713365539453,0.10064412238325282,0.0939345142243693,0.24154589371980675
168,34.68196457326892,8.3064949006978,12.828770799785293,9.655126140633387,13.674181427804616,8.548040794417606,0.41599570585077833,7.709339774557166,3.743961352657005,0.10064412238325282,0.0939345142243693,0.24154589371980675
169,35.017444981213096,8.225979602791197,12.667740203972087,9.634997316156737,13.654052603327965,8.527911969940956,0.41599570585077833,7.695920558239399,3.7238325281803544,0.10064412238325282,0.0939345142243693,0.24154589371980675
170,35.07112184648417,8.225979602791197,12.654320987654321,9.634997316156737,13.633923778851315,8.527911969940956,0.41599570585077833,7.682501341921632,3.717122920021471,0.10064412238325282,0.0939345142243693,0.24154589371980675
171,35.218733225979605,8.21256038647343,12.567096081588835,9.54777241009125,13.613794954374665,8.460815888352121,0.41599570585077833,7.682501341921632,3.844605475040258,0.10064412238325282,0.0939345142243693,0.24154589371980675
172,35.265700483091784,8.32662372517445,12.553676865271068,9.500805152979066,13.580246913580247,8.413848631239935,0.41599570585077833,7.682501341921632,3.824476650563607,0.10064412238325282,0.0939345142243693,0.24154589371980675
173,35.560923242082666,8.21256038647343,12.392646269457863,9.440418679549115,13.539989264626946,8.413848631239935,0.41599570585077833,7.890499194847021,3.69699409554482,0.10064412238325282,0.0939345142243693,0.24154589371980675
174,35.990338164251206,8.21256038647343,12.151100375738057,9.406870638754697,13.513150831991412,8.387010198604402,0.41599570585077833,7.803274288781535,3.683574879227053,0.10064412238325282,0.0939345142243693,0.24154589371980675
175,36.191626409017715,8.09849704777241,12.27187332259796,9.386741814278047,13.439345142243694,8.299785292538916,0.41599570585077833,7.803274288781535,3.656736446591519,0.10064412238325282,0.0939345142243693,0.24154589371980675
176,36.36607622114869,8.011272141706923,12.218196457326892,9.31964573268921,13.352120236178207,8.474235104669887,0.41599570585077833,7.749597423510467,3.656736446591519,0.10064412238325282,0.0939345142243693,0.24154589371980675
177,36.38620504562534,8.004562533548041,12.204777241009126,9.31964573268921,13.278314546430488,8.319914117015566,0.41599570585077833,8.017981749865807,3.616478797638218,0.10064412238325282,0.0939345142243693,0.24154589371980675
178,36.69484702093398,8.004562533548041,12.104133118625873,9.252549651100376,13.22463768115942,8.272946859903382,0.41599570585077833,7.977724100912507,3.616478797638218,0.10064412238325282,0.0939345142243693,0.24154589371980675
179,36.86929683306495,8.004562533548041,11.963231347289318,9.252549651100376,13.117283950617283,8.420558239398819,0.41599570585077833,7.9039184111647875,3.616478797638218,0.10064412238325282,0.0939345142243693,0.24154589371980675
180,36.70826623725174,8.004562533548041,11.963231347289318,9.252549651100376,13.083735909822867,8.293075684380032,0.41599570585077833,8.225979602791197,3.616478797638218,0.10064412238325282,0.0939345142243693,0.24154589371980675
181,36.89613526570049,7.977724100912507,11.936392914653783,9.23913043478261,13.083735909822867,8.293075684380032,0.41599570585077833,8.105206655931294,3.616478797638218,0.10064412238325282,0.0939345142243693,0.24154589371980675
182,35.869565217391305,7.6623725174449815,10.25228126677402,8.930488459473967,16.63311862587225,8.225979602791197,0.41599570585077833,7.971014492753623,3.603059581320451,0.10064412238325282,0.0939345142243693,0.24154589371980675
183,35.92324208266237,7.64224369296833,9.930220075147611,8.735909822866345,16.465378421900162,9.064680622651638,0.41599570585077833,7.957595276435856,3.4286097691894795,0.10064412238325282,0.0939345142243693,0.24154589371980675
184,36.05743424584004,7.62211486849168,9.849704777241008,8.722490606548577,16.465378421900162,9.064680622651638,0.41599570585077833,7.957595276435856,3.408480944712829,0.10064412238325282,0.0939345142243693,0.24154589371980675
185,36.26543209876543,7.62211486849168,9.75577026301664,8.682232957595277,16.465378421900162,9.064680622651638,0.41599570585077833,7.957595276435856,3.33467525496511,0.10064412238325282,0.0939345142243693,0.24154589371980675
186,36.40633387010199,7.62211486849168,9.71551261406334,8.668813741277509,16.42512077294686,9.064680622651638,0.4025764895330113,7.924047235641439,3.33467525496511,0.10064412238325282,0.0939345142243693,0.24154589371980675
187,36.91626409017714,7.595276435856146,9.668545356951155,8.621846484165324,16.398282340311326,8.903650026838433,0.39586688137412773,7.836822329575953,3.3279656468062266,0.10064412238325282,0.0939345142243693,0.14090177133655393
188,36.97665056360709,7.595276435856146,9.655126140633387,8.621846484165324,16.371443907675793,8.903650026838433,0.38915727321524424,7.836822329575953,3.3279656468062266,0.10064412238325282,0.08051529790660225,0.14090177133655393
189,37.003488996242616,7.555018786902845,9.762479871175524,8.621846484165324,16.35131508319914,8.856682769726248,0.38915727321524424,7.809983896940419,3.3279656468062266,0.10064412238325282,0.08051529790660225,0.14090177133655393
190,37.285292538915726,7.461084272678476,9.708803005904455,8.588298443370908,16.150026838432634,8.977455716586151,0.38915727321524424,7.7898550724637685,3.3279656468062266,0.10064412238325282,0.08051529790660225,0.14090177133655393
191,37.64090177133655,7.39398819108964,9.54777241009125,8.514492753623188,16.022544283413847,8.977455716586151,0.38915727321524424,7.863660762211487,3.3279656468062266,0.10064412238325282,0.08051529790660225,0.14090177133655393
192,37.92941492216855,7.39398819108964,9.447128287707997,8.440687063875469,15.982286634460548,8.957326892109501,0.38915727321524424,7.863660762211487,3.294417606011809,0.10064412238325282,0.06038647342995169,0.14090177133655393
193,37.7012882447665,7.387278582930757,9.16532474503489,7.39398819108964,18.035426731078903,8.950617283950617,0.38915727321524424,7.434245840042942,3.240740740740741,0.10064412238325282,0.06038647342995169,0.14090177133655393
194,38.18438003220612,7.306763285024155,8.943907675791733,7.347020933977456,17.867686527106816,8.903650026838433,0.38915727321524424,7.39398819108964,3.361513687600644,0.10064412238325282,0.06038647342995169,0.14090177133655393
195,35.68840579710145,7.306763285024155,14.452495974235104,7.159151905528717,17.767042404723565,7.206119162640902,0.1610305958132045,7.071926999463232,2.945517981749866,0.10064412238325282,,0.14090177133655393
196,35.78234031132582,7.306763285024155,14.371980676328503,7.152442297369833,17.74020397208803,7.1725711218464845,0.1610305958132045,7.051798174986581,3.0193236714975846,0.10064412238325282,,0.14090177133655393
197,35.96349973161568,7.266505636070853,14.358561460010735,7.152442297369833,17.726784755770264,7.159151905528717,0.1610305958132045,6.951154052603328,3.0193236714975846,0.10064412238325282,,0.14090177133655393
198,36.02388620504563,7.266505636070853,14.358561460010735,7.152442297369833,17.68652710681696,7.152442297369833,0.1610305958132045,6.944444444444445,3.012614063338701,0.10064412238325282,,0.14090177133655393
199,36.131239935587764,7.253086419753086,14.338432635534085,7.152442297369833,17.64626945786366,7.152442297369833,0.1610305958132045,6.796833064949007,3.126677402039721,0.10064412238325282,,0.14090177133655393
200,35.91653247450349,7.078636607622115,14.237788513150832,7.14573268921095,18.183038110574344,7.139023081052066,0.1610305958132045,6.769994632313473,3.126677402039721,0.10064412238325282,,0.14090177133655393
201,36.218464841653244,7.078636607622115,14.190821256038648,7.112184648416532,17.921363392377884,7.105475040257649,0.1610305958132045,6.756575415995706,3.2139023081052067,0.10064412238325282,,0.14090177133655393
202,36.36607622114869,7.078636607622115,14.184111647879764,7.112184648416532,17.834138486312398,7.105475040257649,0.1610305958132045,6.736446591519055,3.180354267310789,0.10064412238325282,,0.14090177133655393
203,36.66800858829844,7.024959742351046,14.076757917337627,7.092055823939882,17.814009661835748,7.024959742351046,0.1610305958132045,6.716317767042405,3.180354267310789,0.10064412238325282,,0.14090177133655393
204,36.82903918411165,7.024959742351046,13.915727321524423,7.058507783145465,17.726784755770264,7.024959742351046,0.1610305958132045,6.837090713902308,3.180354267310789,0.10064412238325282,,0.14090177133655393
205,37.104133118625874,6.977992485238862,13.902308105206655,7.0383789586688135,17.652979066022546,6.904186795491143,0.1610305958132045,6.837090713902308,3.180354267310789,0.10064412238325282,,0.14090177133655393
206,37.35909822866345,6.951154052603328,13.935856146001074,6.971282877079979,17.485238862050455,6.904186795491143,0.1610305958132045,6.837090713902308,3.1602254428341383,0.0939345142243693,,0.14090177133655393
207,37.5,6.944444444444445,13.88888888888889,6.957863660762212,17.438271604938272,6.904186795491143,0.1610305958132045,6.810252281266774,3.1602254428341383,0.0939345142243693,,0.14090177133655393
208,37.78180354267311,6.937734836285561,13.754696725711218,6.9243156199677935,17.297369833601717,6.890767579173376,0.1610305958132045,6.863929146537842,3.1535158346752548,0.0939345142243693,,0.14090177133655393
209,37.9495437466452,6.78341384863124,13.707729468599034,6.89747718733226,17.257112184648417,6.890767579173376,0.1610305958132045,6.964573268921095,3.1535158346752548,0.0939345142243693,,0.14090177133655393
210,38.27160493827161,6.716317767042405,13.707729468599034,6.89747718733226,17.062533548040793,6.890767579173376,0.1610305958132045,6.944444444444445,3.113258185721954,0.0939345142243693,,0.14090177133655393
211,38.5601180891036,6.615673644659152,13.627214170692431,7.018250134192163,16.914922168545356,6.890767579173376,0.1610305958132045,6.890767579173376,3.0864197530864197,0.0939345142243693,,0.14090177133655393
212,38.27831454643049,6.347289318303811,13.291733762748256,6.944444444444445,17.834138486312398,6.870638754696726,0.1610305958132045,6.951154052603328,3.0864197530864197,0.0939345142243693,,0.14090177133655393
213,38.459473966720346,6.340579710144928,13.231347289318304,6.810252281266774,17.673107890499196,6.944444444444445,0.1610305958132045,7.058507783145465,3.0864197530864197,0.0939345142243693,,0.14090177133655393
214,35.39318303811057,4.126409017713366,18.706387546967257,6.796833064949007,19.538378958668815,6.6827697262479875,0.30193236714975846,5.387815351583468,2.831454643048846,0.0939345142243693,,0.14090177133655393
