,45,50,51,52,53,55,54,56,57,58,60,59
0,96.91358024691358,3.0864197530864197,,,,,,,,,,
1,96.27616747181965,3.7238325281803544,,,,,,,,,,
2,93.01529790660226,6.910896403650026,0.07380568974771873,,,,,,,,,
3,92.9549114331723,6.971282877079979,0.07380568974771873,,,,,,,,,
4,92.97504025764896,6.951154052603328,0.07380568974771873,,,,,,,,,
5,92.84084809447128,7.085346215780999,0.07380568974771873,,,,,,,,,
6,92.46511003757381,7.461084272678476,0.07380568974771873,,,,,,,,,
7,92.33091787439614,7.595276435856146,0.07380568974771873,,,,,,,,,
8,92.35775630703166,7.568438003220612,0.07380568974771873,,,,,,,,,
9,90.62667740203972,9.29951690821256,0.07380568974771873,,,,,,,,,
10,90.56629092860977,9.359903381642512,0.07380568974771873,,,,,,,,,
11,88.71443907675791,11.211755233494364,0.07380568974771873,,,,,,,,,
12,84.78931830381106,15.136876006441224,0.07380568974771873,,,,,,,,,
13,84.50080515297907,15.425389157273216,0.07380568974771873,,,,,,,,,
14,84.50080515297907,15.425389157273216,0.07380568974771873,,,,,,,,,
15,71.55126140633386,23.349436392914654,0.07380568974771873,4.341116478797638,0.5837359098228664,0.10064412238325282,,,,,,
16,68.15619967793882,26.154052603327965,0.6843800322061192,4.320987654320987,0.5837359098228664,0.10064412238325282,,,,,,
17,67.98174986580784,26.227858293075684,0.6843800322061192,4.300858829844337,0.5837359098228664,0.2214170692431562,,,,,,
18,67.77375201288245,26.154052603327965,0.966183574879227,4.300858829844337,0.5837359098228664,0.2214170692431562,,,,,,
19,68.01529790660226,25.845410628019323,0.966183574879227,4.300858829844337,0.5837359098228664,0.2885131508319914,,,,,,
20,67.82071926999463,24.818840579710145,2.187332259796028,4.300858829844337,0.5837359098228664,0.2885131508319914,,,,,,
21,64.27804616210413,28.502415458937197,2.046430488459474,4.300858829844337,0.5837359098228664,0.2885131508319914,,,,,,
22,64.15727321524423,28.6231884057971,2.046430488459474,4.300858829844337,0.5837359098228664,0.2885131508319914,,,,,,
23,63.54669887278583,29.1935050993022,1.9659151905528718,4.28743961352657,0.5837359098228664,0.2885131508319914,0.13419216317767044,,,,,
24,62.265163714439076,28.327965646806227,4.1129898013955986,4.28743961352657,0.5837359098228664,0.2885131508319914,0.13419216317767044,,,,,
25,62.473161567364464,27.482555018786904,3.965378421900161,3.9318303811057436,0.5837359098228664,0.39586688137412773,1.1674718196457328,,,,,
26,62.5402576489533,27.449006977992486,3.965378421900161,3.9318303811057436,0.5837359098228664,0.39586688137412773,1.133923778851315,,,,,
27,62.5,27.509393451422437,3.9452495974235107,3.9318303811057436,0.5837359098228664,0.39586688137412773,1.133923778851315,,,,,
28,62.78851315083199,27.36849168008588,3.911701556629093,3.8043478260869565,0.5099302200751477,0.39586688137412773,1.221148684916801,,,,,
29,54.93827160493827,35.35292538915727,3.844605475040258,3.656736446591519,0.5099302200751477,0.39586688137412773,1.1540526033279657,0.14761137949543746,,,,
30,55.481749865807835,34.86312399355877,3.81105743424584,3.6500268384326353,0.5032206119162641,0.5099302200751477,1.0332796564680622,0.14761137949543746,,,,
31,37.5805152979066,57.22624798711755,1.3016639828234031,1.8115942028985508,0.5032206119162641,0.39586688137412773,1.0332796564680622,0.14761137949543746,,,,
32,34.50751476113795,52.4020397208803,4.300858829844337,1.8115942028985508,5.273752012882448,0.39586688137412773,1.1607622114868492,0.14761137949543746,,,,
33,34.78931830381106,51.972624798711756,4.300858829844337,1.8115942028985508,5.273752012882448,0.5434782608695652,1.1607622114868492,0.14761137949543746,,,,
34,32.749597423510465,54.200214707461086,4.300858829844337,1.8115942028985508,4.918142780461621,0.7112184648416533,1.1607622114868492,0.14761137949543746,,,,
35,33.12533548040794,53.92512077294686,4.300858829844337,1.8115942028985508,4.8443370907139025,0.6843800322061192,1.1607622114868492,0.14761137949543746,,,,
36,33.73590982286635,53.44873859366613,4.166666666666667,1.8115942028985508,4.8443370907139025,0.6843800322061192,1.1607622114868492,0.14761137949543746,,,,
37,33.03811057434246,52.41545893719807,4.166666666666667,3.5426731078904994,4.8443370907139025,0.6843800322061192,1.1607622114868492,0.14761137949543746,,,,
38,31.5150295222759,53.97208803005905,4.166666666666667,3.5225442834138487,4.8443370907139025,0.6843800322061192,1.1473429951690821,0.14761137949543746,,,,
39,31.816961889425656,53.65002683843264,4.1532474503489,3.4957058507783145,4.830917874396135,0.7581857219538379,1.1473429951690821,0.14761137949543746,,,,
40,31.850509930220074,52.261137949543745,4.106280193236715,3.4822866344605474,4.817498658078368,2.187332259796028,1.1473429951690821,0.14761137949543746,,,,
41,30.62265163714439,53.207192699946326,4.247181964573269,3.321256038647343,4.817498658078368,2.4892646269457863,1.1473429951690821,0.14761137949543746,,,,
42,30.56226516371444,52.703972088030056,4.17337627482555,3.8043478260869565,4.817498658078368,2.657004830917874,1.1473429951690821,0.13419216317767044,,,,
43,31.03864734299517,52.20746108427268,4.0995705850778315,3.8043478260869565,4.7101449275362315,2.804616210413312,1.1272141706924315,0.20799785292538917,,,,
44,31.608964036500268,51.7512077294686,4.03918411164788,3.8043478260869565,4.656468062265164,2.804616210413312,1.1272141706924315,0.20799785292538917,,,,
45,31.608964036500268,51.70424047235642,3.7640901771336552,4.139828234031133,4.643048845947397,2.804616210413312,1.1272141706924315,0.20799785292538917,,,,
46,31.716317767042405,51.04669887278583,3.643317230273752,4.361245303274289,4.528985507246377,2.6972624798711755,1.6639828234031133,0.20799785292538917,0.13419216317767044,,,
47,31.622383252818036,50.697799248523886,3.535963499731616,4.978529253891573,4.528985507246377,2.6301663982823404,1.6639828234031133,0.20799785292538917,0.13419216317767044,,,
48,31.76328502415459,50.47638217928073,3.502415458937198,4.8376274825550185,4.528985507246377,2.885131508319914,1.6639828234031133,0.20799785292538917,0.13419216317767044,,,
49,30.340848094471284,51.72436929683307,3.502415458937198,4.817498658078368,4.488727858293076,2.9790660225442833,1.8048845947396672,0.20799785292538917,0.13419216317767044,,,
50,30.669618894256576,51.610305958132045,3.502415458937198,4.770531400966184,4.488727858293076,2.932098765432099,1.6841116478797638,0.20799785292538917,0.13419216317767044,,,
51,30.83064949006978,51.37546967257112,3.4822866344605474,4.898013955984971,4.488727858293076,2.898550724637681,1.6841116478797638,0.20799785292538917,0.13419216317767044,,,
52,30.267042404723565,51.67740203972088,3.4286097691894795,4.643048845947397,4.575952764358561,3.3816425120772946,1.6841116478797638,0.20799785292538917,0.13419216317767044,,,
53,30.360976918947934,49.61084272678475,4.361245303274289,6.602254428341385,2.522812667740204,2.522812667740204,3.743961352657005,0.20799785292538917,0.06709608158883522,,,
54,30.535426731078903,48.82581857219538,4.3545356951154055,6.588835212023618,3.8043478260869565,2.8918411164787976,2.7241009125067097,0.20799785292538917,0.06709608158883522,,,
55,30.555555555555557,48.450080515297905,4.978529253891573,6.085614600107354,3.8043478260869565,3.126677402039721,2.7241009125067097,0.20799785292538917,0.06709608158883522,,,
56,31.00509930220075,47.91331186258722,4.951690821256038,6.038647342995169,3.7037037037037037,3.4017713365539453,2.7241009125067097,0.20799785292538917,0.05367686527106817,,,
57,31.5552871712292,47.54428341384863,4.817498658078368,6.219806763285024,3.4017713365539453,3.488996242619431,2.7106816961889426,0.20799785292538917,0.05367686527106817,,,
58,31.32716049382716,45.99436392914654,4.804079441760601,6.125872249060655,3.9452495974235107,4.898013955984971,2.509393451422437,0.3421900161030596,0.05367686527106817,,,
59,31.052066559312937,46.45061728395062,4.703435319377348,6.105743424584004,3.938539989264627,4.871175523349437,2.509393451422437,0.3153515834675255,0.05367686527106817,,,
60,31.072195383789587,45.209339774557165,4.703435319377348,7.125603864734299,3.6097691894793345,5.199946323134729,2.7643585614600106,0.3153515834675255,,,,
61,30.92458400429415,42.96833064949007,4.703435319377348,7.286634460547504,3.6097691894793345,7.50805152979066,2.690552871712292,0.30864197530864196,,,,
62,31.199677938808374,42.81400966183575,4.656468062265164,7.286634460547504,3.6097691894793345,7.501341921631776,2.623456790123457,0.30864197530864196,,,,
63,31.407675791733762,42.632850241545896,4.656468062265164,7.286634460547504,3.6097691894793345,7.4208266237251745,2.677133655394525,0.30864197530864196,,,,
64,30.54213633923779,42.2638217928073,5.897745571658615,6.870638754696726,3.7573805689747717,7.749597423510467,2.61003757380569,0.30864197530864196,,,,
65,30.71658615136876,41.99543746645196,5.897745571658615,6.293612453032743,3.770799785292539,7.722758990874933,3.294417606011809,0.17444981213097155,0.13419216317767044,,,
66,30.971551261406333,41.720343531937736,5.897745571658615,6.293612453032743,3.770799785292539,7.595276435856146,3.4420289855072466,0.17444981213097155,0.13419216317767044,,,
67,31.40096618357488,41.40499194847021,5.897745571658615,6.293612453032743,3.770799785292539,7.481213097155126,3.4420289855072466,0.17444981213097155,0.13419216317767044,,,
68,31.984702093397747,41.176865271068166,5.897745571658615,6.226516371443908,3.730542136339238,7.266505636070853,3.408480944712829,0.17444981213097155,0.13419216317767044,,,
69,32.1256038647343,41.10305958132045,5.837359098228664,6.226516371443908,3.730542136339238,7.266505636070853,3.4017713365539453,0.17444981213097155,0.13419216317767044,,,
70,32.31347289318304,40.78099838969404,5.837359098228664,6.213097155126141,3.717122920021471,7.226247987117552,3.603059581320451,0.17444981213097155,0.13419216317767044,,,
71,32.62211486849168,40.59983896940419,5.837359098228664,6.367418142780462,3.717122920021471,7.1725711218464845,3.3816425120772946,0.17444981213097155,0.1274825550187869,,,
72,32.54159957058508,39.398819108964034,5.803811057434245,6.327160493827161,3.408480944712829,7.105475040257649,5.166398282340311,0.17444981213097155,0.07380568974771873,,,
73,31.904186795491142,39.741009125067094,5.723295759527644,6.951154052603328,3.3950617283950617,6.9243156199677935,5.112721417069243,0.17444981213097155,0.07380568974771873,,,
74,32.00483091787439,39.57997852925389,5.71658615136876,6.951154052603328,3.475577026301664,6.951154052603328,5.072463768115942,0.17444981213097155,0.07380568974771873,,,
75,32.306763285024154,39.452495974235106,5.562265163714439,6.863929146537842,3.5628019323671496,6.890767579173376,5.112721417069243,0.17444981213097155,0.07380568974771873,,,
76,32.588566827697264,38.95598497047772,5.542136339237788,7.326892109500805,3.4957058507783145,6.877348362855609,4.9651100375738055,0.17444981213097155,0.07380568974771873,,,
77,32.48121309715513,38.41250670960816,5.374396135265701,7.226247987117552,4.643048845947397,6.743156199677939,4.871175523349437,0.17444981213097155,0.07380568974771873,,,
78,32.29334406870639,38.27831454643049,5.35426731078905,7.367149758454106,4.750402576489533,6.6827697262479875,5.025496511003757,0.17444981213097155,0.07380568974771873,,,
79,31.810252281266774,37.03703703703704,5.3274288781535155,7.434245840042942,4.750402576489533,8.011272141706923,5.381105743424584,0.17444981213097155,0.07380568974771873,,,
80,31.199677938808374,35.68169618894257,7.702630166398282,7.39398819108964,4.696725711218465,7.971014492753623,5.10601180891036,0.17444981213097155,0.07380568974771873,,,
81,31.66935050993022,35.48040794417606,7.6623725174449815,7.306763285024155,4.696725711218465,7.917337627482555,5.025496511003757,0.16774020397208803,0.07380568974771873,,,
82,31.80354267310789,35.25228126677402,7.6623725174449815,7.004830917874396,5.092592592592593,7.917337627482555,5.025496511003757,0.16774020397208803,0.07380568974771873,,,
83,31.280193236714975,37.7012882447665,5.709876543209877,6.830381105743425,4.9651100375738055,7.991143317230274,5.280461621041331,0.16774020397208803,0.07380568974771873,,,
84,31.4747718733226,37.4194847020934,5.662909286097692,6.696188942565755,5.0858829844337095,8.13875469672571,5.280461621041331,0.16774020397208803,0.07380568974771873,,,
85,31.28690284487386,36.11782071926999,7.648953301127214,5.421363392377885,5.065754159957058,7.447665056360709,6.769994632313473,0.16774020397208803,0.07380568974771873,,,
86,31.769994632313473,35.66156736446592,7.843531937734836,5.401234567901234,5.025496511003757,7.4006977992485234,6.6760601180891035,0.16774020397208803,0.05367686527106817,,,
87,32.058507783145465,35.547504025764894,7.843531937734836,5.401234567901234,5.025496511003757,7.286634460547504,6.615673644659152,0.16774020397208803,0.05367686527106817,,,
88,32.48121309715513,35.39318303811057,7.440955448201825,5.367686527106817,5.139559849704777,7.434245840042942,6.521739130434782,0.16774020397208803,0.05367686527106817,,,
89,32.749597423510465,35.23215244229737,7.440955448201825,5.3341384863123995,5.12614063338701,7.37385936661299,6.521739130434782,0.16774020397208803,0.05367686527106817,,,
90,32.830112721417066,34.91009125067096,7.4006977992485234,5.414653784219001,5.179817498658078,7.320182501341922,6.508319914117015,0.3824476650563607,0.05367686527106817,,,
91,31.749865807836823,32.84353193773484,7.4006977992485234,6.870638754696726,5.756843800322061,8.521202361782072,6.454643048845948,0.3488996242619431,0.05367686527106817,,,
92,31.99141170155663,32.8166935050993,7.239667203435319,6.78341384863124,5.803811057434245,8.521202361782072,6.4412238325281805,0.3488996242619431,0.05367686527106817,,,
93,31.904186795491142,32.709339774557165,8.447396672034353,6.769994632313473,4.938271604938271,8.480944712828771,6.347289318303811,0.3488996242619431,0.05367686527106817,,,
94,32.07192699946323,32.628824476650564,8.447396672034353,6.749865807836822,4.938271604938271,8.440687063875469,6.320450885668277,0.3488996242619431,0.05367686527106817,,,
95,32.43424584004294,32.32018250134192,8.353462157809984,6.870638754696726,4.931561996779388,8.393719806763285,6.293612453032743,0.3488996242619431,0.05367686527106817,,,
96,32.56172839506173,31.99812130971551,8.548040794417606,6.810252281266774,4.830917874396135,8.440687063875469,6.239935587761675,0.4227053140096618,0.14761137949543746,,,
97,32.038378958668815,31.561996779388085,8.199141170155663,6.541867954911433,8.514492753623188,6.521739130434782,6.052066559312936,0.4227053140096618,0.14761137949543746,,,
98,32.078636607622116,31.602254428341386,8.199141170155663,6.474771873322598,8.514492753623188,6.508319914117015,6.052066559312936,0.4227053140096618,0.14761137949543746,,,
99,31.95115405260333,30.743424584004295,8.172302737520129,6.394256575415996,10.768921095008052,6.521739130434782,4.99194847020934,0.30864197530864196,0.14761137949543746,,,
100,32.024959742351044,30.515297906602253,8.279656468062266,6.3070316693505095,10.507246376811594,6.521739130434782,5.132850241545894,0.30864197530864196,0.14761137949543746,0.2549651100375738,,
101,31.99812130971551,28.83118625872249,8.279656468062266,6.273483628556092,10.46027911969941,8.340042941492216,5.112721417069243,0.30193236714975846,0.14761137949543746,0.2549651100375738,,
102,32.41411701556629,28.77079978529254,8.272946859903382,5.864197530864198,10.420021470746109,8.313204508856682,5.24020397208803,0.30193236714975846,0.14761137949543746,0.2549651100375738,,
103,32.52147074610843,28.462157809983896,8.11862587224906,5.844068706387547,10.527375201288244,8.61513687600644,5.2066559312936125,0.30193236714975846,0.14761137949543746,0.2549651100375738,,
104,32.427536231884055,28.133387010198604,7.87037037037037,5.622651637144391,9.970477724100913,8.387010198604402,6.454643048845948,0.30193236714975846,0.5770263016639828,0.2549651100375738,,
105,32.83682232957595,28.032742887815353,7.809983896940419,5.481749865807837,9.903381642512077,8.387010198604402,6.427804616210413,0.30193236714975846,0.5636070853462157,0.2549651100375738,,
106,33.17230273752013,27.690552871712292,7.689210950080516,6.3070316693505095,9.292807300053678,8.279656468062266,6.595544820182502,0.2952227589908749,0.5636070853462157,0.11406333870101985,,
107,25.281803542673106,50.86553945249597,3.670155662909286,5.394524959742351,5.340848094471283,5.314009661835748,3.92512077294686,0.20799785292538917,,,,
108,25.83870101986044,50.415995705850776,3.670155662909286,5.394524959742351,5.260332796564681,5.287171229200215,3.92512077294686,0.20799785292538917,,,,
109,25.47638217928073,50.15432098765432,3.7775093934514223,6.239935587761675,4.985238862050457,5.273752012882448,3.92512077294686,0.16774020397208803,,,,
110,25.905797101449274,49.5504562533548,3.7775093934514223,6.166129898013956,4.958400429414922,5.548845947396672,3.92512077294686,0.16774020397208803,,,,
111,26.08695652173913,49.39613526570049,3.7775093934514223,6.246645195920558,4.864465915190553,5.535426731078905,3.92512077294686,0.16774020397208803,,,,
112,26.40901771336554,49.14117015566291,3.7640901771336552,6.213097155126141,4.864465915190553,5.589103596349974,3.92512077294686,0.0939345142243693,,,,
113,26.637144390767578,48.70504562533548,3.7372517444981215,6.206387546967257,4.951690821256038,5.669618894256575,3.9989264626945786,0.0939345142243693,,,,
114,27.13365539452496,47.95356951154053,3.7372517444981215,6.206387546967257,4.918142780461621,5.971551261406334,3.9855072463768115,0.0939345142243693,,,,
115,27.4020397208803,47.718733225979605,3.7372517444981215,6.1862587224906065,4.918142780461621,5.850778314546431,3.9855072463768115,0.20128824476650564,,,,
116,27.958937198067634,47.235641438539986,3.7037037037037037,6.105743424584004,4.918142780461621,5.9514224369296835,3.92512077294686,0.20128824476650564,,,,
117,28.488996242619432,46.812936124530324,3.7037037037037037,6.0587761674718195,4.904723564143854,5.904455179817498,3.92512077294686,0.20128824476650564,,,,
118,28.683574879227052,46.71900161030596,3.670155662909286,6.0587761674718195,4.891304347826087,5.850778314546431,3.92512077294686,0.20128824476650564,,,,
119,28.945249597423512,46.57139023081052,3.589640365002684,6.0587761674718195,4.891304347826087,5.8172302737520125,3.92512077294686,0.20128824476650564,,,,
120,27.690552871712292,48.329307568438004,3.569511540526033,5.877616747181965,4.683306494900698,5.8172302737520125,3.844605475040258,0.0939345142243693,0.0939345142243693,,,
121,27.32823403113258,46.69216317767042,3.5628019323671496,5.790391841116479,4.528985507246377,5.850778314546431,6.0587761674718195,0.0939345142243693,0.0939345142243693,,,
122,27.76435856146001,46.323134728931834,3.556092324208266,5.756843800322061,4.528985507246377,5.8239398819108965,6.0587761674718195,0.0939345142243693,0.0939345142243693,,,
123,28.166935050993022,45.91384863123994,3.3413848631239937,5.750134192163178,4.884594739667204,5.803811057434245,5.9514224369296835,0.0939345142243693,0.0939345142243693,,,
124,28.495705850778315,45.75952764358561,3.3413848631239937,5.71658615136876,4.884594739667204,5.790391841116479,5.8239398819108965,0.0939345142243693,0.0939345142243693,,,
125,28.33467525496511,44.0955448201825,3.3413848631239937,5.636070853462158,6.300322061191626,6.468062265163715,5.636070853462158,0.0939345142243693,0.0939345142243693,,,
126,28.549382716049383,43.92109500805153,3.535963499731616,5.4549114331723025,6.246645195920558,6.468062265163715,5.636070853462158,0.0939345142243693,0.0939345142243693,,,
127,28.71712292002147,43.545356951154055,3.535963499731616,5.414653784219001,6.239935587761675,6.615673644659152,5.750134192163178,0.0939345142243693,0.08722490606548577,,,
128,28.569511540526033,43.20987654320987,2.717391304347826,6.937734836285561,5.9514224369296835,6.810252281266774,5.622651637144391,0.0939345142243693,0.08722490606548577,,,
129,28.99892646269458,42.85426731078905,2.6838432635534084,6.689479334406871,5.9447128287707995,6.749865807836822,5.803811057434245,0.1878690284487386,0.08722490606548577,,,
130,28.891572732152444,41.79414922168545,2.657004830917874,7.796564680622652,5.931293612453032,6.729736983360172,5.924584004294149,0.1878690284487386,0.08722490606548577,,,
131,29.186795491143318,41.47879763821793,2.657004830917874,7.796564680622652,5.884326355340848,6.863929146537842,5.857487922705314,0.1878690284487386,0.08722490606548577,,,
132,29.56924315619968,41.156736446591516,2.657004830917874,7.7361782071927,5.884326355340848,6.863929146537842,5.857487922705314,0.1878690284487386,0.08722490606548577,,,
133,29.347826086956523,40.78099838969404,2.536231884057971,7.809983896940419,7.6623725174449815,7.065217391304348,4.522275899087493,0.1878690284487386,0.08722490606548577,,,
134,29.64975845410628,40.64680622651637,2.522812667740204,7.809983896940419,7.615405260332796,7.065217391304348,4.414922168545357,0.1878690284487386,0.08722490606548577,,,
135,29.931561996779386,40.425389157273216,2.522812667740204,8.091787439613526,7.37385936661299,6.884057971014493,4.408212560386473,0.1878690284487386,0.08722490606548577,,0.08722490606548577,
136,29.64975845410628,39.070048309178745,3.8580246913580245,7.96430488459474,7.300053676865271,7.246376811594203,4.549114331723027,0.1878690284487386,0.08722490606548577,,0.08722490606548577,
137,29.911433172302736,38.73456790123457,4.012345679012346,7.96430488459474,7.2933440687063875,7.246376811594203,4.4753086419753085,0.1878690284487386,0.08722490606548577,,0.08722490606548577,
138,30.07246376811594,38.54669887278583,3.9989264626945786,7.863660762211487,7.25979602791197,7.320182501341922,4.575952764358561,0.1878690284487386,0.08722490606548577,,0.08722490606548577,
139,30.35426731078905,38.28502415458937,3.9989264626945786,7.9039184111647875,7.25979602791197,7.306763285024155,4.528985507246377,0.1878690284487386,0.08722490606548577,,0.08722490606548577,
140,30.50187869028449,38.08373590982286,4.7638217928073,7.883789586688137,6.615673644659152,7.25979602791197,4.528985507246377,0.1878690284487386,0.08722490606548577,,0.08722490606548577,
141,30.48845947396672,37.8690284487386,4.9718196457326895,7.856951154052603,6.608964036500268,7.14573268921095,4.528985507246377,0.35560923242082665,0.08722490606548577,,0.08722490606548577,
142,30.246913580246915,35.07783145464305,4.9718196457326895,7.843531937734836,6.608964036500268,10.19189479334407,4.528985507246377,0.35560923242082665,0.08722490606548577,,0.08722490606548577,
143,26.84514224369297,44.7061191626409,1.7579173376274826,5.307300053676865,6.380837359098229,10.245571658615138,4.2270531400966185,0.35560923242082665,0.08722490606548577,,0.08722490606548577,
144,27.160493827160494,44.48470209339774,1.7579173376274826,5.340848094471283,6.380837359098229,10.11808910359635,3.743961352657005,0.35560923242082665,0.08722490606548577,,0.08722490606548577,0.4830917874396135
145,27.529522275899087,44.0552871712292,1.7579173376274826,5.307300053676865,6.367418142780462,10.279119699409554,3.7037037037037037,0.3421900161030596,0.08722490606548577,,0.08722490606548577,0.4830917874396135
146,27.4422973698336,43.4447128287708,2.301395598497048,5.307300053676865,6.387546967257112,10.413311862587225,3.7037037037037037,0.3421900161030596,0.08722490606548577,,0.08722490606548577,0.4830917874396135
147,27.616747181964573,43.39103596349973,2.301395598497048,5.307300053676865,6.380837359098229,10.36634460547504,3.7238325281803544,0.3421900161030596,0.08722490606548577,,0.08722490606548577,0.39586688137412773
148,27.180622651637144,41.928341384863124,2.623456790123457,5.293880837359098,6.353998926462695,12.084004294149223,3.6231884057971016,0.3421900161030596,0.08722490606548577,,0.08722490606548577,0.39586688137412773
149,27.536231884057973,41.56602254428341,2.61003757380569,5.273752012882448,6.273483628556092,12.070585077831455,3.7573805689747717,0.3421900161030596,0.08722490606548577,,0.08722490606548577,0.39586688137412773
150,27.033011272141707,41.06280193236715,4.361245303274289,4.683306494900698,6.260064412238325,11.996779388083736,3.6902844873859366,0.3421900161030596,0.08722490606548577,,0.08722490606548577,0.39586688137412773
151,27.033011272141707,41.237251744498124,4.361245303274289,4.5893719806763285,6.1929683306494905,12.157809983896941,3.6231884057971016,0.3421900161030596,0.08722490606548577,,0.08722490606548577,0.2885131508319914
152,27.462426194310254,39.04320987654321,4.327697262479871,4.5893719806763285,6.1929683306494905,13.747987117552334,3.8311862587224907,0.3421900161030596,0.08722490606548577,,0.08722490606548577,0.2885131508319914
153,27.3215244229737,38.466183574879224,4.8376274825550185,4.549114331723027,6.239935587761675,13.855340848094471,3.92512077294686,0.3421900161030596,0.08722490606548577,,0.08722490606548577,0.2885131508319914
154,27.542941492216855,38.09044551798175,4.8376274825550185,4.5960815888352125,6.541867954911433,13.66076221148685,3.92512077294686,0.3421900161030596,0.08722490606548577,,0.08722490606548577,0.2885131508319914
155,27.67042404723564,37.734836285560924,4.663177670424047,4.562533548040794,6.716317767042405,13.841921631776705,4.032474503488996,0.3421900161030596,0.06038647342995169,,0.08722490606548577,0.2885131508319914
156,27.254428341384862,36.70826623725174,4.636339237788513,4.294149221685454,6.776704240472356,12.68786902844874,6.877348362855609,0.3421900161030596,0.06038647342995169,,0.08722490606548577,0.27509393451422437
157,27.563070316693505,36.533816425120776,4.549114331723027,4.294149221685454,6.689479334406871,12.5402576489533,7.085346215780999,0.3421900161030596,0.06038647342995169,,0.08722490606548577,0.2549651100375738
158,27.677133655394524,36.06414385399893,4.549114331723027,4.26731078904992,6.763285024154589,12.667740203972087,7.266505636070853,0.3421900161030596,0.06038647342995169,,0.08722490606548577,0.2549651100375738
159,27.697262479871174,35.869565217391305,5.381105743424584,4.374664519592056,6.407675791733762,12.265163714439076,7.27992485238862,0.3421900161030596,0.06038647342995169,,0.06709608158883522,0.2549651100375738
160,27.509393451422437,34.534353193773484,5.374396135265701,4.374664519592056,6.347289318303811,10.990338164251208,9.91009125067096,0.3421900161030596,0.2952227589908749,,0.06709608158883522,0.2549651100375738
161,27.65029522275899,33.313204508856685,5.3341384863123995,4.361245303274289,6.300322061191626,12.224906065485776,9.856414385399892,0.3421900161030596,0.2952227589908749,,0.06709608158883522,0.2549651100375738
162,27.489264626945786,32.58185721953838,5.676328502415459,4.736983360171766,6.4345142243692965,12.285292538915728,9.836285560923242,0.3421900161030596,0.2952227589908749,,0.06709608158883522,0.2549651100375738
163,27.750939345142243,31.97128287707998,5.629361245303274,5.515297906602254,6.260064412238325,12.077294685990339,9.836285560923242,0.3421900161030596,0.2952227589908749,,0.06709608158883522,0.2549651100375738
164,27.938808373590984,31.53515834675255,5.629361245303274,5.488459473966721,6.246645195920558,12.372517444981213,9.829575952764358,0.3421900161030596,0.2952227589908749,,0.06709608158883522,0.2549651100375738
165,28.187063875469672,31.159420289855074,5.595813204508857,5.488459473966721,6.146001073537305,12.359098228663447,10.138217928073,0.3421900161030596,0.2952227589908749,,0.06709608158883522,0.2214170692431562
166,28.388352120236178,31.13929146537842,5.488459473966721,5.488459473966721,6.139291465378422,12.29200214707461,10.138217928073,0.3421900161030596,0.2952227589908749,,0.06709608158883522,0.2214170692431562
167,28.898282340311326,30.837359098228664,5.4616210413311865,5.475040257648954,6.112453032742888,12.151100375738057,10.138217928073,0.3421900161030596,0.2952227589908749,,0.06709608158883522,0.2214170692431562
168,28.931830381105744,30.703166935050994,5.273752012882448,5.475040257648954,6.327160493827161,12.245034889962426,10.124798711755233,0.3421900161030596,0.2885131508319914,,0.06709608158883522,0.2214170692431562
169,29.11969940955448,30.515297906602253,5.267042404723564,5.401234567901234,6.300322061191626,12.245034889962426,10.23215244229737,0.3421900161030596,0.2885131508319914,,0.06709608158883522,0.2214170692431562
170,29.07944176060118,29.944981213097154,5.267042404723564,5.381105743424584,6.421095008051529,12.050456253354804,9.943639291465379,1.3754696725711217,0.2885131508319914,,0.06709608158883522,0.18115942028985507
171,28.703703703703702,28.549382716049383,5.267042404723564,5.374396135265701,6.199677938808374,13.419216317767042,10.339506172839506,1.6103059581320451,0.2885131508319914,,0.06709608158883522,0.18115942028985507
172,28.16022544283414,27.294685990338163,5.501878690284487,6.300322061191626,5.9447128287707995,14.694041867954912,9.957058507783145,1.6103059581320451,0.2885131508319914,,0.06709608158883522,0.18115942028985507
173,28.468867418142782,27.03972088030059,5.609232420826624,6.1862587224906065,5.9447128287707995,14.700751476113794,9.903381642512077,1.6103059581320451,0.2885131508319914,,0.06709608158883522,0.18115942028985507
174,28.576221148684915,26.8719806763285,5.609232420826624,6.1862587224906065,5.9447128287707995,14.573268921095009,9.970477724100913,1.6103059581320451,0.2885131508319914,0.12077294685990338,0.06709608158883522,0.18115942028985507
175,28.83118625872249,26.77133655394525,5.736714975845411,6.072195383789587,5.931293612453032,14.459205582393988,9.930220075147611,1.6103059581320451,0.2885131508319914,0.12077294685990338,0.06709608158883522,0.18115942028985507
176,29.0727321524423,26.684111647879764,5.683038110574342,6.072195383789587,5.891035963499732,14.351851851851851,9.977187332259795,1.6103059581320451,0.2885131508319914,0.12077294685990338,0.06709608158883522,0.18115942028985507
177,29.1532474503489,26.482823403113258,5.656199677938808,6.045356951154052,6.199677938808374,14.170692431561998,10.02415458937198,1.6103059581320451,0.2885131508319914,0.12077294685990338,0.06709608158883522,0.18115942028985507
178,29.414922168545356,26.442565754159958,5.776972624798712,5.891035963499732,6.166129898013956,14.11701556629093,9.970477724100913,1.5633387010198605,0.2885131508319914,0.12077294685990338,0.06709608158883522,0.18115942028985507
179,29.64975845410628,26.167471819645733,5.776972624798712,5.870907139023081,7.85024154589372,14.083467525496511,8.61513687600644,1.5633387010198605,0.05367686527106817,0.12077294685990338,0.06709608158883522,0.18115942028985507
180,30.03220611916264,26.093666129898015,5.776972624798712,5.870907139023081,7.702630166398282,13.935856146001074,8.601717659688674,1.5633387010198605,0.05367686527106817,0.12077294685990338,0.06709608158883522,0.18115942028985507
181,30.401234567901234,25.83870101986044,5.689747718733226,5.870907139023081,7.669082125603865,13.875469672571121,8.695652173913043,1.5365002683843263,0.05367686527106817,0.12077294685990338,0.06709608158883522,0.18115942028985507
182,30.931293612453032,25.45625335480408,5.689747718733226,5.783682232957595,7.575147611379496,13.821792807300053,8.682232957595277,1.5365002683843263,0.05367686527106817,0.2214170692431562,0.06709608158883522,0.18115942028985507
183,31.253354804079443,24.610842726784757,5.636070853462158,5.662909286097692,7.521470746108427,14.76784755770263,8.608427267847558,1.5365002683843263,0.05367686527106817,0.10064412238325282,0.06709608158883522,0.18115942028985507
184,25.677670424047236,21.531132581857218,5.300590445517981,22.61808910359635,4.448470209339774,12.815351583467525,6.387546967257112,1.0064412238325282,,0.10064412238325282,0.06709608158883522,0.04696725711218465
185,25.704508856682768,21.81964573268921,5.22007514761138,22.36983360171766,4.448470209339774,12.701288244766506,6.374127750939345,1.0064412238325282,,0.24154589371980675,0.06709608158883522,0.04696725711218465
186,26.1808910359635,21.72571121846484,5.10601180891036,22.0276435856146,4.367954911433173,12.654320987654321,6.353998926462695,1.1205045625335481,0.10735373054213634,0.24154589371980675,0.06709608158883522,0.04696725711218465
187,26.10708534621578,20.73268921095008,5.35426731078905,22.73886205045625,4.341116478797638,12.560386473429952,6.320450885668277,1.221148684916801,0.2683843263553409,0.24154589371980675,0.06709608158883522,0.04696725711218465
188,26.529790660225444,20.591787439613526,5.186527106816962,22.79253891572732,4.334406870638754,12.52012882447665,6.199677938808374,1.221148684916801,0.2683843263553409,0.24154589371980675,0.06709608158883522,0.04696725711218465
189,27.086688137412775,20.52469135802469,5.0791733762748255,22.550993022007514,4.334406870638754,12.4597423510467,6.152710681696189,1.221148684916801,0.2683843263553409,0.24154589371980675,0.06709608158883522,0.013419216317767043
190,27.30810520665593,20.46430488459474,5.0791733762748255,22.50402576489533,4.314278046162104,12.365807836822329,6.152710681696189,1.221148684916801,0.2683843263553409,0.24154589371980675,0.06709608158883522,0.013419216317767043
191,27.522812667740205,20.209339774557165,5.059044551798175,22.38996242619431,4.314278046162104,12.412775093934513,6.280193236714976,1.221148684916801,0.2683843263553409,0.24154589371980675,0.06709608158883522,0.013419216317767043
192,27.945517981749866,20.12211486849168,5.059044551798175,22.020933977455716,4.28743961352657,12.399355877616747,6.125872249060655,1.221148684916801,0.5300590445517982,0.20799785292538917,0.06709608158883522,0.013419216317767043
193,27.932098765432098,20.034889962426195,5.059044551798175,22.020933977455716,4.247181964573269,12.359098228663447,6.119162640901771,1.4090177133655395,0.5300590445517982,0.20799785292538917,0.06709608158883522,0.013419216317767043
194,27.905260332796566,19.249865807836823,4.9718196457326895,22.15512614063339,4.193505099302201,12.788513150831992,6.400966183574879,1.4090177133655395,0.5300590445517982,0.20799785292538917,0.06709608158883522,0.12077294685990338
195,27.81803542673108,18.364197530864196,4.938271604938271,23.758722490606548,4.193505099302201,12.278582930756844,6.3137412775093935,1.4090177133655395,0.5300590445517982,0.20799785292538917,0.06709608158883522,0.12077294685990338
196,27.999194847020934,18.310520665593128,4.911433172302737,23.731884057971016,4.193505099302201,12.218196457326892,6.300322061191626,1.4090177133655395,0.5300590445517982,0.20799785292538917,0.06709608158883522,0.12077294685990338
197,28.24074074074074,18.169618894256576,4.911433172302737,23.658078368223297,4.180085882984434,12.104133118625873,6.400966183574879,1.4090177133655395,0.5300590445517982,0.20799785292538917,0.06709608158883522,0.12077294685990338
198,28.287707997852927,17.934782608695652,4.5893719806763285,23.557434245840042,4.180085882984434,12.27187332259796,6.763285024154589,1.4090177133655395,0.5300590445517982,0.30864197530864196,0.06709608158883522,0.10064412238325282
199,27.985775630703166,17.03569511540526,4.4753086419753085,23.8191089640365,4.1532474503489,13.352120236178207,7.018250134192163,1.4090177133655395,0.27509393451422437,0.30864197530864196,0.06709608158883522,0.10064412238325282
200,28.06629092860977,17.002147074610843,4.455179817498658,23.765432098765434,4.1532474503489,13.39237788513151,7.004830917874396,1.4090177133655395,0.27509393451422437,0.30864197530864196,0.06709608158883522,0.10064412238325282
201,28.18035426731079,16.800858829844337,4.3545356951154055,23.825818572195384,5.589103596349974,13.123993558776167,6.139291465378422,1.4090177133655395,0.27509393451422437,0.2214170692431562,0.06709608158883522,0.013419216317767043
202,28.187063875469672,16.626409017713364,4.30756843800322,24.10091250670961,5.414653784219001,13.16425120772947,6.213097155126141,1.4090177133655395,0.27509393451422437,0.2214170692431562,0.06709608158883522,0.013419216317767043
203,28.435319377348364,16.458668813741276,4.260601180891036,24.02710681696189,5.374396135265701,13.278314546430488,6.179549114331723,1.4090177133655395,0.27509393451422437,0.2214170692431562,0.06709608158883522,0.013419216317767043
204,28.69699409554482,16.29092860976919,4.253891572732153,23.886205045625335,5.367686527106817,13.217928073000536,6.179549114331723,1.5297906602254427,0.27509393451422437,0.2214170692431562,0.06709608158883522,0.013419216317767043
205,28.341384863123995,17.143048845947398,4.17337627482555,23.67149758454106,5.267042404723564,13.050187869028449,6.166129898013956,1.5297906602254427,0.27509393451422437,0.2214170692431562,0.06709608158883522,0.0939345142243693
206,28.56280193236715,17.07595276435856,4.119699409554482,23.55072463768116,5.166398282340311,12.915995705850777,6.421095008051529,1.5297906602254427,0.27509393451422437,0.2214170692431562,0.06709608158883522,0.0939345142243693
207,28.79092860976919,17.028985507246375,4.1129898013955986,23.409822866344605,5.159688674181428,12.76838432635534,6.4345142243692965,1.5297906602254427,0.3824476650563607,0.2214170692431562,0.06709608158883522,0.0939345142243693
208,28.992216854535695,16.955179817498657,4.1129898013955986,23.362855609232422,5.226784755770263,12.647611379495437,6.407675791733762,1.5297906602254427,0.3824476650563607,0.2214170692431562,0.06709608158883522,0.0939345142243693
209,29.126409017713364,16.867954911433173,4.0995705850778315,23.289049919484704,5.166398282340311,12.74825550187869,6.407675791733762,1.5297906602254427,0.3824476650563607,0.2214170692431562,0.06709608158883522,0.0939345142243693
210,29.461889425657542,16.80756843800322,4.0995705850778315,23.081052066559312,5.159688674181428,12.68786902844874,6.407675791733762,1.5297906602254427,0.3824476650563607,0.2214170692431562,0.06709608158883522,0.0939345142243693
211,29.58937198067633,16.646537842190018,4.1532474503489,22.852925389157274,5.260332796564681,12.72812667740204,6.400966183574879,1.6035963499731616,0.3824476650563607,0.2214170692431562,0.06709608158883522,0.0939345142243693
212,30.06575415995706,16.51905528717123,4.1532474503489,22.57783145464305,5.253623188405797,12.701288244766506,6.374127750939345,1.6035963499731616,0.36902844873859364,0.2214170692431562,0.06709608158883522,0.0939345142243693
213,30.213365539452496,16.465378421900162,4.1532474503489,22.530864197530864,5.199946323134729,12.640901771336553,6.286902844873859,1.6035963499731616,0.5233494363929146,0.2214170692431562,0.06709608158883522,0.0939345142243693
214,30.42807300053677,16.358024691358025,4.1532474503489,22.457058507783145,5.199946323134729,12.614063338701019,6.286902844873859,1.6035963499731616,0.5233494363929146,0.2214170692431562,0.06709608158883522,0.08722490606548577
215,30.50858829844337,16.304347826086957,4.1532474503489,22.517444981213096,5.199946323134729,12.553676865271068,6.260064412238325,1.6035963499731616,0.5233494363929146,0.2214170692431562,0.06709608158883522,0.08722490606548577
216,30.73671497584541,16.25067096081589,4.1532474503489,22.396672034353195,5.193236714975845,12.533548040794418,6.233225979602791,1.6035963499731616,0.5233494363929146,0.2214170692431562,0.06709608158883522,0.08722490606548577
217,30.9447128287708,16.284219001610307,4.119699409554482,22.04777241009125,5.152979066022544,12.734836285560924,6.213097155126141,1.6035963499731616,0.5233494363929146,0.2214170692431562,0.06709608158883522,0.08722490606548577
218,30.991680085882983,16.210413311862588,4.1129898013955986,22.034353193773484,5.152979066022544,12.68786902844874,6.320450885668277,1.5901771336553945,0.5233494363929146,0.2214170692431562,0.06709608158883522,0.08722490606548577
219,31.239935587761675,16.076221148684915,4.086151368760064,22.007514761137948,5.152979066022544,12.661030595813205,6.286902844873859,1.5901771336553945,0.5233494363929146,0.2214170692431562,0.06709608158883522,0.08722490606548577
220,30.870907139023082,16.53918411164788,4.032474503488996,22.725442834138487,4.931561996779388,12.493290391841116,5.790391841116479,1.5767579173376274,0.7313472893183038,0.15432098765432098,0.06709608158883522,0.08722490606548577
221,31.199677938808374,16.485507246376812,4.012345679012346,22.52415458937198,4.904723564143854,12.365807836822329,5.743424584004294,1.737788513150832,0.7179280730005367,0.15432098765432098,0.06709608158883522,0.08722490606548577
222,31.340579710144926,16.29092860976919,4.052603327965647,22.363123993558776,4.891304347826087,12.593934514224369,5.736714975845411,1.710950080515298,0.7179280730005367,0.14761137949543746,0.06709608158883522,0.08722490606548577
