,45,50,55,51,54,53,52,56,57
0,83.09849704777241,16.57944176060118,0.322061191626409,,,,,,
1,80.42807300053677,19.249865807836823,0.322061191626409,,,,,,
2,74.50348899624262,25.174449812130973,0.322061191626409,,,,,,
3,74.53032742887815,25.147611379495437,0.322061191626409,,,,,,
4,68.69296833064949,30.9849704777241,0.322061191626409,,,,,,
5,68.71980676328502,30.95813204508857,0.322061191626409,,,,,,
6,58.48094471282877,40.9621578099839,0.5568974771873323,,,,,,
7,53.62989801395599,37.895866881374126,0.2147074610842727,7.96430488459474,0.2952227589908749,,,,
8,53.38164251207729,37.68786902844874,0.2147074610842727,7.306763285024155,0.2952227589908749,1.1137949543746646,,,
9,53.69028448738594,37.473161567364464,0.2147074610842727,7.212828770799785,0.2952227589908749,1.1137949543746646,,,
10,53.83118625872249,37.03703703703704,0.5099302200751477,7.212828770799785,0.2952227589908749,1.1137949543746646,,,
11,53.98550724637681,36.9296833064949,0.5099302200751477,7.185990338164252,0.2952227589908749,1.093666129898014,,,
12,53.90499194847021,34.01100375738057,0.5099302200751477,10.185185185185185,0.2952227589908749,1.093666129898014,,,
13,50.36231884057971,38.848631239935585,0.5099302200751477,8.997584541062801,0.2952227589908749,0.9863123993558777,,,
14,46.91358024691358,42.29736983360172,0.5099302200751477,8.997584541062801,0.2952227589908749,0.9863123993558777,,,
15,46.98067632850242,41.86795491143317,0.7313472893183038,8.977455716586151,0.4294149221685454,1.0131508319914118,,,
16,47.04106280193237,40.87493290391841,0.7313472893183038,8.977455716586151,0.4294149221685454,1.0131508319914118,0.9326355340848095,,
17,45.7662372517445,40.61325818572195,0.7313472893183038,10.513955984970478,0.4294149221685454,1.0131508319914118,0.9326355340848095,,
18,44.04857756307032,38.687600644122384,0.7313472893183038,14.170692431561998,0.4294149221685454,1.0131508319914118,0.9192163177670424,,
19,42.62614063338701,36.70155662909286,0.7313472893183038,17.579173376274827,0.4294149221685454,1.0131508319914118,0.9192163177670424,,
20,42.579173376274824,36.32581857219538,0.7313472893183038,17.559044551798173,0.8722490606548577,1.0131508319914118,0.9192163177670424,,
21,42.74691358024691,36.198336017176594,0.8990874932903918,17.351046698872786,0.8722490606548577,1.0131508319914118,0.9192163177670424,,
22,39.76784755770263,39.62694578636608,0.8655394524959742,16.935050993022006,0.8722490606548577,1.0131508319914118,0.9192163177670424,,
23,39.91545893719807,39.53972088030059,0.8655394524959742,16.874664519592056,0.8722490606548577,1.0131508319914118,0.9192163177670424,,
24,38.43263553408481,41.035963499731615,0.8655394524959742,16.874664519592056,0.8588298443370908,1.0131508319914118,0.9192163177670424,,
25,35.245571658615134,41.646537842190014,0.8655394524959742,18.5252281266774,0.8588298443370908,1.3352120236178207,1.5230810520665594,,
26,35.40660225442834,41.49892646269458,0.8655394524959742,18.5252281266774,0.8588298443370908,1.3217928073000538,1.5230810520665594,,
27,32.78314546430489,44.12238325281803,0.8655394524959742,18.5252281266774,0.8588298443370908,1.3217928073000538,1.5230810520665594,,
28,29.69001610305958,46.15539452495974,0.8655394524959742,19.685990338164252,0.7581857219538379,1.3217928073000538,1.5230810520665594,,
29,23.698336017176597,58.41384863123994,1.7444981213097155,14.2914653784219,1.1003757380568975,0.5568974771873323,0.19457863660762212,,
30,23.731884057971016,57.26650563607085,1.7444981213097155,13.989533011272142,2.7241009125067097,0.3488996242619431,0.19457863660762212,,
31,23.691626409017715,54.36124530327429,1.710950080515298,13.922436929683306,2.7241009125067097,0.3488996242619431,3.240740740740741,,
32,23.872785829307567,54.032474503489,1.710950080515298,14.888620504562533,1.247987117552335,1.0064412238325282,3.240740740740741,,
33,23.711755233494365,49.73161567364466,1.710950080515298,19.008319914117017,1.1272141706924315,1.4694041867954912,3.240740740740741,,
34,23.658078368223297,49.63768115942029,1.710950080515298,18.61916264090177,1.1272141706924315,1.4224369296833066,3.824476650563607,,
35,23.05421363392378,47.638217928073,1.710950080515298,18.511808910359633,1.1272141706924315,4.133118625872249,3.824476650563607,,
36,22.839506172839506,47.25577026301664,1.710950080515298,19.135802469135804,1.1003757380568975,4.133118625872249,3.824476650563607,,
37,22.69189479334407,42.21685453569511,1.751207729468599,19.122383252818036,1.0466988727858293,9.346484165324744,3.824476650563607,,
38,22.7187332259796,42.210144927536234,1.751207729468599,19.122383252818036,1.0466988727858293,9.326355340848094,3.824476650563607,,
39,21.007783145464305,40.653515834675254,1.751207729468599,23.15485775630703,0.9057971014492754,9.286097691894794,3.240740740740741,,
40,20.283145464304884,39.26462694578637,1.751207729468599,28.5426731078905,0.9057971014492754,9.057971014492754,0.19457863660762212,,
41,20.33011272141707,38.33199141170156,1.751207729468599,29.468599033816425,0.9057971014492754,9.017713365539452,0.19457863660762212,,
42,15.378421900161031,43.894256575415994,1.751207729468599,29.1129898013956,0.9057971014492754,8.76274825550188,0.19457863660762212,,
43,15.754159957058508,43.63929146537842,1.751207729468599,28.468867418142782,0.8655394524959742,7.561728395061729,1.9592055823939882,,
44,15.96886741814278,43.605743424584006,1.751207729468599,28.287707997852927,0.8655394524959742,7.561728395061729,1.9592055823939882,,
45,15.754159957058508,41.94176060118089,1.5163714439076759,27.730810520665592,0.5636070853462157,7.467793880837359,5.025496511003757,,
46,15.68035426731079,41.659957058507786,1.5163714439076759,25.127482555018787,0.5636070853462157,7.467793880837359,7.930756843800322,0.05367686527106817,
47,15.646806226516372,39.90874932903918,1.5163714439076759,25.07380568974772,0.5636070853462157,9.306226516371444,7.930756843800322,0.05367686527106817,
48,15.58641975308642,35.44685990338164,1.4895330112721417,28.515834675254965,3.81105743424584,7.199409554482019,7.897208803005904,0.05367686527106817,
49,15.613258185721953,35.42002147074611,1.4895330112721417,29.428341384863124,3.81105743424584,7.199409554482019,6.984702093397746,0.05367686527106817,
50,15.767579173376275,35.42002147074611,1.4895330112721417,29.274020397208805,3.81105743424584,7.199409554482019,6.984702093397746,0.05367686527106817,
51,15.921900161030596,35.33279656468062,1.4895330112721417,28.153515834675254,3.81105743424584,7.199409554482019,8.038110574342458,0.05367686527106817,
52,15.579710144927537,34.76247987117552,1.4895330112721417,29.086151368760063,4.723564143853999,7.199409554482019,7.105475040257649,0.05367686527106817,
53,15.72061191626409,34.675254965110035,1.4895330112721417,29.032474503488995,4.723564143853999,7.199409554482019,7.105475040257649,0.05367686527106817,
54,15.827965646806227,34.675254965110035,1.4895330112721417,28.992216854535695,4.676596886741814,7.179280730005368,7.105475040257649,0.05367686527106817,
55,16.129898013955984,34.675254965110035,1.482823403113258,28.69699409554482,4.676596886741814,7.179280730005368,7.105475040257649,0.05367686527106817,
56,16.25738056897477,34.594739667203434,1.482823403113258,27.865002683843265,4.656468062265164,8.064949006977992,7.078636607622115,,
57,16.364734299516908,34.5276435856146,1.482823403113258,27.82474503488996,4.656468062265164,8.064949006977992,7.078636607622115,,
58,16.21712292002147,34.312936124530324,1.482823403113258,29.374664519592056,4.5960815888352125,8.064949006977992,5.9514224369296835,,
59,15.331454643048845,31.99141170155663,1.482823403113258,27.428878153515836,5.8239398819108965,12.016908212560386,5.924584004294149,,
60,13.942565754159958,19.28341384863124,1.482823403113258,43.02871712292002,4.891304347826087,11.641170155662909,5.730005367686527,,
61,13.996242619431026,19.28341384863124,1.482823403113258,42.98845947396672,4.891304347826087,11.627750939345143,5.730005367686527,,
62,14.110305958132045,19.28341384863124,1.4694041867954912,42.961621041331185,4.891304347826087,11.58749329039184,5.6964573268921095,,
63,13.20450885668277,16.33118625872249,2.13365539452496,40.5126140633387,4.502147074610843,9.158615136876007,14.15727321524423,,
64,12.775093934514224,15.445517981749866,2.13365539452496,47.758990874932906,3.784219001610306,6.541867954911433,11.560654857756306,,
65,12.788513150831992,15.432098765432098,2.13365539452496,47.758990874932906,3.784219001610306,6.541867954911433,11.560654857756306,,
66,12.942834138486312,15.432098765432098,2.254428341384863,45.48443370907139,5.857487922705314,6.528448738593666,11.500268384326356,,
67,13.070316693505099,15.432098765432098,2.254428341384863,45.189210950080515,6.125872249060655,6.521739130434782,11.406333870101985,,
68,13.20450885668277,15.291196994095545,2.254428341384863,42.3040794417606,6.125872249060655,6.521739130434782,14.298174986580785,,
69,13.506441223832528,15.271068169618895,2.2074610842726785,42.210144927536234,6.125872249060655,6.521739130434782,14.15727321524423,,
70,13.56682769726248,11.990069779924852,2.1806226516371443,46.16881374127751,6.112453032742888,6.521739130434782,13.459473966720344,,
71,13.714439076757918,11.869296833064949,2.1806226516371443,46.141975308641975,6.112453032742888,6.521739130434782,13.459473966720344,,
72,13.79495437466452,11.600912506709609,2.1604938271604937,48.59769189479334,6.112453032742888,4.274020397208803,13.459473966720344,,
73,14.002952227589908,11.54723564143854,3.2004830917874396,47.22222222222222,6.092324208266238,4.274020397208803,13.43263553408481,0.2281266774020397,
74,13.352120236178207,10.359634997316157,2.4825550187869028,45.209339774557165,5.709876543209877,9.326355340848094,13.331991411701557,0.2281266774020397,
75,13.345410628019323,10.285829307568438,2.4825550187869028,45.189210950080515,5.709876543209877,9.440418679549115,13.318572195383789,0.2281266774020397,
76,13.573537305421363,10.285829307568438,2.4825550187869028,45.04159957058508,5.656199677938808,9.440418679549115,13.291733762748256,0.2281266774020397,
77,14.224369296833064,9.534353193773484,3.603059581320451,44.7061191626409,5.5756843800322065,9.05126140633387,13.077026301663983,0.2281266774020397,
78,13.976113794954374,9.50751476113795,3.2675791733762747,46.67203435319377,5.5756843800322065,8.769457863660762,12.157809983896941,0.07380568974771873,
79,14.278046162104133,9.50751476113795,3.2675791733762747,46.47074610842727,5.5756843800322065,8.668813741277509,12.157809983896941,0.07380568974771873,
80,14.439076757917338,9.453837895866881,3.0864197530864197,46.3768115942029,5.743424584004294,8.668813741277509,12.157809983896941,0.07380568974771873,
81,14.512882447665056,9.453837895866881,3.0864197530864197,45.71926999463231,5.743424584004294,8.648684916800859,12.104133118625873,0.7313472893183038,
82,14.512882447665056,8.769457863660762,3.0864197530864197,42.914653784219,5.649490069779925,10.809178743961352,13.526570048309178,0.7313472893183038,
83,14.298174986580785,8.340042941492216,3.8714439076757916,42.31749865807837,5.595813204508857,10.809178743961352,14.036500268384327,0.7313472893183038,
84,14.184111647879764,6.561996779388084,2.844873859366613,41.156736446591516,5.139559849704777,11.674718196457327,17.70665593129361,0.7313472893183038,
85,14.204240472356414,6.561996779388084,2.7241009125067097,45.98094471282877,3.374932903918411,8.957326892109501,17.70665593129361,0.48980139559849706,
86,14.244498121309716,6.5552871712292005,2.7241009125067097,45.819914117015564,3.374932903918411,8.957326892109501,17.673107890499196,0.6508319914117016,
87,12.661030595813205,8.192431561996779,2.2745571658615136,44.31025228126678,3.374932903918411,8.957326892109501,19.578636607622116,0.6508319914117016,
88,13.030059044551798,8.192431561996779,2.2745571658615136,43.94122383252818,3.374932903918411,8.957326892109501,19.578636607622116,0.6508319914117016,
89,12.533548040794418,8.172302737520129,2.7844873859366612,43.86741814278046,3.7909286097691894,8.917069243156199,19.51154052603328,0.4227053140096618,
90,12.52012882447665,8.017981749865807,2.7844873859366612,44.06199677938808,3.7775093934514223,8.917069243156199,19.49812130971551,0.4227053140096618,
91,12.620772946859903,8.017981749865807,2.7844873859366612,44.03515834675255,3.743961352657005,8.903650026838433,19.47128287707998,0.4227053140096618,
92,12.68786902844874,7.9039184111647875,2.952227589908749,37.453032742887814,3.743961352657005,8.903650026838433,25.93263553408481,0.4227053140096618,
93,12.855609232420827,7.843531937734836,2.368491680085883,41.42512077294686,3.743961352657005,8.903650026838433,22.69860440150295,0.1610305958132045,
94,12.889157273215245,7.7898550724637685,2.368491680085883,41.40499194847021,4.03918411164788,8.903650026838433,22.443639291465377,0.1610305958132045,
95,13.063607085346217,7.7831454643048845,2.368491680085883,41.26409017713365,4.03918411164788,8.876811594202898,22.443639291465377,0.1610305958132045,
96,13.137412775093935,7.763016639828234,2.368491680085883,38.73456790123457,3.965378421900161,11.58749329039184,22.282608695652176,0.1610305958132045,
97,13.271604938271604,7.763016639828234,2.368491680085883,38.6808910359635,3.965378421900161,11.58749329039184,22.20209339774557,0.1610305958132045,
98,13.479602791196994,7.749597423510467,2.368491680085883,36.9699409554482,3.965378421900161,11.56736446591519,23.738593666129898,0.1610305958132045,
99,13.56682769726248,7.7361782071927,2.368491680085883,36.761943102522814,4.2203435319377345,11.560654857756306,23.62453032742888,0.1610305958132045,
100,13.707729468599034,7.7361782071927,2.368491680085883,36.68813741277509,4.528985507246377,11.285560923242082,23.523886205045624,0.1610305958132045,
101,13.92914653784219,7.709339774557166,2.368491680085883,36.553945249597426,4.528985507246377,11.258722490606548,23.49033816425121,0.1610305958132045,
102,13.902308105206655,7.709339774557166,2.368491680085883,35.71524422973698,4.51556629092861,11.258722490606548,22.094739667203434,2.4355877616747184,
103,14.204240472356414,7.709339774557166,2.368491680085883,35.49382716049383,4.51556629092861,11.238593666129898,22.034353193773484,2.4355877616747184,
104,14.492753623188406,14.74771873322598,2.368491680085883,32.8166935050993,4.51556629092861,6.9243156199677935,21.69887278582931,2.4355877616747184,
105,14.090177133655395,14.687332259796028,2.368491680085883,33.313204508856685,4.51556629092861,6.9243156199677935,21.66532474503489,2.4355877616747184,
106,11.889425657541599,13.7211486849168,2.167203435319377,42.82742887815352,3.8177670424047236,7.206119162640902,16.834406870638755,1.5365002683843263,
107,12.00348899624262,13.674181427804616,2.167203435319377,42.210144927536234,4.032474503488996,7.199409554482019,17.485238862050455,1.2278582930756843,
108,11.829039184111648,13.097155126140633,2.167203435319377,44.0552871712292,3.2742887815351582,6.863929146537842,17.485238862050455,1.2278582930756843,
109,12.00348899624262,13.097155126140633,2.167203435319377,43.96806226516372,3.2742887815351582,6.843800322061192,17.418142780461622,1.2278582930756843,
110,12.385936661298981,13.097155126140633,2.167203435319377,43.63258185721954,3.2742887815351582,6.843800322061192,17.371175523349436,1.2278582930756843,
111,12.573805689747719,12.949543746645196,2.167203435319377,43.585614600107355,3.0931293612453032,5.998389694041868,18.417874396135264,1.2144390767579174,
112,12.546967257112184,12.949543746645196,2.167203435319377,43.37090713902308,3.0931293612453032,6.300322061191626,18.357487922705314,1.2144390767579174,
113,12.654320987654321,12.909286097691895,2.15378421900161,43.31723027375201,3.0931293612453032,6.300322061191626,18.357487922705314,1.2144390767579174,
114,12.701288244766506,12.909286097691895,2.7643585614600106,42.659688674181425,3.0931293612453032,6.300322061191626,18.357487922705314,1.2144390767579174,
115,12.915995705850777,12.909286097691895,2.7643585614600106,42.49194847020934,3.0931293612453032,6.300322061191626,18.310520665593128,1.2144390767579174,
116,12.869028448738593,12.855609232420827,2.7643585614600106,40.17042404723564,6.387546967257112,6.300322061191626,17.465110037573805,1.1876006441223832,
117,13.123993558776167,12.855609232420827,2.7643585614600106,39.88191089640365,6.374127750939345,6.1929683306494905,17.45169082125604,1.3553408480944713,
118,12.922705314009661,10.876274825550189,2.7643585614600106,42.16317767042405,6.360708534621578,6.146001073537305,17.45169082125604,1.3150831991411702,
119,12.99651100375738,10.876274825550189,2.7643585614600106,42.1027911969941,6.360708534621578,6.146001073537305,17.438271604938272,1.3150831991411702,
120,13.16425120772947,10.815888352120236,2.7643585614600106,42.0222758990875,6.333870101986044,6.146001073537305,17.438271604938272,1.3150831991411702,
121,13.070316693505099,10.238862050456254,2.6972624798711755,41.56602254428341,6.239935587761675,7.434245840042942,17.438271604938272,1.3150831991411702,
122,13.238056897477188,7.608695652173913,2.0397208803005906,39.54643048845947,5.776972624798712,6.716317767042405,23.758722490606548,1.3150831991411702,
123,13.305152979066023,7.608695652173913,2.0397208803005906,39.512882447665056,5.776972624798712,6.6827697262479875,23.758722490606548,1.3150831991411702,
124,13.177670424047236,4.414922168545357,2.0397208803005906,38.96269457863661,9.789318303811058,6.6827697262479875,23.617820719269993,1.3150831991411702,
125,13.345410628019323,4.414922168545357,3.294417606011809,38.96269457863661,9.702093397745571,6.6760601180891035,22.289318303811058,1.3150831991411702,
126,13.862050456253355,4.414922168545357,3.2742887815351582,37.265163714439076,9.856414385399892,8.07836822329576,21.93370907139023,1.3150831991411702,
127,13.828502415458937,4.38137412775094,3.2675791733762747,36.312399355877616,9.708803005904455,9.353193773483628,21.833064949006978,1.3150831991411702,
128,14.13714439076758,4.38137412775094,3.140096618357488,36.22517444981213,9.708803005904455,9.29951690821256,21.792807300053678,1.3150831991411702,
129,14.090177133655395,4.38137412775094,3.1199677938808374,35.507246376811594,10.587761674718196,9.252549651100376,21.74584004294149,1.3150831991411702,
130,14.170692431561998,4.38137412775094,3.1199677938808374,35.45356951154053,10.57434245840043,9.252549651100376,21.73913043478261,1.3083735909822867,
131,14.351851851851851,4.361245303274289,3.1199677938808374,35.37976382179281,10.520665593129362,9.225711218464841,21.732420826623724,1.3083735909822867,
132,12.775093934514224,3.8311862587224907,2.368491680085883,43.67283950617284,9.353193773483628,8.78287707997853,17.726784755770264,1.3083735909822867,0.18115942028985507
133,12.848899624261943,3.824476650563607,2.368491680085883,43.39103596349973,9.353193773483628,8.78287707997853,17.69994632313473,1.5499194847020934,0.18115942028985507
134,13.372249060654857,3.824476650563607,2.368491680085883,43.01529790660226,9.333064949006978,8.655394524959743,17.69994632313473,1.5499194847020934,0.18115942028985507
135,13.687600644122384,3.797638217928073,2.368491680085883,42.954911433172306,10.044283413848632,8.541331186258722,16.874664519592056,1.5499194847020934,0.18115942028985507
136,12.607353730542137,3.797638217928073,2.368491680085883,47.16854535695116,9.125067096081589,6.756575415995706,16.445249597423512,1.5499194847020934,0.18115942028985507
137,12.714707461084272,3.797638217928073,2.368491680085883,47.134997316156735,9.125067096081589,6.756575415995706,16.371443907675793,1.5499194847020934,0.18115942028985507
138,12.694578636607622,3.6097691894793345,2.187332259796028,47.034353193773484,10.010735373054214,6.716317767042405,16.015834675254965,1.5499194847020934,0.18115942028985507
139,12.922705314009661,3.6097691894793345,2.187332259796028,46.97396672034353,9.98389694041868,6.716317767042405,15.975577026301664,1.4492753623188406,0.18115942028985507
140,13.003220611916264,3.6097691894793345,1.9927536231884058,48.087761674718195,9.373322597960279,6.595544820182502,15.707192699946322,1.4492753623188406,0.18115942028985507
141,13.352120236178207,3.6097691894793345,1.9927536231884058,47.94685990338164,9.373322597960279,6.521739130434782,15.573000536768653,1.4492753623188406,0.18115942028985507
142,13.45276435856146,3.5963499731615673,1.9793344068706387,47.87305421363392,9.373322597960279,6.521739130434782,15.573000536768653,1.4492753623188406,0.18115942028985507
143,13.45276435856146,3.5963499731615673,1.9793344068706387,47.87305421363392,9.373322597960279,6.521739130434782,15.573000536768653,1.4492753623188406,0.18115942028985507
144,13.499731615673644,3.408480944712829,1.9793344068706387,48.611111111111114,9.50751476113795,5.864197530864198,15.499194847020934,1.4492753623188406,0.18115942028985507
145,13.580246913580247,3.408480944712829,1.9793344068706387,48.57756307031669,9.50751476113795,5.8239398819108965,15.49248523886205,1.4492753623188406,0.18115942028985507
146,13.687600644122384,3.4017713365539453,1.9793344068706387,48.36285560923242,9.494095544820183,5.810520665593129,15.485775630703166,1.596886741814278,0.18115942028985507
147,13.298443370907139,3.4017713365539453,1.9793344068706387,49.35587761674718,9.494095544820183,5.562265163714439,15.13016639828234,1.596886741814278,0.18115942028985507
148,13.486312399355878,3.3950617283950617,1.9793344068706387,49.241814278046164,9.473966720343531,5.548845947396672,15.103327965646805,1.5901771336553945,0.18115942028985507
149,12.634192163177671,3.3950617283950617,1.7579173376274826,54.25389157273215,7.75630703166935,4.260601180891036,14.083467525496511,1.3217928073000538,0.5367686527106817
150,12.835480407944177,3.3950617283950617,1.7579173376274826,54.0727321524423,7.75630703166935,4.260601180891036,14.076757917337627,1.3083735909822867,0.5367686527106817
151,13.009930220075148,3.388352120236178,1.7579173376274826,53.92512077294686,7.75630703166935,4.240472356414386,14.076757917337627,1.3083735909822867,0.5367686527106817
152,13.137412775093935,3.307836822329576,1.7310789049919484,52.462426194310254,7.581857219538379,4.2203435319377345,15.713902308105206,1.3083735909822867,0.5367686527106817
153,13.43263553408481,3.307836822329576,1.7310789049919484,52.38862050456253,7.360440150295223,4.2203435319377345,15.713902308105206,1.3083735909822867,0.5367686527106817
154,13.399087493290391,3.294417606011809,1.7310789049919484,50.38915727321525,7.360440150295223,6.273483628556092,15.707192699946322,1.3083735909822867,0.5367686527106817
155,13.479602791196994,3.294417606011809,1.7310789049919484,50.335480407944175,7.360440150295223,6.246645195920558,15.707192699946322,1.3083735909822867,0.5367686527106817
156,13.519860440150294,3.2877079978529253,1.7310789049919484,50.275093934514224,7.347020933977456,6.246645195920558,14.9020397208803,1.3083735909822867,1.3821792807300053
157,13.694310252281268,3.2742887815351582,1.7310789049919484,50.1610305958132,7.306763285024155,6.246645195920558,14.895330112721417,1.3083735909822867,1.3821792807300053
158,13.801663982823403,3.2742887815351582,2.147074610842727,49.91277509393451,7.2933440687063875,6.246645195920558,14.774557165861514,1.1674718196457328,1.3821792807300053
159,13.902308105206655,3.2742887815351582,2.147074610842727,49.85238862050456,7.253086419753086,6.246645195920558,14.774557165861514,1.1674718196457328,1.3821792807300053
160,13.862050456253355,3.2474503488996245,2.147074610842727,49.43639291465379,7.253086419753086,6.743156199677939,14.76784755770263,1.1674718196457328,1.3754696725711217
161,13.935856146001074,3.2474503488996245,2.147074610842727,49.362587224906065,7.253086419753086,6.743156199677939,14.76784755770263,1.1674718196457328,1.3754696725711217
162,14.096886741814279,3.2474503488996245,2.147074610842727,49.23510466988728,7.226247987117552,6.743156199677939,14.761137949543746,1.1674718196457328,1.3754696725711217
163,13.83521202361782,2.7844873859366612,2.120236178207193,50.10735373054214,7.199409554482019,6.608964036500268,14.801395598497047,1.1674718196457328,1.3754696725711217
164,13.788244766505636,2.7844873859366612,2.120236178207193,50.07380568974772,7.199409554482019,6.588835212023618,14.9020397208803,1.1674718196457328,1.3754696725711217
165,13.976113794954374,2.7844873859366612,2.120236178207193,50.0,7.199409554482019,6.582125603864735,14.794685990338165,1.1674718196457328,1.3754696725711217
166,14.163982823403114,2.6167471819645733,2.120236178207193,48.289049919484704,6.816961889425658,8.655394524959743,14.794685990338165,1.1674718196457328,1.3754696725711217
167,14.371980676328503,2.6167471819645733,2.120236178207193,48.16156736446592,6.816961889425658,8.635265700483092,14.734299516908212,1.1674718196457328,1.3754696725711217
168,13.694310252281268,2.073268921095008,2.442297369833602,51.670692431561996,6.3070316693505095,7.0450885668276975,14.251207729468598,1.1406333870101986,1.3754696725711217
169,13.365539452495975,2.0531400966183573,2.442297369833602,53.96537842190016,6.085614600107354,6.776704240472356,12.822061191626409,1.1137949543746646,1.3754696725711217
170,13.378958668813741,2.0531400966183573,2.442297369833602,53.95195920558239,6.085614600107354,6.776704240472356,12.822061191626409,1.1137949543746646,1.3754696725711217
171,13.325281803542673,2.033011272141707,2.4154589371980677,52.985775630703166,6.052066559312936,7.890499194847021,12.808641975308642,1.1137949543746646,1.3754696725711217
172,13.33870101986044,2.033011272141707,2.4154589371980677,52.9723564143854,6.052066559312936,7.890499194847021,12.808641975308642,1.1137949543746646,1.3754696725711217
173,13.459473966720344,2.033011272141707,2.4020397208803006,51.932367149758456,6.018518518518518,8.870101986044014,12.795222758990874,1.1137949543746646,1.3754696725711217
174,13.674181427804616,2.01959205582394,2.4020397208803006,51.57675791733763,6.018518518518518,8.870101986044014,12.788513150831992,1.2748255501878691,1.3754696725711217
175,13.821792807300053,2.01959205582394,2.3752012882447664,51.51637144390767,6.018518518518518,8.849973161567364,12.781803542673108,1.2748255501878691,1.3419216317767042
176,14.009661835748792,2.01959205582394,2.3752012882447664,51.368760064412236,5.991680085882985,8.849973161567364,12.76838432635534,1.2748255501878691,1.3419216317767042
177,14.049919484702093,2.006172839506173,2.3752012882447664,50.275093934514224,6.085614600107354,8.789586688137414,12.754965110037574,2.328234031132582,1.3352120236178207
178,14.143853998926463,2.006172839506173,2.3752012882447664,50.214707461084274,6.078904991948471,8.76274825550188,12.754965110037574,2.328234031132582,1.3352120236178207
179,14.338432635534085,2.006172839506173,2.3752012882447664,50.07380568974772,6.078904991948471,8.756038647342995,12.721417069243156,2.328234031132582,1.3217928073000538
180,14.660493827160494,1.9793344068706387,2.3752012882447664,49.81884057971015,6.0587761674718195,8.742619431025227,12.721417069243156,2.328234031132582,1.3150831991411702
181,14.741009125067096,1.9793344068706387,2.3752012882447664,49.22168545356951,5.495169082125604,8.735909822866345,13.600375738056897,2.536231884057971,1.3150831991411702
182,14.888620504562533,1.9793344068706387,2.509393451422437,49.020397208803004,5.4616210413311865,8.722490606548577,13.56682769726248,2.536231884057971,1.3150831991411702
183,15.03623188405797,1.9793344068706387,2.509393451422437,48.89291465378422,5.4616210413311865,8.722490606548577,13.56682769726248,2.5161030595813205,1.3150831991411702
184,15.177133655394526,1.9793344068706387,2.475845410628019,48.812399355877616,5.4549114331723025,8.722490606548577,13.546698872785829,2.5161030595813205,1.3150831991411702
185,15.814546430488459,1.9793344068706387,2.475845410628019,48.268921095008054,5.656199677938808,8.494363929146537,13.33870101986044,2.657004830917874,1.3150831991411702
186,16.015834675254965,1.9793344068706387,2.475845410628019,48.09447128287708,5.642780461621041,8.494363929146537,13.325281803542673,2.657004830917874,1.3150831991411702
187,15.653515834675256,1.9726247987117553,2.408749329039184,49.61084272678475,5.629361245303274,7.440955448201825,13.311862587224907,2.657004830917874,1.3150831991411702
188,15.74074074074074,1.9726247987117553,3.4688674181427803,47.94015029522276,5.629361245303274,8.454106280193237,13.110574342458401,2.368491680085883,1.3150831991411702
189,15.854804079441761,1.9726247987117553,3.4688674181427803,47.57112184648417,5.629361245303274,8.454106280193237,13.110574342458401,2.623456790123457,1.3150831991411702
190,16.384863123993558,1.9726247987117553,3.4688674181427803,47.40338164251208,5.595813204508857,8.313204508856682,12.922705314009661,2.623456790123457,1.3150831991411702
191,16.6532474503489,1.9592055823939882,3.4688674181427803,47.36312399355877,5.501878690284487,8.313204508856682,12.801932367149758,2.623456790123457,1.3150831991411702
192,16.55931293612453,1.9592055823939882,3.4688674181427803,47.55099302200752,5.709876543209877,8.179012345679013,12.661030595813205,2.623456790123457,1.288244766505636
193,16.740472356414386,1.9592055823939882,3.4688674181427803,47.50402576489533,5.689747718733226,8.179012345679013,12.546967257112184,2.623456790123457,1.288244766505636
194,16.74718196457327,1.865271068169619,3.4688674181427803,47.36312399355877,5.964841653247451,8.132045088566828,12.546967257112184,2.623456790123457,1.288244766505636
195,16.774020397208805,1.865271068169619,3.4688674181427803,47.18196457326892,5.964841653247451,8.132045088566828,12.533548040794418,2.804616210413312,1.2748255501878691
196,16.935050993022006,1.865271068169619,3.4688674181427803,47.02093397745572,5.964841653247451,8.132045088566828,12.533548040794418,2.804616210413312,1.2748255501878691
197,17.310789049919485,1.865271068169619,3.4688674181427803,46.99409554482018,5.958132045088567,8.105206655931294,12.218196457326892,2.804616210413312,1.2748255501878691
198,17.69994632313473,1.8384326355340848,3.4688674181427803,46.833064949006975,5.917874396135265,8.064949006977992,12.124261943102523,2.7777777777777777,1.2748255501878691
199,18.02871712292002,1.8384326355340848,3.4688674181427803,46.70558239398819,5.877616747181965,8.051529790660226,12.124261943102523,2.6301663982823404,1.2748255501878691
200,18.230005367686527,1.8384326355340848,3.4688674181427803,46.37010198604401,5.877616747181965,7.997852925389157,12.04374664519592,2.898550724637681,1.2748255501878691
201,18.169618894256576,1.8384326355340848,3.4688674181427803,46.35668276972625,5.770263016639828,8.219269994632313,12.00348899624262,2.898550724637681,1.2748255501878691
202,18.19645732689211,1.8384326355340848,3.4688674181427803,46.32984433709071,5.770263016639828,8.219269994632313,12.00348899624262,2.898550724637681,1.2748255501878691
203,18.290391841116477,1.8384326355340848,3.4688674181427803,46.2962962962963,5.770263016639828,8.192431561996779,11.969940955448202,2.898550724637681,1.2748255501878691
204,18.471551261406333,1.8384326355340848,3.455448201825013,46.19565217391305,5.770263016639828,8.179012345679013,11.916264090177133,2.898550724637681,1.2748255501878691
205,18.50509930220075,1.8384326355340848,3.455448201825013,46.162104133118625,5.770263016639828,8.179012345679013,11.916264090177133,2.898550724637681,1.2748255501878691
206,18.78690284487386,1.8384326355340848,3.455448201825013,46.09500805152979,5.763553408480945,8.004562533548041,11.882716049382717,2.898550724637681,1.2748255501878691
207,18.69296833064949,2.0933977455716586,3.455448201825013,46.01449275362319,5.763553408480945,7.997852925389157,11.862587224906065,2.844873859366613,1.2748255501878691
208,18.84728931830381,2.0933977455716586,3.455448201825013,45.97423510466989,5.750134192163178,7.997852925389157,11.829039184111648,2.7777777777777777,1.2748255501878691
209,19.0552871712292,2.0933977455716586,3.455448201825013,45.893719806763286,5.743424584004294,7.917337627482555,11.829039184111648,2.737520128824477,1.2748255501878691
210,19.189479334406872,2.0933977455716586,3.455448201825013,45.840042941492214,5.743424584004294,7.917337627482555,11.768652710681696,2.7241009125067097,1.2681159420289856
211,19.16935050993022,2.0933977455716586,3.455448201825013,45.309983896940416,5.743424584004294,8.467525496511003,11.768652710681696,2.7241009125067097,1.2681159420289856
212,19.243156199677937,2.0933977455716586,3.455448201825013,45.249597423510465,5.743424584004294,8.454106280193237,11.768652710681696,2.7241009125067097,1.2681159420289856
213,19.350509930220074,2.0933977455716586,3.455448201825013,45.16237251744498,5.723295759527644,8.454106280193237,11.768652710681696,2.7241009125067097,1.2681159420289856
214,19.786634460547504,2.073268921095008,3.455448201825013,44.7866344605475,5.71658615136876,8.454106280193237,11.768652710681696,2.690552871712292,1.2681159420289856
215,19.867149758454108,2.0531400966183573,3.4420289855072466,44.61218464841653,5.71658615136876,8.454106280193237,11.714975845410628,2.871712292002147,1.2681159420289856
216,19.90740740740741,2.0531400966183573,3.6634460547504024,44.545088566827694,5.703166935050993,8.454106280193237,11.54723564143854,2.85829307568438,1.2681159420289856
217,19.94766505636071,2.0531400966183573,3.6500268384326353,44.518250134192165,5.703166935050993,8.413848631239935,11.446591519055287,2.999194847020934,1.2681159420289856
218,19.95437466451959,2.01959205582394,3.6500268384326353,44.457863660762214,5.059044551798175,8.319914117015566,12.278582930756844,2.9924852388620504,1.2681159420289856
219,19.96779388083736,2.01959205582394,3.6366076221148687,44.457863660762214,5.059044551798175,8.319914117015566,12.278582930756844,2.9924852388620504,1.2681159420289856
220,19.155931293612454,2.01959205582394,3.052871712292002,43.203166935050994,4.898013955984971,7.836822329575953,15.794417606011809,2.771068169618894,1.2681159420289856
221,19.196188942565755,2.01959205582394,3.052871712292002,43.162909286097694,4.898013955984971,7.836822329575953,15.794417606011809,2.771068169618894,1.2681159420289856
222,19.202898550724637,2.01959205582394,3.052871712292002,43.162909286097694,4.898013955984971,7.836822329575953,15.787707997852925,2.771068169618894,1.2681159420289856
223,19.176060118089104,2.01959205582394,3.052871712292002,42.67981749865808,5.783682232957595,7.461084272678476,15.787707997852925,2.771068169618894,1.2681159420289856
224,19.223027375201287,2.01959205582394,3.052871712292002,42.552334943639295,5.783682232957595,7.39398819108964,15.787707997852925,2.918679549114332,1.2681159420289856
225,19.363929146537842,2.01959205582394,3.052871712292002,42.47852925389157,5.783682232957595,7.353730542136339,15.787707997852925,2.8918411164787976,1.2681159420289856
226,19.53166935050993,2.01959205582394,3.012614063338701,42.45169082125604,5.783682232957595,7.353730542136339,15.687063875469672,2.8918411164787976,1.2681159420289856
227,19.679280730005367,2.01959205582394,2.9790660225442833,42.09608158883521,6.125872249060655,7.353730542136339,15.593129361245303,2.885131508319914,1.2681159420289856
228,20.088566827697264,2.01959205582394,2.871712292002147,41.82098765432099,6.119162640901771,7.353730542136339,15.573000536768653,2.885131508319914,1.2681159420289856
229,20.162372517444982,2.01959205582394,2.871712292002147,41.80756843800322,6.099033816425121,7.313472893183038,15.573000536768653,2.885131508319914,1.2681159420289856
230,20.25630703166935,2.01959205582394,2.85829307568438,41.80756843800322,6.0654857756307035,7.2933440687063875,15.552871712292003,2.8784219001610305,1.2681159420289856
231,20.263016639828233,2.01959205582394,2.85829307568438,41.83440687063875,6.0654857756307035,7.2933440687063875,15.539452495974235,2.871712292002147,1.2546967257112185
232,20.303274288781534,2.0128824476650564,2.85829307568438,41.7337627482555,6.132581857219538,7.2933440687063875,15.539452495974235,2.871712292002147,1.2546967257112185
233,20.39049919484702,2.0128824476650564,2.85829307568438,41.706924315619965,6.119162640901771,7.2933440687063875,15.49248523886205,2.871712292002147,1.2546967257112185
234,20.41062801932367,2.0128824476650564,2.85829307568438,41.6935050993022,6.119162640901771,7.2933440687063875,15.485775630703166,2.871712292002147,1.2546967257112185
235,20.585077831454644,2.0128824476650564,2.85829307568438,41.532474503489,6.119162640901771,7.2933440687063875,15.4723564143854,2.871712292002147,1.2546967257112185
236,20.665593129361245,1.9927536231884058,2.85829307568438,41.51234567901235,6.105743424584004,7.266505636070853,15.4723564143854,2.871712292002147,1.2546967257112185
237,21.054750402576488,1.9927536231884058,2.831454643048846,41.47208803005905,6.072195383789587,7.266505636070853,15.183843263553408,2.871712292002147,1.2546967257112185
238,21.155394524959743,1.9592055823939882,2.831454643048846,40.3918411164788,7.139023081052066,7.253086419753086,15.170424047235642,2.844873859366613,1.2546967257112185
239,20.638754696725712,1.9592055823939882,2.6435856146001075,39.25791733762748,7.139023081052066,9.104938271604938,15.170424047235642,2.831454643048846,1.2546967257112185
240,20.90042941492217,1.9592055823939882,2.6435856146001075,39.10359634997316,7.118894256575416,9.037842190016104,15.150295222758992,2.831454643048846,1.2546967257112185
241,21.20907139023081,1.9592055823939882,2.6435856146001075,39.03650026838432,7.118894256575416,8.997584541062801,15.08990874932904,2.7979066022544283,1.1473429951690821
242,21.598228663446054,1.865271068169619,2.636876006441224,38.57353730542136,7.118894256575416,8.930488459473967,15.49248523886205,2.657004830917874,1.1272141706924315
243,20.283145464304884,1.865271068169619,2.6033279656468062,40.673644659151904,7.098765432098766,8.890230810520666,15.45222758990875,2.006172839506173,1.1272141706924315
244,20.377079978529252,1.865271068169619,2.6033279656468062,40.57971014492754,7.098765432098766,8.890230810520666,15.45222758990875,2.006172839506173,1.1272141706924315
245,20.611916264090176,1.8451422436929683,2.6033279656468062,40.49248523886205,7.024959742351046,8.876811594202898,15.411969940955448,2.006172839506173,1.1272141706924315
246,20.71256038647343,1.8451422436929683,2.6033279656468062,40.23752012882448,7.226247987117552,8.870101986044014,15.385131508319914,1.9927536231884058,1.1272141706924315
247,20.813204508856682,1.8451422436929683,2.6033279656468062,40.143585614600106,7.226247987117552,8.870101986044014,15.378421900161031,1.9927536231884058,1.1272141706924315
248,20.853462157809982,1.8317230273752012,2.6033279656468062,40.13687600644123,7.219538378958669,8.870101986044014,15.378421900161031,1.9793344068706387,1.1272141706924315
249,21.182232957595275,1.8048845947396672,2.6033279656468062,40.11674718196457,7.212828770799785,8.870101986044014,15.103327965646805,1.9793344068706387,1.1272141706924315
250,21.370101986044016,1.8048845947396672,2.6033279656468062,39.92887815351583,7.212828770799785,8.870101986044014,15.103327965646805,1.9793344068706387,1.1272141706924315
251,21.72571121846484,1.8048845947396672,2.5295222758990876,39.68733225979603,7.212828770799785,8.870101986044014,15.076489533011273,1.9659151905528718,1.1272141706924315
252,21.826355340848096,1.8048845947396672,2.5295222758990876,39.38539989264627,7.212828770799785,8.870101986044014,15.063070316693505,2.1806226516371443,1.1272141706924315
253,21.866612989801396,1.8048845947396672,2.5295222758990876,39.38539989264627,7.212828770799785,8.836553945249598,15.056360708534621,2.1806226516371443,1.1272141706924315
254,21.87332259796028,1.8048845947396672,2.2745571658615136,39.110305958132045,7.14573268921095,8.521202361782072,15.962157809983896,2.1806226516371443,1.1272141706924315
255,22.061191626409016,1.8048845947396672,2.2745571658615136,38.92243692968331,7.118894256575416,8.487654320987655,15.827965646806227,2.3752012882447664,1.1272141706924315
256,22.24235104669887,1.8048845947396672,2.2745571658615136,38.828502415458935,7.065217391304348,8.487654320987655,15.794417606011809,2.3752012882447664,1.1272141706924315
257,22.23564143853999,1.8048845947396672,2.2745571658615136,38.73456790123457,7.407407407407407,8.487654320987655,15.707192699946322,2.2208803005904456,1.1272141706924315
258,22.477187332259795,1.8048845947396672,2.2745571658615136,38.64734299516908,7.380568974771873,8.360171765968868,15.707192699946322,2.2208803005904456,1.1272141706924315
