,45,50,53,55,51,54,52,57,56,59,58,62,60,61,63
0,95.58507783145464,4.414922168545357,,,,,,,,,,,,,
1,95.31669350509931,4.683306494900698,,,,,,,,,,,,,
2,92.74020397208803,6.830381105743425,0.020128824476650563,0.4092860976918948,,,,,,,,,,,
3,91.23054213633924,8.340042941492216,0.020128824476650563,0.4092860976918948,,,,,,,,,,,
4,77.47584541062803,20.088566827697264,0.020128824476650563,0.39586688137412773,0.03354804079441761,1.9860440150295222,,,,,,,,,
5,76.08024691358025,21.470746108427267,0.020128824476650563,0.4092860976918948,0.03354804079441761,1.9860440150295222,,,,,,,,,
6,67.94149221685454,29.60950080515298,0.020128824476650563,0.4092860976918948,0.03354804079441761,1.9860440150295222,,,,,,,,,
7,45.25630703166935,41.80756843800322,0.020128824476650563,0.0939345142243693,0.03354804079441761,0.0067096081588835215,12.667740203972087,0.11406333870101985,,,,,,,
8,45.18250134192163,41.86124530327429,0.020128824476650563,0.11406333870101985,0.03354804079441761,0.0067096081588835215,12.560386473429952,0.2214170692431562,,,,,,,
9,38.05018786902845,42.08266237251745,0.020128824476650563,0.7112184648416533,6.642512077294686,0.0067096081588835215,12.258454106280194,0.2281266774020397,,,,,,,
10,37.432903918411164,39.81481481481482,0.020128824476650563,0.630703166935051,14.848362855609233,0.0067096081588835215,7.071926999463232,0.14090177133655393,0.03354804079441761,,,,,,
11,37.07058507783145,40.042941492216855,0.020128824476650563,0.7514761137949544,14.841653247450349,0.0067096081588835215,7.085346215780999,0.14090177133655393,0.040257648953301126,,,,,,
12,36.70155662909286,40.284487385936664,0.020128824476650563,0.8789586688137413,14.76784755770263,0.0067096081588835215,7.085346215780999,0.14090177133655393,0.11406333870101985,,,,,,
13,35.970209339774556,36.70155662909286,0.020128824476650563,1.0869565217391304,14.338432635534085,0.0067096081588835215,11.594202898550725,0.14090177133655393,0.14090177133655393,,,,,,
14,35.95679012345679,30.730005367686527,0.020128824476650563,0.7313472893183038,24.644390767579175,0.0067096081588835215,7.595276435856146,0.14090177133655393,0.17444981213097155,,,,,,
15,35.95679012345679,30.723295759527645,0.020128824476650563,0.7313472893183038,24.61755233494364,0.48980139559849706,7.179280730005368,0.08051529790660225,0.20128824476650564,,,,,,
16,35.560923242082666,31.00509930220075,0.020128824476650563,0.8454106280193237,24.00697799248524,0.48980139559849706,7.125603864734299,0.13419216317767044,0.8118625872249061,,,,,,
17,35.547504025764894,30.703166935050994,0.020128824476650563,1.221148684916801,24.00697799248524,0.48980139559849706,7.065217391304348,0.13419216317767044,0.8118625872249061,,,,,,
18,35.53408480944713,30.683038110574344,0.020128824476650563,1.2546967257112185,23.637949543746647,0.48980139559849706,6.702898550724638,0.18115942028985507,1.4962426194310252,,,,,,
19,32.340311325818575,34.96376811594203,0.020128824476650563,1.261406333870102,22.517444981213096,0.5166398282340311,6.689479334406871,0.18115942028985507,1.5096618357487923,,,,,,
20,31.890767579173378,35.39989264626946,0.020128824476650563,1.2748255501878691,22.48389694041868,0.5166398282340311,6.649221685453569,0.2214170692431562,1.5432098765432098,,,,,,
21,30.971551261406333,35.68169618894257,0.020128824476650563,1.2748255501878691,22.423510466988727,0.5166398282340311,7.286634460547504,0.2214170692431562,1.6035963499731616,,,,,,
22,29.32769726247987,37.855609232420825,0.020128824476650563,1.3150831991411702,21.866612989801396,0.5166398282340311,7.286634460547504,0.2214170692431562,1.5633387010198605,0.026838432635534086,,,,,
23,27.20746108427268,36.29898013955985,0.14090177133655393,1.3150831991411702,25.597155126140635,0.5166398282340311,7.011540526033279,0.2214170692431562,1.6639828234031133,0.026838432635534086,,,,,
24,24.892646269457863,38.56682769726248,0.14090177133655393,1.3352120236178207,25.449543746645197,0.5166398282340311,6.998121309715513,0.23483628556092323,1.8048845947396672,0.026838432635534086,0.03354804079441761,,,,
25,24.818840579710145,38.016639828234034,0.14090177133655393,1.7176596886741815,25.657541599570585,0.5166398282340311,6.951154052603328,0.27509393451422437,1.8317230273752012,0.026838432635534086,0.03354804079441761,0.013419216317767043,,,
26,24.731615673644658,37.94283413848631,0.14090177133655393,1.8719806763285025,25.597155126140635,0.49651100375738055,7.058507783145465,0.19457863660762212,1.892109500805153,0.026838432635534086,0.03354804079441761,0.013419216317767043,,,
27,24.228395061728396,34.695383789586685,0.36902844873859364,1.8451422436929683,29.025764895330113,0.49651100375738055,7.018250134192163,0.23483628556092323,2.0128824476650564,0.026838432635534086,0.03354804079441761,0.013419216317767043,,,
28,17.257112184648417,34.997316156736446,1.0466988727858293,1.3888888888888888,35.607890499194845,1.0466988727858293,6.535158346752549,0.1878690284487386,1.8786902844873858,0.026838432635534086,0.013419216317767043,0.013419216317767043,,,
29,17.257112184648417,34.97047772410091,1.0466988727858293,1.402308105206656,35.57434245840043,1.0869565217391304,6.508319914117015,0.1878690284487386,1.9122383252818036,0.026838432635534086,0.013419216317767043,0.013419216317767043,,,
30,17.20343531937735,32.340311325818575,1.0466988727858293,1.442565754159957,35.909822866344605,1.0869565217391304,8.742619431025227,0.16774020397208803,2.006172839506173,0.026838432635534086,0.013419216317767043,0.013419216317767043,,,
31,16.988727858293075,31.769994632313473,1.4358561460010735,1.3553408480944713,36.22517444981213,1.0869565217391304,8.729200214707461,0.18115942028985507,2.15378421900161,0.026838432635534086,0.013419216317767043,0.013419216317767043,0.020128824476650563,,
32,14.687332259796028,25.885668276972623,1.0466988727858293,1.6035963499731616,45.73268921095008,1.556629092860977,7.883789586688137,0.18115942028985507,1.3217928073000538,0.026838432635534086,0.013419216317767043,0.0067096081588835215,0.05367686527106817,,
33,13.553408480944713,20.90713902308105,4.7638217928073,1.415727321524423,48.268921095008054,1.556629092860977,7.809983896940419,0.20128824476650564,1.4358561460010735,0.026838432635534086,,0.0067096081588835215,0.05367686527106817,,
34,13.553408480944713,20.77294685990338,4.7638217928073,1.5499194847020934,47.86634460547504,1.442565754159957,7.809983896940419,0.20128824476650564,1.9524959742351047,0.026838432635534086,,0.0067096081588835215,0.05367686527106817,,
35,13.466183574879228,20.725979602791195,5.35426731078905,1.6371443907675791,46.69216317767042,1.442565754159957,7.7898550724637685,0.20128824476650564,2.5496511003757383,0.06038647342995169,,0.026838432635534086,0.05367686527106817,,
36,13.439345142243694,20.69243156199678,5.35426731078905,1.6841116478797638,45.611916264090176,1.442565754159957,7.7831454643048845,0.20799785292538917,3.6366076221148687,0.06038647342995169,,0.026838432635534086,0.05367686527106817,0.0067096081588835215,
37,9.346484165324744,31.36070853462158,2.4691358024691357,1.7713365539452497,44.316961889425656,1.6304347826086956,6.031937734836285,0.10064412238325282,2.8650026838432634,0.03354804079441761,0.026838432635534086,0.0067096081588835215,0.040257648953301126,,
38,8.742619431025227,31.890767579173378,2.4691358024691357,1.8451422436929683,44.0552871712292,1.6304347826086956,6.031937734836285,0.13419216317767044,3.0931293612453032,0.03354804079441761,0.026838432635534086,0.0067096081588835215,0.040257648953301126,,
39,7.5348899624261945,29.965110037573805,3.1199677938808374,1.892109500805153,47.22222222222222,0.9930220075147611,6.018518518518518,0.14761137949543746,2.985775630703167,0.03354804079441761,0.026838432635534086,0.0067096081588835215,0.040257648953301126,0.013419216317767043,
40,7.501341921631776,29.851046698872786,3.1199677938808374,2.328234031132582,46.4975845410628,1.4626945786366077,6.018518518518518,0.14761137949543746,2.952227589908749,0.03354804079441761,0.026838432635534086,0.0067096081588835215,0.040257648953301126,0.013419216317767043,
41,4.9651100375738055,37.05716586151369,3.1199677938808374,1.865271068169619,43.384326355340846,0.95276435856146,5.448201825013419,0.13419216317767044,2.952227589908749,0.03354804079441761,0.026838432635534086,0.0067096081588835215,0.040257648953301126,0.013419216317767043,
42,4.898013955984971,36.943102522812666,2.717391304347826,1.9726247987117553,43.223295759527645,0.95276435856146,6.0587761674718195,0.13419216317767044,2.9790660225442833,0.03354804079441761,0.026838432635534086,0.0067096081588835215,0.040257648953301126,0.013419216317767043,
43,4.898013955984971,29.736983360171767,0.9796027911969941,1.8853998926462694,48.7788513150832,1.3419216317767042,9.05126140633387,0.12077294685990338,3.0864197530864197,0.03354804079441761,0.026838432635534086,0.0067096081588835215,0.040257648953301126,0.013419216317767043,
44,4.898013955984971,29.696725711218466,0.9796027911969941,2.147074610842727,46.61164787976382,1.737788513150832,9.782608695652174,0.12077294685990338,3.9049919484702094,0.03354804079441761,0.026838432635534086,0.0067096081588835215,0.040257648953301126,0.013419216317767043,
45,4.87788513150832,29.663177670424048,0.9259259259259259,2.757648953301127,46.15539452495974,1.737788513150832,9.681964573268921,0.12077294685990338,3.9586688137412773,0.03354804079441761,0.026838432635534086,0.0067096081588835215,0.040257648953301126,0.013419216317767043,
46,4.851046698872786,29.508856682769725,0.9192163177670424,3.0059044551798175,46.06816961889426,1.737788513150832,9.681964573268921,0.12077294685990338,3.9855072463768115,0.03354804079441761,0.026838432635534086,0.0067096081588835215,0.040257648953301126,0.013419216317767043,
47,4.851046698872786,29.508856682769725,0.9192163177670424,2.9924852388620504,45.94068706387547,1.737788513150832,9.648416532474503,0.15432098765432098,4.126409017713366,0.03354804079441761,0.026838432635534086,0.0067096081588835215,0.040257648953301126,0.013419216317767043,
48,4.851046698872786,29.401502952227588,0.9192163177670424,2.9924852388620504,45.44417606011809,2.2611379495437465,9.648416532474503,0.1878690284487386,4.1532474503489,0.05367686527106817,0.026838432635534086,0.0067096081588835215,0.040257648953301126,0.013419216317767043,
49,4.817498658078368,29.435050993022006,0.9192163177670424,2.9924852388620504,45.30327428878154,2.2611379495437465,9.634997316156737,0.20128824476650564,4.280730005367687,0.05367686527106817,0.026838432635534086,0.0067096081588835215,0.05367686527106817,0.013419216317767043,
50,4.817498658078368,28.026033279656467,0.9057971014492754,3.3145464304884595,42.659688674181425,3.5225442834138487,11.943102522812667,0.30864197530864196,4.3478260869565215,0.05367686527106817,0.026838432635534086,0.0067096081588835215,0.05367686527106817,0.013419216317767043,
51,4.783950617283951,28.026033279656467,0.8722490606548577,3.3548040794417604,42.49865807836822,3.9720880300590444,11.681427804616211,0.2214170692431562,4.414922168545357,0.07380568974771873,0.026838432635534086,0.0067096081588835215,0.05367686527106817,0.013419216317767043,
52,4.757112184648417,27.985775630703166,0.8722490606548577,3.435319377348363,42.29736983360172,3.9720880300590444,11.641170155662909,0.2616747181964573,4.602791196994096,0.07380568974771873,0.026838432635534086,0.0067096081588835215,0.05367686527106817,0.013419216317767043,
53,4.757112184648417,27.95222758990875,0.8722490606548577,3.4688674181427803,42.21685453569511,3.9720880300590444,11.641170155662909,0.2616747181964573,4.683306494900698,0.07380568974771873,0.026838432635534086,0.0067096081588835215,0.05367686527106817,0.013419216317767043,
54,4.42163177670424,22.98040794417606,0.8722490606548577,3.3145464304884595,48.8191089640365,3.938539989264627,10.587761674718196,0.2616747181964573,4.62962962962963,0.07380568974771873,0.026838432635534086,0.0067096081588835215,0.05367686527106817,0.013419216317767043,
55,4.42163177670424,22.79253891572732,0.8923778851315083,3.7640901771336552,48.55072463768116,3.8580246913580245,10.587761674718196,0.2616747181964573,4.696725711218465,0.07380568974771873,0.026838432635534086,0.0067096081588835215,0.05367686527106817,0.013419216317767043,
56,4.408212560386473,21.83977455716586,0.9259259259259259,3.6366076221148687,41.217122920021474,2.8247450348899625,20.699141170155663,0.35560923242082665,3.9049919484702094,0.07380568974771873,0.040257648953301126,0.0067096081588835215,0.05367686527106817,0.013419216317767043,
57,4.408212560386473,21.79951690821256,0.9393451422436929,3.5426731078904994,40.13016639828234,3.0595813204508855,20.665593129361245,0.38915727321524424,4.87788513150832,0.07380568974771873,0.040257648953301126,0.0067096081588835215,0.05367686527106817,0.013419216317767043,
58,4.274020397208803,21.920289855072465,0.9192163177670424,3.556092324208266,40.063070316693505,3.0595813204508855,20.618625872249062,0.43612453032742887,4.944981213097155,0.07380568974771873,0.06038647342995169,0.0067096081588835215,0.05367686527106817,0.013419216317767043,
59,4.274020397208803,21.906870638754697,0.9192163177670424,3.5225442834138487,39.60681696188943,3.4957058507783145,20.343531937734838,0.7112184648416533,5.01207729468599,0.07380568974771873,0.06038647342995169,0.0067096081588835215,0.05367686527106817,0.013419216317767043,
60,3.2474503488996245,16.847826086956523,0.30193236714975846,3.1736446591519054,56.57541599570585,2.9723564143853998,12.04374664519592,0.5904455179817498,4.1129898013955986,0.05367686527106817,0.020128824476650563,0.0067096081588835215,0.040257648953301126,0.013419216317767043,
61,3.2474503488996245,16.847826086956523,0.30193236714975846,3.1736446591519054,56.52173913043478,2.9723564143853998,12.04374664519592,0.5904455179817498,4.166666666666667,0.05367686527106817,0.020128824476650563,0.0067096081588835215,0.040257648953301126,0.013419216317767043,
62,3.2474503488996245,16.700214707461082,0.7313472893183038,3.7909286097691894,56.36070853462158,2.9723564143853998,11.600912506709609,0.6172839506172839,3.844605475040258,0.05367686527106817,0.020128824476650563,0.0067096081588835215,0.040257648953301126,0.013419216317767043,
63,3.2474503488996245,16.109769189479334,2.1135265700483092,4.233762748255502,55.401234567901234,2.737520128824477,11.574074074074074,0.644122383252818,3.8043478260869565,0.05367686527106817,0.020128824476650563,0.0067096081588835215,0.040257648953301126,0.013419216317767043,
64,3.2206119162640903,15.26435856146001,2.1135265700483092,4.247181964573269,56.26006441223833,2.563070316693505,11.426462694578637,0.798443370907139,3.9720880300590444,0.05367686527106817,0.020128824476650563,0.0067096081588835215,0.040257648953301126,0.013419216317767043,
65,3.207192699946323,14.667203435319378,2.147074610842727,5.0858829844337095,55.99838969404187,2.49597423510467,11.218464841653248,0.9057971014492754,4.1532474503489,0.040257648953301126,0.020128824476650563,0.0067096081588835215,0.040257648953301126,0.013419216317767043,
66,3.207192699946323,14.667203435319378,2.147074610842727,5.052334943639291,55.9447128287708,2.49597423510467,11.191626409017713,0.9192163177670424,4.253891572732153,0.040257648953301126,0.020128824476650563,0.0067096081588835215,0.040257648953301126,0.013419216317767043,
67,2.2342995169082127,16.458668813741276,2.0397208803005906,5.038915727321524,52.30810520665593,6.769994632313473,9.923510466988727,0.9192163177670424,4.186795491143317,0.040257648953301126,0.020128824476650563,0.0067096081588835215,0.040257648953301126,0.013419216317767043,
68,2.2342995169082127,15.26435856146001,2.006172839506173,5.535426731078905,59.46725711218465,2.49597423510467,7.716049382716049,0.7648953301127214,4.394793344068707,0.040257648953301126,0.020128824476650563,0.0067096081588835215,0.040257648953301126,0.013419216317767043,
69,2.2342995169082127,15.197262479871176,2.006172839506173,6.119162640901771,59.05126140633387,2.49597423510467,7.555018786902845,0.7648953301127214,4.42163177670424,0.040257648953301126,0.020128824476650563,0.0067096081588835215,0.040257648953301126,0.04696725711218465,
70,2.2342995169082127,15.197262479871176,2.006172839506173,6.119162640901771,58.97745571658615,2.509393451422437,7.555018786902845,0.7514761137949544,4.49543746645196,0.040257648953301126,0.020128824476650563,0.0067096081588835215,0.040257648953301126,0.04696725711218465,
71,2.086688137412775,15.344873859366613,1.9793344068706387,6.119162640901771,58.91035963499731,2.509393451422437,7.514761137949543,0.8185721953837896,4.53569511540526,0.040257648953301126,0.04696725711218465,0.0067096081588835215,0.040257648953301126,0.04696725711218465,
72,2.0531400966183573,14.761137949543746,1.9793344068706387,6.166129898013956,58.23939881910896,1.90552871712292,9.292807300053678,0.8588298443370908,4.582662372517445,0.040257648953301126,0.026838432635534086,0.0067096081588835215,0.040257648953301126,0.04696725711218465,
73,2.0531400966183573,14.761137949543746,1.9457863660762211,6.179549114331723,57.96430488459474,1.90552871712292,9.292807300053678,0.8588298443370908,4.8443370907139025,0.040257648953301126,0.06038647342995169,0.0067096081588835215,0.040257648953301126,0.04696725711218465,
74,2.0531400966183573,13.781535158346752,1.5163714439076759,4.864465915190553,66.7337627482555,1.107085346215781,5.636070853462158,0.5636070853462157,3.5963499731615673,,0.06038647342995169,,0.040257648953301126,0.04696725711218465,
75,2.01959205582394,13.801663982823403,2.033011272141707,4.938271604938271,66.06280193236715,1.107085346215781,5.636070853462158,0.5636070853462157,3.6768652710681695,,0.07380568974771873,,0.040257648953301126,0.04696725711218465,
76,2.01959205582394,13.768115942028986,2.033011272141707,5.548845947396672,65.45222758990874,1.107085346215781,5.528717122920021,0.6709608158883521,3.7104133118625873,,0.07380568974771873,,0.040257648953301126,0.04696725711218465,
77,2.01959205582394,13.311862587224907,2.033011272141707,6.005099302200751,65.34487385936661,1.107085346215781,5.488459473966721,0.7112184648416533,3.8177670424047236,,0.07380568974771873,,0.040257648953301126,0.04696725711218465,
78,2.01959205582394,13.24476650563607,2.033011272141707,6.119162640901771,65.00939345142244,1.107085346215781,5.488459473966721,0.7112184648416533,4.106280193236715,,0.07380568974771873,,0.040257648953301126,0.04696725711218465,
79,2.01959205582394,13.231347289318304,2.033011272141707,8.36688137412775,62.60064412238325,0.9259259259259259,5.394524959742351,0.7783145464304885,4.488727858293076,,0.07380568974771873,,0.040257648953301126,0.04696725711218465,
80,1.9860440150295222,13.258185721953838,2.033011272141707,7.96430488459474,60.40660225442834,3.421900161030596,5.394524959742351,0.7783145464304885,4.582662372517445,0.013419216317767043,0.07380568974771873,,0.040257648953301126,0.04696725711218465,
81,1.9793344068706387,12.285292538915728,4.280730005367687,7.971014492753623,58.313204508856685,3.9989264626945786,5.669618894256575,0.7380568974771873,4.5893719806763285,0.013419216317767043,0.07380568974771873,,0.040257648953301126,0.04696725711218465,
82,1.9793344068706387,12.23161567364466,4.260601180891036,7.380568974771873,60.69511540526033,3.9519592055823938,4.562533548040794,0.6843800322061192,4.092860976918948,0.013419216317767043,0.0939345142243693,,0.040257648953301126,0.013419216317767043,
83,1.9793344068706387,12.00348899624262,5.810520665593129,7.071926999463232,59.70209339774557,3.92512077294686,4.562533548040794,0.644122383252818,4.1129898013955986,0.040257648953301126,0.0939345142243693,,0.040257648953301126,0.013419216317767043,
84,1.9793344068706387,11.969940955448202,5.810520665593129,7.071926999463232,54.87788513150832,3.92512077294686,9.16532474503489,0.6977992485238862,4.28743961352657,0.040257648953301126,0.12077294685990338,,0.040257648953301126,0.013419216317767043,
85,1.9793344068706387,11.949812130971551,5.803811057434245,7.011540526033279,56.78341384863124,3.2206119162640903,8.205850778314547,0.6172839506172839,4.206924315619967,0.040257648953301126,0.1274825550187869,,0.040257648953301126,0.013419216317767043,
86,1.6639828234031133,11.90955448201825,5.273752012882448,6.078904991948471,59.23913043478261,3.2139023081052067,7.689210950080516,0.5233494363929146,4.186795491143317,0.040257648953301126,0.1274825550187869,,0.040257648953301126,0.013419216317767043,
87,1.6639828234031133,11.90955448201825,5.273752012882448,6.078904991948471,59.064680622651636,3.207192699946323,7.689210950080516,0.5703166935050993,4.320987654320987,0.040257648953301126,0.1274825550187869,,0.040257648953301126,0.013419216317767043,
88,1.6639828234031133,11.352657004830919,5.4549114331723025,6.977992485238862,58.23939881910896,3.260869565217391,7.6556629092860975,0.6038647342995169,4.455179817498658,0.11406333870101985,0.14761137949543746,,0.04696725711218465,0.026838432635534086,
89,1.6639828234031133,11.292270531400966,5.4549114331723025,7.179280730005368,54.6027911969941,6.977992485238862,7.648953301127214,0.6105743424584005,4.233762748255502,0.11406333870101985,0.14761137949543746,,0.04696725711218465,0.026838432635534086,
90,1.596886741814278,11.231884057971014,6.494900697799249,7.085346215780999,54.47530864197531,6.977992485238862,6.890767579173376,0.7313472893183038,4.166666666666667,0.14090177133655393,0.14761137949543746,,0.04696725711218465,0.013419216317767043,
91,1.596886741814278,11.231884057971014,6.421095008051529,7.514761137949543,54.06602254428341,6.977992485238862,6.877348362855609,0.8521202361782072,4.079441760601181,0.17444981213097155,0.14761137949543746,,0.04696725711218465,0.013419216317767043,
92,1.596886741814278,11.171497584541063,6.421095008051529,7.561728395061729,53.938539989264626,7.092055823939882,6.877348362855609,0.8521202361782072,4.079441760601181,0.17444981213097155,0.17444981213097155,,0.04696725711218465,0.013419216317767043,
93,1.5767579173376274,11.16478797638218,6.421095008051529,7.5348899624261945,53.62989801395599,7.326892109500805,6.850509930220075,0.8789586688137413,4.1532474503489,0.20799785292538917,0.17444981213097155,,0.06709608158883522,0.013419216317767043,
94,1.5432098765432098,7.078636607622115,6.407675791733762,4.240472356414386,55.481749865807835,6.394256575415996,14.056629092860977,0.8588298443370908,3.475577026301664,0.18115942028985507,0.17444981213097155,,0.06709608158883522,0.040257648953301126,
95,1.5432098765432098,18.760064412238325,6.253354804079442,3.5762211486849167,48.49704777241009,4.086151368760064,13.050187869028449,0.7447665056360708,3.1602254428341383,0.05367686527106817,0.1610305958132045,,0.07380568974771873,0.040257648953301126,
96,1.5432098765432098,18.699677938808374,6.253354804079442,3.656736446591519,47.45034889962426,5.052334943639291,13.050187869028449,0.7447665056360708,3.2206119162640903,0.05367686527106817,0.1610305958132045,,0.07380568974771873,0.040257648953301126,
97,1.5432098765432098,18.317230273752013,7.1658615136876005,3.603059581320451,46.39023081052066,5.475040257648954,12.95625335480408,0.7246376811594203,3.408480944712829,0.08722490606548577,0.1878690284487386,,0.07380568974771873,0.06709608158883522,
98,1.5432098765432098,18.276972624798713,7.1658615136876005,3.643317230273752,46.26945786366076,5.475040257648954,12.942834138486312,0.7380568974771873,3.5292538915727323,0.08722490606548577,0.1878690284487386,,0.07380568974771873,0.06709608158883522,
99,1.5432098765432098,18.23671497584541,7.139023081052066,3.683574879227053,46.162104133118625,5.475040257648954,12.526838432635534,1.247987117552335,3.5292538915727323,0.11406333870101985,0.1878690284487386,,0.08722490606548577,0.06709608158883522,
100,1.5096618357487923,18.256843800322063,6.769994632313473,3.643317230273752,42.43827160493827,5.394524959742351,16.646537842190018,1.2949543746645196,3.455448201825013,0.2214170692431562,0.20128824476650564,,0.10064412238325282,0.06709608158883522,
101,1.42914653784219,17.713365539452496,6.9243156199677935,2.945517981749866,44.7463768115942,5.381105743424584,16.59286097691895,1.3016639828234031,2.509393451422437,0.17444981213097155,0.19457863660762212,,0.04696725711218465,0.040257648953301126,
102,1.42914653784219,17.632850241545892,6.78341384863124,2.9253891572732154,46.12855609232421,4.40150295222759,16.505636070853463,1.3352120236178207,2.408749329039184,0.17444981213097155,0.1878690284487386,,0.04696725711218465,0.040257648953301126,
103,1.42914653784219,17.632850241545892,6.78341384863124,2.952227589908749,46.02791196994095,4.40150295222759,16.492216854535695,1.3486312399355878,2.4825550187869028,0.17444981213097155,0.1878690284487386,,0.04696725711218465,0.040257648953301126,
104,1.42914653784219,17.438271604938272,6.749865807836822,2.9790660225442833,45.78636607622115,4.40150295222759,16.492216854535695,1.3486312399355878,2.8918411164787976,0.17444981213097155,0.2214170692431562,,0.04696725711218465,0.040257648953301126,
105,1.42914653784219,17.404723564143854,6.736446591519055,3.0327428878153517,45.65888352120236,4.40150295222759,16.398282340311326,1.2748255501878691,3.0931293612453032,0.17444981213097155,0.30864197530864196,,0.04696725711218465,0.040257648953301126,
106,1.42914653784219,17.404723564143854,6.736446591519055,3.0327428878153517,45.511272141706925,4.488727858293076,16.364734299516908,1.2748255501878691,3.1468062265163717,0.17444981213097155,0.30864197530864196,,0.08722490606548577,0.040257648953301126,
107,1.415727321524423,16.968599033816425,6.716317767042405,3.052871712292002,45.33682232957595,4.488727858293076,16.847826086956523,1.3754696725711217,3.1535158346752548,0.17444981213097155,0.32877079978529256,,0.08722490606548577,0.05367686527106817,
108,1.415727321524423,16.941760601180892,6.66935050993022,3.052871712292002,45.3166935050993,4.488727858293076,16.680085882984432,1.5297906602254427,3.2474503488996245,0.1878690284487386,0.32877079978529256,,0.08722490606548577,0.05367686527106817,
109,1.415727321524423,16.10305958132045,7.689210950080516,3.0394524959742353,45.17579173376275,4.488727858293076,16.639828234031132,1.570048309178744,3.207192699946323,0.1878690284487386,0.3421900161030596,,0.08722490606548577,0.05367686527106817,
110,1.415727321524423,14.53972088030059,7.689210950080516,2.771068169618894,42.901234567901234,5.320719269994632,19.93424584004294,1.5767579173376274,3.193773483628556,0.1878690284487386,0.32877079978529256,,0.08722490606548577,0.05367686527106817,
111,1.415727321524423,14.479334406870638,7.5348899624261945,3.44873859366613,42.39801395598497,5.320719269994632,19.900697799248523,1.6103059581320451,3.2004830917874396,0.2214170692431562,0.32877079978529256,,0.08722490606548577,0.05367686527106817,
112,1.415727321524423,14.465915190552872,7.521470746108427,3.4621578099838968,42.25711218464841,5.320719269994632,19.806763285024154,1.6908212560386473,3.374932903918411,0.2147074610842727,0.32877079978529256,,0.08722490606548577,0.05367686527106817,
113,1.415727321524423,14.40552871712292,7.521470746108427,3.556092324208266,42.24369296833065,5.307300053676865,19.726247987117553,1.7713365539452497,3.3548040794417604,0.24154589371980675,0.32877079978529256,,0.07380568974771873,0.05367686527106817,
114,1.415727321524423,14.36527106816962,7.514761137949543,3.5628019323671496,41.94176060118089,5.307300053676865,19.726247987117553,1.8518518518518519,3.589640365002684,0.24154589371980675,0.35560923242082665,,0.07380568974771873,0.05367686527106817,
115,1.415727321524423,14.331723027375201,7.514761137949543,3.643317230273752,41.908212560386474,4.978529253891573,19.712828770799785,2.1806226516371443,3.5762211486849167,0.2147074610842727,0.35560923242082665,0.026838432635534086,0.08722490606548577,0.05367686527106817,
116,1.415727321524423,14.251207729468598,7.514761137949543,3.6634460547504024,41.83440687063875,4.9651100375738055,19.672571121846484,2.1806226516371443,3.750670960815888,0.2147074610842727,0.35560923242082665,0.026838432635534086,0.10064412238325282,0.05367686527106817,
117,1.415727321524423,14.224369296833064,7.514761137949543,4.26731078904992,41.727053140096615,4.8443370907139025,19.32367149758454,2.006172839506173,3.750670960815888,0.24154589371980675,0.5032206119162641,0.026838432635534086,0.10064412238325282,0.05367686527106817,
118,1.415727321524423,14.224369296833064,7.514761137949543,4.26731078904992,41.659957058507786,4.824208266237251,19.290123456790123,2.01959205582394,3.844605475040258,0.24154589371980675,0.5032206119162641,0.026838432635534086,0.11406333870101985,0.05367686527106817,
119,1.415727321524423,14.17740203972088,7.514761137949543,4.341116478797638,41.48550724637681,4.797369833601718,19.26328502415459,2.046430488459474,4.019055287171229,0.24825550187869028,0.46967257112184646,0.026838432635534086,0.14090177133655393,0.05367686527106817,
120,0.2683843263553409,17.357756307031668,6.253354804079442,4.213633923778851,40.94202898550725,4.683306494900698,19.229736983360173,2.059849704777241,4.032474503488996,0.24825550187869028,0.46296296296296297,0.026838432635534086,0.14090177133655393,0.08051529790660225,
121,0.2683843263553409,17.324208266237253,6.253354804079442,4.233762748255502,40.90177133655394,4.663177670424047,19.202898550724637,2.086688137412775,4.072732152442297,0.24825550187869028,0.46296296296296297,0.026838432635534086,0.1610305958132045,0.0939345142243693,
122,0.2683843263553409,16.485507246376812,6.246645195920558,5.072463768115942,38.909017713365536,4.575952764358561,20.739398819108963,2.0799785292538915,4.62962962962963,0.24825550187869028,0.46296296296296297,0.026838432635534086,0.1610305958132045,0.0939345142243693,
123,0.2616747181964573,15.83467525496511,6.246645195920558,5.01207729468599,37.432903918411164,2.2946859903381642,26.301663982823403,1.7042404723564144,4.146537842190016,0.16774020397208803,0.46296296296296297,0.026838432635534086,,0.10735373054213634,
124,0.2616747181964573,15.83467525496511,6.246645195920558,4.488727858293076,36.95652173913044,5.877616747181965,24.08078368223296,1.4224369296833066,4.072732152442297,0.16774020397208803,0.46296296296296297,0.020128824476650563,,0.10735373054213634,
125,0.2616747181964573,15.821256038647343,6.246645195920558,4.4820182501341925,36.89613526570049,5.857487922705314,24.040526033279658,1.482823403113258,4.1129898013955986,0.20799785292538917,0.46296296296296297,0.020128824476650563,,0.10735373054213634,
126,0.0067096081588835215,14.398819108964037,6.246645195920558,4.247181964573269,42.941492216854535,4.9651100375738055,20.8467525496511,1.4090177133655395,4.1129898013955986,0.2281266774020397,0.46296296296296297,,0.026838432635534086,0.10735373054213634,
127,0.0067096081588835215,12.016908212560386,5.850778314546431,2.314814814814815,48.691626409017715,4.85775630703167,20.135534084809446,1.3083735909822867,4.126409017713366,0.20128824476650564,0.4227053140096618,,0.026838432635534086,0.040257648953301126,
128,0.0067096081588835215,12.00348899624262,6.340579710144928,2.395330112721417,48.53730542136339,4.40150295222759,20.115405260332796,1.328502415458937,4.180085882984434,0.20128824476650564,0.4227053140096618,,0.026838432635534086,0.040257648953301126,
129,0.0067096081588835215,11.990069779924852,6.340579710144928,2.408749329039184,48.490338164251206,4.428341384863124,20.061728395061728,1.3553408480944713,4.2270531400966185,0.20128824476650564,0.4227053140096618,,0.026838432635534086,0.040257648953301126,
130,0.0067096081588835215,11.936392914653783,6.367418142780462,2.462426194310252,48.409822866344605,4.428341384863124,20.061728395061728,1.328502415458937,4.294149221685454,0.20128824476650564,0.4227053140096618,,0.026838432635534086,0.05367686527106817,
131,0.0067096081588835215,11.741814278046162,6.380837359098229,2.4825550187869028,48.28234031132582,4.569243156199678,19.93424584004294,1.3620504562533549,4.502147074610843,0.23483628556092323,0.4227053140096618,,0.026838432635534086,0.05367686527106817,
132,0.0067096081588835215,11.741814278046162,6.367418142780462,2.4825550187869028,48.20182501341922,4.562533548040794,19.961084272678477,1.3955984970477724,4.555823939881911,0.23483628556092323,0.4092860976918948,,0.026838432635534086,0.05367686527106817,
133,0.0067096081588835215,11.741814278046162,6.367418142780462,2.4825550187869028,51.12721417069243,4.53569511540526,16.820987654320987,1.42914653784219,4.7638217928073,0.23483628556092323,0.4092860976918948,,0.026838432635534086,0.05367686527106817,
134,0.0067096081588835215,11.681427804616211,4.616210413311863,2.2074610842726785,57.2463768115942,4.327697262479871,15.049651100375739,1.5297906602254427,2.885131508319914,0.20799785292538917,0.1878690284487386,,0.026838432635534086,0.026838432635534086,
135,0.0067096081588835215,11.681427804616211,4.616210413311863,2.227589908749329,57.1658615136876,4.327697262479871,15.049651100375739,1.5297906602254427,2.945517981749866,0.20799785292538917,0.1878690284487386,,0.026838432635534086,0.026838432635534086,
136,0.0067096081588835215,11.627750939345143,4.616210413311863,2.24771873322598,56.97128287707998,4.361245303274289,15.03623188405797,1.5432098765432098,3.140096618357488,0.20799785292538917,0.1878690284487386,,0.026838432635534086,0.026838432635534086,
137,0.0067096081588835215,11.621041331186259,4.616210413311863,2.254428341384863,56.92431561996779,4.361245303274289,14.97584541062802,1.6035963499731616,3.1870638754696725,0.20799785292538917,0.1878690284487386,,0.026838432635534086,0.026838432635534086,
138,0.0067096081588835215,11.60762211486849,4.602791196994096,2.26784755770263,56.857219538378956,4.334406870638754,14.821524422973699,1.5901771336553945,3.388352120236178,0.23483628556092323,0.20128824476650564,0.03354804079441761,0.026838432635534086,0.026838432635534086,
139,0.0067096081588835215,11.580783682232958,4.609500805152979,2.2879763821792807,56.80354267310789,4.3545356951154055,14.774557165861514,1.6237251744498122,3.435319377348363,0.23483628556092323,0.20128824476650564,0.03354804079441761,0.026838432635534086,0.026838432635534086,
140,0.0067096081588835215,11.560654857756306,4.582662372517445,2.3081052066559313,52.180622651637144,4.3545356951154055,19.652442297369834,1.5901771336553945,3.227321524422974,0.23483628556092323,0.2147074610842727,0.03354804079441761,0.026838432635534086,0.026838432635534086,
141,0.0067096081588835215,11.560654857756306,4.562533548040794,2.3081052066559313,52.11352657004831,4.3545356951154055,19.652442297369834,1.5901771336553945,3.294417606011809,0.23483628556092323,0.23483628556092323,0.03354804079441761,0.026838432635534086,0.026838432635534086,
142,0.0067096081588835215,11.560654857756306,4.562533548040794,2.3752012882447664,51.939076757917334,4.3545356951154055,19.538378958668815,1.6237251744498122,3.4822866344605474,0.23483628556092323,0.23483628556092323,0.03354804079441761,0.026838432635534086,0.026838432635534086,
143,0.0067096081588835215,11.057434245840042,4.562533548040794,2.8784219001610305,51.88539989264627,4.3478260869565215,19.51825013419216,1.6035963499731616,3.535963499731616,0.2683843263553409,0.24825550187869028,0.03354804079441761,0.026838432635534086,0.026838432635534086,
144,0.0067096081588835215,11.017176596886742,4.562533548040794,2.9119699409554483,51.79817498658078,4.40150295222759,19.49812130971551,1.596886741814278,3.5762211486849167,0.2683843263553409,0.27509393451422437,0.03354804079441761,0.026838432635534086,0.026838432635534086,
145,0.0067096081588835215,11.017176596886742,4.549114331723027,2.9119699409554483,51.710950080515296,4.394793344068707,19.370638754696724,1.724369296833065,3.656736446591519,0.2683843263553409,0.30193236714975846,0.03354804079441761,0.026838432635534086,0.026838432635534086,
146,0.0067096081588835215,11.003757380568974,4.374664519592056,2.9388083735909825,50.24825550187869,3.9855072463768115,21.390230810520666,1.596886741814278,3.8915727321524423,0.24154589371980675,0.23483628556092323,0.03354804079441761,0.026838432635534086,0.026838432635534086,
147,0.0067096081588835215,10.997047772410092,4.367954911433173,2.952227589908749,50.22812667740204,3.9855072463768115,21.3768115942029,1.6103059581320451,3.9049919484702094,0.24154589371980675,0.24154589371980675,0.03354804079441761,0.026838432635534086,0.026838432635534086,
148,0.0067096081588835215,10.976918947933441,4.367954911433173,3.207192699946323,49.90606548577563,3.9855072463768115,21.296296296296298,1.6572732152442298,4.025764895330113,0.24154589371980675,0.24154589371980675,0.03354804079441761,0.026838432635534086,0.026838432635534086,
149,0.0067096081588835215,10.943370907139023,4.367954911433173,3.2675791733762747,49.382716049382715,3.9720880300590444,21.296296296296298,1.6639828234031133,4.528985507246377,0.24154589371980675,0.24154589371980675,0.03354804079441761,0.026838432635534086,0.026838432635534086,
150,0.0067096081588835215,10.943370907139023,4.3545356951154055,3.2675791733762747,49.37600644122383,3.9720880300590444,21.26945786366076,1.6908212560386473,4.53569511540526,0.24154589371980675,0.2549651100375738,0.03354804079441761,0.026838432635534086,0.026838432635534086,
151,0.0067096081588835215,10.943370907139023,4.025764895330113,3.294417606011809,48.060923242082666,5.8172302737520125,20.987654320987655,1.6774020397208802,4.602791196994096,0.24154589371980675,0.2549651100375738,0.03354804079441761,0.026838432635534086,0.026838432635534086,
152,0.0067096081588835215,10.929951690821255,4.012345679012346,3.307836822329576,47.57783145464305,5.790391841116479,20.98094471282877,1.6841116478797638,5.0858829844337095,0.28180354267310787,0.2549651100375738,0.03354804079441761,0.026838432635534086,0.026838432635534086,
153,0.0067096081588835215,10.929951690821255,4.012345679012346,3.307836822329576,47.46376811594203,5.790391841116479,20.933977455716587,1.7310789049919484,5.199946323134729,0.28180354267310787,0.2549651100375738,0.03354804079441761,0.026838432635534086,0.026838432635534086,
154,0.0067096081588835215,10.923242082662373,4.012345679012346,3.3145464304884595,47.46376811594203,5.790391841116479,20.759527643585614,1.90552871712292,5.199946323134729,0.28180354267310787,0.2549651100375738,0.03354804079441761,0.026838432635534086,0.026838432635534086,
155,0.0067096081588835215,10.923242082662373,4.025764895330113,3.3145464304884595,47.376543209876544,5.776972624798712,20.73268921095008,1.932367149758454,5.273752012882448,0.2952227589908749,0.2549651100375738,0.03354804079441761,0.026838432635534086,0.026838432635534086,
156,0.0067096081588835215,10.876274825550189,4.025764895330113,3.361513687600644,47.34299516908212,5.8172302737520125,20.73268921095008,1.932367149758454,5.267042404723564,0.2952227589908749,0.2549651100375738,0.03354804079441761,0.026838432635534086,0.026838432635534086,
157,0.0067096081588835215,10.876274825550189,4.025764895330113,3.361513687600644,47.30273752012882,5.8172302737520125,20.69243156199678,1.9726247987117553,5.320719269994632,0.2952227589908749,0.24154589371980675,0.03354804079441761,0.026838432635534086,0.026838432635534086,
158,0.0067096081588835215,10.775630703166936,3.750670960815888,3.8177670424047236,47.14170692431562,5.770263016639828,20.638754696725712,2.01959205582394,5.414653784219001,0.30864197530864196,0.23483628556092323,0.03354804079441761,0.06038647342995169,0.026838432635534086,
159,0.0067096081588835215,10.742082662372518,3.750670960815888,3.844605475040258,47.00080515297907,5.770263016639828,20.544820182501343,2.1135265700483092,5.562265163714439,0.30864197530864196,0.23483628556092323,0.03354804079441761,0.06038647342995169,0.026838432635534086,
160,0.0067096081588835215,10.648148148148149,3.750670960815888,4.032474503488996,46.826355340848096,5.884326355340848,20.38378958668814,2.1403650026838434,5.622651637144391,0.32877079978529256,0.2549651100375738,0.03354804079441761,0.06038647342995169,0.026838432635534086,
161,0.0067096081588835215,10.621309715512615,3.750670960815888,4.086151368760064,46.75925925925926,5.870907139023081,20.38378958668814,2.1806226516371443,5.622651637144391,0.3421900161030596,0.2549651100375738,0.03354804079441761,0.06038647342995169,0.026838432635534086,
