,45,50,51,55,52,54,56,53,58,57
0,100.0,,,,,,,,,
1,100.0,,,,,,,,,
2,98.9801395598497,1.0198604401502953,,,,,,,,
3,98.38298443370907,1.6170155662909287,,,,,,,,
4,94.8268921095008,5.173107890499195,,,,,,,,
5,89.50617283950618,10.493827160493828,,,,,,,,
6,89.52630166398282,10.473698336017177,,,,,,,,
7,85.24557165861513,14.566559312936125,0.1878690284487386,,,,,,,
8,79.36795491143317,20.44417606011809,0.1878690284487386,,,,,,,
9,79.36795491143317,20.44417606011809,0.1878690284487386,,,,,,,
10,68.08239398819109,31.729736983360173,0.1878690284487386,,,,,,,
11,67.02227589908749,32.789855072463766,0.1878690284487386,,,,,,,
12,65.7944176060118,33.51449275362319,0.6910896403650026,,,,,,,
13,63.09044551798175,36.05743424584004,0.7045088566827697,0.14761137949543746,,,,,,
14,63.24476650563607,35.90311325818572,0.7045088566827697,0.14761137949543746,,,,,,
15,63.33199141170156,35.81588835212023,0.7045088566827697,0.14761137949543746,,,,,,
16,62.47987117552335,34.634997316156735,2.737520128824477,0.14761137949543746,,,,,,
17,60.77563070316693,36.33923778851315,2.737520128824477,0.14761137949543746,,,,,,
18,58.393719806763286,36.15807836822329,2.737520128824477,0.1274825550187869,2.5831991411701556,,,,,
19,56.82367149758454,37.76838432635534,2.7106816961889426,0.1274825550187869,2.5697799248523885,,,,,
20,46.256038647343,48.33601717659689,2.7106816961889426,0.1274825550187869,2.5697799248523885,,,,,
21,44.639023081052066,49.67793880837359,2.7106816961889426,0.4025764895330113,2.5697799248523885,,,,,
22,44.7463768115942,49.57058507783145,2.7106816961889426,0.4025764895330113,2.5697799248523885,,,,,
23,44.89398819108964,49.47665056360709,2.6704240472356413,0.38915727321524424,2.5697799248523885,,,,,
24,44.96108427267848,49.18142780461621,2.6704240472356413,0.630703166935051,2.5563607085346214,,,,,
25,44.08212560386473,47.987117552334944,4.74369296833065,0.630703166935051,2.5563607085346214,,,,,
26,40.09661835748792,52.11352657004831,4.602791196994096,0.630703166935051,2.5563607085346214,,,,,
27,40.21068169618894,51.99946323134729,4.602791196994096,0.630703166935051,2.5563607085346214,,,,,
28,39.84836285560923,49.02710681696189,7.937466451959206,0.630703166935051,2.5563607085346214,,,,,
29,40.08990874932904,48.83252818035427,7.917337627482555,0.6038647342995169,2.5563607085346214,,,,,
30,40.27106816961889,48.731884057971016,7.863660762211487,0.6038647342995169,2.5295222758990876,,,,,
31,40.27777777777778,46.65190552871712,7.830112721417069,0.5971551261406334,3.1535158346752548,1.4895330112721417,,,,
32,40.31803542673108,45.98094471282877,8.319914117015566,0.5971551261406334,3.1333870101986045,1.6505636070853462,,,,
33,32.18599033816425,53.46886741814278,8.99087493290392,0.5971551261406334,3.1065485775630703,1.6505636070853462,,,,
34,32.340311325818575,53.32796564680623,8.970746108427267,0.7380568974771873,2.9723564143853998,1.6505636070853462,,,,
35,32.447665056360705,53.09983896940419,8.970746108427267,0.8856682769726248,2.945517981749866,1.6505636070853462,,,,
36,32.427536231884055,53.14009661835749,8.950617283950617,0.8856682769726248,2.7106816961889426,1.6505636070853462,0.23483628556092323,,,
37,32.628824476650564,52.871712292002144,8.950617283950617,1.0332796564680622,2.6301663982823404,1.6505636070853462,0.23483628556092323,,,
38,31.884057971014492,52.36849168008588,8.890230810520666,1.2077294685990339,3.878153515834675,1.5365002683843263,0.23483628556092323,,,
39,31.57541599570585,51.24127750939345,6.971282877079979,1.1876006441223832,7.253086419753086,1.5365002683843263,0.23483628556092323,,,
40,31.548577563070317,48.87949543746645,6.971282877079979,1.1876006441223832,9.695383789586689,1.482823403113258,0.23483628556092323,,,
41,30.44820182501342,48.121309715512616,5.649490069779925,0.95276435856146,12.070585077831455,1.4626945786366077,0.23483628556092323,1.0601180891035964,,
42,29.857756307031668,41.84782608695652,9.192163177670425,0.6038647342995169,15.874932903918411,1.4626945786366077,0.23483628556092323,0.9259259259259259,,
43,29.66988727858293,40.45222758990875,10.809178743961352,0.6038647342995169,15.841384863123993,1.4626945786366077,0.23483628556092323,0.9259259259259259,,
44,29.656468062265162,38.419216317767045,10.319377348362856,0.6038647342995169,16.928341384863124,2.9119699409554483,0.23483628556092323,0.9259259259259259,,
45,28.193773483628558,34.84299516908212,17.364465915190554,0.5501878690284487,15.002683843263553,2.885131508319914,0.23483628556092323,0.9259259259259259,,
46,28.455448201825014,33.943907675791735,18.61916264090177,0.6172839506172839,14.51959205582394,2.885131508319914,0.03354804079441761,0.9259259259259259,,
47,28.522544283413847,30.44820182501342,18.38432635534085,3.6902844873859366,14.922168545356952,2.885131508319914,0.03354804079441761,1.1137949543746646,,
48,28.18035426731079,29.106280193236714,18.169618894256576,3.6902844873859366,16.478797638217927,3.227321524422974,0.03354804079441761,1.1137949543746646,,
49,21.651905528717123,39.432367149758456,19.343800322061192,3.616478797638218,13.097155126140633,2.4490069779924855,0.03354804079441761,0.3757380568974772,,
50,21.70558239398819,39.19753086419753,19.229736983360173,3.6902844873859366,12.359098228663447,2.4490069779924855,0.03354804079441761,1.3352120236178207,,
51,21.30300590445518,40.083199141170155,19.048577563070317,3.6902844873859366,11.265432098765432,3.240740740740741,0.03354804079441761,1.3352120236178207,,
52,21.4573268921095,38.84192163177671,18.4447128287708,3.670155662909286,11.231884057971014,3.2206119162640903,0.03354804079441761,3.099838969404187,,
53,21.22920021470746,35.97691894793344,18.156199677938808,3.3816425120772946,15.103327965646805,3.2206119162640903,0.03354804079441761,2.898550724637681,,
54,21.390230810520666,35.91653247450349,18.089103596349972,3.374932903918411,15.08990874932904,3.207192699946323,0.03354804079441761,2.898550724637681,,
55,15.962157809983896,47.10144927536232,16.814278046162105,3.3413848631239937,11.379495437466453,2.871712292002147,,2.5295222758990876,,
56,16.069511540526033,47.08803005904455,16.76731078904992,3.4688674181427803,11.366076221148685,2.871712292002147,,2.368491680085883,,
57,16.150026838432634,47.04106280193237,16.76731078904992,4.0995705850778315,11.366076221148685,2.2074610842726785,,2.368491680085883,,
58,16.438539989264626,46.3768115942029,16.75389157273215,3.9855072463768115,11.325818572195384,2.7777777777777777,,2.341653247450349,,
59,16.55931293612453,46.09500805152979,16.74718196457327,4.166666666666667,11.325818572195384,2.7643585614600106,,2.341653247450349,,
60,16.210413311862588,44.75308641975309,15.029522275899087,4.441760601180891,14.861782071927,2.7643585614600106,,1.9390767579173376,,
61,16.150026838432634,44.56521739130435,15.291196994095545,3.8714439076757916,14.855072463768115,2.4490069779924855,,2.818035426731079,,
62,16.371443907675793,44.216317767042405,15.24422973698336,3.6097691894793345,14.761137949543746,2.9790660225442833,,2.818035426731079,,
63,16.478797638217927,43.78690284487386,14.553140096618357,3.5829307568438002,14.345142243692969,4.435050993022007,,2.818035426731079,,
64,15.848094471282877,47.638217928073,10.681696188942565,3.4420289855072466,13.41250670960816,3.92512077294686,,5.052334943639291,,
65,16.022544283413847,47.36312399355877,10.681696188942565,3.5628019323671496,13.405797101449275,3.92512077294686,,5.038915727321524,,
66,16.190284487385938,47.30944712828771,10.661567364465915,3.5628019323671496,13.345410628019323,3.8915727321524423,,5.038915727321524,,
67,15.707192699946322,47.97369833601718,10.63472893183038,3.5628019323671496,13.278314546430488,3.851315083199141,,4.99194847020934,,
68,14.687332259796028,47.02093397745572,12.781803542673108,2.2745571658615136,12.52012882447665,2.8515834675254963,,7.863660762211487,,
69,14.834943639291465,46.765968867418145,12.734836285560924,2.428878153515835,12.52012882447665,2.8515834675254963,,7.863660762211487,,
70,15.03623188405797,46.70558239398819,12.734836285560924,2.428878153515835,12.493290391841116,2.8515834675254963,,7.749597423510467,,
71,15.197262479871176,46.64519592055824,12.721417069243156,2.428878153515835,12.432903918411165,2.8515834675254963,,7.722758990874933,,
72,15.351583467525497,46.504294149221685,12.52012882447665,2.4154589371980677,12.365807836822329,2.8381642512077296,,8.004562533548041,,
73,15.70048309178744,46.24932903918411,12.52012882447665,2.4154589371980677,12.305421363392378,2.804616210413312,,8.004562533548041,,
74,15.854804079441761,46.141975308641975,12.52012882447665,2.4154589371980677,12.305421363392378,2.804616210413312,,7.957595276435856,,
75,16.06280193236715,45.853462157809986,12.52012882447665,2.5563607085346214,12.265163714439076,2.7844873859366612,,7.957595276435856,,
76,16.344605475040257,45.58507783145464,11.245303274288782,2.5563607085346214,13.526570048309178,2.7844873859366612,,7.957595276435856,,
77,16.586151368760063,45.48443370907139,11.151368760064413,2.522812667740204,13.513150831991412,2.7844873859366612,,7.957595276435856,,
78,16.988727858293075,45.309983896940416,11.131239935587761,2.4490069779924855,13.674181427804616,2.7643585614600106,,7.682501341921632,,
79,16.99543746645196,43.68625872249061,11.131239935587761,4.066022544283414,13.674181427804616,2.7643585614600106,,7.682501341921632,,
80,16.888083735909824,43.18974771873322,11.131239935587761,4.066022544283414,14.325013419216317,2.7643585614600106,,7.635534084809447,,
81,17.19001610305958,42.41814278046162,11.104401502952227,4.696725711218465,14.2914653784219,2.7643585614600106,,7.5348899624261945,,
82,17.344337090713903,40.02952227589909,11.09098228663446,7.0450885668276975,14.190821256038648,2.7643585614600106,,7.5348899624261945,,
83,17.398013955984972,40.02952227589909,11.05072463768116,7.0450885668276975,14.17740203972088,2.7643585614600106,,7.5348899624261945,,
84,16.552603327965645,37.151100375738054,12.942834138486312,6.850509930220075,14.13714439076758,4.830917874396135,,7.5348899624261945,,
85,16.27750939345142,36.7686527106817,15.163714439076758,6.850509930220075,12.815351583467525,4.5893719806763285,,7.5348899624261945,,
86,16.364734299516908,36.73510466988728,15.13016639828234,6.850509930220075,12.808641975308642,4.575952764358561,,7.5348899624261945,,
87,16.21712292002147,36.71497584541063,16.820987654320987,6.843800322061192,11.688137412775093,4.53569511540526,,7.179280730005368,,
88,16.371443907675793,36.460010735373054,16.820987654320987,6.964573268921095,11.688137412775093,4.51556629092861,,7.179280730005368,,
89,16.472088030059044,35.79575952764358,16.794149221685455,6.468062265163715,12.788513150831992,4.502147074610843,,7.179280730005368,,
90,15.881642512077295,33.803005904455176,20.618625872249062,6.260064412238325,13.117283950617283,3.113258185721954,,7.206119162640902,,
91,15.11003757380569,33.23939881910896,21.631776704240472,7.595276435856146,12.124261943102523,3.113258185721954,,7.185990338164252,,
92,15.351583467525497,33.1454643048846,21.524422973698336,7.581857219538379,12.097423510466989,3.113258185721954,,7.185990338164252,,
93,15.344873859366613,32.58185721953838,21.511003757380568,6.474771873322598,13.788244766505636,3.113258185721954,,7.185990338164252,,
94,15.526033279656469,32.400697799248526,21.511003757380568,6.474771873322598,13.788244766505636,3.113258185721954,,7.185990338164252,,
95,14.680622651637144,31.367418142780462,23.906333870101985,6.474771873322598,13.734567901234568,2.932098765432099,,6.904186795491143,,
96,14.76784755770263,31.219806763285025,23.409822866344605,7.03166935050993,13.734567901234568,2.932098765432099,,6.904186795491143,,
97,15.076489533011273,31.031937734836287,23.32259796027912,7.03166935050993,13.734567901234568,2.9253891572732154,,6.877348362855609,,
98,15.210681696188942,30.776972624798713,22.6784755770263,7.085346215780999,14.479334406870638,2.9119699409554483,,6.857219538378959,,
99,15.291196994095545,30.776972624798713,22.63150831991412,7.0383789586688135,14.908749329039184,2.9119699409554483,,6.4412238325281805,,
100,15.599838969404187,30.73671497584541,22.564412238325282,6.977992485238862,14.781266774020397,2.898550724637681,,6.4412238325281805,,
101,15.619967793880837,30.50187869028449,22.510735373054214,7.078636607622115,14.38539989264627,2.898550724637681,,7.004830917874396,,
102,15.653515834675256,30.495169082125603,22.510735373054214,7.078636607622115,14.358561460010735,2.898550724637681,,7.004830917874396,,
103,15.754159957058508,30.394524959742352,22.510735373054214,7.078636607622115,14.358561460010735,2.898550724637681,,7.004830917874396,,
104,15.814546430488459,30.307300053676865,22.443639291465377,6.977992485238862,14.579978529253891,2.898550724637681,,6.977992485238862,,
105,15.962157809983896,30.193236714975846,22.443639291465377,6.964573268921095,14.55984970477724,2.898550724637681,,6.977992485238862,,
106,16.13660762211487,30.139559849704778,22.269189479334408,7.0450885668276975,14.533011272141707,2.898550724637681,,6.977992485238862,,
107,16.049382716049383,30.267042404723565,22.24235104669887,7.0383789586688135,14.526301663982823,2.898550724637681,,6.977992485238862,,
108,16.31105743424584,30.226784755770264,22.020933977455716,7.011540526033279,14.257917337627482,2.898550724637681,,7.273215244229737,,
109,16.264090177133657,29.978529253891573,21.618357487922705,7.011540526033279,15.666935050993022,2.737520128824477,,6.723027375201288,,
110,16.451959205582394,29.837627482555018,21.611647879763822,6.984702093397746,15.653515834675256,2.737520128824477,,6.723027375201288,,
111,16.659957058507782,29.757112184648417,21.578099838969404,6.977992485238862,15.626677402039721,2.7106816961889426,,6.689479334406871,,
112,17.002147074610843,29.656468062265162,21.470746108427267,6.957863660762212,15.526033279656469,2.703972088030059,,6.6827697262479875,,
113,16.820987654320987,29.2337627482555,23.772141706924316,5.837359098228664,15.465646806226516,2.6033279656468062,,6.266774020397209,,
114,16.67337627482555,28.965378421900162,24.40955448201825,5.837359098228664,15.271068169618895,2.6033279656468062,,6.239935587761675,,
115,16.800858829844337,28.92512077294686,24.376006441223833,5.810520665593129,15.271068169618895,2.576489533011272,,6.239935587761675,,
116,16.7337627482555,28.56280193236715,26.20101986044015,5.6964573268921095,14.04320987654321,2.576489533011272,,6.1862587224906065,,
117,17.062533548040793,28.462157809983896,26.01315083199141,5.790391841116479,13.90901771336554,2.576489533011272,,6.1862587224906065,,
118,16.646537842190018,26.556629092860977,25.966183574879228,5.709876543209877,16.358024691358025,2.576489533011272,,6.1862587224906065,,
119,16.80756843800322,26.455984970477726,25.939345142243692,5.709876543209877,16.324476650563607,2.576489533011272,,6.1862587224906065,,
120,16.445249597423512,25.905797101449274,26.92565754159957,5.6964573268921095,16.223832528180353,2.623456790123457,,6.179549114331723,,
121,16.42512077294686,25.805152979066023,26.529790660225444,5.662909286097692,16.21712292002147,2.623456790123457,,6.736446591519055,,
122,16.606280193236714,25.771604938271604,26.455984970477726,5.642780461621041,16.163446054750402,2.623456790123457,,6.736446591519055,,
123,16.75389157273215,25.650831991411703,26.44927536231884,5.548845947396672,15.982286634460548,2.61003757380569,0.27509393451422437,6.729736983360172,,
124,16.948470209339774,25.6105743424584,26.382179280730007,5.508588298443371,15.982286634460548,2.6033279656468062,0.27509393451422437,6.689479334406871,,
125,17.250402576489535,24.48336017176597,24.329039184111647,5.4616210413311865,15.94873859366613,5.5689747718733225,0.27509393451422437,6.6827697262479875,,
126,17.19001610305958,24.44310252281267,26.214439076757916,5.4616210413311865,15.344873859366613,5.636070853462158,0.27509393451422437,5.434782608695652,,
127,17.257112184648417,24.44310252281267,26.1808910359635,5.441492216854535,15.331454643048845,5.636070853462158,0.27509393451422437,5.434782608695652,,
128,17.398013955984972,24.422973698336016,26.06682769726248,5.441492216854535,15.331454643048845,5.629361245303274,0.27509393451422437,5.434782608695652,,
129,17.431561996779386,24.40955448201825,26.06682769726248,5.434782608695652,15.331454643048845,5.629361245303274,0.27509393451422437,5.421363392377885,,
130,17.726784755770264,24.36929683306495,25.946054750402578,5.340848094471283,15.318035426731079,5.629361245303274,0.27509393451422437,5.394524959742351,,
131,17.94820182501342,24.261943102522814,25.771604938271604,5.488459473966721,15.291196994095545,5.60252281266774,0.27509393451422437,5.360976918947934,,
132,18.02871712292002,24.20155662909286,25.194578636607623,5.475040257648954,16.049382716049383,5.60252281266774,0.27509393451422437,5.173107890499195,,
133,17.733494363929147,22.014224369296834,25.831991411701555,5.448201825013419,15.116747181964573,5.595813204508857,0.27509393451422437,7.98443370907139,,
134,18.06226516371444,21.93370907139023,25.811862587224905,5.448201825013419,15.022812667740205,5.58239398819109,0.27509393451422437,7.863660762211487,,
135,18.189747718733226,21.866612989801396,25.771604938271604,5.441492216854535,15.009393451422437,5.58239398819109,0.27509393451422437,7.863660762211487,,
136,18.364197530864196,21.812936124530328,25.704508856682768,5.428073000536768,15.009393451422437,5.548845947396672,0.27509393451422437,7.856951154052603,,
137,18.391035963499732,21.786097691894792,25.704508856682768,5.428073000536768,15.009393451422437,5.548845947396672,0.27509393451422437,7.856951154052603,,
138,17.297369833601717,20.645464304884594,28.32125603864734,5.407944176060118,13.16425120772947,4.575952764358561,0.27509393451422437,10.312667740203972,,
139,17.371175523349436,20.645464304884594,28.29441760601181,5.394524959742351,13.137412775093935,4.575952764358561,0.27509393451422437,10.305958132045088,,
140,17.438271604938272,20.611916264090176,28.27428878153516,5.394524959742351,13.130703166935051,4.575952764358561,0.27509393451422437,10.299248523886206,,
141,17.465110037573805,20.611916264090176,28.27428878153516,5.394524959742351,13.103864734299517,4.575952764358561,0.27509393451422437,10.299248523886206,,
142,17.632850241545892,20.571658615136876,28.193773483628558,5.360976918947934,13.103864734299517,4.562533548040794,0.27509393451422437,10.299248523886206,,
143,17.840848094471284,20.52469135802469,28.187063875469672,5.360976918947934,13.050187869028449,4.542404723564144,0.27509393451422437,10.218733225979603,,
144,17.941492216854535,20.46430488459474,28.187063875469672,5.360976918947934,13.023349436392914,4.542404723564144,0.27509393451422437,10.205314009661835,,
145,17.800590445517983,19.867149758454108,28.06629092860977,5.360976918947934,13.009930220075148,5.421363392377885,0.27509393451422437,10.198604401502953,,
146,17.98845947396672,19.81347289318304,27.999194847020934,5.35426731078905,12.99651100375738,5.414653784219001,0.27509393451422437,10.158346752549651,,
147,18.136070853462158,19.81347289318304,27.965646806226516,5.273752012882448,12.99651100375738,5.414653784219001,0.27509393451422437,10.124798711755233,,
148,18.431293612453032,19.786634460547504,27.80461621041331,5.246913580246914,12.922705314009661,5.407944176060118,0.27509393451422437,10.124798711755233,,
149,15.881642512077295,32.098765432098766,24.02710681696189,5.233494363929147,8.266237251744498,5.401234567901234,0.27509393451422437,8.816425120772946,,
150,15.11003757380569,30.18652710681696,24.00697799248524,4.790660225442834,8.266237251744498,8.68894256575416,0.27509393451422437,8.675523349436393,,
151,15.210681696188942,30.132850241545892,23.96672034353194,4.757112184648417,9.594739667203436,8.648684916800859,0.27509393451422437,7.4141170155662905,,
152,15.28448738593666,30.08588298443371,23.939881910896403,4.757112184648417,9.594739667203436,8.648684916800859,0.27509393451422437,7.4141170155662905,,
153,15.425389157273216,30.04562533548041,23.899624261943103,4.750402576489533,9.594739667203436,8.628556092324208,0.27509393451422437,7.380568974771873,,
154,15.666935050993022,29.97181964573269,23.872785829307567,4.736983360171766,9.554482018250134,8.581588835212024,0.27509393451422437,7.340311325818572,,
155,15.559581320450885,29.005636070853463,23.812399355877616,4.468599033816425,9.4873859366613,10.124798711755233,0.27509393451422437,7.266505636070853,,
156,15.693773483628556,28.911701556629094,23.778851315083198,4.468599033816425,9.480676328502415,10.124798711755233,0.27509393451422437,7.266505636070853,,
157,15.915190552871712,28.83118625872249,23.658078368223297,4.468599033816425,9.460547504025765,10.124798711755233,0.27509393451422437,7.266505636070853,,
158,16.09634997316157,28.73054213633924,23.62453032742888,4.468599033816425,9.447128287707997,10.124798711755233,0.27509393451422437,7.232957595276436,,
159,15.613258185721953,28.5426731078905,22.302737520128826,4.38137412775094,11.540526033279656,10.11808910359635,0.27509393451422437,7.226247987117552,,
160,15.895061728395062,28.515834675254965,22.12157809983897,4.361245303274289,11.520397208803006,10.11808910359635,0.27509393451422437,7.192699946323135,,
161,15.874932903918411,27.851583467525497,21.651905528717123,4.3545356951154055,11.486849168008588,10.11808910359635,0.27509393451422437,8.387010198604402,,
162,15.895061728395062,27.74422973698336,21.62506709608159,4.3545356951154055,11.366076221148685,10.11808910359635,0.5099302200751477,8.387010198604402,,
163,16.11647879763822,27.697262479871174,21.591519055287172,4.3545356951154055,11.29898013955985,10.057702630166398,0.5099302200751477,8.373590982286634,,
164,16.371443907675793,27.643585614600106,21.464036500268385,4.3545356951154055,11.29898013955985,10.057702630166398,0.5099302200751477,8.299785292538916,,
165,16.6935050993022,27.20746108427268,21.443907675791735,4.62962962962963,11.231884057971014,10.037573805689748,0.5099302200751477,8.246108427267847,,
166,17.23027375201288,27.073268921095007,21.16881374127751,4.62962962962963,11.151368760064413,10.037573805689748,0.4830917874396135,8.225979602791197,,
167,17.49194847020934,27.066559312936125,21.021202361782073,4.62962962962963,11.151368760064413,10.02415458937198,0.4830917874396135,8.132045088566828,,
168,17.438271604938272,26.50295222758991,21.66532474503489,4.62962962962963,10.721953837895867,9.23913043478261,0.5904455179817498,9.212292002147075,,
169,17.49194847020934,26.362050456253353,21.484165324745035,4.958400429414922,10.701825013419215,9.212292002147075,0.5904455179817498,9.198872785829307,,
170,17.67981749865808,26.27482555018787,21.43719806763285,4.944981213097155,10.668276972624799,9.205582393988191,0.5904455179817498,9.198872785829307,,
171,17.767042404723565,26.25469672571122,21.43719806763285,4.944981213097155,10.641438539989265,9.205582393988191,0.5904455179817498,9.158615136876007,,
172,17.840848094471284,26.214439076757916,21.16881374127751,4.944981213097155,11.137949543746645,9.07139023081052,0.5904455179817498,9.03113258185722,,
173,18.04213633923779,26.113794954374665,21.115136876006442,4.944981213097155,11.11111111111111,9.07139023081052,0.5904455179817498,9.01100375738057,,
174,18.203166935050994,26.060118089103597,21.061460010735374,4.944981213097155,11.077563070316694,9.05126140633387,0.5904455179817498,9.01100375738057,,
175,17.881105743424584,25.87895866881374,21.618357487922705,4.944981213097155,11.023886205045626,9.05126140633387,0.5904455179817498,9.01100375738057,,
176,17.941492216854535,25.664251207729468,21.557971014492754,4.87788513150832,11.473429951690822,8.903650026838433,0.5904455179817498,8.99087493290392,,
177,18.04213633923779,25.63070316693505,21.517713365539453,4.87788513150832,11.473429951690822,8.903650026838433,0.5904455179817498,8.964036500268385,,
178,17.37788513150832,25.11406333870102,22.309447128287708,5.287171229200215,11.473429951690822,8.883521202361782,0.5904455179817498,8.964036500268385,,
179,17.599302200751477,25.06038647342995,22.19538378958669,5.287171229200215,11.446591519055287,8.883521202361782,0.5904455179817498,8.93719806763285,,
180,17.800590445517983,24.986580783682232,22.088030059044552,5.280461621041331,11.446591519055287,8.870101986044014,0.5904455179817498,8.93719806763285,,
181,17.995169082125603,24.84567901234568,22.041062801932366,5.193236714975845,11.43317230273752,8.82313472893183,0.5904455179817498,8.93719806763285,0.14090177133655393,
182,18.250134192163177,24.57729468599034,22.034353193773484,5.193236714975845,11.272141706924316,9.359903381642512,0.36902844873859364,8.80300590445518,0.14090177133655393,
183,18.310520665593128,24.570585077831456,22.0276435856146,5.193236714975845,11.272141706924316,9.326355340848094,0.36902844873859364,8.789586688137414,0.14090177133655393,
184,18.431293612453032,24.54374664519592,22.000805152979066,5.166398282340311,11.238593666129898,9.326355340848094,0.36902844873859364,8.78287707997853,0.14090177133655393,
185,18.511808910359633,24.54374664519592,21.987385936661298,5.146269457863661,11.238593666129898,9.312936124530328,0.36902844873859364,8.749329039184111,0.14090177133655393,
186,17.94820182501342,23.960010735373054,21.115136876006442,5.072463768115942,12.70799785292539,9.265968867418144,0.36902844873859364,9.420289855072463,0.14090177133655393,
187,17.941492216854535,24.168008588298445,21.081588835212024,5.059044551798175,12.573805689747719,9.265968867418144,0.36902844873859364,9.400161030595813,0.14090177133655393,
188,18.12265163714439,24.114331723027377,21.00107353730542,5.038915727321524,12.573805689747719,9.23913043478261,0.36902844873859364,9.400161030595813,0.14090177133655393,
189,18.243424584004295,24.074074074074073,20.86688137412775,5.038915727321524,12.52012882447665,9.219001610305957,0.49651100375738055,9.400161030595813,0.14090177133655393,
190,18.431293612453032,23.946591519055286,20.833333333333332,5.038915727321524,12.493290391841116,9.219001610305957,0.49651100375738055,9.400161030595813,0.14090177133655393,
191,18.632581857219538,23.8191089640365,20.705850778314545,5.038915727321524,12.379227053140097,9.178743961352657,0.49651100375738055,9.608158883521202,0.14090177133655393,
192,18.54535695115405,22.906602254428343,20.611916264090176,5.971551261406334,12.31213097155126,9.406870638754697,0.49651100375738055,9.608158883521202,0.14090177133655393,
193,18.739935587761675,22.779119699409556,20.551529790660226,6.105743424584004,12.298711755233494,9.326355340848094,0.49651100375738055,9.561191626409018,0.14090177133655393,
194,18.894256575415994,22.69860440150295,20.50456253354804,6.105743424584004,12.298711755233494,9.306226516371444,0.49651100375738055,9.554482018250134,0.14090177133655393,
195,19.048577563070317,22.69860440150295,20.50456253354804,6.078904991948471,12.191358024691358,9.286097691894794,0.49651100375738055,9.554482018250134,0.14090177133655393,
196,19.410896403650028,22.537573805689746,20.41062801932367,6.0654857756307035,12.177938808373591,9.23913043478261,0.46296296296296297,9.554482018250134,0.14090177133655393,
197,19.464573268921097,22.52415458937198,20.41062801932367,6.0654857756307035,12.177938808373591,9.212292002147075,0.46296296296296297,9.541062801932368,0.14090177133655393,
198,17.310789049919485,17.270531400966185,18.33064949006978,5.139559849704777,23.07434245840043,9.198872785829307,0.46296296296296297,9.07139023081052,0.14090177133655393,
199,17.330917874396135,17.270531400966185,18.17632850241546,5.139559849704777,22.6784755770263,9.138486312399356,0.46296296296296297,9.541062801932368,0.14090177133655393,0.12077294685990338
200,17.37788513150832,17.196725711218466,18.23671497584541,5.300590445517981,22.6784755770263,8.964036500268385,0.46296296296296297,9.520933977455716,0.14090177133655393,0.12077294685990338
201,17.57246376811594,17.143048845947398,18.149490069779926,5.293880837359098,22.544283413848632,8.923778851315083,0.46296296296296297,9.520933977455716,0.14090177133655393,0.24825550187869028
202,17.793880837359097,17.08937198067633,18.14278046162104,5.293880837359098,22.38996242619431,8.923778851315083,0.46296296296296297,9.514224369296834,0.14090177133655393,0.24825550187869028
203,17.92807300053677,17.06924315619968,18.109232420826622,5.213365539452496,22.363123993558776,8.984165324745035,0.46296296296296297,9.480676328502415,0.14090177133655393,0.24825550187869028
204,18.015297906602253,17.062533548040793,18.06897477187332,5.213365539452496,22.33628556092324,8.977455716586151,0.46296296296296297,9.473966720343531,0.14090177133655393,0.24825550187869028
205,18.136070853462158,17.022275899087493,17.901234567901234,5.179817498658078,22.463768115942027,8.970746108427267,0.46296296296296297,9.473966720343531,0.14090177133655393,0.24825550187869028
206,18.33064949006978,16.941760601180892,17.840848094471284,5.179817498658078,22.463768115942027,8.930488459473967,0.4495437466451959,9.473966720343531,0.14090177133655393,0.24825550187869028
207,18.646001073537306,16.921631776704242,17.54562533548041,5.132850241545894,22.52415458937198,8.930488459473967,0.4495437466451959,9.460547504025765,0.14090177133655393,0.24825550187869028
208,18.833870101986044,16.921631776704242,17.458400429414922,5.132850241545894,22.430220075147613,8.923778851315083,0.4495437466451959,9.460547504025765,0.14090177133655393,0.24825550187869028
209,18.914385399892645,16.901502952227588,17.411433172302736,5.132850241545894,22.416800858829845,8.923778851315083,0.4495437466451959,9.460547504025765,0.14090177133655393,0.24825550187869028
210,19.0552871712292,16.894793344068706,17.411433172302736,5.112721417069243,22.33628556092324,8.890230810520666,0.4495437466451959,9.460547504025765,0.14090177133655393,0.24825550187869028
211,19.209608158883523,16.61969940955448,17.404723564143854,5.3274288781535155,22.269189479334408,8.870101986044014,0.4495437466451959,9.460547504025765,0.14090177133655393,0.24825550187869028
212,19.363929146537842,16.6129898013956,17.351046698872786,5.314009661835748,22.22222222222222,8.870101986044014,0.4495437466451959,9.426999463231347,0.14090177133655393,0.24825550187869028
213,19.524959742351047,16.6129898013956,17.250402576489535,5.314009661835748,22.094739667203434,8.816425120772946,0.4495437466451959,9.54777241009125,0.14090177133655393,0.24825550187869028
214,19.592055823939884,16.6129898013956,17.223564143854,5.314009661835748,22.054482018250134,8.816425120772946,0.4495437466451959,9.54777241009125,0.14090177133655393,0.24825550187869028
215,19.6256038647343,16.59957058507783,17.223564143854,5.307300053676865,22.054482018250134,8.809715512614064,0.4428341384863124,9.54777241009125,0.14090177133655393,0.24825550187869028
216,19.79334406870639,16.53918411164788,17.223564143854,5.307300053676865,22.034353193773484,8.756038647342995,0.4428341384863124,9.514224369296834,0.14090177133655393,0.24825550187869028
217,19.994632313472895,16.51905528717123,17.20343531937735,5.307300053676865,21.973966720343533,8.68894256575416,0.5032206119162641,9.420289855072463,0.14090177133655393,0.24825550187869028
218,20.061728395061728,16.485507246376812,17.20343531937735,5.300590445517981,21.947128287707997,8.68894256575416,0.5032206119162641,9.420289855072463,0.14090177133655393,0.24825550187869028
219,20.142243692968332,16.438539989264626,17.16988727858293,5.300590445517981,21.947128287707997,8.68894256575416,0.5032206119162641,9.420289855072463,0.14090177133655393,0.24825550187869028
220,20.222758990874933,16.42512077294686,17.16988727858293,5.273752012882448,21.792807300053678,8.641975308641975,0.41599570585077833,9.668545356951155,0.14090177133655393,0.24825550187869028
221,20.28985507246377,16.42512077294686,17.136339237788512,5.273752012882448,21.772678475577028,8.641975308641975,0.41599570585077833,9.655126140633387,0.14090177133655393,0.24825550187869028
222,20.081857219538378,15.908480944712828,17.122920021470748,5.273752012882448,22.571121846484164,8.641975308641975,0.41599570585077833,9.594739667203436,0.14090177133655393,0.24825550187869028
223,20.28985507246377,15.901771336553946,17.042404723564143,5.273752012882448,22.48389694041868,8.621846484165324,0.41599570585077833,9.581320450885668,0.14090177133655393,0.24825550187869028
224,20.44417606011809,15.633387010198604,16.680085882984432,5.273752012882448,22.48389694041868,8.621846484165324,0.41599570585077833,10.057702630166398,0.14090177133655393,0.24825550187869028
225,20.50456253354804,15.60654857756307,16.680085882984432,5.273752012882448,22.450348899624263,8.621846484165324,0.41599570585077833,10.057702630166398,0.14090177133655393,0.24825550187869028
226,20.67230273752013,15.60654857756307,16.680085882984432,5.273752012882448,22.31615673644659,8.608427267847558,0.41599570585077833,10.037573805689748,0.14090177133655393,0.24825550187869028
227,20.78636607622115,15.60654857756307,16.639828234031132,5.273752012882448,22.25577026301664,8.608427267847558,0.41599570585077833,10.02415458937198,0.14090177133655393,0.24825550187869028
228,20.739398819108963,15.593129361245303,16.59286097691895,5.273752012882448,22.19538378958669,8.413848631239935,0.41599570585077833,10.38647342995169,0.14090177133655393,0.24825550187869028
229,20.840042941492218,15.559581320450885,16.646537842190018,5.253623188405797,22.16183574879227,8.387010198604402,0.41599570585077833,10.34621578099839,0.14090177133655393,0.24825550187869028
230,21.081588835212024,15.479066022544284,16.55931293612453,5.173107890499195,22.108158883521202,8.380300590445518,0.4025764895330113,10.426731078904991,0.14090177133655393,0.24825550187869028
231,21.202361782071925,15.438808373590982,16.51905528717123,5.173107890499195,22.054482018250134,8.380300590445518,0.4025764895330113,10.34621578099839,0.14090177133655393,0.3421900161030596
232,21.4573268921095,15.411969940955448,16.458668813741276,5.173107890499195,21.960547504025765,8.360171765968868,0.4025764895330113,10.292538915727322,0.14090177133655393,0.3421900161030596
233,21.598228663446054,15.365002683843263,16.445249597423512,5.24020397208803,21.93370907139023,8.299785292538916,0.4025764895330113,10.23215244229737,0.14090177133655393,0.3421900161030596
234,21.772678475577028,15.344873859366613,16.344605475040257,5.340848094471283,21.900161030595815,8.21256038647343,0.4025764895330113,10.198604401502953,0.14090177133655393,0.3421900161030596
235,21.920289855072465,15.344873859366613,16.317767042404725,5.3274288781535155,21.89345142243693,8.145464304884594,0.4025764895330113,10.165056360708535,0.14090177133655393,0.3421900161030596
236,22.041062801932366,15.324745034889963,16.25738056897477,5.320719269994632,21.880032206119164,8.125335480407944,0.4025764895330113,10.165056360708535,0.14090177133655393,0.3421900161030596
237,22.17525496511004,15.28448738593666,16.23054213633924,5.287171229200215,21.846484165324746,8.125335480407944,0.4025764895330113,10.165056360708535,0.14090177133655393,0.3421900161030596
238,22.463768115942027,15.237520128824476,16.150026838432634,5.287171229200215,21.71900161030596,8.091787439613526,0.4025764895330113,10.165056360708535,0.14090177133655393,0.3421900161030596
239,22.48389694041868,15.22410091250671,16.150026838432634,5.320719269994632,21.692163177670423,8.085077831454644,0.4025764895330113,10.158346752549651,0.14090177133655393,0.3421900161030596
240,22.52415458937198,15.029522275899087,16.150026838432634,5.615942028985507,21.672034353193773,7.96430488459474,0.4025764895330113,10.158346752549651,0.14090177133655393,0.3421900161030596
241,22.564412238325282,15.029522275899087,16.109769189479334,5.615942028985507,21.30300590445518,7.96430488459474,0.4025764895330113,10.158346752549651,0.14090177133655393,0.7112184648416533
242,22.67176596886742,15.022812667740205,16.10305958132045,5.595813204508857,21.28287707997853,7.944176060118089,0.4025764895330113,10.124798711755233,0.14090177133655393,0.7112184648416533
243,22.82608695652174,15.022812667740205,16.069511540526033,5.595813204508857,21.22249060654858,7.924047235641439,0.4025764895330113,10.091250670960816,0.14090177133655393,0.7045088566827697
244,22.953569511540525,15.022812667740205,16.069511540526033,5.562265163714439,21.135265700483092,7.917337627482555,0.4025764895330113,10.091250670960816,0.14090177133655393,0.7045088566827697
245,22.611379495437465,14.237788513150832,16.069511540526033,5.300590445517981,21.088298443370906,9.366612989801396,0.4025764895330113,10.084541062801932,0.13419216317767044,0.7045088566827697
246,22.73215244229737,14.237788513150832,16.069511540526033,5.300590445517981,21.027911969940956,9.353193773483628,0.4025764895330113,10.044283413848632,0.13419216317767044,0.6977992485238862
247,22.832796564680624,14.237788513150832,16.069511540526033,5.300590445517981,21.00107353730542,9.353193773483628,0.4025764895330113,9.970477724100913,0.13419216317767044,0.6977992485238862
248,23.081052066559312,14.123725174449811,16.0426731078905,5.293880837359098,20.94068706387547,9.353193773483628,0.4025764895330113,9.930220075147611,0.13419216317767044,0.6977992485238862
249,23.30246913580247,14.083467525496511,16.0426731078905,5.293880837359098,20.813204508856682,9.353193773483628,0.4025764895330113,9.876543209876543,0.13419216317767044,0.6977992485238862
250,23.336017176596886,14.049919484702093,16.022544283413847,5.287171229200215,20.813204508856682,9.16532474503489,0.4025764895330113,10.091250670960816,0.13419216317767044,0.6977992485238862
251,23.396403650026837,14.029790660225443,16.022544283413847,5.287171229200215,20.8064949006978,9.131776704240472,0.4025764895330113,10.091250670960816,0.13419216317767044,0.6977992485238862
252,23.450080515297905,13.989533011272142,16.022544283413847,5.287171229200215,20.79307568438003,9.131776704240472,0.4025764895330113,10.091250670960816,0.13419216317767044,0.6977992485238862
253,23.58427267847558,13.94927536231884,15.982286634460548,5.280461621041331,20.79307568438003,9.104938271604938,0.4025764895330113,10.071121846484166,0.13419216317767044,0.6977992485238862
254,23.772141706924316,13.90901771336554,15.901771336553946,5.273752012882448,20.645464304884594,9.078099838969404,0.4025764895330113,10.071121846484166,0.13419216317767044,0.8118625872249061
255,23.91304347826087,13.882179280730005,15.854804079441761,5.273752012882448,20.611916264090176,9.044551798174986,0.4025764895330113,10.071121846484166,0.13419216317767044,0.8118625872249061
256,24.04723564143854,13.882179280730005,15.83467525496511,5.273752012882448,20.52469135802469,9.044551798174986,0.4025764895330113,10.044283413848632,0.13419216317767044,0.8118625872249061
257,24.288781535158346,13.882179280730005,15.807836822329575,5.273752012882448,20.41062801932367,8.970746108427267,0.4025764895330113,10.017444981213098,0.13419216317767044,0.8118625872249061
258,24.671229200214707,13.79495437466452,15.780998389694043,5.246913580246914,20.209339774557165,8.970746108427267,0.4025764895330113,9.977187332259795,0.13419216317767044,0.8118625872249061
259,24.805421363392377,13.79495437466452,15.76086956521739,5.246913580246914,20.209339774557165,8.896940418679549,0.4025764895330113,9.936929683306495,0.13419216317767044,0.8118625872249061
260,24.88593666129898,13.79495437466452,15.619967793880837,5.24020397208803,20.33011272141707,8.863392377885132,0.4025764895330113,9.916800858829845,0.13419216317767044,0.8118625872249061
261,24.00697799248524,12.634192163177671,19.243156199677937,4.864465915190553,20.531400966183575,7.937466451959206,0.4025764895330113,9.433709071390231,0.13419216317767044,0.8118625872249061
262,24.154589371980677,12.627482555018787,19.189479334406872,4.864465915190553,20.457595276435857,7.924047235641439,0.4025764895330113,9.433709071390231,0.13419216317767044,0.8118625872249061
263,24.268652710681696,12.526838432635534,19.16935050993022,4.918142780461621,20.40391841116479,7.930756843800322,0.4025764895330113,9.433709071390231,0.13419216317767044,0.8118625872249061
264,24.02710681696189,11.802200751476114,19.0955448201825,4.736983360171766,20.343531937734838,9.25925925925926,0.4025764895330113,9.386741814278047,0.13419216317767044,0.8118625872249061
265,23.859366612989803,11.788781535158346,18.927804616210413,4.696725711218465,20.222758990874933,9.796027911969942,0.4025764895330113,9.359903381642512,0.13419216317767044,0.8118625872249061
