,45,50,55,51,52,53,56,57,54,58,60
0,98.95330112721417,1.0466988727858293,,,,,,,,,
1,84.42028985507247,15.579710144927537,,,,,,,,,
2,81.0654857756307,18.9345142243693,,,,,,,,,
3,79.8040794417606,20.1959205582394,,,,,,,,,
4,78.73725174449812,21.26274825550188,,,,,,,,,
5,77.50268384326355,22.497316156736446,,,,,,,,,
6,77.61003757380568,22.014224369296834,0.3757380568974772,,,,,,,,
7,77.68384326355341,21.940418679549115,0.3757380568974772,,,,,,,,
8,76.97262479871175,22.65163714439077,0.3757380568974772,,,,,,,,
9,76.89881910896403,22.725442834138487,0.3757380568974772,,,,,,,,
10,76.61701556629093,23.007246376811594,0.3757380568974772,,,,,,,,
11,71.13526570048309,28.421900161030596,0.4428341384863124,,,,,,,,
12,69.84702093397746,29.602791196994094,0.5501878690284487,,,,,,,,
13,69.39747718733226,28.911701556629094,0.5501878690284487,1.1406333870101986,,,,,,,
14,68.86070853462158,28.20048309178744,0.5501878690284487,0.9930220075147611,1.3955984970477724,,,,,,
15,66.88808373590982,30.85077831454643,0.5166398282340311,0.5568974771873323,1.1876006441223832,,,,,,
16,66.96859903381643,30.770263016639827,0.5166398282340311,0.5568974771873323,1.1876006441223832,,,,,,
17,66.21041331186258,30.823939881910896,0.5166398282340311,1.261406333870102,1.1876006441223832,,,,,,
18,59.333064949006975,36.9296833064949,0.5166398282340311,2.033011272141707,1.1876006441223832,,,,,,
19,29.51556629092861,67.6731078904992,0.19457863660762212,1.42914653784219,1.1876006441223832,,,,,,
20,29.166666666666668,65.0228126677402,1.6438539989264627,2.9924852388620504,1.1741814278046163,,,,,,
21,26.167471819645733,63.848631239935585,3.113258185721954,5.6964573268921095,1.1741814278046163,,,,,,
22,26.301663982823403,51.851851851851855,1.9189479334406871,5.6964573268921095,1.1741814278046163,13.056897477187333,,,,,
23,26.623725174449813,50.966183574879224,1.9994632313472893,5.448201825013419,1.1473429951690821,13.81508319914117,,,,,
24,26.912238325281802,50.597155126140635,2.2410091250670963,5.387815351583468,1.1473429951690821,13.714439076757918,,,,,
25,26.94578636607622,50.40257648953301,2.2410091250670963,5.387815351583468,1.1473429951690821,13.875469672571121,,,,,
26,27.234299516908212,50.11406333870102,2.3081052066559313,5.35426731078905,1.1473429951690821,13.841921631776705,,,,,
27,27.469135802469136,49.79200214707461,2.3081052066559313,5.528717122920021,1.1473429951690821,13.754696725711218,,,,,
28,27.28797638217928,46.282877079978526,1.9927536231884058,5.776972624798712,1.1473429951690821,17.51207729468599,,,,,
29,25.268384326355342,38.63392377885131,1.8518518518518519,21.490874932903917,2.657004830917874,10.0979602791197,,,,,
30,25.523349436392916,38.419216317767045,1.9524959742351047,21.349973161567366,2.657004830917874,10.0979602791197,,,,,
31,25.254965110037574,38.31186258722491,1.9524959742351047,20.511272141706925,4.092860976918948,9.876543209876543,,,,,
32,21.584809447128286,36.808910359635,1.8585614600107354,22.69189479334407,4.824208266237251,9.829575952764358,2.4020397208803006,,,,
33,21.26945786366076,37.32555018786903,2.2745571658615136,22.624798711755233,4.824208266237251,9.326355340848094,2.3550724637681157,,,,
34,20.457595276435857,38.26489533011272,2.26784755770263,22.584541062801932,4.783950617283951,9.286097691894794,2.3550724637681157,,,,
35,20.73268921095008,38.0703166935051,2.254428341384863,22.5577026301664,4.7638217928073,9.936929683306495,1.6841116478797638,,,,
36,21.027911969940956,38.016639828234034,2.254428341384863,22.33628556092324,4.757112184648417,9.923510466988727,1.6841116478797638,,,,
37,21.55126140633387,37.80864197530864,2.2410091250670963,22.114868491680085,4.723564143853999,9.769189479334408,1.6841116478797638,0.10735373054213634,,,
38,21.638486312399355,37.84219001610306,2.2410091250670963,22.0276435856146,4.723564143853999,9.75577026301664,1.6639828234031133,0.10735373054213634,,,
39,21.70558239398819,36.36607622114869,2.0397208803005906,21.967257112184647,4.723564143853999,9.742351046698873,1.6572732152442298,0.10735373054213634,1.6908212560386473,,
40,20.98094471282877,33.091787439613526,2.0128824476650564,23.040794417606012,4.2203435319377345,13.22463768115942,1.6572732152442298,0.10735373054213634,1.6639828234031133,,
41,20.303274288781534,32.19269994632314,2.0128824476650564,24.22168545356951,3.978797638217928,13.862050456253355,1.6572732152442298,0.10735373054213634,1.6639828234031133,,
42,20.585077831454644,32.03166935050993,2.0128824476650564,24.14117015566291,3.978797638217928,13.821792807300053,1.6572732152442298,0.10735373054213634,1.6639828234031133,,
43,20.75281803542673,31.642512077294686,1.710950080515298,23.537305421363392,3.938539989264627,13.868760064412239,1.6572732152442298,0.10735373054213634,2.7844873859366612,,
44,20.491143317230275,29.683306494900698,1.4224369296833066,18.706387546967257,4.502147074610843,12.345679012345679,1.6572732152442298,0.10735373054213634,11.084272678475577,,
45,20.994363929146537,29.54911433172303,1.4224369296833066,18.57890499194847,4.461889425657541,12.198067632850242,1.6572732152442298,0.10735373054213634,11.030595813204508,,
46,21.24932903918411,29.47530864197531,1.4224369296833066,18.49838969404187,4.461889425657541,12.13768115942029,1.6438539989264627,0.10735373054213634,11.003757380568974,,
47,21.430488459473967,29.394793344068706,1.4224369296833066,18.49838969404187,4.435050993022007,12.110842726784755,1.6438539989264627,0.10735373054213634,10.95679012345679,,
48,21.75925925925926,28.408480944712828,2.4825550187869028,18.317230273752013,4.435050993022007,11.990069779924852,1.6304347826086956,0.10735373054213634,10.869565217391305,,
49,21.68545356951154,28.059581320450885,2.475845410628019,18.92109500805153,4.38137412775094,11.956521739130435,1.6304347826086956,0.10735373054213634,10.782340311325818,,
50,21.370101986044016,26.78475577026302,2.475845410628019,19.786634460547504,4.38137412775094,11.010466988727858,1.6304347826086956,0.10735373054213634,12.453032742887816,,
51,17.92807300053677,25.449543746645197,1.3754696725711217,36.41304347826087,2.61003757380569,9.151905528717123,0.2281266774020397,0.10735373054213634,6.736446591519055,,
52,18.270263016639827,25.32206119162641,0.9125067096081588,36.151368760064415,3.9720880300590444,8.621846484165324,0.2281266774020397,0.10735373054213634,6.414385399892646,,
53,18.431293612453032,25.369028448738593,0.9125067096081588,36.02388620504563,3.9452495974235107,8.380300590445518,0.4495437466451959,0.10735373054213634,6.380837359098229,,
54,18.733225979602793,25.268384326355342,0.9125067096081588,35.89640365002684,3.92512077294686,8.32662372517445,0.4495437466451959,0.10735373054213634,6.380837359098229,,
55,18.45813204508857,25.221417069243156,0.8990874932903918,35.42673107890499,5.367686527106817,8.044820182501342,0.4495437466451959,0.10735373054213634,6.025228126677402,,
56,18.914385399892645,24.476650563607084,0.8990874932903918,35.15163714439077,5.139559849704777,9.178743961352657,0.4495437466451959,0.10735373054213634,5.683038110574342,,
57,19.129092860976918,24.355877616747183,1.0265700483091786,35.07783145464305,5.12614063338701,9.118357487922705,0.4495437466451959,0.10735373054213634,5.609232420826624,,
58,19.370638754696724,24.235104669887278,1.107085346215781,35.017444981213096,5.0858829844337095,9.044551798174986,0.4495437466451959,0.10735373054213634,5.58239398819109,,
59,19.578636607622116,24.16129898013956,1.107085346215781,34.91009125067096,5.0858829844337095,9.017713365539452,0.4495437466451959,0.10735373054213634,5.58239398819109,,
60,19.806763285024154,24.12104133118626,1.107085346215781,34.80273752012882,5.072463768115942,8.977455716586151,0.4495437466451959,0.10735373054213634,5.555555555555555,,
61,20.189210950080515,24.033816425120772,1.107085346215781,34.534353193773484,5.072463768115942,8.964036500268385,0.4495437466451959,0.10735373054213634,5.542136339237788,,
62,20.40391841116479,23.866076221148685,1.2345679012345678,34.447128287708,5.018786902844874,8.943907675791733,0.4495437466451959,0.10735373054213634,5.528717122920021,,
63,20.618625872249062,23.691626409017715,1.3620504562533549,34.306226516371446,5.01207729468599,8.943907675791733,0.4495437466451959,0.10735373054213634,5.508588298443371,,
64,20.860171765968868,23.63123993558776,1.3620504562533549,34.16532474503489,5.01207729468599,8.93719806763285,0.43612453032742887,0.10735373054213634,5.488459473966721,,
65,21.034621578099838,23.597691894793343,1.3620504562533549,34.05126140633387,5.01207729468599,8.93719806763285,0.43612453032742887,0.10735373054213634,5.4616210413311865,,
66,21.22249060654858,23.282340311325818,1.6035963499731616,33.984165324745035,5.01207729468599,8.93719806763285,0.43612453032742887,0.10735373054213634,5.414653784219001,,
67,21.3768115942029,23.262211486849168,1.6035963499731616,33.89694041867955,5.01207729468599,8.923778851315083,0.43612453032742887,0.10735373054213634,5.381105743424584,,
68,21.504294149221685,23.221953837895867,1.6035963499731616,33.62855609232421,4.985238862050457,8.789586688137414,0.43612453032742887,0.10735373054213634,5.723295759527644,,
69,21.604938271604937,23.19511540526033,1.6035963499731616,33.581588835212024,4.985238862050457,8.76274825550188,0.43612453032742887,0.10735373054213634,5.723295759527644,,
70,21.900161030595815,23.09447128287708,1.6035963499731616,33.4272678475577,4.985238862050457,8.722490606548577,0.43612453032742887,0.10735373054213634,5.723295759527644,,
71,21.994095544820183,22.75228126677402,1.9189479334406871,33.3870101986044,4.985238862050457,8.722490606548577,0.43612453032742887,0.10735373054213634,5.6964573268921095,,
72,22.148416532474503,22.537573805689746,1.9189479334406871,33.52120236178207,4.985238862050457,8.621846484165324,0.43612453032742887,0.10735373054213634,5.676328502415459,0.04696725711218465,
73,22.396672034353195,22.450348899624263,1.9793344068706387,33.353462157809986,4.985238862050457,8.581588835212024,0.43612453032742887,0.10735373054213634,5.662909286097692,0.04696725711218465,
74,22.5979602791197,22.269189479334408,4.126409017713366,31.40096618357488,4.978529253891573,8.541331186258722,0.43612453032742887,0.10735373054213634,5.495169082125604,0.04696725711218465,
75,22.470477724100913,22.5979602791197,4.066022544283414,31.28690284487386,4.978529253891573,8.514492753623188,0.43612453032742887,0.10735373054213634,5.495169082125604,0.04696725711218465,
76,22.705314009661837,22.517444981213096,4.052603327965647,31.179549114331724,4.9651100375738055,8.494363929146537,0.43612453032742887,0.10735373054213634,5.495169082125604,0.04696725711218465,
77,22.859634997316157,22.443639291465377,4.240472356414386,30.951422436929683,4.9651100375738055,8.467525496511003,0.43612453032742887,0.10735373054213634,5.481749865807837,0.04696725711218465,
78,23.11460010735373,22.41009125067096,4.233762748255502,30.67632850241546,4.938271604938271,8.561460010735374,0.43612453032742887,0.10735373054213634,5.475040257648954,0.04696725711218465,
79,23.26892109500805,22.262479871175522,5.300590445517981,29.64975845410628,4.938271604938271,8.514492753623188,0.43612453032742887,0.10735373054213634,5.475040257648954,0.04696725711218465,
80,23.738593666129898,22.074610842726784,5.810520665593129,29.005636070853463,4.938271604938271,8.427267847557703,0.43612453032742887,0.10735373054213634,5.414653784219001,0.04696725711218465,
81,23.98684916800859,22.041062801932366,5.756843800322061,28.884863123993558,4.938271604938271,8.400429414922169,0.43612453032742887,0.10735373054213634,5.401234567901234,0.04696725711218465,
82,24.248523886205046,21.87332259796028,5.83064949006978,28.71712292002147,4.938271604938271,8.400429414922169,0.43612453032742887,0.10735373054213634,5.401234567901234,0.04696725711218465,
83,24.570585077831456,21.77938808373591,5.810520665593129,28.529253891572733,4.938271604938271,8.393719806763285,0.43612453032742887,0.10735373054213634,5.387815351583468,0.04696725711218465,
84,24.10762211486849,21.75925925925926,5.776972624798712,28.25415995705851,5.8172302737520125,8.32662372517445,0.43612453032742887,0.10735373054213634,5.367686527106817,0.04696725711218465,
85,24.214975845410628,21.651905528717123,5.776972624798712,28.08641975308642,5.770263016639828,8.561460010735374,0.43612453032742887,0.10735373054213634,5.347557702630167,0.04696725711218465,
86,24.315619967793882,21.618357487922705,6.105743424584004,28.046162104133117,5.434782608695652,8.561460010735374,0.43612453032742887,0.10735373054213634,5.3274288781535155,0.04696725711218465,
87,24.490069779924852,21.584809447128286,6.072195383789587,27.985775630703166,5.421363392377885,8.55475040257649,0.43612453032742887,0.10735373054213634,5.300590445517981,0.04696725711218465,
88,24.422973698336016,20.82662372517445,6.132581857219538,27.905260332796566,6.468062265163715,8.413848631239935,0.43612453032742887,0.10735373054213634,5.24020397208803,0.04696725711218465,
89,24.14117015566291,20.544820182501343,6.112453032742888,27.891841116478798,5.9447128287707995,9.581320450885668,0.43612453032742887,0.10735373054213634,5.193236714975845,0.04696725711218465,
90,24.20155662909286,19.92753623188406,6.112453032742888,27.603327965646805,6.790123456790123,9.581320450885668,0.43612453032742887,0.10735373054213634,5.193236714975845,0.04696725711218465,
91,24.44981213097155,19.847020933977454,6.112453032742888,27.47584541062802,6.776704240472356,9.567901234567902,0.43612453032742887,0.10735373054213634,5.179817498658078,0.04696725711218465,
92,24.550456253354803,19.659151905528716,6.031937734836285,27.4422973698336,6.776704240472356,9.473966720343531,0.43612453032742887,0.10735373054213634,5.475040257648954,0.04696725711218465,
93,24.053945249597422,19.565217391304348,5.897745571658615,30.50858829844337,6.769994632313473,7.501341921631776,0.43612453032742887,0.10735373054213634,5.112721417069243,0.04696725711218465,
94,24.349168008588297,19.524959742351047,5.864197530864198,30.340848094471284,6.736446591519055,7.481213097155126,0.43612453032742887,0.10735373054213634,5.112721417069243,0.04696725711218465,
95,24.44981213097155,19.51825013419216,6.078904991948471,30.08588298443371,6.709608158883521,7.454374664519592,0.43612453032742887,0.10735373054213634,5.112721417069243,0.04696725711218465,
96,24.422973698336016,19.135802469135804,6.353998926462695,28.703703703703702,8.279656468062266,7.407407407407407,0.43612453032742887,0.10735373054213634,5.10601180891036,0.04696725711218465,
97,24.57729468599034,19.108964036500268,6.293612453032743,28.67686527106817,8.272946859903382,7.37385936661299,0.43612453032742887,0.10735373054213634,5.10601180891036,0.04696725711218465,
98,24.765163714439076,19.082125603864736,6.260064412238325,28.609769189479334,8.272946859903382,7.367149758454106,0.43612453032742887,0.10735373054213634,5.052334943639291,0.04696725711218465,
99,24.751744498121308,19.061996779388085,6.239935587761675,28.5829307568438,8.07836822329576,7.326892109500805,0.43612453032742887,0.4227053140096618,5.052334943639291,0.04696725711218465,
100,24.537037037037038,18.632581857219538,6.233225979602791,29.300858829844337,8.024691358024691,7.320182501341922,0.43612453032742887,0.4227053140096618,5.045625335480408,0.04696725711218465,
101,24.718196457326894,18.5654857756307,6.226516371443908,29.11969940955448,7.997852925389157,7.320182501341922,0.5367686527106817,0.4227053140096618,5.045625335480408,0.04696725711218465,
102,24.859098228663445,18.297101449275363,6.1862587224906065,29.05931293612453,8.252818035426731,7.320182501341922,0.5367686527106817,0.4227053140096618,5.018786902844874,0.04696725711218465,
103,24.97987117552335,17.867686527106816,6.629092860976919,29.012345679012345,8.21256038647343,7.2933440687063875,0.5367686527106817,0.41599570585077833,5.005367686527107,0.04696725711218465,
104,24.241814278046164,17.69994632313473,7.139023081052066,28.938539989264626,7.816693505099302,8.407139023081053,0.36902844873859364,0.41599570585077833,4.9718196457326895,,
105,24.436392914653783,17.69994632313473,7.105475040257649,28.878153515834676,7.7898550724637685,8.36688137412775,0.36902844873859364,0.41599570585077833,4.938271604938271,,
106,24.16129898013956,16.74718196457327,7.071926999463232,30.22007514761138,7.75630703166935,8.32662372517445,0.36902844873859364,0.41599570585077833,4.931561996779388,,
107,24.10762211486849,16.6532474503489,8.333333333333334,29.025764895330113,7.695920558239399,8.467525496511003,0.36902844873859364,0.41599570585077833,4.931561996779388,,
108,24.27536231884058,16.626409017713364,8.219269994632313,28.92512077294686,7.675791733762749,8.467525496511003,0.46296296296296297,0.41599570585077833,4.931561996779388,,
109,24.610842726784757,16.532474503488995,8.205850778314547,28.83118625872249,7.669082125603865,8.467525496511003,0.4495437466451959,0.41599570585077833,4.817498658078368,,
110,24.50348899624262,16.0426731078905,8.004562533548041,28.529253891572733,7.6556629092860975,9.856414385399892,0.4495437466451959,0.41599570585077833,4.542404723564144,,
111,24.711486849168008,16.0426731078905,7.98443370907139,28.388352120236178,7.6556629092860975,9.816156736446592,0.4495437466451959,0.4092860976918948,4.542404723564144,,
112,24.93961352657005,16.0426731078905,7.957595276435856,28.29441760601181,7.6556629092860975,9.77589908749329,0.4495437466451959,0.4092860976918948,4.4753086419753085,,
113,25.234836285560924,15.794417606011809,8.125335480407944,28.18035426731079,7.601986044015029,9.762479871175524,0.4495437466451959,0.4092860976918948,4.441760601180891,,
114,25.489801395598498,15.801127214170693,8.031400966183575,28.119967793880836,7.601986044015029,9.702093397745571,0.4495437466451959,0.39586688137412773,4.408212560386473,,
115,25.503220611916262,15.754159957058508,8.011272141706923,28.032742887815353,7.749597423510467,9.702093397745571,0.4428341384863124,0.39586688137412773,4.408212560386473,,
116,25.684380032206118,15.687063875469672,8.011272141706923,27.945517981749866,7.749597423510467,9.675254965110037,0.4428341384863124,0.39586688137412773,4.408212560386473,,
117,25.87224906065486,15.666935050993022,8.420558239398819,27.542941492216855,7.702630166398282,9.601449275362318,0.4227053140096618,0.39586688137412773,4.374664519592056,,
118,26.060118089103597,15.60654857756307,8.420558239398819,27.489264626945786,7.628824476650563,9.601449275362318,0.4227053140096618,0.39586688137412773,4.374664519592056,,
119,26.113794954374665,15.505904455179817,7.601986044015029,26.690821256038646,7.615405260332796,9.594739667203436,0.4227053140096618,0.39586688137412773,6.0587761674718195,,
120,26.38888888888889,15.479066022544284,7.555018786902845,26.610305958132045,7.541599570585078,9.54777241009125,0.4227053140096618,0.39586688137412773,6.0587761674718195,,
121,26.34863123993559,15.593129361245303,7.555018786902845,26.570048309178745,7.541599570585078,9.514224369296834,0.4227053140096618,0.39586688137412773,6.0587761674718195,,
122,25.677670424047236,14.278046162104133,7.447665056360709,28.27428878153516,6.837090713902308,9.500805152979066,0.4227053140096618,0.39586688137412773,7.1658615136876005,,
123,25.79844337090714,14.27133655394525,7.440955448201825,28.207192699946322,6.837090713902308,9.473966720343531,0.4227053140096618,0.39586688137412773,7.152442297369833,,
124,25.771604938271604,13.92914653784219,8.494363929146537,27.254428341384862,6.8035426731078905,9.460547504025765,0.20799785292538917,0.39586688137412773,7.682501341921632,,
125,22.443639291465377,19.061996779388085,8.480944712828771,26.952495974235106,5.884326355340848,8.943907675791733,0.20799785292538917,0.39586688137412773,7.628824476650563,,
126,22.490606548577563,18.95464304884595,8.433977455716587,27.556360708534623,5.884326355340848,8.467525496511003,0.20799785292538917,0.39586688137412773,7.608695652173913,,
127,22.779119699409556,18.86070853462158,8.420558239398819,27.502683843263554,5.790391841116479,8.501073537305421,0.20799785292538917,0.39586688137412773,7.541599570585078,,
128,20.41062801932367,16.6129898013956,7.702630166398282,35.225442834138484,3.8848631239935587,8.487654320987655,0.20799785292538917,0.39586688137412773,7.071926999463232,,
129,20.517981749865807,15.780998389694043,7.937466451959206,34.94363929146538,4.851046698872786,8.293075684380032,0.20799785292538917,0.39586688137412773,7.071926999463232,,
130,20.94068706387547,15.767579173376275,7.823403113258186,34.695383789586685,4.810789049919484,8.259527643585615,0.20799785292538917,0.39586688137412773,7.098765432098766,,
131,21.128556092324207,15.713902308105206,7.816693505099302,34.6081588835212,4.810789049919484,8.252818035426731,0.20799785292538917,0.39586688137412773,7.065217391304348,,
132,21.316425120772948,15.626677402039721,7.796564680622652,33.742619431025226,4.206924315619967,8.205850778314547,0.20799785292538917,0.39586688137412773,8.501073537305421,,
133,21.450617283950617,15.619967793880837,7.769726247987117,33.675523349436396,4.200214707461084,8.205850778314547,0.20799785292538917,0.39586688137412773,8.474235104669887,,
134,21.658615136876005,15.519323671497585,7.675791733762749,33.59500805152979,4.166666666666667,8.192431561996779,0.20128824476650564,0.39586688137412773,8.59500805152979,,
135,21.85990338164251,15.479066022544284,7.675791733762749,33.47423510466989,4.139828234031133,8.192431561996779,0.20128824476650564,0.39586688137412773,8.581588835212024,,
136,22.034353193773484,15.438808373590982,7.669082125603865,33.380300590445515,4.106280193236715,8.09849704777241,0.20128824476650564,0.5166398282340311,8.55475040257649,,
137,22.208803005904453,15.405260332796564,7.669082125603865,33.313204508856685,4.106280193236715,8.07836822329576,0.20128824476650564,0.5166398282340311,8.501073537305421,,
138,22.416800858829845,15.35829307568438,7.669082125603865,33.16559312936125,4.0995705850778315,8.07836822329576,0.20128824476650564,0.5166398282340311,8.494363929146537,,
139,22.584541062801932,15.344873859366613,7.6623725174449815,33.011272141706925,4.0995705850778315,7.836822329575953,0.20128824476650564,0.5166398282340311,8.742619431025227,,
140,22.705314009661837,15.277777777777779,7.615405260332796,32.971014492753625,4.428341384863124,7.722758990874933,0.30864197530864196,0.5166398282340311,8.454106280193237,,
141,22.886473429951693,15.123456790123457,7.85024154589372,32.669082125603865,5.132850241545894,7.286634460547504,0.30864197530864196,0.47638217928073,8.266237251744498,,
142,22.457058507783145,15.096618357487923,7.716049382716049,32.991143317230275,5.0858829844337095,8.467525496511003,0.30864197530864196,0.47638217928073,7.4006977992485234,,
143,22.638217928073,14.955716586151368,7.581857219538379,32.749597423510465,5.0858829844337095,8.467525496511003,0.30864197530864196,0.47638217928073,7.7361782071927,,
144,22.624798711755233,14.935587761674718,7.521470746108427,31.884057971014492,6.119162640901771,8.427267847557703,0.30864197530864196,0.47638217928073,7.702630166398282,,
145,22.765700483091788,14.922168545356952,7.6623725174449815,31.602254428341386,6.099033816425121,8.407139023081053,0.36231884057971014,0.47638217928073,7.702630166398282,,
146,21.38352120236178,13.6808910359635,6.971282877079979,31.092324208266238,11.768652710681696,7.75630703166935,0.322061191626409,0.47638217928073,6.5485775630703165,,
147,21.497584541062803,13.654052603327965,6.971282877079979,31.05877616747182,11.728395061728396,7.75630703166935,0.322061191626409,0.47638217928073,6.535158346752549,,
148,21.71900161030596,13.627214170692431,7.085346215780999,30.776972624798713,11.721685453569512,7.742887815351583,0.322061191626409,0.47638217928073,6.528448738593666,,
149,21.866612989801396,13.56682769726248,6.998121309715513,30.60252281266774,11.178207192699947,7.695920558239399,0.322061191626409,0.46296296296296297,7.306763285024155,,
150,21.980676328502415,12.130971551261407,6.998121309715513,32.03166935050993,11.16478797638218,7.669082125603865,0.28180354267310787,0.46296296296296297,7.27992485238862,,
151,22.168545356951153,12.030327428878154,6.9310252281266775,31.97128287707998,11.131239935587761,7.75630703166935,0.28180354267310787,0.46296296296296297,7.266505636070853,,
152,22.383252818035427,12.016908212560386,6.9243156199677935,31.850509930220074,11.097691894793345,7.702630166398282,0.28180354267310787,0.46296296296296297,7.078636607622115,,0.20128824476650564
153,22.19538378958669,11.252012882447666,6.870638754696726,31.4747718733226,12.151100375738057,7.7831454643048845,0.35560923242082665,0.46296296296296297,7.253086419753086,,0.20128824476650564
154,22.383252818035427,11.20504562533548,6.951154052603328,30.50858829844337,11.963231347289318,7.742887815351583,0.30864197530864196,0.46296296296296297,8.272946859903382,,0.20128824476650564
155,22.61808910359635,11.178207192699947,7.078636607622115,30.421363392377884,11.936392914653783,7.326892109500805,0.30864197530864196,0.46296296296296297,8.467525496511003,,0.20128824476650564
156,22.913311862587225,11.178207192699947,7.0383789586688135,30.246913580246915,11.882716049382717,7.326892109500805,0.30864197530864196,0.46296296296296297,8.440687063875469,,0.20128824476650564
157,22.765700483091788,10.903113258185721,6.89747718733226,29.622920021470748,11.802200751476114,8.628556092324208,0.30864197530864196,0.46296296296296297,8.407139023081053,,0.20128824476650564
158,22.966988727858293,10.856146001073537,7.03166935050993,29.488727858293075,11.768652710681696,8.581588835212024,0.30864197530864196,0.46296296296296297,8.333333333333334,,0.20128824476650564
159,23.26892109500805,10.849436392914654,6.977992485238862,29.30756843800322,11.75523349436393,8.53462157809984,0.30864197530864196,0.46296296296296297,8.333333333333334,,0.20128824476650564
160,23.483628556092324,10.836017176596886,6.977992485238862,29.25389157273215,11.674718196457327,8.494363929146537,0.30864197530864196,0.46296296296296297,8.3064949006978,,0.20128824476650564
161,23.60440150295223,10.809178743961352,7.011540526033279,29.11969940955448,11.654589371980677,8.387010198604402,0.30864197530864196,0.46296296296296297,8.440687063875469,,0.20128824476650564
162,23.315888352120236,11.191626409017713,7.011540526033279,29.09957058507783,11.627750939345143,8.340042941492216,0.30864197530864196,0.46296296296296297,8.440687063875469,,0.20128824476650564
163,23.282340311325818,11.117820719269995,7.27992485238862,28.891572732152444,11.600912506709609,8.21256038647343,0.5233494363929146,0.46296296296296297,8.427267847557703,,0.20128824476650564
164,23.376274825550187,11.030595813204508,7.273215244229737,28.75738056897477,12.962962962962964,7.011540526033279,0.5233494363929146,0.46296296296296297,8.400429414922169,,0.20128824476650564
165,23.483628556092324,11.003757380568974,7.273215244229737,28.75738056897477,12.93612453032743,7.004830917874396,0.5233494363929146,0.46296296296296297,8.353462157809984,,0.20128824476650564
166,23.859366612989803,10.923242082662373,7.25979602791197,28.609769189479334,12.915995705850777,7.004830917874396,0.5233494363929146,0.4428341384863124,8.259527643585615,,0.20128824476650564
167,24.12775093934514,10.88298443370907,7.206119162640902,28.421900161030596,12.86231884057971,6.991411701556629,0.6038647342995169,0.4428341384863124,8.259527643585615,,0.20128824476650564
168,24.282071926999464,10.88298443370907,7.152442297369833,28.37493290391841,12.86231884057971,6.944444444444445,0.6038647342995169,0.43612453032742887,8.259527643585615,,0.20128824476650564
169,24.094202898550726,10.755501878690284,6.716317767042405,27.61003757380569,12.754965110037574,6.937734836285561,0.6038647342995169,0.43612453032742887,9.88996242619431,,0.20128824476650564
170,24.174718196457327,10.72866344605475,6.6827697262479875,27.522812667740205,12.5402576489533,6.810252281266774,0.5971551261406334,0.43612453032742887,10.305958132045088,,0.20128824476650564
171,24.248523886205046,10.695115405260333,6.662640901771336,27.502683843263554,12.5402576489533,6.810252281266774,0.5971551261406334,0.43612453032742887,10.305958132045088,,0.20128824476650564
172,24.36929683306495,10.668276972624799,6.635802469135802,27.47584541062802,12.533548040794418,6.790123456790123,0.5971551261406334,0.43612453032742887,10.292538915727322,,0.20128824476650564
173,24.54374664519592,10.668276972624799,6.602254428341385,27.408749329039185,12.5,6.756575415995706,0.5971551261406334,0.43612453032742887,10.285829307568438,,0.20128824476650564
174,24.738325281803544,10.661567364465915,6.568706387546968,27.38191089640365,12.493290391841116,6.716317767042405,0.5971551261406334,0.43612453032742887,10.205314009661835,,0.20128824476650564
175,25.046967257112186,10.628019323671497,6.5485775630703165,27.2812667740204,12.392646269457863,6.696188942565755,0.5971551261406334,0.43612453032742887,10.171765968867419,,0.20128824476650564
176,25.348899624261943,10.520665593129362,6.655931293612453,27.113526570048307,12.318840579710145,6.696188942565755,0.5971551261406334,0.43612453032742887,10.111379495437467,,0.20128824476650564
177,25.07380568974772,10.433440687063875,6.300322061191626,28.978797638217927,11.721685453569512,6.508319914117015,0.5971551261406334,0.38915727321524424,9.796027911969942,,0.20128824476650564
178,25.308641975308642,10.339506172839506,6.300322061191626,28.945249597423512,11.627750939345143,6.508319914117015,0.5971551261406334,0.38915727321524424,9.782608695652174,,0.20128824476650564
179,25.09393451422437,10.279119699409554,6.300322061191626,28.79092860976919,12.634192163177671,6.474771873322598,0.5971551261406334,0.38915727321524424,9.252549651100376,,0.1878690284487386
180,25.234836285560924,10.279119699409554,6.300322061191626,28.75738056897477,12.587224906065487,6.474771873322598,0.5971551261406334,0.38915727321524424,9.192163177670425,,0.1878690284487386
181,25.07380568974772,10.23215244229737,7.320182501341922,28.059581320450885,12.560386473429952,6.474771873322598,0.5971551261406334,0.38915727321524424,9.104938271604938,,0.1878690284487386
182,25.503220611916262,10.23215244229737,7.347020933977456,27.871712292002147,12.493290391841116,6.3137412775093935,0.5971551261406334,0.38915727321524424,9.064680622651638,,0.1878690284487386
183,25.046967257112186,10.171765968867419,7.098765432098766,29.56924315619968,12.466451959205582,5.844068706387547,0.5971551261406334,0.3153515834675255,8.702361782071927,,0.1878690284487386
184,24.93961352657005,10.131508319914117,6.575415995705851,29.03918411164788,12.379227053140097,5.837359098228664,0.5971551261406334,0.3153515834675255,9.997316156736447,,0.1878690284487386
185,25.046967257112186,10.104669887278583,6.575415995705851,29.025764895330113,12.379227053140097,5.83064949006978,0.5971551261406334,0.3153515834675255,9.936929683306495,,0.1878690284487386
186,25.228126677402038,10.084541062801932,6.508319914117015,28.965378421900162,12.372517444981213,5.83064949006978,0.5971551261406334,0.3153515834675255,9.91009125067096,,0.1878690284487386
187,25.335480407944175,10.037573805689748,6.508319914117015,28.884863123993558,12.305421363392378,5.83064949006978,0.5971551261406334,0.30864197530864196,10.00402576489533,,0.1878690284487386
188,24.825550187869027,8.923778851315083,6.400966183574879,29.844337090713903,12.238325281803542,6.6827697262479875,0.5971551261406334,0.30864197530864196,9.990606548577563,,0.1878690284487386
189,25.046967257112186,8.910359634997317,6.400966183574879,29.8040794417606,12.198067632850242,6.649221685453569,0.5971551261406334,0.30864197530864196,9.896672034353195,,0.1878690284487386
190,25.228126677402038,8.863392377885132,6.394256575415996,29.70343531937735,12.164519592055823,6.615673644659152,0.5971551261406334,0.30864197530864196,9.936929683306495,,0.1878690284487386
191,25.45625335480408,8.856682769726248,6.333870101986044,29.622920021470748,12.124261943102523,6.615673644659152,0.5971551261406334,0.30864197530864196,9.923510466988727,,0.1610305958132045
192,25.51663982823403,8.849973161567364,6.327160493827161,29.59608158883521,12.124261943102523,6.615673644659152,0.5971551261406334,0.30864197530864196,9.903381642512077,,0.1610305958132045
193,25.697799248523886,8.829844337090714,6.622383252818035,29.28743961352657,12.057165861513688,6.588835212023618,0.5971551261406334,0.30864197530864196,9.849704777241008,,0.1610305958132045
194,24.993290391841118,8.380300590445518,6.340579710144928,35.017444981213096,10.373054213633925,4.448470209339774,0.3153515834675255,0.2214170692431562,9.749060654857756,,0.1610305958132045
195,25.214707461084274,8.36688137412775,6.327160493827161,34.76247987117552,10.326086956521738,4.435050993022007,0.4562533548040794,0.2214170692431562,9.728931830381105,,0.1610305958132045
196,25.09393451422437,8.239398819108963,6.320450885668277,34.60144927536232,9.66183574879227,5.622651637144391,0.4562533548040794,0.2214170692431562,9.621578099838969,,0.1610305958132045
197,25.261674718196456,8.205850778314547,6.320450885668277,34.54777241009125,9.634997316156737,5.609232420826624,0.4562533548040794,0.2214170692431562,9.581320450885668,,0.1610305958132045
198,25.39586688137413,8.199141170155663,6.286902844873859,34.47396672034353,9.554482018250134,5.488459473966721,0.4562533548040794,0.2214170692431562,9.762479871175524,,0.1610305958132045
199,25.462962962962962,8.192431561996779,6.5552871712292005,34.15861513687601,9.541062801932368,5.488459473966721,0.4562533548040794,0.2214170692431562,9.762479871175524,,0.1610305958132045
200,25.51663982823403,8.085077831454644,6.535158346752549,34.11164787976382,9.688674181427805,5.475040257648954,0.4562533548040794,0.2214170692431562,9.749060654857756,,0.1610305958132045
201,25.670960815888353,8.11862587224906,6.521739130434782,34.0378421900161,9.688674181427805,5.46833064949007,0.4562533548040794,0.2214170692431562,9.655126140633387,,0.1610305958132045
202,25.657541599570585,8.11862587224906,6.622383252818035,33.93048845947396,9.728931830381105,5.46833064949007,0.4562533548040794,0.2214170692431562,9.634997316156737,,0.1610305958132045
203,25.97289318303811,8.105206655931294,6.796833064949007,33.76945786366076,9.64170692431562,5.441492216854535,0.4562533548040794,0.2214170692431562,9.433709071390231,,0.1610305958132045
204,26.1808910359635,8.09849704777241,6.756575415995706,33.682232957595275,9.601449275362318,5.441492216854535,0.4562533548040794,0.2214170692431562,9.400161030595813,,0.1610305958132045
205,26.42914653784219,8.085077831454644,6.743156199677939,33.581588835212024,9.541062801932368,5.421363392377885,0.4562533548040794,0.20799785292538917,9.373322597960279,,0.1610305958132045
206,26.576757917337627,8.051529790660226,6.716317767042405,33.52120236178207,9.541062801932368,5.414653784219001,0.4562533548040794,0.20799785292538917,9.353193773483628,,0.1610305958132045
207,26.583467525496513,8.11862587224906,6.702898550724638,33.51449275362319,9.514224369296834,5.414653784219001,0.4562533548040794,0.20799785292538917,9.326355340848094,,0.1610305958132045
208,26.81159420289855,8.05823939881911,6.635802469135802,33.380300590445515,9.440418679549115,5.381105743424584,0.4562533548040794,0.20799785292538917,9.46725711218465,,0.1610305958132045
209,27.220880300590444,8.031400966183575,6.568706387546968,33.20585077831455,9.366612989801396,5.35426731078905,0.4562533548040794,0.20799785292538917,9.426999463231347,,0.1610305958132045
210,27.549651100375737,7.950885668276973,6.615673644659152,33.08507783145464,9.272678475577026,5.35426731078905,0.4562533548040794,0.20799785292538917,9.346484165324744,,0.1610305958132045
211,27.073268921095007,7.682501341921632,6.5552871712292005,31.964573268921097,11.325818572195384,5.314009661835748,0.4562533548040794,0.20799785292538917,9.25925925925926,,0.1610305958132045
212,27.073268921095007,7.669082125603865,6.763285024154589,31.105743424584006,11.292270531400966,5.253623188405797,1.0064412238325282,0.20799785292538917,9.46725711218465,,0.1610305958132045
213,27.26113794954375,7.6556629092860975,6.756575415995706,31.00509930220075,11.285560923242082,5.253623188405797,0.966183574879227,0.20799785292538917,9.447128287707997,,0.1610305958132045
214,27.361782071927,7.6556629092860975,6.756575415995706,30.92458400429415,11.285560923242082,5.253623188405797,0.95276435856146,0.20799785292538917,9.440418679549115,,0.1610305958132045
215,26.46940418679549,7.454374664519592,6.655931293612453,35.50053676865271,10.23215244229737,4.032474503488996,0.9259259259259259,0.20799785292538917,8.360171765968868,,0.1610305958132045
216,26.596886741814277,7.454374664519592,6.642512077294686,35.40660225442834,10.21202361782072,4.032474503488996,0.9259259259259259,0.20799785292538917,8.360171765968868,,0.1610305958132045
217,26.818303811057433,7.434245840042942,6.642512077294686,35.299248523886206,10.151637144390767,4.012345679012346,0.9259259259259259,0.20799785292538917,8.3467525496511,,0.1610305958132045
218,27.01959205582394,7.407407407407407,6.515029522275899,35.12479871175523,10.124798711755233,4.186795491143317,0.9125067096081588,0.20799785292538917,8.340042941492216,,0.1610305958132045
219,27.32823403113258,7.380568974771873,6.515029522275899,34.977187332259795,10.071121846484166,4.180085882984434,0.9125067096081588,0.20799785292538917,8.266237251744498,,0.1610305958132045
220,27.502683843263554,7.353730542136339,6.494900697799249,34.86312399355877,10.057702630166398,4.180085882984434,0.9125067096081588,0.20799785292538917,8.266237251744498,,0.1610305958132045
221,27.449006977992486,7.320182501341922,6.481481481481482,34.715512614063336,10.057702630166398,4.180085882984434,0.9125067096081588,0.20799785292538917,8.514492753623188,,0.1610305958132045
222,27.28797638217928,6.91760601180891,6.461352657004831,34.16532474503489,11.768652710681696,3.5225442834138487,0.9125067096081588,0.20799785292538917,8.59500805152979,,0.1610305958132045
223,27.053140096618357,6.910896403650026,6.4412238325281805,33.641975308641975,11.634460547504025,4.616210413311863,0.9125067096081588,0.20799785292538917,8.420558239398819,,0.1610305958132045
224,27.120236178207193,6.9243156199677935,6.4412238325281805,33.61513687600644,11.60762211486849,4.5960815888352125,0.9125067096081588,0.20799785292538917,8.413848631239935,,0.1610305958132045
225,27.2812667740204,6.91760601180891,6.535158346752549,33.45410628019324,11.553945249597424,4.582662372517445,0.9125067096081588,0.20799785292538917,8.393719806763285,,0.1610305958132045
226,27.489264626945786,6.890767579173376,6.515029522275899,33.3870101986044,11.506977992485238,4.569243156199678,0.9125067096081588,0.20799785292538917,8.360171765968868,,0.1610305958132045
227,27.61003757380569,6.884057971014493,6.508319914117015,33.353462157809986,11.493558776167472,4.542404723564144,0.9125067096081588,0.20799785292538917,8.32662372517445,,0.1610305958132045
228,27.81803542673108,6.884057971014493,6.508319914117015,33.1857219538379,11.480139559849706,4.51556629092861,0.9125067096081588,0.20799785292538917,8.32662372517445,,0.1610305958132045
229,27.938808373590984,6.870638754696726,6.508319914117015,33.10520665593129,11.480139559849706,4.488727858293076,0.9125067096081588,0.20799785292538917,8.32662372517445,,0.1610305958132045
230,27.979066022544284,6.863929146537842,6.629092860976919,32.98443370907139,11.453301127214171,4.4820182501341925,0.9125067096081588,0.20799785292538917,8.32662372517445,,0.1610305958132045
231,28.079710144927535,6.843800322061192,6.622383252818035,32.950885668276975,11.453301127214171,4.4820182501341925,0.9125067096081588,0.20799785292538917,8.28636607622115,,0.1610305958132045
232,27.85829307568438,6.736446591519055,6.709608158883521,33.42055823939882,11.372785829307569,4.468599033816425,0.9125067096081588,0.20799785292538917,8.152173913043478,,0.1610305958132045
233,27.992485238862052,6.736446591519055,6.709608158883521,33.360171765968865,11.352657004830919,4.468599033816425,0.9125067096081588,0.20799785292538917,8.09849704777241,,0.1610305958132045
234,28.133387010198604,6.736446591519055,6.743156199677939,33.293075684380035,11.258722490606548,4.461889425657541,0.9125067096081588,0.20799785292538917,8.091787439613526,,0.1610305958132045
