,45,50,55,51,52,53,54,56,57,58,59,61,60,46,48
0,99.52361782071927,0.47638217928073,,,,,,,,,,,,,
1,99.0606548577563,0.9393451422436929,,,,,,,,,,,,,
2,92.9549114331723,7.03166935050993,0.013419216317767043,,,,,,,,,,,,
3,88.2380568974772,11.460010735373054,0.27509393451422437,0.026838432635534086,,,,,,,,,,,
4,81.2734836285561,18.42458400429415,0.27509393451422437,0.026838432635534086,,,,,,,,,,,
5,77.48926462694578,22.168545356951153,0.3153515834675255,0.026838432635534086,,,,,,,,,,,
6,76.78475577026302,22.839506172839506,0.3488996242619431,0.026838432635534086,,,,,,,,,,,
7,73.72517444981213,25.85882984433709,0.38915727321524424,0.026838432635534086,,,,,,,,,,,
8,72.8395061728395,26.301663982823403,0.41599570585077833,0.3421900161030596,0.0939345142243693,0.0067096081588835215,,,,,,,,,
9,67.74691358024691,31.199677938808374,0.5837359098228664,0.3421900161030596,0.0939345142243693,0.0067096081588835215,0.026838432635534086,,,,,,,,
10,53.87144390767579,44.947665056360705,0.6709608158883521,0.3421900161030596,0.0939345142243693,0.04696725711218465,0.026838432635534086,,,,,,,,
11,47.725442834138484,41.988727858293075,0.5568974771873323,9.346484165324744,0.12077294685990338,0.04696725711218465,,0.2147074610842727,,,,,,,
12,41.87466451959206,45.53811057434246,0.6172839506172839,11.325818572195384,0.36902844873859364,0.04696725711218465,,0.2281266774020397,,,,,,,
13,41.17015566290929,45.6454643048846,0.8588298443370908,11.272141706924316,0.7112184648416533,0.04696725711218465,0.040257648953301126,0.2549651100375738,,,,,,,
14,39.97584541062802,46.35668276972625,1.3553408480944713,11.345947396672035,0.7112184648416533,0.0067096081588835215,0.07380568974771873,0.17444981213097155,,,,,,,
15,38.6406333870102,47.296027911969944,1.415727321524423,11.345947396672035,0.7112184648416533,0.0067096081588835215,0.4092860976918948,0.17444981213097155,,,,,,,
16,37.3389694041868,48.44337090713902,1.4090177133655395,11.218464841653248,0.6910896403650026,0.0067096081588835215,0.7246376811594203,0.16774020397208803,,,,,,,
17,36.74852388620504,48.9398819108964,1.482823403113258,11.198336017176597,0.6977992485238862,0.0067096081588835215,0.6977992485238862,0.16774020397208803,0.06038647342995169,,,,,,
18,36.24530327428878,48.35614600107354,1.6572732152442298,11.627750939345143,0.6977992485238862,0.3488996242619431,0.8387010198604401,0.16774020397208803,0.06038647342995169,,,,,,
19,35.178475577026305,47.44363929146538,1.4895330112721417,10.11808910359635,4.0995705850778315,0.6776704240472357,0.5300590445517982,0.4025764895330113,0.06038647342995169,,,,,,
20,34.997316156736446,47.27589908749329,1.6975308641975309,10.258990874932904,4.0995705850778315,0.6776704240472357,0.5300590445517982,0.4025764895330113,0.06038647342995169,,,,,,
21,29.61621041331186,47.82608695652174,1.6639828234031133,15.324745034889963,4.03918411164788,0.8722490606548577,0.20799785292538917,0.4294149221685454,0.020128824476650563,,,,,,
22,27.160493827160494,46.403650026838434,1.8988191089640365,15.546162104133119,7.682501341921632,0.5367686527106817,0.28180354267310787,0.46296296296296297,0.026838432635534086,,,,,,
23,27.113526570048307,46.4170692431562,1.8585614600107354,15.519323671497585,7.702630166398282,0.5770263016639828,0.28180354267310787,0.48980139559849706,0.040257648953301126,,,,,,
24,26.912238325281802,53.576221148684915,1.6035963499731616,8.527911969940956,4.810789049919484,4.025764895330113,0.4294149221685454,0.10064412238325282,0.013419216317767043,,,,,,
25,26.78475577026302,53.556092324208265,1.7042404723564144,8.55475040257649,4.790660225442834,4.032474503488996,0.4227053140096618,0.10064412238325282,0.03354804079441761,0.020128824476650563,,,,,
26,26.08695652173913,53.67015566290929,1.724369296833065,8.608427267847558,5.307300053676865,4.032474503488996,0.4092860976918948,0.1274825550187869,0.03354804079441761,,,,,,
27,25.946054750402578,53.10654857756307,1.90552871712292,8.588298443370908,5.293880837359098,4.528985507246377,0.4294149221685454,0.16774020397208803,0.03354804079441761,,,,,,
28,24.825550187869027,52.79790660225443,2.0665593129361244,10.198604401502953,4.998658078368224,4.502147074610843,0.39586688137412773,0.15432098765432098,0.03354804079441761,0.026838432635534086,,,,,
29,23.62453032742888,54.49543746645196,2.254428341384863,10.205314009661835,4.180085882984434,4.562533548040794,0.46296296296296297,0.15432098765432098,0.03354804079441761,0.026838432635534086,,,,,
30,22.604669887278583,54.57595276435856,2.636876006441224,10.735373054213634,4.025764895330113,4.5893719806763285,0.5367686527106817,0.15432098765432098,0.11406333870101985,0.026838432635534086,,,,,
31,22.436929683306495,53.99892646269458,3.240740740740741,10.567632850241546,3.938539989264627,4.864465915190553,0.5300590445517982,0.2885131508319914,0.10735373054213634,0.026838432635534086,,,,,
32,22.403381642512077,53.7037037037037,3.6097691894793345,10.540794417606012,3.938539989264627,4.851046698872786,0.5300590445517982,0.2885131508319914,0.10735373054213634,0.026838432635534086,,,,,
33,22.27589908749329,53.173644659151904,4.2203435319377345,10.520665593129362,3.9586688137412773,4.770531400966184,0.5300590445517982,0.30193236714975846,0.10735373054213634,0.14090177133655393,,,,,
34,22.208803005904453,52.81803542673108,4.327697262479871,10.487117552334944,3.965378421900161,4.918142780461621,0.5904455179817498,0.30193236714975846,0.24154589371980675,0.14090177133655393,,,,,
35,22.10144927536232,51.85856146001073,4.871175523349437,10.245571658615138,4.253891572732153,4.918142780461621,0.5636070853462157,0.7716049382716049,0.2616747181964573,0.15432098765432098,,,,,
36,21.36339237788513,48.60440150295223,4.944981213097155,13.647342995169081,4.213633923778851,5.548845947396672,0.5636070853462157,0.6709608158883521,0.2885131508319914,0.15432098765432098,,,,,
37,21.155394524959743,46.4573268921095,5.347557702630167,13.613794954374665,6.031937734836285,5.609232420826624,0.6977992485238862,0.6038647342995169,0.32877079978529256,0.15432098765432098,,,,,
38,21.041331186258724,46.121846484165324,5.656199677938808,13.613794954374665,6.031937734836285,5.615942028985507,0.6977992485238862,0.7514761137949544,0.35560923242082665,0.11406333870101985,,,,,
39,20.75281803542673,44.357219538378956,5.629361245303274,16.59286097691895,5.528717122920021,5.0993022007514766,0.6508319914117016,0.9192163177670424,0.35560923242082665,0.11406333870101985,,,,,
40,20.645464304884594,42.860976918947934,5.387815351583468,17.485238862050455,5.441492216854535,4.9718196457326895,1.7176596886741815,0.9863123993558777,0.3757380568974772,0.1274825550187869,,,,,
41,19.79334406870639,43.33735909822866,5.656199677938808,17.485238862050455,5.381105743424584,4.924852388620504,1.90552871712292,1.0131508319914118,0.36231884057971014,0.14090177133655393,,,,,
42,19.766505636070853,43.21658615136876,5.743424584004294,17.37788513150832,5.381105743424584,4.944981213097155,1.892109500805153,1.1607622114868492,0.36231884057971014,0.14090177133655393,0.013419216317767043,,,,
43,18.679549114331724,43.887546967257116,6.146001073537305,17.317498658078367,5.381105743424584,4.944981213097155,1.9659151905528718,1.1607622114868492,0.36231884057971014,0.14090177133655393,0.013419216317767043,,,,
44,18.63929146537842,43.80703166935051,6.219806763285024,17.310789049919485,5.381105743424584,4.944981213097155,1.9994632313472893,1.1808910359634996,0.36231884057971014,0.14090177133655393,0.013419216317767043,,,,
45,18.47826086956522,42.901234567901234,6.293612453032743,16.800858829844337,7.0450885668276975,4.951690821256038,1.7176596886741815,1.2412775093934514,0.4025764895330113,0.15432098765432098,0.013419216317767043,,,,
46,18.431293612453032,42.72678475577026,6.447933440687064,16.7337627482555,7.118894256575416,4.891304347826087,1.7176596886741815,1.3016639828234031,0.4025764895330113,0.2147074610842727,0.013419216317767043,,,,
47,16.525764895330113,44.0955448201825,6.253354804079442,16.955179817498657,7.132313472893183,5.179817498658078,1.7176596886741815,1.4761137949543746,0.41599570585077833,0.23483628556092323,0.013419216317767043,,,,
48,15.029522275899087,45.73268921095008,6.1929683306494905,16.921631776704242,7.132313472893183,5.12614063338701,1.7176596886741815,1.4761137949543746,0.41599570585077833,0.2549651100375738,,,,,
49,14.257917337627482,46.59151905528717,6.367418142780462,16.720343531937736,6.9310252281266775,5.152979066022544,1.751207729468599,1.556629092860977,0.41599570585077833,0.2549651100375738,,,,,
50,11.882716049382717,50.758185721953836,6.105743424584004,16.867954911433173,5.3341384863123995,5.152979066022544,1.7444981213097155,1.5297906602254427,0.3421900161030596,0.2549651100375738,0.026838432635534086,,,,
51,10.976918947933441,41.55260332796565,3.8311862587224907,34.554482018250134,3.9855072463768115,2.2879763821792807,1.3486312399355878,1.3083735909822867,0.15432098765432098,,,,,,
52,9.084809447128288,45.128824476650564,3.502415458937198,32.21953837895867,5.246913580246914,2.033011272141707,1.3486312399355878,1.261406333870102,0.17444981213097155,,,,,,
53,9.118357487922705,44.99463231347289,3.629898013955985,32.13231347289318,5.246913580246914,2.0531400966183573,1.3620504562533549,1.288244766505636,0.17444981213097155,,,,,,
54,9.078099838969404,40.57300053676865,3.878153515834675,36.231884057971016,5.2066559312936125,2.0531400966183573,1.3620504562533549,1.442565754159957,0.17444981213097155,,,,,,
55,9.05126140633387,40.4320987654321,3.9989264626945786,35.87627482555019,5.267042404723564,2.0799785292538915,1.3553408480944713,1.7646269457863661,0.17444981213097155,,,,,,
56,7.897208803005904,33.561460010735374,3.4151905528717124,45.169082125603865,4.736983360171766,1.8250134192163177,1.2412775093934514,1.9524959742351047,0.20128824476650564,,,,,,
57,7.897208803005904,33.12533548040794,3.8915727321524423,44.93424584004294,4.730273752012883,1.8250134192163177,1.3419216317767042,2.0397208803005906,0.20128824476650564,,0.013419216317767043,,,,
58,7.96430488459474,32.95759527643585,4.045893719806763,44.75979602791197,4.723564143853999,1.8250134192163177,1.3419216317767042,2.167203435319377,0.20128824476650564,,0.013419216317767043,,,,
59,7.440955448201825,28.428609769189478,3.7104133118625873,50.006709608158886,4.703435319377348,1.7981749865807837,1.2748255501878691,2.4221685453569513,0.20128824476650564,,0.013419216317767043,,,,
60,7.192699946323135,27.945517981749866,3.898282340311326,50.026838432635536,4.455179817498658,1.7713365539452497,1.4962426194310252,3.0193236714975846,0.19457863660762212,,,,,,
61,7.03166935050993,26.221148684916802,4.455179817498658,50.07380568974772,4.898013955984971,1.737788513150832,1.482823403113258,3.9049919484702094,0.19457863660762212,,,,,,
62,5.287171229200215,28.401771336553946,4.609500805152979,49.16129898013956,5.22007514761138,1.570048309178744,1.6841116478797638,3.9049919484702094,0.1610305958132045,,,,,,
63,5.300590445517981,27.905260332796566,4.549114331723027,46.08829844337091,8.53462157809984,1.9122383252818036,1.4895330112721417,4.045893719806763,0.17444981213097155,,,,,,
64,5.314009661835748,26.838432635534083,5.10601180891036,45.9272678475577,8.467525496511003,1.8786902844873858,1.9390767579173376,4.28743961352657,0.24154589371980675,,,,,,
65,5.320719269994632,26.80488459473967,5.166398282340311,45.75281803542673,8.460815888352121,1.8719806763285025,1.90552871712292,4.408212560386473,0.24825550187869028,0.03354804079441761,,0.026838432635534086,,,
66,5.374396135265701,26.710950080515296,5.226784755770263,45.6454643048846,8.460815888352121,1.8786902844873858,1.9189479334406871,4.4753086419753085,0.24825550187869028,0.03354804079441761,,0.026838432635534086,,,
67,5.407944176060118,26.617015566290927,5.22007514761138,45.269726247987116,8.413848631239935,1.8786902844873858,2.046430488459474,4.777241009125067,0.30864197530864196,0.03354804079441761,,0.026838432635534086,,,
68,5.394524959742351,26.50295222758991,5.320719269994632,45.17579173376275,8.299785292538916,1.9592055823939882,2.1403650026838434,4.8376274825550185,0.30864197530864196,0.03354804079441761,,0.026838432635534086,,,
69,5.3341384863123995,26.187600644122384,5.401234567901234,44.71953837895867,8.487654320987655,2.408749329039184,2.15378421900161,4.918142780461621,0.32877079978529256,0.03354804079441761,,0.026838432635534086,,,
70,5.226784755770263,26.093666129898015,5.347557702630167,44.75979602791197,8.467525496511003,2.328234031132582,2.214170692431562,5.186527106816962,0.3153515834675255,0.03354804079441761,,0.026838432635534086,,,
71,5.233494363929147,25.717928073000536,5.542136339237788,44.639023081052066,8.407139023081053,2.536231884057971,2.227589908749329,5.260332796564681,0.3757380568974772,0.03354804079441761,,0.026838432635534086,,,
72,5.233494363929147,25.617283950617285,5.736714975845411,44.44444444444444,8.407139023081053,2.536231884057971,2.254428341384863,5.340848094471283,0.36902844873859364,0.03354804079441761,,0.026838432635534086,,,
73,5.2066559312936125,25.53676865271068,5.991680085882985,43.37761674718197,9.23913043478261,2.442297369833602,2.314814814814815,5.407944176060118,0.39586688137412773,0.03354804079441761,0.026838432635534086,0.026838432635534086,,,
74,5.2066559312936125,25.389157273215243,6.099033816425121,41.6129898013956,9.158615136876007,2.9589371980676327,3.4286097691894795,5.656199677938808,0.4025764895330113,0.03354804079441761,0.026838432635534086,0.026838432635534086,,,
75,5.213365539452496,25.315351583467525,6.172839506172839,41.606280193236714,8.997584541062801,2.985775630703167,3.616478797638218,5.589103596349974,0.41599570585077833,0.03354804079441761,0.026838432635534086,0.026838432635534086,,,
76,5.159688674181428,25.067096081588836,6.360708534621578,41.015834675254965,9.339774557165862,3.052871712292002,3.938539989264627,5.562265163714439,0.3824476650563607,0.06709608158883522,0.026838432635534086,0.026838432635534086,,,
77,4.49543746645196,23.067632850241544,6.273483628556092,43.65271068169619,9.326355340848094,3.066290928609769,4.025764895330113,5.589103596349974,0.3824476650563607,0.06709608158883522,0.026838432635534086,0.026838432635534086,,,
78,4.40150295222759,21.77938808373591,6.219806763285024,43.47826086956522,10.648148148148149,3.0394524959742353,4.17337627482555,5.756843800322061,0.3824476650563607,0.06709608158883522,0.026838432635534086,0.026838432635534086,,,
79,4.253891572732153,21.591519055287172,6.333870101986044,43.4447128287708,10.607890499194847,3.2541599570585076,4.146537842190016,5.8239398819108965,0.4227053140096618,0.06709608158883522,0.026838432635534086,0.026838432635534086,,,
80,4.2203435319377345,21.517713365539453,6.481481481481482,43.13607085346216,10.581052066559312,3.2206119162640903,4.146537842190016,6.132581857219538,0.4495437466451959,0.06709608158883522,0.026838432635534086,0.020128824476650563,,,
81,4.253891572732153,21.14868491680086,6.333870101986044,42.693236714975846,10.379763821792807,3.69699409554482,4.549114331723027,6.340579710144928,0.4830917874396135,0.06709608158883522,0.026838432635534086,0.020128824476650563,0.0067096081588835215,,
82,4.253891572732153,20.538110574342458,6.239935587761675,43.68625872249061,10.292538915727322,3.569511540526033,4.374664519592056,6.380837359098229,0.5434782608695652,0.06709608158883522,0.026838432635534086,0.020128824476650563,0.0067096081588835215,,
83,4.2203435319377345,19.699409554482017,5.984970477724101,43.45813204508857,11.419753086419753,3.7372517444981215,4.367954911433173,6.340579710144928,0.6239935587761675,0.0939345142243693,0.026838432635534086,0.020128824476650563,0.0067096081588835215,,
84,4.180085882984434,18.840579710144926,6.246645195920558,42.659688674181425,13.258185721953838,3.4286097691894795,4.253891572732153,6.293612453032743,0.644122383252818,0.14090177133655393,0.026838432635534086,0.020128824476650563,0.0067096081588835215,,
85,4.079441760601181,18.686258722490606,6.421095008051529,44.36392914653784,12.345679012345679,3.294417606011809,4.005636070853462,5.998389694041868,0.6374127750939346,0.11406333870101985,0.026838432635534086,0.020128824476650563,0.0067096081588835215,,
86,4.1129898013955986,18.592324208266238,6.494900697799249,44.20960815888352,11.782071926999464,3.851315083199141,3.9989264626945786,6.146001073537305,0.6374127750939346,0.12077294685990338,0.026838432635534086,0.020128824476650563,0.0067096081588835215,,
87,4.072732152442297,18.47826086956522,6.515029522275899,44.24986580783682,11.77536231884058,3.8177670424047236,4.012345679012346,6.226516371443908,0.644122383252818,0.15432098765432098,0.026838432635534086,0.020128824476650563,0.0067096081588835215,,
88,4.052603327965647,18.451422436929683,6.595544820182502,43.42458400429415,11.741814278046162,3.8580246913580245,4.200214707461084,6.769994632313473,0.6776704240472357,0.14090177133655393,0.06038647342995169,0.020128824476650563,0.0067096081588835215,,
89,3.9452495974235107,18.317230273752013,6.5552871712292005,42.33762748255502,12.546967257112184,3.851315083199141,4.213633923778851,7.286634460547504,0.7179280730005367,0.14090177133655393,0.06038647342995169,0.020128824476650563,0.0067096081588835215,,
90,3.965378421900161,18.250134192163177,6.662640901771336,42.00214707461084,12.694578636607622,3.81105743424584,4.092860976918948,7.595276435856146,0.6977992485238862,0.14090177133655393,0.06038647342995169,0.020128824476650563,0.0067096081588835215,,
91,3.9318303811057436,18.055555555555557,6.749865807836822,42.129629629629626,12.654320987654321,3.7775093934514223,4.086151368760064,7.635534084809447,0.7179280730005367,0.14090177133655393,0.06038647342995169,0.020128824476650563,0.040257648953301126,,
92,3.9855072463768115,18.035426731078903,6.723027375201288,41.82098765432099,12.634192163177671,3.7775093934514223,4.086151368760064,7.937466451959206,0.7380568974771873,0.14090177133655393,0.06038647342995169,0.020128824476650563,0.040257648953301126,,
93,3.992216854535695,17.659688674181428,6.971282877079979,41.358024691358025,12.486580783682234,4.005636070853462,4.186795491143317,8.313204508856682,0.7648953301127214,0.14090177133655393,0.06038647342995169,0.020128824476650563,0.040257648953301126,,
94,2.791196994095545,16.49892646269458,6.615673644659152,44.598765432098766,12.325550187869029,3.770799785292539,4.119699409554482,8.165593129361245,0.8252818035426731,0.14090177133655393,0.06038647342995169,0.04696725711218465,0.040257648953301126,,
95,2.7979066022544283,15.935319377348362,6.910896403650026,44.44444444444444,12.157809983896941,3.784219001610306,4.575952764358561,8.205850778314547,0.8990874932903918,0.14090177133655393,0.06038647342995169,0.04696725711218465,0.040257648953301126,,
96,2.85829307568438,15.666935050993022,6.823671497584541,44.16935050993022,11.963231347289318,4.126409017713366,4.777241009125067,8.333333333333334,0.9930220075147611,0.14090177133655393,0.06038647342995169,0.04696725711218465,0.040257648953301126,,
97,2.85829307568438,15.546162104133119,7.071926999463232,44.04186795491143,11.882716049382717,4.146537842190016,4.7638217928073,8.400429414922169,0.9997316156736447,0.14090177133655393,0.06038647342995169,0.04696725711218465,0.040257648953301126,,
98,2.8784219001610305,15.250939345142244,7.709339774557166,43.37761674718197,11.882716049382717,4.119699409554482,4.7168545356951155,8.76274825550188,1.0198604401502953,0.14090177133655393,0.06038647342995169,0.04696725711218465,0.03354804079441761,,
99,2.932098765432099,14.928878153515834,8.252818035426731,43.10923242082662,11.869296833064949,4.045893719806763,4.783950617283951,8.796296296296296,0.9997316156736447,0.14090177133655393,0.06038647342995169,0.04696725711218465,0.03354804079441761,,
100,2.9253891572732154,14.841653247450349,8.192431561996779,42.98845947396672,11.90955448201825,4.05931293612453,4.924852388620504,8.910359634997317,0.9594739667203436,0.14090177133655393,0.06709608158883522,0.04696725711218465,0.03354804079441761,,
101,2.85829307568438,14.143853998926463,7.6556629092860975,42.12292002147075,13.79495437466452,4.5893719806763285,4.898013955984971,8.628556092324208,1.0198604401502953,0.14090177133655393,0.06709608158883522,0.04696725711218465,0.03354804079441761,,
102,2.8381642512077296,14.083467525496511,7.682501341921632,42.01556629092861,13.841921631776705,4.636339237788513,4.85775630703167,8.702361782071927,0.9997316156736447,0.19457863660762212,0.06709608158883522,0.04696725711218465,0.03354804079441761,,
103,2.8515834675254963,14.070048309178745,7.64224369296833,41.666666666666664,13.955984970477724,4.643048845947397,4.824208266237251,8.863392377885132,0.9997316156736447,0.27509393451422437,0.1274825550187869,0.04696725711218465,0.03354804079441761,,
104,2.804616210413312,13.633923778851315,7.440955448201825,41.5727321524423,13.882179280730005,5.005367686527107,5.119431025228127,8.997584541062801,1.0399892646269457,0.30193236714975846,0.1274825550187869,0.04696725711218465,0.026838432635534086,,
105,2.8113258185721954,13.607085346215781,7.467793880837359,41.02925389157273,14.298174986580785,4.951690821256038,5.119431025228127,9.057971014492754,1.093666129898014,0.32877079978529256,0.14761137949543746,0.04696725711218465,0.040257648953301126,,
106,2.7643585614600106,12.962962962962964,7.434245840042942,40.653515834675254,15.24422973698336,4.944981213097155,5.2066559312936125,9.084809447128288,1.1272141706924315,0.32877079978529256,0.14761137949543746,0.04696725711218465,0.05367686527106817,,
107,2.804616210413312,12.929414922168545,7.501341921631776,40.55958132045089,15.24422973698336,4.998658078368224,5.2066559312936125,9.05126140633387,1.1272141706924315,0.32877079978529256,0.13419216317767044,0.04696725711218465,0.05367686527106817,0.013419216317767043,
108,2.7844873859366612,12.379227053140097,7.125603864734299,40.74074074074074,16.814278046162105,4.602791196994096,5.22007514761138,8.682232957595277,1.0869565217391304,0.2952227589908749,0.15432098765432098,0.04696725711218465,0.05367686527106817,0.013419216317767043,
109,2.7979066022544283,12.345679012345679,6.810252281266774,39.734299516908216,16.63311862587225,5.770263016639828,5.622651637144391,8.621846484165324,1.0802469135802468,0.2952227589908749,0.15432098765432098,0.06709608158883522,0.05367686527106817,0.013419216317767043,
110,2.61003757380569,23.778851315083198,6.172839506172839,32.588566827697264,15.297906602254429,4.408212560386473,5.260332796564681,8.219269994632313,1.0802469135802468,0.2952227589908749,0.15432098765432098,0.06709608158883522,0.05367686527106817,0.013419216317767043,
111,2.636876006441224,18.19645732689211,5.401234567901234,30.287171229200215,25.033548040794418,3.965378421900161,4.951690821256038,7.930756843800322,1.0869565217391304,0.2214170692431562,0.15432098765432098,0.06709608158883522,0.05367686527106817,0.013419216317767043,
112,2.636876006441224,18.183038110574344,5.394524959742351,30.22007514761138,24.932903918411164,3.9989264626945786,4.924852388620504,7.98443370907139,1.1808910359634996,0.2549651100375738,0.15432098765432098,0.06709608158883522,0.05367686527106817,0.013419216317767043,
113,2.6502952227589907,18.08239398819109,5.756843800322061,29.898013955984972,24.731615673644658,4.005636070853462,4.918142780461621,8.071658615136876,1.328502415458937,0.2683843263553409,0.15432098765432098,0.06709608158883522,0.05367686527106817,0.013419216317767043,
114,2.6502952227589907,18.06226516371444,5.797101449275362,29.656468062265162,24.40955448201825,4.005636070853462,5.166398282340311,8.279656468062266,1.415727321524423,0.2683843263553409,0.15432098765432098,0.06709608158883522,0.05367686527106817,0.013419216317767043,
115,2.6972624798711755,17.840848094471284,5.9447128287707995,29.61621041331186,24.268652710681696,4.005636070853462,5.24020397208803,8.32662372517445,1.5029522275899088,0.2683843263553409,0.15432098765432098,0.06709608158883522,0.05367686527106817,0.013419216317767043,
116,2.4221685453569513,18.189747718733226,5.844068706387547,29.54911433172303,23.852657004830917,4.092860976918948,5.542136339237788,8.420558239398819,1.5297906602254427,0.2683843263553409,0.15432098765432098,0.06709608158883522,0.05367686527106817,0.013419216317767043,
117,2.4355877616747184,17.787171229200215,6.119162640901771,29.200214707461082,23.49033816425121,4.2203435319377345,5.703166935050993,8.917069243156199,1.556629092860977,0.2549651100375738,0.15432098765432098,0.06709608158883522,0.08051529790660225,0.013419216317767043,
118,2.281266774020397,12.775093934514224,5.58239398819109,39.12372517444981,20.819914117015568,3.9184111647879765,5.193236714975845,8.32662372517445,1.4090177133655395,0.2549651100375738,0.15432098765432098,0.06709608158883522,0.08051529790660225,0.013419216317767043,
119,2.254428341384863,12.74825550187869,5.642780461621041,37.94283413848631,20.725979602791195,5.005367686527107,5.186527106816962,8.393719806763285,1.5163714439076759,0.2683843263553409,0.15432098765432098,0.06709608158883522,0.08051529790660225,0.013419216317767043,
120,2.2611379495437465,12.674449812130971,5.71658615136876,37.17122920021471,20.531400966183575,5.6964573268921095,5.139559849704777,8.521202361782072,1.6371443907675791,0.2885131508319914,0.20128824476650564,0.06709608158883522,0.08051529790660225,0.013419216317767043,
121,2.200751476113795,12.419484702093397,5.71658615136876,36.72168545356951,21.470746108427267,5.662909286097692,4.978529253891573,8.494363929146537,1.6706924315619969,0.2885131508319914,0.2147074610842727,0.06709608158883522,0.08051529790660225,0.013419216317767043,
122,2.167203435319377,12.285292538915728,5.71658615136876,35.560923242082666,22.993827160493826,5.609232420826624,4.99194847020934,8.333333333333334,1.6774020397208802,0.2885131508319914,0.2147074610842727,0.06709608158883522,0.08051529790660225,0.013419216317767043,
123,2.073268921095008,11.681427804616211,5.562265163714439,37.63419216317767,22.50402576489533,6.468062265163715,4.703435319377348,7.1658615136876005,1.5432098765432098,0.28180354267310787,0.20799785292538917,0.08051529790660225,0.08051529790660225,0.013419216317767043,
124,2.086688137412775,11.627750939345143,5.978260869565218,37.224906065485776,22.48389694041868,6.454643048845948,4.723564143853999,7.226247987117552,1.5297906602254427,0.28180354267310787,0.20799785292538917,0.08051529790660225,0.08051529790660225,0.013419216317767043,
125,2.086688137412775,11.372785829307569,6.125872249060655,37.0907139023081,22.48389694041868,6.380837359098229,4.85775630703167,7.300053676865271,1.6371443907675791,0.28180354267310787,0.20799785292538917,0.08051529790660225,0.08051529790660225,0.013419216317767043,
126,2.0799785292538915,11.345947396672035,6.327160493827161,36.40633387010199,23.792270531400966,6.380837359098229,4.180085882984434,7.14573268921095,1.6371443907675791,0.30864197530864196,0.19457863660762212,0.08051529790660225,0.10735373054213634,0.013419216317767043,
127,2.0933977455716586,11.345947396672035,6.3070316693505095,36.06414385399893,23.718464841653248,6.300322061191626,4.461889425657541,7.306763285024155,1.6572732152442298,0.3153515834675255,0.2281266774020397,0.08051529790660225,0.10735373054213634,0.013419216317767043,
128,2.1269457863660763,11.292270531400966,6.374127750939345,35.7487922705314,23.67149758454106,6.206387546967257,4.461889425657541,7.581857219538379,1.7914653784219001,0.3153515834675255,0.2281266774020397,0.08051529790660225,0.10735373054213634,0.013419216317767043,
129,2.15378421900161,11.272141706924316,6.642512077294686,35.45356951154053,23.617820719269993,6.246645195920558,4.49543746645196,7.5281803542673105,1.8250134192163177,0.3153515834675255,0.2281266774020397,0.10064412238325282,0.10735373054213634,0.013419216317767043,
130,1.4492753623188406,30.01207729468599,4.622920021470746,26.596886741814277,22.571121846484164,5.3274288781535155,3.81105743424584,3.717122920021471,1.6505636070853462,0.16774020397208803,0.0067096081588835215,,0.06709608158883522,,
131,1.4761137949543746,29.716854535695116,4.723564143853999,26.50966183574879,22.48389694041868,5.636070853462158,3.7573805689747717,3.670155662909286,1.7847557702630166,0.16774020397208803,0.0067096081588835215,,0.06709608158883522,,
132,1.5029522275899088,29.30756843800322,5.10601180891036,26.482823403113258,22.430220075147613,5.649490069779925,3.784219001610306,3.6902844873859366,1.8183038110574343,0.15432098765432098,0.0067096081588835215,,0.06709608158883522,,
133,1.5767579173376274,29.24718196457327,5.032206119162641,27.314814814814813,21.618357487922705,5.870907139023081,3.670155662909286,3.643317230273752,1.7981749865807837,0.15432098765432098,0.0067096081588835215,,0.06709608158883522,,
134,1.5633387010198605,29.139828234031132,5.045625335480408,27.220880300590444,21.531132581857218,5.870907139023081,3.6768652710681695,3.851315083199141,1.8384326355340848,0.1878690284487386,0.0067096081588835215,,0.06709608158883522,,
135,1.596886741814278,28.931830381105744,4.99194847020934,27.220880300590444,21.40365002683843,6.085614600107354,3.7037037037037037,3.851315083199141,1.9524959742351047,0.1878690284487386,0.0067096081588835215,,0.06709608158883522,,
136,1.5901771336553945,28.67686527106817,5.260332796564681,27.093397745571657,21.370101986044016,6.092324208266238,3.7573805689747717,3.878153515834675,2.0128824476650564,0.1878690284487386,0.013419216317767043,,0.06709608158883522,,
137,1.5767579173376274,28.59634997316157,5.293880837359098,27.079978529253893,21.155394524959743,6.092324208266238,3.938539989264627,3.9049919484702094,2.046430488459474,0.2147074610842727,0.03354804079441761,,0.06709608158883522,,
138,1.5901771336553945,28.556092324208265,5.340848094471283,26.972624798711756,21.095008051529792,6.0654857756307035,3.9989264626945786,3.9855072463768115,2.0531400966183573,0.24154589371980675,0.03354804079441761,,0.06709608158883522,,
139,1.5499194847020934,27.63016639828234,6.561996779388084,27.65029522275899,21.054750402576488,5.501878690284487,4.005636070853462,3.797638217928073,1.932367149758454,0.2214170692431562,0.013419216317767043,,0.08051529790660225,,
140,1.5633387010198605,27.529522275899087,6.642512077294686,27.77777777777778,20.833333333333332,5.4616210413311865,3.9989264626945786,3.8848631239935587,1.9927536231884058,0.2214170692431562,0.013419216317767043,,0.08051529790660225,,
141,1.583467525496511,27.22758990874933,6.8035426731078905,27.710681696188942,20.74610842726785,5.71658615136876,3.9049919484702094,3.965378421900161,2.006172839506173,0.2214170692431562,0.013419216317767043,,0.10064412238325282,,
142,1.5901771336553945,26.898819108964037,7.0383789586688135,27.61003757380569,20.739398819108963,5.884326355340848,3.9049919484702094,4.005636070853462,2.006172839506173,0.20799785292538917,0.013419216317767043,,0.10064412238325282,,
143,1.6103059581320451,26.704240472356414,7.092055823939882,27.77777777777778,20.799785292538918,5.797101449275362,3.851315083199141,4.03918411164788,2.006172839506173,0.20799785292538917,0.013419216317767043,,0.10064412238325282,,
144,1.6237251744498122,26.516371443907676,7.1658615136876005,28.435319377348364,20.142243692968332,5.790391841116479,4.019055287171229,4.03918411164788,1.9457863660762211,0.20799785292538917,0.013419216317767043,,0.10064412238325282,,
145,1.6438539989264627,26.462694578636608,7.199409554482019,28.213902308105208,20.108695652173914,5.763553408480945,4.045893719806763,4.233762748255502,1.9860440150295222,0.20799785292538917,0.020128824476650563,,0.11406333870101985,,
146,1.6572732152442298,26.32850241545894,7.37385936661299,28.093129361245303,20.055018786902846,5.797101449275362,4.012345679012346,4.314278046162104,2.0263016639828235,0.20799785292538917,0.020128824476650563,,0.11406333870101985,,
147,1.6371443907675791,26.241277509393452,7.461084272678476,28.012614063338702,20.02818035426731,5.776972624798712,4.072732152442297,4.374664519592056,2.0531400966183573,0.20799785292538917,0.020128824476650563,,0.11406333870101985,,
148,1.6774020397208802,25.946054750402578,7.494632313472893,27.905260332796566,19.98792270531401,5.797101449275362,4.3478260869565215,4.414922168545357,2.086688137412775,0.20799785292538917,0.020128824476650563,,0.11406333870101985,,
149,1.6841116478797638,25.87895866881374,7.588566827697263,27.81803542673108,19.994632313472895,5.770263016639828,4.394793344068707,4.428341384863124,2.0799785292538915,0.2281266774020397,0.020128824476650563,,0.11406333870101985,,
150,1.710950080515298,25.77831454643049,7.729468599033816,27.549651100375737,19.95437466451959,5.770263016639828,4.394793344068707,4.643048845947397,2.1068169618894257,0.2281266774020397,0.020128824476650563,,0.11406333870101985,,
151,1.710950080515298,25.684380032206118,7.742887815351583,27.536231884057973,19.81347289318304,5.770263016639828,4.488727858293076,4.804079441760601,2.086688137412775,0.2281266774020397,0.020128824476650563,0.013419216317767043,0.10064412238325282,,
152,1.724369296833065,25.429414922168544,8.172302737520129,27.254428341384862,19.53166935050993,5.756843800322061,4.609500805152979,4.85775630703167,2.301395598497048,0.2281266774020397,0.020128824476650563,0.013419216317767043,0.10064412238325282,,
153,1.7579173376274826,25.194578636607623,8.32662372517445,27.086688137412775,19.49812130971551,5.998389694041868,4.609500805152979,4.8443370907139025,2.328234031132582,0.2214170692431562,0.020128824476650563,0.013419216317767043,0.10064412238325282,,
154,1.7444981213097155,25.194578636607623,8.32662372517445,26.88539989264627,19.350509930220074,5.971551261406334,4.622920021470746,5.199946323134729,2.3215244229736984,0.24825550187869028,0.020128824476650563,0.013419216317767043,0.10064412238325282,,
155,1.7713365539452497,25.140901771336555,8.3467525496511,26.73107890499195,19.310252281266774,5.998389694041868,4.7101449275362315,5.300590445517981,2.2946859903381642,0.24825550187869028,0.03354804079441761,0.013419216317767043,0.10064412238325282,,
156,1.6438539989264627,24.302200751476114,8.870101986044014,28.891572732152444,17.94820182501342,5.495169082125604,4.931561996779388,5.293880837359098,2.1806226516371443,0.28180354267310787,0.03354804079441761,0.026838432635534086,0.10064412238325282,,
157,1.6639828234031133,24.10762211486849,9.03113258185722,28.65673644659152,17.934782608695652,5.495169082125604,5.193236714975845,5.287171229200215,2.1739130434782608,0.2952227589908749,0.03354804079441761,0.026838432635534086,0.10064412238325282,,
158,1.6438539989264627,24.08078368223296,8.997584541062801,28.629898013955984,18.04884594739667,5.481749865807837,5.22007514761138,5.280461621041331,2.1604938271604937,0.2952227589908749,0.03354804079441761,0.026838432635534086,0.10064412238325282,,
159,1.6639828234031133,24.000268384326354,9.588030059044552,28.27428878153516,17.438271604938272,5.662909286097692,5.179817498658078,5.414653784219001,2.1940418679549114,0.4227053140096618,0.03354804079441761,0.026838432635534086,0.10064412238325282,,
160,1.6170155662909287,22.96027911969941,10.674986580783683,28.18035426731079,17.297369833601717,5.656199677938808,5.280461621041331,5.522007514761138,2.227589908749329,0.4092860976918948,0.03354804079441761,0.026838432635534086,0.11406333870101985,,
161,1.6975308641975309,22.82608695652174,10.782340311325818,28.079710144927535,17.257112184648417,5.649490069779925,5.267042404723564,5.615942028985507,2.2410091250670963,0.4092860976918948,0.03354804079441761,0.026838432635534086,0.11406333870101985,,
162,1.6304347826086956,21.886741814278047,10.607890499194847,27.851583467525497,18.471551261406333,5.5756843800322065,5.770263016639828,5.495169082125604,2.1269457863660763,0.4092860976918948,0.03354804079441761,0.026838432635534086,0.11406333870101985,,
163,1.6639828234031133,21.826355340848096,10.581052066559312,27.851583467525497,18.47826086956522,5.5756843800322065,5.8172302737520125,5.4549114331723025,2.147074610842727,0.4025764895330113,0.06038647342995169,0.026838432635534086,0.11406333870101985,,
164,1.6304347826086956,21.812936124530328,10.587761674718196,27.30139559849705,18.230005367686527,5.743424584004294,6.400966183574879,5.508588298443371,2.167203435319377,0.4025764895330113,0.06038647342995169,0.026838432635534086,0.1274825550187869,,
165,1.6908212560386473,21.76596886741814,10.560923242082662,27.26784755770263,18.189747718733226,5.763553408480945,6.4345142243692965,5.495169082125604,2.187332259796028,0.4025764895330113,0.06038647342995169,0.026838432635534086,0.15432098765432098,,
166,1.7176596886741815,21.69887278582931,10.48040794417606,27.220880300590444,18.17632850241546,5.763553408480945,6.602254428341385,5.508588298443371,2.187332259796028,0.4025764895330113,0.06038647342995169,0.026838432635534086,0.15432098765432098,,
167,1.7176596886741815,21.578099838969404,10.433440687063875,29.891304347826086,18.14278046162104,4.810789049919484,5.743424584004294,5.10601180891036,2.1403650026838434,0.19457863660762212,0.06038647342995169,0.026838432635534086,0.15432098765432098,,
168,1.7176596886741815,19.91411701556629,12.781803542673108,29.562533548040793,18.02200751476114,4.683306494900698,5.448201825013419,5.253623188405797,2.1806226516371443,0.19457863660762212,0.06038647342995169,0.026838432635534086,0.15432098765432098,,
169,1.6908212560386473,19.840311325818572,12.600644122383253,29.562533548040793,17.96833064949007,4.703435319377348,5.475040257648954,5.226784755770263,2.227589908749329,0.20799785292538917,0.06038647342995169,0.026838432635534086,0.4092860976918948,,
170,1.6572732152442298,19.672571121846484,11.506977992485238,29.20692431561997,17.907944176060116,6.266774020397209,5.522007514761138,5.300590445517981,2.24771873322598,0.2147074610842727,0.06709608158883522,0.026838432635534086,0.4025764895330113,,
171,1.6438539989264627,19.524959742351047,11.486849168008588,29.0727321524423,17.921363392377884,6.501610305958132,5.703166935050993,5.173107890499195,2.24771873322598,0.2147074610842727,0.06709608158883522,0.026838432635534086,0.41599570585077833,,
172,1.6505636070853462,19.484702093397747,11.540526033279656,29.025764895330113,17.8743961352657,6.508319914117015,5.71658615136876,5.213365539452496,2.2342995169082127,0.24154589371980675,0.06709608158883522,0.026838432635534086,0.41599570585077833,,
173,1.6706924315619969,19.45786366076221,11.54723564143854,28.965378421900162,17.834138486312398,6.488191089640365,5.750134192163178,5.287171229200215,2.2342995169082127,0.24154589371980675,0.06709608158883522,0.026838432635534086,0.4294149221685454,,
174,1.6706924315619969,19.404186795491142,11.889425657541599,28.904991948470208,17.458400429414922,6.414385399892646,5.8172302737520125,5.394524959742351,2.2946859903381642,0.24154589371980675,0.05367686527106817,0.026838432635534086,0.4294149221685454,,
175,1.6975308641975309,19.216317767042405,11.936392914653783,28.59634997316157,17.351046698872786,6.347289318303811,6.3137412775093935,5.401234567901234,2.4154589371980677,0.24154589371980675,0.05367686527106817,0.026838432635534086,0.4025764895330113,,
176,1.6841116478797638,18.9747718733226,12.171229200214707,28.381642512077295,17.290660225442835,6.327160493827161,6.293612453032743,5.709876543209877,2.442297369833602,0.24154589371980675,0.05367686527106817,0.026838432635534086,0.4025764895330113,,
177,1.6908212560386473,18.9747718733226,12.47987117552335,28.059581320450885,16.941760601180892,6.333870101986044,6.300322061191626,5.709876543209877,2.7509393451422435,0.24154589371980675,0.06709608158883522,0.026838432635534086,0.4227053140096618,,
178,1.6841116478797638,18.86070853462158,12.077294685990339,25.670960815888353,20.638754696725712,6.347289318303811,6.1862587224906065,5.24020397208803,2.522812667740204,0.2549651100375738,0.06709608158883522,0.026838432635534086,0.4227053140096618,,
179,1.7176596886741815,18.766774020397207,12.06387546967257,25.489801395598498,20.739398819108963,6.649221685453569,6.011808910359635,5.260332796564681,2.5295222758990876,0.2549651100375738,0.06709608158883522,0.026838432635534086,0.4227053140096618,,
180,1.7176596886741815,18.739935587761675,12.010198604401502,24.90606548577563,20.69243156199678,6.649221685453569,6.608964036500268,5.267042404723564,2.563070316693505,0.27509393451422437,0.06709608158883522,0.040257648953301126,0.46296296296296297,,
