,45,50,54,51,53,55,52,56,57
0,89.24449812130972,10.755501878690284,,,,,,,
1,88.6406333870102,11.3593666129898,,,,,,,
2,88.03676865271068,11.963231347289318,,,,,,,
3,75.60386473429952,24.04723564143854,0.3488996242619431,,,,,,
4,63.20450885668277,36.782071926999464,0.013419216317767043,,,,,,
5,47.58454106280193,41.136607622114866,0.013419216317767043,11.265432098765432,,,,,
6,45.70585077831455,35.929951690821255,0.013419216317767043,18.35077831454643,,,,,
7,33.87010198604401,47.55099302200752,0.013419216317767043,18.136070853462158,0.2885131508319914,0.14090177133655393,,,
8,33.9975845410628,47.42351046698873,0.013419216317767043,18.136070853462158,0.2885131508319914,0.14090177133655393,,,
9,30.730005367686527,52.06655931293612,0.2147074610842727,16.6129898013956,,0.3757380568974772,,,
10,29.421631776704242,47.014224369296834,0.013419216317767043,22.403381642512077,,0.6977992485238862,0.4495437466451959,,
11,27.66371443907676,46.51100375738057,0.013419216317767043,24.9194847020934,,0.6776704240472357,0.2147074610842727,,
12,28.20048309178744,43.63258185721954,0.013419216317767043,24.765163714439076,2.1604938271604937,0.6776704240472357,0.41599570585077833,0.13419216317767044,
13,28.44873859366613,40.76086956521739,0.0067096081588835215,26.650563607085346,2.1604938271604937,0.5837359098228664,1.2546967257112185,0.13419216317767044,
14,26.476113794954376,38.747987117552334,0.0067096081588835215,30.64278046162104,2.1604938271604937,0.7179280730005367,1.1137949543746646,0.13419216317767044,
15,26.7512077294686,38.62721417069243,0.0067096081588835215,30.06575415995706,2.13365539452496,0.9259259259259259,1.1137949543746646,0.3757380568974772,
16,26.8317230273752,38.56682769726248,0.0067096081588835215,30.04562533548041,2.13365539452496,0.9259259259259259,1.1137949543746646,0.3757380568974772,
17,27.180622651637144,38.399087493290395,0.0067096081588835215,29.864465915190554,2.13365539452496,0.9259259259259259,1.1137949543746646,0.3757380568974772,
18,27.469135802469136,37.98309178743961,0.3757380568974772,29.62962962962963,2.13365539452496,0.9259259259259259,1.1137949543746646,0.36902844873859364,
19,24.382716049382715,34.76918947933441,0.3757380568974772,34.99060654857756,2.13365539452496,0.7783145464304885,2.2074610842726785,0.36231884057971014,
20,24.879227053140095,34.48067632850242,0.3757380568974772,34.78260869565217,2.13365539452496,0.7783145464304885,2.2074610842726785,0.36231884057971014,
21,25.046967257112186,34.42699946323135,0.3757380568974772,34.52093397745572,2.281266774020397,0.7783145464304885,2.2074610842726785,0.36231884057971014,
22,24.9597423510467,31.5552871712292,0.0067096081588835215,37.815351583467525,2.214170692431562,0.8923778851315083,2.1940418679549114,0.36231884057971014,
23,23.691626409017715,30.287171229200215,0.0067096081588835215,40.123456790123456,2.214170692431562,1.2278582930756843,2.1806226516371443,0.2683843263553409,
24,21.732420826623724,29.71014492753623,0.0067096081588835215,42.27724100912507,2.7106816961889426,1.1137949543746646,2.1806226516371443,0.2683843263553409,
25,18.45813204508857,34.09822866344606,0.0067096081588835215,40.163714439076756,2.13365539452496,1.2077294685990339,2.2410091250670963,1.6908212560386473,
26,18.055555555555557,29.159957058507782,,45.65217391304348,1.9927536231884058,1.2077294685990339,2.2410091250670963,1.6908212560386473,
27,18.511808910359633,28.83118625872249,,45.54482018250134,1.9927536231884058,1.1876006441223832,2.2410091250670963,1.6908212560386473,
28,17.579173376274827,25.95276435856146,0.20799785292538917,49.16800858829844,1.9927536231884058,1.1674718196457328,2.2410091250670963,1.6908212560386473,
29,18.04213633923779,25.785024154589372,0.20799785292538917,48.93317230273752,1.932367149758454,1.1674718196457328,2.2410091250670963,1.6908212560386473,
30,17.995169082125603,23.95330112721417,0.7648953301127214,46.383521202361784,1.932367149758454,1.1406333870101986,6.139291465378422,1.6908212560386473,
31,18.760064412238325,23.886205045625335,0.7648953301127214,45.511272141706925,1.932367149758454,1.1406333870101986,5.991680085882985,2.0128824476650564,
32,19.135802469135804,23.805689747718734,0.7648953301127214,45.21604938271605,1.932367149758454,1.1406333870101986,5.991680085882985,2.0128824476650564,
33,18.94122383252818,22.128287707997853,0.7648953301127214,43.605743424584006,1.932367149758454,1.288244766505636,9.426999463231347,1.9122383252818036,
34,18.907675791733762,18.773483628556093,0.7648953301127214,47.30273752012882,1.932367149758454,1.2546967257112185,9.151905528717123,1.9122383252818036,
35,18.04884594739667,21.26945786366076,0.8923778851315083,45.98094471282877,1.932367149758454,1.4761137949543746,8.507783145464305,1.892109500805153,
36,14.184111647879764,29.528985507246375,0.8923778851315083,41.56602254428341,1.8988191089640365,1.8786902844873858,8.28636607622115,1.7646269457863661,
37,14.51959205582394,29.320987654320987,0.8454106280193237,38.88217928073001,1.8988191089640365,1.7579173376274826,11.117820719269995,1.6572732152442298,
38,15.183843263553408,29.09286097691895,0.8454106280193237,38.60708534621578,1.8451422436929683,1.7579173376274826,11.010466988727858,1.6572732152442298,
39,15.405260332796564,28.938539989264626,0.8454106280193237,38.55340848094471,1.8451422436929683,1.7579173376274826,10.997047772410092,1.6572732152442298,
40,15.734031132581856,28.6231884057971,0.8454106280193237,39.33843263553408,2.1269457863660763,1.724369296833065,9.977187332259795,1.6304347826086956,
41,13.868760064412239,31.95786366076221,0.8454106280193237,37.74825550187869,2.24771873322598,1.8518518518518519,9.970477724100913,1.5096618357487923,
42,12.412775093934513,27.046430488459475,0.8454106280193237,46.484165324745035,1.8183038110574343,1.5901771336553945,8.494363929146537,1.3083735909822867,
43,11.54723564143854,25.85212023617821,0.8454106280193237,48.05421363392378,1.8183038110574343,2.1269457863660763,8.447396672034353,1.3083735909822867,
44,11.634460547504025,25.764895330112722,0.3488996242619431,48.94659151905529,1.7579173376274826,2.1269457863660763,7.9106280193236715,1.5096618357487923,
45,11.869296833064949,25.543478260869566,0.3488996242619431,48.79898013955985,1.6841116478797638,2.3349436392914655,7.9106280193236715,1.5096618357487923,
46,12.184648416532475,25.44283413848631,0.3488996242619431,48.58427267847558,1.6841116478797638,2.3349436392914655,7.9106280193236715,1.5096618357487923,
47,10.82259796027912,22.7187332259796,0.3421900161030596,43.63929146537842,1.6841116478797638,3.851315083199141,16.183574879227052,0.7581857219538379,
48,11.124530327428879,22.530864197530864,0.3421900161030596,43.51851851851852,1.7914653784219001,3.851315083199141,16.0829307568438,0.7581857219538379,
49,11.500268384326356,22.457058507783145,0.3421900161030596,43.27697262479871,1.7713365539452497,3.851315083199141,16.0426731078905,0.7581857219538379,
50,11.802200751476114,22.322866344605476,0.3421900161030596,43.10252281266774,1.7713365539452497,3.965378421900161,15.935319377348362,0.7581857219538379,
51,11.943102522812667,22.27589908749329,0.3421900161030596,43.022007514761135,1.7713365539452497,4.166666666666667,15.72061191626409,0.7581857219538379,
52,12.385936661298981,22.08132045088567,0.4562533548040794,42.7133655394525,1.7713365539452497,4.166666666666667,15.666935050993022,0.7581857219538379,
53,12.869028448738593,22.074610842726784,0.4562533548040794,42.3443370907139,1.7713365539452497,4.166666666666667,15.559581320450885,0.7581857219538379,
54,12.68786902844874,21.806226516371442,0.4562533548040794,44.806763285024154,1.7713365539452497,4.757112184648417,12.95625335480408,0.7581857219538379,
55,12.164519592055823,21.30300590445518,0.4562533548040794,49.765163714439076,1.6505636070853462,4.334406870638754,9.567901234567902,0.7581857219538379,
56,11.929683306494901,20.78636607622115,0.4562533548040794,51.88539989264627,1.6505636070853462,4.830917874396135,7.702630166398282,0.7581857219538379,
57,11.949812130971551,19.00161030595813,0.4562533548040794,51.46269457863661,2.24771873322598,4.30756843800322,9.863123993558776,0.7112184648416533,
58,10.970209339774557,14.76784755770263,0.6172839506172839,56.19296833064949,2.059849704777241,2.885131508319914,11.594202898550725,0.9125067096081588,
59,10.144927536231885,11.862587224906065,0.30864197530864196,59.15861513687601,1.0198604401502953,2.576489533011272,14.231078904991948,0.6977992485238862,
60,10.849436392914654,11.855877616747183,0.30864197530864196,53.73054213633924,1.0198604401502953,2.4691358024691357,19.122383252818036,0.644122383252818,
61,10.48040794417606,11.75523349436393,0.30864197530864196,48.087761674718195,1.0198604401502953,2.5966183574879227,25.5703166935051,0.18115942028985507,
62,10.7085346215781,11.721685453569512,0.30864197530864196,47.81266774020397,1.107085346215781,2.5966183574879227,25.563607085346217,0.18115942028985507,
63,11.037305421363392,11.721685453569512,0.30864197530864196,47.58454106280193,1.107085346215781,2.5966183574879227,25.462962962962962,0.18115942028985507,
64,11.560654857756306,11.574074074074074,0.30864197530864196,47.38325281803543,1.107085346215781,2.4892646269457863,25.39586688137413,0.18115942028985507,
65,11.668008588298443,11.41304347826087,0.30864197530864196,44.14251207729468,1.107085346215781,2.7643585614600106,28.415190552871714,0.18115942028985507,
66,12.144390767579173,11.33923778851315,0.30864197530864196,43.86741814278046,1.06682769726248,2.7643585614600106,28.327965646806227,0.18115942028985507,
67,10.735373054213634,10.587761674718196,1.3888888888888888,49.06736446591519,0.7917337627482555,2.9253891572732154,24.376006441223833,0.1274825550187869,
68,10.836017176596886,7.742887815351583,6.843800322061192,47.725442834138484,0.7917337627482555,2.6033279656468062,23.329307568438004,0.1274825550187869,
69,11.18491680085883,7.742887815351583,6.769994632313473,47.43022007514761,1.751207729468599,2.576489533011272,22.416800858829845,0.1274825550187869,
70,11.480139559849706,7.608695652173913,6.769994632313473,46.63177670424047,1.710950080515298,2.5496511003757383,22.63150831991412,0.5032206119162641,0.11406333870101985
71,11.158078368223295,6.320450885668277,9.702093397745571,42.652979066022546,1.6975308641975309,2.6033279656468062,24.97987117552335,0.7716049382716049,0.11406333870101985
72,11.473429951690822,6.320450885668277,9.702093397745571,40.49919484702093,3.7573805689747717,2.6033279656468062,24.758454106280194,0.7716049382716049,0.11406333870101985
73,11.654589371980677,6.280193236714976,9.997316156736447,39.492753623188406,3.7573805689747717,3.227321524422974,24.704777241009126,0.7716049382716049,0.11406333870101985
74,11.990069779924852,6.280193236714976,9.997316156736447,39.398819108964034,3.7573805689747717,3.1736446591519054,24.516908212560388,0.7716049382716049,0.11406333870101985
75,12.714707461084272,6.266774020397209,9.936929683306495,39.07675791733763,3.7573805689747717,3.1535158346752548,24.208266237251745,0.7716049382716049,0.11406333870101985
76,13.18438003220612,6.266774020397209,9.816156736446592,38.909017713365536,3.7573805689747717,3.1535158346752548,24.08749329039184,0.7112184648416533,0.11406333870101985
77,12.06387546967257,6.105743424584004,10.983628556092324,45.4777241009125,3.743961352657005,3.126677402039721,17.673107890499196,0.7112184648416533,0.11406333870101985
78,12.110842726784755,6.072195383789587,10.970209339774557,44.900697799248526,3.8378958668813743,3.515834675254965,17.59259259259259,0.8856682769726248,0.11406333870101985
79,12.29200214707461,6.0654857756307035,8.923778851315083,40.39855072463768,8.61513687600644,3.052871712292002,19.652442297369834,0.8856682769726248,0.11406333870101985
80,13.043478260869565,5.917874396135265,9.03113258185722,40.11003757380569,8.568169618894256,3.052871712292002,19.276704240472355,0.8856682769726248,0.11406333870101985
81,10.285829307568438,3.4822866344605474,8.715780998389693,47.94685990338164,7.944176060118089,2.4892646269457863,18.276972624798713,0.7447665056360708,0.11406333870101985
82,10.010735373054214,3.455448201825013,6.823671497584541,50.80515297906602,7.917337627482555,2.4892646269457863,17.538915727321523,0.8454106280193237,0.11406333870101985
83,10.876274825550189,3.408480944712829,7.105475040257649,50.09393451422437,7.675791733762749,2.7106816961889426,17.042404723564143,0.9728931830381106,0.11406333870101985
84,10.63472893183038,3.408480944712829,6.971282877079979,54.508856682769725,6.575415995705851,3.0730005367686526,14.143853998926463,0.5703166935050993,0.11406333870101985
85,10.889694041867955,3.408480944712829,6.689479334406871,57.17257112184648,5.038915727321524,2.965646806226516,13.150831991411701,0.5703166935050993,0.11406333870101985
86,11.345947396672035,3.408480944712829,6.655931293612453,56.80354267310789,5.025496511003757,2.952227589908749,13.123993558776167,0.5703166935050993,0.11406333870101985
87,10.279119699409554,3.113258185721954,6.293612453032743,65.8346752549651,4.019055287171229,2.7442297369833604,7.132313472893183,0.5837359098228664,
88,10.63472893183038,3.099838969404187,6.233225979602791,65.552871712292,4.019055287171229,2.7442297369833604,7.132313472893183,0.5837359098228664,
89,7.1658615136876005,2.6637144390767578,5.589103596349974,70.28314546430488,3.878153515834675,2.2342995169082127,7.132313472893183,1.0534084809447128,
90,7.313472893183038,2.6637144390767578,5.589103596349974,70.16908212560386,3.878153515834675,2.200751476113795,7.132313472893183,1.0534084809447128,
91,7.581857219538379,2.6637144390767578,5.71658615136876,69.87385936661299,3.878153515834675,2.200751476113795,7.03166935050993,1.0534084809447128,
92,7.6623725174449815,2.6637144390767578,5.71658615136876,68.14278046162104,3.7775093934514223,2.200751476113795,8.78287707997853,1.0534084809447128,
93,8.179012345679013,2.6167471819645733,5.522007514761138,67.5925925925926,3.9184111647879765,2.200751476113795,8.78287707997853,1.1876006441223832,
94,8.53462157809984,2.6167471819645733,5.495169082125604,67.35104669887279,3.9184111647879765,2.200751476113795,8.695652173913043,1.1876006441223832,
95,9.158615136876007,2.563070316693505,5.4616210413311865,66.8545356951154,3.9184111647879765,2.187332259796028,8.68894256575416,1.1674718196457328,
96,9.373322597960279,2.563070316693505,5.441492216854535,66.70021470746109,3.9184111647879765,2.187332259796028,8.648684916800859,1.1674718196457328,
97,9.520933977455716,2.5496511003757383,5.441492216854535,66.46537842190016,3.878153515834675,2.187332259796028,8.621846484165324,1.3352120236178207,
98,9.842995169082126,2.522812667740204,5.441492216854535,66.14331723027375,3.878153515834675,2.187332259796028,8.527911969940956,1.4559849704777241,
99,10.641438539989265,2.522812667740204,5.273752012882448,65.76757917337628,3.844605475040258,2.187332259796028,8.3064949006978,1.4559849704777241,
100,11.332528180354267,2.4154589371980677,5.35426731078905,65.23752012882447,3.844605475040258,2.187332259796028,8.172302737520129,1.4559849704777241,
101,11.553945249597424,2.3886205045625335,5.35426731078905,65.04294149221685,3.844605475040258,2.187332259796028,8.172302737520129,1.4559849704777241,
102,11.064143853998926,2.3886205045625335,5.421363392377885,56.07890499194847,2.7777777777777777,2.1739130434782608,18.92109500805153,1.1741814278046163,
103,10.856146001073537,2.3886205045625335,5.669618894256575,56.26677402039721,2.7777777777777777,2.1739130434782608,18.69296833064949,1.1741814278046163,
104,11.33923778851315,2.3349436392914655,5.636070853462158,55.93800322061192,2.737520128824477,2.147074610842727,18.69296833064949,1.1741814278046163,
105,11.600912506709609,2.3349436392914655,5.636070853462158,55.79710144927536,2.737520128824477,2.147074610842727,18.572195383789587,1.1741814278046163,
106,12.050456253354804,2.314814814814815,5.58239398819109,55.64949006977992,2.737520128824477,2.147074610842727,18.344068706387546,1.1741814278046163,
107,12.359098228663447,2.314814814814815,5.501878690284487,55.24691358024691,2.6704240472356413,2.147074610842727,18.344068706387546,1.415727321524423,
108,13.137412775093935,2.314814814814815,5.421363392377885,54.58266237251745,2.6704240472356413,2.2611379495437465,18.19645732689211,1.415727321524423,
109,13.264895330112722,2.314814814814815,5.421363392377885,54.468599033816425,2.6704240472356413,2.2611379495437465,18.183038110574344,1.415727321524423,
110,12.942834138486312,2.3081052066559313,5.421363392377885,54.97181964573269,2.6704240472356413,2.187332259796028,18.08239398819109,1.415727321524423,
111,13.47289318303811,2.301395598497048,5.3341384863123995,54.70343531937735,2.657004830917874,2.15378421900161,17.961621041331185,1.415727321524423,
112,14.06333870101986,2.2208803005904456,5.5689747718733225,54.02576489533011,2.657004830917874,2.3550724637681157,17.726784755770264,1.3821792807300053,
113,11.728395061728396,1.9122383252818036,5.35426731078905,55.39452495974235,1.8719806763285025,2.1806226516371443,19.920826623725173,1.6371443907675791,
114,12.13768115942029,1.9122383252818036,5.233494363929147,54.93827160493827,1.8518518518518519,2.5496511003757383,19.73966720343532,1.6371443907675791,
115,12.734836285560924,1.9122383252818036,5.233494363929147,54.26731078904992,2.281266774020397,2.5496511003757383,19.390767579173378,1.6304347826086956,
116,12.95625335480408,1.9122383252818036,5.233494363929147,54.07944176060118,2.281266774020397,2.536231884057971,19.370638754696724,1.6304347826086956,
117,12.560386473429952,1.892109500805153,5.193236714975845,55.683038110574344,2.281266774020397,1.9524959742351047,19.008319914117017,1.42914653784219,
118,11.084272678475577,1.8250134192163177,2.7509393451422435,65.33816425120773,2.200751476113795,1.8518518518518519,13.654052603327965,1.2949543746645196,
119,11.788781535158346,1.8048845947396672,2.7509393451422435,64.66720343531938,2.200751476113795,1.8518518518518519,13.499731615673644,1.4358561460010735,
120,11.05072463768116,1.778046162104133,2.5161030595813205,65.6333870101986,2.200751476113795,5.884326355340848,9.500805152979066,1.4358561460010735,
121,9.07139023081052,1.1205045625335481,2.2342995169082127,72.57112184648416,0.9259259259259259,5.045625335480408,7.595276435856146,1.4358561460010735,
122,9.5276435856146,1.1205045625335481,2.2342995169082127,72.0679012345679,0.9259259259259259,5.045625335480408,7.595276435856146,1.482823403113258,
123,10.171765968867419,1.1205045625335481,2.2342995169082127,71.44390767579173,0.9259259259259259,5.045625335480408,7.595276435856146,1.4626945786366077,
124,10.225442834138486,1.1205045625335481,2.2342995169082127,70.37037037037037,0.9259259259259259,5.045625335480408,7.595276435856146,2.4825550187869028,
125,10.748792270531402,1.1205045625335481,2.2342995169082127,69.76650563607086,0.9259259259259259,5.139559849704777,7.595276435856146,2.4691358024691357,
126,11.057434245840042,1.1205045625335481,2.227589908749329,69.4645732689211,0.9259259259259259,5.139559849704777,7.595276435856146,2.4691358024691357,
127,11.634460547504025,1.1205045625335481,2.227589908749329,69.16935050993023,0.9259259259259259,5.10601180891036,7.347020933977456,2.4691358024691357,
128,12.124261943102523,1.1137949543746646,2.227589908749329,68.12936124530327,0.9259259259259259,5.703166935050993,7.306763285024155,2.4691358024691357,
129,10.507246376811594,0.8789586688137413,1.107085346215781,74.36929683306495,0.9259259259259259,5.844068706387547,4.7168545356951155,1.6505636070853462,
130,10.661567364465915,0.8789586688137413,1.107085346215781,74.27536231884058,0.9259259259259259,5.783682232957595,4.7168545356951155,1.6505636070853462,
131,11.500268384326356,0.8789586688137413,1.107085346215781,73.38969404186795,0.9259259259259259,5.837359098228664,4.7101449275362315,1.6505636070853462,
132,11.902844873859367,0.8789586688137413,1.2144390767579174,72.88647342995169,0.8185721953837896,5.837359098228664,4.690016103059581,1.7713365539452497,
133,12.245034889962426,0.8789586688137413,1.2144390767579174,72.5577026301664,0.8185721953837896,5.837359098228664,4.676596886741814,1.7713365539452497,
134,12.318840579710145,0.8789586688137413,1.2077294685990339,68.95464304884595,4.3478260869565215,5.837359098228664,4.5893719806763285,1.865271068169619,
135,12.647611379495437,0.8789586688137413,1.1943102522812667,68.49168008588299,4.26731078904992,6.112453032742888,4.542404723564144,1.865271068169619,
136,12.969672571121846,0.8789586688137413,1.1943102522812667,68.2836822329576,4.1532474503489,6.112453032742888,4.542404723564144,1.865271068169619,
137,13.191089640365004,0.8789586688137413,1.1943102522812667,67.52549651100375,4.1129898013955986,6.011808910359635,4.542404723564144,2.5429414922168547,
138,13.378958668813741,0.8588298443370908,1.1943102522812667,67.3443370907139,4.005636070853462,6.132581857219538,4.542404723564144,2.5429414922168547,
139,12.412775093934513,0.8588298443370908,1.1943102522812667,68.7734836285561,4.005636070853462,6.132581857219538,4.193505099302201,2.428878153515835,
140,12.889157273215245,0.8588298443370908,1.1943102522812667,68.0756843800322,4.005636070853462,6.132581857219538,4.180085882984434,2.6637144390767578,
141,13.278314546430488,0.8588298443370908,1.1943102522812667,67.59930220075148,4.005636070853462,6.132581857219538,4.180085882984434,2.7509393451422435,
142,13.761406333870102,0.8588298443370908,1.1943102522812667,67.33091787439614,4.005636070853462,5.984970477724101,4.1129898013955986,2.7509393451422435,
143,13.868760064412239,0.8588298443370908,1.1943102522812667,67.223564143854,4.005636070853462,5.984970477724101,4.1129898013955986,2.7509393451422435,
144,14.204240472356414,0.8588298443370908,2.0263016639828235,65.90848094471284,3.965378421900161,5.810520665593129,4.1129898013955986,3.113258185721954,
145,14.418947933440688,0.8588298443370908,2.0263016639828235,65.76757917337628,3.864734299516908,5.797101449275362,4.1129898013955986,3.1535158346752548,
146,15.01610305958132,0.8588298443370908,2.0263016639828235,65.10332796564681,3.8378958668813743,5.750134192163178,4.1129898013955986,3.294417606011809,
147,15.344873859366613,0.8588298443370908,2.0263016639828235,64.83494363929147,3.8378958668813743,5.750134192163178,4.072732152442297,3.2742887815351582,
148,15.895061728395062,0.8588298443370908,2.0263016639828235,64.36527106816962,3.7037037037037037,5.884326355340848,3.992216854535695,3.2742887815351582,
149,16.23054213633924,0.8588298443370908,2.0263016639828235,63.87546967257112,3.7037037037037037,5.884326355340848,3.992216854535695,3.4286097691894795,
150,16.371443907675793,0.8118625872249061,2.0263016639828235,63.51315083199141,3.7037037037037037,5.884326355340848,3.992216854535695,3.69699409554482,
151,16.27750939345142,0.7648953301127214,2.0263016639828235,61.34594739667203,3.7037037037037037,5.998389694041868,6.421095008051529,3.4621578099838968,
152,14.908749329039184,0.7648953301127214,1.9994632313472893,55.48845947396672,11.708266237251744,6.253354804079442,5.6964573268921095,3.180354267310789,
153,15.633387010198604,0.7648953301127214,1.9994632313472893,54.8040794417606,11.446591519055287,6.407675791733762,5.649490069779925,3.294417606011809,
154,16.09634997316157,0.7648953301127214,1.9994632313472893,54.6027911969941,11.446591519055287,6.226516371443908,5.5689747718733225,3.294417606011809,
155,16.378153515834676,0.7447665056360708,1.9994632313472893,54.39479334406871,11.426462694578637,6.219806763285024,5.5689747718733225,3.2675791733762747,
156,16.854535695115406,0.7447665056360708,1.9592055823939882,53.858024691358025,11.245303274288782,6.374127750939345,5.535426731078905,3.4286097691894795,
157,17.143048845947398,0.7447665056360708,1.9592055823939882,53.616478797638216,11.245303274288782,6.347289318303811,5.515297906602254,3.4286097691894795,
158,17.317498658078367,0.7447665056360708,1.9592055823939882,53.44873859366613,11.245303274288782,6.347289318303811,5.515297906602254,3.421900161030596,
159,17.52549651100376,0.7447665056360708,1.892109500805153,53.34809447128288,11.20504562533548,6.347289318303811,5.515297906602254,3.421900161030596,
160,17.236983360171767,0.7447665056360708,3.7238325281803544,51.81159420289855,11.198336017176597,6.347289318303811,5.515297906602254,3.421900161030596,
161,17.485238862050455,0.7447665056360708,3.6768652710681695,51.62372517444981,11.171497584541063,6.374127750939345,5.501878690284487,3.421900161030596,
162,17.914653784219002,0.7447665056360708,3.6768652710681695,51.20101986044015,11.064143853998926,6.4345142243692965,5.448201825013419,3.515834675254965,
163,18.4447128287708,0.7447665056360708,3.6768652710681695,50.415995705850776,11.044015029522276,6.400966183574879,5.441492216854535,3.8311862587224907,
164,18.88083735909823,0.7447665056360708,3.6500268384326353,50.13419216317767,11.017176596886742,6.340579710144928,5.441492216854535,3.7909286097691894,
165,19.0955448201825,0.7447665056360708,3.6500268384326353,50.046967257112186,10.950080515297907,6.333870101986044,5.441492216854535,3.7372517444981215,
166,19.410896403650028,0.7380568974771873,3.4621578099838968,49.77187332259796,10.943370907139023,6.333870101986044,5.428073000536768,3.911701556629093,
167,20.263016639828233,0.7380568974771873,3.44873859366613,49.08749329039184,10.856146001073537,6.260064412238325,5.320719269994632,3.911701556629093,0.11406333870101985
168,20.457595276435857,0.7380568974771873,3.44873859366613,48.36285560923242,10.856146001073537,6.246645195920558,5.320719269994632,4.455179817498658,0.11406333870101985
169,20.33011272141707,0.7380568974771873,3.2139023081052067,47.88647342995169,11.943102522812667,6.246645195920558,5.293880837359098,4.233762748255502,0.11406333870101985
170,20.759527643585614,0.7380568974771873,3.193773483628556,47.557702630166396,11.943102522812667,6.246645195920558,5.246913580246914,4.200214707461084,0.11406333870101985
171,15.626677402039721,0.2281266774020397,2.7241009125067097,37.533548040794415,11.688137412775093,5.421363392377885,23.007246376811594,3.656736446591519,0.11406333870101985
172,15.841384863123993,0.2281266774020397,3.1065485775630703,37.25174449812131,11.594202898550725,5.421363392377885,22.785829307568438,3.656736446591519,0.11406333870101985
173,16.06280193236715,0.2281266774020397,3.1065485775630703,37.1309715512614,11.493558776167472,5.421363392377885,22.785829307568438,3.656736446591519,0.11406333870101985
174,16.19699409554482,0.2281266774020397,3.046162104133119,36.54723564143854,11.493558776167472,5.931293612453032,22.785829307568438,3.656736446591519,0.11406333870101985
175,16.53918411164788,0.2281266774020397,3.046162104133119,36.32581857219538,11.493558776167472,5.891035963499732,22.705314009661837,3.656736446591519,0.11406333870101985
176,16.25738056897477,0.2281266774020397,1.8585614600107354,40.27106816961889,11.486849168008588,4.079441760601181,22.20209339774557,3.502415458937198,0.11406333870101985
177,16.545893719806763,0.2281266774020397,1.7176596886741815,40.11003757380569,11.453301127214171,4.200214707461084,22.14170692431562,3.488996242619431,0.11406333870101985
178,17.022275899087493,0.2281266774020397,1.7176596886741815,39.76784755770263,11.453301127214171,4.200214707461084,22.088030059044552,3.408480944712829,0.11406333870101985
179,17.37788513150832,0.2281266774020397,1.7176596886741815,39.512882447665056,11.399624261943103,4.193505099302201,22.04777241009125,3.408480944712829,0.11406333870101985
180,18.19645732689211,0.2281266774020397,1.7176596886741815,38.88217928073001,11.399624261943103,4.126409017713366,21.947128287707997,3.388352120236178,0.11406333870101985
181,18.96135265700483,0.2281266774020397,1.7176596886741815,38.36553945249597,11.399624261943103,4.126409017713366,21.69887278582931,3.388352120236178,0.11406333870101985
182,19.330381105743424,0.2281266774020397,1.7176596886741815,38.22463768115942,11.352657004830919,4.126409017713366,21.55126140633387,3.3548040794417604,0.11406333870101985
183,19.665861513687602,0.2281266774020397,1.7176596886741815,38.02334943639291,11.325818572195384,4.126409017713366,21.511003757380568,3.2877079978529253,0.11406333870101985
184,18.531937734836287,0.2281266774020397,1.6774020397208802,44.22973698336017,9.71551261406334,4.5893719806763285,17.51207729468599,3.4017713365539453,0.11406333870101985
185,18.773483628556093,0.2281266774020397,1.6774020397208802,43.94122383252818,9.71551261406334,4.5893719806763285,17.431561996779386,3.5292538915727323,0.11406333870101985
186,18.907675791733762,0.2281266774020397,1.6774020397208802,43.666129898013956,9.71551261406334,4.5893719806763285,17.431561996779386,3.670155662909286,0.11406333870101985
187,19.202898550724637,0.2281266774020397,2.0397208803005906,43.263553408480945,9.675254965110037,4.508856682769726,17.3040794417606,3.670155662909286,0.10735373054213634
188,19.330381105743424,0.2281266774020397,2.0397208803005906,42.78717122920021,9.668545356951155,4.508856682769726,17.3040794417606,4.025764895330113,0.10735373054213634
189,20.115405260332796,0.2147074610842727,2.4020397208803006,42.210144927536234,9.668545356951155,4.508856682769726,17.062533548040793,3.7104133118625873,0.10735373054213634
190,20.598497047772412,0.2147074610842727,2.3886205045625335,41.75389157273215,9.380032206119163,4.797369833601718,17.062533548040793,3.69699409554482,0.10735373054213634
191,20.779656468062264,0.2147074610842727,2.3886205045625335,41.38486312399356,9.359903381642512,4.797369833601718,16.97530864197531,3.992216854535695,0.10735373054213634
192,20.28985507246377,0.2147074610842727,2.3886205045625335,39.51959205582394,9.252549651100376,4.790660225442834,19.679280730005367,3.7573805689747717,0.10735373054213634
193,20.128824476650564,0.2147074610842727,2.3886205045625335,38.71443907675792,9.252549651100376,5.4549114331723025,19.64573268921095,4.092860976918948,0.10735373054213634
194,20.30998389694042,0.2147074610842727,2.314814814814815,38.70101986044015,9.23913043478261,5.4549114331723025,19.565217391304348,4.092860976918948,0.10735373054213634
195,20.705850778314545,0.2147074610842727,2.314814814814815,38.34541062801932,9.23913043478261,5.4549114331723025,19.524959742351047,4.092860976918948,0.10735373054213634
196,21.07487922705314,0.2147074610842727,2.314814814814815,38.10386473429951,9.23913043478261,5.414653784219001,19.45786366076221,4.072732152442297,0.10735373054213634
197,21.4573268921095,0.2147074610842727,2.301395598497048,37.78180354267311,9.23913043478261,5.414653784219001,19.45115405260333,4.032474503488996,0.10735373054213634
198,22.16183574879227,0.2147074610842727,2.301395598497048,37.473161567364464,9.044551798174986,5.414653784219001,19.256575415995705,4.025764895330113,0.10735373054213634
199,22.537573805689746,0.2147074610842727,2.301395598497048,37.19135802469136,9.024422973698336,5.414653784219001,19.189479334406872,4.019055287171229,0.10735373054213634
200,23.027375201288244,0.2147074610842727,2.301395598497048,36.75523349436393,9.098228663446054,5.3274288781535155,19.14922168545357,4.019055287171229,0.10735373054213634
201,22.5577026301664,0.2147074610842727,4.019055287171229,35.487117552334944,9.091519055287172,5.857487922705314,18.88083735909823,3.784219001610306,0.10735373054213634
202,23.00053676865271,0.2147074610842727,4.005636070853462,34.916800858829845,8.883521202361782,6.454643048845948,18.739935587761675,3.6768652710681695,0.10735373054213634
203,23.26892109500805,0.2147074610842727,3.992216854535695,34.72893183038111,8.856682769726248,6.454643048845948,18.719806763285025,3.656736446591519,0.10735373054213634
204,23.483628556092324,0.2147074610842727,3.9720880300590444,34.64170692431562,8.84326355340848,6.394256575415996,18.686258722490606,3.656736446591519,0.10735373054213634
205,23.64465915190553,0.2147074610842727,3.9720880300590444,34.48067632850242,8.84326355340848,6.394256575415996,18.686258722490606,3.656736446591519,0.10735373054213634
206,23.825818572195384,0.2147074610842727,4.38137412775094,34.20558239398819,9.118357487922705,6.1862587224906065,18.344068706387546,3.616478797638218,0.10735373054213634
207,24.456521739130434,0.2147074610842727,4.38137412775094,33.682232957595275,9.111647879763822,6.172839506172839,18.323939881910896,3.549382716049383,0.10735373054213634
208,24.812130971551262,0.2147074610842727,4.38137412775094,33.46081588835212,9.05126140633387,6.172839506172839,18.263553408480945,3.535963499731616,0.10735373054213634
209,25.07380568974772,0.2147074610842727,4.3545356951154055,33.360171765968865,8.957326892109501,6.568706387546968,17.834138486312398,3.5292538915727323,0.10735373054213634
210,25.281803542673106,0.2147074610842727,4.3545356951154055,33.23268921095008,8.789586688137414,6.541867954911433,17.834138486312398,3.5292538915727323,0.2214170692431562
211,25.301932367149757,0.2147074610842727,4.3545356951154055,32.360440150295226,7.2933440687063875,6.172839506172839,20.69243156199678,3.388352120236178,0.2214170692431562
212,25.577026301663984,0.2147074610842727,4.461889425657541,32.09205582393988,7.273215244229737,6.132581857219538,20.638754696725712,3.388352120236178,0.2214170692431562
213,25.999731615673646,0.20128824476650564,4.51556629092861,31.716317767042405,7.353730542136339,6.018518518518518,20.598497047772412,3.374932903918411,0.2214170692431562
214,26.147342995169083,0.20128824476650564,4.622920021470746,31.689479334406872,7.185990338164252,6.018518518518518,20.538110574342458,3.374932903918411,0.2214170692431562
215,24.832259796027913,0.20128824476650564,4.575952764358561,40.734031132581855,2.200751476113795,5.636070853462158,18.377616747181964,3.33467525496511,0.10735373054213634
216,24.932903918411164,0.20128824476650564,4.575952764358561,40.60654857756307,2.200751476113795,5.636070853462158,18.243424584004295,3.4957058507783145,0.10735373054213634
217,25.34219001610306,0.20128824476650564,4.575952764358561,40.405260332796566,2.200751476113795,5.528717122920021,18.156199677938808,3.589640365002684,
218,25.469672571121848,0.20128824476650564,4.575952764358561,40.00939345142244,2.187332259796028,5.515297906602254,18.089103596349972,3.9519592055823938,
219,25.811862587224905,0.20128824476650564,4.528985507246377,39.87520128824477,2.187332259796028,5.488459473966721,17.954911433172303,3.9519592055823938,
220,26.10708534621578,0.20128824476650564,4.2270531400966185,39.31159420289855,2.85829307568438,5.441492216854535,17.921363392377884,3.9318303811057436,
221,26.214439076757916,0.20128824476650564,4.374664519592056,39.090177133655395,2.85829307568438,5.434782608695652,17.921363392377884,3.9049919484702094,
222,26.39559849704777,0.20128824476650564,4.367954911433173,39.029790660225444,2.85829307568438,5.515297906602254,17.820719269994633,3.81105743424584,
223,26.663982823403114,0.20128824476650564,4.247181964573269,38.92243692968331,2.85829307568438,5.501878690284487,17.793880837359097,3.81105743424584,
224,26.952495974235106,0.20128824476650564,4.17337627482555,38.727858293075684,2.85829307568438,5.501878690284487,17.773752012882447,3.81105743424584,
225,27.22758990874933,0.20128824476650564,4.17337627482555,38.55340848094471,2.85829307568438,5.46833064949007,17.74020397208803,3.7775093934514223,
226,27.583199141170155,0.20128824476650564,4.1532474503489,38.31186258722491,2.7979066022544283,5.676328502415459,17.538915727321523,3.7372517444981215,
227,27.80461621041331,0.20128824476650564,4.1532474503489,38.097155126140635,2.7979066022544283,5.669618894256575,17.538915727321523,3.7372517444981215,
228,27.958937198067634,0.20128824476650564,4.1532474503489,38.02334943639291,2.7979066022544283,5.669618894256575,17.485238862050455,3.7104133118625873,
229,28.361513687600645,0.20128824476650564,4.1532474503489,37.88244766505636,2.7979066022544283,5.622651637144391,17.270531400966185,3.7104133118625873,
230,28.509125067096083,0.20128824476650564,4.1532474503489,37.795222758990874,2.7979066022544283,5.609232420826624,17.270531400966185,3.6634460547504024,
231,28.64331723027375,0.20128824476650564,4.1532474503489,37.72141706924316,2.7979066022544283,5.5689747718733225,17.250402576489535,3.6634460547504024,
232,28.85131508319914,0.20128824476650564,4.294149221685454,37.60064412238325,2.7979066022544283,5.562265163714439,17.082662372517444,3.6097691894793345,
233,29.180085882984432,0.20128824476650564,4.240472356414386,37.47987117552335,2.7979066022544283,5.481749865807837,17.06924315619968,3.549382716049383,
234,28.012614063338702,0.20128824476650564,4.052603327965647,42.28395061728395,2.4020397208803006,5.35426731078905,14.727589908749328,2.965646806226516,
235,28.059581320450885,0.20128824476650564,4.052603327965647,42.23698336017176,2.4020397208803006,5.35426731078905,14.727589908749328,2.965646806226516,
236,28.44873859366613,0.20128824476650564,3.965378421900161,42.16317767042405,2.4020397208803006,5.3341384863123995,14.553140096618357,2.932098765432099,
237,28.650026838432634,0.20128824476650564,3.9318303811057436,41.94176060118089,2.5429414922168547,5.260332796564681,14.224369296833064,3.2474503488996245,
238,29.03918411164788,0.20128824476650564,3.9318303811057436,41.78073000536769,2.5429414922168547,5.246913580246914,14.009661835748792,3.2474503488996245,
239,29.455179817498657,0.20128824476650564,3.898282340311326,41.6129898013956,2.61003757380569,5.072463768115942,13.962694578636608,3.1870638754696725,
240,30.079173376274827,0.20128824476650564,3.8915727321524423,40.365002683843265,2.5831991411701556,5.870907139023081,13.821792807300053,3.1870638754696725,
241,30.24020397208803,0.20128824476650564,3.864734299516908,40.22410091250671,3.1468062265163717,5.870907139023081,13.385668276972625,3.066290928609769,
242,30.367686527106816,0.20128824476650564,3.750670960815888,40.17042404723564,3.361513687600644,5.6964573268921095,13.385668276972625,3.066290928609769,
243,30.56226516371444,0.20128824476650564,3.8714439076757916,39.87520128824477,3.3279656468062266,5.6964573268921095,13.352120236178207,3.113258185721954,
244,31.15271068169619,0.20128824476650564,3.8714439076757916,39.51959205582394,3.3279656468062266,5.656199677938808,13.191089640365004,3.079710144927536,
245,31.32716049382716,0.20128824476650564,3.9720880300590444,39.34514224369297,3.307836822329576,5.615942028985507,13.150831991411701,3.079710144927536,
246,31.5552871712292,0.20128824476650564,3.965378421900161,38.95598497047772,3.307836822329576,5.6964573268921095,13.123993558776167,3.193773483628556,
247,31.890767579173378,0.20128824476650564,3.8915727321524423,38.74127750939345,3.307836822329576,5.6964573268921095,13.077026301663983,3.193773483628556,
248,32.19940955448202,0.20128824476650564,4.03918411164788,38.459473966720346,3.307836822329576,5.636070853462158,13.023349436392914,3.1333870101986045,
249,32.39398819108964,0.20128824476650564,4.03918411164788,38.217928073000536,3.307836822329576,5.864197530864198,12.929414922168545,3.046162104133119,
250,32.66237251744498,0.20128824476650564,3.9586688137412773,37.96967257112185,3.307836822329576,5.864197530864198,12.875738056897477,3.1602254428341383,
251,33.15888352120236,0.20128824476650564,3.9586688137412773,37.74825550187869,3.294417606011809,5.864197530864198,12.661030595813205,3.113258185721954,
252,33.57487922705314,0.20128824476650564,3.911701556629093,37.39935587761675,3.294417606011809,5.850778314546431,12.654320987654321,3.113258185721954,
253,33.581588835212024,0.20128824476650564,3.911701556629093,36.842458400429415,3.294417606011809,6.025228126677402,12.587224906065487,3.556092324208266,
254,34.004294149221685,0.20128824476650564,3.8177670424047236,36.54723564143854,3.294417606011809,5.991680085882985,12.587224906065487,3.556092324208266,
255,34.39345142243693,0.20128824476650564,3.7104133118625873,36.01717659688674,3.2675791733762747,5.9514224369296835,12.983091787439614,3.475577026301664,
256,35.27241009125067,0.20128824476650564,3.717122920021471,35.587761674718195,3.1736446591519054,5.797101449275362,12.828770799785293,3.421900161030596,
257,35.63472893183038,0.20128824476650564,3.717122920021471,35.33279656468062,3.1736446591519054,5.790391841116479,12.795222758990874,3.3548040794417604,
