,45,50,51,52,55,53,56,54
0,98.95330112721417,1.0466988727858293,,,,,,
1,84.62828770799786,15.371712292002147,,,,,,
2,81.25335480407944,18.746645195920557,,,,,,
3,79.99194847020934,20.00805152979066,,,,,,
4,78.92512077294685,21.07487922705314,,,,,,
5,77.83145464304884,22.168545356951153,,,,,,
6,78.31454643048846,21.68545356951154,,,,,,
7,78.38835212023618,21.611647879763822,,,,,,
8,77.45571658615137,22.544283413848632,,,,,,
9,77.38191089640365,22.61808910359635,,,,,,
10,77.1202361782072,22.879763821792807,,,,,,
11,71.68545356951154,28.31454643048846,,,,,,
12,70.45759527643585,29.542404723564143,,,,,,
13,69.98121309715512,28.878153515834676,1.1406333870101986,,,,,
14,69.43773483628556,28.173644659151904,0.9930220075147611,1.3955984970477724,,,,
15,67.59930220075148,30.656199677938808,0.5568974771873323,1.1876006441223832,,,,
16,67.66639828234031,30.589103596349972,0.5568974771873323,1.1876006441223832,,,,
17,67.18330649490069,30.367686527106816,1.261406333870102,1.1876006441223832,,,,
18,60.15163714439077,36.62775093934514,2.033011272141707,1.1876006441223832,,,,
19,29.857756307031668,67.49865807836822,1.4559849704777241,1.1876006441223832,,,,
20,29.49543746645196,64.861782071927,3.0193236714975846,1.1741814278046163,1.4492753623188406,,,
21,26.39559849704777,63.788244766505635,5.723295759527644,1.1741814278046163,2.918679549114332,,,
22,26.44927536231884,51.831723027375205,5.723295759527644,1.1741814278046163,1.751207729468599,13.070316693505099,,
23,26.838432635534083,50.966183574879224,5.475040257648954,1.1473429951690821,1.724369296833065,13.848631239935587,,
24,27.03972088030059,50.637412775093935,5.4616210413311865,1.1473429951690821,1.9659151905528718,13.747987117552334,,
25,27.254428341384862,50.42941492216855,5.4616210413311865,1.1473429951690821,1.9659151905528718,13.741277509393452,,
26,27.542941492216855,50.1610305958132,5.448201825013419,1.1473429951690821,1.9659151905528718,13.734567901234568,,
27,27.911969940955448,49.8792270531401,5.448201825013419,1.1473429951690821,1.9659151905528718,13.647342995169081,,
28,28.093129361245303,46.363392377885134,5.448201825013419,1.1473429951690821,1.5432098765432098,17.404723564143854,,
29,26.01315083199141,38.687600644122384,21.162104133118625,2.657004830917874,1.5096618357487923,9.970477724100913,,
30,26.281535158346752,38.506441223832525,21.07487922705314,2.657004830917874,1.5096618357487923,9.970477724100913,,
31,25.959473966720342,38.419216317767045,20.26972624798712,4.092860976918948,1.5096618357487923,9.749060654857756,,
32,22.33628556092324,36.902844873859365,22.376543209876544,4.824208266237251,1.442565754159957,9.702093397745571,2.4154589371980677,
33,21.93370907139023,37.453032742887814,22.33628556092324,4.824208266237251,1.8585614600107354,9.225711218464841,2.368491680085883,
34,21.041331186258724,38.39237788513151,22.322866344605476,4.790660225442834,1.8585614600107354,9.225711218464841,2.368491680085883,
35,21.309715512614062,38.197799248523886,22.29602791196994,4.770531400966184,1.8451422436929683,9.896672034353195,1.6841116478797638,
36,21.517713365539453,38.16425120772947,22.128287707997853,4.7638217928073,1.8451422436929683,9.896672034353195,1.6841116478797638,
37,21.994095544820183,38.016639828234034,21.980676328502415,4.730273752012883,1.8317230273752012,9.762479871175524,1.6841116478797638,
38,22.15512614063339,37.96296296296296,21.89345142243693,4.730273752012883,1.8317230273752012,9.742351046698873,1.6841116478797638,
39,22.15512614063339,36.493558776167475,21.866612989801396,4.730273752012883,1.6237251744498122,9.742351046698873,1.6841116478797638,1.7042404723564144
40,21.604938271604937,33.15217391304348,22.940150295222757,4.253891572732153,1.4626945786366077,13.22463768115942,1.6841116478797638,1.6774020397208802
41,20.90713902308105,32.27321524422974,24.094202898550726,4.005636070853462,1.4626945786366077,13.895598497047773,1.6841116478797638,1.6774020397208802
42,21.121846484165324,32.1256038647343,24.06736446591519,4.005636070853462,1.4626945786366077,13.855340848094471,1.6841116478797638,1.6774020397208802
43,21.289586688137412,31.716317767042405,23.49033816425121,3.965378421900161,1.1540526033279657,13.902308105206655,1.6841116478797638,2.7979066022544283
44,21.041331186258724,29.790660225442835,18.61916264090177,4.528985507246377,0.8655394524959742,12.365807836822329,1.6841116478797638,11.104401502952227
45,21.490874932903917,29.71014492753623,18.491680085882983,4.488727858293076,0.8655394524959742,12.218196457326892,1.6841116478797638,11.05072463768116
46,21.712292002147073,29.656468062265162,18.411164787976382,4.488727858293076,0.8655394524959742,12.157809983896941,1.6841116478797638,11.023886205045626
47,21.886741814278047,29.582662372517444,18.411164787976382,4.461889425657541,0.8655394524959742,12.130971551261407,1.6841116478797638,10.976918947933441
48,22.094739667203434,28.65673644659152,18.23671497584541,4.461889425657541,1.9256575415995705,12.02361782071927,1.6774020397208802,10.923242082662373
49,22.0276435856146,28.29441760601181,18.833870101986044,4.408212560386473,1.9189479334406871,11.990069779924852,1.6774020397208802,10.849436392914654
50,21.73913043478261,26.992753623188406,19.699409554482017,4.408212560386473,1.9189479334406871,11.037305421363392,1.6774020397208802,12.526838432635534
51,18.471551261406333,25.657541599570585,36.211755233494365,2.636876006441224,0.8454106280193237,9.172034353193773,0.24154589371980675,6.763285024154589
52,18.719806763285025,25.563607085346217,35.990338164251206,3.9989264626945786,0.3824476650563607,8.648684916800859,0.24154589371980675,6.454643048845948
53,18.914385399892645,25.543478260869566,35.869565217391305,3.9855072463768115,0.3824476650563607,8.427267847557703,0.46296296296296297,6.414385399892646
54,19.182769726247987,25.462962962962962,35.75550187869028,3.965378421900161,0.3824476650563607,8.373590982286634,0.46296296296296297,6.414385399892646
55,18.605743424584006,25.389157273215243,35.59447128287708,5.414653784219001,0.3824476650563607,8.091787439613526,0.46296296296296297,6.0587761674718195
56,18.94122383252818,24.664519592055825,35.339506172839506,5.267042404723564,0.3824476650563607,9.225711218464841,0.46296296296296297,5.71658615136876
57,19.256575415995705,24.55716586151369,35.279119699409556,5.253623188405797,0.3824476650563607,9.16532474503489,0.46296296296296297,5.642780461621041
58,19.49812130971551,24.436392914653783,35.245571658615134,5.253623188405797,0.3824476650563607,9.078099838969404,0.46296296296296297,5.642780461621041
59,19.685990338164252,24.382716049382715,35.13150831991412,5.253623188405797,0.3824476650563607,9.057971014492754,0.46296296296296297,5.642780461621041
60,19.97450348899624,24.255233494363928,35.01073537305421,5.253623188405797,0.3824476650563607,9.017713365539452,0.46296296296296297,5.642780461621041
61,20.276435856146,24.168008588298445,34.80944712828771,5.253623188405797,0.3824476650563607,9.004294149221685,0.46296296296296297,5.642780461621041
62,20.38378958668814,23.98684916800859,34.796027911969944,5.226784755770263,0.5099302200751477,9.004294149221685,0.46296296296296297,5.629361245303274
63,20.699141170155663,23.845947396672035,34.66183574879227,5.226784755770263,0.5099302200751477,8.997584541062801,0.46296296296296297,5.595813204508857
64,20.933977455716587,23.785560923242084,34.514224369296834,5.226784755770263,0.5099302200751477,8.99087493290392,0.4495437466451959,5.589103596349974
65,21.088298443370906,23.765432098765434,34.40016103059581,5.226784755770263,0.5099302200751477,8.970746108427267,0.4495437466451959,5.589103596349974
66,21.4170692431562,23.470209339774556,34.366612989801396,5.226784755770263,0.5099302200751477,8.970746108427267,0.4495437466451959,5.589103596349974
67,21.504294149221685,23.45679012345679,34.306226516371446,5.226784755770263,0.5099302200751477,8.957326892109501,0.4495437466451959,5.589103596349974
68,21.940418679549115,23.429951690821255,34.05797101449275,5.199946323134729,0.5099302200751477,8.82313472893183,0.4495437466451959,5.589103596349974
69,22.0276435856146,23.423242082662373,34.004294149221685,5.199946323134729,0.5099302200751477,8.796296296296296,0.4495437466451959,5.589103596349974
70,22.208803005904453,23.329307568438004,33.9573268921095,5.199946323134729,0.5099302200751477,8.756038647342995,0.4495437466451959,5.589103596349974
71,22.309447128287708,22.98040794417606,33.9170692431562,5.199946323134729,0.8252818035426731,8.756038647342995,0.4495437466451959,5.562265163714439
72,22.6784755770263,22.799248523886206,33.82984433709071,5.199946323134729,0.8252818035426731,8.662104133118627,0.4495437466451959,5.555555555555555
73,22.899892646269457,22.69860440150295,33.742619431025226,5.199946323134729,0.8252818035426731,8.635265700483092,0.4495437466451959,5.548845947396672
74,23.05421363392378,22.571121846484164,31.790123456790123,5.186527106816962,2.945517981749866,8.621846484165324,0.4495437466451959,5.381105743424584
75,22.84621578099839,22.899892646269457,31.676060118089104,5.186527106816962,2.9388083735909825,8.621846484165324,0.4495437466451959,5.381105743424584
76,23.020665593129362,22.832796564680624,31.588835212023618,5.186527106816962,2.9388083735909825,8.601717659688674,0.4495437466451959,5.381105743424584
77,23.161567364465917,22.77241009125067,31.36070853462158,5.186527106816962,3.126677402039721,8.57487922705314,0.4495437466451959,5.367686527106817
78,23.376274825550187,22.73886205045625,31.13929146537842,5.159688674181428,3.099838969404187,8.668813741277509,0.4495437466451959,5.367686527106817
79,23.483628556092324,22.591250670960815,30.112721417069242,5.159688674181428,4.180085882984434,8.655394524959743,0.4495437466451959,5.367686527106817
80,23.866076221148685,22.450348899624263,29.602791196994094,5.159688674181428,4.602791196994096,8.55475040257649,0.4495437466451959,5.314009661835748
81,24.02710681696189,22.416800858829845,29.55582393988191,5.159688674181428,4.549114331723027,8.527911969940956,0.4495437466451959,5.314009661835748
82,24.36929683306495,22.23564143853999,29.394793344068706,5.159688674181428,4.549114331723027,8.527911969940956,0.4495437466451959,5.314009661835748
83,24.684648416532475,22.12157809983897,29.22705314009662,5.159688674181428,4.53569511540526,8.521202361782072,0.4495437466451959,5.300590445517981
84,24.18142780461621,22.088030059044552,28.965378421900162,6.038647342995169,4.53569511540526,8.467525496511003,0.4495437466451959,5.273752012882448
85,24.496779388083738,21.980676328502415,28.824476650563607,5.991680085882985,4.53569511540526,8.467525496511003,0.4495437466451959,5.253623188405797
86,24.86580783682233,21.967257112184647,28.824476650563607,5.656199677938808,4.53569511540526,8.460815888352121,0.4495437466451959,5.24020397208803
87,24.94632313472893,21.967257112184647,28.75738056897477,5.642780461621041,4.53569511540526,8.460815888352121,0.4495437466451959,5.24020397208803
88,24.785292538915726,21.175523349436393,28.71712292002147,6.696188942565755,4.53569511540526,8.460815888352121,0.4495437466451959,5.179817498658078
89,24.52361782071927,20.90713902308105,28.703703703703702,6.125872249060655,4.53569511540526,9.621578099838969,0.4495437466451959,5.132850241545894
90,24.490069779924852,20.323403113258184,28.475577026301664,6.991411701556629,4.53569511540526,9.621578099838969,0.4495437466451959,5.112721417069243
91,24.691358024691358,20.242887815351583,28.368223295759528,6.977992485238862,4.53569511540526,9.621578099838969,0.4495437466451959,5.112721417069243
92,25.06038647342995,20.02818035426731,28.33467525496511,6.977992485238862,4.528985507246377,9.5276435856146,0.4495437466451959,5.092592592592593
93,24.14117015566291,19.93424584004294,31.407675791733762,6.971282877079979,4.528985507246377,7.514761137949543,0.4495437466451959,5.052334943639291
94,24.382716049382715,19.89398819108964,31.266774020397207,6.937734836285561,4.522275899087493,7.494632313472893,0.4495437466451959,5.052334943639291
95,24.671229200214707,19.887278582930758,31.0252281266774,6.910896403650026,4.522275899087493,7.481213097155126,0.4495437466451959,5.052334943639291
96,24.644390767579175,19.47799248523886,29.636339237788512,8.480944712828771,4.810789049919484,7.454374664519592,0.4495437466451959,5.045625335480408
97,24.818840579710145,19.41760601180891,29.60950080515298,8.474235104669887,4.777241009125067,7.4208266237251745,0.4495437466451959,5.032206119162641
98,24.9194847020934,19.41760601180891,29.58937198067633,8.474235104669887,4.74369296833065,7.4141170155662905,0.4495437466451959,4.99194847020934
99,25.228126677402038,19.39747718733226,29.562533548040793,8.272946859903382,4.723564143853999,7.37385936661299,0.4495437466451959,4.99194847020934
100,24.94632313472893,18.98148148148148,30.334138486312398,8.219269994632313,4.7168545356951155,7.367149758454106,0.4495437466451959,4.985238862050457
101,25.207997852925388,18.94122383252818,30.159688674181428,8.172302737520129,4.7168545356951155,7.367149758454106,0.4495437466451959,4.985238862050457
102,25.597155126140635,18.65271068169619,30.10601180891036,8.165593129361245,4.703435319377348,7.367149758454106,0.4495437466451959,4.958400429414922
103,25.543478260869566,18.183038110574344,30.03220611916264,8.132045088566828,5.374396135265701,7.340311325818572,0.4495437466451959,4.944981213097155
104,25.47638217928073,18.015297906602253,29.61621041331186,7.635534084809447,5.676328502415459,8.393719806763285,0.28180354267310787,4.904723564143854
105,25.6105743424584,18.015297906602253,29.55582393988191,7.608695652173913,5.642780461621041,8.393719806763285,0.28180354267310787,4.891304347826087
106,25.228126677402038,17.062533548040793,30.938003220611915,7.601986044015029,5.642780461621041,8.353462157809984,0.28180354267310787,4.891304347826087
107,25.167740203972087,17.028985507246375,29.74369296833065,7.541599570585078,6.991411701556629,8.353462157809984,0.28180354267310787,4.891304347826087
108,25.37573805689748,17.002147074610843,29.676596886741816,7.541599570585078,6.877348362855609,8.353462157809984,0.28180354267310787,4.891304347826087
109,25.644122383252817,16.935050993022006,29.60950080515298,7.5348899624261945,6.863929146537842,8.353462157809984,0.28180354267310787,4.777241009125067
110,25.234836285560924,16.418411164787976,29.274020397208805,7.5348899624261945,6.736446591519055,9.742351046698873,0.28180354267310787,4.777241009125067
111,25.44283413848631,16.418411164787976,29.106280193236714,7.5348899624261945,6.736446591519055,9.702093397745571,0.28180354267310787,4.777241009125067
112,25.644122383252817,16.418411164787976,29.012345679012345,7.5348899624261945,6.723027375201288,9.675254965110037,0.28180354267310787,4.7101449275362315
113,25.95276435856146,16.183574879227052,28.898282340311326,7.514761137949543,6.78341384863124,9.675254965110037,0.28180354267310787,4.7101449275362315
114,26.194310252281266,16.129898013955984,28.864734299516908,7.514761137949543,6.723027375201288,9.614868491680086,0.28180354267310787,4.676596886741814
115,26.32850241545894,16.089640365002683,28.784219001610307,7.50805152979066,6.716317767042405,9.614868491680086,0.28180354267310787,4.676596886741814
116,26.455984970477726,16.022544283413847,28.73054213633924,7.50805152979066,6.716317767042405,9.608158883521202,0.28180354267310787,4.676596886741814
117,26.50295222758991,16.002415458937197,28.31454643048846,7.50805152979066,7.1725711218464845,9.574610842726784,0.28180354267310787,4.643048845947397
118,26.710950080515296,15.921900161030596,28.26086956521739,7.434245840042942,7.1725711218464845,9.574610842726784,0.28180354267310787,4.643048845947397
119,26.630434782608695,15.821256038647343,27.435587761674718,7.434245840042942,6.501610305958132,9.567901234567902,0.28180354267310787,6.327160493827161
120,26.84514224369297,15.787707997852925,27.38191089640365,7.380568974771873,6.474771873322598,9.520933977455716,0.28180354267310787,6.327160493827161
121,26.90552871712292,15.787707997852925,27.355072463768117,7.380568974771873,6.474771873322598,9.4873859366613,0.28180354267310787,6.327160493827161
122,26.207729468599034,14.492753623188406,28.99892646269458,6.6760601180891035,6.427804616210413,9.480676328502415,0.28180354267310787,7.434245840042942
123,26.29495437466452,14.486044015029522,28.958668813741276,6.6760601180891035,6.427804616210413,9.460547504025765,0.28180354267310787,7.4141170155662905
124,26.462694578636608,14.090177133655395,27.938808373590984,6.655931293612453,7.360440150295223,9.447128287707997,0.10064412238325282,7.944176060118089
125,23.081052066559312,19.269994632313473,27.643585614600106,5.776972624798712,7.347020933977456,8.896940418679549,0.10064412238325282,7.883789586688137
126,23.11460010735373,19.162640901771336,28.227321524422972,5.776972624798712,7.313472893183038,8.420558239398819,0.10064412238325282,7.883789586688137
127,23.443370907139023,19.082125603864736,28.18035426731079,5.703166935050993,7.313472893183038,8.36688137412775,0.10064412238325282,7.809983896940419
128,20.67230273752013,16.70692431561997,36.231884057971016,3.717122920021471,6.857219538378959,8.353462157809984,0.10064412238325282,7.360440150295223
129,20.819914117015568,15.901771336553946,35.94337090713902,4.683306494900698,6.837090713902308,8.353462157809984,0.10064412238325282,7.360440150295223
130,21.22920021470746,15.901771336553946,35.69511540526033,4.643048845947397,6.749865807836822,8.319914117015566,0.10064412238325282,7.360440150295223
131,21.35668276972625,15.854804079441761,35.63472893183038,4.643048845947397,6.749865807836822,8.319914117015566,0.10064412238325282,7.340311325818572
132,21.497584541062803,15.754159957058508,34.796027911969944,4.03918411164788,6.729736983360172,8.272946859903382,0.10064412238325282,8.809715512614064
133,21.62506709608159,15.747450348899624,34.72893183038111,4.032474503488996,6.709608158883521,8.272946859903382,0.10064412238325282,8.78287707997853
134,21.926999463231347,15.646806226516372,34.66854535695116,3.9989264626945786,6.629092860976919,8.259527643585615,0.0939345142243693,8.776167471819646
135,22.054482018250134,15.60654857756307,34.6081588835212,3.9989264626945786,6.615673644659152,8.259527643585615,0.0939345142243693,8.76274825550188
136,22.27589908749329,15.599838969404187,34.534353193773484,3.965378421900161,6.615673644659152,8.179012345679013,0.0939345142243693,8.735909822866345
137,22.423510466988727,15.546162104133119,34.48067632850242,3.965378421900161,6.615673644659152,8.158883521202362,0.0939345142243693,8.715780998389693
138,22.611379495437465,15.5126140633387,34.33977455716586,3.965378421900161,6.615673644659152,8.158883521202362,0.0939345142243693,8.702361782071927
139,23.013955984970476,15.499194847020934,34.21229200214707,3.965378421900161,6.615673644659152,7.897208803005904,0.0939345142243693,8.702361782071927
140,23.201825013419217,15.458937198067632,34.19887278582931,4.294149221685454,6.568706387546968,7.7831454643048845,0.0939345142243693,8.400429414922169
141,23.356146001073537,15.318035426731079,33.863392377885134,4.99194847020934,6.816961889425658,7.320182501341922,0.0939345142243693,8.239398819108963
142,23.07434245840043,15.291196994095545,34.09822866344606,4.944981213097155,6.6827697262479875,8.440687063875469,0.0939345142243693,7.37385936661299
143,23.18840579710145,15.150295222758992,33.923778851315085,4.944981213097155,6.5485775630703165,8.440687063875469,0.0939345142243693,7.709339774557166
144,23.121309715512613,15.13016639828234,33.03811057434246,5.978260869565218,6.521739130434782,8.420558239398819,0.0939345142243693,7.695920558239399
145,23.517176596886742,15.116747181964573,32.74288781535159,5.978260869565218,6.447933440687064,8.407139023081053,0.0939345142243693,7.695920558239399
146,22.356414385399894,13.862050456253355,32.22624798711755,11.647879763821793,5.723295759527644,7.709339774557166,0.05367686527106817,6.421095008051529
147,22.423510466988727,13.83521202361782,32.22624798711755,11.621041331186259,5.723295759527644,7.709339774557166,0.05367686527106817,6.407675791733762
148,22.82608695652174,13.808373590982287,31.93102522812668,11.621041331186259,5.676328502415459,7.709339774557166,0.05367686527106817,6.374127750939345
149,22.920021470746107,13.781535158346752,31.78341384863124,11.077563070316694,5.676328502415459,7.6623725174449815,0.05367686527106817,7.0450885668276975
150,22.940150295222757,12.318840579710145,33.25281803542673,11.077563070316694,5.676328502415459,7.635534084809447,0.05367686527106817,7.0450885668276975
151,23.101180891035963,12.198067632850242,33.21256038647343,11.044015029522276,5.629361245303274,7.729468599033816,0.05367686527106817,7.03166935050993
152,23.483628556092324,12.191358024691358,33.10520665593129,11.010466988727858,5.609232420826624,7.716049382716049,0.05367686527106817,6.830381105743425
153,23.49033816425121,11.493558776167472,32.709339774557165,12.144390767579173,5.595813204508857,7.702630166398282,0.05367686527106817,6.810252281266774
154,23.68491680085883,11.453301127214171,31.736446591519055,11.969940955448202,5.595813204508857,7.6556629092860975,0.05367686527106817,7.85024154589372
155,23.879495437466453,11.453301127214171,31.64922168545357,11.943102522812667,5.736714975845411,7.239667203435319,0.05367686527106817,8.044820182501342
156,24.114331723027377,11.453301127214171,31.5150295222759,11.90955448201825,5.723295759527644,7.239667203435319,0.05367686527106817,7.991143317230274
157,23.980139559849704,11.11111111111111,30.9044551798175,11.822329575952764,5.60252281266774,8.568169618894256,0.05367686527106817,7.957595276435856
158,24.20155662909286,11.064143853998926,30.750134192163177,11.81561996779388,5.669618894256575,8.521202361782072,0.05367686527106817,7.924047235641439
159,24.44310252281267,11.057434245840042,30.629361245303276,11.802200751476114,5.615942028985507,8.474235104669887,0.05367686527106817,7.924047235641439
160,24.664519592055825,11.044015029522276,30.56226516371444,11.721685453569512,5.615942028985507,8.440687063875469,0.05367686527106817,7.897208803005904
161,24.812130971551262,11.017176596886742,30.401234567901234,11.714975845410628,5.615942028985507,8.353462157809984,0.05367686527106817,8.031400966183575
162,24.46323134728932,11.426462694578637,30.401234567901234,11.688137412775093,5.615942028985507,8.319914117015566,0.05367686527106817,8.031400966183575
163,24.59742351046699,11.352657004830919,30.226784755770264,11.688137412775093,5.884326355340848,8.179012345679013,0.05367686527106817,8.017981749865807
164,24.644390767579175,11.258722490606548,30.112721417069242,13.063607085346217,5.877616747181965,6.977992485238862,0.05367686527106817,8.011272141706923
165,24.751744498121308,11.238593666129898,30.112721417069242,13.023349436392914,5.877616747181965,6.977992485238862,0.05367686527106817,7.96430488459474
166,25.06038647342995,11.16478797638218,29.97181964573269,13.023349436392914,5.877616747181965,6.977992485238862,0.05367686527106817,7.87037037037037
167,25.429414922168544,11.104401502952227,29.790660225442835,12.969672571121846,5.83064949006978,6.951154052603328,0.05367686527106817,7.87037037037037
168,25.55018786902845,11.104401502952227,29.716854535695116,12.949543746645196,5.8172302737520125,6.937734836285561,0.05367686527106817,7.87037037037037
169,25.47638217928073,10.983628556092324,28.965378421900162,12.842190016103059,5.246913580246914,6.9310252281266775,0.05367686527106817,9.500805152979066
170,25.6105743424584,10.95679012345679,28.878153515834676,12.614063338701019,5.139559849704777,6.857219538378959,0.04696725711218465,9.896672034353195
171,25.677670424047236,10.923242082662373,28.85131508319914,12.614063338701019,5.132850241545894,6.857219538378959,0.04696725711218465,9.896672034353195
172,25.811862587224905,10.88298443370907,28.824476650563607,12.593934514224369,5.132850241545894,6.823671497584541,0.04696725711218465,9.883252818035427
173,25.959473966720342,10.88298443370907,28.75738056897477,12.567096081588835,5.10601180891036,6.796833064949007,0.04696725711218465,9.883252818035427
174,26.08695652173913,10.876274825550189,28.73054213633924,12.553676865271068,5.092592592592593,6.763285024154589,0.04696725711218465,9.849704777241008
175,26.301663982823403,10.856146001073537,28.629898013955984,12.493290391841116,5.072463768115942,6.749865807836822,0.04696725711218465,9.849704777241008
176,26.757917337627482,10.7085346215781,28.482286634460547,12.419484702093397,5.045625335480408,6.749865807836822,0.04696725711218465,9.789318303811058
177,26.214439076757916,10.607890499194847,30.347557702630166,11.735104669887278,4.804079441760601,6.662640901771336,0.04696725711218465,9.581320450885668
178,26.442565754159958,10.534084809447128,30.300590445517983,11.641170155662909,4.804079441760601,6.662640901771336,0.04696725711218465,9.567901234567902
179,26.167471819645733,10.513955984970478,30.152979066022546,12.654320987654321,4.804079441760601,6.629092860976919,0.04696725711218465,9.03113258185722
180,26.247987117552334,10.513955984970478,30.14626945786366,12.607353730542137,4.804079441760601,6.629092860976919,0.04696725711218465,9.004294149221685
181,26.039989264626946,10.493827160493828,29.381374127750938,12.580515297906603,5.891035963499732,6.629092860976919,0.04696725711218465,8.93719806763285
182,26.50295222758991,10.48040794417606,29.200214707461082,12.526838432635534,5.870907139023081,6.474771873322598,0.04696725711218465,8.896940418679549
183,26.02657004830918,10.453569511540525,30.877616747181964,12.426194310252281,5.723295759527644,5.958132045088567,0.04696725711218465,8.487654320987655
184,25.91921631776704,10.413311862587225,30.327428878153516,12.392646269457863,5.22007514761138,5.9514224369296835,0.04696725711218465,9.728931830381105
185,26.03327965646806,10.38647342995169,30.300590445517983,12.392646269457863,5.22007514761138,5.9514224369296835,0.04696725711218465,9.668545356951155
186,26.221148684916802,10.36634460547504,30.24020397208803,12.385936661298981,5.146269457863661,5.9514224369296835,0.04696725711218465,9.64170692431562
187,26.27482555018787,10.359634997316157,30.159688674181428,12.318840579710145,5.146269457863661,5.9514224369296835,0.04696725711218465,9.742351046698873
188,25.664251207729468,9.245840042941492,31.112453032742888,12.265163714439076,5.146269457863661,6.776704240472356,0.04696725711218465,9.742351046698873
189,25.83870101986044,9.232420826623725,31.07890499194847,12.238325281803542,5.146269457863661,6.743156199677939,0.04696725711218465,9.675254965110037
190,26.02657004830918,9.185453569511541,30.971551261406333,12.204777241009126,5.139559849704777,6.709608158883521,0.04696725711218465,9.71551261406334
191,26.174181427804616,9.16532474503489,30.891035963499732,12.198067632850242,5.112721417069243,6.696188942565755,0.04696725711218465,9.71551261406334
192,26.241277509393452,9.145195920558239,30.85077831454643,12.198067632850242,5.10601180891036,6.696188942565755,0.04696725711218465,9.71551261406334
193,26.67740203972088,9.125067096081589,30.54213633923779,12.130971551261407,5.072463768115942,6.696188942565755,0.04696725711218465,9.708803005904455
194,25.409286097691894,8.635265700483092,36.312399355877616,10.420021470746109,5.072463768115942,4.441760601180891,0.04696725711218465,9.66183574879227
195,25.53676865271068,8.621846484165324,36.11782071926999,10.393183038110575,5.072463768115942,4.428341384863124,0.1878690284487386,9.64170692431562
196,25.684380032206118,8.474235104669887,35.970209339774556,9.71551261406334,5.072463768115942,5.629361245303274,0.1878690284487386,9.265968867418144
197,25.905797101449274,8.440687063875469,35.86285560923242,9.688674181427805,5.072463768115942,5.615942028985507,0.1878690284487386,9.225711218464841
198,26.02657004830918,8.433977455716587,35.789049919484704,9.614868491680086,5.045625335480408,5.495169082125604,0.1878690284487386,9.406870638754697
199,26.080246913580247,8.433977455716587,35.45356951154053,9.614868491680086,5.3274288781535155,5.495169082125604,0.1878690284487386,9.406870638754697
200,26.147342995169083,8.32662372517445,35.39318303811057,9.749060654857756,5.293880837359098,5.495169082125604,0.1878690284487386,9.406870638754697
201,26.308373590982285,8.32662372517445,35.299248523886206,9.749060654857756,5.293880837359098,5.488459473966721,0.1878690284487386,9.346484165324744
202,26.46940418679549,8.32662372517445,35.17176596886742,9.73564143853999,5.293880837359098,5.488459473966721,0.1878690284487386,9.326355340848094
203,26.992753623188406,8.319914117015566,35.02415458937198,9.648416532474503,5.226784755770263,5.488459473966721,0.1878690284487386,9.111647879763822
204,27.120236178207193,8.319914117015566,34.977187332259795,9.614868491680086,5.226784755770263,5.488459473966721,0.1878690284487386,9.064680622651638
205,27.2812667740204,8.299785292538916,34.94363929146538,9.554482018250134,5.213365539452496,5.488459473966721,0.1878690284487386,9.03113258185722
206,27.388620504562535,8.279656468062266,34.91009125067096,9.554482018250134,5.186527106816962,5.481749865807837,0.1878690284487386,9.01100375738057
207,27.449006977992486,8.259527643585615,34.88325281803543,9.541062801932368,5.186527106816962,5.481749865807837,0.1878690284487386,9.01100375738057
208,27.76435856146001,8.21256038647343,34.77589908749329,9.494095544820183,5.119431025228127,5.441492216854535,0.1878690284487386,9.004294149221685
209,28.23403113258186,8.192431561996779,34.534353193773484,9.386741814278047,5.059044551798175,5.414653784219001,0.1878690284487386,8.99087493290392
210,28.535963499731615,8.132045088566828,34.41358024691358,9.333064949006978,5.059044551798175,5.414653784219001,0.1878690284487386,8.923778851315083
211,28.08641975308642,7.830112721417069,33.25952764358561,11.325818572195384,5.059044551798175,5.374396135265701,0.1878690284487386,8.876811594202898
212,28.442028985507246,7.823403113258186,32.367149758454104,11.292270531400966,5.159688674181428,5.314009661835748,0.7380568974771873,8.863392377885132
213,28.5829307568438,7.809983896940419,32.2866344605475,11.272141706924316,5.159688674181428,5.293880837359098,0.7380568974771873,8.856682769726248
214,28.683574879227052,7.809983896940419,32.19269994632314,11.272141706924316,5.159688674181428,5.293880837359098,0.7380568974771873,8.849973161567364
215,27.945517981749866,7.601986044015029,36.71497584541063,10.165056360708535,5.12614063338701,4.05931293612453,0.7112184648416533,7.675791733762749
216,27.992485238862052,7.601986044015029,36.71497584541063,10.144927536231885,5.0993022007514766,4.05931293612453,0.7112184648416533,7.675791733762749
217,28.133387010198604,7.588566827697263,36.62775093934514,10.124798711755233,5.0993022007514766,4.05931293612453,0.7112184648416533,7.6556629092860975
218,28.31454643048846,7.561728395061729,36.480139559849704,10.084541062801932,4.9718196457326895,4.233762748255502,0.7112184648416533,7.64224369296833
219,28.609769189479334,7.521470746108427,36.33923778851315,10.037573805689748,4.9718196457326895,4.2270531400966185,0.7112184648416533,7.581857219538379
220,28.75067096081589,7.521470746108427,36.211755233494365,10.02415458937198,4.9718196457326895,4.2270531400966185,0.7112184648416533,7.581857219538379
221,29.03918411164788,7.467793880837359,36.07085346215781,10.02415458937198,4.958400429414922,4.2270531400966185,0.7112184648416533,7.501341921631776
222,29.045893719806763,7.058507783145465,35.52066559312936,11.728395061728396,4.958400429414922,3.5426731078904994,0.7112184648416533,7.434245840042942
223,28.75067096081589,7.051798174986581,34.997316156736446,11.574074074074074,4.931561996779388,4.643048845947397,0.7112184648416533,7.340311325818572
224,28.81105743424584,7.0383789586688135,34.99060654857756,11.56736446591519,4.931561996779388,4.622920021470746,0.7112184648416533,7.326892109500805
225,29.086151368760063,7.0383789586688135,34.82286634460547,11.520397208803006,4.884594739667204,4.609500805152979,0.7112184648416533,7.326892109500805
226,29.314278046162105,7.011540526033279,34.70209339774557,11.500268384326356,4.871175523349437,4.5960815888352125,0.7112184648416533,7.2933440687063875
227,29.361245303274288,7.011540526033279,34.68196457326892,11.500268384326356,4.871175523349437,4.569243156199678,0.7112184648416533,7.2933440687063875
228,29.522275899087493,6.991411701556629,34.58132045088567,11.500268384326356,4.864465915190553,4.542404723564144,0.7112184648416533,7.286634460547504
229,29.636339237788512,6.991411701556629,34.48067632850242,11.500268384326356,4.851046698872786,4.542404723564144,0.7112184648416533,7.286634460547504
230,29.66988727858293,6.991411701556629,34.31964573268921,11.500268384326356,4.99194847020934,4.542404723564144,0.7112184648416533,7.273215244229737
231,29.777241009125067,6.991411701556629,34.286097691894796,11.500268384326356,4.958400429414922,4.542404723564144,0.7112184648416533,7.232957595276436
232,29.408212560386474,6.877348362855609,34.816156736446594,11.486849168008588,4.958400429414922,4.542404723564144,0.7112184648416533,7.199409554482019
233,29.502147074610843,6.877348362855609,34.77589908749329,11.466720343531938,4.958400429414922,4.542404723564144,0.7112184648416533,7.1658615136876005
234,29.636339237788512,6.877348362855609,34.74906065485776,11.379495437466453,4.951690821256038,4.53569511540526,0.7112184648416533,7.159151905528717
235,29.7638217928073,6.857219538378959,34.715512614063336,11.3191089640365,4.951690821256038,4.522275899087493,0.7112184648416533,7.159151905528717
236,29.998658078368223,6.850509930220075,34.56119162640902,11.265432098765432,4.951690821256038,4.502147074610843,0.7112184648416533,7.159151905528717
237,30.139559849704778,6.843800322061192,34.54106280193237,11.198336017176597,4.924852388620504,4.4820182501341925,0.7112184648416533,7.159151905528717
238,29.911433172302736,6.790123456790123,34.004294149221685,11.18491680085883,4.300858829844337,4.435050993022007,0.7112184648416533,8.662104133118627
239,30.159688674181428,6.756575415995706,33.87010198604401,11.151368760064413,4.300858829844337,4.435050993022007,0.7112184648416533,8.61513687600644
240,30.401234567901234,6.749865807836822,33.72920021470746,11.137949543746645,4.28743961352657,4.42163177670424,0.7112184648416533,8.561460010735374
241,30.360976918947934,6.749865807836822,33.682232957595275,11.124530327428879,4.28743961352657,4.300858829844337,0.7112184648416533,8.78287707997853
242,30.52200751476114,6.723027375201288,33.57487922705314,11.097691894793345,4.28743961352657,4.300858829844337,0.7112184648416533,8.78287707997853
243,30.636070853462158,6.723027375201288,33.541331186258724,11.057434245840042,4.274020397208803,4.28743961352657,0.7112184648416533,8.769457863660762
244,30.95813204508857,6.702898550724638,33.51449275362319,10.802469135802468,4.274020397208803,4.28743961352657,0.7112184648416533,8.749329039184111
245,31.0654857756307,6.702898550724638,33.48765432098765,10.802469135802468,4.247181964573269,4.274020397208803,0.7112184648416533,8.709071390230811
246,31.293612453032743,6.6760601180891035,33.393719806763286,10.742082662372518,4.2270531400966185,4.247181964573269,0.7112184648416533,8.709071390230811
247,31.49490069779925,6.66935050993022,33.28636607622115,10.695115405260333,4.200214707461084,4.247181964573269,0.7112184648416533,8.695652173913043
248,31.608964036500268,6.66935050993022,33.1857219538379,10.681696188942565,4.200214707461084,4.247181964573269,0.7112184648416533,8.695652173913043
249,31.76328502415459,6.642512077294686,33.071658615136876,10.681696188942565,4.200214707461084,4.233762748255502,0.7112184648416533,8.695652173913043
250,31.736446591519055,6.642512077294686,32.87707997852925,10.641438539989265,4.461889425657541,4.233762748255502,0.7112184648416533,8.695652173913043
251,31.38083735909823,6.320450885668277,32.27992485238862,10.641438539989265,5.797101449275362,4.388083735909823,0.7112184648416533,8.480944712828771
252,31.568706387546968,6.320450885668277,32.22624798711755,10.567632850241546,5.756843800322061,4.388083735909823,0.7112184648416533,8.460815888352121
253,31.76328502415459,6.3070316693505095,32.15915190552872,10.507246376811594,5.736714975845411,4.388083735909823,0.6843800322061192,8.454106280193237
254,31.588835212023618,6.280193236714976,30.360976918947934,10.48040794417606,5.736714975845411,5.367686527106817,0.6843800322061192,9.500805152979066
255,31.622383252818036,6.280193236714976,30.360976918947934,10.453569511540525,5.736714975845411,5.360976918947934,0.6843800322061192,9.500805152979066
256,31.548577563070317,6.280193236714976,30.88432635534085,10.017444981213098,5.736714975845411,5.360976918947934,0.6843800322061192,9.4873859366613
257,31.83709071390231,6.260064412238325,30.683038110574344,10.010735373054214,5.71658615136876,5.35426731078905,0.6843800322061192,9.453837895866881
258,31.97799248523886,6.246645195920558,30.595813204508858,10.00402576489533,5.703166935050993,5.347557702630167,0.6843800322061192,9.440418679549115
259,32.10547504025765,6.219806763285024,30.555555555555557,10.00402576489533,5.703166935050993,5.347557702630167,0.6843800322061192,9.380032206119163
260,32.17257112184648,6.206387546967257,30.50187869028449,10.00402576489533,5.703166935050993,5.347557702630167,0.6843800322061192,9.380032206119163
261,32.30005367686527,6.206387546967257,30.441492216854535,10.00402576489533,5.689747718733226,5.320719269994632,0.6843800322061192,9.353193773483628
262,32.19940955448202,6.206387546967257,29.817498658078367,10.00402576489533,5.689747718733226,6.072195383789587,0.6843800322061192,9.326355340848094
263,31.95786366076221,5.803811057434245,30.73671497584541,9.863123993558776,5.689747718733226,6.052066559312936,0.6843800322061192,9.212292002147075
264,31.76328502415459,5.776972624798712,31.132581857219538,9.816156736446592,5.689747718733226,5.998389694041868,0.6642512077294686,9.158615136876007
265,31.890767579173378,5.763553408480945,31.0654857756307,9.789318303811058,5.689747718733226,5.978260869565218,0.6642512077294686,9.158615136876007
266,32.024959742351044,5.71658615136876,30.99838969404187,9.769189479334408,5.689747718733226,5.978260869565218,0.6642512077294686,9.158615136876007
267,32.387278582930755,5.71658615136876,30.85077831454643,9.75577026301664,5.649490069779925,5.964841653247451,0.5568974771873323,9.118357487922705
268,32.58185721953838,5.71658615136876,30.730005367686527,9.749060654857756,5.649490069779925,5.9447128287707995,0.5568974771873323,9.07139023081052
269,32.74288781535159,5.6964573268921095,30.609232420826622,9.749060654857756,5.649490069779925,5.9447128287707995,0.5568974771873323,9.05126140633387
270,33.071658615136876,5.669618894256575,30.320719269994633,9.749060654857756,5.649490069779925,5.931293612453032,0.5568974771873323,9.05126140633387
271,33.23268921095008,5.656199677938808,30.06575415995706,9.749060654857756,5.837359098228664,5.877616747181965,0.5568974771873323,9.024422973698336
272,33.3064949006978,5.642780461621041,30.03220611916264,9.749060654857756,5.837359098228664,5.877616747181965,0.5568974771873323,8.997584541062801
273,33.353462157809986,5.642780461621041,30.005367686527105,9.728931830381105,5.837359098228664,5.877616747181965,0.5568974771873323,8.997584541062801
274,33.57487922705314,5.636070853462158,29.851046698872786,9.668545356951155,5.837359098228664,5.877616747181965,0.5568974771873323,8.997584541062801
275,33.48094471282877,5.60252281266774,29.542404723564143,10.205314009661835,5.837359098228664,5.850778314546431,0.5568974771873323,8.923778851315083
276,33.682232957595275,5.60252281266774,29.408212560386474,10.171765968867419,5.803811057434245,5.850778314546431,0.5568974771873323,8.923778851315083
277,33.7962962962963,5.60252281266774,29.341116478797638,10.171765968867419,5.756843800322061,5.850778314546431,0.5568974771873323,8.923778851315083
278,33.87010198604401,5.5756843800322065,29.334406870638755,10.138217928073,5.750134192163178,5.850778314546431,0.5568974771873323,8.923778851315083
279,33.883521202361784,5.5756843800322065,29.468599033816425,10.057702630166398,5.743424584004294,5.810520665593129,0.5568974771873323,8.903650026838433
280,33.97074610842727,5.5756843800322065,29.388083735909824,10.057702630166398,5.743424584004294,5.810520665593129,0.5568974771873323,8.896940418679549
