,45,50,55,51,52,56,54,53,60,58,57,59,63,61,65,62
0,99.54374664519592,0.4562533548040794,,,,,,,,,,,,,,
1,99.37600644122384,0.6239935587761675,,,,,,,,,,,,,,
2,98.91975308641975,1.0802469135802468,,,,,,,,,,,,,,
3,84.35319377348362,15.438808373590982,0.20799785292538917,,,,,,,,,,,,,
4,83.03140096618357,16.75389157273215,0.20799785292538917,0.0067096081588835215,,,,,,,,,,,,
5,79.42163177670425,20.276435856146,0.2683843263553409,0.03354804079441761,,,,,,,,,,,,
6,77.38191089640365,18.988191089640367,0.24154589371980675,3.361513687600644,0.026838432635534086,,,,,,,,,,,
7,77.20746108427268,18.95464304884595,0.4227053140096618,3.3480944712828773,0.03354804079441761,0.03354804079441761,,,,,,,,,,
8,74.60413311862587,21.490874932903917,0.4495437466451959,3.294417606011809,0.03354804079441761,0.11406333870101985,0.013419216317767043,,,,,,,,,
9,73.76543209876543,22.23564143853999,0.5233494363929146,3.3145464304884595,0.03354804079441761,0.11406333870101985,0.013419216317767043,,,,,,,,,
10,73.53059581320451,22.32957595276436,0.5770263016639828,3.4017713365539453,0.03354804079441761,0.11406333870101985,0.013419216317767043,,,,,,,,,
11,73.14814814814815,22.57783145464305,0.6977992485238862,3.4017713365539453,0.04696725711218465,0.11406333870101985,0.013419216317767043,,,,,,,,,
12,71.22920021470746,22.75228126677402,0.7246376811594203,5.10601180891036,0.06038647342995169,0.11406333870101985,0.013419216317767043,,,,,,,,,
13,40.09661835748792,57.46779388083736,0.4092860976918948,1.932367149758454,0.0939345142243693,,,,,,,,,,,
14,39.88191089640365,57.43424584004294,0.6575415995705851,1.932367149758454,0.0939345142243693,,,,,,,,,,,
15,39.392109500805155,55.89103596349973,0.9393451422436929,1.932367149758454,0.3421900161030596,,,1.5029522275899088,,,,,,,,
16,39.27804616210413,54.428341384863124,2.462426194310252,1.932367149758454,0.3757380568974772,,,1.5029522275899088,0.020128824476650563,,,,,,,
17,38.12399355877617,53.50912506709608,2.5026838432635534,2.6972624798711755,0.3757380568974772,,,2.771068169618894,0.020128824476650563,,,,,,,
18,37.92941492216855,53.28099838969404,2.898550724637681,2.4557165861513686,0.3757380568974772,,,3.0059044551798175,0.020128824476650563,0.03354804079441761,,,,,,
19,37.64761137949544,53.36822329575953,3.079710144927536,2.4557165861513686,0.3757380568974772,,,3.0059044551798175,0.03354804079441761,0.03354804079441761,,,,,,
20,35.97691894793344,54.73698336017176,3.3548040794417604,2.4557165861513686,0.36902844873859364,,0.03354804079441761,2.999194847020934,0.03354804079441761,0.040257648953301126,,,,,,
21,35.36634460547504,45.57836822329576,3.0193236714975846,2.4825550187869028,0.35560923242082665,,10.084541062801932,3.012614063338701,0.04696725711218465,0.05367686527106817,,,,,,
22,33.53462157809984,45.95410628019324,3.026033279656468,2.475845410628019,0.35560923242082665,,7.763016639828234,6.776704240472356,0.06038647342995169,0.05367686527106817,,,,,,
23,32.58185721953838,43.81374127750939,6.119162640901771,2.4557165861513686,0.33548040794417605,,7.722758990874933,6.736446591519055,0.10735373054213634,0.06709608158883522,0.03354804079441761,0.026838432635534086,,,,
24,32.30005367686527,43.646001073537306,6.515029522275899,2.38191089640365,0.33548040794417605,,7.669082125603865,6.816961889425658,0.20799785292538917,0.06709608158883522,0.03354804079441761,0.026838432635534086,,,,
25,32.25308641975309,43.21658615136876,6.964573268921095,2.38191089640365,0.33548040794417605,0.020128824476650563,7.675791733762749,6.8035426731078905,0.20799785292538917,0.08051529790660225,0.03354804079441761,0.026838432635534086,,,,
26,30.20665593129361,39.87520128824477,7.024959742351046,7.689210950080516,0.30193236714975846,0.020128824476650563,7.367149758454106,6.776704240472356,0.24825550187869028,0.4025764895330113,0.06038647342995169,0.026838432635534086,,,,
27,30.07246376811594,39.84836285560923,6.951154052603328,7.7361782071927,0.30193236714975846,0.020128824476650563,7.380568974771873,6.729736983360172,0.39586688137412773,0.4227053140096618,0.08722490606548577,0.05367686527106817,,,,
28,30.01207729468599,39.801395598497045,7.051798174986581,7.608695652173913,0.30193236714975846,0.15432098765432098,7.380568974771873,6.696188942565755,0.39586688137412773,0.46967257112184646,0.08722490606548577,0.040257648953301126,,,,
29,28.468867418142782,38.18438003220612,5.662909286097692,9.655126140633387,0.5300590445517982,0.15432098765432098,9.71551261406334,6.6760601180891035,0.33548040794417605,0.48980139559849706,0.08722490606548577,0.040257648953301126,,,,
30,28.401771336553946,37.8690284487386,6.099033816425121,9.614868491680086,0.5300590445517982,0.1610305958132045,9.695383789586689,6.642512077294686,0.33548040794417605,0.49651100375738055,0.08722490606548577,0.06709608158883522,,,,
31,26.039989264626946,36.37949543746645,5.676328502415459,13.647342995169081,4.106280193236715,0.17444981213097155,6.521739130434782,6.575415995705851,0.27509393451422437,0.48980139559849706,0.08722490606548577,0.026838432635534086,,,,
32,25.99302200751476,36.07085346215781,5.958132045088567,13.674181427804616,4.1129898013955986,0.18115942028985507,6.407675791733762,6.608964036500268,0.38915727321524424,0.48980139559849706,0.08722490606548577,0.026838432635534086,,,,
33,25.85212023617821,36.191626409017715,5.904455179817498,13.600375738056897,4.0995705850778315,0.2549651100375738,6.4345142243692965,6.622383252818035,0.4227053140096618,0.48980139559849706,0.10064412238325282,0.026838432635534086,,,,
34,25.83870101986044,36.030595813204506,6.025228126677402,13.56682769726248,4.126409017713366,0.30193236714975846,6.4345142243692965,6.602254428341385,0.4294149221685454,0.48980139559849706,0.10064412238325282,0.05367686527106817,,,,
35,25.791733762748255,35.581052066559316,6.521739130434782,13.506441223832528,4.126409017713366,0.36231884057971014,6.327160493827161,6.602254428341385,0.48980139559849706,0.48980139559849706,0.10064412238325282,0.10064412238325282,,,,
36,24.93961352657005,36.35265700483092,6.588835212023618,13.446054750402576,4.0995705850778315,0.36902844873859364,6.353998926462695,6.541867954911433,0.5032206119162641,0.5501878690284487,0.15432098765432098,0.10064412238325282,,,,
37,24.9194847020934,33.863392377885134,9.091519055287172,13.41250670960816,4.0995705850778315,0.4025764895330113,6.280193236714976,6.515029522275899,0.49651100375738055,0.5636070853462157,0.1878690284487386,0.16774020397208803,,,,
38,24.62426194310252,33.9975845410628,9.07139023081052,13.419216317767042,4.240472356414386,0.4025764895330113,6.280193236714976,6.515029522275899,0.49651100375738055,0.5971551261406334,0.1878690284487386,0.16774020397208803,,,,
39,24.362587224906065,33.15888352120236,9.252549651100376,12.144390767579173,4.622920021470746,0.30193236714975846,8.158883521202362,6.515029522275899,0.48980139559849706,0.5971551261406334,0.1878690284487386,0.20799785292538917,,,,
40,23.899624261943103,33.467525496511,9.366612989801396,12.144390767579173,4.602791196994096,0.322061191626409,8.152173913043478,6.508319914117015,0.48980139559849706,0.5971551261406334,0.20799785292538917,0.24154589371980675,,,,
41,23.89291465378422,33.272946859903385,9.359903381642512,12.171229200214707,4.53569511540526,0.322061191626409,8.3064949006978,6.521739130434782,0.5434782608695652,0.5971551261406334,0.2214170692431562,0.2549651100375738,,,,
42,22.34970477724101,34.60144927536232,9.426999463231347,12.285292538915728,4.51556629092861,0.322061191626409,8.259527643585615,6.521739130434782,0.5770263016639828,0.5971551261406334,0.24154589371980675,0.30193236714975846,,,,
43,19.14922168545357,26.113794954374665,5.307300053676865,28.482286634460547,4.38137412775094,0.3824476650563607,8.004562533548041,6.508319914117015,0.5099302200751477,0.6105743424584005,0.24154589371980675,0.30864197530864196,,,,
44,17.975040257648953,27.26784755770263,5.307300053676865,28.435319377348364,4.38137412775094,0.4294149221685454,8.004562533548041,6.528448738593666,0.5099302200751477,0.6105743424584005,0.24154589371980675,0.30864197530864196,,,,
45,17.21014492753623,26.710950080515296,5.35426731078905,30.04562533548041,4.38137412775094,0.5501878690284487,7.957595276435856,6.072195383789587,0.5568974771873323,0.6105743424584005,0.24154589371980675,0.30864197530864196,,,,
46,17.16988727858293,26.690821256038646,5.367686527106817,29.985238862050455,4.38137412775094,0.5971551261406334,7.944176060118089,6.125872249060655,0.5568974771873323,0.6172839506172839,0.24154589371980675,0.30864197530864196,0.013419216317767043,,,
47,17.102791196994094,26.630434782608695,5.434782608695652,29.931561996779386,4.38137412775094,0.6709608158883521,7.843531937734836,6.166129898013956,0.5837359098228664,0.7447665056360708,0.24154589371980675,0.2549651100375738,0.013419216317767043,,,
48,17.08937198067633,26.42914653784219,5.448201825013419,27.415458937198068,4.38137412775094,0.7045088566827697,7.843531937734836,8.82313472893183,0.5837359098228664,0.7716049382716049,0.24154589371980675,0.2549651100375738,0.013419216317767043,,,
49,16.935050993022006,25.577026301663984,8.883521202361782,24.10762211486849,6.280193236714976,0.6239935587761675,7.809983896940419,7.937466451959206,0.5568974771873323,0.7648953301127214,0.2147074610842727,0.2952227589908749,0.013419216317767043,,,
50,16.914922168545356,25.32206119162641,9.104938271604938,24.06736446591519,6.280193236714976,0.644122383252818,7.722758990874933,7.937466451959206,0.5837359098228664,0.8252818035426731,0.24154589371980675,0.3421900161030596,0.013419216317767043,,,
51,15.411969940955448,25.38244766505636,8.836553945249598,23.409822866344605,9.688674181427805,0.6105743424584005,6.951154052603328,7.628824476650563,0.6239935587761675,0.8521202361782072,0.2549651100375738,0.33548040794417605,0.013419216317767043,,,
52,15.411969940955448,25.167740203972087,8.977455716586151,23.32259796027912,9.574610842726784,0.6977992485238862,6.964573268921095,7.628824476650563,0.6709608158883521,0.9057971014492754,0.32877079978529256,0.33548040794417605,0.013419216317767043,,,
53,15.378421900161031,25.0805152979066,7.897208803005904,23.262211486849168,10.856146001073537,0.7716049382716049,6.977992485238862,7.548309178743962,0.6105743424584005,0.9728931830381106,0.32877079978529256,0.30193236714975846,0.013419216317767043,,,
54,14.99597423510467,25.38244766505636,7.917337627482555,23.00053676865271,11.084272678475577,0.7917337627482555,6.957863660762212,7.548309178743962,0.6105743424584005,0.9728931830381106,0.3757380568974772,0.3488996242619431,0.013419216317767043,,,
55,14.935587761674718,25.44283413848631,7.836822329575953,22.940150295222757,11.084272678475577,0.8521202361782072,6.964573268921095,7.548309178743962,0.6575415995705851,0.9728931830381106,0.4025764895330113,0.3488996242619431,0.013419216317767043,,,
56,14.888620504562533,25.40257648953301,7.930756843800322,22.779119699409556,11.030595813204508,0.9728931830381106,6.984702093397746,7.494632313472893,0.6575415995705851,1.0332796564680622,0.4562533548040794,0.3488996242619431,0.020128824476650563,,,
57,14.861782071927,25.335480407944175,7.930756843800322,22.73886205045625,11.097691894793345,0.9997316156736447,6.977992485238862,7.494632313472893,0.6776704240472357,1.0332796564680622,0.4830917874396135,0.3488996242619431,0.020128824476650563,,,
58,12.929414922168545,34.58803005904455,7.98443370907139,18.88083735909823,9.017713365539452,0.6642512077294686,5.984970477724101,7.494632313472893,0.6776704240472357,1.0601180891035964,0.3757380568974772,0.322061191626409,0.020128824476650563,,,
59,12.929414922168545,27.086688137412775,4.327697262479871,39.98926462694579,7.179280730005368,0.9393451422436929,0.9125067096081588,5.5689747718733225,0.20128824476650564,0.43612453032742887,0.30864197530864196,0.10735373054213634,0.013419216317767043,,,
60,12.909286097691895,27.012882447665056,4.327697262479871,39.91545893719807,7.152442297369833,1.0332796564680622,0.9393451422436929,5.589103596349974,0.20128824476650564,0.4562533548040794,0.3421900161030596,0.10735373054213634,0.013419216317767043,,,
61,12.882447665056361,26.724369296833064,7.37385936661299,36.70155662909286,7.125603864734299,1.0869565217391304,0.9326355340848095,6.025228126677402,0.1878690284487386,0.46967257112184646,0.36902844873859364,0.10735373054213634,0.013419216317767043,,,
62,12.788513150831992,26.46940418679549,7.4006977992485234,36.93639291465379,7.125603864734299,1.1741814278046163,0.9326355340848095,6.011808910359635,0.20128824476650564,0.47638217928073,0.36231884057971014,0.10735373054213634,0.013419216317767043,,,
63,12.392646269457863,26.80488459473967,7.37385936661299,36.7686527106817,7.333601717659689,1.221148684916801,0.9326355340848095,5.998389694041868,0.20128824476650564,0.4495437466451959,0.4025764895330113,0.10735373054213634,0.013419216317767043,,,
64,12.211486849168008,26.88539989264627,7.37385936661299,35.51395598497048,7.326892109500805,1.2546967257112185,2.677133655394525,5.636070853462158,0.20799785292538917,0.4025764895330113,0.36902844873859364,0.10735373054213634,0.013419216317767043,0.020128824476650563,,
65,12.070585077831455,27.026301663982824,7.340311325818572,35.46027911969941,7.326892109500805,1.2949543746645196,2.7241009125067097,5.636070853462158,0.18115942028985507,0.4025764895330113,0.36902844873859364,0.10735373054213634,0.013419216317767043,0.04696725711218465,,
66,12.057165861513688,26.94578636607622,7.4006977992485234,35.42002147074611,7.300053676865271,1.3687600644122384,2.6972624798711755,5.609232420826624,0.18115942028985507,0.4428341384863124,0.3824476650563607,0.13419216317767044,0.013419216317767043,0.04696725711218465,,
67,11.990069779924852,26.90552871712292,7.461084272678476,35.31266774020397,7.27992485238862,1.42914653784219,2.7777777777777777,5.609232420826624,0.1878690284487386,0.46967257112184646,0.3824476650563607,0.13419216317767044,0.013419216317767043,0.04696725711218465,,
68,11.916264090177133,26.858561460010737,7.615405260332796,35.11137949543747,7.266505636070853,1.570048309178744,2.818035426731079,5.656199677938808,0.19457863660762212,0.41599570585077833,0.3824476650563607,0.13419216317767044,0.013419216317767043,0.04696725711218465,,
69,11.81561996779388,26.878690284487387,7.635534084809447,35.017444981213096,7.266505636070853,1.6505636070853462,2.844873859366613,5.676328502415459,0.19457863660762212,0.41599570585077833,0.3824476650563607,0.13419216317767044,0.013419216317767043,0.07380568974771873,,
70,11.808910359634996,26.80488459473967,7.722758990874933,34.836285560923244,7.232957595276436,1.778046162104133,2.85829307568438,5.6964573268921095,0.18115942028985507,0.41599570585077833,0.4428341384863124,0.13419216317767044,0.013419216317767043,0.07380568974771873,,
71,11.808910359634996,26.724369296833064,7.776435856146001,34.836285560923244,7.25979602791197,1.778046162104133,2.85829307568438,5.6964573268921095,0.18115942028985507,0.41599570585077833,0.4294149221685454,0.13419216317767044,0.013419216317767043,0.08722490606548577,,
72,10.896403650026839,25.161030595813205,7.883789586688137,37.19135802469136,7.192699946323135,1.8719806763285025,2.7844873859366612,5.656199677938808,0.18115942028985507,0.41599570585077833,0.4830917874396135,0.13419216317767044,0.013419216317767043,0.13419216317767044,,
73,10.889694041867955,24.59742351046699,8.59500805152979,36.90955448201825,7.179280730005368,2.006172839506173,2.7844873859366612,5.649490069779925,0.18115942028985507,0.4294149221685454,0.49651100375738055,0.13419216317767044,0.013419216317767043,0.13419216317767044,,
74,10.88298443370907,24.530327428878152,8.655394524959743,36.82903918411165,7.179280730005368,2.0531400966183573,2.8381642512077296,5.609232420826624,0.18115942028985507,0.46296296296296297,0.49651100375738055,0.13419216317767044,0.013419216317767043,0.13419216317767044,,
75,10.856146001073537,24.228395061728396,8.849973161567364,36.69484702093398,7.1725711218464845,2.073268921095008,3.1199677938808374,5.555555555555555,0.18115942028985507,0.46296296296296297,0.5233494363929146,0.13419216317767044,0.013419216317767043,0.13419216317767044,,
76,10.856146001073537,24.228395061728396,8.863392377885132,36.69484702093398,7.1725711218464845,2.006172839506173,3.1199677938808374,5.58239398819109,0.20799785292538917,0.46296296296296297,0.5233494363929146,0.13419216317767044,0.013419216317767043,0.13419216317767044,,
77,10.815888352120236,24.22168545356951,8.870101986044014,36.63446054750403,7.14573268921095,2.033011272141707,3.1333870101986045,5.595813204508857,0.20799785292538917,0.5166398282340311,0.5233494363929146,0.13419216317767044,0.013419216317767043,0.15432098765432098,,
78,10.735373054213634,24.134460547504027,8.923778851315083,36.56736446591519,7.139023081052066,2.100107353730542,3.180354267310789,5.595813204508857,0.20799785292538917,0.5434782608695652,0.5568974771873323,0.13419216317767044,0.013419216317767043,0.16774020397208803,,
79,10.668276972624799,24.12104133118626,9.004294149221685,36.48684916800859,7.092055823939882,2.1806226516371443,3.1736446591519054,5.5689747718733225,0.20799785292538917,0.5703166935050993,0.6038647342995169,0.14090177133655393,0.013419216317767043,0.16774020397208803,,
80,10.567632850241546,23.295759527643586,8.943907675791733,37.19135802469136,7.03166935050993,2.2342995169082127,3.9855072463768115,5.072463768115942,0.2214170692431562,0.5099302200751477,0.6239935587761675,0.14090177133655393,0.013419216317767043,0.16774020397208803,,
81,10.554213633923778,23.2487922705314,10.453569511540525,35.71524422973698,7.004830917874396,2.2410091250670963,3.992216854535695,5.072463768115942,0.24825550187869028,0.49651100375738055,0.6508319914117016,0.14090177133655393,0.013419216317767043,0.16774020397208803,,
82,10.554213633923778,22.906602254428343,10.433440687063875,35.59447128287708,6.977992485238862,2.3215244229736984,4.341116478797638,5.0858829844337095,0.28180354267310787,0.5233494363929146,0.6575415995705851,0.14090177133655393,0.013419216317767043,0.16774020397208803,,
83,10.493827160493828,22.249060654857757,10.426731078904991,34.27938808373591,10.178475577026301,2.2946859903381642,4.28743961352657,4.200214707461084,0.28180354267310787,0.46296296296296297,0.5233494363929146,0.14090177133655393,0.013419216317767043,0.16774020397208803,,
84,10.493827160493828,22.19538378958669,10.789049919484702,34.16532474503489,10.165056360708535,2.3483628556092326,3.9989264626945786,4.193505099302201,0.28180354267310787,0.46967257112184646,0.5367686527106817,0.16774020397208803,0.013419216317767043,0.18115942028985507,,
85,10.487117552334944,21.07487922705314,10.319377348362856,33.923778851315085,10.138217928073,2.589908749329039,4.17337627482555,5.5689747718733225,0.28180354267310787,0.5166398282340311,0.5636070853462157,0.16774020397208803,0.013419216317767043,0.18115942028985507,,
86,10.010735373054214,19.209608158883523,10.064412238325282,35.11137949543747,10.057702630166398,2.9589371980676327,3.81105743424584,6.910896403650026,0.2683843263553409,0.6172839506172839,0.6038647342995169,0.1610305958132045,0.013419216317767043,0.20128824476650564,,
87,9.88996242619431,19.33709071390231,10.050993022007514,35.06441223832528,10.044283413848632,2.9723564143853998,3.7909286097691894,6.904186795491143,0.2549651100375738,0.6977992485238862,0.6172839506172839,0.1610305958132045,0.013419216317767043,0.20128824476650564,,
88,9.796027911969942,19.223027375201287,10.165056360708535,35.11137949543747,10.044283413848632,2.9589371980676327,3.8043478260869565,6.870638754696726,0.24154589371980675,0.7917337627482555,0.6172839506172839,0.1610305958132045,0.013419216317767043,0.20128824476650564,,
89,9.742351046698873,18.92109500805153,10.332796564680622,35.06441223832528,9.990606548577563,2.9589371980676327,4.005636070853462,6.89747718733226,0.24154589371980675,0.785024154589372,0.6709608158883521,0.17444981213097155,0.013419216317767043,0.20128824476650564,,
90,9.581320450885668,18.84728931830381,10.23215244229737,34.876543209876544,10.399892646269459,3.012614063338701,4.045893719806763,6.944444444444445,0.24154589371980675,0.785024154589372,0.630703166935051,0.17444981213097155,0.013419216317767043,0.2147074610842727,,
91,9.581320450885668,18.53864734299517,9.017713365539452,33.031400966183575,14.016371443907676,2.8784219001610305,4.012345679012346,6.957863660762212,0.20128824476650564,0.785024154589372,0.630703166935051,0.16774020397208803,0.013419216317767043,0.16774020397208803,,
92,9.554482018250134,18.53864734299517,9.084809447128288,32.971014492753625,13.962694578636608,2.8247450348899625,4.019055287171229,7.024959742351046,0.20128824476650564,0.785024154589372,0.6843800322061192,0.16774020397208803,0.013419216317767043,0.16774020397208803,,
93,9.433709071390231,18.592324208266238,9.07139023081052,32.769726247987116,13.674181427804616,3.207192699946323,4.005636070853462,7.051798174986581,0.18115942028985507,0.9594739667203436,0.6843800322061192,0.16774020397208803,0.013419216317767043,0.1878690284487386,,
94,9.433709071390231,18.552066559312937,9.138486312399356,31.736446591519055,13.674181427804616,2.965646806226516,5.300590445517981,7.004830917874396,0.18115942028985507,0.9594739667203436,0.6843800322061192,0.16774020397208803,0.013419216317767043,0.1878690284487386,,
95,9.406870638754697,18.54535695115405,9.145195920558239,31.716317767042405,13.667471819645733,2.9924852388620504,5.300590445517981,7.004830917874396,0.19457863660762212,0.9594739667203436,0.6977992485238862,0.16774020397208803,0.013419216317767043,0.1878690284487386,,
96,8.36688137412775,19.37734836285561,9.044551798174986,32.2463768115942,13.291733762748256,2.985775630703167,5.12614063338701,7.340311325818572,0.19457863660762212,0.9259259259259259,0.7313472893183038,0.16774020397208803,0.013419216317767043,0.1878690284487386,,
97,8.3467525496511,19.236446591519055,9.07139023081052,32.2061191626409,13.22463768115942,2.9924852388620504,5.267042404723564,7.367149758454106,0.19457863660762212,0.9259259259259259,0.7783145464304885,0.16774020397208803,0.013419216317767043,0.20799785292538917,,
98,8.3467525496511,19.209608158883523,9.104938271604938,31.924315619967793,13.16425120772947,3.1065485775630703,5.293880837359098,7.501341921631776,0.19457863660762212,0.9192163177670424,0.8588298443370908,0.14090177133655393,0.013419216317767043,0.2214170692431562,,
99,8.3064949006978,19.155931293612454,9.212292002147075,31.863929146537842,13.16425120772947,3.099838969404187,5.293880837359098,7.541599570585078,0.19457863660762212,0.9192163177670424,0.8722490606548577,0.14090177133655393,0.013419216317767043,0.2214170692431562,,
100,8.3064949006978,19.102254428341386,9.292807300053678,31.82367149758454,13.150831991411701,3.0864197530864197,5.293880837359098,7.555018786902845,0.19457863660762212,0.9192163177670424,0.8856682769726248,0.15432098765432098,0.013419216317767043,0.2214170692431562,,
101,8.266237251744498,19.04186795491143,9.346484165324744,31.749865807836823,13.20450885668277,3.1333870101986045,5.307300053676865,7.555018786902845,0.19457863660762212,0.9393451422436929,0.9125067096081588,0.15432098765432098,0.013419216317767043,0.18115942028985507,,
102,8.266237251744498,18.968062265163713,9.380032206119163,31.635802469135804,13.22463768115942,3.227321524422974,5.287171229200215,7.5281803542673105,0.19457863660762212,0.9460547504025765,0.9393451422436929,0.20799785292538917,0.013419216317767043,0.18115942028985507,,
103,6.9243156199677935,22.81266774020397,10.185185185185185,30.683038110574344,11.372785829307569,3.113258185721954,5.2066559312936125,7.333601717659689,0.17444981213097155,0.9594739667203436,0.8319914117015567,0.20799785292538917,0.013419216317767043,0.18115942028985507,,
104,6.078904991948471,20.457595276435857,9.098228663446054,35.34621578099839,12.412775093934513,3.0595813204508855,4.428341384863124,6.850509930220075,0.16774020397208803,0.9125067096081588,0.798443370907139,0.19457863660762212,0.013419216317767043,0.18115942028985507,,
105,6.052066559312936,20.242887815351583,9.044551798174986,35.05099302200752,12.412775093934513,3.3145464304884595,4.448470209339774,7.139023081052066,0.16774020397208803,0.95276435856146,0.785024154589372,0.19457863660762212,0.013419216317767043,0.18115942028985507,,
106,6.052066559312936,20.169082125603865,9.366612989801396,34.84970477724101,12.372517444981213,3.3279656468062266,4.448470209339774,7.132313472893183,0.16774020397208803,0.9259259259259259,0.798443370907139,0.19457863660762212,0.013419216317767043,0.18115942028985507,,
107,5.998389694041868,20.095276435856146,9.400161030595813,35.35963499731616,12.117552334943639,3.3480944712828773,4.448470209339774,6.951154052603328,0.19457863660762212,0.9057971014492754,0.7917337627482555,0.19457863660762212,0.013419216317767043,0.18115942028985507,,
108,5.998389694041868,19.961084272678477,8.729200214707461,34.47396672034353,12.097423510466989,3.361513687600644,6.085614600107354,6.9310252281266775,0.19457863660762212,0.8923778851315083,0.8454106280193237,0.23483628556092323,0.013419216317767043,0.18115942028985507,,
109,5.998389694041868,19.961084272678477,9.192163177670425,34.01100375738057,11.98336017176597,3.388352120236178,6.031937734836285,6.91760601180891,0.19457863660762212,0.9057971014492754,0.8789586688137413,0.322061191626409,0.013419216317767043,0.20128824476650564,,
110,5.998389694041868,19.57192699946323,9.541062801932368,34.0378421900161,11.943102522812667,3.374932903918411,6.038647342995169,6.904186795491143,0.20799785292538917,0.9393451422436929,0.8789586688137413,0.3488996242619431,0.013419216317767043,0.20128824476650564,,
111,5.891035963499732,19.26328502415459,9.581320450885668,33.72920021470746,11.52710681696189,3.33467525496511,6.3070316693505095,7.803274288781535,0.20799785292538917,0.9192163177670424,0.8789586688137413,0.33548040794417605,0.013419216317767043,0.20799785292538917,,
112,5.891035963499732,17.914653784219002,10.983628556092324,33.54804079441761,11.52710681696189,3.435319377348363,6.3070316693505095,7.816693505099302,0.20799785292538917,0.9192163177670424,0.8789586688137413,0.33548040794417605,0.013419216317767043,0.2214170692431562,,
113,5.891035963499732,16.935050993022006,11.057434245840042,33.44068706387547,10.943370907139023,3.475577026301664,6.172839506172839,9.380032206119163,0.2147074610842727,0.8990874932903918,1.0534084809447128,0.30193236714975846,,0.23483628556092323,,
114,5.877616747181965,16.881374127750938,11.231884057971014,33.24610842726785,10.916532474503489,3.4621578099838968,6.038647342995169,9.339774557165862,0.20128824476650564,0.9393451422436929,1.1137949543746646,0.5166398282340311,,0.23483628556092323,,
115,5.877616747181965,16.317767042404725,12.661030595813205,32.47450348899624,10.909822866344605,3.502415458937198,5.884326355340848,9.39345142243693,0.19457863660762212,0.9460547504025765,1.0869565217391304,0.5166398282340311,,0.23483628556092323,,
116,5.877616747181965,16.297638217928075,12.875738056897477,32.098765432098766,10.896403650026839,3.5426731078904994,5.897745571658615,9.520933977455716,0.19457863660762212,0.9460547504025765,1.1003757380568975,0.5166398282340311,,0.23483628556092323,,
117,5.877616747181965,16.170155662909288,12.99651100375738,31.561996779388085,10.876274825550189,4.025764895330113,5.931293612453032,9.473966720343531,0.20799785292538917,0.9930220075147611,1.0869565217391304,0.5568974771873323,,0.23483628556092323,0.0067096081588835215,
118,5.870907139023081,16.150026838432634,13.358829844337091,31.092324208266238,10.836017176596886,4.032474503488996,5.9447128287707995,9.420289855072463,0.2147074610842727,1.093666129898014,1.1540526033279657,0.5770263016639828,,0.24825550187869028,0.0067096081588835215,
119,5.857487922705314,16.09634997316157,13.378958668813741,31.03864734299517,10.815888352120236,4.045893719806763,6.031937734836285,9.420289855072463,0.24154589371980675,1.093666129898014,1.1473429951690821,0.5770263016639828,,0.24825550187869028,0.0067096081588835215,
120,5.857487922705314,16.056092324208265,13.385668276972625,30.95813204508857,10.668276972624799,4.045893719806763,5.938003220611916,9.500805152979066,0.2549651100375738,1.06682769726248,1.4559849704777241,0.5568974771873323,,0.24825550187869028,0.0067096081588835215,
121,5.850778314546431,16.056092324208265,13.446054750402576,30.870907139023082,10.63472893183038,4.079441760601181,6.407675791733762,9.01100375738057,0.2549651100375738,1.1205045625335481,1.4559849704777241,0.5568974771873323,,0.24825550187869028,0.0067096081588835215,
122,5.783682232957595,16.056092324208265,13.479602791196994,30.85077831454643,10.621309715512615,4.092860976918948,6.367418142780462,9.004294149221685,0.2549651100375738,1.133923778851315,1.4761137949543746,0.6239935587761675,,0.24825550187869028,0.0067096081588835215,
123,5.501878690284487,15.92860976918948,13.446054750402576,31.53515834675255,10.446859903381643,4.240472356414386,6.374127750939345,8.789586688137414,0.2549651100375738,1.1205045625335481,1.4761137949543746,0.630703166935051,,0.24825550187869028,0.0067096081588835215,
124,5.481749865807837,15.942028985507246,13.56682769726248,31.374127750939344,10.44015029522276,4.253891572732153,6.400966183574879,8.796296296296296,0.2549651100375738,1.1137949543746646,1.4895330112721417,0.630703166935051,,0.24825550187869028,0.0067096081588835215,
125,5.481749865807837,15.942028985507246,13.553408480944713,31.320450885668276,10.38647342995169,4.314278046162104,6.427804616210413,8.722490606548577,0.24154589371980675,1.2010198604401503,1.5096618357487923,0.630703166935051,,0.2616747181964573,0.0067096081588835215,
126,5.4549114331723025,15.92860976918948,13.553408480944713,31.21309715512614,10.379763821792807,4.361245303274289,6.447933440687064,8.709071390230811,0.2549651100375738,1.2412775093934514,1.5297906602254427,0.630703166935051,,0.2885131508319914,0.0067096081588835215,
127,5.320719269994632,16.069511540526033,14.056629092860977,30.844068706387546,10.339506172839506,4.26731078904992,6.407675791733762,8.68894256575416,0.2549651100375738,1.2681159420289856,1.5365002683843263,0.6575415995705851,,0.28180354267310787,0.0067096081588835215,
128,5.320719269994632,16.035963499731615,14.224369296833064,30.73671497584541,10.319377348362856,4.294149221685454,6.400966183574879,8.648684916800859,0.2549651100375738,1.2546967257112185,1.5633387010198605,0.6575415995705851,,0.28180354267310787,0.0067096081588835215,
129,5.320719269994632,16.035963499731615,14.251207729468598,30.64278046162104,10.292538915727322,4.374664519592056,6.353998926462695,8.682232957595277,0.2549651100375738,1.2681159420289856,1.5767579173376274,0.6575415995705851,,0.28180354267310787,0.0067096081588835215,
130,5.300590445517981,16.049382716049383,14.070048309178745,29.066022544283413,13.01663982823403,4.441760601180891,5.71658615136876,8.494363929146537,0.24154589371980675,1.1808910359634996,1.482823403113258,0.6172839506172839,,0.3153515834675255,0.0067096081588835215,
131,5.300590445517981,15.995705850778315,14.096886741814279,29.03918411164788,13.01663982823403,4.461889425657541,5.736714975845411,8.460815888352121,0.24154589371980675,1.1943102522812667,1.482823403113258,0.6172839506172839,,0.3488996242619431,0.0067096081588835215,
132,5.300590445517981,15.955448201825014,14.002952227589908,28.797638217928075,12.929414922168545,4.488727858293076,5.736714975845411,8.440687063875469,0.24154589371980675,1.247987117552335,1.8786902844873858,0.6239935587761675,,0.3488996242619431,0.0067096081588835215,
133,5.280461621041331,14.2914653784219,13.24476650563607,28.784219001610307,12.942834138486312,4.49543746645196,8.125335480407944,8.427267847557703,0.2549651100375738,1.2412775093934514,1.8719806763285025,0.6709608158883521,,0.36231884057971014,0.0067096081588835215,
134,5.22007514761138,14.083467525496511,13.191089640365004,31.76328502415459,12.889157273215245,4.549114331723027,7.648953301127214,6.4412238325281805,0.2549651100375738,1.1607622114868492,1.778046162104133,0.6508319914117016,,0.36231884057971014,0.0067096081588835215,
135,5.22007514761138,13.747987117552334,13.526570048309178,31.736446591519055,12.86231884057971,4.4820182501341925,7.702630166398282,6.4412238325281805,0.2549651100375738,1.1607622114868492,1.8048845947396672,0.6508319914117016,,0.4025764895330113,0.0067096081588835215,
136,5.2066559312936125,13.7211486849168,13.553408480944713,31.548577563070317,12.835480407944177,4.582662372517445,7.749597423510467,6.474771873322598,0.30864197530864196,1.1205045625335481,1.8384326355340848,0.6508319914117016,,0.4025764895330113,0.0067096081588835215,
137,5.199946323134729,13.6406333870102,13.493022007514762,31.4747718733226,12.828770799785293,4.696725711218465,7.75630703166935,6.474771873322598,0.43612453032742887,1.1003757380568975,1.8384326355340848,0.6508319914117016,,0.4025764895330113,0.0067096081588835215,
138,5.199946323134729,13.58695652173913,13.331991411701557,31.387546967257112,12.741545893719806,4.87788513150832,7.763016639828234,6.501610305958132,0.43612453032742887,1.1406333870101986,1.9457863660762211,0.6642512077294686,,0.41599570585077833,0.0067096081588835215,
139,5.199946323134729,13.553408480944713,13.345410628019323,31.300322061191626,12.734836285560924,4.9651100375738055,7.763016639828234,6.521739130434782,0.43612453032742887,1.1406333870101986,1.9524959742351047,0.6642512077294686,,0.41599570585077833,0.0067096081588835215,
140,5.199946323134729,13.533279656468062,13.298443370907139,31.273483628556093,12.734836285560924,4.998658078368224,7.763016639828234,6.481481481481482,0.4562533548040794,1.1808910359634996,1.9524959742351047,0.6575415995705851,,0.46296296296296297,0.0067096081588835215,
141,5.179817498658078,13.486312399355878,13.33870101986044,31.159420289855074,12.681159420289855,5.10601180891036,7.722758990874933,6.508319914117015,0.48980139559849706,1.2077294685990339,1.9524959742351047,0.6843800322061192,,0.47638217928073,0.0067096081588835215,
142,5.173107890499195,13.378958668813741,14.224369296833064,30.48174986580784,12.627482555018787,4.99194847020934,7.716049382716049,6.488191089640365,0.48980139559849706,1.247987117552335,1.9860440150295222,0.6776704240472357,,0.5099302200751477,0.0067096081588835215,
143,5.173107890499195,13.365539452495975,15.210681696188942,29.844337090713903,12.614063338701019,4.8376274825550185,7.454374664519592,6.474771873322598,0.5501878690284487,1.261406333870102,1.9994632313472893,0.6977992485238862,,0.5099302200751477,0.0067096081588835215,
144,5.173107890499195,13.09044551798175,14.465915190552872,29.622920021470748,12.285292538915728,4.777241009125067,7.427536231884058,8.185721953837897,0.39586688137412773,1.2748255501878691,2.0128824476650564,0.7246376811594203,,0.5568974771873323,0.0067096081588835215,
145,5.166398282340311,13.050187869028449,14.49946323134729,29.441760601180892,12.23161567364466,4.830917874396135,7.4141170155662905,8.360171765968868,0.39586688137412773,1.2748255501878691,2.0665593129361244,0.7246376811594203,,0.5367686527106817,0.0067096081588835215,
146,5.152979066022544,13.063607085346217,14.38539989264627,29.388083735909824,12.218196457326892,4.85775630703167,7.306763285024155,8.373590982286634,0.4227053140096618,1.4358561460010735,2.0665593129361244,0.7380568974771873,,0.5703166935050993,0.0067096081588835215,0.013419216317767043
147,5.152979066022544,13.036768652710682,14.439076757917338,29.334406870638755,12.218196457326892,4.871175523349437,7.320182501341922,8.333333333333334,0.4227053140096618,1.4761137949543746,2.0665593129361244,0.7380568974771873,,0.5703166935050993,0.0067096081588835215,0.013419216317767043
148,5.152979066022544,13.01663982823403,14.331723027375201,29.294149221685455,12.218196457326892,4.904723564143854,7.367149758454106,8.3467525496511,0.4025764895330113,1.442565754159957,2.1604938271604937,0.7783145464304885,,0.5636070853462157,0.0067096081588835215,0.013419216317767043
149,5.146269457863661,12.909286097691895,14.432367149758454,29.260601180891037,12.245034889962426,4.85775630703167,7.39398819108964,8.333333333333334,0.4025764895330113,1.442565754159957,2.214170692431562,0.7783145464304885,,0.5636070853462157,0.0067096081588835215,0.013419216317767043
150,5.072463768115942,12.969672571121846,14.439076757917338,29.186795491143318,12.25174449812131,4.8376274825550185,7.434245840042942,8.3467525496511,0.4025764895330113,1.4559849704777241,2.2410091250670963,0.7783145464304885,,0.5636070853462157,0.0067096081588835215,0.013419216317767043
151,5.065754159957058,12.929414922168545,15.895061728395062,28.18035426731079,12.224906065485776,4.488727858293076,7.434245840042942,8.319914117015566,0.4025764895330113,1.5029522275899088,2.2410091250670963,0.7648953301127214,,0.5300590445517982,0.0067096081588835215,0.013419216317767043
152,5.038915727321524,12.909286097691895,15.868223295759528,28.119967793880836,12.218196457326892,4.562533548040794,7.447665056360709,8.32662372517445,0.43612453032742887,1.5163714439076759,2.254428341384863,0.7648953301127214,,0.5166398282340311,0.0067096081588835215,0.013419216317767043
153,4.951690821256038,12.875738056897477,15.807836822329575,26.89210950080515,14.023081052066559,4.341116478797638,7.447665056360709,8.111916264090176,0.43612453032742887,1.482823403113258,2.2946859903381642,0.7917337627482555,,0.5233494363929146,0.0067096081588835215,0.013419216317767043
154,4.951690821256038,12.848899624261943,15.787707997852925,26.84514224369297,13.976113794954374,4.394793344068707,7.4141170155662905,8.091787439613526,0.4562533548040794,1.5096618357487923,2.368491680085883,0.8051529790660226,,0.5300590445517982,0.0067096081588835215,0.013419216317767043
155,4.951690821256038,12.835480407944177,15.787707997852925,26.704240472356414,13.942565754159958,4.528985507246377,7.37385936661299,8.125335480407944,0.4562533548040794,1.5096618357487923,2.4020397208803006,0.8185721953837896,,0.5434782608695652,0.0067096081588835215,0.013419216317767043
156,4.810789049919484,12.97638217928073,15.774288781535159,26.643853998926463,13.895598497047773,4.555823939881911,7.300053676865271,8.13875469672571,0.46296296296296297,1.5499194847020934,2.4154589371980677,0.9125067096081588,,0.5434782608695652,0.0067096081588835215,0.013419216317767043
157,4.810789049919484,12.942834138486312,15.747450348899624,26.549919484702095,13.868760064412239,4.683306494900698,7.347020933977456,8.064949006977992,0.47638217928073,1.6035963499731616,2.4355877616747184,0.9057971014492754,,0.5434782608695652,0.0067096081588835215,0.013419216317767043
158,4.810789049919484,12.942834138486312,15.754159957058508,26.50966183574879,13.788244766505636,4.864465915190553,7.326892109500805,7.98443370907139,0.47638217928073,1.5901771336553945,2.49597423510467,0.8789586688137413,,0.5568974771873323,0.0067096081588835215,0.013419216317767043
159,4.810789049919484,12.942834138486312,15.734031132581856,26.227858293075684,13.788244766505636,5.132850241545894,7.347020933977456,7.991143317230274,0.46296296296296297,1.6505636070853462,2.4557165861513686,0.8789586688137413,,0.5568974771873323,0.0067096081588835215,0.013419216317767043
160,4.810789049919484,12.486580783682234,17.330917874396135,25.717928073000536,13.331991411701557,5.032206119162641,7.360440150295223,7.997852925389157,0.49651100375738055,1.6371443907675791,2.3550724637681157,0.8655394524959742,,0.5568974771873323,0.0067096081588835215,0.013419216317767043
161,4.810789049919484,12.432903918411165,17.344337090713903,25.684380032206118,13.325281803542673,5.072463768115942,7.340311325818572,7.98443370907139,0.5233494363929146,1.6908212560386473,2.3617820719269993,0.8521202361782072,,0.5568974771873323,0.0067096081588835215,0.013419216317767043
162,4.797369833601718,12.439613526570048,17.2638217928073,25.670960815888353,13.43263553408481,5.092592592592593,7.326892109500805,8.011272141706923,0.5501878690284487,1.724369296833065,2.26784755770263,0.8454106280193237,,0.5568974771873323,0.0067096081588835215,0.013419216317767043
