,45,50,51,55,52,53,56,54,58,57
0,99.77187332259795,0.2281266774020397,,,,,,,,
1,97.40338164251207,2.5966183574879227,,,,,,,,
2,94.02173913043478,5.978260869565218,,,,,,,,
3,94.02173913043478,5.978260869565218,,,,,,,,
4,74.33574879227054,22.450348899624263,3.2139023081052067,,,,,,,
5,69.41760601180891,27.408749329039185,3.1736446591519054,,,,,,,
6,65.552871712292,31.293612453032743,3.1535158346752548,,,,,,,
7,65.48577563070317,30.917874396135264,3.2742887815351582,0.322061191626409,,,,,,
8,65.30461621041331,30.99838969404187,3.2474503488996245,0.30193236714975846,0.14761137949543746,,,,,
9,63.17096081588835,33.1857219538379,3.193773483628556,0.30193236714975846,0.14761137949543746,,,,,
10,60.52066559312936,35.78234031132582,3.193773483628556,0.040257648953301126,0.46296296296296297,,,,,
11,60.16505636070853,35.94337090713902,3.4621578099838968,0.040257648953301126,0.38915727321524424,,,,,
12,59.514224369296834,33.00456253354804,7.051798174986581,0.040257648953301126,0.38915727321524424,,,,,
13,59.27938808373591,28.629898013955984,7.024959742351046,0.2214170692431562,4.8443370907139025,,,,,
14,51.46269457863661,36.500268384326354,6.810252281266774,0.2214170692431562,4.616210413311863,0.18115942028985507,0.20799785292538917,,,
15,47.48389694041868,43.65942028985507,3.81105743424584,0.2214170692431562,4.616210413311863,,0.20799785292538917,,,
16,29.904723564143854,55.00536768652711,7.246376811594203,0.41599570585077833,7.286634460547504,,0.14090177133655393,,,
17,30.07246376811594,54.8443370907139,7.239667203435319,0.41599570585077833,7.286634460547504,,0.14090177133655393,,,
18,30.04562533548041,53.7037037037037,7.85024154589372,0.9863123993558777,7.273215244229737,,0.14090177133655393,,,
19,29.99194847020934,45.21604938271605,7.7361782071927,0.9863123993558777,6.0654857756307035,6.790123456790123,0.14090177133655393,3.0730005367686526,,
20,30.139559849704778,43.39103596349973,7.669082125603865,0.9863123993558777,6.0654857756307035,6.843800322061192,0.14090177133655393,4.7638217928073,,
21,27.89855072463768,45.571658615136876,7.648953301127214,0.9863123993558777,5.998389694041868,6.843800322061192,0.32877079978529256,4.723564143853999,,
22,27.82474503488996,43.47826086956522,7.62211486849168,0.9863123993558777,6.3137412775093935,6.790123456790123,0.32877079978529256,6.655931293612453,,
23,27.925389157273216,43.37090713902308,7.62211486849168,1.0601180891035964,6.253354804079442,6.790123456790123,0.32877079978529256,6.649221685453569,,
24,28.166935050993022,43.33735909822866,7.615405260332796,1.0601180891035964,6.253354804079442,6.776704240472356,0.32877079978529256,6.461352657004831,,
25,28.267579173376276,43.21658615136876,7.581857219538379,1.0601180891035964,6.038647342995169,6.776704240472356,0.32877079978529256,6.729736983360172,,
26,28.37493290391841,42.86768652710682,7.50805152979066,1.3016639828234031,5.978260869565218,6.649221685453569,0.32877079978529256,6.991411701556629,,
27,28.710413311862588,42.80730005367686,7.50805152979066,1.3016639828234031,5.978260869565218,6.649221685453569,0.32877079978529256,6.716317767042405,,
28,28.052871712292003,41.84782608695652,9.514224369296834,1.3016639828234031,5.797101449275362,6.4412238325281805,0.32877079978529256,6.716317767042405,,
29,27.87842190016103,38.459473966720346,12.607353730542137,1.1808910359634996,6.421095008051529,6.421095008051529,0.32877079978529256,6.702898550724638,,
30,27.89855072463768,38.2313472893183,11.58749329039184,1.1406333870101986,6.421095008051529,7.689210950080516,0.32877079978529256,6.702898550724638,,
31,27.87842190016103,35.21202361782072,14.707461084272678,1.1406333870101986,8.769457863660762,5.267042404723564,0.32877079978529256,6.696188942565755,,
32,26.39559849704777,35.829307568438004,14.217659688674182,0.9460547504025765,10.34621578099839,5.267042404723564,0.32877079978529256,6.66935050993022,,
33,24.745034889962426,35.339506172839506,15.526033279656469,1.596886741814278,11.647879763821793,4.1532474503489,0.32877079978529256,6.662640901771336,,
34,25.026838432635532,34.05126140633387,14.009661835748792,1.596886741814278,15.277777777777779,4.03918411164788,0.32877079978529256,5.669618894256575,,
35,25.107353730542137,34.01100375738057,13.982823403113258,1.8317230273752012,15.049651100375739,4.03918411164788,0.32877079978529256,5.649490069779925,,
36,25.127482555018787,33.60842726784756,13.982823403113258,2.2342995169082127,15.029522275899087,4.03918411164788,0.32877079978529256,5.649490069779925,,
37,25.187869028448738,32.340311325818575,15.116747181964573,2.4355877616747184,14.61352657004831,4.951690821256038,0.2281266774020397,5.12614063338701,,
38,25.181159420289855,29.367954911433173,15.103327965646805,5.495169082125604,14.579978529253891,4.951690821256038,0.2281266774020397,5.092592592592593,,
39,25.509930220075148,29.280730005367687,14.895330112721417,5.495169082125604,14.546430488459475,4.951690821256038,0.2281266774020397,5.092592592592593,,
40,24.349168008588297,30.535426731078903,14.888620504562533,5.488459473966721,14.479334406870638,4.938271604938271,0.2281266774020397,5.092592592592593,,
41,24.44310252281267,30.22007514761138,14.821524422973699,5.783682232957595,14.418947933440688,4.938271604938271,0.2281266774020397,5.146269457863661,,
42,19.155931293612454,25.523349436392916,33.984165324745035,5.629361245303274,8.501073537305421,2.61003757380569,0.2281266774020397,4.367954911433173,,
43,18.78690284487386,25.43612453032743,34.68196457326892,5.615942028985507,8.420558239398819,2.5295222758990876,0.2281266774020397,4.300858829844337,,
44,18.53864734299517,21.041331186258724,33.44739667203435,4.166666666666667,13.976113794954374,4.508856682769726,0.4025764895330113,3.9184111647879765,,
45,18.746645195920557,20.987654320987655,33.380300590445515,4.166666666666667,13.962694578636608,4.448470209339774,0.4025764895330113,3.9049919484702094,,
46,18.035426731078903,19.068706387546968,30.709876543209877,3.207192699946323,17.68652710681696,6.984702093397746,0.4025764895330113,3.9049919484702094,,
47,18.16290928609769,19.061996779388085,30.64278046162104,3.026033279656468,17.814009661835748,6.984702093397746,0.4025764895330113,3.9049919484702094,,
48,18.33064949006978,19.008319914117017,30.56897477187332,2.965646806226516,17.840848094471284,6.977992485238862,0.4025764895330113,3.9049919484702094,,
49,17.612721417069242,16.78743961352657,36.983360171765966,2.965646806226516,15.042941492216855,6.769994632313473,0.30193236714975846,3.535963499731616,,
50,17.411433172302736,16.780730005367687,37.3389694041868,2.9589371980676327,14.949006977992486,6.756575415995706,0.30193236714975846,3.502415458937198,,
51,17.398013955984972,16.774020397208805,36.37278582930757,2.952227589908749,15.942028985507246,6.756575415995706,0.30193236714975846,3.502415458937198,,
52,17.404723564143854,16.59957058507783,33.675523349436396,2.9388083735909825,18.625872249060656,6.951154052603328,0.30193236714975846,3.502415458937198,,
53,17.07595276435856,15.666935050993022,34.648416532474506,2.818035426731079,17.384594739667204,8.601717659688674,0.30193236714975846,3.502415458937198,,
54,14.492753623188406,27.677133655394524,31.447933440687063,3.0730005367686526,11.064143853998926,8.480944712828771,0.30193236714975846,3.4621578099838968,,
55,14.566559312936125,27.67042404723564,31.42109500805153,3.0730005367686526,11.044015029522276,8.460815888352121,0.30193236714975846,3.4621578099838968,,
56,14.526301663982823,27.408749329039185,31.42109500805153,2.952227589908749,12.889157273215245,7.0383789586688135,0.30193236714975846,3.4621578099838968,,
57,13.66076221148685,26.77133655394525,34.15190552871712,2.7241009125067097,11.90955448201825,6.837090713902308,0.5434782608695652,3.4017713365539453,,
58,13.868760064412239,26.48953301127214,33.63526570048309,3.0059044551798175,11.721685453569512,6.890767579173376,0.9863123993558777,3.4017713365539453,,
59,14.237788513150832,26.455984970477726,33.340042941492214,2.9790660225442833,11.708266237251744,6.890767579173376,0.9863123993558777,3.4017713365539453,,
60,14.418947933440688,26.435856146001072,33.2662372517445,2.9790660225442833,11.708266237251744,6.857219538378959,0.9728931830381106,3.361513687600644,,
61,14.163982823403114,25.06038647342995,32.14573268921095,2.737520128824477,11.668008588298443,9.916800858829845,1.3352120236178207,2.9723564143853998,,
62,14.439076757917338,24.859098228663445,31.796833064949006,2.737520128824477,11.969940955448202,9.977187332259795,1.247987117552335,2.9723564143853998,,
63,14.781266774020397,24.510198604401502,31.99141170155663,2.6435856146001075,11.882716049382717,9.977187332259795,1.247987117552335,2.965646806226516,,
64,15.096618357487923,24.416264090177133,28.475577026301664,2.5563607085346214,15.103327965646805,10.138217928073,1.247987117552335,2.965646806226516,,
65,14.673913043478262,24.90606548577563,28.29441760601181,3.7775093934514223,15.042941492216855,8.977455716586151,1.3955984970477724,2.932098765432099,,
66,14.224369296833064,24.644390767579175,27.63016639828234,3.7037037037037037,16.53918411164788,8.930488459473967,1.3955984970477724,2.932098765432099,,
67,14.445786366076222,24.56387546967257,27.542941492216855,3.992216854535695,16.029253891572733,8.890230810520666,1.6035963499731616,2.932098765432099,,
68,13.989533011272142,21.826355340848096,28.415190552871714,3.8378958668813743,16.129898013955984,11.037305421363392,1.6035963499731616,3.1602254428341383,,
69,14.06333870101986,21.77938808373591,28.415190552871714,3.8378958668813743,16.129898013955984,11.037305421363392,1.6035963499731616,3.1333870101986045,,
70,14.190821256038648,21.75925925925926,28.361513687600645,3.656736446591519,16.297638217928075,11.037305421363392,1.5633387010198605,3.1333870101986045,,
71,14.224369296833064,21.75925925925926,28.348094471282877,3.6366076221148687,16.297638217928075,11.037305421363392,1.5633387010198605,3.1333870101986045,,
72,14.284755770263017,21.651905528717123,28.307836822329577,3.616478797638218,17.391304347826086,9.742351046698873,1.90552871712292,3.099838969404187,,
73,14.63365539452496,21.484165324745035,28.28099838969404,3.3816425120772946,17.28395061728395,9.742351046698873,1.90552871712292,3.2877079978529253,,
74,14.928878153515834,21.289586688137412,28.23403113258186,3.3682232957595275,17.28395061728395,9.702093397745571,1.90552871712292,3.2877079978529253,,
75,15.157004830917874,21.24261943102523,28.207192699946322,3.3682232957595275,17.136339237788512,9.702093397745571,1.8988191089640365,3.2877079978529253,,
76,15.26435856146001,21.175523349436393,28.099838969404185,3.475577026301664,17.10950080515298,9.688674181427805,1.8988191089640365,3.2877079978529253,,
77,15.425389157273216,21.121846484165324,28.032742887815353,3.475577026301664,17.06924315619968,9.688674181427805,1.8988191089640365,3.2877079978529253,,
78,15.458937198067632,19.786634460547504,27.234299516908212,3.3816425120772946,17.03569511540526,11.453301127214171,2.3617820719269993,3.2877079978529253,,
79,14.97584541062802,19.726247987117553,25.161030595813205,3.3816425120772946,19.679280730005367,11.426462694578637,2.3617820719269993,3.2877079978529253,,
80,14.231078904991948,18.54535695115405,28.381642512077295,3.3682232957595275,20.336822329575952,10.305958132045088,1.778046162104133,3.052871712292002,,
81,14.123725174449811,17.404723564143854,28.381642512077295,3.3682232957595275,22.18196457326892,9.71551261406334,1.778046162104133,3.046162104133119,,
82,11.66129898013956,24.040526033279658,23.637949543746647,3.079710144927536,23.141438539989263,9.675254965110037,1.7444981213097155,3.0193236714975846,,
83,11.688137412775093,22.940150295222757,26.85185185185185,3.0394524959742353,22.383252818035427,8.152173913043478,1.9256575415995705,3.0193236714975846,,
84,10.02415458937198,21.651905528717123,31.723027375201287,3.2742887815351582,20.28985507246377,7.971014492753623,1.9122383252818036,3.066290928609769,0.08722490606548577,
85,10.185185185185185,21.631776704240472,31.810252281266774,3.2742887815351582,20.229468599033815,7.971014492753623,1.9122383252818036,2.898550724637681,0.08722490606548577,
86,10.312667740203972,21.631776704240472,31.608964036500268,3.2742887815351582,20.189210950080515,7.971014492753623,2.0263016639828235,2.898550724637681,0.08722490606548577,
87,10.601180891035963,21.631776704240472,31.5552871712292,3.2742887815351582,19.994632313472895,7.971014492753623,2.0128824476650564,2.871712292002147,0.08722490606548577,
88,10.68840579710145,21.598228663446054,31.528448738593667,3.2742887815351582,19.981213097155127,8.219269994632313,2.0128824476650564,2.61003757380569,0.08722490606548577,
89,10.775630703166936,21.598228663446054,31.367418142780462,3.227321524422974,19.773215244229736,8.219269994632313,2.0128824476650564,2.9388083735909825,0.08722490606548577,
90,10.950080515297907,21.511003757380568,31.085614600107355,3.3816425120772946,19.484702093397747,8.219269994632313,2.0128824476650564,3.2675791733762747,0.08722490606548577,
91,10.648148148148149,21.26274825550188,31.629092860976918,3.3816425120772946,19.249865807836823,8.507783145464305,2.24771873322598,2.985775630703167,0.08722490606548577,
92,11.117820719269995,21.061460010735374,31.387546967257112,3.3816425120772946,19.223027375201287,8.507783145464305,2.24771873322598,2.985775630703167,0.08722490606548577,
93,10.037573805689748,31.635802469135804,29.965110037573805,3.066290928609769,15.707192699946322,4.1532474503489,1.9994632313472893,3.3480944712828773,0.08722490606548577,
94,10.151637144390767,31.53515834675255,29.716854535695116,3.321256038647343,15.687063875469672,4.1532474503489,1.9994632313472893,3.3480944712828773,0.08722490606548577,
95,9.648416532474503,29.414922168545356,29.347826086956523,3.1468062265163717,14.640365002683843,8.55475040257649,1.8115942028985508,3.3480944712828773,0.08722490606548577,
96,9.71551261406334,29.300858829844337,29.139828234031132,3.260869565217391,14.626945786366075,8.55475040257649,1.9659151905528718,3.3480944712828773,0.08722490606548577,
97,9.749060654857756,26.536500268384327,28.60305958132045,3.2340311325818574,14.533011272141707,10.352925389157273,2.120236178207193,4.783950617283951,0.08722490606548577,
98,10.050993022007514,26.35534084809447,27.791196994095547,3.2340311325818574,15.250939345142244,10.225442834138486,2.120236178207193,4.884594739667204,0.08722490606548577,
99,10.11808910359635,26.35534084809447,27.616747181964573,3.2340311325818574,15.103327965646805,10.198604401502953,2.26784755770263,4.884594739667204,0.08722490606548577,0.13419216317767044
100,10.359634997316157,24.93961352657005,27.569779924852387,3.2206119162640903,15.03623188405797,11.473429951690822,2.26784755770263,4.736983360171766,0.08722490606548577,0.30864197530864196
101,10.453569511540525,24.89935587761675,27.536231884057973,3.2206119162640903,15.029522275899087,11.473429951690822,2.26784755770263,4.723564143853999,0.08722490606548577,0.30864197530864196
102,10.057702630166398,24.208266237251745,27.82474503488996,3.717122920021471,14.734299516908212,12.674449812130971,1.9927536231884058,4.394793344068707,0.08722490606548577,0.30864197530864196
103,10.359634997316157,23.832528180354267,27.643585614600106,4.260601180891036,14.533011272141707,12.620772946859903,1.9592055823939882,4.394793344068707,0.08722490606548577,0.30864197530864196
104,10.446859903381643,23.101180891035963,27.147074610842726,3.8848631239935587,16.431830381105744,12.379227053140097,1.9592055823939882,4.253891572732153,0.08722490606548577,0.30864197530864196
105,10.607890499194847,22.879763821792807,27.073268921095007,4.092860976918948,16.391572732152444,12.372517444981213,1.9592055823939882,4.2270531400966185,0.08722490606548577,0.30864197530864196
106,11.030595813204508,22.470477724100913,27.046430488459475,4.193505099302201,16.358024691358025,12.318840579710145,1.9592055823939882,4.2270531400966185,0.08722490606548577,0.30864197530864196
107,11.2788513150832,22.457058507783145,26.85185185185185,4.367954911433173,16.317767042404725,12.318840579710145,1.90552871712292,4.106280193236715,0.08722490606548577,0.30864197530864196
108,10.782340311325818,21.336553945249598,28.267579173376276,4.2270531400966185,16.29092860976919,13.352120236178207,1.90552871712292,3.4420289855072466,0.08722490606548577,0.30864197530864196
109,11.178207192699947,21.329844337090712,28.026033279656467,4.2270531400966185,16.25067096081589,13.264895330112722,1.90552871712292,3.4286097691894795,0.08051529790660225,0.30864197530864196
110,11.2788513150832,21.068169618894256,28.005904455179817,4.663177670424047,16.23725174449812,13.023349436392914,1.90552871712292,3.4286097691894795,0.08051529790660225,0.30864197530864196
111,11.533816425120772,20.645464304884594,27.865002683843265,4.985238862050457,16.150026838432634,13.01663982823403,1.90552871712292,3.5091250670960816,0.08051529790660225,0.30864197530864196
112,11.728395061728396,20.598497047772412,27.79790660225443,4.9718196457326895,15.908480944712828,13.24476650563607,1.8518518518518519,3.5091250670960816,0.08051529790660225,0.30864197530864196
113,12.117552334943639,20.544820182501343,27.583199141170155,5.173107890499195,15.633387010198604,13.24476650563607,1.8384326355340848,3.475577026301664,0.08051529790660225,0.30864197530864196
114,12.5402576489533,20.33011272141707,27.30810520665593,5.152979066022544,15.559581320450885,13.419216317767042,1.8250134192163177,3.475577026301664,0.08051529790660225,0.30864197530864196
115,12.124261943102523,18.61916264090177,25.825281803542673,4.8443370907139025,21.38352120236178,12.13768115942029,1.8250134192163177,2.8515834675254963,0.08051529790660225,0.30864197530864196
116,12.419484702093397,18.33064949006978,25.59044551798175,5.360976918947934,21.26274825550188,12.00348899624262,1.7847557702630166,2.7844873859366612,0.08051529790660225,0.3824476650563607
117,12.828770799785293,18.209876543209877,25.348899624261943,5.360976918947934,20.967525496511005,11.98336017176597,1.7847557702630166,3.052871712292002,0.08051529790660225,0.3824476650563607
118,13.110574342458401,18.129361245303276,25.248255501878692,5.360976918947934,20.947396672034355,11.902844873859367,1.7847557702630166,3.052871712292002,0.08051529790660225,0.3824476650563607
119,13.144122383252817,18.055555555555557,26.36876006441224,5.360976918947934,20.88030059044552,10.923242082662373,1.751207729468599,3.052871712292002,0.08051529790660225,0.3824476650563607
120,13.238056897477188,17.55233494363929,27.556360708534623,4.985238862050457,20.477724100912507,10.909822866344605,1.6572732152442298,3.1602254428341383,0.08051529790660225,0.3824476650563607
121,13.553408480944713,17.458400429414922,27.428878153515836,4.985238862050457,20.38378958668814,10.909822866344605,1.6572732152442298,3.1602254428341383,0.08051529790660225,0.3824476650563607
122,13.707729468599034,17.424852388620504,27.2812667740204,5.12614063338701,20.128824476650564,10.809178743961352,1.8048845947396672,3.2541599570585076,0.08051529790660225,0.3824476650563607
123,13.996242619431026,17.398013955984972,26.912238325281802,5.112721417069243,20.115405260332796,10.755501878690284,1.9927536231884058,3.2541599570585076,0.08051529790660225,0.3824476650563607
124,14.143853998926463,17.250402576489535,26.858561460010737,5.072463768115942,20.638754696725712,10.493827160493828,1.9927536231884058,3.0864197530864197,0.08051529790660225,0.3824476650563607
125,14.190821256038648,16.968599033816425,26.590177133655395,5.24020397208803,20.987654320987655,10.36634460547504,1.9927536231884058,3.0864197530864197,0.08051529790660225,0.49651100375738055
126,14.197530864197532,16.70692431561997,26.576757917337627,5.119431025228127,20.987654320987655,10.332796564680622,2.100107353730542,3.4017713365539453,0.08051529790660225,0.49651100375738055
127,14.465915190552872,16.586151368760063,26.476113794954376,5.119431025228127,20.94068706387547,10.399892646269459,2.033011272141707,3.4017713365539453,0.08051529790660225,0.49651100375738055
128,15.049651100375739,16.317767042404725,26.234567901234566,5.112721417069243,20.8870101986044,10.38647342995169,2.033011272141707,3.4017713365539453,0.08051529790660225,0.49651100375738055
129,14.99597423510467,16.284219001610307,25.34219001610306,5.12614063338701,21.880032206119164,10.23215244229737,2.1604938271604937,3.4017713365539453,0.08051529790660225,0.49651100375738055
130,15.344873859366613,16.23725174449812,25.214707461084274,5.10601180891036,21.732420826623724,10.23215244229737,2.1604938271604937,3.3950617283950617,0.08051529790660225,0.49651100375738055
131,15.351583467525497,16.129898013955984,24.59742351046699,4.817498658078368,23.95330112721417,8.809715512614064,2.0263016639828235,3.7372517444981215,0.08051529790660225,0.49651100375738055
132,15.68035426731079,16.002415458937197,24.590713902308106,4.64975845410628,23.93317230273752,8.80300590445518,2.0263016639828235,3.7372517444981215,0.08051529790660225,0.49651100375738055
133,15.499194847020934,15.848094471282877,24.349168008588297,4.643048845947397,24.22168545356951,8.80300590445518,2.0128824476650564,4.045893719806763,0.08051529790660225,0.49651100375738055
134,13.385668276972625,17.834138486312398,23.121309715512613,4.461889425657541,24.168008588298445,10.560923242082662,1.8786902844873858,4.012345679012346,0.08051529790660225,0.49651100375738055
135,13.58695652173913,17.827428878153516,22.69860440150295,4.461889425657541,23.993558776167472,10.815888352120236,1.8786902844873858,4.012345679012346,0.08051529790660225,0.644122383252818
136,10.762211486849168,40.15700483091788,17.652979066022546,4.1129898013955986,15.002683843263553,7.568438003220612,1.0265700483091786,3.126677402039721,0.08051529790660225,0.5099302200751477
137,10.527375201288244,38.425925925925924,17.62614063338701,4.656468062265164,17.431561996779386,6.857219538378959,1.1406333870101986,2.918679549114332,0.08051529790660225,0.33548040794417605
138,11.238593666129898,37.88244766505636,17.60601180891036,4.562533548040794,17.384594739667204,6.850509930220075,1.1406333870101986,2.918679549114332,0.08051529790660225,0.33548040794417605
139,11.41304347826087,37.78851315083199,17.317498658078367,4.730273752012883,17.438271604938272,6.622383252818035,1.1406333870101986,3.1333870101986045,0.08051529790660225,0.33548040794417605
140,11.701556629092861,37.65432098765432,17.102791196994094,4.87788513150832,17.753623188405797,6.340579710144928,1.1406333870101986,3.0193236714975846,0.08051529790660225,0.32877079978529256
141,11.741814278046162,37.31213097155126,17.01556629092861,5.320719269994632,17.72007514761138,6.320450885668277,1.1406333870101986,3.0193236714975846,0.08051529790660225,0.32877079978529256
142,11.829039184111648,37.0907139023081,16.955179817498657,5.320719269994632,17.431561996779386,6.3070316693505095,1.1406333870101986,3.515834675254965,0.08051529790660225,0.32877079978529256
143,11.976650563607086,37.063875469672574,16.874664519592056,5.307300053676865,17.404723564143854,6.3070316693505095,1.1406333870101986,3.515834675254965,0.08051529790660225,0.32877079978529256
144,12.177938808373591,36.99006977992485,16.82769726247987,5.307300053676865,17.337627482555018,6.293612453032743,1.1406333870101986,3.515834675254965,0.08051529790660225,0.32877079978529256
145,12.124261943102523,36.7686527106817,18.94122383252818,5.4549114331723025,16.19699409554482,5.481749865807837,1.1272141706924315,3.4957058507783145,0.08051529790660225,0.32877079978529256
146,12.245034889962426,36.42646269457864,18.67283950617284,5.542136339237788,16.170155662909288,5.448201825013419,1.1272141706924315,3.9586688137412773,0.08051529790660225,0.32877079978529256
147,12.5402576489533,35.65485775630703,18.317230273752013,5.495169082125604,16.13660762211487,6.6827697262479875,1.1272141706924315,3.6634460547504024,0.08051529790660225,0.30193236714975846
148,12.620772946859903,35.59447128287708,18.317230273752013,5.273752012882448,15.96886741814278,6.6760601180891035,1.1272141706924315,4.092860976918948,0.08051529790660225,0.24825550187869028
149,12.842190016103059,35.35292538915727,18.23671497584541,4.884594739667204,16.1231884057971,6.642512077294686,1.1205045625335481,4.03918411164788,0.5099302200751477,0.24825550187869028
150,12.661030595813205,35.238862050456255,18.14278046162104,5.01207729468599,15.901771336553946,6.810252281266774,1.1205045625335481,4.3545356951154055,0.5099302200751477,0.24825550187869028
151,12.734836285560924,35.21202361782072,18.14278046162104,5.01207729468599,15.854804079441761,6.810252281266774,1.1205045625335481,4.3545356951154055,0.5099302200751477,0.24825550187869028
152,13.103864734299517,34.76247987117552,18.06897477187332,5.253623188405797,15.814546430488459,6.763285024154589,1.1205045625335481,4.3545356951154055,0.5099302200751477,0.24825550187869028
153,13.063607085346217,34.62157809983897,17.941492216854535,5.441492216854535,16.049382716049383,6.696188942565755,1.0735373054213635,4.3545356951154055,0.5099302200751477,0.24825550187869028
154,13.45276435856146,34.554482018250134,17.787171229200215,5.421363392377885,16.029253891572733,6.66935050993022,1.0735373054213635,4.253891572732153,0.5099302200751477,0.24825550187869028
155,13.915727321524423,34.10493827160494,17.673107890499196,5.978260869565218,15.633387010198604,6.662640901771336,1.0735373054213635,4.253891572732153,0.5099302200751477,0.19457863660762212
156,13.841921631776705,33.84997316156736,17.54562533548041,5.978260869565218,15.579710144927537,7.226247987117552,1.0735373054213635,4.200214707461084,0.5099302200751477,0.19457863660762212
157,13.694310252281268,32.407407407407405,17.53220611916264,5.018786902844874,18.874127750939344,7.1658615136876005,1.0735373054213635,3.965378421900161,0.08051529790660225,0.1878690284487386
158,13.976113794954374,32.21282877079979,17.498658078368223,5.018786902844874,18.86070853462158,7.132313472893183,1.0735373054213635,3.9586688137412773,0.08051529790660225,0.1878690284487386
159,14.143853998926463,32.17928073000537,17.444981213097154,5.01207729468599,18.800322061191626,7.132313472893183,1.0735373054213635,3.9452495974235107,0.08051529790660225,0.1878690284487386
160,14.566559312936125,31.93102522812668,17.404723564143854,4.985238862050457,18.552066559312937,7.065217391304348,1.2815351583467525,3.9452495974235107,0.08051529790660225,0.1878690284487386
161,14.673913043478262,31.85721953837896,17.351046698872786,4.931561996779388,18.552066559312937,7.065217391304348,1.2815351583467525,4.019055287171229,0.08051529790660225,0.1878690284487386
162,14.774557165861514,31.810252281266774,17.74020397208803,4.911433172302737,18.4849704777241,7.03166935050993,1.0735373054213635,3.9049919484702094,0.08051529790660225,0.1878690284487386
163,14.908749329039184,31.796833064949006,17.726784755770264,4.911433172302737,18.377616747181964,7.03166935050993,1.0735373054213635,3.9049919484702094,0.08051529790660225,0.1878690284487386
164,15.331454643048845,31.729736983360173,17.398013955984972,4.911433172302737,18.250134192163177,7.03166935050993,0.9997316156736447,4.079441760601181,0.08051529790660225,0.1878690284487386
165,15.479066022544284,31.66935050993022,17.398013955984972,4.911433172302737,18.19645732689211,7.03166935050993,0.9997316156736447,4.045893719806763,0.08051529790660225,0.1878690284487386
166,15.593129361245303,31.548577563070317,17.364465915190554,4.891304347826087,18.19645732689211,7.14573268921095,0.9997316156736447,3.992216854535695,0.08051529790660225,0.1878690284487386
167,15.96886741814278,31.353998926462694,17.364465915190554,4.891304347826087,18.075684380032207,7.098765432098766,0.9997316156736447,3.978797638217928,0.08051529790660225,0.1878690284487386
168,16.150026838432634,31.28690284487386,17.310789049919485,4.871175523349437,18.055555555555557,7.085346215780999,0.9930220075147611,3.978797638217928,0.08051529790660225,0.1878690284487386
169,16.31105743424584,31.072195383789587,17.257112184648417,5.045625335480408,17.98845947396672,7.085346215780999,0.9930220075147611,3.978797638217928,0.08051529790660225,0.1878690284487386
170,16.646537842190018,30.9849704777241,17.23027375201288,5.032206119162641,17.827428878153516,7.058507783145465,0.9930220075147611,3.9586688137412773,0.08051529790660225,0.1878690284487386
171,16.29092860976919,29.320987654320987,16.955179817498657,6.837090713902308,17.820719269994633,7.058507783145465,1.247987117552335,4.200214707461084,0.08051529790660225,0.1878690284487386
172,15.901771336553946,25.268384326355342,16.82769726247987,6.6760601180891035,18.98148148148148,10.93666129898014,1.0534084809447128,4.086151368760064,0.08051529790660225,0.1878690284487386
173,16.06280193236715,25.09393451422437,16.78743961352657,6.863929146537842,19.0955448201825,10.93666129898014,1.0534084809447128,3.8378958668813743,0.08051529790660225,0.1878690284487386
174,15.848094471282877,24.805421363392377,16.19699409554482,6.709608158883521,20.148953301127214,11.010466988727858,1.0534084809447128,3.9586688137412773,0.08051529790660225,0.1878690284487386
175,15.626677402039721,24.40955448201825,15.881642512077295,6.9243156199677935,21.276167471819647,10.748792270531402,1.0198604401502953,3.92512077294686,,0.1878690284487386
176,15.975577026301664,24.402844873859365,15.70048309178744,7.098765432098766,21.235909822866343,10.695115405260333,1.0198604401502953,3.683574879227053,,0.1878690284487386
177,16.129898013955984,24.16129898013956,15.60654857756307,7.266505636070853,21.464036500268385,10.59447128287708,1.0198604401502953,3.569511540526033,,0.1878690284487386
178,16.210413311862588,24.04723564143854,17.505367686527105,7.0383789586688135,20.095276435856146,10.332796564680622,1.0198604401502953,3.5628019323671496,,0.1878690284487386
179,16.411701556629094,23.805689747718734,17.337627482555018,7.27992485238862,20.055018786902846,10.151637144390767,1.0198604401502953,3.750670960815888,,0.1878690284487386
180,16.532474503488995,23.637949543746647,17.14975845410628,7.541599570585078,20.055018786902846,10.124798711755233,1.0198604401502953,3.750670960815888,,0.1878690284487386
181,16.25067096081589,23.21524422973698,20.21604938271605,7.702630166398282,19.048577563070317,8.930488459473967,0.8856682769726248,3.5628019323671496,,0.1878690284487386
182,16.458668813741276,23.11460010735373,20.169082125603865,7.702630166398282,19.008319914117017,8.923778851315083,0.8856682769726248,3.549382716049383,,0.1878690284487386
183,16.666666666666668,22.403381642512077,20.061728395061728,8.32662372517445,18.719806763285025,9.366612989801396,0.8856682769726248,3.3816425120772946,,0.1878690284487386
184,16.740472356414386,22.403381642512077,20.021470746108427,8.32662372517445,18.686258722490606,9.366612989801396,0.8856682769726248,3.3816425120772946,,0.1878690284487386
185,16.901502952227588,22.363123993558776,20.001341921631777,8.32662372517445,18.659420289855074,9.366612989801396,0.8856682769726248,3.307836822329576,,0.1878690284487386
186,16.686795491143318,20.605206655931294,19.840311325818572,7.991143317230274,17.96833064949007,10.715244229736983,0.8856682769726248,5.119431025228127,,0.1878690284487386
187,16.70692431561997,20.605206655931294,19.82018250134192,7.991143317230274,17.773752012882447,10.701825013419215,0.8856682769726248,5.3274288781535155,,0.1878690284487386
188,16.59957058507783,20.142243692968332,19.605475040257648,8.165593129361245,17.538915727321523,10.19189479334407,0.8856682769726248,6.6827697262479875,,0.1878690284487386
189,16.774020397208805,20.108695652173914,19.45786366076221,8.024691358024691,17.505367686527105,10.413311862587225,0.8856682769726248,6.642512077294686,,0.1878690284487386
190,16.901502952227588,20.101986044015028,19.45786366076221,8.024691358024691,17.49194847020934,10.305958132045088,0.8856682769726248,6.642512077294686,,0.1878690284487386
191,16.935050993022006,19.87385936661299,19.410896403650028,7.977724100912507,17.59259259259259,10.265700483091788,0.8856682769726248,6.870638754696726,,0.1878690284487386
192,17.002147074610843,19.87385936661299,19.39747718733226,7.977724100912507,17.538915727321523,10.265700483091788,0.8856682769726248,6.870638754696726,,0.1878690284487386
193,17.16988727858293,19.753086419753085,19.32367149758454,7.977724100912507,17.45169082125604,10.144927536231885,1.1205045625335481,6.870638754696726,,0.1878690284487386
194,17.384594739667204,19.699409554482017,19.30354267310789,7.977724100912507,17.37788513150832,10.11808910359635,1.4090177133655395,6.541867954911433,,0.1878690284487386
195,17.58588298443371,19.665861513687602,19.249865807836823,7.977724100912507,17.317498658078367,10.077831454643048,1.3955984970477724,6.541867954911433,,0.1878690284487386
196,17.49194847020934,19.632313472893184,19.92753623188406,7.749597423510467,17.102791196994094,9.977187332259795,1.3955984970477724,6.535158346752549,,0.1878690284487386
197,17.753623188405797,19.484702093397747,19.732957595276435,7.836822329575953,17.09608158883521,9.977187332259795,1.3955984970477724,6.535158346752549,,0.1878690284487386
198,17.800590445517983,19.404186795491142,20.987654320987655,7.836822329575953,15.640096618357488,9.88996242619431,1.3955984970477724,6.689479334406871,,0.35560923242082665
199,17.840848094471284,19.223027375201287,20.873590982286636,8.031400966183575,15.774288781535159,9.836285560923242,1.3888888888888888,6.6760601180891035,,0.35560923242082665
200,18.115942028985508,18.00187869028449,20.699141170155663,8.004562533548041,15.660225442834138,11.158078368223295,1.3553408480944713,6.649221685453569,,0.35560923242082665
201,18.149490069779926,17.68652710681696,20.558239398819108,7.98443370907139,17.24369296833065,10.84272678475577,1.107085346215781,6.072195383789587,,0.35560923242082665
202,18.250134192163177,17.659688674181428,20.558239398819108,7.98443370907139,17.196725711218466,10.815888352120236,1.107085346215781,6.072195383789587,,0.35560923242082665
203,18.746645195920557,17.62614063338701,20.061728395061728,8.158883521202362,17.102791196994094,10.815888352120236,1.093666129898014,6.038647342995169,,0.35560923242082665
204,18.57890499194847,16.867954911433173,19.612184648416534,8.494363929146537,18.50509930220075,10.339506172839506,1.06682769726248,6.347289318303811,,0.1878690284487386
205,18.686258722490606,16.867954911433173,19.122383252818036,8.749329039184111,18.491680085882983,10.339506172839506,1.2077294685990339,6.347289318303811,,0.1878690284487386
206,18.699677938808374,16.61969940955448,19.108964036500268,10.453569511540525,18.46484165324745,8.910359634997317,1.2077294685990339,6.347289318303811,,0.1878690284487386
207,19.236446591519055,16.438539989264626,19.0150295222759,10.413311862587225,18.12265163714439,9.05126140633387,1.2010198604401503,6.333870101986044,,0.1878690284487386
208,19.45115405260333,16.391572732152444,18.69296833064949,10.399892646269459,18.095813204508858,8.99087493290392,1.482823403113258,6.3070316693505095,,0.1878690284487386
209,19.47128287707998,16.344605475040257,18.605743424584006,10.25228126677402,18.357487922705314,8.80300590445518,1.482823403113258,6.494900697799249,,0.1878690284487386
210,19.41760601180891,16.324476650563607,18.00187869028449,10.218733225979603,18.612453032742888,8.796296296296296,1.6035963499731616,6.837090713902308,,0.1878690284487386
211,19.504830917874397,16.29092860976919,17.98174986580784,10.19189479334407,18.612453032742888,8.796296296296296,1.6035963499731616,6.830381105743425,,0.1878690284487386
212,19.53166935050993,16.0426731078905,17.914653784219002,10.19189479334407,18.50509930220075,9.064680622651638,1.6035963499731616,6.957863660762212,,0.1878690284487386
213,19.773215244229736,16.015834675254965,17.827428878153516,10.178475577026301,18.303811057434245,9.064680622651638,1.710950080515298,6.937734836285561,,0.1878690284487386
214,19.773215244229736,15.962157809983896,17.800590445517983,10.037573805689748,18.263553408480945,9.326355340848094,1.710950080515298,6.937734836285561,,0.1878690284487386
215,19.068706387546968,14.80810520665593,17.485238862050455,9.796027911969942,17.2638217928073,9.98389694041868,1.6035963499731616,9.802737520128824,,0.1878690284487386
216,19.444444444444443,14.707461084272678,17.485238862050455,9.789318303811058,17.06924315619968,9.957058507783145,1.6035963499731616,9.75577026301664,,0.1878690284487386
217,19.652442297369834,14.667203435319378,17.438271604938272,9.73564143853999,17.01556629092861,9.943639291465379,1.6035963499731616,9.75577026301664,,0.1878690284487386
218,19.732957595276435,14.439076757917338,17.498658078368223,9.722222222222221,16.961889425657542,9.957058507783145,1.6304347826086956,9.86983360171766,,0.1878690284487386
219,19.719538378958667,14.331723027375201,17.498658078368223,9.628287707997853,16.935050993022006,9.957058507783145,1.6304347826086956,10.111379495437467,,0.1878690284487386
220,19.95437466451959,14.264626945786366,17.47181964573269,9.54777241009125,16.921631776704242,9.923510466988727,1.6170155662909287,10.111379495437467,,0.1878690284487386
221,19.91411701556629,14.264626945786366,17.344337090713903,9.54777241009125,16.921631776704242,9.923510466988727,1.5901771336553945,10.305958132045088,,0.1878690284487386
222,19.96779388083736,14.264626945786366,17.344337090713903,9.54777241009125,16.881374127750938,9.923510466988727,1.5901771336553945,10.292538915727322,,0.1878690284487386
223,20.276435856146,14.04320987654321,17.28395061728395,9.668545356951155,16.874664519592056,9.742351046698873,1.583467525496511,10.339506172839506,,0.1878690284487386
224,20.142243692968332,13.989533011272142,16.955179817498657,9.96376811594203,16.982018250134193,9.702093397745571,1.583467525496511,10.265700483091788,,0.41599570585077833
225,20.25630703166935,13.989533011272142,16.928341384863124,9.96376811594203,16.935050993022006,9.702093397745571,1.583467525496511,10.225442834138486,,0.41599570585077833
226,20.377079978529252,13.935856146001074,16.78743961352657,9.88996242619431,16.935050993022006,9.977187332259795,1.583467525496511,10.0979602791197,,0.41599570585077833
227,20.618625872249062,13.620504562533547,16.76731078904992,9.88996242619431,16.881374127750938,10.25228126677402,1.583467525496511,9.970477724100913,,0.41599570585077833
228,20.645464304884594,13.620504562533547,16.76731078904992,9.863123993558776,16.881374127750938,10.25228126677402,1.583467525496511,9.970477724100913,,0.41599570585077833
229,20.739398819108963,13.607085346215781,16.71363392377885,9.849704777241008,16.874664519592056,10.25228126677402,1.583467525496511,9.96376811594203,,0.41599570585077833
230,20.840042941492218,13.600375738056897,16.639828234031132,9.816156736446592,16.847826086956523,10.238862050456254,1.6639828234031133,9.936929683306495,,0.41599570585077833
231,20.967525496511005,13.513150831991412,16.29092860976919,9.789318303811058,16.82769726247987,9.943639291465379,1.8317230273752012,10.420021470746109,,0.41599570585077833
232,21.135265700483092,13.479602791196994,16.27079978529254,9.769189479334408,16.800858829844337,10.768921095008052,1.8048845947396672,9.554482018250134,,0.41599570585077833
233,21.390230810520666,13.157541599570585,15.713902308105206,9.98389694041868,16.800858829844337,10.768921095008052,1.8048845947396672,9.96376811594203,,0.41599570585077833
234,21.69887278582931,12.95625335480408,15.666935050993022,10.037573805689748,16.6935050993022,10.775630703166936,1.8048845947396672,9.950348899624261,,0.41599570585077833
235,21.70558239398819,12.875738056897477,15.666935050993022,9.930220075147611,16.680085882984432,10.755501878690284,1.8048845947396672,10.165056360708535,,0.41599570585077833
236,21.85319377348363,12.822061191626409,15.666935050993022,9.930220075147611,16.646537842190018,10.742082662372518,1.8048845947396672,10.11808910359635,,0.41599570585077833
237,22.007514761137948,12.808641975308642,15.640096618357488,9.930220075147611,16.606280193236714,10.735373054213634,1.751207729468599,10.104669887278583,,0.41599570585077833
238,21.69887278582931,12.68786902844874,15.58641975308642,10.017444981213098,16.814278046162105,10.943370907139023,1.737788513150832,10.0979602791197,,0.41599570585077833
