,45,50,55,51,53,52,54,56,58,57
0,100.0,,,,,,,,,
1,100.0,,,,,,,,,
2,99.69135802469135,0.30864197530864196,,,,,,,,
3,98.02066559312937,1.9793344068706387,,,,,,,,
4,95.34353193773484,4.656468062265164,,,,,,,,
5,86.51368760064412,13.486312399355878,,,,,,,,
6,86.51368760064412,13.486312399355878,,,,,,,,
7,86.54723564143853,13.45276435856146,,,,,,,,
8,86.54723564143853,13.45276435856146,,,,,,,,
9,75.02683843263553,24.973161567364468,,,,,,,,
10,49.100912506709605,50.48309178743961,0.41599570585077833,,,,,,,
11,49.20826623725174,49.9597423510467,0.8319914117015567,,,,,,,
12,49.31561996779388,49.02710681696189,1.6572732152442298,,,,,,,
13,49.57058507783145,48.772141706924316,1.6572732152442298,,,,,,,
14,49.443102522812666,48.8996242619431,1.6572732152442298,,,,,,,
15,49.45652173913044,48.88620504562534,1.6572732152442298,,,,,,,
16,49.6309715512614,48.711755233494365,1.6572732152442298,,,,,,,
17,49.15458937198068,48.07434245840043,1.6572732152442298,1.1137949543746646,,,,,,
18,49.32903918411165,47.89989264626946,1.6572732152442298,1.1137949543746646,,,,,,
19,47.0276435856146,50.2012882447665,1.6572732152442298,1.1137949543746646,,,,,,
20,47.57783145464305,49.651100375738054,1.6572732152442298,1.1137949543746646,,,,,,
21,47.41009125067096,47.75228126677402,1.6304347826086956,1.1137949543746646,2.0933977455716586,,,,,
22,46.88674181427805,44.04857756307032,1.6304347826086956,6.629092860976919,0.8051529790660226,,,,,
23,46.88674181427805,44.04857756307032,1.6304347826086956,6.629092860976919,0.8051529790660226,,,,,
24,44.56521739130435,46.37010198604401,1.6304347826086956,6.629092860976919,0.8051529790660226,,,,,
25,44.61218464841653,46.323134728931834,1.6304347826086956,6.629092860976919,0.8051529790660226,,,,,
26,44.71282877079979,46.242619431025226,1.6304347826086956,6.608964036500268,0.8051529790660226,,,,,
27,44.79334406870639,45.74610842726785,2.046430488459474,6.608964036500268,0.8051529790660226,,,,,
28,44.806763285024154,45.73268921095008,2.046430488459474,6.608964036500268,0.8051529790660226,,,,,
29,44.39076757917338,43.203166935050994,2.046430488459474,9.554482018250134,0.8051529790660226,,,,,
30,44.39076757917338,43.203166935050994,2.046430488459474,9.554482018250134,0.8051529790660226,,,,,
31,43.77348362855609,38.88217928073001,1.6572732152442298,15.579710144927537,0.10735373054213634,,,,,
32,42.47181964573269,40.163714439076756,1.7914653784219001,15.465646806226516,0.10735373054213634,,,,,
33,30.005367686527105,51.09366612989801,1.5432098765432098,15.432098765432098,0.10735373054213634,1.328502415458937,0.48980139559849706,,,
34,30.17981749865808,50.939345142243695,1.5432098765432098,15.411969940955448,0.10735373054213634,1.328502415458937,0.48980139559849706,,,
35,30.381105743424584,50.80515297906602,1.5432098765432098,15.378421900161031,0.10735373054213634,1.2949543746645196,0.48980139559849706,,,
36,30.46833064949007,50.75147611379496,1.5432098765432098,15.344873859366613,0.10735373054213634,1.2949543746645196,0.48980139559849706,,,
37,30.48174986580784,50.74476650563607,1.5432098765432098,15.33816425120773,0.10735373054213634,1.2949543746645196,0.48980139559849706,,,
38,30.314009661835748,50.677670424047236,1.5432098765432098,15.593129361245303,0.08722490606548577,1.2949543746645196,0.48980139559849706,,,
39,30.327428878153516,47.758990874932906,1.5432098765432098,15.566290928609769,0.08722490606548577,4.2270531400966185,0.48980139559849706,,,
40,29.260601180891037,38.97611379495437,1.1540526033279657,28.73725174449812,0.08722490606548577,1.2949543746645196,0.48980139559849706,,,
41,29.32769726247987,38.95598497047772,1.1540526033279657,28.502415458937197,0.08722490606548577,1.2949543746645196,0.48980139559849706,0.1878690284487386,,
42,29.58937198067633,38.868760064412236,1.1540526033279657,28.327965646806227,0.08722490606548577,1.2949543746645196,0.48980139559849706,0.1878690284487386,,
43,29.602791196994094,38.85534084809447,1.1540526033279657,28.327965646806227,0.08722490606548577,1.2949543746645196,0.48980139559849706,0.1878690284487386,,
44,29.73027375201288,38.85534084809447,1.1473429951690821,28.207192699946322,0.08722490606548577,1.2949543746645196,0.48980139559849706,0.1878690284487386,,
45,29.824208266237253,38.83521202361782,1.1473429951690821,28.133387010198604,0.08722490606548577,1.2949543746645196,0.48980139559849706,0.1878690284487386,,
46,29.958400429414922,38.71443907675792,1.1473429951690821,28.119967793880836,0.08722490606548577,1.2949543746645196,0.48980139559849706,0.1878690284487386,,
47,30.07246376811594,38.70101986044015,1.1473429951690821,28.019323671497585,0.08722490606548577,1.2949543746645196,0.48980139559849706,0.1878690284487386,,
48,30.099302200751477,38.64734299516908,1.1473429951690821,27.690552871712292,0.08722490606548577,1.2949543746645196,0.48980139559849706,0.5434782608695652,,
49,30.20665593129361,38.58695652173913,1.1473429951690821,27.643585614600106,0.08722490606548577,1.2949543746645196,0.48980139559849706,0.5434782608695652,,
50,30.233494363929147,38.58695652173913,1.1473429951690821,27.616747181964573,0.08722490606548577,1.2949543746645196,0.48980139559849706,0.5434782608695652,,
51,30.35426731078905,38.466183574879224,1.1473429951690821,27.616747181964573,0.08722490606548577,1.2949543746645196,0.48980139559849706,0.5434782608695652,,
52,30.60252281266774,38.26489533011272,1.1473429951690821,26.986044015029524,0.08722490606548577,1.288244766505636,0.48980139559849706,1.133923778851315,,
53,28.837895866881375,37.60735373054214,0.95276435856146,22.987117552334944,0.08722490606548577,7.9039184111647875,0.48980139559849706,1.133923778851315,,
54,27.63016639828234,39.44578636607622,2.227589908749329,22.859634997316157,0.08722490606548577,6.615673644659152,,1.133923778851315,,
55,27.677133655394524,39.44578636607622,2.227589908749329,22.839506172839506,0.08722490606548577,6.588835212023618,,1.133923778851315,,
56,27.81803542673108,39.331723027375205,2.227589908749329,22.81266774020397,0.08722490606548577,6.588835212023618,,1.133923778851315,,
57,28.005904455179817,39.21765968867418,2.227589908749329,22.75228126677402,0.08722490606548577,6.588835212023618,,1.1205045625335481,,
58,28.10654857756307,39.170692431561996,2.227589908749329,21.73913043478261,0.08722490606548577,6.588835212023618,,2.0799785292538915,,
59,28.33467525496511,39.01637144390767,2.227589908749329,21.66532474503489,0.08722490606548577,6.588835212023618,,2.0799785292538915,,
60,21.953837895866883,45.3972088030059,2.227589908749329,21.66532474503489,0.08722490606548577,6.588835212023618,,2.0799785292538915,,
61,22.134997316156735,45.370370370370374,2.227589908749329,21.631776704240472,0.08722490606548577,6.468062265163715,,2.0799785292538915,,
62,19.994632313472895,46.9068706387547,2.0933977455716586,22.36983360171766,0.08722490606548577,6.468062265163715,,2.0799785292538915,,
63,20.075147611379496,46.833064949006975,2.0933977455716586,22.363123993558776,0.08722490606548577,6.468062265163715,,2.0799785292538915,,
64,19.269994632313473,44.867149758454104,2.0799785292538915,25.147611379495437,0.08722490606548577,6.468062265163715,,2.0799785292538915,,
65,19.370638754696724,44.79334406870639,2.0799785292538915,25.120772946859905,0.08722490606548577,6.468062265163715,,2.0799785292538915,,
66,19.45786366076221,44.75308641975309,2.0799785292538915,25.0805152979066,0.08722490606548577,6.461352657004831,,2.0799785292538915,,
67,19.612184648416534,44.75308641975309,2.0799785292538915,24.986580783682232,0.08722490606548577,6.461352657004831,,2.01959205582394,,
68,19.719538378958667,44.7061191626409,2.0799785292538915,24.973161567364468,0.08722490606548577,6.414385399892646,,2.01959205582394,,
69,19.94766505636071,44.28341384863124,2.0799785292538915,24.89935587761675,0.35560923242082665,6.414385399892646,,2.01959205582394,,
70,20.061728395061728,44.16935050993022,2.0799785292538915,24.89935587761675,0.35560923242082665,6.414385399892646,,2.01959205582394,,
71,20.108695652173914,44.14251207729468,2.0799785292538915,24.879227053140095,0.35560923242082665,6.414385399892646,,2.01959205582394,,
72,20.21604938271605,44.08883521202362,2.0799785292538915,24.838969404186795,0.35560923242082665,6.400966183574879,,2.01959205582394,,
73,20.491143317230275,43.86741814278046,2.0799785292538915,24.785292538915726,0.35560923242082665,6.400966183574879,,2.01959205582394,,
74,18.88083735909823,43.73993558776167,2.0799785292538915,24.074074074074073,0.35560923242082665,6.400966183574879,2.576489533011272,1.892109500805153,,
75,19.223027375201287,43.49838969404187,2.0799785292538915,24.02710681696189,0.35560923242082665,6.347289318303811,2.576489533011272,1.892109500805153,,
76,19.310252281266774,43.43129361245303,2.0799785292538915,24.00697799248524,0.35560923242082665,6.347289318303811,2.576489533011272,1.892109500805153,,
77,19.424315619967793,43.344068706387546,2.0799785292538915,23.98684916800859,0.35560923242082665,6.347289318303811,2.576489533011272,1.8853998926462694,,
78,19.464573268921097,43.31723027375201,2.0799785292538915,23.97342995169082,0.35560923242082665,6.347289318303811,2.576489533011272,1.8853998926462694,,
79,19.49141170155663,43.29039184111648,2.0799785292538915,23.97342995169082,0.35560923242082665,6.347289318303811,2.576489533011272,1.8853998926462694,,
80,19.652442297369834,43.25013419216318,2.0799785292538915,23.872785829307567,0.35560923242082665,6.327160493827161,2.576489533011272,1.8853998926462694,,
81,19.11567364465915,40.5126140633387,2.6167471819645733,26.623725174449813,0.35560923242082665,6.3137412775093935,2.576489533011272,1.8853998926462694,,
82,19.209608158883523,40.45893719806763,2.5966183574879227,26.623725174449813,0.35560923242082665,6.293612453032743,2.576489533011272,1.8853998926462694,,
83,19.269994632313473,40.405260332796566,2.589908749329039,26.623725174449813,0.35560923242082665,6.293612453032743,2.576489533011272,1.8853998926462694,,
84,19.30354267310789,40.37842190016103,2.589908749329039,26.617015566290927,0.35560923242082665,6.293612453032743,2.576489533011272,1.8853998926462694,,
85,19.330381105743424,40.05636070853462,2.589908749329039,26.94578636607622,0.35560923242082665,6.293612453032743,2.576489533011272,1.8518518518518519,,
86,19.43773483628556,40.02952227589909,2.589908749329039,26.113794954374665,0.35560923242082665,7.071926999463232,2.5496511003757383,1.8518518518518519,,
87,19.363929146537842,37.72812667740204,2.589908749329039,28.576221148684915,0.2683843263553409,7.071926999463232,2.5496511003757383,1.8518518518518519,,
88,19.585346215780998,37.5805152979066,2.589908749329039,28.56280193236715,0.2683843263553409,7.011540526033279,2.5496511003757383,1.8518518518518519,,
89,19.77992485238862,37.446323134728935,2.844873859366613,28.27428878153516,0.2683843263553409,6.984702093397746,2.5496511003757383,1.8518518518518519,,
90,19.03515834675255,37.3792270531401,2.844873859366613,29.57595276435856,0.24825550187869028,6.957863660762212,2.5496511003757383,1.4090177133655395,,
91,19.11567364465915,37.35238862050456,2.844873859366613,29.54911433172303,0.24825550187869028,6.9310252281266775,2.5496511003757383,1.4090177133655395,,
92,19.176060118089104,37.35238862050456,3.589640365002684,29.488727858293075,0.24825550187869028,6.9310252281266775,1.8048845947396672,1.4090177133655395,,
93,19.269994632313473,37.35238862050456,3.589640365002684,29.414922168545356,0.24825550187869028,6.910896403650026,1.8048845947396672,1.4090177133655395,,
94,18.65271068169619,37.0907139023081,3.589640365002684,27.26784755770263,0.24825550187869028,10.433440687063875,1.8048845947396672,0.9125067096081588,,
95,19.048577563070317,36.9296833064949,3.589640365002684,27.033011272141707,0.24825550187869028,10.433440687063875,1.8048845947396672,0.9125067096081588,,
96,19.189479334406872,36.89613526570049,3.5829307568438002,26.939076757917338,0.24825550187869028,10.426731078904991,1.8048845947396672,0.9125067096081588,,
97,19.243156199677937,36.86929683306495,3.5829307568438002,26.912238325281802,0.24825550187869028,10.426731078904991,1.8048845947396672,0.9125067096081588,,
98,19.32367149758454,36.513687600644126,3.5829307568438002,26.838432635534083,0.5971551261406334,10.426731078904991,1.8048845947396672,0.9125067096081588,,
99,19.484702093397747,36.03730542136339,3.9049919484702094,26.704240472356414,0.5971551261406334,10.21202361782072,1.8048845947396672,1.2546967257112185,,
100,19.545088566827697,36.02388620504563,3.9049919484702094,26.704240472356414,0.5971551261406334,10.185185185185185,1.7847557702630166,1.2546967257112185,,
101,19.692699946323135,35.990338164251206,3.9049919484702094,26.690821256038646,0.5971551261406334,10.185185185185185,1.6841116478797638,1.2546967257112185,,
102,19.81347289318304,35.72195383789587,3.9049919484702094,26.670692431561996,0.5971551261406334,10.178475577026301,1.8585614600107354,1.2546967257112185,,
103,20.021470746108427,35.67498658078368,3.898282340311326,26.56333870101986,0.5971551261406334,10.151637144390767,1.8384326355340848,1.2546967257112185,,
104,20.155662909286097,34.97047772410091,3.7573805689747717,26.516371443907676,0.5971551261406334,10.151637144390767,2.5966183574879227,1.2546967257112185,,
105,20.377079978529252,34.93022007514761,3.7372517444981215,26.516371443907676,0.5971551261406334,10.151637144390767,2.509393451422437,1.1808910359634996,,
106,20.517981749865807,34.93022007514761,3.7372517444981215,26.39559849704777,0.5971551261406334,10.151637144390767,2.509393451422437,1.1607622114868492,,
107,12.848899624261943,48.01395598497048,2.1604938271604937,23.315888352120236,0.12077294685990338,10.037573805689748,2.341653247450349,1.1607622114868492,,
108,12.902576489533011,47.94685990338164,2.2208803005904456,23.295759527643586,0.12077294685990338,10.010735373054214,2.341653247450349,1.1607622114868492,,
109,12.949543746645196,47.93344068706388,2.2208803005904456,23.262211486849168,0.12077294685990338,10.010735373054214,2.341653247450349,1.1607622114868492,,
110,13.298443370907139,47.71202361782072,2.2208803005904456,23.201825013419217,0.12077294685990338,9.96376811594203,2.3215244229736984,1.1607622114868492,,
111,13.539989264626946,47.56441223832528,2.2208803005904456,23.14814814814815,0.12077294685990338,9.923510466988727,2.3215244229736984,1.1607622114868492,,
112,13.56682769726248,47.537573805689746,2.2208803005904456,23.14814814814815,0.12077294685990338,9.923510466988727,2.3215244229736984,1.1607622114868492,,
113,13.714439076757918,47.114868491680085,2.13365539452496,23.00053676865271,0.12077294685990338,9.903381642512077,2.8515834675254963,1.1607622114868492,,
114,13.855340848094471,47.08803005904455,2.13365539452496,22.886473429951693,0.12077294685990338,9.903381642512077,2.8515834675254963,1.1607622114868492,,
115,13.989533011272142,47.04106280193237,2.13365539452496,22.873054213633925,0.12077294685990338,9.883252818035427,2.7979066022544283,1.1607622114868492,,
116,14.103596349973161,46.99409554482018,2.13365539452496,22.839506172839506,0.12077294685990338,9.883252818035427,2.7643585614600106,1.1607622114868492,,
117,14.479334406870638,46.826355340848096,2.086688137412775,22.725442834138487,0.12077294685990338,9.883252818035427,2.717391304347826,1.1607622114868492,,
118,13.768115942028986,37.01690821256039,1.3016639828234031,21.531132581857218,10.258990874932904,12.305421363392378,2.657004830917874,1.1607622114868492,,
119,13.848631239935587,36.81561996779388,1.4962426194310252,21.470746108427267,10.245571658615138,12.305421363392378,2.657004830917874,1.1607622114868492,,
120,13.955984970477724,36.72168545356951,1.4962426194310252,21.470746108427267,10.23215244229737,12.305421363392378,2.657004830917874,1.1607622114868492,,
121,14.083467525496511,36.64787976382179,1.4962426194310252,21.464036500268385,10.218733225979603,12.305421363392378,2.657004830917874,1.1272141706924315,,
122,14.204240472356414,36.25872249060655,1.4962426194310252,21.464036500268385,10.19189479334407,12.090713902308105,3.166935050993022,1.1272141706924315,,
123,14.371980676328503,36.25872249060655,1.4962426194310252,21.22249060654858,10.165056360708535,12.06387546967257,3.166935050993022,1.2546967257112185,,
124,14.49946323134729,36.20504562533548,1.4962426194310252,21.22249060654858,10.111379495437467,12.04374664519592,3.166935050993022,1.2546967257112185,,
125,14.694041867954912,36.11782071926999,1.4962426194310252,21.16881374127751,10.084541062801932,12.016908212560386,3.166935050993022,1.2546967257112185,,
126,14.694041867954912,35.648148148148145,2.5161030595813205,21.16881374127751,9.534353193773484,12.016908212560386,3.166935050993022,1.2546967257112185,,
127,14.855072463768115,35.61460010735373,2.5161030595813205,21.048040794417606,9.5276435856146,12.016908212560386,3.166935050993022,1.2546967257112185,,
128,14.922168545356952,35.59447128287708,2.5161030595813205,21.014492753623188,9.5276435856146,12.00348899624262,3.166935050993022,1.2546967257112185,,
129,15.042941492216855,35.55421363392378,2.4892646269457863,20.96081588835212,9.5276435856146,12.00348899624262,3.166935050993022,1.2546967257112185,,
130,15.096618357487923,35.55421363392378,2.4892646269457863,20.947396672034355,9.520933977455716,11.969940955448202,3.166935050993022,1.2546967257112185,,
131,15.123456790123457,35.52066559312936,2.4892646269457863,20.94068706387547,9.400161030595813,11.969940955448202,3.166935050993022,1.2546967257112185,0.13419216317767044,
132,15.157004830917874,35.21202361782072,2.8113258185721954,20.913848631239937,9.400161030595813,11.949812130971551,3.166935050993022,1.2546967257112185,0.13419216317767044,
133,15.271068169618895,35.14492753623188,2.8113258185721954,20.86688137412775,9.400161030595813,11.949812130971551,3.166935050993022,1.2546967257112185,0.13419216317767044,
134,15.465646806226516,35.01073537305421,2.8113258185721954,20.8467525496511,9.373322597960279,11.936392914653783,3.166935050993022,1.2546967257112185,0.13419216317767044,
135,15.646806226516372,32.024959742351044,2.804616210413312,20.29656468062265,9.373322597960279,11.936392914653783,6.253354804079442,1.5297906602254427,0.13419216317767044,
136,15.713902308105206,31.99141170155663,2.804616210413312,20.263016639828233,9.373322597960279,11.936392914653783,6.253354804079442,1.5297906602254427,0.13419216317767044,
137,15.921900161030596,31.884057971014492,2.804616210413312,20.108695652173914,9.453837895866881,11.90955448201825,6.253354804079442,1.5297906602254427,0.13419216317767044,
138,15.747450348899624,31.796833064949006,2.804616210413312,18.51851851851852,9.453837895866881,13.761406333870102,6.253354804079442,1.5297906602254427,0.13419216317767044,
139,15.814546430488459,31.769994632313473,2.898550724637681,18.50509930220075,9.453837895866881,13.734567901234568,6.159420289855072,1.5297906602254427,0.13419216317767044,
140,15.935319377348362,31.716317767042405,2.898550724637681,18.50509930220075,9.400161030595813,13.7211486849168,6.159420289855072,1.5297906602254427,0.13419216317767044,
141,15.975577026301664,31.702898550724637,2.871712292002147,18.50509930220075,9.400161030595813,13.7211486849168,6.159420289855072,1.5297906602254427,0.13419216317767044,
142,16.022544283413847,31.689479334406872,2.871712292002147,18.4849704777241,9.400161030595813,13.707729468599034,6.159420289855072,1.5297906602254427,0.13419216317767044,
143,16.344605475040257,31.689479334406872,2.871712292002147,18.290391841116477,9.400161030595813,13.687600644122384,6.052066559312936,1.5297906602254427,0.13419216317767044,
144,16.566022544283413,31.54186795491143,2.85829307568438,18.230005367686527,9.400161030595813,13.687600644122384,6.052066559312936,1.5297906602254427,0.13419216317767044,
145,16.59957058507783,31.528448738593667,2.85829307568438,18.209876543209877,9.400161030595813,13.687600644122384,6.052066559312936,1.5297906602254427,0.13419216317767044,
146,16.639828234031132,30.971551261406333,3.455448201825013,18.17632850241546,9.353193773483628,13.66076221148685,6.152710681696189,1.4559849704777241,0.13419216317767044,
147,16.6935050993022,30.971551261406333,3.455448201825013,18.12265163714439,9.353193773483628,13.66076221148685,6.152710681696189,1.4559849704777241,0.13419216317767044,
148,16.7337627482555,30.971551261406333,3.455448201825013,18.12265163714439,9.326355340848094,13.647342995169081,6.152710681696189,1.4559849704777241,0.13419216317767044,
149,16.841116478797638,30.95813204508857,3.455448201825013,18.089103596349972,9.27938808373591,13.633923778851315,6.152710681696189,1.4559849704777241,0.13419216317767044,
150,16.861245303274288,30.938003220611915,3.455448201825013,18.089103596349972,9.27938808373591,13.633923778851315,6.152710681696189,1.4559849704777241,0.13419216317767044,
151,16.968599033816425,30.938003220611915,3.421900161030596,18.06226516371444,9.27938808373591,13.633923778851315,6.132581857219538,1.42914653784219,0.13419216317767044,
152,17.136339237788512,30.911164787976382,3.421900161030596,18.00187869028449,9.27938808373591,13.633923778851315,6.099033816425121,1.3821792807300053,0.13419216317767044,
153,17.2638217928073,30.810520665593128,3.421900161030596,18.00187869028449,9.27938808373591,13.607085346215781,6.099033816425121,1.3821792807300053,0.13419216317767044,
154,17.465110037573805,30.750134192163177,3.4151905528717124,18.00187869028449,9.185453569511541,13.607085346215781,6.085614600107354,1.3553408480944713,0.13419216317767044,
155,17.673107890499196,30.750134192163177,3.4151905528717124,17.840848094471284,9.138486312399356,13.607085346215781,6.085614600107354,1.3553408480944713,0.13419216317767044,
156,16.317767042404725,25.905797101449274,3.4151905528717124,17.156468062265162,9.084809447128288,23.68491680085883,3.0595813204508855,1.2412775093934514,0.13419216317767044,
157,16.371443907675793,25.89237788513151,3.4151905528717124,17.156468062265162,9.084809447128288,23.64465915190553,3.0595813204508855,1.2412775093934514,0.13419216317767044,
158,16.431830381105744,25.72463768115942,3.307836822329576,17.12962962962963,8.07836822329576,23.63123993558776,3.0595813204508855,2.368491680085883,0.2683843263553409,
159,16.51905528717123,25.670960815888353,3.307836822329576,17.09608158883521,8.07836822329576,23.63123993558776,3.0595813204508855,2.368491680085883,0.2683843263553409,
160,16.686795491143318,25.543478260869566,3.307836822329576,17.082662372517444,8.051529790660226,23.63123993558776,3.0595813204508855,2.368491680085883,0.2683843263553409,
161,17.022275899087493,25.5300590445518,3.307836822329576,17.04911433172303,8.051529790660226,23.34272678475577,3.0595813204508855,2.368491680085883,0.2683843263553409,
162,17.28395061728395,25.37573805689748,3.307836822329576,16.941760601180892,8.051529790660226,23.34272678475577,3.0595813204508855,2.368491680085883,0.2683843263553409,
163,17.485238862050455,25.37573805689748,3.307836822329576,16.854535695115406,7.937466451959206,23.34272678475577,3.0595813204508855,2.368491680085883,0.2683843263553409,
164,17.599302200751477,25.328770799785293,3.307836822329576,16.854535695115406,7.9039184111647875,23.309178743961354,3.0595813204508855,2.368491680085883,0.2683843263553409,
165,17.250402576489535,25.328770799785293,3.307836822329576,16.814278046162105,7.897208803005904,20.69243156199678,6.072195383789587,2.368491680085883,0.2683843263553409,
166,17.37788513150832,25.268384326355342,3.307836822329576,16.774020397208805,7.897208803005904,20.665593129361245,6.072195383789587,2.368491680085883,0.2683843263553409,
167,17.391304347826086,25.268384326355342,3.307836822329576,16.774020397208805,7.883789586688137,20.665593129361245,6.072195383789587,2.368491680085883,0.2683843263553409,
168,17.47181964573269,25.067096081588836,3.307836822329576,16.740472356414386,7.856951154052603,20.50456253354804,6.072195383789587,2.7106816961889426,0.2683843263553409,
169,17.59259259259259,24.94632313472893,3.307836822329576,16.740472356414386,7.856951154052603,20.50456253354804,6.072195383789587,2.7106816961889426,0.2683843263553409,
170,17.693236714975846,24.94632313472893,3.307836822329576,16.740472356414386,7.843531937734836,20.417337627482556,6.072195383789587,2.7106816961889426,0.2683843263553409,
171,17.834138486312398,24.932903918411164,3.294417606011809,16.680085882984432,7.957595276435856,20.25630703166935,5.931293612453032,2.844873859366613,0.2683843263553409,
172,17.96833064949007,24.90606548577563,3.294417606011809,16.680085882984432,7.957595276435856,20.148953301127214,5.931293612453032,2.844873859366613,0.2683843263553409,
173,18.169618894256576,24.792002147074612,3.294417606011809,16.659957058507782,7.917337627482555,20.12211486849168,5.931293612453032,2.844873859366613,0.2683843263553409,
174,18.431293612453032,24.59742351046699,3.294417606011809,16.63311862587225,7.897208803005904,20.108695652173914,5.924584004294149,2.844873859366613,0.2683843263553409,
175,18.49838969404187,24.590713902308106,3.280998389694042,16.63311862587225,7.897208803005904,20.108695652173914,5.877616747181965,2.844873859366613,0.2683843263553409,
176,18.605743424584006,24.550456253354803,3.280998389694042,16.61969940955448,7.85024154589372,20.101986044015028,5.877616747181965,2.844873859366613,0.2683843263553409,
177,18.5654857756307,24.496779388083738,4.38137412775094,16.438539989264626,7.85024154589372,19.142512077294686,5.877616747181965,2.9790660225442833,0.2683843263553409,
178,18.867418142780462,24.4296833064949,4.38137412775094,16.431830381105744,7.85024154589372,18.92109500805153,5.870907139023081,2.9790660225442833,0.2683843263553409,
179,18.914385399892645,24.4296833064949,4.374664519592056,16.42512077294686,7.836822329575953,18.914385399892645,5.857487922705314,2.9790660225442833,0.2683843263553409,
180,19.129092860976918,24.396135265700483,4.374664519592056,16.42512077294686,7.776435856146001,18.800322061191626,5.857487922705314,2.9723564143853998,0.2683843263553409,
181,19.14922168545357,24.188137412775095,3.6902844873859366,16.317767042404725,7.6623725174449815,19.96779388083736,5.783682232957595,2.9723564143853998,0.2683843263553409,
182,19.39747718733226,24.060654857756308,3.6902844873859366,16.29092860976919,7.635534084809447,19.961084272678477,5.750134192163178,2.945517981749866,0.2683843263553409,
183,19.558507783145465,24.033816425120772,3.6902844873859366,16.23725174449812,7.575147611379496,19.940955448201827,5.750134192163178,2.945517981749866,0.2683843263553409,
184,19.79334406870639,23.993558776167472,3.6902844873859366,15.935319377348362,7.749597423510467,19.940955448201827,5.71658615136876,2.9119699409554483,0.2683843263553409,
185,19.75979602791197,23.98684916800859,3.6366076221148687,15.056360708534621,7.7361782071927,19.672571121846484,6.977992485238862,2.9052603327965647,0.2683843263553409,
186,15.660225442834138,21.24932903918411,2.932098765432099,33.17901234567901,7.561728395061729,14.53972088030059,2.945517981749866,1.6639828234031133,0.2683843263553409,
187,15.881642512077295,21.182232957595275,2.8113258185721954,33.16559312936125,7.5281803542673105,14.338432635534085,2.9119699409554483,1.778046162104133,0.2683843263553409,0.13419216317767044
188,16.06280193236715,21.182232957595275,2.8113258185721954,32.98443370907139,7.5281803542673105,14.338432635534085,2.9119699409554483,1.778046162104133,0.2683843263553409,0.13419216317767044
189,14.573268921095009,22.832796564680624,2.8113258185721954,32.85024154589372,7.5281803542673105,14.338432635534085,2.9119699409554483,1.751207729468599,0.2683843263553409,0.13419216317767044
190,14.700751476113794,22.81266774020397,2.7844873859366612,32.809983896940416,7.48792270531401,14.338432635534085,2.9119699409554483,1.751207729468599,0.2683843263553409,0.13419216317767044
191,14.848362855609233,22.75228126677402,2.7844873859366612,32.776435856146,7.440955448201825,14.338432635534085,2.9119699409554483,1.7444981213097155,0.2683843263553409,0.13419216317767044
192,14.962426194310252,22.725442834138487,2.7844873859366612,32.776435856146,7.387278582930757,14.31159420289855,2.9052603327965647,1.7444981213097155,0.2683843263553409,0.13419216317767044
193,15.049651100375739,22.69189479334407,2.7844873859366612,32.729468599033815,7.387278582930757,14.31159420289855,2.9052603327965647,1.7444981213097155,0.2616747181964573,0.13419216317767044
194,15.123456790123457,22.685185185185187,2.7844873859366612,32.709339774557165,7.37385936661299,14.304884594739667,2.8784219001610305,1.7444981213097155,0.2616747181964573,0.13419216317767044
195,15.042941492216855,22.544283413848632,2.7643585614600106,32.53488996242619,5.736714975845411,14.2914653784219,2.8784219001610305,1.7444981213097155,0.2281266774020397,2.2342995169082127
196,15.076489533011273,22.510735373054214,2.7643585614600106,32.53488996242619,5.736714975845411,14.2914653784219,2.8784219001610305,1.7444981213097155,0.2281266774020397,2.2342995169082127
197,15.13016639828234,22.497316156736446,2.7643585614600106,32.49463231347289,5.736714975845411,14.2914653784219,2.8784219001610305,1.7444981213097155,0.2281266774020397,2.2342995169082127
198,15.304616210413311,22.497316156736446,2.703972088030059,32.380568974771876,5.736714975845411,14.2914653784219,2.8784219001610305,1.7444981213097155,0.2281266774020397,2.2342995169082127
199,15.351583467525497,22.497316156736446,2.703972088030059,32.367149758454104,5.736714975845411,14.264626945786366,2.871712292002147,1.7444981213097155,0.2281266774020397,2.2342995169082127
200,15.579710144927537,22.322866344605476,2.703972088030059,32.326892109500804,5.736714975845411,14.264626945786366,2.871712292002147,1.7310789049919484,0.2281266774020397,2.2342995169082127
201,15.619967793880837,22.322866344605476,2.703972088030059,32.31347289318304,5.736714975845411,14.264626945786366,2.85829307568438,1.7176596886741815,0.2281266774020397,2.2342995169082127
202,15.754159957058508,22.309447128287708,2.703972088030059,32.2061191626409,5.736714975845411,14.264626945786366,2.85829307568438,1.7176596886741815,0.2281266774020397,2.2208803005904456
203,15.794417606011809,22.309447128287708,2.703972088030059,32.118894256575416,5.736714975845411,14.31159420289855,2.85829307568438,1.7176596886741815,0.2281266774020397,2.2208803005904456
204,15.962157809983896,22.282608695652176,2.703972088030059,31.99141170155663,5.736714975845411,14.298174986580785,2.85829307568438,1.7176596886741815,0.2281266774020397,2.2208803005904456
205,16.1231884057971,22.269189479334408,2.690552871712292,31.890767579173378,5.736714975845411,14.264626945786366,2.85829307568438,1.7176596886741815,0.2281266774020397,2.2208803005904456
206,16.17686527106817,22.228931830381107,2.690552871712292,31.796833064949006,5.736714975845411,14.264626945786366,2.965646806226516,1.7176596886741815,0.20128824476650564,2.2208803005904456
207,16.438539989264626,22.094739667203434,2.6838432635534084,31.723027375201287,5.736714975845411,14.264626945786366,2.918679549114332,1.7176596886741815,0.20128824476650564,2.2208803005904456
208,16.566022544283413,22.094739667203434,2.6838432635534084,31.5955448201825,5.736714975845411,14.264626945786366,2.918679549114332,1.7176596886741815,0.20128824476650564,2.2208803005904456
209,16.626409017713364,22.088030059044552,2.6838432635534084,31.54186795491143,5.736714975845411,14.264626945786366,2.918679549114332,1.7176596886741815,0.20128824476650564,2.2208803005904456
210,16.686795491143318,22.061191626409016,2.6838432635534084,31.53515834675255,5.736714975845411,14.264626945786366,2.918679549114332,1.6908212560386473,0.20128824476650564,2.2208803005904456
211,16.75389157273215,22.04777241009125,2.6838432635534084,31.53515834675255,5.736714975845411,14.210950080515298,2.918679549114332,1.6908212560386473,0.20128824476650564,2.2208803005904456
212,16.76731078904992,22.04777241009125,2.6838432635534084,31.52173913043478,5.736714975845411,14.210950080515298,2.918679549114332,1.6908212560386473,0.20128824476650564,2.2208803005904456
213,16.814278046162105,22.020933977455716,2.6838432635534084,31.50161030595813,5.736714975845411,14.210950080515298,2.918679549114332,1.6908212560386473,0.20128824476650564,2.2208803005904456
214,16.841116478797638,22.020933977455716,2.6838432635534084,31.4747718733226,5.736714975845411,14.210950080515298,2.918679549114332,1.6908212560386473,0.20128824476650564,2.2208803005904456
215,17.01556629092861,21.973966720343533,2.6637144390767578,31.4345142243693,5.6964573268921095,14.184111647879764,2.918679549114332,1.6908212560386473,0.20128824476650564,2.2208803005904456
216,17.24369296833065,21.806226516371442,2.6637144390767578,31.38083735909823,5.6964573268921095,14.17740203972088,2.918679549114332,1.6908212560386473,0.20128824476650564,2.2208803005904456
217,17.418142780461622,21.77938808373591,2.6637144390767578,31.233225979602793,5.6964573268921095,14.17740203972088,2.918679549114332,1.6908212560386473,0.20128824476650564,2.2208803005904456
218,17.444981213097154,21.752549651100377,2.6637144390767578,31.233225979602793,5.6964573268921095,13.942565754159958,2.918679549114332,1.6908212560386473,0.20128824476650564,2.4557165861513686
219,17.384594739667204,21.69887278582931,2.6637144390767578,31.374127750939344,5.6964573268921095,13.915727321524423,2.918679549114332,1.6908212560386473,0.20128824476650564,2.4557165861513686
220,17.424852388620504,21.69887278582931,2.6637144390767578,31.30703166935051,5.58239398819109,13.915727321524423,2.918679549114332,1.6908212560386473,0.20128824476650564,2.5966183574879227
221,17.52549651100376,21.64519592055824,2.657004830917874,31.300322061191626,5.488459473966721,13.88888888888889,2.9052603327965647,1.6908212560386473,0.30193236714975846,2.5966183574879227
222,17.424852388620504,21.618357487922705,2.6435856146001075,30.44820182501342,8.239398819108963,12.130971551261407,2.9052603327965647,1.6908212560386473,0.30193236714975846,2.5966183574879227
223,17.59259259259259,21.618357487922705,2.6435856146001075,30.367686527106816,8.179012345679013,12.117552334943639,2.8918411164787976,1.6908212560386473,0.30193236714975846,2.5966183574879227
224,17.74020397208803,21.564680622651636,2.6435856146001075,30.327428878153516,8.13875469672571,12.117552334943639,2.8784219001610305,1.6908212560386473,0.30193236714975846,2.5966183574879227
225,17.793880837359097,21.55126140633387,2.6435856146001075,30.327428878153516,8.111916264090176,12.117552334943639,2.8650026838432634,1.6908212560386473,0.30193236714975846,2.5966183574879227
226,18.035426731078903,21.517713365539453,2.623456790123457,30.12614063338701,8.111916264090176,12.117552334943639,2.898550724637681,1.6908212560386473,0.30193236714975846,2.576489533011272
227,18.015297906602253,21.4573268921095,2.8918411164787976,29.978529253891573,8.085077831454644,12.104133118625873,2.898550724637681,1.6908212560386473,0.30193236714975846,2.576489533011272
228,18.136070853462158,21.4573268921095,2.8918411164787976,29.857756307031668,8.085077831454644,12.104133118625873,2.898550724637681,1.6908212560386473,0.30193236714975846,2.576489533011272
229,17.94820182501342,21.4573268921095,2.8918411164787976,27.30139559849705,10.487117552334944,11.714975845410628,3.629898013955985,1.6908212560386473,0.30193236714975846,2.576489533011272
230,18.12265163714439,21.430488459473967,2.9924852388620504,27.26784755770263,10.48040794417606,11.627750939345143,3.629898013955985,1.570048309178744,0.30193236714975846,2.576489533011272
231,18.250134192163177,21.40365002683843,2.9924852388620504,27.17391304347826,10.48040794417606,11.621041331186259,3.629898013955985,1.570048309178744,0.30193236714975846,2.576489533011272
232,18.471551261406333,21.26945786366076,2.9924852388620504,27.15378421900161,10.48040794417606,11.553945249597424,3.629898013955985,1.570048309178744,0.30193236714975846,2.576489533011272
233,18.726516371443907,21.195652173913043,2.9924852388620504,27.120236178207193,10.352925389157273,11.540526033279656,3.629898013955985,1.5633387010198605,0.30193236714975846,2.576489533011272
234,18.98148148148148,21.041331186258724,2.945517981749866,27.100107353730543,10.319377348362856,11.540526033279656,3.629898013955985,1.5633387010198605,0.30193236714975846,2.576489533011272
235,19.26328502415459,21.027911969940956,2.9052603327965647,26.939076757917338,10.292538915727322,11.540526033279656,3.6231884057971016,1.5633387010198605,0.30193236714975846,2.5429414922168547
236,19.290123456790123,21.00107353730542,2.9052603327965647,26.939076757917338,10.292538915727322,11.540526033279656,3.6231884057971016,1.5633387010198605,0.30193236714975846,2.5429414922168547
237,19.444444444444443,20.9272678475577,2.9052603327965647,26.878690284487387,10.292538915727322,11.540526033279656,3.6231884057971016,1.5432098765432098,0.30193236714975846,2.5429414922168547
238,19.51154052603328,20.913848631239937,2.9052603327965647,26.85185185185185,10.279119699409554,11.540526033279656,3.6231884057971016,1.5432098765432098,0.30193236714975846,2.5295222758990876
239,19.712828770799785,20.860171765968868,2.9052603327965647,26.80488459473967,10.205314009661835,11.533816425120772,3.6231884057971016,1.5432098765432098,0.30193236714975846,2.509393451422437
240,19.920826623725173,20.77294685990338,2.9052603327965647,26.757917337627482,10.165056360708535,11.533816425120772,3.6231884057971016,1.5432098765432098,0.30193236714975846,2.475845410628019
241,20.061728395061728,20.739398819108963,2.9052603327965647,26.67740203972088,10.165056360708535,11.506977992485238,3.6231884057971016,1.5432098765432098,0.30193236714975846,2.475845410628019
242,20.075147611379496,20.739398819108963,2.9052603327965647,26.663982823403114,10.165056360708535,11.506977992485238,3.6231884057971016,1.5432098765432098,0.30193236714975846,2.475845410628019
243,20.169082125603865,20.739398819108963,2.9052603327965647,26.603596349973163,10.131508319914117,11.506977992485238,3.6231884057971016,1.5432098765432098,0.30193236714975846,2.475845410628019
244,20.30998389694042,20.652173913043477,2.9052603327965647,26.570048309178745,10.111379495437467,11.506977992485238,3.6231884057971016,1.5432098765432098,0.30193236714975846,2.475845410628019
245,20.531400966183575,20.558239398819108,2.9052603327965647,26.476113794954376,10.091250670960816,11.493558776167472,3.6231884057971016,1.5432098765432098,0.30193236714975846,2.475845410628019
246,20.652173913043477,20.558239398819108,2.9052603327965647,26.39559849704777,10.091250670960816,11.466720343531938,3.6231884057971016,1.5297906602254427,0.30193236714975846,2.475845410628019
247,20.685721953837895,20.52469135802469,2.9052603327965647,26.25469672571122,10.091250670960816,11.466720343531938,3.6231884057971016,1.6706924315619969,0.30193236714975846,2.475845410628019
248,20.799785292538918,20.52469135802469,2.9052603327965647,26.221148684916802,10.091250670960816,11.406333870101985,3.603059581320451,1.6706924315619969,0.30193236714975846,2.475845410628019
249,20.954106280193237,20.44417606011809,2.9052603327965647,26.214439076757916,10.091250670960816,11.352657004830919,3.589640365002684,1.6706924315619969,0.30193236714975846,2.475845410628019
250,21.00107353730542,20.336822329575952,2.9052603327965647,26.187600644122384,10.091250670960816,11.325818572195384,3.7037037037037037,1.6706924315619969,0.30193236714975846,2.475845410628019
251,21.034621578099838,20.336822329575952,2.9052603327965647,26.167471819645733,10.077831454643048,11.325818572195384,3.7037037037037037,1.6706924315619969,0.30193236714975846,2.475845410628019
252,21.24932903918411,20.155662909286097,2.9052603327965647,26.073537305421365,10.077831454643048,11.292270531400966,3.797638217928073,1.6706924315619969,0.30193236714975846,2.475845410628019
253,21.349973161567366,20.108695652173914,2.9052603327965647,26.06682769726248,10.044283413848632,11.292270531400966,3.784219001610306,1.6706924315619969,0.30193236714975846,2.475845410628019
254,21.370101986044016,20.108695652173914,2.9052603327965647,26.04669887278583,10.044283413848632,11.292270531400966,3.784219001610306,1.6706924315619969,0.30193236714975846,2.475845410628019
255,21.484165324745035,19.961084272678477,3.0394524959742353,25.946054750402578,10.044283413848632,11.292270531400966,3.784219001610306,1.6706924315619969,0.30193236714975846,2.475845410628019
