,45,50,52,55,51,54,53,56,60,57,58,59
0,98.84594739667203,1.1540526033279657,,,,,,,,,,
1,97.53757380568975,2.462426194310252,,,,,,,,,,
2,93.23671497584542,6.763285024154589,,,,,,,,,,
3,88.41250670960815,11.58749329039184,,,,,,,,,,
4,86.53381642512078,13.466183574879228,,,,,,,,,,
5,83.90365002683843,14.78797638217928,1.3083735909822867,,,,,,,,,
6,81.75657541599571,16.935050993022006,1.3083735909822867,,,,,,,,,
7,79.64304884594739,19.00161030595813,1.3083735909822867,0.04696725711218465,,,,,,,,
8,76.16076221148685,22.48389694041868,1.3083735909822867,0.04696725711218465,,,,,,,,
9,75.46967257112185,23.17498658078368,1.3083735909822867,0.04696725711218465,,,,,,,,
10,75.41599570585078,23.22866344605475,1.3083735909822867,0.04696725711218465,,,,,,,,
11,68.96135265700484,29.683306494900698,1.3083735909822867,0.04696725711218465,,,,,,,,
12,66.59286097691894,32.05179817498658,1.3083735909822867,0.04696725711218465,,,,,,,,
13,66.48550724637681,32.024959742351044,1.3083735909822867,0.18115942028985507,,,,,,,,
14,66.19028448738594,32.32018250134192,1.3083735909822867,0.18115942028985507,,,,,,,,
15,66.2909286097692,32.21953837895867,1.3083735909822867,0.18115942028985507,,,,,,,,
16,51.670692431561996,43.11594202898551,1.3083735909822867,0.18115942028985507,3.7238325281803544,,,,,,,
17,51.851851851851855,42.93478260869565,1.3083735909822867,0.18115942028985507,3.7238325281803544,,,,,,,
18,51.972624798711756,42.7133655394525,1.2815351583467525,0.30864197530864196,3.7238325281803544,,,,,,,
19,51.918947933440684,42.652979066022546,1.2815351583467525,0.4227053140096618,3.7238325281803544,,,,,,,
20,27.100107353730543,68.4447128287708,1.2815351583467525,0.30864197530864196,2.717391304347826,0.14761137949543746,,,,,,
21,26.94578636607622,66.92163177670425,2.5429414922168547,0.4562533548040794,2.0799785292538915,0.9259259259259259,0.1274825550187869,,,,,
22,26.643853998926463,64.48604401502952,2.5295222758990876,0.9930220075147611,2.0128824476650564,0.9259259259259259,2.408749329039184,,,,,
23,26.690821256038646,63.77482555018787,2.5295222758990876,1.2681159420289856,2.0128824476650564,1.3150831991411702,2.408749329039184,,,,,
24,26.932367149758456,63.378958668813745,2.5295222758990876,1.4224369296833066,2.0128824476650564,1.3150831991411702,2.408749329039184,,,,,
25,24.44310252281267,65.11674718196457,2.5295222758990876,1.5096618357487923,2.0128824476650564,2.01959205582394,2.368491680085883,,,,,
26,24.288781535158346,62.60735373054214,2.5161030595813205,3.7775093934514223,2.4221685453569513,2.01959205582394,2.368491680085883,,,,,
27,24.456521739130434,62.29200214707461,2.5161030595813205,3.9318303811057436,2.4221685453569513,2.01959205582394,2.3617820719269993,,,,,
28,24.738325281803544,61.64787976382179,2.5161030595813205,4.294149221685454,2.4221685453569513,2.01959205582394,2.3617820719269993,,,,,
29,24.751744498121308,60.82259796027912,2.5161030595813205,5.10601180891036,2.328234031132582,2.1135265700483092,2.3617820719269993,,,,,
30,24.90606548577563,60.567632850241544,2.5161030595813205,5.22007514761138,2.328234031132582,2.100107353730542,2.3617820719269993,,,,,
31,18.69296833064949,66.84782608695652,2.5026838432635534,5.146269457863661,3.2474503488996245,2.100107353730542,1.4626945786366077,,,,,
32,19.04186795491143,66.22383252818035,2.5026838432635534,5.46833064949007,3.2004830917874396,2.100107353730542,1.4626945786366077,,,,,
33,16.59957058507783,63.97611379495437,1.1137949543746646,5.481749865807837,6.387546967257112,2.100107353730542,4.341116478797638,,,,,
34,16.74718196457327,62.92270531400966,1.1137949543746646,5.428073000536768,8.044820182501342,2.0933977455716586,3.6500268384326353,,,,,
35,16.961889425657542,60.70182501341922,1.1137949543746646,5.401234567901234,8.044820182501342,2.3215244229736984,5.4549114331723025,,,,,
36,17.163177670424048,60.38647342995169,1.1137949543746646,5.542136339237788,7.9106280193236715,2.3215244229736984,5.428073000536768,0.13419216317767044,,,,
37,17.143048845947398,59.70880300590446,1.1137949543746646,5.535426731078905,7.9106280193236715,2.314814814814815,6.139291465378422,0.13419216317767044,,,,
38,17.20343531937735,58.762748255501876,1.1137949543746646,5.340848094471283,7.897208803005904,2.314814814814815,7.105475040257649,0.13419216317767044,0.1274825550187869,,,
39,17.324208266237253,58.319914117015564,1.1137949543746646,5.8172302737520125,7.890499194847021,2.3081052066559313,6.964573268921095,0.13419216317767044,0.1274825550187869,,,
40,17.37788513150832,58.17230273752013,1.1137949543746646,5.803811057434245,7.856951154052603,2.301395598497048,7.112184648416532,0.13419216317767044,0.1274825550187869,,,
41,14.2914653784219,56.11916264090177,0.06709608158883522,5.978260869565218,17.24369296833065,1.932367149758454,4.106280193236715,0.13419216317767044,0.1274825550187869,,,
42,14.452495974235104,55.522007514761135,0.06709608158883522,6.233225979602791,17.176596886741816,2.059849704777241,4.032474503488996,0.32877079978529256,0.1274825550187869,,,
43,14.553140096618357,55.22678475577026,0.06709608158883522,6.461352657004831,17.176596886741816,2.059849704777241,3.9989264626945786,0.32877079978529256,0.1274825550187869,,,
44,14.606816961889425,55.2133655394525,0.06709608158883522,6.427804616210413,17.176596886741816,2.059849704777241,3.992216854535695,0.32877079978529256,0.1274825550187869,,,
45,14.78797638217928,54.79736983360172,0.06709608158883522,6.689479334406871,17.09608158883521,2.059849704777241,3.992216854535695,0.3824476650563607,0.1274825550187869,,,
46,12.627482555018787,61.91626409017714,0.06709608158883522,6.407675791733762,8.715780998389693,1.932367149758454,7.749597423510467,0.4562533548040794,0.1274825550187869,,,
47,11.151368760064413,63.04347826086956,,6.5485775630703165,7.548309178743962,3.388352120236178,7.7361782071927,0.4562533548040794,0.1274825550187869,,,
48,11.18491680085883,61.33923778851315,,6.582125603864735,7.514761137949543,5.0858829844337095,7.709339774557166,0.4562533548040794,0.1274825550187869,,,
49,11.265432098765432,60.00402576489533,0.07380568974771873,6.1929683306494905,7.48792270531401,5.0858829844337095,9.306226516371444,0.4562533548040794,0.1274825550187869,,,
50,11.627750939345143,59.4068706387547,0.04696725711218465,6.340579710144928,7.461084272678476,5.139559849704777,9.39345142243693,0.4562533548040794,0.1274825550187869,,,
51,11.09098228663446,50.74476650563607,0.04696725711218465,6.890767579173376,6.910896403650026,5.065754159957058,18.666129898013956,0.4562533548040794,0.1274825550187869,,,
52,11.238593666129898,50.617283950617285,0.04696725711218465,6.890767579173376,6.501610305958132,5.35426731078905,18.63929146537842,0.5837359098228664,0.1274825550187869,,,
53,11.325818572195384,50.38915727321525,0.04696725711218465,7.004830917874396,6.367418142780462,5.555555555555555,18.451422436929683,0.5837359098228664,0.1274825550187869,0.14761137949543746,,
54,11.379495437466453,50.12748255501879,0.04696725711218465,7.226247987117552,6.367418142780462,5.555555555555555,18.438003220611915,0.5837359098228664,0.1274825550187869,0.14761137949543746,,
55,11.117820719269995,46.303005904455176,12.02361782071927,6.998121309715513,6.340579710144928,5.515297906602254,10.755501878690284,0.5837359098228664,0.1274825550187869,0.23483628556092323,,
56,11.225174449812132,46.24932903918411,11.916264090177133,6.977992485238862,6.286902844873859,5.495169082125604,10.72866344605475,0.6508319914117016,0.1274825550187869,0.3421900161030596,,
57,11.43317230273752,45.01476113794954,11.916264090177133,7.078636607622115,6.286902844873859,5.495169082125604,11.654589371980677,0.6508319914117016,0.1274825550187869,0.3421900161030596,,
58,11.520397208803006,44.920826623725176,11.77536231884058,7.0383789586688135,6.199677938808374,5.555555555555555,11.654589371980677,0.7581857219538379,0.1274825550187869,0.4495437466451959,,
59,11.345947396672035,44.24986580783682,11.922973698336017,5.394524959742351,6.199677938808374,5.542136339237788,14.237788513150832,0.6038647342995169,,0.43612453032742887,0.06709608158883522,
60,11.43317230273752,44.04857756307032,11.922973698336017,5.394524959742351,5.562265163714439,5.542136339237788,14.989264626945786,0.6038647342995169,,0.43612453032742887,0.06709608158883522,
61,11.553945249597424,43.183038110574344,11.124530327428879,5.253623188405797,5.475040257648954,5.448201825013419,16.129898013955984,0.6038647342995169,,1.1607622114868492,0.06709608158883522,
62,10.379763821792807,39.150563607085346,11.084272678475577,5.10601180891036,13.345410628019323,4.5893719806763285,14.237788513150832,0.5904455179817498,,1.4492753623188406,0.06709608158883522,
63,9.802737520128824,37.164519592055825,11.037305421363392,5.112721417069243,13.285024154589372,7.25979602791197,14.13714439076758,0.5904455179817498,,1.4492753623188406,0.1610305958132045,
64,9.903381642512077,35.78234031132582,13.942565754159958,5.092592592592593,12.855609232420827,6.353998926462695,13.687600644122384,0.5904455179817498,,1.5297906602254427,0.2616747181964573,
65,10.19189479334407,35.601180891035966,13.902308105206655,4.9651100375738055,12.815351583467525,6.501610305958132,13.6406333870102,0.5904455179817498,,1.5297906602254427,0.2616747181964573,
66,10.21202361782072,35.39318303811057,14.593397745571659,5.4549114331723025,12.533548040794418,6.481481481481482,12.915995705850777,0.6709608158883521,,1.5163714439076759,0.2281266774020397,
67,10.272410091250672,34.58132045088567,14.573268921095009,6.340579710144928,12.385936661298981,6.421095008051529,12.895866881374127,0.785024154589372,,1.5163714439076759,0.2281266774020397,
68,10.352925389157273,33.333333333333336,18.21658615136876,6.025228126677402,12.278582930756844,6.414385399892646,11.010466988727858,0.785024154589372,,1.4090177133655395,0.17444981213097155,
69,10.72866344605475,33.091787439613526,18.089103596349972,6.025228126677402,12.27187332259796,6.414385399892646,11.010466988727858,0.785024154589372,,1.4090177133655395,0.17444981213097155,
70,11.117820719269995,33.07836822329576,17.907944176060116,5.991680085882985,12.198067632850242,6.414385399892646,10.963499731615673,0.7447665056360708,,1.4090177133655395,0.17444981213097155,
71,11.520397208803006,32.75630703166935,17.907944176060116,6.152710681696189,12.04374664519592,6.414385399892646,10.876274825550189,0.7447665056360708,,1.4090177133655395,0.17444981213097155,
72,11.782071926999464,32.56843800322061,17.887815351583466,6.246645195920558,11.949812130971551,6.407675791733762,10.876274825550189,0.7447665056360708,,1.3620504562533549,0.17444981213097155,
73,11.889425657541599,32.48792270531401,17.64626945786366,6.239935587761675,11.949812130971551,6.561996779388084,10.869565217391305,0.7447665056360708,,1.4358561460010735,0.17444981213097155,
74,11.647879763821793,29.320987654320987,23.95330112721417,6.266774020397209,11.949812130971551,6.347289318303811,8.158883521202362,0.7112184648416533,,1.5096618357487923,0.13419216317767044,
75,11.761943102522812,29.24718196457327,23.765432098765434,6.367418142780462,11.829039184111648,6.4345142243692965,8.125335480407944,0.7112184648416533,,1.6237251744498122,0.13419216317767044,
76,11.916264090177133,29.21363392377885,23.72517444981213,6.367418142780462,11.782071926999464,6.400966183574879,8.125335480407944,0.7112184648416533,,1.6237251744498122,0.13419216317767044,
77,12.097423510466989,28.904991948470208,23.64465915190553,6.488191089640365,12.406065485775631,6.400966183574879,7.581857219538379,0.7514761137949544,,1.5901771336553945,0.13419216317767044,
78,12.27187332259796,28.864734299516908,23.396403650026837,6.5552871712292005,11.211755233494364,6.387546967257112,8.702361782071927,0.7514761137949544,,1.724369296833065,0.13419216317767044,
79,12.52012882447665,28.22061191626409,23.43666129898014,6.481481481481482,11.137949543746645,6.696188942565755,8.896940418679549,0.7514761137949544,,1.724369296833065,0.13419216317767044,
80,12.674449812130971,28.173644659151904,23.221953837895867,6.474771873322598,11.09098228663446,6.696188942565755,8.829844337090714,0.8387010198604401,,1.865271068169619,0.13419216317767044,
81,12.882447665056361,28.032742887815353,23.1682769726248,6.66935050993022,10.909822866344605,6.696188942565755,8.80300590445518,0.8387010198604401,,1.865271068169619,0.13419216317767044,
82,12.379227053140097,31.4345142243693,22.973698336017176,6.025228126677402,10.748792270531402,5.032206119162641,8.393719806763285,0.8387010198604401,,1.865271068169619,0.30864197530864196,
83,12.68786902844874,30.54213633923779,22.604669887278583,6.763285024154589,10.735373054213634,5.018786902844874,8.32662372517445,0.9192163177670424,,2.13365539452496,0.2683843263553409,
84,12.593934514224369,30.334138486312398,21.504294149221685,6.756575415995706,10.7085346215781,5.01207729468599,9.856414385399892,0.8319914117015567,,2.13365539452496,0.2683843263553409,
85,12.171229200214707,29.13311862587225,21.36339237788513,6.756575415995706,11.439881910896403,6.139291465378422,9.688674181427805,0.8319914117015567,,2.2074610842726785,0.2683843263553409,
86,10.802469135802468,24.402844873859365,17.498658078368223,6.166129898013956,24.14117015566291,5.917874396135265,8.259527643585615,0.6709608158883521,,1.8719806763285025,0.2683843263553409,
87,10.607890499194847,23.859366612989803,18.16290928609769,6.166129898013956,24.134460547504027,6.031937734836285,8.225979602791197,0.6709608158883521,,1.8719806763285025,0.2683843263553409,
88,10.59447128287708,23.201825013419217,18.156199677938808,6.152710681696189,24.08749329039184,6.031937734836285,8.964036500268385,0.6709608158883521,,1.8719806763285025,0.2683843263553409,
89,10.648148148148149,23.020665593129362,18.08239398819109,5.139559849704777,23.443370907139023,5.844068706387547,11.131239935587761,0.644122383252818,,1.778046162104133,0.2683843263553409,
90,10.950080515297907,22.893183038110575,18.02200751476114,5.246913580246914,23.275630703166936,5.8172302737520125,11.104401502952227,0.644122383252818,,1.778046162104133,0.2683843263553409,
91,11.084272678475577,22.893183038110575,17.894524959742352,5.246913580246914,23.020665593129362,5.803811057434245,11.104401502952227,0.785024154589372,,1.8988191089640365,0.2683843263553409,
92,11.285560923242082,22.79253891572732,17.85426731078905,5.246913580246914,22.973698336017176,5.642780461621041,11.104401502952227,0.785024154589372,,1.8988191089640365,0.41599570585077833,
93,11.473429951690822,22.73215244229737,17.780461621041333,5.179817498658078,22.920021470746107,5.642780461621041,11.171497584541063,0.785024154589372,,1.8988191089640365,0.41599570585077833,
94,11.3593666129898,20.974235104669887,16.76731078904992,5.152979066022544,26.382179280730007,5.615942028985507,10.648148148148149,0.785024154589372,,1.8988191089640365,0.41599570585077833,
95,11.621041331186259,20.94068706387547,16.740472356414386,5.152979066022544,26.241277509393452,5.562265163714439,10.648148148148149,0.785024154589372,,1.892109500805153,0.41599570585077833,
96,11.513687600644122,21.014492753623188,16.720343531937736,5.3274288781535155,25.99302200751476,5.548845947396672,10.648148148148149,0.9393451422436929,,1.8786902844873858,0.41599570585077833,
97,11.668008588298443,20.987654320987655,16.6935050993022,5.260332796564681,25.959473966720342,5.548845947396672,10.648148148148149,0.9393451422436929,,1.8786902844873858,0.41599570585077833,
98,11.90955448201825,20.96081588835212,16.606280193236714,5.233494363929147,25.811862587224905,5.535426731078905,10.513955984970478,0.9393451422436929,,2.073268921095008,0.41599570585077833,
99,11.963231347289318,20.82662372517445,16.451959205582394,5.367686527106817,25.691089640365004,5.535426731078905,10.487117552334944,1.0332796564680622,,2.227589908749329,0.41599570585077833,
100,12.157809983896941,20.725979602791195,16.344605475040257,5.367686527106817,25.657541599570585,5.535426731078905,10.44015029522276,1.0332796564680622,,2.3215244229736984,0.41599570585077833,
101,12.25174449812131,20.719269994632313,16.15673644659152,5.4616210413311865,25.509930220075148,5.535426731078905,10.265700483091788,1.2748255501878691,,2.368491680085883,0.4562533548040794,
102,12.446323134728932,20.564949006977994,16.15673644659152,6.166129898013956,24.838969404186795,5.535426731078905,10.19189479334407,1.2748255501878691,,2.368491680085883,0.4562533548040794,
103,12.285292538915728,20.323403113258184,16.71363392377885,6.0654857756307035,24.785292538915726,5.535426731078905,10.19189479334407,1.2748255501878691,,2.368491680085883,0.4562533548040794,
104,12.144390767579173,19.189479334406872,19.585346215780998,6.1862587224906065,24.724906065485776,5.22007514761138,8.856682769726248,1.3553408480944713,,2.368491680085883,0.36902844873859364,
105,12.573805689747719,19.082125603864736,19.33709071390231,6.139291465378422,24.610842726784757,5.193236714975845,8.856682769726248,1.3553408480944713,,2.4825550187869028,0.36902844873859364,
106,12.701288244766506,19.028448738593667,19.276704240472355,6.038647342995169,24.58400429414922,5.421363392377885,8.816425120772946,1.2815351583467525,,2.4825550187869028,0.36902844873859364,
107,13.01663982823403,18.833870101986044,19.243156199677937,6.038647342995169,24.530327428878152,5.407944176060118,8.796296296296296,1.2815351583467525,,2.4825550187869028,0.36902844873859364,
108,13.097155126140633,18.82716049382716,19.216317767042405,6.031937734836285,24.50348899624262,5.394524959742351,8.796296296296296,1.2815351583467525,,2.4825550187869028,0.36902844873859364,
109,13.097155126140633,18.813741277509394,19.732957595276435,5.938003220611916,24.48336017176597,5.394524959742351,8.78287707997853,1.2815351583467525,,2.1068169618894257,0.36902844873859364,
110,13.144122383252817,18.813741277509394,19.732957595276435,6.0587761674718195,24.335748792270532,5.394524959742351,8.776167471819646,1.2815351583467525,,2.0933977455716586,0.36902844873859364,
111,12.775093934514224,16.941760601180892,18.646001073537306,7.347020933977456,24.060654857756308,5.199946323134729,11.553945249597424,1.3620504562533549,,1.751207729468599,0.36231884057971014,
112,13.056897477187333,16.841116478797638,18.646001073537306,7.333601717659689,24.033816425120772,5.193236714975845,11.43317230273752,1.3620504562533549,,1.737788513150832,0.36231884057971014,
113,13.110574342458401,16.76731078904992,18.63929146537842,7.4208266237251745,24.00697799248524,5.186527106816962,11.486849168008588,1.3419216317767042,,1.6774020397208802,0.36231884057971014,
114,13.345410628019323,16.71363392377885,18.61916264090177,7.4208266237251745,23.89291465378422,5.159688674181428,11.486849168008588,1.3419216317767042,,1.6639828234031133,0.35560923242082665,
115,13.130703166935051,16.391572732152444,19.216317767042405,7.481213097155126,23.89291465378422,5.159688674181428,11.366076221148685,1.3419216317767042,,1.6639828234031133,0.35560923242082665,
116,13.170960815888352,16.391572732152444,19.176060118089104,7.481213097155126,23.859366612989803,5.193236714975845,11.366076221148685,1.3419216317767042,,1.6639828234031133,0.35560923242082665,
117,11.79549114331723,13.976113794954374,17.787171229200215,6.944444444444445,31.353998926462694,4.62962962962963,10.165056360708535,1.328502415458937,,1.6639828234031133,0.35560923242082665,
118,12.070585077831455,13.848631239935587,17.713365539452496,6.944444444444445,31.280193236714975,4.643048845947397,10.104669887278583,1.328502415458937,,1.710950080515298,0.35560923242082665,
119,12.097423510466989,13.66076221148685,18.089103596349972,6.790123456790123,30.911164787976382,4.696725711218465,10.077831454643048,1.6103059581320451,,1.710950080515298,0.35560923242082665,
120,12.332259796027913,13.627214170692431,17.921363392377884,6.6827697262479875,30.636070853462158,4.8376274825550185,10.178475577026301,1.7176596886741815,,1.710950080515298,0.35560923242082665,
121,12.332259796027913,13.479602791196994,17.85426731078905,6.796833064949007,30.649490069779926,4.830917874396135,10.178475577026301,1.7646269457863661,,1.7579173376274826,0.35560923242082665,
122,12.406065485775631,13.45276435856146,17.787171229200215,7.387278582930757,29.938271604938272,4.790660225442834,10.158346752549651,1.9659151905528718,,1.7579173376274826,0.35560923242082665,
123,12.647611379495437,13.231347289318304,17.780461621041333,7.434245840042942,29.911433172302736,4.663177670424047,10.258990874932904,1.9592055823939882,,1.7579173376274826,0.35560923242082665,
124,12.318840579710145,13.150831991411701,16.606280193236714,7.467793880837359,27.24771873322598,4.4820182501341925,14.821524422973699,1.7914653784219001,,1.6908212560386473,0.4227053140096618,
125,12.29200214707461,13.150831991411701,16.27750939345142,8.105206655931294,26.992753623188406,4.4820182501341925,14.700751476113794,2.01959205582394,,1.556629092860977,0.4227053140096618,
126,12.338969404186795,13.137412775093935,16.27750939345142,8.152173913043478,26.73107890499195,4.62962962962963,14.700751476113794,2.0531400966183573,,1.556629092860977,0.4227053140096618,
127,11.446591519055287,13.459473966720344,16.243961352657006,7.461084272678476,28.5426731078905,4.730273752012883,14.231078904991948,2.0397208803005906,,1.4224369296833066,0.4227053140096618,
128,11.486849168008588,13.446054750402576,16.21712292002147,7.461084272678476,28.5426731078905,4.730273752012883,14.231078904991948,2.0397208803005906,,1.4224369296833066,0.4227053140096618,
129,11.634460547504025,13.399087493290391,16.210413311862588,7.447665056360709,28.509125067096083,4.730273752012883,14.190821256038648,2.0397208803005906,,1.415727321524423,0.4227053140096618,
130,11.674718196457327,13.365539452495975,16.129898013955984,7.548309178743962,28.267579173376276,4.7101449275362315,14.204240472356414,2.200751476113795,,1.4761137949543746,0.4227053140096618,
131,11.876006441223833,13.238056897477188,16.029253891572733,7.682501341921632,28.059581320450885,4.7101449275362315,14.13714439076758,2.3215244229736984,,1.4626945786366077,0.4830917874396135,
132,11.81561996779388,13.20450885668277,15.921900161030596,7.568438003220612,27.891841116478798,4.643048845947397,14.36527106816962,2.4490069779924855,,1.556629092860977,0.5837359098228664,
133,11.943102522812667,13.130703166935051,15.908480944712828,7.608695652173913,27.74422973698336,4.582662372517445,14.492753623188406,2.4490069779924855,,1.556629092860977,0.5837359098228664,
134,12.06387546967257,13.130703166935051,15.908480944712828,7.608695652173913,27.556360708534623,4.582662372517445,14.492753623188406,2.5161030595813205,,1.556629092860977,0.5837359098228664,
135,12.016908212560386,12.942834138486312,15.713902308105206,7.9039184111647875,27.428878153515836,4.394793344068707,14.97584541062802,2.4825550187869028,,1.556629092860977,0.5837359098228664,
136,12.151100375738057,12.835480407944177,15.566290928609769,7.977724100912507,27.42216854535695,4.508856682769726,14.942297369833602,2.4825550187869028,,1.5297906602254427,0.5837359098228664,
137,12.27187332259796,12.815351583467525,15.566290928609769,7.950885668276973,27.42216854535695,4.508856682769726,14.868491680085883,2.4825550187869028,,1.5297906602254427,0.5837359098228664,
138,12.385936661298981,12.734836285560924,15.519323671497585,8.017981749865807,27.200751476113794,4.5960815888352125,14.821524422973699,2.6167471819645733,,1.5230810520665594,0.5837359098228664,
139,12.607353730542137,12.721417069243156,15.505904455179817,8.13875469672571,26.952495974235106,4.575952764358561,14.774557165861514,2.6167471819645733,,1.5230810520665594,0.5837359098228664,
140,12.607353730542137,12.372517444981213,15.318035426731079,7.501341921631776,26.912238325281802,5.837359098228664,14.707461084272678,2.6502952227589907,,1.5096618357487923,0.5837359098228664,
141,12.70799785292539,12.332259796027913,15.318035426731079,7.454374664519592,26.898819108964037,5.837359098228664,14.707461084272678,2.6502952227589907,,1.5096618357487923,0.5837359098228664,
142,12.674449812130971,12.278582930756844,15.24422973698336,7.501341921631776,26.898819108964037,5.837359098228664,14.774557165861514,2.6502952227589907,,1.556629092860977,0.5837359098228664,
143,12.741545893719806,12.278582930756844,15.24422973698336,7.474503488996243,26.84514224369297,5.837359098228664,14.754428341384862,2.6838432635534084,,1.556629092860977,0.5837359098228664,
144,12.761674718196458,12.265163714439076,15.217391304347826,7.4208266237251745,25.523349436392916,5.8239398819108965,14.65378421900161,4.193505099302201,,1.556629092860977,0.5837359098228664,
145,12.855609232420827,12.171229200214707,15.177133655394526,7.595276435856146,25.301932367149757,5.8239398819108965,14.626945786366075,4.30756843800322,,1.556629092860977,0.5837359098228664,
146,13.043478260869565,12.171229200214707,15.163714439076758,7.595276435856146,25.194578636607623,5.8239398819108965,14.573268921095009,4.30756843800322,,1.5432098765432098,0.5837359098228664,
147,13.110574342458401,12.130971551261407,15.157004830917874,7.581857219538379,25.187869028448738,5.8239398819108965,14.573268921095009,4.30756843800322,,1.5432098765432098,0.5837359098228664,
148,13.117283950617283,12.117552334943639,15.116747181964573,7.648953301127214,24.194847020933977,5.803811057434245,14.506172839506172,5.300590445517981,,1.5432098765432098,0.6508319914117016,
149,13.43263553408481,11.990069779924852,15.11003757380569,7.648953301127214,24.06736446591519,5.803811057434245,14.472624798711756,5.280461621041331,,1.5432098765432098,0.6508319914117016,
150,13.667471819645733,11.896135265700483,15.11003757380569,7.615405260332796,24.053945249597422,5.797101449275362,14.398819108964037,5.267042404723564,,1.5432098765432098,0.6508319914117016,
151,13.47289318303811,11.60762211486849,13.036768652710682,7.856951154052603,28.166935050993022,5.320719269994632,13.600375738056897,5.0858829844337095,,1.3486312399355878,0.5032206119162641,
152,12.365807836822329,10.950080515297907,11.198336017176597,7.4141170155662905,33.40713902308105,5.146269457863661,12.74825550187869,4.978529253891573,,1.288244766505636,0.5032206119162641,
153,12.406065485775631,10.93666129898014,11.198336017176597,7.4141170155662905,33.353462157809986,5.146269457863661,12.667740203972087,5.0858829844337095,,1.288244766505636,0.5032206119162641,
154,12.573805689747719,10.923242082662373,11.171497584541063,7.4141170155662905,33.333333333333336,5.146269457863661,12.614063338701019,5.065754159957058,,1.2546967257112185,0.5032206119162641,
155,12.620772946859903,10.896403650026839,11.131239935587761,7.380568974771873,33.333333333333336,5.253623188405797,12.560386473429952,5.065754159957058,,1.2546967257112185,0.5032206119162641,
156,12.587224906065487,10.82259796027912,10.789049919484702,8.715780998389693,32.96430488459474,5.24020397208803,12.526838432635534,5.005367686527107,,0.8454106280193237,0.5032206119162641,
157,12.694578636607622,10.82259796027912,10.601180891035963,8.729200214707461,32.85024154589372,5.387815351583468,12.385936661298981,5.005367686527107,,1.0265700483091786,0.49651100375738055,
158,12.466451959205582,10.057702630166398,10.560923242082662,8.729200214707461,31.924315619967793,7.555018786902845,12.06387546967257,5.152979066022544,,1.0265700483091786,0.46296296296296297,
159,12.573805689747719,9.970477724100913,10.23215244229737,8.715780998389693,31.66935050993022,7.555018786902845,12.647611379495437,5.092592592592593,,1.0802469135802468,0.46296296296296297,
160,12.560386473429952,9.86983360171766,10.23215244229737,8.836553945249598,31.468062265163713,7.5281803542673105,12.734836285560924,5.193236714975845,,1.1137949543746646,0.46296296296296297,
161,12.882447665056361,9.86983360171766,10.151637144390767,8.836553945249598,31.260064412238325,7.454374664519592,12.701288244766506,5.273752012882448,,1.107085346215781,0.46296296296296297,
162,13.050187869028449,9.708803005904455,10.131508319914117,8.776167471819646,31.226516371443907,7.467793880837359,12.654320987654321,5.360976918947934,,1.1808910359634996,0.4428341384863124,
163,13.365539452495975,9.594739667203436,10.091250670960816,8.883521202361782,31.01851851851852,7.440955448201825,12.546967257112184,5.434782608695652,,1.1808910359634996,0.4428341384863124,
164,13.466183574879228,9.581320450885668,10.091250670960816,8.923778851315083,30.790391841116477,7.387278582930757,12.5402576489533,5.488459473966721,,1.288244766505636,0.4428341384863124,
165,13.734567901234568,9.5276435856146,10.091250670960816,8.923778851315083,30.60252281266774,7.380568974771873,12.5402576489533,5.46833064949007,,1.288244766505636,0.4428341384863124,
166,13.741277509393452,9.608158883521202,10.030864197530864,8.923778851315083,30.575684380032207,7.380568974771873,12.5402576489533,5.46833064949007,,1.288244766505636,0.4428341384863124,
167,13.41250670960816,9.098228663446054,10.017444981213098,8.413848631239935,30.387815351583466,6.857219538378959,14.573268921095009,5.656199677938808,,1.1808910359634996,0.4025764895330113,
168,13.325281803542673,9.024422973698336,9.950348899624261,8.641975308641975,30.327428878153516,6.837090713902308,14.626945786366075,5.683038110574342,,1.1808910359634996,0.4025764895330113,
169,13.278314546430488,9.024422973698336,10.61460010735373,8.641975308641975,30.307300053676865,6.837090713902308,14.110305958132045,5.683038110574342,,1.1003757380568975,0.4025764895330113,
170,12.52012882447665,8.494363929146537,10.426731078904991,8.474235104669887,32.628824476650564,7.521470746108427,13.18438003220612,5.374396135265701,,1.0399892646269457,0.33548040794417605,
171,12.593934514224369,8.407139023081053,10.426731078904991,8.789586688137414,32.27321524422974,7.555018786902845,13.137412775093935,5.441492216854535,,1.0399892646269457,0.33548040794417605,
172,12.426194310252281,8.407139023081053,10.299248523886206,8.903650026838433,31.568706387546968,7.5281803542673105,13.81508319914117,5.676328502415459,,1.0399892646269457,0.33548040794417605,
173,12.419484702093397,8.333333333333334,10.299248523886206,8.903650026838433,31.031937734836287,8.521202361782072,13.318572195383789,5.8239398819108965,,1.0399892646269457,0.30864197530864196,
174,12.627482555018787,8.145464304884594,10.299248523886206,8.836553945249598,30.95813204508857,8.601717659688674,13.305152979066023,5.877616747181965,,1.0399892646269457,0.30864197530864196,
175,12.869028448738593,8.145464304884594,10.299248523886206,8.836553945249598,30.897745571658614,8.3467525496511,13.385668276972625,5.870907139023081,,1.0399892646269457,0.30864197530864196,
176,13.070316693505099,8.11862587224906,10.279119699409554,8.82313472893183,30.844068706387546,8.3467525496511,13.345410628019323,5.8239398819108965,,1.0399892646269457,0.30864197530864196,
177,13.157541599570585,8.07836822329576,10.279119699409554,8.910359634997317,30.837359098228664,8.192431561996779,13.372249060654857,5.8239398819108965,,1.0399892646269457,0.30864197530864196,
178,13.399087493290391,8.024691358024691,10.279119699409554,8.910359634997317,30.66290928609769,8.179012345679013,13.331991411701557,5.864197530864198,,1.0399892646269457,0.30864197530864196,
179,13.506441223832528,7.957595276435856,9.829575952764358,9.004294149221685,30.35426731078905,8.158883521202362,13.217928073000536,6.561996779388084,,1.0198604401502953,0.38915727321524424,
180,13.707729468599034,7.924047235641439,9.77589908749329,8.957326892109501,30.320719269994633,8.158883521202362,13.197799248523886,6.561996779388084,,1.0198604401502953,0.3757380568974772,
181,13.781535158346752,7.924047235641439,9.77589908749329,8.80300590445518,30.273752012882447,8.158883521202362,13.251476113794954,6.5552871712292005,,1.1003757380568975,0.3757380568974772,
182,13.6808910359635,7.924047235641439,9.668545356951155,8.829844337090714,29.455179817498657,8.105206655931294,14.506172839506172,6.300322061191626,,1.1540526033279657,0.3757380568974772,
183,13.747987117552334,7.85024154589372,9.66183574879227,8.756038647342995,29.421631776704242,8.07836822329576,14.660493827160494,6.293612453032743,,1.1540526033279657,0.3757380568974772,
184,13.955984970477724,7.85024154589372,9.567901234567902,8.883521202361782,29.26731078904992,8.071658615136876,14.606816961889425,6.266774020397209,,1.1540526033279657,0.3757380568974772,
185,14.096886741814279,7.830112721417069,9.567901234567902,8.863392377885132,29.240472356414386,7.843531937734836,14.821524422973699,6.260064412238325,,1.1540526033279657,0.322061191626409,
186,14.257917337627482,7.816693505099302,9.567901234567902,8.943907675791733,29.05931293612453,7.823403113258186,14.801395598497047,6.253354804079442,,1.1540526033279657,0.322061191626409,
187,14.31159420289855,7.7898550724637685,9.567901234567902,8.923778851315083,28.938539989264626,7.695920558239399,14.955716586151368,6.340579710144928,,1.1540526033279657,0.322061191626409,
188,14.40552871712292,7.7831454643048845,9.567901234567902,8.99087493290392,28.824476650563607,7.709339774557166,14.989264626945786,6.253354804079442,,1.1540526033279657,0.322061191626409,
189,14.492753623188406,7.7831454643048845,9.567901234567902,8.977455716586151,28.723832528180353,7.702630166398282,14.922168545356952,6.253354804079442,,1.2546967257112185,0.322061191626409,
190,14.049919484702093,7.588566827697263,10.88298443370907,8.950617283950617,28.495705850778315,7.62211486849168,14.63365539452496,6.253354804079442,,1.2077294685990339,0.3153515834675255,
191,14.210950080515298,7.48792270531401,10.795759527643586,9.024422973698336,28.415190552871714,7.548309178743962,14.727589908749328,6.266774020397209,,1.2077294685990339,0.3153515834675255,
192,14.304884594739667,7.387278582930757,12.130971551261407,8.454106280193237,27.851583467525497,6.904186795491143,15.33816425120773,6.172839506172839,,1.2077294685990339,0.24825550187869028,
193,14.38539989264627,7.387278582930757,12.117552334943639,8.917069243156199,27.482555018786904,6.709608158883521,15.029522275899087,6.152710681696189,,1.570048309178744,0.24825550187869028,
194,14.593397745571659,7.37385936661299,12.117552334943639,8.883521202361782,27.408749329039185,6.66935050993022,15.002683843263553,6.132581857219538,,1.570048309178744,0.24825550187869028,
195,14.42565754159957,7.25979602791197,12.050456253354804,10.057702630166398,26.308373590982285,6.501610305958132,15.552871712292003,6.0587761674718195,,1.5365002683843263,0.24825550187869028,
196,14.412238325281804,7.219538378958669,12.486580783682234,10.165056360708535,25.670960815888353,6.481481481481482,15.83467525496511,5.924584004294149,,1.556629092860977,0.24825550187869028,
197,14.78797638217928,7.098765432098766,12.486580783682234,10.138217928073,25.543478260869566,6.481481481481482,15.707192699946322,5.9514224369296835,,1.556629092860977,0.24825550187869028,
198,14.841653247450349,7.098765432098766,12.325550187869029,10.138217928073,25.543478260869566,6.468062265163715,15.693773483628556,5.9514224369296835,,1.6908212560386473,0.24825550187869028,
199,14.875201288244767,7.058507783145465,12.285292538915728,11.144659151905529,24.590713902308106,6.427804616210413,15.68035426731079,6.005099302200751,,1.6908212560386473,0.24154589371980675,
200,15.083199141170155,6.910896403650026,12.25174449812131,11.124530327428879,24.56387546967257,6.333870101986044,15.566290928609769,6.119162640901771,,1.6908212560386473,0.35560923242082665,
201,15.13016639828234,6.910896403650026,12.198067632850242,11.117820719269995,24.46323134728932,6.327160493827161,15.559581320450885,6.246645195920558,,1.6908212560386473,0.35560923242082665,
202,15.03623188405797,6.877348362855609,12.198067632850242,11.124530327428879,23.993558776167472,7.541599570585078,14.888620504562533,6.1929683306494905,,1.6908212560386473,0.35560923242082665,0.10064412238325282
203,15.271068169618895,6.850509930220075,12.198067632850242,11.037305421363392,23.95330112721417,7.608695652173913,14.667203435319378,6.139291465378422,,1.6774020397208802,0.49651100375738055,0.10064412238325282
204,15.479066022544284,6.763285024154589,12.191358024691358,11.131239935587761,23.74530327428878,7.608695652173913,14.606816961889425,6.199677938808374,,1.6774020397208802,0.49651100375738055,0.10064412238325282
205,15.552871712292003,6.763285024154589,12.191358024691358,11.258722490606548,23.74530327428878,7.575147611379496,14.439076757917338,6.199677938808374,,1.6774020397208802,0.49651100375738055,0.10064412238325282
206,15.747450348899624,6.736446591519055,12.130971551261407,11.252012882447666,23.63123993558776,7.575147611379496,14.371980676328503,6.280193236714976,,1.6774020397208802,0.49651100375738055,0.10064412238325282
207,15.848094471282877,6.729736983360172,12.110842726784755,11.392914653784219,23.57085346215781,7.575147611379496,14.17740203972088,6.320450885668277,,1.6774020397208802,0.49651100375738055,0.10064412238325282
208,16.022544283413847,6.729736983360172,12.171229200214707,11.392914653784219,23.403113258185723,7.5348899624261945,14.103596349973161,6.367418142780462,,1.6774020397208802,0.49651100375738055,0.10064412238325282
209,16.056092324208265,6.6760601180891035,12.13768115942029,11.634460547504025,23.255501878690286,7.514761137949543,14.231078904991948,6.226516371443908,,1.6774020397208802,0.48980139559849706,0.10064412238325282
210,16.076221148684915,6.6760601180891035,12.084004294149223,11.634460547504025,23.221953837895867,7.514761137949543,14.210950080515298,6.327160493827161,,1.6639828234031133,0.48980139559849706,0.10064412238325282
211,16.384863123993558,6.568706387546968,12.050456253354804,11.54723564143854,23.21524422973698,7.380568974771873,14.197530864197532,6.400966183574879,,1.6639828234031133,0.48980139559849706,0.10064412238325282
212,16.552603327965645,6.568706387546968,12.037037037037036,11.594202898550725,23.15485775630703,7.380568974771873,14.103596349973161,6.353998926462695,,1.6639828234031133,0.48980139559849706,0.10064412238325282
213,16.7337627482555,6.568706387546968,12.037037037037036,11.540526033279656,23.03408480944713,7.380568974771873,14.257917337627482,6.1929683306494905,,1.6639828234031133,0.48980139559849706,0.10064412238325282
214,17.082662372517444,6.568706387546968,11.990069779924852,11.366076221148685,22.899892646269457,7.474503488996243,14.170692431561998,6.1929683306494905,,1.6639828234031133,0.48980139559849706,0.10064412238325282
215,17.216854535695116,6.561996779388084,11.943102522812667,11.366076221148685,22.805958132045088,7.474503488996243,14.083467525496511,6.293612453032743,,1.6639828234031133,0.48980139559849706,0.10064412238325282
216,16.948470209339774,6.152710681696189,11.889425657541599,11.366076221148685,22.665056360708533,8.648684916800859,13.969404186795492,6.052066559312936,,1.7176596886741815,0.48980139559849706,0.10064412238325282
217,17.008856682769725,6.146001073537305,11.90955448201825,11.446591519055287,22.57783145464305,8.648684916800859,13.955984970477724,6.011808910359635,,1.7042404723564144,0.48980139559849706,0.10064412238325282
218,17.143048845947398,6.119162640901771,11.90955448201825,11.366076221148685,22.544283413848632,8.695652173913043,13.855340848094471,6.011808910359635,,1.7646269457863661,0.48980139559849706,0.10064412238325282
219,17.357756307031668,6.112453032742888,11.83574879227053,11.352657004830919,22.396672034353195,8.695652173913043,13.788244766505636,6.005099302200751,,1.865271068169619,0.48980139559849706,0.10064412238325282
220,17.652979066022546,6.112453032742888,11.79549114331723,11.272141706924316,22.376543209876544,8.695652173913043,13.707729468599034,5.991680085882985,,1.8048845947396672,0.48980139559849706,0.10064412238325282
221,17.726784755770264,6.112453032742888,11.768652710681696,11.258722490606548,22.376543209876544,8.68894256575416,13.707729468599034,5.991680085882985,,1.778046162104133,0.48980139559849706,0.10064412238325282
222,18.10252281266774,6.085614600107354,11.674718196457327,11.178207192699947,22.15512614063339,8.816425120772946,13.6808910359635,6.0587761674718195,,1.6572732152442298,0.48980139559849706,0.10064412238325282
223,16.861245303274288,5.589103596349974,12.110842726784755,10.030864197530864,25.704508856682768,8.360171765968868,13.22463768115942,5.958132045088567,,1.570048309178744,0.48980139559849706,0.10064412238325282
