,45,50,51,53,55,52,54,56
0,98.8593666129898,1.1406333870101986,,,,,,
1,96.38352120236178,3.616478797638218,,,,,,
2,96.38352120236178,3.616478797638218,,,,,,
3,96.38352120236178,3.616478797638218,,,,,,
4,95.88030059044551,4.119699409554482,,,,,,
5,92.8341384863124,7.1658615136876005,,,,,,
6,87.28529253891573,12.714707461084272,,,,,,
7,83.93048845947396,16.069511540526033,,,,,,
8,82.07863660762212,17.921363392377884,,,,,,
9,81.70289855072464,18.297101449275363,,,,,,
10,79.62962962962963,20.37037037037037,,,,,,
11,79.71014492753623,20.28985507246377,,,,,,
12,71.0882984433709,26.80488459473967,2.1068169618894257,,,,,
13,71.26274825550188,26.630434782608695,2.1068169618894257,,,,,
14,70.77965646806227,27.113526570048307,2.1068169618894257,,,,,
15,71.06146001073537,26.878690284487387,2.059849704777241,,,,,
16,71.22920021470746,26.710950080515296,2.059849704777241,,,,,
17,69.24315619967794,28.69699409554482,2.059849704777241,,,,,
18,69.28341384863124,28.187063875469672,2.059849704777241,0.46967257112184646,,,,
19,68.9747718733226,27.046430488459475,3.5091250670960816,0.46967257112184646,,,,
20,63.29173376274826,30.07246376811594,6.166129898013956,0.46967257112184646,,,,
21,63.31186258722491,28.978797638217927,6.166129898013956,0.46967257112184646,1.0735373054213635,,,
22,63.31186258722491,28.978797638217927,6.166129898013956,0.46967257112184646,1.0735373054213635,,,
23,59.38674181427805,32.90391841116479,6.166129898013956,0.46967257112184646,1.0735373054213635,,,
24,55.87761674718197,36.41304347826087,6.166129898013956,0.46967257112184646,1.0735373054213635,,,
25,48.960010735373054,35.950080515297905,13.546698872785829,0.46967257112184646,1.0735373054213635,,,
26,48.731884057971016,35.67498658078368,14.049919484702093,0.46967257112184646,1.0735373054213635,,,
27,48.86607622114869,35.178475577026305,14.016371443907676,0.46967257112184646,1.4694041867954912,,,
28,48.960010735373054,35.15163714439077,13.94927536231884,0.46967257112184646,1.4694041867954912,,,
29,49.040526033279654,35.07112184648417,13.94927536231884,0.46967257112184646,1.4694041867954912,,,
30,49.241814278046164,34.97047772410091,13.848631239935587,0.46967257112184646,1.4694041867954912,,,
31,47.457058507783145,36.78878153515835,13.81508319914117,0.46967257112184646,1.4694041867954912,,,
32,47.30944712828771,36.9699409554482,13.781535158346752,0.46967257112184646,1.4694041867954912,,,
33,46.65861513687601,38.378958668813745,13.023349436392914,0.46967257112184646,1.4694041867954912,,,
34,44.887278582930755,35.20531400966183,17.96833064949007,0.46967257112184646,1.4694041867954912,,,
35,42.56575415995706,40.56629092860977,14.928878153515834,0.46967257112184646,1.4694041867954912,,,
36,41.4922168545357,36.493558776167475,20.45088566827697,0.0939345142243693,1.4694041867954912,,,
37,41.82769726247987,36.37949543746645,20.2361782071927,0.0939345142243693,1.4626945786366077,,,
38,41.6532474503489,34.836285560923244,21.953837895866883,0.0939345142243693,1.4626945786366077,,,
39,40.774288781535155,33.071658615136876,21.806226516371442,0.0939345142243693,1.4626945786366077,2.791196994095545,,
40,40.183843263553406,33.823134728931834,21.64519592055824,0.0939345142243693,1.4626945786366077,2.791196994095545,,
41,39.734299516908216,32.870370370370374,21.524422973698336,1.8585614600107354,1.221148684916801,2.791196994095545,,
42,39.25791733762748,29.777241009125067,20.591787439613526,1.3419216317767042,1.1876006441223832,7.843531937734836,,
43,38.05018786902845,29.73027375201288,19.82018250134192,1.328502415458937,1.1876006441223832,9.883252818035427,,
44,33.943907675791735,31.54186795491143,21.490874932903917,1.328502415458937,1.1876006441223832,10.507246376811594,,
45,28.609769189479334,39.69404186795491,21.00107353730542,0.798443370907139,,9.896672034353195,,
46,28.972088030059044,39.59339774557166,20.739398819108963,0.798443370907139,,9.896672034353195,,
47,27.34165324745035,34.80273752012882,29.435050993022006,1.3150831991411702,,7.105475040257649,,
48,27.80461621041331,34.76918947933441,29.0727321524423,1.3150831991411702,,7.0383789586688135,,
49,27.911969940955448,34.70209339774557,29.0727321524423,1.3016639828234031,,7.011540526033279,,
50,24.02710681696189,35.68169618894257,32.045088566827694,1.3016639828234031,,6.944444444444445,,
51,24.14787976382179,35.567632850241544,31.97128287707998,1.3016639828234031,,6.857219538378959,0.15432098765432098,
52,22.65163714439077,32.80327428878154,36.68142780461621,1.0064412238325282,,6.702898550724638,0.15432098765432098,
53,22.906602254428343,32.689210950080515,36.540526033279654,1.0064412238325282,,6.702898550724638,0.15432098765432098,
54,23.255501878690286,31.09903381642512,36.090982286634464,1.0064412238325282,,6.696188942565755,1.8518518518518519,
55,22.20209339774557,30.56897477187332,37.68786902844874,1.0064412238325282,,6.6827697262479875,1.8518518518518519,
56,22.168545356951153,30.50187869028449,37.92941492216855,1.0064412238325282,,6.541867954911433,1.8518518518518519,
57,20.913848631239937,31.91760601180891,37.42619431025228,1.3687600644122384,,6.521739130434782,1.8518518518518519,
58,20.92055823939882,31.716317767042405,37.39935587761675,1.3687600644122384,0.46967257112184646,6.273483628556092,1.8518518518518519,
59,20.88030059044552,29.7638217928073,37.23832528180354,3.5225442834138487,0.46967257112184646,6.273483628556092,1.8518518518518519,
60,21.195652173913043,29.643048845947398,36.65458937198068,3.938539989264627,0.46967257112184646,6.246645195920558,1.8518518518518519,
61,21.34326355340848,29.56924315619968,36.493558776167475,4.086151368760064,0.46967257112184646,6.1862587224906065,1.8518518518518519,
62,21.537842190016104,29.56924315619968,36.29898013955985,4.086151368760064,0.46967257112184646,6.1862587224906065,1.8518518518518519,
63,21.79951690821256,29.522275899087493,36.151368760064415,4.019055287171229,0.46967257112184646,6.1862587224906065,1.8518518518518519,
64,21.960547504025765,29.482018250134193,36.030595813204506,4.019055287171229,0.46967257112184646,6.1862587224906065,1.8518518518518519,
65,21.89345142243693,29.294149221685455,39.42565754159957,3.6634460547504024,0.3153515834675255,3.5963499731615673,1.8115942028985508,
66,22.08132045088567,28.951959205582394,38.99624261943102,3.6500268384326353,0.3153515834675255,4.193505099302201,1.8115942028985508,
67,22.114868491680085,28.60305958132045,38.67418142780462,3.435319377348363,0.3153515834675255,4.575952764358561,2.281266774020397,
68,22.188674181427803,28.5829307568438,38.29173376274826,3.435319377348363,0.3153515834675255,4.575952764358561,2.281266774020397,0.32877079978529256
69,19.961084272678477,29.361245303274288,36.83574879227053,3.435319377348363,0.3153515834675255,7.917337627482555,1.8451422436929683,0.32877079978529256
70,20.202630166398283,29.314278046162105,36.64117015566291,3.435319377348363,0.3153515834675255,7.917337627482555,1.8451422436929683,0.32877079978529256
71,20.477724100912507,24.610842726784757,40.78099838969404,3.8848631239935587,0.3153515834675255,7.75630703166935,1.8451422436929683,0.32877079978529256
72,20.8870101986044,24.537037037037038,40.5126140633387,3.8848631239935587,0.3153515834675255,7.722758990874933,1.8115942028985508,0.32877079978529256
73,20.98094471282877,24.40955448201825,40.103327965646805,3.8848631239935587,0.3153515834675255,7.716049382716049,2.2879763821792807,0.30193236714975846
74,21.16881374127751,24.308910359634996,40.05636070853462,3.8848631239935587,0.3153515834675255,7.675791733762749,2.2879763821792807,0.30193236714975846
75,20.571658615136876,22.873054213633925,42.27724100912507,3.69699409554482,0.3153515834675255,7.675791733762749,2.2879763821792807,0.30193236714975846
76,20.471014492753625,22.873054213633925,41.06951154052604,3.69699409554482,1.6706924315619969,7.675791733762749,2.2410091250670963,0.30193236714975846
77,20.551529790660226,22.839506172839506,41.0426731078905,3.824476650563607,1.6706924315619969,7.675791733762749,2.0933977455716586,0.30193236714975846
78,20.591787439613526,22.61808910359635,41.0426731078905,3.81105743424584,1.892109500805153,7.648953301127214,2.0933977455716586,0.30193236714975846
79,17.411433172302736,24.20155662909286,45.3569511540526,2.522812667740204,1.6706924315619969,6.823671497584541,1.710950080515298,0.30193236714975846
80,18.12265163714439,23.825818572195384,44.826892109500804,2.8650026838432634,1.6706924315619969,6.6760601180891035,1.710950080515298,0.30193236714975846
81,16.418411164787976,22.289318303811058,37.76167471819646,2.8650026838432634,1.6706924315619969,13.6406333870102,5.052334943639291,0.30193236714975846
82,16.49892646269458,22.24235104669887,37.72812667740204,2.8650026838432634,1.6706924315619969,13.6406333870102,5.052334943639291,0.30193236714975846
83,16.740472356414386,22.19538378958669,37.59393451422437,2.844873859366613,1.6706924315619969,13.600375738056897,5.052334943639291,0.30193236714975846
84,16.814278046162105,21.752549651100377,37.5402576489533,2.844873859366613,1.6706924315619969,14.023081052066559,5.052334943639291,0.30193236714975846
85,17.183306494900698,21.611647879763822,36.782071926999464,2.818035426731079,1.6706924315619969,14.579978529253891,5.052334943639291,0.30193236714975846
86,17.431561996779386,21.497584541062803,36.621041331186255,2.818035426731079,1.9793344068706387,14.298174986580785,5.052334943639291,0.30193236714975846
87,17.57246376811594,21.4573268921095,36.600912506709605,2.818035426731079,2.120236178207193,14.130434782608695,4.998658078368224,0.30193236714975846
88,17.76033279656468,21.07487922705314,35.88298443370907,3.851315083199141,2.120236178207193,14.009661835748792,4.998658078368224,0.30193236714975846
89,16.639828234031132,18.69296833064949,44.50483091787439,3.670155662909286,1.9793344068706387,9.212292002147075,4.998658078368224,0.30193236714975846
90,16.76731078904992,18.612453032742888,44.457863660762214,3.670155662909286,1.9793344068706387,9.212292002147075,4.998658078368224,0.30193236714975846
91,17.136339237788512,18.55877616747182,44.316961889425656,3.5225442834138487,1.9793344068706387,9.212292002147075,4.998658078368224,0.27509393451422437
92,17.424852388620504,18.51851851851852,44.08883521202362,3.5225442834138487,1.9793344068706387,9.205582393988191,4.985238862050457,0.27509393451422437
93,17.773752012882447,18.50509930220075,43.525228126677405,3.488996242619431,1.9659151905528718,9.205582393988191,4.978529253891573,0.5568974771873323
94,17.954911433172303,18.47826086956522,43.37761674718197,3.488996242619431,1.9659151905528718,9.198872785829307,4.978529253891573,0.5568974771873323
95,18.035426731078903,18.471551261406333,43.31052066559313,3.488996242619431,1.9659151905528718,9.192163177670425,4.978529253891573,0.5568974771873323
96,17.907944176060116,18.035426731078903,41.52576489533011,3.166935050993022,1.9659151905528718,11.647879763821793,4.951690821256038,0.798443370907139
97,15.217391304347826,21.16881374127751,41.36473429951691,3.0327428878153517,1.9659151905528718,11.574074074074074,4.87788513150832,0.798443370907139
98,15.01610305958132,20.679012345679013,43.203166935050994,3.0327428878153517,1.9659151905528718,11.392914653784219,3.911701556629093,0.798443370907139
99,14.2914653784219,19.826892109500804,44.75308641975309,2.898550724637681,2.38191089640365,11.258722490606548,3.81105743424584,0.7783145464304885
100,13.580246913580247,19.45115405260333,45.90713902308105,2.6838432635534084,2.5697799248523885,11.218464841653248,3.81105743424584,0.7783145464304885
101,13.801663982823403,19.45115405260333,45.78636607622115,2.6838432635534084,2.5697799248523885,11.144659151905529,3.784219001610306,0.7783145464304885
102,14.016371443907676,19.410896403650028,45.62533548040794,2.6838432635534084,2.5697799248523885,11.137949543746645,3.784219001610306,0.7716049382716049
103,14.2914653784219,19.350509930220074,45.53811057434246,2.6838432635534084,2.5429414922168547,11.124530327428879,3.69699409554482,0.7716049382716049
104,12.526838432635534,27.82474503488996,40.935319377348364,2.6838432635534084,2.5429414922168547,9.29951690821256,3.69699409554482,0.48980139559849706
105,12.587224906065487,27.77777777777778,40.92190016103059,2.6838432635534084,2.5429414922168547,9.29951690821256,3.69699409554482,0.48980139559849706
106,12.620772946859903,23.738593666129898,45.02818035426731,2.6033279656468062,2.5295222758990876,9.292807300053678,3.69699409554482,0.48980139559849706
107,12.426194310252281,23.429951690821255,42.54562533548041,2.6033279656468062,1.6975308641975309,13.714439076757918,3.0931293612453032,0.48980139559849706
108,11.594202898550725,23.087761674718198,43.78019323671498,2.475845410628019,1.6975308641975309,14.566559312936125,2.3081052066559313,0.48980139559849706
109,11.634460547504025,19.504830917874397,43.65942028985507,2.462426194310252,1.6975308641975309,14.566559312936125,5.984970477724101,0.48980139559849706
110,11.81561996779388,19.47799248523886,43.51851851851852,2.462426194310252,1.6975308641975309,14.55984970477724,5.978260869565218,0.48980139559849706
111,11.949812130971551,19.47128287707998,43.41116478797638,2.442297369833602,1.6975308641975309,14.55984970477724,5.978260869565218,0.48980139559849706
112,11.996779388083736,19.47128287707998,43.13607085346216,2.442297369833602,1.6975308641975309,14.512882447665056,5.978260869565218,0.7648953301127214
113,10.601180891035963,28.14680622651637,37.567096081588836,2.1806226516371443,1.5767579173376274,13.41250670960816,5.515297906602254,0.9997316156736447
114,10.695115405260333,28.059581320450885,37.936124530327426,2.1806226516371443,1.5767579173376274,13.056897477187333,5.515297906602254,0.9796027911969941
115,10.775630703166936,28.026033279656467,37.90257648953301,2.1806226516371443,1.5767579173376274,13.056897477187333,5.501878690284487,0.9796027911969941
116,10.889694041867955,27.938808373590984,37.875738056897475,2.1806226516371443,1.5767579173376274,13.056897477187333,5.501878690284487,0.9796027911969941
117,10.970209339774557,27.932098765432098,37.80193236714976,2.1806226516371443,1.5767579173376274,13.056897477187333,5.501878690284487,0.9796027911969941
118,11.131239935587761,27.83816425120773,37.41277509393451,2.1806226516371443,1.5767579173376274,13.425925925925926,5.4549114331723025,0.9796027911969941
119,11.460010735373054,27.710681696188942,37.23832528180354,2.1806226516371443,1.5767579173376274,13.41250670960816,5.441492216854535,0.9796027911969941
120,11.735104669887278,27.241009125067094,37.23832528180354,2.1806226516371443,2.0263016639828235,13.358829844337091,5.24020397208803,0.9796027911969941
121,8.729200214707461,40.25764895330113,27.49597423510467,1.9457863660762211,1.415727321524423,13.935856146001074,5.24020397208803,0.9796027911969941
122,9.07139023081052,39.63365539452496,27.147074610842726,1.9189479334406871,1.3553408480944713,13.982823403113258,5.911164787976382,0.9796027911969941
123,9.339774557165862,39.53972088030059,27.012882447665056,1.9189479334406871,1.3553408480944713,13.942565754159958,5.911164787976382,0.9796027911969941
124,9.675254965110037,39.51959205582394,26.80488459473967,1.8384326355340848,1.3553408480944713,13.915727321524423,5.911164787976382,0.9796027911969941
125,9.802737520128824,39.412238325281805,26.798174986580783,1.8384326355340848,1.3553408480944713,13.902308105206655,5.911164787976382,0.9796027911969941
126,9.836285560923242,39.30488459473967,26.496242619431026,1.8384326355340848,1.3553408480944713,13.875469672571121,6.3137412775093935,0.9796027911969941
127,9.997316156736447,39.18411164787977,26.234567901234566,2.26784755770263,1.4694041867954912,13.875469672571121,6.260064412238325,0.7112184648416533
128,10.198604401502953,39.10359634997316,26.234567901234566,2.26784755770263,1.4694041867954912,13.754696725711218,6.260064412238325,0.7112184648416533
129,10.352925389157273,39.02308105206656,25.979602791196996,2.26784755770263,1.6706924315619969,13.734567901234568,6.260064412238325,0.7112184648416533
130,10.406602254428341,39.01637144390767,25.93263553408481,2.26784755770263,1.6706924315619969,13.734567901234568,6.260064412238325,0.7112184648416533
131,10.520665593129362,38.92914653784219,25.93263553408481,2.26784755770263,1.6706924315619969,13.734567901234568,6.260064412238325,0.6843800322061192
132,10.628019323671497,38.63392377885131,25.925925925925927,2.26784755770263,1.9189479334406871,13.6808910359635,6.260064412238325,0.6843800322061192
133,10.88298443370907,38.57353730542136,25.811862587224905,2.26784755770263,1.9189479334406871,13.6808910359635,6.179549114331723,0.6843800322061192
134,10.876274825550189,38.39237788513151,25.670960815888353,2.26784755770263,1.9189479334406871,14.029790660225443,6.159420289855072,0.6843800322061192
135,11.3191089640365,38.33199141170156,25.670960815888353,1.9726247987117553,1.8451422436929683,14.016371443907676,6.159420289855072,0.6843800322061192
136,11.366076221148685,38.31186258722491,25.664251207729468,1.9524959742351047,1.8451422436929683,14.016371443907676,6.159420289855072,0.6843800322061192
137,11.674718196457327,38.21121846484165,25.603864734299517,1.8853998926462694,1.7646269457863661,14.016371443907676,6.159420289855072,0.6843800322061192
138,11.345947396672035,36.89613526570049,25.577026301663984,1.8853998926462694,1.5297906602254427,15.962157809983896,5.991680085882985,0.8118625872249061
139,11.520397208803006,36.81561996779388,25.509930220075148,1.8853998926462694,1.5029522275899088,15.962157809983896,5.991680085882985,0.8118625872249061
140,11.788781535158346,36.66800858829844,25.41599570585078,1.8853998926462694,1.5029522275899088,15.962157809983896,5.964841653247451,0.8118625872249061
141,11.889425657541599,34.96376811594203,25.07380568974772,3.911701556629093,1.4694041867954912,15.962157809983896,5.917874396135265,0.8118625872249061
142,12.27187332259796,34.88996242619431,24.859098228663445,3.911701556629093,1.402308105206656,15.935319377348362,5.917874396135265,0.8118625872249061
143,12.5,34.856414385399894,24.812130971551262,3.824476650563607,1.3821792807300053,15.921900161030596,5.891035963499732,0.8118625872249061
144,12.560386473429952,34.84970477724101,24.208266237251745,4.126409017713366,1.3821792807300053,16.170155662909288,5.891035963499732,0.8118625872249061
145,12.72812667740204,34.74906065485776,24.06736446591519,3.8311862587224907,1.3754696725711217,16.14331723027375,6.052066559312936,1.0534084809447128
146,12.345679012345679,34.58132045088567,24.644390767579175,3.8311862587224907,1.3754696725711217,16.11647879763822,6.052066559312936,1.0534084809447128
147,12.526838432635534,34.49409554482018,24.416264090177133,3.8311862587224907,1.3754696725711217,16.09634997316157,6.052066559312936,1.2077294685990339
148,12.70799785292539,33.97074610842727,24.194847020933977,3.8043478260869565,1.9659151905528718,16.09634997316157,6.052066559312936,1.2077294685990339
149,12.889157273215245,33.51449275362319,23.597691894793343,3.8043478260869565,2.2074610842726785,16.72705314009662,6.052066559312936,1.2077294685990339
150,12.949543746645196,32.51476113794954,23.409822866344605,3.8043478260869565,2.046430488459474,16.72705314009662,7.360440150295223,1.1876006441223832
151,12.902576489533011,32.085346215781,21.4170692431562,3.750670960815888,2.046430488459474,19.269994632313473,7.340311325818572,1.1876006441223832
152,11.869296833064949,28.589640365002683,29.54911433172303,3.6768652710681695,1.932367149758454,16.97530864197531,6.219806763285024,1.1876006441223832
153,12.191358024691358,28.401771336553946,29.47530864197531,3.6768652710681695,1.9256575415995705,16.97530864197531,6.1862587224906065,1.1674718196457328
154,12.4597423510467,28.307836822329577,29.381374127750938,3.603059581320451,1.9256575415995705,16.968599033816425,6.1862587224906065,1.1674718196457328
155,12.573805689747719,28.287707997852927,29.32769726247987,3.603059581320451,1.9189479334406871,16.948470209339774,6.172839506172839,1.1674718196457328
156,12.99651100375738,27.985775630703166,29.24718196457327,3.603059581320451,1.9189479334406871,16.908212560386474,6.172839506172839,1.1674718196457328
157,13.063607085346217,27.985775630703166,29.220343531937736,3.603059581320451,1.9189479334406871,16.867954911433173,6.172839506172839,1.1674718196457328
158,13.211218464841654,27.932098765432098,29.139828234031132,3.589640365002684,1.9189479334406871,16.867954911433173,6.172839506172839,1.1674718196457328
159,13.425925925925926,27.737520128824478,28.992216854535695,3.589640365002684,2.0799785292538915,16.834406870638755,6.172839506172839,1.1674718196457328
160,13.466183574879228,27.710681696188942,28.992216854535695,3.589640365002684,2.0799785292538915,16.834406870638755,6.159420289855072,1.1674718196457328
161,13.613794954374665,27.677133655394524,28.589640365002683,3.589640365002684,2.0799785292538915,17.143048845947398,5.9447128287707995,1.3620504562533549
162,13.741277509393452,27.677133655394524,28.529253891572733,3.556092324208266,2.0799785292538915,17.10950080515298,5.9447128287707995,1.3620504562533549
163,13.6808910359635,27.093397745571657,28.475577026301664,3.992216854535695,2.0397208803005906,16.780730005367687,6.575415995705851,1.3620504562533549
164,13.714439076757918,27.093397745571657,28.44873859366613,3.992216854535695,2.0397208803005906,16.774020397208805,6.575415995705851,1.3620504562533549
165,13.841921631776705,27.053140096618357,28.395061728395063,3.9855072463768115,2.0397208803005906,16.74718196457327,6.575415995705851,1.3620504562533549
166,13.915727321524423,26.704240472356414,28.341384863123995,3.9855072463768115,2.4020397208803006,16.720343531937736,6.568706387546968,1.3620504562533549
167,13.996242619431026,26.69753086419753,28.31454643048846,3.9720880300590444,2.4020397208803006,16.720343531937736,6.535158346752549,1.3620504562533549
168,14.190821256038648,26.596886741814277,28.23403113258186,4.549114331723027,2.38191089640365,16.25067096081589,6.4345142243692965,1.3620504562533549
169,14.331723027375201,26.482823403113258,28.16022544283414,4.703435319377348,2.38191089640365,16.14331723027375,6.4345142243692965,1.3620504562533549
170,14.694041867954912,26.35534084809447,28.073000536768653,4.703435319377348,2.38191089640365,15.995705850778315,6.4345142243692965,1.3620504562533549
171,14.868491680085883,26.25469672571122,25.946054750402578,4.609500805152979,2.3752012882447664,15.868223295759528,8.715780998389693,1.3620504562533549
172,14.553140096618357,26.187600644122384,25.254965110037574,4.575952764358561,2.3752012882447664,16.431830381105744,8.702361782071927,1.9189479334406871
173,14.371980676328503,26.113794954374665,24.94632313472893,4.542404723564144,2.3752012882447664,17.324208266237253,8.407139023081053,1.9189479334406871
174,14.143853998926463,25.89908749329039,28.166935050993022,4.51556629092861,2.3752012882447664,15.22410091250671,7.816693505099302,1.8585614600107354
175,14.42565754159957,25.85882984433709,27.979066022544284,4.51556629092861,2.3752012882447664,15.170424047235642,7.816693505099302,1.8585614600107354
176,14.620236178207193,25.785024154589372,27.89855072463768,4.51556629092861,2.3752012882447664,15.13016639828234,7.816693505099302,1.8585614600107354
177,14.774557165861514,25.677670424047236,27.89855072463768,4.51556629092861,2.328234031132582,15.13016639828234,7.816693505099302,1.8585614600107354
178,14.861782071927,25.617283950617285,27.750939345142243,4.51556629092861,2.328234031132582,15.123456790123457,7.816693505099302,1.9860440150295222
179,14.002952227589908,25.617283950617285,24.89935587761675,4.119699409554482,2.328234031132582,19.712828770799785,7.5281803542673105,1.7914653784219001
180,12.889157273215245,22.899892646269457,29.468599033816425,4.146537842190016,2.328234031132582,19.00161030595813,7.501341921631776,1.7646269457863661
181,13.16425120772947,22.785829307568438,29.428341384863124,4.1129898013955986,2.254428341384863,18.988191089640367,7.501341921631776,1.7646269457863661
182,13.278314546430488,22.785829307568438,29.374664519592056,4.0995705850778315,2.2410091250670963,18.95464304884595,7.501341921631776,1.7646269457863661
183,13.298443370907139,22.77241009125067,29.374664519592056,4.092860976918948,2.2410091250670963,18.95464304884595,7.501341921631776,1.7646269457863661
184,13.378958668813741,22.77241009125067,29.320987654320987,4.461889425657541,2.2410091250670963,18.55877616747182,7.501341921631776,1.7646269457863661
185,13.419216317767042,22.73886205045625,29.320987654320987,4.461889425657541,2.2410091250670963,18.552066559312937,7.501341921631776,1.7646269457863661
186,13.560118089103597,22.69189479334407,29.320987654320987,4.461889425657541,2.2410091250670963,18.45813204508857,7.501341921631776,1.7646269457863661
187,13.66076221148685,22.517444981213096,29.320987654320987,4.461889425657541,2.3550724637681157,18.438003220611915,7.481213097155126,1.7646269457863661
188,14.15727321524423,22.497316156736446,28.891572732152444,4.461889425657541,2.341653247450349,18.4044551798175,7.481213097155126,1.7646269457863661
189,14.2914653784219,22.463768115942027,28.891572732152444,4.461889425657541,2.341653247450349,18.377616747181964,7.407407407407407,1.7646269457863661
190,14.962426194310252,22.269189479334408,28.63660762211487,4.435050993022007,2.341653247450349,18.183038110574344,7.407407407407407,1.7646269457863661
191,15.150295222758992,22.24235104669887,28.26086956521739,4.435050993022007,2.576489533011272,18.16290928609769,7.407407407407407,1.7646269457863661
192,15.271068169618895,22.22222222222222,28.207192699946322,4.435050993022007,2.5697799248523885,18.136070853462158,7.39398819108964,1.7646269457863661
193,15.45222758990875,22.22222222222222,28.207192699946322,4.435050993022007,2.5697799248523885,18.015297906602253,7.333601717659689,1.7646269457863661
194,15.626677402039721,22.208803005904453,28.193773483628558,4.435050993022007,2.536231884057971,17.901234567901234,7.333601717659689,1.7646269457863661
195,15.72061191626409,22.16183574879227,28.166935050993022,4.435050993022007,2.536231884057971,17.881105743424584,7.333601717659689,1.7646269457863661
196,16.67337627482555,21.732420826623724,27.730810520665592,4.367954911433173,2.314814814814815,17.58588298443371,7.239667203435319,2.3550724637681157
197,16.720343531937736,21.108427267847556,27.549651100375737,4.367954911433173,3.166935050993022,17.518786902844873,7.212828770799785,2.3550724637681157
198,16.968599033816425,21.081588835212024,27.428878153515836,4.3545356951154055,3.166935050993022,17.431561996779386,7.212828770799785,2.3550724637681157
199,17.20343531937735,20.29656468062265,26.778046162104133,4.334406870638754,4.555823939881911,17.337627482555018,7.212828770799785,2.281266774020397
200,17.431561996779386,20.29656468062265,26.717659688674182,4.334406870638754,4.542404723564144,17.21014492753623,7.212828770799785,2.254428341384863
201,17.69994632313473,20.21604938271605,26.617015566290927,4.280730005367687,4.542404723564144,17.19001610305958,7.212828770799785,2.2410091250670963
202,17.773752012882447,19.82018250134192,26.617015566290927,4.260601180891036,4.931561996779388,17.143048845947398,7.212828770799785,2.2410091250670963
203,17.975040257648953,19.746376811594203,26.617015566290927,4.260601180891036,4.830917874396135,17.11621041331186,7.212828770799785,2.2410091250670963
204,18.17632850241546,19.73966720343532,26.52308105206656,4.260601180891036,4.830917874396135,17.01556629092861,7.212828770799785,2.2410091250670963
205,18.471551261406333,19.699409554482017,26.140633387010197,4.247181964573269,4.830917874396135,16.982018250134193,7.092055823939882,2.536231884057971
206,18.699677938808374,19.652442297369834,26.06682769726248,4.2203435319377345,4.830917874396135,16.901502952227588,7.092055823939882,2.536231884057971
207,18.78690284487386,19.6256038647343,26.03327965646806,4.2203435319377345,4.830917874396135,16.901502952227588,7.065217391304348,2.536231884057971
208,18.907675791733762,19.592055823939884,26.019860440150296,4.2203435319377345,4.830917874396135,16.861245303274288,7.03166935050993,2.536231884057971
209,19.155931293612454,19.592055823939884,25.925925925925927,4.213633923778851,4.824208266237251,16.854535695115406,6.89747718733226,2.536231884057971
210,19.276704240472355,19.51154052603328,25.925925925925927,4.213633923778851,4.810789049919484,16.854535695115406,6.870638754696726,2.536231884057971
211,19.545088566827697,19.236446591519055,25.89908749329039,4.394793344068707,4.797369833601718,16.854535695115406,6.843800322061192,2.428878153515835
212,20.021470746108427,19.236446591519055,25.503220611916262,4.394793344068707,4.797369833601718,16.80756843800322,6.810252281266774,2.428878153515835
213,20.363660762211488,19.142512077294686,25.369028448738593,4.361245303274289,4.797369833601718,16.75389157273215,6.78341384863124,2.428878153515835
214,20.531400966183575,19.11567364465915,25.328770799785293,4.193505099302201,4.958400429414922,16.659957058507782,6.78341384863124,2.428878153515835
215,20.618625872249062,18.686258722490606,25.328770799785293,4.166666666666667,4.804079441760601,16.659957058507782,7.333601717659689,2.4020397208803006
216,21.095008051529792,18.63929146537842,25.194578636607623,4.166666666666667,4.804079441760601,16.59286097691895,7.105475040257649,2.4020397208803006
217,21.135265700483092,18.632581857219538,25.194578636607623,4.166666666666667,4.804079441760601,16.55931293612453,7.105475040257649,2.4020397208803006
218,21.28287707997853,18.511808910359633,25.167740203972087,4.166666666666667,4.804079441760601,16.55931293612453,7.105475040257649,2.4020397208803006
219,21.517713365539453,18.303811057434245,25.15432098765432,4.166666666666667,4.804079441760601,16.55931293612453,7.105475040257649,2.3886205045625335
220,21.66532474503489,17.901234567901234,25.147611379495437,4.05931293612453,4.74369296833065,16.552603327965645,7.541599570585078,2.3886205045625335
221,21.980676328502415,17.8743961352657,25.127482555018787,3.9989264626945786,4.64975845410628,16.438539989264626,7.541599570585078,2.3886205045625335
222,21.960547504025765,17.76033279656468,25.067096081588836,4.455179817498658,4.414922168545357,16.398282340311326,7.555018786902845,2.3886205045625335
223,22.168545356951153,17.726784755770264,25.05367686527107,4.42163177670424,4.414922168545357,16.364734299516908,7.501341921631776,2.3483628556092326
224,22.302737520128826,17.726784755770264,24.986580783682232,4.42163177670424,4.414922168545357,16.31105743424584,7.48792270531401,2.3483628556092326
225,22.832796564680624,17.518786902844873,24.912775093934513,4.42163177670424,4.274020397208803,16.27079978529254,7.4208266237251745,2.3483628556092326
226,23.11460010735373,17.518786902844873,24.738325281803544,4.3545356951154055,4.260601180891036,16.243961352657006,7.4208266237251745,2.3483628556092326
227,23.262211486849168,17.424852388620504,24.738325281803544,4.3545356951154055,4.253891572732153,16.210413311862588,7.4208266237251745,2.3349436392914655
228,23.282340311325818,17.424852388620504,24.738325281803544,4.3545356951154055,4.253891572732153,16.190284487385938,7.4208266237251745,2.3349436392914655
229,23.443370907139023,17.297369833601717,24.738325281803544,4.3545356951154055,4.253891572732153,16.190284487385938,7.387278582930757,2.3349436392914655
230,23.62453032742888,17.297369833601717,24.731615673644658,4.3478260869565215,4.253891572732153,16.035963499731615,7.37385936661299,2.3349436392914655
231,23.845947396672035,17.297369833601717,24.570585077831456,4.320987654320987,4.233762748255502,16.035963499731615,7.367149758454106,2.328234031132582
232,23.43666129898014,15.935319377348362,24.476650563607084,4.320987654320987,3.9989264626945786,18.136070853462158,7.367149758454106,2.328234031132582
233,23.65136876006441,15.935319377348362,24.4699409554482,4.274020397208803,3.9989264626945786,17.975040257648953,7.367149758454106,2.328234031132582
234,21.088298443370906,12.513419216317766,35.07112184648417,2.8918411164787976,2.475845410628019,16.982018250134193,6.4345142243692965,2.5429414922168547
235,21.20907139023081,12.513419216317766,34.977187332259795,2.8918411164787976,2.475845410628019,16.955179817498657,6.4345142243692965,2.5429414922168547
236,21.511003757380568,12.379227053140097,34.84299516908212,2.8918411164787976,2.475845410628019,16.935050993022006,6.4345142243692965,2.5295222758990876
237,21.604938271604937,12.359098228663447,34.78260869565217,2.8918411164787976,2.475845410628019,16.921631776704242,6.4345142243692965,2.5295222758990876
238,21.67874396135266,12.157809983896941,34.655126140633385,2.8918411164787976,2.281266774020397,17.431561996779386,6.374127750939345,2.5295222758990876
239,21.76596886741814,12.157809983896941,34.6081588835212,2.8784219001610305,2.281266774020397,17.431561996779386,6.347289318303811,2.5295222758990876
240,21.926999463231347,12.144390767579173,34.54106280193237,2.8784219001610305,2.281266774020397,17.431561996779386,6.266774020397209,2.5295222758990876
241,21.24932903918411,11.943102522812667,31.97128287707998,2.5831991411701556,2.281266774020397,21.175523349436393,6.266774020397209,2.5295222758990876
242,21.349973161567366,11.922973698336017,31.944444444444443,2.5831991411701556,2.281266774020397,21.162104133118625,6.226516371443908,2.5295222758990876
243,21.26945786366076,11.889425657541599,33.20585077831455,2.2745571658615136,2.281266774020397,20.363660762211488,6.226516371443908,2.4892646269457863
244,21.034621578099838,11.419753086419753,32.33360171765969,2.2745571658615136,2.24771873322598,22.22222222222222,6.025228126677402,2.442297369833602
245,21.24932903918411,11.419753086419753,32.139023081052066,2.2745571658615136,2.227589908749329,22.22222222222222,6.025228126677402,2.442297369833602
246,21.4170692431562,11.419753086419753,32.06521739130435,2.2745571658615136,2.227589908749329,22.128287707997853,6.025228126677402,2.442297369833602
247,21.544551798174986,11.332528180354267,31.642512077294686,2.2745571658615136,2.7979066022544283,21.960547504025765,6.005099302200751,2.442297369833602
248,21.70558239398819,11.312399355877616,31.528448738593667,2.2745571658615136,2.7979066022544283,21.93370907139023,6.005099302200751,2.442297369833602
249,22.000805152979066,11.292270531400966,31.45464304884595,2.2745571658615136,2.771068169618894,21.77938808373591,5.984970477724101,2.442297369833602
250,22.094739667203434,11.2788513150832,31.427804616210413,2.2745571658615136,2.771068169618894,21.752549651100377,5.984970477724101,2.4154589371980677
251,22.31615673644659,11.2788513150832,31.280193236714975,2.214170692431562,2.771068169618894,21.73913043478261,5.984970477724101,2.4154589371980677
252,22.38996242619431,11.245303274288782,31.273483628556093,2.214170692431562,2.771068169618894,21.70558239398819,5.984970477724101,2.4154589371980677
253,22.604669887278583,11.245303274288782,31.233225979602793,2.2074610842726785,2.737520128824477,21.591519055287172,5.964841653247451,2.4154589371980677
254,22.906602254428343,11.137949543746645,31.112453032742888,2.2074610842726785,2.737520128824477,21.557971014492754,5.924584004294149,2.4154589371980677
255,22.913311862587225,11.137949543746645,31.105743424584006,2.2074610842726785,2.737520128824477,21.557971014492754,5.924584004294149,2.4154589371980677
256,23.1280193236715,11.137949543746645,30.9447128287708,2.1940418679549114,2.737520128824477,21.517713365539453,5.924584004294149,2.4154589371980677
257,23.275630703166936,11.137949543746645,30.810520665593128,2.1940418679549114,2.737520128824477,21.504294149221685,5.924584004294149,2.4154589371980677
258,23.376274825550187,11.064143853998926,30.783682232957595,2.1940418679549114,2.737520128824477,21.504294149221685,5.924584004294149,2.4154589371980677
259,23.845947396672035,11.017176596886742,30.73671497584541,2.1940418679549114,2.737520128824477,21.128556092324207,5.924584004294149,2.4154589371980677
260,23.778851315083198,10.997047772410092,30.293880837359097,2.771068169618894,2.9388083735909825,21.095008051529792,5.917874396135265,2.2074610842726785
261,24.00697799248524,10.997047772410092,30.193236714975846,2.7442297369833604,2.918679549114332,21.041331186258724,5.891035963499732,2.2074610842726785
262,24.248523886205046,10.849436392914654,30.152979066022546,2.7442297369833604,2.898550724637681,21.041331186258724,5.857487922705314,2.2074610842726785
263,24.402844873859365,10.849436392914654,30.038915727321523,2.7241009125067097,2.898550724637681,21.021202361782073,5.857487922705314,2.2074610842726785
264,24.644390767579175,10.789049919484702,29.965110037573805,2.7241009125067097,2.898550724637681,20.913848631239937,5.857487922705314,2.2074610842726785
265,24.691358024691358,10.789049919484702,29.857756307031668,2.7241009125067097,2.898550724637681,20.840042941492218,5.991680085882985,2.2074610842726785
266,24.745034889962426,10.762211486849168,29.857756307031668,2.7241009125067097,2.898550724637681,20.813204508856682,5.991680085882985,2.2074610842726785
267,24.84567901234568,10.715244229736983,29.582662372517444,2.7241009125067097,3.1602254428341383,20.78636607622115,5.978260869565218,2.2074610842726785
268,25.0,10.674986580783683,29.99194847020934,2.24771873322598,3.1602254428341383,20.551529790660226,5.958132045088567,2.4154589371980677
269,24.93961352657005,10.674986580783683,29.723564143854,2.61003757380569,3.1602254428341383,20.517981749865807,5.958132045088567,2.4154589371980677
270,24.97987117552335,10.674986580783683,29.71014492753623,2.61003757380569,3.1602254428341383,20.491143317230275,5.958132045088567,2.4154589371980677
271,25.067096081588836,10.674986580783683,29.696725711218466,2.6033279656468062,3.140096618357488,20.471014492753625,5.958132045088567,2.3886205045625335
272,25.167740203972087,10.648148148148149,29.683306494900698,2.6033279656468062,3.140096618357488,20.41062801932367,5.958132045088567,2.3886205045625335
273,25.275093934514224,10.621309715512615,29.643048845947398,2.6033279656468062,3.7573805689747717,19.867149758454108,5.864197530864198,2.368491680085883
274,25.49651100375738,10.621309715512615,29.51556629092861,2.5831991411701556,3.7573805689747717,19.79334406870639,5.864197530864198,2.368491680085883
275,25.83870101986044,10.567632850241546,29.388083735909824,2.5831991411701556,3.750670960815888,19.652442297369834,5.864197530864198,2.3550724637681157
276,26.31508319914117,10.567632850241546,29.260601180891037,2.4221685453569513,3.6366076221148687,19.612184648416534,5.83064949006978,2.3550724637681157
277,26.536500268384327,10.547504025764896,29.20692431561997,2.4221685453569513,3.5963499731615673,19.316961889425656,6.018518518518518,2.3550724637681157
278,26.979334406870638,10.46027911969941,29.025764895330113,2.4221685453569513,3.5963499731615673,19.142512077294686,6.018518518518518,2.3550724637681157
279,27.334943639291467,10.46027911969941,28.797638217928075,2.328234031132582,3.569511540526033,19.142512077294686,6.011808910359635,2.3550724637681157
280,27.542941492216855,10.453569511540525,28.663446054750402,2.328234031132582,3.569511540526033,19.082125603864736,6.011808910359635,2.3483628556092326
281,27.74422973698336,10.433440687063875,28.56280193236715,2.328234031132582,3.569511540526033,19.02173913043478,5.991680085882985,2.3483628556092326
282,27.771068169618893,10.426731078904991,28.5426731078905,2.328234031132582,3.569511540526033,19.02173913043478,5.991680085882985,2.3483628556092326
283,27.851583467525497,10.406602254428341,28.14009661835749,2.328234031132582,4.045893719806763,18.887546967257112,5.991680085882985,2.3483628556092326
284,27.938808373590984,10.406602254428341,28.08641975308642,2.328234031132582,4.045893719806763,18.853998926462694,5.991680085882985,2.3483628556092326
285,28.193773483628558,10.373054213633925,27.831454643048847,2.328234031132582,3.9989264626945786,19.0150295222759,5.911164787976382,2.3483628556092326
286,28.33467525496511,10.339506172839506,27.74422973698336,2.328234031132582,3.9989264626945786,18.99490069779925,5.911164787976382,2.3483628556092326
287,28.23403113258186,10.339506172839506,29.012345679012345,2.328234031132582,3.2541599570585076,18.57890499194847,5.904455179817498,2.3483628556092326
