,45,50,53,55,54,51,52,58,57,59,56,60,61
0,55.58910359634997,43.23000536768653,1.1808910359634996,,,,,,,,,,
1,54.78395061728395,44.03515834675255,1.1808910359634996,,,,,,,,,,
2,54.6833064949007,41.41170155662909,1.1674718196457328,2.737520128824477,,,,,,,,,
3,50.08722490606549,41.1231884057971,1.1674718196457328,2.442297369833602,5.179817498658078,,,,,,,,
4,38.909017713365536,48.65807836822329,1.1674718196457328,2.442297369833602,5.179817498658078,3.643317230273752,,,,,,,
5,38.52657004830918,48.72517444981213,1.482823403113258,2.442297369833602,5.179817498658078,3.643317230273752,,,,,,,
6,36.37949543746645,51.57675791733763,0.6843800322061192,2.5831991411701556,5.139559849704777,3.6366076221148687,,,,,,,
7,33.742619431025226,51.53650026838432,0.6843800322061192,2.5496511003757383,5.119431025228127,3.6366076221148687,2.7308105206655933,,,,,,
8,28.864734299516908,47.79253891572732,5.891035963499732,1.932367149758454,4.736983360171766,6.91760601180891,3.81105743424584,0.05367686527106817,,,,,
9,26.86527106816962,46.02791196994095,5.233494363929147,2.7777777777777777,4.810789049919484,10.446859903381643,3.784219001610306,0.05367686527106817,,,,,
10,25.36231884057971,45.94739667203435,5.22007514761138,2.7777777777777777,4.750402576489533,8.923778851315083,6.964573268921095,0.05367686527106817,,,,,
11,16.867954911433173,57.26650563607085,7.521470746108427,1.9390767579173376,4.240472356414386,5.481749865807837,6.629092860976919,0.05367686527106817,,,,,
12,16.25067096081589,54.96511003757381,7.474503488996243,1.9189479334406871,6.474771873322598,6.239935587761675,6.622383252818035,0.05367686527106817,,,,,
13,16.5727321524423,54.59608158883521,7.4208266237251745,2.100107353730542,6.421095008051529,6.239935587761675,6.595544820182502,0.05367686527106817,,,,,
14,16.780730005367687,53.10654857756307,7.37385936661299,2.100107353730542,6.421095008051529,7.608695652173913,6.568706387546968,0.040257648953301126,,,,,
15,14.78797638217928,25.87224906065486,7.353730542136339,2.737520128824477,4.334406870638754,38.6406333870102,6.233225979602791,0.040257648953301126,,,,,
16,15.291196994095545,25.751476113794954,7.273215244229737,2.623456790123457,4.334406870638754,38.466183574879224,6.219806763285024,0.040257648953301126,,,,,
17,15.183843263553408,23.34272678475577,8.299785292538916,2.589908749329039,8.232689210950081,35.45356951154053,6.615673644659152,0.040257648953301126,0.1610305958132045,0.08051529790660225,,,
18,15.365002683843263,23.389694041867955,8.28636607622115,2.589908749329039,8.219269994632313,35.225442834138484,6.602254428341385,0.040257648953301126,0.1610305958132045,0.08051529790660225,0.040257648953301126,,
19,15.868223295759528,23.201825013419217,8.165593129361245,2.831454643048846,8.192431561996779,34.68196457326892,6.602254428341385,0.17444981213097155,0.1610305958132045,0.08051529790660225,0.040257648953301126,,
20,16.049382716049383,22.953569511540525,8.07836822329576,8.816425120772946,7.7361782071927,28.093129361245303,6.602254428341385,0.17444981213097155,0.1610305958132045,0.1610305958132045,1.1741814278046163,,
21,14.096886741814279,25.288513150831992,7.971014492753623,8.863392377885132,7.695920558239399,27.911969940955448,6.508319914117015,0.17444981213097155,0.15432098765432098,0.1610305958132045,1.1741814278046163,,
22,14.358561460010735,24.335748792270532,7.930756843800322,8.776167471819646,8.695652173913043,27.77777777777778,6.494900697799249,0.17444981213097155,0.15432098765432098,0.1610305958132045,1.1406333870101986,,
23,14.734299516908212,23.315888352120236,10.245571658615138,8.729200214707461,8.61513687600644,27.395330112721417,5.3341384863123995,0.17444981213097155,0.15432098765432098,0.1610305958132045,1.1406333870101986,,
24,15.076489533011273,23.275630703166936,10.218733225979603,8.729200214707461,8.568169618894256,27.180622651637144,5.3341384863123995,0.17444981213097155,0.15432098765432098,0.1610305958132045,1.1272141706924315,,
25,14.358561460010735,18.99490069779925,16.78743961352657,7.360440150295223,8.447396672034353,27.093397745571657,5.320719269994632,0.14090177133655393,0.15432098765432098,0.2147074610842727,1.1272141706924315,,
26,14.40552871712292,17.941492216854535,16.740472356414386,7.333601717659689,8.433977455716587,28.20048309178744,5.307300053676865,0.14090177133655393,0.15432098765432098,0.2147074610842727,1.1272141706924315,,
27,14.687332259796028,17.800590445517983,14.593397745571659,8.668813741277509,10.426731078904991,26.88539989264627,5.300590445517981,0.14090177133655393,0.15432098765432098,0.2147074610842727,1.1272141706924315,,
28,14.418947933440688,16.774020397208805,11.936392914653783,8.440687063875469,9.554482018250134,26.744498121309714,10.829307568438002,0.040257648953301126,,0.13419216317767044,1.1272141706924315,,
29,14.479334406870638,16.015834675254965,11.500268384326356,8.447396672034353,8.635265700483092,25.999731615673646,13.311862587224907,0.040257648953301126,,0.08051529790660225,1.4895330112721417,,
30,14.727589908749328,14.861782071927,10.983628556092324,8.420558239398819,11.90955448201825,24.288781535158346,13.103864734299517,0.040257648953301126,,0.08051529790660225,1.583467525496511,,
31,15.177133655394526,14.76784755770263,10.95679012345679,8.447396672034353,11.782071926999464,24.168008588298445,12.99651100375738,0.040257648953301126,,0.08051529790660225,1.583467525496511,,
32,15.499194847020934,14.53972088030059,11.225174449812132,8.36688137412775,11.714975845410628,24.00697799248524,12.962962962962964,0.040257648953301126,,0.08051529790660225,1.5633387010198605,,
33,15.009393451422437,12.265163714439076,6.146001073537305,8.648684916800859,10.138217928073,23.872785829307567,22.376543209876544,0.040257648953301126,,0.08051529790660225,1.4224369296833066,,
34,15.438808373590982,12.198067632850242,6.132581857219538,8.581588835212024,10.124798711755233,23.691626409017715,22.289318303811058,0.040257648953301126,,0.08051529790660225,1.4224369296833066,,
35,15.92860976918948,12.124261943102523,6.092324208266238,8.487654320987655,10.044283413848632,23.577563070316693,22.20209339774557,0.040257648953301126,,0.08051529790660225,1.4224369296833066,,
36,15.076489533011273,10.426731078904991,5.347557702630167,9.742351046698873,6.756575415995706,21.926999463231347,29.1532474503489,0.040257648953301126,,0.11406333870101985,1.415727321524423,,
37,15.157004830917874,10.373054213633925,7.977724100912507,8.588298443370908,6.595544820182502,20.813204508856682,28.804347826086957,0.040257648953301126,0.12077294685990338,0.11406333870101985,1.415727321524423,,
38,14.928878153515834,10.976918947933441,7.856951154052603,8.561460010735374,6.595544820182502,20.719269994632313,28.723832528180353,0.040257648953301126,0.12077294685990338,0.11406333870101985,1.3620504562533549,,
39,15.197262479871176,10.225442834138486,7.796564680622652,8.548040794417606,7.709339774557166,20.571658615136876,28.31454643048846,0.040257648953301126,0.12077294685990338,0.11406333870101985,1.3620504562533549,,
40,15.666935050993022,10.111379495437467,7.62211486849168,9.25925925925926,7.648953301127214,20.417337627482556,27.871712292002147,0.040257648953301126,0.12077294685990338,0.11406333870101985,1.1272141706924315,,
41,16.109769189479334,10.071121846484166,7.608695652173913,9.198872785829307,7.628824476650563,20.115405260332796,27.079978529253893,0.040257648953301126,0.2214170692431562,0.11406333870101985,1.8115942028985508,,
42,16.324476650563607,9.970477724100913,7.541599570585078,9.05126140633387,7.628824476650563,19.87385936661299,27.01959205582394,0.040257648953301126,0.5367686527106817,0.11406333870101985,1.8115942028985508,0.08722490606548577,
43,16.458668813741276,9.789318303811058,8.319914117015566,8.467525496511003,7.803274288781535,19.659151905528716,26.92565754159957,0.040257648953301126,0.5233494363929146,0.11406333870101985,1.8115942028985508,0.08722490606548577,
44,16.774020397208805,9.695383789586689,8.293075684380032,8.433977455716587,7.803274288781535,19.6256038647343,26.798174986580783,0.040257648953301126,0.5233494363929146,0.11406333870101985,1.8115942028985508,0.08722490606548577,
45,16.163446054750402,9.426999463231347,8.239398819108963,8.400429414922169,7.608695652173913,21.87332259796028,25.72463768115942,0.040257648953301126,0.5233494363929146,0.11406333870101985,1.7981749865807837,0.08722490606548577,
46,16.478797638217927,9.386741814278047,7.6623725174449815,7.266505636070853,7.367149758454106,24.496779388083738,24.88593666129898,0.040257648953301126,0.5233494363929146,0.11406333870101985,1.6908212560386473,0.08722490606548577,
47,16.23725174449812,8.152173913043478,6.8035426731078905,7.219538378958669,7.132313472893183,27.214170692431562,24.731615673644658,0.040257648953301126,0.5904455179817498,0.10064412238325282,1.6908212560386473,0.08722490606548577,
48,16.70692431561997,7.96430488459474,6.608964036500268,7.192699946323135,7.125603864734299,26.959205582393988,24.46323134728932,0.040257648953301126,0.5166398282340311,0.10064412238325282,2.2342995169082127,0.08722490606548577,
49,16.841116478797638,7.883789586688137,6.588835212023618,7.722758990874933,7.098765432098766,26.462694578636608,23.329307568438004,0.020128824476650563,1.6304347826086956,0.10064412238325282,2.2342995169082127,0.08722490606548577,
50,17.23027375201288,7.85024154589372,6.535158346752549,7.64224369296833,7.078636607622115,26.38888888888889,23.21524422973698,0.020128824476650563,1.6304347826086956,0.10064412238325282,2.2208803005904456,0.08722490606548577,
51,16.888083735909824,7.7361782071927,6.515029522275899,7.628824476650563,7.024959742351046,27.32823403113258,22.839506172839506,0.020128824476650563,1.6304347826086956,0.10064412238325282,2.200751476113795,0.08722490606548577,
52,17.136339237788512,7.7361782071927,6.494900697799249,7.601986044015029,7.024959742351046,27.241009125067094,22.758990874932906,0.020128824476650563,1.6304347826086956,0.10064412238325282,2.167203435319377,0.08722490606548577,
53,17.418142780461622,7.581857219538379,6.4412238325281805,7.50805152979066,6.937734836285561,26.113794954374665,24.040526033279658,0.020128824476650563,1.583467525496511,0.10064412238325282,2.167203435319377,0.08722490606548577,
54,17.424852388620504,7.5281803542673105,6.816961889425658,8.735909822866345,6.662640901771336,25.45625335480408,23.805689747718734,0.020128824476650563,1.4761137949543746,0.05367686527106817,1.932367149758454,0.08722490606548577,
55,17.693236714975846,7.474503488996243,7.118894256575416,8.729200214707461,6.541867954911433,25.02012882447665,23.718464841653248,0.020128824476650563,1.6237251744498122,0.05367686527106817,1.9189479334406871,0.08722490606548577,
56,17.881105743424584,7.427536231884058,7.078636607622115,8.662104133118627,6.541867954911433,24.966451959205582,23.68491680085883,0.020128824476650563,1.6103059581320451,0.05367686527106817,1.9860440150295222,0.08722490606548577,
57,17.881105743424584,7.313472893183038,11.90955448201825,7.6556629092860975,6.213097155126141,24.496779388083738,20.8870101986044,0.020128824476650563,1.6103059581320451,0.05367686527106817,1.9592055823939882,,
58,18.189747718733226,7.286634460547504,11.842458400429415,7.608695652173913,6.213097155126141,24.36929683306495,20.860171765968868,0.020128824476650563,1.596886741814278,0.05367686527106817,1.9592055823939882,,
59,18.391035963499732,7.219538378958669,11.79549114331723,7.481213097155126,6.756575415995706,24.194847020933977,20.779656468062264,0.020128824476650563,1.5901771336553945,0.05367686527106817,1.7176596886741815,,
60,18.552066559312937,7.179280730005368,11.79549114331723,7.2933440687063875,6.743156199677939,24.053945249597422,20.69243156199678,0.020128824476650563,1.5901771336553945,0.05367686527106817,2.0263016639828235,,
61,18.06897477187332,7.1658615136876005,8.480944712828771,8.59500805152979,6.702898550724638,28.267579173376276,19.32367149758454,0.020128824476650563,1.0735373054213635,0.05367686527106817,2.24771873322598,,
62,15.318035426731079,4.911433172302737,7.360440150295223,7.897208803005904,3.227321524422974,29.528985507246375,28.535963499731615,0.020128824476650563,1.0466988727858293,,2.15378421900161,,
63,15.257648953301127,4.804079441760601,7.018250134192163,9.01100375738057,2.945517981749866,29.28743961352657,28.468867418142782,0.020128824476650563,1.0332796564680622,,2.15378421900161,,
64,15.45222758990875,4.790660225442834,6.582125603864735,8.957326892109501,2.6033279656468062,28.670155662909288,29.777241009125067,0.0067096081588835215,1.0332796564680622,,2.1269457863660763,,
65,16.002415458937197,4.783950617283951,6.447933440687064,8.84326355340848,2.6033279656468062,28.535963499731615,29.636339237788512,0.0067096081588835215,1.0332796564680622,,2.1068169618894257,,
66,16.431830381105744,4.777241009125067,6.400966183574879,8.829844337090714,2.6033279656468062,28.395061728395063,29.435050993022006,0.0067096081588835215,1.0332796564680622,,2.086688137412775,,
67,16.720343531937736,4.750402576489533,6.400966183574879,8.641975308641975,2.757648953301127,28.267579173376276,29.334406870638755,0.0067096081588835215,1.0332796564680622,,2.086688137412775,,
68,17.08937198067633,4.750402576489533,6.400966183574879,8.641975308641975,2.757648953301127,28.059581320450885,29.200214707461082,0.0067096081588835215,1.0332796564680622,,2.059849704777241,,
69,17.404723564143854,4.7168545356951155,6.353998926462695,9.104938271604938,2.757648953301127,27.469135802469136,29.09286097691895,0.0067096081588835215,1.0332796564680622,,2.059849704777241,,
70,17.10950080515298,4.696725711218465,6.206387546967257,8.487654320987655,5.152979066022544,26.778046162104133,28.589640365002683,0.0067096081588835215,0.8856682769726248,,2.086688137412775,,
71,15.096618357487923,4.240472356414386,5.9447128287707995,7.5281803542673105,3.1065485775630703,46.772678475577024,15.150295222758992,0.0067096081588835215,0.8789586688137413,,1.2748255501878691,,
72,15.190552871712292,4.240472356414386,5.891035963499732,8.548040794417606,5.495169082125604,43.384326355340846,15.08990874932904,0.0067096081588835215,0.8789586688137413,,1.2748255501878691,,
73,15.526033279656469,4.240472356414386,5.870907139023081,8.78287707997853,5.4549114331723025,42.98845947396672,14.97584541062802,0.0067096081588835215,0.8789586688137413,,1.2748255501878691,,
74,14.687332259796028,4.133118625872249,5.662909286097692,8.78287707997853,5.434782608695652,41.98201825013419,17.163177670424048,0.0067096081588835215,0.8789586688137413,,1.2681159420289856,,
75,15.123456790123457,4.1129898013955986,5.589103596349974,9.614868491680086,5.407944176060118,40.365002683843265,17.06924315619968,0.0067096081588835215,0.8521202361782072,,1.8585614600107354,,
76,15.546162104133119,4.079441760601181,5.589103596349974,10.225442834138486,5.495169082125604,39.88862050456253,16.358024691358025,0.0067096081588835215,0.9863123993558777,,1.8250134192163177,,
77,15.962157809983896,4.079441760601181,5.589103596349974,10.138217928073,5.4616210413311865,39.64036500268384,16.223832528180353,0.0067096081588835215,0.9863123993558777,,1.9122383252818036,,
78,16.163446054750402,4.05931293612453,5.58239398819109,10.943370907139023,5.4616210413311865,39.418947933440684,15.526033279656469,0.0067096081588835215,0.9259259259259259,,1.9122383252818036,,
79,15.546162104133119,3.851315083199141,5.548845947396672,10.802469135802468,5.4616210413311865,41.19028448738594,14.754428341384862,0.0067096081588835215,0.9259259259259259,,1.9122383252818036,,
80,15.96886741814278,3.7573805689747717,5.448201825013419,10.86285560923242,5.441492216854535,40.96886741814278,14.707461084272678,0.0067096081588835215,0.9259259259259259,,1.9122383252818036,,
81,16.129898013955984,3.7573805689747717,5.421363392377885,10.420021470746109,8.521202361782072,37.82877079978529,14.741009125067096,0.0067096081588835215,1.1137949543746646,,2.059849704777241,,
82,15.465646806226516,3.7573805689747717,5.387815351583468,10.124798711755233,5.958132045088567,27.851583467525497,28.904991948470208,0.0067096081588835215,1.1137949543746646,,1.42914653784219,,
83,15.794417606011809,3.7573805689747717,5.407944176060118,10.071121846484166,5.9514224369296835,27.68384326355341,28.784219001610307,0.0067096081588835215,1.1137949543746646,,1.42914653784219,,
84,15.94873859366613,3.7573805689747717,7.185990338164252,9.997316156736447,5.22007514761138,27.563070316693505,27.85829307568438,0.0067096081588835215,1.0534084809447128,,1.4090177133655395,,
85,16.284219001610307,3.743961352657005,7.085346215780999,9.997316156736447,5.22007514761138,27.47584541062802,27.730810520665592,0.0067096081588835215,1.0466988727858293,,1.4090177133655395,,
86,16.814278046162105,3.717122920021471,7.018250134192163,9.923510466988727,5.166398282340311,27.294685990338163,27.603327965646805,0.0067096081588835215,1.0466988727858293,,1.4090177133655395,,
87,16.982018250134193,3.784219001610306,7.018250134192163,9.708803005904455,5.12614063338701,27.26784755770263,27.49597423510467,0.0067096081588835215,1.0466988727858293,,1.5633387010198605,,
88,17.236983360171767,3.784219001610306,7.004830917874396,9.675254965110037,5.12614063338701,27.026301663982824,27.529522275899087,0.0067096081588835215,1.0466988727858293,,1.5633387010198605,,
89,17.20343531937735,3.770799785292539,6.890767579173376,10.829307568438002,5.112721417069243,26.321792807300053,27.30139559849705,0.0067096081588835215,1.0466988727858293,,1.5163714439076759,,
90,16.948470209339774,3.7037037037037037,6.790123456790123,10.802469135802468,4.8376274825550185,25.140901771336555,29.455179817498657,0.0067096081588835215,1.0265700483091786,,1.288244766505636,,
91,17.08937198067633,3.670155662909286,6.790123456790123,10.789049919484702,4.8376274825550185,25.107353730542137,29.394793344068706,0.0067096081588835215,1.0265700483091786,,1.288244766505636,,
92,17.52549651100376,3.629898013955985,6.763285024154589,10.72866344605475,4.797369833601718,24.966451959205582,28.837895866881375,0.0067096081588835215,1.4694041867954912,,1.2748255501878691,,
93,17.941492216854535,3.629898013955985,6.729736983360172,10.668276972624799,4.783950617283951,24.84567901234568,28.650026838432634,0.0067096081588835215,1.4694041867954912,,1.2748255501878691,,
94,18.149490069779926,3.603059581320451,6.729736983360172,10.661567364465915,4.783950617283951,24.832259796027913,28.488996242619432,0.0067096081588835215,1.4694041867954912,,1.2748255501878691,,
95,17.03569511540526,6.025228126677402,6.602254428341385,10.829307568438002,4.676596886741814,23.825818572195384,28.173644659151904,0.0067096081588835215,1.4626945786366077,,1.3620504562533549,,
96,17.07595276435856,6.025228126677402,6.602254428341385,11.647879763821793,4.676596886741814,23.617820719269993,27.536231884057973,0.0067096081588835215,1.4626945786366077,,1.3486312399355878,,
97,17.337627482555018,6.025228126677402,6.602254428341385,11.54723564143854,4.64975845410628,23.470209339774556,27.415458937198068,0.0067096081588835215,1.4626945786366077,0.13419216317767044,1.3486312399355878,,
98,16.6532474503489,5.4616210413311865,6.280193236714976,11.178207192699947,7.924047235641439,22.65163714439077,27.22758990874933,0.0067096081588835215,1.2345679012345678,0.13419216317767044,1.247987117552335,,
99,16.941760601180892,5.360976918947934,6.280193236714976,11.238593666129898,7.87037037037037,22.544283413848632,27.140365002683843,0.0067096081588835215,1.2345679012345678,0.13419216317767044,1.247987117552335,,
100,17.09608158883521,4.783950617283951,6.816961889425658,10.071121846484166,7.581857219538379,25.986312399355878,24.953032742887814,0.0067096081588835215,1.2345679012345678,0.13419216317767044,1.3352120236178207,,
101,17.357756307031668,4.783950617283951,6.816961889425658,10.02415458937198,7.568438003220612,25.764895330112722,24.818840579710145,0.0067096081588835215,1.2345679012345678,0.13419216317767044,1.4895330112721417,,
102,17.57246376811594,4.696725711218465,6.796833064949007,9.688674181427805,7.212828770799785,25.32206119162641,25.885668276972623,0.0067096081588835215,1.1943102522812667,0.13419216317767044,1.4895330112721417,,
103,17.659688674181428,4.690016103059581,7.803274288781535,9.688674181427805,7.212828770799785,27.38191089640365,22.81266774020397,0.0067096081588835215,1.1943102522812667,0.13419216317767044,1.415727321524423,,
104,17.619431025228128,4.468599033816425,7.595276435856146,9.373322597960279,8.259527643585615,27.194041867954912,22.745571658615138,0.0067096081588835215,1.1943102522812667,0.13419216317767044,1.4090177133655395,,
105,18.015297906602253,4.428341384863124,7.595276435856146,9.353193773483628,8.192431561996779,27.120236178207193,22.550993022007514,0.0067096081588835215,1.1943102522812667,0.13419216317767044,1.4090177133655395,,
106,17.37788513150832,4.428341384863124,6.823671497584541,9.037842190016104,7.380568974771873,23.020665593129362,29.394793344068706,0.0067096081588835215,1.1876006441223832,0.13419216317767044,1.2077294685990339,,
107,17.163177670424048,4.40150295222759,9.172034353193773,8.970746108427267,7.37385936661299,22.65834675254965,27.91867954911433,0.0067096081588835215,1.3150831991411702,0.13419216317767044,0.8856682769726248,,
108,17.59259259259259,4.38137412775094,9.111647879763822,8.917069243156199,7.360440150295223,22.584541062801932,27.710681696188942,0.0067096081588835215,1.3150831991411702,0.13419216317767044,0.8856682769726248,,
109,17.384594739667204,4.3545356951154055,11.943102522812667,8.836553945249598,5.891035963499732,21.638486312399355,27.61003757380569,0.0067096081588835215,1.3150831991411702,0.13419216317767044,0.8856682769726248,,
110,17.270531400966185,4.3478260869565215,11.896135265700483,9.91009125067096,5.877616747181965,20.96081588835212,27.4020397208803,0.0067096081588835215,1.3083735909822867,0.13419216317767044,0.8856682769726248,,
111,17.659688674181428,4.314278046162104,11.849168008588299,9.789318303811058,5.857487922705314,20.90042941492217,27.294685990338163,0.0067096081588835215,1.3083735909822867,0.13419216317767044,0.8856682769726248,,
112,17.431561996779386,4.314278046162104,13.01663982823403,9.306226516371444,5.58239398819109,20.73268921095008,27.314814814814813,0.0067096081588835215,1.2748255501878691,0.13419216317767044,0.8856682769726248,,
113,17.632850241545892,4.30756843800322,13.318572195383789,9.286097691894794,6.521739130434782,20.25630703166935,26.1808910359635,0.0067096081588835215,1.3888888888888888,0.13419216317767044,0.966183574879227,,
114,17.98174986580784,4.280730005367687,13.258185721953838,9.212292002147075,6.474771873322598,20.189210950080515,26.10708534621578,0.0067096081588835215,1.3888888888888888,0.13419216317767044,0.966183574879227,,
115,18.129361245303276,4.280730005367687,13.20450885668277,9.198872785829307,6.374127750939345,20.142243692968332,26.073537305421365,0.0067096081588835215,1.3888888888888888,0.13419216317767044,1.06682769726248,,
116,18.632581857219538,4.253891572732153,13.030059044551798,9.198872785829307,6.367418142780462,19.961084272678477,25.979602791196996,0.0067096081588835215,1.3888888888888888,0.13419216317767044,1.0466988727858293,,
117,18.92109500805153,4.240472356414386,12.989801395598498,9.185453569511541,6.320450885668277,19.92753623188406,25.811862587224905,0.0067096081588835215,1.442565754159957,0.13419216317767044,1.0198604401502953,,
118,18.746645195920557,4.240472356414386,12.090713902308105,8.816425120772946,6.179549114331723,22.436929683306495,24.973161567364468,0.0067096081588835215,1.3620504562533549,0.1274825550187869,1.0198604401502953,,
119,18.746645195920557,4.240472356414386,12.077294685990339,8.756038647342995,5.9447128287707995,22.27589908749329,25.44283413848631,0.0067096081588835215,1.3620504562533549,0.1274825550187869,1.0198604401502953,,
120,18.605743424584006,4.2270531400966185,12.04374664519592,8.675523349436393,5.998389694041868,25.288513150831992,22.7187332259796,0.0067096081588835215,1.3016639828234031,0.1274825550187869,1.0064412238325282,,
121,18.833870101986044,4.2270531400966185,12.010198604401502,8.635265700483092,5.971551261406334,25.241545893719806,22.644927536231883,0.0067096081588835215,1.3016639828234031,0.1274825550187869,0.9997316156736447,,
122,19.088835212023618,4.1129898013955986,11.90955448201825,8.749329039184111,6.702898550724638,25.15432098765432,21.960547504025765,0.0067096081588835215,1.2144390767579174,0.1274825550187869,0.9728931830381106,,
123,19.484702093397747,4.1129898013955986,11.849168008588299,8.68894256575416,6.6760601180891035,25.046967257112186,21.81964573268921,0.0067096081588835215,1.2144390767579174,0.1274825550187869,0.9728931830381106,,
124,18.719806763285025,4.1129898013955986,14.224369296833064,8.695652173913043,6.367418142780462,24.10091250670961,21.611647879763822,0.0067096081588835215,1.261406333870102,0.1274825550187869,0.7716049382716049,,
125,19.03515834675255,4.0995705850778315,14.170692431561998,8.876811594202898,6.320450885668277,24.00697799248524,21.32313472893183,0.0067096081588835215,1.261406333870102,0.1274825550187869,0.7716049382716049,,
126,19.07541599570585,4.092860976918948,14.734299516908212,8.527911969940956,6.146001073537305,23.792270531400966,21.611647879763822,0.0067096081588835215,1.1137949543746646,0.1274825550187869,0.7716049382716049,,
127,19.370638754696724,4.092860976918948,14.660493827160494,8.507783145464305,6.119162640901771,23.68491680085883,21.55126140633387,0.0067096081588835215,1.107085346215781,0.1274825550187869,0.7716049382716049,,
128,18.80703166935051,3.6097691894793345,14.04320987654321,8.467525496511003,6.092324208266238,22.38996242619431,24.630971551261407,0.0067096081588835215,1.0534084809447128,0.1274825550187869,0.7716049382716049,,
129,18.988191089640367,3.6097691894793345,13.996242619431026,8.460815888352121,6.092324208266238,22.376543209876544,24.516908212560388,0.0067096081588835215,1.0534084809447128,0.1274825550187869,0.7716049382716049,,
130,18.5654857756307,2.49597423510467,13.902308105206655,8.225979602791197,6.085614600107354,25.067096081588836,23.738593666129898,0.0067096081588835215,1.0534084809447128,0.1274825550187869,0.7313472893183038,,
131,18.88083735909823,2.4825550187869028,13.828502415458937,8.158883521202362,6.072195383789587,24.94632313472893,23.718464841653248,0.0067096081588835215,1.0534084809447128,0.12077294685990338,0.7313472893183038,,
132,19.129092860976918,2.475845410628019,13.714439076757918,8.333333333333334,5.938003220611916,24.671229200214707,23.597691894793343,0.0067096081588835215,1.288244766505636,0.12077294685990338,0.7246376811594203,,
133,19.155931293612454,2.475845410628019,13.539989264626946,9.534353193773484,5.850778314546431,23.879495437466453,23.429951690821255,,1.288244766505636,0.12077294685990338,0.7246376811594203,,
134,19.47128287707998,2.475845410628019,13.519860440150294,9.41358024691358,5.8172302737520125,23.792270531400966,23.30246913580247,0.11406333870101985,1.288244766505636,0.08051529790660225,0.7246376811594203,,
135,19.061996779388085,2.475845410628019,13.486312399355878,9.353193773483628,5.8172302737520125,22.48389694041868,25.355609232420825,0.11406333870101985,1.06682769726248,0.06038647342995169,0.7246376811594203,,
136,19.290123456790123,2.475845410628019,13.425925925925926,9.333064949006978,5.803811057434245,22.403381642512077,25.301932367149757,0.11406333870101985,1.06682769726248,0.06038647342995169,0.7246376811594203,,
137,19.47128287707998,2.4691358024691357,13.41250670960816,9.31964573268921,5.790391841116479,22.309447128287708,25.261674718196456,0.11406333870101985,1.06682769726248,0.06038647342995169,0.7246376811594203,,
138,19.699409554482017,2.4691358024691357,13.6406333870102,9.27938808373591,5.790391841116479,22.208803005904453,24.94632313472893,0.11406333870101985,1.06682769726248,0.06038647342995169,0.7246376811594203,,
139,19.94766505636071,2.4557165861513686,13.620504562533547,9.265968867418144,5.770263016639828,22.12157809983897,24.852388620504563,0.11406333870101985,1.06682769726248,0.06038647342995169,0.7246376811594203,,
140,20.155662909286097,2.4490069779924855,13.271604938271604,9.25925925925926,6.407675791733762,22.054482018250134,24.610842726784757,0.11406333870101985,0.8923778851315083,0.06038647342995169,0.7246376811594203,,
141,20.471014492753625,2.4490069779924855,12.788513150831992,9.205582393988191,7.0383789586688135,21.886741814278047,24.396135265700483,0.11406333870101985,0.8923778851315083,0.06038647342995169,0.6977992485238862,,
142,20.303274288781534,2.4490069779924855,13.56682769726248,9.131776704240472,5.770263016639828,23.792270531400966,23.544015029522274,0.11406333870101985,0.6508319914117016,0.06038647342995169,0.6172839506172839,,
143,19.826892109500804,2.4490069779924855,13.915727321524423,8.199141170155663,5.656199677938808,22.73215244229737,25.77831454643049,0.11406333870101985,0.6508319914117016,0.06038647342995169,0.6172839506172839,,
144,19.847020933977454,2.4221685453569513,14.895330112721417,8.199141170155663,5.649490069779925,22.644927536231883,24.89935587761675,0.11406333870101985,0.6508319914117016,0.06038647342995169,0.6172839506172839,,
145,20.222758990874933,2.4154589371980677,14.774557165861514,8.299785292538916,5.636070853462158,22.41009125067096,24.798711755233494,0.11406333870101985,0.6508319914117016,0.06038647342995169,0.6172839506172839,,
146,20.658883521202362,2.3886205045625335,14.727589908749328,8.259527643585615,5.58239398819109,22.322866344605476,24.644390767579175,0.11406333870101985,0.6239935587761675,0.06038647342995169,0.6172839506172839,,
147,20.652173913043477,2.38191089640365,14.61352657004831,9.03113258185722,5.58239398819109,21.846484165324746,24.48336017176597,0.11406333870101985,0.6239935587761675,0.06038647342995169,0.6105743424584005,,
148,20.699141170155663,2.368491680085883,14.9020397208803,9.03113258185722,5.555555555555555,21.692163177670423,24.315619967793882,0.11406333870101985,0.6239935587761675,0.06038647342995169,0.6374127750939346,,
149,21.041331186258724,2.368491680085883,14.74771873322598,8.863392377885132,5.528717122920021,21.135265700483092,24.88593666129898,0.11406333870101985,0.6239935587761675,0.06038647342995169,0.630703166935051,,
150,21.155394524959743,2.3215244229736984,14.640365002683843,9.037842190016104,6.213097155126141,20.79307568438003,24.40955448201825,0.11406333870101985,0.6239935587761675,0.06038647342995169,0.630703166935051,,
151,21.007783145464305,2.2879763821792807,13.513150831991412,8.735909822866345,6.166129898013956,20.50456253354804,26.35534084809447,0.11406333870101985,0.6239935587761675,0.06038647342995169,0.630703166935051,,
152,20.685721953837895,2.254428341384863,13.405797101449275,7.9106280193236715,5.844068706387547,22.96027911969941,24.852388620504563,0.11406333870101985,0.6239935587761675,0.06038647342995169,1.288244766505636,,
153,21.054750402576488,2.254428341384863,13.352120236178207,7.883789586688137,5.810520665593129,22.893183038110575,24.691358024691358,0.11406333870101985,0.6239935587761675,0.06038647342995169,1.261406333870102,,
154,21.24932903918411,2.2410091250670963,13.694310252281268,7.830112721417069,5.803811057434245,22.758990874932906,24.362587224906065,0.11406333870101985,0.6239935587761675,0.06038647342995169,1.261406333870102,,
155,21.40365002683843,2.2410091250670963,13.694310252281268,7.830112721417069,5.803811057434245,22.65163714439077,24.27536231884058,0.11406333870101985,0.6239935587761675,0.06038647342995169,1.3016639828234031,,
156,21.215780998389693,1.9994632313472893,13.647342995169081,7.830112721417069,5.119431025228127,22.262479871175522,25.83870101986044,0.11406333870101985,0.6239935587761675,0.06038647342995169,1.288244766505636,,
157,21.423778851315085,1.9994632313472893,13.647342995169081,7.796564680622652,5.119431025228127,22.18196457326892,25.744766505636072,0.11406333870101985,0.6239935587761675,0.06038647342995169,1.288244766505636,,
158,21.55126140633387,1.9994632313472893,13.607085346215781,7.7898550724637685,5.112721417069243,22.108158883521202,25.677670424047236,0.11406333870101985,0.6239935587761675,0.06038647342995169,1.3553408480944713,,
159,22.000805152979066,1.9994632313472893,13.533279656468062,7.7898550724637685,5.112721417069243,22.020933977455716,25.44283413848631,0.11406333870101985,0.6105743424584005,0.04696725711218465,1.328502415458937,,
160,22.25577026301664,1.9994632313472893,13.486312399355878,7.75630703166935,5.092592592592593,21.926999463231347,25.38244766505636,0.11406333870101985,0.6105743424584005,0.04696725711218465,1.328502415458937,,
161,22.624798711755233,1.9793344068706387,13.43263553408481,7.75630703166935,5.0791733762748255,21.73913043478261,25.288513150831992,0.11406333870101985,0.6105743424584005,0.04696725711218465,1.328502415458937,,
162,22.73215244229737,1.9659151905528718,13.365539452495975,7.830112721417069,5.10601180891036,21.67874396135266,25.234836285560924,0.11406333870101985,0.6105743424584005,0.04696725711218465,1.3150831991411702,,
163,22.859634997316157,1.9390767579173376,14.090177133655395,7.454374664519592,5.052334943639291,21.470746108427267,25.0805152979066,0.11406333870101985,0.6105743424584005,0.04696725711218465,1.2815351583467525,,
164,23.18840579710145,1.892109500805153,14.016371443907676,7.440955448201825,5.018786902844874,21.202361782071925,25.221417069243156,0.11406333870101985,0.6105743424584005,0.04696725711218465,1.247987117552335,,
165,23.503757380568974,1.892109500805153,13.955984970477724,7.440955448201825,4.951690821256038,21.155394524959743,25.033548040794418,0.11406333870101985,0.6105743424584005,0.10735373054213634,1.2345679012345678,,
166,23.05421363392378,1.247987117552335,13.882179280730005,6.877348362855609,4.951690821256038,23.678207192699947,24.402844873859365,,0.6105743424584005,0.06038647342995169,1.2345679012345678,,
167,23.396403650026837,1.2412775093934514,14.31159420289855,6.857219538378959,4.931561996779388,23.040794417606012,24.315619967793882,,0.6105743424584005,0.06038647342995169,1.2345679012345678,,
168,23.336017176596886,1.2412775093934514,14.076757917337627,6.749865807836822,4.8376274825550185,22.819377348362856,25.033548040794418,,0.6105743424584005,0.06038647342995169,1.2345679012345678,,
169,23.255501878690286,1.2412775093934514,14.358561460010735,6.736446591519055,3.9989264626945786,22.63150831991412,25.89908749329039,,0.6105743424584005,0.06038647342995169,1.2077294685990339,,
170,23.470209339774556,1.2412775093934514,14.345142243692969,6.736446591519055,3.92512077294686,22.564412238325282,25.83870101986044,,0.6105743424584005,0.06038647342995169,1.2077294685990339,,
171,23.778851315083198,1.2412775093934514,14.345142243692969,6.716317767042405,3.911701556629093,22.50402576489533,25.623993558776167,,0.6105743424584005,0.06038647342995169,1.2077294685990339,,
172,23.845947396672035,1.2412775093934514,14.55984970477724,6.702898550724638,3.911701556629093,22.41009125067096,25.449543746645197,,0.6105743424584005,0.06038647342995169,1.2077294685990339,,
173,24.20155662909286,1.2412775093934514,14.512882447665056,6.66935050993022,3.911701556629093,22.25577026301664,25.328770799785293,,0.6105743424584005,0.06038647342995169,1.2077294685990339,,
174,24.46323134728932,1.2412775093934514,14.506172839506172,6.575415995705851,3.898282340311326,22.148416532474503,25.248255501878692,,0.6105743424584005,0.06038647342995169,1.1674718196457328,,0.08051529790660225
175,24.691358024691358,1.2412775093934514,14.445786366076222,6.561996779388084,3.878153515834675,22.08132045088567,25.201288244766506,,0.5904455179817498,0.06038647342995169,1.1674718196457328,,0.08051529790660225
176,24.54374664519592,1.2412775093934514,14.251207729468598,6.508319914117015,3.5829307568438002,22.014224369296834,25.966183574879228,,0.5837359098228664,0.06038647342995169,1.1674718196457328,,0.08051529790660225
177,24.758454106280194,1.2412775093934514,14.217659688674182,6.488191089640365,3.5829307568438002,21.940418679549115,25.738056897477186,,0.5837359098228664,0.06038647342995169,1.3083735909822867,,0.08051529790660225
178,25.026838432635532,1.2412775093934514,14.190821256038648,6.488191089640365,3.556092324208266,21.76596886741814,25.59044551798175,,0.5837359098228664,0.06038647342995169,1.415727321524423,,0.08051529790660225
179,25.013419216317768,1.2412775093934514,14.049919484702093,6.407675791733762,4.213633923778851,21.450617283950617,25.429414922168544,,0.6374127750939346,0.06038647342995169,1.415727321524423,,0.08051529790660225
180,24.953032742887814,1.2412775093934514,14.029790660225443,6.407675791733762,4.213633923778851,20.86688137412775,26.093666129898015,,0.6374127750939346,0.06038647342995169,1.415727321524423,,0.08051529790660225
181,25.194578636607623,1.2412775093934514,13.955984970477724,6.387546967257112,4.200214707461084,20.8467525496511,26.006441223832528,,0.630703166935051,0.06038647342995169,1.3955984970477724,,0.08051529790660225
182,24.879227053140095,1.2412775093934514,15.237520128824476,6.380837359098229,4.072732152442297,20.611916264090176,25.503220611916262,,0.630703166935051,0.06038647342995169,1.3016639828234031,,0.08051529790660225
183,25.328770799785293,1.2412775093934514,15.08990874932904,6.353998926462695,4.045893719806763,20.43075684380032,25.43612453032743,,0.630703166935051,0.06038647342995169,1.3016639828234031,,0.08051529790660225
184,25.369028448738593,1.2412775093934514,15.599838969404187,6.353998926462695,4.045893719806763,20.283145464304884,24.966451959205582,,0.630703166935051,0.06038647342995169,1.3687600644122384,,0.08051529790660225
185,24.84567901234568,1.2412775093934514,14.197530864197532,6.340579710144928,3.9452495974235107,23.423242082662373,23.886205045625335,,0.630703166935051,0.06038647342995169,1.3486312399355878,,0.08051529790660225
186,24.86580783682233,1.2412775093934514,14.076757917337627,6.146001073537305,3.8378958668813743,20.873590982286636,26.482823403113258,,0.9863123993558777,0.06038647342995169,1.3486312399355878,,0.08051529790660225
187,25.15432098765432,1.2412775093934514,14.036500268384327,6.112453032742888,3.8311862587224907,20.799785292538918,26.37546967257112,,0.9594739667203436,0.06038647342995169,1.3486312399355878,,0.08051529790660225
188,25.41599570585078,1.2412775093934514,13.955984970477724,6.112453032742888,3.8311862587224907,20.77294685990338,26.234567901234566,,0.9460547504025765,0.06038647342995169,1.3486312399355878,,0.08051529790660225
189,25.63070316693505,1.2412775093934514,13.922436929683306,6.092324208266238,3.8311862587224907,20.725979602791195,26.120504562533547,,0.9460547504025765,0.06038647342995169,1.3486312399355878,,0.08051529790660225
190,25.77831454643049,1.2412775093934514,13.882179280730005,6.085614600107354,3.8177670424047236,20.685721953837895,26.080246913580247,,0.9460547504025765,0.06038647342995169,1.3419216317767042,,0.08051529790660225
191,25.644122383252817,1.2077294685990339,14.231078904991948,6.072195383789587,3.784219001610306,20.853462157809982,25.51663982823403,,1.0802469135802468,0.06038647342995169,1.4694041867954912,,0.08051529790660225
192,25.181159420289855,1.0601180891035964,14.586688137412775,5.756843800322061,4.079441760601181,19.464573268921097,27.120236178207193,,1.1540526033279657,0.06038647342995169,1.4694041867954912,,0.06709608158883522
193,25.523349436392916,1.0601180891035964,14.42565754159957,5.730005367686527,4.079441760601181,19.424315619967793,27.01959205582394,,1.1540526033279657,0.06038647342995169,1.4559849704777241,,0.06709608158883522
194,25.268384326355342,1.0601180891035964,15.056360708534621,5.783682232957595,4.05931293612453,19.0552871712292,26.986044015029524,,1.1473429951690821,0.06038647342995169,1.4559849704777241,,0.06709608158883522
195,25.63070316693505,1.0601180891035964,14.888620504562533,5.783682232957595,4.05931293612453,18.914385399892645,26.932367149758456,,1.1473429951690821,0.06038647342995169,1.4559849704777241,,0.06709608158883522
196,25.85212023617821,1.0601180891035964,14.848362855609233,5.783682232957595,4.05931293612453,18.726516371443907,26.8317230273752,,1.1473429951690821,0.06038647342995169,1.5633387010198605,,0.06709608158883522
