,45,50,55,51,53,54,52,56,57,58
0,97.41009125067096,2.589908749329039,,,,,,,,
1,93.92109500805152,6.078904991948471,,,,,,,,
2,89.26462694578636,10.735373054213634,,,,,,,,
3,88.75469672571121,11.245303274288782,,,,,,,,
4,81.87734836285561,18.12265163714439,,,,,,,,
5,77.42216854535695,22.530864197530864,0.04696725711218465,,,,,,,
6,68.94793344068707,30.9849704777241,0.03354804079441761,0.03354804079441761,,,,,,
7,68.9747718733226,30.92458400429415,0.06709608158883522,0.03354804079441761,,,,,,
8,66.2909286097692,33.43397745571659,0.06709608158883522,0.03354804079441761,0.17444981213097155,,,,,
9,66.02925389157274,33.65539452495974,0.04696725711218465,0.0939345142243693,0.17444981213097155,,,,,
10,63.35882984433709,36.231884057971016,0.14090177133655393,0.0939345142243693,0.17444981213097155,,,,,
11,59.655126140633385,39.492753623188406,0.20128824476650564,0.1610305958132045,0.17444981213097155,0.3153515834675255,,,,
12,59.534353193773484,39.48604401502952,0.20128824476650564,0.24825550187869028,0.17444981213097155,0.35560923242082665,,,,
13,59.66183574879227,39.11701556629093,0.41599570585077833,0.24825550187869028,0.17444981213097155,0.3824476650563607,,,,
14,59.4873859366613,38.989533011272144,0.43612453032742887,0.5636070853462157,0.17444981213097155,0.3488996242619431,,,,
15,56.21980676328502,42.270531400966185,0.41599570585077833,0.5099302200751477,0.17444981213097155,0.3824476650563607,0.026838432635534086,,,
16,56.394256575415994,41.84111647879764,0.46967257112184646,0.5032206119162641,0.17444981213097155,0.35560923242082665,0.2616747181964573,,,
17,56.48819108964037,41.76060118089104,0.46967257112184646,0.48980139559849706,0.17444981213097155,0.35560923242082665,0.2616747181964573,,,
18,55.783682232957595,42.391304347826086,0.5032206119162641,0.48980139559849706,0.17444981213097155,0.39586688137412773,0.2616747181964573,,,
19,54.61621041331186,43.585614600107355,0.4092860976918948,0.4830917874396135,0.17444981213097155,0.4830917874396135,0.24825550187869028,,,
20,53.696994095544824,40.57971014492754,0.5703166935050993,4.28743961352657,0.17444981213097155,0.4428341384863124,0.24825550187869028,,,
21,52.03972088030059,34.66183574879227,0.4562533548040794,11.869296833064949,0.20128824476650564,0.3757380568974772,0.39586688137412773,,,
22,50.496511003757384,34.42028985507246,0.48980139559849706,13.633923778851315,0.20128824476650564,0.3757380568974772,0.3824476650563607,,,
23,44.457863660762214,40.371712292002144,0.6776704240472357,13.486312399355878,0.20128824476650564,0.3757380568974772,0.41599570585077833,0.013419216317767043,,
24,34.292807300053674,52.38862050456253,0.5703166935050993,11.466720343531938,0.20128824476650564,0.6239935587761675,0.41599570585077833,0.040257648953301126,,
25,31.561996779388085,55.152979066022546,0.5568974771873323,11.446591519055287,0.20128824476650564,0.6239935587761675,0.41599570585077833,0.040257648953301126,,
26,31.49490069779925,52.865002683843265,0.7380568974771873,11.20504562533548,0.20128824476650564,0.6575415995705851,2.7979066022544283,0.040257648953301126,,
27,31.76328502415459,52.46913580246913,0.7380568974771873,11.20504562533548,0.38915727321524424,0.630703166935051,2.7643585614600106,0.040257648953301126,,
28,31.608964036500268,52.63687600644123,0.7581857219538379,11.09098228663446,0.4830917874396135,0.6172839506172839,2.7643585614600106,0.040257648953301126,,
29,31.95786366076221,52.31481481481482,0.7581857219538379,11.077563070316694,0.4830917874396135,0.5904455179817498,2.7442297369833604,0.07380568974771873,,
30,32.00483091787439,52.220880300590444,0.7581857219538379,11.037305421363392,0.6038647342995169,0.5904455179817498,2.7106816961889426,0.07380568974771873,,
31,32.19940955448202,52.012882447665056,0.8722490606548577,10.976918947933441,0.6038647342995169,0.5904455179817498,2.6704240472356413,0.07380568974771873,,
32,32.41411701556629,51.81830381105743,0.9326355340848095,10.916532474503489,0.6038647342995169,0.5904455179817498,2.6502952227589907,0.07380568974771873,,
33,32.776435856146,51.368760064412236,1.1943102522812667,10.715244229736983,0.6374127750939346,0.5904455179817498,2.6435856146001075,0.07380568974771873,,
34,32.79656468062265,51.16076221148685,1.4224369296833066,10.681696188942565,0.6374127750939346,0.6172839506172839,2.623456790123457,0.06038647342995169,,
35,32.830112721417066,50.50322061191626,1.3955984970477724,9.96376811594203,0.7380568974771873,0.6575415995705851,3.851315083199141,0.06038647342995169,,
36,33.02469135802469,50.254965110037574,2.0799785292538915,9.359903381642512,0.7246376811594203,0.644122383252818,3.851315083199141,0.06038647342995169,,
37,32.9777241009125,49.55716586151369,2.3483628556092326,9.957058507783145,0.7514761137949544,0.6776704240472357,3.670155662909286,0.06038647342995169,,
38,32.92404723564144,48.980139559849704,2.4154589371980677,10.507246376811594,0.7648953301127214,0.6776704240472357,3.670155662909286,0.06038647342995169,,
39,32.910628019323674,47.85963499731616,2.5161030595813205,11.33923778851315,0.9192163177670424,0.6642512077294686,3.730542136339238,0.06038647342995169,,
40,33.25281803542673,47.58454106280193,2.522812667740204,11.292270531400966,0.7447665056360708,0.6642512077294686,3.864734299516908,0.07380568974771873,,
41,33.2259796027912,46.423778851315085,2.5161030595813205,12.218196457326892,0.7313472893183038,0.6642512077294686,3.8714439076757916,0.3488996242619431,,
42,33.393719806763286,46.31642512077295,2.6838432635534084,11.929683306494901,0.8655394524959742,0.6374127750939346,3.824476650563607,0.3488996242619431,,
43,33.77616747181965,46.03462157809984,2.6502952227589907,11.83574879227053,0.8655394524959742,0.6642512077294686,3.824476650563607,0.3488996242619431,,
44,33.89694041867955,45.7662372517445,2.8784219001610305,11.77536231884058,0.8655394524959742,0.6642512077294686,3.8043478260869565,0.3488996242619431,,
45,34.11835748792271,45.28314546430489,2.8113258185721954,12.00348899624262,0.8655394524959742,0.6977992485238862,3.8177670424047236,0.4025764895330113,,
46,33.756038647343,43.84728931830381,2.703972088030059,11.668008588298443,0.8655394524959742,1.288244766505636,5.448201825013419,0.4227053140096618,,
47,34.05797101449275,43.67954911433172,2.7106816961889426,11.540526033279656,0.8588298443370908,1.2815351583467525,5.448201825013419,0.4227053140096618,,
48,33.61513687600644,43.994900697799245,2.952227589908749,11.43317230273752,0.8588298443370908,1.2815351583467525,5.441492216854535,0.4227053140096618,,
49,33.823134728931834,43.63258185721954,3.1468062265163717,11.426462694578637,0.8588298443370908,1.2949543746645196,5.387815351583468,0.4294149221685454,,
50,33.682232957595275,41.438539989264626,3.012614063338701,13.821792807300053,0.8856682769726248,1.328502415458937,5.360976918947934,0.46967257112184646,,
51,33.91035963499731,41.116478797638216,3.193773483628556,13.707729468599034,0.8856682769726248,1.328502415458937,5.3341384863123995,0.5032206119162641,0.020128824476650563,
52,34.10493827160494,40.955448201825014,3.193773483628556,13.674181427804616,0.8856682769726248,1.328502415458937,5.3341384863123995,0.5032206119162641,0.020128824476650563,
53,33.903650026838434,40.98899624261943,3.193773483628556,13.654052603327965,1.1473429951690821,1.2681159420289856,5.320719269994632,0.5032206119162641,0.020128824476650563,
54,33.24610842726785,39.821524422973695,3.361513687600644,16.203703703703702,1.1272141706924315,1.2681159420289856,4.4753086419753085,0.49651100375738055,,
55,33.45410628019324,39.63365539452496,3.3413848631239937,16.049382716049383,1.1137949543746646,1.3352120236178207,4.575952764358561,0.49651100375738055,,
56,33.72920021470746,39.2914653784219,3.4420289855072466,16.002415458937197,1.1137949543746646,1.3620504562533549,4.575952764358561,0.4830917874396135,,
57,31.19296833064949,41.93505099302201,3.5091250670960816,15.962157809983896,0.8118625872249061,1.5633387010198605,4.542404723564144,0.4830917874396135,,
58,31.46135265700483,41.71363392377885,3.5091250670960816,15.895061728395062,0.8118625872249061,1.6103059581320451,4.51556629092861,0.4830917874396135,,
59,31.870638754696724,41.10976918947934,3.6500268384326353,15.767579173376275,0.8387010198604401,1.583467525496511,4.5893719806763285,0.5904455179817498,,
60,31.870638754696724,40.653515834675254,3.7640901771336552,16.049382716049383,0.8655394524959742,1.6170155662909287,4.528985507246377,0.6508319914117016,,
61,31.863929146537842,39.91545893719807,4.5893719806763285,15.901771336553946,0.8655394524959742,1.6170155662909287,4.555823939881911,0.6910896403650026,,
62,30.58239398819109,40.31132581857219,4.64975845410628,15.217391304347826,0.9728931830381106,2.7106816961889426,4.555823939881911,0.9997316156736447,,
63,30.776972624798713,39.92216854535695,4.898013955984971,15.170424047235642,0.9728931830381106,2.7106816961889426,4.549114331723027,0.9997316156736447,,
64,31.17283950617284,39.60010735373054,4.958400429414922,15.056360708534621,1.0064412238325282,2.717391304347826,4.488727858293076,0.9997316156736447,,
65,31.333870101986044,39.52630166398282,4.85775630703167,15.03623188405797,1.093666129898014,2.690552871712292,4.461889425657541,0.9997316156736447,,
66,31.320450885668276,38.888888888888886,4.884594739667204,14.942297369833602,1.8250134192163177,2.690552871712292,4.455179817498658,0.9930220075147611,,
67,31.49490069779925,38.66747181964573,4.790660225442834,14.861782071927,2.033011272141707,2.6838432635534084,4.455179817498658,1.0131508319914118,,
68,31.568706387546968,38.62721417069243,4.851046698872786,14.80810520665593,2.006172839506173,2.677133655394525,4.455179817498658,1.0064412238325282,,
69,31.52173913043478,38.13070316693505,4.770531400966184,15.4723564143854,1.9524959742351047,2.677133655394525,4.455179817498658,1.0198604401502953,,
70,31.508319914117017,37.835480407944175,4.8376274825550185,15.331454643048845,2.227589908749329,2.6502952227589907,4.602791196994096,1.0064412238325282,,
71,31.44122383252818,37.84219001610306,4.810789049919484,15.076489533011273,2.227589908749329,2.703972088030059,4.904723564143854,0.9930220075147611,,
72,31.756575415995705,37.60064412238325,4.750402576489533,14.626945786366075,2.7844873859366612,2.703972088030059,4.864465915190553,0.9125067096081588,,
73,31.964573268921097,37.39264626945786,4.74369296833065,14.526301663982823,2.898550724637681,2.6972624798711755,4.864465915190553,0.9125067096081588,,
74,31.964573268921097,36.131239935587764,4.582662372517445,14.351851851851851,2.885131508319914,4.334406870638754,4.864465915190553,0.8856682769726248,,
75,30.615942028985508,37.72812667740204,4.871175523349437,14.123725174449811,2.717391304347826,4.314278046162104,4.757112184648417,0.8722490606548577,,
76,29.53569511540526,34.93022007514761,4.924852388620504,18.115942028985508,2.3483628556092326,4.508856682769726,4.757112184648417,0.8789586688137413,,
77,29.51556629092861,34.43370907139023,4.824208266237251,18.055555555555557,2.3617820719269993,4.938271604938271,5.045625335480408,0.8252818035426731,,
78,29.857756307031668,34.27938808373591,4.8376274825550185,17.867686527106816,2.341653247450349,4.891304347826087,4.99194847020934,0.9326355340848095,,
79,30.14626945786366,34.044551798174986,4.904723564143854,17.800590445517983,2.3886205045625335,4.830917874396135,4.9651100375738055,0.9192163177670424,,
80,30.246913580246915,33.58829844337091,5.213365539452496,17.847557702630166,2.4221685453569513,4.770531400966184,4.9651100375738055,0.9460547504025765,,
81,30.293880837359097,33.50107353730542,5.193236714975845,17.867686527106816,2.4221685453569513,4.804079441760601,4.9718196457326895,0.9460547504025765,,
82,30.340848094471284,33.2259796027912,5.10601180891036,17.726784755770264,2.4221685453569513,5.280461621041331,4.924852388620504,0.9728931830381106,,
83,29.656468062265162,32.407407407407405,5.065754159957058,19.223027375201287,2.4355877616747184,5.307300053676865,4.944981213097155,0.9594739667203436,,
84,29.643048845947398,32.14573268921095,5.038915727321524,19.685990338164252,2.301395598497048,5.3341384863123995,4.891304347826087,0.9594739667203436,,
85,29.73027375201288,31.655931293612454,4.978529253891573,19.49812130971551,2.9790660225442833,5.3341384863123995,4.817498658078368,1.0064412238325282,,
86,28.247450348899623,30.16639828234031,4.730273752012883,23.55072463768116,3.099838969404187,5.246913580246914,3.878153515834675,1.0802469135802468,,
87,28.475577026301664,30.099302200751477,4.7168545356951155,23.47691894793344,3.0730005367686526,5.24020397208803,3.851315083199141,1.06682769726248,,
88,28.522544283413847,29.891304347826086,4.7168545356951155,23.60440150295223,3.066290928609769,5.24020397208803,3.8915727321524423,1.06682769726248,,
89,28.64331723027375,29.824208266237253,4.7101449275362315,23.537305421363392,3.066290928609769,5.233494363929147,3.92512077294686,1.0601180891035964,,
90,28.972088030059044,29.602791196994094,4.74369296833065,23.289049919484704,3.1199677938808374,5.287171229200215,3.898282340311326,1.0869565217391304,,
91,28.837895866881375,28.5829307568438,4.790660225442834,22.899892646269457,3.066290928609769,6.790123456790123,3.9989264626945786,1.0332796564680622,,
92,28.837895866881375,28.079710144927535,4.750402576489533,23.45679012345679,3.2206119162640903,6.796833064949007,3.824476650563607,1.0332796564680622,,
93,28.951959205582394,27.925389157273216,4.723564143853999,22.665056360708533,4.448470209339774,6.394256575415996,3.8580246913580245,1.0332796564680622,,
94,28.931830381105744,27.563070316693505,4.408212560386473,23.15485775630703,4.334406870638754,6.3070316693505095,4.2203435319377345,1.0466988727858293,0.03354804079441761,
95,29.17337627482555,27.415458937198068,4.435050993022007,23.047504025764894,4.341116478797638,6.293612453032743,4.2203435319377345,1.0399892646269457,0.03354804079441761,
96,28.797638217928075,26.583467525496513,4.166666666666667,24.188137412775095,4.294149221685454,6.286902844873859,4.549114331723027,1.0735373054213635,0.06038647342995169,
97,29.012345679012345,26.529790660225444,4.166666666666667,24.060654857756308,4.294149221685454,6.239935587761675,4.549114331723027,1.0869565217391304,0.06038647342995169,
98,29.260601180891037,26.42914653784219,4.1532474503489,23.919753086419753,4.28743961352657,6.1862587224906065,4.663177670424047,1.0399892646269457,0.06038647342995169,
99,28.650026838432634,25.261674718196456,3.5225442834138487,26.46940418679549,4.28743961352657,6.0587761674718195,4.669887278582931,1.0198604401502953,0.06038647342995169,
100,28.804347826086957,25.214707461084274,3.5292538915727323,26.41572732152442,4.233762748255502,6.0587761674718195,4.669887278582931,1.0131508319914118,0.06038647342995169,
101,28.992216854535695,25.201288244766506,3.5426731078904994,26.174181427804616,4.233762748255502,6.005099302200751,4.669887278582931,1.1205045625335481,0.06038647342995169,
102,29.334406870638755,25.11406333870102,3.515834675254965,26.06682769726248,4.206924315619967,5.958132045088567,4.64975845410628,1.093666129898014,0.06038647342995169,
103,29.435050993022006,24.872517444981213,3.4688674181427803,25.5703166935051,4.233762748255502,6.233225979602791,4.7638217928073,1.3620504562533549,0.06038647342995169,
104,29.381374127750938,24.832259796027913,3.8177670424047236,25.355609232420825,4.206924315619967,6.239935587761675,4.7638217928073,1.3419216317767042,0.06038647342995169,
105,29.361245303274288,24.55716586151369,4.025764895330113,25.248255501878692,4.159957058507783,6.273483628556092,4.985238862050457,1.328502415458937,0.06038647342995169,
106,29.62962962962963,24.510198604401502,4.019055287171229,25.107353730542137,4.159957058507783,6.213097155126141,4.985238862050457,1.3150831991411702,0.06038647342995169,
107,29.64975845410628,24.329039184111647,4.005636070853462,24.872517444981213,4.502147074610843,6.3070316693505095,4.9718196457326895,1.3083735909822867,0.05367686527106817,
108,29.8040794417606,24.14117015566291,4.1129898013955986,24.718196457326894,4.4753086419753085,6.4412238325281805,4.884594739667204,1.3687600644122384,0.05367686527106817,
109,30.22007514761138,23.960010735373054,4.1129898013955986,24.62426194310252,4.414922168545357,6.414385399892646,4.830917874396135,1.3687600644122384,0.05367686527106817,
110,30.421363392377884,24.033816425120772,4.240472356414386,24.342458400429415,4.388083735909823,6.280193236714976,4.804079441760601,1.4358561460010735,0.05367686527106817,
111,30.60252281266774,23.919753086419753,4.461889425657541,24.241814278046164,4.367954911433173,6.159420289855072,4.74369296833065,1.4358561460010735,0.06709608158883522,
112,30.864197530864196,23.866076221148685,4.38137412775094,23.758722490606548,4.3478260869565215,6.561996779388084,4.663177670424047,1.4962426194310252,0.06038647342995169,
113,28.495705850778315,26.617015566290927,4.663177670424047,23.1280193236715,4.374664519592056,6.535158346752549,4.62962962962963,1.4962426194310252,0.06038647342995169,
114,28.529253891572733,26.637144390767578,4.683306494900698,23.027375201288244,4.40150295222759,6.568706387546968,4.609500805152979,1.4962426194310252,0.04696725711218465,
115,28.515834675254965,26.52308105206656,4.64975845410628,22.624798711755233,4.656468062265164,6.937734836285561,4.569243156199678,1.4761137949543746,0.04696725711218465,
116,28.75067096081589,26.362050456253353,4.643048845947397,22.510735373054214,4.669887278582931,6.91760601180891,4.575952764358561,1.5230810520665594,0.04696725711218465,
117,28.878153515834676,26.113794954374665,4.5960815888352125,22.436929683306495,4.85775630703167,7.018250134192163,4.555823939881911,1.4962426194310252,0.04696725711218465,
118,29.052603327965645,26.04669887278583,4.582662372517445,22.33628556092324,4.85775630703167,7.004830917874396,4.5893719806763285,1.482823403113258,0.04696725711218465,
119,29.30756843800322,25.93263553408481,4.555823939881911,22.20209339774557,4.924852388620504,6.937734836285561,4.575952764358561,1.5163714439076759,0.04696725711218465,
120,29.522275899087493,25.81857219538379,4.549114331723027,22.074610842726784,4.951690821256038,6.890767579173376,4.51556629092861,1.6304347826086956,0.04696725711218465,
121,29.696725711218466,25.583735909822867,4.636339237788513,21.967257112184647,4.978529253891573,6.884057971014493,4.448470209339774,1.7579173376274826,0.04696725711218465,
122,29.723564143854,25.355609232420825,4.7638217928073,21.947128287707997,4.9718196457326895,6.957863660762212,4.4753086419753085,1.7579173376274826,0.04696725711218465,
123,30.01207729468599,25.241545893719806,4.7168545356951155,21.833064949006978,4.5960815888352125,6.937734836285561,4.8443370907139025,1.7713365539452497,0.04696725711218465,
124,30.059044551798173,25.194578636607623,4.7101449275362315,21.81964573268921,4.616210413311863,6.9310252281266775,4.8443370907139025,1.778046162104133,0.04696725711218465,
125,30.09259259259259,25.10064412238325,4.74369296833065,21.752549651100377,4.616210413311863,6.984702093397746,4.884594739667204,1.778046162104133,0.04696725711218465,
126,29.69001610305958,24.416264090177133,4.783950617283951,20.88030059044552,5.421363392377885,6.977992485238862,6.052066559312936,1.7444981213097155,0.03354804079441761,
127,29.74369296833065,24.382716049382715,4.7168545356951155,20.779656468062264,5.4549114331723025,6.944444444444445,6.166129898013956,1.778046162104133,0.03354804079441761,
128,29.716854535695116,24.4699409554482,4.851046698872786,20.544820182501343,5.448201825013419,6.9243156199677935,6.199677938808374,1.8115942028985508,0.03354804079441761,
129,29.777241009125067,24.362587224906065,4.817498658078368,20.417337627482556,5.434782608695652,7.105475040257649,6.199677938808374,1.8518518518518519,0.03354804079441761,
130,29.676596886741816,24.255233494363928,4.770531400966184,20.397208803005906,5.475040257648954,7.092055823939882,6.494900697799249,1.8048845947396672,0.03354804079441761,
131,29.012345679012345,24.10091250670961,4.783950617283951,19.847020933977454,6.595544820182502,7.39398819108964,6.521739130434782,1.6774020397208802,0.03354804079441761,0.03354804079441761
132,29.11969940955448,23.946591519055286,4.74369296833065,19.632313472893184,6.595544820182502,7.39398819108964,6.790123456790123,1.710950080515298,0.03354804079441761,0.03354804079441761
133,29.448470209339774,23.711755233494365,4.777241009125067,19.565217391304348,6.662640901771336,7.300053676865271,6.756575415995706,1.710950080515298,0.03354804079441761,0.03354804079441761
134,28.019323671497585,22.517444981213096,4.683306494900698,22.537573805689746,6.602254428341385,7.266505636070853,6.582125603864735,1.724369296833065,0.03354804079441761,0.03354804079441761
135,27.9723564143854,22.24235104669887,4.5893719806763285,23.289049919484704,6.608964036500268,6.890767579173376,6.588835212023618,1.751207729468599,0.03354804079441761,0.03354804079441761
136,28.046162104133117,22.21551261406334,4.582662372517445,23.235373054213635,6.608964036500268,6.89747718733226,6.561996779388084,1.7847557702630166,0.03354804079441761,0.03354804079441761
137,28.24074074074074,22.168545356951153,4.522275899087493,23.1280193236715,6.568706387546968,7.004830917874396,6.515029522275899,1.7847557702630166,0.03354804079441761,0.03354804079441761
138,28.153515834675254,22.074610842726784,4.663177670424047,23.2085346215781,6.696188942565755,6.944444444444445,6.454643048845948,1.737788513150832,0.03354804079441761,0.03354804079441761
139,27.690552871712292,21.87332259796028,4.528985507246377,24.174718196457327,6.582125603864735,6.830381105743425,6.662640901771336,1.5901771336553945,0.03354804079441761,0.03354804079441761
140,27.925389157273216,21.786097691894792,4.542404723564144,24.000268384326354,6.568706387546968,6.89747718733226,6.6760601180891035,1.5365002683843263,0.03354804079441761,0.03354804079441761
141,27.905260332796566,21.651905528717123,4.428341384863124,23.060923242082662,6.474771873322598,6.863929146537842,8.031400966183575,1.5163714439076759,0.03354804079441761,0.03354804079441761
142,27.717391304347824,21.081588835212024,4.367954911433173,23.89291465378422,6.575415995705851,6.816961889425658,7.971014492753623,1.5096618357487923,0.03354804079441761,0.03354804079441761
143,27.871712292002147,20.8467525496511,4.575952764358561,23.832528180354267,6.541867954911433,6.810252281266774,7.971014492753623,1.482823403113258,0.03354804079441761,0.03354804079441761
144,27.657004830917874,20.263016639828233,4.4753086419753085,23.349436392914654,8.051529790660226,6.6760601180891035,8.07836822329576,1.3821792807300053,0.03354804079441761,0.03354804079441761
145,26.549919484702095,22.604669887278583,4.435050993022007,23.221953837895867,7.689210950080516,6.481481481481482,7.568438003220612,1.3821792807300053,0.03354804079441761,0.03354804079441761
146,26.798174986580783,22.50402576489533,4.428341384863124,23.19511540526033,7.481213097155126,6.488191089640365,7.608695652173913,1.42914653784219,0.03354804079441761,0.03354804079441761
147,26.744498121309714,22.262479871175522,4.414922168545357,22.993827160493826,7.39398819108964,6.615673644659152,8.05823939881911,1.4492753623188406,0.03354804079441761,0.03354804079441761
148,26.670692431561996,21.967257112184647,4.361245303274289,22.50402576489533,8.400429414922169,6.5552871712292005,8.051529790660226,1.4224369296833066,0.03354804079441761,0.03354804079441761
149,26.81159420289855,21.81964573268921,4.468599033816425,22.457058507783145,8.319914117015566,6.528448738593666,8.038110574342458,1.4895330112721417,0.03354804079441761,0.03354804079441761
150,26.85185185185185,21.81964573268921,4.461889425657541,22.396672034353195,8.313204508856682,6.528448738593666,8.038110574342458,1.5230810520665594,0.03354804079441761,0.03354804079441761
151,26.92565754159957,21.792807300053678,4.488727858293076,22.000805152979066,8.299785292538916,6.602254428341385,8.266237251744498,1.556629092860977,0.03354804079441761,0.03354804079441761
152,27.13365539452496,21.71900161030596,4.468599033816425,21.87332259796028,8.319914117015566,6.575415995705851,8.246108427267847,1.596886741814278,0.03354804079441761,0.03354804079441761
153,27.200751476113794,21.62506709608159,4.602791196994096,21.76596886741814,8.407139023081053,6.521739130434782,8.219269994632313,1.5901771336553945,0.03354804079441761,0.03354804079441761
154,27.294685990338163,21.591519055287172,4.562533548040794,21.557971014492754,8.387010198604402,6.743156199677939,8.219269994632313,1.5767579173376274,0.03354804079441761,0.03354804079441761
155,27.47584541062802,21.450617283950617,4.528985507246377,21.544551798174986,8.360171765968868,6.776704240472356,8.219269994632313,1.5767579173376274,0.03354804079441761,0.03354804079441761
156,27.76435856146001,21.4170692431562,4.555823939881911,21.39694041867955,8.353462157809984,6.729736983360172,8.185721953837897,1.5297906602254427,0.03354804079441761,0.03354804079441761
157,27.891841116478798,21.370101986044016,4.575952764358561,21.349973161567366,8.3467525496511,6.689479334406871,8.172302737520129,1.5029522275899088,0.06709608158883522,0.03354804079441761
158,28.019323671497585,21.20907139023081,4.53569511540526,21.24261943102523,8.333333333333334,6.843800322061192,8.152173913043478,1.5633387010198605,0.06709608158883522,0.03354804079441761
159,28.247450348899623,21.175523349436393,4.508856682769726,21.162104133118625,8.293075684380032,6.810252281266774,8.111916264090176,1.5633387010198605,0.0939345142243693,0.03354804079441761
160,28.26086956521739,20.893719806763286,4.361245303274289,20.954106280193237,7.937466451959206,6.696188942565755,9.198872785829307,1.570048309178744,0.0939345142243693,0.03354804079441761
161,28.455448201825014,20.7662372517445,4.448470209339774,20.860171765968868,7.863660762211487,6.6760601180891035,9.125067096081589,1.6774020397208802,0.0939345142243693,0.03354804079441761
162,28.75738056897477,20.67230273752013,4.448470209339774,20.78636607622115,7.823403113258186,6.655931293612453,9.024422973698336,1.7042404723564144,0.0939345142243693,0.03354804079441761
163,28.891572732152444,20.585077831454644,4.441760601180891,20.43075684380032,7.917337627482555,6.6760601180891035,9.131776704240472,1.7981749865807837,0.0939345142243693,0.03354804079441761
164,29.052603327965645,20.491143317230275,4.428341384863124,20.377079978529252,7.937466451959206,6.66935050993022,9.098228663446054,1.8183038110574343,0.0939345142243693,0.03354804079441761
165,29.320987654320987,20.38378958668814,4.414922168545357,20.303274288781534,7.883789586688137,6.696188942565755,9.05126140633387,1.8183038110574343,0.0939345142243693,0.03354804079441761
166,29.636339237788512,20.35024154589372,4.42163177670424,20.189210950080515,7.769726247987117,6.6760601180891035,8.910359634997317,1.8853998926462694,0.1274825550187869,0.03354804079441761
167,29.716854535695116,20.35024154589372,4.388083735909823,20.088566827697264,7.7898550724637685,6.6827697262479875,8.93719806763285,1.8853998926462694,0.1274825550187869,0.03354804079441761
168,29.723564143854,20.29656468062265,4.42163177670424,19.940955448201827,7.977724100912507,6.642512077294686,8.883521202361782,1.9524959742351047,0.1274825550187869,0.03354804079441761
169,29.871175523349436,20.242887815351583,4.388083735909823,19.806763285024154,8.004562533548041,6.776704240472356,8.84326355340848,1.90552871712292,0.1274825550187869,0.03354804079441761
170,29.857756307031668,20.04830917874396,4.38137412775094,19.73966720343532,8.024691358024691,6.8035426731078905,9.084809447128288,1.8988191089640365,0.1274825550187869,0.03354804079441761
171,29.978529253891573,19.981213097155127,4.388083735909823,19.719538378958667,8.051529790660226,6.8035426731078905,9.044551798174986,1.8719806763285025,0.1274825550187869,0.03354804079441761
172,30.159688674181428,19.632313472893184,4.522275899087493,19.545088566827697,8.172302737520129,6.904186795491143,9.01100375738057,1.892109500805153,0.1274825550187869,0.03354804079441761
173,30.340848094471284,19.504830917874397,4.42163177670424,19.45786366076221,8.165593129361245,7.078636607622115,8.977455716586151,1.892109500805153,0.1274825550187869,0.03354804079441761
174,30.387815351583466,19.350509930220074,4.663177670424047,19.363929146537842,8.132045088566828,7.078636607622115,8.957326892109501,1.8786902844873858,0.1274825550187869,0.06038647342995169
175,30.52200751476114,19.330381105743424,4.663177670424047,19.290123456790123,8.152173913043478,7.065217391304348,8.890230810520666,1.8988191089640365,0.1274825550187869,0.06038647342995169
176,30.52871712292002,19.269994632313473,4.85775630703167,19.14922168545357,8.246108427267847,7.004830917874396,8.896940418679549,1.8585614600107354,0.1274825550187869,0.06038647342995169
177,30.327428878153516,19.592055823939884,4.891304347826087,18.894256575415994,8.225979602791197,7.092055823939882,8.93719806763285,1.8518518518518519,0.1274825550187869,0.06038647342995169
178,30.3743961352657,19.47799248523886,4.924852388620504,18.894256575415994,8.279656468062266,7.125603864734299,8.93719806763285,1.7981749865807837,0.1274825550187869,0.06038647342995169
179,30.441492216854535,19.256575415995705,4.9718196457326895,19.155931293612454,8.272946859903382,7.1658615136876005,8.769457863660762,1.778046162104133,0.1274825550187869,0.06038647342995169
180,30.307300053676865,19.223027375201287,4.663177670424047,18.726516371443907,8.735909822866345,7.514761137949543,8.863392377885132,1.778046162104133,0.1274825550187869,0.06038647342995169
181,30.454911433172303,19.182769726247987,4.62962962962963,18.666129898013956,8.756038647342995,7.501341921631776,8.84326355340848,1.778046162104133,0.1274825550187869,0.06038647342995169
182,30.46833064949007,18.95464304884595,4.616210413311863,18.391035963499732,8.695652173913043,7.5348899624261945,9.326355340848094,1.8250134192163177,0.1274825550187869,0.06038647342995169
183,30.54884594739667,18.840579710144926,4.616210413311863,18.4044551798175,8.756038647342995,7.501341921631776,9.31964573268921,1.8250134192163177,0.1274825550187869,0.06038647342995169
184,30.723295759527645,18.679549114331724,4.62962962962963,18.377616747181964,8.695652173913043,7.474503488996243,9.406870638754697,1.8250134192163177,0.1274825550187869,0.06038647342995169
185,30.85077831454643,18.5252281266774,4.622920021470746,18.19645732689211,8.675523349436393,7.48792270531401,9.50751476113795,1.9457863660762211,0.1274825550187869,0.06038647342995169
186,30.09259259259259,21.256038647342994,4.575952764358561,16.720343531937736,8.57487922705314,7.481213097155126,9.312936124530328,1.7981749865807837,0.1274825550187869,0.06038647342995169
187,30.112721417069242,21.115136876006442,4.582662372517445,16.203703703703702,8.467525496511003,7.37385936661299,10.305958132045088,1.6639828234031133,0.11406333870101985,0.06038647342995169
188,30.173107890499196,21.027911969940956,4.609500805152979,16.15673644659152,8.433977455716587,7.333601717659689,10.373054213633925,1.6908212560386473,0.14090177133655393,0.06038647342995169
189,30.3743961352657,20.9272678475577,4.582662372517445,16.11647879763822,8.427267847557703,7.313472893183038,10.339506172839506,1.7176596886741815,0.14090177133655393,0.06038647342995169
190,30.340848094471284,20.994363929146537,4.7168545356951155,16.069511540526033,8.340042941492216,7.387278582930757,10.258990874932904,1.6908212560386473,0.14090177133655393,0.06038647342995169
191,30.46833064949007,20.947396672034355,4.669887278582931,16.015834675254965,8.293075684380032,7.434245840042942,10.218733225979603,1.6908212560386473,0.17444981213097155,0.08722490606548577
192,30.04562533548041,20.2361782071927,4.5893719806763285,15.942028985507246,8.085077831454644,7.239667203435319,11.916264090177133,1.6841116478797638,0.17444981213097155,0.08722490606548577
193,30.360976918947934,20.202630166398283,4.569243156199678,15.83467525496511,8.071658615136876,7.212828770799785,11.822329575952764,1.6639828234031133,0.17444981213097155,0.08722490606548577
194,30.06575415995706,20.162372517444982,4.448470209339774,16.760601180891037,8.004562533548041,7.065217391304348,11.647879763821793,1.583467525496511,0.17444981213097155,0.08722490606548577
195,30.35426731078905,20.081857219538378,4.488727858293076,16.646537842190018,7.950885668276973,7.065217391304348,11.56736446591519,1.583467525496511,0.17444981213097155,0.08722490606548577
196,30.56897477187332,20.041599570585078,4.4820182501341925,16.472088030059044,7.877079978529254,7.011540526033279,11.54723564143854,1.737788513150832,0.17444981213097155,0.08722490606548577
197,30.320719269994633,19.860440150295222,4.30756843800322,16.33118625872249,7.340311325818572,6.998121309715513,12.969672571121846,1.6103059581320451,0.17444981213097155,0.08722490606548577
198,30.03220611916264,21.014492753623188,4.327697262479871,16.264090177133657,7.253086419753086,6.964573268921095,12.27187332259796,1.6103059581320451,0.17444981213097155,0.08722490606548577
199,29.97181964573269,20.8467525496511,4.146537842190016,17.72007514761138,6.971282877079979,6.877348362855609,11.627750939345143,1.6103059581320451,0.14090177133655393,0.08722490606548577
200,30.04562533548041,20.78636607622115,4.0995705850778315,17.652979066022546,6.977992485238862,7.0450885668276975,11.520397208803006,1.6103059581320451,0.17444981213097155,0.08722490606548577
201,30.26033279656468,20.645464304884594,4.180085882984434,17.612721417069242,6.91760601180891,7.03166935050993,11.41304347826087,1.6304347826086956,0.2214170692431562,0.08722490606548577
202,30.54213633923779,20.44417606011809,4.180085882984434,17.384594739667204,6.863929146537842,7.03166935050993,11.574074074074074,1.6304347826086956,0.2616747181964573,0.08722490606548577
203,30.56226516371444,20.437466451959207,4.126409017713366,17.458400429414922,6.984702093397746,6.998121309715513,11.460010735373054,1.6237251744498122,0.2616747181964573,0.08722490606548577
204,30.615942028985508,20.303274288781534,4.092860976918948,17.37788513150832,7.669082125603865,6.951154052603328,10.963499731615673,1.6237251744498122,0.3153515834675255,0.08722490606548577
205,30.649490069779926,20.316693505099302,4.079441760601181,17.66639828234031,7.6623725174449815,6.837090713902308,10.775630703166936,1.6237251744498122,0.30193236714975846,0.08722490606548577
206,30.797101449275363,20.249597423510465,4.03918411164788,17.612721417069242,7.675791733762749,6.810252281266774,10.802469135802468,1.6237251744498122,0.30193236714975846,0.08722490606548577
207,30.951422436929683,20.21604938271605,4.005636070853462,17.56575415995706,7.64224369296833,6.776704240472356,10.802469135802468,1.6572732152442298,0.2952227589908749,0.08722490606548577
208,31.052066559312937,20.189210950080515,4.079441760601181,17.458400429414922,7.628824476650563,6.816961889425658,10.735373054213634,1.6572732152442298,0.2952227589908749,0.08722490606548577
209,31.072195383789587,20.142243692968332,4.079441760601181,17.619431025228128,7.588566827697263,6.8035426731078905,10.654857756307031,1.6572732152442298,0.2952227589908749,0.08722490606548577
210,31.30703166935051,20.014761137949545,4.032474503488996,17.619431025228128,7.555018786902845,6.830381105743425,10.61460010735373,1.6572732152442298,0.28180354267310787,0.08722490606548577
211,31.414385399892645,19.685990338164252,3.9452495974235107,17.351046698872786,7.427536231884058,6.877348362855609,11.325818572195384,1.6237251744498122,0.28180354267310787,0.06709608158883522
212,31.44122383252818,19.652442297369834,3.911701556629093,16.854535695115406,7.991143317230274,6.977992485238862,11.198336017176597,1.6237251744498122,0.28180354267310787,0.06709608158883522
213,31.44122383252818,19.632313472893184,3.938539989264627,16.834406870638755,7.991143317230274,6.977992485238862,11.211755233494364,1.6237251744498122,0.28180354267310787,0.06709608158883522
214,30.213365539452496,21.672034353193773,3.92512077294686,16.17686527106817,7.937466451959206,6.991411701556629,11.124530327428879,1.6237251744498122,0.2683843263553409,0.06709608158883522
215,30.273752012882447,21.504294149221685,3.965378421900161,16.129898013955984,7.950885668276973,6.971282877079979,11.245303274288782,1.6237251744498122,0.2683843263553409,0.06709608158883522
216,30.589103596349972,21.443907675791735,3.9586688137412773,15.975577026301664,7.9039184111647875,6.9243156199677935,11.258722490606548,1.6438539989264627,0.23483628556092323,0.06709608158883522
217,30.575684380032207,21.24932903918411,4.42163177670424,15.60654857756307,8.038110574342458,6.890767579173376,11.272141706924316,1.6438539989264627,0.23483628556092323,0.06709608158883522
218,30.770263016639827,20.96081588835212,4.448470209339774,15.566290928609769,8.031400966183575,7.065217391304348,11.245303274288782,1.6103059581320451,0.23483628556092323,0.06709608158883522
219,30.575684380032207,20.719269994632313,4.636339237788513,15.76086956521739,8.017981749865807,7.212828770799785,11.211755233494364,1.5633387010198605,0.23483628556092323,0.06709608158883522
220,30.938003220611915,20.71256038647343,4.609500805152979,15.485775630703166,7.997852925389157,7.300053676865271,11.104401502952227,1.5499194847020934,0.23483628556092323,0.06709608158883522
221,31.011808910359633,20.511272141706925,4.508856682769726,15.257648953301127,8.501073537305421,7.2933440687063875,11.09098228663446,1.5230810520665594,0.23483628556092323,0.06709608158883522
222,31.159420289855074,20.39049919484702,4.549114331723027,15.190552871712292,8.507783145464305,7.273215244229737,10.970209339774557,1.6572732152442298,0.23483628556092323,0.06709608158883522
223,31.13929146537842,20.29656468062265,4.435050993022007,15.183843263553408,8.742619431025227,7.407407407407407,10.82259796027912,1.6706924315619969,0.23483628556092323,0.06709608158883522
224,31.340579710144926,20.21604938271605,4.394793344068707,15.183843263553408,8.742619431025227,7.407407407407407,10.742082662372518,1.6706924315619969,0.23483628556092323,0.06709608158883522
225,31.253354804079443,20.135534084809446,4.3545356951154055,15.177133655394526,8.749329039184111,7.555018786902845,10.762211486849168,1.6505636070853462,0.2952227589908749,0.06709608158883522
226,31.273483628556093,19.92753623188406,4.38137412775094,15.11003757380569,8.829844337090714,7.5281803542673105,10.93666129898014,1.6505636070853462,0.2952227589908749,0.06709608158883522
227,31.45464304884595,19.85373054213634,4.38137412775094,15.08990874932904,8.78287707997853,7.5281803542673105,10.916532474503489,1.6304347826086956,0.2952227589908749,0.06709608158883522
228,31.4747718733226,19.652442297369834,4.441760601180891,15.009393451422437,9.004294149221685,7.541599570585078,10.889694041867955,1.6237251744498122,0.2952227589908749,0.06709608158883522
229,31.488191089640367,19.659151905528716,4.414922168545357,14.962426194310252,9.01100375738057,7.62211486849168,10.869565217391305,1.6103059581320451,0.2952227589908749,0.06709608158883522
230,31.548577563070317,19.746376811594203,4.374664519592056,14.922168545356952,8.93719806763285,7.648953301127214,10.836017176596886,1.6237251744498122,0.2952227589908749,0.06709608158883522
231,31.602254428341386,19.719538378958667,4.40150295222759,14.922168545356952,8.903650026838433,7.64224369296833,10.82259796027912,1.6237251744498122,0.2952227589908749,0.06709608158883522
232,31.790123456790123,19.57192699946323,4.38137412775094,14.949006977992486,8.876811594202898,7.635534084809447,10.809178743961352,1.6237251744498122,0.2952227589908749,0.06709608158883522
233,31.97128287707998,19.49812130971551,4.468599033816425,14.9020397208803,8.943907675791733,7.601986044015029,10.628019323671497,1.6237251744498122,0.2952227589908749,0.06709608158883522
234,32.05179817498658,19.6256038647343,4.461889425657541,14.834943639291465,8.829844337090714,7.595276435856146,10.554213633923778,1.6170155662909287,0.36231884057971014,0.06709608158883522
235,32.14573268921095,19.605475040257648,4.51556629092861,14.741009125067096,8.856682769726248,7.514761137949543,10.587761674718196,1.6170155662909287,0.3488996242619431,0.06709608158883522
236,32.347020933977454,19.565217391304348,4.51556629092861,14.74771873322598,8.84326355340848,7.467793880837359,10.527375201288244,1.5901771336553945,0.3488996242619431,0.04696725711218465
