,45,50,55,53,52,56,51,54,58,57,60,59,46,61,62,63,49
0,99.39613526570048,0.6038647342995169,,,,,,,,,,,,,,,
1,93.6862587224906,6.280193236714976,0.03354804079441761,,,,,,,,,,,,,,
2,92.64626945786367,7.300053676865271,0.03354804079441761,0.020128824476650563,,,,,,,,,,,,,
3,73.47020933977456,24.27536231884058,0.0939345142243693,,2.1604938271604937,,,,,,,,,,,,
4,73.21524422973698,24.10091250670961,0.5233494363929146,,2.1604938271604937,,,,,,,,,,,,
5,72.7992485238862,24.4296833064949,0.5837359098228664,,2.187332259796028,,,,,,,,,,,,
6,72.51073537305422,24.65780998389694,0.6374127750939346,,2.167203435319377,0.026838432635534086,,,,,,,,,,,
7,72.34970477724102,24.785292538915726,0.6709608158883521,,2.167203435319377,0.026838432635534086,,,,,,,,,,,
8,68.31052066559313,28.093129361245303,0.6709608158883521,0.30193236714975846,1.9524959742351047,0.026838432635534086,0.644122383252818,,,,,,,,,,
9,67.98174986580784,28.327965646806227,0.7648953301127214,0.30193236714975846,1.9524959742351047,0.026838432635534086,0.644122383252818,,,,,,,,,,
10,65.7139023081052,30.112721417069242,1.247987117552335,0.30193236714975846,1.9524959742351047,0.026838432635534086,0.644122383252818,,,,,,,,,,
11,65.24422973698336,30.495169082125603,1.3352120236178207,0.30193236714975846,1.9524959742351047,0.026838432635534086,0.644122383252818,,,,,,,,,,
12,64.47262479871175,31.09903381642512,1.4694041867954912,0.30193236714975846,1.9524959742351047,0.06038647342995169,0.644122383252818,,,,,,,,,,
13,53.48899624261943,33.903650026838434,1.5297906602254427,0.30193236714975846,1.9524959742351047,0.06038647342995169,8.76274825550188,,,,,,,,,,
14,51.670692431561996,35.57434245840043,1.556629092860977,0.30193236714975846,1.9524959742351047,0.03354804079441761,8.59500805152979,0.3153515834675255,,,,,,,,,
15,49.77858293075684,37.31213097155126,1.8853998926462694,0.30193236714975846,1.9793344068706387,0.03354804079441761,8.373590982286634,0.33548040794417605,,,,,,,,,
16,49.12775093934514,37.65432098765432,2.24771873322598,0.30193236714975846,1.9793344068706387,0.03354804079441761,8.319914117015566,0.322061191626409,0.013419216317767043,,,,,,,,
17,49.08749329039184,37.39264626945786,2.61003757380569,0.30193236714975846,1.9793344068706387,0.03354804079441761,8.225979602791197,0.35560923242082665,0.013419216317767043,,,,,,,,
18,48.52388620504563,36.882716049382715,2.8381642512077296,0.30193236714975846,1.9524959742351047,0.12077294685990338,8.984165324745035,0.35560923242082665,0.013419216317767043,0.026838432635534086,,,,,,,
19,39.08346752549651,44.38405797101449,3.0327428878153517,0.30193236714975846,1.9927536231884058,0.12077294685990338,8.943907675791733,2.100107353730542,0.013419216317767043,0.026838432635534086,,,,,,,
20,36.231884057971016,46.13526570048309,2.831454643048846,0.2214170692431562,3.683574879227053,0.12077294685990338,8.628556092324208,2.059849704777241,0.013419216317767043,0.040257648953301126,0.03354804079441761,,,,,,
21,35.69511540526033,44.30354267310789,2.8515834675254963,0.2214170692431562,3.5829307568438002,0.12077294685990338,8.55475040257649,4.522275899087493,0.040257648953301126,0.040257648953301126,0.03354804079441761,0.03354804079441761,,,,,
22,35.61460010735373,44.29012345679013,2.885131508319914,0.2549651100375738,3.5829307568438002,0.1610305958132045,8.55475040257649,4.508856682769726,0.040257648953301126,0.040257648953301126,0.03354804079441761,0.03354804079441761,,,,,
23,35.61460010735373,44.20289855072464,2.8515834675254963,0.2549651100375738,3.5762211486849167,0.1610305958132045,8.548040794417606,4.609500805152979,0.06038647342995169,0.05367686527106817,0.03354804079441761,0.03354804079441761,,,,,
24,34.74235104669887,44.75308641975309,2.8113258185721954,2.1068169618894257,3.603059581320451,0.1610305958132045,7.085346215780999,4.555823939881911,0.06038647342995169,0.05367686527106817,0.03354804079441761,0.03354804079441761,,,,,
25,32.94417606011809,46.28958668813741,2.871712292002147,2.1068169618894257,3.8915727321524423,0.1610305958132045,6.984702093397746,4.555823939881911,0.06038647342995169,0.05367686527106817,0.04696725711218465,0.03354804079441761,,,,,
26,32.53488996242619,46.68545356951154,2.9052603327965647,2.1068169618894257,3.8714439076757916,0.1610305958132045,6.984702093397746,4.555823939881911,0.06038647342995169,0.05367686527106817,0.04696725711218465,0.03354804079441761,,,,,
27,28.63660762211487,50.946054750402574,3.026033279656468,2.1068169618894257,4.253891572732153,0.1610305958132045,6.3137412775093935,4.374664519592056,0.04696725711218465,0.05367686527106817,0.04696725711218465,0.03354804079441761,,,,,
28,28.63660762211487,49.71148684916801,4.247181964573269,2.0933977455716586,4.253891572732153,0.1610305958132045,6.3137412775093935,4.327697262479871,0.0939345142243693,0.06709608158883522,0.04696725711218465,0.04696725711218465,,,,,
29,23.544015029522274,57.749597423510465,4.320987654320987,2.059849704777241,3.1535158346752548,0.1610305958132045,6.233225979602791,2.623456790123457,0.06038647342995169,0.040257648953301126,0.04696725711218465,0.0067096081588835215,,,,,
30,22.403381642512077,56.54857756307032,4.3545356951154055,2.059849704777241,3.1602254428341383,0.17444981213097155,8.521202361782072,2.623456790123457,0.06038647342995169,0.040257648953301126,0.04696725711218465,0.0067096081588835215,,,,,
31,22.31615673644659,56.53515834675255,4.562533548040794,2.0799785292538915,3.113258185721954,0.17444981213097155,8.427267847557703,2.623456790123457,0.06038647342995169,0.05367686527106817,0.04696725711218465,0.0067096081588835215,,,,,
32,22.322866344605476,56.28019323671498,4.777241009125067,2.0799785292538915,3.113258185721954,0.1878690284487386,8.420558239398819,2.623456790123457,0.06038647342995169,0.05367686527106817,0.07380568974771873,0.0067096081588835215,,,,,
33,21.994095544820183,55.01878690284487,4.468599033816425,2.0665593129361244,5.072463768115942,0.1878690284487386,8.172302737520129,2.7844873859366612,0.07380568974771873,0.05367686527106817,0.08722490606548577,0.020128824476650563,,,,,
34,21.960547504025765,54.85775630703167,4.616210413311863,2.0531400966183573,5.005367686527107,0.28180354267310787,8.158883521202362,2.771068169618894,0.07380568974771873,0.11406333870101985,0.08722490606548577,0.020128824476650563,,,,,
35,20.7662372517445,55.9044551798175,4.74369296833065,2.0531400966183573,4.851046698872786,0.30193236714975846,8.125335480407944,2.804616210413312,0.0939345142243693,0.24825550187869028,0.08722490606548577,0.020128824476650563,,,,,
36,20.75281803542673,54.34111647879764,5.4616210413311865,2.0665593129361244,4.851046698872786,0.30193236714975846,8.125335480407944,3.6500268384326353,0.0939345142243693,0.24825550187869028,0.08722490606548577,0.020128824476650563,,,,,
37,19.93424584004294,52.95222758990875,5.542136339237788,2.0933977455716586,4.851046698872786,0.33548040794417605,10.19189479334407,3.6500268384326353,0.0939345142243693,0.24825550187869028,0.08722490606548577,0.020128824476650563,,,,,
38,19.940955448201827,52.83816425120773,5.609232420826624,1.9793344068706387,4.851046698872786,0.33548040794417605,10.21202361782072,3.6500268384326353,0.2281266774020397,0.24825550187869028,0.08722490606548577,0.020128824476650563,,,,,
39,19.068706387546968,50.905797101449274,6.260064412238325,1.9793344068706387,4.864465915190553,0.33548040794417605,12.245034889962426,3.7573805689747717,0.2281266774020397,0.24825550187869028,0.08722490606548577,0.020128824476650563,,,,,
40,19.02173913043478,50.6508319914117,6.172839506172839,2.475845410628019,4.8443370907139025,0.36231884057971014,12.117552334943639,3.7238325281803544,0.2281266774020397,0.2683843263553409,0.11406333870101985,0.020128824476650563,,,,,
41,18.927804616210413,48.37627482555019,4.146537842190016,2.509393451422437,9.742351046698873,0.36231884057971014,11.600912506709609,3.717122920021471,0.2281266774020397,0.2549651100375738,0.11406333870101985,0.020128824476650563,,,,,
42,18.95464304884595,47.316156736446594,4.139828234031133,2.5026838432635534,11.218464841653248,0.38915727321524424,10.970209339774557,3.8848631239935587,0.23483628556092323,0.24154589371980675,0.11406333870101985,0.020128824476650563,0.013419216317767043,,,,
43,17.98174986580784,46.67203435319377,4.74369296833065,2.5026838432635534,10.82259796027912,0.38915727321524424,12.345679012345679,3.864734299516908,0.23483628556092323,0.27509393451422437,0.13419216317767044,0.020128824476650563,0.013419216317767043,,,,
44,17.840848094471284,46.282877079978526,4.790660225442834,3.0595813204508855,11.305689747718732,0.4428341384863124,11.802200751476114,3.8378958668813743,0.2281266774020397,0.2616747181964573,0.13419216317767044,0.013419216317767043,,,,,
45,17.673107890499196,45.67230273752013,5.018786902844874,2.918679549114332,11.044015029522276,0.4428341384863124,12.86231884057971,3.7372517444981215,0.2281266774020397,0.2549651100375738,0.13419216317767044,0.013419216317767043,,,,,
46,17.06924315619968,43.585614600107355,4.42163177670424,3.0059044551798175,10.93666129898014,0.5703166935050993,16.75389157273215,2.9052603327965647,0.2683843263553409,0.33548040794417605,0.13419216317767044,0.013419216317767043,,,,,
47,17.062533548040793,40.707192699946326,4.448470209339774,6.736446591519055,10.829307568438002,0.5837359098228664,16.680085882984432,2.2208803005904456,0.2616747181964573,0.36231884057971014,0.10735373054213634,,,,,,
48,15.45222758990875,42.3845947396672,4.468599033816425,6.736446591519055,10.775630703166936,0.6374127750939346,16.545893719806763,2.214170692431562,0.28180354267310787,0.39586688137412773,0.10735373054213634,,,,,,
49,15.331454643048845,42.37788513150832,4.562533548040794,6.736446591519055,10.775630703166936,0.785024154589372,16.404991948470208,2.227589908749329,0.28180354267310787,0.4092860976918948,0.10735373054213634,,,,,,
50,15.318035426731079,42.08266237251745,4.938271604938271,6.702898550724638,10.762211486849168,0.785024154589372,16.35131508319914,2.227589908749329,0.3153515834675255,0.4092860976918948,0.10735373054213634,,,,,,
51,15.096618357487923,41.8142780461621,4.951690821256038,6.327160493827161,10.674986580783683,0.7917337627482555,16.881374127750938,2.227589908749329,0.3153515834675255,0.8118625872249061,0.10735373054213634,,,,,,
52,14.99597423510467,39.331723027375205,7.440955448201825,6.327160493827161,10.735373054213634,0.8051529790660226,16.894793344068706,2.227589908749329,0.3153515834675255,0.8118625872249061,0.11406333870101985,,,,,,
53,14.969135802469136,37.84219001610306,6.736446591519055,5.414653784219001,14.78797638217928,0.7179280730005367,16.794149221685455,1.710950080515298,0.19457863660762212,0.8118625872249061,0.020128824476650563,,,,,,
54,14.97584541062802,37.65432098765432,6.890767579173376,5.414653784219001,14.78797638217928,0.7380568974771873,16.800858829844337,1.710950080515298,0.19457863660762212,0.8118625872249061,0.020128824476650563,,,,,,
55,14.861782071927,37.68115942028985,6.957863660762212,6.219806763285024,14.184111647879764,0.7380568974771873,16.59286097691895,1.710950080515298,0.19457863660762212,0.8387010198604401,0.020128824476650563,,,,,,
56,14.210950080515298,28.31454643048846,6.146001073537305,4.341116478797638,13.855340848094471,0.798443370907139,29.488727858293075,1.9189479334406871,0.05367686527106817,0.8319914117015567,0.040257648953301126,,,,,,
57,14.15727321524423,27.576489533011273,6.6760601180891035,5.032206119162641,13.39237788513151,0.9057971014492754,28.549382716049383,2.0799785292538915,0.06038647342995169,1.5297906602254427,0.040257648953301126,,,,,,
58,14.123725174449811,27.4422973698336,6.723027375201288,5.032206119162641,13.33870101986044,0.9326355340848095,28.650026838432634,2.0799785292538915,0.06038647342995169,1.5767579173376274,0.040257648953301126,,,,,,
59,14.090177133655395,27.361782071927,6.810252281266774,5.032206119162641,13.311862587224907,0.9326355340848095,28.65673644659152,2.0531400966183573,0.06038647342995169,1.5767579173376274,0.0939345142243693,,,0.020128824476650563,,,
60,13.372249060654857,22.624798711755233,2.3886205045625335,3.3413848631239937,18.438003220611915,1.42914653784219,35.41331186258722,1.8719806763285025,0.07380568974771873,0.9863123993558777,0.040257648953301126,,,0.020128824476650563,,,
61,13.150831991411701,22.758990874932906,2.4154589371980677,3.374932903918411,18.35077831454643,1.5432098765432098,35.279119699409556,1.9122383252818036,0.07380568974771873,1.0802469135802468,0.040257648953301126,,,0.020128824476650563,,,
62,13.191089640365004,22.6784755770263,2.4490069779924855,3.6366076221148687,18.303811057434245,1.6170155662909287,35.198604401502955,1.6975308641975309,0.07380568974771873,1.1272141706924315,0.0067096081588835215,,,0.020128824476650563,,,
63,11.540526033279656,24.50348899624262,2.475845410628019,3.6500268384326353,18.08239398819109,1.6237251744498122,35.12479871175523,1.751207729468599,0.07380568974771873,1.1473429951690821,0.0067096081588835215,,,0.020128824476650563,,,
64,11.486849168008588,24.268652710681696,2.5697799248523885,3.6500268384326353,18.02871712292002,1.778046162104133,35.16505636070853,1.751207729468599,0.07380568974771873,1.2010198604401503,0.0067096081588835215,,,0.020128824476650563,,,
65,11.41304347826087,24.18142780461621,2.5831991411701556,3.670155662909286,17.94820182501342,1.8115942028985508,35.25228126677402,1.751207729468599,0.10064412238325282,1.247987117552335,0.020128824476650563,,,0.020128824476650563,,,
66,11.43317230273752,24.14117015566291,2.623456790123457,3.6366076221148687,17.914653784219002,1.9726247987117553,35.12479871175523,1.751207729468599,0.13419216317767044,1.2278582930756843,0.020128824476650563,,,0.020128824476650563,,,
67,11.352657004830919,24.074074074074073,2.623456790123457,3.629898013955985,17.921363392377884,2.1269457863660763,35.10466988727858,1.751207729468599,0.13419216317767044,1.2412775093934514,0.020128824476650563,,,0.020128824476650563,,,
68,11.017176596886742,23.315888352120236,2.677133655394525,3.4017713365539453,19.538378958668815,2.7106816961889426,34.41358024691358,1.3754696725711217,0.17444981213097155,1.3419216317767042,0.013419216317767043,,,0.020128824476650563,,,
69,10.970209339774557,23.295759527643586,2.771068169618894,3.4151905528717124,19.504830917874397,2.7241009125067097,34.366612989801396,1.3754696725711217,0.17444981213097155,1.3687600644122384,0.013419216317767043,,,0.020128824476650563,,,
70,10.86285560923242,21.544551798174986,2.7308105206655933,3.3682232957595275,19.847020933977454,2.7643585614600106,36.00375738056898,1.2815351583467525,0.19457863660762212,1.3687600644122384,0.013419216317767043,,,0.020128824476650563,,,
71,10.829307568438002,21.430488459473967,3.0595813204508855,3.0931293612453032,19.806763285024154,2.85829307568438,35.93666129898014,1.328502415458937,0.19457863660762212,1.42914653784219,0.013419216317767043,,,0.020128824476650563,,,
72,10.554213633923778,21.061460010735374,3.280998389694042,3.1199677938808374,20.665593129361245,2.791196994095545,35.50053676865271,1.3150831991411702,0.20128824476650564,1.4761137949543746,0.013419216317767043,,,0.020128824476650563,,,
73,10.507246376811594,20.873590982286636,3.3279656468062266,3.1333870101986045,20.578368223295758,4.025764895330113,34.48067632850242,1.3150831991411702,0.20128824476650564,1.5230810520665594,0.013419216317767043,,,0.020128824476650563,,,
74,10.406602254428341,20.8467525496511,3.3682232957595275,5.730005367686527,18.109232420826622,4.1129898013955986,34.252549651100374,1.3821792807300053,0.2147074610842727,1.5432098765432098,0.013419216317767043,,,0.020128824476650563,,,
75,10.38647342995169,20.819914117015568,3.3480944712828773,6.327160493827161,17.975040257648953,4.4820182501341925,33.44068706387547,1.3754696725711217,0.2616747181964573,1.5499194847020934,0.013419216317767043,,,0.020128824476650563,,,
76,10.258990874932904,20.9272678475577,3.3682232957595275,6.353998926462695,17.921363392377884,4.569243156199678,33.36688137412775,1.3486312399355878,0.2616747181964573,1.570048309178744,0.013419216317767043,0.020128824476650563,,0.020128824476650563,,,
77,10.265700483091788,20.8870101986044,3.3950617283950617,6.112453032742888,17.559044551798173,5.273752012882448,33.25281803542673,1.3486312399355878,0.2616747181964573,1.5901771336553945,0.013419216317767043,0.020128824476650563,,0.020128824476650563,,,
78,10.285829307568438,20.759527643585614,3.4151905528717124,6.528448738593666,17.391304347826086,4.884594739667204,32.78314546430489,1.9994632313472893,0.2616747181964573,1.6304347826086956,0.013419216317767043,0.020128824476650563,,0.026838432635534086,,,
79,10.272410091250672,20.73268921095008,3.44873859366613,6.521739130434782,17.37788513150832,4.891304347826087,32.769726247987116,2.0263016639828235,0.2683843263553409,1.6304347826086956,0.013419216317767043,0.020128824476650563,,0.026838432635534086,,,
80,10.34621578099839,20.71256038647343,3.435319377348363,6.488191089640365,17.371175523349436,4.911433172302737,32.7361782071927,1.9994632313472893,0.2683843263553409,1.6706924315619969,0.013419216317767043,0.020128824476650563,,0.026838432635534086,,,
81,10.299248523886206,20.182501341921633,3.5091250670960816,6.025228126677402,16.914922168545356,4.783950617283951,34.17203435319377,1.9994632313472893,0.2952227589908749,1.7579173376274826,0.013419216317767043,0.020128824476650563,,0.026838432635534086,,,
82,10.285829307568438,20.182501341921633,3.5426731078904994,5.991680085882985,16.854535695115406,4.8443370907139025,34.09822866344606,1.9994632313472893,0.32877079978529256,1.8115942028985508,0.013419216317767043,0.020128824476650563,,0.026838432635534086,,,
83,10.245571658615138,20.229468599033815,3.6097691894793345,5.984970477724101,16.82769726247987,4.911433172302737,33.9975845410628,2.0128824476650564,0.322061191626409,1.8115942028985508,0.013419216317767043,0.0067096081588835215,,0.026838432635534086,,,
84,10.25228126677402,20.202630166398283,3.629898013955985,5.9447128287707995,16.82769726247987,5.387815351583468,33.581588835212024,1.9592055823939882,0.33548040794417605,1.8183038110574343,0.013419216317767043,0.020128824476650563,,0.026838432635534086,,,
85,10.02415458937198,19.57192699946323,4.985238862050457,5.911164787976382,16.774020397208805,5.414653784219001,32.749597423510465,2.2745571658615136,0.32877079978529256,1.8250134192163177,0.06038647342995169,0.05367686527106817,,0.026838432635534086,,,
86,10.037573805689748,19.565217391304348,5.059044551798175,5.891035963499732,16.75389157273215,5.421363392377885,32.64224369296833,2.301395598497048,0.32877079978529256,1.8585614600107354,0.06038647342995169,0.05367686527106817,,0.026838432635534086,,,
87,9.849704777241008,19.81347289318304,5.052334943639291,5.904455179817498,16.74718196457327,5.683038110574342,32.347020933977454,2.2879763821792807,0.3153515834675255,1.8518518518518519,0.06709608158883522,0.05367686527106817,,0.026838432635534086,,,
88,9.88996242619431,19.766505636070853,5.065754159957058,5.877616747181965,16.780730005367687,5.703166935050993,32.2866344605475,2.3550724637681157,0.3153515834675255,1.8115942028985508,0.06709608158883522,0.05367686527106817,,0.026838432635534086,,,
89,9.856414385399892,19.806763285024154,5.038915727321524,5.877616747181965,16.700214707461082,5.776972624798712,32.2061191626409,2.395330112721417,0.3153515834675255,1.8786902844873858,0.06709608158883522,0.05367686527106817,,0.026838432635534086,,,
90,9.574610842726784,19.96779388083736,5.166398282340311,6.125872249060655,15.230810520665592,5.810520665593129,32.078636607622116,4.05931293612453,0.322061191626409,1.4492753623188406,0.06709608158883522,0.12077294685990338,,0.026838432635534086,,,
91,9.03113258185722,21.34326355340848,5.173107890499195,6.125872249060655,15.257648953301127,5.884326355340848,31.273483628556093,3.9452495974235107,0.322061191626409,1.42914653784219,0.06709608158883522,0.12077294685990338,,0.026838432635534086,,,
92,9.084809447128288,21.24932903918411,5.253623188405797,6.099033816425121,15.271068169618895,5.931293612453032,31.17283950617284,3.9586688137412773,0.33548040794417605,1.42914653784219,0.06709608158883522,0.12077294685990338,,0.026838432635534086,,,
93,9.111647879763822,19.585346215780998,5.562265163714439,6.105743424584004,15.230810520665592,5.897745571658615,32.709339774557165,3.7573805689747717,0.33548040794417605,1.4694041867954912,0.08051529790660225,0.12077294685990338,,0.03354804079441761,,,
94,8.863392377885132,19.0552871712292,5.589103596349974,6.112453032742888,15.673644659151906,5.958132045088567,32.83682232957595,3.797638217928073,0.3488996242619431,1.5297906602254427,0.08051529790660225,0.12077294685990338,,0.03354804079441761,,,
95,8.809715512614064,18.99490069779925,5.60252281266774,7.085346215780999,15.579710144927537,5.743424584004294,32.23295759527644,3.7238325281803544,0.36231884057971014,1.6304347826086956,0.08051529790660225,0.12077294685990338,,0.03354804079441761,,,
96,8.836553945249598,18.96135265700483,5.891035963499732,6.327160493827161,15.579710144927537,5.763553408480945,32.18599033816425,3.7238325281803544,0.35560923242082665,2.1403650026838434,0.08051529790660225,0.12077294685990338,,0.03354804079441761,,,
97,8.829844337090714,18.867418142780462,5.931293612453032,7.071926999463232,15.009393451422437,5.897745571658615,31.984702093397747,3.7238325281803544,0.35560923242082665,2.0933977455716586,0.08051529790660225,0.12077294685990338,,0.03354804079441761,,,
98,8.84326355340848,18.84728931830381,5.971551261406334,7.024959742351046,15.009393451422437,5.931293612453032,31.93773483628556,3.7372517444981215,0.35560923242082665,2.1068169618894257,0.08051529790660225,0.12077294685990338,,0.03354804079441761,,,
99,8.776167471819646,18.853998926462694,6.052066559312936,7.011540526033279,14.801395598497047,6.494900697799249,31.676060118089104,3.750670960815888,0.35560923242082665,1.9927536231884058,0.08051529790660225,0.12077294685990338,,0.03354804079441761,,,
100,8.789586688137414,18.813741277509394,6.085614600107354,7.011540526033279,14.680622651637144,6.5552871712292005,31.588835212023618,3.750670960815888,0.35560923242082665,2.1135265700483092,0.08722490606548577,0.12077294685990338,,0.04696725711218465,,,
101,8.809715512614064,18.800322061191626,6.072195383789587,7.018250134192163,14.647074610842727,6.595544820182502,31.54186795491143,3.750670960815888,0.36231884057971014,2.147074610842727,0.08722490606548577,0.12077294685990338,,0.04696725711218465,,,
102,8.836553945249598,18.78690284487386,6.112453032742888,7.14573268921095,14.61352657004831,6.622383252818035,31.387546967257112,3.7372517444981215,0.36231884057971014,2.15378421900161,0.08722490606548577,0.10735373054213634,,0.04696725711218465,,,
103,8.890230810520666,18.739935587761675,6.078904991948471,7.098765432098766,14.546430488459475,6.66935050993022,31.320450885668276,3.750670960815888,0.4294149221685454,2.2208803005904456,0.08722490606548577,0.10735373054213634,,0.06038647342995169,,,
104,8.930488459473967,18.71309715512614,5.931293612453032,7.2933440687063875,14.479334406870638,6.649221685453569,31.125872249060656,3.589640365002684,0.7313472893183038,2.24771873322598,0.08722490606548577,0.13419216317767044,,0.08722490606548577,,,
105,8.957326892109501,18.438003220611915,6.286902844873859,7.601986044015029,14.412238325281804,6.508319914117015,30.931293612453032,3.5225442834138487,0.785024154589372,2.24771873322598,0.08722490606548577,0.13419216317767044,,0.08722490606548577,,,
106,8.628556092324208,14.88191089640365,4.26731078904992,7.1658615136876005,13.875469672571121,6.561996779388084,38.499731615673646,3.294417606011809,0.4562533548040794,2.1604938271604937,0.040257648953301126,0.08051529790660225,,0.08722490606548577,,,
107,8.641975308641975,14.667203435319378,4.28743961352657,7.1658615136876005,13.41250670960816,7.729468599033816,38.14412238325282,3.294417606011809,0.4562533548040794,1.9793344068706387,0.040257648953301126,0.0939345142243693,,0.08722490606548577,,,
108,8.541331186258722,14.170692431561998,4.260601180891036,7.716049382716049,12.949543746645196,7.2933440687063875,39.07675791733763,3.321256038647343,0.4562533548040794,1.9927536231884058,0.040257648953301126,0.0939345142243693,,0.08722490606548577,,,
109,8.57487922705314,14.083467525496511,4.42163177670424,7.682501341921632,12.915995705850777,7.273215244229737,38.98282340311326,3.33467525496511,0.4562533548040794,2.0263016639828235,0.06709608158883522,0.0939345142243693,,0.08722490606548577,,,
110,8.340042941492216,14.15727321524423,4.367954911433173,8.21256038647343,12.86231884057971,7.87037037037037,38.13070316693505,3.3011272141706924,0.4562533548040794,2.01959205582394,0.06709608158883522,0.0939345142243693,,0.12077294685990338,,,
111,8.360171765968868,14.150563607085346,4.367954911433173,8.172302737520129,12.835480407944177,7.944176060118089,38.036768652710684,3.3011272141706924,0.4562533548040794,2.0531400966183573,0.06709608158883522,0.13419216317767044,,0.12077294685990338,,,
112,8.373590982286634,14.076757917337627,4.341116478797638,8.158883521202362,12.822061191626409,7.494632313472893,37.567096081588836,4.28743961352657,0.4562533548040794,2.0665593129361244,0.06038647342995169,0.13419216317767044,,0.14090177133655393,0.020128824476650563,,
113,8.319914117015566,13.553408480944713,4.2270531400966185,8.11862587224906,12.86231884057971,8.05823939881911,37.68786902844874,4.26731078904992,0.4562533548040794,2.0665593129361244,0.06038647342995169,0.13419216317767044,,0.15432098765432098,0.03354804079441761,,
114,8.252818035426731,13.627214170692431,4.2270531400966185,7.944176060118089,13.211218464841654,7.85024154589372,37.6610305958132,4.26731078904992,0.4562533548040794,2.0933977455716586,0.08722490606548577,0.13419216317767044,,0.15432098765432098,0.03354804079441761,,
115,8.239398819108963,13.600375738056897,4.985238862050457,7.581857219538379,12.848899624261943,7.883789586688137,38.04347826086956,3.9184111647879765,0.4428341384863124,2.0128824476650564,0.08722490606548577,0.16774020397208803,,0.15432098765432098,0.03354804079441761,,
116,8.266237251744498,13.607085346215781,5.025496511003757,7.541599570585078,12.828770799785293,7.883789586688137,37.996511003757384,3.9452495974235107,0.46296296296296297,1.9994632313472893,0.08722490606548577,0.16774020397208803,,0.15432098765432098,0.03354804079441761,,
117,8.28636607622115,13.546698872785829,5.032206119162641,7.555018786902845,12.835480407944177,7.950885668276973,37.936124530327426,3.938539989264627,0.48980139559849706,1.9860440150295222,0.08722490606548577,0.16774020397208803,,0.15432098765432098,0.03354804079441761,,
118,8.319914117015566,13.546698872785829,5.025496511003757,7.541599570585078,12.795222758990874,7.9106280193236715,37.915995705850776,3.965378421900161,0.48980139559849706,2.01959205582394,0.08722490606548577,0.16774020397208803,,0.18115942028985507,0.03354804079441761,,
119,8.299785292538916,13.499731615673644,5.891035963499732,7.494632313472893,12.513419216317766,7.796564680622652,37.21148684916801,4.294149221685454,0.5233494363929146,1.9927536231884058,0.08722490606548577,0.16774020397208803,0.013419216317767043,0.18115942028985507,0.03354804079441761,,
120,8.313204508856682,13.305152979066023,5.971551261406334,7.474503488996243,12.620772946859903,7.87037037037037,37.07058507783145,4.3545356951154055,0.5233494363929146,2.0128824476650564,0.08722490606548577,0.16774020397208803,0.013419216317767043,0.18115942028985507,0.03354804079441761,,
121,8.199141170155663,13.305152979066023,6.018518518518518,7.474503488996243,12.526838432635534,7.877079978529254,36.922973698336016,4.455179817498658,0.5233494363929146,2.1806226516371443,0.08722490606548577,0.16774020397208803,0.013419216317767043,0.20128824476650564,0.04696725711218465,,
122,8.172302737520129,13.278314546430488,6.045356951154052,7.501341921631776,12.513419216317766,7.877079978529254,36.922973698336016,4.455179817498658,0.5233494363929146,2.1940418679549114,0.08722490606548577,0.16774020397208803,0.013419216317767043,0.20128824476650564,0.04696725711218465,,
123,8.125335480407944,12.661030595813205,5.776972624798712,7.4006977992485234,14.38539989264627,7.897208803005904,36.01717659688674,4.38137412775094,0.5233494363929146,2.301395598497048,0.08722490606548577,0.16774020397208803,0.026838432635534086,0.20128824476650564,0.04696725711218465,,
124,8.13875469672571,12.647611379495437,5.776972624798712,7.37385936661299,14.338432635534085,7.944176060118089,35.95679012345679,4.435050993022007,0.5367686527106817,2.3215244229736984,0.08722490606548577,0.16774020397208803,0.026838432635534086,0.20128824476650564,0.04696725711218465,,
125,8.09849704777241,12.607353730542137,5.8172302737520125,7.367149758454106,14.42565754159957,7.98443370907139,35.829307568438004,4.4820182501341925,0.5367686527106817,2.3215244229736984,0.08722490606548577,0.16774020397208803,0.026838432635534086,0.20128824476650564,0.04696725711218465,,
126,8.105206655931294,12.573805689747719,5.850778314546431,7.353730542136339,14.351851851851851,7.997852925389157,35.74208266237252,4.542404723564144,0.5367686527106817,2.4490069779924855,0.08722490606548577,0.13419216317767044,0.026838432635534086,0.20128824476650564,0.04696725711218465,,
127,8.11862587224906,12.47987117552335,5.917874396135265,7.320182501341922,14.378690284487385,8.132045088566828,35.601180891035966,4.542404723564144,0.5636070853462157,2.4490069779924855,0.08722490606548577,0.13419216317767044,0.026838432635534086,0.20128824476650564,0.04696725711218465,,
128,7.991143317230274,12.298711755233494,5.897745571658615,7.266505636070853,14.237788513150832,8.13875469672571,36.07085346215781,4.522275899087493,0.5636070853462157,2.4825550187869028,0.08722490606548577,0.17444981213097155,0.026838432635534086,0.19457863660762212,0.04696725711218465,,
129,7.991143317230274,12.177938808373591,5.9514224369296835,7.4006977992485234,14.170692431561998,8.239398819108963,36.01717659688674,4.4820182501341925,0.5770263016639828,2.462426194310252,0.08722490606548577,0.17444981213097155,0.026838432635534086,0.19457863660762212,0.04696725711218465,,
130,8.004562533548041,12.110842726784755,6.112453032742888,7.434245840042942,14.163982823403114,8.80300590445518,35.299248523886206,4.468599033816425,0.644122383252818,2.428878153515835,0.08722490606548577,0.16774020397208803,0.026838432635534086,0.20128824476650564,0.04696725711218465,,
131,7.971014492753623,12.037037037037036,6.139291465378422,7.434245840042942,14.049919484702093,9.01100375738057,35.238862050456255,4.51556629092861,0.644122383252818,2.428878153515835,0.08722490606548577,0.16774020397208803,0.026838432635534086,0.20128824476650564,0.04696725711218465,,
132,8.011272141706923,12.016908212560386,6.286902844873859,7.427536231884058,13.942565754159958,9.03113258185722,35.16505636070853,4.51556629092861,0.644122383252818,2.428878153515835,0.08722490606548577,0.16774020397208803,0.026838432635534086,0.20128824476650564,0.04696725711218465,,
133,8.024691358024691,11.902844873859367,6.300322061191626,7.474503488996243,13.935856146001074,9.004294149221685,35.27241009125067,4.488727858293076,0.644122383252818,2.4221685453569513,0.08722490606548577,0.16774020397208803,0.026838432635534086,0.20128824476650564,0.04696725711218465,,
134,8.004562533548041,11.842458400429415,6.394256575415996,7.447665056360709,13.922436929683306,9.151905528717123,35.10466988727858,4.502147074610843,0.6575415995705851,2.4221685453569513,0.08722490606548577,0.16774020397208803,0.026838432635534086,0.20128824476650564,0.06709608158883522,,
135,8.004562533548041,11.822329575952764,6.461352657004831,7.347020933977456,13.902308105206655,9.198872785829307,35.017444981213096,4.676596886741814,0.6239935587761675,2.395330112721417,0.08722490606548577,0.16774020397208803,0.026838432635534086,0.20128824476650564,0.06709608158883522,,
136,7.977724100912507,11.842458400429415,6.474771873322598,7.320182501341922,13.862050456253355,9.292807300053678,34.91009125067096,4.703435319377348,0.6239935587761675,2.4557165861513686,0.08722490606548577,0.15432098765432098,0.026838432635534086,0.20128824476650564,0.06709608158883522,,
137,7.977724100912507,11.728395061728396,6.501610305958132,7.320182501341922,13.66076221148685,9.98389694041868,34.42028985507246,4.683306494900698,0.6239935587761675,2.563070316693505,0.08722490606548577,0.18115942028985507,0.026838432635534086,0.17444981213097155,0.06709608158883522,,
138,8.004562533548041,11.708266237251744,6.501610305958132,7.380568974771873,13.654052603327965,10.010735373054214,34.35990338164251,4.683306494900698,0.6105743424584005,2.5496511003757383,0.08722490606548577,0.18115942028985507,0.026838432635534086,0.17444981213097155,0.06709608158883522,,
139,8.05823939881911,11.701556629092861,6.454643048845948,7.360440150295223,13.627214170692431,9.957058507783145,34.333064949006975,4.683306494900698,0.6776704240472357,2.5831991411701556,0.11406333870101985,0.18115942028985507,0.026838432635534086,0.17444981213097155,0.06709608158883522,,
140,8.05823939881911,11.58749329039184,6.447933440687064,7.306763285024155,13.848631239935587,10.010735373054214,34.21229200214707,4.676596886741814,0.7112184648416533,2.576489533011272,0.11406333870101985,0.18115942028985507,0.026838432635534086,0.17444981213097155,0.06709608158883522,,
141,8.051529790660226,11.600912506709609,6.454643048845948,7.37385936661299,13.841921631776705,10.010735373054214,34.11164787976382,4.703435319377348,0.7112184648416533,2.5496511003757383,0.11406333870101985,0.18115942028985507,0.026838432635534086,0.17444981213097155,0.06709608158883522,0.026838432635534086,
142,8.051529790660226,11.56736446591519,6.816961889425658,7.333601717659689,13.81508319914117,10.00402576489533,33.7157809983897,4.736983360171766,0.7514761137949544,2.6167471819645733,0.14090177133655393,0.16774020397208803,0.026838432635534086,0.17444981213097155,0.06709608158883522,0.013419216317767043,
143,8.017981749865807,11.520397208803006,7.065217391304348,7.313472893183038,13.768115942028986,10.044283413848632,33.48765432098765,4.736983360171766,0.785024154589372,2.6704240472356413,0.14090177133655393,0.16774020397208803,0.026838432635534086,0.17444981213097155,0.06709608158883522,0.013419216317767043,
144,8.038110574342458,11.453301127214171,7.065217391304348,7.300053676865271,13.754696725711218,10.091250670960816,33.400429414922165,4.810789049919484,0.798443370907139,2.6838432635534084,0.14090177133655393,0.16774020397208803,0.026838432635534086,0.1878690284487386,0.06709608158883522,0.013419216317767043,
145,7.924047235641439,11.460010735373054,7.071926999463232,7.595276435856146,13.66076221148685,10.044283413848632,33.279656468062264,4.797369833601718,0.798443370907139,2.7643585614600106,0.14090177133655393,0.16774020397208803,0.026838432635534086,0.1878690284487386,0.06709608158883522,0.013419216317767043,
146,7.917337627482555,11.460010735373054,7.071926999463232,7.568438003220612,13.667471819645733,10.044283413848632,33.25952764358561,4.8443370907139025,0.798443370907139,2.737520128824477,0.14761137949543746,0.1610305958132045,0.026838432635534086,0.1878690284487386,0.0939345142243693,0.013419216317767043,
147,7.897208803005904,11.352657004830919,7.03166935050993,7.568438003220612,13.667471819645733,10.131508319914117,33.13875469672571,5.045625335480408,0.798443370907139,2.737520128824477,0.14761137949543746,0.1610305958132045,0.026838432635534086,0.1878690284487386,0.0939345142243693,0.013419216317767043,
148,7.809983896940419,11.325818572195384,7.0383789586688135,7.64224369296833,14.143853998926463,10.178475577026301,32.7361782071927,5.059044551798175,0.798443370907139,2.636876006441224,0.14761137949543746,0.1610305958132045,0.026838432635534086,0.1878690284487386,0.0939345142243693,0.013419216317767043,
149,7.702630166398282,11.399624261943103,7.595276435856146,7.588566827697263,13.754696725711218,10.171765968867419,32.71604938271605,5.065754159957058,0.798443370907139,2.576489533011272,0.14761137949543746,0.1610305958132045,0.026838432635534086,0.1878690284487386,0.0939345142243693,0.013419216317767043,
150,7.695920558239399,11.392914653784219,7.6623725174449815,7.548309178743962,13.754696725711218,10.198604401502953,32.669082125603865,5.065754159957058,0.798443370907139,2.589908749329039,0.14761137949543746,0.1610305958132045,0.026838432635534086,0.1878690284487386,0.08722490606548577,0.013419216317767043,
151,7.561728395061729,11.2788513150832,7.595276435856146,7.555018786902845,14.17740203972088,10.171765968867419,32.66237251744498,5.052334943639291,0.7783145464304885,2.5026838432635534,0.14761137949543746,0.20128824476650564,0.026838432635534086,0.1878690284487386,0.08722490606548577,0.013419216317767043,
152,7.648953301127214,11.265432098765432,7.96430488459474,7.514761137949543,14.163982823403114,10.25228126677402,32.2061191626409,5.132850241545894,0.7648953301127214,2.4557165861513686,0.10735373054213634,0.20128824476650564,0.026838432635534086,0.19457863660762212,0.08722490606548577,0.013419216317767043,
153,7.628824476650563,11.238593666129898,7.991143317230274,7.011540526033279,13.88888888888889,10.373054213633925,32.85024154589372,5.112721417069243,0.7783145464304885,2.522812667740204,0.10735373054213634,0.18115942028985507,0.026838432635534086,0.1878690284487386,0.08722490606548577,0.013419216317767043,
154,7.62211486849168,11.144659151905529,7.957595276435856,6.977992485238862,14.13714439076758,10.399892646269459,32.60198604401503,5.193236714975845,0.798443370907139,2.563070316693505,0.10735373054213634,0.18115942028985507,0.026838432635534086,0.1878690284487386,0.08722490606548577,0.013419216317767043,
155,7.689210950080516,11.137949543746645,7.930756843800322,6.998121309715513,14.11701556629093,10.420021470746109,32.54830917874396,5.193236714975845,0.798443370907139,2.5563607085346214,0.10735373054213634,0.18115942028985507,0.026838432635534086,0.19457863660762212,0.08722490606548577,0.013419216317767043,
156,7.702630166398282,11.137949543746645,7.950885668276973,6.977992485238862,14.090177133655395,9.970477724100913,31.246645195920557,6.810252281266774,0.8319914117015567,2.5831991411701556,0.13419216317767044,0.24825550187869028,0.026838432635534086,0.1878690284487386,0.08722490606548577,0.013419216317767043,
157,7.702630166398282,11.137949543746645,8.038110574342458,6.9310252281266775,14.016371443907676,9.990606548577563,31.15271068169619,6.837090713902308,0.8588298443370908,2.576489533011272,0.13419216317767044,0.30193236714975846,0.026838432635534086,0.19457863660762212,0.08722490606548577,0.013419216317767043,
158,7.709339774557166,11.017176596886742,8.279656468062266,7.353730542136339,13.83521202361782,9.88996242619431,30.991680085882983,6.723027375201288,0.8655394524959742,2.5295222758990876,0.1610305958132045,0.32877079978529256,0.020128824476650563,0.19457863660762212,0.08722490606548577,0.013419216317767043,
159,7.467793880837359,11.245303274288782,8.272946859903382,7.353730542136339,13.66076221148685,9.762479871175524,30.441492216854535,7.555018786902845,0.8387010198604401,2.5831991411701556,0.1610305958132045,0.32877079978529256,0.020128824476650563,0.20799785292538917,0.08722490606548577,0.013419216317767043,
160,7.467793880837359,11.245303274288782,8.3064949006978,7.353730542136339,13.6406333870102,9.809447128287708,30.367686527106816,7.555018786902845,0.8387010198604401,2.5966183574879227,0.1610305958132045,0.32877079978529256,0.020128824476650563,0.20799785292538917,0.08722490606548577,0.013419216317767043,
161,7.467793880837359,11.245303274288782,8.3064949006978,7.340311325818572,13.593666129898015,9.836285560923242,30.334138486312398,7.555018786902845,0.8521202361782072,2.589908749329039,0.1878690284487386,0.36231884057971014,0.020128824476650563,0.20799785292538917,0.08722490606548577,0.013419216317767043,
162,7.440955448201825,11.272141706924316,8.433977455716587,7.340311325818572,13.580246913580247,9.769189479334408,30.253623188405797,7.615405260332796,0.8521202361782072,2.563070316693505,0.1878690284487386,0.36231884057971014,0.020128824476650563,0.20799785292538917,0.08722490606548577,0.013419216317767043,
