,45,50,54,55,53,52,51,56,60,57,58,59,62,61,63,64
0,95.95410628019323,3.92512077294686,0.07380568974771873,0.04696725711218465,,,,,,,,,,,,
1,95.18250134192164,4.636339237788513,0.07380568974771873,0.07380568974771873,0.03354804079441761,,,,,,,,,,,
2,90.98228663446055,8.80300590445518,0.07380568974771873,0.08051529790660225,0.03354804079441761,0.026838432635534086,,,,,,,,,,
3,71.75925925925925,26.82501341921632,0.07380568974771873,0.18115942028985507,0.03354804079441761,0.06038647342995169,1.06682769726248,,,,,,,,,
4,68.90096618357488,24.751744498121308,0.06038647342995169,0.18115942028985507,0.03354804079441761,0.06038647342995169,5.931293612453032,0.06709608158883522,0.013419216317767043,,,,,,,
5,64.06333870101986,29.26731078904992,0.14761137949543746,0.4025764895330113,0.03354804079441761,0.06038647342995169,5.904455179817498,0.0939345142243693,0.013419216317767043,0.013419216317767043,,,,,,
6,61.63446054750403,31.5552871712292,0.1274825550187869,0.5300590445517982,0.06038647342995169,0.06038647342995169,5.649490069779925,0.35560923242082665,0.013419216317767043,0.013419216317767043,,,,,,
7,61.04401502952228,31.91760601180891,0.1610305958132045,0.644122383252818,0.06038647342995169,0.08051529790660225,5.6964573268921095,0.36902844873859364,0.013419216317767043,0.013419216317767043,,,,,,
8,48.731884057971016,44.07541599570585,0.1610305958132045,0.7380568974771873,0.08722490606548577,0.0939345142243693,5.71658615136876,0.36902844873859364,0.013419216317767043,0.013419216317767043,,,,,,
9,48.2487922705314,43.42458400429415,0.1610305958132045,0.8387010198604401,0.08722490606548577,0.12077294685990338,6.749865807836822,0.3421900161030596,0.013419216317767043,0.013419216317767043,,,,,,
10,46.20907139023081,43.47826086956522,0.17444981213097155,0.9796027911969941,1.9122383252818036,0.2147074610842727,6.6827697262479875,0.322061191626409,0.013419216317767043,0.013419216317767043,,,,,,
11,38.92914653784219,47.91331186258722,0.35560923242082665,1.415727321524423,1.8786902844873858,2.4825550187869028,6.629092860976919,0.33548040794417605,0.013419216317767043,0.013419216317767043,0.03354804079441761,,,,,
12,38.539989264626946,47.738862050456255,0.46296296296296297,1.8786902844873858,1.8786902844873858,2.4825550187869028,6.622383252818035,0.33548040794417605,0.013419216317767043,0.013419216317767043,0.03354804079441761,,,,,
13,37.4597423510467,48.47691894793344,0.5703166935050993,1.9860440150295222,1.8786902844873858,2.49597423510467,6.642512077294686,0.4294149221685454,0.013419216317767043,0.013419216317767043,0.03354804079441761,,,,,
14,32.628824476650564,40.90848094471283,0.4562533548040794,2.1135265700483092,1.8719806763285025,2.4154589371980677,18.968062265163713,0.5367686527106817,0.013419216317767043,0.05367686527106817,0.03354804079441761,,,,,
15,32.400697799248526,40.82796564680623,0.4562533548040794,2.341653247450349,1.8719806763285025,2.428878153515835,19.0150295222759,0.5568974771873323,0.013419216317767043,0.05367686527106817,0.03354804079441761,,,,,
16,27.34836285560923,48.31588835212023,0.6105743424584005,2.5026838432635534,2.804616210413312,2.314814814814815,15.217391304347826,0.7246376811594203,0.013419216317767043,0.08051529790660225,0.06709608158883522,,,,,
17,23.11460010735373,54.45517981749866,0.6038647342995169,2.563070316693505,2.7442297369833604,2.301395598497048,13.33870101986044,0.7179280730005367,0.013419216317767043,0.08051529790660225,0.06709608158883522,,,,,
18,22.993827160493826,53.743961352657,0.6977992485238862,3.207192699946323,2.7308105206655933,2.341653247450349,13.365539452495975,0.7246376811594203,0.013419216317767043,0.08051529790660225,0.10064412238325282,,,,,
19,22.289318303811058,51.388888888888886,0.8521202361782072,3.408480944712829,2.757648953301127,2.4154589371980677,15.98899624261943,0.7045088566827697,0.013419216317767043,0.08051529790660225,0.10064412238325282,,,,,
20,22.128287707997853,51.13392377885131,0.8521202361782072,3.7573805689747717,2.8247450348899625,2.408749329039184,15.935319377348362,0.7581857219538379,0.013419216317767043,0.08722490606548577,0.10064412238325282,,,,,
21,21.4170692431562,44.35050993022008,0.9728931830381106,3.569511540526033,2.8113258185721954,1.3419216317767042,24.630971551261407,0.7514761137949544,0.013419216317767043,0.06709608158883522,0.07380568974771873,,,,,
22,21.155394524959743,44.457863660762214,0.9930220075147611,3.629898013955985,2.9119699409554483,1.3419216317767042,24.342458400429415,1.0131508319914118,0.013419216317767043,0.06709608158883522,0.07380568974771873,,,,,
23,20.182501341921633,41.418411164787976,0.9326355340848095,3.5292538915727323,2.918679549114332,1.4090177133655395,28.488996242619432,0.966183574879227,0.013419216317767043,0.05367686527106817,0.08722490606548577,,,,,
24,18.9345142243693,42.632850241545896,0.798443370907139,3.1199677938808374,1.9659151905528718,1.3888888888888888,29.924852388620504,1.093666129898014,,0.05367686527106817,0.08722490606548577,,,,,
25,18.06226516371444,43.16961889425657,0.9125067096081588,3.3011272141706924,1.9793344068706387,1.402308105206656,29.817498658078367,1.2010198604401503,,0.06709608158883522,0.08722490606548577,,,,,
26,18.015297906602253,42.46511003757381,1.0265700483091786,3.5292538915727323,3.5628019323671496,1.3955984970477724,28.475577026301664,1.3083735909822867,,0.10064412238325282,0.12077294685990338,,,,,
27,17.867686527106816,38.258185721953836,1.1741814278046163,3.5292538915727323,3.556092324208266,1.3620504562533549,32.769726247987116,1.2748255501878691,,0.08722490606548577,0.12077294685990338,,,,,
28,17.85426731078905,35.46698872785829,3.126677402039721,3.421900161030596,3.5762211486849167,2.314814814814815,32.66237251744498,1.3553408480944713,,0.10064412238325282,0.12077294685990338,,,,,
29,17.62614063338701,35.55421363392378,3.1736446591519054,3.475577026301664,3.535963499731616,2.314814814814815,32.66237251744498,1.4224369296833066,0.013419216317767043,0.10064412238325282,0.12077294685990338,,,,,
30,17.612721417069242,35.32608695652174,3.294417606011809,3.616478797638218,3.556092324208266,2.314814814814815,32.27992485238862,1.7646269457863661,0.013419216317767043,0.10064412238325282,0.12077294685990338,,,,,
31,15.599838969404187,38.32528180354267,3.1870638754696725,3.6634460547504024,3.5225442834138487,2.3550724637681157,31.125872249060656,1.932367149758454,0.026838432635534086,0.10064412238325282,0.12077294685990338,0.040257648953301126,,,,
32,15.378421900161031,38.26489533011272,3.1870638754696725,3.9452495974235107,3.4621578099838968,2.3483628556092326,30.891035963499732,2.167203435319377,0.026838432635534086,0.10735373054213634,0.18115942028985507,0.040257648953301126,,,,
33,15.24422973698336,38.0703166935051,3.4286097691894795,4.03918411164788,3.4957058507783145,2.3617820719269993,30.54213633923779,2.4490069779924855,0.026838432635534086,0.12077294685990338,0.18115942028985507,0.040257648953301126,,,,
34,15.150295222758992,35.601180891035966,6.199677938808374,3.824476650563607,3.5762211486849167,2.3617820719269993,30.273752012882447,2.5966183574879227,0.04696725711218465,0.12077294685990338,0.20799785292538917,0.040257648953301126,,,,
35,15.103327965646805,34.997316156736446,6.293612453032743,4.42163177670424,3.5628019323671496,2.509393451422437,29.95169082125604,2.7241009125067097,0.03354804079441761,0.15432098765432098,0.20799785292538917,0.040257648953301126,,,,
36,15.063070316693505,34.96376811594203,6.286902844873859,4.468599033816425,3.5762211486849167,2.4892646269457863,29.716854535695116,2.945517981749866,0.040257648953301126,0.17444981213097155,0.20799785292538917,0.05367686527106817,0.013419216317767043,,,
37,14.774557165861514,34.54106280193237,6.347289318303811,4.817498658078368,3.4822866344605474,2.4557165861513686,30.280461621041333,2.717391304347826,0.040257648953301126,0.23483628556092323,0.24154589371980675,0.05367686527106817,0.013419216317767043,,,
38,13.09044551798175,36.01717659688674,6.3137412775093935,5.018786902844874,3.556092324208266,2.3617820719269993,30.159688674181428,2.8247450348899625,0.06038647342995169,0.2616747181964573,0.2683843263553409,0.05367686527106817,0.013419216317767043,,,
39,12.942834138486312,34.5276435856146,6.515029522275899,4.944981213097155,3.515834675254965,3.8848631239935587,29.918142780461622,3.066290928609769,0.06038647342995169,0.2885131508319914,0.2683843263553409,0.05367686527106817,0.013419216317767043,,,
40,12.929414922168545,34.21229200214707,6.4345142243692965,5.0791733762748255,3.556092324208266,3.8177670424047236,29.851046698872786,3.1870638754696725,0.06038647342995169,0.35560923242082665,0.4025764895330113,0.10064412238325282,0.013419216317767043,,,
41,11.419753086419753,33.56816961889426,5.984970477724101,4.898013955984971,3.770799785292539,4.958400429414922,31.072195383789587,3.408480944712829,0.08051529790660225,0.3421900161030596,0.39586688137412773,0.08722490606548577,0.013419216317767043,,,
42,11.392914653784219,33.4272678475577,6.0654857756307035,4.884594739667204,3.81105743424584,4.904723564143854,30.931293612453032,3.569511540526033,0.08051529790660225,0.43612453032742887,0.39586688137412773,0.08722490606548577,0.013419216317767043,,,
43,11.352657004830919,33.17230273752013,6.099033816425121,5.018786902844874,3.797638217928073,4.904723564143854,30.66290928609769,3.8915727321524423,0.08051529790660225,0.5099302200751477,0.39586688137412773,0.10064412238325282,0.013419216317767043,,,
44,11.29898013955985,33.051529790660226,6.246645195920558,5.018786902844874,3.81105743424584,4.891304347826087,29.55582393988191,4.99194847020934,0.08051529790660225,0.5367686527106817,0.4025764895330113,0.10064412238325282,0.013419216317767043,,,
45,10.57434245840043,33.51449275362319,6.206387546967257,5.280461621041331,3.730542136339238,4.824208266237251,29.62962962962963,4.958400429414922,0.19457863660762212,0.5367686527106817,0.43612453032742887,0.10064412238325282,0.013419216317767043,,,
46,7.763016639828234,45.70585077831455,5.8239398819108965,4.320987654320987,2.24771873322598,4.414922168545357,24.214975845410628,4.40150295222759,0.19457863660762212,0.47638217928073,0.30193236714975846,0.10064412238325282,0.013419216317767043,0.020128824476650563,,
47,7.561728395061729,44.53166935050993,5.783682232957595,4.49543746645196,3.3950617283950617,4.414922168545357,24.61755233494364,4.052603327965647,0.2214170692431562,0.47638217928073,0.30193236714975846,0.10064412238325282,0.013419216317767043,0.03354804079441761,,
48,7.521470746108427,44.236446591519055,6.072195383789587,4.5960815888352125,3.408480944712829,4.388083735909823,24.36929683306495,4.247181964573269,0.2214170692431562,0.48980139559849706,0.30193236714975846,0.10064412238325282,0.013419216317767043,0.03354804079441761,,
49,7.461084272678476,43.263553408480945,6.105743424584004,4.770531400966184,3.4286097691894795,4.300858829844337,24.859098228663445,4.569243156199678,0.2214170692431562,0.5300590445517982,0.30193236714975846,0.14090177133655393,0.013419216317767043,0.03354804079441761,,
50,7.347020933977456,41.19028448738594,5.743424584004294,4.74369296833065,4.388083735909823,4.320987654320987,26.382179280730007,4.555823939881911,0.24825550187869028,0.5233494363929146,0.35560923242082665,0.15432098765432098,0.013419216317767043,0.03354804079441761,,
51,7.306763285024155,40.90177133655394,5.629361245303274,4.924852388620504,4.341116478797638,4.28743961352657,26.10708534621578,4.931561996779388,0.28180354267310787,0.5770263016639828,0.47638217928073,0.1878690284487386,0.013419216317767043,0.03354804079441761,,
52,7.306763285024155,40.693773483628554,5.622651637144391,5.0858829844337095,4.341116478797638,4.30756843800322,26.006441223832528,5.025496511003757,0.28180354267310787,0.5770263016639828,0.47638217928073,0.2147074610842727,0.013419216317767043,0.04696725711218465,,
53,7.226247987117552,33.07836822329576,5.622651637144391,5.146269457863661,17.847557702630166,3.938539989264627,22.21551261406334,3.3480944712828773,0.1878690284487386,0.5904455179817498,0.5703166935050993,0.2147074610842727,0.013419216317767043,,,
54,7.219538378958669,32.078636607622116,5.649490069779925,5.4616210413311865,18.5252281266774,3.9184111647879765,22.074610842726784,3.3548040794417604,0.1878690284487386,0.6105743424584005,0.6575415995705851,0.24825550187869028,0.013419216317767043,,,
55,7.152442297369833,30.917874396135264,5.595813204508857,5.2066559312936125,18.739935587761675,3.8915727321524423,23.403113258185723,3.374932903918411,0.1878690284487386,0.5434782608695652,0.7045088566827697,0.2683843263553409,0.013419216317767043,,,
56,6.541867954911433,28.35480407944176,5.253623188405797,4.374664519592056,15.727321524422974,3.784219001610306,30.877616747181964,3.3011272141706924,0.20799785292538917,0.5770263016639828,0.6977992485238862,0.2885131508319914,0.013419216317767043,,,
57,6.427804616210413,28.14009661835749,5.3274288781535155,4.441760601180891,12.338969404186795,3.643317230273752,34.17874396135266,3.2541599570585076,0.20799785292538917,0.7179280730005367,1.0265700483091786,0.28180354267310787,0.013419216317767043,,,
58,5.991680085882985,27.24771873322598,5.226784755770263,4.676596886741814,12.285292538915728,3.589640365002684,35.258990874932906,3.4621578099838968,0.20799785292538917,0.7380568974771873,1.0332796564680622,0.2683843263553409,0.013419216317767043,,,
59,5.938003220611916,27.006172839506174,5.448201825013419,4.884594739667204,12.285292538915728,3.656736446591519,34.98389694041868,3.515834675254965,0.20128824476650564,0.7648953301127214,1.0265700483091786,0.27509393451422437,0.013419216317767043,,,
60,5.870907139023081,25.59044551798175,5.381105743424584,4.851046698872786,14.036500268384327,3.643317230273752,34.70209339774557,3.5628019323671496,0.20128824476650564,0.7783145464304885,1.0466988727858293,0.322061191626409,0.013419216317767043,,,
61,5.864197530864198,25.503220611916262,5.428073000536768,4.884594739667204,14.023081052066559,3.6097691894793345,34.43370907139023,3.8848631239935587,0.20128824476650564,0.7514761137949544,1.1003757380568975,0.30193236714975846,0.013419216317767043,,,
62,5.622651637144391,23.637949543746647,5.4616210413311865,4.777241009125067,16.109769189479334,3.6097691894793345,34.10493827160494,4.30756843800322,0.2147074610842727,0.7514761137949544,1.0869565217391304,0.30193236714975846,0.013419216317767043,,,
63,5.360976918947934,23.523886205045624,5.555555555555555,4.830917874396135,16.002415458937197,3.6231884057971016,34.21900161030596,4.28743961352657,0.2147074610842727,0.8118625872249061,1.2077294685990339,0.3488996242619431,0.013419216317767043,,,
64,5.314009661835748,23.295759527643586,5.58239398819109,5.10601180891036,15.94873859366613,3.6231884057971016,34.05126140633387,4.341116478797638,0.24154589371980675,0.8856682769726248,1.2412775093934514,0.3488996242619431,0.020128824476650563,,,
65,5.193236714975845,22.52415458937198,5.428073000536768,5.226784755770263,15.687063875469672,3.4286097691894795,35.33279656468062,4.414922168545357,0.2281266774020397,0.8252818035426731,1.3419216317767042,0.3488996242619431,0.020128824476650563,,,
66,5.139559849704777,22.436929683306495,5.46833064949007,5.5689747718733225,15.70048309178744,3.4017713365539453,34.82957595276436,4.690016103059581,0.23483628556092323,0.8252818035426731,1.3352120236178207,0.3488996242619431,0.020128824476650563,,,
67,5.139559849704777,22.342995169082126,5.387815351583468,7.105475040257649,17.196725711218466,3.3682232957595275,32.1256038647343,4.49543746645196,0.23483628556092323,0.8185721953837896,1.415727321524423,0.33548040794417605,0.020128824476650563,0.013419216317767043,,
68,4.804079441760601,21.390230810520666,5.307300053676865,7.105475040257649,17.223564143854,3.3279656468062266,34.18545356951154,3.743961352657005,0.2683843263553409,0.7783145464304885,1.4358561460010735,0.35560923242082665,0.026838432635534086,0.04696725711218465,,
69,4.750402576489533,21.20907139023081,5.314009661835748,7.25979602791197,13.258185721953838,5.897745571658615,35.621309715512616,3.7372517444981215,0.30193236714975846,0.9460547504025765,1.1876006441223832,0.4294149221685454,0.026838432635534086,0.06038647342995169,,
70,4.663177670424047,20.263016639828233,5.0993022007514766,7.447665056360709,12.875738056897477,6.971282877079979,35.319377348362856,4.3545356951154055,0.33548040794417605,0.9460547504025765,1.2077294685990339,0.4294149221685454,0.026838432635534086,0.06038647342995169,,
71,4.636339237788513,20.04830917874396,5.226784755770263,7.890499194847021,12.801932367149758,8.883521202361782,33.272946859903385,4.260601180891036,0.33548040794417605,0.9192163177670424,1.2077294685990339,0.4294149221685454,0.026838432635534086,0.06038647342995169,,
72,4.609500805152979,19.699409554482017,5.152979066022544,8.427267847557703,12.587224906065487,8.910359634997317,32.991143317230275,4.528985507246377,0.33548040794417605,0.9863123993558777,1.2412775093934514,0.4227053140096618,0.04696725711218465,0.06038647342995169,,
73,4.609500805152979,19.444444444444443,5.179817498658078,8.796296296296296,12.526838432635534,8.836553945249598,32.789855072463766,4.636339237788513,0.32877079978529256,1.0869565217391304,1.221148684916801,0.43612453032742887,0.04696725711218465,0.06038647342995169,,
74,4.508856682769726,19.310252281266774,5.159688674181428,9.07139023081052,12.573805689747719,8.890230810520666,32.52147074610843,4.643048845947397,0.32877079978529256,1.06682769726248,1.3620504562533549,0.47638217928073,0.026838432635534086,0.06038647342995169,,
75,4.4753086419753085,19.082125603864736,5.193236714975845,9.138486312399356,12.453032742887816,8.789586688137414,32.58185721953838,4.669887278582931,0.32877079978529256,1.1003757380568975,1.6237251744498122,0.47638217928073,0.026838432635534086,0.06038647342995169,,
76,4.40150295222759,18.793612453032743,5.35426731078905,9.172034353193773,13.667471819645733,8.80300590445518,31.273483628556093,4.730273752012883,0.32877079978529256,1.247987117552335,1.6371443907675791,0.47638217928073,0.026838432635534086,0.08722490606548577,,
77,4.3478260869565215,18.773483628556093,5.387815351583468,9.400161030595813,13.647342995169081,8.796296296296296,31.15271068169619,4.696725711218465,0.32877079978529256,1.221148684916801,1.6304347826086956,0.49651100375738055,0.026838432635534086,0.0939345142243693,,
78,4.213633923778851,18.303811057434245,5.025496511003757,9.46725711218465,13.479602791196994,10.305958132045088,30.52871712292002,4.777241009125067,0.30193236714975846,1.221148684916801,1.724369296833065,0.5099302200751477,0.026838432635534086,0.11406333870101985,,
79,4.186795491143317,17.69994632313473,5.924584004294149,9.084809447128288,13.358829844337091,11.252012882447666,29.62962962962963,5.179817498658078,0.2549651100375738,0.95276435856146,1.8250134192163177,0.49651100375738055,0.026838432635534086,0.1274825550187869,,
80,4.1532474503489,17.47181964573269,6.052066559312936,9.326355340848094,13.264895330112722,11.18491680085883,29.32769726247987,5.401234567901234,0.2549651100375738,0.9796027911969941,1.90552871712292,0.5166398282340311,0.026838432635534086,0.13419216317767044,,
81,4.126409017713366,17.310789049919485,6.125872249060655,9.426999463231347,13.251476113794954,11.151368760064413,29.186795491143318,5.595813204508857,0.2549651100375738,1.0064412238325282,1.892109500805153,0.49651100375738055,0.026838432635534086,0.14761137949543746,,
82,4.119699409554482,17.11621041331186,6.092324208266238,9.742351046698873,13.050187869028449,11.124530327428879,29.052603327965645,5.642780461621041,0.2549651100375738,1.0735373054213635,2.059849704777241,0.49651100375738055,0.026838432635534086,0.14761137949543746,,
83,4.066022544283414,17.07595276435856,6.125872249060655,9.822866344605474,13.070316693505099,11.144659151905529,28.92512077294686,5.669618894256575,0.2549651100375738,1.1003757380568975,2.0531400966183573,0.5166398282340311,0.026838432635534086,0.14761137949543746,,
84,4.066022544283414,16.780730005367687,6.132581857219538,10.111379495437467,13.030059044551798,11.097691894793345,28.73725174449812,5.844068706387547,0.2549651100375738,1.1473429951690821,2.1068169618894257,0.5166398282340311,0.026838432635534086,0.14761137949543746,,
85,4.045893719806763,16.686795491143318,6.280193236714976,10.165056360708535,12.97638217928073,11.151368760064413,28.488996242619432,5.897745571658615,0.2549651100375738,1.1607622114868492,2.187332259796028,0.5166398282340311,0.026838432635534086,0.1610305958132045,,
86,4.005636070853462,15.96886741814278,6.152710681696189,9.849704777241008,12.74825550187869,12.681159420289855,28.30112721417069,5.917874396135265,0.2549651100375738,1.1741814278046163,2.2611379495437465,0.5032206119162641,0.020128824476650563,0.1610305958132045,,
87,3.965378421900161,15.901771336553946,6.179549114331723,9.930220075147611,12.627482555018787,12.681159420289855,27.79790660225443,6.347289318303811,0.23483628556092323,1.3083735909822867,2.314814814814815,0.5300590445517982,0.020128824476650563,0.1610305958132045,,
88,3.9586688137412773,15.60654857756307,6.219806763285024,10.064412238325282,12.983091787439614,12.439613526570048,27.65029522275899,6.521739130434782,0.23483628556092323,1.2748255501878691,2.3349436392914655,0.5300590445517982,0.020128824476650563,0.1610305958132045,,
89,3.92512077294686,15.640096618357488,6.226516371443908,9.957058507783145,13.009930220075148,12.177938808373591,27.20746108427268,7.1725711218464845,0.23483628556092323,1.3687600644122384,2.341653247450349,0.5434782608695652,0.020128824476650563,0.17444981213097155,,
90,3.898282340311326,15.552871712292003,6.360708534621578,9.916800858829845,12.848899624261943,12.057165861513688,27.086688137412775,7.367149758454106,0.23483628556092323,1.570048309178744,2.3215244229736984,0.5770263016639828,0.020128824476650563,0.17444981213097155,0.013419216317767043,
91,3.8848631239935587,15.546162104133119,6.320450885668277,9.98389694041868,12.795222758990874,11.996779388083736,26.992753623188406,7.340311325818572,0.23483628556092323,1.6639828234031133,2.408749329039184,0.5971551261406334,0.03354804079441761,0.1878690284487386,0.013419216317767043,
92,2.4691358024691357,13.935856146001074,4.42163177670424,9.473966720343531,12.560386473429952,11.735104669887278,33.61513687600644,7.139023081052066,0.23483628556092323,1.7176596886741815,2.214170692431562,0.24154589371980675,0.03354804079441761,0.19457863660762212,0.013419216317767043,
93,2.462426194310252,13.633923778851315,4.374664519592056,8.668813741277509,11.75523349436393,10.527375201288244,37.76167471819646,6.360708534621578,0.24154589371980675,1.5633387010198605,2.214170692431562,0.2214170692431562,0.03354804079441761,0.16774020397208803,0.013419216317767043,
94,2.4490069779924855,13.526570048309178,4.455179817498658,9.057971014492754,10.86285560923242,11.963231347289318,37.0101986044015,6.394256575415996,0.24154589371980675,1.5633387010198605,2.1135265700483092,0.18115942028985507,0.03354804079441761,0.14761137949543746,,
95,2.442297369833602,10.534084809447128,4.119699409554482,7.62211486849168,10.681696188942565,19.048577563070317,35.13150831991412,6.0587761674718195,0.2281266774020397,1.7042404723564144,2.0933977455716586,0.14761137949543746,0.03354804079441761,0.15432098765432098,,
96,2.395330112721417,10.406602254428341,4.1129898013955986,7.702630166398282,10.668276972624799,20.74610842726785,33.4272678475577,6.105743424584004,0.2281266774020397,1.6572732152442298,2.227589908749329,0.13419216317767044,0.03354804079441761,0.15432098765432098,,
97,2.395330112721417,10.38647342995169,4.206924315619967,7.6556629092860975,11.211755233494364,20.719269994632313,33.111916264090176,5.897745571658615,0.2281266774020397,1.6572732152442298,2.227589908749329,0.13419216317767044,0.03354804079441761,0.13419216317767044,,
98,2.38191089640365,10.38647342995169,4.180085882984434,7.669082125603865,11.211755233494364,20.611916264090176,32.75630703166935,6.159420289855072,0.2616747181964573,1.7981749865807837,2.2342995169082127,0.16774020397208803,0.03354804079441761,0.14761137949543746,,
99,2.3752012882447664,10.171765968867419,4.193505099302201,8.313204508856682,11.124530327428879,20.44417606011809,32.48792270531401,6.132581857219538,0.28180354267310787,1.8786902844873858,2.24771873322598,0.16774020397208803,0.03354804079441761,0.14761137949543746,,
100,2.3349436392914655,9.943639291465379,4.40150295222759,8.548040794417606,10.950080515297907,20.2361782071927,32.367149758454104,6.246645195920558,0.30193236714975846,2.100107353730542,2.2208803005904456,0.16774020397208803,0.03354804079441761,0.14761137949543746,,
101,2.328234031132582,9.433709071390231,4.086151368760064,8.111916264090176,13.83521202361782,20.155662909286097,30.756843800322063,6.213097155126141,0.30193236714975846,2.227589908749329,2.214170692431562,0.15432098765432098,0.03354804079441761,0.14761137949543746,,
102,2.328234031132582,9.406870638754697,4.066022544283414,8.172302737520129,13.573537305421363,20.29656468062265,30.461621041331185,6.5485775630703165,0.30193236714975846,2.2946859903381642,2.227589908749329,0.13419216317767044,0.03354804079441761,0.15432098765432098,,
103,2.328234031132582,9.406870638754697,4.17337627482555,8.447396672034353,13.311862587224907,20.229468599033815,30.139559849704778,6.729736983360172,0.30193236714975846,2.2745571658615136,2.281266774020397,0.1610305958132045,0.06038647342995169,0.15432098765432098,,
104,2.2946859903381642,8.68894256575416,5.709876543209877,8.467525496511003,13.238056897477188,20.638754696725712,28.690284487385938,6.843800322061192,0.30193236714975846,2.3483628556092326,2.314814814814815,0.2214170692431562,0.06038647342995169,0.18115942028985507,,
105,2.2946859903381642,8.480944712828771,5.032206119162641,8.641975308641975,14.096886741814279,20.611916264090176,28.475577026301664,6.837090713902308,0.2549651100375738,2.442297369833602,2.3886205045625335,0.20799785292538917,0.06038647342995169,0.17444981213097155,,
106,2.120236178207193,8.501073537305421,4.891304347826087,8.729200214707461,14.076757917337627,20.491143317230275,28.549382716049383,6.890767579173376,0.2549651100375738,2.509393451422437,2.4221685453569513,0.32877079978529256,0.06038647342995169,0.17444981213097155,,
107,2.1068169618894257,8.474235104669887,4.9718196457326895,8.977455716586151,14.103596349973161,20.33011272141707,28.348094471282877,6.816961889425658,0.2549651100375738,2.6502952227589907,2.4020397208803006,0.32877079978529256,0.06038647342995169,0.17444981213097155,,
108,2.100107353730542,8.319914117015566,4.904723564143854,9.212292002147075,14.002952227589908,20.50456253354804,27.95222758990875,6.984702093397746,0.2549651100375738,2.7442297369833604,2.462426194310252,0.33548040794417605,0.06038647342995169,0.1610305958132045,,
109,2.073268921095008,8.3064949006978,5.12614063338701,9.29951690821256,13.942565754159958,20.249597423510465,27.66371443907676,7.004830917874396,0.2549651100375738,3.0327428878153517,2.4892646269457863,0.33548040794417605,0.06038647342995169,0.1610305958132045,,
110,2.073268921095008,8.28636607622115,5.186527106816962,9.66183574879227,13.875469672571121,19.981213097155127,27.34165324745035,7.179280730005368,0.2549651100375738,3.2004830917874396,2.4154589371980677,0.322061191626409,0.06038647342995169,0.1610305958132045,,
111,2.073268921095008,8.199141170155663,5.394524959742351,9.762479871175524,13.88888888888889,19.766505636070853,27.214170692431562,7.219538378958669,0.2549651100375738,3.227321524422974,2.4557165861513686,0.322061191626409,0.06038647342995169,0.1610305958132045,,
112,2.0397208803005906,8.024691358024691,5.3341384863123995,9.648416532474503,13.466183574879228,19.51825013419216,28.14680622651637,7.440955448201825,0.2281266774020397,3.180354267310789,2.4221685453569513,0.3421900161030596,0.04696725711218465,0.1610305958132045,,
113,2.0397208803005906,7.763016639828234,5.481749865807837,9.943639291465379,13.593666129898015,19.32367149758454,27.965646806226516,7.4208266237251745,0.2281266774020397,3.2675791733762747,2.4221685453569513,0.3421900161030596,0.04696725711218465,0.1610305958132045,,
114,2.0397208803005906,7.763016639828234,5.542136339237788,10.124798711755233,13.526570048309178,19.11567364465915,27.811325818572197,7.514761137949543,0.2281266774020397,3.307836822329576,2.4557165861513686,0.3488996242619431,0.04696725711218465,0.1610305958132045,0.013419216317767043,
115,2.0397208803005906,7.722758990874933,5.8239398819108965,9.71551261406334,13.573537305421363,17.68652710681696,30.280461621041333,6.769994632313473,0.2281266774020397,3.140096618357488,2.4154589371980677,0.39586688137412773,0.04696725711218465,0.14761137949543746,0.013419216317767043,
116,2.0128824476650564,7.702630166398282,5.837359098228664,9.66183574879227,13.613794954374665,17.424852388620504,30.173107890499196,6.951154052603328,0.2281266774020397,3.2675791733762747,2.4825550187869028,0.43612453032742887,0.04696725711218465,0.14761137949543746,0.013419216317767043,
117,2.0128824476650564,7.689210950080516,5.870907139023081,9.816156736446592,13.674181427804616,17.143048845947398,30.03220611916264,7.112184648416532,0.2214170692431562,3.3816425120772946,2.4020397208803006,0.43612453032742887,0.04696725711218465,0.14761137949543746,0.013419216317767043,
118,2.0128824476650564,7.675791733762749,5.891035963499732,9.782608695652174,13.667471819645733,17.09608158883521,29.965110037573805,7.125603864734299,0.2147074610842727,3.4286097691894795,2.4221685453569513,0.5099302200751477,0.04696725711218465,0.14761137949543746,0.013419216317767043,
119,2.0128824476650564,7.675791733762749,5.844068706387547,9.836285560923242,13.56682769726248,17.08937198067633,29.797369833601717,7.152442297369833,0.24154589371980675,3.475577026301664,2.5496511003757383,0.5501878690284487,0.04696725711218465,0.14761137949543746,0.013419216317767043,
120,2.0128824476650564,7.675791733762749,5.83064949006978,10.010735373054214,13.519860440150294,16.982018250134193,29.488727858293075,7.320182501341922,0.24154589371980675,3.5628019323671496,2.5966183574879227,0.5636070853462157,0.04696725711218465,0.13419216317767044,0.013419216317767043,
121,2.0128824476650564,7.50805152979066,5.736714975845411,10.923242082662373,13.405797101449275,16.914922168545356,29.126409017713364,7.105475040257649,0.24154589371980675,3.629898013955985,2.636876006441224,0.5636070853462157,0.04696725711218465,0.13419216317767044,0.013419216317767043,
122,2.0128824476650564,7.434245840042942,5.83064949006978,11.178207192699947,13.365539452495975,16.914922168545356,28.85131508319914,7.058507783145465,0.2616747181964573,3.6768652710681695,2.657004830917874,0.5636070853462157,0.04696725711218465,0.13419216317767044,0.013419216317767043,
123,2.0128824476650564,7.407407407407407,6.085614600107354,11.064143853998926,14.640365002683843,16.834406870638755,27.462426194310254,7.206119162640902,0.2616747181964573,3.6768652710681695,2.5966183574879227,0.5568974771873323,0.04696725711218465,0.13419216317767044,0.013419216317767043,
124,1.9927536231884058,7.313472893183038,5.844068706387547,11.11111111111111,14.65378421900161,11.90955448201825,34.004294149221685,6.998121309715513,0.2214170692431562,2.871712292002147,2.5161030595813205,0.3421900161030596,0.04696725711218465,0.1610305958132045,0.013419216317767043,
125,1.9927536231884058,7.313472893183038,5.810520665593129,11.211755233494364,14.53972088030059,11.90955448201825,33.782877079978526,7.092055823939882,0.2214170692431562,2.9924852388620504,2.576489533011272,0.33548040794417605,0.04696725711218465,0.1610305958132045,0.013419216317767043,
126,1.9927536231884058,7.273215244229737,5.837359098228664,11.198336017176597,14.439076757917338,11.922973698336017,33.48765432098765,7.4208266237251745,0.2214170692431562,3.113258185721954,2.509393451422437,0.36231884057971014,0.04696725711218465,0.1610305958132045,0.013419216317767043,
127,1.9524959742351047,7.152442297369833,5.770263016639828,11.332528180354267,13.580246913580247,13.539989264626946,33.24610842726785,7.360440150295223,0.2214170692431562,3.0193236714975846,2.2879763821792807,0.3488996242619431,0.026838432635534086,0.1610305958132045,,
128,1.9457863660762211,7.024959742351046,6.031937734836285,11.54723564143854,13.405797101449275,13.459473966720344,33.16559312936125,7.37385936661299,0.2214170692431562,3.0059044551798175,2.2611379495437465,0.3488996242619431,0.026838432635534086,0.18115942028985507,,
129,1.9457863660762211,6.870638754696726,5.83064949006978,11.305689747718732,13.331991411701557,11.929683306494901,35.258990874932906,7.796564680622652,0.2147074610842727,2.690552871712292,2.2074610842726785,0.4092860976918948,0.026838432635534086,0.18115942028985507,,
130,1.9189479334406871,6.857219538378959,6.152710681696189,11.292270531400966,13.191089640365004,11.889425657541599,35.08454106280193,7.9039184111647875,0.2147074610842727,2.7643585614600106,2.120236178207193,0.41599570585077833,0.026838432635534086,0.16774020397208803,,
131,1.9122383252818036,6.843800322061192,6.139291465378422,11.460010735373054,13.043478260869565,11.876006441223833,34.93022007514761,7.98443370907139,0.2281266774020397,2.831454643048846,2.1269457863660763,0.4294149221685454,0.026838432635534086,0.16774020397208803,,
132,1.8988191089640365,6.8035426731078905,6.132581857219538,11.553945249597424,12.93612453032743,11.647879763821793,34.876543209876544,8.172302737520129,0.2549651100375738,2.7979066022544283,2.15378421900161,0.5636070853462157,0.026838432635534086,0.18115942028985507,,
133,1.8988191089640365,6.776704240472356,6.327160493827161,11.654589371980677,12.969672571121846,11.58749329039184,34.648416532474506,8.145464304884594,0.2683843263553409,2.7777777777777777,2.1604938271604937,0.5770263016639828,0.026838432635534086,0.18115942028985507,,
134,1.8853998926462694,6.769994632313473,6.387546967257112,11.66129898013956,13.077026301663983,11.553945249597424,34.4873859366613,8.11862587224906,0.28180354267310787,2.8381642512077296,2.15378421900161,0.5770263016639828,0.026838432635534086,0.18115942028985507,,
135,1.8518518518518519,6.716317767042405,6.468062265163715,11.81561996779388,13.023349436392914,11.513687600644122,34.43370907139023,8.044820182501342,0.28180354267310787,2.9052603327965647,2.1604938271604937,0.5770263016639828,0.026838432635534086,0.18115942028985507,,
136,1.8518518518518519,6.696188942565755,6.561996779388084,12.037037037037036,12.969672571121846,11.292270531400966,34.13848631239936,8.091787439613526,0.2952227589908749,2.965646806226516,2.2745571658615136,0.5837359098228664,0.026838432635534086,0.2147074610842727,,
137,1.8518518518518519,6.6827697262479875,5.8172302737520125,10.789049919484702,10.929951690821255,13.399087493290391,38.98282340311326,6.400966183574879,0.2683843263553409,2.536231884057971,1.6706924315619969,0.46296296296296297,0.04696725711218465,0.1610305958132045,,
138,1.8451422436929683,6.662640901771336,5.803811057434245,10.903113258185721,10.997047772410092,13.291733762748256,38.55340848094471,6.662640901771336,0.2616747181964573,2.7308105206655933,1.6170155662909287,0.46296296296296297,0.04696725711218465,0.1610305958132045,,
139,1.8384326355340848,6.568706387546968,6.099033816425121,10.997047772410092,10.943370907139023,13.41250670960816,37.6207729468599,7.199409554482019,0.23483628556092323,2.7979066022544283,1.6035963499731616,0.47638217928073,0.04696725711218465,0.1610305958132045,,
140,1.751207729468599,11.345947396672035,5.0993022007514766,9.366612989801396,10.305958132045088,14.150563607085346,36.480139559849704,6.796833064949007,0.1274825550187869,2.368491680085883,1.5230810520665594,0.47638217928073,0.04696725711218465,0.1610305958132045,,
141,1.7176596886741815,11.258722490606548,5.065754159957058,9.581320450885668,10.272410091250672,14.06333870101986,36.272141706924316,6.890767579173376,0.1274825550187869,2.475845410628019,1.6170155662909287,0.4495437466451959,0.04696725711218465,0.1610305958132045,,
142,1.7176596886741815,11.144659151905529,5.193236714975845,9.749060654857756,10.292538915727322,13.942565754159958,36.131239935587764,6.910896403650026,0.12077294685990338,2.475845410628019,1.6505636070853462,0.46296296296296297,0.04696725711218465,0.1610305958132045,,
143,1.7176596886741815,10.829307568438002,5.381105743424584,9.936929683306495,10.171765968867419,13.808373590982287,36.07085346215781,7.085346215780999,0.12077294685990338,2.522812667740204,1.7042404723564144,0.4428341384863124,0.04696725711218465,0.1610305958132045,,
144,1.7176596886741815,10.648148148148149,5.448201825013419,10.11808910359635,10.11808910359635,13.828502415458937,35.96349973161568,7.206119162640902,0.10064412238325282,2.522812667740204,1.6841116478797638,0.4294149221685454,0.04696725711218465,0.16774020397208803,,
145,1.7042404723564144,10.59447128287708,5.475040257648954,10.36634460547504,10.064412238325282,13.747987117552334,35.66156736446592,7.440955448201825,0.10735373054213634,2.4691358024691357,1.724369296833065,0.4294149221685454,0.04696725711218465,0.16774020397208803,,
146,1.6975308641975309,10.48040794417606,5.683038110574342,10.560923242082662,9.970477724100913,13.627214170692431,35.44685990338164,7.561728395061729,0.10735373054213634,2.4691358024691357,1.778046162104133,0.4092860976918948,0.04696725711218465,0.1610305958132045,,
147,1.6975308641975309,10.393183038110575,5.683038110574342,10.742082662372518,10.00402576489533,13.47289318303811,35.31266774020397,7.749597423510467,0.10064412238325282,2.4557165861513686,1.7646269457863661,0.4092860976918948,0.04696725711218465,0.16774020397208803,,
148,1.6841116478797638,10.373054213633925,5.703166935050993,10.929951690821255,10.00402576489533,13.526570048309178,35.15163714439077,7.689210950080516,0.10064412238325282,2.4557165861513686,1.7646269457863661,0.4227053140096618,0.04696725711218465,0.14761137949543746,,
149,1.6841116478797638,10.292538915727322,5.669618894256575,11.16478797638218,9.977187332259795,13.493022007514762,34.60144927536232,8.091787439613526,0.10064412238325282,2.5429414922168547,1.7646269457863661,0.4227053140096618,0.04696725711218465,0.14761137949543746,,
150,1.6841116478797638,10.245571658615138,5.71658615136876,11.265432098765432,9.930220075147611,13.39237788513151,34.20558239398819,8.407139023081053,0.10064412238325282,2.6502952227589907,1.7981749865807837,0.4227053140096618,0.04696725711218465,0.13419216317767044,,
151,1.6706924315619969,10.25228126677402,5.669618894256575,11.332528180354267,9.829575952764358,13.45276435856146,34.03113258185722,8.628556092324208,0.10064412238325282,2.636876006441224,1.7914653784219001,0.4227053140096618,0.04696725711218465,0.13419216317767044,,
152,1.6706924315619969,10.064412238325282,5.891035963499732,11.560654857756306,9.916800858829845,13.157541599570585,33.89694041867955,8.675523349436393,0.10064412238325282,2.6972624798711755,1.7646269457863661,0.4227053140096618,0.04696725711218465,0.13419216317767044,,
153,1.6706924315619969,10.064412238325282,5.917874396135265,11.681427804616211,9.863123993558776,12.97638217928073,33.62855609232421,9.03113258185722,0.08722490606548577,2.717391304347826,1.7444981213097155,0.4227053140096618,0.04696725711218465,0.14761137949543746,,
154,1.6706924315619969,9.96376811594203,5.857487922705314,11.849168008588299,9.970477724100913,12.895866881374127,33.299785292538914,9.312936124530328,0.08722490606548577,2.7308105206655933,1.7444981213097155,0.4227053140096618,0.04696725711218465,0.14761137949543746,,
155,1.6505636070853462,9.876543209876543,5.877616747181965,11.641170155662909,10.607890499194847,12.681159420289855,33.1857219538379,9.339774557165862,0.0939345142243693,2.7106816961889426,1.7444981213097155,0.4092860976918948,0.04696725711218465,0.13419216317767044,,
156,1.6505636070853462,9.876543209876543,5.938003220611916,11.654589371980677,10.628019323671497,12.466451959205582,32.84353193773484,9.762479871175524,0.0939345142243693,2.7241009125067097,1.7713365539452497,0.4092860976918948,0.04696725711218465,0.13419216317767044,,
