,45,50,51,55,53,52,54,56
0,100.0,,,,,,,
1,100.0,,,,,,,
2,97.08132045088567,2.918679549114332,,,,,,
3,94.41760601180891,5.58239398819109,,,,,,
4,93.3641975308642,6.635802469135802,,,,,,
5,93.3641975308642,6.635802469135802,,,,,,
6,93.20987654320987,6.790123456790123,,,,,,
7,93.20987654320987,6.790123456790123,,,,,,
8,90.82125603864735,9.178743961352657,,,,,,
9,90.72732152442298,9.272678475577026,,,,,,
10,80.2536231884058,19.746376811594203,,,,,,
11,80.31400966183575,19.685990338164252,,,,,,
12,80.36097691894793,19.639023081052066,,,,,,
13,66.27750939345142,33.722490606548575,,,,,,
14,65.06307031669351,34.936929683306495,,,,,,
15,65.21739130434783,34.78260869565217,,,,,,
16,65.13016639828234,34.735641438539986,0.13419216317767044,,,,,
17,65.24422973698336,34.62157809983897,0.13419216317767044,,,,,
18,61.94981213097155,37.915995705850776,0.13419216317767044,,,,,
19,62.15780998389694,37.70799785292539,0.13419216317767044,,,,,
20,53.918411164787976,45.819914117015564,0.13419216317767044,0.1274825550187869,,,,
21,54.139828234031135,45.59849704777241,0.13419216317767044,0.1274825550187869,,,,
22,54.24718196457327,45.37707997852925,0.13419216317767044,0.1274825550187869,0.11406333870101985,,,
23,54.408212560386474,45.21604938271605,0.13419216317767044,0.1274825550187869,0.11406333870101985,,,
24,54.75711218464841,44.867149758454104,0.13419216317767044,0.1274825550187869,0.11406333870101985,,,
25,45.189210950080515,53.31454643048846,,0.1274825550187869,1.3687600644122384,,,
26,44.94095544820183,51.932367149758456,1.6639828234031133,0.1274825550187869,1.3352120236178207,,,
27,43.29039184111648,53.48899624261943,1.6438539989264627,0.1274825550187869,1.4492753623188406,,,
28,43.565485775630705,53.12667740203972,1.737788513150832,0.1274825550187869,1.442565754159957,,,
29,43.585614600107355,53.10654857756307,1.737788513150832,0.1274825550187869,1.442565754159957,,,
30,43.69296833064949,52.99919484702093,1.737788513150832,0.1274825550187869,1.442565754159957,,,
31,43.92109500805153,52.65700483091788,1.8518518518518519,0.1274825550187869,1.442565754159957,,,
32,37.714707461084274,58.299785292538914,0.11406333870101985,0.1274825550187869,1.3620504562533549,2.38191089640365,,
33,38.02334943639291,57.991143317230275,0.11406333870101985,0.1274825550187869,1.3620504562533549,2.38191089640365,,
34,38.79495437466452,57.27992485238862,0.11406333870101985,0.1274825550187869,1.3016639828234031,2.38191089640365,,
35,38.28502415458937,57.789855072463766,0.11406333870101985,0.1274825550187869,1.3016639828234031,2.38191089640365,,
36,38.87546967257112,57.19940955448202,0.11406333870101985,0.1274825550187869,1.3016639828234031,2.38191089640365,,
37,38.35882984433709,55.99168008588298,0.11406333870101985,0.1274825550187869,1.3016639828234031,4.106280193236715,,
38,38.49302200751476,55.87090713902308,0.11406333870101985,0.1274825550187869,1.3016639828234031,4.092860976918948,,
39,38.64734299516908,55.743424584004295,0.11406333870101985,0.1274825550187869,1.3016639828234031,4.066022544283414,,
40,39.07675791733763,55.57568438003221,0.11406333870101985,0.1274825550187869,1.1876006441223832,3.9184111647879765,,
41,39.27804616210413,55.24691358024691,0.24154589371980675,0.1274825550187869,1.1876006441223832,3.9184111647879765,,
42,39.55984970477724,54.96511003757381,0.24154589371980675,0.1274825550187869,1.1876006441223832,3.9184111647879765,,
43,39.87520128824477,54.7638217928073,0.24154589371980675,0.1274825550187869,1.0735373054213635,3.9184111647879765,,
44,33.00456253354804,61.862587224906065,0.1274825550187869,,0.5166398282340311,3.9184111647879765,0.5703166935050993,
45,33.313204508856685,60.601180891035966,0.1274825550187869,0.95276435856146,0.5166398282340311,3.9184111647879765,0.5703166935050993,
46,34.21900161030596,59.695383789586685,0.1274825550187869,0.95276435856146,0.5166398282340311,3.9184111647879765,0.5703166935050993,
47,34.735641438539986,59.18545356951154,0.1274825550187869,0.95276435856146,0.5166398282340311,3.911701556629093,0.5703166935050993,
48,35.017444981213096,58.903650026838434,0.1274825550187869,0.95276435856146,0.5166398282340311,3.911701556629093,0.5703166935050993,
49,34.01100375738057,48.57085346215781,11.641170155662909,0.8923778851315083,0.5166398282340311,3.797638217928073,0.5703166935050993,
50,32.87707997852925,49.644390767579175,11.788781535158346,0.8655394524959742,0.5166398282340311,3.7372517444981215,0.5703166935050993,
51,33.08507783145464,49.503488996242616,11.788781535158346,0.8655394524959742,0.5166398282340311,3.670155662909286,0.5703166935050993,
52,33.373590982286636,49.2686527106817,11.788781535158346,0.8655394524959742,0.5166398282340311,3.616478797638218,0.5703166935050993,
53,33.662104133118625,49.000268384326354,11.768652710681696,0.8655394524959742,0.5166398282340311,3.616478797638218,0.5703166935050993,
54,33.70907139023081,48.97342995169082,11.748523886205046,0.8655394524959742,0.5166398282340311,3.616478797638218,0.5703166935050993,
55,33.843263553408484,47.86634460547504,11.668008588298443,1.9256575415995705,0.5166398282340311,3.6097691894793345,0.5703166935050993,
56,34.13177670424047,47.336285560923244,11.66129898013956,2.187332259796028,0.5166398282340311,3.5963499731615673,0.5703166935050993,
57,34.35990338164251,47.28260869565217,11.553945249597424,2.187332259796028,0.5099302200751477,3.535963499731616,0.5703166935050993,
58,34.11835748792271,45.309983896940416,11.486849168008588,1.8786902844873858,0.5099302200751477,3.535963499731616,3.1602254428341383,
59,34.4068706387547,45.1154052603328,11.399624261943103,1.8719806763285025,0.5099302200751477,3.535963499731616,3.1602254428341383,
60,34.77589908749329,44.65244229736983,11.399624261943103,1.9659151905528718,0.5099302200751477,3.535963499731616,3.1602254428341383,
61,34.957058507783145,44.498121309715515,11.399624261943103,1.9592055823939882,0.5099302200751477,3.515834675254965,3.1602254428341383,
62,35.057702630166396,44.35050993022008,11.285560923242082,2.13365539452496,0.5099302200751477,3.502415458937198,3.1602254428341383,
63,35.68169618894257,43.833870101986044,11.285560923242082,2.0397208803005906,0.5099302200751477,3.502415458937198,3.1468062265163717,
64,35.990338164251206,43.67954911433172,11.131239935587761,2.0397208803005906,0.5099302200751477,3.502415458937198,3.1468062265163717,
65,36.553945249597426,43.31052066559313,11.11111111111111,1.9927536231884058,0.5099302200751477,3.502415458937198,3.0193236714975846,
66,36.70155662909286,43.223295759527645,11.11111111111111,1.932367149758454,0.5099302200751477,3.502415458937198,3.0193236714975846,
67,37.23832528180354,42.7938808373591,10.889694041867955,1.932367149758454,0.5032206119162641,3.502415458937198,2.999194847020934,0.14090177133655393
68,37.69457863660762,42.47181964573269,10.755501878690284,1.932367149758454,0.5032206119162641,3.502415458937198,2.999194847020934,0.14090177133655393
69,37.104133118625874,43.203166935050994,10.715244229736983,1.932367149758454,0.5032206119162641,3.4688674181427803,2.932098765432099,0.14090177133655393
70,28.113258185721953,52.43558776167472,10.601180891035963,1.8317230273752012,0.5032206119162641,3.4420289855072466,2.932098765432099,0.14090177133655393
71,25.771604938271604,55.66961889425657,10.601180891035963,1.8317230273752012,0.5032206119162641,2.5496511003757383,2.932098765432099,0.14090177133655393
72,26.100375738056897,55.34755770263017,10.601180891035963,1.8317230273752012,0.5032206119162641,2.5429414922168547,2.932098765432099,0.14090177133655393
73,26.221148684916802,54.92485238862051,10.547504025764896,2.187332259796028,0.5032206119162641,2.5429414922168547,2.932098765432099,0.14090177133655393
74,26.617015566290927,54.569243156199676,10.547504025764896,2.187332259796028,0.5032206119162641,2.5429414922168547,2.8918411164787976,0.14090177133655393
75,26.663982823403114,54.53569511540526,10.540794417606012,2.187332259796028,0.5032206119162641,2.536231884057971,2.8918411164787976,0.14090177133655393
76,24.932903918411164,51.2211486849168,14.42565754159957,2.3349436392914655,0.5032206119162641,2.536231884057971,3.9049919484702094,0.14090177133655393
77,25.033548040794418,50.17444981213097,14.392109500805153,3.3145464304884595,0.5032206119162641,2.536231884057971,3.9049919484702094,0.14090177133655393
78,25.248255501878692,50.0805152979066,13.231347289318304,3.3145464304884595,1.5432098765432098,2.536231884057971,3.9049919484702094,0.14090177133655393
79,25.731347289318304,49.765163714439076,13.063607085346217,3.3145464304884595,1.5432098765432098,2.536231884057971,3.9049919484702094,0.14090177133655393
80,24.174718196457327,45.36366076221149,19.290123456790123,3.140096618357488,1.5432098765432098,2.536231884057971,3.81105743424584,0.14090177133655393
81,24.724906065485776,44.93424584004294,19.216317767042405,3.3816425120772946,1.3955984970477724,2.536231884057971,3.670155662909286,0.14090177133655393
82,25.05367686527107,44.7866344605475,19.03515834675255,3.3816425120772946,1.3955984970477724,2.536231884057971,3.670155662909286,0.14090177133655393
83,25.174449812130973,44.71953837895867,19.0150295222759,3.3816425120772946,1.3955984970477724,2.536231884057971,3.6366076221148687,0.14090177133655393
84,25.664251207729468,44.33038110574343,18.914385399892645,3.3816425120772946,1.3955984970477724,2.536231884057971,3.6366076221148687,0.14090177133655393
85,25.83870101986044,44.256575415995705,18.840579710144926,3.3816425120772946,1.3687600644122384,2.536231884057971,3.6366076221148687,0.14090177133655393
86,26.01315083199141,44.08212560386473,18.840579710144926,3.3816425120772946,1.3687600644122384,2.536231884057971,3.6366076221148687,0.14090177133655393
87,26.455984970477726,43.80032206119163,18.82716049382716,3.2340311325818574,1.3687600644122384,2.536231884057971,3.6366076221148687,0.14090177133655393
88,26.90552871712292,43.61916264090177,18.726516371443907,3.193773483628556,1.3687600644122384,2.536231884057971,3.5091250670960816,0.14090177133655393
89,26.308373590982285,42.39801395598497,17.53220611916264,3.193773483628556,1.3687600644122384,5.548845947396672,3.5091250670960816,0.14090177133655393
90,26.603596349973163,42.24369296833065,17.47181964573269,3.193773483628556,1.3687600644122384,5.548845947396672,3.4286097691894795,0.14090177133655393
91,26.8317230273752,42.13633923778851,17.351046698872786,3.193773483628556,1.3687600644122384,5.548845947396672,3.4286097691894795,0.14090177133655393
92,26.247987117552334,39.02308105206656,25.979602791196996,2.4020397208803006,0.5904455179817498,2.428878153515835,3.3279656468062266,
93,26.56333870101986,38.85534084809447,25.711218464841654,2.4020397208803006,0.5904455179817498,2.428878153515835,3.3279656468062266,0.12077294685990338
94,26.617015566290927,38.63392377885131,25.509930220075148,2.5026838432635534,0.5904455179817498,2.428878153515835,3.3279656468062266,0.38915727321524424
95,26.89210950080515,38.41250670960816,25.214707461084274,2.5026838432635534,0.5904455179817498,2.428878153515835,3.3279656468062266,0.630703166935051
96,27.36849168008588,37.74154589371981,25.187869028448738,3.864734299516908,0.5904455179817498,2.428878153515835,2.187332259796028,0.630703166935051
97,27.49597423510467,37.74154589371981,25.06038647342995,3.864734299516908,0.5904455179817498,2.428878153515835,2.187332259796028,0.630703166935051
98,27.576489533011273,37.72141706924316,25.046967257112186,3.8177670424047236,0.5904455179817498,2.428878153515835,2.187332259796028,0.630703166935051
99,27.91867954911433,37.526838432635536,24.751744498121308,3.8177670424047236,0.5904455179817498,2.428878153515835,2.187332259796028,0.7783145464304885
100,28.093129361245303,37.513419216317764,24.590713902308106,3.8177670424047236,0.5904455179817498,2.428878153515835,2.187332259796028,0.7783145464304885
101,28.093129361245303,37.38593666129898,24.590713902308106,3.8177670424047236,0.5904455179817498,2.5563607085346214,2.187332259796028,0.7783145464304885
102,28.569511540526033,37.1309715512614,23.26892109500805,3.8043478260869565,0.5434782608695652,2.5429414922168547,3.361513687600644,0.7783145464304885
103,28.75067096081589,37.104133118625874,22.973698336017176,3.8043478260869565,0.6843800322061192,2.5429414922168547,3.361513687600644,0.7783145464304885
104,28.904991948470208,36.983360171765966,22.940150295222757,3.8043478260869565,0.6843800322061192,2.5429414922168547,3.361513687600644,0.7783145464304885
105,28.287707997852927,34.675254965110035,22.819377348362856,3.8043478260869565,0.6843800322061192,2.509393451422437,6.4412238325281805,0.7783145464304885
106,28.495705850778315,34.333064949006975,22.765700483091788,3.7909286097691894,0.6843800322061192,2.509393451422437,6.642512077294686,0.7783145464304885
107,28.73054213633924,33.02469135802469,22.6784755770263,3.2877079978529253,0.6843800322061192,2.509393451422437,8.3064949006978,0.7783145464304885
108,28.951959205582394,32.91733762748255,22.564412238325282,3.2877079978529253,0.6843800322061192,2.509393451422437,8.3064949006978,0.7783145464304885
109,28.878153515834676,31.508319914117017,22.564412238325282,3.2675791733762747,2.4355877616747184,2.442297369833602,8.132045088566828,0.7716049382716049
110,28.978797638217927,31.353998926462694,22.48389694041868,3.2675791733762747,2.4355877616747184,2.442297369833602,8.132045088566828,0.9057971014492754
111,29.25389157273215,31.21309715512614,22.38996242619431,3.2675791733762747,2.4355877616747184,2.4154589371980677,8.11862587224906,0.9057971014492754
112,29.361245303274288,31.146001073537306,22.376543209876544,3.2675791733762747,2.4221685453569513,2.4154589371980677,8.105206655931294,0.9057971014492754
113,29.64975845410628,31.0252281266774,22.21551261406334,3.260869565217391,2.4221685453569513,2.4154589371980677,8.105206655931294,0.9057971014492754
114,30.267042404723565,30.797101449275363,21.973966720343533,3.140096618357488,2.4221685453569513,2.4154589371980677,7.957595276435856,1.0265700483091786
115,30.381105743424584,30.461621041331185,21.953837895866883,3.140096618357488,2.4221685453569513,2.4154589371980677,8.199141170155663,1.0265700483091786
116,30.669618894256576,30.340848094471284,21.69887278582931,3.140096618357488,2.4221685453569513,2.4154589371980677,7.944176060118089,1.3687600644122384
117,31.105743424584006,30.253623188405797,21.497584541062803,3.079710144927536,2.4221685453569513,2.4154589371980677,7.856951154052603,1.3687600644122384
118,31.588835212023618,30.05233494363929,21.423778851315085,3.079710144927536,2.4221685453569513,2.3483628556092326,7.722758990874933,1.3620504562533549
119,31.964573268921097,29.938271604938272,21.175523349436393,3.079710144927536,2.4221685453569513,2.3483628556092326,7.709339774557166,1.3620504562533549
120,31.260064412238325,29.47530864197531,20.055018786902846,3.079710144927536,4.74369296833065,2.3483628556092326,7.695920558239399,1.3419216317767042
121,31.48148148148148,29.56924315619968,19.85373054213634,3.066290928609769,4.74369296833065,2.3483628556092326,7.595276435856146,1.3419216317767042
122,31.964573268921097,29.260601180891037,19.712828770799785,3.052871712292002,4.736983360171766,2.3483628556092326,7.581857219538379,1.3419216317767042
123,31.984702093397747,29.24718196457327,19.330381105743424,3.556092324208266,4.736983360171766,2.3483628556092326,7.581857219538379,1.2144390767579174
124,32.447665056360705,28.958668813741276,19.316961889425656,3.556092324208266,4.663177670424047,2.3215244229736984,7.521470746108427,1.2144390767579174
125,32.749597423510465,28.898282340311326,19.108964036500268,3.556092324208266,4.62962962962963,2.3215244229736984,7.521470746108427,1.2144390767579174
126,33.3064949006978,28.817767042404725,18.867418142780462,3.556092324208266,4.528985507246377,2.3215244229736984,7.501341921631776,1.1003757380568975
127,33.54804079441761,28.764090177133657,18.739935587761675,3.515834675254965,4.528985507246377,2.3215244229736984,7.481213097155126,1.1003757380568975
128,33.82984433709071,28.60305958132045,18.65271068169619,3.515834675254965,4.528985507246377,2.3215244229736984,7.447665056360709,1.1003757380568975
129,34.064680622651636,28.475577026301664,18.54535695115405,3.515834675254965,4.528985507246377,2.3215244229736984,7.447665056360709,1.1003757380568975
130,34.40016103059581,28.267579173376276,18.438003220611915,3.5091250670960816,4.528985507246377,2.3215244229736984,7.434245840042942,1.1003757380568975
131,35.07783145464305,27.811325818572197,18.317230273752013,3.421900161030596,4.522275899087493,2.3215244229736984,7.427536231884058,1.1003757380568975
132,35.35963499731616,27.61003757380569,18.256843800322063,3.4017713365539453,4.522275899087493,2.3215244229736984,7.427536231884058,1.1003757380568975
133,35.527375201288244,27.502683843263554,18.230005367686527,3.4017713365539453,4.522275899087493,2.3215244229736984,7.39398819108964,1.1003757380568975
134,35.63472893183038,27.428878153515836,18.209876543209877,3.4017713365539453,4.508856682769726,2.3215244229736984,7.39398819108964,1.1003757380568975
135,35.73537305421363,27.42216854535695,18.209876543209877,3.4017713365539453,4.508856682769726,2.3215244229736984,7.300053676865271,1.1003757380568975
136,35.77563070316693,27.38191089640365,18.377616747181964,3.280998389694042,4.508856682769726,2.3215244229736984,7.253086419753086,1.1003757380568975
137,36.11782071926999,27.20746108427268,18.317230273752013,3.280998389694042,4.508856682769726,2.3215244229736984,7.14573268921095,1.1003757380568975
138,36.211755233494365,27.18733225979603,18.290391841116477,3.280998389694042,4.461889425657541,2.3215244229736984,7.14573268921095,1.1003757380568975
139,36.460010735373054,27.13365539452496,18.223295759527645,3.280998389694042,4.374664519592056,2.3215244229736984,7.105475040257649,1.1003757380568975
140,36.65458937198068,27.079978529253893,18.04213633923779,3.280998389694042,4.3545356951154055,2.3215244229736984,7.071926999463232,1.1943102522812667
141,36.73510466988728,27.012882447665056,18.055555555555557,3.2675791733762747,4.3545356951154055,2.3215244229736984,7.058507783145465,1.1943102522812667
142,37.0504562533548,26.90552871712292,17.98845947396672,3.2675791733762747,4.30756843800322,2.3215244229736984,6.964573268921095,1.1943102522812667
143,37.25845410628019,26.89210950080515,17.85426731078905,3.2675791733762747,4.30756843800322,2.2946859903381642,6.9310252281266775,1.1943102522812667
144,37.432903918411164,26.78475577026302,17.85426731078905,3.2675791733762747,4.274020397208803,2.2611379495437465,6.9310252281266775,1.1943102522812667
145,37.5402576489533,26.737788513150832,17.793880837359097,3.2675791733762747,4.274020397208803,2.2611379495437465,6.9310252281266775,1.1943102522812667
146,37.82877079978529,26.623725174449813,17.72007514761138,3.2675791733762747,4.274020397208803,2.24771873322598,6.91760601180891,1.1205045625335481
147,38.1105743424584,26.482823403113258,17.579173376274827,3.2675791733762747,4.274020397208803,2.24771873322598,6.91760601180891,1.1205045625335481
148,38.137412775093935,26.38888888888889,17.03569511540526,3.2675791733762747,4.260601180891036,2.2342995169082127,7.555018786902845,1.1205045625335481
149,38.727858293075684,25.905797101449274,17.042404723564143,3.227321524422974,4.260601180891036,2.2342995169082127,7.481213097155126,1.1205045625335481
150,39.2512077294686,25.77831454643049,16.908212560386474,3.207192699946323,4.193505099302201,2.13365539452496,7.481213097155126,1.0466988727858293
151,39.55314009661836,25.670960815888353,16.847826086956523,3.180354267310789,4.193505099302201,2.13365539452496,7.387278582930757,1.0332796564680622
152,39.801395598497045,25.644122383252817,16.71363392377885,3.180354267310789,4.193505099302201,2.13365539452496,7.306763285024155,1.0265700483091786
153,39.88191089640365,25.637412775093935,16.666666666666668,3.180354267310789,4.166666666666667,2.13365539452496,7.306763285024155,1.0265700483091786
154,38.89559849704777,25.006709608158882,19.32367149758454,3.1333870101986045,4.166666666666667,0.6910896403650026,7.950885668276973,0.8319914117015567
155,38.99624261943102,24.879227053140095,19.316961889425656,3.012614063338701,4.320987654320987,0.6910896403650026,7.950885668276973,0.8319914117015567
156,39.26462694578637,24.711486849168008,19.229736983360173,3.012614063338701,4.30756843800322,0.6910896403650026,7.950885668276973,0.8319914117015567
157,39.45920558239399,24.62426194310252,19.135802469135804,3.012614063338701,4.30756843800322,0.6910896403650026,7.937466451959206,0.8319914117015567
158,39.79468599033817,24.537037037037038,18.887546967257112,3.012614063338701,4.30756843800322,0.6910896403650026,7.937466451959206,0.8319914117015567
159,40.03623188405797,24.376006441223833,18.874127750939344,3.012614063338701,4.30756843800322,0.6910896403650026,7.87037037037037,0.8319914117015567
160,40.15029522275899,24.315619967793882,18.840579710144926,3.012614063338701,4.30756843800322,0.6910896403650026,7.85024154589372,0.8319914117015567
161,40.22410091250671,24.308910359634996,18.840579710144926,3.012614063338701,4.30756843800322,0.8185721953837896,7.669082125603865,0.8185721953837896
162,40.22410091250671,24.308910359634996,18.840579710144926,3.012614063338701,4.30756843800322,0.8185721953837896,7.669082125603865,0.8185721953837896
163,40.351583467525494,24.20155662909286,18.833870101986044,3.012614063338701,4.30756843800322,0.8185721953837896,7.6556629092860975,0.8185721953837896
164,40.56629092860977,24.168008588298445,18.793612453032743,3.012614063338701,4.30756843800322,0.8185721953837896,7.514761137949543,0.8185721953837896
165,40.50590445517982,23.19511540526033,18.51851851851852,3.012614063338701,4.30756843800322,2.1269457863660763,7.514761137949543,0.8185721953837896
166,40.96886741814278,23.060923242082662,18.471551261406333,2.985775630703167,4.253891572732153,2.1269457863660763,7.313472893183038,0.8185721953837896
167,41.17015566290929,22.953569511540525,18.4447128287708,2.9723564143853998,4.253891572732153,2.1269457863660763,7.266505636070853,0.8118625872249061
168,41.34460547504026,22.805958132045088,18.377616747181964,2.945517981749866,4.388083735909823,2.059849704777241,7.266505636070853,0.8118625872249061
169,41.4922168545357,22.779119699409556,18.323939881910896,2.9388083735909825,4.388083735909823,2.059849704777241,7.206119162640902,0.8118625872249061
170,41.59286097691895,22.758990874932906,18.189747718733226,2.9388083735909825,4.374664519592056,2.059849704777241,7.132313472893183,0.95276435856146
171,41.10976918947934,22.52415458937198,16.53918411164788,2.9388083735909825,3.374932903918411,5.723295759527644,6.877348362855609,0.9125067096081588
172,41.297638217928075,22.52415458937198,16.371443907675793,3.066290928609769,3.1870638754696725,5.770263016639828,6.877348362855609,0.9057971014492754
173,41.51234567901235,22.470477724100913,16.264090177133657,3.066290928609769,3.1602254428341383,5.770263016639828,6.850509930220075,0.9057971014492754
174,41.76731078904992,22.269189479334408,16.25738056897477,3.066290928609769,3.1602254428341383,5.770263016639828,6.823671497584541,0.8856682769726248
175,41.928341384863124,22.269189479334408,15.895061728395062,3.307836822329576,3.1602254428341383,5.763553408480945,6.823671497584541,0.8521202361782072
176,42.3443370907139,22.148416532474503,15.827965646806227,3.2742887815351582,3.1602254428341383,5.5689747718733225,6.823671497584541,0.8521202361782072
177,42.55904455179817,22.148416532474503,15.707192699946322,3.2541599570585076,3.1602254428341383,5.5689747718733225,6.749865807836822,0.8521202361782072
178,42.56575415995706,21.806226516371442,15.660225442834138,3.643317230273752,3.1602254428341383,5.5689747718733225,6.743156199677939,0.8521202361782072
179,42.74691358024691,21.772678475577028,15.53274288781535,3.7104133118625873,3.1602254428341383,5.481749865807837,6.743156199677939,0.8521202361782072
180,42.7133655394525,21.62506709608159,15.365002683843263,3.670155662909286,3.1602254428341383,5.481749865807837,7.132313472893183,0.8521202361782072
181,42.961621041331185,21.578099838969404,15.33816425120773,3.6097691894793345,3.126677402039721,5.46833064949007,7.065217391304348,0.8521202361782072
182,43.04884594739667,21.524422973698336,15.33816425120773,3.603059581320451,3.126677402039721,5.441492216854535,7.065217391304348,0.8521202361782072
183,42.78046162104133,21.390230810520666,15.754159957058508,3.603059581320451,3.126677402039721,5.441492216854535,7.051798174986581,0.8521202361782072
184,42.84755770263017,21.3768115942029,15.747450348899624,3.603059581320451,3.126677402039721,5.414653784219001,7.03166935050993,0.8521202361782072
185,43.27697262479871,21.121846484165324,15.646806226516372,3.603059581320451,3.0931293612453032,5.374396135265701,6.944444444444445,0.9393451422436929
186,42.693236714975846,20.618625872249062,17.06924315619968,3.603059581320451,3.0931293612453032,5.038915727321524,6.944444444444445,0.9393451422436929
187,43.00858829844337,20.497852925389157,16.888083735909824,3.603059581320451,3.079710144927536,5.038915727321524,6.944444444444445,0.9393451422436929
188,43.07568438003221,20.497852925389157,16.820987654320987,3.603059581320451,3.079710144927536,5.038915727321524,6.944444444444445,0.9393451422436929
189,43.33735909822866,20.44417606011809,16.760601180891037,3.589640365002684,2.9924852388620504,4.99194847020934,6.944444444444445,0.9393451422436929
190,43.344068706387546,20.42404723564144,16.70692431561997,3.589640365002684,2.9790660225442833,4.99194847020934,7.065217391304348,0.8990874932903918
191,43.25684380032206,20.52469135802469,16.820987654320987,3.4822866344605474,2.9790660225442833,4.99194847020934,7.0450885668276975,0.8990874932903918
192,43.76677402039721,20.497852925389157,16.61969940955448,3.4822866344605474,2.8247450348899625,4.884594739667204,7.024959742351046,0.8990874932903918
193,43.90096618357488,20.471014492753625,16.478797638217927,3.4822866344605474,2.8247450348899625,4.757112184648417,7.185990338164252,0.8990874932903918
194,44.26999463231347,20.397208803005906,16.304347826086957,3.4688674181427803,2.8113258185721954,4.676596886741814,7.1725711218464845,0.8990874932903918
195,44.518250134192165,20.229468599033815,16.223832528180353,3.4688674181427803,2.8113258185721954,4.676596886741814,7.1725711218464845,0.8990874932903918
196,44.63231347289318,20.081857219538378,16.15673644659152,3.603059581320451,2.8113258185721954,4.643048845947397,7.1725711218464845,0.8990874932903918
197,45.02818035426731,19.981213097155127,16.109769189479334,3.5762211486849167,2.7979066022544283,4.53569511540526,7.078636607622115,0.8923778851315083
198,45.18250134192163,19.981213097155127,15.982286634460548,3.5762211486849167,2.7979066022544283,4.508856682769726,7.078636607622115,0.8923778851315083
199,45.38378958668814,19.786634460547504,15.982286634460548,3.569511540526033,2.7979066022544283,4.508856682769726,7.078636607622115,0.8923778851315083
200,45.44417606011809,19.786634460547504,15.982286634460548,3.549382716049383,2.7979066022544283,4.508856682769726,7.0383789586688135,0.8923778851315083
201,45.69243156199678,19.545088566827697,15.982286634460548,3.4286097691894795,2.7844873859366612,4.448470209339774,7.226247987117552,0.8923778851315083
202,45.813204508856685,19.47799248523886,15.881642512077295,3.4286097691894795,2.844873859366613,4.448470209339774,7.212828770799785,0.8923778851315083
203,46.00107353730542,19.43102522812668,15.881642512077295,3.3950617283950617,2.757648953301127,4.428341384863124,7.212828770799785,0.8923778851315083
204,46.2157809983897,19.32367149758454,15.874932903918411,3.3548040794417604,2.7442297369833604,4.40150295222759,7.192699946323135,0.8923778851315083
205,46.39694041867955,19.16935050993022,15.787707997852925,3.3548040794417604,2.7442297369833604,4.40150295222759,7.253086419753086,0.8923778851315083
206,46.544551798174986,19.11567364465915,15.573000536768653,3.4286097691894795,2.737520128824477,4.40150295222759,7.185990338164252,1.0131508319914118
207,46.69216317767042,19.229736983360173,15.458937198067632,3.4286097691894795,2.636876006441224,4.40150295222759,7.139023081052066,1.0131508319914118
208,46.725711218464845,19.135802469135804,15.418679549114332,3.5628019323671496,2.636876006441224,4.40150295222759,7.139023081052066,0.9796027911969941
209,47.12157809983897,19.0150295222759,15.378421900161031,3.3950617283950617,2.6838432635534084,4.40150295222759,7.024959742351046,0.9796027911969941
210,47.25577026301664,19.00161030595813,15.28448738593666,3.3950617283950617,2.6838432635534084,4.40150295222759,6.998121309715513,0.9796027911969941
211,47.356414385399894,18.98148148148148,15.22410091250671,3.3950617283950617,2.6838432635534084,4.38137412775094,6.998121309715513,0.9796027911969941
212,47.36983360171766,18.840579710144926,15.22410091250671,3.3950617283950617,2.8247450348899625,4.374664519592056,6.991411701556629,0.9796027911969941
213,47.66505636070853,18.793612453032743,15.11003757380569,3.3950617283950617,2.8247450348899625,4.26731078904992,6.964573268921095,0.9796027911969941
214,47.98040794417606,18.733225979602793,14.962426194310252,3.3682232957595275,2.8247450348899625,4.213633923778851,6.944444444444445,0.9728931830381106
215,48.060923242082666,18.71309715512614,14.955716586151368,3.3682232957595275,2.8247450348899625,4.200214707461084,6.904186795491143,0.9728931830381106
216,48.14143853998927,18.699677938808374,14.9020397208803,3.3682232957595275,2.8247450348899625,4.186795491143317,6.904186795491143,0.9728931830381106
217,48.369565217391305,18.69296833064949,14.761137949543746,3.3682232957595275,2.7509393451422435,4.180085882984434,6.904186795491143,0.9728931830381106
218,48.44337090713902,18.659420289855074,14.74771873322598,3.3413848631239937,2.7509393451422435,4.180085882984434,6.904186795491143,0.9728931830381106
219,48.58427267847558,18.531937734836287,14.74771873322598,3.3413848631239937,2.7509393451422435,4.180085882984434,6.890767579173376,0.9728931830381106
220,48.72517444981213,18.51851851851852,14.620236178207193,3.3413848631239937,2.7509393451422435,4.180085882984434,6.890767579173376,0.9728931830381106
221,49.18142780461621,18.256843800322063,14.546430488459475,3.3279656468062266,2.7509393451422435,4.180085882984434,6.884057971014493,0.8722490606548577
222,49.422973698336016,18.183038110574344,14.42565754159957,3.3279656468062266,2.7509393451422435,4.133118625872249,6.884057971014493,0.8722490606548577
223,49.503488996242616,18.156199677938808,14.371980676328503,3.3279656468062266,2.7509393451422435,4.133118625872249,6.884057971014493,0.8722490606548577
224,49.282071926999464,17.62614063338701,14.371980676328503,3.166935050993022,2.623456790123457,3.9855072463768115,8.07836822329576,0.8655394524959742
225,49.20826623725174,17.867686527106816,14.31159420289855,3.1602254428341383,2.536231884057971,3.9720880300590444,8.07836822329576,0.8655394524959742
226,49.3491680085883,17.74020397208803,14.244498121309716,3.294417606011809,2.536231884057971,3.9720880300590444,7.997852925389157,0.8655394524959742
227,49.75174449812131,17.53220611916264,14.244498121309716,3.294417606011809,2.522812667740204,3.9049919484702094,7.883789586688137,0.8655394524959742
228,50.10735373054214,17.398013955984972,14.049919484702093,3.294417606011809,2.49597423510467,3.9049919484702094,7.883789586688137,0.8655394524959742
229,50.42270531400966,17.351046698872786,13.94927536231884,3.294417606011809,2.475845410628019,3.8311862587224907,7.830112721417069,0.8454106280193237
230,50.4092860976919,17.351046698872786,13.922436929683306,3.294417606011809,2.475845410628019,3.8311862587224907,7.87037037037037,0.8454106280193237
231,50.50322061191626,17.351046698872786,13.855340848094471,3.294417606011809,2.475845410628019,3.8311862587224907,7.843531937734836,0.8454106280193237
232,50.697799248523886,17.310789049919485,13.761406333870102,3.294417606011809,2.475845410628019,3.8311862587224907,7.7831454643048845,0.8454106280193237
233,50.959473966720346,17.21014492753623,13.727858293075684,3.294417606011809,2.475845410628019,3.8311862587224907,7.675791733762749,0.8252818035426731
234,50.99302200751476,17.196725711218466,13.727858293075684,3.2742887815351582,2.475845410628019,3.8311862587224907,7.675791733762749,0.8252818035426731
235,51.10708534621578,17.183306494900698,13.66076221148685,3.2742887815351582,2.475845410628019,3.797638217928073,7.675791733762749,0.8252818035426731
236,51.227858293075684,17.14975845410628,13.66076221148685,3.2675791733762747,2.428878153515835,3.7640901771336552,7.675791733762749,0.8252818035426731
237,51.56333870101986,17.11621041331186,13.580246913580247,3.2675791733762747,2.428878153515835,3.5426731078904994,7.675791733762749,0.8252818035426731
238,51.898819108964034,16.988727858293075,13.446054750402576,3.2206119162640903,2.428878153515835,3.5292538915727323,7.6623725174449815,0.8252818035426731
239,51.98604401502952,16.968599033816425,13.419216317767042,3.2206119162640903,2.4221685453569513,3.5292538915727323,7.628824476650563,0.8252818035426731
240,52.03301127214171,16.968599033816425,13.372249060654857,3.2206119162640903,2.4221685453569513,3.5292538915727323,7.628824476650563,0.8252818035426731
241,52.28797638217928,16.894793344068706,13.372249060654857,3.2206119162640903,2.4154589371980677,3.3682232957595275,7.628824476650563,0.8118625872249061
242,52.54965110037574,16.774020397208805,13.311862587224907,3.2004830917874396,2.4154589371980677,3.3682232957595275,7.581857219538379,0.798443370907139
243,52.75764895330113,16.76731078904992,13.197799248523886,3.140096618357488,2.4154589371980677,3.3682232957595275,7.555018786902845,0.798443370907139
244,51.63714439076758,16.23725174449812,13.16425120772947,3.126677402039721,2.4154589371980677,5.065754159957058,7.555018786902845,0.798443370907139
245,51.98604401502952,16.223832528180353,13.003220611916264,3.1065485775630703,2.4020397208803006,5.065754159957058,7.454374664519592,0.7581857219538379
246,52.04643048845947,16.183574879227052,12.983091787439614,3.1065485775630703,2.4020397208803006,5.065754159957058,7.454374664519592,0.7581857219538379
247,52.234299516908216,16.109769189479334,12.909286097691895,3.1065485775630703,2.4020397208803006,5.052334943639291,7.427536231884058,0.7581857219538379
248,52.462426194310254,15.908480944712828,12.902576489533011,3.099838969404187,2.4020397208803006,5.038915727321524,7.427536231884058,0.7581857219538379
249,52.67713365539453,15.780998389694043,12.902576489533011,3.099838969404187,2.4020397208803006,5.018786902844874,7.360440150295223,0.7581857219538379
250,53.01932367149758,15.70048309178744,12.822061191626409,3.099838969404187,2.4020397208803006,4.998658078368224,7.199409554482019,0.7581857219538379
251,53.20048309178744,15.619967793880837,12.822061191626409,3.099838969404187,2.4020397208803006,4.978529253891573,7.192699946323135,0.6843800322061192
252,53.48228663446055,15.566290928609769,12.72812667740204,3.0193236714975846,2.3752012882447664,4.951690821256038,7.192699946323135,0.6843800322061192
253,53.717122920021474,15.485775630703166,12.661030595813205,3.0059044551798175,2.3550724637681157,4.911433172302737,7.179280730005368,0.6843800322061192
254,53.80434782608695,15.318035426731079,12.661030595813205,3.0059044551798175,2.717391304347826,4.904723564143854,6.904186795491143,0.6843800322061192
255,54.099570585077835,15.177133655394526,12.614063338701019,2.9790660225442833,2.717391304347826,4.824208266237251,6.904186795491143,0.6843800322061192
256,54.24718196457327,15.136876006441224,12.560386473429952,2.9790660225442833,2.717391304347826,4.757112184648417,7.051798174986581,0.5501878690284487
257,54.28073000536769,15.103327965646805,12.560386473429952,2.9790660225442833,2.717391304347826,4.757112184648417,7.051798174986581,0.5501878690284487
258,54.448470209339774,15.022812667740205,12.493290391841116,2.9589371980676327,2.717391304347826,4.757112184648417,7.051798174986581,0.5501878690284487
259,54.55582393988191,14.935587761674718,12.47987117552335,2.952227589908749,2.717391304347826,4.757112184648417,7.051798174986581,0.5501878690284487
260,54.6430488459474,14.922168545356952,12.453032742887816,2.952227589908749,2.703972088030059,4.757112184648417,7.018250134192163,0.5501878690284487
261,54.75711218464841,14.821524422973699,12.453032742887816,2.9388083735909825,2.703972088030059,4.757112184648417,7.018250134192163,0.5501878690284487
262,54.81749865807837,14.774557165861514,12.453032742887816,2.9388083735909825,2.703972088030059,4.757112184648417,7.004830917874396,0.5501878690284487
263,54.891304347826086,14.700751476113794,12.453032742887816,2.9388083735909825,2.703972088030059,4.757112184648417,7.004830917874396,0.5501878690284487
264,55.01878690284487,14.647074610842727,12.453032742887816,2.8784219001610305,2.703972088030059,4.74369296833065,7.004830917874396,0.5501878690284487
265,55.193236714975846,14.63365539452496,12.453032742887816,2.8784219001610305,2.703972088030059,4.616210413311863,6.971282877079979,0.5501878690284487
266,55.2133655394525,14.61352657004831,12.453032742887816,2.8784219001610305,2.703972088030059,4.616210413311863,6.971282877079979,0.5501878690284487
267,55.3743961352657,14.606816961889425,12.385936661298981,2.85829307568438,2.703972088030059,4.616210413311863,6.904186795491143,0.5501878690284487
268,55.46833064949007,14.553140096618357,12.385936661298981,2.8381642512077296,2.703972088030059,4.616210413311863,6.884057971014493,0.5501878690284487
269,55.46833064949007,14.465915190552872,12.379227053140097,2.8381642512077296,2.844873859366613,4.616210413311863,6.837090713902308,0.5501878690284487
270,55.46833064949007,14.465915190552872,12.379227053140097,2.8381642512077296,2.844873859366613,4.616210413311863,6.837090713902308,0.5501878690284487
271,55.501878690284485,14.36527106816962,12.379227053140097,2.771068169618894,2.985775630703167,4.616210413311863,6.830381105743425,0.5501878690284487
272,55.58910359634997,14.345142243692969,12.379227053140097,2.771068169618894,2.985775630703167,4.616210413311863,6.763285024154589,0.5501878690284487
273,55.77697262479871,14.251207729468598,12.345679012345679,2.771068169618894,2.9253891572732154,4.616210413311863,6.763285024154589,0.5501878690284487
274,55.99838969404187,14.251207729468598,12.224906065485776,2.690552871712292,2.9253891572732154,4.616210413311863,6.756575415995706,0.5367686527106817
275,56.29361245303274,14.210950080515298,12.130971551261407,2.6637144390767578,2.9253891572732154,4.488727858293076,6.749865807836822,0.5367686527106817
276,56.30032206119163,14.083467525496511,12.097423510466989,2.5026838432635534,3.4151905528717124,4.414922168545357,6.649221685453569,0.5367686527106817
277,56.447933440687066,13.94927536231884,12.030327428878154,2.49597423510467,3.5426731078904994,4.40150295222759,6.608964036500268,0.5233494363929146
278,56.74986580783682,13.94927536231884,11.949812130971551,2.4892646269457863,3.515834675254965,4.361245303274289,6.461352657004831,0.5233494363929146
279,56.937734836285564,13.922436929683306,11.949812130971551,2.4892646269457863,3.515834675254965,4.361245303274289,6.300322061191626,0.5233494363929146
280,57.058507783145465,13.848631239935587,11.936392914653783,2.4892646269457863,3.515834675254965,4.361245303274289,6.266774020397209,0.5233494363929146
281,57.29334406870639,13.761406333870102,11.90955448201825,2.4892646269457863,3.4017713365539453,4.361245303274289,6.260064412238325,0.5233494363929146
282,57.367149758454104,13.761406333870102,11.83574879227053,2.4892646269457863,3.4017713365539453,4.361245303274289,6.260064412238325,0.5233494363929146
283,57.52818035426731,13.687600644122384,11.708266237251744,2.428878153515835,3.388352120236178,4.361245303274289,6.260064412238325,0.6374127750939346
284,57.8569511540526,13.593666129898015,11.708266237251744,2.428878153515835,3.227321524422974,4.320987654320987,6.226516371443908,0.6374127750939346
285,57.9777241009125,13.56682769726248,11.708266237251744,2.368491680085883,3.193773483628556,4.320987654320987,6.226516371443908,0.6374127750939346
286,58.1454643048846,13.519860440150294,11.627750939345143,2.368491680085883,3.193773483628556,4.280730005367687,6.226516371443908,0.6374127750939346
