,45,50,55,51,52,56,53,58,59,57,54
0,99.28878153515835,0.7112184648416533,,,,,,,,,
1,81.83038110574343,18.06897477187332,0.10064412238325282,,,,,,,,
2,74.47665056360708,25.42270531400966,0.10064412238325282,,,,,,,,
3,74.53703703703704,25.36231884057971,0.10064412238325282,,,,,,,,
4,63.0300590445518,24.9597423510467,0.10064412238325282,11.90955448201825,,,,,,,
5,50.966183574879224,29.70343531937735,0.10064412238325282,19.229736983360173,,,,,,,
6,50.97289318303811,29.32769726247987,0.8454106280193237,13.278314546430488,5.5756843800322065,,,,,,
7,47.195383789586685,27.408749329039185,0.8454106280193237,18.9747718733226,5.5756843800322065,,,,,,
8,47.0276435856146,27.509393451422437,0.5501878690284487,18.820450885668276,5.9514224369296835,0.14090177133655393,,,,,
9,40.41196994095545,20.813204508856682,0.4495437466451959,32.39398819108964,5.931293612453032,,,,,,
10,40.45893719806763,20.658883521202362,0.4495437466451959,32.098765432098766,5.931293612453032,0.4025764895330113,,,,,
11,40.042941492216855,20.417337627482556,0.4495437466451959,32.058507783145465,6.629092860976919,0.4025764895330113,,,,,
12,40.08990874932904,20.377079978529252,0.4495437466451959,31.91760601180891,6.629092860976919,0.5367686527106817,,,,,
13,40.19055287171229,20.35024154589372,0.4495437466451959,31.87734836285561,6.595544820182502,0.5367686527106817,,,,,
14,8.387010198604402,53.12667740203972,0.4495437466451959,23.65136876006441,13.694310252281268,0.6910896403650026,,,,,
15,8.494363929146537,53.07300053676865,0.4495437466451959,23.597691894793343,13.694310252281268,0.6910896403650026,,,,,
16,6.743156199677939,48.68491680085883,0.7447665056360708,30.48174986580784,13.251476113794954,0.0939345142243693,,,,,
17,6.890767579173376,48.510466988727856,0.9192163177670424,24.966451959205582,18.61916264090177,0.0939345142243693,,,,,
18,6.89747718733226,40.92190016103059,0.8856682769726248,24.93961352657005,18.605743424584006,0.0939345142243693,7.6556629092860975,,,,
19,7.105475040257649,33.52120236178207,8.225979602791197,24.838969404186795,18.572195383789587,0.0939345142243693,7.64224369296833,,,,
20,7.219538378958669,33.393719806763286,8.09849704777241,24.805421363392377,18.5654857756307,0.0939345142243693,7.5348899624261945,0.1274825550187869,0.1610305958132045,,
21,7.407407407407407,33.319914117015564,8.085077831454644,24.778582930756844,18.491680085882983,0.0939345142243693,7.5348899624261945,0.1274825550187869,0.1610305958132045,,
22,7.568438003220612,32.95759527643585,8.3064949006978,24.56387546967257,18.438003220611915,0.3421900161030596,7.5348899624261945,0.1274825550187869,0.1610305958132045,,
23,7.689210950080516,32.60198604401503,8.55475040257649,24.550456253354803,18.438003220611915,0.3421900161030596,7.5348899624261945,0.1274825550187869,0.1610305958132045,,
24,7.6623725174449815,32.59527643585615,8.55475040257649,27.905260332796566,15.029522275899087,0.46296296296296297,7.065217391304348,0.1274825550187869,0.5971551261406334,,
25,7.7831454643048845,31.602254428341386,8.521202361782072,24.912775093934513,14.284755770263017,0.7783145464304885,11.392914653784219,0.1274825550187869,0.5971551261406334,,
26,6.863929146537842,29.750402576489535,6.971282877079979,29.240472356414386,14.27133655394525,0.6843800322061192,11.379495437466453,0.1274825550187869,0.5971551261406334,0.11406333870101985,
27,7.0450885668276975,29.428341384863124,6.971282877079979,28.77750939345142,13.94927536231884,1.6103059581320451,11.379495437466453,0.1274825550187869,0.5971551261406334,0.11406333870101985,
28,7.078636607622115,29.421631776704242,6.964573268921095,28.166935050993022,13.137412775093935,1.5230810520665594,12.869028448738593,0.1274825550187869,0.5971551261406334,0.11406333870101985,
29,7.27992485238862,29.186795491143318,7.1658615136876005,25.87224906065486,13.103864734299517,1.5230810520665594,15.042941492216855,0.1274825550187869,0.5837359098228664,0.11406333870101985,
30,7.37385936661299,29.09286097691895,7.219538378958669,25.831991411701555,13.09044551798175,1.5230810520665594,15.042941492216855,0.1274825550187869,0.5837359098228664,0.11406333870101985,
31,7.367149758454106,29.052603327965645,7.206119162640902,30.495169082125603,11.225174449812132,1.288244766505636,12.5402576489533,0.1274825550187869,0.5837359098228664,0.11406333870101985,
32,4.441760601180891,15.841384863123993,1.4090177133655395,57.25308641975309,15.854804079441761,0.8655394524959742,4.072732152442297,,0.2616747181964573,,
33,3.7640901771336552,10.735373054213634,1.3955984970477724,52.885131508319915,20.517981749865807,1.3888888888888888,2.589908749329039,0.05367686527106817,,,6.66935050993022
34,3.878153515834675,10.735373054213634,1.3955984970477724,52.804616210413315,20.511272141706925,1.3888888888888888,2.563070316693505,0.05367686527106817,,,6.66935050993022
35,1.2144390767579174,5.964841653247451,1.1808910359634996,51.12721417069243,29.985238862050455,1.2681159420289856,2.563070316693505,0.05367686527106817,,,6.642512077294686
36,1.442565754159957,5.9514224369296835,1.1808910359634996,50.946054750402574,29.978529253891573,1.2546967257112185,2.5496511003757383,0.05367686527106817,,,6.642512077294686
37,1.2144390767579174,4.904723564143854,0.36902844873859364,69.33709071390231,15.022812667740205,1.4090177133655395,2.5496511003757383,0.05367686527106817,,,5.139559849704777
38,1.2278582930756843,4.904723564143854,0.36902844873859364,69.47128287707997,15.022812667740205,1.3352120236178207,2.475845410628019,0.05367686527106817,,,5.139559849704777
39,1.415727321524423,4.851046698872786,0.36902844873859364,69.37734836285561,14.99597423510467,1.3352120236178207,2.462426194310252,0.05367686527106817,,,5.139559849704777
40,1.6304347826086956,4.851046698872786,0.7783145464304885,68.50509930220075,14.962426194310252,1.6841116478797638,2.395330112721417,0.05367686527106817,,,5.139559849704777
41,1.7847557702630166,4.817498658078368,0.5636070853462157,61.13794954374664,21.121846484165324,3.4957058507783145,1.8853998926462694,0.05367686527106817,,,5.139559849704777
42,1.6572732152442298,4.804079441760601,0.5636070853462157,72.49731615673645,9.359903381642512,3.1535158346752548,1.8786902844873858,0.05367686527106817,,,6.031937734836285
43,1.7914653784219001,4.555823939881911,0.5636070853462157,70.04830917874396,12.93612453032743,3.9318303811057436,0.06038647342995169,,,0.08051529790660225,6.031937734836285
44,1.9592055823939882,4.549114331723027,0.5636070853462157,69.94095544820182,12.882447665056361,3.9318303811057436,0.06038647342995169,,,0.08051529790660225,6.031937734836285
45,2.301395598497048,4.528985507246377,0.5636070853462157,66.47879763821793,12.76838432635534,7.313472893183038,0.06038647342995169,,,0.08051529790660225,5.904455179817498
46,2.328234031132582,4.528985507246377,1.4090177133655395,62.15780998389694,16.854535695115406,6.6760601180891035,0.06038647342995169,,,0.08051529790660225,5.904455179817498
47,2.395330112721417,4.528985507246377,2.1604938271604937,61.231884057971016,16.780730005367687,6.790123456790123,0.06038647342995169,,,0.14761137949543746,5.904455179817498
48,2.61003757380569,4.528985507246377,2.1604938271604937,61.111111111111114,16.6935050993022,6.790123456790123,0.06038647342995169,,,0.14761137949543746,5.897745571658615
49,2.8113258185721954,4.388083735909823,3.3279656468062266,57.09205582393988,16.6935050993022,6.320450885668277,4.562533548040794,,,0.14761137949543746,4.656468062265164
50,2.898550724637681,4.38137412775094,3.3279656468062266,56.89747718733226,16.6935050993022,6.4345142243692965,4.562533548040794,,,0.14761137949543746,4.656468062265164
51,3.1199677938808374,4.38137412775094,3.3279656468062266,56.655931293612454,16.666666666666668,6.515029522275899,4.528985507246377,,,0.14761137949543746,4.656468062265164
52,3.2004830917874396,4.374664519592056,3.3279656468062266,54.69672571121846,16.666666666666668,6.374127750939345,6.561996779388084,,,0.14761137949543746,4.64975845410628
53,2.9388083735909825,4.341116478797638,3.0864197530864197,50.899087493290395,15.378421900161031,6.696188942565755,13.39237788513151,,,0.14761137949543746,3.1199677938808374
54,2.7979066022544283,4.341116478797638,7.64224369296833,52.28797638217928,11.520397208803006,6.494900697799249,11.714975845410628,,,0.08051529790660225,3.1199677938808374
55,2.985775630703167,4.341116478797638,7.776435856146001,52.05314009661836,11.506977992485238,6.447933440687064,11.688137412775093,,,0.08051529790660225,3.1199677938808374
56,3.0730005367686526,4.341116478797638,7.776435856146001,50.72463768115942,12.882447665056361,6.447933440687064,11.681427804616211,,,0.19457863660762212,2.8784219001610305
57,3.3279656468062266,4.341116478797638,7.722758990874933,50.5703166935051,12.875738056897477,6.4412238325281805,11.647879763821793,,,0.19457863660762212,2.8784219001610305
58,2.6838432635534084,1.9860440150295222,6.870638754696726,38.6808910359635,18.612453032742888,9.796027911969942,18.344068706387546,,,0.19457863660762212,2.831454643048846
59,2.818035426731079,1.9860440150295222,6.870638754696726,38.56682769726248,18.50509930220075,9.822866344605474,18.183038110574344,0.1610305958132045,,0.2549651100375738,2.831454643048846
60,2.8918411164787976,1.9860440150295222,6.870638754696726,38.53327965646806,18.250134192163177,9.822866344605474,18.169618894256576,0.1610305958132045,,0.5099302200751477,2.804616210413312
61,3.0327428878153517,1.9860440150295222,6.830381105743425,38.31186258722491,18.156199677938808,10.064412238325282,17.98174986580784,0.3421900161030596,,0.5099302200751477,2.7844873859366612
62,3.1468062265163717,1.9860440150295222,6.830381105743425,38.258185721953836,19.108964036500268,9.138486312399356,17.894524959742352,0.3421900161030596,,0.5099302200751477,2.7844873859366612
63,2.5026838432635534,0.8923778851315083,6.850509930220075,41.948470209339774,16.552603327965645,6.743156199677939,15.183843263553408,0.3421900161030596,,0.39586688137412773,8.588298443370908
64,2.6704240472356413,0.8923778851315083,6.850509930220075,41.90150295222759,16.42512077294686,6.716317767042405,15.170424047235642,0.3421900161030596,,0.47638217928073,8.55475040257649
65,2.3483628556092326,0.798443370907139,6.3070316693505095,51.570048309178745,18.67283950617284,3.4688674181427803,9.125067096081589,0.18115942028985507,,0.47638217928073,7.051798174986581
66,2.4355877616747184,0.798443370907139,6.293612453032743,51.51637144390767,18.67283950617284,3.4688674181427803,9.111647879763822,0.18115942028985507,,0.47638217928073,7.0450885668276975
67,2.4020397208803006,0.798443370907139,5.46833064949007,51.227858293075684,18.605743424584006,3.603059581320451,10.19189479334407,0.18115942028985507,,0.47638217928073,7.0450885668276975
68,2.703972088030059,0.798443370907139,6.199677938808374,50.691089640365,18.209876543209877,3.515834675254965,10.19189479334407,0.18115942028985507,,0.47638217928073,7.03166935050993
69,2.898550724637681,0.798443370907139,6.199677938808374,50.58373590982286,18.136070853462158,3.515834675254965,10.19189479334407,0.18115942028985507,,0.46296296296296297,7.03166935050993
70,3.046162104133119,0.798443370907139,6.172839506172839,50.52334943639291,18.10252281266774,3.5091250670960816,10.185185185185185,0.18115942028985507,,0.46296296296296297,7.018250134192163
71,2.522812667740204,0.6709608158883521,5.756843800322061,39.029790660225444,43.19645732689211,2.8918411164787976,2.844873859366613,0.18115942028985507,,0.46296296296296297,2.442297369833602
72,2.462426194310252,0.6709608158883521,4.146537842190016,34.38003220611916,49.85909822866345,2.8650026838432634,2.9790660225442833,0.18115942028985507,,0.46296296296296297,1.9927536231884058
73,2.6838432635534084,0.6709608158883521,4.146537842190016,34.286097691894796,49.765163714439076,2.85829307568438,2.9790660225442833,0.18115942028985507,,0.46296296296296297,1.9659151905528718
74,2.5026838432635534,0.6709608158883521,4.079441760601181,25.15432098765432,49.624261943102525,2.6167471819645733,12.781803542673108,0.18115942028985507,,0.46296296296296297,1.9256575415995705
75,2.7308105206655933,0.6709608158883521,4.079441760601181,25.0402576489533,49.20826623725174,2.6167471819645733,12.74825550187869,0.18115942028985507,,0.46296296296296297,2.2611379495437465
76,2.885131508319914,0.6709608158883521,4.079441760601181,25.013419216317768,49.11433172302738,2.6167471819645733,12.285292538915728,0.6374127750939346,,0.46296296296296297,2.2342995169082127
77,2.8784219001610305,0.6709608158883521,4.072732152442297,23.34272678475577,57.8569511540526,2.4355877616747184,6.078904991948471,0.2147074610842727,,0.46296296296296297,1.9860440150295222
78,3.066290928609769,0.6709608158883521,4.072732152442297,23.315888352120236,57.6959205582394,2.4355877616747184,5.897745571658615,0.39586688137412773,,0.46296296296296297,1.9860440150295222
79,3.1535158346752548,0.6709608158883521,4.072732152442297,23.315888352120236,57.608695652173914,2.4355877616747184,5.897745571658615,0.39586688137412773,,0.46296296296296297,1.9860440150295222
80,3.3145464304884595,0.6709608158883521,4.072732152442297,22.966988727858293,57.776435856146,2.4355877616747184,5.770263016639828,0.48980139559849706,,0.5166398282340311,1.9860440150295222
81,3.4151905528717124,0.6709608158883521,3.7372517444981215,22.644927536231883,54.790660225442835,1.9457863660762211,9.158615136876007,0.48980139559849706,,0.6038647342995169,2.5429414922168547
82,3.556092324208266,0.6709608158883521,3.7238325281803544,22.638217928073,54.69672571121846,1.9122383252818036,9.05126140633387,0.6038647342995169,,0.6038647342995169,2.5429414922168547
83,3.69699409554482,0.6709608158883521,3.7238325281803544,22.604669887278583,54.29414922168545,2.2074610842726785,9.05126140633387,0.6038647342995169,,0.6038647342995169,2.5429414922168547
84,3.7104133118625873,0.6709608158883521,4.944981213097155,22.564412238325282,52.871712292002144,2.2074610842726785,9.044551798174986,0.6038647342995169,,0.8387010198604401,2.5429414922168547
85,3.844605475040258,0.6709608158883521,4.944981213097155,22.564412238325282,52.804616210413315,2.2074610842726785,8.977455716586151,0.6038647342995169,,0.8387010198604401,2.5429414922168547
86,4.019055287171229,0.6709608158883521,4.944981213097155,22.530864197530864,52.71739130434783,2.1806226516371443,8.950617283950617,0.6038647342995169,,0.8387010198604401,2.5429414922168547
87,4.05931293612453,0.6642512077294686,4.3545356951154055,26.516371443907676,49.302200751476114,2.167203435319377,8.883521202361782,0.6709608158883521,,0.8387010198604401,2.5429414922168547
88,4.3478260869565215,0.6642512077294686,4.3545356951154055,26.36876006441224,49.094202898550726,2.281266774020397,8.883521202361782,0.6709608158883521,,0.8387010198604401,2.49597423510467
89,3.92512077294686,0.6642512077294686,3.6902844873859366,38.466183574879224,39.84836285560923,1.9592055823939882,8.59500805152979,0.6709608158883521,,0.8387010198604401,1.3419216317767042
90,4.092860976918948,0.6642512077294686,3.6902844873859366,38.419216317767045,39.72758990874933,1.9592055823939882,8.59500805152979,0.6709608158883521,,0.8387010198604401,1.3419216317767042
91,4.186795491143317,0.6642512077294686,3.6902844873859366,38.36553945249597,39.68733225979603,1.9592055823939882,8.59500805152979,0.6709608158883521,,0.8387010198604401,1.3419216317767042
92,4.1532474503489,0.6508319914117016,3.683574879227053,29.25389157273215,47.457058507783145,2.0933977455716586,9.856414385399892,0.6709608158883521,,0.8387010198604401,1.3419216317767042
93,4.159957058507783,0.6508319914117016,3.683574879227053,29.1532474503489,46.4975845410628,3.1468062265163717,9.856414385399892,0.6709608158883521,,0.8387010198604401,1.3419216317767042
94,4.2203435319377345,0.6508319914117016,3.750670960815888,29.09286097691895,46.45061728395062,3.1468062265163717,9.856414385399892,0.6508319914117016,,0.8387010198604401,1.3419216317767042
95,4.361245303274289,0.6508319914117016,3.750670960815888,28.428609769189478,46.34997316156736,3.770799785292539,9.856414385399892,0.6508319914117016,,0.8387010198604401,1.3419216317767042
96,4.508856682769726,0.6508319914117016,3.750670960815888,28.361513687600645,46.303005904455176,3.7372517444981215,9.856414385399892,0.6508319914117016,,0.8387010198604401,1.3419216317767042
97,4.663177670424047,0.6508319914117016,3.750670960815888,28.348094471282877,46.222490606548575,3.7372517444981215,9.796027911969942,0.6508319914117016,,0.8387010198604401,1.3419216317767042
98,4.8443370907139025,0.644122383252818,3.750670960815888,28.33467525496511,46.101717659688674,3.730542136339238,9.762479871175524,0.6508319914117016,,0.8387010198604401,1.3419216317767042
99,5.038915727321524,0.644122383252818,3.750670960815888,28.247450348899623,45.99436392914654,3.730542136339238,9.762479871175524,0.6508319914117016,,0.8387010198604401,1.3419216317767042
100,5.0993022007514766,0.644122383252818,3.750670960815888,28.247450348899623,45.94068706387547,3.730542136339238,9.762479871175524,0.6508319914117016,,0.8319914117015567,1.3419216317767042
101,5.166398282340311,0.644122383252818,3.750670960815888,28.16022544283414,45.8870101986044,3.730542136339238,9.702093397745571,0.6508319914117016,,0.966183574879227,1.3419216317767042
102,5.267042404723564,0.644122383252818,3.750670960815888,28.059581320450885,45.779656468062264,3.7037037037037037,9.648416532474503,0.6508319914117016,,1.1540526033279657,1.3419216317767042
103,5.374396135265701,0.644122383252818,3.7372517444981215,27.992485238862052,44.98121309715513,3.7037037037037037,9.614868491680086,0.6508319914117016,,1.1808910359634996,2.120236178207193
104,5.548845947396672,0.644122383252818,3.7372517444981215,27.81803542673108,44.94095544820183,3.388352120236178,9.601449275362318,0.6508319914117016,,1.1808910359634996,2.4892646269457863
105,5.683038110574342,0.644122383252818,3.8177670424047236,27.791196994095547,44.06199677938808,3.656736446591519,9.594739667203436,0.6508319914117016,,1.6103059581320451,2.4892646269457863
106,5.850778314546431,0.644122383252818,3.8177670424047236,27.78448738593666,43.94122383252818,3.656736446591519,9.554482018250134,0.6508319914117016,,1.6103059581320451,2.4892646269457863
107,6.119162640901771,0.644122383252818,3.8915727321524423,27.76435856146001,43.78019323671498,3.656736446591519,9.41358024691358,0.6508319914117016,,1.5901771336553945,2.4892646269457863
108,6.199677938808374,0.644122383252818,3.8915727321524423,27.70397208803006,43.11594202898551,3.656736446591519,9.41358024691358,0.6508319914117016,,2.24771873322598,2.475845410628019
109,6.340579710144928,0.644122383252818,3.8915727321524423,27.636876006441224,43.04884594739667,3.656736446591519,9.406870638754697,0.6508319914117016,,2.24771873322598,2.475845410628019
110,6.528448738593666,0.644122383252818,3.8848631239935587,27.549651100375737,42.78717122920021,3.7909286097691894,9.406870638754697,0.6508319914117016,,2.2946859903381642,2.462426194310252
111,6.588835212023618,0.644122383252818,3.8848631239935587,27.455716586151368,42.693236714975846,3.9184111647879765,9.406870638754697,0.6508319914117016,,2.2946859903381642,2.462426194310252
112,6.226516371443908,0.644122383252818,4.736983360171766,29.582662372517444,42.19672571121846,3.9318303811057436,7.702630166398282,0.46967257112184646,,2.475845410628019,2.033011272141707
113,6.360708534621578,0.644122383252818,4.723564143853999,29.502147074610843,42.16317767042405,3.9318303811057436,7.695920558239399,0.46967257112184646,,2.475845410628019,2.033011272141707
114,6.541867954911433,0.644122383252818,4.723564143853999,29.441760601180892,42.0625335480408,3.9049919484702094,7.695920558239399,0.46967257112184646,,2.475845410628019,2.0397208803005906
115,6.877348362855609,0.644122383252818,4.7101449275362315,29.414922168545356,41.888083735909824,3.9049919484702094,7.615405260332796,0.46967257112184646,,2.4557165861513686,2.01959205582394
116,7.1725711218464845,0.6239935587761675,4.683306494900698,29.280730005367687,41.82098765432099,3.8714439076757916,7.615405260332796,0.46967257112184646,,2.442297369833602,2.01959205582394
117,7.266505636070853,0.6239935587761675,4.683306494900698,29.24718196457327,41.76060118089104,3.8714439076757916,7.615405260332796,0.46967257112184646,,2.442297369833602,2.01959205582394
118,7.360440150295223,0.6239935587761675,4.683306494900698,29.0727321524423,41.63311862587225,4.079441760601181,7.615405260332796,0.46967257112184646,,2.442297369833602,2.01959205582394
119,7.427536231884058,0.6239935587761675,4.683306494900698,29.05931293612453,41.619699409554485,4.079441760601181,7.575147611379496,0.46967257112184646,,2.442297369833602,2.01959205582394
120,6.957863660762212,0.6239935587761675,4.461889425657541,35.68169618894257,36.86929683306495,4.2270531400966185,6.172839506172839,0.3421900161030596,,2.3081052066559313,2.3550724637681157
121,7.199409554482019,0.6239935587761675,4.461889425657541,35.581052066559316,36.741814278046164,4.2270531400966185,6.159420289855072,0.3421900161030596,,2.3081052066559313,2.3550724637681157
122,7.266505636070853,0.6239935587761675,4.461889425657541,35.265700483091784,36.68142780461621,4.53569511540526,6.159420289855072,0.3421900161030596,,2.3081052066559313,2.3550724637681157
123,6.964573268921095,0.6239935587761675,4.388083735909823,39.432367149758456,33.73590982286635,4.582662372517445,6.0654857756307035,0.3421900161030596,,2.2410091250670963,1.6237251744498122
124,7.03166935050993,0.6239935587761675,4.7101449275362315,39.00295222758991,33.50107353730542,4.582662372517445,6.0654857756307035,0.3421900161030596,,2.5295222758990876,1.6103059581320451
125,7.105475040257649,0.6239935587761675,4.696725711218465,38.5601180891036,33.21926999463231,5.246913580246914,6.0654857756307035,0.3421900161030596,,2.5295222758990876,1.6103059581320451
126,7.024959742351046,0.6239935587761675,4.696725711218465,41.91492216854536,30.96484165324745,4.636339237788513,6.018518518518518,0.3421900161030596,,2.5295222758990876,1.247987117552335
127,7.139023081052066,0.6239935587761675,4.696725711218465,41.80085882984434,30.96484165324745,4.636339237788513,6.018518518518518,0.3421900161030596,,2.5295222758990876,1.247987117552335
128,7.434245840042942,0.6239935587761675,4.62962962962963,41.74718196457327,30.864197530864196,4.575952764358561,6.005099302200751,0.3421900161030596,,2.5295222758990876,1.247987117552335
129,6.468062265163715,0.2147074610842727,3.9586688137412773,49.121041331186255,26.992753623188406,3.750670960815888,5.555555555555555,0.32877079978529256,,2.4221685453569513,1.1876006441223832
130,6.66935050993022,0.2147074610842727,3.9586688137412773,49.074074074074076,26.858561460010737,3.750670960815888,5.535426731078905,0.32877079978529256,,2.4221685453569513,1.1876006441223832
131,6.796833064949007,0.2147074610842727,3.9586688137412773,49.02710681696189,26.8317230273752,3.69699409554482,5.535426731078905,0.32877079978529256,,2.4221685453569513,1.1876006441223832
132,6.9310252281266775,0.2147074610842727,3.938539989264627,47.51073537305421,26.65727321524423,3.69699409554482,5.535426731078905,0.32877079978529256,,2.4490069779924855,2.737520128824477
133,7.092055823939882,0.2147074610842727,3.938539989264627,47.457058507783145,26.603596349973163,3.683574879227053,5.495169082125604,0.32877079978529256,,2.4490069779924855,2.737520128824477
134,7.232957595276436,0.2147074610842727,3.938539989264627,47.41009125067096,26.603596349973163,3.643317230273752,5.481749865807837,0.32877079978529256,,2.408749329039184,2.737520128824477
135,7.300053676865271,0.2147074610842727,4.032474503488996,48.24208266237252,26.52308105206656,3.643317230273752,5.481749865807837,0.32877079978529256,,2.408749329039184,1.8250134192163177
136,7.4141170155662905,0.2147074610842727,4.032474503488996,48.20182501341922,26.44927536231884,3.643317230273752,5.481749865807837,0.32877079978529256,,2.408749329039184,1.8250134192163177
137,7.514761137949543,0.2147074610842727,4.032474503488996,48.15485775630703,26.422436929683307,3.643317230273752,5.4549114331723025,0.32877079978529256,,2.408749329039184,1.8250134192163177
138,7.521470746108427,0.2147074610842727,4.032474503488996,48.148148148148145,26.422436929683307,3.643317230273752,5.4549114331723025,0.32877079978529256,,2.408749329039184,1.8250134192163177
139,7.682501341921632,0.2147074610842727,3.992216854535695,48.07434245840043,26.382179280730007,3.643317230273752,5.4549114331723025,0.32877079978529256,,2.408749329039184,1.8183038110574343
140,7.98443370907139,0.2147074610842727,3.992216854535695,47.87976382179281,26.234567901234566,3.7104133118625873,5.434782608695652,0.32877079978529256,,2.4020397208803006,1.8183038110574343
141,8.11862587224906,0.2147074610842727,3.992216854535695,47.85963499731616,26.187600644122384,3.7104133118625873,5.401234567901234,0.32877079978529256,,2.368491680085883,1.8183038110574343
142,8.239398819108963,0.2147074610842727,3.992216854535695,47.819377348362856,26.120504562533547,3.7104133118625873,5.401234567901234,0.32877079978529256,,2.368491680085883,1.8048845947396672
143,8.259527643585615,0.2147074610842727,3.992216854535695,47.819377348362856,26.10708534621578,3.7104133118625873,5.394524959742351,0.32877079978529256,,2.368491680085883,1.8048845947396672
144,8.340042941492216,0.2147074610842727,4.26731078904992,47.61137949543747,25.966183574879228,3.69699409554482,5.381105743424584,0.32877079978529256,,2.3886205045625335,1.8048845947396672
145,8.487654320987655,0.2147074610842727,4.42163177670424,47.20880300590446,25.959473966720342,3.8378958668813743,5.381105743424584,0.32877079978529256,,2.3550724637681157,1.8048845947396672
146,8.57487922705314,0.2147074610842727,4.42163177670424,47.14170692431562,25.939345142243692,3.8378958668813743,5.381105743424584,0.32877079978529256,,2.3550724637681157,1.8048845947396672
147,8.668813741277509,0.2147074610842727,4.42163177670424,46.14868491680086,25.939345142243692,4.757112184648417,5.381105743424584,0.30864197530864196,,2.3550724637681157,1.8048845947396672
148,8.849973161567364,0.2147074610842727,4.334406870638754,46.081588835212024,25.85882984433709,4.74369296833065,5.374396135265701,0.30864197530864196,,2.3349436392914655,1.8988191089640365
149,9.091519055287172,0.2147074610842727,4.334406870638754,45.65888352120236,25.81857219538379,4.7101449275362315,5.233494363929147,0.30864197530864196,,2.3349436392914655,2.2946859903381642
150,9.265968867418144,0.2147074610842727,4.334406870638754,45.276435856146,25.731347289318304,4.904723564143854,5.0858829844337095,0.30864197530864196,,2.314814814814815,2.563070316693505
151,9.353193773483628,0.2147074610842727,4.334406870638754,45.249597423510465,25.670960815888353,4.904723564143854,5.0858829844337095,0.30864197530864196,,2.314814814814815,2.563070316693505
152,9.554482018250134,0.2147074610842727,4.435050993022007,44.49141170155663,25.63070316693505,5.448201825013419,5.0858829844337095,0.27509393451422437,,2.314814814814815,2.5496511003757383
153,9.702093397745571,0.2147074610842727,4.428341384863124,44.43102522812668,25.603864734299517,5.448201825013419,5.059044551798175,0.27509393451422437,,2.314814814814815,2.522812667740204
154,9.896672034353195,0.2147074610842727,4.428341384863124,44.316961889425656,25.45625335480408,5.394524959742351,5.059044551798175,0.27509393451422437,,2.4355877616747184,2.522812667740204
155,9.876543209876543,0.2147074610842727,4.428341384863124,44.316961889425656,25.174449812130973,5.374396135265701,5.059044551798175,0.27509393451422437,,2.757648953301127,2.522812667740204
156,9.433709071390231,0.2147074610842727,4.5893719806763285,48.05421363392378,22.953569511540525,5.059044551798175,4.575952764358561,0.27509393451422437,,2.4825550187869028,2.3617820719269993
157,9.460547504025765,0.2147074610842727,4.918142780461621,47.64492753623188,22.886473429951693,5.179817498658078,4.575952764358561,0.27509393451422437,,2.4825550187869028,2.3617820719269993
158,9.581320450885668,0.2147074610842727,4.911433172302737,47.57783145464305,22.84621578099839,5.173107890499195,4.575952764358561,0.27509393451422437,,2.4825550187869028,2.3617820719269993
159,9.621578099838969,0.2147074610842727,5.595813204508857,47.08132045088567,22.65163714439077,5.166398282340311,4.549114331723027,0.27509393451422437,,2.4825550187869028,2.3617820719269993
160,9.728931830381105,0.2147074610842727,5.595813204508857,47.04106280193237,22.61808910359635,5.146269457863661,4.549114331723027,0.27509393451422437,,2.475845410628019,2.3550724637681157
161,9.883252818035427,0.2147074610842727,5.743424584004294,46.85990338164251,22.014224369296834,4.931561996779388,5.307300053676865,0.27509393451422437,,2.475845410628019,2.2946859903381642
162,9.977187332259795,0.2147074610842727,5.669618894256575,46.812936124530324,21.557971014492754,4.931561996779388,5.273752012882448,0.2616747181964573,,3.0059044551798175,2.2946859903381642
163,10.017444981213098,0.2147074610842727,5.656199677938808,46.765968867418145,21.772678475577028,4.931561996779388,5.273752012882448,0.2616747181964573,,2.8381642512077296,2.26784755770263
164,10.158346752549651,0.2147074610842727,5.656199677938808,46.59822866344606,21.712292002147073,5.032206119162641,5.260332796564681,0.2616747181964573,,2.8381642512077296,2.26784755770263
165,10.292538915727322,0.2147074610842727,6.508319914117015,46.182232957595275,21.329844337090712,5.032206119162641,5.246913580246914,0.2616747181964573,,2.6637144390767578,2.26784755770263
166,10.399892646269459,0.2147074610842727,6.776704240472356,45.833333333333336,21.329844337090712,5.005367686527107,5.246913580246914,0.2616747181964573,,2.6637144390767578,2.26784755770263
167,10.59447128287708,0.2147074610842727,7.50805152979066,44.947665056360705,21.115136876006442,4.998658078368224,5.4549114331723025,0.2616747181964573,,2.636876006441224,2.26784755770263
168,10.815888352120236,0.20128824476650564,7.48792270531401,44.826892109500804,21.088298443370906,4.998658078368224,5.428073000536768,0.2616747181964573,,2.623456790123457,2.26784755770263
169,10.88298443370907,0.20128824476650564,7.461084272678476,44.598765432098766,21.048040794417606,5.226784755770263,5.428073000536768,0.2616747181964573,,2.623456790123457,2.26784755770263
170,11.030595813204508,0.20128824476650564,7.5281803542673105,44.43102522812668,20.913848631239937,5.3274288781535155,5.428073000536768,0.2616747181964573,,2.623456790123457,2.254428341384863
171,10.970209339774557,0.20128824476650564,7.5281803542673105,44.155931293612454,20.25630703166935,5.555555555555555,5.394524959742351,0.2616747181964573,,3.421900161030596,2.254428341384863
172,11.18491680085883,0.20128824476650564,7.5281803542673105,44.00161030595813,20.21604938271605,5.548845947396672,5.394524959742351,0.2616747181964573,,3.408480944712829,2.254428341384863
173,11.265432098765432,0.20128824476650564,7.5281803542673105,43.78690284487386,19.632313472893184,5.542136339237788,6.119162640901771,0.2616747181964573,,3.408480944712829,2.254428341384863
174,11.406333870101985,0.20128824476650564,7.669082125603865,43.71980676328502,19.41760601180891,5.542136339237788,6.119162640901771,0.2616747181964573,,3.408480944712829,2.254428341384863
175,11.406333870101985,0.20128824476650564,8.460815888352121,42.8743961352657,19.30354267310789,5.629361245303274,6.119162640901771,0.2616747181964573,,3.488996242619431,2.254428341384863
176,11.60762211486849,0.20128824476650564,8.427267847557703,42.85426731078905,19.290123456790123,5.562265163714439,6.052066559312936,0.2616747181964573,,3.488996242619431,2.254428341384863
177,11.714975845410628,0.20128824476650564,8.400429414922169,42.85426731078905,19.256575415995705,5.515297906602254,6.052066559312936,0.2616747181964573,,3.488996242619431,2.254428341384863
178,11.896135265700483,0.20128824476650564,8.373590982286634,42.72007514761138,19.256575415995705,5.501878690284487,6.052066559312936,0.2616747181964573,,3.4822866344605474,2.254428341384863
179,11.131239935587761,0.20128824476650564,7.5281803542673105,39.06333870101986,26.80488459473967,3.589640365002684,6.045356951154052,0.2616747181964573,,3.240740740740741,2.13365539452496
180,11.171497584541063,0.20128824476650564,7.5281803542673105,39.049919484702095,26.7914653784219,3.589640365002684,6.038647342995169,0.2616747181964573,,3.240740740740741,2.1269457863660763
181,11.258722490606548,0.20128824476650564,7.575147611379496,38.989533011272144,26.744498121309714,3.589640365002684,6.011808910359635,0.2616747181964573,,3.240740740740741,2.1269457863660763
182,11.3593666129898,0.20128824476650564,7.548309178743962,38.92243692968331,26.737788513150832,3.589640365002684,6.011808910359635,0.2616747181964573,,3.240740740740741,2.1269457863660763
183,11.480139559849706,0.20128824476650564,7.5281803542673105,38.91572732152442,26.710950080515296,3.589640365002684,6.011808910359635,0.2616747181964573,,3.227321524422974,2.073268921095008
184,11.453301127214171,0.20128824476650564,8.125335480407944,38.59366612989801,26.583467525496513,3.589640365002684,5.991680085882985,0.2616747181964573,,3.126677402039721,2.073268921095008
185,11.540526033279656,0.20128824476650564,8.420558239398819,37.956253354804076,26.932367149758456,3.589640365002684,5.991680085882985,0.2616747181964573,,3.126677402039721,1.9793344068706387
186,11.75523349436393,0.20128824476650564,8.735909822866345,37.72812667740204,26.737788513150832,3.5225442834138487,5.984970477724101,0.2616747181964573,,3.126677402039721,1.9457863660762211
187,11.916264090177133,0.20128824476650564,7.669082125603865,39.06333870101986,26.690821256038646,3.488996242619431,5.984970477724101,0.2616747181964573,,3.1199677938808374,1.6035963499731616
188,11.943102522812667,0.20128824476650564,7.669082125603865,38.479602791196996,26.50295222758991,3.488996242619431,6.729736983360172,0.2616747181964573,,3.1199677938808374,1.6035963499731616
189,12.016908212560386,0.20128824476650564,7.6556629092860975,38.446054750402574,26.48953301127214,3.488996242619431,6.729736983360172,0.2616747181964573,,3.1065485775630703,1.6035963499731616
190,12.144390767579173,0.20128824476650564,7.635534084809447,38.32528180354267,26.455984970477726,3.569511540526033,6.696188942565755,0.2616747181964573,,3.1065485775630703,1.6035963499731616
191,12.29200214707461,0.20128824476650564,7.816693505099302,38.0300590445518,26.422436929683307,3.569511540526033,6.696188942565755,0.2616747181964573,,3.1065485775630703,1.6035963499731616
192,12.399355877616747,0.20128824476650564,7.809983896940419,37.96296296296296,26.422436929683307,3.549382716049383,6.696188942565755,0.2616747181964573,,3.1065485775630703,1.5901771336553945
193,12.486580783682234,0.20128824476650564,7.809983896940419,37.895866881374126,26.422436929683307,3.5292538915727323,6.696188942565755,0.2616747181964573,,3.1065485775630703,1.5901771336553945
194,12.587224906065487,0.20128824476650564,7.7831454643048845,37.84219001610306,26.39559849704777,3.5628019323671496,6.696188942565755,0.2616747181964573,,3.079710144927536,1.5901771336553945
195,12.47987117552335,0.20128824476650564,7.004830917874396,37.66774020397209,26.247987117552334,3.5091250670960816,7.957595276435856,0.2616747181964573,,3.079710144927536,1.5901771336553945
196,12.654320987654321,0.20128824476650564,7.004830917874396,37.546967257112186,26.214439076757916,3.5091250670960816,7.937466451959206,0.2616747181964573,,3.079710144927536,1.5901771336553945
197,12.754965110037574,0.20128824476650564,6.984702093397746,37.506709608158886,26.187600644122384,3.5091250670960816,7.924047235641439,0.2616747181964573,,3.079710144927536,1.5901771336553945
198,12.701288244766506,0.20128824476650564,6.984702093397746,36.842458400429415,26.006441223832528,3.589640365002684,8.57487922705314,0.2616747181964573,,3.2474503488996245,1.5901771336553945
199,12.775093934514224,0.20128824476650564,6.984702093397746,36.81561996779388,25.979602791196996,3.589640365002684,8.57487922705314,0.2616747181964573,,3.227321524422974,1.5901771336553945
200,12.842190016103059,0.20128824476650564,7.051798174986581,36.78878153515835,25.95276435856146,3.5628019323671496,8.521202361782072,0.2616747181964573,,3.227321524422974,1.5901771336553945
201,13.050187869028449,0.20128824476650564,7.0383789586688135,36.741814278046164,25.845410628019323,3.5628019323671496,8.501073537305421,0.2616747181964573,,3.227321524422974,1.570048309178744
202,13.110574342458401,0.20128824476650564,7.011540526033279,36.72168545356951,25.831991411701555,3.5628019323671496,8.501073537305421,0.2616747181964573,,3.227321524422974,1.570048309178744
203,13.251476113794954,0.20128824476650564,7.011540526033279,36.68813741277509,25.738056897477186,3.549382716049383,8.501073537305421,0.2616747181964573,,3.227321524422974,1.570048309178744
204,13.385668276972625,0.20128824476650564,7.011540526033279,36.64117015566291,25.697799248523886,3.549382716049383,8.454106280193237,0.2616747181964573,,3.227321524422974,1.570048309178744
205,13.493022007514762,0.20128824476650564,7.776435856146001,35.909822866344605,25.603864734299517,3.5091250670960816,8.447396672034353,0.2616747181964573,,3.227321524422974,1.570048309178744
206,13.533279656468062,0.20128824476650564,7.776435856146001,35.81588835212023,24.88593666129898,3.5091250670960816,8.447396672034353,0.2616747181964573,,3.9989264626945786,1.570048309178744
207,13.486312399355878,0.20128824476650564,8.051529790660226,35.63472893183038,24.88593666129898,3.4688674181427803,8.447396672034353,0.2616747181964573,,3.9989264626945786,1.5633387010198605
208,13.506441223832528,0.20128824476650564,8.407139023081053,35.37976382179281,24.805421363392377,3.4420289855072466,8.433977455716587,0.2616747181964573,,3.9989264626945786,1.5633387010198605
209,13.399087493290391,0.20128824476650564,8.400429414922169,33.984165324745035,24.731615673644658,3.7909286097691894,9.883252818035427,0.2616747181964573,,3.9989264626945786,1.3486312399355878
210,13.399087493290391,0.20128824476650564,8.400429414922169,33.984165324745035,24.651100375738057,3.911701556629093,9.856414385399892,0.2616747181964573,,3.9989264626945786,1.3352120236178207
211,13.499731615673644,0.20128824476650564,8.387010198604402,33.95061728395062,24.61755233494364,3.8915727321524423,9.856414385399892,0.2616747181964573,,3.9989264626945786,1.3352120236178207
212,13.506441223832528,0.20128824476650564,8.387010198604402,33.95061728395062,24.61755233494364,3.8848631239935587,9.856414385399892,0.2616747181964573,,3.9989264626945786,1.3352120236178207
213,13.627214170692431,0.20128824476650564,8.387010198604402,33.93048845947396,24.60413311862587,3.7372517444981215,9.829575952764358,0.2616747181964573,,3.9720880300590444,1.4492753623188406
214,13.539989264626946,0.20128824476650564,8.340042941492216,33.40713902308105,24.60413311862587,4.448470209339774,9.816156736446592,0.2616747181964573,,3.965378421900161,1.415727321524423
215,13.6808910359635,0.20128824476650564,8.333333333333334,33.340042941492214,24.55716586151369,4.448470209339774,9.802737520128824,0.2616747181964573,,3.851315083199141,1.5230810520665594
216,13.841921631776705,0.20128824476650564,8.333333333333334,33.32662372517445,24.40955448201825,4.448470209339774,9.802737520128824,0.2616747181964573,,3.851315083199141,1.5230810520665594
217,14.009661835748792,0.20128824476650564,8.333333333333334,33.24610842726785,24.342458400429415,4.441760601180891,9.802737520128824,0.2616747181964573,,3.851315083199141,1.5096618357487923
218,13.935856146001074,0.20128824476650564,8.769457863660762,33.17230273752013,24.16129898013956,4.374664519592056,9.789318303811058,0.2616747181964573,,3.824476650563607,1.5096618357487923
219,14.090177133655395,0.20128824476650564,8.735909822866345,33.1454643048846,24.14117015566291,4.3478260869565215,9.749060654857756,0.2549651100375738,,3.824476650563607,1.5096618357487923
220,14.17740203972088,0.20128824476650564,8.709071390230811,33.1454643048846,24.094202898550726,4.3478260869565215,9.73564143853999,0.2549651100375738,,3.824476650563607,1.5096618357487923
221,14.398819108964037,0.20128824476650564,8.695652173913043,33.12533548040794,24.033816425120772,4.30756843800322,9.668545356951155,0.2549651100375738,,3.8043478260869565,1.5096618357487923
