,45,50,51,55,52,57,56,53,54,61,59,60,58,62,47,46
0,92.45169082125604,7.548309178743962,,,,,,,,,,,,,,
1,84.46054750402577,15.539452495974235,,,,,,,,,,,,,,
2,79.30756843800322,16.566022544283413,3.9519592055823938,0.17444981213097155,,,,,,,,,,,,
3,76.67740203972087,19.162640901771336,3.9855072463768115,0.17444981213097155,,,,,,,,,,,,
4,75.34219001610306,19.290123456790123,3.9855072463768115,0.24825550187869028,1.107085346215781,0.026838432635534086,,,,,,,,,,
5,56.387546967257116,37.34567901234568,4.783950617283951,0.3488996242619431,1.107085346215781,0.026838432635534086,,,,,,,,,,
6,56.27348362855609,37.446323134728935,4.783950617283951,0.3488996242619431,1.1205045625335481,0.026838432635534086,,,,,,,,,,
7,55.60252281266774,37.96967257112185,4.810789049919484,0.46967257112184646,1.1205045625335481,0.026838432635534086,,,,,,,,,,
8,54.85775630703167,38.56682769726248,4.8376274825550185,0.5904455179817498,1.1205045625335481,0.026838432635534086,,,,,,,,,,
9,50.10735373054214,43.203166935050994,4.797369833601718,0.7447665056360708,1.1205045625335481,0.026838432635534086,,,,,,,,,,
10,50.0805152979066,43.10923242082662,4.736983360171766,0.8655394524959742,1.1205045625335481,0.026838432635534086,0.06038647342995169,,,,,,,,,
11,49.9194847020934,41.0426731078905,4.723564143853999,3.079710144927536,1.133923778851315,0.026838432635534086,0.07380568974771873,,,,,,,,,
12,49.61755233494364,36.78878153515835,4.723564143853999,3.099838969404187,1.5365002683843263,0.026838432635534086,0.07380568974771873,4.106280193236715,0.026838432635534086,,,,,,,
13,49.52361782071927,36.61433172302738,4.723564143853999,3.066290928609769,1.5365002683843263,0.026838432635534086,0.07380568974771873,4.106280193236715,0.32877079978529256,,,,,,,
14,49.308910359635,36.802200751476114,4.656468062265164,3.0931293612453032,1.5365002683843263,0.026838432635534086,0.14090177133655393,4.106280193236715,0.32877079978529256,,,,,,,
15,44.97450348899624,41.04938271604938,4.656468062265164,3.1736446591519054,1.5499194847020934,0.026838432635534086,0.14090177133655393,4.0995705850778315,0.32877079978529256,,,,,,,
16,44.97450348899624,41.0426731078905,4.656468062265164,3.180354267310789,1.4626945786366077,0.11406333870101985,0.14090177133655393,4.0995705850778315,0.32877079978529256,,,,,,,
17,44.585346215781,39.982555018786904,5.146269457863661,3.2474503488996245,1.4626945786366077,0.11406333870101985,0.20128824476650564,3.7775093934514223,1.4761137949543746,0.0067096081588835215,,,,,,
18,44.20960815888352,40.022812667740205,5.146269457863661,3.549382716049383,1.4626945786366077,0.11406333870101985,0.20128824476650564,3.7640901771336552,1.5163714439076759,,0.013419216317767043,,,,,
19,43.927804616210416,40.264358561460014,5.166398282340311,3.569511540526033,1.4626945786366077,0.11406333870101985,0.20128824476650564,3.7640901771336552,1.5163714439076759,,0.013419216317767043,,,,,
20,43.96806226516372,40.21068169618894,5.166398282340311,3.5829307568438002,1.4626945786366077,0.11406333870101985,0.20128824476650564,3.7640901771336552,1.5163714439076759,,0.013419216317767043,,,,,
21,43.49838969404187,40.41867954911433,5.3341384863123995,3.643317230273752,1.4626945786366077,0.11406333870101985,0.2147074610842727,3.784219001610306,1.5163714439076759,,0.013419216317767043,,,,,
22,43.35077831454643,39.78797638217928,5.307300053676865,3.079710144927536,1.751207729468599,0.11406333870101985,0.24154589371980675,3.7573805689747717,2.589908749329039,,0.0067096081588835215,0.013419216317767043,,,,
23,42.129629629629626,40.995705850778315,5.293880837359098,3.046162104133119,1.751207729468599,0.11406333870101985,0.24154589371980675,3.643317230273752,2.6167471819645733,0.03354804079441761,0.0067096081588835215,0.013419216317767043,0.11406333870101985,,,
24,42.1027911969941,40.98899624261943,5.293880837359098,3.079710144927536,1.751207729468599,0.11406333870101985,0.24154589371980675,3.643317230273752,2.6167471819645733,0.03354804079441761,0.0067096081588835215,0.013419216317767043,0.11406333870101985,,,
25,39.16398282340311,41.720343531937736,4.7638217928073,2.8650026838432634,1.6572732152442298,0.11406333870101985,0.24154589371980675,3.629898013955985,5.669618894256575,0.03354804079441761,0.0067096081588835215,0.020128824476650563,0.11406333870101985,,,
26,38.69431025228127,42.16317767042405,4.750402576489533,2.8918411164787976,1.6572732152442298,0.11406333870101985,0.2549651100375738,3.629898013955985,5.669618894256575,0.03354804079441761,0.0067096081588835215,0.020128824476650563,0.11406333870101985,,,
27,38.66076221148685,42.17659688674181,4.750402576489533,2.9119699409554483,1.6572732152442298,0.11406333870101985,0.2549651100375738,3.629898013955985,5.669618894256575,0.03354804079441761,0.0067096081588835215,0.020128824476650563,0.11406333870101985,,,
28,38.64734299516908,42.12292002147075,4.750402576489533,2.918679549114332,1.6572732152442298,0.11406333870101985,0.2549651100375738,3.629898013955985,5.703166935050993,0.06038647342995169,0.0067096081588835215,0.020128824476650563,0.11406333870101985,,,
29,34.084809447128286,47.00751476113795,4.300858829844337,3.0595813204508855,1.6572732152442298,0.11406333870101985,0.2549651100375738,3.629898013955985,5.689747718733226,0.06038647342995169,0.0067096081588835215,0.020128824476650563,0.11406333870101985,,,
30,34.07809983896941,46.93370907139023,4.260601180891036,3.140096618357488,1.6572732152442298,0.11406333870101985,0.2952227589908749,3.629898013955985,5.662909286097692,0.06038647342995169,0.0067096081588835215,0.04696725711218465,0.11406333870101985,,,
31,33.943907675791735,44.840311325818575,7.548309178743962,2.8784219001610305,1.6572732152442298,0.11406333870101985,0.2952227589908749,2.844873859366613,5.649490069779925,0.06038647342995169,0.0067096081588835215,0.04696725711218465,0.11406333870101985,,,
32,33.93048845947396,44.860440150295226,7.514761137949543,2.8784219001610305,1.6572732152442298,0.11406333870101985,0.32877079978529256,2.844873859366613,5.642780461621041,0.06038647342995169,0.0067096081588835215,0.04696725711218465,0.11406333870101985,,,
33,33.9573268921095,43.974771873322595,7.440955448201825,3.750670960815888,1.6572732152442298,0.11406333870101985,0.38915727321524424,2.844873859366613,5.629361245303274,0.06038647342995169,0.0067096081588835215,0.06038647342995169,0.11406333870101985,,,
34,30.441492216854535,39.71417069243156,15.908480944712828,3.878153515834675,1.6438539989264627,0.11406333870101985,0.38915727321524424,2.844873859366613,4.824208266237251,0.06038647342995169,0.0067096081588835215,0.06038647342995169,0.11406333870101985,,,
35,24.62426194310252,51.67740203972088,10.715244229736983,3.670155662909286,0.95276435856146,0.11406333870101985,0.4025764895330113,2.8247450348899625,4.777241009125067,0.06038647342995169,0.0067096081588835215,0.06038647342995169,0.11406333870101985,,,
36,24.570585077831456,51.54320987654321,10.695115405260333,3.7640901771336552,0.95276435856146,0.11406333870101985,0.4227053140096618,2.8247450348899625,4.871175523349437,0.06038647342995169,0.0067096081588835215,0.06038647342995169,0.11406333870101985,,,
37,24.52361782071927,51.44256575415996,10.68840579710145,3.824476650563607,0.9796027911969941,0.11406333870101985,0.4562533548040794,2.831454643048846,4.871175523349437,0.07380568974771873,0.0067096081588835215,0.06038647342995169,0.1274825550187869,,,
38,24.436392914653783,49.71819645732689,10.587761674718196,5.535426731078905,0.9863123993558777,0.14090177133655393,0.48980139559849706,2.831454643048846,5.005367686527107,0.07380568974771873,0.0067096081588835215,0.06038647342995169,0.1274825550187869,,,
39,24.402844873859365,42.86768652710682,10.466988727858293,5.522007514761138,0.9863123993558777,0.14090177133655393,0.48980139559849706,9.836285560923242,5.005367686527107,0.07380568974771873,0.0067096081588835215,0.06038647342995169,0.14090177133655393,,,
40,24.194847020933977,37.0101986044015,22.289318303811058,3.7775093934514223,0.3757380568974772,,0.18115942028985507,9.057971014492754,2.690552871712292,0.07380568974771873,0.12077294685990338,0.06038647342995169,0.16774020397208803,,,
41,24.174718196457327,36.963231347289316,22.269189479334408,3.8311862587224907,0.3757380568974772,0.05367686527106817,0.20128824476650564,8.99087493290392,2.690552871712292,0.07380568974771873,0.12077294685990338,0.06038647342995169,0.19457863660762212,,,
42,24.040526033279658,37.09742351046699,21.22920021470746,3.8311862587224907,0.3757380568974772,0.05367686527106817,0.20128824476650564,10.071121846484166,2.690552871712292,0.07380568974771873,0.12077294685990338,0.06038647342995169,0.15432098765432098,,,
43,24.040526033279658,36.90955448201825,20.45088566827697,3.8043478260869565,1.3754696725711217,0.05367686527106817,0.2214170692431562,9.849704777241008,2.690552871712292,0.07380568974771873,0.12077294685990338,0.06038647342995169,0.3488996242619431,,,
44,24.02710681696189,36.594202898550726,20.46430488459474,4.126409017713366,1.3888888888888888,0.05367686527106817,0.2214170692431562,9.829575952764358,2.690552871712292,0.07380568974771873,0.12077294685990338,0.06038647342995169,0.3488996242619431,,,
45,18.317230273752013,41.87466451959206,20.40391841116479,4.582662372517445,1.415727321524423,0.05367686527106817,0.2281266774020397,9.829575952764358,2.690552871712292,0.07380568974771873,0.12077294685990338,0.06038647342995169,0.3488996242619431,,,
46,15.975577026301664,36.621041331186255,27.697262479871174,4.656468062265164,1.9189479334406871,0.05367686527106817,0.2281266774020397,9.816156736446592,2.4154589371980677,0.07380568974771873,0.12077294685990338,0.06038647342995169,0.36231884057971014,,,
47,15.445517981749866,29.320987654320987,28.442028985507246,4.394793344068707,9.252549651100376,0.05367686527106817,0.24154589371980675,9.802737520128824,2.408749329039184,0.07380568974771873,0.1274825550187869,0.06038647342995169,0.3757380568974772,,,
48,15.485775630703166,29.21363392377885,28.33467525496511,4.488727858293076,9.252549651100376,0.05367686527106817,0.322061191626409,9.762479871175524,2.408749329039184,0.07380568974771873,0.1274825550187869,0.06038647342995169,0.41599570585077833,,,
49,15.237520128824476,24.396135265700483,28.307836822329577,2.7979066022544283,9.225711218464841,0.08051529790660225,0.322061191626409,18.82716049382716,0.3488996242619431,0.013419216317767043,0.11406333870101985,,0.32877079978529256,,,
50,15.22410091250671,24.362587224906065,27.851583467525497,3.1870638754696725,9.118357487922705,0.18115942028985507,0.4294149221685454,18.766774020397207,0.3757380568974772,0.013419216317767043,0.11406333870101985,,0.3757380568974772,,,
51,15.177133655394526,22.79253891572732,38.20450885668277,2.5831991411701556,8.340042941492216,0.19457863660762212,0.47638217928073,11.574074074074074,0.3757380568974772,,,,0.28180354267310787,,,
52,14.083467525496511,17.122920021470748,46.812936124530324,2.3483628556092326,3.6500268384326353,0.13419216317767044,0.5837359098228664,14.606816961889425,0.3757380568974772,,,,0.28180354267310787,,,
53,14.056629092860977,17.14975845410628,46.69887278582931,2.301395598497048,3.6500268384326353,0.13419216317767044,0.7447665056360708,14.606816961889425,0.3757380568974772,,,,0.28180354267310787,,,
54,14.04320987654321,17.11621041331186,46.02791196994095,2.4020397208803006,3.6500268384326353,0.1610305958132045,1.3553408480944713,14.586688137412775,0.3757380568974772,,,,0.28180354267310787,,,
55,12.546967257112184,16.170155662909288,41.53918411164788,2.3483628556092326,10.903113258185721,0.1610305958132045,1.442565754159957,14.231078904991948,0.3757380568974772,,,,0.28180354267310787,,,
56,12.580515297906603,16.129898013955984,41.48550724637681,2.368491680085883,10.869565217391305,0.1878690284487386,1.482823403113258,14.217659688674182,0.3757380568974772,,,,0.30193236714975846,,,
57,12.077294685990339,15.901771336553946,43.15619967793881,2.368491680085883,10.84272678475577,0.2549651100375738,1.5029522275899088,13.191089640365004,0.3757380568974772,,,,0.32877079978529256,,,
58,11.98336017176597,15.982286634460548,42.941492216854535,2.3886205045625335,10.836017176596886,0.2683843263553409,1.6975308641975309,13.157541599570585,0.3757380568974772,,,0.0067096081588835215,0.36231884057971014,,,
59,10.997047772410092,16.968599033816425,42.673107890499196,2.4221685453569513,10.82259796027912,0.5636070853462157,1.8048845947396672,12.95625335480408,0.3757380568974772,,,0.0067096081588835215,0.4092860976918948,,,
60,10.963499731615673,16.99543746645196,42.592592592592595,2.4221685453569513,10.82259796027912,0.6172839506172839,1.8518518518518519,12.909286097691895,0.36902844873859364,,,0.0067096081588835215,0.4495437466451959,,,
61,10.829307568438002,16.391572732152444,38.45276435856146,2.3349436392914655,10.715244229736983,0.6709608158883521,1.9457863660762211,17.793880837359097,0.3824476650563607,,,0.0067096081588835215,0.47638217928073,,,
62,10.829307568438002,16.364734299516908,38.5601180891036,2.368491680085883,10.715244229736983,0.6709608158883521,1.8317230273752012,17.773752012882447,0.3824476650563607,,,0.0067096081588835215,0.49651100375738055,,,
63,10.82259796027912,16.371443907675793,38.53327965646806,2.3550724637681157,10.701825013419215,0.6709608158883521,1.8585614600107354,17.68652710681696,0.4092860976918948,,,0.0067096081588835215,0.5837359098228664,,,
64,10.258990874932904,16.525764895330113,38.99624261943102,2.328234031132582,10.61460010735373,0.6709608158883521,1.9189479334406871,17.68652710681696,0.4092860976918948,,,0.0067096081588835215,0.5837359098228664,,,
65,6.233225979602791,22.879763821792807,36.513687600644126,2.3483628556092326,10.601180891035963,0.6843800322061192,1.9390767579173376,17.76033279656468,0.3488996242619431,,,0.0067096081588835215,0.6843800322061192,,,
66,6.206387546967257,22.79253891572732,36.45330112721417,2.395330112721417,10.601180891035963,0.6843800322061192,2.006172839506173,17.820719269994633,0.3488996242619431,,,0.0067096081588835215,0.6843800322061192,,,
67,6.226516371443908,22.779119699409556,36.312399355877616,2.395330112721417,10.554213633923778,0.7313472893183038,2.1135265700483092,17.800590445517983,0.3824476650563607,,,0.0067096081588835215,0.6977992485238862,,,
68,6.239935587761675,22.75228126677402,36.111111111111114,2.408749329039184,10.554213633923778,0.7313472893183038,2.314814814814815,17.780461621041333,0.3824476650563607,,,0.0067096081588835215,0.7179280730005367,,,
69,3.8714439076757916,27.026301663982824,33.85668276972625,4.696725711218465,10.379763821792807,0.7313472893183038,2.8247450348899625,15.53274288781535,0.3824476650563607,,,0.0067096081588835215,0.6910896403650026,,,
70,3.878153515834675,26.90552871712292,33.8365539452496,4.777241009125067,10.379763821792807,0.7313472893183038,2.844873859366613,15.49248523886205,0.41599570585077833,,,0.0067096081588835215,0.7313472893183038,,,
71,3.92512077294686,26.778046162104133,33.742619431025226,4.998658078368224,10.36634460547504,0.7246376811594203,2.9052603327965647,15.398550724637682,0.41599570585077833,,,0.0067096081588835215,0.7380568974771873,,,
72,3.938539989264627,26.496242619431026,33.21926999463231,5.186527106816962,10.339506172839506,0.7514761137949544,3.5829307568438002,15.324745034889963,0.41599570585077833,,,0.0067096081588835215,0.7380568974771873,,,
73,3.9452495974235107,26.422436929683307,33.16559312936125,5.253623188405797,10.339506172839506,0.7380568974771873,3.6500268384326353,15.277777777777779,0.41599570585077833,,,0.0067096081588835215,0.785024154589372,,,
74,3.9855072463768115,26.35534084809447,33.13875469672571,5.280461621041331,10.339506172839506,0.7648953301127214,3.6500268384326353,15.257648953301127,0.41599570585077833,,,0.0067096081588835215,0.8051529790660226,,,
75,3.992216854535695,26.32850241545894,33.071658615136876,5.307300053676865,10.339506172839506,0.8252818035426731,3.797638217928073,15.116747181964573,0.41599570585077833,,,0.0067096081588835215,0.798443370907139,,,
76,3.992216854535695,26.308373590982285,33.031400966183575,5.307300053676865,10.326086956521738,0.8252818035426731,3.8580246913580245,15.01610305958132,0.41599570585077833,,,0.0067096081588835215,0.9125067096081588,,,
77,3.992216854535695,26.288244766505635,33.011272141706925,5.3274288781535155,10.326086956521738,0.8521202361782072,3.851315083199141,15.01610305958132,0.41599570585077833,,,0.0067096081588835215,0.9125067096081588,,,
78,4.005636070853462,26.247987117552334,32.9777241009125,5.347557702630167,10.326086956521738,0.8521202361782072,3.8848631239935587,15.01610305958132,0.41599570585077833,0.0067096081588835215,,0.0067096081588835215,0.9125067096081588,,,
79,3.81105743424584,26.140633387010197,42.88781535158347,3.9989264626945786,6.5552871712292005,0.7648953301127214,3.2877079978529253,11.3593666129898,0.41599570585077833,0.0067096081588835215,,0.0067096081588835215,0.7648953301127214,,,
80,3.898282340311326,25.83870101986044,42.68652710681696,4.0995705850778315,6.5552871712292005,0.7648953301127214,3.3480944712828773,11.627750939345143,0.41599570585077833,,,0.0067096081588835215,0.7581857219538379,,,
81,3.9452495974235107,25.791733762748255,42.592592592592595,4.1129898013955986,6.5552871712292005,0.7648953301127214,3.4286097691894795,11.627750939345143,0.41599570585077833,,,0.0067096081588835215,0.7581857219538379,,,
82,3.9519592055823938,25.731347289318304,42.45169082125604,4.166666666666667,6.528448738593666,0.7783145464304885,3.556092324208266,11.211755233494364,0.9728931830381106,,,0.0067096081588835215,0.644122383252818,,,
83,4.03918411164788,25.691089640365004,42.35775630703167,4.193505099302201,6.501610305958132,0.7716049382716049,3.5963499731615673,11.191626409017713,0.9796027911969941,,0.0067096081588835215,0.0067096081588835215,0.6642512077294686,,,
84,4.03918411164788,25.650831991411703,42.33762748255502,4.233762748255502,6.474771873322598,0.798443370907139,3.589640365002684,11.158078368223295,0.9796027911969941,,0.0067096081588835215,0.0067096081588835215,0.7246376811594203,,,
85,4.019055287171229,25.597155126140635,40.03623188405797,4.0995705850778315,9.386741814278047,0.798443370907139,3.227321524422974,11.158078368223295,0.9460547504025765,,0.0067096081588835215,0.0067096081588835215,0.7179280730005367,,,
86,4.045893719806763,25.543478260869566,39.81481481481482,4.133118625872249,9.359903381642512,0.8252818035426731,3.4151905528717124,11.064143853998926,0.9728931830381106,,0.0067096081588835215,0.0067096081588835215,0.8118625872249061,,,
87,4.025764895330113,25.49651100375738,39.56655931293612,4.441760601180891,9.359903381642512,0.8252818035426731,3.4017713365539453,11.023886205045626,0.9863123993558777,,0.0067096081588835215,0.0067096081588835215,0.8588298443370908,,,
88,4.032474503488996,25.45625335480408,39.53972088030059,4.455179817498658,9.359903381642512,0.8252818035426731,3.421900161030596,11.023886205045626,1.0198604401502953,,0.0067096081588835215,0.03354804079441761,0.8252818035426731,,,
89,4.03918411164788,25.355609232420825,39.53972088030059,4.455179817498658,9.346484165324744,0.9057971014492754,3.421900161030596,10.997047772410092,1.0399892646269457,,0.0067096081588835215,0.03354804079441761,0.8588298443370908,,,
90,3.9989264626945786,25.34219001610306,34.54777241009125,4.441760601180891,15.11003757380569,1.0735373054213635,2.7509393451422435,10.762211486849168,1.0399892646269457,,0.0067096081588835215,0.03354804079441761,0.8923778851315083,,,
91,4.019055287171229,25.315351583467525,33.071658615136876,4.448470209339774,16.55931293612453,1.0735373054213635,2.7509393451422435,10.762211486849168,1.06682769726248,,0.0067096081588835215,0.03354804079441761,0.8923778851315083,,,
92,3.33467525496511,23.020665593129362,36.68142780461621,4.26731078904992,16.384863123993558,1.2815351583467525,2.4490069779924855,10.59447128287708,1.0332796564680622,,0.0067096081588835215,0.03354804079441761,0.9125067096081588,,,
93,3.321256038647343,22.913311862587225,36.65458937198068,4.300858829844337,16.398282340311326,1.3083735909822867,2.5026838432635534,10.587761674718196,1.0601180891035964,,0.0067096081588835215,0.03354804079441761,0.9125067096081588,,,
94,3.3548040794417604,22.873054213633925,36.621041331186255,4.341116478797638,16.378153515834676,1.3217928073000538,2.6435856146001075,10.453569511540525,1.0601180891035964,,0.0067096081588835215,0.03354804079441761,0.9125067096081588,,,
95,3.4017713365539453,22.839506172839506,36.50697799248524,4.334406870638754,16.17686527106817,1.4224369296833066,2.871712292002147,10.433440687063875,1.0869565217391304,,0.0067096081588835215,0.03354804079441761,0.8856682769726248,,,
96,3.4420289855072466,22.819377348362856,36.40633387010199,4.341116478797638,16.163446054750402,1.4358561460010735,2.952227589908749,10.420021470746109,1.0869565217391304,,0.013419216317767043,0.03354804079441761,0.8856682769726248,,,
97,3.44873859366613,22.63150831991412,36.33923778851315,4.522275899087493,16.150026838432634,1.4492753623188406,3.026033279656468,10.406602254428341,1.0869565217391304,,0.013419216317767043,0.03354804079441761,0.8923778851315083,,,
98,3.4420289855072466,22.638217928073,35.98362855609233,4.851046698872786,15.942028985507246,1.4492753623188406,3.2474503488996245,10.393183038110575,1.0869565217391304,,0.013419216317767043,0.03354804079441761,0.9192163177670424,,,
99,3.3950617283950617,21.76596886741814,35.829307568438004,4.824208266237251,17.438271604938272,1.4224369296833066,3.2541599570585076,10.017444981213098,1.0869565217391304,,0.013419216317767043,0.03354804079441761,0.9192163177670424,,,
100,3.3279656468062266,21.826355340848096,35.789049919484704,4.8376274825550185,17.45169082125604,1.42914653784219,3.2675791733762747,10.017444981213098,1.0869565217391304,,0.013419216317767043,0.03354804079441761,0.9192163177670424,,,
101,3.3011272141706924,21.79951690821256,35.74208266237252,4.884594739667204,17.45169082125604,1.42914653784219,3.321256038647343,10.017444981213098,1.0869565217391304,,0.013419216317767043,0.03354804079441761,0.9192163177670424,,,
102,3.294417606011809,21.79951690821256,35.601180891035966,4.978529253891573,17.45169082125604,1.42914653784219,3.374932903918411,9.997316156736447,1.0869565217391304,,0.013419216317767043,0.03354804079441761,0.9393451422436929,,,
103,3.3145464304884595,21.772678475577028,35.57434245840043,4.985238862050457,17.45169082125604,1.42914653784219,3.4286097691894795,9.977187332259795,1.0869565217391304,,0.0067096081588835215,0.03354804079441761,0.9393451422436929,,,
104,3.3011272141706924,21.69887278582931,35.57434245840043,5.0993022007514766,17.404723564143854,1.42914653784219,3.4621578099838968,9.936929683306495,1.1003757380568975,,0.020128824476650563,0.03354804079441761,0.9393451422436929,,,
105,3.2742887815351582,21.732420826623724,35.54079441760601,5.0993022007514766,17.290660225442835,1.5029522275899088,3.475577026301664,9.936929683306495,1.1540526033279657,,0.020128824476650563,0.03354804079441761,0.9393451422436929,,,
106,3.3145464304884595,21.732420826623724,35.46027911969941,5.072463768115942,17.277241009125067,1.5163714439076759,3.5426731078904994,9.936929683306495,1.1540526033279657,,0.020128824476650563,0.03354804079441761,0.9393451422436929,,,
107,3.3480944712828773,20.8064949006978,35.28582930756844,5.112721417069243,17.19001610305958,1.4962426194310252,3.6231884057971016,9.883252818035427,2.214170692431562,,0.020128824476650563,0.03354804079441761,0.9863123993558777,,,
108,2.9924852388620504,19.04186795491143,35.198604401502955,4.911433172302737,19.41760601180891,1.596886741814278,3.6902844873859366,9.86983360171766,2.214170692431562,,0.020128824476650563,0.04696725711218465,0.9997316156736447,,,
109,3.0193236714975846,18.760064412238325,34.655126140633385,5.60252281266774,19.176060118089104,1.7176596886741815,3.6902844873859366,9.856414385399892,2.462426194310252,,0.020128824476650563,0.040257648953301126,0.9997316156736447,,,
110,2.952227589908749,18.5654857756307,41.324476650563604,6.246645195920558,14.378690284487385,1.5767579173376274,3.126677402039721,8.99087493290392,1.932367149758454,,0.020128824476650563,0.040257648953301126,0.8454106280193237,,,
111,2.844873859366613,18.552066559312937,45.22275899087493,5.770263016639828,11.896135265700483,1.3486312399355878,2.6301663982823404,8.849973161567364,1.8853998926462694,,0.020128824476650563,0.040257648953301126,0.9393451422436929,,,
112,2.8650026838432634,18.5654857756307,44.598765432098766,6.447933440687064,11.889425657541599,1.3016639828234031,2.5966183574879227,8.82313472893183,1.8853998926462694,,0.020128824476650563,0.040257648953301126,0.966183574879227,,,
113,2.8650026838432634,18.276972624798713,44.41089640365003,6.421095008051529,11.802200751476114,1.3620504562533549,2.5831991411701556,8.749329039184111,2.5026838432635534,,0.020128824476650563,0.040257648953301126,0.966183574879227,,,
114,2.8650026838432634,18.276972624798713,44.32367149758454,6.421095008051529,11.77536231884058,1.3821792807300053,2.6637144390767578,8.749329039184111,2.5026838432635534,,0.03354804079441761,0.040257648953301126,0.966183574879227,,,
115,2.871712292002147,18.276972624798713,44.20960815888352,6.421095008051529,11.674718196457327,1.4761137949543746,2.7777777777777777,8.749329039184111,2.5026838432635534,,0.03354804079441761,0.040257648953301126,0.966183574879227,,,
116,2.8784219001610305,18.276972624798713,44.03515834675255,6.421095008051529,11.674718196457327,1.4492753623188406,2.9723564143853998,8.715780998389693,2.5026838432635534,,0.03354804079441761,0.040257648953301126,0.9997316156736447,,,
117,2.9052603327965647,17.954911433172303,43.525228126677405,7.152442297369833,11.674718196457327,1.4492753623188406,3.052871712292002,8.668813741277509,2.536231884057971,,0.03354804079441761,0.040257648953301126,1.0064412238325282,,,
118,2.9119699409554483,17.693236714975846,43.47155126140633,7.427536231884058,11.674718196457327,1.4492753623188406,3.079710144927536,8.662104133118627,2.536231884057971,,0.03354804079441761,0.05367686527106817,1.0064412238325282,,,
119,2.918679549114332,17.68652710681696,43.364197530864196,7.407407407407407,11.647879763821793,1.482823403113258,3.140096618357488,8.628556092324208,2.536231884057971,0.026838432635534086,0.03354804079441761,0.05367686527106817,1.0735373054213635,,,
120,2.952227589908749,17.67981749865808,42.77375201288245,7.4006977992485234,11.627750939345143,1.482823403113258,3.7372517444981215,8.621846484165324,2.5161030595813205,0.026838432635534086,0.05367686527106817,0.05367686527106817,1.0735373054213635,,,
121,2.9388083735909825,17.66639828234031,42.54562533548041,7.454374664519592,11.60762211486849,1.4895330112721417,3.8848631239935587,8.776167471819646,2.5295222758990876,0.026838432635534086,0.05367686527106817,0.05367686527106817,0.9728931830381106,,,
122,2.9388083735909825,17.59259259259259,42.49194847020934,7.5281803542673105,11.553945249597424,1.4895330112721417,3.9586688137412773,8.789586688137414,2.5496511003757383,0.026838432635534086,0.05367686527106817,0.05367686527106817,0.9728931830381106,,,
123,2.7241009125067097,17.498658078368223,42.09608158883521,7.5348899624261945,12.211486849168008,1.4895330112721417,4.012345679012346,8.776167471819646,2.5496511003757383,0.026838432635534086,0.05367686527106817,0.05367686527106817,0.9728931830381106,,,
124,2.7241009125067097,17.465110037573805,42.03569511540526,7.541599570585078,12.211486849168008,1.5163714439076759,4.072732152442297,8.742619431025227,2.5496511003757383,0.026838432635534086,0.05367686527106817,0.05367686527106817,1.0064412238325282,,,
125,2.7241009125067097,17.465110037573805,41.948470209339774,7.541599570585078,12.191358024691358,1.5029522275899088,4.193505099302201,8.742619431025227,2.5496511003757383,0.026838432635534086,0.05367686527106817,0.05367686527106817,1.0064412238325282,,,
126,2.7509393451422435,17.438271604938272,41.78073000536769,7.548309178743962,12.191358024691358,1.596886741814278,4.260601180891036,8.742619431025227,2.536231884057971,0.026838432635534086,0.05367686527106817,0.06709608158883522,1.0064412238325282,,,
127,2.7509393451422435,17.337627482555018,41.75389157273215,7.702630166398282,12.191358024691358,1.596886741814278,4.300858829844337,8.749329039184111,2.475845410628019,0.026838432635534086,0.05367686527106817,0.06709608158883522,0.9930220075147611,,,
128,2.7777777777777777,17.290660225442835,41.706924315619965,7.776435856146001,12.177938808373591,1.596886741814278,4.30756843800322,8.735909822866345,2.4490069779924855,0.026838432635534086,0.08051529790660225,0.06709608158883522,1.0064412238325282,,,
129,2.7777777777777777,17.250402576489535,41.659957058507786,7.816693505099302,12.157809983896941,1.6237251744498122,4.3478260869565215,8.735909822866345,2.4490069779924855,0.026838432635534086,0.08051529790660225,0.06709608158883522,1.0064412238325282,,,
130,2.757648953301127,17.196725711218466,41.44524959742351,7.830112721417069,12.151100375738057,1.7847557702630166,4.562533548040794,8.61513687600644,2.4221685453569513,0.026838432635534086,0.10064412238325282,0.06709608158883522,1.0399892646269457,,,
131,2.771068169618894,17.196725711218466,41.38486312399356,7.823403113258186,12.151100375738057,1.8115942028985508,4.5960815888352125,8.581588835212024,2.4221685453569513,0.026838432635534086,0.1274825550187869,0.06709608158883522,1.0399892646269457,,,
132,2.7643585614600106,17.11621041331186,41.33118625872249,7.85024154589372,12.151100375738057,1.7847557702630166,4.669887278582931,8.581588835212024,2.428878153515835,0.06709608158883522,0.14761137949543746,0.06709608158883522,1.0399892646269457,,,
133,2.804616210413312,17.07595276435856,41.19028448738594,7.863660762211487,12.037037037037036,1.7847557702630166,4.783950617283951,8.655394524959743,2.4825550187869028,0.06709608158883522,0.14761137949543746,0.06709608158883522,1.0399892646269457,,,
134,2.818035426731079,17.07595276435856,40.693773483628554,7.843531937734836,11.996779388083736,1.8384326355340848,5.280461621041331,8.641975308641975,2.4691358024691357,0.06709608158883522,0.14761137949543746,0.08722490606548577,1.0399892646269457,,,
135,2.8515834675254963,17.042404723564143,40.57300053676865,7.877079978529254,11.969940955448202,1.8384326355340848,5.340848094471283,8.641975308641975,2.49597423510467,0.06709608158883522,0.17444981213097155,0.08722490606548577,1.0399892646269457,,,
136,2.885131508319914,16.774020397208805,40.29790660225443,7.830112721417069,14.251207729468598,1.9726247987117553,5.5756843800322065,7.071926999463232,2.1604938271604937,0.06709608158883522,0.1274825550187869,0.08722490606548577,0.8990874932903918,,,
137,2.9119699409554483,16.6935050993022,40.24422973698336,7.883789586688137,14.103596349973161,2.120236178207193,5.60252281266774,7.071926999463232,2.1604938271604937,0.0939345142243693,0.1274825550187869,0.08722490606548577,0.8990874932903918,,,
138,2.9253891572732154,16.680085882984432,39.774557165861516,7.769726247987117,14.74771873322598,2.120236178207193,5.535426731078905,7.071926999463232,2.1739130434782608,0.0939345142243693,0.12077294685990338,0.08722490606548577,0.8990874932903918,,,
139,2.9253891572732154,16.606280193236714,39.70746108427268,7.796564680622652,14.741009125067096,2.147074610842727,5.629361245303274,7.071926999463232,2.1739130434782608,0.0939345142243693,0.12077294685990338,0.08722490606548577,0.8990874932903918,,,
140,2.328234031132582,15.526033279656469,41.35131508319914,7.890499194847021,14.714170692431562,2.147074610842727,5.669618894256575,7.098765432098766,2.073268921095008,0.0939345142243693,0.12077294685990338,0.08722490606548577,0.8990874932903918,,,
141,2.2410091250670963,15.425389157273216,46.13526570048309,7.769726247987117,12.781803542673108,2.15378421900161,5.756843800322061,4.904723564143854,1.9122383252818036,0.0939345142243693,0.0939345142243693,0.07380568974771873,0.6575415995705851,,,
142,2.24771873322598,15.096618357487923,45.90713902308105,7.823403113258186,12.439613526570048,2.2879763821792807,5.730005367686527,5.6964573268921095,1.8518518518518519,0.0939345142243693,0.0939345142243693,0.07380568974771873,0.6575415995705851,,,
143,2.24771873322598,15.063070316693505,45.8467525496511,7.856951154052603,12.392646269457863,2.3349436392914655,5.783682232957595,5.669618894256575,1.865271068169619,0.0939345142243693,0.0939345142243693,0.07380568974771873,0.6776704240472357,,,
144,2.254428341384863,15.03623188405797,45.813204508856685,7.897208803005904,12.385936661298981,2.368491680085883,5.783682232957595,5.656199677938808,1.865271068169619,0.0939345142243693,0.0939345142243693,0.07380568974771873,0.6776704240472357,,,
145,2.227589908749329,15.009393451422437,45.61862587224906,7.917337627482555,12.338969404186795,2.4020397208803006,5.978260869565218,5.656199677938808,1.9122383252818036,0.0939345142243693,0.0939345142243693,0.07380568974771873,0.6776704240472357,,,
146,2.254428341384863,14.982555018786902,45.42404723564144,7.9106280193236715,12.338969404186795,2.428878153515835,6.132581857219538,5.676328502415459,1.9122383252818036,0.0939345142243693,0.0939345142243693,0.07380568974771873,0.6776704240472357,,,
147,2.26784755770263,14.861782071927,45.3569511540526,7.937466451959206,13.023349436392914,2.428878153515835,6.099033816425121,5.139559849704777,1.9457863660762211,0.0939345142243693,0.0939345142243693,0.07380568974771873,0.6776704240472357,,,
148,2.2879763821792807,14.834943639291465,45.309983896940416,7.971014492753623,12.969672571121846,2.4020397208803006,6.152710681696189,5.072463768115942,1.9457863660762211,0.0939345142243693,0.0939345142243693,0.07380568974771873,0.7917337627482555,,,
149,2.301395598497048,14.834943639291465,45.30327428878154,7.971014492753623,12.969672571121846,2.4154589371980677,6.146001073537305,5.072463768115942,1.9457863660762211,0.0939345142243693,0.0939345142243693,0.06038647342995169,0.7917337627482555,,,
150,2.3617820719269993,14.834943639291465,45.2361782071927,7.971014492753623,12.815351583467525,2.442297369833602,6.3070316693505095,5.059044551798175,1.9457863660762211,0.0939345142243693,0.08051529790660225,0.06038647342995169,0.7917337627482555,,,
151,2.3617820719269993,14.834943639291465,45.2361782071927,8.038110574342458,12.667740203972087,2.442297369833602,6.3070316693505095,5.032206119162641,1.9927536231884058,0.1274825550187869,0.10735373054213634,0.06038647342995169,0.7917337627482555,,,
152,2.3617820719269993,14.673913043478262,45.169082125603865,8.172302737520129,12.654320987654321,2.442297369833602,6.387546967257112,5.018786902844874,2.01959205582394,0.1274825550187869,0.10735373054213634,0.06038647342995169,0.8051529790660226,,,
153,2.395330112721417,14.566559312936125,44.920826623725176,8.413848631239935,12.647611379495437,2.4355877616747184,6.454643048845948,5.018786902844874,2.046430488459474,0.1274825550187869,0.10735373054213634,0.06038647342995169,0.8051529790660226,,,
154,2.38191089640365,14.318303811057435,44.89398819108964,8.246108427267847,12.607353730542137,2.4490069779924855,6.454643048845948,5.018786902844874,2.5295222758990876,0.1274825550187869,0.10735373054213634,0.06038647342995169,0.8051529790660226,,,
155,2.3886205045625335,14.284755770263017,44.48470209339774,8.246108427267847,12.593934514224369,2.4892646269457863,6.863929146537842,5.01207729468599,2.5429414922168547,0.1274825550187869,0.0939345142243693,0.06038647342995169,0.8118625872249061,,,
156,2.4020397208803006,14.264626945786366,43.98819108964037,8.246108427267847,12.593934514224369,2.4892646269457863,7.387278582930757,4.99194847020934,2.5429414922168547,0.1274825550187869,0.0939345142243693,0.03354804079441761,0.8387010198604401,,,
157,2.408749329039184,14.284755770263017,43.853998926462694,8.252818035426731,12.486580783682234,2.576489533011272,7.494632313472893,4.99194847020934,2.522812667740204,0.1274825550187869,0.0939345142243693,0.03354804079441761,0.8722490606548577,,,
158,2.395330112721417,14.27133655394525,43.76006441223833,8.266237251744498,12.486580783682234,2.576489533011272,7.581857219538379,4.9718196457326895,2.522812667740204,0.1274825550187869,0.0939345142243693,0.03354804079441761,0.9125067096081588,,,
159,2.408749329039184,14.251207729468598,43.70638754696726,8.340042941492216,12.439613526570048,2.563070316693505,7.62211486849168,4.978529253891573,2.522812667740204,0.1274825550187869,0.0939345142243693,0.03354804079441761,0.9125067096081588,,,
160,2.408749329039184,14.251207729468598,43.70638754696726,8.340042941492216,12.412775093934513,2.589908749329039,7.595276435856146,4.9718196457326895,2.522812667740204,0.15432098765432098,0.0939345142243693,0.03354804079441761,0.9192163177670424,,,
161,2.395330112721417,14.190821256038648,43.545356951154055,8.340042941492216,12.399355877616747,2.657004830917874,7.749597423510467,5.005367686527107,2.4825550187869028,0.15432098765432098,0.1274825550187869,0.03354804079441761,0.9192163177670424,,,
162,2.4490069779924855,13.976113794954374,43.525228126677405,8.467525496511003,12.399355877616747,2.636876006441224,7.803274288781535,5.005367686527107,2.509393451422437,0.15432098765432098,0.1274825550187869,0.03354804079441761,0.9125067096081588,,,
163,2.475845410628019,13.94927536231884,43.43800322061192,8.407139023081053,12.372517444981213,2.61003757380569,7.809983896940419,5.092592592592593,2.5831991411701556,0.15432098765432098,0.1274825550187869,0.03354804079441761,0.9460547504025765,,,
164,2.475845410628019,13.94927536231884,43.41116478797638,8.407139023081053,12.372517444981213,2.61003757380569,7.816693505099302,5.092592592592593,2.5831991411701556,0.17444981213097155,0.1274825550187869,0.03354804079441761,0.9460547504025765,,,
165,2.563070316693505,13.922436929683306,43.20987654320987,8.413848631239935,12.345679012345679,2.61003757380569,7.971014492753623,5.072463768115942,2.61003757380569,0.17444981213097155,0.1274825550187869,0.03354804079441761,0.9460547504025765,,,
166,2.5563607085346214,13.922436929683306,42.90794417606012,8.340042941492216,12.31213097155126,2.677133655394525,7.709339774557166,5.723295759527644,2.576489533011272,0.14761137949543746,0.1274825550187869,0.03354804079441761,0.966183574879227,,,
167,2.5563607085346214,13.922436929683306,42.8743961352657,8.340042941492216,12.31213097155126,2.703972088030059,7.702630166398282,5.723295759527644,2.589908749329039,0.14761137949543746,0.1274825550187869,0.03354804079441761,0.966183574879227,,,
168,2.5563607085346214,13.895598497047773,42.82071926999463,8.360171765968868,12.29200214707461,2.7241009125067097,7.763016639828234,5.6964573268921095,2.589908749329039,0.14761137949543746,0.1274825550187869,0.03354804079441761,0.9930220075147611,,,
169,2.5563607085346214,13.895598497047773,42.80059044551798,8.36688137412775,12.184648416532475,2.8381642512077296,7.776435856146001,5.6964573268921095,2.589908749329039,0.14761137949543746,0.1274825550187869,0.03354804079441761,0.9863123993558777,,,
170,2.5697799248523885,13.855340848094471,42.7536231884058,8.407139023081053,12.184648416532475,2.8381642512077296,7.809983896940419,5.676328502415459,2.589908749329039,0.14761137949543746,0.1274825550187869,0.03354804079441761,1.0064412238325282,,,
171,2.6033279656468062,13.828502415458937,42.652979066022546,8.407139023081053,12.184648416532475,2.8381642512077296,7.877079978529254,5.656199677938808,2.6033279656468062,0.14761137949543746,0.1274825550187869,0.03354804079441761,1.0399892646269457,,,
172,2.6167471819645733,13.828502415458937,42.579173376274824,8.387010198604402,12.191358024691358,2.831454643048846,7.924047235641439,5.656199677938808,2.6033279656468062,0.14761137949543746,0.1610305958132045,0.03354804079441761,1.0399892646269457,,,
173,2.623456790123457,13.828502415458937,42.47852925389157,8.393719806763285,12.070585077831455,2.871712292002147,8.07836822329576,5.656199677938808,2.6167471819645733,0.14761137949543746,0.1610305958132045,0.03354804079441761,1.0399892646269457,,,
174,2.6435856146001075,13.79495437466452,42.1027911969941,8.400429414922169,12.070585077831455,2.871712292002147,8.460815888352121,5.636070853462158,2.61003757380569,0.14761137949543746,0.1878690284487386,0.03354804079441761,1.0399892646269457,,,
