,45,50,51,52,55,54,53,56,58,57
0,100.0,,,,,,,,,
1,99.78529253891573,0.2147074610842727,,,,,,,,
2,99.29549114331724,0.7045088566827697,,,,,,,,
3,99.29549114331724,0.7045088566827697,,,,,,,,
4,95.97423510466989,4.025764895330113,,,,,,,,
5,91.56602254428341,8.433977455716587,,,,,,,,
6,91.56602254428341,8.433977455716587,,,,,,,,
7,91.63982823403113,8.360171765968868,,,,,,,,
8,90.94202898550725,9.057971014492754,,,,,,,,
9,90.98228663446055,9.017713365539452,,,,,,,,
10,91.10976918947934,8.890230810520666,,,,,,,,
11,89.19082125603865,10.809178743961352,,,,,,,,
12,89.20424047235642,10.795759527643586,,,,,,,,
13,89.23107890499195,10.768921095008052,,,,,,,,
14,89.36527106816962,10.63472893183038,,,,,,,,
15,85.45356951154052,14.546430488459475,,,,,,,,
16,82.92404723564144,17.07595276435856,,,,,,,,
17,81.61567364465915,18.38432635534085,,,,,,,,
18,81.64922168545357,18.35077831454643,,,,,,,,
19,81.64922168545357,18.35077831454643,,,,,,,,
20,80.91116478797638,19.088835212023618,,,,,,,,
21,80.93800322061192,19.061996779388085,,,,,,,,
22,80.54884594739667,19.45115405260333,,,,,,,,
23,80.5756843800322,19.424315619967793,,,,,,,,
24,57.769726247987116,42.230273752012884,,,,,,,,
25,56.52844873859367,41.82098765432099,1.5029522275899088,0.14761137949543746,,,,,,
26,56.64922168545357,41.700214707461086,1.5029522275899088,0.14761137949543746,,,,,,
27,56.716317767042405,41.63311862587225,1.5029522275899088,0.14761137949543746,,,,,,
28,56.99141170155663,41.358024691358025,1.5029522275899088,0.14761137949543746,,,,,,
29,57.058507783145465,41.29092860976919,1.5029522275899088,0.14761137949543746,,,,,,
30,54.589371980676326,43.4447128287708,1.8183038110574343,0.14761137949543746,,,,,,
31,53.52254428341385,42.81400966183575,3.515834675254965,0.14761137949543746,,,,,,
32,53.31454643048846,43.022007514761135,3.515834675254965,0.14761137949543746,,,,,,
33,53.48899624261943,42.84755770263017,3.515834675254965,0.14761137949543746,,,,,,
34,53.696994095544824,42.652979066022546,3.502415458937198,0.14761137949543746,,,,,,
35,53.817767042404725,42.54562533548041,3.488996242619431,0.14761137949543746,,,,,,
36,53.97879763821793,42.3845947396672,3.488996242619431,0.14761137949543746,,,,,,
37,54.139828234031135,42.223564143854,3.488996242619431,0.14761137949543746,,,,,,
38,48.32259796027912,49.29549114331723,2.38191089640365,,,,,,,
39,46.812936124530324,47.40338164251208,5.783682232957595,,,,,,,
40,46.866612989801396,47.34970477724101,5.783682232957595,,,,,,,
41,46.71900161030596,46.544551798174986,5.783682232957595,0.95276435856146,,,,,,
42,46.94041867954911,46.3768115942029,5.743424584004294,0.9393451422436929,,,,,,
43,46.0077831454643,48.84594739667203,4.206924315619967,0.9393451422436929,,,,,,
44,45.53811057434246,49.31561996779388,4.206924315619967,0.9393451422436929,,,,,,
45,45.531400966183575,48.52388620504563,4.180085882984434,1.442565754159957,0.322061191626409,,,,,
46,45.63875469672571,47.987117552334944,4.139828234031133,1.442565754159957,0.7917337627482555,,,,,
47,45.799785292538914,47.82608695652174,4.139828234031133,1.442565754159957,0.7917337627482555,,,,,
48,46.18894256575416,47.57112184648417,4.126409017713366,1.3217928073000538,0.7917337627482555,,,,,
49,46.39694041867955,47.497316156736446,4.012345679012346,1.3217928073000538,0.7716049382716049,,,,,
50,46.55126140633387,47.356414385399894,4.012345679012346,1.3083735909822867,0.7716049382716049,,,,,
51,46.71229200214707,47.24906065485776,3.9855072463768115,1.2815351583467525,0.7716049382716049,,,,,
52,46.772678475577024,46.67203435319377,3.9720880300590444,1.2815351583467525,1.3016639828234031,,,,,
53,42.049114331723025,39.71417069243156,16.210413311862588,1.2345679012345678,0.7917337627482555,,,,,
54,42.28395061728395,39.29817498658078,16.190284487385938,1.2345679012345678,0.9930220075147611,,,,,
55,39.26462694578637,42.109500805152976,16.183574879227052,1.2345679012345678,1.2077294685990339,,,,,
56,26.06682769726248,61.83574879227053,10.359634997316157,0.18115942028985507,1.0399892646269457,0.5166398282340311,,,,
57,26.39559849704777,61.533816425120776,10.332796564680622,0.18115942028985507,1.0399892646269457,0.5166398282340311,,,,
58,26.435856146001072,60.90311325818572,10.305958132045088,0.18115942028985507,1.6572732152442298,0.5166398282340311,,,,
59,26.77133655394525,60.628019323671495,10.258990874932904,0.18115942028985507,1.6438539989264627,0.5166398282340311,,,,
60,27.006172839506174,60.41331186258722,10.238862050456254,0.18115942028985507,1.6438539989264627,0.5166398282340311,,,,
61,27.314814814814813,60.18518518518518,10.158346752549651,0.18115942028985507,1.6438539989264627,0.5166398282340311,,,,
62,27.542941492216855,60.09125067096082,10.02415458937198,0.18115942028985507,1.6438539989264627,0.5166398282340311,,,,
63,27.945517981749866,59.62157809983897,10.02415458937198,0.18115942028985507,1.724369296833065,0.5032206119162641,,,,
64,27.690552871712292,57.88378958668814,9.970477724100913,2.395330112721417,1.556629092860977,0.5032206119162641,,,,
65,26.50966183574879,55.099302200751474,9.923510466988727,5.743424584004294,2.2208803005904456,0.5032206119162641,,,,
66,26.7512077294686,54.89801395598497,9.923510466988727,5.703166935050993,2.2208803005904456,0.5032206119162641,,,,
67,26.939076757917338,54.790660225442835,9.883252818035427,5.662909286097692,2.2208803005904456,0.5032206119162641,,,,
68,27.314814814814813,53.938539989264626,9.883252818035427,6.166129898013956,2.1940418679549114,0.5032206119162641,,,,
69,23.007246376811594,50.66425120772947,9.078099838969404,14.63365539452496,2.1135265700483092,0.5032206119162641,,,,
70,22.564412238325282,49.040526033279654,9.024422973698336,14.284755770263017,1.9793344068706387,2.8247450348899625,0.28180354267310787,,,
71,22.81266774020397,48.8191089640365,9.024422973698336,14.257917337627482,1.9793344068706387,2.8247450348899625,0.28180354267310787,,,
72,23.027375201288244,48.678207192699944,8.997584541062801,14.210950080515298,1.9793344068706387,2.8247450348899625,0.28180354267310787,,,
73,23.00053676865271,47.95356951154053,8.950617283950617,13.955984970477724,1.9793344068706387,3.878153515834675,0.28180354267310787,,,
74,23.382984433709073,47.80595813204509,8.910359634997317,13.83521202361782,1.9189479334406871,3.864734299516908,0.28180354267310787,,,
75,22.69189479334407,43.77348362855609,8.816425120772946,15.096618357487923,2.0799785292538915,3.864734299516908,3.6768652710681695,,,
76,21.155394524959743,42.35775630703167,11.79549114331723,15.083199141170155,2.0799785292538915,3.851315083199141,3.6768652710681695,,,
77,21.450617283950617,42.129629629629626,11.788781535158346,15.056360708534621,2.0799785292538915,3.8177670424047236,3.6768652710681695,,,
78,21.007783145464305,41.78073000536769,11.761943102522812,15.653515834675256,1.9659151905528718,4.1532474503489,3.6768652710681695,,,
79,20.571658615136876,43.894256575415994,10.19189479334407,15.573000536768653,1.9390767579173376,4.1532474503489,3.6768652710681695,,,
80,21.027911969940956,43.72651637144391,9.977187332259795,15.53274288781535,1.9390767579173376,4.119699409554482,3.6768652710681695,,,
81,21.336553945249598,43.55877616747182,9.96376811594203,15.405260332796564,1.9390767579173376,4.119699409554482,3.6768652710681695,,,
82,21.504294149221685,43.51180891035963,9.930220075147611,15.318035426731079,1.9390767579173376,4.119699409554482,3.6768652710681695,,,
83,21.940418679549115,43.162909286097694,9.903381642512077,15.277777777777779,1.9390767579173376,4.119699409554482,3.656736446591519,,,
84,21.77938808373591,41.659957058507786,9.86983360171766,14.51959205582394,1.9256575415995705,6.152710681696189,4.092860976918948,,,
85,21.967257112184647,41.55931293612453,9.863123993558776,14.492753623188406,1.9256575415995705,6.146001073537305,4.045893719806763,,,
86,22.067901234567902,41.4922168545357,9.863123993558776,14.492753623188406,1.9256575415995705,6.112453032742888,4.045893719806763,,,
87,22.19538378958669,40.03623188405797,9.621578099838969,14.251207729468598,1.9256575415995705,6.0587761674718195,5.911164787976382,,,
88,22.363123993558776,39.841653247450346,9.594739667203436,14.237788513150832,1.9256575415995705,5.850778314546431,6.1862587224906065,,,
89,22.16183574879227,38.016639828234034,9.574610842726784,16.666666666666668,1.7042404723564144,5.770263016639828,6.105743424584004,,,
90,21.967257112184647,37.74825550187869,10.21202361782072,16.33118625872249,1.7042404723564144,5.689747718733226,6.347289318303811,,,
91,22.17525496511004,37.64761137949544,10.185185185185185,16.297638217928075,1.7042404723564144,5.689747718733226,6.300322061191626,,,
92,22.71202361782072,37.42619431025228,10.144927536231885,16.243961352657006,1.5432098765432098,5.656199677938808,6.273483628556092,,,
93,22.987117552334944,37.32555018786903,10.0979602791197,16.17686527106817,1.4962426194310252,5.656199677938808,6.260064412238325,,,
94,23.141438539989263,37.19806763285024,10.071121846484166,16.17686527106817,1.4962426194310252,5.656199677938808,6.260064412238325,,,
95,23.49704777241009,37.0504562533548,10.064412238325282,15.848094471282877,1.4694041867954912,5.844068706387547,6.226516371443908,,,
96,23.235373054213635,36.81561996779388,11.976650563607086,14.546430488459475,1.4626945786366077,5.844068706387547,6.119162640901771,,,
97,23.47691894793344,36.67471819645733,11.976650563607086,14.49946323134729,1.442565754159957,5.810520665593129,6.119162640901771,,,
98,23.68491680085883,36.594202898550726,11.943102522812667,14.42565754159957,1.442565754159957,5.790391841116479,6.119162640901771,,,
99,24.000268384326354,36.44659151905529,11.943102522812667,14.325013419216317,1.442565754159957,5.776972624798712,6.0654857756307035,,,
100,24.355877616747183,36.38620504562534,11.943102522812667,14.15727321524423,1.442565754159957,5.730005367686527,5.984970477724101,,,
101,24.04723564143854,35.889694041867955,13.479602791196994,13.828502415458937,1.42914653784219,5.730005367686527,5.595813204508857,,,
102,24.18142780461621,35.85614600107354,13.45276435856146,13.801663982823403,1.415727321524423,5.723295759527644,5.5689747718733225,,,
103,20.564949006977994,28.032742887815353,27.428878153515836,13.425925925925926,1.3754696725711217,3.92512077294686,5.246913580246914,,,
104,20.645464304884594,27.965646806226516,27.012882447665056,13.399087493290391,1.3754696725711217,3.92512077294686,5.246913580246914,0.4294149221685454,,
105,20.92055823939882,27.791196994095547,26.764626945786365,13.345410628019323,1.3754696725711217,3.92512077294686,5.22007514761138,0.6575415995705851,,
106,21.215780998389693,27.75764895330113,26.73107890499195,13.144122383252817,1.3754696725711217,3.898282340311326,5.22007514761138,0.6575415995705851,,
107,21.578099838969404,27.690552871712292,26.65727321524423,13.01663982823403,1.3754696725711217,3.864734299516908,5.159688674181428,0.6575415995705851,,
108,21.866612989801396,27.657004830917874,26.42914653784219,13.009930220075148,1.3754696725711217,3.851315083199141,5.152979066022544,0.6575415995705851,,
109,21.940418679549115,27.623456790123456,26.42914653784219,12.969672571121846,1.3754696725711217,3.851315083199141,5.152979066022544,0.6575415995705851,,
110,22.15512614063339,27.583199141170155,26.34863123993559,12.882447665056361,1.3754696725711217,3.844605475040258,5.152979066022544,0.6575415995705851,,
111,22.29602791196994,27.395330112721417,26.039989264626946,12.882447665056361,1.751207729468599,3.844605475040258,5.132850241545894,0.6575415995705851,,
112,22.624798711755233,27.200751476113794,25.97289318303811,12.848899624261943,1.751207729468599,3.8311862587224907,5.112721417069243,0.6575415995705851,,
113,22.779119699409556,27.147074610842726,25.89908749329039,12.848899624261943,1.751207729468599,3.8311862587224907,5.0858829844337095,0.6575415995705851,,
114,22.886473429951693,27.073268921095007,25.731347289318304,12.788513150831992,1.9592055823939882,3.8177670424047236,5.0858829844337095,0.6575415995705851,,
115,22.82608695652174,25.946054750402578,25.36231884057971,12.754965110037574,1.9592055823939882,5.166398282340311,5.072463768115942,0.9125067096081588,,
116,23.242082662372518,25.684380032206118,25.261674718196456,12.338969404186795,1.9592055823939882,5.166398282340311,5.032206119162641,1.3150831991411702,,
117,23.517176596886742,25.577026301663984,25.161030595813205,12.332259796027913,1.9256575415995705,5.166398282340311,5.005367686527107,1.3150831991411702,,
118,23.658078368223297,25.543478260869566,25.0805152979066,12.332259796027913,1.9256575415995705,5.159688674181428,5.005367686527107,1.2949543746645196,,
119,23.886205045625335,25.5300590445518,24.892646269457863,12.332259796027913,1.9256575415995705,5.159688674181428,4.978529253891573,1.2949543746645196,,
120,23.93317230273752,25.026838432635532,24.879227053140095,11.956521739130435,1.7847557702630166,6.1862587224906065,4.938271604938271,1.2949543746645196,,
121,24.134460547504027,24.953032742887814,24.778582930756844,11.956521739130435,1.7847557702630166,6.159420289855072,4.938271604938271,1.2949543746645196,,
122,24.58400429414922,24.825550187869027,24.691358024691358,11.936392914653783,1.7847557702630166,6.159420289855072,4.723564143853999,1.2949543746645196,,
123,24.9597423510467,24.785292538915726,24.4699409554482,11.916264090177133,1.7847557702630166,6.159420289855072,4.62962962962963,1.2949543746645196,,
124,25.214707461084274,24.724906065485776,24.402844873859365,11.889425657541599,1.7713365539452497,6.092324208266238,4.609500805152979,1.2949543746645196,,
125,25.067096081588836,24.22168545356951,24.335748792270532,11.876006441223833,1.328502415458937,5.864197530864198,6.011808910359635,1.2949543746645196,,
126,25.32206119162641,24.10091250670961,24.241814278046164,11.842458400429415,1.328502415458937,5.864197530864198,6.005099302200751,1.2949543746645196,,
127,25.597155126140635,24.06736446591519,24.154589371980677,11.81561996779388,1.328502415458937,5.790391841116479,5.9514224369296835,1.2949543746645196,,
128,25.825281803542673,24.013687600644122,23.68491680085883,11.802200751476114,1.3217928073000538,5.763553408480945,5.917874396135265,1.6706924315619969,,
129,26.03327965646806,23.899624261943103,23.67149758454106,11.77536231884058,1.3150831991411702,5.743424584004294,5.917874396135265,1.6438539989264627,,
130,26.127214170692433,23.879495437466453,23.617820719269993,11.761943102522812,1.3150831991411702,5.743424584004294,5.911164787976382,1.6438539989264627,,
131,26.442565754159958,23.66478797638218,23.557434245840042,11.748523886205046,1.3150831991411702,5.71658615136876,5.911164787976382,1.6438539989264627,,
132,26.670692431561996,23.59098228663446,23.53059581320451,11.708266237251744,1.3150831991411702,5.676328502415459,5.870907139023081,1.6371443907675791,,
133,26.89210950080515,23.49033816425121,23.470209339774556,11.654589371980677,1.3150831991411702,5.669618894256575,5.870907139023081,1.6371443907675791,,
134,27.355072463768117,23.450080515297905,23.081052066559312,11.634460547504025,1.3016639828234031,5.669618894256575,5.870907139023081,1.6371443907675791,,
135,27.469135802469136,23.423242082662373,23.040794417606012,11.634460547504025,1.3016639828234031,5.636070853462158,5.857487922705314,1.6371443907675791,,
136,27.616747181964573,23.396403650026837,23.027375201288244,11.580783682232958,1.3016639828234031,5.615942028985507,5.857487922705314,1.6035963499731616,,
137,27.737520128824478,23.396403650026837,22.973698336017176,11.560654857756306,1.3016639828234031,5.58239398819109,5.857487922705314,1.5901771336553945,,
138,27.885131508319915,23.34272678475577,22.926731078904993,11.52710681696189,1.288244766505636,5.58239398819109,5.857487922705314,1.5901771336553945,,
139,28.166935050993022,23.201825013419217,22.81266774020397,11.500268384326356,1.288244766505636,5.58239398819109,5.857487922705314,1.5901771336553945,,
140,28.348094471282877,23.201825013419217,22.67176596886742,11.480139559849706,1.288244766505636,5.562265163714439,5.857487922705314,1.5901771336553945,,
141,28.44873859366613,23.161567364465917,22.624798711755233,11.480139559849706,1.288244766505636,5.548845947396672,5.857487922705314,1.5901771336553945,,
142,28.576221148684915,23.141438539989263,22.550993022007514,11.466720343531938,1.288244766505636,5.548845947396672,5.857487922705314,1.570048309178744,,
143,28.482286634460547,23.11460010735373,22.48389694041868,13.24476650563607,1.288244766505636,5.548845947396672,4.656468062265164,1.1808910359634996,,
144,28.723832528180353,23.00053676865271,22.383252818035427,13.24476650563607,1.288244766505636,5.522007514761138,4.656468062265164,1.1808910359634996,,
145,28.92512077294686,22.946859903381643,22.309447128287708,13.20450885668277,1.288244766505636,5.522007514761138,4.64975845410628,1.1540526033279657,,
146,28.992216854535695,22.899892646269457,22.302737520128826,13.191089640365004,1.288244766505636,5.522007514761138,4.64975845410628,1.1540526033279657,,
147,29.186795491143318,22.873054213633925,22.282608695652176,13.09044551798175,1.288244766505636,5.522007514761138,4.602791196994096,1.1540526033279657,,
148,29.522275899087493,22.859634997316157,22.249060654857757,13.070316693505099,1.288244766505636,5.522007514761138,4.334406870638754,1.1540526033279657,,
149,29.663177670424048,22.84621578099839,22.20209339774557,13.023349436392914,1.288244766505636,5.488459473966721,4.334406870638754,1.1540526033279657,,
150,29.904723564143854,22.82608695652174,22.14170692431562,12.989801395598498,1.288244766505636,5.488459473966721,4.206924315619967,1.1540526033279657,,
151,30.099302200751477,22.7187332259796,22.054482018250134,12.989801395598498,1.288244766505636,5.488459473966721,4.206924315619967,1.1540526033279657,,
152,26.757917337627482,18.773483628556093,32.70263016639828,12.842190016103059,0.9594739667203436,3.864734299516908,2.945517981749866,1.1540526033279657,,
153,26.89210950080515,18.773483628556093,32.608695652173914,12.801932367149758,0.9594739667203436,3.864734299516908,2.945517981749866,1.1540526033279657,,
154,13.009930220075148,66.25067096081588,14.13714439076758,3.488996242619431,0.8923778851315083,1.7646269457863661,0.10064412238325282,0.35560923242082665,,
155,13.285024154589372,61.600912506709605,14.096886741814279,3.475577026301664,5.320719269994632,1.7646269457863661,0.10064412238325282,0.35560923242082665,,
156,13.627214170692431,61.39291465378422,14.016371443907676,3.475577026301664,5.300590445517981,1.7310789049919484,0.10064412238325282,0.35560923242082665,,
157,14.090177133655395,61.010466988727856,13.620504562533547,3.475577026301664,5.260332796564681,1.7176596886741815,0.10064412238325282,0.7246376811594203,,
158,14.224369296833064,60.909822866344605,13.613794954374665,3.475577026301664,5.233494363929147,1.7176596886741815,0.10064412238325282,0.7246376811594203,,
159,14.432367149758454,60.789049919484704,13.533279656468062,3.475577026301664,5.233494363929147,1.710950080515298,0.10064412238325282,0.7246376811594203,,
160,14.80810520665593,60.44685990338164,13.533279656468062,3.475577026301664,5.233494363929147,1.710950080515298,0.10064412238325282,0.6910896403650026,,
161,15.063070316693505,60.29253891572732,13.459473966720344,3.475577026301664,5.2066559312936125,1.710950080515298,0.10064412238325282,0.6910896403650026,,
162,14.526301663982823,59.15861513687601,13.097155126140633,2.301395598497048,5.173107890499195,1.4694041867954912,3.5829307568438002,0.6910896403650026,,
163,14.606816961889425,59.07809983896941,12.915995705850777,2.301395598497048,5.139559849704777,1.4559849704777241,3.549382716049383,0.95276435856146,,
164,14.727589908749328,59.044551798174986,12.902576489533011,2.301395598497048,5.065754159957058,1.4559849704777241,3.549382716049383,0.95276435856146,,
165,15.116747181964573,58.756038647343,12.848899624261943,2.2946859903381642,5.065754159957058,1.42914653784219,3.549382716049383,0.9393451422436929,,
166,15.35829307568438,56.74986580783682,12.808641975308642,2.2946859903381642,3.797638217928073,1.42914653784219,6.649221685453569,0.9125067096081588,,
167,15.787707997852925,56.25335480407944,12.68786902844874,2.2946859903381642,3.9855072463768115,1.42914653784219,6.649221685453569,0.9125067096081588,,
168,15.955448201825014,56.15271068169619,12.674449812130971,2.2946859903381642,3.9855072463768115,1.42914653784219,6.595544820182502,0.9125067096081588,,
169,16.109769189479334,53.6634460547504,12.526838432635534,2.2946859903381642,6.5485775630703165,1.42914653784219,6.588835212023618,0.8387010198604401,,
170,16.391572732152444,53.50912506709608,12.4597423510467,2.2946859903381642,6.535158346752549,1.42914653784219,6.541867954911433,0.8387010198604401,,
171,16.646537842190018,53.274288781535155,12.4597423510467,2.2879763821792807,6.4412238325281805,1.7579173376274826,6.085614600107354,1.0466988727858293,,
172,16.740472356414386,53.207192699946326,12.432903918411165,2.2879763821792807,6.4412238325281805,1.7579173376274826,6.085614600107354,1.0466988727858293,,
173,16.968599033816425,53.07300053676865,12.392646269457863,2.24771873322598,6.427804616210413,1.7579173376274826,6.085614600107354,1.0466988727858293,,
174,17.337627482555018,52.93880837359098,12.305421363392378,2.24771873322598,6.427804616210413,1.7444981213097155,6.0654857756307035,0.9326355340848095,,
175,17.814009661835748,52.69726247987118,12.258454106280194,2.214170692431562,6.374127750939345,1.7444981213097155,5.964841653247451,0.9326355340848095,,
176,17.8743961352657,49.020397208803004,12.144390767579173,2.214170692431562,10.138217928073,1.737788513150832,5.938003220611916,0.9326355340848095,,
177,18.075684380032207,48.97342995169082,12.13768115942029,2.1806226516371443,10.111379495437467,1.737788513150832,5.850778314546431,0.9326355340848095,,
178,18.417874396135264,47.98040794417606,12.010198604401502,2.1806226516371443,10.93666129898014,1.737788513150832,5.810520665593129,0.9259259259259259,,
179,18.733225979602793,47.88647342995169,11.862587224906065,2.1604938271604937,10.923242082662373,1.737788513150832,5.770263016639828,0.9259259259259259,,
180,19.102254428341386,47.758990874932906,11.761943102522812,2.1604938271604937,10.795759527643586,1.724369296833065,5.770263016639828,0.9259259259259259,,
181,19.330381105743424,47.59125067096082,11.761943102522812,2.1604938271604937,10.755501878690284,1.724369296833065,5.750134192163178,0.9259259259259259,,
182,19.706119162640903,47.34970477724101,11.761943102522812,2.1604938271604937,10.621309715512615,1.724369296833065,5.750134192163178,0.9259259259259259,,
183,19.961084272678477,47.054482018250134,11.721685453569512,2.1604938271604937,10.59447128287708,2.1940418679549114,5.387815351583468,0.9259259259259259,,
184,20.175791733762747,46.96054750402576,11.721685453569512,2.1604938271604937,10.554213633923778,2.1604938271604937,5.287171229200215,0.9796027911969941,,
185,20.37037037037037,46.89345142243693,11.594202898550725,2.1604938271604937,10.554213633923778,2.1604938271604937,5.287171229200215,0.9796027911969941,,
186,20.471014492753625,46.4975845410628,11.560654857756306,2.147074610842727,10.896403650026839,2.1604938271604937,5.287171229200215,0.9796027911969941,,
187,20.43075684380032,46.363392377885134,11.077563070316694,2.147074610842727,10.869565217391305,2.844873859366613,5.287171229200215,0.9796027911969941,,
188,20.77294685990338,45.93397745571659,11.07085346215781,2.147074610842727,11.09098228663446,2.7979066022544283,5.253623188405797,0.9326355340848095,,
189,21.088298443370906,45.793075684380035,11.044015029522276,2.147074610842727,11.003757380568974,2.7979066022544283,5.193236714975845,0.9326355340848095,,
190,21.20907139023081,45.7259796027912,11.017176596886742,2.147074610842727,11.003757380568974,2.7979066022544283,5.166398282340311,0.9326355340848095,,
191,21.66532474503489,45.67230273752013,10.990338164251208,2.147074610842727,10.970209339774557,2.7979066022544283,4.824208266237251,0.9326355340848095,,
192,21.792807300053678,45.4777241009125,10.84272678475577,2.462426194310252,10.95679012345679,2.771068169618894,4.7638217928073,0.9326355340848095,,
193,21.886741814278047,45.42404723564144,10.84272678475577,2.462426194310252,10.95679012345679,2.7643585614600106,4.7638217928073,0.8990874932903918,,
194,22.088030059044552,45.370370370370374,10.802469135802468,2.4557165861513686,10.889694041867955,2.7643585614600106,4.730273752012883,0.8990874932903918,,
195,22.269189479334408,44.49141170155663,10.668276972624799,2.4557165861513686,11.426462694578637,3.0595813204508855,4.730273752012883,0.8990874932903918,,
196,22.490606548577563,43.15619967793881,10.63472893183038,2.4557165861513686,12.224906065485776,3.435319377348363,4.703435319377348,0.8990874932903918,,
197,22.571121846484164,43.03542673107891,10.621309715512615,2.442297369833602,12.29200214707461,3.435319377348363,4.703435319377348,0.8990874932903918,,
198,22.564412238325282,42.975040257648956,10.312667740203972,2.442297369833602,12.714707461084272,3.421900161030596,4.669887278582931,0.8990874932903918,,
199,22.987117552334944,42.921363392377884,10.00402576489533,2.442297369833602,12.68786902844874,3.4017713365539453,4.669887278582931,0.8856682769726248,,
200,23.235373054213635,42.82071926999463,10.00402576489533,2.442297369833602,12.553676865271068,3.4017713365539453,4.656468062265164,0.8856682769726248,,
201,23.79898013955985,42.55904455179817,9.829575952764358,2.442297369833602,12.473161567364466,3.3548040794417604,4.656468062265164,0.8856682769726248,,
202,23.95330112721417,42.49865807836822,9.822866344605474,2.442297369833602,12.399355877616747,3.3480944712828773,4.64975845410628,0.8856682769726248,,
203,24.154589371980677,42.371175523349436,9.822866344605474,2.442297369833602,12.325550187869029,3.3480944712828773,4.64975845410628,0.8856682769726248,,
204,24.516908212560388,41.988727858293075,9.822866344605474,2.442297369833602,12.392646269457863,3.3413848631239937,4.616210413311863,0.8789586688137413,,
205,24.852388620504563,41.71363392377885,9.809447128287708,2.442297369833602,12.345679012345679,3.3413848631239937,4.616210413311863,0.8789586688137413,,
206,25.449543746645197,41.22383252818035,9.769189479334408,2.442297369833602,12.305421363392378,3.3413848631239937,4.616210413311863,0.8521202361782072,,
207,25.77831454643049,40.96886741814278,9.742351046698873,2.442297369833602,12.258454106280194,3.3413848631239937,4.616210413311863,0.8521202361782072,,
208,25.785024154589372,40.68035426731079,9.742351046698873,2.442297369833602,12.258454106280194,3.6231884057971016,4.616210413311863,0.8521202361782072,,
209,25.986312399355878,40.53945249597424,9.71551261406334,2.442297369833602,12.258454106280194,3.6231884057971016,4.616210413311863,0.8185721953837896,,
210,26.362050456253353,40.23752012882448,9.71551261406334,2.442297369833602,12.184648416532475,3.6231884057971016,4.616210413311863,0.8185721953837896,,
211,26.556629092860977,40.06977992485239,9.702093397745571,2.428878153515835,12.184648416532475,3.6231884057971016,4.616210413311863,0.8185721953837896,,
212,26.724369296833064,39.92887815351583,9.702093397745571,2.428878153515835,12.184648416532475,3.6231884057971016,4.616210413311863,0.7917337627482555,,
213,26.798174986580783,39.91545893719807,9.668545356951155,2.4020397208803006,12.184648416532475,3.6231884057971016,4.616210413311863,0.7917337627482555,,
214,26.932367149758456,39.86849168008588,9.614868491680086,2.4020397208803006,12.177938808373591,3.6097691894793345,4.602791196994096,0.7917337627482555,,
215,27.079978529253893,39.82823403113258,9.608158883521202,2.4020397208803006,12.110842726784755,3.6097691894793345,4.569243156199678,0.7917337627482555,,
216,27.28797638217928,39.700751476113794,9.608158883521202,2.4020397208803006,12.104133118625873,3.5963499731615673,4.508856682769726,0.7917337627482555,,
217,27.583199141170155,39.62023617820719,9.608158883521202,2.3752012882447664,11.916264090177133,3.5963499731615673,4.508856682769726,0.7917337627482555,,
218,27.979066022544284,39.31830381105743,9.594739667203436,2.3752012882447664,11.889425657541599,3.5829307568438002,4.508856682769726,0.7514761137949544,,
219,28.032742887815353,39.31159420289855,9.561191626409018,2.3752012882447664,11.889425657541599,3.5829307568438002,4.49543746645196,0.7514761137949544,,
220,28.26086956521739,39.19753086419753,9.54777241009125,2.3550724637681157,11.849168008588299,3.5762211486849167,4.4820182501341925,0.7313472893183038,,
221,28.421900161030596,39.08346752549651,9.54777241009125,2.3550724637681157,11.81561996779388,3.5628019323671496,4.4820182501341925,0.7313472893183038,,
222,27.965646806226516,38.98282340311326,7.991143317230274,5.669618894256575,11.406333870101985,3.502415458937198,3.750670960815888,0.7313472893183038,,
223,28.019323671497585,38.94256575415996,7.991143317230274,5.669618894256575,11.406333870101985,3.488996242619431,3.750670960815888,0.7313472893183038,,
224,28.22061191626409,38.85534084809447,7.944176060118089,5.669618894256575,11.392914653784219,3.488996242619431,3.69699409554482,0.7313472893183038,,
225,28.381642512077295,38.79495437466452,7.944176060118089,5.669618894256575,11.312399355877616,3.488996242619431,3.6768652710681695,0.7313472893183038,,
226,28.56280193236715,38.707729468599034,7.877079978529254,5.669618894256575,11.285560923242082,3.488996242619431,3.6768652710681695,0.7313472893183038,,
227,28.703703703703702,38.66747181964573,7.877079978529254,5.669618894256575,11.20504562533548,3.488996242619431,3.656736446591519,0.7313472893183038,,
228,28.931830381105744,38.6003757380569,7.877079978529254,5.622651637144391,11.171497584541063,3.408480944712829,3.656736446591519,0.7313472893183038,,
229,29.012345679012345,38.56682769726248,7.877079978529254,5.622651637144391,11.131239935587761,3.408480944712829,3.6500268384326353,0.7313472893183038,,
230,29.341116478797638,38.31186258722491,7.856951154052603,5.542136339237788,10.896403650026839,3.750670960815888,3.569511540526033,0.7313472893183038,,
231,29.482018250134193,38.137412775093935,7.856951154052603,6.085614600107354,10.413311862587225,3.7238325281803544,3.569511540526033,0.7313472893183038,,
232,29.736983360171767,38.04347826086956,7.856951154052603,6.085614600107354,10.34621578099839,3.683574879227053,3.515834675254965,0.7313472893183038,,
233,30.038915727321523,37.97638217928073,7.836822329575953,6.038647342995169,10.178475577026301,3.683574879227053,3.515834675254965,0.7313472893183038,,
234,30.52871712292002,37.59393451422437,7.836822329575953,6.005099302200751,10.124798711755233,3.683574879227053,3.4957058507783145,0.7313472893183038,,
235,30.770263016639827,37.47987117552335,7.823403113258186,5.964841653247451,10.0979602791197,3.683574879227053,3.4621578099838968,0.7179280730005367,,
236,31.253354804079443,37.23832528180354,7.823403113258186,5.9514224369296835,9.86983360171766,3.683574879227053,3.4621578099838968,0.7179280730005367,,
237,31.46135265700483,37.11084272678475,7.7898550724637685,5.9514224369296835,9.86983360171766,3.6366076221148687,3.4621578099838968,0.7179280730005367,,
238,31.66935050993022,37.003488996242616,7.7898550724637685,5.9514224369296835,9.842995169082126,3.6366076221148687,3.3950617283950617,0.7112184648416533,,
239,32.00483091787439,36.7686527106817,7.769726247987117,5.9514224369296835,9.836285560923242,3.6097691894793345,3.3480944712828773,0.7112184648416533,,
240,32.25308641975309,36.54723564143854,7.742887815351583,5.9514224369296835,9.86983360171766,3.589640365002684,3.3480944712828773,0.6977992485238862,,
241,32.48792270531401,36.40633387010199,7.722758990874933,5.911164787976382,9.849704777241008,3.5829307568438002,3.3413848631239937,0.6977992485238862,,
242,32.56172839506173,36.39291465378422,7.682501341921632,5.911164787976382,9.829575952764358,3.5829307568438002,3.3413848631239937,0.6977992485238862,,
243,32.63553408480945,36.36607622114869,7.62211486849168,5.555555555555555,9.822866344605474,3.9586688137412773,3.3413848631239937,0.6977992485238862,,
244,32.79656468062265,36.25872249060655,7.555018786902845,5.555555555555555,9.796027911969942,4.045893719806763,3.294417606011809,0.6977992485238862,,
245,33.01798174986581,36.15807836822329,7.447665056360709,5.548845947396672,9.796027911969942,4.045893719806763,3.294417606011809,0.6910896403650026,,
246,33.16559312936125,36.12453032742888,7.4208266237251745,5.548845947396672,9.749060654857756,4.045893719806763,3.294417606011809,0.6508319914117016,,
247,33.373590982286636,36.010466988727856,7.360440150295223,5.515297906602254,9.749060654857756,4.045893719806763,3.294417606011809,0.6508319914117016,,
248,33.48094471282877,35.90311325818572,7.360440150295223,5.515297906602254,9.749060654857756,4.045893719806763,3.294417606011809,0.6508319914117016,,
249,33.782877079978526,35.71524422973698,7.353730542136339,5.515297906602254,9.71551261406334,3.9855072463768115,3.294417606011809,0.6374127750939346,,
250,33.61513687600644,35.23215244229737,7.306763285024155,5.508588298443371,9.178743961352657,3.9586688137412773,4.562533548040794,0.6374127750939346,,
251,33.7962962962963,35.17176596886742,7.27992485238862,5.501878690284487,9.16532474503489,3.8848631239935587,4.562533548040794,0.6374127750939346,,
252,33.722490606548575,35.09125067096082,7.246376811594203,5.367686527106817,9.131776704240472,4.240472356414386,4.562533548040794,0.6374127750939346,,
253,34.11164787976382,34.74235104669887,7.239667203435319,5.347557702630167,9.125067096081589,4.233762748255502,4.562533548040794,0.6374127750939346,,
254,34.31964573268921,34.58803005904455,7.239667203435319,5.347557702630167,9.07139023081052,4.233762748255502,4.562533548040794,0.6374127750939346,,
255,34.0378421900161,34.88325281803543,7.239667203435319,5.347557702630167,9.07139023081052,4.233762748255502,4.549114331723027,0.6374127750939346,,
256,34.21229200214707,34.74235104669887,7.239667203435319,5.347557702630167,9.057971014492754,4.2203435319377345,4.542404723564144,0.6374127750939346,,
257,34.312936124530324,34.68867418142781,7.0383789586688135,4.978529253891573,9.581320450885668,4.2203435319377345,4.542404723564144,0.6374127750939346,,
258,34.252549651100374,34.614868491680085,6.884057971014493,4.944981213097155,9.54777241009125,4.575952764358561,4.542404723564144,0.6374127750939346,,
259,34.326355340848096,34.614868491680085,6.863929146537842,4.938271604938271,9.50751476113795,4.569243156199678,4.542404723564144,0.6374127750939346,,
260,34.265968867418145,34.17874396135266,6.863929146537842,4.938271604938271,9.420289855072463,5.159688674181428,4.53569511540526,0.6374127750939346,,
261,34.37332259796028,34.15190552871712,6.837090713902308,4.938271604938271,9.380032206119163,5.159688674181428,4.522275899087493,0.6374127750939346,,
262,34.48067632850242,34.09822866344606,6.837090713902308,4.938271604938271,9.353193773483628,5.159688674181428,4.49543746645196,0.6374127750939346,,
263,34.82286634460547,33.863392377885134,6.823671497584541,4.938271604938271,9.292807300053678,5.152979066022544,4.4753086419753085,0.630703166935051,,
264,35.00402576489533,33.8365539452496,6.763285024154589,4.898013955984971,9.265968867418144,5.152979066022544,4.448470209339774,0.630703166935051,,
265,35.21202361782072,33.74932903918411,6.763285024154589,4.898013955984971,9.232420826623725,5.152979066022544,4.361245303274289,0.630703166935051,,
266,35.33279656468062,33.66881374127751,6.763285024154589,4.898013955984971,9.172034353193773,5.179817498658078,4.3545356951154055,0.630703166935051,,
267,35.487117552334944,33.56816961889426,6.756575415995706,4.871175523349437,9.16532474503489,5.166398282340311,4.3545356951154055,0.630703166935051,,
268,35.607890499194845,33.48094471282877,6.756575415995706,4.85775630703167,9.16532474503489,5.146269457863661,4.3545356951154055,0.630703166935051,,
269,35.70182501341922,33.42055823939882,6.756575415995706,4.830917874396135,9.16532474503489,5.139559849704777,4.3545356951154055,0.630703166935051,,
270,35.90311325818572,33.333333333333336,6.749865807836822,4.817498658078368,9.131776704240472,5.112721417069243,4.320987654320987,0.630703166935051,,
271,36.05072463768116,33.272946859903385,6.729736983360172,4.817498658078368,9.118357487922705,5.059044551798175,4.320987654320987,0.630703166935051,,
272,36.191626409017715,33.21256038647343,6.729736983360172,4.817498658078368,9.044551798174986,5.059044551798175,4.320987654320987,0.6239935587761675,,
273,36.32581857219538,33.13875469672571,6.729736983360172,4.817498658078368,9.024422973698336,5.032206119162641,4.30756843800322,0.6239935587761675,,
274,36.493558776167475,33.10520665593129,6.6827697262479875,4.817498658078368,9.024422973698336,5.032206119162641,4.274020397208803,0.5703166935050993,,
275,36.56736446591519,33.051529790660226,6.6827697262479875,4.797369833601718,9.024422973698336,5.032206119162641,4.274020397208803,0.5703166935050993,,
276,36.83574879227053,32.92404723564144,6.6827697262479875,4.7638217928073,8.997584541062801,5.032206119162641,4.193505099302201,0.5703166935050993,,
277,37.3792270531401,32.50805152979066,6.6760601180891035,4.690016103059581,8.997584541062801,5.032206119162641,4.146537842190016,0.5703166935050993,,
278,37.453032742887814,32.45437466451959,6.6760601180891035,4.569243156199678,8.99087493290392,4.944981213097155,4.3545356951154055,0.5568974771873323,,
279,37.714707461084274,32.26650563607085,6.649221685453569,4.555823939881911,8.99087493290392,4.944981213097155,4.320987654320987,0.5568974771873323,,
280,38.016639828234034,32.15244229736983,6.588835212023618,4.555823939881911,8.917069243156199,4.911433172302737,4.314278046162104,0.5434782608695652,,
281,38.08373590982286,32.1256038647343,6.575415995705851,4.53569511540526,8.917069243156199,4.904723564143854,4.314278046162104,0.5434782608695652,,
282,38.16425120772947,32.09205582393988,6.575415995705851,4.53569511540526,8.917069243156199,4.898013955984971,4.274020397208803,0.5434782608695652,,
283,38.238056897477186,32.078636607622116,6.575415995705851,4.528985507246377,8.917069243156199,4.898013955984971,4.2203435319377345,0.5434782608695652,,
284,38.519860440150296,32.058507783145465,6.3137412775093935,4.528985507246377,8.917069243156199,4.898013955984971,4.2203435319377345,0.5434782608695652,,
285,38.56682769726248,32.00483091787439,6.3137412775093935,4.643048845947397,8.809715512614064,4.898013955984971,4.2203435319377345,0.5434782608695652,,
286,37.043746645195924,28.482286634460547,6.3137412775093935,4.643048845947397,13.955984970477724,4.864465915190553,4.17337627482555,0.5233494363929146,,
287,37.124261943102525,28.442028985507246,6.286902844873859,4.643048845947397,13.955984970477724,4.851046698872786,4.17337627482555,0.5233494363929146,,
288,37.33225979602791,28.327965646806227,6.286902844873859,4.602791196994096,13.761406333870102,4.851046698872786,4.17337627482555,0.5233494363929146,0.14090177133655393,
289,37.64090177133655,28.20048309178744,6.280193236714976,4.522275899087493,13.734567901234568,4.851046698872786,4.106280193236715,0.5233494363929146,0.14090177133655393,
290,37.84219001610306,28.026033279656467,6.273483628556092,4.522275899087493,13.734567901234568,4.830917874396135,4.106280193236715,0.5233494363929146,0.14090177133655393,
291,37.92270531400966,27.958937198067634,6.266774020397209,4.522275899087493,13.580246913580247,4.830917874396135,4.106280193236715,0.5233494363929146,0.2885131508319914,
292,38.05018786902845,27.865002683843265,6.266774020397209,4.522275899087493,13.560118089103597,4.817498658078368,4.106280193236715,0.5233494363929146,0.2885131508319914,
293,38.1508319914117,27.82474503488996,6.266774020397209,4.508856682769726,13.533279656468062,4.797369833601718,4.106280193236715,0.5233494363929146,0.2885131508319914,
294,38.217928073000536,27.82474503488996,6.266774020397209,4.508856682769726,13.533279656468062,4.730273752012883,4.106280193236715,0.5233494363929146,0.2885131508319914,
295,38.52657004830918,27.657004830917874,6.266774020397209,4.508856682769726,13.446054750402576,4.683306494900698,4.106280193236715,0.5166398282340311,0.2885131508319914,
296,38.66747181964573,27.616747181964573,6.239935587761675,4.502147074610843,13.39237788513151,4.676596886741814,4.0995705850778315,0.5166398282340311,0.2885131508319914,
