,45,50,53,54,55,51,52,56,57
0,96.72571121846484,3.2742887815351582,,,,,,,
1,92.5523349436393,7.447665056360709,,,,,,,
2,89.79468599033817,10.205314009661835,,,,,,,
3,86.82232957595276,13.177670424047236,,,,,,,
4,77.22088030059045,22.779119699409556,,,,,,,
5,77.36849168008588,22.289318303811058,0.3421900161030596,,,,,,
6,65.00268384326355,34.655126140633385,0.3421900161030596,,,,,,
7,65.06307031669351,34.594739667203434,0.3421900161030596,,,,,,
8,64.96242619431025,34.695383789586685,0.3421900161030596,,,,,,
9,64.94900697799248,34.70880300590446,0.3421900161030596,,,,,,
10,64.96913580246914,34.68867418142781,0.3421900161030596,,,,,,
11,64.64036500268384,35.017444981213096,0.3421900161030596,,,,,,
12,61.231884057971016,38.425925925925924,0.3421900161030596,,,,,,
13,60.13150831991412,39.52630166398282,0.3421900161030596,,,,,,
14,60.17176596886742,38.727858293075684,0.5300590445517982,0.33548040794417605,0.23483628556092323,,,,
15,59.292807300053674,37.65432098765432,0.5300590445517982,0.33548040794417605,0.23483628556092323,1.9524959742351047,,,
16,56.394256575415994,40.552871712292,0.5300590445517982,0.33548040794417605,0.23483628556092323,1.9524959742351047,,,
17,55.441492216854535,41.84782608695652,0.1878690284487386,0.33548040794417605,0.23483628556092323,1.9524959742351047,,,
18,54.89801395598497,42.411433172302736,0.1878690284487386,0.33548040794417605,0.23483628556092323,1.932367149758454,,,
19,53.86473429951691,40.98899624261943,0.1610305958132045,0.33548040794417605,0.16774020397208803,4.4820182501341925,,,
20,49.43639291465379,42.88781535158347,0.1610305958132045,0.33548040794417605,,0.33548040794417605,6.843800322061192,,
21,49.422973698336016,41.666666666666664,0.1610305958132045,1.570048309178744,,0.33548040794417605,6.843800322061192,,
22,38.96269457863661,51.50295222758991,,1.2546967257112185,,0.33548040794417605,7.944176060118089,,
23,36.14465915190553,54.37466451959206,,1.2546967257112185,,0.33548040794417605,7.890499194847021,,
24,36.594202898550726,53.958668813741276,,1.2546967257112185,,0.33548040794417605,7.856951154052603,,
25,28.408480944712828,60.7487922705314,,1.2546967257112185,1.4090177133655395,0.322061191626409,7.856951154052603,,
26,28.502415458937197,60.547504025764894,,1.2546967257112185,1.5163714439076759,0.322061191626409,7.856951154052603,,
27,23.564143853998928,39.91545893719807,,1.2546967257112185,,27.408749329039185,7.856951154052603,,
28,23.731884057971016,39.821524422973695,,1.2546967257112185,,27.36849168008588,7.823403113258186,,
29,23.792270531400966,38.56682769726248,,1.2546967257112185,,29.341116478797638,7.0450885668276975,,
30,23.03408480944713,38.05018786902845,,0.8521202361782072,,30.54884594739667,7.0450885668276975,0.46967257112184646,
31,23.17498658078368,37.96296296296296,,0.8521202361782072,,30.495169082125603,7.0450885668276975,0.46967257112184646,
32,23.235373054213635,38.097155126140635,,0.8387010198604401,0.10735373054213634,30.24020397208803,7.011540526033279,0.46967257112184646,
33,23.34272678475577,38.016639828234034,,0.8387010198604401,0.10735373054213634,30.213365539452496,7.011540526033279,0.46967257112184646,
34,18.451422436929683,45.51798174986581,,0.020128824476650563,0.30864197530864196,28.421900161030596,6.810252281266774,0.46967257112184646,
35,18.290391841116477,45.7259796027912,,0.020128824476650563,0.30864197530864196,28.37493290391841,6.810252281266774,0.46967257112184646,
36,18.706387546967257,45.209339774557165,2.6033279656468062,0.020128824476650563,0.7581857219538379,25.43612453032743,6.796833064949007,0.46967257112184646,
37,18.92109500805153,45.16237251744498,2.6033279656468062,0.020128824476650563,0.7581857219538379,25.295222758990874,6.769994632313473,0.46967257112184646,
38,18.947933440687063,44.89398819108964,2.2074610842726785,0.020128824476650563,0.7581857219538379,23.812399355877616,8.890230810520666,0.46967257112184646,
39,18.94122383252818,45.00805152979066,2.2074610842726785,0.020128824476650563,0.7447665056360708,23.74530327428878,8.863392377885132,0.46967257112184646,
40,18.840579710144926,44.927536231884055,2.2074610842726785,0.020128824476650563,0.6239935587761675,23.020665593129362,9.88996242619431,0.46967257112184646,
41,19.129092860976918,44.85373054213634,2.1940418679549114,0.020128824476650563,0.6239935587761675,22.920021470746107,9.789318303811058,0.46967257112184646,
42,19.32367149758454,44.67928073000537,2.1940418679549114,0.020128824476650563,0.6239935587761675,22.899892646269457,9.789318303811058,0.46967257112184646,
43,17.14975845410628,46.98067632850242,2.1940418679549114,0.020128824476650563,0.6239935587761675,22.859634997316157,9.702093397745571,0.46967257112184646,
44,17.351046698872786,46.51100375738057,2.1940418679549114,0.020128824476650563,0.9393451422436929,22.81266774020397,9.702093397745571,0.46967257112184646,
45,17.438271604938272,46.45061728395062,2.1940418679549114,0.020128824476650563,0.9393451422436929,24.4296833064949,8.05823939881911,0.46967257112184646,
46,17.58588298443371,46.31642512077295,2.1940418679549114,0.020128824476650563,0.9393451422436929,24.422973698336016,8.051529790660226,0.46967257112184646,
47,17.780461621041333,46.12855609232421,2.1940418679549114,0.020128824476650563,0.9393451422436929,24.422973698336016,8.044820182501342,0.46967257112184646,
48,17.827428878153516,46.0077831454643,2.1940418679549114,0.1274825550187869,0.9393451422436929,24.3894256575416,8.044820182501342,0.46967257112184646,
49,18.055555555555557,45.853462157809986,2.167203435319377,0.1274825550187869,0.9393451422436929,24.04723564143854,8.024691358024691,0.785024154589372,
50,17.98845947396672,44.95437466451959,2.167203435319377,0.1274825550187869,1.570048309178744,27.49597423510467,5.092592592592593,0.6038647342995169,
51,17.94820182501342,44.840311325818575,2.167203435319377,0.1274825550187869,1.570048309178744,27.690552871712292,5.052334943639291,0.6038647342995169,
52,18.310520665593128,44.68599033816425,2.167203435319377,0.1274825550187869,1.570048309178744,27.482555018786904,5.052334943639291,0.6038647342995169,
53,18.357487922705314,42.975040257648956,5.595813204508857,0.1274825550187869,1.570048309178744,25.95276435856146,4.817498658078368,0.6038647342995169,
54,18.451422436929683,42.921363392377884,5.414653784219001,0.1274825550187869,2.8515834675254963,24.859098228663445,4.783950617283951,0.5904455179817498,
55,18.54535695115405,42.55904455179817,5.213365539452496,0.1274825550187869,3.307836822329576,24.52361782071927,4.783950617283951,0.9393451422436929,
56,18.746645195920557,42.49194847020934,5.213365539452496,0.1274825550187869,3.2742887815351582,24.48336017176597,4.723564143853999,0.9393451422436929,
57,19.0150295222759,42.42485238862051,5.199946323134729,0.1274825550187869,3.2742887815351582,24.315619967793882,4.703435319377348,0.9393451422436929,
58,19.578636607622116,42.109500805152976,5.179817498658078,0.1274825550187869,3.260869565217391,24.10091250670961,4.703435319377348,0.9393451422436929,
59,19.632313472893184,42.08266237251745,7.139023081052066,0.1274825550187869,3.2340311325818574,22.913311862587225,3.9318303811057436,0.9393451422436929,
60,19.92753623188406,41.86124530327429,7.085346215780999,0.1274825550187869,3.2206119162640903,22.638217928073,3.9318303811057436,1.2077294685990339,
61,20.41062801932367,41.58615136876006,7.085346215780999,0.1274825550187869,3.2206119162640903,22.584541062801932,3.7775093934514223,1.2077294685990339,
62,20.471014492753625,41.532474503489,7.085346215780999,0.1274825550187869,3.2206119162640903,22.57783145464305,3.7775093934514223,1.2077294685990339,
63,20.46430488459474,41.34460547504026,7.085346215780999,0.1274825550187869,3.4151905528717124,22.57783145464305,3.7775093934514223,1.2077294685990339,
64,20.9272678475577,41.18357487922705,7.071926999463232,0.1274825550187869,3.4151905528717124,22.289318303811058,3.7775093934514223,1.2077294685990339,
65,21.121846484165324,41.1231884057971,6.977992485238862,0.1274825550187869,3.4151905528717124,22.249060654857757,3.7775093934514223,1.2077294685990339,
66,21.511003757380568,41.00912506709608,7.118894256575416,0.1274825550187869,3.294417606011809,21.953837895866883,3.7775093934514223,1.2077294685990339,
67,21.517713365539453,38.74127750939345,10.527375201288244,0.1274825550187869,2.8515834675254963,21.846484165324746,3.180354267310789,1.2077294685990339,
68,19.719538378958667,40.9621578099839,10.48040794417606,0.1274825550187869,2.8247450348899625,21.524422973698336,3.1535158346752548,1.2077294685990339,
69,19.64573268921095,40.82125603864734,10.48040794417606,0.1274825550187869,2.8247450348899625,20.96081588835212,3.1535158346752548,1.9860440150295222,
70,19.98792270531401,40.713902308105204,10.466988727858293,0.1274825550187869,2.8247450348899625,20.893719806763286,2.999194847020934,1.9860440150295222,
71,16.700214707461082,42.8743961352657,10.44015029522276,0.9057971014492754,3.240740740740741,20.86688137412775,2.985775630703167,1.9860440150295222,
72,15.874932903918411,37.25845410628019,9.876543209876543,4.166666666666667,3.240740740740741,24.302200751476114,3.294417606011809,1.9860440150295222,
73,15.754159957058508,34.896672034353195,9.802737520128824,3.603059581320451,2.985775630703167,24.02710681696189,6.944444444444445,1.9860440150295222,
74,15.230810520665592,34.86983360171766,8.333333333333334,3.603059581320451,2.9253891572732154,22.517444981213096,10.19189479334407,2.328234031132582,
75,15.083199141170155,32.648953301127214,8.28636607622115,4.42163177670424,2.428878153515835,22.134997316156735,13.331991411701557,1.6639828234031133,
76,15.304616210413311,32.58185721953838,8.199141170155663,4.42163177670424,2.428878153515835,21.74584004294149,13.331991411701557,1.9860440150295222,
77,15.458937198067632,32.50805152979066,8.199141170155663,4.388083735909823,2.428878153515835,21.69887278582931,13.331991411701557,1.9860440150295222,
78,15.619967793880837,32.085346215781,8.494363929146537,4.388083735909823,2.3752012882447664,21.30300590445518,13.747987117552334,1.9860440150295222,
79,15.76086956521739,31.602254428341386,8.487654320987655,4.260601180891036,3.5292538915727323,20.652173913043477,13.727858293075684,1.9793344068706387,
80,15.92860976918948,31.488191089640367,8.487654320987655,4.260601180891036,3.5292538915727323,20.618625872249062,13.707729468599034,1.9793344068706387,
81,16.203703703703702,31.374127750939344,8.433977455716587,4.260601180891036,3.5292538915727323,20.578368223295758,13.6406333870102,1.9793344068706387,
82,16.505636070853463,31.246645195920557,8.36688137412775,4.260601180891036,3.5292538915727323,20.497852925389157,13.613794954374665,1.9793344068706387,
83,16.76731078904992,31.125872249060656,8.3467525496511,4.2203435319377345,3.502415458937198,20.44417606011809,13.613794954374665,1.9793344068706387,
84,17.20343531937735,31.0654857756307,8.3467525496511,4.193505099302201,3.502415458937198,20.095276435856146,13.613794954374665,1.9793344068706387,
85,17.236983360171767,30.776972624798713,8.319914117015566,4.17337627482555,4.676596886741814,19.256575415995705,13.580246913580247,1.9793344068706387,
86,17.398013955984972,30.709876543209877,8.299785292538916,4.159957058507783,4.676596886741814,19.196188942565755,13.580246913580247,1.9793344068706387,
87,17.60601180891036,30.615942028985508,8.279656468062266,4.1129898013955986,4.663177670424047,19.162640901771336,13.580246913580247,1.9793344068706387,
88,17.69994632313473,30.56226516371444,8.279656468062266,4.106280193236715,4.64975845410628,19.142512077294686,13.580246913580247,1.9793344068706387,
89,17.652979066022546,30.441492216854535,8.279656468062266,4.106280193236715,4.64975845410628,19.37734836285561,13.533279656468062,1.9592055823939882,
90,17.72007514761138,30.253623188405797,8.279656468062266,4.274020397208803,4.64975845410628,19.33709071390231,13.533279656468062,1.9524959742351047,
91,17.975040257648953,30.132850241545892,8.246108427267847,4.904723564143854,4.804079441760601,18.585614600107355,13.399087493290391,1.9524959742351047,
92,18.06226516371444,30.112721417069242,8.21256038647343,4.904723564143854,4.804079441760601,18.585614600107355,13.39237788513151,1.9256575415995705,
93,18.46484165324745,29.95169082125604,8.21256038647343,4.864465915190553,4.804079441760601,18.411164787976382,13.365539452495975,1.9256575415995705,
94,17.384594739667204,28.133387010198604,7.729468599033816,4.8443370907139025,5.9514224369296835,18.06897477187332,15.707192699946322,2.1806226516371443,
95,17.64626945786366,28.133387010198604,8.501073537305421,4.8443370907139025,5.931293612453032,18.06226516371444,14.700751476113794,2.1806226516371443,
96,18.08239398819109,27.979066022544284,8.467525496511003,4.8443370907139025,5.897745571658615,18.04213633923779,14.506172839506172,2.1806226516371443,
97,18.23671497584541,27.9723564143854,8.447396672034353,4.817498658078368,5.897745571658615,18.00858829844337,14.459205582393988,2.1604938271604937,
98,18.203166935050994,27.70397208803006,8.447396672034353,4.817498658078368,6.179549114331723,17.257112184648417,14.418947933440688,2.9723564143853998,
99,18.411164787976382,27.66371443907676,8.132045088566828,4.817498658078368,6.172839506172839,17.216854535695116,14.452495974235104,3.1333870101986045,
100,18.4849704777241,27.643585614600106,8.132045088566828,4.797369833601718,6.172839506172839,17.216854535695116,14.439076757917338,3.113258185721954,
101,18.84728931830381,27.549651100375737,8.09849704777241,5.10601180891036,5.743424584004294,17.176596886741816,14.378690284487385,3.099838969404187,
102,18.96135265700483,27.536231884057973,8.09849704777241,5.10601180891036,5.703166935050993,17.14975845410628,14.345142243692969,3.099838969404187,
103,19.182769726247987,27.30139559849705,8.09849704777241,5.10601180891036,5.770263016639828,17.122920021470748,14.318303811057435,3.099838969404187,
104,19.39747718733226,27.180622651637144,8.09849704777241,5.092592592592593,5.770263016639828,17.05582393988191,14.304884594739667,3.099838969404187,
105,19.47799248523886,27.147074610842726,7.96430488459474,5.092592592592593,5.770263016639828,17.04911433172303,14.264626945786366,3.099838969404187,0.13419216317767044
106,19.6256038647343,26.321792807300053,7.96430488459474,5.0858829844337095,6.635802469135802,17.022275899087493,14.110305958132045,3.099838969404187,0.13419216317767044
107,19.867149758454108,26.27482555018787,7.96430488459474,5.0858829844337095,6.635802469135802,16.935050993022006,14.023081052066559,3.079710144927536,0.13419216317767044
108,20.061728395061728,26.241277509393452,7.96430488459474,5.0858829844337095,6.635802469135802,16.908212560386474,13.88888888888889,3.079710144927536,0.13419216317767044
109,20.148953301127214,26.08695652173913,7.96430488459474,5.072463768115942,6.716317767042405,16.908212560386474,13.88888888888889,3.079710144927536,0.13419216317767044
110,20.209339774557165,26.080246913580247,7.950885668276973,5.072463768115942,6.689479334406871,16.894793344068706,13.88888888888889,3.079710144927536,0.13419216317767044
111,19.33709071390231,22.839506172839506,7.917337627482555,4.9651100375738055,6.387546967257112,17.921363392377884,17.418142780461622,3.079710144927536,0.13419216317767044
112,19.605475040257648,22.785829307568438,7.877079978529254,4.951690821256038,6.387546967257112,17.8743961352657,17.3040794417606,3.079710144927536,0.13419216317767044
113,19.85373054213634,22.785829307568438,7.87037037037037,4.951690821256038,6.367418142780462,17.793880837359097,17.176596886741816,3.066290928609769,0.13419216317767044
114,20.128824476650564,22.584541062801932,8.091787439613526,4.730273752012883,6.347289318303811,17.773752012882447,17.143048845947398,3.066290928609769,0.13419216317767044
115,20.21604938271605,22.571121846484164,8.091787439613526,4.730273752012883,6.333870101986044,17.733494363929147,17.136339237788512,3.052871712292002,0.13419216317767044
116,20.40391841116479,22.564412238325282,8.064949006977992,4.8376274825550185,6.246645195920558,17.68652710681696,17.008856682769725,3.052871712292002,0.13419216317767044
117,20.873590982286636,22.477187332259795,7.957595276435856,4.8376274825550185,6.246645195920558,17.57246376811594,16.861245303274288,3.0394524959742353,0.13419216317767044
118,21.128556092324207,22.450348899624263,7.924047235641439,4.797369833601718,6.246645195920558,17.505367686527105,16.774020397208805,3.0394524959742353,0.13419216317767044
119,19.0955448201825,19.102254428341386,7.749597423510467,4.797369833601718,6.085614600107354,27.536231884057973,12.983091787439614,2.5429414922168547,0.10735373054213634
120,19.209608158883523,19.061996779388085,7.716049382716049,4.797369833601718,6.0654857756307035,27.536231884057973,12.962962962962964,2.5429414922168547,0.10735373054213634
121,19.49812130971551,18.840579710144926,7.6623725174449815,4.797369833601718,6.0654857756307035,27.536231884057973,12.949543746645196,2.5429414922168547,0.10735373054213634
122,19.692699946323135,18.80703166935051,7.608695652173913,4.797369833601718,6.0587761674718195,27.449006977992486,12.93612453032743,2.5429414922168547,0.10735373054213634
123,19.847020933977454,18.773483628556093,7.608695652173913,4.790660225442834,6.0587761674718195,27.4020397208803,12.889157273215245,2.522812667740204,0.10735373054213634
124,20.00805152979066,18.71309715512614,7.601986044015029,4.790660225442834,6.038647342995169,27.4020397208803,12.815351583467525,2.522812667740204,0.10735373054213634
125,20.101986044015028,18.67283950617284,7.575147611379496,4.790660225442834,6.038647342995169,27.120236178207193,12.74825550187869,2.844873859366613,0.10735373054213634
126,20.182501341921633,18.632581857219538,7.561728395061729,4.790660225442834,6.038647342995169,27.093397745571657,12.74825550187869,2.844873859366613,0.10735373054213634
127,20.276435856146,18.61916264090177,7.561728395061729,4.790660225442834,6.038647342995169,27.03972088030059,12.721417069243156,2.844873859366613,0.10735373054213634
128,20.457595276435857,18.46484165324745,7.548309178743962,4.663177670424047,6.011808910359635,26.99946323134729,12.902576489533011,2.844873859366613,0.10735373054213634
129,20.558239398819108,18.4447128287708,7.521470746108427,4.616210413311863,6.011808910359635,26.82501341921632,12.895866881374127,3.0193236714975846,0.10735373054213634
130,20.69243156199678,18.4447128287708,7.521470746108427,4.616210413311863,6.011808910359635,26.704240472356414,12.882447665056361,3.0193236714975846,0.10735373054213634
131,20.860171765968868,18.391035963499732,7.48792270531401,4.616210413311863,5.998389694041868,26.663982823403114,12.855609232420827,3.0193236714975846,0.10735373054213634
132,21.007783145464305,18.35077831454643,7.461084272678476,4.616210413311863,5.998389694041868,26.663982823403114,12.788513150831992,3.0059044551798175,0.10735373054213634
133,20.90713902308105,17.793880837359097,8.675523349436393,4.616210413311863,5.6964573268921095,26.50295222758991,12.74825550187869,2.952227589908749,0.10735373054213634
134,21.215780998389693,17.767042404723565,10.916532474503489,4.616210413311863,5.676328502415459,25.79844337090714,10.93666129898014,2.7979066022544283,0.27509393451422437
135,21.450617283950617,17.59259259259259,10.916532474503489,4.616210413311863,5.656199677938808,25.758185721953836,10.93666129898014,2.7979066022544283,0.27509393451422437
136,21.557971014492754,17.59259259259259,10.909822866344605,4.616210413311863,5.656199677938808,25.670960815888353,10.923242082662373,2.7979066022544283,0.27509393451422437
137,21.81964573268921,17.57246376811594,10.896403650026839,4.528985507246377,5.750134192163178,25.55689747718733,10.849436392914654,2.7509393451422435,0.27509393451422437
138,22.094739667203434,17.478529253891573,10.829307568438002,4.528985507246377,5.730005367686527,25.47638217928073,10.836017176596886,2.7509393451422435,0.27509393451422437
139,22.23564143853999,17.438271604938272,10.829307568438002,4.528985507246377,5.723295759527644,25.47638217928073,10.742082662372518,2.7509393451422435,0.27509393451422437
140,22.550993022007514,17.37788513150832,10.735373054213634,4.508856682769726,5.71658615136876,25.37573805689748,10.7085346215781,2.7509393451422435,0.27509393451422437
141,22.81266774020397,17.24369296833065,10.735373054213634,4.502147074610843,5.683038110574342,25.308641975308642,10.68840579710145,2.7509393451422435,0.27509393451422437
142,23.007246376811594,17.163177670424048,10.721953837895867,4.461889425657541,5.662909286097692,25.275093934514224,10.681696188942565,2.7509393451422435,0.27509393451422437
143,22.82608695652174,17.102791196994094,11.2788513150832,4.461889425657541,5.662909286097692,25.254965110037574,10.38647342995169,2.7509393451422435,0.27509393451422437
144,23.05421363392378,17.06924315619968,11.16478797638218,4.461889425657541,5.662909286097692,25.201288244766506,10.359634997316157,2.7509393451422435,0.27509393451422437
145,22.84621578099839,17.022275899087493,10.044283413848632,4.461889425657541,5.152979066022544,25.120772946859905,12.325550187869029,2.7509393451422435,0.27509393451422437
146,22.873054213633925,16.881374127750938,10.319377348362856,4.461889425657541,5.152979066022544,24.671229200214707,12.325550187869029,3.0394524959742353,0.27509393451422437
147,23.255501878690286,16.74718196457327,10.319377348362856,4.40150295222759,5.092592592592593,24.59742351046699,12.27187332259796,3.0394524959742353,0.27509393451422437
148,23.470209339774556,16.74718196457327,10.990338164251208,4.394793344068707,5.092592592592593,24.44981213097155,11.540526033279656,3.0394524959742353,0.27509393451422437
149,23.369565217391305,16.7337627482555,10.748792270531402,4.388083735909823,8.293075684380032,22.41009125067096,10.963499731615673,2.932098765432099,0.1610305958132045
150,23.792270531400966,16.63311862587225,10.721953837895867,4.374664519592056,8.105206655931294,22.34970477724101,10.929951690821255,2.932098765432099,0.1610305958132045
151,24.000268384326354,16.505636070853463,10.721953837895867,4.374664519592056,8.071658615136876,22.33628556092324,10.896403650026839,2.932098765432099,0.1610305958132045
152,24.154589371980677,16.445249597423512,10.721953837895867,4.374664519592056,8.031400966183575,22.309447128287708,10.869565217391305,2.932098765432099,0.1610305958132045
153,24.496779388083738,16.25738056897477,10.721953837895867,4.374664519592056,7.924047235641439,22.269189479334408,10.869565217391305,2.9253891572732154,0.1610305958132045
154,24.67793880837359,16.183574879227052,10.701825013419215,4.341116478797638,7.9106280193236715,22.24235104669887,10.856146001073537,2.9253891572732154,0.1610305958132045
155,24.10762211486849,15.552871712292003,11.158078368223295,4.334406870638754,8.017981749865807,22.24235104669887,11.647879763821793,2.7777777777777777,0.1610305958132045
156,24.154589371980677,15.53274288781535,11.198336017176597,4.334406870638754,8.017981749865807,22.208803005904453,11.614331723027375,2.7777777777777777,0.1610305958132045
157,24.48336017176597,15.458937198067632,11.09098228663446,4.334406870638754,8.017981749865807,22.074610842726784,11.614331723027375,2.7643585614600106,0.1610305958132045
158,24.765163714439076,15.378421900161031,11.003757380568974,4.334406870638754,8.011272141706923,22.007514761137948,11.574074074074074,2.7643585614600106,0.1610305958132045
159,25.10064412238325,15.277777777777779,10.976918947933441,4.461889425657541,7.843531937734836,21.940418679549115,11.553945249597424,2.6838432635534084,0.1610305958132045
160,25.15432098765432,15.26435856146001,10.950080515297907,4.461889425657541,7.843531937734836,21.926999463231347,11.553945249597424,2.6838432635534084,0.1610305958132045
161,25.348899624261943,15.029522275899087,10.950080515297907,4.327697262479871,8.145464304884594,21.89345142243693,11.460010735373054,2.6838432635534084,0.1610305958132045
162,25.523349436392916,15.01610305958132,10.896403650026839,4.314278046162104,8.132045088566828,21.87332259796028,11.399624261943103,2.6838432635534084,0.1610305958132045
163,25.825281803542673,14.989264626945786,10.795759527643586,4.314278046162104,8.091787439613526,21.826355340848096,11.312399355877616,2.6838432635534084,0.1610305958132045
164,25.885668276972623,14.989264626945786,10.755501878690284,4.314278046162104,8.091787439613526,21.806226516371442,11.312399355877616,2.6838432635534084,0.1610305958132045
165,24.50348899624262,14.801395598497047,10.319377348362856,4.448470209339774,7.353730542136339,21.504294149221685,14.224369296833064,2.6838432635534084,0.1610305958132045
166,24.738325281803544,14.794685990338165,10.292538915727322,4.374664519592056,7.353730542136339,21.477455716586153,14.123725174449811,2.6838432635534084,0.1610305958132045
167,24.89935587761675,14.74771873322598,10.265700483091788,4.314278046162104,7.353730542136339,21.35668276972625,14.110305958132045,2.791196994095545,0.1610305958132045
168,25.174449812130973,14.720880300590446,10.158346752549651,4.314278046162104,7.353730542136339,21.215780998389693,14.110305958132045,2.791196994095545,0.1610305958132045
169,25.15432098765432,14.600107353730541,11.124530327428879,4.314278046162104,7.340311325818572,21.215780998389693,13.298443370907139,2.791196994095545,0.1610305958132045
170,25.37573805689748,14.398819108964037,11.104401502952227,4.28743961352657,7.306763285024155,21.081588835212024,13.513150831991412,2.771068169618894,0.1610305958132045
171,25.42270531400966,14.378690284487385,11.104401502952227,4.274020397208803,7.306763285024155,21.081588835212024,13.499731615673644,2.771068169618894,0.1610305958132045
172,25.5300590445518,14.378690284487385,11.104401502952227,4.274020397208803,7.98443370907139,20.38378958668814,13.466183574879228,2.717391304347826,0.1610305958132045
173,25.684380032206118,14.36527106816962,11.017176596886742,4.274020397208803,7.977724100912507,20.336822329575952,13.466183574879228,2.717391304347826,0.1610305958132045
174,25.758185721953836,14.345142243692969,11.017176596886742,4.274020397208803,7.977724100912507,20.29656468062265,13.466183574879228,2.703972088030059,0.1610305958132045
175,25.845410628019323,14.284755770263017,11.017176596886742,4.247181964573269,7.977724100912507,20.29656468062265,13.466183574879228,2.703972088030059,0.1610305958132045
176,25.91921631776704,14.217659688674182,11.352657004830919,4.247181964573269,8.038110574342458,19.96779388083736,13.130703166935051,2.965646806226516,0.1610305958132045
177,26.04669887278583,14.210950080515298,11.426462694578637,4.247181964573269,8.024691358024691,19.867149758454108,13.063607085346217,2.952227589908749,0.1610305958132045
178,26.02657004830918,14.123725174449811,11.191626409017713,4.2203435319377345,8.977455716586151,19.28341384863124,13.063607085346217,2.952227589908749,0.1610305958132045
179,26.08695652173913,14.090177133655395,11.178207192699947,4.2203435319377345,8.964036500268385,19.28341384863124,13.063607085346217,2.952227589908749,0.1610305958132045
180,26.37546967257112,14.090177133655395,11.178207192699947,4.206924315619967,8.943907675791733,19.048577563070317,13.043478260869565,2.952227589908749,0.1610305958132045
181,26.536500268384327,14.090177133655395,11.540526033279656,4.206924315619967,8.903650026838433,19.048577563070317,12.580515297906603,2.932098765432099,0.1610305958132045
182,26.7512077294686,14.090177133655395,11.43317230273752,4.388083735909823,8.816425120772946,18.907675791733762,12.580515297906603,2.885131508319914,0.14761137949543746
183,26.8317230273752,14.090177133655395,11.43317230273752,4.388083735909823,8.816425120772946,18.84728931830381,12.580515297906603,2.8650026838432634,0.14761137949543746
184,27.15378421900161,14.090177133655395,11.2788513150832,4.334406870638754,8.789586688137414,18.820450885668276,12.526838432635534,2.85829307568438,0.14761137949543746
185,27.24771873322598,14.076757917337627,11.245303274288782,4.327697262479871,8.789586688137414,18.820450885668276,12.486580783682234,2.85829307568438,0.14761137949543746
186,27.502683843263554,13.942565754159958,11.231884057971014,4.669887278582931,8.581588835212024,18.57890499194847,12.486580783682234,2.85829307568438,0.14761137949543746
187,27.603327965646805,13.92914653784219,11.211755233494364,4.669887278582931,8.581588835212024,18.511808910359633,12.486580783682234,2.85829307568438,0.14761137949543746
188,27.80461621041331,13.88888888888889,11.18491680085883,4.656468062265164,8.568169618894256,18.46484165324745,12.426194310252281,2.85829307568438,0.14761137949543746
189,27.70397208803006,12.889157273215245,11.151368760064413,4.200214707461084,8.400429414922169,18.270263016639827,14.378690284487385,2.85829307568438,0.14761137949543746
190,27.91867954911433,12.889157273215245,11.097691894793345,4.200214707461084,8.373590982286634,18.209876543209877,14.325013419216317,2.8381642512077296,0.14761137949543746
191,28.348094471282877,12.889157273215245,10.829307568438002,4.200214707461084,8.36688137412775,18.16290928609769,14.217659688674182,2.8381642512077296,0.14761137949543746
192,28.65673644659152,12.889157273215245,10.674986580783683,4.193505099302201,8.36688137412775,18.089103596349972,14.143853998926463,2.8381642512077296,0.14761137949543746
193,28.945249597423512,12.855609232420827,10.446859903381643,4.180085882984434,8.36688137412775,18.089103596349972,14.143853998926463,2.8247450348899625,0.14761137949543746
194,29.11969940955448,12.848899624261943,10.426731078904991,4.180085882984434,8.293075684380032,18.02871712292002,14.130434782608695,2.8247450348899625,0.14761137949543746
195,29.220343531937736,12.848899624261943,10.38647342995169,4.180085882984434,8.293075684380032,18.015297906602253,14.083467525496511,2.8247450348899625,0.14761137949543746
196,29.57595276435856,12.835480407944177,10.21202361782072,4.17337627482555,8.293075684380032,17.901234567901234,14.036500268384327,2.8247450348899625,0.14761137949543746
197,29.777241009125067,12.647611379495437,10.151637144390767,4.334406870638754,8.413848631239935,17.847557702630166,13.862050456253355,2.818035426731079,0.14761137949543746
198,30.02549651100376,12.647611379495437,10.151637144390767,4.334406870638754,8.340042941492216,17.746913580246915,13.788244766505636,2.818035426731079,0.14761137949543746
199,30.08588298443371,12.627482555018787,10.34621578099839,4.320987654320987,8.340042941492216,17.74020397208803,13.573537305421363,2.818035426731079,0.14761137949543746
200,30.387815351583466,12.620772946859903,10.326086956521738,4.30756843800322,8.32662372517445,17.505367686527105,13.573537305421363,2.804616210413312,0.14761137949543746
201,30.273752012882447,12.426194310252281,10.520665593129362,4.622920021470746,8.266237251744498,17.391304347826086,13.546698872785829,2.804616210413312,0.14761137949543746
202,30.454911433172303,12.412775093934513,10.50053676865271,4.622920021470746,8.266237251744498,17.3040794417606,13.486312399355878,2.804616210413312,0.14761137949543746
203,30.595813204508858,12.27187332259796,10.466988727858293,4.770531400966184,8.266237251744498,17.270531400966185,13.439345142243694,2.771068169618894,0.14761137949543746
204,30.69645732689211,12.23161567364466,10.466988727858293,4.770531400966184,8.252818035426731,17.236983360171767,13.258185721953838,2.771068169618894,0.3153515834675255
205,30.864197530864196,12.23161567364466,10.406602254428341,4.770531400966184,8.152173913043478,17.23027375201288,13.258185721953838,2.771068169618894,0.3153515834675255
206,30.917874396135264,12.157809983896941,10.520665593129362,4.770531400966184,8.152173913043478,17.16988727858293,13.22463768115942,2.771068169618894,0.3153515834675255
207,31.112453032742888,12.157809983896941,10.487117552334944,4.7638217928073,8.152173913043478,17.01556629092861,13.22463768115942,2.771068169618894,0.3153515834675255
208,31.273483628556093,12.070585077831455,10.473698336017177,4.7638217928073,8.152173913043478,17.01556629092861,13.197799248523886,2.771068169618894,0.28180354267310787
209,31.48148148148148,12.070585077831455,10.393183038110575,4.736983360171766,8.13875469672571,16.955179817498657,13.170960815888352,2.771068169618894,0.28180354267310787
210,31.57541599570585,12.06387546967257,10.393183038110575,4.690016103059581,8.09849704777241,16.955179817498657,13.170960815888352,2.771068169618894,0.28180354267310787
211,31.890767579173378,12.010198604401502,10.446859903381643,4.690016103059581,8.044820182501342,16.760601180891037,13.144122383252817,2.7308105206655933,0.28180354267310787
212,32.045088566827694,12.010198604401502,10.426731078904991,4.690016103059581,8.017981749865807,16.700214707461082,13.097155126140633,2.7308105206655933,0.28180354267310787
213,32.17928073000537,11.949812130971551,10.413311862587225,4.690016103059581,7.991143317230274,16.700214707461082,13.063607085346217,2.7308105206655933,0.28180354267310787
214,31.78341384863124,11.473429951690822,10.359634997316157,4.690016103059581,7.977724100912507,17.746913580246915,12.95625335480408,2.7308105206655933,0.28180354267310787
215,32.139023081052066,11.439881910896403,10.312667740203972,4.690016103059581,7.877079978529254,17.67981749865808,12.848899624261943,2.7308105206655933,0.28180354267310787
216,32.25308641975309,11.372785829307569,10.305958132045088,4.676596886741814,7.877079978529254,17.67981749865808,12.822061191626409,2.7308105206655933,0.28180354267310787
217,32.41411701556629,11.312399355877616,10.258990874932904,4.663177670424047,7.991143317230274,17.58588298443371,12.801932367149758,2.690552871712292,0.28180354267310787
218,32.46108427267848,11.258722490606548,10.225442834138486,4.656468062265164,7.991143317230274,17.52549651100376,12.969672571121846,2.6301663982823404,0.28180354267310787
219,32.67579173376275,11.20504562533548,10.225442834138486,4.636339237788513,7.971014492753623,17.485238862050455,12.889157273215245,2.6301663982823404,0.28180354267310787
220,32.79656468062265,11.191626409017713,10.21202361782072,4.622920021470746,7.937466451959206,17.444981213097154,12.882447665056361,2.6301663982823404,0.28180354267310787
221,33.011272141706925,11.16478797638218,10.21202361782072,4.616210413311863,7.9106280193236715,17.317498658078367,12.882447665056361,2.6033279656468062,0.28180354267310787
222,33.03811057434246,11.151368760064413,10.21202361782072,4.616210413311863,7.9106280193236715,17.3040794417606,12.882447665056361,2.6033279656468062,0.28180354267310787
223,33.24610842726785,11.151368760064413,10.165056360708535,4.582662372517445,7.9106280193236715,17.257112184648417,12.801932367149758,2.6033279656468062,0.28180354267310787
224,33.45410628019324,11.151368760064413,10.158346752549651,4.582662372517445,7.836822329575953,17.156468062265162,12.781803542673108,2.5966183574879227,0.28180354267310787
225,33.581588835212024,11.151368760064413,10.158346752549651,4.582662372517445,7.796564680622652,17.09608158883521,12.754965110037574,2.5966183574879227,0.28180354267310787
226,33.58829844337091,11.144659151905529,10.158346752549651,4.5893719806763285,7.796564680622652,17.08937198067633,12.754965110037574,2.5966183574879227,0.28180354267310787
227,33.74932903918411,11.144659151905529,10.131508319914117,4.5893719806763285,7.722758990874933,17.08937198067633,12.694578636607622,2.5966183574879227,0.28180354267310787
228,34.0378421900161,11.124530327428879,10.104669887278583,4.542404723564144,7.64224369296833,17.05582393988191,12.694578636607622,2.5161030595813205,0.28180354267310787
229,34.12506709608159,11.124530327428879,10.104669887278583,4.542404723564144,7.608695652173913,17.042404723564143,12.681159420289855,2.4892646269457863,0.28180354267310787
230,34.333064949006975,11.11111111111111,9.990606548577563,4.51556629092861,7.575147611379496,17.042404723564143,12.661030595813205,2.4892646269457863,0.28180354267310787
231,34.42028985507246,11.11111111111111,9.943639291465379,4.51556629092861,7.555018786902845,17.042404723564143,12.640901771336553,2.4892646269457863,0.28180354267310787
232,34.50080515297907,11.07085346215781,9.923510466988727,4.51556629092861,7.555018786902845,17.022275899087493,12.640901771336553,2.4892646269457863,0.28180354267310787
233,34.574610842726784,11.07085346215781,9.883252818035427,4.51556629092861,7.555018786902845,16.988727858293075,12.640901771336553,2.4892646269457863,0.28180354267310787
234,34.5679012345679,11.037305421363392,9.863123993558776,4.696725711218465,7.555018786902845,16.894793344068706,12.614063338701019,2.4892646269457863,0.28180354267310787
235,34.655126140633385,11.037305421363392,9.822866344605474,4.696725711218465,7.548309178743962,16.867954911433173,12.600644122383253,2.4892646269457863,0.28180354267310787
236,34.77589908749329,11.037305421363392,9.802737520128824,4.8443370907139025,7.521470746108427,16.867954911433173,12.466451959205582,2.4020397208803006,0.28180354267310787
237,34.88996242619431,11.003757380568974,9.782608695652174,4.824208266237251,7.521470746108427,16.861245303274288,12.466451959205582,2.368491680085883,0.28180354267310787
238,34.95034889962426,10.903113258185721,10.091250670960816,4.824208266237251,7.494632313472893,16.834406870638755,12.25174449812131,2.368491680085883,0.28180354267310787
239,35.04428341384863,10.903113258185721,10.091250670960816,4.804079441760601,7.467793880837359,16.820987654320987,12.218196457326892,2.368491680085883,0.28180354267310787
240,35.19189479334407,10.876274825550189,10.091250670960816,4.804079441760601,7.467793880837359,16.78743961352657,12.144390767579173,2.3550724637681157,0.28180354267310787
241,35.279119699409556,10.836017176596886,10.091250670960816,4.804079441760601,7.467793880837359,16.740472356414386,12.144390767579173,2.3550724637681157,0.28180354267310787
242,35.35292538915727,10.836017176596886,10.071121846484166,4.790660225442834,7.454374664519592,16.71363392377885,12.144390767579173,2.3550724637681157,0.28180354267310787
243,35.54079441760601,10.836017176596886,10.071121846484166,4.74369296833065,7.440955448201825,16.63311862587225,12.117552334943639,2.3349436392914655,0.28180354267310787
244,35.581052066559316,10.836017176596886,10.044283413848632,4.74369296833065,7.440955448201825,16.61969940955448,12.117552334943639,2.3349436392914655,0.28180354267310787
245,35.0979602791197,10.802469135802468,9.762479871175524,4.562533548040794,7.132313472893183,18.156199677938808,11.869296833064949,2.3349436392914655,0.28180354267310787
246,35.218733225979605,10.782340311325818,9.75577026301664,4.555823939881911,7.125603864734299,18.129361245303276,11.81561996779388,2.3349436392914655,0.28180354267310787
247,35.319377348362856,10.782340311325818,9.75577026301664,4.555823939881911,7.125603864734299,18.08239398819109,11.761943102522812,2.3349436392914655,0.28180354267310787
248,35.32608695652174,10.782340311325818,9.749060654857756,4.555823939881911,7.266505636070853,17.941492216854535,11.761943102522812,2.3349436392914655,0.28180354267310787
249,35.319377348362856,10.836017176596886,9.742351046698873,4.549114331723027,7.25979602791197,17.921363392377884,11.761943102522812,2.328234031132582,0.28180354267310787
250,35.45356951154053,10.829307568438002,9.702093397745571,4.62962962962963,7.253086419753086,17.887815351583466,11.728395061728396,2.254428341384863,0.2616747181964573
251,35.54079441760601,10.829307568438002,9.688674181427805,4.622920021470746,7.226247987117552,17.887815351583466,11.694847020933977,2.254428341384863,0.2549651100375738
252,35.67498658078368,10.82259796027912,9.634997316156737,4.622920021470746,7.226247987117552,17.881105743424584,11.627750939345143,2.254428341384863,0.2549651100375738
253,35.99704777241009,10.7085346215781,9.614868491680086,4.622920021470746,7.226247987117552,17.860976918947934,11.460010735373054,2.254428341384863,0.2549651100375738
254,36.3191089640365,10.554213633923778,9.614868491680086,4.609500805152979,7.192699946323135,17.814009661835748,11.446591519055287,2.1940418679549114,0.2549651100375738
255,36.58749329039184,10.507246376811594,9.581320450885668,4.502147074610843,7.192699946323135,17.74020397208803,11.439881910896403,2.1940418679549114,0.2549651100375738
256,36.65458937198068,10.507246376811594,9.581320450885668,4.502147074610843,7.125603864734299,17.74020397208803,11.439881910896403,2.1940418679549114,0.2549651100375738
