,45,50,52,55,54,51,53,56,57,58
0,99.81884057971014,0.18115942028985507,,,,,,,,
1,97.83279656468062,2.167203435319377,,,,,,,,
2,93.59232420826623,6.407675791733762,,,,,,,,
3,85.46027911969941,14.53972088030059,,,,,,,,
4,81.74315619967794,18.256843800322063,,,,,,,,
5,74.61084272678475,24.9597423510467,0.4294149221685454,,,,,,,
6,73.97342995169082,25.597155126140635,0.4294149221685454,,,,,,,
7,71.7055823939882,27.72410091250671,0.4294149221685454,0.14090177133655393,,,,,,
8,64.02979066022544,35.39989264626946,0.4294149221685454,0.14090177133655393,,,,,,
9,64.20424047235642,35.16505636070853,0.4294149221685454,0.20128824476650564,,,,,,
10,57.84353193773484,40.64009661835749,0.4294149221685454,1.0869565217391304,,,,,,
11,58.13875469672571,40.29790660225443,0.4294149221685454,1.133923778851315,,,,,,
12,58.091787439613526,38.81508319914117,2.1739130434782608,0.6843800322061192,0.23483628556092323,,,,,
13,57.58185721953838,39.32501341921632,2.1739130434782608,0.6843800322061192,0.23483628556092323,,,,,
14,56.56870638754697,40.29119699409554,2.2208803005904456,0.6843800322061192,0.23483628556092323,,,,,
15,50.88566827697262,38.55340848094471,2.2208803005904456,0.6843800322061192,0.23483628556092323,7.4208266237251745,,,,
16,49.79200214707461,39.660493827160494,2.2208803005904456,0.6843800322061192,0.23483628556092323,7.407407407407407,,,,
17,44.83360171765969,46.87332259796028,0.39586688137412773,0.5233494363929146,,7.37385936661299,,,,
18,44.56521739130435,46.31642512077295,0.39586688137412773,0.6642512077294686,,8.05823939881911,,,,
19,43.51851851851852,41.2842190016103,0.39586688137412773,0.6038647342995169,,11.426462694578637,2.771068169618894,,,
20,43.59903381642512,41.297638217928075,0.39586688137412773,0.6038647342995169,,11.332528180354267,2.771068169618894,,,
21,40.042941492216855,45.51798174986581,0.39586688137412773,0.6038647342995169,,11.325818572195384,2.1135265700483092,,,
22,40.08990874932904,45.471014492753625,0.39586688137412773,0.6038647342995169,,11.325818572195384,2.1135265700483092,,,
23,35.621309715512616,48.21524422973698,0.35560923242082665,0.6038647342995169,,13.144122383252817,2.059849704777241,,,
24,35.99704777241009,46.96054750402576,0.35560923242082665,0.7380568974771873,,12.889157273215245,2.8113258185721954,0.24825550187869028,,
25,34.52093397745572,51.11379495437466,0.35560923242082665,0.7380568974771873,,10.23215244229737,2.791196994095545,0.24825550187869028,,
26,34.796027911969944,50.878958668813745,0.35560923242082665,0.7380568974771873,0.05367686527106817,10.050993022007514,2.791196994095545,0.33548040794417605,,
27,34.91009125067096,50.81857219538379,0.35560923242082665,0.7380568974771873,0.05367686527106817,10.050993022007514,2.7777777777777777,0.2952227589908749,,
28,32.91733762748255,46.772678475577024,0.20799785292538917,1.8250134192163177,0.1878690284487386,15.982286634460548,1.8115942028985508,0.2952227589908749,,
29,33.23939881910896,46.544551798174986,0.20799785292538917,1.8250134192163177,0.1878690284487386,15.935319377348362,1.7646269457863661,0.2952227589908749,,
30,33.333333333333336,46.49087493290392,0.20799785292538917,1.8250134192163177,0.1878690284487386,15.895061728395062,1.7646269457863661,0.2952227589908749,,
31,30.897745571658614,47.69189479334407,0.06709608158883522,1.8250134192163177,0.1878690284487386,17.418142780461622,1.7646269457863661,0.14761137949543746,,
32,30.595813204508858,42.73349436392915,3.5091250670960816,1.6237251744498122,0.1878690284487386,19.32367149758454,1.7646269457863661,0.2616747181964573,,
33,28.60305958132045,44.76650563607085,3.5091250670960816,1.6237251744498122,0.1878690284487386,19.28341384863124,1.7646269457863661,0.2616747181964573,,
34,24.731615673644658,48.83252818035427,3.5091250670960816,1.6572732152442298,0.1878690284487386,19.0552871712292,1.7646269457863661,0.2616747181964573,,
35,24.416264090177133,49.24852388620504,3.5091250670960816,1.6505636070853462,0.1878690284487386,18.67283950617284,1.7646269457863661,0.5501878690284487,,
36,24.55716586151369,49.13446054750403,3.5091250670960816,1.6505636070853462,0.7447665056360708,18.089103596349972,1.7646269457863661,0.5501878690284487,,
37,24.44981213097155,47.51073537305421,3.4822866344605474,1.6505636070853462,2.5026838432635534,18.035426731078903,1.7646269457863661,0.6038647342995169,,
38,24.610842726784757,47.22893183038111,3.4822866344605474,1.7847557702630166,2.5026838432635534,18.02200751476114,1.7646269457863661,0.6038647342995169,,
39,24.745034889962426,47.014224369296834,3.4688674181427803,2.0397208803005906,2.5026838432635534,17.995169082125603,1.6304347826086956,0.6038647342995169,,
40,24.14117015566291,45.95410628019324,5.186527106816962,2.0397208803005906,2.5026838432635534,17.941492216854535,1.6304347826086956,0.6038647342995169,,
41,24.074074074074073,44.89398819108964,7.575147611379496,3.0394524959742353,2.5026838432635534,15.801127214170693,1.6304347826086956,0.4830917874396135,,
42,22.67176596886742,40.66022544283414,7.575147611379496,2.985775630703167,2.636876006441224,21.3768115942029,1.6103059581320451,0.4830917874396135,,
43,22.86634460547504,40.41196994095545,7.37385936661299,3.227321524422974,2.690552871712292,21.3768115942029,1.570048309178744,0.4830917874396135,,
44,23.060923242082662,39.94900697799248,7.924047235641439,3.227321524422974,2.690552871712292,21.095008051529792,1.570048309178744,0.4830917874396135,,
45,23.067632850241544,38.7211486849168,5.776972624798712,3.3279656468062266,2.0799785292538915,25.281803542673106,1.570048309178744,0.17444981213097155,,
46,22.15512614063339,36.83574879227053,5.776972624798712,2.9388083735909825,2.0799785292538915,28.743961352657006,1.2949543746645196,0.17444981213097155,,
47,22.15512614063339,36.82903918411165,5.776972624798712,3.0595813204508855,2.0799785292538915,28.629898013955984,1.2949543746645196,0.17444981213097155,,
48,21.826355340848096,36.178207192699944,5.743424584004294,3.052871712292002,2.0799785292538915,29.64975845410628,1.2949543746645196,0.17444981213097155,,
49,22.074610842726784,36.11782071926999,5.662909286097692,3.052871712292002,2.0799785292538915,29.542404723564143,1.2949543746645196,0.17444981213097155,,
50,20.538110574342458,31.80354267310789,5.662909286097692,3.052871712292002,2.2946859903381642,35.178475577026305,1.2949543746645196,0.17444981213097155,,
51,19.585346215780998,29.602791196994094,5.662909286097692,3.052871712292002,2.2946859903381642,38.35882984433709,1.2748255501878691,0.16774020397208803,,
52,19.316961889425656,29.911433172302736,5.662909286097692,3.052871712292002,2.2946859903381642,38.31857219538379,1.2748255501878691,0.16774020397208803,,
53,19.464573268921097,29.139828234031132,7.856951154052603,2.952227589908749,2.2946859903381642,36.8491680085883,1.2748255501878691,0.16774020397208803,,
54,16.492216854535695,36.574074074074076,7.809983896940419,3.0394524959742353,2.2342995169082127,32.407407407407405,1.2748255501878691,0.16774020397208803,,
55,16.59286097691895,36.553945249597426,7.7831454643048845,3.0327428878153517,2.2342995169082127,32.360440150295226,1.2748255501878691,0.16774020397208803,,
56,14.694041867954912,38.59366612989801,7.7831454643048845,2.8918411164787976,2.2342995169082127,32.09205582393988,1.2748255501878691,0.43612453032742887,,
57,13.285024154589372,41.680085882984436,7.273215244229737,2.7106816961889426,2.0665593129361244,31.273483628556093,1.2748255501878691,0.43612453032742887,,
58,13.499731615673644,41.606280193236714,7.1725711218464845,2.7106816961889426,2.0665593129361244,31.233225979602793,1.2748255501878691,0.43612453032742887,,
59,13.110574342458401,42.129629629629626,7.139023081052066,2.677133655394525,2.046430488459474,30.951422436929683,1.5096618357487923,0.43612453032742887,,
60,13.264895330112722,42.028985507246375,7.139023081052066,2.6502952227589907,2.046430488459474,30.92458400429415,1.5096618357487923,0.43612453032742887,,
61,13.318572195383789,41.89479334406871,7.132313472893183,2.6502952227589907,2.13365539452496,30.92458400429415,1.5096618357487923,0.43612453032742887,,
62,13.593666129898015,41.6935050993022,7.105475040257649,2.6502952227589907,2.13365539452496,30.877616747181964,1.5096618357487923,0.43612453032742887,,
63,13.170960815888352,38.6003757380569,5.12614063338701,2.589908749329039,3.8311862587224907,34.75577026301664,1.5096618357487923,0.41599570585077833,,
64,13.318572195383789,38.41250670960816,5.12614063338701,2.563070316693505,4.045893719806763,34.68196457326892,1.5096618357487923,0.3421900161030596,,
65,13.81508319914117,37.92941492216855,5.112721417069243,2.563070316693505,4.045893719806763,34.614868491680085,1.5096618357487923,0.4092860976918948,,
66,13.627214170692431,32.347020933977454,8.809715512614064,2.4892646269457863,4.045893719806763,36.78878153515835,1.751207729468599,0.14090177133655393,,
67,12.385936661298981,29.01905528717123,8.809715512614064,1.6304347826086956,3.878153515834675,42.411433172302736,1.724369296833065,0.14090177133655393,,
68,12.23161567364466,28.64331723027375,9.722222222222221,1.6304347826086956,3.878153515834675,42.028985507246375,1.724369296833065,0.14090177133655393,,
69,12.439613526570048,28.502415458937197,9.695383789586689,1.6237251744498122,3.878153515834675,41.88137412775094,1.724369296833065,0.2549651100375738,,
70,12.580515297906603,27.72410091250671,9.668545356951155,1.6103059581320451,3.878153515834675,41.34460547504026,2.9388083735909825,0.2549651100375738,,
71,12.352388620504563,27.147074610842726,7.977724100912507,1.724369296833065,3.743961352657005,42.84084809447128,3.33467525496511,0.8789586688137413,,
72,12.694578636607622,27.033011272141707,7.950885668276973,2.254428341384863,3.8177670424047236,42.049114331723025,3.321256038647343,0.8789586688137413,,
73,12.573805689747719,26.7914653784219,7.944176060118089,1.8853998926462694,3.9855072463768115,43.605743424584006,2.3349436392914655,0.8789586688137413,,
74,11.486849168008588,24.16129898013956,7.944176060118089,1.3955984970477724,1.90552871712292,49.97987117552335,2.24771873322598,0.8789586688137413,,
75,11.761943102522812,23.91304347826087,7.836822329575953,1.6505636070853462,1.8988191089640365,49.81213097155126,2.24771873322598,0.8789586688137413,,
76,10.279119699409554,21.38352120236178,6.266774020397209,1.6505636070853462,1.8988191089640365,55.39452495974235,2.24771873322598,0.8789586688137413,,
77,10.0979602791197,20.933977455716587,6.239935587761675,1.6505636070853462,1.9659151905528718,55.93129361245303,2.2342995169082127,0.9460547504025765,,
78,10.413311862587225,20.8870101986044,6.1862587224906065,1.6304347826086956,1.9659151905528718,55.38781535158347,2.227589908749329,1.3016639828234031,,
79,10.701825013419215,20.8064949006978,6.159420289855072,1.6304347826086956,1.9659151905528718,55.119431025228124,2.200751476113795,1.415727321524423,,
80,10.976918947933441,20.79307568438003,6.146001073537305,1.6304347826086956,1.9659151905528718,54.70343531937735,2.200751476113795,1.583467525496511,,
81,11.305689747718732,20.725979602791195,6.146001073537305,1.6304347826086956,1.9659151905528718,54.44176060118089,2.200751476113795,1.583467525496511,,
82,11.574074074074074,20.632045088566827,6.132581857219538,1.6572732152442298,1.9390767579173376,54.28073000536769,2.200751476113795,1.583467525496511,,
83,11.735104669887278,20.618625872249062,6.132581857219538,1.6572732152442298,1.9390767579173376,54.13311862587225,2.200751476113795,1.583467525496511,,
84,11.916264090177133,20.618625872249062,6.132581857219538,1.6438539989264627,1.9256575415995705,54.01234567901235,2.1739130434782608,1.5767579173376274,,
85,12.00348899624262,20.551529790660226,6.387546967257112,2.2208803005904456,1.9256575415995705,53.00590445517982,2.1739130434782608,1.7310789049919484,,
86,11.869296833064949,20.25630703166935,8.568169618894256,1.9390767579173376,1.892109500805153,51.570048309178745,2.1739130434782608,1.7310789049919484,,
87,11.963231347289318,20.081857219538378,8.568169618894256,1.9390767579173376,1.751207729468599,51.549919484702095,2.1739130434782608,1.9726247987117553,,
88,12.151100375738057,20.068438003220614,8.501073537305421,1.9122383252818036,1.751207729468599,51.489533011272144,2.1739130434782608,1.9122383252818036,0.040257648953301126,
89,12.607353730542137,19.961084272678477,8.494363929146537,1.9860440150295222,1.751207729468599,51.1003757380569,2.1739130434782608,1.8853998926462694,0.040257648953301126,
90,13.003220611916264,19.840311325818572,8.440687063875469,2.046430488459474,1.751207729468599,50.83870101986044,2.1739130434782608,1.865271068169619,0.040257648953301126,
91,13.231347289318304,19.773215244229736,8.407139023081053,2.898550724637681,1.751207729468599,49.8792270531401,2.1739130434782608,1.8451422436929683,0.040257648953301126,
92,13.311862587224907,19.75979602791197,8.3467525496511,2.9790660225442833,1.751207729468599,49.79200214707461,2.1739130434782608,1.8451422436929683,0.040257648953301126,
93,13.20450885668277,19.102254428341386,10.205314009661835,2.7442297369833604,1.751207729468599,49.29549114331723,1.751207729468599,1.90552871712292,0.040257648953301126,
94,13.311862587224907,18.438003220611915,10.802469135802468,2.7442297369833604,1.751207729468599,49.25523349436393,1.751207729468599,1.90552871712292,0.040257648953301126,
95,13.110574342458401,18.089103596349972,10.641438539989265,2.690552871712292,3.683574879227053,47.56441223832528,2.2611379495437465,1.9189479334406871,0.040257648953301126,
96,13.486312399355878,18.055555555555557,10.607890499194847,2.690552871712292,3.670155662909286,47.26918947933441,2.2611379495437465,1.9189479334406871,0.040257648953301126,
97,13.627214170692431,18.055555555555557,10.607890499194847,2.623456790123457,3.7372517444981215,47.128287707997856,2.2611379495437465,1.9189479334406871,0.040257648953301126,
98,13.123993558776167,17.290660225442835,16.881374127750938,2.623456790123457,3.7372517444981215,42.129629629629626,2.2611379495437465,1.9122383252818036,0.040257648953301126,
99,13.305152979066023,17.236983360171767,16.847826086956523,2.7308105206655933,3.69699409554482,41.968599033816425,2.2611379495437465,1.9122383252818036,0.040257648953301126,
100,13.251476113794954,17.216854535695116,17.780461621041333,2.4154589371980677,3.69699409554482,41.43183038110574,2.2611379495437465,1.90552871712292,0.040257648953301126,
101,11.171497584541063,14.65378421900161,17.183306494900698,2.408749329039184,4.5960815888352125,42.58588298443371,5.307300053676865,2.0531400966183573,0.040257648953301126,
102,11.372785829307569,14.586688137412775,17.10950080515298,2.408749329039184,4.562533548040794,42.55904455179817,5.307300053676865,2.0531400966183573,0.040257648953301126,
103,11.553945249597424,14.55984970477724,17.042404723564143,2.408749329039184,4.696725711218465,42.47181964573269,5.173107890499195,2.0531400966183573,0.040257648953301126,
104,11.694847020933977,14.553140096618357,16.99543746645196,2.522812667740204,4.683306494900698,42.43827160493827,5.132850241545894,1.9390767579173376,0.040257648953301126,
105,11.07085346215781,13.955984970477724,15.854804079441761,2.509393451422437,4.5960815888352125,45.53811057434246,5.065754159957058,1.3687600644122384,0.040257648953301126,
106,11.198336017176597,13.942565754159958,15.68035426731079,2.509393451422437,4.5960815888352125,45.45759527643585,5.065754159957058,1.3687600644122384,0.18115942028985507,
107,9.749060654857756,17.62614063338701,15.593129361245303,2.462426194310252,4.582662372517445,45.34353193773484,3.0931293612453032,1.3687600644122384,0.18115942028985507,
108,9.668545356951155,17.337627482555018,13.560118089103597,1.8988191089640365,4.49543746645196,48.14143853998927,3.079710144927536,1.6371443907675791,0.18115942028985507,
109,9.353193773483628,17.310789049919485,15.197262479871176,1.8988191089640365,4.461889425657541,47.134997316156735,2.945517981749866,1.5163714439076759,0.18115942028985507,
110,8.11862587224906,16.505636070853463,21.786097691894792,1.6706924315619969,1.8451422436929683,45.67901234567901,2.757648953301127,1.4962426194310252,0.14090177133655393,
111,8.568169618894256,16.35131508319914,21.611647879763822,1.6706924315619969,1.8451422436929683,45.450885668276975,2.7509393451422435,1.4962426194310252,0.2549651100375738,
112,8.662104133118627,16.35131508319914,21.611647879763822,1.6706924315619969,1.8451422436929683,45.3569511540526,2.7509393451422435,1.4962426194310252,0.2549651100375738,
113,8.59500805152979,22.779119699409556,15.318035426731079,1.6371443907675791,1.8451422436929683,45.32340311325819,2.7509393451422435,1.4962426194310252,0.2549651100375738,
114,8.957326892109501,22.725442834138487,15.24422973698336,1.6304347826086956,1.90552871712292,45.04830917874396,2.7509393451422435,1.482823403113258,0.2549651100375738,
115,9.098228663446054,22.65834675254965,15.22410091250671,1.6304347826086956,1.90552871712292,44.99463231347289,2.7509393451422435,1.482823403113258,0.2549651100375738,
116,8.923778851315083,22.550993022007514,15.626677402039721,1.9994632313472893,2.1806226516371443,44.276704240472355,2.703972088030059,1.482823403113258,0.2549651100375738,
117,9.380032206119163,22.430220075147613,15.599838969404187,1.9994632313472893,2.1806226516371443,43.80032206119163,2.690552871712292,1.6639828234031133,0.2549651100375738,
118,9.554482018250134,22.322866344605476,15.599838969404187,1.9927536231884058,2.1806226516371443,43.592324208266234,2.690552871712292,1.8115942028985508,0.2549651100375738,
119,9.688674181427805,22.289318303811058,15.593129361245303,1.9927536231884058,2.15378421900161,43.53193773483628,2.690552871712292,1.8048845947396672,0.2549651100375738,
120,10.111379495437467,22.269189479334408,15.526033279656469,1.9927536231884058,2.15378421900161,43.23671497584541,2.690552871712292,1.7646269457863661,0.2549651100375738,
121,10.332796564680622,22.262479871175522,15.505904455179817,1.9927536231884058,2.13365539452496,43.10923242082662,2.6637144390767578,1.7444981213097155,0.2549651100375738,
122,10.44015029522276,22.22222222222222,15.505904455179817,1.9927536231884058,2.13365539452496,43.042136339237786,2.6637144390767578,1.7444981213097155,0.2549651100375738,
123,10.661567364465915,22.014224369296834,15.485775630703166,2.26784755770263,2.120236178207193,42.80059044551798,2.6502952227589907,1.7444981213097155,0.2549651100375738,
124,10.748792270531402,21.987385936661298,15.465646806226516,2.26784755770263,2.100107353730542,42.693236714975846,2.6502952227589907,1.8317230273752012,0.2549651100375738,
125,11.044015029522276,21.906870638754697,15.432098765432098,2.26784755770263,2.100107353730542,42.51207729468599,2.6502952227589907,1.8317230273752012,0.2549651100375738,
126,11.252012882447666,21.880032206119164,15.318035426731079,2.26784755770263,2.100107353730542,42.47852925389157,2.6435856146001075,1.8048845947396672,0.2549651100375738,
127,11.513687600644122,21.846484165324746,15.257648953301127,2.24771873322598,2.0933977455716586,42.33762748255502,2.6435856146001075,1.8048845947396672,0.2549651100375738,
128,11.688137412775093,21.826355340848096,15.257648953301127,2.24771873322598,2.0799785292538915,42.21685453569511,2.6435856146001075,1.7847557702630166,0.2549651100375738,
129,11.379495437466453,15.479066022544284,12.620772946859903,2.2208803005904456,1.5365002683843263,52.200751476113794,2.5429414922168547,1.7646269457863661,0.2549651100375738,
130,10.802469135802468,15.365002683843263,12.600644122383253,2.187332259796028,1.5297906602254427,44.12238325281803,11.506977992485238,1.6304347826086956,0.2549651100375738,
131,10.889694041867955,15.116747181964573,12.573805689747719,2.187332259796028,1.7914653784219001,44.04857756307032,11.506977992485238,1.6304347826086956,0.2549651100375738,
132,10.943370907139023,15.08990874932904,12.560386473429952,2.1806226516371443,2.5563607085346214,43.42458400429415,11.446591519055287,1.5432098765432098,0.2549651100375738,
133,11.171497584541063,15.042941492216855,12.466451959205582,2.1806226516371443,2.623456790123457,43.27026301663983,11.446591519055287,1.5432098765432098,0.2549651100375738,
134,11.265432098765432,15.042941492216855,12.446323134728932,2.1806226516371443,2.623456790123457,43.12265163714439,11.446591519055287,1.6170155662909287,0.2549651100375738,
135,10.19189479334407,13.506441223832528,10.970209339774557,1.7176596886741815,2.395330112721417,48.50375738056898,10.849436392914654,1.261406333870102,0.2549651100375738,0.3488996242619431
136,10.420021470746109,13.419216317767042,10.963499731615673,1.8518518518518519,2.395330112721417,48.40311325818572,10.601180891035963,1.261406333870102,0.33548040794417605,0.3488996242619431
137,10.507246376811594,13.385668276972625,10.950080515297907,1.9659151905528718,2.395330112721417,47.97369833601718,10.57434245840043,1.5633387010198605,0.33548040794417605,0.3488996242619431
138,10.762211486849168,13.372249060654857,10.950080515297907,1.9524959742351047,2.395330112721417,47.658346752549654,10.57434245840043,1.6505636070853462,0.33548040794417605,0.3488996242619431
139,9.876543209876543,9.131776704240472,9.822866344605474,2.100107353730542,2.3752012882447664,57.608695652173914,6.837090713902308,1.8317230273752012,0.33548040794417605,0.08051529790660225
140,10.238862050456254,9.024422973698336,9.816156736446592,2.100107353730542,2.3752012882447664,57.360440150295226,6.837090713902308,1.8317230273752012,0.33548040794417605,0.08051529790660225
141,9.930220075147611,8.521202361782072,10.93666129898014,2.0799785292538915,2.737520128824477,56.716317767042405,6.696188942565755,1.8317230273752012,0.33548040794417605,0.2147074610842727
142,10.037573805689748,8.521202361782072,10.923242082662373,2.0799785292538915,2.737520128824477,56.60225442834138,6.66935050993022,1.8786902844873858,0.33548040794417605,0.2147074610842727
143,10.258990874932904,8.514492753623188,10.916532474503489,2.0799785292538915,2.7241009125067097,56.407675791733766,6.66935050993022,1.8786902844873858,0.33548040794417605,0.2147074610842727
144,10.50053676865271,8.454106280193237,10.916532474503489,2.0799785292538915,2.7241009125067097,56.22651637144391,6.66935050993022,1.8786902844873858,0.33548040794417605,0.2147074610842727
145,10.50053676865271,8.447396672034353,10.755501878690284,2.4221685453569513,2.7241009125067097,55.79710144927536,6.649221685453569,2.15378421900161,0.33548040794417605,0.2147074610842727
146,10.815888352120236,8.440687063875469,10.668276972624799,2.4691358024691357,2.6704240472356413,55.65619967793881,6.582125603864735,2.15378421900161,0.32877079978529256,0.2147074610842727
147,10.909822866344605,8.413848631239935,10.648148148148149,2.4691358024691357,2.6704240472356413,55.475040257648956,6.528448738593666,2.341653247450349,0.32877079978529256,0.2147074610842727
148,11.064143853998926,8.413848631239935,10.61460010735373,2.4691358024691357,2.6704240472356413,55.35426731078905,6.528448738593666,2.341653247450349,0.32877079978529256,0.2147074610842727
149,10.735373054213634,6.226516371443908,10.493827160493828,2.6502952227589907,2.6704240472356413,57.91733762748255,6.421095008051529,2.341653247450349,0.32877079978529256,0.2147074610842727
150,11.11111111111111,6.226516371443908,10.379763821792807,2.636876006441224,2.623456790123457,57.64224369296833,6.421095008051529,2.341653247450349,0.4294149221685454,0.1878690284487386
151,11.2788513150832,6.213097155126141,10.379763821792807,2.8113258185721954,2.623456790123457,57.49463231347289,6.246645195920558,2.3349436392914655,0.4294149221685454,0.1878690284487386
152,11.332528180354267,6.213097155126141,10.379763821792807,2.8113258185721954,2.623456790123457,57.31347289318304,6.246645195920558,2.462426194310252,0.4294149221685454,0.1878690284487386
153,11.533816425120772,5.904455179817498,10.332796564680622,3.1535158346752548,3.388352120236178,56.414385399892645,6.206387546967257,2.4490069779924855,0.4294149221685454,0.1878690284487386
154,11.735104669887278,5.904455179817498,10.258990874932904,3.2877079978529253,3.388352120236178,55.93800322061192,6.0587761674718195,2.8113258185721954,0.4294149221685454,0.1878690284487386
155,11.647879763821793,5.857487922705314,10.68840579710145,3.3011272141706924,3.3413848631239937,55.54884594739667,6.0587761674718195,2.9388083735909825,0.4294149221685454,0.1878690284487386
156,11.768652710681696,5.8239398819108965,10.473698336017177,3.3011272141706924,3.3413848631239937,55.03891572732152,6.635802469135802,2.999194847020934,0.4294149221685454,0.1878690284487386
157,11.936392914653783,5.8239398819108965,10.57434245840043,3.3011272141706924,3.307836822329576,54.690016103059584,6.501610305958132,3.2474503488996245,0.4294149221685454,0.1878690284487386
158,12.184648416532475,5.776972624798712,10.57434245840043,3.408480944712829,3.569511540526033,54.3545356951154,6.286902844873859,3.240740740740741,0.4294149221685454,0.17444981213097155
159,10.607890499194847,5.649490069779925,10.11808910359635,2.804616210413312,2.475845410628019,59.82286634460547,4.898013955984971,3.026033279656468,0.4227053140096618,0.17444981213097155
160,10.82259796027912,5.649490069779925,10.091250670960816,2.804616210413312,2.475845410628019,59.695383789586685,4.864465915190553,3.026033279656468,0.39586688137412773,0.17444981213097155
161,11.017176596886742,5.615942028985507,10.359634997316157,2.804616210413312,2.475845410628019,59.29951690821256,4.864465915190553,2.9924852388620504,0.39586688137412773,0.17444981213097155
162,11.178207192699947,5.609232420826624,10.352925389157273,2.804616210413312,2.5429414922168547,59.09151905528717,4.85775630703167,2.9924852388620504,0.39586688137412773,0.17444981213097155
163,11.399624261943103,5.562265163714439,10.285829307568438,2.804616210413312,3.4286097691894795,58.23268921095008,4.85775630703167,2.85829307568438,0.39586688137412773,0.17444981213097155
164,11.654589371980677,5.562265163714439,10.258990874932904,2.804616210413312,3.408480944712829,58.04482018250134,4.8376274825550185,2.85829307568438,0.39586688137412773,0.17444981213097155
165,11.768652710681696,5.562265163714439,10.23215244229737,2.7979066022544283,3.3816425120772946,57.991143317230275,4.8376274825550185,2.85829307568438,0.39586688137412773,0.17444981213097155
166,11.782071926999464,5.501878690284487,10.218733225979603,3.079710144927536,3.3816425120772946,57.80327428878154,4.8376274825550185,2.8247450348899625,0.39586688137412773,0.17444981213097155
167,11.862587224906065,5.481749865807837,10.205314009661835,3.079710144927536,3.3816425120772946,56.68276972624799,5.770263016639828,2.965646806226516,0.39586688137412773,0.17444981213097155
168,12.084004294149223,5.421363392377885,10.205314009661835,3.079710144927536,3.3548040794417604,55.97155126140633,5.743424584004294,3.569511540526033,0.39586688137412773,0.17444981213097155
169,12.25174449812131,5.320719269994632,12.775093934514224,3.079710144927536,2.885131508319914,53.03945249597424,5.703166935050993,4.26731078904992,0.5032206119162641,0.17444981213097155
170,12.379227053140097,4.864465915190553,12.446323134728932,3.3816425120772946,3.2340311325818574,52.61674718196457,6.286902844873859,4.1129898013955986,0.5032206119162641,0.17444981213097155
171,12.634192163177671,4.864465915190553,12.412775093934513,3.3816425120772946,3.2340311325818574,52.32823403113258,6.266774020397209,4.200214707461084,0.5032206119162641,0.17444981213097155
172,12.70799785292539,4.817498658078368,12.392646269457863,3.2742887815351582,3.2340311325818574,52.06655931293612,6.769994632313473,4.05931293612453,0.5032206119162641,0.17444981213097155
173,12.895866881374127,4.817498658078368,12.338969404186795,3.3413848631239937,3.193773483628556,51.80488459473967,6.756575415995706,4.17337627482555,0.5032206119162641,0.17444981213097155
174,13.083735909822867,4.770531400966184,12.325550187869029,3.421900161030596,3.1333870101986045,51.409017713365536,6.756575415995706,4.42163177670424,0.5032206119162641,0.17444981213097155
175,13.24476650563607,4.7638217928073,12.29200214707461,4.2270531400966185,3.1333870101986045,50.50993022007515,6.756575415995706,4.394793344068707,0.5032206119162641,0.17444981213097155
176,13.45276435856146,4.7638217928073,12.29200214707461,4.213633923778851,3.1333870101986045,50.348899624261946,6.756575415995706,4.394793344068707,0.46967257112184646,0.17444981213097155
177,13.674181427804616,4.757112184648417,12.29200214707461,4.213633923778851,3.1333870101986045,49.67122920021471,7.39398819108964,4.2203435319377345,0.46967257112184646,0.17444981213097155
178,13.875469672571121,4.757112184648417,12.151100375738057,4.186795491143317,3.1333870101986045,49.6309715512614,7.286634460547504,4.334406870638754,0.46967257112184646,0.17444981213097155
179,14.231078904991948,4.757112184648417,12.151100375738057,4.159957058507783,3.240740740740741,48.89291465378422,7.273215244229737,4.64975845410628,0.46967257112184646,0.17444981213097155
180,13.915727321524423,4.696725711218465,13.083735909822867,5.300590445517981,3.126677402039721,47.517444981213096,7.192699946323135,4.562533548040794,0.4294149221685454,0.17444981213097155
181,14.076757917337627,4.696725711218465,13.083735909822867,5.300590445517981,3.126677402039721,47.416800858829845,7.159151905528717,4.53569511540526,0.4294149221685454,0.17444981213097155
182,14.445786366076222,4.690016103059581,13.050187869028449,5.360976918947934,3.126677402039721,47.04106280193237,7.14573268921095,4.53569511540526,0.4294149221685454,0.17444981213097155
183,14.04320987654321,4.012345679012346,12.406065485775631,5.045625335480408,2.804616210413312,49.52361782071927,7.14573268921095,4.53569511540526,0.30864197530864196,0.17444981213097155
184,14.04320987654321,4.012345679012346,12.245034889962426,5.662909286097692,2.771068169618894,48.88620504562534,7.14573268921095,4.750402576489533,0.30864197530864196,0.17444981213097155
185,14.2914653784219,4.012345679012346,12.245034889962426,5.662909286097692,2.7442297369833604,48.66478797638218,7.14573268921095,4.750402576489533,0.30864197530864196,0.17444981213097155
186,14.63365539452496,4.012345679012346,12.23161567364466,5.636070853462158,3.421900161030596,48.28234031132582,6.863929146537842,4.441760601180891,0.30193236714975846,0.17444981213097155
187,14.80810520665593,4.012345679012346,12.177938808373591,5.615942028985507,3.421900161030596,48.04079441760601,6.830381105743425,4.616210413311863,0.30193236714975846,0.17444981213097155
188,13.419216317767042,10.44015029522276,10.809178743961352,5.401234567901234,3.2877079978529253,45.51798174986581,6.085614600107354,4.562533548040794,0.30193236714975846,0.17444981213097155
189,13.553408480944713,10.433440687063875,10.782340311325818,5.401234567901234,3.2877079978529253,45.430756843800324,6.072195383789587,4.562533548040794,0.30193236714975846,0.17444981213097155
190,13.92914653784219,10.406602254428341,10.748792270531402,5.387815351583468,3.240740740740741,45.06843800322061,6.052066559312936,4.690016103059581,0.30193236714975846,0.17444981213097155
191,14.13714439076758,10.352925389157273,10.735373054213634,5.387815351583468,3.240740740740741,44.97450348899624,6.005099302200751,4.690016103059581,0.30193236714975846,0.17444981213097155
192,14.76784755770263,10.34621578099839,10.7085346215781,5.374396135265701,3.240740740740741,44.6256038647343,5.9514224369296835,4.508856682769726,0.30193236714975846,0.17444981213097155
193,15.143585614600108,10.312667740203972,10.59447128287708,5.360976918947934,3.240740740740741,44.46457326892109,5.904455179817498,4.502147074610843,0.30193236714975846,0.17444981213097155
194,15.438808373590982,10.312667740203972,10.581052066559312,5.24020397208803,3.2340311325818574,44.07541599570585,5.904455179817498,4.736983360171766,0.30193236714975846,0.17444981213097155
195,15.28448738593666,10.299248523886206,10.473698336017177,5.938003220611916,3.2340311325818574,43.646001073537306,5.891035963499732,4.757112184648417,0.30193236714975846,0.17444981213097155
196,15.351583467525497,10.299248523886206,10.473698336017177,5.938003220611916,3.2340311325818574,43.57890499194847,5.891035963499732,4.757112184648417,0.30193236714975846,0.17444981213097155
197,15.593129361245303,10.111379495437467,10.373054213633925,5.938003220611916,3.2206119162640903,43.384326355340846,5.877616747181965,5.025496511003757,0.30193236714975846,0.17444981213097155
198,15.693773483628556,10.111379495437467,10.245571658615138,5.924584004294149,3.2206119162640903,43.23671497584541,5.877616747181965,5.24020397208803,0.28180354267310787,0.16774020397208803
199,15.754159957058508,10.077831454643048,10.165056360708535,5.870907139023081,3.435319377348363,42.921363392377884,5.877616747181965,5.448201825013419,0.28180354267310787,0.16774020397208803
200,15.640096618357488,10.044283413848632,10.151637144390767,5.984970477724101,3.435319377348363,42.53891572732152,6.508319914117015,5.246913580246914,0.28180354267310787,0.16774020397208803
201,15.807836822329575,10.030864197530864,10.151637144390767,5.984970477724101,3.4151905528717124,42.43156199677939,6.494900697799249,5.233494363929147,0.28180354267310787,0.16774020397208803
202,15.96886741814278,9.88996242619431,10.104669887278583,5.938003220611916,3.6768652710681695,42.3443370907139,6.454643048845948,5.173107890499195,0.28180354267310787,0.16774020397208803
203,16.0426731078905,9.88996242619431,10.104669887278583,5.938003220611916,3.6768652710681695,42.270531400966185,6.454643048845948,5.173107890499195,0.28180354267310787,0.16774020397208803
204,16.190284487385938,9.822866344605474,10.084541062801932,5.924584004294149,3.670155662909286,42.230273752012884,6.454643048845948,5.173107890499195,0.28180354267310787,0.16774020397208803
205,16.364734299516908,9.728931830381105,10.044283413848632,5.924584004294149,3.670155662909286,42.190016103059584,6.454643048845948,5.173107890499195,0.28180354267310787,0.16774020397208803
206,16.431830381105744,9.39345142243693,10.044283413848632,6.374127750939345,3.603059581320451,42.109500805152976,6.421095008051529,5.173107890499195,0.28180354267310787,0.16774020397208803
207,16.626409017713364,9.359903381642512,9.728931830381105,6.347289318303811,3.603059581320451,42.04240472356415,6.394256575415996,5.173107890499195,0.5568974771873323,0.16774020397208803
208,16.80756843800322,9.339774557165862,9.675254965110037,6.347289318303811,3.603059581320451,41.96188942565754,6.380837359098229,5.159688674181428,0.5568974771873323,0.16774020397208803
209,17.236983360171767,9.326355340848094,9.675254965110037,6.213097155126141,3.603059581320451,41.78073000536769,6.327160493827161,5.112721417069243,0.5568974771873323,0.16774020397208803
210,17.424852388620504,9.31964573268921,9.675254965110037,6.246645195920558,3.569511540526033,41.56602254428341,6.327160493827161,5.146269457863661,0.5568974771873323,0.16774020397208803
211,17.53220611916264,9.31964573268921,9.66183574879227,6.387546967257112,3.569511540526033,41.36473429951691,6.327160493827161,5.12614063338701,0.5434782608695652,0.16774020397208803
212,16.774020397208805,9.31964573268921,8.165593129361245,4.884594739667204,3.321256038647343,47.06119162640902,5.595813204508857,4.408212560386473,0.30193236714975846,0.16774020397208803
213,16.847826086956523,9.31964573268921,8.165593129361245,4.884594739667204,3.321256038647343,46.9873859366613,5.595813204508857,4.408212560386473,0.30193236714975846,0.16774020397208803
214,17.028985507246375,9.27938808373591,8.145464304884594,4.8443370907139025,3.321256038647343,46.94041867954911,5.595813204508857,4.374664519592056,0.30193236714975846,0.16774020397208803
215,17.21014492753623,8.964036500268385,8.125335480407944,4.8376274825550185,3.6634460547504024,46.71229200214707,5.709876543209877,4.314278046162104,0.2952227589908749,0.16774020397208803
216,17.23027375201288,8.964036500268385,7.971014492753623,4.817498658078368,3.6231884057971016,46.383521202361784,6.360708534621578,4.186795491143317,0.2952227589908749,0.16774020397208803
217,17.485238862050455,8.957326892109501,7.924047235641439,4.817498658078368,3.6231884057971016,45.900429414922165,6.253354804079442,4.575952764358561,0.2952227589908749,0.16774020397208803
218,17.72007514761138,8.957326892109501,7.924047235641439,4.817498658078368,3.6231884057971016,45.611916264090176,6.226516371443908,4.656468062265164,0.2952227589908749,0.16774020397208803
219,17.76033279656468,8.957326892109501,7.924047235641439,4.817498658078368,3.6231884057971016,45.46430488459474,6.219806763285024,4.770531400966184,0.2952227589908749,0.16774020397208803
220,17.96833064949007,8.863392377885132,8.454106280193237,4.562533548040794,3.5762211486849167,45.12211486849168,6.219806763285024,4.770531400966184,0.2952227589908749,0.16774020397208803
221,18.00858829844337,8.863392377885132,8.413848631239935,4.904723564143854,3.515834675254965,44.847020933977454,6.213097155126141,4.770531400966184,0.2952227589908749,0.16774020397208803
222,18.12265163714439,8.863392377885132,8.413848631239935,4.904723564143854,3.515834675254965,44.75979602791197,6.199677938808374,4.757112184648417,0.2952227589908749,0.16774020397208803
223,18.169618894256576,8.863392377885132,8.413848631239935,4.898013955984971,3.515834675254965,44.618894256575416,6.199677938808374,4.85775630703167,0.2952227589908749,0.16774020397208803
224,18.156199677938808,8.863392377885132,8.413848631239935,4.951690821256038,3.408480944712829,44.39076757917338,6.367418142780462,4.985238862050457,0.2952227589908749,0.16774020397208803
225,18.297101449275363,8.863392377885132,8.380300590445518,4.951690821256038,3.435319377348363,44.296833064949006,6.340579710144928,4.9718196457326895,0.2952227589908749,0.16774020397208803
226,18.572195383789587,8.749329039184111,8.353462157809984,4.924852388620504,3.3480944712828773,44.22302737520129,6.394256575415996,4.9718196457326895,0.2952227589908749,0.16774020397208803
227,18.67283950617284,8.735909822866345,8.353462157809984,4.924852388620504,3.3480944712828773,44.14922168545357,6.380837359098229,4.9718196457326895,0.2952227589908749,0.16774020397208803
228,19.0955448201825,8.702361782071927,8.353462157809984,4.864465915190553,3.2675791733762747,43.874127750939344,6.333870101986044,5.045625335480408,0.2952227589908749,0.16774020397208803
229,19.176060118089104,8.702361782071927,8.340042941492216,4.851046698872786,3.2541599570585076,43.874127750939344,6.293612453032743,5.045625335480408,0.2952227589908749,0.16774020397208803
230,19.37734836285561,8.682232957595277,8.890230810520666,4.978529253891573,2.8247450348899625,43.16961889425657,6.6827697262479875,4.931561996779388,0.2952227589908749,0.16774020397208803
231,19.47799248523886,8.648684916800859,8.890230810520666,5.052334943639291,2.8247450348899625,42.99516908212561,6.66935050993022,4.978529253891573,0.2952227589908749,0.16774020397208803
232,19.77992485238862,8.635265700483092,8.890230810520666,4.99194847020934,2.690552871712292,42.76704240472356,6.8035426731078905,4.978529253891573,0.2952227589908749,0.16774020397208803
233,19.82018250134192,8.608427267847558,8.910359634997317,5.260332796564681,2.6704240472356413,42.48523886205046,6.8035426731078905,4.978529253891573,0.2952227589908749,0.16774020397208803
234,18.894256575415994,8.494363929146537,7.997852925389157,5.783682232957595,2.4355877616747184,43.81374127750939,7.64224369296833,4.4820182501341925,0.2885131508319914,0.16774020397208803
235,19.07541599570585,8.440687063875469,7.971014492753623,5.783682232957595,2.5496511003757383,43.63929146537842,7.62211486849168,4.461889425657541,0.2885131508319914,0.16774020397208803
236,19.243156199677937,8.420558239398819,7.897208803005904,5.783682232957595,2.5496511003757383,43.57890499194847,7.62211486849168,4.461889425657541,0.27509393451422437,0.16774020397208803
237,18.63929146537842,8.380300590445518,9.628287707997853,5.877616747181965,2.3886205045625335,42.599302200751474,7.62211486849168,4.42163177670424,0.27509393451422437,0.16774020397208803
238,18.57890499194847,8.259527643585615,9.453837895866881,5.850778314546431,2.38191089640365,42.881105743424584,7.601986044015029,4.549114331723027,0.27509393451422437,0.16774020397208803
