,45,50,55,52,54,51,56,60,57,53,59,58,61
0,92.06924315619968,7.9106280193236715,0.020128824476650563,,,,,,,,,,
1,75.08722490606549,24.020397208803004,0.0939345142243693,0.026838432635534086,0.7716049382716049,,,,,,,,
2,64.9020397208803,33.360171765968865,0.24825550187869028,0.026838432635534086,0.7716049382716049,0.6910896403650026,,,,,,,
3,59.03113258185722,34.997316156736446,0.27509393451422437,0.2549651100375738,1.2815351583467525,4.159957058507783,,,,,,,
4,51.549919484702095,42.40472356414385,0.3757380568974772,0.2549651100375738,1.261406333870102,4.1532474503489,,,,,,,
5,46.66532474503489,36.151368760064415,0.24825550187869028,0.2549651100375738,0.7514761137949544,15.92860976918948,,,,,,,
6,42.31749865807837,31.28690284487386,0.3757380568974772,0.2549651100375738,0.7514761137949544,24.986580783682232,0.026838432635534086,,,,,,
7,41.90150295222759,30.88432635534085,0.41599570585077833,7.367149758454106,0.7514761137949544,18.679549114331724,,,,,,,
8,40.653515834675254,30.636070853462158,0.6239935587761675,7.347020933977456,0.7514761137949544,19.91411701556629,0.07380568974771873,,,,,,
9,39.59339774557166,28.77079978529254,0.6508319914117016,9.71551261406334,1.261406333870102,19.89398819108964,0.07380568974771873,0.040257648953301126,,,,,
10,36.540526033279654,25.355609232420825,0.6977992485238862,15.747450348899624,1.1876006441223832,20.356951154052602,0.07380568974771873,0.040257648953301126,,,,,
11,24.718196457326894,41.1634460547504,0.5770263016639828,15.03623188405797,0.6709608158883521,17.746913580246915,0.04696725711218465,0.040257648953301126,,,,,
12,18.54535695115405,46.162104133118625,0.8923778851315083,5.22007514761138,0.6709608158883521,28.361513687600645,0.10735373054213634,0.040257648953301126,,,,,
13,18.625872249060656,43.39103596349973,0.7045088566827697,5.193236714975845,0.5568974771873323,31.36070853462158,0.1274825550187869,0.040257648953301126,,,,,
14,18.753354804079443,42.73349436392915,1.2815351583467525,5.052334943639291,0.5568974771873323,31.239935587761675,0.23483628556092323,0.040257648953301126,0.10735373054213634,,,,
15,18.94122383252818,42.55904455179817,1.288244766505636,5.052334943639291,0.5904455179817498,31.125872249060656,0.2952227589908749,0.040257648953301126,0.10735373054213634,,,,
16,12.473161567364466,49.00697799248524,3.670155662909286,4.502147074610843,0.5904455179817498,29.347826086956523,0.2616747181964573,0.040257648953301126,0.10735373054213634,,,,
17,9.5276435856146,39.32501341921632,3.5426731078904994,4.663177670424047,2.4892646269457863,39.31159420289855,0.2616747181964573,0.040257648953301126,,0.8252818035426731,0.013419216317767043,,
18,8.890230810520666,33.32662372517445,3.7238325281803544,7.96430488459474,2.5026838432635534,42.58588298443371,0.14761137949543746,0.040257648953301126,,0.8051529790660226,0.013419216317767043,,
19,8.93719806763285,33.1857219538379,3.7573805689747717,7.950885668276973,1.4626945786366077,38.95598497047772,0.5367686527106817,0.040257648953301126,,5.173107890499195,,,
20,8.568169618894256,27.583199141170155,3.851315083199141,5.709876543209877,4.193505099302201,44.37063875469673,0.5300590445517982,0.040257648953301126,,5.12614063338701,,0.026838432635534086,
21,8.57487922705314,27.576489533011273,7.830112721417069,5.676328502415459,4.193505099302201,40.43880837359098,0.5166398282340311,0.040257648953301126,,5.092592592592593,,0.06038647342995169,
22,8.702361782071927,27.42216854535695,7.675791733762749,5.649490069779925,4.253891572732153,40.365002683843265,0.6910896403650026,0.040257648953301126,0.020128824476650563,5.119431025228127,,0.06038647342995169,
23,8.876811594202898,27.30810520665593,7.588566827697263,5.642780461621041,4.253891572732153,40.754159957058505,0.8923778851315083,0.040257648953301126,0.020128824476650563,4.49543746645196,0.06709608158883522,0.06038647342995169,
24,4.3478260869565215,27.2812667740204,7.011540526033279,5.622651637144391,3.743961352657005,47.63150831991412,0.7783145464304885,0.040257648953301126,0.020128824476650563,3.4017713365539453,0.06709608158883522,0.03354804079441761,0.020128824476650563
25,3.0394524959742353,18.9747718733226,7.03166935050993,5.589103596349974,3.743961352657005,57.31347289318304,0.8923778851315083,0.040257648953301126,0.020128824476650563,3.2340311325818574,0.06709608158883522,0.03354804079441761,0.020128824476650563
26,3.321256038647343,18.813741277509394,7.092055823939882,5.515297906602254,3.743961352657005,56.85050993022008,1.2278582930756843,0.040257648953301126,0.020128824476650563,3.2340311325818574,0.06709608158883522,0.03354804079441761,0.040257648953301126
27,3.488996242619431,18.531937734836287,7.192699946323135,5.46833064949007,3.743961352657005,56.60896403650027,1.3687600644122384,0.040257648953301126,0.020128824476650563,3.374932903918411,0.06709608158883522,0.05367686527106817,0.040257648953301126
28,3.656736446591519,18.136070853462158,7.5281803542673105,6.286902844873859,3.743961352657005,55.59581320450886,1.4559849704777241,0.040257648953301126,0.020128824476650563,3.374932903918411,0.06709608158883522,0.05367686527106817,0.040257648953301126
29,3.851315083199141,17.975040257648953,7.742887815351583,6.266774020397209,3.743961352657005,54.42163177670424,1.442565754159957,0.040257648953301126,0.020128824476650563,4.314278046162104,0.08722490606548577,0.05367686527106817,0.040257648953301126
30,3.898282340311326,17.371175523349436,7.7898550724637685,5.884326355340848,3.743961352657005,54.30085882984434,1.5096618357487923,0.040257648953301126,,5.280461621041331,0.08722490606548577,0.05367686527106817,0.040257648953301126
31,4.032474503488996,16.23054213633924,7.461084272678476,5.649490069779925,3.535963499731616,54.83762748255502,1.583467525496511,0.040257648953301126,,6.468062265163715,0.08722490606548577,0.03354804079441761,0.040257648953301126
32,3.656736446591519,10.93666129898014,7.320182501341922,9.380032206119163,3.475577026301664,51.09366612989801,1.5633387010198605,0.040257648953301126,0.07380568974771873,12.298711755233494,0.08722490606548577,0.03354804079441761,0.040257648953301126
33,3.046162104133119,10.869565217391305,7.407407407407407,8.883521202361782,2.8515834675254963,54.77724100912507,1.5432098765432098,0.040257648953301126,0.0939345142243693,10.359634997316157,0.08722490606548577,,0.040257648953301126
34,2.7509393451422435,6.810252281266774,6.085614600107354,8.836553945249598,2.2611379495437465,62.285292538915726,1.3486312399355878,0.06709608158883522,0.0939345142243693,9.333064949006978,0.08722490606548577,,0.040257648953301126
35,2.9119699409554483,6.78341384863124,6.072195383789587,8.836553945249598,2.2611379495437465,62.184648416532475,1.3620504562533549,0.06709608158883522,0.0939345142243693,9.29951690821256,0.08722490606548577,,0.040257648953301126
36,2.918679549114332,5.179817498658078,5.46833064949007,8.293075684380032,2.2611379495437465,63.35882984433709,1.5767579173376274,0.06709608158883522,0.2549651100375738,10.493827160493828,0.08722490606548577,,0.040257648953301126
37,3.166935050993022,5.0791733762748255,5.5756843800322065,8.225979602791197,2.100107353730542,59.997316156736446,1.6438539989264627,0.06709608158883522,0.28180354267310787,13.734567901234568,0.08722490606548577,,0.040257648953301126
38,3.535963499731616,5.0791733762748255,5.548845947396672,8.205850778314547,2.086688137412775,59.60144927536232,2.1739130434782608,0.06709608158883522,0.24825550187869028,13.325281803542673,0.08722490606548577,,0.040257648953301126
39,3.7573805689747717,5.0791733762748255,5.475040257648954,8.199141170155663,2.01959205582394,59.23913043478261,2.3483628556092326,0.06709608158883522,0.2885131508319914,13.325281803542673,0.1610305958132045,,0.040257648953301126
40,3.844605475040258,5.0791733762748255,5.515297906602254,10.59447128287708,2.01959205582394,56.64251207729468,2.4221685453569513,0.06709608158883522,0.2885131508319914,13.298443370907139,0.1610305958132045,0.026838432635534086,0.040257648953301126
41,3.8580246913580245,5.059044551798175,5.01207729468599,10.554213633923778,1.4626945786366077,54.3545356951154,2.657004830917874,0.06709608158883522,0.28180354267310787,16.472088030059044,0.15432098765432098,0.026838432635534086,0.040257648953301126
42,3.992216854535695,5.059044551798175,5.609232420826624,10.513955984970478,1.4492753623188406,54.93156199677939,2.7308105206655933,0.06709608158883522,0.28180354267310787,15.157004830917874,0.15432098765432098,0.026838432635534086,0.026838432635534086
43,3.81105743424584,4.119699409554482,5.045625335480408,10.507246376811594,1.4492753623188406,58.61513687600644,3.240740740740741,0.06709608158883522,0.28180354267310787,12.661030595813205,0.14761137949543746,0.026838432635534086,0.026838432635534086
44,3.92512077294686,4.119699409554482,5.045625335480408,10.507246376811594,1.4492753623188406,58.32662372517445,3.44873859366613,0.06709608158883522,0.28180354267310787,12.600644122383253,0.17444981213097155,0.026838432635534086,0.026838432635534086
45,3.8311862587224907,3.6097691894793345,5.01207729468599,14.351851851851851,1.4492753623188406,56.53515834675255,3.126677402039721,0.06709608158883522,0.30864197530864196,11.352657004830919,0.17444981213097155,0.15432098765432098,0.026838432635534086
46,4.066022544283414,3.6097691894793345,4.9651100375738055,16.458668813741276,1.3754696725711217,54.3142780461621,3.1736446591519054,0.06709608158883522,0.30864197530864196,11.305689747718732,0.17444981213097155,0.15432098765432098,0.026838432635534086
47,4.072732152442297,2.9589371980676327,4.783950617283951,12.204777241009126,1.3486312399355878,59.86983360171766,3.5426731078904994,0.06709608158883522,0.10064412238325282,10.715244229736983,0.15432098765432098,0.15432098765432098,0.026838432635534086
48,4.300858829844337,2.952227589908749,4.7638217928073,12.151100375738057,1.3754696725711217,59.52093397745572,3.770799785292539,0.06709608158883522,0.10064412238325282,10.68840579710145,0.15432098765432098,0.1274825550187869,0.026838432635534086
49,4.51556629092861,2.952227589908749,4.555823939881911,12.077294685990339,2.5026838432635534,58.41384863123994,3.797638217928073,0.06709608158883522,0.08051529790660225,10.815888352120236,0.08722490606548577,0.1274825550187869,0.0067096081588835215
50,4.643048845947397,2.952227589908749,4.555823939881911,12.097423510466989,2.4691358024691357,58.24610842726785,3.81105743424584,0.06709608158883522,0.08051529790660225,10.815888352120236,0.08722490606548577,0.16774020397208803,0.0067096081588835215
51,4.864465915190553,2.945517981749866,4.522275899087493,12.010198604401502,2.4691358024691357,57.930756843800324,4.086151368760064,0.040257648953301126,0.08051529790660225,10.775630703166936,0.10064412238325282,0.16774020397208803,0.0067096081588835215
52,5.065754159957058,2.945517981749866,4.522275899087493,11.943102522812667,2.49597423510467,57.70263016639828,4.133118625872249,0.040257648953301126,0.11406333870101985,10.762211486849168,0.10064412238325282,0.16774020397208803,0.0067096081588835215
53,4.690016103059581,2.932098765432099,4.38137412775094,13.6406333870102,2.49597423510467,59.977187332259795,3.6231884057971016,0.040257648953301126,0.14090177133655393,7.796564680622652,0.07380568974771873,0.20128824476650564,0.0067096081588835215
54,4.8376274825550185,2.932098765432099,4.38137412775094,13.613794954374665,2.49597423510467,59.80944712828771,3.670155662909286,0.040257648953301126,0.17444981213097155,7.763016639828234,0.07380568974771873,0.20128824476650564,0.0067096081588835215
55,4.824208266237251,2.932098765432099,4.26731078904992,14.640365002683843,2.475845410628019,58.762748255501876,3.717122920021471,0.040257648953301126,0.17444981213097155,7.883789586688137,0.07380568974771873,0.20128824476650564,0.0067096081588835215
56,3.5762211486849167,7.816693505099302,3.388352120236178,12.513419216317766,2.4221685453569513,56.15942028985507,2.8918411164787976,,0.15432098765432098,10.86285560923242,0.0067096081588835215,0.20128824476650564,0.0067096081588835215
57,3.5762211486849167,6.702898550724638,3.3145464304884595,13.81508319914117,2.4221685453569513,56.03864734299517,2.898550724637681,,0.15432098765432098,10.86285560923242,0.0067096081588835215,0.20128824476650564,0.0067096081588835215
58,3.6231884057971016,6.6827697262479875,2.7777777777777777,13.620504562533547,3.1333870101986045,57.118894256575416,2.8784219001610305,,0.16774020397208803,9.782608695652174,0.0067096081588835215,0.20128824476650564,0.0067096081588835215
59,3.569511540526033,6.333870101986044,2.8381642512077296,13.573537305421363,3.1333870101986045,57.50805152979066,2.8784219001610305,,0.18115942028985507,9.769189479334408,0.0067096081588835215,0.20128824476650564,0.0067096081588835215
60,3.670155662909286,6.333870101986044,2.945517981749866,13.573537305421363,3.1333870101986045,57.2061191626409,2.965646806226516,,0.18115942028985507,9.75577026301664,0.0067096081588835215,0.2214170692431562,0.0067096081588835215
61,3.8311862587224907,6.3070316693505095,2.8784219001610305,15.626677402039721,5.60252281266774,52.542941492216855,2.9723564143853998,0.026838432635534086,0.20128824476650564,9.71551261406334,0.0067096081588835215,0.28180354267310787,0.0067096081588835215
62,3.421900161030596,6.293612453032743,2.073268921095008,24.838969404186795,5.46833064949007,46.806226516371446,2.7844873859366612,0.026838432635534086,0.23483628556092323,7.9039184111647875,0.0067096081588835215,0.13419216317767044,0.0067096081588835215
63,3.5829307568438002,6.293612453032743,2.073268921095008,23.47691894793344,5.441492216854535,48.731884057971016,2.623456790123457,0.026838432635534086,0.27509393451422437,7.326892109500805,0.0067096081588835215,0.13419216317767044,0.0067096081588835215
64,3.5628019323671496,6.226516371443908,2.7844873859366612,24.053945249597422,5.307300053676865,46.51100375738057,2.6167471819645733,,0.30193236714975846,8.55475040257649,0.0067096081588835215,0.06709608158883522,0.0067096081588835215
65,3.421900161030596,5.9514224369296835,2.7308105206655933,22.08132045088567,4.643048845947397,51.08024691358025,2.5831991411701556,,0.2885131508319914,7.0450885668276975,0.0067096081588835215,0.1610305958132045,0.0067096081588835215
66,3.5829307568438002,5.964841653247451,2.7241009125067097,22.020933977455716,4.616210413311863,50.717928073000536,2.8247450348899625,,0.3153515834675255,7.03166935050993,0.03354804079441761,0.1610305958132045,0.0067096081588835215
67,3.408480944712829,4.079441760601181,3.3480944712828773,17.136339237788512,4.51556629092861,55.66961889425657,2.475845410628019,,0.38915727321524424,8.776167471819646,0.03354804079441761,0.1610305958132045,0.0067096081588835215
68,3.321256038647343,4.079441760601181,3.3480944712828773,19.276704240472355,4.260601180891036,53.83118625872249,2.4892646269457863,,0.4495437466451959,8.709071390230811,0.03354804079441761,0.19457863660762212,0.0067096081588835215
69,3.4822866344605474,4.072732152442297,3.4151905528717124,19.202898550724637,4.28743961352657,53.60976918947934,2.4892646269457863,,0.5032206119162641,8.675523349436393,0.03354804079441761,0.2214170692431562,0.0067096081588835215
70,3.549382716049383,2.214170692431562,3.3548040794417604,19.02173913043478,4.28743961352657,59.05126140633387,2.522812667740204,,0.5971551261406334,5.173107890499195,0.03354804079441761,0.1878690284487386,0.0067096081588835215
71,3.5762211486849167,2.2074610842726785,3.3548040794417604,19.008319914117017,4.314278046162104,58.99087493290392,2.5496511003757383,,0.5971551261406334,5.173107890499195,0.03354804079441761,0.1878690284487386,0.0067096081588835215
72,3.7238325281803544,2.1940418679549114,3.515834675254965,18.21658615136876,4.300858829844337,56.58212560386473,2.576489533011272,,0.5837359098228664,8.07836822329576,0.03354804079441761,0.1878690284487386,0.0067096081588835215
73,3.1468062265163717,1.9457863660762211,4.019055287171229,15.881642512077295,4.5960815888352125,60.34621578099839,2.5026838432635534,,0.5770263016639828,6.790123456790123,,0.1878690284487386,0.0067096081588835215
74,3.2675791733762747,1.9256575415995705,4.019055287171229,15.70048309178744,4.663177670424047,60.158346752549654,2.509393451422437,,0.8252818035426731,6.736446591519055,,0.1878690284487386,0.0067096081588835215
75,3.3279656468062266,1.9256575415995705,3.911701556629093,13.197799248523886,9.172034353193773,58.23939881910896,2.442297369833602,,0.9594739667203436,6.629092860976919,,0.1878690284487386,0.0067096081588835215
76,3.515834675254965,1.9256575415995705,3.361513687600644,13.16425120772947,9.145195920558239,56.64922168545357,2.395330112721417,,0.9594739667203436,8.675523349436393,,0.20128824476650564,0.0067096081588835215
77,2.9790660225442833,1.7176596886741815,1.892109500805153,10.721953837895867,6.8035426731078905,65.33816425120773,2.8113258185721954,,0.8118625872249061,6.837090713902308,,0.08722490606548577,
78,3.0730005367686526,1.7176596886741815,1.892109500805153,11.641170155662909,6.582125603864735,63.17096081588835,2.85829307568438,,0.8118625872249061,8.165593129361245,,0.08722490606548577,
79,3.240740740740741,1.6706924315619969,1.8518518518518519,11.641170155662909,6.561996779388084,62.37251744498121,3.589640365002684,,0.8118625872249061,8.13875469672571,0.03354804079441761,0.08722490606548577,
80,2.9790660225442833,1.6572732152442298,1.8518518518518519,13.20450885668277,7.434245840042942,61.574074074074076,3.2004830917874396,,0.8185721953837896,7.212828770799785,0.03354804079441761,0.03354804079441761,
81,3.052871712292002,1.6237251744498122,1.9592055823939882,13.144122383252817,8.239398819108963,57.86366076221149,4.85775630703167,,0.8185721953837896,8.3467525496511,0.03354804079441761,0.06038647342995169,
82,3.1602254428341383,1.5767579173376274,2.703972088030059,13.137412775093935,8.239398819108963,57.09205582393988,4.871175523349437,,0.8185721953837896,8.3064949006978,0.03354804079441761,0.06038647342995169,
83,3.2474503488996245,1.5767579173376274,2.8247450348899625,14.861782071927,8.152173913043478,55.30730005367686,4.736983360171766,,0.8923778851315083,8.279656468062266,0.03354804079441761,0.08722490606548577,
84,3.240740740740741,1.5767579173376274,2.818035426731079,14.861782071927,8.272946859903382,55.173107890499196,4.730273752012883,,0.8923778851315083,8.28636607622115,0.03354804079441761,0.11406333870101985,
85,3.4957058507783145,1.5767579173376274,2.932098765432099,14.741009125067096,8.53462157809984,54.62292002147075,4.770531400966184,,0.8923778851315083,8.28636607622115,0.03354804079441761,0.11406333870101985,
86,3.569511540526033,1.5767579173376274,2.9253891572732154,14.928878153515834,8.400429414922169,54.428341384863124,4.810789049919484,,0.9863123993558777,8.225979602791197,0.03354804079441761,0.11406333870101985,
87,3.7573805689747717,1.5767579173376274,2.9119699409554483,14.821524422973699,8.36688137412775,54.2740203972088,4.8376274825550185,,1.0802469135802468,8.225979602791197,0.03354804079441761,0.11406333870101985,
88,3.8311862587224907,1.570048309178744,2.871712292002147,17.156468062265162,7.313472893183038,52.95222758990875,4.703435319377348,0.020128824476650563,1.1943102522812667,8.199141170155663,0.06038647342995169,0.1274825550187869,
89,3.9049919484702094,0.9594739667203436,2.85829307568438,19.786634460547504,7.226247987117552,51.368760064412236,4.616210413311863,0.020128824476650563,1.0802469135802468,7.648953301127214,0.06038647342995169,0.46967257112184646,
90,3.8177670424047236,0.9594739667203436,2.885131508319914,17.357756307031668,7.118894256575416,50.577026301663984,4.636339237788513,0.020128824476650563,0.9728931830381106,11.124530327428879,0.06038647342995169,0.46967257112184646,
91,3.9519592055823938,0.9594739667203436,2.8784219001610305,17.03569511540526,7.051798174986581,49.27536231884058,5.428073000536768,0.020128824476650563,0.9997316156736447,11.869296833064949,0.06038647342995169,0.46967257112184646,
92,4.180085882984434,0.9460547504025765,2.871712292002147,16.982018250134193,7.024959742351046,49.13446054750403,5.448201825013419,0.020128824476650563,1.0399892646269457,11.782071926999464,0.06038647342995169,0.5099302200751477,
93,4.086151368760064,0.9460547504025765,1.9994632313472893,24.54374664519592,4.9651100375738055,46.9068706387547,4.864465915190553,0.020128824476650563,0.9259259259259259,10.144927536231885,0.03354804079441761,0.5636070853462157,
94,4.260601180891036,0.9259259259259259,2.1068169618894257,24.530327428878152,4.938271604938271,46.564680622651636,5.032206119162641,0.020128824476650563,0.9259259259259259,10.11808910359635,0.03354804079441761,0.5434782608695652,
95,4.408212560386473,0.9192163177670424,2.167203435319377,24.490069779924852,4.924852388620504,45.99436392914654,5.488459473966721,0.020128824476650563,0.9393451422436929,10.071121846484166,0.03354804079441761,0.5434782608695652,
96,4.361245303274289,0.9192163177670424,2.15378421900161,24.10091250670961,8.232689210950081,43.263553408480945,5.314009661835748,0.020128824476650563,0.9863123993558777,10.071121846484166,0.03354804079441761,0.5434782608695652,
97,4.582662372517445,0.9192163177670424,2.147074610842727,24.020397208803004,8.219269994632313,43.14949006977992,5.320719269994632,0.020128824476650563,0.9863123993558777,10.057702630166398,0.03354804079441761,0.5434782608695652,
98,4.5960815888352125,0.8387010198604401,2.100107353730542,22.946859903381643,7.555018786902845,45.189210950080515,5.683038110574342,0.07380568974771873,0.9192163177670424,9.440418679549115,0.05367686527106817,0.6038647342995169,
99,4.777241009125067,0.8118625872249061,2.1403650026838434,22.819377348362856,7.521470746108427,44.639023081052066,6.219806763285024,0.07380568974771873,0.9728931830381106,9.339774557165862,0.05367686527106817,0.630703166935051,
100,4.64975845410628,0.8118625872249061,2.26784755770263,22.75228126677402,10.225442834138486,42.250402576489535,6.085614600107354,0.07380568974771873,0.9930220075147611,9.205582393988191,0.05367686527106817,0.630703166935051,
101,4.790660225442834,0.8118625872249061,2.26784755770263,22.705314009661837,10.165056360708535,42.15646806226516,6.112453032742888,0.07380568974771873,1.0265700483091786,9.205582393988191,0.05367686527106817,0.630703166935051,
102,4.502147074610843,0.8118625872249061,1.583467525496511,22.24235104669887,9.594739667203436,46.101717659688674,5.146269457863661,0.05367686527106817,0.9594739667203436,8.28636607622115,0.05367686527106817,0.6642512077294686,
103,4.663177670424047,0.798443370907139,1.583467525496511,22.108158883521202,9.594739667203436,45.9272678475577,5.273752012882448,0.05367686527106817,0.9930220075147611,8.28636607622115,0.05367686527106817,0.6642512077294686,
104,4.777241009125067,0.798443370907139,1.596886741814278,22.067901234567902,9.561191626409018,45.74610842726785,5.367686527106817,0.08722490606548577,0.9930220075147611,8.28636607622115,0.05367686527106817,0.6642512077294686,
105,4.30756843800322,0.798443370907139,1.4761137949543746,21.81964573268921,7.769726247987117,50.677670424047236,4.528985507246377,0.08051529790660225,0.9930220075147611,6.89747718733226,0.03354804079441761,0.6172839506172839,
106,4.528985507246377,0.798443370907139,1.4761137949543746,22.208803005904453,7.75630703166935,50.54347826086956,4.555823939881911,0.08051529790660225,1.0198604401502953,6.421095008051529,0.03354804079441761,0.5770263016639828,
107,4.569243156199678,0.798443370907139,1.4358561460010735,22.108158883521202,9.75577026301664,49.422973698336016,3.992216854535695,0.10064412238325282,0.8588298443370908,6.280193236714976,0.03354804079441761,0.644122383252818,
108,4.797369833601718,0.798443370907139,1.4358561460010735,22.088030059044552,9.73564143853999,48.97342995169082,4.294149221685454,0.10064412238325282,0.8722490606548577,6.226516371443908,0.03354804079441761,0.644122383252818,
109,5.045625335480408,0.798443370907139,1.4358561460010735,21.973966720343533,9.728931830381105,48.76543209876543,4.341116478797638,0.10064412238325282,0.9326355340848095,6.206387546967257,0.03354804079441761,0.6374127750939346,
110,5.032206119162641,0.798443370907139,1.4358561460010735,21.578099838969404,9.541062801932368,48.57085346215781,4.394793344068707,0.13419216317767044,0.9326355340848095,6.910896403650026,0.03354804079441761,0.6374127750939346,
111,5.253623188405797,0.798443370907139,1.4358561460010735,21.524422973698336,9.46725711218465,48.490338164251206,4.38137412775094,0.13419216317767044,0.9728931830381106,6.843800322061192,0.03354804079441761,0.6642512077294686,
112,5.340848094471283,0.798443370907139,1.5029522275899088,21.484165324745035,9.373322597960279,48.35614600107354,4.455179817498658,0.20128824476650564,0.9863123993558777,6.8035426731078905,0.03354804079441761,0.6642512077294686,
113,5.488459473966721,0.798443370907139,1.5163714439076759,21.410359634997317,9.373322597960279,48.18840579710145,4.49543746645196,0.20128824476650564,1.0332796564680622,6.796833064949007,0.04696725711218465,0.6508319914117016,
114,5.025496511003757,0.798443370907139,1.5096618357487923,21.068169618894256,9.292807300053678,50.5703166935051,4.180085882984434,0.20128824476650564,1.133923778851315,5.562265163714439,0.04696725711218465,0.6105743424584005,
115,5.199946323134729,0.798443370907139,1.5096618357487923,20.947396672034355,9.386741814278047,50.2012882447665,4.341116478797638,0.20128824476650564,1.1943102522812667,5.562265163714439,0.04696725711218465,0.6105743424584005,
116,5.166398282340311,0.798443370907139,1.5029522275899088,24.510198604401502,8.641975308641975,47.98040794417606,4.461889425657541,0.17444981213097155,1.2010198604401503,4.87788513150832,0.04696725711218465,0.6374127750939346,
117,5.22007514761138,0.798443370907139,1.4559849704777241,24.376006441223833,8.856682769726248,47.638217928073,4.636339237788513,0.07380568974771873,1.3620504562533549,4.898013955984971,0.04696725711218465,0.6374127750939346,
118,4.5893719806763285,0.785024154589372,1.4358561460010735,35.74208266237252,6.595544820182502,40.98899624261943,3.549382716049383,0.07380568974771873,1.221148684916801,4.294149221685454,0.08722490606548577,0.6374127750939346,
119,4.643048845947397,0.785024154589372,1.4358561460010735,34.796027911969944,4.294149221685454,45.17579173376275,3.6231884057971016,0.07380568974771873,1.1205045625335481,3.3950617283950617,0.04696725711218465,0.6105743424584005,
120,4.998658078368224,0.785024154589372,1.4358561460010735,34.648416532474506,4.294149221685454,44.920826623725176,3.6097691894793345,0.07380568974771873,1.1808910359634996,3.3950617283950617,0.04696725711218465,0.6105743424584005,
121,4.851046698872786,0.785024154589372,1.3016639828234031,33.964036500268385,3.1602254428341383,46.65861513687601,3.6366076221148687,0.07380568974771873,1.2144390767579174,3.7104133118625873,0.04696725711218465,0.5971551261406334,
122,5.092592592592593,0.7514761137949544,1.3083735909822867,33.93719806763285,3.1602254428341383,46.31642512077295,3.750670960815888,0.07380568974771873,1.2681159420289856,3.7104133118625873,0.03354804079441761,0.5971551261406334,
123,4.770531400966184,0.3757380568974772,1.2010198604401503,31.072195383789587,3.0730005367686526,50.91250670960816,3.166935050993022,0.07380568974771873,1.1540526033279657,3.569511540526033,0.03354804079441761,0.5971551261406334,
124,4.87788513150832,0.3757380568974772,1.2144390767579174,31.05877616747182,3.0730005367686526,50.76489533011272,3.2340311325818574,0.07380568974771873,1.1540526033279657,3.5426731078904994,0.03354804079441761,0.5971551261406334,
125,4.4753086419753085,0.36231884057971014,1.0869565217391304,28.213902308105208,3.1333870101986045,54.891304347826086,3.1535158346752548,0.07380568974771873,0.8923778851315083,3.113258185721954,0.03354804079441761,0.5703166935050993,
126,4.7101449275362315,0.36231884057971014,1.8384326355340848,27.75764895330113,3.1333870101986045,54.200214707461086,3.1870638754696725,0.07380568974771873,1.0198604401502953,3.113258185721954,0.03354804079441761,0.5703166935050993,
127,4.830917874396135,0.36231884057971014,1.8384326355340848,27.435587761674718,3.1468062265163717,53.83118625872249,3.475577026301664,0.07380568974771873,1.3016639828234031,3.099838969404187,0.03354804079441761,0.5703166935050993,
128,4.924852388620504,0.36231884057971014,1.8384326355340848,27.241009125067094,3.1468062265163717,53.9922168545357,3.4017713365539453,0.07380568974771873,1.328502415458937,3.0864197530864197,0.03354804079441761,0.5703166935050993,
129,5.146269457863661,0.36231884057971014,1.865271068169619,27.126945786366075,3.1468062265163717,53.60305958132045,3.5762211486849167,0.07380568974771873,1.3821792807300053,3.113258185721954,0.03354804079441761,0.5703166935050993,
130,5.267042404723564,0.36231884057971014,1.865271068169619,27.033011272141707,3.1333870101986045,53.35480407944176,3.770799785292539,0.11406333870101985,1.3821792807300053,3.113258185721954,0.03354804079441761,0.5703166935050993,
131,5.307300053676865,0.36231884057971014,1.8719806763285025,26.858561460010737,3.1333870101986045,52.48926462694579,3.8848631239935587,0.11406333870101985,1.3821792807300053,3.992216854535695,0.03354804079441761,0.5703166935050993,
132,5.434782608695652,0.36231884057971014,1.8719806763285025,26.81159420289855,4.139828234031133,50.42270531400966,3.8043478260869565,0.11406333870101985,1.3419216317767042,5.092592592592593,0.03354804079441761,0.5703166935050993,
133,5.374396135265701,0.36231884057971014,1.8719806763285025,24.97987117552335,4.126409017713366,52.851583467525494,3.6366076221148687,0.11406333870101985,1.288244766505636,4.898013955984971,0.03354804079441761,0.46296296296296297,
134,5.488459473966721,0.36231884057971014,1.7579173376274826,24.704777241009126,4.1129898013955986,51.85856146001073,3.938539989264627,0.11406333870101985,1.482823403113258,5.683038110574342,0.03354804079441761,0.46296296296296297,
135,5.750134192163178,0.36231884057971014,1.7579173376274826,24.630971551261407,4.1129898013955986,51.570048309178745,4.079441760601181,0.11406333870101985,1.5163714439076759,5.609232420826624,0.03354804079441761,0.46296296296296297,
136,5.8172302737520125,0.36231884057971014,1.7579173376274826,24.61755233494364,4.086151368760064,51.348631239935585,4.247181964573269,0.11406333870101985,1.5096618357487923,5.642780461621041,0.03354804079441761,0.46296296296296297,
137,5.488459473966721,0.36231884057971014,1.0735373054213635,21.544551798174986,2.918679549114332,57.07192699946323,3.9184111647879765,0.11406333870101985,1.415727321524423,5.595813204508857,0.03354804079441761,0.46296296296296297,
138,4.871175523349437,0.32877079978529256,0.32877079978529256,20.665593129361245,2.844873859366613,59.03113258185722,3.6097691894793345,0.11406333870101985,1.1674718196457328,6.561996779388084,0.0067096081588835215,0.46967257112184646,
139,4.85775630703167,0.32877079978529256,0.32877079978529256,22.356414385399894,2.8515834675254963,57.78314546430489,3.81105743424584,0.08051529790660225,1.221148684916801,5.904455179817498,0.0067096081588835215,0.46967257112184646,
140,5.092592592592593,0.32877079978529256,0.32877079978529256,22.17525496511004,2.8515834675254963,57.71604938271605,3.844605475040258,0.08051529790660225,1.3083735909822867,5.803811057434245,0.0067096081588835215,0.46296296296296297,
141,5.448201825013419,0.32877079978529256,0.36902844873859364,22.108158883521202,2.8381642512077296,57.098765432098766,4.139828234031133,0.07380568974771873,1.3419216317767042,5.783682232957595,0.0067096081588835215,0.46296296296296297,
142,5.522007514761138,0.32877079978529256,0.6239935587761675,22.034353193773484,2.8381642512077296,56.80354267310789,4.133118625872249,0.07380568974771873,1.3888888888888888,5.783682232957595,0.0067096081588835215,0.46296296296296297,
143,5.555555555555555,0.32877079978529256,0.5568974771873323,23.51046698872786,3.7037037037037037,54.629629629629626,4.126409017713366,0.06038647342995169,1.288244766505636,5.770263016639828,0.0067096081588835215,0.46296296296296297,
144,5.441492216854535,0.32877079978529256,0.5568974771873323,22.148416532474503,3.0394524959742353,56.696188942565755,4.206924315619967,0.06038647342995169,1.3016639828234031,5.750134192163178,0.0067096081588835215,0.46296296296296297,
145,5.528717122920021,0.32877079978529256,0.5904455179817498,22.034353193773484,3.0394524959742353,56.427804616210416,4.38137412775094,0.06038647342995169,1.3888888888888888,5.750134192163178,0.0067096081588835215,0.46296296296296297,
146,5.689747718733226,0.32877079978529256,0.5568974771873323,21.651905528717123,3.0394524959742353,56.353998926462694,4.428341384863124,0.06038647342995169,1.6706924315619969,5.750134192163178,0.0067096081588835215,0.46296296296296297,
147,5.790391841116479,0.32877079978529256,0.5568974771873323,21.64519592055824,3.066290928609769,56.11916264090177,4.5893719806763285,0.06038647342995169,1.6706924315619969,5.703166935050993,0.0067096081588835215,0.46296296296296297,
148,5.381105743424584,0.322061191626409,0.33548040794417605,30.327428878153516,2.965646806226516,48.711755233494365,4.146537842190016,0.06038647342995169,1.6639828234031133,5.5756843800322065,0.0067096081588835215,0.5032206119162641,
149,5.4616210413311865,0.322061191626409,0.33548040794417605,29.421631776704242,2.6502952227589907,48.37627482555019,5.173107890499195,0.06038647342995169,1.6572732152442298,6.0587761674718195,0.0067096081588835215,0.47638217928073,
150,5.387815351583468,0.322061191626409,0.322061191626409,29.24718196457327,2.6502952227589907,43.565485775630705,4.74369296833065,0.06038647342995169,1.5767579173376274,11.641170155662909,0.0067096081588835215,0.47638217928073,
151,5.642780461621041,0.322061191626409,0.3488996242619431,29.139828234031132,2.536231884057971,43.243424584004295,4.757112184648417,0.06038647342995169,1.5499194847020934,11.83574879227053,0.0067096081588835215,0.5568974771873323,
152,5.810520665593129,0.322061191626409,0.46296296296296297,29.139828234031132,2.5161030595813205,43.00858829844337,4.8443370907139025,0.06038647342995169,1.5499194847020934,11.721685453569512,0.0067096081588835215,0.5568974771873323,
153,4.904723564143854,0.020128824476650563,0.2616747181964573,22.249060654857757,2.227589908749329,54.146537842190014,3.435319377348363,0.06038647342995169,1.402308105206656,11.003757380568974,0.0067096081588835215,0.28180354267310787,
154,5.0993022007514766,0.020128824476650563,0.2616747181964573,20.719269994632313,2.227589908749329,53.60305958132045,3.549382716049383,0.06038647342995169,1.3821792807300053,12.801932367149758,0.0067096081588835215,0.2683843263553409,
155,5.253623188405797,0.020128824476650563,0.2616747181964573,19.32367149758454,3.750670960815888,53.213902308105204,3.6500268384326353,0.06038647342995169,1.415727321524423,12.741545893719806,0.0067096081588835215,0.30193236714975846,
156,5.12614063338701,0.020128824476650563,0.2616747181964573,24.785292538915726,3.7238325281803544,50.295222758990874,3.3950617283950617,0.06038647342995169,1.4626945786366077,10.534084809447128,0.03354804079441761,0.30193236714975846,
157,5.35426731078905,0.020128824476650563,0.2616747181964573,24.751744498121308,3.69699409554482,50.1207729468599,3.408480944712829,0.06038647342995169,1.4895330112721417,10.50053676865271,0.03354804079441761,0.30193236714975846,
158,5.267042404723564,0.020128824476650563,0.30864197530864196,26.31508319914117,3.6768652710681695,48.980139559849704,3.408480944712829,0.06038647342995169,1.3888888888888888,10.238862050456254,0.03354804079441761,0.30193236714975846,
159,5.434782608695652,0.020128824476650563,0.3421900161030596,26.268115942028984,3.6768652710681695,48.792270531400966,3.408480944712829,0.06038647342995169,1.5029522275899088,10.158346752549651,0.03354804079441761,0.30193236714975846,
160,5.005367686527107,0.020128824476650563,0.3421900161030596,24.698067632850243,3.656736446591519,50.556897477187334,3.6902844873859366,0.06038647342995169,1.5029522275899088,10.131508319914117,0.03354804079441761,0.30193236714975846,
161,5.059044551798175,0.020128824476650563,0.3757380568974772,24.671229200214707,3.6500268384326353,46.484165324745035,7.682501341921632,0.06038647342995169,1.5029522275899088,10.124798711755233,0.03354804079441761,0.33548040794417605,
162,5.226784755770263,0.020128824476650563,0.5032206119162641,24.55716586151369,3.6500268384326353,46.02791196994095,7.930756843800322,0.06038647342995169,1.5767579173376274,10.064412238325282,0.04696725711218465,0.33548040794417605,
163,5.347557702630167,0.020128824476650563,0.48980139559849706,24.550456253354803,3.6500268384326353,45.82662372517445,8.05823939881911,0.06038647342995169,1.5633387010198605,10.050993022007514,0.04696725711218465,0.33548040794417605,
164,5.481749865807837,0.020128824476650563,0.48980139559849706,24.44310252281267,3.656736446591519,45.62533548040794,8.158883521202362,0.06038647342995169,1.6371443907675791,10.044283413848632,0.04696725711218465,0.33548040794417605,
165,5.367686527106817,0.020128824476650563,0.48980139559849706,19.726247987117553,3.629898013955985,51.17418142780462,7.64224369296833,0.06038647342995169,1.5163714439076759,10.02415458937198,0.04696725711218465,0.30193236714975846,
166,5.35426731078905,0.020128824476650563,0.48980139559849706,18.894256575415994,3.629898013955985,50.34219001610306,7.695920558239399,0.06038647342995169,1.4492753623188406,11.714975845410628,0.04696725711218465,0.30193236714975846,
167,5.475040257648954,0.020128824476650563,0.644122383252818,18.84728931830381,3.603059581320451,50.10735373054214,7.675791733762749,0.06038647342995169,1.4492753623188406,11.701556629092861,0.04696725711218465,0.3421900161030596,0.026838432635534086
168,5.723295759527644,0.020128824476650563,0.644122383252818,18.766774020397207,3.5829307568438002,50.0,7.648953301127214,0.06038647342995169,1.482823403113258,11.654589371980677,0.04696725711218465,0.3421900161030596,0.026838432635534086
169,5.10601180891036,0.020128824476650563,0.7179280730005367,27.563070316693505,3.099838969404187,44.26328502415459,7.769726247987117,0.06038647342995169,1.3955984970477724,9.628287707997853,0.04696725711218465,0.30193236714975846,0.026838432635534086
170,4.944981213097155,0.020128824476650563,1.5297906602254427,29.47530864197531,3.099838969404187,43.51851851851852,7.689210950080516,0.06038647342995169,1.4895330112721417,7.7898550724637685,0.03354804079441761,0.322061191626409,0.026838432635534086
171,5.146269457863661,0.020128824476650563,1.5633387010198605,29.414922168545356,3.099838969404187,43.35077831454643,7.729468599033816,0.06038647342995169,1.4761137949543746,7.729468599033816,0.06038647342995169,0.322061191626409,0.026838432635534086
172,5.35426731078905,0.020128824476650563,1.5633387010198605,29.32769726247987,3.099838969404187,43.31052066559313,7.608695652173913,0.06038647342995169,1.4761137949543746,7.702630166398282,0.06038647342995169,0.322061191626409,0.0939345142243693
173,5.428073000536768,0.020128824476650563,1.6237251744498122,29.240472356414386,3.099838969404187,43.20987654320987,7.635534084809447,0.06038647342995169,1.5029522275899088,7.702630166398282,0.06038647342995169,0.322061191626409,0.0939345142243693
174,5.71658615136876,0.020128824476650563,1.6237251744498122,25.751476113794954,3.0595813204508855,45.54482018250134,7.6623725174449815,0.06038647342995169,1.4895330112721417,8.59500805152979,0.06038647342995169,0.322061191626409,0.0939345142243693
175,5.501878690284487,0.020128824476650563,1.6237251744498122,24.456521739130434,3.0595813204508855,43.12265163714439,7.4006977992485234,0.06038647342995169,1.328502415458937,13.009930220075148,0.06038647342995169,0.2616747181964573,0.0939345142243693
176,5.515297906602254,0.020128824476650563,1.6438539989264627,24.44310252281267,3.0595813204508855,43.07568438003221,7.380568974771873,0.08722490606548577,1.3217928073000538,13.063607085346217,0.06038647342995169,0.23483628556092323,0.0939345142243693
177,5.649490069779925,0.020128824476650563,2.3550724637681157,24.4296833064949,3.0730005367686526,42.56575415995706,7.159151905528717,0.08722490606548577,1.3083735909822867,12.962962962962964,0.06038647342995169,0.23483628556092323,0.0939345142243693
