,45,50,53,54,52,55,51,56,57
0,99.72490606548577,0.27509393451422437,,,,,,,
1,95.39049919484702,4.609500805152979,,,,,,,
2,95.35695115405261,4.643048845947397,,,,,,,
3,93.10923242082663,6.890767579173376,,,,,,,
4,87.7818035426731,12.218196457326892,,,,,,,
5,87.59393451422437,12.406065485775631,,,,,,,
6,81.0654857756307,18.625872249060656,0.12077294685990338,0.1878690284487386,,,,,
7,80.93129361245303,18.760064412238325,0.12077294685990338,0.1878690284487386,,,,,
8,80.68974771873323,19.00161030595813,0.12077294685990338,0.1878690284487386,,,,,
9,80.64278046162104,19.048577563070317,0.12077294685990338,0.1878690284487386,,,,,
10,80.15968867418142,19.32367149758454,0.24825550187869028,0.1878690284487386,0.08051529790660225,,,,
11,79.88459473966721,19.55179817498658,0.24825550187869028,0.1878690284487386,0.08051529790660225,0.04696725711218465,,,
12,79.66988727858293,19.766505636070853,0.24825550187869028,0.1878690284487386,0.08051529790660225,0.04696725711218465,,,
13,77.8918411164788,21.021202361782073,0.6575415995705851,0.1878690284487386,0.08051529790660225,0.1610305958132045,,,
14,78.03274288781535,20.739398819108963,0.6575415995705851,0.1878690284487386,0.08051529790660225,0.30193236714975846,,,
15,77.91196994095544,20.873590982286636,0.6575415995705851,0.17444981213097155,0.08051529790660225,0.30193236714975846,,,
16,76.33521202361781,22.571121846484164,0.5367686527106817,0.17444981213097155,0.08051529790660225,0.30193236714975846,,,
17,76.23456790123457,22.67176596886742,0.5367686527106817,0.17444981213097155,0.08051529790660225,0.30193236714975846,,,
18,76.1003757380569,22.805958132045088,0.5367686527106817,0.17444981213097155,0.08051529790660225,0.30193236714975846,,,
19,75.46296296296296,23.443370907139023,0.5367686527106817,0.17444981213097155,0.08051529790660225,0.30193236714975846,,,
20,75.46967257112185,23.242082662372518,0.46296296296296297,0.17444981213097155,0.2616747181964573,0.30193236714975846,0.08722490606548577,,
21,74.33574879227054,24.329039184111647,0.46296296296296297,0.15432098765432098,0.32877079978529256,0.30193236714975846,0.08722490606548577,,
22,74.3491680085883,24.329039184111647,0.46296296296296297,0.15432098765432098,0.3153515834675255,0.30193236714975846,0.08722490606548577,,
23,72.00751476113795,26.37546967257112,0.46296296296296297,0.15432098765432098,0.3153515834675255,0.30193236714975846,0.3824476650563607,,
24,67.86097691894793,27.67042404723564,0.46296296296296297,0.08051529790660225,0.3153515834675255,0.30193236714975846,3.307836822329576,,
25,66.35802469135803,29.159957058507782,0.5904455179817498,0.08051529790660225,0.3153515834675255,0.19457863660762212,3.3011272141706924,,
26,65.98899624261944,29.361245303274288,0.7581857219538379,0.08051529790660225,0.3153515834675255,0.19457863660762212,3.3011272141706924,,
27,65.29790660225443,30.05233494363929,0.7581857219538379,0.08051529790660225,0.3153515834675255,0.19457863660762212,3.3011272141706924,,
28,62.204777241009126,33.17901234567901,0.7581857219538379,0.08051529790660225,0.3153515834675255,0.32877079978529256,3.1333870101986045,,
29,62.35909822866345,33.12533548040794,0.7313472893183038,0.08051529790660225,0.3153515834675255,0.3153515834675255,3.0730005367686526,,
30,61.292270531400966,33.93048845947396,0.7313472893183038,0.2147074610842727,0.46967257112184646,0.4562533548040794,2.9052603327965647,,
31,61.07085346215781,33.682232957595275,0.7313472893183038,0.08051529790660225,0.8387010198604401,0.6910896403650026,2.9052603327965647,,
32,60.94337090713902,33.84997316156736,0.7246376811594203,0.08051529790660225,0.8387010198604401,0.6910896403650026,2.871712292002147,,
33,60.90311325818572,33.393719806763286,0.6575415995705851,0.08051529790660225,0.8252818035426731,0.644122383252818,3.4957058507783145,,
34,59.14519592055824,34.98389694041868,0.5837359098228664,0.08051529790660225,0.8252818035426731,0.6374127750939346,3.743961352657005,,
35,59.20558239398819,34.76247987117552,0.5770263016639828,0.08051529790660225,1.0198604401502953,0.6172839506172839,3.7372517444981215,,
36,58.923778851315085,34.58803005904455,0.785024154589372,0.08051529790660225,1.0131508319914118,0.6172839506172839,3.992216854535695,,
37,57.54159957058508,36.11782071926999,0.644122383252818,0.322061191626409,0.8588298443370908,0.5434782608695652,3.9720880300590444,,
38,57.588566827697264,36.010466988727856,0.644122383252818,0.322061191626409,0.8454106280193237,0.5434782608695652,4.045893719806763,,
39,57.789855072463766,35.72866344605475,0.644122383252818,0.43612453032742887,0.8454106280193237,0.5434782608695652,4.012345679012346,,
40,57.29334406870639,36.14465915190553,0.6105743424584005,0.630703166935051,0.7783145464304885,0.5434782608695652,3.9989264626945786,,
41,57.045088566827694,34.5679012345679,0.5837359098228664,0.630703166935051,0.7783145464304885,0.644122383252818,5.750134192163178,,
42,54.8040794417606,36.60762211486849,0.8185721953837896,0.630703166935051,0.7783145464304885,0.8722490606548577,5.488459473966721,,
43,54.609500805152976,36.553945249597426,0.8185721953837896,0.630703166935051,0.7783145464304885,0.8722490606548577,5.736714975845411,,
44,54.8443370907139,36.37278582930757,0.8185721953837896,0.6172839506172839,0.7783145464304885,0.8521202361782072,5.71658615136876,,
45,53.76409017713365,37.714707461084274,0.8185721953837896,0.6172839506172839,0.7783145464304885,0.8387010198604401,5.46833064949007,,
46,50.691089640365,40.49919484702093,0.8185721953837896,0.6172839506172839,0.8252818035426731,0.8387010198604401,5.709876543209877,,
47,50.87224906065486,40.163714439076756,0.8185721953837896,0.7917337627482555,0.8051529790660226,0.8387010198604401,5.709876543209877,,
48,48.081052066559316,42.270531400966185,0.8185721953837896,0.785024154589372,1.1205045625335481,1.0601180891035964,5.864197530864198,,
49,47.87976382179281,42.50536768652711,0.8185721953837896,0.785024154589372,1.093666129898014,1.0601180891035964,5.857487922705314,,
50,47.89989264626946,41.7740203972088,0.8588298443370908,0.7716049382716049,1.0802469135802468,1.4962426194310252,6.119162640901771,,
51,47.92002147074611,41.4922168545357,0.8588298443370908,0.7648953301127214,1.0802469135802468,1.4895330112721417,6.394256575415996,,
52,48.087761674718195,41.10305958132045,0.8521202361782072,0.7648953301127214,1.0466988727858293,1.4895330112721417,6.655931293612453,,
53,42.3845947396672,46.96725711218465,0.8789586688137413,0.7648953301127214,1.0399892646269457,1.42914653784219,6.535158346752549,,
54,42.74691358024691,46.05475040257649,0.8789586688137413,0.7648953301127214,1.6103059581320451,1.42914653784219,6.515029522275899,,
55,43.10252281266774,45.69914117015566,0.8789586688137413,0.7648953301127214,1.6103059581320451,1.42914653784219,6.515029522275899,,
56,43.33735909822866,45.3166935050993,0.8789586688137413,0.7648953301127214,1.6103059581320451,1.6237251744498122,6.468062265163715,,
57,43.35748792270532,45.33682232957595,0.8789586688137413,0.7648953301127214,1.415727321524423,1.6237251744498122,6.421095008051529,0.20128824476650564,
58,43.71309715512614,45.00134192163178,0.8789586688137413,0.9057971014492754,1.415727321524423,1.6103059581320451,6.273483628556092,0.20128824476650564,
59,40.485775630703166,48.61782071926999,0.8789586688137413,0.7917337627482555,1.093666129898014,1.7914653784219001,6.139291465378422,0.20128824476650564,
60,35.768921095008054,52.05984970477724,0.8789586688137413,0.7581857219538379,2.2342995169082127,1.7914653784219001,6.3070316693505095,0.20128824476650564,
61,34.10493827160494,52.81132581857219,0.8655394524959742,1.6103059581320451,2.576489533011272,1.8786902844873858,5.9514224369296835,0.20128824476650564,
62,34.05126140633387,53.03274288781535,0.8655394524959742,1.6103059581320451,2.5496511003757383,1.8518518518518519,5.837359098228664,0.20128824476650564,
63,34.21229200214707,52.945517981749866,0.8655394524959742,1.6103059581320451,2.5161030595813205,1.8518518518518519,5.797101449275362,0.20128824476650564,
64,34.594739667203434,52.63687600644123,0.8655394524959742,1.6103059581320451,2.4691358024691357,1.8384326355340848,5.783682232957595,0.20128824476650564,
65,34.92351046698873,51.98604401502952,0.8387010198604401,1.570048309178744,2.442297369833602,2.0933977455716586,5.9447128287707995,0.20128824476650564,
66,35.299248523886206,51.54320987654321,0.8185721953837896,1.7981749865807837,2.442297369833602,1.9524959742351047,5.9447128287707995,0.20128824476650564,
67,35.258990874932906,51.006441223832525,0.8051529790660226,1.8384326355340848,2.442297369833602,2.0531400966183573,6.394256575415996,0.20128824476650564,
68,35.258990874932906,50.5703166935051,1.1406333870101986,2.0531400966183573,2.4020397208803006,1.9927536231884058,6.380837359098229,0.20128824476650564,
69,35.59447128287708,50.24825550187869,1.1406333870101986,2.046430488459474,2.4892646269457863,1.9927536231884058,6.286902844873859,0.20128824476650564,
70,35.829307568438004,50.053676865271065,1.1406333870101986,2.046430488459474,2.4490069779924855,1.9927536231884058,6.286902844873859,0.20128824476650564,
71,35.67498658078368,48.752012882447666,1.1406333870101986,2.046430488459474,2.3617820719269993,1.7176596886741815,8.105206655931294,0.20128824476650564,
72,35.81588835212023,48.24208266237252,1.1406333870101986,2.033011272141707,2.5966183574879227,1.7176596886741815,8.252818035426731,0.20128824476650564,
73,34.675254965110035,46.27616747181965,1.1406333870101986,1.7981749865807837,2.589908749329039,1.7981749865807837,11.520397208803006,0.20128824476650564,
74,34.655126140633385,46.3365539452496,1.1406333870101986,1.7981749865807837,2.576489533011272,1.7981749865807837,11.493558776167472,0.20128824476650564,
75,34.936929683306495,46.11513687600644,1.1406333870101986,1.7981749865807837,2.576489533011272,1.7914653784219001,11.439881910896403,0.20128824476650564,
76,35.11808910359635,45.70585077831455,1.1272141706924315,1.7981749865807837,2.952227589908749,1.7713365539452497,11.325818572195384,0.20128824476650564,
77,35.158346752549654,45.269726247987116,1.1205045625335481,1.7981749865807837,3.280998389694042,1.9189479334406871,11.252012882447666,0.20128824476650564,
78,35.35292538915727,44.907407407407405,1.3083735909822867,1.8317230273752012,3.2742887815351582,1.9122383252818036,11.211755233494364,0.20128824476650564,
79,35.57434245840043,44.7061191626409,1.4358561460010735,1.9256575415995705,3.227321524422974,1.8786902844873858,11.05072463768116,0.20128824476650564,
80,34.64170692431562,46.09500805152979,1.415727321524423,1.9256575415995705,3.3816425120772946,1.8786902844873858,10.46027911969941,0.20128824476650564,
81,35.00402576489533,45.93397745571659,1.402308105206656,1.9256575415995705,3.3816425120772946,1.8048845947396672,10.34621578099839,0.20128824476650564,
82,35.36634460547504,45.56494900697799,1.402308105206656,1.9927536231884058,3.3682232957595275,1.7981749865807837,10.305958132045088,0.20128824476650564,
83,35.25228126677402,45.4374664519592,1.3955984970477724,1.9927536231884058,3.6634460547504024,1.778046162104133,10.279119699409554,0.20128824476650564,
84,35.45356951154053,45.26301663982824,1.3955984970477724,1.9927536231884058,3.6500268384326353,1.8585614600107354,10.185185185185185,0.20128824476650564,
85,35.47369833601718,44.12238325281803,1.3955984970477724,2.8650026838432634,3.6097691894793345,2.187332259796028,10.144927536231885,0.20128824476650564,
86,35.15163714439077,43.12265163714439,1.3888888888888888,2.5966183574879227,3.2742887815351582,2.1604938271604937,12.104133118625873,0.20128824476650564,
87,35.46027911969941,42.76033279656468,1.3888888888888888,2.636876006441224,3.2541599570585076,2.301395598497048,12.00348899624262,0.19457863660762212,
88,35.70182501341922,42.39801395598497,1.3754696725711217,2.6301663982823404,3.3145464304884595,2.2946859903381642,12.151100375738057,0.13419216317767044,
89,35.45356951154053,40.74074074074074,1.570048309178744,2.8784219001610305,3.3145464304884595,2.844873859366613,13.063607085346217,0.13419216317767044,
90,35.74208266237252,40.49248523886205,1.5432098765432098,2.8784219001610305,3.1602254428341383,2.8381642512077296,13.211218464841654,0.13419216317767044,
91,35.35292538915727,39.28475577026302,1.5432098765432098,2.8784219001610305,3.1468062265163717,2.804616210413312,14.861782071927,0.1274825550187869,
92,35.587761674718195,39.029790660225444,1.6572732152442298,2.8650026838432634,3.1468062265163717,2.7979066022544283,14.78797638217928,0.1274825550187869,
93,35.587761674718195,38.79495437466452,1.9726247987117553,2.8381642512077296,3.113258185721954,2.7979066022544283,14.76784755770263,0.1274825550187869,
94,35.77563070316693,38.479602791196996,1.9726247987117553,2.8381642512077296,3.33467525496511,2.7979066022544283,14.673913043478262,0.1274825550187869,
95,33.561460010735374,44.6658615136876,2.01959205582394,2.13365539452496,4.05931293612453,2.6838432635534084,10.748792270531402,0.1274825550187869,
96,33.61513687600644,44.57192699946323,2.01959205582394,2.13365539452496,4.019055287171229,2.6838432635534084,10.829307568438002,0.1274825550187869,
97,32.72275899087493,45.61862587224906,2.1940418679549114,2.13365539452496,4.019055287171229,2.6838432635534084,10.513955984970478,0.11406333870101985,
98,33.00456253354804,45.03488996242619,2.1739130434782608,2.120236178207193,4.005636070853462,3.126677402039721,10.420021470746109,0.11406333870101985,
99,32.930756843800324,44.639023081052066,2.167203435319377,2.328234031132582,4.314278046162104,3.1065485775630703,10.399892646269459,0.11406333870101985,
100,32.9777241009125,44.68599033816425,2.15378421900161,2.3215244229736984,4.314278046162104,3.0864197530864197,10.34621578099839,0.11406333870101985,
101,33.15888352120236,44.35050993022008,2.1403650026838434,2.301395598497048,4.280730005367687,3.3480944712828773,10.305958132045088,0.11406333870101985,
102,33.44739667203435,44.16264090177134,2.1403650026838434,2.301395598497048,4.274020397208803,3.307836822329576,10.25228126677402,0.11406333870101985,
103,33.48094471282877,43.612453032742884,2.13365539452496,2.636876006441224,4.240472356414386,3.4286097691894795,10.352925389157273,0.11406333870101985,
104,33.031400966183575,42.250402576489535,2.1403650026838434,2.6838432635534084,4.240472356414386,3.1468062265163717,12.392646269457863,0.11406333870101985,
105,33.20585077831455,42.1430488459474,2.1403650026838434,2.6838432635534084,4.240472356414386,3.1468062265163717,12.325550187869029,0.11406333870101985,
106,33.3870101986044,41.6129898013956,2.462426194310252,2.636876006441224,4.522275899087493,3.1468062265163717,12.117552334943639,0.11406333870101985,
107,32.25979602791197,40.58641975308642,2.462426194310252,2.3349436392914655,4.3545356951154055,3.2877079978529253,14.600107353730541,0.11406333870101985,
108,32.1256038647343,40.22410091250671,2.442297369833602,2.9119699409554483,4.3478260869565215,3.166935050993022,14.667203435319378,0.11406333870101985,
109,32.2463768115942,39.821524422973695,2.5966183574879227,3.052871712292002,4.5960815888352125,3.0864197530864197,14.486044015029522,0.11406333870101985,
110,32.46108427267848,39.741009125067094,2.5966183574879227,3.052871712292002,4.569243156199678,3.0864197530864197,14.378690284487385,0.11406333870101985,
111,32.56843800322061,39.82823403113258,2.5697799248523885,2.985775630703167,4.555823939881911,3.0864197530864197,14.2914653784219,0.11406333870101985,
112,32.6154052603328,39.439076757917334,2.5697799248523885,2.985775630703167,4.8443370907139025,3.2675791733762747,14.163982823403114,0.11406333870101985,
113,32.11218464841653,37.34567901234568,2.536231884057971,2.945517981749866,6.219806763285024,3.3011272141706924,15.425389157273216,0.11406333870101985,
114,32.427536231884055,37.1309715512614,2.536231884057971,2.932098765432099,6.1929683306494905,3.3011272141706924,15.365002683843263,0.11406333870101985,
115,31.219806763285025,37.05716586151369,2.757648953301127,2.885131508319914,5.609232420826624,3.193773483628556,17.163177670424048,0.11406333870101985,
116,31.427804616210413,36.85587761674718,2.7241009125067097,3.066290928609769,5.589103596349974,3.1870638754696725,17.03569511540526,0.11406333870101985,
117,30.66290928609769,38.25147611379496,2.6972624798711755,3.2474503488996245,5.589103596349974,2.9052603327965647,16.532474503488995,0.11406333870101985,
118,30.911164787976382,37.848899624261946,2.6033279656468062,3.227321524422974,5.8239398819108965,3.0864197530864197,16.384863123993558,0.11406333870101985,
119,31.186258722490606,37.30542136339238,2.6033279656468062,3.4286097691894795,6.206387546967257,3.052871712292002,16.10305958132045,0.11406333870101985,
120,31.34728931830381,37.03032742887815,2.6033279656468062,3.408480944712829,6.179549114331723,3.5292538915727323,15.787707997852925,0.11406333870101985,
121,31.52173913043478,36.94981213097155,2.6033279656468062,3.408480944712829,6.172839506172839,3.5091250670960816,15.72061191626409,0.11406333870101985,
122,31.427804616210413,37.003488996242616,2.6502952227589907,3.388352120236178,6.333870101986044,3.502415458937198,15.579710144927537,0.11406333870101985,
123,31.49490069779925,37.084004294149224,2.6502952227589907,3.388352120236178,6.266774020397209,3.475577026301664,15.526033279656469,0.11406333870101985,
124,31.447933440687063,36.09769189479334,2.885131508319914,3.44873859366613,6.172839506172839,3.475577026301664,16.358024691358025,0.11406333870101985,
125,31.736446591519055,35.85614600107354,2.885131508319914,3.603059581320451,6.025228126677402,3.475577026301664,16.304347826086957,0.11406333870101985,
126,32.1256038647343,35.547504025764894,3.0864197530864197,3.5829307568438002,5.998389694041868,3.3480944712828773,16.19699409554482,0.11406333870101985,
127,31.52173913043478,34.11835748792271,3.052871712292002,4.320987654320987,5.367686527106817,3.294417606011809,18.209876543209877,0.11406333870101985,
128,31.850509930220074,33.943907675791735,3.052871712292002,4.320987654320987,5.307300053676865,3.294417606011809,18.12265163714439,0.10735373054213634,
129,30.589103596349972,36.48684916800859,2.831454643048846,4.300858829844337,4.690016103059581,3.2340311325818574,17.76033279656468,0.10735373054213634,
130,30.62265163714439,35.84272678475577,3.1535158346752548,4.2203435319377345,4.690016103059581,3.1870638754696725,18.17632850241546,0.10735373054213634,
131,30.656199677938808,35.37305421363392,3.126677402039721,4.180085882984434,4.918142780461621,3.535963499731616,18.10252281266774,0.10735373054213634,
132,30.971551261406333,35.13150831991412,3.0864197530864197,4.26731078904992,4.891304347826087,3.5225442834138487,18.02200751476114,0.10735373054213634,
133,31.260064412238325,34.856414385399894,3.0595813204508855,4.334406870638754,4.8443370907139025,3.670155662909286,17.867686527106816,0.10735373054213634,
134,31.300322061191626,34.655126140633385,3.1333870101986045,4.314278046162104,4.8376274825550185,3.898282340311326,17.753623188405797,0.10735373054213634,
135,31.508319914117017,34.47396672034353,3.1333870101986045,4.28743961352657,4.99194847020934,3.8915727321524423,17.60601180891036,0.10735373054213634,
136,31.890767579173378,34.292807300053674,3.1333870101986045,4.253891572732153,4.99194847020934,3.878153515834675,17.45169082125604,0.10735373054213634,
137,32.098765432098766,33.85668276972625,3.1333870101986045,4.253891572732153,4.99194847020934,4.193505099302201,17.364465915190554,0.10735373054213634,
138,31.93773483628556,33.56816961889426,3.113258185721954,4.253891572732153,5.83064949006978,4.193505099302201,16.99543746645196,0.10735373054213634,
139,32.35373054213634,33.293075684380035,3.113258185721954,4.240472356414386,5.803811057434245,4.26731078904992,16.76731078904992,0.1610305958132045,
140,32.380568974771876,33.21926999463231,3.1535158346752548,4.42163177670424,5.770263016639828,4.260601180891036,16.646537842190018,0.14761137949543746,
141,32.57514761137949,33.19243156199678,3.1535158346752548,4.394793344068707,5.730005367686527,4.260601180891036,16.545893719806763,0.14761137949543746,
142,32.56843800322061,32.94417606011809,3.361513687600644,4.394793344068707,5.730005367686527,4.260601180891036,16.59286097691895,0.14761137949543746,
143,32.33360171765969,35.487117552334944,3.294417606011809,4.052603327965647,5.146269457863661,4.159957058507783,15.378421900161031,0.14761137949543746,
144,30.797101449275363,34.72893183038111,3.294417606011809,4.045893719806763,4.931561996779388,3.750670960815888,18.323939881910896,0.1274825550187869,
145,30.770263016639827,34.23913043478261,3.180354267310789,3.878153515834675,6.568706387546968,3.455448201825013,17.780461621041333,0.1274825550187869,
146,30.99838969404187,33.82984433709071,3.1736446591519054,3.851315083199141,6.541867954911433,3.44873859366613,18.02871712292002,0.1274825550187869,
147,31.32716049382716,33.69565217391305,3.140096618357488,3.938539989264627,6.535158346752549,3.4017713365539453,17.834138486312398,0.1274825550187869,
148,31.333870101986044,33.48765432098765,3.126677402039721,3.92512077294686,6.9310252281266775,3.3413848631239937,17.726784755770264,0.1274825550187869,
149,31.702898550724637,33.23268921095008,3.1065485775630703,4.072732152442297,6.830381105743425,3.2877079978529253,17.639559849704778,0.1274825550187869,
150,31.790123456790123,32.92404723564144,3.099838969404187,4.05931293612453,6.830381105743425,3.589640365002684,17.579173376274827,0.1274825550187869,
151,31.99141170155663,32.8166935050993,2.952227589908749,4.200214707461084,6.823671497584541,3.569511540526033,17.518786902844873,0.1274825550187869,
152,32.27992485238862,32.6556629092861,2.952227589908749,4.166666666666667,6.716317767042405,3.569511540526033,17.277241009125067,0.3824476650563607,
153,32.139023081052066,32.6959205582394,2.9388083735909825,4.367954911433173,6.716317767042405,3.5426731078904994,17.216854535695116,0.3824476650563607,
154,32.41411701556629,32.17257112184648,3.012614063338701,4.5893719806763285,6.857219538378959,3.408480944712829,17.04911433172303,0.49651100375738055,
155,32.709339774557165,32.024959742351044,2.945517981749866,4.7168545356951155,6.910896403650026,3.3548040794417604,16.841116478797638,0.49651100375738055,
156,33.00456253354804,31.904186795491142,2.85829307568438,4.696725711218465,7.0383789586688135,3.3548040794417604,16.666666666666668,0.47638217928073,
157,33.32662372517445,31.78341384863124,2.831454643048846,4.683306494900698,6.944444444444445,3.3548040794417604,16.59957058507783,0.47638217928073,
158,33.353462157809986,31.32716049382716,3.0864197530864197,4.750402576489533,7.199409554482019,3.3548040794417604,16.458668813741276,0.46967257112184646,
159,33.44068706387547,31.280193236714975,3.0864197530864197,4.730273752012883,7.118894256575416,3.3413848631239937,16.532474503488995,0.46967257112184646,
160,33.74932903918411,30.770263016639827,3.33467525496511,4.683306494900698,7.058507783145465,3.4621578099838968,16.472088030059044,0.46967257112184646,
161,34.11835748792271,30.535426731078903,3.475577026301664,4.750402576489533,6.937734836285561,3.435319377348363,16.27750939345142,0.46967257112184646,
162,34.46054750402576,30.246913580246915,3.44873859366613,4.74369296833065,7.1725711218464845,3.374932903918411,16.0829307568438,0.46967257112184646,
163,34.37332259796028,29.844337090713903,3.44873859366613,4.8443370907139025,7.065217391304348,3.374932903918411,16.586151368760063,0.46296296296296297,
164,34.52093397745572,29.736983360171767,3.4420289855072466,4.824208266237251,7.024959742351046,3.374932903918411,16.552603327965645,0.5233494363929146,
165,34.75577026301664,29.636339237788512,3.4420289855072466,4.810789049919484,6.984702093397746,3.361513687600644,16.512345679012345,0.49651100375738055,
166,34.84970477724101,29.280730005367687,3.5292538915727323,4.9651100375738055,6.890767579173376,3.515834675254965,16.472088030059044,0.49651100375738055,
167,35.08454106280193,29.139828234031132,3.5292538915727323,4.9651100375738055,6.857219538378959,3.6366076221148687,16.29092860976919,0.49651100375738055,
168,34.62157809983897,28.113258185721953,6.293612453032743,4.931561996779388,6.796833064949007,3.4286097691894795,15.318035426731079,0.49651100375738055,
169,34.0378421900161,27.717391304347824,6.219806763285024,5.01207729468599,6.796833064949007,3.4286097691894795,16.29092860976919,0.49651100375738055,
170,34.40016103059581,27.616747181964573,6.152710681696189,4.978529253891573,6.763285024154589,3.4822866344605474,16.109769189479334,0.49651100375738055,
171,34.48067632850242,26.96591519055287,6.89747718733226,4.9718196457326895,6.468062265163715,3.743961352657005,15.975577026301664,0.49651100375738055,
172,34.54106280193237,26.88539989264627,6.850509930220075,5.159688674181428,6.400966183574879,3.7372517444981215,15.92860976918948,0.49651100375738055,
173,34.62157809983897,26.81159420289855,6.776704240472356,5.314009661835748,6.515029522275899,3.730542136339238,15.747450348899624,0.4830917874396135,
174,34.76918947933441,26.288244766505635,6.790123456790123,5.166398282340311,7.092055823939882,3.7037037037037037,15.707192699946322,0.4830917874396135,
175,35.13150831991412,26.268115942028984,6.756575415995706,5.166398282340311,7.092055823939882,3.6634460547504024,15.438808373590982,0.4830917874396135,
176,35.32608695652174,26.100375738056897,6.749865807836822,5.146269457863661,7.018250134192163,3.81105743424584,15.371712292002147,0.47638217928073,
177,35.47369833601718,25.986312399355878,6.749865807836822,5.132850241545894,7.018250134192163,3.81105743424584,15.351583467525497,0.47638217928073,
178,35.601180891035966,25.865539452495973,6.716317767042405,5.12614063338701,7.105475040257649,3.7775093934514223,15.331454643048845,0.47638217928073,
179,35.7085346215781,25.831991411701555,6.696188942565755,5.12614063338701,7.078636607622115,3.7775093934514223,15.304616210413311,0.47638217928073,
180,35.487117552334944,25.617283950617285,6.769994632313473,5.112721417069243,7.139023081052066,3.7775093934514223,15.619967793880837,0.47638217928073,
181,35.65485775630703,25.43612453032743,6.743156199677939,5.0993022007514766,7.125603864734299,3.7640901771336552,15.70048309178744,0.47638217928073,
182,35.89640365002684,25.369028448738593,6.78341384863124,5.065754159957058,7.078636607622115,3.7640901771336552,15.566290928609769,0.47638217928073,
183,35.99704777241009,25.335480407944175,6.756575415995706,5.059044551798175,7.065217391304348,3.750670960815888,15.559581320450885,0.47638217928073,
184,36.211755233494365,25.0,7.011540526033279,5.152979066022544,6.890767579173376,3.750670960815888,15.505904455179817,0.47638217928073,
185,36.3593666129898,24.986580783682232,6.984702093397746,5.112721417069243,6.877348362855609,3.730542136339238,15.4723564143854,0.47638217928073,
186,36.600912506709605,24.84567901234568,6.91760601180891,5.226784755770263,6.823671497584541,3.69699409554482,15.411969940955448,0.47638217928073,
187,36.882716049382715,24.704777241009126,6.951154052603328,5.213365539452496,6.743156199677939,3.69699409554482,15.331454643048845,0.47638217928073,
188,36.111111111111114,26.88539989264627,5.877616747181965,5.213365539452496,6.5552871712292005,3.69699409554482,15.183843263553408,0.47638217928073,
189,36.11782071926999,26.44927536231884,5.797101449275362,5.038915727321524,7.440955448201825,3.683574879227053,14.99597423510467,0.47638217928073,
190,36.04401502952228,26.207729468599034,5.723295759527644,5.152979066022544,7.7898550724637685,3.6231884057971016,14.982555018786902,0.47638217928073,
191,36.131239935587764,26.01315083199141,5.676328502415459,5.152979066022544,7.75630703166935,3.8915727321524423,14.9020397208803,0.47638217928073,
192,36.178207192699944,26.080246913580247,5.662909286097692,5.132850241545894,7.749597423510467,3.8848631239935587,14.834943639291465,0.47638217928073,
193,36.15807836822329,25.979602791196996,5.676328502415459,5.233494363929147,7.669082125603865,3.8177670424047236,14.989264626945786,0.47638217928073,
194,36.4398819108964,25.791733762748255,5.642780461621041,5.528717122920021,7.541599570585078,3.8177670424047236,14.76784755770263,0.46967257112184646,
195,36.52710681696189,25.44283413848631,5.622651637144391,5.515297906602254,7.709339774557166,4.119699409554482,14.593397745571659,0.46967257112184646,
196,35.487117552334944,28.039452495974235,5.0791733762748255,5.12614063338701,7.447665056360709,4.045893719806763,14.304884594739667,0.46967257112184646,
197,35.567632850241544,27.985775630703166,5.0791733762748255,5.0791733762748255,7.387278582930757,4.032474503488996,14.398819108964037,0.46967257112184646,
198,35.52066559312936,27.81803542673108,5.032206119162641,5.213365539452496,7.387278582930757,4.005636070853462,14.553140096618357,0.46967257112184646,
199,35.20531400966183,27.093397745571657,5.032206119162641,5.112721417069243,9.05126140633387,3.6500268384326353,14.38539989264627,0.46967257112184646,
200,35.36634460547504,27.03972088030059,5.032206119162641,5.112721417069243,9.004294149221685,3.6500268384326353,14.325013419216317,0.46967257112184646,
201,35.55421363392378,26.952495974235106,5.032206119162641,5.065754159957058,9.004294149221685,3.6366076221148687,14.2914653784219,0.46296296296296297,
202,35.68840579710145,26.939076757917338,5.018786902844874,5.018786902844874,8.997584541062801,3.629898013955985,14.244498121309716,0.46296296296296297,
203,35.809178743961354,26.717659688674182,4.978529253891573,5.273752012882448,8.964036500268385,3.6231884057971016,14.170692431561998,0.46296296296296297,
204,35.84272678475577,26.50966183574879,5.052334943639291,5.253623188405797,9.131776704240472,3.589640365002684,14.15727321524423,0.46296296296296297,
205,35.98362855609233,26.321792807300053,5.12614063338701,5.394524959742351,9.118357487922705,3.589640365002684,14.023081052066559,0.4428341384863124,
206,36.191626409017715,26.174181427804616,5.12614063338701,5.374396135265701,9.098228663446054,3.589640365002684,14.016371443907676,0.4294149221685454,
207,36.18491680085883,25.603864734299517,5.112721417069243,5.5689747718733225,9.312936124530328,3.8378958668813743,13.94927536231884,0.4294149221685454,
208,34.07809983896941,23.13472893183038,4.508856682769726,4.770531400966184,8.702361782071927,3.0394524959742353,21.182232957595275,0.5837359098228664,
209,34.0378421900161,23.00053676865271,4.3545356951154055,4.723564143853999,8.427267847557703,3.569511540526033,21.36339237788513,0.5233494363929146,
210,34.35990338164251,22.879763821792807,4.3545356951154055,4.7168545356951155,8.393719806763285,3.569511540526033,21.202361782071925,0.5233494363929146,
211,33.68894256575416,22.208803005904453,4.7638217928073,4.435050993022007,9.990606548577563,3.260869565217391,21.128556092324207,0.5233494363929146,
212,34.03113258185722,22.04777241009125,4.703435319377348,4.3545356951154055,10.02415458937198,3.2139023081052067,20.437466451959207,1.1876006441223832,
213,33.82984433709071,22.16183574879227,5.10601180891036,4.327697262479871,9.957058507783145,3.2139023081052067,20.21604938271605,1.1876006441223832,
214,33.97745571658615,21.920289855072465,5.092592592592593,4.4820182501341925,9.936929683306495,3.33467525496511,20.021470746108427,1.2345679012345678,
215,34.23913043478261,21.812936124530328,5.367686527106817,4.455179817498658,9.789318303811058,3.2742887815351582,19.826892109500804,1.2345679012345678,
216,34.44041867954911,21.73913043478261,5.340848094471283,4.448470209339774,9.789318303811058,3.260869565217391,19.51825013419216,1.4626945786366077,
217,34.40016103059581,21.64519592055824,5.3274288781535155,4.703435319377348,9.728931830381105,3.260869565217391,19.47128287707998,1.4626945786366077,
218,34.56119162640902,21.598228663446054,5.3341384863123995,4.696725711218465,9.681964573268921,3.2541599570585076,19.41760601180891,1.4559849704777241,
219,34.75577026301664,21.504294149221685,5.3341384863123995,4.683306494900698,9.594739667203436,3.2541599570585076,19.41760601180891,1.4559849704777241,
220,34.88325281803543,21.370101986044016,5.260332796564681,4.904723564143854,9.386741814278047,3.2541599570585076,19.484702093397747,1.4559849704777241,
221,35.017444981213096,21.28287707997853,5.233494363929147,4.904723564143854,9.366612989801396,3.321256038647343,19.41760601180891,1.4559849704777241,
222,35.279119699409556,21.16881374127751,5.2066559312936125,4.87788513150832,9.306226516371444,3.435319377348363,19.290123456790123,1.4358561460010735,
223,35.46027911969941,21.121846484165324,5.199946323134729,4.87788513150832,9.27938808373591,3.435319377348363,19.196188942565755,1.42914653784219,
224,35.628019323671495,21.021202361782073,5.146269457863661,4.871175523349437,9.245840042941492,3.5225442834138487,19.135802469135804,1.42914653784219,
225,36.03730542136339,20.86688137412775,5.233494363929147,4.851046698872786,9.151905528717123,3.4822866344605474,18.99490069779925,1.3821792807300053,
226,35.628019323671495,20.598497047772412,5.233494363929147,4.851046698872786,10.171765968867419,3.643317230273752,18.632581857219538,1.2412775093934514,
227,35.81588835212023,20.571658615136876,5.2066559312936125,4.824208266237251,10.131508319914117,3.6366076221148687,18.585614600107355,1.2278582930756843,
228,35.92324208266237,20.538110574342458,5.2066559312936125,4.824208266237251,10.111379495437467,3.6366076221148687,18.531937734836287,1.2278582930756843,
229,35.79575952764358,20.564949006977994,5.394524959742351,4.7101449275362315,10.352925389157273,3.589640365002684,18.364197530864196,1.2278582930756843,
230,35.88298443370907,20.437466451959207,5.381105743424584,4.904723564143854,10.339506172839506,3.549382716049383,18.276972624798713,1.2278582930756843,
231,35.99704777241009,20.303274288781534,5.246913580246914,4.891304347826087,10.59447128287708,3.549382716049383,18.209876543209877,1.2077294685990339,
232,36.178207192699944,20.28985507246377,5.246913580246914,5.045625335480408,10.534084809447128,3.5292538915727323,17.98845947396672,1.1876006441223832,
233,36.29898013955985,20.2361782071927,5.22007514761138,5.005367686527107,10.534084809447128,3.5225442834138487,17.954911433172303,1.2278582930756843,
234,36.41975308641975,20.175791733762747,5.22007514761138,4.978529253891573,10.721953837895867,3.388352120236178,17.887815351583466,1.2077294685990339,
235,36.36607622114869,20.128824476650564,5.025496511003757,5.179817498658078,10.943370907139023,3.388352120236178,17.907944176060116,1.0601180891035964,
236,36.39291465378422,19.93424584004294,5.025496511003757,5.132850241545894,11.238593666129898,3.3279656468062266,17.773752012882447,1.1741814278046163,
237,36.480139559849704,20.021470746108427,5.025496511003757,5.10601180891036,11.231884057971014,3.307836822329576,17.66639828234031,1.1607622114868492,
238,36.44659151905529,19.860440150295222,5.01207729468599,4.985238862050457,10.815888352120236,3.2742887815351582,18.46484165324745,1.1406333870101986,
239,36.2788513150832,19.726247987117553,5.065754159957058,4.958400429414922,10.923242082662373,3.2742887815351582,18.632581857219538,1.1406333870101986,
240,36.4398819108964,19.679280730005367,5.132850241545894,4.931561996779388,10.809178743961352,3.2675791733762747,18.59903381642512,1.1406333870101986,
241,36.78878153515835,19.585346215780998,5.12614063338701,4.871175523349437,10.72866344605475,3.2675791733762747,18.50509930220075,1.1272141706924315,
242,36.91626409017714,19.53166935050993,5.12614063338701,4.864465915190553,10.607890499194847,3.240740740740741,18.49838969404187,1.2144390767579174,
243,37.11755233494364,19.504830917874397,5.112721417069243,4.830917874396135,10.567632850241546,3.240740740740741,18.411164787976382,1.2144390767579174,
244,37.245034889962426,19.35721953837896,5.0993022007514766,4.830917874396135,10.520665593129362,3.3816425120772946,18.357487922705314,1.2077294685990339,
245,37.39264626945786,19.330381105743424,5.092592592592593,4.830917874396135,10.466988727858293,3.3816425120772946,18.297101449275363,1.2077294685990339,
246,37.58722490606549,19.290123456790123,5.065754159957058,4.810789049919484,10.393183038110575,3.3816425120772946,18.263553408480945,1.2077294685990339,
247,37.78851315083199,19.196188942565755,5.22007514761138,4.810789049919484,10.319377348362856,3.3548040794417604,18.10252281266774,1.2077294685990339,
248,37.74154589371981,19.11567364465915,5.213365539452496,5.032206119162641,10.34621578099839,3.3279656468062266,18.02871712292002,1.1943102522812667,
249,37.90257648953301,18.927804616210413,5.394524959742351,4.978529253891573,10.34621578099839,3.3279656468062266,17.92807300053677,1.1943102522812667,
250,38.00322061191626,18.90096618357488,5.381105743424584,4.9651100375738055,10.292538915727322,3.321256038647343,17.941492216854535,1.1943102522812667,
251,38.10386473429951,18.867418142780462,5.381105743424584,4.9651100375738055,10.279119699409554,3.321256038647343,17.887815351583466,1.1943102522812667,
252,38.25147611379496,18.80703166935051,5.367686527106817,4.938271604938271,10.23215244229737,3.321256038647343,17.887815351583466,1.1943102522812667,
253,38.35882984433709,18.80703166935051,5.434782608695652,4.938271604938271,10.185185185185185,3.321256038647343,17.76033279656468,1.1943102522812667,
254,38.49302200751476,18.800322061191626,5.428073000536768,4.918142780461621,10.158346752549651,3.3145464304884595,17.70665593129361,1.1808910359634996,
255,38.66747181964573,18.773483628556093,5.428073000536768,4.918142780461621,10.0979602791197,3.3145464304884595,17.619431025228128,1.1808910359634996,
256,38.7614063338701,18.65271068169619,5.562265163714439,4.891304347826087,9.863123993558776,3.3145464304884595,17.780461621041333,1.1741814278046163,
257,38.20450885668277,19.77992485238862,5.542136339237788,4.871175523349437,9.728931830381105,3.294417606011809,17.404723564143854,1.1741814278046163,
258,38.30515297906602,19.746376811594203,5.535426731078905,4.851046698872786,9.71551261406334,3.294417606011809,17.37788513150832,1.1741814278046163,
259,38.258185721953836,19.806763285024154,5.528717122920021,4.851046698872786,9.71551261406334,3.294417606011809,17.371175523349436,1.1741814278046163,
260,38.51315083199141,19.726247987117553,5.508588298443371,4.824208266237251,9.688674181427805,3.2877079978529253,17.277241009125067,1.1741814278046163,
261,38.77482555018787,19.659151905528716,5.4616210413311865,4.824208266237251,9.66183574879227,3.2877079978529253,17.09608158883521,1.2345679012345678,
262,38.7614063338701,19.639023081052066,5.4616210413311865,4.824208266237251,9.64170692431562,3.5963499731615673,16.841116478797638,1.2345679012345678,
263,38.94927536231884,19.57192699946323,5.448201825013419,4.74369296833065,9.634997316156737,3.670155662909286,16.74718196457327,1.2345679012345678,
264,39.02308105206656,19.524959742351047,5.421363392377885,4.74369296833065,9.749060654857756,3.6500268384326353,16.666666666666668,1.221148684916801,
265,39.10359634997316,19.51154052603328,5.401234567901234,4.736983360171766,9.722222222222221,3.6500268384326353,16.6532474503489,1.221148684916801,
266,39.23778851315083,19.47128287707998,5.683038110574342,4.622920021470746,9.681964573268921,3.4621578099838968,16.61969940955448,1.221148684916801,
267,39.2512077294686,19.384057971014492,5.9447128287707995,4.5960815888352125,9.648416532474503,3.33467525496511,16.61969940955448,1.221148684916801,
268,39.40552871712292,19.370638754696724,5.917874396135265,4.569243156199678,9.634997316156737,3.321256038647343,16.57944176060118,1.2010198604401503,
269,39.57997852925389,19.363929146537842,5.917874396135265,4.609500805152979,9.601449275362318,3.240740740740741,16.505636070853463,1.1808910359634996,
270,39.774557165861516,19.330381105743424,5.911164787976382,4.609500805152979,9.554482018250134,3.1870638754696725,16.451959205582394,1.1808910359634996,
271,39.942297369833604,19.30354267310789,5.884326355340848,4.602791196994096,9.520933977455716,3.1870638754696725,16.089640365002683,1.4694041867954912,
272,40.00939345142244,19.30354267310789,5.991680085882985,4.549114331723027,9.50751476113795,3.113258185721954,16.056092324208265,1.4694041867954912,
273,40.21068169618894,19.28341384863124,6.072195383789587,4.488727858293076,9.473966720343531,3.113258185721954,15.895061728395062,1.4626945786366077,
