,45,50,51,55,53,52,56,57,54,58
0,96.28287707997853,3.717122920021471,,,,,,,,
1,96.28287707997853,3.717122920021471,,,,,,,,
2,96.28287707997853,3.717122920021471,,,,,,,,
3,88.24476650563606,11.75523349436393,,,,,,,,
4,86.70155662909286,13.298443370907139,,,,,,,,
5,85.5072463768116,14.492753623188406,,,,,,,,
6,78.7909286097692,21.20907139023081,,,,,,,,
7,77.36849168008588,17.612721417069242,5.018786902844874,,,,,,,
8,58.9573268921095,36.560654857756305,4.28743961352657,0.19457863660762212,,,,,,
9,58.95061728395062,34.628287707997856,3.549382716049383,,2.871712292002147,,,,,
10,59.12506709608159,34.514224369296834,3.488996242619431,,2.871712292002147,,,,,
11,59.265968867418145,34.37332259796028,3.488996242619431,,2.871712292002147,,,,,
12,59.33977455716586,34.29951690821256,3.488996242619431,,2.871712292002147,,,,,
13,59.4873859366613,34.15190552871712,3.488996242619431,,2.871712292002147,,,,,
14,59.62157809983897,34.01771336553945,3.488996242619431,,2.871712292002147,,,,,
15,59.675254965110035,33.964036500268385,3.488996242619431,,2.871712292002147,,,,,
16,59.74906065485776,33.91035963499731,3.4688674181427803,,2.871712292002147,,,,,
17,59.86983360171766,33.823134728931834,3.4688674181427803,,2.8381642512077296,,,,,
18,59.91009125067096,33.782877079978526,3.4688674181427803,,2.8381642512077296,,,,,
19,59.52093397745572,32.44095544820183,3.4688674181427803,,2.8381642512077296,1.7310789049919484,,,,
20,59.60144927536232,32.360440150295226,3.4688674181427803,,2.8381642512077296,1.7310789049919484,,,,
21,58.863392377885134,33.09849704777241,3.4688674181427803,,2.8381642512077296,1.7310789049919484,,,,
22,48.29575952764358,43.666129898013956,3.4688674181427803,,2.8381642512077296,1.7310789049919484,,,,
23,48.31588835212023,41.95517981749866,3.4688674181427803,1.6908212560386473,2.8381642512077296,1.7310789049919484,,,,
24,48.490338164251206,41.79414922168545,3.4688674181427803,1.6908212560386473,2.8247450348899625,1.7310789049919484,,,,
25,47.054482018250134,39.9020397208803,3.4688674181427803,1.6908212560386473,2.8247450348899625,5.059044551798175,,,,
26,47.114868491680085,39.88862050456253,3.4688674181427803,1.6908212560386473,2.7777777777777777,5.059044551798175,,,,
27,47.18196457326892,39.2914653784219,3.4688674181427803,1.6908212560386473,2.7777777777777777,5.589103596349974,,,,
28,47.34299516908212,39.070048309178745,3.4688674181427803,1.751207729468599,2.7777777777777777,5.589103596349974,,,,
29,45.45759527643585,41.706924315619965,3.44873859366613,1.751207729468599,2.7777777777777777,4.85775630703167,,,,
30,43.78690284487386,43.39774557165862,3.44873859366613,1.751207729468599,2.7777777777777777,4.8376274825550185,,,,
31,43.69296833064949,40.284487385936664,3.435319377348363,1.751207729468599,2.7777777777777777,8.05823939881911,,,,
32,41.968599033816425,36.560654857756305,9.158615136876007,1.751207729468599,2.7777777777777777,7.7831454643048845,,,,
33,42.03569511540526,36.513687600644126,9.145195920558239,1.751207729468599,2.7777777777777777,7.776435856146001,,,,
34,42.24369296833065,36.41304347826087,9.125067096081589,1.751207729468599,2.6972624798711755,7.769726247987117,,,,
35,42.27724100912507,36.14465915190553,9.802737520128824,1.751207729468599,2.6972624798711755,7.326892109500805,,,,
36,41.51905528717123,37.104133118625874,9.769189479334408,1.751207729468599,2.6704240472356413,7.185990338164252,,,,
37,41.706924315619965,36.94981213097155,9.749060654857756,1.751207729468599,2.657004830917874,7.185990338164252,,,,
38,38.31186258722491,39.99597423510467,8.80300590445518,1.751207729468599,2.999194847020934,7.185990338164252,0.95276435856146,,,
39,38.479602791196996,39.84836285560923,8.80300590445518,1.751207729468599,2.999194847020934,7.1658615136876005,0.95276435856146,,,
40,38.53327965646806,38.69431025228127,7.7361782071927,1.751207729468599,2.999194847020934,10.279119699409554,0.0067096081588835215,,,
41,38.6808910359635,38.59366612989801,7.7361782071927,1.751207729468599,2.999194847020934,10.23215244229737,0.0067096081588835215,,,
42,36.963231347289316,32.51476113794954,7.702630166398282,1.6639828234031133,2.898550724637681,18.250134192163177,0.0067096081588835215,,,
43,37.245034889962426,32.45437466451959,7.64224369296833,1.6639828234031133,2.8918411164787976,18.095813204508858,0.0067096081588835215,,,
44,37.34567901234568,32.407407407407405,7.608695652173913,1.6639828234031133,2.8918411164787976,18.075684380032207,0.0067096081588835215,,,
45,33.59500805152979,36.211755233494365,7.608695652173913,1.6639828234031133,2.8918411164787976,18.02200751476114,0.0067096081588835215,,,
46,33.722490606548575,36.151368760064415,7.541599570585078,1.6639828234031133,2.8918411164787976,18.02200751476114,0.0067096081588835215,,,
47,33.93719806763285,36.07085346215781,7.541599570585078,1.6438539989264627,2.818035426731079,17.98174986580784,0.0067096081588835215,,,
48,34.03113258185722,36.04401502952228,7.521470746108427,1.6438539989264627,2.818035426731079,17.934782608695652,0.0067096081588835215,,,
49,32.15244229736983,34.38003220611916,11.178207192699947,1.6438539989264627,2.818035426731079,17.820719269994633,0.0067096081588835215,,,
50,32.43424584004294,34.35990338164251,10.990338164251208,1.6438539989264627,2.791196994095545,17.773752012882447,0.0067096081588835215,,,
51,32.400697799248526,33.9573268921095,10.84272678475577,1.7646269457863661,4.777241009125067,16.25067096081589,0.0067096081588835215,,,
52,32.306763285024154,33.93048845947396,9.426999463231347,1.7646269457863661,4.777241009125067,16.21712292002147,1.5767579173376274,,,
53,32.45437466451959,33.85668276972625,9.406870638754697,1.7646269457863661,4.777241009125067,16.170155662909288,1.570048309178744,,,
54,28.99892646269458,33.272946859903385,14.861782071927,1.7646269457863661,4.388083735909823,15.143585614600108,1.570048309178744,,,
55,28.911701556629094,32.15244229736983,14.579978529253891,1.7042404723564144,4.388083735909823,16.6935050993022,1.570048309178744,,,
56,28.079710144927535,26.20101986044015,21.73913043478261,1.7042404723564144,4.052603327965647,16.6532474503489,1.570048309178744,,,
57,28.193773483628558,26.167471819645733,21.672034353193773,1.7042404723564144,4.052603327965647,16.6532474503489,1.556629092860977,,,
58,28.267579173376276,26.127214170692433,21.638486312399355,1.7042404723564144,4.052603327965647,16.6532474503489,1.556629092860977,,,
59,28.475577026301664,26.06682769726248,21.557971014492754,1.6908212560386473,4.052603327965647,16.451959205582394,1.556629092860977,0.14761137949543746,,
60,25.704508856682768,24.288781535158346,30.783682232957595,1.4626945786366077,2.563070316693505,13.647342995169081,1.5499194847020934,,,
61,24.14117015566291,23.503757380568974,34.0378421900161,1.4626945786366077,2.563070316693505,12.741545893719806,1.5499194847020934,,,
62,23.758722490606548,22.48389694041868,33.823134728931834,1.4626945786366077,2.1739130434782608,14.74771873322598,1.5499194847020934,,,
63,15.076489533011273,30.394524959742352,33.78958668813741,1.4626945786366077,1.865271068169619,14.553140096618357,1.5499194847020934,,1.3083735909822867,
64,15.143585614600108,30.347557702630166,36.87600644122383,1.4626945786366077,1.865271068169619,11.446591519055287,1.5499194847020934,,1.3083735909822867,
65,15.230810520665592,28.462157809983896,35.265700483091784,4.891304347826087,1.865271068169619,11.426462694578637,1.5499194847020934,,1.3083735909822867,
66,15.183843263553408,28.442028985507246,35.44685990338164,4.891304347826087,1.865271068169619,11.325818572195384,1.5499194847020934,,1.2949543746645196,
67,15.566290928609769,27.717391304347824,35.35292538915727,5.374396135265701,1.865271068169619,11.2788513150832,1.5499194847020934,,1.2949543746645196,
68,15.814546430488459,27.643585614600106,35.05099302200752,5.508588298443371,1.865271068169619,11.2788513150832,1.5432098765432098,,1.2949543746645196,
69,16.06280193236715,27.059849704777243,34.856414385399894,5.481749865807837,1.865271068169619,10.943370907139023,1.5432098765432098,,2.187332259796028,
70,16.431830381105744,26.972624798711756,34.66183574879227,5.394524959742351,1.865271068169619,10.943370907139023,1.5432098765432098,,2.187332259796028,
71,16.243961352657006,26.7512077294686,35.14492753623188,5.3341384863123995,1.865271068169619,10.929951690821255,1.5432098765432098,,2.187332259796028,
72,16.391572732152444,26.67740203972088,35.12479871175523,5.3341384863123995,1.865271068169619,10.876274825550189,1.5432098765432098,,2.187332259796028,
73,16.700214707461082,26.590177133655395,35.00402576489533,5.307300053676865,1.865271068169619,10.84272678475577,1.5029522275899088,,2.187332259796028,
74,16.968599033816425,26.56333870101986,34.95034889962426,5.307300053676865,1.8384326355340848,10.681696188942565,1.5029522275899088,,2.187332259796028,
75,17.01556629092861,26.54320987654321,34.92351046698873,5.307300053676865,1.8384326355340848,10.681696188942565,1.5029522275899088,,2.187332259796028,
76,17.163177670424048,26.496242619431026,34.836285560923244,5.307300053676865,1.8384326355340848,10.668276972624799,1.5029522275899088,,2.187332259796028,
77,17.458400429414922,26.462694578636608,34.614868491680085,5.307300053676865,1.8384326355340848,10.628019323671497,1.5029522275899088,,2.187332259796028,
78,14.928878153515834,39.65378421900161,30.817230273752013,5.032206119162641,0.10735373054213634,8.21256038647343,,,1.247987117552335,
79,15.096618357487923,39.53972088030059,30.776972624798713,5.032206119162641,0.10735373054213634,8.199141170155663,,,1.247987117552335,
80,15.210681696188942,39.42565754159957,30.776972624798713,5.032206119162641,0.10735373054213634,8.199141170155663,,,1.247987117552335,
81,15.385131508319914,39.29817498658078,30.730005367686527,5.032206119162641,0.10735373054213634,8.199141170155663,,,1.247987117552335,
82,15.70048309178744,39.18411164787977,30.575684380032207,5.032206119162641,0.10735373054213634,8.172302737520129,,,1.2278582930756843,
83,13.365539452495975,36.66129898013956,35.49382716049383,5.032206119162641,0.10735373054213634,8.13875469672571,,,1.2010198604401503,
84,13.419216317767042,36.66129898013956,35.33279656468062,5.166398282340311,0.10735373054213634,8.111916264090176,,,1.2010198604401503,
85,13.439345142243694,30.64278046162104,35.28582930756844,5.166398282340311,0.10735373054213634,8.111916264090176,,,7.246376811594203,
86,13.801663982823403,30.62265163714439,34.98389694041868,5.146269457863661,0.10735373054213634,8.09849704777241,,,7.239667203435319,
87,14.029790660225443,30.535426731078903,34.68196457326892,5.3274288781535155,0.10735373054213634,8.09849704777241,,,7.219538378958669,
88,14.224369296833064,30.475040257648953,34.58803005904455,5.293880837359098,0.10735373054213634,8.091787439613526,,,7.219538378958669,
89,14.2914653784219,30.421363392377884,34.58803005904455,5.293880837359098,0.10735373054213634,8.07836822329576,,,7.219538378958669,
90,13.821792807300053,28.119967793880836,39.821524422973695,4.461889425657541,,7.092055823939882,,,6.6827697262479875,
91,14.023081052066559,27.871712292002147,39.33843263553408,5.293880837359098,,7.065217391304348,,,6.407675791733762,
92,14.217659688674182,27.871712292002147,39.31159420289855,5.24020397208803,,7.065217391304348,,,6.293612453032743,
93,14.459205582393988,26.992753623188406,39.130434782608695,5.24020397208803,,7.065217391304348,,,7.112184648416532,
94,14.687332259796028,26.90552871712292,39.090177133655395,5.159688674181428,,7.0450885668276975,,,7.112184648416532,
95,14.78797638217928,25.87895866881374,39.00295222758991,6.213097155126141,,7.0450885668276975,,,7.071926999463232,
96,14.512882447665056,25.825281803542673,37.6207729468599,6.0654857756307035,,8.903650026838433,,,7.071926999463232,
97,14.821524422973699,25.758185721953836,37.39264626945786,6.052066559312936,,8.903650026838433,,,7.071926999463232,
98,14.989264626945786,25.72463768115942,37.285292538915726,6.052066559312936,,8.903650026838433,,,7.0450885668276975,
99,15.35829307568438,25.644122383252817,37.0907139023081,6.005099302200751,,8.856682769726248,,,7.0450885668276975,
100,15.405260332796564,25.617283950617285,37.07058507783145,6.005099302200751,,8.856682769726248,,,7.0450885668276975,
101,15.5126140633387,25.617283950617285,37.01690821256039,5.991680085882985,,8.816425120772946,,,7.0450885668276975,
102,15.687063875469672,25.617283950617285,36.93639291465379,5.991680085882985,,8.816425120772946,,,6.951154052603328,
103,13.352120236178207,24.664519592055825,41.666666666666664,4.394793344068707,,8.816425120772946,,,7.105475040257649,
104,13.466183574879228,24.62426194310252,41.599570585077835,4.394793344068707,,8.809715512614064,,,7.105475040257649,
105,13.627214170692431,24.550456253354803,41.5727321524423,4.394793344068707,,8.78287707997853,,,7.071926999463232,
106,13.747987117552334,24.510198604401502,41.50563607085346,4.394793344068707,,8.78287707997853,,,7.058507783145465,
107,13.92914653784219,24.46323134728932,41.30434782608695,4.388083735909823,,8.501073537305421,,0.35560923242082665,7.058507783145465,
108,14.170692431561998,24.40955448201825,41.18357487922705,4.38137412775094,,8.460815888352121,,0.35560923242082665,7.0383789586688135,
109,14.55984970477724,24.349168008588297,40.86822329575953,4.367954911433173,,8.460815888352121,,0.35560923242082665,7.0383789586688135,
110,14.439076757917338,24.288781535158346,39.512882447665056,4.367954911433173,1.5633387010198605,8.440687063875469,,0.35560923242082665,7.03166935050993,
111,14.392109500805153,23.960010735373054,39.97584541062802,4.3545356951154055,1.5230810520665594,8.433977455716587,,0.35560923242082665,7.004830917874396,
112,14.506172839506172,23.919753086419753,39.92216854535695,4.3545356951154055,1.5230810520665594,8.413848631239935,,0.35560923242082665,7.004830917874396,
113,14.76784755770263,23.89291465378422,39.720880300590444,4.3545356951154055,1.5230810520665594,8.380300590445518,,0.35560923242082665,7.004830917874396,
114,15.116747181964573,23.544015029522274,39.40552871712292,4.7101449275362315,1.5230810520665594,8.340042941492216,,0.35560923242082665,7.004830917874396,
115,15.458937198067632,23.45679012345679,39.15727321524423,4.7101449275362315,1.5230810520665594,8.333333333333334,,0.35560923242082665,7.004830917874396,
116,15.599838969404187,23.43666129898014,39.070048309178745,4.7101449275362315,1.5230810520665594,8.333333333333334,,0.35560923242082665,6.971282877079979,
117,15.707192699946322,23.416532474503487,38.98282340311326,4.7101449275362315,1.5230810520665594,8.333333333333334,,0.35560923242082665,6.971282877079979,
118,16.0426731078905,23.403113258185723,38.66076221148685,4.7101449275362315,1.5230810520665594,8.333333333333334,,0.35560923242082665,6.971282877079979,
119,16.284219001610307,23.369565217391305,38.459473966720346,4.703435319377348,1.5230810520665594,8.333333333333334,,0.35560923242082665,6.971282877079979,
120,16.19699409554482,22.913311862587225,37.795222758990874,6.300322061191626,1.5230810520665594,7.971014492753623,,0.35560923242082665,6.944444444444445,
121,16.29092860976919,22.913311862587225,37.72141706924316,6.293612453032743,1.5096618357487923,7.971014492753623,,0.35560923242082665,6.944444444444445,
122,16.525764895330113,22.779119699409556,37.6610305958132,6.273483628556092,1.5096618357487923,7.950885668276973,,0.35560923242082665,6.944444444444445,
123,17.102791196994094,21.390230810520666,37.64090177133655,7.152442297369833,1.4895330112721417,7.937466451959206,,0.35560923242082665,6.9310252281266775,
124,17.196725711218466,21.349973161567366,36.741814278046164,7.105475040257649,1.4895330112721417,8.829844337090714,,0.35560923242082665,6.9310252281266775,
125,17.2638217928073,21.349973161567366,36.72839506172839,7.051798174986581,1.4895330112721417,8.829844337090714,,0.35560923242082665,6.9310252281266775,
126,17.310789049919485,21.349973161567366,36.69484702093398,7.0383789586688135,1.4895330112721417,8.829844337090714,,0.35560923242082665,6.9310252281266775,
127,17.384594739667204,21.289586688137412,36.68142780461621,7.0383789586688135,1.4895330112721417,8.829844337090714,,0.35560923242082665,6.9310252281266775,
128,17.404723564143854,21.068169618894256,37.03032742887815,7.0383789586688135,1.4895330112721417,8.829844337090714,,0.35560923242082665,6.78341384863124,
129,17.37788513150832,20.249597423510465,36.520397208803004,7.0383789586688135,1.4895330112721417,8.568169618894256,,0.35560923242082665,8.400429414922169,
130,17.498658078368223,20.2361782071927,36.42646269457864,7.0383789586688135,1.4895330112721417,8.568169618894256,,0.35560923242082665,8.387010198604402,
131,17.72007514761138,20.1959205582394,36.3191089640365,7.0383789586688135,1.482823403113258,8.527911969940956,,0.35560923242082665,8.360171765968868,
132,17.183306494900698,20.189210950080515,33.20585077831455,6.179549114331723,1.482823403113258,13.727858293075684,,0.23483628556092323,7.796564680622652,
133,17.236983360171767,20.00805152979066,33.20585077831455,6.340579710144928,1.482823403113258,13.727858293075684,,0.23483628556092323,7.763016639828234,
134,17.297369833601717,19.981213097155127,33.1857219538379,6.340579710144928,1.482823403113258,13.727858293075684,,0.23483628556092323,7.749597423510467,
135,17.49194847020934,19.97450348899624,33.11862587224906,6.340579710144928,1.482823403113258,13.607085346215781,,0.23483628556092323,7.749597423510467,
136,18.02871712292002,19.91411701556629,32.9777241009125,6.320450885668277,1.482823403113258,13.466183574879228,,0.23483628556092323,7.575147611379496,
137,18.33064949006978,19.880568974771872,32.789855072463766,6.320450885668277,1.482823403113258,13.39237788513151,,0.2281266774020397,7.575147611379496,
138,18.095813204508858,19.87385936661299,32.045088566827694,6.320450885668277,1.482823403113258,13.600375738056897,,0.2281266774020397,8.353462157809984,
139,18.14278046162104,19.766505636070853,31.622383252818036,6.320450885668277,1.482823403113258,13.506441223832528,,0.2281266774020397,8.930488459473967,
140,18.491680085882983,19.732957595276435,31.313741277509394,6.320450885668277,1.482823403113258,13.506441223832528,,0.2281266774020397,8.923778851315083,
141,18.5654857756307,19.706119162640903,31.313741277509394,6.320450885668277,1.482823403113258,13.47289318303811,,0.2281266774020397,8.910359634997317,
142,18.84728931830381,19.618894256575416,31.11916264090177,6.320450885668277,1.482823403113258,13.47289318303811,,0.2281266774020397,8.910359634997317,
143,19.129092860976918,19.605475040257648,31.01851851851852,6.320450885668277,1.482823403113258,13.33870101986044,,0.2281266774020397,8.876811594202898,
144,19.350509930220074,19.592055823939884,30.897745571658614,6.3070316693505095,1.482823403113258,13.023349436392914,,0.2281266774020397,9.118357487922705,
145,19.538378958668815,19.504830917874397,30.797101449275363,6.3070316693505095,1.482823403113258,13.023349436392914,,0.2281266774020397,9.118357487922705,
146,19.659151905528716,19.504830917874397,30.66290928609769,6.3070316693505095,1.482823403113258,12.902576489533011,0.13419216317767044,0.2281266774020397,9.118357487922705,
147,15.942028985507246,23.845947396672035,30.04562533548041,6.300322061191626,1.482823403113258,12.902576489533011,0.13419216317767044,0.2281266774020397,9.118357487922705,
148,16.09634997316157,23.845947396672035,30.005367686527105,6.300322061191626,1.482823403113258,12.902576489533011,0.05367686527106817,0.2281266774020397,9.084809447128288,
149,16.17686527106817,23.792270531400966,29.978529253891573,6.300322061191626,1.482823403113258,12.902576489533011,0.05367686527106817,0.2281266774020397,9.084809447128288,
150,16.378153515834676,23.70504562533548,29.87788513150832,6.300322061191626,1.482823403113258,12.902576489533011,0.05367686527106817,0.2281266774020397,9.07139023081052,
151,16.606280193236714,23.49704777241009,29.844337090713903,6.414385399892646,1.482823403113258,12.902576489533011,0.05367686527106817,0.2281266774020397,8.970746108427267,
152,16.72705314009662,23.161567364465917,29.70343531937735,6.696188942565755,1.482823403113258,12.889157273215245,0.19457863660762212,0.2281266774020397,8.917069243156199,
153,15.559581320450885,23.10789049919485,32.49463231347289,6.595544820182502,1.482823403113258,11.976650563607086,0.19457863660762212,0.2281266774020397,8.360171765968868,
154,15.895061728395062,23.10789049919485,32.35373054213634,6.575415995705851,1.482823403113258,11.81561996779388,0.19457863660762212,0.2281266774020397,8.3467525496511,
155,16.009125067096083,23.10789049919485,32.31347289318304,6.575415995705851,1.482823403113258,11.782071926999464,0.19457863660762212,0.2281266774020397,8.3064949006978,
156,16.069511540526033,23.101180891035963,32.25979602791197,6.575415995705851,1.482823403113258,11.782071926999464,0.19457863660762212,0.2281266774020397,8.3064949006978,
157,16.163446054750402,23.101180891035963,32.22624798711755,6.575415995705851,1.482823403113258,11.721685453569512,0.19457863660762212,0.2281266774020397,8.3064949006978,
158,16.203703703703702,23.09447128287708,32.19269994632314,6.575415995705851,1.482823403113258,11.721685453569512,0.19457863660762212,0.2281266774020397,8.3064949006978,
159,16.418411164787976,22.973698336017176,32.024959742351044,6.575415995705851,1.6170155662909287,11.66129898013956,0.19457863660762212,0.2281266774020397,8.3064949006978,
160,16.74718196457327,22.82608695652174,31.99812130971551,6.575415995705851,1.6170155662909287,11.506977992485238,0.19457863660762212,0.2281266774020397,8.3064949006978,
161,16.61969940955448,22.82608695652174,31.99812130971551,6.461352657004831,1.6170155662909287,11.11111111111111,0.19457863660762212,0.2281266774020397,8.943907675791733,
162,16.80756843800322,22.705314009661837,31.85721953837896,6.561996779388084,1.6170155662909287,11.084272678475577,0.19457863660762212,0.2281266774020397,8.943907675791733,
163,16.80756843800322,22.705314009661837,31.85721953837896,6.561996779388084,1.6170155662909287,11.084272678475577,0.19457863660762212,0.2281266774020397,8.943907675791733,
164,17.257112184648417,22.443639291465377,31.662640901771336,6.5552871712292005,1.6170155662909287,10.782340311325818,0.5233494363929146,0.2281266774020397,8.930488459473967,
165,17.47181964573269,22.423510466988727,31.54186795491143,6.541867954911433,1.6170155662909287,10.748792270531402,0.5233494363929146,0.20128824476650564,8.930488459473967,
166,17.62614063338701,22.423510466988727,31.414385399892645,6.541867954911433,1.6170155662909287,10.721953837895867,0.5233494363929146,0.20128824476650564,8.930488459473967,
167,17.860976918947934,22.36983360171766,31.340579710144926,6.501610305958132,1.6170155662909287,10.701825013419215,0.5032206119162641,0.20128824476650564,8.903650026838433,
168,17.94820182501342,22.114868491680085,31.340579710144926,6.3070316693505095,1.6170155662909287,10.701825013419215,0.5032206119162641,0.20128824476650564,9.265968867418144,
169,18.276972624798713,22.114868491680085,31.293612453032743,6.3070316693505095,1.6170155662909287,10.520665593129362,0.5032206119162641,0.20128824476650564,9.16532474503489,
170,18.391035963499732,21.826355340848096,30.16639828234031,6.3070316693505095,1.6170155662909287,11.896135265700483,0.5032206119162641,0.20128824476650564,9.091519055287172,
171,18.53864734299517,21.73913043478261,30.12614063338701,6.3070316693505095,1.6170155662909287,11.882716049382717,0.5032206119162641,0.20128824476650564,9.084809447128288,
172,18.867418142780462,21.631776704240472,29.99194847020934,6.253354804079442,1.6170155662909287,11.862587224906065,0.5032206119162641,0.20128824476650564,9.07139023081052,
173,19.37734836285561,21.55126140633387,29.66988727858293,6.239935587761675,1.6170155662909287,11.768652710681696,0.5032206119162641,0.20128824476650564,9.07139023081052,
174,19.719538378958667,21.490874932903917,29.448470209339774,6.239935587761675,1.6170155662909287,11.768652710681696,0.5032206119162641,0.20128824476650564,9.01100375738057,
175,19.786634460547504,21.4573268921095,29.414922168545356,6.239935587761675,1.6170155662909287,11.768652710681696,0.5032206119162641,0.20128824476650564,9.01100375738057,
176,19.79334406870639,21.309715512614062,28.951959205582394,6.1929683306494905,1.6170155662909287,12.822061191626409,0.5032206119162641,0.19457863660762212,8.61513687600644,
177,19.900697799248523,21.28287707997853,28.609769189479334,6.179549114331723,1.6170155662909287,12.801932367149758,0.8387010198604401,0.19457863660762212,8.57487922705314,
178,20.055018786902846,21.24261943102523,28.60305958132045,6.179549114331723,1.6170155662909287,12.721417069243156,0.8387010198604401,0.19457863660762212,8.548040794417606,
179,20.25630703166935,21.128556092324207,28.5426731078905,6.179549114331723,1.6170155662909287,12.721417069243156,0.8387010198604401,0.19457863660762212,8.521202361782072,
180,20.323403113258184,21.128556092324207,28.5426731078905,6.152710681696189,1.6170155662909287,12.694578636607622,0.8387010198604401,0.19457863660762212,8.507783145464305,
181,20.38378958668814,21.115136876006442,28.495705850778315,6.152710681696189,1.6170155662909287,12.694578636607622,0.8387010198604401,0.19457863660762212,8.507783145464305,
182,20.50456253354804,21.115136876006442,28.468867418142782,6.152710681696189,1.6035963499731616,12.694578636607622,0.8387010198604401,0.19457863660762212,8.427267847557703,
183,20.645464304884594,21.034621578099838,28.442028985507246,6.152710681696189,1.6035963499731616,12.674449812130971,0.9796027911969941,0.19457863660762212,8.272946859903382,
184,20.705850778314545,21.007783145464305,28.408480944712828,6.152710681696189,1.6035963499731616,12.674449812130971,0.9796027911969941,0.19457863660762212,8.272946859903382,
185,20.652173913043477,20.437466451959207,28.20048309178744,6.125872249060655,1.6035963499731616,13.58695652173913,0.9796027911969941,0.19457863660762212,8.219269994632313,
186,20.725979602791195,20.40391841116479,28.166935050993022,6.125872249060655,1.6035963499731616,13.580246913580247,0.9796027911969941,0.19457863660762212,8.219269994632313,
187,21.07487922705314,20.39049919484702,28.08641975308642,6.078904991948471,1.6035963499731616,13.513150831991412,0.9796027911969941,0.19457863660762212,8.07836822329576,
188,21.34326355340848,20.336822329575952,27.871712292002147,6.078904991948471,1.6035963499731616,13.513150831991412,0.9796027911969941,0.19457863660762212,8.07836822329576,
189,21.370101986044016,20.316693505099302,27.865002683843265,6.078904991948471,1.6035963499731616,13.513150831991412,0.9796027911969941,0.19457863660762212,8.07836822329576,
190,21.504294149221685,20.263016639828233,27.865002683843265,6.038647342995169,1.6035963499731616,13.486312399355878,0.9796027911969941,0.19457863660762212,8.064949006977992,
191,21.618357487922705,20.2361782071927,27.78448738593666,6.038647342995169,1.6035963499731616,13.479602791196994,0.9796027911969941,0.19457863660762212,8.064949006977992,
192,21.71900161030596,20.202630166398283,27.58990874932904,6.172839506172839,1.6035963499731616,13.47289318303811,0.9796027911969941,0.19457863660762212,8.064949006977992,
193,21.920289855072465,20.12211486849168,27.576489533011273,6.011808910359635,1.6035963499731616,13.419216317767042,0.9796027911969941,0.19457863660762212,8.172302737520129,
194,22.000805152979066,20.108695652173914,27.576489533011273,6.011808910359635,1.6035963499731616,13.39237788513151,0.9796027911969941,0.19457863660762212,8.132045088566828,
195,22.25577026301664,20.075147611379496,27.455716586151368,5.958132045088567,1.5767579173376274,13.372249060654857,0.9796027911969941,0.19457863660762212,8.132045088566828,
196,22.38996242619431,20.068438003220614,27.408749329039185,5.938003220611916,1.556629092860977,13.352120236178207,0.9796027911969941,0.19457863660762212,8.111916264090176,
197,22.624798711755233,19.961084272678477,27.408749329039185,5.938003220611916,1.556629092860977,13.298443370907139,0.9796027911969941,0.19457863660762212,8.038110574342458,
198,22.84621578099839,19.940955448201827,27.20746108427268,5.938003220611916,1.556629092860977,13.298443370907139,0.9796027911969941,0.19457863660762212,8.038110574342458,
199,22.940150295222757,19.860440150295222,27.20746108427268,5.938003220611916,1.556629092860977,13.298443370907139,0.9796027911969941,0.19457863660762212,8.024691358024691,
200,23.047504025764894,19.85373054213634,27.17391304347826,5.904455179817498,1.556629092860977,13.278314546430488,0.9796027911969941,0.19457863660762212,8.011272141706923,
201,23.22866344605475,19.726247987117553,27.13365539452496,5.897745571658615,1.556629092860977,13.271604938271604,0.9796027911969941,0.19457863660762212,8.011272141706923,
202,23.262211486849168,19.712828770799785,27.13365539452496,5.897745571658615,1.556629092860977,13.251476113794954,0.9796027911969941,0.19457863660762212,8.011272141706923,
203,23.443370907139023,19.612184648416534,27.059849704777243,5.897745571658615,1.556629092860977,13.24476650563607,0.9796027911969941,0.19457863660762212,8.011272141706923,
204,23.637949543746647,19.524959742351047,27.01959205582394,5.897745571658615,1.556629092860977,13.177670424047236,0.9796027911969941,0.19457863660762212,8.011272141706923,
205,23.718464841653248,19.410896403650028,26.96591519055287,5.897745571658615,1.556629092860977,13.177670424047236,0.9796027911969941,0.19457863660762212,8.09849704777241,
206,23.805689747718734,19.390767579173378,26.939076757917338,5.870907139023081,1.5499194847020934,13.170960815888352,0.9796027911969941,0.19457863660762212,8.09849704777241,
207,24.060654857756308,19.30354267310789,26.912238325281802,5.870907139023081,1.5163714439076759,13.110574342458401,0.9796027911969941,0.19457863660762212,8.051529790660226,
208,24.114331723027377,19.28341384863124,26.89210950080515,5.870907139023081,1.5163714439076759,13.110574342458401,0.9796027911969941,0.19457863660762212,8.038110574342458,
209,24.02710681696189,18.57890499194847,26.757917337627482,5.441492216854535,1.5163714439076759,12.627482555018787,0.9796027911969941,0.19457863660762212,9.876543209876543,
210,24.074074074074073,18.57890499194847,26.744498121309714,5.441492216854535,1.5163714439076759,12.627482555018787,0.9796027911969941,0.19457863660762212,9.842995169082126,
211,24.188137412775095,18.57890499194847,26.643853998926463,5.428073000536768,1.5163714439076759,12.627482555018787,0.9796027911969941,0.19457863660762212,9.842995169082126,
212,24.376006441223833,18.54535695115405,26.549919484702095,5.428073000536768,1.5163714439076759,12.627482555018787,0.9796027911969941,0.19457863660762212,9.782608695652174,
213,24.745034889962426,18.4849704777241,26.32850241545894,5.3341384863123995,1.7981749865807837,12.486580783682234,0.9796027911969941,0.1878690284487386,9.655126140633387,
214,23.389694041867955,15.908480944712828,26.154052603327965,3.8580246913580245,1.7981749865807837,18.733225979602793,0.9796027911969941,0.1878690284487386,8.99087493290392,
215,23.62453032742888,15.841384863123993,26.019860440150296,3.8580246913580245,1.7981749865807837,18.699677938808374,0.9796027911969941,0.1878690284487386,8.99087493290392,
216,24.053945249597422,15.70048309178744,25.939345142243692,3.797638217928073,1.7981749865807837,18.666129898013956,0.9796027911969941,0.1878690284487386,8.876811594202898,
217,24.174718196457327,15.673644659151906,25.87224906065486,3.7909286097691894,1.7981749865807837,18.659420289855074,0.9796027911969941,0.1878690284487386,8.863392377885132,
218,24.349168008588297,15.599838969404187,25.845410628019323,3.7909286097691894,1.7981749865807837,18.632581857219538,0.9326355340848095,0.1878690284487386,8.863392377885132,
219,24.476650563607084,15.573000536768653,25.845410628019323,3.7909286097691894,1.7981749865807837,18.61916264090177,0.9326355340848095,0.1878690284487386,8.776167471819646,
220,24.718196457326894,15.391841116478798,25.831991411701555,3.7775093934514223,1.7981749865807837,18.592324208266238,0.9326355340848095,0.1878690284487386,8.769457863660762,
221,24.86580783682233,15.385131508319914,25.79844337090714,3.7775093934514223,1.7847557702630166,18.49838969404187,0.9326355340848095,0.1878690284487386,8.769457863660762,
222,25.13419216317767,15.365002683843263,25.738056897477186,3.7775093934514223,1.7847557702630166,18.310520665593128,0.9326355340848095,0.1878690284487386,8.769457863660762,
223,24.94632313472893,15.277777777777779,24.97987117552335,3.717122920021471,2.703972088030059,18.189747718733226,0.9326355340848095,0.1878690284487386,9.064680622651638,
224,25.087224906065487,15.271068169618895,24.953032742887814,3.717122920021471,2.703972088030059,18.109232420826622,0.9259259259259259,0.1878690284487386,9.044551798174986,
225,25.429414922168544,15.210681696188942,24.825550187869027,3.717122920021471,2.677133655394525,18.08239398819109,0.9259259259259259,0.1878690284487386,8.943907675791733,
226,25.543478260869566,15.183843263553408,24.771873322597962,3.717122920021471,2.6704240472356413,18.055555555555557,0.9259259259259259,0.1878690284487386,8.943907675791733,
227,25.59044551798175,15.183843263553408,24.751744498121308,3.717122920021471,2.6704240472356413,18.02871712292002,0.9259259259259259,0.1878690284487386,8.943907675791733,
228,25.45625335480408,15.183843263553408,24.711486849168008,3.6902844873859366,2.6704240472356413,18.4044551798175,0.9259259259259259,0.1878690284487386,8.769457863660762,
229,25.59044551798175,15.183843263553408,24.684648416532475,3.6902844873859366,2.6704240472356413,18.303811057434245,0.9192163177670424,0.1878690284487386,8.769457863660762,
230,25.81857219538379,15.123456790123457,24.58400429414922,3.6902844873859366,2.6704240472356413,18.276972624798713,0.9192163177670424,0.1878690284487386,8.729200214707461,
231,25.85882984433709,15.123456790123457,24.58400429414922,3.6902844873859366,2.6704240472356413,18.250134192163177,0.9192163177670424,0.1878690284487386,8.715780998389693,
232,25.966183574879228,15.11003757380569,24.52361782071927,3.6902844873859366,2.6704240472356413,18.21658615136876,0.9192163177670424,0.1878690284487386,8.715780998389693,
233,26.080246913580247,15.083199141170155,24.456521739130434,3.6902844873859366,2.6704240472356413,18.203166935050994,0.9192163177670424,0.1878690284487386,8.709071390230811,
234,26.160762211486848,15.083199141170155,24.436392914653783,3.6902844873859366,2.6704240472356413,18.16290928609769,0.9192163177670424,0.1878690284487386,8.68894256575416,
235,26.33521202361782,15.069779924852389,24.40955448201825,3.6902844873859366,2.6704240472356413,18.02871712292002,0.9192163177670424,0.1878690284487386,8.68894256575416,
236,26.476113794954376,15.022812667740205,24.342458400429415,3.6902844873859366,2.6704240472356413,18.02871712292002,0.9057971014492754,0.1878690284487386,8.675523349436393,
237,26.50295222758991,15.022812667740205,24.335748792270532,3.683574879227053,2.885131508319914,18.02871712292002,0.9057971014492754,0.1878690284487386,8.447396672034353,
238,26.710950080515296,15.01610305958132,24.295491143317232,3.683574879227053,2.885131508319914,17.914653784219002,0.8923778851315083,0.1878690284487386,8.413848631239935,
239,26.8317230273752,14.989264626945786,24.295491143317232,3.683574879227053,2.8650026838432634,17.894524959742352,0.8923778851315083,0.1878690284487386,8.360171765968868,
240,26.979334406870638,14.922168545356952,24.255233494363928,3.683574879227053,2.8650026838432634,17.867686527106816,0.8923778851315083,0.1878690284487386,8.3467525496511,
241,27.079978529253893,14.895330112721417,24.248523886205046,3.683574879227053,2.8650026838432634,17.840848094471284,0.8923778851315083,0.1878690284487386,8.3064949006978,
242,27.30139559849705,14.78797638217928,24.20155662909286,3.683574879227053,2.8650026838432634,17.773752012882447,0.8923778851315083,0.1878690284487386,8.3064949006978,
243,27.36849168008588,14.774557165861514,24.168008588298445,3.683574879227053,2.85829307568438,17.76033279656468,0.8923778851315083,0.1878690284487386,8.3064949006978,
244,27.38191089640365,14.76784755770263,24.16129898013956,3.683574879227053,2.85829307568438,17.76033279656468,0.8923778851315083,0.1878690284487386,8.3064949006978,
245,27.482555018786904,14.74771873322598,24.12104133118626,3.656736446591519,2.85829307568438,17.746913580246915,0.8923778851315083,0.1878690284487386,8.3064949006978,
246,27.489264626945786,14.667203435319378,23.79898013955985,3.643317230273752,2.85829307568438,17.746913580246915,0.8923778851315083,0.1878690284487386,8.715780998389693,
247,27.690552871712292,14.55984970477724,23.79898013955985,3.5963499731615673,2.85829307568438,17.746913580246915,0.8923778851315083,0.1878690284487386,8.668813741277509,
248,27.992485238862052,14.492753623188406,23.738593666129898,3.5963499731615673,2.844873859366613,17.746913580246915,0.8923778851315083,0.1878690284487386,8.507783145464305,
249,28.079710144927535,14.472624798711756,23.698336017176597,3.5963499731615673,2.844873859366613,17.58588298443371,0.8923778851315083,0.1878690284487386,8.641975308641975,
250,28.287707997852927,14.42565754159957,23.68491680085883,3.5963499731615673,2.7308105206655933,17.55233494363929,0.8923778851315083,0.1878690284487386,8.641975308641975,
251,28.401771336553946,14.412238325281804,23.66478797638218,3.5963499731615673,2.7308105206655933,17.518786902844873,0.8923778851315083,0.16774020397208803,8.61513687600644,
252,28.683574879227052,14.398819108964037,23.58427267847558,3.4420289855072466,2.7308105206655933,17.485238862050455,0.8923778851315083,0.16774020397208803,8.61513687600644,
253,27.106816961889425,11.668008588298443,30.307300053676865,2.462426194310252,2.7308105206655933,16.317767042404725,0.8923778851315083,0.16774020397208803,8.3467525496511,
254,27.30810520665593,11.627750939345143,30.26033279656468,2.462426194310252,2.7308105206655933,16.23054213633924,0.8923778851315083,0.16774020397208803,8.319914117015566,
255,27.294685990338163,11.621041331186259,29.938271604938272,2.885131508319914,2.7308105206655933,16.203703703703702,0.8923778851315083,0.16774020397208803,8.266237251744498,
256,27.502683843263554,11.58749329039184,29.8040794417606,2.885131508319914,2.7308105206655933,16.203703703703702,0.8923778851315083,0.16774020397208803,8.225979602791197,
257,27.603327965646805,11.553945249597424,29.757112184648417,2.885131508319914,2.7308105206655933,16.19699409554482,0.8923778851315083,0.16774020397208803,8.21256038647343,
258,27.710681696188942,11.52710681696189,29.736983360171767,2.8650026838432634,2.7308105206655933,16.15673644659152,0.8923778851315083,0.16774020397208803,8.21256038647343,
259,27.91867954911433,11.513687600644122,29.59608158883521,2.8515834675254963,2.7308105206655933,16.1231884057971,0.8856682769726248,0.16774020397208803,8.21256038647343,
260,27.965646806226516,11.513687600644122,29.56924315619968,2.844873859366613,2.7308105206655933,16.1231884057971,0.8856682769726248,0.16774020397208803,8.199141170155663,
261,28.093129361245303,11.486849168008588,29.542404723564143,2.844873859366613,2.6972624798711755,16.0829307568438,0.8856682769726248,0.16774020397208803,8.199141170155663,
262,28.30112721417069,11.486849168008588,29.374664519592056,2.844873859366613,2.6972624798711755,16.0426731078905,0.8856682769726248,0.16774020397208803,8.199141170155663,
263,28.395061728395063,11.453301127214171,29.354535695115406,2.844873859366613,2.6972624798711755,16.002415458937197,0.8856682769726248,0.16774020397208803,8.199141170155663,
264,28.59634997316157,11.446591519055287,29.30756843800322,2.8113258185721954,2.6972624798711755,15.96886741814278,0.8856682769726248,0.16774020397208803,8.11862587224906,
265,28.515834675254965,11.446591519055287,28.858024691358025,2.8113258185721954,2.6972624798711755,16.55931293612453,0.8588298443370908,0.16774020397208803,8.085077831454644,
266,28.650026838432634,11.386205045625335,28.837895866881375,2.8113258185721954,2.6972624798711755,16.53918411164788,0.8588298443370908,0.16774020397208803,8.051529790660226,
267,28.77750939345142,11.379495437466453,28.797638217928075,2.8113258185721954,2.6972624798711755,16.505636070853463,0.8588298443370908,0.16774020397208803,8.004562533548041,
