,45,50,51,54,55,53,52,56,57,60,59,58,64,62,61,63,65
0,99.47665056360708,0.5233494363929146,,,,,,,,,,,,,,,
1,98.97342995169082,1.0131508319914118,0.013419216317767043,,,,,,,,,,,,,,
2,98.16156736446591,1.8250134192163177,0.013419216317767043,,,,,,,,,,,,,,
3,87.07058507783145,12.848899624261943,0.08051529790660225,,,,,,,,,,,,,,
4,86.71497584541063,13.063607085346217,0.08051529790660225,0.06709608158883522,0.07380568974771873,,,,,,,,,,,,
5,84.72222222222223,14.915458937198068,0.2214170692431562,0.06709608158883522,0.07380568974771873,,,,,,,,,,,,
6,84.38003220611917,15.083199141170155,0.2214170692431562,0.06709608158883522,0.24154589371980675,0.0067096081588835215,,,,,,,,,,,
7,83.44739667203436,15.955448201825014,0.2147074610842727,0.08051529790660225,0.2952227589908749,0.0067096081588835215,,,,,,,,,,,
8,82.02495974235104,17.223564143854,0.24154589371980675,0.08051529790660225,0.3421900161030596,0.0067096081588835215,0.08051529790660225,,,,,,,,,,
9,81.17954911433172,18.015297906602253,0.28180354267310787,0.08051529790660225,0.35560923242082665,0.0067096081588835215,0.08051529790660225,,,,,,,,,,
10,80.48174986580784,18.65271068169619,0.28180354267310787,0.11406333870101985,0.3824476650563607,0.0067096081588835215,0.08051529790660225,,,,,,,,,,
11,79.81078904991948,19.196188942565755,0.3153515834675255,0.1274825550187869,0.4025764895330113,0.0067096081588835215,0.14090177133655393,,,,,,,,,,
12,78.64331723027375,20.29656468062265,0.3421900161030596,0.1274825550187869,0.4227053140096618,0.0067096081588835215,0.1610305958132045,,,,,,,,,,
13,74.23510466988728,24.778582930756844,0.20128824476650564,0.14761137949543746,0.4092860976918948,0.040257648953301126,0.1878690284487386,,,,,,,,,,
14,64.37869028448739,34.07809983896941,0.1610305958132045,0.1878690284487386,0.8990874932903918,0.040257648953301126,0.2549651100375738,,,,,,,,,,
15,56.94444444444444,41.33118625872249,0.27509393451422437,0.1878690284487386,0.966183574879227,0.040257648953301126,0.2549651100375738,,,,,,,,,,
16,56.54857756307032,41.358024691358025,0.4092860976918948,0.20128824476650564,1.107085346215781,0.05367686527106817,0.30864197530864196,0.013419216317767043,,,,,,,,,
17,55.95813204508857,41.8545356951154,0.4092860976918948,0.2147074610842727,1.1473429951690821,0.0939345142243693,0.30864197530864196,0.013419216317767043,,,,,,,,,
18,55.44820182501342,41.80085882984434,0.4294149221685454,0.2147074610842727,1.4492753623188406,0.12077294685990338,0.46967257112184646,0.04696725711218465,0.020128824476650563,,,,,,,,
19,54.01234567901235,39.76784755770263,0.39586688137412773,0.24825550187869028,1.5096618357487923,0.13419216317767044,3.8848631239935587,0.04696725711218465,,,,,,,,,
20,53.616478797638216,39.92887815351583,0.4495437466451959,0.24825550187869028,1.6505636070853462,0.14761137949543746,3.8915727321524423,0.06709608158883522,,,,,,,,,
21,53.44873859366613,39.88191089640365,0.5099302200751477,0.2952227589908749,1.724369296833065,0.18115942028985507,3.824476650563607,0.0939345142243693,0.040257648953301126,,,,,,,,
22,51.288244766505635,41.378153515834676,0.47638217928073,0.2952227589908749,2.395330112721417,0.18115942028985507,3.81105743424584,0.12077294685990338,0.05367686527106817,,,,,,,,
23,47.235641438539986,46.24932903918411,0.39586688137412773,0.2885131508319914,2.657004830917874,0.2281266774020397,2.804616210413312,0.12077294685990338,0.020128824476650563,,,,,,,,
24,46.93370907139023,46.05475040257649,0.4428341384863124,0.2885131508319914,2.7777777777777777,0.5904455179817498,2.7509393451422435,0.12077294685990338,0.040257648953301126,,,,,,,,
25,39.05662909286098,55.51529790660226,0.43612453032742887,0.13419216317767044,1.9592055823939882,0.17444981213097155,2.623456790123457,0.06038647342995169,0.040257648953301126,,,,,,,,
26,38.81508319914117,55.401234567901234,0.6038647342995169,0.1610305958132045,2.1403650026838434,0.1878690284487386,2.589908749329039,0.06038647342995169,0.040257648953301126,,,,,,,,
27,38.71443907675792,54.83762748255502,0.6038647342995169,0.4294149221685454,2.636876006441224,0.18115942028985507,2.49597423510467,0.06038647342995169,0.040257648953301126,,,,,,,,
28,38.459473966720346,54.871175523349436,0.6374127750939346,0.5032206119162641,2.771068169618894,0.1610305958132045,2.49597423510467,0.07380568974771873,0.026838432635534086,,,,,,,,
29,37.88915727321525,54.669887278582934,0.7112184648416533,0.6642512077294686,2.8784219001610305,0.322061191626409,2.7509393451422435,0.07380568974771873,0.040257648953301126,,,,,,,,
30,34.64170692431562,58.340042941492214,0.4428341384863124,0.48980139559849706,2.898550724637681,0.49651100375738055,2.5966183574879227,0.04696725711218465,0.040257648953301126,0.0067096081588835215,,,,,,,
31,34.35990338164251,58.25281803542673,0.5166398282340311,0.48980139559849706,3.1736446591519054,0.49651100375738055,2.5697799248523885,0.04696725711218465,0.07380568974771873,0.0067096081588835215,0.013419216317767043,,,,,,
32,31.447933440687063,60.98362855609233,0.39586688137412773,0.5166398282340311,3.5225442834138487,0.3757380568974772,2.6033279656468062,0.04696725711218465,0.08722490606548577,0.0067096081588835215,0.013419216317767043,,,,,,
33,31.273483628556093,60.74208266237252,0.4092860976918948,0.5300590445517982,3.911701556629093,0.3757380568974772,2.5697799248523885,0.04696725711218465,0.12077294685990338,0.0067096081588835215,0.013419216317767043,,,,,,
34,30.05233494363929,55.79039184111648,0.4092860976918948,0.7313472893183038,3.5963499731615673,6.729736983360172,2.4490069779924855,0.04696725711218465,0.10064412238325282,0.0067096081588835215,0.013419216317767043,0.07380568974771873,,,,,
35,29.824208266237253,54.43505099302201,0.43612453032742887,0.7581857219538379,4.938271604938271,6.655931293612453,2.5966183574879227,0.04696725711218465,0.1274825550187869,0.020128824476650563,0.013419216317767043,0.14761137949543746,,,,,
36,29.56924315619968,54.220343531937736,0.4562533548040794,0.7581857219538379,5.387815351583468,6.655931293612453,2.5966183574879227,0.04696725711218465,0.1274825550187869,0.020128824476650563,0.013419216317767043,0.14761137949543746,,,,,
37,28.207192699946322,52.81132581857219,3.0931293612453032,0.7716049382716049,5.300590445517981,6.823671497584541,2.5831991411701556,0.04696725711218465,0.14090177133655393,0.03354804079441761,0.013419216317767043,0.17444981213097155,,,,,
38,27.9723564143854,52.75093934514224,3.1602254428341383,0.7716049382716049,5.441492216854535,6.736446591519055,2.589908749329039,0.04696725711218465,0.14090177133655393,0.03354804079441761,0.013419216317767043,0.3421900161030596,,,,,
39,27.15378421900161,53.32796564680623,3.2340311325818574,0.7716049382716049,5.622651637144391,6.702898550724638,2.576489533011272,0.04696725711218465,0.15432098765432098,0.03354804079441761,0.013419216317767043,0.36231884057971014,,,,,
40,26.7914653784219,52.965646806226516,3.240740740740741,0.798443370907139,5.837359098228664,7.051798174986581,2.6838432635534084,0.06709608158883522,0.15432098765432098,0.03354804079441761,0.013419216317767043,0.36231884057971014,,,,,
41,26.690821256038646,51.871980676328505,3.3279656468062266,0.7716049382716049,6.649221685453569,7.253086419753086,2.7241009125067097,0.06709608158883522,0.15432098765432098,0.03354804079441761,0.013419216317767043,0.4428341384863124,,,,,
42,26.402308105206657,51.892109500805155,3.2742887815351582,0.8118625872249061,6.709608158883521,7.461084272678476,2.6972624798711755,0.14090177133655393,0.14090177133655393,0.040257648953301126,0.013419216317767043,0.41599570585077833,,,,,
43,26.382179280730007,49.946323134728935,3.2742887815351582,4.126409017713366,5.367686527106817,7.427536231884058,2.677133655394525,0.14090177133655393,0.1610305958132045,0.040257648953301126,0.013419216317767043,0.4428341384863124,,,,,
44,26.10708534621578,49.83225979602791,3.361513687600644,4.1129898013955986,5.589103596349974,7.407407407407407,2.690552871712292,0.20128824476650564,0.1610305958132045,0.040257648953301126,0.040257648953301126,0.4562533548040794,,,,,
45,26.06682769726248,49.5101986044015,3.3682232957595275,3.898282340311326,5.938003220611916,7.367149758454106,2.6033279656468062,0.30193236714975846,0.1610305958132045,0.040257648953301126,0.07380568974771873,0.6709608158883521,,,,,
46,25.697799248523886,49.765163714439076,3.4017713365539453,3.8714439076757916,5.958132045088567,7.367149758454106,2.6435856146001075,0.30193236714975846,0.1610305958132045,0.026838432635534086,0.08722490606548577,0.7179280730005367,,,,,
47,25.563607085346217,49.47665056360709,3.421900161030596,3.851315083199141,6.213097155126141,7.48792270531401,2.6637144390767578,0.30193236714975846,0.1610305958132045,0.026838432635534086,0.11406333870101985,0.7179280730005367,,,,,
48,25.369028448738593,49.16800858829844,3.4621578099838968,4.2270531400966185,6.260064412238325,7.48792270531401,2.636876006441224,0.30193236714975846,0.1878690284487386,0.026838432635534086,0.14090177133655393,0.7313472893183038,,,,,
49,25.026838432635532,48.90633387010199,3.3548040794417604,4.38137412775094,6.843800322061192,7.1725711218464845,2.6033279656468062,0.2885131508319914,0.2214170692431562,0.026838432635534086,0.14090177133655393,1.0064412238325282,0.026838432635534086,,,,
50,24.838969404186795,48.7788513150832,3.683574879227053,4.441760601180891,6.89747718733226,7.065217391304348,2.576489533011272,0.2885131508319914,0.24154589371980675,0.026838432635534086,0.1274825550187869,0.9930220075147611,0.040257648953301126,,,,
51,24.56387546967257,47.85963499731616,3.7037037037037037,4.663177670424047,7.763016639828234,7.051798174986581,2.61003757380569,0.2885131508319914,0.24154589371980675,0.026838432635534086,0.14090177133655393,1.0198604401502953,0.040257648953301126,0.026838432635534086,,,
52,24.402844873859365,47.799248523886206,3.7640901771336552,4.7168545356951155,7.75630703166935,7.105475040257649,2.636876006441224,0.2885131508319914,0.2683843263553409,0.026838432635534086,0.14090177133655393,1.0265700483091786,0.040257648953301126,0.026838432635534086,,,
53,24.261943102522814,47.71202361782072,3.7640901771336552,5.005367686527107,7.75630703166935,6.971282877079979,2.636876006441224,0.2885131508319914,0.2683843263553409,0.05367686527106817,0.14090177133655393,1.0735373054213635,0.040257648953301126,0.026838432635534086,,,
54,24.18142780461621,47.51073537305421,3.770799785292539,5.038915727321524,7.776435856146001,7.0383789586688135,2.6972624798711755,0.4092860976918948,0.2683843263553409,0.05367686527106817,0.14090177133655393,1.0466988727858293,0.040257648953301126,0.026838432635534086,,,
55,24.12104133118626,47.41009125067096,3.784219001610306,5.132850241545894,7.816693505099302,7.0383789586688135,2.7241009125067097,0.4092860976918948,0.24825550187869028,0.05367686527106817,0.14090177133655393,1.0534084809447128,0.040257648953301126,0.026838432635534086,,,
56,23.960010735373054,47.497316156736446,3.770799785292539,5.12614063338701,7.9039184111647875,7.0383789586688135,2.703972088030059,0.4092860976918948,0.24825550187869028,0.05367686527106817,0.16774020397208803,1.0534084809447128,0.040257648953301126,0.026838432635534086,,,
57,23.886205045625335,47.10144927536232,3.743961352657005,4.851046698872786,7.997852925389157,7.313472893183038,2.717391304347826,0.7514761137949544,0.27509393451422437,0.05367686527106817,0.19457863660762212,1.0466988727858293,0.040257648953301126,0.026838432635534086,,,
58,23.597691894793343,47.0276435856146,4.019055287171229,4.85775630703167,8.038110574342458,7.273215244229737,2.7509393451422435,0.8051529790660226,0.30864197530864196,0.06709608158883522,0.17444981213097155,1.0131508319914118,0.040257648953301126,0.026838432635534086,,,
59,22.604669887278583,40.53274288781535,1.7713365539452497,4.119699409554482,5.938003220611916,6.910896403650026,15.465646806226516,0.9796027911969941,0.33548040794417605,0.040257648953301126,0.2616747181964573,0.9997316156736447,0.040257648953301126,,,,
60,16.67337627482555,46.03462157809984,2.677133655394525,4.193505099302201,5.615942028985507,6.723027375201288,15.157004830917874,1.0332796564680622,0.6038647342995169,0.03354804079441761,0.2616747181964573,0.95276435856146,0.040257648953301126,,,,
61,16.337895866881375,45.833333333333336,2.6301663982823404,4.260601180891036,6.045356951154052,6.716317767042405,15.150295222758992,1.0601180891035964,0.6642512077294686,0.03354804079441761,0.2616747181964573,0.966183574879227,0.040257648953301126,,,,
62,16.203703703703702,45.67230273752013,2.6502952227589907,4.300858829844337,6.233225979602791,6.709608158883521,15.069779924852389,1.0601180891035964,0.7581857219538379,0.06038647342995169,0.2616747181964573,0.9796027911969941,0.040257648953301126,,,,
63,16.129898013955984,45.491143317230275,2.7241009125067097,4.253891572732153,6.300322061191626,6.729736983360172,14.942297369833602,1.0601180891035964,0.8252818035426731,0.06709608158883522,0.2683843263553409,1.1607622114868492,0.04696725711218465,,,,
64,16.09634997316157,45.42404723564144,2.7442297369833604,4.274020397208803,6.340579710144928,6.723027375201288,14.942297369833602,1.0601180891035964,0.8252818035426731,0.06709608158883522,0.2952227589908749,1.1607622114868492,0.04696725711218465,,,,
65,16.069511540526033,45.169082125603865,2.7308105206655933,4.374664519592056,6.380837359098229,6.756575415995706,14.969135802469136,1.107085346215781,0.8521202361782072,0.06709608158883522,0.2952227589908749,1.1808910359634996,0.04696725711218465,,,,
66,15.754159957058508,45.37707997852925,2.6972624798711755,4.374664519592056,6.454643048845948,6.763285024154589,14.834943639291465,1.1876006441223832,0.9796027911969941,0.06709608158883522,0.2952227589908749,1.1674718196457328,0.04696725711218465,,,,
67,15.754159957058508,43.63929146537842,2.677133655394525,4.4820182501341925,6.213097155126141,6.662640901771336,16.800858829844337,1.2077294685990339,0.8990874932903918,0.06709608158883522,0.3153515834675255,1.2345679012345678,0.04696725711218465,,,,
68,15.485775630703166,43.183038110574344,3.193773483628556,4.569243156199678,6.072195383789587,6.977992485238862,16.760601180891037,1.2345679012345678,0.8588298443370908,0.06709608158883522,0.2952227589908749,1.2546967257112185,0.04696725711218465,,,,
69,15.445517981749866,42.8743961352657,3.2004830917874396,4.488727858293076,6.105743424584004,6.937734836285561,16.74718196457327,1.6438539989264627,0.8923778851315083,0.06709608158883522,0.2952227589908749,1.2546967257112185,0.04696725711218465,,,,
70,14.875201288244767,43.47826086956522,3.046162104133119,4.4820182501341925,6.132581857219538,6.991411701556629,16.7337627482555,1.6572732152442298,0.9057971014492754,0.05367686527106817,0.3421900161030596,1.2546967257112185,0.04696725711218465,,,,
71,14.868491680085883,43.17632850241546,3.0327428878153517,4.448470209339774,6.528448738593666,6.971282877079979,16.59957058507783,1.6706924315619969,0.9192163177670424,0.05367686527106817,0.35560923242082665,1.328502415458937,0.04696725711218465,,,,
72,14.855072463768115,43.10923242082662,2.999194847020934,4.408212560386473,6.736446591519055,6.910896403650026,16.51905528717123,1.583467525496511,1.0869565217391304,0.05367686527106817,0.3824476650563607,1.3083735909822867,0.04696725711218465,,,,
73,14.841653247450349,42.64626945786366,3.0193236714975846,4.441760601180891,7.14573268921095,6.796833064949007,16.55931293612453,1.583467525496511,1.0601180891035964,0.05367686527106817,0.3824476650563607,1.4224369296833066,0.04696725711218465,,,,
74,14.707461084272678,42.52549651100376,3.066290928609769,4.5893719806763285,7.192699946323135,6.729736983360172,16.33118625872249,1.6371443907675791,1.3016639828234031,0.05367686527106817,0.3824476650563607,1.4358561460010735,0.04696725711218465,,,,
75,13.385668276972625,41.30434782608695,5.548845947396672,4.602791196994096,7.1658615136876005,6.696188942565755,16.384863123993558,1.6505636070853462,1.3352120236178207,0.05367686527106817,0.4025764895330113,1.42914653784219,0.040257648953301126,,,,
76,13.291733762748256,40.707192699946326,5.548845947396672,4.931561996779388,7.2933440687063875,6.776704240472356,16.458668813741276,1.6774020397208802,1.402308105206656,0.05367686527106817,0.4025764895330113,1.415727321524423,0.040257648953301126,,,,
77,13.170960815888352,40.29790660225443,5.864197530864198,5.146269457863661,7.380568974771873,6.78341384863124,16.317767042404725,1.6035963499731616,1.5365002683843263,0.05367686527106817,0.38915727321524424,1.415727321524423,0.040257648953301126,,,,
78,13.144122383252817,40.083199141170155,5.837359098228664,5.273752012882448,7.427536231884058,6.790123456790123,16.264090177133657,1.6438539989264627,1.5633387010198605,0.05367686527106817,0.41599570585077833,1.415727321524423,0.040257648953301126,0.026838432635534086,0.020128824476650563,,
79,13.070316693505099,39.734299516908216,5.9514224369296835,5.193236714975845,7.7361782071927,6.951154052603328,16.203703703703702,1.5297906602254427,1.6170155662909287,0.05367686527106817,0.4562533548040794,1.415727321524423,0.040257648953301126,0.026838432635534086,0.020128824476650563,,
80,12.533548040794418,38.157541599570585,5.870907139023081,4.904723564143854,7.635534084809447,6.870638754696726,18.612453032742888,1.7042404723564144,1.7176596886741815,0.05367686527106817,0.4562533548040794,1.3955984970477724,0.040257648953301126,0.026838432635534086,0.020128824476650563,,
81,11.896135265700483,38.6808910359635,5.669618894256575,5.0993022007514766,7.541599570585078,6.816961889425658,18.4849704777241,1.7579173376274826,2.033011272141707,0.05367686527106817,0.4428341384863124,1.4358561460010735,0.040257648953301126,0.026838432635534086,0.020128824476650563,,
82,11.83574879227053,38.37224906065486,5.622651637144391,5.260332796564681,7.695920558239399,6.823671497584541,18.42458400429415,1.8250134192163177,2.073268921095008,0.05367686527106817,0.43612453032742887,1.4895330112721417,0.040257648953301126,0.026838432635534086,0.020128824476650563,,
83,11.788781535158346,37.9898013955985,5.595813204508857,5.548845947396672,7.937466451959206,6.870638754696726,18.263553408480945,1.8585614600107354,2.1135265700483092,0.05367686527106817,0.43612453032742887,1.442565754159957,0.040257648953301126,0.040257648953301126,0.020128824476650563,,
84,11.688137412775093,37.70799785292539,5.797101449275362,5.636070853462158,7.977724100912507,6.649221685453569,18.270263016639827,1.8183038110574343,2.15378421900161,0.05367686527106817,0.43612453032742887,1.710950080515298,0.040257648953301126,0.040257648953301126,0.020128824476650563,,
85,7.843531937734836,46.96725711218465,4.891304347826087,4.777241009125067,6.884057971014493,5.609232420826624,16.17686527106817,2.9119699409554483,1.7579173376274826,0.06709608158883522,0.4495437466451959,1.583467525496511,0.040257648953301126,0.040257648953301126,,,
86,7.809983896940419,46.49087493290392,4.871175523349437,4.683306494900698,6.89747718733226,5.656199677938808,16.780730005367687,2.898550724637681,1.7444981213097155,0.08051529790660225,0.43612453032742887,1.570048309178744,0.040257648953301126,0.040257648953301126,,,
87,7.769726247987117,46.37010198604401,4.871175523349437,4.683306494900698,6.977992485238862,5.709876543209877,16.72705314009662,2.9119699409554483,1.7981749865807837,0.08051529790660225,0.4495437466451959,1.570048309178744,0.040257648953301126,0.040257648953301126,,,
88,7.347020933977456,41.599570585077835,9.265968867418144,2.4221685453569513,5.300590445517981,5.508588298443371,23.79898013955985,2.4355877616747184,0.8185721953837896,0.04696725711218465,0.0939345142243693,1.3016639828234031,0.040257648953301126,0.013419216317767043,0.0067096081588835215,,
89,7.347020933977456,40.915190552871714,9.23913043478261,2.4691358024691357,5.790391841116479,5.555555555555555,23.899624261943103,2.4020397208803006,0.8722490606548577,0.04696725711218465,0.10735373054213634,1.2949543746645196,0.040257648953301126,0.013419216317767043,0.0067096081588835215,,
90,7.206119162640902,40.734031132581855,9.252549651100376,2.509393451422437,5.9447128287707995,5.636070853462158,23.752012882447666,2.428878153515835,1.0198604401502953,0.04696725711218465,0.08722490606548577,1.3217928073000538,0.040257648953301126,0.013419216317767043,0.0067096081588835215,,
91,7.118894256575416,40.37842190016103,9.078099838969404,2.522812667740204,6.1862587224906065,5.622651637144391,23.517176596886742,2.791196994095545,1.221148684916801,0.04696725711218465,0.08722490606548577,1.3687600644122384,0.040257648953301126,0.013419216317767043,0.0067096081588835215,,
92,7.065217391304348,40.13016639828234,9.118357487922705,2.6167471819645733,6.353998926462695,5.629361245303274,23.15485775630703,2.945517981749866,1.3955984970477724,0.04696725711218465,0.11406333870101985,1.3687600644122384,0.040257648953301126,0.013419216317767043,0.0067096081588835215,,
93,7.0450885668276975,39.92216854535695,9.098228663446054,2.6435856146001075,6.521739130434782,5.636070853462158,23.101180891035963,2.9790660225442833,1.4694041867954912,0.04696725711218465,0.11406333870101985,1.3486312399355878,0.03354804079441761,0.013419216317767043,0.026838432635534086,,
94,3.629898013955985,55.662909286097694,1.751207729468599,1.892109500805153,5.528717122920021,4.549114331723027,21.571390230810522,2.3617820719269993,1.442565754159957,0.04696725711218465,0.11406333870101985,1.3352120236178207,0.03354804079441761,0.013419216317767043,0.06709608158883522,,
95,3.629898013955985,55.475040257648956,1.751207729468599,1.892109500805153,5.723295759527644,4.616210413311863,21.43719806763285,2.3550724637681157,1.5096618357487923,0.04696725711218465,0.11406333870101985,1.3352120236178207,0.03354804079441761,0.013419216317767043,0.06709608158883522,,
96,3.629898013955985,55.099302200751474,1.7444981213097155,2.227589908749329,5.904455179817498,4.602791196994096,21.289586688137412,2.3483628556092326,1.570048309178744,0.04696725711218465,0.10064412238325282,1.3419216317767042,0.020128824476650563,0.013419216317767043,0.06038647342995169,,
97,3.629898013955985,54.851046698872786,1.7444981213097155,2.214170692431562,6.427804616210413,4.616210413311863,21.007783145464305,2.301395598497048,1.6237251744498122,0.04696725711218465,0.08051529790660225,1.3620504562533549,0.020128824476650563,0.013419216317767043,0.06038647342995169,,
98,3.5628019323671496,54.39479334406871,1.7444981213097155,2.227589908749329,6.910896403650026,4.609500805152979,20.954106280193237,2.3349436392914655,1.6774020397208802,0.04696725711218465,0.0939345142243693,1.3352120236178207,0.020128824476650563,0.026838432635534086,0.06038647342995169,,
99,1.1137949543746646,74.17471819645732,1.415727321524423,3.294417606011809,6.219806763285024,4.42163177670424,5.394524959742351,1.90552871712292,0.5166398282340311,0.040257648953301126,0.08051529790660225,1.3150831991411702,0.020128824476650563,0.026838432635534086,0.06038647342995169,,
100,1.1137949543746646,73.94659151905529,1.4090177133655395,3.260869565217391,6.5485775630703165,4.468599033816425,5.280461621041331,1.9122383252818036,0.5166398282340311,0.040257648953301126,0.08051529790660225,1.3150831991411702,0.020128824476650563,0.026838432635534086,0.06038647342995169,,
101,1.1137949543746646,64.6202361782072,1.4090177133655395,3.294417606011809,15.787707997852925,4.461889425657541,5.267042404723564,1.9659151905528718,0.46967257112184646,0.06709608158883522,0.08051529790660225,1.3553408480944713,0.020128824476650563,0.026838432635534086,0.06038647342995169,,
102,1.1137949543746646,64.29817498658079,1.402308105206656,3.280998389694042,16.089640365002683,4.40150295222759,5.260332796564681,1.9793344068706387,0.5032206119162641,0.06709608158883522,0.06038647342995169,1.415727321524423,0.0067096081588835215,0.026838432635534086,0.0939345142243693,,
103,1.0869565217391304,63.828502415458935,1.3754696725711217,3.33467525496511,16.532474503488995,4.388083735909823,5.260332796564681,2.0263016639828235,0.5032206119162641,0.06709608158883522,0.06038647342995169,1.4090177133655395,0.0067096081588835215,0.026838432635534086,0.0939345142243693,,
104,1.0869565217391304,63.191089640365,1.3754696725711217,3.4957058507783145,17.042404723564143,4.374664519592056,5.166398282340311,2.0397208803005906,0.5636070853462157,0.06709608158883522,0.06038647342995169,1.402308105206656,0.0067096081588835215,0.03354804079441761,0.0939345142243693,,
105,1.0869565217391304,62.76167471819646,1.3754696725711217,3.488996242619431,17.431561996779386,4.294149221685454,5.10601180891036,2.086688137412775,0.630703166935051,0.07380568974771873,0.06038647342995169,1.4694041867954912,0.0067096081588835215,0.03354804079441761,0.0939345142243693,,
106,1.0869565217391304,62.5,1.3754696725711217,3.4688674181427803,17.632850241545892,4.294149221685454,5.10601180891036,2.086688137412775,0.6910896403650026,0.06709608158883522,0.06038647342995169,1.4694041867954912,0.0067096081588835215,0.03354804079441761,0.12077294685990338,,
107,1.0869565217391304,62.27858293075684,1.3620504562533549,3.4688674181427803,17.76033279656468,4.280730005367687,5.10601180891036,2.0799785292538915,0.7045088566827697,0.1610305958132045,0.06038647342995169,1.4694041867954912,0.0067096081588835215,0.05367686527106817,0.12077294685990338,,
108,1.0869565217391304,61.8491680085883,1.3620504562533549,3.4621578099838968,18.16290928609769,4.280730005367687,5.092592592592593,2.086688137412775,0.7447665056360708,0.1610305958132045,0.06038647342995169,1.4694041867954912,0.0067096081588835215,0.05367686527106817,0.12077294685990338,,
109,1.0869565217391304,61.56736446591519,1.3620504562533549,3.3682232957595275,18.42458400429415,4.253891572732153,5.0791733762748255,2.059849704777241,0.8923778851315083,0.16774020397208803,0.06038647342995169,1.4962426194310252,0.0067096081588835215,0.05367686527106817,0.12077294685990338,,
110,1.0869565217391304,60.95679012345679,1.3620504562533549,3.421900161030596,18.96135265700483,4.26731078904992,5.0791733762748255,2.059849704777241,0.8923778851315083,0.17444981213097155,0.06038647342995169,1.4962426194310252,0.0067096081588835215,0.05367686527106817,0.12077294685990338,,
111,1.0869565217391304,60.80246913580247,1.2681159420289856,3.421900161030596,19.0552871712292,4.213633923778851,5.045625335480408,2.167203435319377,1.0131508319914118,0.20128824476650564,0.06038647342995169,1.482823403113258,0.0067096081588835215,0.05367686527106817,0.12077294685990338,,
112,1.0601180891035964,60.265700483091784,1.2681159420289856,3.4151905528717124,19.545088566827697,4.1129898013955986,5.038915727321524,2.167203435319377,1.2278582930756843,0.2281266774020397,0.06038647342995169,1.4559849704777241,0.0067096081588835215,0.05367686527106817,0.0939345142243693,,
113,1.0601180891035964,59.90338164251208,1.2681159420289856,3.4286097691894795,19.826892109500804,4.1129898013955986,5.025496511003757,2.2208803005904456,1.2546967257112185,0.2281266774020397,0.06038647342995169,1.4559849704777241,0.0067096081588835215,0.05367686527106817,0.0939345142243693,,
114,1.0601180891035964,59.50080515297907,1.2681159420289856,3.4822866344605474,20.081857219538378,4.126409017713366,5.01207729468599,2.26784755770263,1.288244766505636,0.24154589371980675,0.07380568974771873,1.4358561460010735,0.0067096081588835215,0.05367686527106817,0.10064412238325282,,
115,1.0265700483091786,27.214170692431562,47.86634460547504,1.7176596886741815,8.93719806763285,3.8915727321524423,4.676596886741814,2.086688137412775,0.9594739667203436,0.06038647342995169,0.06038647342995169,1.3553408480944713,0.0067096081588835215,0.05367686527106817,0.08722490606548577,,
116,1.0265700483091786,27.20746108427268,47.60466988727858,1.7176596886741815,9.205582393988191,3.8848631239935587,4.676596886741814,2.059849704777241,0.9796027911969941,0.06038647342995169,0.06709608158883522,1.3486312399355878,0.0067096081588835215,0.05367686527106817,0.10064412238325282,,
117,1.0198604401502953,27.03972088030059,47.48389694041868,1.7579173376274826,9.460547504025765,3.8848631239935587,4.502147074610843,2.059849704777241,1.1540526033279657,0.06038647342995169,0.06709608158883522,1.3486312399355878,0.0067096081588835215,0.05367686527106817,0.10064412238325282,,
118,1.0198604401502953,26.89210950080515,47.00080515297907,1.8048845947396672,10.077831454643048,3.8848631239935587,4.49543746645196,2.033011272141707,1.1540526033279657,0.06038647342995169,0.06709608158883522,1.3486312399355878,0.0067096081588835215,0.05367686527106817,0.10064412238325282,,
119,1.0198604401502953,26.56333870101986,46.806226516371446,1.865271068169619,10.547504025764896,3.878153515834675,4.4753086419753085,2.033011272141707,1.1741814278046163,0.06038647342995169,0.06709608158883522,1.3486312399355878,0.0067096081588835215,0.05367686527106817,0.10064412238325282,,
120,1.0198604401502953,26.462694578636608,46.11513687600644,2.0128824476650564,11.131239935587761,3.8580246913580245,4.461889425657541,2.046430488459474,1.133923778851315,0.0939345142243693,0.07380568974771873,1.402308105206656,0.0067096081588835215,0.05367686527106817,0.1274825550187869,,
121,1.0198604401502953,26.33521202361782,45.73268921095008,2.0128824476650564,11.627750939345143,3.8714439076757916,4.468599033816425,2.0531400966183573,1.1205045625335481,0.0939345142243693,0.07380568974771873,1.402308105206656,0.0067096081588835215,0.05367686527106817,0.1274825550187869,,
122,1.0198604401502953,26.194310252281266,45.370370370370374,2.147074610842727,12.077294685990339,3.8714439076757916,4.361245303274289,2.0531400966183573,1.0802469135802468,0.0939345142243693,0.12077294685990338,1.402308105206656,0.0067096081588835215,0.05367686527106817,0.1274825550187869,0.020128824476650563,
123,1.0198604401502953,26.133923778851315,45.17579173376275,2.3483628556092326,12.157809983896941,3.878153515834675,4.3545356951154055,2.01959205582394,1.0802469135802468,0.0939345142243693,0.1274825550187869,1.402308105206656,0.0067096081588835215,0.05367686527106817,0.1274825550187869,0.020128824476650563,
124,1.0198604401502953,26.093666129898015,44.457863660762214,2.3752012882447664,12.835480407944177,3.878153515834675,4.3545356951154055,2.0128824476650564,1.0802469135802468,0.11406333870101985,0.15432098765432098,1.402308105206656,0.0067096081588835215,0.05367686527106817,0.14090177133655393,0.020128824476650563,
125,1.0198604401502953,25.979602791196996,43.84057971014493,2.5966183574879227,13.405797101449275,3.8311862587224907,4.3478260869565215,1.9927536231884058,1.0802469135802468,0.12077294685990338,0.15432098765432098,1.4090177133655395,0.0067096081588835215,0.05367686527106817,0.14090177133655393,0.020128824476650563,
126,0.9997316156736447,25.91250670960816,43.37761674718197,2.5966183574879227,13.976113794954374,3.8311862587224907,4.3478260869565215,1.9927536231884058,1.0601180891035964,0.12077294685990338,0.15432098765432098,1.4090177133655395,0.0067096081588835215,0.05367686527106817,0.14090177133655393,0.020128824476650563,
127,0.9997316156736447,25.79844337090714,42.92807300053677,2.657004830917874,14.526301663982823,3.844605475040258,4.3478260869565215,1.9659151905528718,1.0265700483091786,0.12077294685990338,0.15432098765432098,1.4090177133655395,0.0067096081588835215,0.05367686527106817,0.14090177133655393,0.020128824476650563,
128,0.9997316156736447,25.523349436392916,42.76033279656468,2.677133655394525,14.848362855609233,3.851315083199141,4.367954911433173,1.9927536231884058,1.0265700483091786,0.12077294685990338,0.15432098765432098,1.4694041867954912,0.0067096081588835215,0.05367686527106817,0.1274825550187869,0.020128824476650563,
129,0.9997316156736447,25.181159420289855,42.47181964573269,2.999194847020934,15.103327965646805,3.8848631239935587,4.367954911433173,1.9927536231884058,1.0265700483091786,0.12077294685990338,0.15432098765432098,1.4694041867954912,0.0067096081588835215,0.05367686527106817,0.14761137949543746,0.020128824476650563,
130,0.9796027911969941,24.54374664519592,42.05582393988191,2.9924852388620504,16.183574879227052,3.8848631239935587,4.367954911433173,1.9793344068706387,1.0198604401502953,0.12077294685990338,0.1610305958132045,1.4694041867954912,0.0067096081588835215,0.06709608158883522,0.14761137949543746,0.020128824476650563,
131,0.9796027911969941,24.530327428878152,41.90150295222759,2.9924852388620504,16.317767042404725,3.9049919484702094,4.341116478797638,1.9592055823939882,1.0131508319914118,0.12077294685990338,0.1610305958132045,1.5163714439076759,0.0067096081588835215,0.07380568974771873,0.1610305958132045,0.020128824476650563,
132,0.9796027911969941,24.50348899624262,41.58615136876006,2.9589371980676327,16.59286097691895,3.9452495974235107,4.334406870638754,1.9860440150295222,1.0064412238325282,0.15432098765432098,0.1610305958132045,1.5163714439076759,0.0067096081588835215,0.07380568974771873,0.17444981213097155,0.020128824476650563,
133,0.8722490606548577,24.295491143317232,40.72061191626409,2.9790660225442833,17.498658078368223,4.159957058507783,4.28743961352657,1.9793344068706387,1.1003757380568975,0.1610305958132045,0.1610305958132045,1.4895330112721417,0.0067096081588835215,0.05367686527106817,0.2147074610842727,0.020128824476650563,
134,0.8722490606548577,24.248523886205046,40.693773483628554,2.9790660225442833,17.518786902844873,4.159957058507783,4.28743961352657,1.9390767579173376,1.0869565217391304,0.1610305958132045,0.1610305958132045,1.5901771336553945,0.0067096081588835215,0.05367686527106817,0.2214170692431562,0.020128824476650563,
135,0.8521202361782072,24.013687600644122,40.53274288781535,2.9790660225442833,18.00187869028449,4.206924315619967,4.166666666666667,1.9726247987117553,1.0735373054213635,0.1610305958132045,0.16774020397208803,1.5901771336553945,0.0067096081588835215,0.05367686527106817,0.20128824476650564,0.020128824476650563,
136,0.8454106280193237,23.906333870101985,40.21739130434783,2.965646806226516,18.323939881910896,4.247181964573269,4.1532474503489,2.0531400966183573,1.107085346215781,0.1610305958132045,0.16774020397208803,1.5901771336553945,0.0067096081588835215,0.05367686527106817,0.20128824476650564,,
137,0.8454106280193237,23.812399355877616,40.17042404723564,2.9589371980676327,18.33064949006978,4.320987654320987,4.1532474503489,2.0665593129361244,1.1741814278046163,0.14761137949543746,0.16774020397208803,1.5901771336553945,0.0067096081588835215,0.05367686527106817,0.20128824476650564,,
138,0.8454106280193237,23.62453032742888,39.70746108427268,2.9790660225442833,18.88083735909823,4.448470209339774,4.146537842190016,2.13365539452496,1.0601180891035964,0.13419216317767044,0.16774020397208803,1.6103059581320451,0.0067096081588835215,0.05367686527106817,0.20128824476650564,,
139,0.8454106280193237,23.10789049919485,39.49946323134729,3.488996242619431,18.867418142780462,4.448470209339774,4.019055287171229,2.4490069779924855,1.0869565217391304,0.1610305958132045,0.16774020397208803,1.6103059581320451,0.0067096081588835215,0.040257648953301126,0.20128824476650564,,
140,0.8454106280193237,23.00053676865271,39.05662909286098,3.475577026301664,19.384057971014492,4.435050993022007,4.005636070853462,2.4825550187869028,1.107085346215781,0.1610305958132045,0.16774020397208803,1.6304347826086956,0.0067096081588835215,0.040257648953301126,0.20128824476650564,,
141,0.8252818035426731,22.946859903381643,38.868760064412236,3.5292538915727323,19.538378958668815,4.461889425657541,4.005636070853462,2.4825550187869028,1.107085346215781,0.1610305958132045,0.16774020397208803,1.6304347826086956,0.0067096081588835215,0.040257648953301126,0.2147074610842727,0.013419216317767043,
142,0.8252818035426731,22.886473429951693,38.58695652173913,3.535963499731616,19.786634460547504,4.508856682769726,3.9989264626945786,2.509393451422437,1.1272141706924315,0.1610305958132045,0.18115942028985507,1.6170155662909287,0.0067096081588835215,0.040257648953301126,0.2147074610842727,0.013419216317767043,
143,0.8252818035426731,22.77241009125067,38.499731615673646,3.549382716049383,19.87385936661299,4.522275899087493,3.9989264626945786,2.4154589371980677,1.1406333870101986,0.16774020397208803,0.36902844873859364,1.6103059581320451,0.0067096081588835215,0.020128824476650563,0.2147074610842727,0.013419216317767043,
144,0.8252818035426731,22.624798711755233,38.425925925925924,3.5829307568438002,19.87385936661299,4.5960815888352125,3.9855072463768115,2.4020397208803006,1.1540526033279657,0.19457863660762212,0.41599570585077833,1.6237251744498122,0.0067096081588835215,0.020128824476650563,0.2549651100375738,0.013419216317767043,
145,0.8185721953837896,22.094739667203434,38.29173376274826,3.8714439076757916,19.14922168545357,5.763553408480945,3.965378421900161,2.395330112721417,1.1540526033279657,0.2147074610842727,0.4025764895330113,1.6371443907675791,0.0067096081588835215,0.020128824476650563,0.20128824476650564,0.013419216317767043,
146,0.8185721953837896,22.020933977455716,38.157541599570585,3.938539989264627,19.202898550724637,5.837359098228664,3.965378421900161,2.395330112721417,1.1137949543746646,0.2147074610842727,0.4562533548040794,1.6371443907675791,0.0067096081588835215,0.020128824476650563,0.20128824476650564,0.013419216317767043,
147,0.8185721953837896,21.980676328502415,37.96296296296296,3.9855072463768115,19.41760601180891,5.803811057434245,3.965378421900161,2.408749329039184,1.1272141706924315,0.2147074610842727,0.4562533548040794,1.6170155662909287,0.0067096081588835215,0.020128824476650563,0.20128824476650564,0.013419216317767043,
148,0.798443370907139,21.866612989801396,37.815351583467525,4.025764895330113,19.504830917874397,5.83064949006978,4.005636070853462,2.428878153515835,1.1674718196457328,0.2147074610842727,0.4830917874396135,1.596886741814278,0.0067096081588835215,0.040257648953301126,0.20128824476650564,0.013419216317767043,
149,0.798443370907139,21.79951690821256,37.6610305958132,3.9855072463768115,19.632313472893184,5.938003220611916,4.019055287171229,2.4221685453569513,1.1943102522812667,0.2147074610842727,0.4830917874396135,1.5901771336553945,0.0067096081588835215,0.040257648953301126,0.20128824476650564,0.013419216317767043,
150,0.798443370907139,21.732420826623724,37.513419216317764,4.052603327965647,19.672571121846484,5.931293612453032,4.012345679012346,2.5161030595813205,1.1876006441223832,0.2147074610842727,0.5032206119162641,1.6103059581320451,0.0067096081588835215,0.040257648953301126,0.19457863660762212,0.013419216317767043,
151,0.798443370907139,21.524422973698336,36.99006977992485,4.0995705850778315,19.994632313472895,5.8239398819108965,4.012345679012346,2.757648953301127,1.3419216317767042,0.2281266774020397,0.49651100375738055,1.6706924315619969,0.0067096081588835215,0.040257648953301126,0.20128824476650564,0.013419216317767043,
152,0.7783145464304885,21.504294149221685,36.93639291465379,4.1129898013955986,20.02818035426731,5.857487922705314,4.012345679012346,2.771068169618894,1.3352120236178207,0.24825550187869028,0.4830917874396135,1.6706924315619969,0.0067096081588835215,0.040257648953301126,0.20128824476650564,0.013419216317767043,
153,0.7783145464304885,21.24932903918411,36.75523349436393,4.1129898013955986,20.39049919484702,5.850778314546431,4.072732152442297,2.7509393451422435,1.3352120236178207,0.2281266774020397,0.5367686527106817,1.6774020397208802,0.0067096081588835215,0.040257648953301126,0.20128824476650564,0.013419216317767043,
154,0.7783145464304885,21.048040794417606,36.4398819108964,4.17337627482555,20.759527643585614,5.917874396135265,4.05931293612453,2.7241009125067097,1.3486312399355878,0.2281266774020397,0.5233494363929146,1.724369296833065,0.0067096081588835215,0.040257648953301126,0.2147074610842727,0.013419216317767043,
155,0.7783145464304885,20.86688137412775,35.99704777241009,4.341116478797638,21.101717659688674,5.797101449275362,4.072732152442297,2.7844873859366612,1.6371443907675791,0.2281266774020397,0.5367686527106817,1.5901771336553945,0.0067096081588835215,0.040257648953301126,0.20799785292538917,0.013419216317767043,
