,45,50,51,53,55,54,52,57,56,58,59,61,60,46
0,91.10305958132045,8.246108427267847,0.040257648953301126,0.5837359098228664,0.026838432635534086,,,,,,,,,
1,82.15244229736983,17.028985507246375,0.08722490606548577,0.6038647342995169,0.06038647342995169,0.06709608158883522,,,,,,,,
2,75.04696725711219,21.3768115942029,0.08722490606548577,0.7179280730005367,0.2214170692431562,0.6910896403650026,1.8250134192163177,0.03354804079441761,,,,,,
3,49.322329575952764,33.662104133118625,10.695115405260333,0.630703166935051,0.2683843263553409,0.6776704240472357,4.64975845410628,0.06709608158883522,0.026838432635534086,,,,,
4,46.363392377885134,36.70826623725174,10.493827160493828,0.13419216317767044,0.7716049382716049,0.6776704240472357,4.64975845410628,0.06709608158883522,0.13419216317767044,,,,,
5,33.53462157809984,48.86607622114869,11.07085346215781,0.13419216317767044,0.8990874932903918,0.7179280730005367,4.636339237788513,0.08051529790660225,0.06038647342995169,,,,,
6,28.33467525496511,38.88217928073001,18.874127750939344,0.020128824476650563,1.221148684916801,0.7179280730005367,11.77536231884058,0.10735373054213634,0.06709608158883522,,,,,
7,28.247450348899623,36.211755233494365,17.297369833601717,3.3548040794417604,1.9726247987117553,0.7179280730005367,11.963231347289318,0.10735373054213634,0.1274825550187869,,,,,
8,27.89855072463768,35.829307568438004,17.03569511540526,4.012345679012346,2.4892646269457863,0.8789586688137413,11.52710681696189,0.1274825550187869,0.17444981213097155,0.026838432635534086,,,,
9,27.70397208803006,35.99704777241009,16.861245303274288,3.9720880300590444,2.563070316693505,0.8789586688137413,11.379495437466453,0.27509393451422437,0.32877079978529256,0.026838432635534086,0.013419216317767043,,,
10,27.147074610842726,33.863392377885134,15.405260332796564,3.938539989264627,2.563070316693505,3.2206119162640903,12.93612453032743,0.47638217928073,0.3824476650563607,0.05367686527106817,0.013419216317767043,,,
11,26.482823403113258,33.58829844337091,15.311325818572195,4.012345679012346,2.9052603327965647,4.180085882984434,12.332259796027913,0.6709608158883521,0.38915727321524424,0.08722490606548577,0.040257648953301126,,,
12,24.805421363392377,32.57514761137949,17.70665593129361,3.5292538915727323,3.2474503488996245,4.159957058507783,12.734836285560924,0.6977992485238862,0.41599570585077833,0.06038647342995169,0.06709608158883522,,,
13,21.370101986044016,34.98389694041868,17.250402576489535,5.119431025228127,2.8784219001610305,4.441760601180891,12.29200214707461,0.8856682769726248,0.5099302200751477,0.0939345142243693,0.17444981213097155,,,
14,17.404723564143854,38.55340848094471,26.972624798711756,2.38191089640365,2.3617820719269993,1.402308105206656,9.426999463231347,0.7179280730005367,0.5770263016639828,0.1274825550187869,0.07380568974771873,,,
15,15.707192699946322,40.042941492216855,26.80488459473967,2.395330112721417,2.6502952227589907,1.442565754159957,9.185453569511541,0.8454106280193237,0.7246376811594203,0.1274825550187869,0.07380568974771873,,,
16,15.76086956521739,37.4597423510467,26.717659688674182,4.757112184648417,2.737520128824477,1.42914653784219,9.16532474503489,0.8990874932903918,0.8722490606548577,0.1274825550187869,0.07380568974771873,,,
17,15.640096618357488,36.252012882447666,21.329844337090712,10.93666129898014,3.126677402039721,1.4694041867954912,9.158615136876007,0.9259259259259259,0.9393451422436929,0.14761137949543746,0.07380568974771873,,,
18,15.35829307568438,34.634997316156735,20.605206655931294,13.573537305421363,3.515834675254965,1.3419216317767042,8.80300590445518,0.8118625872249061,1.1674718196457328,0.08722490606548577,0.10064412238325282,,,
19,15.01610305958132,34.76247987117552,19.712828770799785,13.419216317767042,3.743961352657005,2.2879763821792807,8.742619431025227,0.8722490606548577,1.2144390767579174,0.12077294685990338,0.10735373054213634,,,
20,13.70101986044015,33.561460010735374,22.67176596886742,12.432903918411165,3.7909286097691894,2.408749329039184,8.702361782071927,0.8923778851315083,1.4895330112721417,0.20799785292538917,0.14090177133655393,,,
21,12.869028448738593,32.9777241009125,24.60413311862587,11.996779388083736,3.9855072463768115,2.408749329039184,8.427267847557703,0.9326355340848095,1.482823403113258,0.17444981213097155,0.14090177133655393,,,
22,12.808641975308642,29.958400429414922,23.785560923242084,11.305689747718732,4.85775630703167,2.38191089640365,12.077294685990339,1.0131508319914118,1.4694041867954912,0.20128824476650564,0.14090177133655393,,,
23,12.077294685990339,28.743961352657006,28.703703703703702,10.916532474503489,4.609500805152979,2.1068169618894257,10.21202361782072,0.95276435856146,1.3754696725711217,0.16774020397208803,0.13419216317767044,,,
24,12.157809983896941,27.234299516908212,27.449006977992486,10.379763821792807,4.9651100375738055,5.045625335480408,9.762479871175524,1.0265700483091786,1.6304347826086956,0.19457863660762212,0.15432098765432098,,,
25,12.171229200214707,27.180622651637144,26.94578636607622,10.319377348362856,5.293880837359098,5.032206119162641,9.728931830381105,1.0265700483091786,1.90552871712292,0.24154589371980675,0.15432098765432098,,,
26,11.580783682232958,24.422973698336016,29.1935050993022,11.768652710681696,4.542404723564144,4.166666666666667,10.896403650026839,0.9393451422436929,1.9726247987117553,0.2616747181964573,0.2549651100375738,,,
27,11.600912506709609,24.261943102522814,29.012345679012345,11.647879763821793,4.783950617283951,4.166666666666667,10.742082662372518,1.1808910359634996,2.059849704777241,0.28180354267310787,0.23483628556092323,0.026838432635534086,,
28,11.386205045625335,21.202361782071925,38.0703166935051,10.88298443370907,4.730273752012883,2.314814814814815,7.608695652173913,1.1272141706924315,1.9457863660762211,0.28180354267310787,0.4227053140096618,0.026838432635534086,,
29,11.16478797638218,19.565217391304348,37.553676865271065,13.150831991411701,4.616210413311863,2.314814814814815,7.595276435856146,1.1003757380568975,2.1135265700483092,0.3757380568974772,0.4227053140096618,0.026838432635534086,,
30,10.641438539989265,17.780461621041333,35.03086419753087,14.761137949543746,4.428341384863124,3.730542136339238,9.668545356951155,1.1406333870101986,1.9860440150295222,0.4428341384863124,0.3757380568974772,0.013419216317767043,,
31,10.554213633923778,16.686795491143318,37.9495437466452,13.79495437466452,4.49543746645196,3.026033279656468,9.460547504025765,1.0332796564680622,2.073268921095008,0.5300590445517982,0.36902844873859364,0.026838432635534086,,
32,10.654857756307031,16.445249597423512,36.71497584541063,13.768115942028986,4.388083735909823,4.341116478797638,9.178743961352657,1.1205045625335481,2.408749329039184,0.5837359098228664,0.36902844873859364,0.026838432635534086,,
33,10.681696188942565,16.458668813741276,33.93048845947396,14.78797638217928,4.8376274825550185,6.025228126677402,8.84326355340848,1.0064412238325282,2.3617820719269993,0.6374127750939346,0.4025764895330113,0.026838432635534086,,
34,10.695115405260333,15.599838969404187,33.360171765968865,14.694041867954912,5.381105743424584,6.3070316693505095,9.581320450885668,1.093666129898014,2.227589908749329,0.630703166935051,0.4025764895330113,0.026838432635534086,,
35,10.768921095008052,15.593129361245303,33.10520665593129,14.63365539452496,5.3341384863123995,6.333870101986044,9.480676328502415,1.2144390767579174,2.4557165861513686,0.6776704240472357,0.3757380568974772,0.026838432635534086,,
36,10.983628556092324,15.499194847020934,32.870370370370374,14.533011272141707,5.428073000536768,6.320450885668277,9.426999463231347,1.2412775093934514,2.5966183574879227,0.6575415995705851,0.41599570585077833,0.026838432635534086,,
37,10.909822866344605,15.411969940955448,31.655931293612454,14.224369296833064,5.059044551798175,6.1862587224906065,11.560654857756306,1.1876006441223832,2.6502952227589907,0.6105743424584005,0.5166398282340311,0.026838432635534086,,
38,8.239398819108963,14.338432635534085,42.20343531937735,14.009661835748792,4.904723564143854,5.938003220611916,6.0587761674718195,0.8588298443370908,2.1940418679549114,0.630703166935051,0.5837359098228664,0.026838432635534086,0.013419216317767043,
39,8.3064949006978,14.217659688674182,41.55931293612453,13.969404186795492,5.4616210413311865,6.052066559312936,6.005099302200751,0.9125067096081588,2.187332259796028,0.7045088566827697,0.5837359098228664,0.026838432635534086,0.013419216317767043,
40,7.39398819108964,12.13768115942029,39.64707461084273,13.6406333870102,5.173107890499195,7.9106280193236715,9.567901234567902,1.0131508319914118,2.1269457863660763,0.6977992485238862,0.6508319914117016,0.026838432635534086,0.013419216317767043,
41,7.105475040257649,11.81561996779388,40.9621578099839,13.573537305421363,5.46833064949007,7.971014492753623,8.420558239398819,1.0131508319914118,2.281266774020397,0.7380568974771873,0.6239935587761675,0.013419216317767043,0.013419216317767043,
42,7.1658615136876005,11.822329575952764,40.61996779388084,13.519860440150294,5.475040257648954,7.944176060118089,8.360171765968868,1.0869565217391304,2.5026838432635534,0.8185721953837896,0.6575415995705851,0.013419216317767043,0.013419216317767043,
43,6.709608158883521,12.338969404186795,39.56655931293612,13.580246913580247,6.219806763285024,7.863660762211487,8.3467525496511,1.1137949543746646,2.6637144390767578,0.8454106280193237,0.7246376811594203,0.013419216317767043,0.013419216317767043,
44,6.642512077294686,12.385936661298981,39.090177133655395,13.573537305421363,6.3137412775093935,7.877079978529254,8.21256038647343,1.3217928073000538,3.026033279656468,0.8118625872249061,0.7112184648416533,0.020128824476650563,0.013419216317767043,
45,6.776704240472356,12.29200214707461,39.78797638217928,13.573537305421363,5.998389694041868,7.548309178743962,7.75630703166935,1.7176596886741815,2.9790660225442833,0.8118625872249061,0.7246376811594203,0.020128824476650563,0.013419216317767043,
46,6.776704240472356,12.211486849168008,39.54643048845947,13.539989264626946,6.005099302200751,7.635534084809447,7.601986044015029,1.751207729468599,3.280998389694042,0.8588298443370908,0.7581857219538379,0.020128824476650563,0.013419216317767043,
47,5.790391841116479,10.124798711755233,57.62211486849168,5.924584004294149,4.918142780461621,6.461352657004831,4.5893719806763285,1.0601180891035964,2.690552871712292,0.24154589371980675,0.5636070853462157,,0.013419216317767043,
48,6.038647342995169,10.050993022007514,56.95115405260333,5.226784755770263,5.314009661835748,6.380837359098229,5.4616210413311865,1.0869565217391304,2.703972088030059,0.24154589371980675,0.5300590445517982,,0.013419216317767043,
49,6.0654857756307035,9.950348899624261,54.89801395598497,5.132850241545894,7.253086419753086,6.400966183574879,5.475040257648954,1.1540526033279657,2.7308105206655933,0.2549651100375738,0.644122383252818,0.03354804079441761,0.0067096081588835215,
50,5.314009661835748,9.628287707997853,55.864197530864196,4.931561996779388,7.4208266237251745,5.622651637144391,6.132581857219538,1.1808910359634996,2.945517981749866,0.24154589371980675,0.6776704240472357,0.03354804079441761,0.0067096081588835215,
51,5.273752012882448,9.54777241009125,55.16639828234031,5.401234567901234,8.064949006977992,5.5756843800322065,5.884326355340848,1.221148684916801,2.8381642512077296,0.24154589371980675,0.7447665056360708,0.03354804079441761,0.0067096081588835215,
52,5.146269457863661,8.568169618894256,51.610305958132045,4.958400429414922,9.017713365539452,5.428073000536768,10.473698336017177,1.1003757380568975,2.6033279656468062,0.27509393451422437,0.7783145464304885,0.03354804079441761,0.0067096081588835215,
53,5.045625335480408,8.165593129361245,40.11003757380569,6.327160493827161,8.105206655931294,5.448201825013419,22.52415458937198,1.0735373054213635,2.3483628556092326,0.1274825550187869,0.6642512077294686,0.03354804079441761,0.026838432635534086,
54,5.213365539452496,7.702630166398282,39.79468599033817,6.723027375201288,8.353462157809984,5.246913580246914,21.658615136876005,1.9390767579173376,2.3617820719269993,0.13419216317767044,0.8118625872249061,0.03354804079441761,0.026838432635534086,
55,5.280461621041331,7.521470746108427,39.36527106816962,6.702898550724638,8.635265700483092,5.293880837359098,21.490874932903917,2.147074610842727,2.5026838432635534,0.16774020397208803,0.798443370907139,0.03354804079441761,0.06038647342995169,
56,5.488459473966721,7.48792270531401,38.94256575415996,6.689479334406871,8.99087493290392,5.152979066022544,21.40365002683843,2.0933977455716586,2.509393451422437,0.27509393451422437,0.8319914117015567,0.07380568974771873,0.06038647342995169,
57,5.636070853462158,7.461084272678476,38.54669887278583,6.615673644659152,9.286097691894794,5.179817498658078,21.30300590445518,2.1269457863660763,2.5966183574879227,0.30193236714975846,0.8118625872249061,0.07380568974771873,0.06038647342995169,
58,5.743424584004294,7.360440150295223,38.0703166935051,6.575415995705851,9.473966720343531,5.347557702630167,21.215780998389693,2.24771873322598,2.7241009125067097,0.322061191626409,0.785024154589372,0.07380568974771873,0.06038647342995169,
59,5.790391841116479,7.2933440687063875,37.27858293075684,6.5552871712292005,10.319377348362856,5.35426731078905,21.101717659688674,2.2946859903381642,2.7643585614600106,0.32877079978529256,0.785024154589372,0.07380568974771873,0.06038647342995169,
60,5.783682232957595,7.27992485238862,37.144390767579175,6.535158346752549,10.50053676865271,6.8035426731078905,20.04830917874396,1.9457863660762211,2.7308105206655933,0.30864197530864196,0.785024154589372,0.07380568974771873,0.06038647342995169,
61,5.2066559312936125,7.253086419753086,51.321792807300056,6.347289318303811,8.984165324745035,5.2066559312936125,10.695115405260333,1.3217928073000538,2.6167471819645733,0.30864197530864196,0.7112184648416533,,0.026838432635534086,
62,5.226784755770263,7.051798174986581,50.919216317767045,6.280193236714976,9.03113258185722,5.052334943639291,11.16478797638218,1.3352120236178207,2.7979066022544283,0.4025764895330113,0.7112184648416533,,0.026838432635534086,
63,5.367686527106817,7.0383789586688135,49.563875469672574,7.763016639828234,8.675523349436393,4.985238862050457,11.16478797638218,1.3754696725711217,2.898550724637681,0.4294149221685454,0.6977992485238862,,0.040257648953301126,
64,5.488459473966721,6.884057971014493,48.8593666129898,7.722758990874933,9.024422973698336,4.924852388620504,11.16478797638218,1.3754696725711217,3.4017713365539453,0.4294149221685454,0.6843800322061192,,0.040257648953301126,
65,5.656199677938808,6.810252281266774,47.5979602791197,7.669082125603865,9.23913043478261,5.018786902844874,10.970209339774557,1.3821792807300053,4.51556629092861,0.4294149221685454,0.6709608158883521,,0.040257648953301126,
66,5.756843800322061,6.582125603864735,47.43022007514761,7.7361782071927,9.292807300053678,5.038915727321524,10.876274825550189,1.4694041867954912,4.663177670424047,0.4428341384863124,0.6709608158883521,,0.040257648953301126,
67,6.005099302200751,6.515029522275899,47.054482018250134,7.87037037037037,9.312936124530328,5.0858829844337095,10.849436392914654,1.5365002683843263,4.622920021470746,0.43612453032742887,0.6709608158883521,,0.040257648953301126,
68,5.83064949006978,6.535158346752549,47.014224369296834,7.823403113258186,10.802469135802468,4.260601180891036,10.7085346215781,1.4895330112721417,4.455179817498658,0.4025764895330113,0.6172839506172839,,0.06038647342995169,
69,5.864197530864198,6.387546967257112,47.745571658615134,7.749597423510467,10.151637144390767,4.1532474503489,10.473698336017177,1.6572732152442298,4.74369296833065,0.4562533548040794,0.5233494363929146,,0.0939345142243693,
70,5.615942028985507,4.85775630703167,48.2085346215781,7.514761137949543,9.581320450885668,5.488459473966721,10.373054213633925,1.6908212560386473,5.448201825013419,0.5166398282340311,0.5233494363929146,0.03354804079441761,0.14761137949543746,
71,5.669618894256575,4.804079441760601,47.698604401502955,7.575147611379496,9.655126140633387,5.441492216854535,10.420021470746109,1.7444981213097155,5.730005367686527,0.5434782608695652,0.5233494363929146,0.03354804079441761,0.1610305958132045,
72,5.676328502415459,4.770531400966184,47.22222222222222,7.648953301127214,9.836285560923242,5.441492216854535,10.165056360708535,1.8988191089640365,5.938003220611916,0.6709608158883521,0.5233494363929146,0.03354804079441761,0.17444981213097155,
73,5.844068706387547,4.736983360171766,46.786097691894796,7.648953301127214,9.829575952764358,5.4549114331723025,10.050993022007514,2.006172839506173,6.1929683306494905,0.6709608158883521,0.5233494363929146,0.06038647342995169,0.19457863660762212,
74,5.636070853462158,4.549114331723027,43.01529790660226,9.373322597960279,9.588030059044552,5.938003220611916,12.895866881374127,2.1604938271604937,5.367686527106817,0.7716049382716049,0.46967257112184646,0.026838432635534086,0.20799785292538917,
75,5.60252281266774,4.528985507246377,41.6129898013956,11.480139559849706,9.863123993558776,5.931293612453032,11.956521739130435,2.0933977455716586,5.267042404723564,0.8252818035426731,0.48980139559849706,0.026838432635534086,0.322061191626409,
76,5.428073000536768,4.126409017713366,43.68625872249061,11.117820719269995,9.695383789586689,5.374396135265701,11.56736446591519,2.1403650026838434,5.307300053676865,0.7313472893183038,0.47638217928073,0.026838432635534086,0.322061191626409,
77,5.501878690284487,3.8915727321524423,42.0625335480408,11.023886205045626,9.728931830381105,5.246913580246914,13.170960815888352,2.1604938271604937,5.6964573268921095,0.6508319914117016,0.48980139559849706,0.026838432635534086,0.3488996242619431,
78,5.662909286097692,3.851315083199141,41.727053140096615,10.909822866344605,9.702093397745571,5.401234567901234,12.962962962962964,2.328234031132582,5.756843800322061,0.8118625872249061,0.5032206119162641,0.026838432635534086,0.35560923242082665,
79,5.877616747181965,3.8311862587224907,41.297638217928075,10.876274825550189,9.863123993558776,5.387815351583468,12.902576489533011,2.3483628556092326,5.884326355340848,0.8319914117015567,0.5032206119162641,0.040257648953301126,0.35560923242082665,
80,5.709876543209877,3.589640365002684,46.0077831454643,9.634997316156737,9.480676328502415,5.287171229200215,10.896403650026839,2.200751476113795,5.535426731078905,0.7648953301127214,0.49651100375738055,0.040257648953301126,0.35560923242082665,
81,5.763553408480945,3.5762211486849167,45.62533548040794,9.534353193773484,9.54777241009125,5.414653784219001,10.748792270531402,2.2074610842726785,5.810520665593129,0.8185721953837896,0.5300590445517982,0.040257648953301126,0.3824476650563607,
82,5.522007514761138,2.8650026838432634,43.31052066559313,9.212292002147075,9.903381642512077,5.092592592592593,14.278046162104133,2.2342995169082127,5.723295759527644,0.8722490606548577,0.5300590445517982,0.07380568974771873,0.3824476650563607,
83,5.662909286097692,2.8650026838432634,41.86795491143317,9.098228663446054,9.702093397745571,6.380837359098229,14.130434782608695,2.3550724637681157,5.9514224369296835,0.9326355340848095,0.5636070853462157,0.08051529790660225,0.4092860976918948,
84,5.508588298443371,2.7509393451422435,46.081588835212024,9.306226516371444,8.085077831454644,4.958400429414922,14.103596349973161,2.314814814814815,4.998658078368224,0.9259259259259259,0.5166398282340311,0.040257648953301126,0.4092860976918948,
85,5.5756843800322065,2.737520128824477,45.7259796027912,9.312936124530328,8.252818035426731,4.951690821256038,14.070048309178745,2.395330112721417,5.0858829844337095,0.9259259259259259,0.5166398282340311,0.040257648953301126,0.4092860976918948,
86,5.750134192163178,2.717391304347826,45.06843800322061,9.212292002147075,8.3064949006978,5.059044551798175,13.955984970477724,2.3752012882447664,5.535426731078905,1.0332796564680622,0.5300590445517982,0.040257648953301126,0.41599570585077833,
87,5.676328502415459,2.6972624798711755,44.826892109500804,9.145195920558239,8.380300590445518,5.233494363929147,13.768115942028986,2.522812667740204,5.703166935050993,0.9930220075147611,0.5837359098228664,0.040257648953301126,0.4294149221685454,
88,5.689747718733226,2.61003757380569,44.18276972624799,9.333064949006978,8.407139023081053,4.74369296833065,14.80810520665593,2.4892646269457863,5.803811057434245,1.0064412238325282,0.5166398282340311,0.040257648953301126,0.36902844873859364,
89,4.7168545356951155,2.395330112721417,47.054482018250134,9.198872785829307,7.601986044015029,4.616210413311863,13.781535158346752,2.4691358024691357,6.159420289855072,1.0735373054213635,0.5166398282340311,0.04696725711218465,0.36902844873859364,
90,4.824208266237251,2.395330112721417,45.276435856146,9.192163177670425,7.689210950080516,6.159420289855072,13.573537305421363,2.4221685453569513,6.5552871712292005,1.0466988727858293,0.4830917874396135,0.04696725711218465,0.33548040794417605,
91,4.247181964573269,2.2946859903381642,50.295222758990874,9.46725711218465,6.407675791733762,6.099033816425121,10.681696188942565,1.8451422436929683,6.702898550724638,1.0869565217391304,0.47638217928073,0.06038647342995169,0.33548040794417605,
92,4.42163177670424,2.2946859903381642,49.97987117552335,9.41358024691358,6.427804616210413,6.085614600107354,10.607890499194847,1.8853998926462694,6.850509930220075,1.1205045625335481,0.5300590445517982,0.04696725711218465,0.33548040794417605,
93,4.49543746645196,2.2611379495437465,49.61755233494364,9.346484165324744,6.5552871712292005,6.025228126677402,10.540794417606012,1.9256575415995705,7.125603864734299,1.1205045625335481,0.6038647342995169,0.04696725711218465,0.33548040794417605,
94,4.549114331723027,2.2611379495437465,49.13446054750403,8.729200214707461,6.481481481481482,6.072195383789587,10.829307568438002,1.9122383252818036,7.749597423510467,1.1876006441223832,0.5703166935050993,0.1878690284487386,0.33548040794417605,
95,4.62962962962963,2.2611379495437465,48.65807836822329,8.655394524959743,6.696188942565755,6.072195383789587,10.802469135802468,1.9122383252818036,8.024691358024691,1.2144390767579174,0.5501878690284487,0.1878690284487386,0.33548040794417605,
96,4.40150295222759,2.24771873322598,47.81266774020397,7.749597423510467,6.454643048845948,6.045356951154052,13.6406333870102,1.6841116478797638,7.971014492753623,0.9192163177670424,0.5367686527106817,0.20799785292538917,0.32877079978529256,
97,4.508856682769726,2.24771873322598,47.24906065485776,7.709339774557166,6.535158346752549,6.159420289855072,13.47289318303811,1.7042404723564144,8.340042941492216,0.9997316156736447,0.5367686527106817,0.2214170692431562,0.3153515834675255,
98,4.64975845410628,2.24771873322598,46.93370907139023,7.709339774557166,6.528448738593666,6.206387546967257,13.39237788513151,1.8048845947396672,8.413848631239935,0.9997316156736447,0.5367686527106817,0.2214170692431562,0.35560923242082665,
99,4.676596886741814,2.24771873322598,46.0077831454643,7.716049382716049,6.582125603864735,6.199677938808374,13.285024154589372,1.8048845947396672,9.366612989801396,1.0265700483091786,0.5367686527106817,0.19457863660762212,0.35560923242082665,
100,4.7638217928073,2.1806226516371443,45.6857219538379,7.689210950080516,6.9310252281266775,6.327160493827161,13.09044551798175,1.9189479334406871,9.326355340848094,1.0198604401502953,0.5166398282340311,0.19457863660762212,0.35560923242082665,
101,4.770531400966184,1.9994632313472893,44.69940955448202,7.407407407407407,6.877348362855609,6.8035426731078905,13.848631239935587,2.2074610842726785,9.373322597960279,0.9326355340848095,0.5099302200751477,0.23483628556092323,0.33548040794417605,
102,4.810789049919484,1.9659151905528718,42.28395061728395,7.320182501341922,7.125603864734299,6.655931293612453,17.008856682769725,2.2879763821792807,8.460815888352121,1.0064412238325282,0.49651100375738055,0.23483628556092323,0.3421900161030596,
103,4.978529253891573,1.9390767579173376,41.89479334406871,7.2933440687063875,7.192699946323135,6.588835212023618,16.861245303274288,2.38191089640365,8.742619431025227,1.0198604401502953,0.5300590445517982,0.23483628556092323,0.3421900161030596,
104,4.978529253891573,1.9390767579173376,41.378153515834676,7.96430488459474,6.944444444444445,6.508319914117015,16.78743961352657,2.4355877616747184,8.876811594202898,0.9930220075147611,0.6172839506172839,0.23483628556092323,0.3421900161030596,
105,5.213365539452496,1.9390767579173376,41.02254428341385,7.890499194847021,6.964573268921095,6.481481481481482,16.646537842190018,2.5429414922168547,9.084809447128288,1.0198604401502953,0.6172839506172839,0.23483628556092323,0.3421900161030596,
106,5.2066559312936125,1.9390767579173376,40.17042404723564,8.601717659688674,7.266505636070853,6.561996779388084,16.552603327965645,2.5429414922168547,8.930488459473967,1.0802469135802468,0.5837359098228664,0.24825550187869028,0.3153515834675255,
107,5.307300053676865,1.8988191089640365,39.60010735373054,8.655394524959743,7.809983896940419,6.561996779388084,16.438539989264626,2.563070316693505,8.910359634997317,1.133923778851315,0.5568974771873323,0.24825550187869028,0.3153515834675255,
108,5.448201825013419,1.8988191089640365,38.99624261943102,8.648684916800859,8.185721953837897,6.5552871712292005,16.284219001610307,2.623456790123457,9.004294149221685,1.2412775093934514,0.5568974771873323,0.24154589371980675,0.3153515834675255,
109,5.0791733762748255,1.724369296833065,38.86205045625336,7.957595276435856,7.729468599033816,6.0654857756307035,18.95464304884595,2.475845410628019,8.76274825550188,1.2010198604401503,0.644122383252818,0.2147074610842727,0.32877079978529256,
110,5.246913580246914,1.7176596886741815,38.405797101449274,7.897208803005904,7.709339774557166,6.152710681696189,18.746645195920557,2.6838432635534084,9.091519055287172,1.1876006441223832,0.644122383252818,0.1878690284487386,0.32877079978529256,
111,5.166398282340311,2.1403650026838434,37.815351583467525,7.971014492753623,7.9039184111647875,6.0587761674718195,18.38432635534085,2.804616210413312,9.380032206119163,1.221148684916801,0.644122383252818,0.1878690284487386,0.322061191626409,
112,5.246913580246914,2.13365539452496,37.43961352657005,8.024691358024691,8.017981749865807,6.139291465378422,18.02200751476114,3.099838969404187,9.500805152979066,1.221148684916801,0.644122383252818,0.1878690284487386,0.322061191626409,
113,5.273752012882448,2.033011272141707,37.23161567364466,8.299785292538916,8.004562533548041,6.018518518518518,17.934782608695652,3.126677402039721,9.534353193773484,1.3888888888888888,0.644122383252818,0.1878690284487386,0.322061191626409,
114,5.300590445517981,2.033011272141707,39.17740203972088,8.09849704777241,8.031400966183575,5.958132045088567,15.767579173376275,3.079710144927536,10.017444981213098,1.3754696725711217,0.6776704240472357,0.1878690284487386,0.2952227589908749,
115,5.032206119162641,1.9256575415995705,44.256575415995705,7.581857219538379,7.407407407407407,5.441492216854535,14.096886741814279,2.49597423510467,9.480676328502415,1.2077294685990339,0.7045088566827697,0.1878690284487386,0.18115942028985507,
116,5.025496511003757,1.8988191089640365,45.74610842726785,7.447665056360709,7.434245840042942,5.307300053676865,13.083735909822867,2.3752012882447664,9.306226516371444,1.2748255501878691,0.7313472893183038,0.1878690284487386,0.18115942028985507,
117,5.253623188405797,1.8988191089640365,44.840311325818575,7.219538378958669,7.548309178743962,5.287171229200215,12.97638217928073,2.5697799248523885,10.11808910359635,1.1808910359634996,0.7514761137949544,0.1878690284487386,0.16774020397208803,
118,5.35426731078905,1.8786902844873858,44.256575415995705,7.199409554482019,7.682501341921632,5.428073000536768,13.09044551798175,2.6704240472356413,10.084541062801932,1.221148684916801,0.7783145464304885,0.1878690284487386,0.16774020397208803,
119,5.340848094471283,1.8786902844873858,44.02173913043478,7.273215244229737,7.816693505099302,5.434782608695652,12.969672571121846,2.757648953301127,10.138217928073,1.247987117552335,0.7648953301127214,0.1878690284487386,0.16774020397208803,
120,5.407944176060118,1.8115942028985508,42.70665593129361,8.246108427267847,8.145464304884594,5.542136339237788,12.526838432635534,2.7509393451422435,10.46027911969941,1.288244766505636,0.7380568974771873,0.1878690284487386,0.1878690284487386,
121,5.4616210413311865,1.8115942028985508,41.92163177670424,8.662104133118627,8.333333333333334,5.515297906602254,12.446323134728932,2.818035426731079,10.607890499194847,1.2546967257112185,0.7514761137949544,0.1878690284487386,0.2281266774020397,
122,5.5689747718733225,1.8115942028985508,42.82742887815352,8.373590982286634,7.823403113258186,5.381105743424584,12.325550187869029,2.9388083735909825,10.59447128287708,1.1943102522812667,0.7514761137949544,0.1878690284487386,0.2214170692431562,
123,5.649490069779925,1.8115942028985508,42.572463768115945,8.299785292538916,7.877079978529254,5.401234567901234,12.218196457326892,3.1199677938808374,10.661567364465915,1.2345679012345678,0.7514761137949544,0.15432098765432098,0.24825550187869028,
124,5.723295759527644,1.6774020397208802,41.63311862587225,8.293075684380032,7.897208803005904,5.911164787976382,12.587224906065487,3.0730005367686526,10.742082662372518,1.2949543746645196,0.7648953301127214,0.15432098765432098,0.24825550187869028,
125,5.703166935050993,1.6774020397208802,40.96886741814278,8.252818035426731,8.105206655931294,6.233225979602791,12.567096081588835,3.046162104133119,10.943370907139023,1.3352120236178207,0.7648953301127214,0.15432098765432098,0.24825550187869028,
126,5.756843800322061,1.6371443907675791,40.58641975308642,8.239398819108963,8.132045088566828,6.266774020397209,12.392646269457863,3.0864197530864197,11.439881910896403,1.3083735909822867,0.7514761137949544,0.15432098765432098,0.24825550187869028,
127,5.864197530864198,1.6035963499731616,39.88862050456253,8.340042941492216,8.55475040257649,6.0587761674718195,12.332259796027913,3.0864197530864197,11.701556629092861,1.415727321524423,0.7514761137949544,0.15432098765432098,0.24825550187869028,
128,5.897745571658615,1.6035963499731616,39.432367149758456,8.179012345679013,8.977455716586151,6.206387546967257,12.224906065485776,3.0864197530864197,11.782071926999464,1.42914653784219,0.7648953301127214,0.16774020397208803,0.24825550187869028,
129,5.850778314546431,1.6035963499731616,38.808373590982285,8.125335480407944,9.245840042941492,6.461352657004831,12.104133118625873,3.1736446591519054,12.00348899624262,1.4358561460010735,0.798443370907139,0.14090177133655393,0.24825550187869028,
130,5.850778314546431,1.5297906602254427,37.446323134728935,8.064949006977992,9.447128287707997,6.5485775630703165,13.56682769726248,3.126677402039721,11.768652710681696,1.442565754159957,0.798443370907139,0.1610305958132045,0.24825550187869028,
131,5.857487922705314,1.5297906602254427,36.983360171765966,8.071658615136876,9.608158883521202,6.561996779388084,13.506441223832528,3.180354267310789,12.037037037037036,1.4694041867954912,0.798443370907139,0.1610305958132045,0.23483628556092323,
132,5.984970477724101,1.5297906602254427,36.81561996779388,8.192431561996779,9.614868491680086,6.528448738593666,13.425925925925926,3.1535158346752548,12.070585077831455,1.442565754159957,0.8454106280193237,0.1610305958132045,0.23483628556092323,
133,6.092324208266238,1.5230810520665594,36.36607622114869,8.179012345679013,9.943639291465379,6.454643048845948,13.298443370907139,3.280998389694042,12.164519592055823,1.4559849704777241,0.8454106280193237,0.1610305958132045,0.23483628556092323,
134,6.105743424584004,1.4895330112721417,35.61460010735373,9.541062801932368,9.863123993558776,6.132581857219538,13.264895330112722,3.3413848631239937,12.057165861513688,1.42914653784219,0.8252818035426731,0.1610305958132045,0.17444981213097155,
135,6.038647342995169,1.4895330112721417,35.15163714439077,8.28636607622115,9.64170692431562,8.715780998389693,13.177670424047236,3.2877079978529253,11.876006441223833,1.328502415458937,0.6910896403650026,0.1610305958132045,0.15432098765432098,
136,5.9447128287707995,1.4895330112721417,33.467525496511,10.44015029522276,9.292807300053678,8.735909822866345,13.063607085346217,3.280998389694042,11.956521739130435,1.3016639828234031,0.7380568974771873,0.1610305958132045,0.1274825550187869,
137,5.340848094471283,1.4895330112721417,31.293612453032743,9.151905528717123,8.876811594202898,7.796564680622652,20.799785292538918,3.1199677938808374,10.299248523886206,0.9728931830381106,0.5904455179817498,0.1610305958132045,0.10735373054213634,
138,5.535426731078905,1.4895330112721417,30.83064949006978,9.185453569511541,8.930488459473967,7.7898550724637685,20.638754696725712,3.166935050993022,10.581052066559312,0.9594739667203436,0.6239935587761675,0.1610305958132045,0.10735373054213634,
139,5.71658615136876,1.4895330112721417,33.923778851315085,9.172034353193773,8.876811594202898,5.756843800322061,19.6256038647343,3.260869565217391,10.38647342995169,0.9192163177670424,0.6038647342995169,0.1610305958132045,0.10735373054213634,
140,5.877616747181965,1.4694041867954912,33.561460010735374,9.185453569511541,8.68894256575416,5.8172302737520125,19.545088566827697,3.3011272141706924,10.63472893183038,0.9393451422436929,0.6172839506172839,0.15432098765432098,0.20799785292538917,
141,5.931293612453032,1.4694041867954912,33.360171765968865,9.192163177670425,8.61513687600644,5.83064949006978,19.290123456790123,3.683574879227053,10.721953837895867,0.9393451422436929,0.6038647342995169,0.15432098765432098,0.20799785292538917,
142,6.005099302200751,1.4626945786366077,33.23268921095008,9.145195920558239,8.588298443370908,5.83064949006978,19.209608158883523,3.8043478260869565,10.775630703166936,0.9863123993558777,0.5971551261406334,0.15432098765432098,0.20799785292538917,
143,6.038647342995169,1.4090177133655395,32.347020933977454,8.876811594202898,8.55475040257649,5.964841653247451,20.48443370907139,3.6634460547504024,10.661567364465915,1.0534084809447128,0.5837359098228664,0.15432098765432098,0.20799785292538917,
144,6.239935587761675,1.402308105206656,32.15915190552872,8.796296296296296,8.420558239398819,5.998389694041868,20.363660762211488,3.8915727321524423,10.789049919484702,1.0399892646269457,0.5568974771873323,0.15432098765432098,0.1878690284487386,
145,6.320450885668277,1.3821792807300053,31.984702093397747,8.80300590445518,8.588298443370908,5.978260869565218,20.35024154589372,3.8848631239935587,10.782340311325818,1.0735373054213635,0.5099302200751477,0.15432098765432098,0.1878690284487386,
146,6.347289318303811,1.3821792807300053,31.83709071390231,9.178743961352657,8.514492753623188,5.984970477724101,20.1959205582394,3.92512077294686,10.768921095008052,1.1137949543746646,0.4092860976918948,0.15432098765432098,0.1878690284487386,
147,6.394256575415996,1.3821792807300053,31.260064412238325,9.762479871175524,8.675523349436393,5.984970477724101,20.095276435856146,3.8915727321524423,10.681696188942565,1.1205045625335481,0.4092860976918948,0.15432098765432098,0.1878690284487386,
148,6.4345142243692965,1.3553408480944713,31.052066559312937,9.749060654857756,8.876811594202898,6.132581857219538,20.068438003220614,3.8848631239935587,10.59447128287708,1.0869565217391304,0.4092860976918948,0.15432098765432098,0.20128824476650564,
149,6.333870101986044,1.3083735909822867,30.360976918947934,10.775630703166936,9.158615136876007,6.702898550724638,19.32367149758454,3.851315083199141,10.299248523886206,1.0802469135802468,0.4227053140096618,0.18115942028985507,0.20128824476650564,
150,6.333870101986044,1.3083735909822867,30.03220611916264,10.742082662372518,9.460547504025765,6.78341384863124,19.256575415995705,3.8311862587224907,10.379763821792807,1.093666129898014,0.39586688137412773,0.18115942028985507,0.20128824476650564,
151,6.387546967257112,1.3083735909822867,29.8040794417606,10.896403650026839,9.675254965110037,6.655931293612453,19.256575415995705,3.8580246913580245,10.25228126677402,1.0332796564680622,0.4495437466451959,0.18115942028985507,0.24154589371980675,
152,6.528448738593666,1.3083735909822867,29.62962962962963,10.849436392914654,9.842995169082126,6.716317767042405,19.11567364465915,3.8311862587224907,10.218733225979603,1.0332796564680622,0.47638217928073,0.18115942028985507,0.2683843263553409,
153,6.649221685453569,1.3083735909822867,29.53569511540526,10.86285560923242,9.782608695652174,6.629092860976919,19.0150295222759,3.8378958668813743,10.339506172839506,1.1674718196457328,0.46296296296296297,0.16774020397208803,0.24154589371980675,
154,6.763285024154589,1.3083735909822867,29.240472356414386,10.909822866344605,9.769189479334408,6.5485775630703165,18.840579710144926,3.9720880300590444,10.513955984970478,1.261406333870102,0.46296296296296297,0.16774020397208803,0.24154589371980675,
155,6.8035426731078905,1.2748255501878691,28.85131508319914,10.815888352120236,9.957058507783145,7.011540526033279,18.753354804079443,4.019055287171229,10.379763821792807,1.288244766505636,0.4562533548040794,0.16774020397208803,0.2214170692431562,
156,6.884057971014493,1.2681159420289856,28.59634997316157,10.715244229736983,9.96376811594203,7.024959742351046,18.646001073537306,4.17337627482555,10.527375201288244,1.328502415458937,0.4830917874396135,0.16774020397208803,0.2214170692431562,
157,7.004830917874396,1.261406333870102,28.341384863123995,10.768921095008052,10.071121846484166,6.944444444444445,18.531937734836287,4.2203435319377345,10.61460010735373,1.328502415458937,0.5233494363929146,0.16774020397208803,0.2214170692431562,
158,6.957863660762212,1.261406333870102,27.871712292002147,10.695115405260333,10.017444981213098,7.078636607622115,19.11567364465915,4.200214707461084,10.540794417606012,1.3150831991411702,0.5568974771873323,0.16774020397208803,0.2214170692431562,
159,6.984702093397746,1.261406333870102,27.72410091250671,10.648148148148149,10.050993022007514,7.118894256575416,18.874127750939344,4.294149221685454,10.775630703166936,1.3083735909822867,0.5971551261406334,0.16774020397208803,0.19457863660762212,
160,7.092055823939882,1.261406333870102,27.583199141170155,10.641438539989265,10.057702630166398,7.092055823939882,18.686258722490606,4.414922168545357,10.923242082662373,1.3150831991411702,0.5971551261406334,0.15432098765432098,0.18115942028985507,
161,7.1658615136876005,1.261406333870102,27.462426194310254,10.513955984970478,10.11808910359635,7.246376811594203,18.38432635534085,4.757112184648417,10.775630703166936,1.3821792807300053,0.6105743424584005,0.14090177133655393,0.18115942028985507,
162,7.206119162640902,1.261406333870102,27.220880300590444,10.560923242082662,10.030864197530864,7.239667203435319,18.183038110574344,4.985238862050457,10.990338164251208,1.3955984970477724,0.5971551261406334,0.11406333870101985,0.2147074610842727,
163,7.253086419753086,1.261406333870102,27.160493827160494,10.641438539989265,10.050993022007514,7.266505636070853,18.17632850241546,5.005367686527107,10.93666129898014,1.3955984970477724,0.5636070853462157,0.11406333870101985,0.17444981213097155,
164,7.300053676865271,1.2546967257112185,27.046430488459475,10.621309715512615,10.151637144390767,7.2933440687063875,18.16290928609769,4.944981213097155,10.929951690821255,1.42914653784219,0.5636070853462157,0.11406333870101985,0.15432098765432098,0.03354804079441761
165,7.273215244229737,1.2546967257112185,26.757917337627482,10.540794417606012,9.96376811594203,7.320182501341922,18.968062265163713,4.918142780461621,10.795759527643586,1.3687600644122384,0.5636070853462157,0.11406333870101985,0.1274825550187869,0.03354804079441761
166,7.353730542136339,1.247987117552335,26.160762211486848,12.258454106280194,9.809447128287708,6.89747718733226,18.59903381642512,4.790660225442834,10.61460010735373,1.415727321524423,0.5770263016639828,0.11406333870101985,0.1274825550187869,0.03354804079441761
167,7.4006977992485234,1.1943102522812667,26.039989264626946,12.338969404186795,9.930220075147611,6.998121309715513,18.310520665593128,4.9651100375738055,10.560923242082662,1.4090177133655395,0.5770263016639828,0.11406333870101985,0.1274825550187869,0.03354804079441761
