,45,50,55,52,51,54,56,53,58,59,57,62,61,60,63
0,96.79280730005368,3.193773483628556,0.013419216317767043,,,,,,,,,,,,
1,93.78690284487386,6.199677938808374,0.013419216317767043,,,,,,,,,,,,
2,73.25550187869028,26.73107890499195,0.013419216317767043,,,,,,,,,,,,
3,73.21524422973698,26.757917337627482,0.013419216317767043,0.013419216317767043,,,,,,,,,,,
4,67.67981749865808,29.73027375201288,0.06709608158883522,,2.522812667740204,,,,,,,,,,
5,55.052334943639295,30.05233494363929,0.06709608158883522,,14.231078904991948,0.5703166935050993,0.026838432635534086,,,,,,,,
6,49.16129898013956,35.79575952764358,0.07380568974771873,,14.231078904991948,0.7112184648416533,0.026838432635534086,,,,,,,,
7,47.725442834138484,36.493558776167475,0.16774020397208803,,14.727589908749328,0.8454106280193237,0.040257648953301126,,,,,,,,
8,47.725442834138484,36.45330112721417,0.19457863660762212,,14.687332259796028,0.8454106280193237,0.08051529790660225,0.013419216317767043,,,,,,,
9,47.55099302200752,36.47342995169082,0.30864197530864196,,14.687332259796028,0.8856682769726248,0.08051529790660225,0.013419216317767043,,,,,,,
10,47.00080515297907,36.99006977992485,0.3421900161030596,,14.660493827160494,0.8856682769726248,0.10735373054213634,0.013419216317767043,,,,,,,
11,44.538378958668815,37.11084272678475,0.38915727321524424,,14.351851851851851,3.180354267310789,0.41599570585077833,0.013419216317767043,,,,,,,
12,44.50483091787439,36.600912506709605,0.5032206119162641,,14.351851851851851,3.180354267310789,0.41599570585077833,0.4428341384863124,,,,,,,
13,44.45115405260333,36.58749329039184,0.5434782608695652,,14.371980676328503,3.180354267310789,0.4227053140096618,0.4428341384863124,,,,,,,
14,44.40418679549114,36.553945249597426,0.5904455179817498,,14.371980676328503,3.1468062265163717,0.4227053140096618,0.47638217928073,0.03354804079441761,,,,,,
15,41.21041331186259,37.34567901234568,0.798443370907139,2.1940418679549114,14.325013419216317,3.1468062265163717,0.46967257112184646,0.47638217928073,0.03354804079441761,,,,,,
16,41.176865271068166,37.27187332259796,0.9057971014492754,2.1940418679549114,14.325013419216317,3.1199677938808374,0.46967257112184646,0.47638217928073,0.03354804079441761,0.026838432635534086,,,,,
17,40.83467525496511,37.473161567364464,0.9259259259259259,2.1940418679549114,14.412238325281804,3.1199677938808374,0.5032206119162641,0.47638217928073,0.03354804079441761,0.026838432635534086,,,,,
18,39.680622651637144,38.39237788513151,0.9393451422436929,2.1940418679549114,14.371980676328503,3.3413848631239937,0.5434782608695652,0.47638217928073,0.03354804079441761,0.026838432635534086,,,,,
19,38.466183574879224,39.190821256038646,1.3687600644122384,2.167203435319377,14.338432635534085,3.3279656468062266,0.5770263016639828,0.47638217928073,0.03354804079441761,0.026838432635534086,0.026838432635534086,,,,
20,36.8491680085883,40.72061191626409,1.3821792807300053,2.167203435319377,15.056360708534621,2.6502952227589907,0.5770263016639828,0.5099302200751477,0.03354804079441761,0.026838432635534086,0.026838432635534086,,,,
21,32.64224369296833,45.2361782071927,1.0332796564680622,2.167203435319377,13.922436929683306,3.33467525496511,0.5367686527106817,1.0399892646269457,0.03354804079441761,0.026838432635534086,0.026838432635534086,,,,
22,32.64224369296833,45.20263016639828,1.093666129898014,2.1403650026838434,13.90901771336554,3.33467525496511,0.5501878690284487,1.0399892646269457,0.03354804079441761,0.026838432635534086,0.026838432635534086,,,,
23,32.63553408480945,45.08185721953838,1.1540526033279657,2.1269457863660763,13.88888888888889,3.3279656468062266,0.5904455179817498,1.0601180891035964,0.03354804079441761,0.06038647342995169,0.040257648953301126,,,,
24,31.662640901771336,42.64626945786366,1.1741814278046163,6.91760601180891,13.493022007514762,1.8115942028985508,1.1205045625335481,1.0601180891035964,,0.06038647342995169,0.05367686527106817,,,,
25,30.857487922705314,37.567096081588836,1.1741814278046163,8.3064949006978,18.183038110574344,1.8115942028985508,1.1674718196457328,0.7716049382716049,,0.06038647342995169,0.10064412238325282,,,,
26,30.844068706387546,37.553676865271065,1.1674718196457328,8.3064949006978,18.209876543209877,1.8183038110574343,1.1674718196457328,0.7716049382716049,,0.06038647342995169,0.10064412238325282,,,,
27,28.33467525496511,39.67391304347826,1.6371443907675791,8.293075684380032,18.115942028985508,1.6103059581320451,1.261406333870102,0.8990874932903918,,0.06038647342995169,0.11406333870101985,,,,
28,23.61111111111111,45.276435856146,1.6908212560386473,7.514761137949543,18.055555555555557,1.556629092860977,1.288244766505636,0.8856682769726248,,0.06038647342995169,0.06038647342995169,,,,
29,22.188674181427803,40.82796564680623,1.6639828234031133,6.709608158883521,24.335748792270532,1.5297906602254427,1.2949543746645196,1.328502415458937,0.013419216317767043,0.06038647342995169,0.04696725711218465,,,,
30,22.188674181427803,40.23081052066559,1.7310789049919484,8.232689210950081,23.255501878690286,1.5297906602254427,1.4090177133655395,1.288244766505636,0.013419216317767043,0.06038647342995169,0.06038647342995169,,,,
31,19.753086419753085,34.17203435319377,1.556629092860977,16.57944176060118,24.02710681696189,0.9930220075147611,1.4694041867954912,1.288244766505636,0.013419216317767043,0.06038647342995169,0.08722490606548577,,,,
32,19.746376811594203,33.99087493290392,1.5767579173376274,16.344605475040257,23.832528180354267,0.9930220075147611,1.4694041867954912,1.8719806763285025,0.013419216317767043,0.06038647342995169,0.10064412238325282,,,,
33,19.73966720343532,33.93048845947396,1.6371443907675791,16.344605475040257,23.825818572195384,0.9930220075147611,1.4694041867954912,1.8853998926462694,0.013419216317767043,0.06038647342995169,0.10064412238325282,,,,
34,19.639023081052066,33.87010198604401,1.6505636070853462,16.505636070853463,22.69189479334407,0.4294149221685454,1.3486312399355878,3.7238325281803544,0.013419216317767043,0.026838432635534086,0.10064412238325282,,,,
35,18.451422436929683,33.07836822329576,1.6371443907675791,15.848094471282877,22.65163714439077,0.4294149221685454,1.751207729468599,5.924584004294149,0.013419216317767043,0.026838432635534086,0.1878690284487386,,,,
36,18.02871712292002,32.90391841116479,1.6841116478797638,15.827965646806227,23.201825013419217,0.4294149221685454,1.751207729468599,5.924584004294149,0.013419216317767043,0.026838432635534086,0.20799785292538917,,,,
37,17.921363392377884,32.23966720343532,1.9860440150295222,15.794417606011809,23.121309715512613,0.5166398282340311,1.751207729468599,6.387546967257112,0.013419216317767043,0.026838432635534086,0.2281266774020397,0.013419216317767043,,,
38,17.57246376811594,31.843800322061192,2.073268921095008,15.687063875469672,23.282340311325818,0.5166398282340311,2.3550724637681157,6.387546967257112,0.013419216317767043,0.026838432635534086,0.2281266774020397,0.013419216317767043,,,
39,17.478529253891573,30.669618894256576,2.0665593129361244,15.465646806226516,24.644390767579175,0.5166398282340311,2.3483628556092326,6.615673644659152,0.013419216317767043,0.026838432635534086,0.14090177133655393,0.013419216317767043,,,
40,17.424852388620504,29.435050993022006,2.0397208803005906,21.571390230810522,19.85373054213634,1.093666129898014,1.8384326355340848,6.468062265163715,0.040257648953301126,0.026838432635534086,0.16774020397208803,0.040257648953301126,,,
41,17.223564143854,29.374664519592056,2.0397208803005906,21.470746108427267,19.981213097155127,1.093666129898014,2.01959205582394,6.468062265163715,0.040257648953301126,0.026838432635534086,0.2214170692431562,0.040257648953301126,,,
42,17.216854535695116,29.367954911433173,2.0397208803005906,21.443907675791735,19.981213097155127,1.093666129898014,2.01959205582394,6.4412238325281805,0.06709608158883522,0.026838432635534086,0.2616747181964573,0.040257648953301126,,,
43,17.06924315619968,29.186795491143318,2.006172839506173,20.78636607622115,19.981213097155127,2.073268921095008,2.01959205582394,6.414385399892646,0.0939345142243693,0.026838432635534086,0.30193236714975846,0.040257648953301126,,,
44,17.05582393988191,28.958668813741276,2.2342995169082127,20.356951154052602,19.940955448201827,2.5831991411701556,1.9524959742351047,6.414385399892646,0.10735373054213634,0.026838432635534086,0.32877079978529256,0.040257648953301126,,,
45,16.63311862587225,26.455984970477726,2.214170692431562,19.92753623188406,23.812399355877616,2.5831991411701556,1.9659151905528718,5.917874396135265,0.0939345142243693,0.026838432635534086,0.32877079978529256,0.040257648953301126,,,
46,16.398282340311326,26.29495437466452,2.281266774020397,20.263016639828233,23.678207192699947,2.5563607085346214,2.033011272141707,5.917874396135265,0.0939345142243693,0.08051529790660225,0.36231884057971014,0.040257648953301126,,,
47,16.398282340311326,25.677670424047236,2.4355877616747184,18.813741277509394,25.845410628019323,2.462426194310252,1.932367149758454,5.897745571658615,0.08051529790660225,0.08051529790660225,0.33548040794417605,0.040257648953301126,,,
48,16.398282340311326,25.677670424047236,2.4355877616747184,18.78690284487386,25.81857219538379,2.462426194310252,1.9592055823939882,5.897745571658615,0.08051529790660225,0.08051529790660225,0.36231884057971014,0.040257648953301126,,,
49,16.371443907675793,25.563607085346217,2.563070316693505,19.256575415995705,25.81857219538379,1.9994632313472893,1.9726247987117553,5.897745571658615,0.08051529790660225,0.08051529790660225,0.35560923242082665,0.040257648953301126,,,
50,16.170155662909288,24.315619967793882,2.6704240472356413,21.906870638754697,24.58400429414922,1.9994632313472893,1.8988191089640365,5.897745571658615,0.08051529790660225,0.08051529790660225,0.35560923242082665,0.040257648953301126,,,
51,15.982286634460548,24.322329575952764,2.8784219001610305,21.79951690821256,24.14117015566291,2.4221685453569513,1.9189479334406871,5.897745571658615,0.08051529790660225,0.08051529790660225,0.43612453032742887,0.040257648953301126,,,
52,15.96886741814278,24.329039184111647,2.898550724637681,21.79951690821256,23.825818572195384,2.6033279656468062,2.0397208803005906,5.897745571658615,0.08051529790660225,0.08051529790660225,0.43612453032742887,0.040257648953301126,,,
53,15.96886741814278,24.329039184111647,2.898550724637681,21.786097691894792,23.825818572195384,2.6033279656468062,2.0397208803005906,5.844068706387547,0.08051529790660225,0.08051529790660225,0.5032206119162641,0.040257648953301126,,,
54,15.566290928609769,24.268652710681696,2.9253891572732154,22.376543209876544,23.66478797638218,2.6301663982823404,2.006172839506173,5.790391841116479,0.13419216317767044,0.08051529790660225,0.5166398282340311,0.040257648953301126,,,
55,15.519323671497585,23.67149758454106,2.771068169618894,22.054482018250134,24.90606548577563,2.657004830917874,1.9524959742351047,5.71658615136876,0.14761137949543746,0.07380568974771873,0.48980139559849706,0.040257648953301126,,,
56,15.519323671497585,23.450080515297905,3.0193236714975846,21.77938808373591,24.892646269457863,2.657004830917874,1.9390767579173376,5.991680085882985,0.14761137949543746,0.07380568974771873,0.48980139559849706,0.040257648953301126,,,
57,15.49248523886205,23.47691894793344,3.3279656468062266,21.672034353193773,24.55716586151369,2.6704240472356413,1.9524959742351047,5.991680085882985,0.14761137949543746,0.07380568974771873,0.5971551261406334,0.040257648953301126,,,
58,14.445786366076222,24.000268384326354,3.3279656468062266,21.088298443370906,26.27482555018787,2.046430488459474,1.9793344068706387,5.984970477724101,0.16774020397208803,0.07380568974771873,0.5703166935050993,0.040257648953301126,,,
59,14.40552871712292,24.020397208803004,3.3279656468062266,21.081588835212024,26.227858293075684,2.046430488459474,2.01959205582394,5.958132045088567,0.19457863660762212,0.07380568974771873,0.6038647342995169,0.040257648953301126,,,
60,14.392109500805153,23.980139559849704,3.3816425120772946,21.068169618894256,26.214439076757916,2.046430488459474,2.033011272141707,5.958132045088567,0.19457863660762212,0.07380568974771873,0.6172839506172839,0.040257648953301126,,,
61,14.130434782608695,20.860171765968868,2.999194847020934,20.021470746108427,31.09903381642512,2.0128824476650564,2.033011272141707,5.958132045088567,0.19457863660762212,0.04696725711218465,0.6038647342995169,0.040257648953301126,,,
62,14.016371443907676,20.74610842726785,3.026033279656468,19.95437466451959,31.052066559312937,2.0128824476650564,2.3483628556092326,5.9447128287707995,0.20799785292538917,0.04696725711218465,0.6172839506172839,0.026838432635534086,,,
63,14.016371443907676,20.50456253354804,3.0059044551798175,16.72705314009662,34.31964573268921,2.120236178207193,2.0933977455716586,6.380837359098229,0.20799785292538917,0.04696725711218465,0.5501878690284487,0.026838432635534086,,,
64,13.6406333870102,20.189210950080515,2.9253891572732154,15.4723564143854,36.030595813204506,2.5295222758990876,2.1806226516371443,6.380837359098229,0.20799785292538917,0.04696725711218465,0.36902844873859364,0.026838432635534086,,,
65,13.6406333870102,19.994632313472895,2.6838432635534084,17.310789049919485,35.45356951154053,2.5161030595813205,2.13365539452496,5.595813204508857,0.2147074610842727,0.04696725711218465,0.3824476650563607,0.026838432635534086,,,
66,13.600375738056897,20.00805152979066,2.7106816961889426,17.310789049919485,33.85668276972625,2.5161030595813205,1.9793344068706387,7.37385936661299,0.2147074610842727,0.04696725711218465,0.35560923242082665,0.026838432635534086,,,
67,13.600375738056897,19.860440150295222,2.7106816961889426,15.660225442834138,35.88298443370907,2.5026838432635534,2.073268921095008,7.058507783145465,0.2549651100375738,0.06038647342995169,0.30864197530864196,0.026838432635534086,,,
68,13.56682769726248,19.840311325818572,2.7643585614600106,15.660225442834138,35.84272678475577,2.5026838432635534,2.1135265700483092,7.058507783145465,0.2549651100375738,0.06038647342995169,0.30864197530864196,0.026838432635534086,,,
69,13.365539452495975,20.014761137949545,2.844873859366613,15.626677402039721,35.77563070316693,2.5026838432635534,2.1604938271604937,6.884057971014493,0.4294149221685454,0.06038647342995169,0.30864197530864196,0.026838432635534086,,,
70,13.358829844337091,19.77992485238862,2.932098765432099,15.344873859366613,36.198336017176594,2.5496511003757383,2.5831991411701556,6.427804616210413,0.4294149221685454,0.06038647342995169,0.30864197530864196,0.026838432635534086,,,
71,12.855609232420827,19.545088566827697,3.113258185721954,15.143585614600108,37.0101986044015,2.5697799248523885,2.475845410628019,6.427804616210413,0.4294149221685454,0.06038647342995169,0.32877079978529256,0.026838432635534086,0.013419216317767043,,
72,12.822061191626409,19.578636607622116,3.1065485775630703,14.794685990338165,36.741814278046164,2.576489533011272,2.5429414922168547,6.910896403650026,0.4294149221685454,0.06038647342995169,0.4092860976918948,0.013419216317767043,0.013419216317767043,,
73,12.72812667740204,19.32367149758454,3.1199677938808374,15.170424047235642,36.44659151905529,2.5496511003757383,2.965646806226516,6.723027375201288,0.4562533548040794,0.06038647342995169,0.4294149221685454,0.013419216317767043,0.013419216317767043,,
74,12.714707461084272,19.33709071390231,3.1199677938808374,15.170424047235642,36.41304347826087,2.5429414922168547,2.999194847020934,6.723027375201288,0.4562533548040794,0.06709608158883522,0.4294149221685454,0.013419216317767043,0.013419216317767043,,
75,12.47987117552335,19.310252281266774,2.9119699409554483,15.116747181964573,36.922973698336016,2.38191089640365,3.126677402039721,6.723027375201288,0.4562533548040794,0.06709608158883522,0.46967257112184646,0.013419216317767043,0.013419216317767043,0.0067096081588835215,
76,12.439613526570048,19.343800322061192,2.952227589908749,15.063070316693505,36.842458400429415,2.38191089640365,3.1736446591519054,6.723027375201288,0.47638217928073,0.06709608158883522,0.5032206119162641,0.013419216317767043,0.013419216317767043,0.0067096081588835215,
77,12.359098228663447,18.531937734836287,3.421900161030596,15.063070316693505,37.27187332259796,2.368491680085883,3.180354267310789,6.723027375201288,0.47638217928073,0.06709608158883522,0.5032206119162641,0.013419216317767043,0.013419216317767043,0.0067096081588835215,
78,12.359098228663447,18.51851851851852,3.435319377348363,15.063070316693505,37.23161567364466,2.368491680085883,3.2206119162640903,6.723027375201288,0.47638217928073,0.06709608158883522,0.5032206119162641,0.013419216317767043,0.013419216317767043,0.0067096081588835215,
79,12.345679012345679,18.491680085882983,3.475577026301664,15.03623188405797,36.782071926999464,3.2541599570585076,3.227321524422974,6.360708534621578,0.4495437466451959,0.06709608158883522,0.47638217928073,0.013419216317767043,0.013419216317767043,0.0067096081588835215,
80,11.842458400429415,17.773752012882447,3.408480944712829,14.190821256038648,39.71417069243156,3.2206119162640903,2.4892646269457863,6.360708534621578,0.4495437466451959,0.06709608158883522,0.46296296296296297,,0.013419216317767043,0.0067096081588835215,
81,11.748523886205046,17.847557702630166,3.4420289855072466,14.049919484702093,39.700751476113794,3.0193236714975846,2.4892646269457863,6.635802469135802,0.4495437466451959,0.06709608158883522,0.5367686527106817,,0.013419216317767043,,
82,10.19189479334407,14.06333870101986,3.1065485775630703,13.989533011272142,45.46430488459474,2.985775630703167,2.5161030595813205,6.588835212023618,0.4495437466451959,0.06709608158883522,0.5636070853462157,,0.013419216317767043,,
83,10.165056360708535,14.036500268384327,3.3816425120772946,13.982823403113258,45.148953301127214,3.0059044551798175,2.61003757380569,6.588835212023618,0.4495437466451959,0.06709608158883522,0.5501878690284487,,0.013419216317767043,,
84,10.091250670960816,13.996242619431026,3.388352120236178,13.942565754159958,45.26301663982824,2.9924852388620504,2.576489533011272,6.588835212023618,0.4830917874396135,0.08051529790660225,0.5837359098228664,,0.013419216317767043,,
85,10.064412238325282,14.016371443907676,3.3682232957595275,13.895598497047773,45.1556629092861,2.9924852388620504,2.6838432635534084,6.615673644659152,0.4830917874396135,0.08051529790660225,0.630703166935051,,0.013419216317767043,,
86,10.010735373054214,14.070048309178745,3.3279656468062266,13.83521202361782,45.10198604401503,2.9924852388620504,2.8381642512077296,6.615673644659152,0.4830917874396135,0.08051529790660225,0.630703166935051,,0.013419216317767043,,
87,10.010735373054214,13.996242619431026,3.44873859366613,12.781803542673108,46.03462157809984,2.985775630703167,3.0394524959742353,6.615673644659152,0.4830917874396135,0.08051529790660225,0.5099302200751477,,0.013419216317767043,,
88,9.494095544820183,12.775093934514224,3.33467525496511,15.98899624261943,44.69269994632314,2.985775630703167,3.046162104133119,6.575415995705851,0.5032206119162641,0.08051529790660225,0.5099302200751477,,0.013419216317767043,,
89,9.480676328502415,12.754965110037574,3.321256038647343,15.96886741814278,42.8341384863124,3.012614063338701,3.2541599570585076,8.28636607622115,0.5233494363929146,0.08051529790660225,0.46967257112184646,,0.013419216317767043,,
90,9.084809447128288,13.22463768115942,3.3413848631239937,15.96886741814278,42.693236714975846,3.012614063338701,3.3011272141706924,8.279656468062266,0.5300590445517982,0.08051529790660225,0.46967257112184646,,0.013419216317767043,,
91,9.084809447128288,13.22463768115942,3.3413848631239937,15.955448201825014,42.619431025228124,3.012614063338701,3.374932903918411,8.279656468062266,0.5300590445517982,0.08051529790660225,0.4830917874396135,,0.013419216317767043,,
92,9.07139023081052,13.20450885668277,3.3413848631239937,15.975577026301664,42.3040794417606,3.1870638754696725,3.535963499731616,8.279656468062266,0.5300590445517982,0.08051529790660225,0.47638217928073,,0.013419216317767043,,
93,8.984165324745035,13.056897477187333,3.3480944712828773,15.794417606011809,40.04965110037574,3.193773483628556,3.589640365002684,10.876274825550189,0.5233494363929146,0.0939345142243693,0.47638217928073,,0.013419216317767043,,
94,8.984165324745035,12.969672571121846,3.9318303811057436,15.331454643048845,39.861782071927,3.193773483628556,3.770799785292539,10.876274825550189,0.5233494363929146,0.0939345142243693,0.4495437466451959,,0.013419216317767043,,
95,8.977455716586151,12.95625335480408,3.9452495974235107,15.324745034889963,39.61352657004831,3.3413848631239937,3.9049919484702094,10.849436392914654,0.5300590445517982,0.0939345142243693,0.4495437466451959,,0.013419216317767043,,
96,8.32662372517445,13.81508319914117,4.441760601180891,15.26435856146001,38.87546967257112,3.294417606011809,3.9720880300590444,10.849436392914654,0.5300590445517982,0.0939345142243693,0.5099302200751477,0.013419216317767043,0.013419216317767043,,
97,8.279656468062266,13.694310252281268,4.428341384863124,13.955984970477724,40.96886741814278,3.3279656468062266,4.045893719806763,10.144927536231885,0.5568974771873323,0.0939345142243693,0.47638217928073,0.013419216317767043,0.013419216317767043,,
98,8.259527643585615,13.714439076757918,4.414922168545357,13.955984970477724,40.935319377348364,3.3279656468062266,4.066022544283414,10.144927536231885,0.5837359098228664,0.0939345142243693,0.47638217928073,0.013419216317767043,0.013419216317767043,,
99,8.259527643585615,13.70101986044015,3.938539989264627,14.459205582393988,40.68035426731079,3.3279656468062266,4.320987654320987,10.144927536231885,0.5703166935050993,0.0939345142243693,0.46967257112184646,0.013419216317767043,0.020128824476650563,,
100,8.259527643585615,13.70101986044015,3.898282340311326,14.432367149758454,40.64680622651637,3.3480944712828773,4.334406870638754,10.084541062801932,0.6374127750939346,0.12077294685990338,0.49651100375738055,0.013419216317767043,0.020128824476650563,0.0067096081588835215,
101,8.091787439613526,13.264895330112722,3.8580246913580245,15.210681696188942,40.31132581857219,3.294417606011809,4.320987654320987,10.312667740203972,0.6508319914117016,0.14761137949543746,0.49651100375738055,0.013419216317767043,0.020128824476650563,0.0067096081588835215,
102,8.064949006977992,13.291733762748256,3.844605475040258,15.210681696188942,38.92914653784219,3.4621578099838968,4.092860976918948,11.761943102522812,0.6508319914117016,0.14761137949543746,0.49651100375738055,0.013419216317767043,0.026838432635534086,0.0067096081588835215,
103,8.044820182501342,13.291733762748256,3.8915727321524423,15.163714439076758,38.808373590982285,3.4621578099838968,4.213633923778851,11.714975845410628,0.6977992485238862,0.12077294685990338,0.5434782608695652,0.013419216317767043,0.026838432635534086,0.0067096081588835215,
104,7.836822329575953,13.47289318303811,3.9184111647879765,16.002415458937197,38.24476650563607,3.488996242619431,3.9184111647879765,11.708266237251744,0.7380568974771873,0.12077294685990338,0.5032206119162641,0.013419216317767043,0.026838432635534086,0.0067096081588835215,
105,7.836822329575953,13.446054750402576,3.9452495974235107,16.002415458937197,38.197799248523886,3.4822866344605474,3.938539989264627,11.714975845410628,0.7380568974771873,0.12077294685990338,0.5300590445517982,0.013419216317767043,0.026838432635534086,0.0067096081588835215,
106,7.836822329575953,13.358829844337091,3.9049919484702094,15.747450348899624,38.63392377885131,3.2474503488996245,3.864734299516908,11.969940955448202,0.7380568974771873,0.12077294685990338,0.5300590445517982,0.013419216317767043,0.026838432635534086,0.0067096081588835215,
107,7.836822329575953,13.345410628019323,3.9049919484702094,15.633387010198604,38.32528180354267,3.193773483628556,4.30756843800322,11.969940955448202,0.8051529790660226,0.12077294685990338,0.5099302200751477,0.013419216317767043,0.026838432635534086,0.0067096081588835215,
108,7.836822329575953,13.345410628019323,3.9049919484702094,15.633387010198604,38.26489533011272,3.193773483628556,4.367954911433173,11.969940955448202,0.8051529790660226,0.12077294685990338,0.5099302200751477,0.013419216317767043,0.026838432635534086,0.0067096081588835215,
109,7.702630166398282,13.466183574879228,3.9452495974235107,15.277777777777779,38.22463768115942,3.6366076221148687,4.341116478797638,11.969940955448202,0.8051529790660226,0.12077294685990338,0.46296296296296297,0.013419216317767043,0.026838432635534086,0.0067096081588835215,
110,7.675791733762749,13.405797101449275,3.9519592055823938,15.096618357487923,38.24476650563607,3.6366076221148687,4.53569511540526,11.949812130971551,0.8387010198604401,0.12077294685990338,0.46296296296296297,0.013419216317767043,0.026838432635534086,0.040257648953301126,
111,7.407407407407407,13.278314546430488,3.965378421900161,14.88191089640365,38.89559849704777,3.6366076221148687,4.502147074610843,11.822329575952764,0.9326355340848095,0.12077294685990338,0.47638217928073,0.013419216317767043,0.026838432635534086,0.040257648953301126,
112,7.407407407407407,13.278314546430488,3.92512077294686,14.88191089640365,38.85534084809447,3.6500268384326353,4.64975845410628,11.714975845410628,0.9326355340848095,0.13419216317767044,0.47638217928073,0.013419216317767043,0.026838432635534086,0.05367686527106817,
113,6.655931293612453,13.123993558776167,3.898282340311326,14.801395598497047,39.91545893719807,3.5091250670960816,4.643048845947397,11.714975845410628,0.9326355340848095,0.13419216317767044,0.5501878690284487,0.013419216317767043,0.05367686527106817,0.05367686527106817,
114,6.206387546967257,11.761943102522812,3.898282340311326,13.848631239935587,44.61218464841653,3.421900161030596,4.944981213097155,9.769189479334408,0.7246376811594203,0.13419216317767044,0.5568974771873323,0.013419216317767043,0.05367686527106817,0.05367686527106817,
115,6.206387546967257,11.761943102522812,3.898282340311326,13.848631239935587,44.59205582393988,3.421900161030596,4.9651100375738055,9.749060654857756,0.7447665056360708,0.13419216317767044,0.5568974771873323,0.013419216317767043,0.05367686527106817,0.05367686527106817,
116,6.206387546967257,11.75523349436393,3.898282340311326,13.875469672571121,44.51154052603328,3.4017713365539453,5.038915727321524,9.73564143853999,0.7648953301127214,0.14761137949543746,0.5367686527106817,0.013419216317767043,0.05367686527106817,0.06038647342995169,
117,6.206387546967257,11.533816425120772,3.911701556629093,13.627214170692431,42.72678475577026,3.294417606011809,5.018786902844874,12.037037037037036,0.7783145464304885,0.14761137949543746,0.5904455179817498,0.013419216317767043,0.05367686527106817,0.06038647342995169,
118,6.092324208266238,9.876543209876543,3.898282340311326,14.955716586151368,44.457863660762214,2.4557165861513686,4.74369296833065,11.889425657541599,0.798443370907139,0.13419216317767044,0.5703166935050993,0.013419216317767043,0.05367686527106817,0.06038647342995169,
119,6.092324208266238,9.849704777241008,3.9519592055823938,14.955716586151368,44.41760601180891,2.4557165861513686,4.757112184648417,11.802200751476114,0.8990874932903918,0.13419216317767044,0.5703166935050993,0.013419216317767043,0.040257648953301126,0.06038647342995169,
120,6.072195383789587,9.762479871175524,4.133118625872249,14.955716586151368,44.37063875469673,2.4557165861513686,4.757112184648417,11.802200751476114,0.8990874932903918,0.13419216317767044,0.5434782608695652,0.013419216317767043,0.040257648953301126,0.06038647342995169,
121,6.045356951154052,9.125067096081589,4.300858829844337,14.841653247450349,44.40418679549114,3.2004830917874396,4.676596886741814,11.688137412775093,0.9125067096081588,0.13419216317767044,0.5568974771873323,0.013419216317767043,0.040257648953301126,0.06038647342995169,
122,6.045356951154052,8.997584541062801,4.4753086419753085,14.828234031132581,44.35050993022008,3.1870638754696725,4.736983360171766,11.681427804616211,0.8856682769726248,0.13419216317767044,0.5636070853462157,0.013419216317767043,0.040257648953301126,0.06038647342995169,
123,6.045356951154052,8.863392377885132,4.49543746645196,16.002415458937197,44.32367149758454,3.207192699946323,4.74369296833065,10.61460010735373,0.8856682769726248,0.13419216317767044,0.5636070853462157,0.013419216317767043,0.040257648953301126,0.06709608158883522,
124,6.025228126677402,8.856682769726248,4.528985507246377,16.002415458937197,44.256575415995705,3.207192699946323,4.804079441760601,10.554213633923778,0.9460547504025765,0.13419216317767044,0.5636070853462157,0.013419216317767043,0.040257648953301126,0.06709608158883522,
125,5.501878690284487,8.440687063875469,4.522275899087493,15.975577026301664,45.209339774557165,3.207192699946323,4.810789049919484,10.567632850241546,0.9460547504025765,0.13419216317767044,0.5636070853462157,0.013419216317767043,0.040257648953301126,0.06709608158883522,
126,5.4616210413311865,7.98443370907139,4.42163177670424,16.7337627482555,44.22973698336017,3.207192699946323,4.643048845947397,11.486849168008588,0.9796027911969941,0.13419216317767044,0.5770263016639828,0.013419216317767043,0.040257648953301126,0.08722490606548577,
127,5.4616210413311865,7.971014492753623,4.408212560386473,16.25738056897477,44.0552871712292,3.2139023081052067,5.045625335480408,11.708266237251744,0.9930220075147611,0.14090177133655393,0.5904455179817498,0.013419216317767043,0.040257648953301126,0.10064412238325282,
128,5.4616210413311865,7.957595276435856,4.441760601180891,16.23725174449812,43.84057971014493,3.240740740740741,5.267042404723564,11.647879763821793,0.9728931830381106,0.14090177133655393,0.6374127750939346,0.013419216317767043,0.040257648953301126,0.10064412238325282,
129,5.4616210413311865,7.890499194847021,4.51556629092861,16.190284487385938,43.82045088566828,3.2474503488996245,5.287171229200215,11.647879763821793,0.9728931830381106,0.14090177133655393,0.6508319914117016,0.013419216317767043,0.040257648953301126,0.12077294685990338,
130,5.4616210413311865,7.890499194847021,4.549114331723027,16.06280193236715,43.47155126140633,3.683574879227053,5.293880837359098,11.647879763821793,0.9728931830381106,0.14090177133655393,0.6508319914117016,0.013419216317767043,0.040257648953301126,0.12077294685990338,
131,5.4616210413311865,7.890499194847021,4.8443370907139025,16.06280193236715,43.37761674718197,3.717122920021471,5.3274288781535155,11.379495437466453,0.9728931830381106,0.14090177133655393,0.6508319914117016,0.013419216317767043,0.040257648953301126,0.12077294685990338,
132,5.4616210413311865,7.890499194847021,4.85775630703167,16.029253891572733,43.35748792270532,3.717122920021471,5.340848094471283,11.379495437466453,0.9594739667203436,0.14761137949543746,0.6843800322061192,0.013419216317767043,0.040257648953301126,0.12077294685990338,
133,5.4616210413311865,7.890499194847021,4.8376274825550185,16.015834675254965,43.19645732689211,3.717122920021471,5.488459473966721,11.379495437466453,0.9594739667203436,0.14761137949543746,0.6977992485238862,0.013419216317767043,0.040257648953301126,0.15432098765432098,
134,4.985238862050457,7.548309178743962,4.891304347826087,14.680622651637144,46.182232957595275,3.4017713365539453,5.273752012882448,11.144659151905529,0.9393451422436929,0.1274825550187869,0.5904455179817498,0.013419216317767043,0.040257648953301126,0.18115942028985507,
135,4.985238862050457,7.548309178743962,4.891304347826087,14.647074610842727,45.78636607622115,3.7775093934514223,5.300590445517981,11.124530327428879,0.9594739667203436,0.1274825550187869,0.6172839506172839,0.013419216317767043,0.040257648953301126,0.18115942028985507,
136,4.985238862050457,7.548309178743962,4.891304347826087,14.647074610842727,45.75281803542673,3.7775093934514223,5.3274288781535155,11.124530327428879,0.966183574879227,0.1274825550187869,0.6172839506172839,0.013419216317767043,0.040257648953301126,0.18115942028985507,
137,4.884594739667204,7.561728395061729,4.924852388620504,15.143585614600108,45.51798174986581,3.7775093934514223,5.24020397208803,11.064143853998926,0.966183574879227,0.1274825550187869,0.5568974771873323,0.013419216317767043,0.040257648953301126,0.18115942028985507,
138,4.884594739667204,7.5348899624261945,4.958400429414922,15.103327965646805,45.48443370907139,3.750670960815888,5.273752012882448,11.064143853998926,0.9594739667203436,0.15432098765432098,0.5971551261406334,0.013419216317767043,0.040257648953301126,0.18115942028985507,
139,4.884594739667204,7.501341921631776,5.488459473966721,15.371712292002147,44.95437466451959,3.730542136339238,5.072463768115942,11.064143853998926,0.9460547504025765,0.15432098765432098,0.5971551261406334,0.013419216317767043,0.040257648953301126,0.18115942028985507,
140,4.871175523349437,14.432367149758454,5.0858829844337095,14.11701556629093,41.988727858293075,3.7573805689747717,4.790660225442834,9.078099838969404,0.9057971014492754,0.15432098765432098,0.6239935587761675,,0.013419216317767043,0.18115942028985507,
141,4.871175523349437,14.432367149758454,5.0858829844337095,14.06333870101986,41.96188942565754,3.7573805689747717,4.804079441760601,9.017713365539452,0.9930220075147611,0.15432098765432098,0.6508319914117016,,0.026838432635534086,0.18115942028985507,
142,4.871175523349437,14.392109500805153,5.0993022007514766,14.009661835748792,41.948470209339774,3.797638217928073,4.804079441760601,9.01100375738057,0.9997316156736447,0.15432098765432098,0.7045088566827697,,0.026838432635534086,0.18115942028985507,
143,4.871175523349437,14.392109500805153,5.112721417069243,14.009661835748792,41.89479334406871,3.784219001610306,4.8443370907139025,9.01100375738057,1.0131508319914118,0.15432098765432098,0.7045088566827697,,0.026838432635534086,0.18115942028985507,
144,4.871175523349437,14.392109500805153,5.10601180891036,13.989533011272142,41.87466451959206,3.81105743424584,4.864465915190553,8.970746108427267,1.0265700483091786,0.15432098765432098,0.7246376811594203,,0.03354804079441761,0.18115942028985507,
145,4.871175523349437,14.392109500805153,5.10601180891036,13.94927536231884,41.84782608695652,3.7909286097691894,4.884594739667204,8.964036500268385,1.0534084809447128,0.15432098765432098,0.7716049382716049,,0.03354804079441761,0.18115942028985507,
146,4.871175523349437,14.36527106816962,5.132850241545894,13.94927536231884,41.79414922168545,3.7909286097691894,4.938271604938271,8.964036500268385,1.0534084809447128,0.15432098765432098,0.7716049382716049,,0.03354804079441761,0.18115942028985507,
147,4.851046698872786,14.345142243692969,5.12614063338701,13.754696725711218,40.87493290391841,3.9989264626945786,4.884594739667204,9.849704777241008,1.1607622114868492,0.15432098765432098,0.785024154589372,,0.03354804079441761,0.18115942028985507,
148,4.8376274825550185,14.345142243692969,5.152979066022544,13.754696725711218,40.83467525496511,3.9989264626945786,4.87788513150832,9.883252818035427,1.1607622114868492,0.15432098765432098,0.785024154589372,,0.03354804079441761,0.18115942028985507,
149,4.830917874396135,14.298174986580785,5.146269457863661,15.11003757380569,41.156736446591516,3.9855072463768115,4.696725711218465,8.722490606548577,1.0735373054213635,0.15432098765432098,0.6239935587761675,,0.020128824476650563,0.18115942028985507,
150,4.790660225442834,14.298174986580785,5.186527106816962,15.056360708534621,41.156736446591516,3.9855072463768115,4.703435319377348,8.722490606548577,1.06682769726248,0.15432098765432098,0.6776704240472357,,0.020128824476650563,0.18115942028985507,
151,3.0327428878153517,23.423242082662373,4.186795491143317,14.667203435319378,37.35238862050456,2.885131508319914,4.468599033816425,8.07836822329576,0.95276435856146,0.11406333870101985,0.6977992485238862,,0.020128824476650563,0.12077294685990338,
152,2.8381642512077296,23.59098228663446,4.361245303274289,14.04320987654321,37.21148684916801,2.885131508319914,4.53569511540526,8.628556092324208,0.95276435856146,0.11406333870101985,0.6843800322061192,,0.03354804079441761,0.12077294685990338,
153,2.8381642512077296,23.564143853998928,4.40150295222759,14.04320987654321,37.11084272678475,2.885131508319914,4.602791196994096,8.628556092324208,0.9796027911969941,0.11406333870101985,0.6843800322061192,,0.04696725711218465,0.10064412238325282,
154,2.818035426731079,23.564143853998928,4.42163177670424,14.04320987654321,37.11084272678475,2.898550724637681,4.5893719806763285,8.61513687600644,0.9930220075147611,0.11406333870101985,0.6843800322061192,,0.04696725711218465,0.10064412238325282,
155,2.818035426731079,23.564143853998928,4.42163177670424,13.989533011272142,37.11084272678475,2.898550724637681,4.5893719806763285,8.61513687600644,0.9930220075147611,0.11406333870101985,0.7380568974771873,,0.04696725711218465,0.10064412238325282,
156,2.818035426731079,23.557434245840042,4.40150295222759,13.88888888888889,37.05716586151369,2.898550724637681,4.74369296833065,8.601717659688674,0.966183574879227,0.11406333870101985,0.8051529790660226,,0.04696725711218465,0.10064412238325282,
157,2.818035426731079,23.517176596886742,4.569243156199678,13.774825550187868,34.936929683306495,2.8918411164787976,4.683306494900698,10.789049919484702,0.95276435856146,0.11406333870101985,0.8051529790660226,,0.04696725711218465,0.10064412238325282,
158,1.9927536231884058,22.383252818035427,4.51556629092861,15.579710144927537,36.02388620504563,2.8918411164787976,4.5960815888352125,9.970477724100913,0.9796027911969941,0.11406333870101985,0.8051529790660226,,0.04696725711218465,0.10064412238325282,
159,1.9927536231884058,22.33628556092324,4.622920021470746,15.526033279656469,35.97691894793344,2.871712292002147,4.676596886741814,9.96376811594203,0.966183574879227,0.11406333870101985,0.8051529790660226,,0.04696725711218465,0.10064412238325282,
160,1.9927536231884058,22.33628556092324,4.609500805152979,15.526033279656469,35.950080515297905,2.871712292002147,4.683306494900698,9.96376811594203,0.966183574879227,0.11406333870101985,0.8252818035426731,,0.06038647342995169,0.10064412238325282,
161,1.9927536231884058,22.31615673644659,4.757112184648417,15.5126140633387,35.61460010735373,2.8918411164787976,4.696725711218465,10.158346752549651,0.9594739667203436,0.11406333870101985,0.8252818035426731,,0.06038647342995169,0.10064412238325282,
162,1.9927536231884058,22.168545356951153,4.918142780461621,15.458937198067632,35.57434245840043,2.8918411164787976,4.736983360171766,10.158346752549651,0.9594739667203436,0.11406333870101985,0.8655394524959742,,0.06038647342995169,0.10064412238325282,
163,1.9927536231884058,22.16183574879227,4.951690821256038,15.45222758990875,35.507246376811594,2.8918411164787976,4.783950617283951,10.151637144390767,0.966183574879227,0.11406333870101985,0.8655394524959742,,0.06038647342995169,0.10064412238325282,
164,1.9592055823939882,21.973966720343533,4.951690821256038,15.45222758990875,35.507246376811594,2.8918411164787976,4.783950617283951,10.339506172839506,0.9997316156736447,0.11406333870101985,0.8655394524959742,,0.06038647342995169,0.10064412238325282,
165,1.9592055823939882,21.947128287707997,5.139559849704777,16.035963499731615,34.84299516908212,2.8918411164787976,4.757112184648417,10.25228126677402,1.0064412238325282,0.11406333870101985,0.8923778851315083,,0.06038647342995169,0.10064412238325282,
166,1.9524959742351047,21.906870638754697,5.01207729468599,15.995705850778315,34.74906065485776,3.140096618357488,4.757112184648417,10.225442834138486,1.0466988727858293,0.11406333870101985,0.9460547504025765,,0.06038647342995169,0.0939345142243693,
167,1.9524959742351047,21.89345142243693,5.146269457863661,16.418411164787976,34.64170692431562,3.0864197530864197,4.750402576489533,9.849704777241008,1.0064412238325282,0.11406333870101985,0.9863123993558777,,0.06038647342995169,0.0939345142243693,
168,1.9457863660762211,21.886741814278047,5.065754159957058,16.150026838432634,34.48067632850242,3.2675791733762747,4.696725711218465,10.138217928073,1.0466988727858293,0.11406333870101985,1.0534084809447128,,0.06038647342995169,0.0939345142243693,
169,0.5434782608695652,34.88325281803543,4.468599033816425,14.875201288244767,26.764626945786365,3.0327428878153517,3.421900161030596,9.842995169082126,1.0131508319914118,0.11406333870101985,0.95276435856146,,0.06038647342995169,0.026838432635534086,
