,45,50,51,53,54,55,52,56,58,57,59,60,62,61,65,63
0,98.39640365002684,1.6035963499731616,,,,,,,,,,,,,,
1,96.67203435319378,3.3279656468062266,,,,,,,,,,,,,,
2,89.2914653784219,10.359634997316157,0.040257648953301126,0.026838432635534086,0.2616747181964573,0.020128824476650563,,,,,,,,,,
3,88.11728395061728,11.439881910896403,0.06709608158883522,0.040257648953301126,0.2616747181964573,0.07380568974771873,,,,,,,,,,
4,86.75523349436394,12.721417069243156,0.08051529790660225,0.040257648953301126,0.2885131508319914,0.11406333870101985,,,,,,,,,,
5,69.11567364465915,30.152979066022546,0.08722490606548577,0.040257648953301126,0.2885131508319914,0.20799785292538917,0.10735373054213634,,,,,,,,,
6,68.78019323671498,29.931561996779386,0.5636070853462157,0.040257648953301126,0.23483628556092323,0.33548040794417605,0.11406333870101985,,,,,,,,,
7,68.1159420289855,30.50187869028449,0.5636070853462157,0.11406333870101985,0.23483628556092323,0.35560923242082665,0.11406333870101985,,,,,,,,,
8,67.0558239398819,28.039452495974235,3.9049919484702094,0.14761137949543746,0.2616747181964573,0.4092860976918948,0.15432098765432098,0.026838432635534086,,,,,,,,
9,61.41975308641975,31.76328502415459,5.166398282340311,0.14761137949543746,0.2616747181964573,0.95276435856146,0.2214170692431562,0.06709608158883522,,,,,,,,
10,61.12453032742888,31.44122383252818,5.199946323134729,0.5434782608695652,0.2616747181964573,1.1137949543746646,0.2214170692431562,0.06709608158883522,0.026838432635534086,,,,,,,
11,58.23268921095008,33.340042941492214,5.756843800322061,0.5636070853462157,0.4227053140096618,1.1674718196457328,0.4227053140096618,0.06709608158883522,0.026838432635534086,,,,,,,
12,57.76301663982824,33.54804079441761,5.676328502415459,0.6843800322061192,0.43612453032742887,1.2278582930756843,0.4562533548040794,0.18115942028985507,0.026838432635534086,,,,,,,
13,53.08641975308642,38.27160493827161,5.83064949006978,0.6642512077294686,0.4495437466451959,0.9796027911969941,0.5032206119162641,0.1878690284487386,0.026838432635534086,,,,,,,
14,51.2211486849168,39.66720343531938,5.743424584004294,0.6977992485238862,0.7313472893183038,1.1607622114868492,0.5099302200751477,0.2281266774020397,0.026838432635534086,0.013419216317767043,,,,,,
15,50.58373590982286,39.53301127214171,5.703166935050993,0.7112184648416533,1.4224369296833066,1.2345679012345678,0.5166398282340311,0.2549651100375738,0.026838432635534086,0.013419216317767043,,,,,,
16,50.348899624261946,39.432367149758456,5.837359098228664,0.7179280730005367,1.4626945786366077,1.3486312399355878,0.5434782608695652,0.2683843263553409,0.026838432635534086,0.013419216317767043,,,,,,
17,37.32555018786903,52.52952227589909,5.548845947396672,0.7179280730005367,1.5029522275899088,1.5767579173376274,0.5032206119162641,0.2683843263553409,0.026838432635534086,,,,,,,
18,36.211755233494365,52.58990874932904,5.515297906602254,1.4224369296833066,1.328502415458937,1.7579173376274826,0.798443370907139,0.33548040794417605,0.026838432635534086,,0.013419216317767043,,,,,
19,34.91009125067096,53.33467525496511,5.414653784219001,1.4224369296833066,1.6706924315619969,1.9659151905528718,0.798443370907139,0.4428341384863124,0.026838432635534086,,0.013419216317767043,,,,,
20,34.70209339774557,53.28099838969404,5.421363392377885,1.42914653784219,1.6639828234031133,2.147074610842727,0.8185721953837896,0.4428341384863124,0.04696725711218465,0.026838432635534086,0.020128824476650563,,,,,
21,34.5276435856146,53.02603327965647,5.10601180891036,1.7847557702630166,1.6639828234031133,2.147074610842727,1.221148684916801,0.4294149221685454,0.04696725711218465,0.026838432635534086,0.020128824476650563,,,,,
22,33.97745571658615,53.07300053676865,5.132850241545894,1.8317230273752012,1.6572732152442298,2.5697799248523885,1.2278582930756843,0.43612453032742887,0.04696725711218465,0.026838432635534086,0.020128824476650563,,,,,
23,33.62855609232421,52.95222758990875,5.025496511003757,1.9524959742351047,1.6774020397208802,2.9388083735909825,1.261406333870102,0.46967257112184646,0.04696725711218465,0.026838432635534086,0.020128824476650563,,,,,
24,33.42055823939882,52.844873859366615,5.0858829844337095,1.9860440150295222,1.7914653784219001,3.052871712292002,1.2546967257112185,0.46967257112184646,0.04696725711218465,0.026838432635534086,0.020128824476650563,,,,,
25,32.48792270531401,52.58990874932904,5.10601180891036,1.9726247987117553,2.9253891572732154,3.0595813204508855,1.2748255501878691,0.46967257112184646,0.04696725711218465,0.04696725711218465,0.020128824476650563,,,,,
26,32.23966720343532,52.03972088030059,5.10601180891036,2.5966183574879227,2.9924852388620504,3.1535158346752548,1.2748255501878691,0.46967257112184646,0.04696725711218465,0.06038647342995169,0.020128824476650563,,,,,
27,31.17283950617284,49.14787976382179,8.581588835212024,2.38191089640365,2.8918411164787976,3.569511540526033,1.6572732152442298,0.46967257112184646,0.04696725711218465,0.06038647342995169,0.020128824476650563,,,,,
28,29.502147074610843,54.01234567901235,5.938003220611916,2.6435856146001075,2.7241009125067097,3.4420289855072466,1.3888888888888888,0.2147074610842727,0.04696725711218465,0.040257648953301126,0.04696725711218465,,,,,
29,28.844605475040257,53.636607622114866,6.078904991948471,2.475845410628019,2.7308105206655933,3.502415458937198,2.2611379495437465,0.32877079978529256,0.04696725711218465,0.040257648953301126,0.05367686527106817,,,,,
30,28.6231884057971,53.01932367149758,6.152710681696189,2.522812667740204,2.8784219001610305,4.314278046162104,1.9793344068706387,0.3421900161030596,0.04696725711218465,0.06709608158883522,0.05367686527106817,,,,,
31,28.079710144927535,52.97906602254428,6.092324208266238,2.6502952227589907,2.871712292002147,4.468599033816425,2.3483628556092326,0.3421900161030596,0.04696725711218465,0.06709608158883522,0.05367686527106817,,,,,
32,27.214170692431562,50.50322061191626,6.3137412775093935,2.6972624798711755,4.938271604938271,5.045625335480408,2.7106816961889426,0.4025764895330113,0.04696725711218465,0.0939345142243693,0.03354804079441761,,,,,
33,26.818303811057433,49.86580783682233,7.098765432098766,2.6502952227589907,4.931561996779388,5.280461621041331,2.7106816961889426,0.4428341384863124,0.04696725711218465,0.0939345142243693,0.03354804079441761,0.026838432635534086,,,,
34,25.986312399355878,49.040526033279654,8.715780998389693,2.61003757380569,4.924852388620504,5.260332796564681,2.7509393451422435,0.4495437466451959,0.04696725711218465,0.10064412238325282,0.06709608158883522,0.04696725711218465,,,,
35,25.89908749329039,48.718464841653244,8.641975308641975,2.623456790123457,4.9651100375738055,5.595813204508857,2.7509393451422435,0.5434782608695652,0.04696725711218465,0.10064412238325282,0.06709608158883522,0.04696725711218465,,,,
36,24.349168008588297,49.90606548577563,8.957326892109501,2.5966183574879227,4.9651100375738055,5.756843800322061,2.6301663982823404,0.5703166935050993,0.04696725711218465,0.0939345142243693,0.06709608158883522,0.06038647342995169,,,,
37,22.73886205045625,51.36205045625336,8.360171765968868,2.6637144390767578,5.01207729468599,6.320450885668277,2.623456790123457,0.6038647342995169,0.04696725711218465,0.11406333870101985,0.08051529790660225,0.07380568974771873,,,,
38,22.644927536231883,51.006441223832525,8.28636607622115,2.5831991411701556,5.025496511003757,6.8035426731078905,2.576489533011272,0.630703166935051,0.12077294685990338,0.1274825550187869,0.10735373054213634,0.08722490606548577,,,,
39,21.054750402576488,52.01959205582394,7.9039184111647875,3.374932903918411,5.159688674181428,6.689479334406871,2.657004830917874,0.6776704240472357,0.14761137949543746,0.12077294685990338,0.10735373054213634,0.08722490606548577,,,,
40,21.00107353730542,51.59688674181428,7.836822329575953,3.4957058507783145,5.166398282340311,6.957863660762212,2.6704240472356413,0.798443370907139,0.14761137949543746,0.13419216317767044,0.10735373054213634,0.08722490606548577,,,,
41,20.92055823939882,51.38217928073001,7.823403113258186,3.5963499731615673,5.0791733762748255,7.118894256575416,2.6972624798711755,0.8990874932903918,0.14761137949543746,0.14090177133655393,0.0939345142243693,0.08722490606548577,0.013419216317767043,,,
42,20.8064949006978,51.07353730542136,7.897208803005904,3.8714439076757916,5.12614063338701,7.112184648416532,2.7308105206655933,0.8990874932903918,0.14761137949543746,0.14090177133655393,0.0939345142243693,0.08722490606548577,0.013419216317767043,,,
43,17.216854535695116,55.63607085346216,7.521470746108427,3.7909286097691894,4.683306494900698,7.273215244229737,2.61003757380569,0.8387010198604401,0.12077294685990338,0.1274825550187869,0.0939345142243693,0.07380568974771873,0.013419216317767043,,,
44,16.59286097691895,52.03972088030059,12.070585077831455,3.616478797638218,4.502147074610843,7.206119162640902,2.6033279656468062,0.9259259259259259,0.12077294685990338,0.14090177133655393,0.0939345142243693,0.07380568974771873,0.013419216317767043,,,
45,14.459205582393988,62.795222758990874,8.59500805152979,1.2681159420289856,4.28743961352657,5.407944176060118,2.167203435319377,0.6709608158883521,0.05367686527106817,0.06038647342995169,0.14761137949543746,0.07380568974771873,0.013419216317767043,,,
46,13.942565754159958,61.26543209876543,10.25228126677402,1.2010198604401503,4.159957058507783,5.8172302737520125,2.24771873322598,0.7514761137949544,0.03354804079441761,0.07380568974771873,0.16774020397208803,0.07380568974771873,0.013419216317767043,,,
47,13.915727321524423,60.91653247450349,10.238862050456254,1.221148684916801,4.200214707461084,6.132581857219538,2.227589908749329,0.785024154589372,0.03354804079441761,0.07380568974771873,0.16774020397208803,0.07380568974771873,0.013419216317767043,,,
48,13.47289318303811,60.76221148684917,10.158346752549651,1.328502415458937,4.26731078904992,6.515029522275899,2.214170692431562,0.9057971014492754,0.03354804079441761,0.07380568974771873,0.18115942028985507,0.07380568974771873,0.013419216317767043,,,
49,13.425925925925926,58.61513687600644,9.178743961352657,1.1607622114868492,4.233762748255502,7.206119162640902,4.911433172302737,0.8185721953837896,0.03354804079441761,0.12077294685990338,0.18115942028985507,0.07380568974771873,0.013419216317767043,0.026838432635534086,,
50,13.150831991411701,55.83064949006978,12.06387546967257,1.2345679012345678,4.294149221685454,7.226247987117552,4.824208266237251,0.8655394524959742,0.04696725711218465,0.1274825550187869,0.2214170692431562,0.07380568974771873,0.013419216317767043,0.026838432635534086,,
51,12.99651100375738,55.61594202898551,12.030327428878154,1.2681159420289856,4.334406870638754,7.467793880837359,4.790660225442834,0.8655394524959742,0.08051529790660225,0.15432098765432098,0.28180354267310787,0.07380568974771873,0.013419216317767043,0.026838432635534086,,
52,12.969672571121846,54.51556629092861,11.969940955448202,1.2681159420289856,4.394793344068707,8.588298443370908,4.770531400966184,0.8655394524959742,0.08051529790660225,0.18115942028985507,0.28180354267310787,0.07380568974771873,0.013419216317767043,0.026838432635534086,,
53,12.93612453032743,53.7842190016103,11.896135265700483,1.3419216317767042,4.4753086419753085,9.178743961352657,4.777241009125067,0.9192163177670424,0.11406333870101985,0.18115942028985507,0.28180354267310787,0.07380568974771873,0.013419216317767043,0.026838432635534086,,
54,12.875738056897477,49.20155662909286,11.460010735373054,1.3419216317767042,7.843531937734836,10.661567364465915,4.8376274825550185,1.0466988727858293,0.11406333870101985,0.18115942028985507,0.30193236714975846,0.07380568974771873,0.013419216317767043,0.04696725711218465,,
55,12.815351583467525,47.71202361782072,11.366076221148685,1.7646269457863661,7.863660762211487,11.79549114331723,4.87788513150832,1.0332796564680622,0.11406333870101985,0.20799785292538917,0.30193236714975846,0.07380568974771873,0.013419216317767043,0.06038647342995169,,
56,12.694578636607622,47.70531400966183,11.345947396672035,1.7981749865807837,7.87037037037037,11.876006441223833,4.864465915190553,1.0064412238325282,0.14761137949543746,0.2281266774020397,0.30864197530864196,0.07380568974771873,0.013419216317767043,0.06709608158883522,,
57,12.587224906065487,47.04777241009125,11.265432098765432,1.8183038110574343,8.031400966183575,11.869296833064949,5.428073000536768,0.9997316156736447,0.14761137949543746,0.2549651100375738,0.30864197530864196,0.07380568974771873,0.013419216317767043,0.15432098765432098,,
58,12.560386473429952,46.68545356951154,11.43317230273752,1.8183038110574343,8.071658615136876,12.030327428878154,5.300590445517981,1.0869565217391304,0.1610305958132045,0.24154589371980675,0.32877079978529256,0.08051529790660225,0.013419216317767043,0.1878690284487386,,
59,12.560386473429952,46.20907139023081,11.426462694578637,1.7981749865807837,8.017981749865807,12.466451959205582,5.287171229200215,1.1003757380568975,0.2214170692431562,0.30193236714975846,0.3153515834675255,0.08051529790660225,0.013419216317767043,0.20128824476650564,,
60,12.52012882447665,43.86741814278046,11.3593666129898,2.4221685453569513,7.561728395061729,11.83574879227053,8.091787439613526,1.1674718196457328,0.2281266774020397,0.3153515834675255,0.33548040794417605,0.08051529790660225,0.013419216317767043,0.20128824476650564,,
61,12.5,43.29710144927536,11.144659151905529,2.395330112721417,7.937466451959206,12.338969404186795,8.05823939881911,1.1003757380568975,0.2281266774020397,0.36231884057971014,0.32877079978529256,0.0939345142243693,0.013419216317767043,0.20128824476650564,,
62,12.27187332259796,42.96833064949007,11.077563070316694,2.408749329039184,7.897208803005904,12.72812667740204,8.21256038647343,1.1406333870101986,0.2281266774020397,0.36231884057971014,0.3824476650563607,0.0939345142243693,0.013419216317767043,0.2147074610842727,,
63,11.017176596886742,44.7866344605475,10.849436392914654,2.2745571658615136,7.7898550724637685,12.620772946859903,8.085077831454644,1.247987117552335,0.2281266774020397,0.38915727321524424,0.3757380568974772,0.10735373054213634,0.013419216317767043,0.2147074610842727,,
64,10.929951690821255,44.50483091787439,10.809178743961352,2.2745571658615136,7.997852925389157,12.52012882447665,8.313204508856682,1.288244766505636,0.2281266774020397,0.4025764895330113,0.38915727321524424,0.10735373054213634,0.013419216317767043,0.2214170692431562,,
65,9.554482018250134,43.84728931830381,12.52012882447665,2.2208803005904456,8.232689210950081,12.25174449812131,8.541331186258722,1.3352120236178207,0.23483628556092323,0.4428341384863124,0.4227053140096618,0.12077294685990338,0.013419216317767043,0.2616747181964573,,
66,9.406870638754697,43.39103596349973,12.412775093934513,2.5161030595813205,8.3064949006978,12.47987117552335,8.413848631239935,1.4090177133655395,0.2616747181964573,0.5568974771873323,0.41599570585077833,0.15432098765432098,0.013419216317767043,0.2616747181964573,,
67,9.39345142243693,43.19645732689211,12.352388620504563,2.6502952227589907,8.299785292538916,12.546967257112184,8.3064949006978,1.4090177133655395,0.2616747181964573,0.6910896403650026,0.4227053140096618,0.18115942028985507,0.013419216317767043,0.27509393451422437,,
68,9.192163177670425,42.53220611916264,12.285292538915728,3.0059044551798175,8.400429414922169,12.721417069243156,8.53462157809984,1.4559849704777241,0.2616747181964573,0.7112184648416533,0.43612453032742887,0.17444981213097155,0.013419216317767043,0.27509393451422437,,
69,9.131776704240472,42.250402576489535,12.224906065485776,3.113258185721954,8.447396672034353,12.86231884057971,8.561460010735374,1.442565754159957,0.2952227589908749,0.7112184648416533,0.47638217928073,0.17444981213097155,0.013419216317767043,0.2952227589908749,,
70,7.830112721417069,43.37090713902308,11.876006441223833,2.918679549114332,8.883521202361782,13.39237788513151,8.219269994632313,1.4962426194310252,0.3421900161030596,0.6977992485238862,0.48980139559849706,0.17444981213097155,0.013419216317767043,0.2952227589908749,,
71,7.514761137949543,41.8142780461621,17.324208266237253,2.8247450348899625,8.246108427267847,13.063607085346217,6.0654857756307035,1.402308105206656,0.3421900161030596,0.48980139559849706,0.4294149221685454,0.17444981213097155,0.013419216317767043,0.2952227589908749,,
72,7.48792270531401,40.96886741814278,17.12962962962963,3.140096618357488,9.104938271604938,12.600644122383253,6.266774020397209,1.5096618357487923,0.3421900161030596,0.5099302200751477,0.4562533548040794,0.17444981213097155,0.013419216317767043,0.2952227589908749,,
73,7.467793880837359,40.76757917337628,17.022275899087493,3.1736446591519054,9.104938271604938,12.68786902844874,6.286902844873859,1.5432098765432098,0.36902844873859364,0.5568974771873323,0.5032206119162641,0.20799785292538917,0.013419216317767043,0.2952227589908749,,
74,7.4208266237251745,40.747450348899626,16.70692431561997,3.515834675254965,9.05126140633387,12.694578636607622,6.3070316693505095,1.596886741814278,0.36902844873859364,0.5568974771873323,0.5166398282340311,0.20799785292538917,0.013419216317767043,0.2952227589908749,,
75,7.300053676865271,37.895866881374126,17.236983360171767,3.3682232957595275,8.883521202361782,15.371712292002147,6.360708534621578,1.6438539989264627,0.3824476650563607,0.5233494363929146,0.5703166935050993,0.15432098765432098,0.013419216317767043,0.2952227589908749,,
76,7.253086419753086,37.39264626945786,17.223564143854,3.475577026301664,8.78287707997853,15.83467525496511,6.3070316693505095,1.6572732152442298,0.41599570585077833,0.49651100375738055,0.644122383252818,0.19457863660762212,0.013419216317767043,0.30864197530864196,,
77,7.246376811594203,36.02388620504563,23.161567364465917,3.4286097691894795,8.09849704777241,11.929683306494901,6.246645195920558,1.8183038110574343,0.41599570585077833,0.6508319914117016,0.6575415995705851,0.14090177133655393,0.013419216317767043,0.16774020397208803,,
78,7.246376811594203,34.74906065485776,22.71202361782072,4.166666666666667,8.05823939881911,12.224906065485776,6.810252281266774,1.9189479334406871,0.47638217928073,0.6575415995705851,0.6575415995705851,0.14090177133655393,0.013419216317767043,0.16774020397208803,,
79,7.246376811594203,34.6081588835212,22.65163714439077,4.260601180891036,8.064949006977992,12.144390767579173,6.816961889425658,1.9659151905528718,0.5032206119162641,0.6843800322061192,0.7447665056360708,0.14761137949543746,0.013419216317767043,0.14761137949543746,,
80,7.219538378958669,33.756038647343,22.41009125067096,4.361245303274289,7.763016639828234,11.540526033279656,8.829844337090714,1.9793344068706387,0.5032206119162641,0.6776704240472357,0.6776704240472357,0.10735373054213634,0.013419216317767043,0.1610305958132045,,
81,7.159151905528717,33.393719806763286,22.054482018250134,4.428341384863124,8.05823939881911,11.58749329039184,8.82313472893183,2.2410091250670963,0.5032206119162641,0.8051529790660226,0.6642512077294686,0.10735373054213634,0.013419216317767043,0.1610305958132045,,
82,7.125603864734299,33.15217391304348,21.833064949006978,4.488727858293076,8.105206655931294,11.668008588298443,8.923778851315083,2.328234031132582,0.5770263016639828,0.8185721953837896,0.6910896403650026,0.11406333870101985,0.013419216317767043,0.1610305958132045,,
83,7.118894256575416,32.991143317230275,21.4573268921095,4.528985507246377,8.044820182501342,12.06387546967257,8.675523349436393,2.6704240472356413,0.6038647342995169,0.8387010198604401,0.6977992485238862,0.1274825550187869,0.013419216317767043,0.16774020397208803,,
84,6.837090713902308,32.078636607622116,20.75281803542673,4.53569511540526,8.440687063875469,11.822329575952764,10.238862050456254,2.831454643048846,0.630703166935051,0.8252818035426731,0.6709608158883521,0.15432098765432098,0.013419216317767043,0.16774020397208803,,
85,6.837090713902308,31.11916264090177,20.598497047772412,6.0587761674718195,8.440687063875469,11.466720343531938,10.138217928073,2.8381642512077296,0.630703166935051,0.8655394524959742,0.6709608158883521,0.15432098765432098,0.013419216317767043,0.16774020397208803,,
86,6.837090713902308,31.011808910359633,20.41062801932367,6.052066559312936,8.440687063875469,11.540526033279656,10.11808910359635,2.9388083735909825,0.6575415995705851,0.9460547504025765,0.6910896403650026,0.15432098765432098,0.013419216317767043,0.1878690284487386,,
87,6.716317767042405,30.770263016639827,20.35024154589372,5.850778314546431,8.454106280193237,11.52710681696189,10.695115405260333,2.965646806226516,0.6172839506172839,0.9997316156736447,0.6910896403650026,0.15432098765432098,0.020128824476650563,0.1878690284487386,,
88,6.702898550724638,30.35426731078905,20.115405260332796,6.407675791733762,8.219269994632313,11.855877616747183,10.63472893183038,3.046162104133119,0.6508319914117016,1.0198604401502953,0.630703166935051,0.15432098765432098,0.020128824476650563,0.1878690284487386,,
89,6.582125603864735,30.02549651100376,20.115405260332796,6.776704240472356,8.28636607622115,11.81561996779388,10.453569511540525,3.099838969404187,0.6508319914117016,1.2010198604401503,0.6105743424584005,0.17444981213097155,0.020128824476650563,0.1878690284487386,,
90,6.260064412238325,31.769994632313473,18.61916264090177,6.702898550724638,8.420558239398819,11.708266237251744,10.426731078904991,3.180354267310789,0.6910896403650026,1.2345679012345678,0.6105743424584005,0.16774020397208803,0.020128824476650563,0.1878690284487386,,
91,6.233225979602791,31.682769726247987,18.57890499194847,6.763285024154589,8.393719806763285,11.761943102522812,10.285829307568438,3.2139023081052067,0.6910896403650026,1.3888888888888888,0.6239935587761675,0.17444981213097155,0.020128824476650563,0.1878690284487386,,
92,6.146001073537305,31.468062265163713,18.67283950617284,7.118894256575416,8.387010198604402,11.79549114331723,10.11808910359635,3.1602254428341383,0.6910896403650026,1.3955984970477724,0.6642512077294686,0.14761137949543746,0.020128824476650563,0.2147074610842727,,
93,5.736714975845411,29.87788513150832,18.270263016639827,7.105475040257649,8.447396672034353,11.674718196457327,12.372517444981213,3.2139023081052067,0.7447665056360708,1.42914653784219,0.7246376811594203,0.1610305958132045,0.020128824476650563,0.2214170692431562,,
94,5.488459473966721,28.723832528180353,20.913848631239937,6.823671497584541,8.3467525496511,11.506977992485238,11.674718196457327,3.227321524422974,0.7380568974771873,1.402308105206656,0.7313472893183038,0.1610305958132045,0.03354804079441761,0.2281266774020397,,
95,4.958400429414922,28.153515834675254,22.41009125067096,6.689479334406871,8.158883521202362,11.540526033279656,11.621041331186259,3.113258185721954,0.7313472893183038,1.4492753623188406,0.7380568974771873,0.15432098765432098,0.03354804079441761,0.23483628556092323,0.013419216317767043,
96,4.951690821256038,27.911969940955448,22.16183574879227,7.481213097155126,8.158883521202362,11.54723564143854,11.084272678475577,3.260869565217391,0.7716049382716049,1.4962426194310252,0.7380568974771873,0.15432098765432098,0.03354804079441761,0.23483628556092323,0.013419216317767043,
97,4.951690821256038,27.556360708534623,20.719269994632313,6.971282877079979,8.024691358024691,11.33923778851315,13.714439076757918,3.126677402039721,0.6977992485238862,1.710950080515298,0.7380568974771873,0.15432098765432098,0.03354804079441761,0.24825550187869028,0.013419216317767043,
98,4.542404723564144,32.76301663982824,17.371175523349436,6.515029522275899,7.776435856146001,10.970209339774557,13.466183574879228,2.965646806226516,0.6642512077294686,1.6908212560386473,0.8387010198604401,0.15432098765432098,0.026838432635534086,0.24154589371980675,0.013419216317767043,
99,4.341116478797638,32.588566827697264,15.163714439076758,6.4345142243692965,7.75630703166935,14.170692431561998,13.372249060654857,2.576489533011272,0.6374127750939346,1.6438539989264627,0.8521202361782072,0.18115942028985507,0.026838432635534086,0.24154589371980675,0.013419216317767043,
100,4.341116478797638,32.47450348899624,14.915458937198068,6.447933440687064,8.219269994632313,14.070048309178745,13.197799248523886,2.6435856146001075,0.6374127750939346,1.6572732152442298,0.8521202361782072,0.2616747181964573,0.026838432635534086,0.24154589371980675,0.013419216317767043,
101,4.314278046162104,32.43424584004294,14.680622651637144,6.582125603864735,8.239398819108963,13.989533011272142,13.083735909822867,2.8784219001610305,0.630703166935051,1.7176596886741815,0.8521202361782072,0.3153515834675255,0.026838432635534086,0.24154589371980675,0.013419216317767043,
102,4.30756843800322,32.35373054213634,14.673913043478262,6.595544820182502,8.252818035426731,14.036500268384327,13.036768652710682,2.8784219001610305,0.630703166935051,1.7646269457863661,0.8521202361782072,0.32877079978529256,0.026838432635534086,0.24825550187869028,0.013419216317767043,
103,4.28743961352657,31.340579710144926,14.573268921095009,6.629092860976919,9.07139023081052,13.92914653784219,13.20450885668277,2.844873859366613,0.6374127750939346,1.8786902844873858,0.9192163177670424,0.39586688137412773,0.026838432635534086,0.24825550187869028,0.013419216317767043,
104,4.28743961352657,31.21309715512614,14.506172839506172,6.541867954911433,9.178743961352657,14.06333870101986,13.177670424047236,2.844873859366613,0.6709608158883521,1.9189479334406871,0.9057971014492754,0.38915727321524424,0.026838432635534086,0.2616747181964573,0.013419216317767043,
105,4.186795491143317,30.656199677938808,15.807836822329575,6.427804616210413,8.896940418679549,14.163982823403114,12.86231884057971,2.771068169618894,0.6642512077294686,1.9457863660762211,0.9460547504025765,0.3824476650563607,0.026838432635534086,0.24825550187869028,0.013419216317767043,
106,4.186795491143317,30.60252281266774,15.559581320450885,6.474771873322598,8.883521202361782,14.096886741814279,12.681159420289855,2.8247450348899625,0.6776704240472357,2.3483628556092326,0.966183574879227,0.38915727321524424,0.026838432635534086,0.2683843263553409,0.013419216317767043,
107,4.119699409554482,28.5829307568438,15.593129361245303,6.273483628556092,11.79549114331723,13.43263553408481,12.47987117552335,2.8784219001610305,0.6642512077294686,2.4825550187869028,1.0131508319914118,0.3757380568974772,0.026838432635534086,0.2683843263553409,0.013419216317767043,
108,4.092860976918948,28.039452495974235,15.45222758990875,6.353998926462695,12.184648416532475,13.372249060654857,12.419484702093397,3.193773483628556,0.6977992485238862,2.462426194310252,1.0198604401502953,0.4025764895330113,0.026838432635534086,0.2683843263553409,0.013419216317767043,
109,4.092860976918948,27.938808373590984,15.385131508319914,6.260064412238325,12.177938808373591,13.238056897477188,12.486580783682234,3.361513687600644,0.7917337627482555,2.475845410628019,1.0601180891035964,0.4227053140096618,0.026838432635534086,0.2683843263553409,0.013419216317767043,
110,4.086151368760064,27.791196994095547,15.26435856146001,6.226516371443908,12.198067632850242,13.33870101986044,12.473161567364466,3.4420289855072466,0.8319914117015567,2.5026838432635534,1.1003757380568975,0.4495437466451959,0.026838432635534086,0.2549651100375738,0.013419216317767043,
111,4.079441760601181,27.750939345142243,15.217391304347826,6.253354804079442,12.157809983896941,13.318572195383789,12.338969404186795,3.5091250670960816,0.8185721953837896,2.677133655394525,1.107085346215781,0.47638217928073,0.026838432635534086,0.2549651100375738,0.013419216317767043,
112,4.066022544283414,27.47584541062802,14.794685990338165,6.260064412238325,12.681159420289855,13.345410628019323,12.285292538915728,3.569511540526033,0.8588298443370908,2.7308105206655933,1.1607622114868492,0.46967257112184646,0.026838432635534086,0.2549651100375738,0.013419216317767043,0.0067096081588835215
113,4.03918411164788,26.918947933440688,15.995705850778315,6.159420289855072,11.849168008588299,13.92914653784219,12.245034889962426,3.361513687600644,0.8521202361782072,2.7442297369833604,1.133923778851315,0.46967257112184646,0.026838432635534086,0.2549651100375738,0.013419216317767043,0.0067096081588835215
114,4.019055287171229,26.549919484702095,15.908480944712828,6.890767579173376,11.600912506709609,14.096886741814279,12.06387546967257,3.3682232957595275,0.8789586688137413,2.690552871712292,1.1205045625335481,0.5166398282340311,0.026838432635534086,0.24825550187869028,0.013419216317767043,0.0067096081588835215
115,4.019055287171229,26.38888888888889,15.868223295759528,6.796833064949007,11.802200751476114,14.278046162104133,11.936392914653783,3.4151905528717124,0.9259259259259259,2.7241009125067097,1.0265700483091786,0.5233494363929146,0.026838432635534086,0.24825550187869028,0.013419216317767043,0.0067096081588835215
116,3.8378958668813743,20.571658615136876,24.355877616747183,6.427804616210413,11.882716049382717,12.781803542673108,11.191626409017713,3.5963499731615673,0.8923778851315083,2.6838432635534084,0.9930220075147611,0.5233494363929146,0.013419216317767043,0.2281266774020397,0.013419216317767043,0.0067096081588835215
117,3.7775093934514223,20.30998389694042,24.382716049382715,6.421095008051529,11.916264090177133,12.86231884057971,11.171497584541063,3.743961352657005,0.8655394524959742,2.717391304347826,1.0265700483091786,0.5367686527106817,0.013419216317767043,0.23483628556092323,0.013419216317767043,0.0067096081588835215
118,3.7104133118625873,20.209339774557165,24.382716049382715,6.367418142780462,11.876006441223833,12.86231884057971,11.198336017176597,3.9720880300590444,0.8722490606548577,2.6838432635534084,1.0399892646269457,0.5703166935050993,0.013419216317767043,0.2214170692431562,0.013419216317767043,0.0067096081588835215
119,3.7037037037037037,20.095276435856146,24.261943102522814,6.400966183574879,11.929683306494901,12.97638217928073,11.151368760064413,4.012345679012346,0.8655394524959742,2.717391304347826,1.0399892646269457,0.5904455179817498,0.013419216317767043,0.2214170692431562,0.013419216317767043,0.0067096081588835215
120,3.6902844873859366,20.02818035426731,24.214975845410628,6.421095008051529,11.916264090177133,13.003220611916264,11.057434245840042,4.166666666666667,0.8990874932903918,2.7308105206655933,1.0399892646269457,0.5770263016639828,0.013419216317767043,0.2214170692431562,0.013419216317767043,0.0067096081588835215
121,3.6768652710681695,19.81347289318304,24.020397208803004,6.481481481481482,11.782071926999464,13.003220611916264,11.064143853998926,4.609500805152979,0.9326355340848095,2.771068169618894,1.0131508319914118,0.5770263016639828,0.013419216317767043,0.2214170692431562,0.013419216317767043,0.0067096081588835215
122,3.656736446591519,19.766505636070853,23.503757380568974,6.468062265163715,11.802200751476114,13.09044551798175,11.023886205045626,5.139559849704777,0.9930220075147611,2.717391304347826,1.0198604401502953,0.5636070853462157,0.013419216317767043,0.2214170692431562,0.013419216317767043,0.0067096081588835215
123,3.6366076221148687,19.73966720343532,23.429951690821255,6.454643048845948,11.56736446591519,13.123993558776167,11.010466988727858,5.159688674181428,1.2278582930756843,2.7777777777777777,1.0399892646269457,0.5770263016639828,0.013419216317767043,0.2214170692431562,0.013419216317767043,0.0067096081588835215
124,3.616478797638218,19.665861513687602,23.07434245840043,6.528448738593666,11.54723564143854,13.056897477187333,11.064143853998926,5.4549114331723025,1.2412775093934514,2.7979066022544283,1.0735373054213635,0.5837359098228664,0.013419216317767043,0.2616747181964573,0.013419216317767043,0.0067096081588835215
125,3.616478797638218,19.632313472893184,23.040794417606012,6.5552871712292005,11.191626409017713,13.063607085346217,11.05072463768116,5.488459473966721,1.2278582930756843,3.2139023081052067,1.0466988727858293,0.5770263016639828,0.0067096081588835215,0.2683843263553409,,0.020128824476650563
126,3.616478797638218,19.578636607622116,23.00053676865271,6.595544820182502,11.11111111111111,13.083735909822867,11.077563070316694,5.528717122920021,1.2546967257112185,3.2474503488996245,1.0399892646269457,0.5703166935050993,0.0067096081588835215,0.2683843263553409,,0.020128824476650563
127,3.535963499731616,19.276704240472355,24.27536231884058,6.353998926462695,11.178207192699947,12.882447665056361,10.641438539989265,5.528717122920021,1.2345679012345678,3.1535158346752548,1.0534084809447128,0.5904455179817498,0.0067096081588835215,0.2683843263553409,,0.020128824476650563
128,3.535963499731616,19.182769726247987,25.187869028448738,6.394256575415996,11.231884057971014,12.76838432635534,9.849704777241008,5.555555555555555,1.2077294685990339,3.0595813204508855,1.0735373054213635,0.6508319914117016,0.0067096081588835215,0.27509393451422437,,0.020128824476650563
129,3.535963499731616,19.0955448201825,25.348899624261943,6.3070316693505095,11.218464841653248,12.775093934514224,9.822866344605474,5.5689747718733225,1.1607622114868492,3.1468062265163717,1.0601180891035964,0.6575415995705851,0.0067096081588835215,0.27509393451422437,,0.020128824476650563
130,3.515834675254965,19.061996779388085,24.832259796027913,6.823671497584541,11.2788513150832,12.627482555018787,9.943639291465379,5.515297906602254,1.1473429951690821,3.1602254428341383,1.107085346215781,0.6575415995705851,0.0067096081588835215,0.30193236714975846,,0.020128824476650563
131,3.515834675254965,19.061996779388085,24.765163714439076,6.870638754696726,11.211755233494364,12.627482555018787,9.943639291465379,5.508588298443371,1.1607622114868492,3.207192699946323,1.133923778851315,0.6642512077294686,0.0067096081588835215,0.30193236714975846,,0.020128824476650563
132,3.4621578099838968,19.04186795491143,24.691358024691358,7.092055823939882,11.158078368223295,12.506709608158884,9.86983360171766,5.542136339237788,1.247987117552335,3.2340311325818574,1.1473429951690821,0.6642512077294686,0.0067096081588835215,0.3153515834675255,,0.020128824476650563
133,3.4420289855072466,19.028448738593667,24.58400429414922,7.199409554482019,11.20504562533548,12.466451959205582,9.702093397745571,5.662909286097692,1.261406333870102,3.2139023081052067,1.1607622114868492,0.6642512077294686,0.0067096081588835215,0.3421900161030596,,0.06038647342995169
134,3.4017713365539453,18.800322061191626,24.40955448201825,7.541599570585078,11.292270531400966,12.359098228663447,9.655126140633387,5.783682232957595,1.2546967257112185,3.2474503488996245,1.1943102522812667,0.6642512077294686,,0.33548040794417605,,0.06038647342995169
135,3.388352120236178,18.773483628556093,24.288781535158346,7.514761137949543,11.3191089640365,12.412775093934513,9.675254965110037,5.884326355340848,1.2345679012345678,3.2675791733762747,1.1808910359634996,0.6642512077294686,,0.33548040794417605,,0.06038647342995169
136,3.388352120236178,18.686258722490606,23.013955984970476,7.50805152979066,11.272141706924316,11.594202898550725,12.432903918411165,5.515297906602254,1.2412775093934514,3.2474503488996245,1.1808910359634996,0.5636070853462157,,0.2952227589908749,,0.06038647342995169
137,3.388352120236178,18.625872249060656,22.966988727858293,7.568438003220612,11.292270531400966,11.66129898013956,11.79549114331723,6.092324208266238,1.247987117552335,3.2474503488996245,1.1943102522812667,0.5636070853462157,,0.2952227589908749,,0.06038647342995169
138,3.388352120236178,18.115942028985508,22.899892646269457,7.541599570585078,12.010198604401502,11.480139559849706,11.77536231884058,6.112453032742888,1.2681159420289856,3.280998389694042,1.2144390767579174,0.5636070853462157,,0.2885131508319914,,0.06038647342995169
139,3.388352120236178,17.693236714975846,22.725442834138487,7.568438003220612,11.969940955448202,11.137949543746645,13.070316693505099,6.018518518518518,1.2412775093934514,3.113258185721954,1.1876006441223832,0.5300590445517982,,0.2952227589908749,,0.06038647342995169
140,3.3816425120772946,17.673107890499196,22.65163714439077,8.460815888352121,11.889425657541599,10.587761674718196,12.929414922168545,5.978260869565218,1.247987117552335,3.180354267310789,1.2077294685990339,0.47638217928073,,0.28180354267310787,,0.05367686527106817
141,3.321256038647343,17.54562533548041,22.020933977455716,9.198872785829307,11.668008588298443,10.607890499194847,13.191089640365004,5.984970477724101,1.261406333870102,3.1870638754696725,1.1808910359634996,0.4830917874396135,,0.2952227589908749,,0.05367686527106817
142,3.113258185721954,17.20343531937735,22.745571658615138,9.024422973698336,11.480139559849706,10.648148148148149,13.211218464841654,6.085614600107354,1.2412775093934514,3.1468062265163717,1.1808910359634996,0.5703166935050993,,0.2952227589908749,,0.05367686527106817
143,3.113258185721954,17.143048845947398,22.134997316156735,9.01100375738057,11.56736446591519,10.681696188942565,13.20450885668277,6.642512077294686,1.221148684916801,3.166935050993022,1.1943102522812667,0.5703166935050993,,0.2952227589908749,,0.05367686527106817
144,3.113258185721954,16.941760601180892,21.973966720343533,9.245840042941492,11.506977992485238,10.72866344605475,13.117283950617283,6.66935050993022,1.3083735909822867,3.2877079978529253,1.2077294685990339,0.5367686527106817,,0.30864197530864196,,0.05367686527106817
145,3.046162104133119,16.25738056897477,22.725442834138487,9.16532474503489,11.533816425120772,10.836017176596886,13.050187869028449,6.6760601180891035,1.2949543746645196,3.3279656468062266,1.1876006441223832,0.5233494363929146,,0.322061191626409,,0.05367686527106817
146,3.0193236714975846,16.17686527106817,22.57783145464305,9.104938271604938,11.641170155662909,10.889694041867955,13.070316693505099,6.729736983360172,1.2949543746645196,3.3413848631239937,1.221148684916801,0.5233494363929146,,0.35560923242082665,,0.05367686527106817
147,3.0193236714975846,16.11647879763822,22.550993022007514,8.950617283950617,11.701556629092861,10.923242082662373,13.217928073000536,6.749865807836822,1.2815351583467525,3.3480944712828773,1.2144390767579174,0.5099302200751477,,0.36231884057971014,,0.05367686527106817
148,2.985775630703167,15.814546430488459,22.416800858829845,8.870101986044014,11.976650563607086,10.849436392914654,13.22463768115942,6.998121309715513,1.2748255501878691,3.4017713365539453,1.2412775093934514,0.5300590445517982,,0.36231884057971014,,0.05367686527106817
149,2.985775630703167,15.72061191626409,22.356414385399894,9.138486312399356,12.037037037037036,10.628019323671497,13.18438003220612,7.004830917874396,1.2748255501878691,3.408480944712829,1.3016639828234031,0.5367686527106817,,0.36902844873859364,,0.05367686527106817
150,2.9790660225442833,15.640096618357488,22.31615673644659,9.145195920558239,12.171229200214707,10.654857756307031,13.197799248523886,6.877348362855609,1.2949543746645196,3.4688674181427803,1.3150831991411702,0.5166398282340311,,0.36902844873859364,,0.05367686527106817
151,2.9790660225442833,15.499194847020934,22.289318303811058,9.41358024691358,11.929683306494901,10.513955984970478,13.553408480944713,6.830381105743425,1.2949543746645196,3.4688674181427803,1.261406333870102,0.5032206119162641,0.026838432635534086,0.39586688137412773,,0.040257648953301126
152,2.952227589908749,15.351583467525497,22.228931830381107,9.460547504025765,11.829039184111648,10.487117552334944,13.459473966720344,6.837090713902308,1.3821792807300053,3.784219001610306,1.2546967257112185,0.5032206119162641,0.026838432635534086,0.4025764895330113,,0.040257648953301126
153,2.952227589908749,14.090177133655395,21.571390230810522,8.876811594202898,11.600912506709609,10.21202361782072,16.901502952227588,6.468062265163715,1.3687600644122384,3.770799785292539,1.247987117552335,0.46967257112184646,0.026838432635534086,0.4025764895330113,,0.040257648953301126
154,2.952227589908749,14.056629092860977,21.544551798174986,8.870101986044014,11.641170155662909,10.245571658615138,16.881374127750938,6.447933440687064,1.3687600644122384,3.770799785292539,1.2681159420289856,0.46967257112184646,0.026838432635534086,0.41599570585077833,,0.040257648953301126
155,2.952227589908749,14.04320987654321,21.36339237788513,8.836553945249598,11.728395061728396,10.332796564680622,16.861245303274288,6.494900697799249,1.3888888888888888,3.824476650563607,1.247987117552335,0.46967257112184646,0.026838432635534086,0.41599570585077833,,0.013419216317767043
