,45,50,55,51,53,59,54,56,52,58,57,61,60,62,63,64
0,93.06226516371444,6.937734836285561,,,,,,,,,,,,,,
1,87.71470746108427,12.285292538915728,,,,,,,,,,,,,,
2,82.96430488459474,17.002147074610843,0.03354804079441761,,,,,,,,,,,,,
3,73.02066559312937,23.93317230273752,0.12077294685990338,1.4962426194310252,1.42914653784219,,,,,,,,,,,
4,71.92028985507247,25.02012882447665,0.13419216317767044,1.4962426194310252,1.402308105206656,0.026838432635534086,,,,,,,,,,
5,68.0756843800322,24.476650563607084,0.15432098765432098,5.730005367686527,1.402308105206656,0.026838432635534086,0.13419216317767044,,,,,,,,,
6,64.43236714975845,27.334943639291467,0.27509393451422437,5.8239398819108965,1.932367149758454,0.026838432635534086,0.13419216317767044,0.040257648953301126,,,,,,,,
7,47.235641438539986,44.357219538378956,0.4092860976918948,6.582125603864735,1.2144390767579174,0.026838432635534086,0.13419216317767044,0.040257648953301126,,,,,,,,
8,42.81400966183575,46.584809447128286,0.4294149221685454,6.850509930220075,1.2144390767579174,0.026838432635534086,0.13419216317767044,0.040257648953301126,1.90552871712292,,,,,,,
9,40.41867954911433,45.17579173376275,0.6910896403650026,10.299248523886206,1.2144390767579174,0.026838432635534086,0.1610305958132045,0.1610305958132045,1.8518518518518519,,,,,,,
10,40.41196994095545,45.02147074610843,0.8521202361782072,10.23215244229737,1.2144390767579174,0.026838432635534086,0.1610305958132045,0.2281266774020397,1.8518518518518519,,,,,,,
11,39.94900697799248,45.390499194847024,0.9125067096081588,10.245571658615138,1.2144390767579174,0.026838432635534086,0.1610305958132045,0.24825550187869028,1.8518518518518519,,,,,,,
12,39.02308105206656,46.484165324745035,1.0064412238325282,9.950348899624261,1.221148684916801,0.026838432635534086,0.1610305958132045,0.27509393451422437,1.8518518518518519,,,,,,,
13,37.82877079978529,45.410628019323674,1.0869565217391304,10.896403650026839,2.368491680085883,0.026838432635534086,0.1610305958132045,0.27509393451422437,1.9122383252818036,0.03354804079441761,,,,,,
14,37.70799785292539,45.30327428878154,1.2278582930756843,10.809178743961352,2.3483628556092326,0.026838432635534086,0.2683843263553409,0.2952227589908749,1.90552871712292,0.05367686527106817,0.05367686527106817,,,,,
15,32.03166935050993,42.652979066022546,1.1406333870101986,18.659420289855074,2.3349436392914655,0.03354804079441761,0.8588298443370908,0.2885131508319914,1.8719806763285025,0.05367686527106817,0.07380568974771873,,,,,
16,32.024959742351044,42.62614063338701,1.133923778851315,18.63929146537842,2.3349436392914655,0.03354804079441761,0.8588298443370908,0.3488996242619431,1.8451422436929683,0.05367686527106817,0.10064412238325282,,,,,
17,31.904186795491142,42.51207729468599,1.1741814278046163,16.27079978529254,2.3349436392914655,0.05367686527106817,0.8185721953837896,0.36231884057971014,4.38137412775094,0.05367686527106817,0.13419216317767044,,,,,
18,29.58937198067633,42.76033279656468,1.1205045625335481,15.780998389694043,4.918142780461621,0.05367686527106817,0.8588298443370908,0.36231884057971014,4.367954911433173,0.05367686527106817,0.13419216317767044,,,,,
19,29.30756843800322,42.93478260869565,1.2278582930756843,15.754159957058508,4.918142780461621,0.05367686527106817,0.8588298443370908,0.38915727321524424,4.300858829844337,0.05367686527106817,0.20128824476650564,,,,,
20,28.482286634460547,42.78717122920021,1.3150831991411702,16.854535695115406,4.918142780461621,0.05367686527106817,0.6374127750939346,0.38915727321524424,4.294149221685454,0.05367686527106817,0.2147074610842727,,,,,
21,25.845410628019323,45.63204508856683,1.1272141706924315,16.820987654320987,4.931561996779388,0.05367686527106817,0.6374127750939346,0.4092860976918948,4.274020397208803,0.05367686527106817,0.2147074610842727,,,,,
22,23.879495437466453,47.987117552334944,1.1943102522812667,16.740472356414386,4.455179817498658,0.05367686527106817,0.6374127750939346,0.4562533548040794,4.274020397208803,0.05367686527106817,0.2683843263553409,,,,,
23,23.845947396672035,47.745571658615134,1.221148684916801,16.740472356414386,4.428341384863124,0.08051529790660225,0.8856682769726248,0.4562533548040794,4.274020397208803,0.05367686527106817,0.2683843263553409,,,,,
24,18.431293612453032,54.06602254428341,1.1943102522812667,15.94873859366613,4.441760601180891,0.08051529790660225,0.8856682769726248,0.38915727321524424,4.240472356414386,0.05367686527106817,0.2683843263553409,,,,,
25,18.04884594739667,53.207192699946326,1.3754696725711217,16.908212560386474,4.327697262479871,0.08051529790660225,0.9930220075147611,0.4092860976918948,4.327697262479871,0.05367686527106817,0.2683843263553409,,,,,
26,18.02200751476114,50.0805152979066,2.4355877616747184,15.378421900161031,4.327697262479871,0.08051529790660225,0.9997316156736447,0.4428341384863124,7.890499194847021,0.05367686527106817,0.2885131508319914,,,,,
27,17.257112184648417,45.03488996242619,2.4557165861513686,20.477724100912507,4.327697262479871,0.08051529790660225,1.0131508319914118,0.5636070853462157,8.420558239398819,0.05367686527106817,0.3153515834675255,,,,,
28,12.634192163177671,49.33574879227053,4.052603327965647,21.477455716586153,4.327697262479871,0.08051529790660225,0.9057971014492754,0.5971551261406334,6.353998926462695,0.05367686527106817,0.18115942028985507,,,,,
29,12.338969404186795,45.491143317230275,3.965378421900161,27.42216854535695,4.314278046162104,0.08051529790660225,0.95276435856146,0.5568974771873323,4.74369296833065,0.040257648953301126,0.08051529790660225,0.013419216317767043,,,,
30,12.298711755233494,45.269726247987116,4.200214707461084,27.3215244229737,4.247181964573269,0.1610305958132045,0.95276435856146,0.6575415995705851,4.74369296833065,0.040257648953301126,0.08051529790660225,0.026838432635534086,,,,
31,12.27187332259796,44.7463768115942,4.730273752012883,27.30139559849705,4.247181964573269,0.1878690284487386,0.95276435856146,0.6709608158883521,4.7168545356951155,0.040257648953301126,0.10735373054213634,0.026838432635534086,,,,
32,11.594202898550725,42.14975845410628,4.253891572732153,28.388352120236178,4.240472356414386,0.18115942028985507,0.9728931830381106,0.7246376811594203,7.320182501341922,0.040257648953301126,0.10735373054213634,0.026838432635534086,,,,
33,11.238593666129898,41.82769726247987,4.1532474503489,26.684111647879764,4.528985507246377,0.2147074610842727,0.9728931830381106,0.7179280730005367,9.420289855072463,0.06709608158883522,0.14761137949543746,0.026838432635534086,,,,
34,10.44015029522276,37.265163714439076,4.146537842190016,33.373590982286636,2.1604938271604937,0.10064412238325282,0.9728931830381106,1.2345679012345678,10.017444981213098,0.06709608158883522,0.19457863660762212,0.026838432635534086,,,,
35,10.38647342995169,37.124261943102525,4.260601180891036,32.30005367686527,2.073268921095008,0.10064412238325282,0.9728931830381106,1.3486312399355878,11.144659151905529,0.06709608158883522,0.19457863660762212,0.026838432635534086,,,,
36,10.36634460547504,36.983360171765966,4.394793344068707,32.14573268921095,2.0665593129361244,0.10064412238325282,1.0131508319914118,1.4761137949543746,11.117820719269995,0.06709608158883522,0.24154589371980675,0.026838432635534086,,,,
37,10.36634460547504,36.922973698336016,4.435050993022007,32.11218464841653,2.0665593129361244,0.10064412238325282,1.0131508319914118,1.5230810520665594,11.117820719269995,0.06709608158883522,0.24154589371980675,0.03354804079441761,,,,
38,8.749329039184111,41.908212560386474,5.3341384863123995,27.334943639291467,1.865271068169619,0.10064412238325282,1.0466988727858293,1.328502415458937,12.104133118625873,0.08051529790660225,0.11406333870101985,0.03354804079441761,,,,
39,7.320182501341922,30.421363392377884,5.246913580246914,37.02361782071927,6.662640901771336,0.10064412238325282,1.4895330112721417,1.1137949543746646,10.433440687063875,0.08051529790660225,0.07380568974771873,0.03354804079441761,,,,
40,6.756575415995706,29.1935050993022,4.911433172302737,36.8894256575416,6.622383252818035,0.10064412238325282,2.536231884057971,1.2681159420289856,11.419753086419753,0.12077294685990338,0.14761137949543746,0.03354804079441761,,,,
41,6.723027375201288,29.17337627482555,4.9718196457326895,36.822329575952764,6.608964036500268,0.10064412238325282,2.5161030595813205,1.328502415458937,11.258722490606548,0.13419216317767044,0.32877079978529256,0.03354804079441761,,,,
42,6.723027375201288,29.159957058507782,4.978529253891573,36.560654857756305,6.575415995705851,0.10735373054213634,2.4825550187869028,1.6170155662909287,11.258722490606548,0.15432098765432098,0.3488996242619431,0.03354804079441761,,,,
43,6.642512077294686,28.824476650563607,5.522007514761138,35.72195383789587,7.461084272678476,0.10735373054213634,2.4355877616747184,1.6774020397208802,11.037305421363392,0.15432098765432098,0.3824476650563607,0.03354804079441761,,,,
44,3.7573805689747717,32.58185721953838,5.414653784219001,36.02388620504563,7.6623725174449815,0.10735373054213634,2.0665593129361244,1.7981749865807837,9.88996242619431,0.13419216317767044,0.5300590445517982,0.03354804079441761,,,,
45,3.7573805689747717,32.50134192163178,5.01207729468599,38.29844337090714,5.629361245303274,0.10735373054213634,2.1068169618894257,2.147074610842727,9.88996242619431,0.12077294685990338,0.39586688137412773,0.03354804079441761,,,,
46,3.7573805689747717,32.427536231884055,5.22007514761138,38.29844337090714,5.595813204508857,0.10735373054213634,2.120236178207193,2.1068169618894257,9.769189479334408,0.18115942028985507,0.3824476650563607,0.03354804079441761,,,,
47,3.69699409554482,31.944444444444443,4.428341384863124,34.796027911969944,11.439881910896403,0.10064412238325282,1.7579173376274826,2.13365539452496,9.158615136876007,0.20799785292538917,0.32877079978529256,0.0067096081588835215,,,,
48,3.3413848631239937,24.651100375738057,4.05931293612453,40.304616210413315,11.11111111111111,0.08051529790660225,1.415727321524423,1.5767579173376274,12.95625335480408,0.19457863660762212,0.30193236714975846,0.0067096081588835215,,,,
49,3.3413848631239937,24.382716049382715,3.9452495974235107,41.10976918947934,10.970209339774557,0.08051529790660225,3.3145464304884595,1.402308105206656,11.030595813204508,0.2214170692431562,0.19457863660762212,0.0067096081588835215,,,,
50,3.1736446591519054,23.62453032742888,3.569511540526033,40.29119699409554,11.855877616747183,0.10735373054213634,4.40150295222759,1.5096618357487923,10.983628556092324,0.24825550187869028,0.23483628556092323,,,,,
51,3.166935050993022,23.275630703166936,3.7640901771336552,37.56038647342995,11.802200751476114,0.10735373054213634,4.38137412775094,1.4090177133655395,13.935856146001074,0.24825550187869028,0.3488996242619431,,,,,
52,3.166935050993022,22.899892646269457,4.200214707461084,37.27187332259796,11.788781535158346,0.13419216317767044,4.30756843800322,1.8384326355340848,13.761406333870102,0.24825550187869028,0.3824476650563607,,,,,
53,3.166935050993022,22.899892646269457,4.200214707461084,37.21819645732689,11.75523349436393,0.13419216317767044,4.30756843800322,1.8719806763285025,13.654052603327965,0.30193236714975846,0.48980139559849706,,,,,
54,2.3081052066559313,20.263016639828233,3.4688674181427803,43.42458400429415,9.406870638754697,0.10064412238325282,4.8443370907139025,1.5901771336553945,13.94927536231884,0.23483628556092323,0.4092860976918948,,,,,
55,2.3081052066559313,20.142243692968332,3.569511540526033,42.69994632313473,9.406870638754697,0.11406333870101985,4.851046698872786,2.328234031132582,13.922436929683306,0.23483628556092323,0.4227053140096618,,,,,
56,2.3081052066559313,19.95437466451959,3.6500268384326353,42.60601180891036,9.380032206119163,0.11406333870101985,4.87788513150832,2.5161030595813205,13.92914653784219,0.23483628556092323,0.4294149221685454,,,,,
57,2.2410091250670963,19.75979602791197,3.8378958668813743,41.53918411164788,9.353193773483628,0.11406333870101985,5.9447128287707995,2.5831991411701556,13.741277509393452,0.28180354267310787,0.5971551261406334,,0.0067096081588835215,,,
58,2.2410091250670963,18.686258722490606,4.274020397208803,39.14385399892646,12.338969404186795,0.11406333870101985,5.884326355340848,2.7106816961889426,13.6808910359635,0.2885131508319914,0.630703166935051,,0.0067096081588835215,,,
59,2.2410091250670963,18.625872249060656,4.361245303274289,38.90230810520666,12.305421363392378,0.14090177133655393,5.877616747181965,2.9388083735909825,13.6808910359635,0.2885131508319914,0.630703166935051,,0.0067096081588835215,,,
60,2.2410091250670963,18.572195383789587,4.40150295222759,38.79495437466452,12.31213097155126,0.14090177133655393,5.870907139023081,3.0595813204508855,13.493022007514762,0.2952227589908749,0.8118625872249061,,0.0067096081588835215,,,
61,2.2410091250670963,18.51851851851852,4.435050993022007,38.75469672571122,12.285292538915728,0.2147074610842727,5.8172302737520125,3.099838969404187,13.419216317767042,0.3153515834675255,0.8923778851315083,,0.0067096081588835215,,,
62,2.2410091250670963,18.46484165324745,4.488727858293076,38.64734299516908,12.224906065485776,0.2147074610842727,5.8172302737520125,3.2139023081052067,13.41250670960816,0.3757380568974772,0.8923778851315083,,0.0067096081588835215,,,
63,2.2410091250670963,18.431293612453032,4.522275899087493,38.399087493290395,12.224906065485776,0.2147074610842727,5.810520665593129,3.4688674181427803,13.41250670960816,0.3757380568974772,0.8923778851315083,,0.0067096081588835215,,,
64,2.2410091250670963,18.411164787976382,4.488727858293076,38.29173376274826,12.204777241009126,0.24154589371980675,5.844068706387547,3.5762211486849167,13.358829844337091,0.3757380568974772,0.95276435856146,,0.013419216317767043,,,
65,2.2410091250670963,18.243424584004295,4.5893719806763285,36.48684916800859,12.110842726784755,0.24825550187869028,5.756843800322061,3.488996242619431,15.271068169618895,0.4227053140096618,1.1272141706924315,,0.013419216317767043,,,
66,1.6304347826086956,17.921363392377884,4.616210413311863,36.030595813204506,11.533816425120772,0.19457863660762212,5.756843800322061,3.535963499731616,17.183306494900698,0.4227053140096618,1.1540526033279657,0.0067096081588835215,0.013419216317767043,,,
67,1.570048309178744,17.98174986580784,4.64975845410628,35.95679012345679,11.500268384326356,0.2281266774020397,5.756843800322061,3.5628019323671496,17.156468062265162,0.4227053140096618,1.1943102522812667,0.0067096081588835215,0.013419216317767043,,,
68,1.570048309178744,17.914653784219002,4.703435319377348,35.809178743961354,11.500268384326356,0.24825550187869028,5.736714975845411,3.670155662909286,17.11621041331186,0.39586688137412773,1.3150831991411702,0.0067096081588835215,0.013419216317767043,,,
69,1.5499194847020934,16.941760601180892,4.542404723564144,41.727053140096615,10.762211486849168,0.24825550187869028,4.99194847020934,3.475577026301664,14.143853998926463,0.39586688137412773,1.2010198604401503,0.0067096081588835215,0.013419216317767043,,,
70,1.5499194847020934,16.431830381105744,5.260332796564681,40.88835212023618,11.520397208803006,0.24825550187869028,4.958400429414922,3.549382716049383,13.935856146001074,0.39586688137412773,1.2278582930756843,0.0067096081588835215,0.026838432635534086,,,
71,1.5499194847020934,16.398282340311326,5.307300053676865,40.78099838969404,11.446591519055287,0.23483628556092323,4.958400429414922,3.6366076221148687,13.902308105206655,0.46967257112184646,1.2815351583467525,0.0067096081588835215,0.026838432635534086,,,
72,1.5499194847020934,16.35131508319914,5.367686527106817,40.4320987654321,11.43317230273752,0.23483628556092323,4.958400429414922,4.455179817498658,13.45276435856146,0.4830917874396135,1.247987117552335,0.0067096081588835215,0.026838432635534086,,,
73,1.5499194847020934,16.15673644659152,5.562265163714439,40.22410091250671,11.446591519055287,0.23483628556092323,4.9718196457326895,4.62962962962963,13.446054750402576,0.5099302200751477,1.2144390767579174,0.020128824476650563,0.03354804079441761,,,
74,1.5499194847020934,16.1231884057971,5.5689747718733225,40.143585614600106,11.446591519055287,0.23483628556092323,5.025496511003757,4.703435319377348,13.399087493290391,0.5099302200751477,1.2412775093934514,0.020128824476650563,0.03354804079441761,,,
75,1.5297906602254427,14.486044015029522,5.595813204508857,40.05636070853462,13.177670424047236,0.2281266774020397,5.166398282340311,4.643048845947397,13.18438003220612,0.5032206119162641,1.3754696725711217,0.020128824476650563,0.03354804079441761,,,
76,1.5297906602254427,14.304884594739667,5.562265163714439,39.69404186795491,13.278314546430488,0.2281266774020397,5.22007514761138,4.736983360171766,13.6406333870102,0.5434782608695652,1.2077294685990339,0.020128824476650563,0.03354804079441761,,,
77,1.5297906602254427,14.257917337627482,5.5756843800322065,39.53972088030059,13.217928073000536,0.2281266774020397,5.22007514761138,4.87788513150832,13.647342995169081,0.5904455179817498,1.2345679012345678,0.04696725711218465,0.03354804079441761,,,
78,1.5297906602254427,14.224369296833064,5.60252281266774,39.50617283950617,13.211218464841654,0.24154589371980675,5.2066559312936125,5.045625335480408,13.526570048309178,0.6239935587761675,1.2010198604401503,0.04696725711218465,0.03354804079441761,,,
79,1.5029522275899088,12.580515297906603,5.24020397208803,39.150563607085346,12.754965110037574,0.28180354267310787,5.166398282340311,5.0993022007514766,16.21712292002147,0.6105743424584005,1.3150831991411702,0.04696725711218465,0.03354804079441761,,,
80,1.4694041867954912,10.104669887278583,4.736983360171766,38.39237788513151,12.144390767579173,0.24825550187869028,4.461889425657541,5.005367686527107,21.450617283950617,0.6508319914117016,1.2546967257112185,0.04696725711218465,0.03354804079441761,,,
81,1.4694041867954912,10.104669887278583,4.7638217928073,38.33870101986044,12.130971551261407,0.24825550187869028,4.455179817498658,5.032206119162641,21.43719806763285,0.6642512077294686,1.2681159420289856,0.04696725711218465,0.040257648953301126,,,
82,1.4559849704777241,10.064412238325282,4.790660225442834,38.30515297906602,13.922436929683306,0.24825550187869028,4.461889425657541,5.059044551798175,19.632313472893184,0.6642512077294686,1.3016639828234031,0.04696725711218465,0.04696725711218465,,,
83,0.7246376811594203,7.514761137949543,5.542136339237788,34.49409554482018,13.20450885668277,0.24825550187869028,3.8915727321524423,4.7168545356951155,27.75764895330113,0.6776704240472357,1.1406333870101986,0.04696725711218465,0.040257648953301126,,,
84,0.7179280730005367,22.23564143853999,4.944981213097155,30.293880837359097,8.460815888352121,0.16774020397208803,2.328234031132582,3.730542136339238,25.6105743424584,0.35560923242082665,1.0534084809447128,0.04696725711218465,0.05367686527106817,,,
85,0.7179280730005367,22.23564143853999,5.038915727321524,32.709339774557165,7.467793880837359,0.16774020397208803,2.328234031132582,3.7640901771336552,23.906333870101985,0.36902844873859364,1.1741814278046163,0.04696725711218465,0.07380568974771873,,,
86,0.7179280730005367,21.16881374127751,6.447933440687064,32.46108427267848,7.300053676865271,0.16774020397208803,2.341653247450349,3.864734299516908,23.778851315083198,0.39586688137412773,1.2345679012345678,0.04696725711218465,0.07380568974771873,,,
87,0.7179280730005367,21.081588835212024,6.521739130434782,32.43424584004294,7.273215244229737,0.16774020397208803,2.3550724637681157,3.8714439076757916,23.785560923242084,0.4294149221685454,1.2412775093934514,0.04696725711218465,0.07380568974771873,,,
88,0.7179280730005367,21.081588835212024,6.568706387546968,32.387278582930755,7.273215244229737,0.16774020397208803,2.3886205045625335,3.9318303811057436,23.678207192699947,0.4092860976918948,1.2748255501878691,0.04696725711218465,0.07380568974771873,,,
89,0.7179280730005367,18.552066559312937,6.595544820182502,35.487117552334944,7.226247987117552,0.16774020397208803,3.6500268384326353,3.616478797638218,22.363123993558776,0.30193236714975846,1.2010198604401503,0.04696725711218465,0.07380568974771873,,,
90,0.7045088566827697,18.183038110574344,5.797101449275362,43.37090713902308,7.25979602791197,0.16774020397208803,3.2675791733762747,3.2004830917874396,16.74718196457327,0.2952227589908749,0.9326355340848095,0.013419216317767043,0.06038647342995169,,,
91,0.7045088566827697,18.169618894256576,5.790391841116479,43.31052066559313,7.253086419753086,0.16774020397208803,3.260869565217391,3.2541599570585076,16.6532474503489,0.2952227589908749,1.0332796564680622,0.013419216317767043,0.0939345142243693,,,
92,0.7045088566827697,17.297369833601717,5.723295759527644,35.909822866344605,7.118894256575416,0.16774020397208803,3.2474503488996245,3.240740740740741,25.13419216317767,0.2683843263553409,1.0802469135802468,0.013419216317767043,0.0939345142243693,,,
93,0.7045088566827697,17.156468062265162,5.8239398819108965,35.90311325818572,7.118894256575416,0.18115942028985507,3.2474503488996245,3.2675791733762747,25.07380568974772,0.27509393451422437,1.107085346215781,0.013419216317767043,0.1274825550187869,,,
94,0.7045088566827697,17.028985507246375,4.7638217928073,38.22463768115942,7.098765432098766,0.18115942028985507,3.2206119162640903,2.932098765432099,24.376006441223833,0.2952227589908749,1.0265700483091786,0.013419216317767043,0.13419216317767044,,,
95,0.7045088566827697,16.982018250134193,4.810789049919484,38.1105743424584,7.098765432098766,0.24154589371980675,3.180354267310789,3.046162104133119,24.349168008588297,0.2952227589908749,1.0332796564680622,0.013419216317767043,0.13419216317767044,,,
96,0.7045088566827697,16.901502952227588,4.851046698872786,37.9092860976919,7.098765432098766,0.24154589371980675,4.851046698872786,3.240740740740741,22.6784755770263,0.2952227589908749,1.0802469135802468,0.013419216317767043,0.13419216317767044,,,
97,0.7045088566827697,16.814278046162105,4.918142780461621,37.567096081588836,7.004830917874396,0.24154589371980675,4.851046698872786,3.3816425120772946,22.987117552334944,0.2952227589908749,1.0869565217391304,0.013419216317767043,0.13419216317767044,,,
98,0.7045088566827697,16.774020397208805,4.87788513150832,37.446323134728935,6.984702093397746,0.2616747181964573,4.918142780461621,3.515834675254965,22.987117552334944,0.2952227589908749,1.0869565217391304,0.013419216317767043,0.13419216317767044,,,
99,0.7045088566827697,16.774020397208805,4.864465915190553,37.25845410628019,6.984702093397746,0.2616747181964573,4.87788513150832,3.7037037037037037,22.819377348362856,0.2952227589908749,1.288244766505636,0.013419216317767043,0.15432098765432098,,,
100,0.7045088566827697,16.71363392377885,4.911433172302737,37.25174449812131,7.024959742351046,0.2616747181964573,4.891304347826087,3.670155662909286,22.785829307568438,0.2952227589908749,1.3217928073000538,0.013419216317767043,0.15432098765432098,,,
101,0.7045088566827697,16.532474503488995,5.092592592592593,37.1309715512614,7.051798174986581,0.2616747181964573,4.891304347826087,3.7573805689747717,22.75228126677402,0.30193236714975846,1.3553408480944713,0.013419216317767043,0.15432098765432098,,,
102,0.6776704240472357,16.53918411164788,5.032206119162641,40.05636070853462,5.703166935050993,0.2616747181964573,4.918142780461621,3.7372517444981215,21.202361782071925,0.28180354267310787,1.4090177133655395,0.026838432635534086,0.15432098765432098,,,
103,0.6776704240472357,7.132313472893183,4.032474503488996,38.09044551798175,19.108964036500268,0.1878690284487386,4.019055287171229,3.8043478260869565,21.108427267847556,0.30193236714975846,1.3888888888888888,0.026838432635534086,0.12077294685990338,,,
104,0.6776704240472357,6.857219538378959,4.005636070853462,36.943102522812666,19.068706387546968,0.1878690284487386,4.019055287171229,3.717122920021471,22.65163714439077,0.28180354267310787,1.415727321524423,0.05367686527106817,0.12077294685990338,,,
105,0.6776704240472357,6.642512077294686,3.8378958668813743,38.1508319914117,18.357487922705314,0.18115942028985507,3.8714439076757916,3.2541599570585076,23.10789049919485,0.3421900161030596,1.42914653784219,0.013419216317767043,0.12077294685990338,0.013419216317767043,,
106,0.5434782608695652,6.5485775630703165,3.7640901771336552,40.62667740203972,18.276972624798713,0.19457863660762212,3.569511540526033,3.33467525496511,21.081588835212024,0.3824476650563607,1.5096618357487923,0.013419216317767043,0.14090177133655393,0.013419216317767043,,
107,0.5434782608695652,5.884326355340848,3.9049919484702094,50.0805152979066,15.579710144927537,0.10064412238325282,3.240740740740741,2.8247450348899625,15.74074074074074,0.47638217928073,1.5230810520665594,0.013419216317767043,0.07380568974771873,0.013419216317767043,,
108,0.5434782608695652,5.877616747181965,3.9586688137412773,50.013419216317764,15.519323671497585,0.1274825550187869,3.2139023081052067,2.918679549114332,15.666935050993022,0.5367686527106817,1.5230810520665594,0.013419216317767043,0.07380568974771873,0.013419216317767043,,
109,0.23483628556092323,3.421900161030596,3.784219001610306,55.36768652710682,14.15727321524423,0.1274825550187869,2.9052603327965647,2.945517981749866,14.9020397208803,0.5233494363929146,1.5163714439076759,0.026838432635534086,0.07380568974771873,0.013419216317767043,,
110,0.23483628556092323,3.3279656468062266,3.6768652710681695,57.340311325818575,14.016371443907676,0.1274825550187869,2.871712292002147,2.8784219001610305,13.654052603327965,0.5032206119162641,1.2546967257112185,0.026838432635534086,0.07380568974771873,0.013419216317767043,,
111,0.23483628556092323,3.321256038647343,3.6768652710681695,57.27992485238862,13.875469672571121,0.1274825550187869,2.871712292002147,3.0730005367686526,13.439345142243694,0.5501878690284487,1.4358561460010735,0.026838432635534086,0.07380568974771873,0.013419216317767043,,
112,0.23483628556092323,3.321256038647343,3.294417606011809,58.762748255501876,13.707729468599034,0.10064412238325282,2.462426194310252,2.4825550187869028,13.365539452495975,0.5636070853462157,1.6371443907675791,0.013419216317767043,0.040257648953301126,0.013419216317767043,,
113,0.23483628556092323,3.321256038647343,3.33467525496511,58.51449275362319,13.6808910359635,0.10064412238325282,2.4557165861513686,2.999194847020934,13.083735909822867,0.5904455179817498,1.6103059581320451,0.013419216317767043,0.04696725711218465,0.013419216317767043,,
114,0.23483628556092323,3.321256038647343,3.4688674181427803,58.360171765968865,13.573537305421363,0.10735373054213634,2.4490069779924855,3.1065485775630703,13.070316693505099,0.6239935587761675,1.6103059581320451,0.013419216317767043,0.04696725711218465,0.013419216317767043,,
115,0.2281266774020397,3.3011272141706924,3.515834675254965,58.25952764358561,13.560118089103597,0.10735373054213634,2.49597423510467,3.126677402039721,13.030059044551798,0.6776704240472357,1.6371443907675791,0.013419216317767043,0.04696725711218465,,,
116,0.2281266774020397,3.2877079978529253,3.643317230273752,56.87063875469673,13.526570048309178,0.1274825550187869,3.227321524422974,3.8177670424047236,12.869028448738593,0.7112184648416533,1.6304347826086956,0.013419216317767043,0.04696725711218465,,,
117,0.2281266774020397,3.2877079978529253,3.629898013955985,51.99946323134729,13.519860440150294,0.1274825550187869,2.791196994095545,3.8848631239935587,18.06226516371444,0.7112184648416533,1.6975308641975309,0.013419216317767043,0.04696725711218465,,,
118,0.2281266774020397,3.2877079978529253,3.6366076221148687,51.84514224369297,13.580246913580247,0.10064412238325282,2.7979066022544283,4.012345679012346,18.00858829844337,0.6776704240472357,1.7646269457863661,0.013419216317767043,0.04696725711218465,,,
119,0.2281266774020397,3.2675791733762747,3.643317230273752,52.34836285560923,13.976113794954374,0.10064412238325282,2.7979066022544283,3.3548040794417604,17.726784755770264,0.6977992485238862,1.7981749865807837,0.013419216317767043,0.04696725711218465,,,
120,0.2281266774020397,3.2675791733762747,3.6500268384326353,52.241009125067094,13.94927536231884,0.11406333870101985,2.804616210413312,3.408480944712829,17.726784755770264,0.7246376811594203,1.7914653784219001,0.04696725711218465,0.04696725711218465,,,
121,0.2214170692431562,2.2410091250670963,3.4621578099838968,57.06521739130435,12.701288244766506,0.10064412238325282,2.576489533011272,3.207192699946323,16.163446054750402,0.5166398282340311,1.6505636070853462,0.04696725711218465,0.04696725711218465,,,
122,0.2147074610842727,2.2410091250670963,3.5628019323671496,56.78341384863124,12.68786902844874,0.10735373054213634,2.5563607085346214,3.408480944712829,16.14331723027375,0.5300590445517982,1.6841116478797638,0.03354804079441761,0.04696725711218465,,,
123,0.2147074610842727,2.2410091250670963,3.5829307568438002,56.5552871712292,12.68786902844874,0.10735373054213634,2.536231884057971,3.5225442834138487,16.056092324208265,0.5636070853462157,1.8518518518518519,0.03354804079441761,0.04696725711218465,,,
124,0.2147074610842727,2.2410091250670963,3.750670960815888,56.31374127750939,12.68786902844874,0.10735373054213634,2.5429414922168547,3.6097691894793345,16.0426731078905,0.5636070853462157,1.8451422436929683,0.03354804079441761,0.04696725711218465,,,
125,0.2147074610842727,2.2410091250670963,3.750670960815888,56.17283950617284,12.5402576489533,0.10735373054213634,2.5429414922168547,3.8378958668813743,15.92860976918948,0.7246376811594203,1.8585614600107354,0.03354804079441761,0.04696725711218465,,,
126,0.2147074610842727,2.2410091250670963,3.750670960815888,56.085614600107355,12.493290391841116,0.10735373054213634,2.563070316693505,3.92512077294686,15.901771336553946,0.7581857219538379,1.8786902844873858,0.03354804079441761,0.04696725711218465,,,
127,0.2147074610842727,2.2410091250670963,3.8311862587224907,55.89103596349973,12.493290391841116,0.10735373054213634,2.563070316693505,4.019055287171229,15.874932903918411,0.7581857219538379,1.90552871712292,0.05367686527106817,0.04696725711218465,,,
128,0.2147074610842727,2.2410091250670963,3.9049919484702094,55.75684380032206,12.466451959205582,0.10735373054213634,2.563070316693505,4.079441760601181,15.83467525496511,0.785024154589372,1.9457863660762211,0.05367686527106817,0.04696725711218465,,,
129,0.14761137949543746,2.1604938271604937,3.9049919484702094,54.77724100912507,12.412775093934513,0.10735373054213634,3.8043478260869565,4.159957058507783,15.68035426731079,0.8118625872249061,1.9189479334406871,0.06709608158883522,0.04696725711218465,,,
130,0.14761137949543746,2.1604938271604937,3.9720880300590444,54.6027911969941,12.412775093934513,0.10735373054213634,3.8043478260869565,4.30756843800322,15.626677402039721,0.8118625872249061,1.932367149758454,0.06709608158883522,0.04696725711218465,,,
131,0.14761137949543746,2.1604938271604937,4.005636070853462,54.36124530327429,12.412775093934513,0.10735373054213634,3.824476650563607,4.522275899087493,15.613258185721953,0.7648953301127214,1.9457863660762211,0.06709608158883522,0.06709608158883522,,,
132,0.14761137949543746,2.1604938271604937,4.079441760601181,53.79092860976919,12.399355877616747,0.10735373054213634,5.193236714975845,4.441760601180891,14.828234031132581,0.7783145464304885,1.9524959742351047,0.04696725711218465,0.07380568974771873,,,
133,0.14761137949543746,2.0665593129361244,4.74369296833065,53.247450348899626,12.23161567364466,0.10735373054213634,5.199946323134729,4.575952764358561,14.801395598497047,0.7783145464304885,1.9793344068706387,0.04696725711218465,0.07380568974771873,,,
134,0.14761137949543746,1.0265700483091786,4.736983360171766,63.62721417069243,8.07836822329576,0.10735373054213634,4.8376274825550185,4.49543746645196,10.701825013419215,0.5636070853462157,1.5767579173376274,0.03354804079441761,0.06709608158883522,,,
135,0.14761137949543746,0.7045088566827697,5.314009661835748,63.506441223832525,8.085077831454644,0.12077294685990338,4.8376274825550185,4.569243156199678,10.466988727858293,0.5636070853462157,1.583467525496511,0.03354804079441761,0.06709608158883522,,,
136,0.14761137949543746,0.7045088566827697,5.340848094471283,63.33870101986044,8.11862587224906,0.12077294685990338,4.804079441760601,4.656468062265164,10.453569511540525,0.5636070853462157,1.6237251744498122,0.03354804079441761,0.0939345142243693,,,
137,0.14090177133655393,0.4092860976918948,4.723564143853999,64.67391304347827,9.373322597960279,0.0939345142243693,4.206924315619967,4.74369296833065,9.41358024691358,0.5568974771873323,1.5365002683843263,0.03354804079441761,0.0939345142243693,,,
138,0.14090177133655393,0.4092860976918948,4.757112184648417,63.57353730542136,10.453569511540525,0.12077294685990338,4.180085882984434,4.736983360171766,9.353193773483628,0.5501878690284487,1.596886741814278,0.03354804079441761,0.0939345142243693,,,
139,0.14090177133655393,0.4025764895330113,4.575952764358561,62.1309715512614,11.90955448201825,0.14090177133655393,4.186795491143317,4.904723564143854,9.353193773483628,0.5501878690284487,1.596886741814278,0.013419216317767043,0.0939345142243693,,,
140,0.14090177133655393,0.4025764895330113,4.830917874396135,61.761943102522814,11.896135265700483,0.14090177133655393,4.146537842190016,4.985238862050457,9.272678475577026,0.5434782608695652,1.7713365539452497,0.013419216317767043,0.0939345142243693,,,
141,0.14090177133655393,0.3824476650563607,4.830917874396135,59.97047772410091,11.889425657541599,0.14090177133655393,4.730273752012883,6.206387546967257,9.23913043478261,0.5568974771873323,1.8048845947396672,0.013419216317767043,0.0939345142243693,,,
142,0.14090177133655393,0.36902844873859364,4.898013955984971,65.80783682232958,11.862587224906065,0.10735373054213634,3.240740740740741,6.025228126677402,5.213365539452496,0.5501878690284487,1.6639828234031133,0.026838432635534086,0.0939345142243693,,,
143,0.14090177133655393,0.36902844873859364,4.884594739667204,65.44551798174986,11.83574879227053,0.10735373054213634,3.2541599570585076,6.367418142780462,5.2066559312936125,0.5770263016639828,1.6639828234031133,0.040257648953301126,0.10735373054213634,,,
144,0.14090177133655393,0.36902844873859364,4.87788513150832,65.27777777777777,11.83574879227053,0.12077294685990338,3.2340311325818574,6.481481481481482,5.199946323134729,0.6038647342995169,1.710950080515298,0.040257648953301126,0.10735373054213634,,,
145,0.14090177133655393,0.36902844873859364,4.8376274825550185,64.97584541062803,11.79549114331723,0.12077294685990338,3.2675791733762747,6.776704240472356,5.199946323134729,0.6575415995705851,1.710950080515298,0.040257648953301126,0.10735373054213634,,,
146,0.14090177133655393,0.36902844873859364,4.361245303274289,64.42565754159958,12.721417069243156,0.10735373054213634,3.280998389694042,7.058507783145465,4.998658078368224,0.6575415995705851,1.7847557702630166,0.040257648953301126,0.05367686527106817,,,
147,0.14090177133655393,0.36902844873859364,4.435050993022007,64.27133655394525,12.68786902844874,0.10735373054213634,3.321256038647343,7.132313472893183,4.99194847020934,0.6910896403650026,1.7579173376274826,0.040257648953301126,0.05367686527106817,,,
148,0.14090177133655393,0.36902844873859364,5.783682232957595,62.78180354267311,12.68786902844874,0.10735373054213634,3.3145464304884595,7.27992485238862,4.99194847020934,0.6910896403650026,1.7579173376274826,0.040257648953301126,0.05367686527106817,,,
149,0.14090177133655393,0.36902844873859364,5.891035963499732,62.39935587761675,12.72812667740204,0.12077294685990338,3.3413848631239937,7.481213097155126,4.985238862050457,0.6910896403650026,1.737788513150832,0.05367686527106817,0.06038647342995169,,,
150,0.14090177133655393,0.36902844873859364,6.635802469135802,59.35990338164251,12.734836285560924,0.10735373054213634,3.549382716049383,7.333601717659689,7.219538378958669,0.6776704240472357,1.751207729468599,0.06038647342995169,0.06038647342995169,,,
151,0.14090177133655393,0.36902844873859364,7.7831454643048845,57.038378958668815,11.41304347826087,0.10735373054213634,3.535963499731616,7.340311325818572,9.73564143853999,0.7112184648416533,1.7042404723564144,0.06038647342995169,0.06038647342995169,,,
152,0.14090177133655393,0.36902844873859364,7.816693505099302,57.709339774557165,11.332528180354267,0.10064412238325282,3.099838969404187,7.232957595276436,9.621578099838969,0.7917337627482555,1.6774020397208802,0.07380568974771873,0.03354804079441761,,,
153,0.14090177133655393,0.35560923242082665,8.581588835212024,56.91089640365003,11.332528180354267,0.10064412238325282,3.140096618357488,7.239667203435319,9.588030059044552,0.7917337627482555,1.710950080515298,0.07380568974771873,0.03354804079441761,,,
154,0.14090177133655393,0.35560923242082665,8.541331186258722,56.736446591519055,11.345947396672035,0.10064412238325282,3.140096618357488,7.380568974771873,9.554482018250134,0.7917337627482555,1.8048845947396672,0.07380568974771873,0.03354804079441761,,,
155,0.14090177133655393,0.35560923242082665,8.588298443370908,56.62238325281803,11.3191089640365,0.10064412238325282,3.140096618357488,7.434245840042942,9.534353193773484,0.8185721953837896,1.8384326355340848,0.07380568974771873,0.03354804079441761,,,
156,0.14090177133655393,0.3488996242619431,8.628556092324208,56.515029522275896,11.332528180354267,0.10064412238325282,3.126677402039721,7.521470746108427,9.500805152979066,0.8319914117015567,1.8451422436929683,0.07380568974771873,0.03354804079441761,,,
157,0.14090177133655393,0.3488996242619431,8.57487922705314,56.394256575415994,11.372785829307569,0.10735373054213634,3.1535158346752548,7.62211486849168,9.473966720343531,0.8319914117015567,1.8451422436929683,0.10064412238325282,0.03354804079441761,,,
158,0.14090177133655393,0.3488996242619431,8.568169618894256,56.17283950617284,11.332528180354267,0.10735373054213634,3.140096618357488,7.843531937734836,9.473966720343531,0.8923778851315083,1.8451422436929683,0.10064412238325282,0.03354804079441761,,,
159,0.14090177133655393,0.3488996242619431,8.36688137412775,53.173644659151904,10.513955984970478,0.10735373054213634,2.536231884057971,7.716049382716049,14.264626945786366,0.9125067096081588,1.7847557702630166,0.10064412238325282,0.03354804079441761,,,
160,0.14090177133655393,0.3488996242619431,8.373590982286634,53.05958132045089,10.466988727858293,0.14090177133655393,2.563070316693505,7.7898550724637685,14.15727321524423,0.9326355340848095,1.892109500805153,0.10064412238325282,0.03354804079441761,,,
161,0.14090177133655393,0.3488996242619431,8.447396672034353,52.9723564143854,10.238862050456254,0.14761137949543746,2.49597423510467,7.803274288781535,14.626945786366075,0.8722490606548577,1.7713365539452497,0.10064412238325282,0.03354804079441761,,,
162,0.14090177133655393,0.3488996242619431,8.413848631239935,52.844873859366615,10.21202361782072,0.14761137949543746,2.49597423510467,7.9106280193236715,14.553140096618357,0.95276435856146,1.8451422436929683,0.10064412238325282,0.03354804079441761,,,
163,0.14090177133655393,0.3488996242619431,8.400429414922169,52.69726247987118,10.21202361782072,0.17444981213097155,2.49597423510467,8.017981749865807,14.53972088030059,0.95276435856146,1.8585614600107354,0.11406333870101985,0.04696725711218465,,,
164,0.14090177133655393,0.3488996242619431,5.280461621041331,51.47611379495437,9.420289855072463,0.14761137949543746,2.167203435319377,7.206119162640902,20.819914117015568,0.9728931830381106,1.9189479334406871,0.06038647342995169,0.040257648953301126,,,
165,0.1274825550187869,0.3488996242619431,5.293880837359098,51.0601180891036,10.742082662372518,0.13419216317767044,2.200751476113795,7.286634460547504,19.706119162640903,0.9728931830381106,2.01959205582394,0.06038647342995169,0.04696725711218465,,,
166,0.1274825550187869,0.3421900161030596,5.186527106816962,50.0,11.788781535158346,0.13419216317767044,2.200751476113795,7.313472893183038,19.639023081052066,0.9796027911969941,2.0665593129361244,0.06038647342995169,0.1610305958132045,,,
167,0.1274825550187869,0.32877079978529256,5.119431025228127,49.5504562533548,12.285292538915728,0.13419216317767044,2.187332259796028,7.360440150295223,19.558507783145465,0.9997316156736447,2.120236178207193,0.06038647342995169,0.16774020397208803,,,
