,45,50,51,52,54,53,55,56,58,57,59
0,98.41653247450348,1.583467525496511,,,,,,,,,
1,95.77294685990339,4.2270531400966185,,,,,,,,,
2,95.6857219538379,4.314278046162104,,,,,,,,,
3,95.6857219538379,4.314278046162104,,,,,,,,,
4,95.18250134192164,4.817498658078368,,,,,,,,,
5,92.13633923778852,7.863660762211487,,,,,,,,,
6,86.3593666129898,13.6406333870102,,,,,,,,,
7,83.03140096618357,16.968599033816425,,,,,,,,,
8,81.21309715512614,18.78690284487386,,,,,,,,,
9,80.87090713902307,19.129092860976918,,,,,,,,,
10,78.83789586688137,21.162104133118625,,,,,,,,,
11,78.36151368760065,21.638486312399355,,,,,,,,,
12,69.71953837895867,28.173644659151904,2.1068169618894257,,,,,,,,
13,69.7061191626409,28.073000536768653,2.1068169618894257,0.11406333870101985,,,,,,,
14,69.02173913043478,28.75738056897477,2.1068169618894257,0.11406333870101985,,,,,,,
15,68.67283950617283,29.07944176060118,2.059849704777241,0.11406333870101985,0.07380568974771873,,,,,,
16,68.67954911433172,28.931830381105744,2.059849704777241,0.11406333870101985,0.2147074610842727,,,,,,
17,66.78743961352657,30.823939881910896,2.059849704777241,0.11406333870101985,0.2147074610842727,,,,,,
18,66.75389157273216,30.280461621041333,2.059849704777241,0.11406333870101985,0.2147074610842727,0.5770263016639828,,,,,
19,66.44524959742351,29.139828234031132,3.5091250670960816,0.11406333870101985,0.2147074610842727,0.5770263016639828,,,,,
20,60.65485775630703,31.756575415995705,6.6827697262479875,0.11406333870101985,0.2147074610842727,0.5770263016639828,,,,,
21,60.68840579710145,30.66290928609769,6.66935050993022,0.11406333870101985,0.2147074610842727,0.5770263016639828,1.0735373054213635,,,,
22,60.72195383789587,30.64278046162104,6.655931293612453,0.11406333870101985,0.2147074610842727,0.5770263016639828,1.0735373054213635,,,,
23,56.70960815888352,34.655126140633385,6.655931293612453,0.11406333870101985,0.2147074610842727,0.5770263016639828,1.0735373054213635,,,,
24,52.824745034889965,38.539989264626946,6.655931293612453,0.11406333870101985,0.2147074610842727,0.5770263016639828,1.0735373054213635,,,,
25,46.242619431025226,38.1105743424584,13.781535158346752,,0.2147074610842727,0.5770263016639828,1.0735373054213635,,,,
26,45.9272678475577,37.80864197530864,14.284755770263017,,0.2147074610842727,0.5770263016639828,1.1876006441223832,,,,
27,45.91384863123994,37.33225979602791,14.378690284487385,,0.2147074610842727,0.5770263016639828,1.583467525496511,,,,
28,46.03462157809984,37.29200214707461,14.298174986580785,,0.2147074610842727,0.5770263016639828,1.583467525496511,,,,
29,46.02791196994095,37.0907139023081,14.2914653784219,,0.2147074610842727,0.5770263016639828,1.7981749865807837,,,,
30,46.343263553408484,36.902844873859365,14.190821256038648,,0.2147074610842727,0.5770263016639828,1.7713365539452497,,,,
31,44.585346215781,38.66747181964573,14.15727321524423,,0.2147074610842727,0.630703166935051,1.7444981213097155,,,,
32,44.437734836285564,38.66076221148685,14.27133655394525,,0.2147074610842727,0.630703166935051,1.7847557702630166,,,,
33,43.72651637144391,40.05636070853462,13.513150831991412,,0.2147074610842727,0.7045088566827697,1.7847557702630166,,,,
34,42.21685453569511,36.69484702093398,18.45813204508857,,0.2147074610842727,0.630703166935051,1.7847557702630166,,,,
35,39.982555018786904,42.04240472356415,15.418679549114332,,0.14090177133655393,0.630703166935051,1.7847557702630166,,,,
36,39.150563607085346,37.9495437466452,20.94068706387547,,0.14090177133655393,0.2549651100375738,1.5633387010198605,,,,
37,39.27133655394525,37.835480407944175,20.725979602791195,,0.14090177133655393,0.2549651100375738,1.7713365539452497,,,,
38,39.170692431561996,36.25872249060655,22.403381642512077,,0.14090177133655393,0.2549651100375738,1.7713365539452497,,,,
39,38.26489533011272,34.52093397745572,22.25577026301664,2.791196994095545,0.14090177133655393,0.2549651100375738,1.7713365539452497,,,,
40,37.4597423510467,35.27241009125067,22.067901234567902,2.9253891572732154,0.14090177133655393,0.2549651100375738,1.8786902844873858,,,,
41,37.03703703703704,34.333064949006975,21.947128287707997,2.9253891572732154,0.14090177133655393,2.01959205582394,1.596886741814278,,,,
42,36.594202898550726,31.206387546967257,21.014492753623188,7.977724100912507,0.14090177133655393,1.5029522275899088,1.5633387010198605,,,,
43,35.507246376811594,31.146001073537306,20.242887815351583,10.017444981213098,0.14090177133655393,1.3821792807300053,1.5633387010198605,,,,
44,31.696188942565755,32.709339774557165,21.953837895866883,10.57434245840043,0.14090177133655393,1.328502415458937,1.596886741814278,,,,
45,26.02657004830918,40.84138486312399,21.276167471819647,9.950348899624261,0.14090177133655393,1.4090177133655395,0.35560923242082665,,,,
46,26.221148684916802,40.74074074074074,20.994363929146537,9.943639291465379,0.14090177133655393,1.4090177133655395,0.5501878690284487,,,,
47,24.758454106280194,35.86285560923242,29.71014492753623,7.159151905528717,0.14090177133655393,1.9256575415995705,0.4428341384863124,,,,
48,24.892646269457863,35.809178743961354,29.334406870638755,7.092055823939882,0.14090177133655393,1.9256575415995705,0.4428341384863124,0.36231884057971014,,,
49,25.02012882447665,35.74208266237252,29.314278046162105,7.065217391304348,0.14090177133655393,1.9122383252818036,0.4428341384863124,0.36231884057971014,,,
50,21.155394524959743,36.63446054750403,32.2866344605475,6.998121309715513,0.20799785292538917,1.9122383252818036,0.4428341384863124,0.36231884057971014,,,
51,20.98094471282877,36.842458400429415,32.19940955448202,6.910896403650026,0.36231884057971014,1.9122383252818036,0.4428341384863124,0.3488996242619431,,,
52,19.49812130971551,34.01771336553945,36.90955448201825,6.736446591519055,0.36231884057971014,1.6170155662909287,0.5166398282340311,0.3421900161030596,,,
53,19.685990338164252,33.91035963499731,36.72168545356951,6.736446591519055,0.46967257112184646,1.6170155662909287,0.5166398282340311,0.3421900161030596,,,
54,19.6256038647343,32.29334406870639,36.26543209876543,6.729736983360172,2.167203435319377,1.6170155662909287,0.9594739667203436,0.3421900161030596,,,
55,18.552066559312937,31.749865807836823,37.895866881374126,6.716317767042405,2.167203435319377,1.6170155662909287,0.9594739667203436,0.3421900161030596,,,
56,18.753354804079443,31.682769726247987,38.097155126140635,6.575415995705851,2.167203435319377,1.3620504562533549,0.9460547504025765,0.41599570585077833,,,
57,17.371175523349436,33.07836822329576,37.58722490606549,6.541867954911433,2.167203435319377,1.8048845947396672,0.9192163177670424,0.5300590445517982,,,
58,17.478529253891573,32.830112721417066,37.52012882447665,6.293612453032743,2.167203435319377,1.8048845947396672,1.3754696725711217,0.5300590445517982,,,
59,17.45169082125604,30.864197530864196,37.35909822866345,6.293612453032743,2.167203435319377,3.9586688137412773,1.3754696725711217,0.5300590445517982,,,
60,17.49194847020934,30.844068706387546,36.802200751476114,6.266774020397209,2.1604938271604937,4.374664519592056,1.4492753623188406,0.6105743424584005,,,
61,17.66639828234031,30.770263016639827,36.61433172302738,6.206387546967257,2.1604938271604937,4.522275899087493,1.4492753623188406,0.6105743424584005,,,
62,17.85426731078905,30.723295759527645,36.36607622114869,6.206387546967257,2.1604938271604937,4.636339237788513,1.4492753623188406,0.6038647342995169,,,
63,18.06897477187332,30.64278046162104,36.191626409017715,6.1929683306494905,2.1604938271604937,4.569243156199678,1.570048309178744,0.6038647342995169,,,
64,18.270263016639827,30.60252281266774,36.04401502952228,6.179549114331723,2.1604938271604937,4.569243156199678,1.570048309178744,0.6038647342995169,,,
65,18.250134192163177,30.387815351583466,39.392109500805155,3.616478797638218,2.120236178207193,4.213633923778851,1.415727321524423,0.6038647342995169,,,
66,18.290391841116477,30.03220611916264,38.97611379495437,4.200214707461084,2.120236178207193,4.200214707461084,1.4090177133655395,0.7716049382716049,,,
67,18.317230273752013,29.683306494900698,38.66076221148685,4.582662372517445,2.589908749329039,3.9855072463768115,1.4090177133655395,0.7716049382716049,,,
68,18.4044551798175,29.663177670424048,38.26489533011272,4.582662372517445,2.589908749329039,3.9855072463768115,1.4090177133655395,1.1003757380568975,,,
69,16.566022544283413,30.287171229200215,36.808910359635,7.924047235641439,2.046430488459474,3.8915727321524423,1.3754696725711217,1.1003757380568975,,,
70,16.780730005367687,30.24020397208803,36.61433172302738,7.924047235641439,2.046430488459474,3.8915727321524423,1.4224369296833066,1.0802469135802468,,,
71,16.901502952227588,25.53676865271068,40.747450348899626,7.763016639828234,2.2074610842726785,4.341116478797638,1.4224369296833066,1.0802469135802468,,,
72,17.143048845947398,25.523349436392916,40.465646806226516,7.709339774557166,2.3215244229736984,4.334406870638754,1.4224369296833066,1.0802469135802468,,,
73,17.3040794417606,25.34219001610306,40.05636070853462,7.702630166398282,2.7844873859366612,4.334406870638754,1.4224369296833066,1.0534084809447128,,,
74,17.418142780461622,25.241545893719806,39.96913580246913,7.6623725174449815,2.7844873859366612,4.334406870638754,1.5365002683843263,1.0534084809447128,,,
75,16.968599033816425,23.772141706924316,42.19672571121846,7.6623725174449815,2.7844873859366612,4.139828234031133,1.5297906602254427,0.9460547504025765,,,
76,17.062533548040793,23.738593666129898,40.98228663446055,7.62211486849168,2.737520128824477,4.139828234031133,2.885131508319914,0.8319914117015567,,,
77,17.163177670424048,23.691626409017715,40.94873859366613,7.62211486849168,2.589908749329039,4.26731078904992,2.885131508319914,0.8319914117015567,,,
78,17.236983360171767,23.470209339774556,40.915190552871714,7.595276435856146,2.589908749329039,4.253891572732153,3.1065485775630703,0.8319914117015567,,,
79,14.31159420289855,25.026838432635532,45.269726247987116,6.769994632313473,2.2074610842726785,2.8918411164787976,2.690552871712292,0.8319914117015567,,,
80,14.42565754159957,24.718196457326894,44.72624798711755,6.622383252818035,2.2074610842726785,3.2340311325818574,3.2340311325818574,0.8319914117015567,,,
81,13.144122383252817,22.899892646269457,37.67444981213097,13.546698872785829,5.548845947396672,3.1199677938808374,3.2340311325818574,0.8319914117015567,,,
82,13.358829844337091,22.79253891572732,37.58722490606549,13.546698872785829,5.542136339237788,3.1199677938808374,3.2340311325818574,0.8185721953837896,,,
83,13.613794954374665,22.73215244229737,37.453032742887814,13.506441223832528,5.542136339237788,3.099838969404187,3.2340311325818574,0.8185721953837896,,,
84,13.627214170692431,22.289318303811058,37.39935587761675,13.92914653784219,5.542136339237788,3.2541599570585076,3.140096618357488,0.8185721953837896,,,
85,13.962694578636608,22.14170692431562,36.600912506709605,14.479334406870638,5.542136339237788,3.227321524422974,3.227321524422974,0.8185721953837896,,,
86,14.049919484702093,22.020933977455716,36.37278582930757,14.170692431561998,5.689747718733226,3.227321524422974,3.535963499731616,0.9326355340848095,,,
87,14.231078904991948,21.980676328502415,36.34594739667203,14.002952227589908,5.636070853462158,3.227321524422974,3.643317230273752,0.9326355340848095,,,
88,14.378690284487385,21.62506709608159,35.601180891035966,13.875469672571121,5.58239398819109,4.260601180891036,3.629898013955985,1.0466988727858293,,,
89,13.466183574879228,19.296833064949006,44.16935050993022,9.078099838969404,5.58239398819109,3.9855072463768115,3.374932903918411,1.0466988727858293,,,
90,13.533279656468062,19.202898550724637,44.12238325281803,9.078099838969404,5.669618894256575,3.9720880300590444,3.374932903918411,1.0466988727858293,,,
91,13.801663982823403,19.129092860976918,43.98148148148148,9.078099838969404,5.669618894256575,3.824476650563607,3.4957058507783145,1.0198604401502953,,,
92,14.076757917337627,19.0552871712292,43.70638754696726,9.07139023081052,5.656199677938808,3.81105743424584,3.4957058507783145,1.1272141706924315,,,
93,14.512882447665056,19.04186795491143,43.11594202898551,9.057971014492754,5.649490069779925,3.7640901771336552,3.4822866344605474,1.3754696725711217,,,
94,14.667203435319378,19.0150295222759,42.99516908212561,9.05126140633387,5.649490069779925,3.7640901771336552,3.4822866344605474,1.3754696725711217,,,
95,14.74771873322598,19.008319914117017,42.92807300053677,9.044551798174986,5.649490069779925,3.7640901771336552,3.4822866344605474,1.3754696725711217,,,
96,14.714170692431562,18.592324208266238,41.136607622114866,11.500268384326356,5.622651637144391,3.421900161030596,3.3480944712828773,1.6639828234031133,,,
97,12.010198604401502,21.443907675791735,40.975577026301664,11.426462694578637,5.548845947396672,3.3816425120772946,3.4420289855072466,1.6639828234031133,0.10735373054213634,,
98,11.876006441223833,20.90042941492217,42.78717122920021,11.258722490606548,4.582662372517445,3.3816425120772946,3.4420289855072466,1.6639828234031133,0.10735373054213634,,
99,11.480139559849706,20.088566827697264,44.35050993022008,11.124530327428879,4.4820182501341925,3.2474503488996245,3.475577026301664,1.6438539989264627,0.10735373054213634,,
100,11.285560923242082,19.545088566827697,45.370370370370374,11.084272678475577,4.280730005367687,3.0193236714975846,3.6634460547504024,1.6438539989264627,0.10735373054213634,,
101,11.473429951690822,19.545088566827697,45.249597423510465,11.010466988727858,4.253891572732153,3.0193236714975846,3.656736446591519,1.6438539989264627,0.10735373054213634,0.040257648953301126,
102,11.694847020933977,19.49141170155663,45.04159957058508,11.003757380568974,4.253891572732153,3.0059044551798175,3.656736446591519,1.7042404723564144,0.10735373054213634,0.040257648953301126,
103,11.90955448201825,19.43102522812668,44.927536231884055,10.990338164251208,4.294149221685454,2.965646806226516,3.629898013955985,1.7042404723564144,0.10735373054213634,0.040257648953301126,
104,10.413311862587225,27.811325818572197,40.31132581857219,9.118357487922705,4.294149221685454,2.965646806226516,3.5091250670960816,1.42914653784219,0.10735373054213634,0.040257648953301126,
105,10.473698336017177,27.76435856146001,40.29790660225443,9.118357487922705,4.294149221685454,2.965646806226516,3.5091250670960816,1.42914653784219,0.10735373054213634,0.040257648953301126,
106,10.36634460547504,23.64465915190553,44.39076757917338,9.111647879763822,4.294149221685454,2.8918411164787976,3.4957058507783145,1.6572732152442298,0.10735373054213634,0.040257648953301126,
107,10.010735373054214,23.362855609232422,41.95517981749866,13.533279656468062,3.69699409554482,2.8918411164787976,2.6637144390767578,1.737788513150832,0.10735373054213634,0.040257648953301126,
108,9.675254965110037,23.020665593129362,43.162909286097694,14.38539989264627,2.6435856146001075,2.7643585614600106,2.6637144390767578,1.5365002683843263,0.10735373054213634,0.040257648953301126,
109,9.75577026301664,19.45115405260333,43.02871712292002,14.38539989264627,6.320450885668277,2.7509393451422435,2.636876006441224,1.5230810520665594,0.10735373054213634,0.040257648953301126,
110,10.037573805689748,19.410896403650028,42.81400966183575,14.378690284487385,6.3137412775093935,2.7509393451422435,2.623456790123457,1.5230810520665594,0.10735373054213634,0.040257648953301126,
111,10.258990874932904,19.410896403650028,42.64626945786366,14.378690284487385,6.280193236714976,2.7308105206655933,2.623456790123457,1.5230810520665594,0.10735373054213634,0.040257648953301126,
112,10.359634997316157,19.410896403650028,42.31749865807837,14.331723027375201,6.280193236714976,2.7308105206655933,2.623456790123457,1.7981749865807837,0.10735373054213634,0.040257648953301126,
113,8.99087493290392,28.10654857756307,36.78878153515835,13.291733762748256,5.857487922705314,2.4691358024691357,2.314814814814815,2.033011272141707,0.10735373054213634,0.040257648953301126,
114,9.091519055287172,27.992485238862052,37.17122920021471,12.93612453032743,5.877616747181965,2.4691358024691357,2.314814814814815,1.9994632313472893,0.10735373054213634,0.040257648953301126,
115,9.192163177670425,27.938808373590984,37.13768115942029,12.93612453032743,5.864197530864198,2.4691358024691357,2.314814814814815,1.9994632313472893,0.10735373054213634,0.040257648953301126,
116,9.312936124530328,27.851583467525497,37.11084272678475,12.93612453032743,5.864197530864198,2.4691358024691357,2.314814814814815,1.9994632313472893,0.10064412238325282,0.040257648953301126,
117,9.447128287707997,27.83816425120773,37.0101986044015,12.93612453032743,5.864197530864198,2.4490069779924855,2.314814814814815,1.9994632313472893,0.10064412238325282,0.040257648953301126,
118,9.601449275362318,27.717391304347824,36.520397208803004,13.285024154589372,5.884326355340848,2.4490069779924855,2.314814814814815,2.086688137412775,0.10064412238325282,0.040257648953301126,
119,9.71551261406334,27.58990874932904,36.34594739667203,13.271604938271604,5.870907139023081,2.4490069779924855,2.4154589371980677,2.200751476113795,0.10064412238325282,0.040257648953301126,
120,9.802737520128824,27.13365539452496,36.34594739667203,13.217928073000536,5.669618894256575,2.4490069779924855,2.8650026838432634,2.200751476113795,0.27509393451422437,0.040257648953301126,
121,7.313472893183038,39.9020397208803,27.053140096618357,13.841921631776705,5.5756843800322065,2.187332259796028,2.2208803005904456,1.5901771336553945,0.27509393451422437,0.040257648953301126,
122,7.454374664519592,39.27804616210413,26.704240472356414,13.88888888888889,6.380837359098229,2.1604938271604937,2.227589908749329,1.5901771336553945,0.27509393451422437,0.040257648953301126,
123,7.6556629092860975,39.18411164787977,26.54320987654321,13.848631239935587,6.488191089640365,2.1604938271604937,2.227589908749329,1.5767579173376274,0.27509393451422437,0.040257648953301126,
124,7.722758990874933,39.14385399892646,26.308373590982285,13.821792807300053,6.468062265163715,2.5295222758990876,2.13365539452496,1.556629092860977,0.27509393451422437,0.040257648953301126,
125,7.917337627482555,38.98282340311326,26.301663982823403,13.808373590982287,6.454643048845948,2.5295222758990876,2.13365539452496,1.556629092860977,0.27509393451422437,0.040257648953301126,
126,7.98443370907139,38.848631239935585,25.99302200751476,13.768115942028986,6.816961889425658,2.5295222758990876,2.2410091250670963,1.5029522275899088,0.27509393451422437,0.040257648953301126,
127,8.085077831454644,38.687600644122384,25.731347289318304,13.768115942028986,6.763285024154589,2.9589371980676327,2.3550724637681157,1.2345679012345678,0.27509393451422437,0.14090177133655393,
128,8.192431561996779,38.6003757380569,25.711218464841654,13.647342995169081,6.723027375201288,2.9253891572732154,2.4355877616747184,1.2345679012345678,0.27509393451422437,0.2549651100375738,
129,8.28636607622115,38.49302200751476,25.462962962962962,13.627214170692431,6.723027375201288,3.0864197530864197,2.5563607085346214,1.2345679012345678,0.27509393451422437,0.2549651100375738,
130,8.353462157809984,38.47289318303811,25.41599570585078,13.627214170692431,6.723027375201288,3.0864197530864197,2.5563607085346214,1.2345679012345678,0.27509393451422437,0.2549651100375738,
131,8.467525496511003,38.38566827697262,25.41599570585078,13.627214170692431,6.723027375201288,3.0864197530864197,2.5563607085346214,1.2077294685990339,0.27509393451422437,0.2549651100375738,
132,8.548040794417606,38.10386473429951,25.39586688137413,13.573537305421363,6.723027375201288,3.0864197530864197,2.831454643048846,1.2077294685990339,0.27509393451422437,0.2549651100375738,
133,8.715780998389693,38.04347826086956,25.281803542673106,13.539989264626946,6.642512077294686,3.0864197530864197,2.8247450348899625,1.3352120236178207,0.27509393451422437,0.2549651100375738,
134,8.756038647342995,37.86231884057971,25.140901771336555,13.895598497047773,6.582125603864735,3.0864197530864197,2.8113258185721954,1.3352120236178207,0.27509393451422437,0.2549651100375738,
135,8.789586688137414,37.78851315083199,25.127482555018787,13.882179280730005,7.018250134192163,2.791196994095545,2.737520128824477,1.3352120236178207,0.27509393451422437,0.2549651100375738,
136,8.836553945249598,37.76838432635534,25.120772946859905,13.882179280730005,7.018250134192163,2.771068169618894,2.737520128824477,1.3352120236178207,0.27509393451422437,0.2549651100375738,
137,9.037842190016104,37.66774020397209,25.06038647342995,13.882179280730005,7.112184648416532,2.717391304347826,2.657004830917874,1.3352120236178207,0.27509393451422437,0.2549651100375738,
138,8.896940418679549,36.460010735373054,25.033548040794418,15.827965646806227,6.837090713902308,2.717391304347826,2.2342995169082127,1.4626945786366077,0.27509393451422437,0.2549651100375738,
139,9.084809447128288,36.39291465378422,24.966451959205582,15.801127214170693,6.837090713902308,2.717391304347826,2.2074610842726785,1.4626945786366077,0.27509393451422437,0.2549651100375738,
140,9.31964573268921,36.211755233494365,24.838969404186795,15.801127214170693,6.810252281266774,2.717391304347826,2.200751476113795,1.570048309178744,0.27509393451422437,0.2549651100375738,
141,9.39345142243693,34.5276435856146,24.50348899624262,15.780998389694043,6.763285024154589,4.74369296833065,2.187332259796028,1.570048309178744,0.27509393451422437,0.2549651100375738,
142,9.534353193773484,34.43370907139023,24.282071926999464,15.754159957058508,6.763285024154589,4.891304347826087,2.1269457863660763,1.6841116478797638,0.27509393451422437,0.2549651100375738,
143,9.822866344605474,34.33977455716586,24.235104669887278,15.74074074074074,6.736446591519055,4.804079441760601,2.1068169618894257,1.6841116478797638,0.27509393451422437,0.2549651100375738,
144,9.957058507783145,34.333064949006975,23.67149758454106,15.96886741814278,6.736446591519055,5.119431025228127,1.9994632313472893,1.6841116478797638,0.27509393451422437,0.2549651100375738,
145,10.010735373054214,34.23242082662372,23.53059581320451,15.942028985507246,6.890767579173376,4.824208266237251,1.9927536231884058,2.046430488459474,0.27509393451422437,0.2549651100375738,
146,9.829575952764358,34.05797101449275,24.10762211486849,15.881642512077295,6.776704240472356,4.824208266237251,1.9457863660762211,2.046430488459474,0.27509393451422437,0.2549651100375738,
147,9.970477724100913,33.97074610842727,23.866076221148685,15.861513687600644,6.776704240472356,4.824208266237251,1.9994632313472893,2.200751476113795,0.27509393451422437,0.2549651100375738,
148,10.091250670960816,33.43397745571659,23.60440150295223,15.861513687600644,6.6827697262479875,4.797369833601718,2.7979066022544283,2.200751476113795,0.27509393451422437,0.2549651100375738,
149,10.245571658615138,32.910628019323674,22.973698336017176,16.492216854535695,6.6827697262479875,4.797369833601718,3.026033279656468,2.341653247450349,0.27509393451422437,0.2549651100375738,
150,10.218733225979603,31.884057971014492,22.785829307568438,16.492216854535695,7.991143317230274,4.797369833601718,2.871712292002147,2.428878153515835,0.27509393451422437,0.2549651100375738,
151,10.185185185185185,31.46135265700483,20.77294685990338,19.00161030595813,7.971014492753623,4.824208266237251,2.871712292002147,2.38191089640365,0.27509393451422437,0.2549651100375738,
152,9.581320450885668,28.079710144927535,28.918411164787976,16.720343531937736,6.454643048845948,4.87788513150832,2.576489533011272,2.2611379495437465,0.27509393451422437,0.2549651100375738,
153,9.86983360171766,27.84487385936661,28.844605475040257,16.70692431561997,6.421095008051529,4.87788513150832,2.6637144390767578,2.2410091250670963,0.27509393451422437,0.2549651100375738,
154,10.124798711755233,27.750939345142243,28.764090177133657,16.700214707461082,6.421095008051529,4.804079441760601,2.6637144390767578,2.2410091250670963,0.27509393451422437,0.2549651100375738,
155,10.36634460547504,27.717391304347824,28.67686527106817,16.67337627482555,6.353998926462695,4.790660225442834,2.657004830917874,2.2342995169082127,0.27509393451422437,0.2549651100375738,
156,10.695115405260333,27.428878153515836,28.569511540526033,16.61969940955448,6.481481481481482,4.790660225442834,2.6502952227589907,2.2342995169082127,0.27509393451422437,0.2549651100375738,
157,10.836017176596886,27.428878153515836,28.515834675254965,16.5727321524423,6.454643048845948,4.777241009125067,2.6502952227589907,2.2342995169082127,0.27509393451422437,0.2549651100375738,
158,10.970209339774557,27.395330112721417,28.435319377348364,16.566022544283413,6.454643048845948,4.7638217928073,2.6502952227589907,2.2342995169082127,0.27509393451422437,0.2549651100375738,
159,11.211755233494364,27.200751476113794,28.28099838969404,16.512345679012345,6.454643048845948,4.7638217928073,2.8113258185721954,2.2342995169082127,0.27509393451422437,0.2549651100375738,
160,11.29898013955985,27.15378421900161,28.28099838969404,16.512345679012345,6.4412238325281805,4.7638217928073,2.8113258185721954,2.2342995169082127,0.24825550187869028,0.2549651100375738,
161,11.379495437466453,27.120236178207193,27.865002683843265,16.820987654320987,6.239935587761675,4.7638217928073,2.7979066022544283,2.408749329039184,0.3488996242619431,0.2549651100375738,
162,11.574074074074074,27.086688137412775,27.79790660225443,16.78743961352657,6.239935587761675,4.703435319377348,2.7979066022544283,2.408749329039184,0.3488996242619431,0.2549651100375738,
163,11.688137412775093,26.50295222758991,27.72410091250671,16.465378421900162,6.749865807836822,5.132850241545894,2.7241009125067097,2.408749329039184,0.3488996242619431,0.2549651100375738,
164,11.721685453569512,26.50295222758991,27.697262479871174,16.458668813741276,6.749865807836822,5.132850241545894,2.7241009125067097,2.408749329039184,0.3488996242619431,0.2549651100375738,
165,11.889425657541599,26.44927536231884,27.616747181964573,16.431830381105744,6.749865807836822,5.12614063338701,2.7241009125067097,2.408749329039184,0.3488996242619431,0.2549651100375738,
166,11.949812130971551,26.08695652173913,27.556360708534623,16.378153515834676,6.743156199677939,5.12614063338701,3.1602254428341383,2.395330112721417,0.3488996242619431,0.2549651100375738,
167,12.016908212560386,26.073537305421365,27.549651100375737,16.378153515834676,6.709608158883521,5.112721417069243,3.1602254428341383,2.395330112721417,0.3488996242619431,0.2549651100375738,
168,12.204777241009126,25.979602791196996,27.462426194310254,15.942028985507246,6.582125603864735,5.689747718733226,3.140096618357488,2.395330112721417,0.3488996242619431,0.2549651100375738,
169,12.426194310252281,25.845410628019323,27.388620504562535,15.83467525496511,6.5552871712292005,5.844068706387547,3.1065485775630703,2.395330112721417,0.3488996242619431,0.2549651100375738,
170,12.734836285560924,25.697799248523886,27.30139559849705,15.687063875469672,6.5552871712292005,5.844068706387547,3.2004830917874396,2.3752012882447664,0.3488996242619431,0.2549651100375738,
171,12.822061191626409,25.583735909822867,25.147611379495437,15.505904455179817,8.836553945249598,5.864197530864198,3.260869565217391,2.3752012882447664,0.3488996242619431,0.2549651100375738,
172,12.674449812130971,25.51663982823403,24.44310252281267,16.069511540526033,8.82313472893183,5.71658615136876,3.361513687600644,2.791196994095545,0.3488996242619431,0.2549651100375738,
173,12.614063338701019,25.42270531400966,24.10762211486849,16.968599033816425,8.581588835212024,5.683038110574342,3.408480944712829,2.61003757380569,0.3488996242619431,0.2549651100375738,
174,12.607353730542137,25.207997852925388,27.34836285560923,14.908749329039184,8.004562533548041,5.656199677938808,3.3011272141706924,2.5496511003757383,0.1610305958132045,0.2549651100375738,
175,12.801932367149758,25.167740203972087,27.160493827160494,14.848362855609233,7.991143317230274,5.656199677938808,3.3011272141706924,2.657004830917874,0.1610305958132045,0.2549651100375738,
176,12.969672571121846,25.07380568974772,27.079978529253893,14.80810520665593,7.991143317230274,5.736714975845411,3.3011272141706924,2.623456790123457,0.1610305958132045,0.2549651100375738,
177,13.083735909822867,24.953032742887814,27.079978529253893,14.78797638217928,7.991143317230274,5.810520665593129,3.2541599570585076,2.623456790123457,0.1610305958132045,0.2549651100375738,
178,13.157541599570585,24.892646269457863,26.918947933440688,14.781266774020397,7.991143317230274,5.810520665593129,3.321256038647343,2.7509393451422435,0.1610305958132045,0.2147074610842727,
179,12.533548040794418,24.892646269457863,24.12775093934514,19.35721953837896,7.729468599033816,5.421363392377885,3.3413848631239937,2.24771873322598,0.13419216317767044,0.2147074610842727,
180,11.708266237251744,22.249060654857757,28.73725174449812,18.59903381642512,7.595276435856146,5.152979066022544,3.2474503488996245,2.3617820719269993,0.13419216317767044,0.2147074610842727,
181,11.81561996779388,22.134997316156735,28.703703703703702,18.585614600107355,7.588566827697263,5.226784755770263,3.240740740740741,2.3550724637681157,0.13419216317767044,0.2147074610842727,
182,11.929683306494901,22.134997316156735,28.650026838432634,18.552066559312937,7.588566827697263,5.213365539452496,3.227321524422974,2.3550724637681157,0.13419216317767044,0.2147074610842727,
183,12.016908212560386,22.12157809983897,28.5829307568438,18.552066559312937,7.588566827697263,5.2066559312936125,3.227321524422974,2.3550724637681157,0.13419216317767044,0.2147074610842727,
184,12.151100375738057,22.114868491680085,28.515834675254965,18.156199677938808,7.588566827697263,5.542136339237788,3.227321524422974,2.3550724637681157,0.13419216317767044,0.2147074610842727,
185,12.27187332259796,22.054482018250134,28.488996242619432,18.12265163714439,7.588566827697263,5.542136339237788,3.227321524422974,2.3550724637681157,0.13419216317767044,0.2147074610842727,
186,12.453032742887816,21.973966720343533,28.488996242619432,18.02871712292002,7.581857219538379,5.542136339237788,3.227321524422974,2.3550724637681157,0.13419216317767044,0.2147074610842727,
187,12.580515297906603,21.772678475577028,28.488996242619432,18.00858829844337,7.561728395061729,5.542136339237788,3.3413848631239937,2.3550724637681157,0.13419216317767044,0.2147074610842727,
188,12.72812667740204,21.752549651100377,28.046162104133117,17.94820182501342,7.5348899624261945,5.542136339237788,3.3279656468062266,2.771068169618894,0.13419216317767044,0.2147074610842727,
189,12.835480407944177,21.752549651100377,28.046162104133117,17.92807300053677,7.447665056360709,5.542136339237788,3.3279656468062266,2.771068169618894,0.13419216317767044,0.2147074610842727,
190,12.922705314009661,21.557971014492754,27.791196994095547,17.733494363929147,7.447665056360709,5.515297906602254,3.911701556629093,2.771068169618894,0.13419216317767044,0.2147074610842727,
191,13.036768652710682,21.544551798174986,27.435587761674718,17.733494363929147,7.447665056360709,5.501878690284487,4.213633923778851,2.7509393451422435,0.12077294685990338,0.2147074610842727,
192,13.16425120772947,21.524422973698336,27.38191089640365,17.70665593129361,7.434245840042942,5.501878690284487,4.200214707461084,2.7509393451422435,0.12077294685990338,0.2147074610842727,
193,13.278314546430488,21.517713365539453,27.36849168008588,17.54562533548041,7.37385936661299,5.501878690284487,4.200214707461084,2.7509393451422435,0.24825550187869028,0.2147074610842727,
194,13.439345142243694,21.497584541062803,27.3215244229737,17.438271604938272,7.37385936661299,5.501878690284487,4.166666666666667,2.7979066022544283,0.24825550187869028,0.2147074610842727,
195,13.519860440150294,21.4573268921095,27.294685990338163,17.424852388620504,7.37385936661299,5.501878690284487,4.166666666666667,2.7979066022544283,0.24825550187869028,0.2147074610842727,
196,13.405797101449275,21.027911969940956,26.89210950080515,17.143048845947398,7.709339774557166,5.709876543209877,4.086151368760064,3.455448201825013,0.24825550187869028,0.322061191626409,
197,13.22463768115942,20.437466451959207,26.69753086419753,17.062533548040793,7.85024154589372,5.783682232957595,4.931561996779388,3.4420289855072466,0.24825550187869028,0.322061191626409,
198,13.499731615673644,20.40391841116479,26.576757917337627,16.97530864197531,7.85024154589372,5.763553408480945,4.924852388620504,3.4420289855072466,0.24825550187869028,0.3153515834675255,
199,13.513150831991412,19.672571121846484,25.91250670960816,16.881374127750938,7.816693505099302,5.743424584004294,6.427804616210413,3.475577026301664,0.24825550187869028,0.30864197530864196,
200,13.781535158346752,19.659151905528716,25.85212023617821,16.740472356414386,7.816693505099302,5.743424584004294,6.400966183574879,3.44873859366613,0.24825550187869028,0.30864197530864196,
201,14.076757917337627,19.484702093397747,25.77831454643049,16.70692431561997,7.816693505099302,5.676328502415459,6.400966183574879,3.44873859366613,0.24825550187869028,0.30864197530864196,0.05367686527106817
202,14.163982823403114,19.102254428341386,25.764895330112722,16.646537842190018,7.816693505099302,5.656199677938808,6.790123456790123,3.44873859366613,0.24825550187869028,0.30864197530864196,0.05367686527106817
203,14.412238325281804,19.028448738593667,25.758185721953836,16.59286097691895,7.816693505099302,5.656199677938808,6.6760601180891035,3.44873859366613,0.24825550187869028,0.30864197530864196,0.05367686527106817
204,14.61352657004831,19.0150295222759,25.677670424047236,16.492216854535695,7.816693505099302,5.649490069779925,6.6760601180891035,3.44873859366613,0.24825550187869028,0.30864197530864196,0.05367686527106817
205,14.814814814814815,18.9747718733226,25.301932367149757,16.458668813741276,7.695920558239399,5.636070853462158,6.796833064949007,3.7104133118625873,0.24825550187869028,0.30864197530864196,0.05367686527106817
206,15.103327965646805,18.90096618357488,25.201288244766506,16.391572732152444,7.695920558239399,5.609232420826624,6.776704240472356,3.7104133118625873,0.24825550187869028,0.30864197530864196,0.05367686527106817
207,15.250939345142244,18.84728931830381,25.147611379495437,16.391572732152444,7.669082125603865,5.609232420826624,6.763285024154589,3.7104133118625873,0.24825550187869028,0.30864197530864196,0.05367686527106817
208,15.411969940955448,18.800322061191626,25.107353730542137,16.35131508319914,7.64224369296833,5.609232420826624,6.756575415995706,3.7104133118625873,0.24825550187869028,0.30864197530864196,0.05367686527106817
209,15.626677402039721,18.793612453032743,24.993290391841118,16.344605475040257,7.50805152979066,5.60252281266774,6.696188942565755,3.7104133118625873,0.24825550187869028,0.30864197530864196,0.16774020397208803
210,15.801127214170693,18.719806763285025,24.993290391841118,16.344605475040257,7.474503488996243,5.60252281266774,6.655931293612453,3.7104133118625873,0.2214170692431562,0.30864197530864196,0.16774020397208803
211,16.002415458937197,18.451422436929683,24.97987117552335,16.344605475040257,7.447665056360709,5.776972624798712,6.743156199677939,3.556092324208266,0.2214170692431562,0.30864197530864196,0.16774020397208803
212,16.10305958132045,18.431293612453032,24.570585077831456,16.31105743424584,7.4141170155662905,5.776972624798712,6.743156199677939,3.9519592055823938,0.2214170692431562,0.30864197530864196,0.16774020397208803
213,16.358024691358025,18.337359098228664,24.40955448201825,16.25738056897477,7.4141170155662905,5.703166935050993,6.743156199677939,4.086151368760064,0.2147074610842727,0.30864197530864196,0.16774020397208803
214,16.566022544283413,18.323939881910896,24.36929683306495,16.163446054750402,7.4141170155662905,5.501878690284487,6.904186795491143,4.086151368760064,0.2147074610842727,0.30864197530864196,0.14761137949543746
215,16.5727321524423,17.894524959742352,24.349168008588297,16.163446054750402,7.96430488459474,5.475040257648954,6.850509930220075,4.05931293612453,0.2147074610842727,0.30864197530864196,0.14761137949543746
216,16.948470209339774,17.814009661835748,24.188137412775095,16.09634997316157,7.897208803005904,5.475040257648954,6.850509930220075,4.05931293612453,0.2147074610842727,0.30864197530864196,0.14761137949543746
217,17.042404723564143,17.807300053676865,24.188137412775095,16.069511540526033,7.877079978529254,5.4616210413311865,6.850509930220075,4.032474503488996,0.2147074610842727,0.30864197530864196,0.14761137949543746
218,17.196725711218466,17.69994632313473,24.14787976382179,16.069511540526033,7.877079978529254,5.4616210413311865,6.850509930220075,4.025764895330113,0.2147074610842727,0.30864197530864196,0.14761137949543746
219,17.21014492753623,17.485238862050455,24.12775093934514,16.069511540526033,8.179012345679013,5.4616210413311865,6.810252281266774,3.9855072463768115,0.2147074610842727,0.30864197530864196,0.14761137949543746
220,17.297369833601717,17.09608158883521,24.08749329039184,16.06280193236715,8.729200214707461,5.35426731078905,6.716317767042405,3.9855072463768115,0.2147074610842727,0.30864197530864196,0.14761137949543746
221,17.28395061728395,17.06924315619968,24.053945249597422,15.94873859366613,8.729200214707461,5.293880837359098,6.890767579173376,3.9855072463768115,0.2147074610842727,0.3824476650563607,0.14761137949543746
222,17.351046698872786,16.961889425657542,23.993558776167472,15.881642512077295,8.742619431025227,5.743424584004294,6.595544820182502,3.9855072463768115,0.2147074610842727,0.3824476650563607,0.14761137949543746
223,17.60601180891036,16.928341384863124,23.980139559849704,15.848094471282877,8.641975308641975,5.709876543209877,6.588835212023618,3.9519592055823938,0.2147074610842727,0.3824476650563607,0.14761137949543746
224,17.780461621041333,16.928341384863124,23.906333870101985,15.774288781535159,8.628556092324208,5.709876543209877,6.582125603864735,3.9452495974235107,0.2147074610842727,0.3824476650563607,0.14761137949543746
225,17.840848094471284,16.720343531937736,23.832528180354267,15.687063875469672,9.057971014492754,5.642780461621041,6.4345142243692965,4.03918411164788,0.2147074610842727,0.3824476650563607,0.14761137949543746
226,17.867686527106816,16.720343531937736,23.678207192699947,15.660225442834138,9.057971014492754,5.5756843800322065,6.595544820182502,4.032474503488996,0.2147074610842727,0.4495437466451959,0.14761137949543746
227,18.06897477187332,16.626409017713364,23.64465915190553,15.626677402039721,9.037842190016104,5.60252281266774,6.588835212023618,3.9989264626945786,0.2147074610842727,0.4428341384863124,0.14761137949543746
228,18.06226516371444,16.626409017713364,23.637949543746647,15.60654857756307,9.037842190016104,5.60252281266774,6.642512077294686,3.978797638217928,0.2147074610842727,0.4428341384863124,0.14761137949543746
229,18.230005367686527,16.505636070853463,23.637949543746647,15.593129361245303,9.004294149221685,5.60252281266774,6.642512077294686,3.978797638217928,0.2147074610842727,0.4428341384863124,0.14761137949543746
230,18.491680085882983,16.492216854535695,23.577563070316693,15.438808373590982,9.004294149221685,5.595813204508857,6.615673644659152,3.978797638217928,0.2147074610842727,0.4428341384863124,0.14761137949543746
231,18.679549114331724,16.465378421900162,23.416532474503487,15.438808373590982,9.057971014492754,5.562265163714439,6.595544820182502,4.012345679012346,0.2147074610842727,0.4092860976918948,0.14761137949543746
232,18.02871712292002,15.217391304347826,23.336017176596886,17.54562533548041,9.057971014492754,5.562265163714439,6.468062265163715,4.012345679012346,0.2147074610842727,0.4092860976918948,0.14761137949543746
233,18.189747718733226,15.203972088030058,23.30246913580247,17.384594739667204,9.05126140633387,5.515297906602254,6.468062265163715,4.005636070853462,0.2147074610842727,0.5166398282340311,0.14761137949543746
234,16.478797638217927,11.929683306494901,33.883521202361784,16.438539989264626,8.132045088566828,4.072732152442297,4.42163177670424,3.938539989264627,0.2147074610842727,0.3757380568974772,0.11406333870101985
235,16.606280193236714,11.929683306494901,33.78958668813741,16.42512077294686,8.132045088566828,4.052603327965647,4.42163177670424,3.938539989264627,0.2147074610842727,0.3757380568974772,0.11406333870101985
236,16.894793344068706,11.79549114331723,33.66881374127751,16.404991948470208,8.132045088566828,4.052603327965647,4.455179817498658,3.8915727321524423,0.2147074610842727,0.3757380568974772,0.11406333870101985
