,45,50,55,51,54,52,53,56,57,58,59,61,60,47,62,46
0,98.40982286634461,1.5901771336553945,,,,,,,,,,,,,,
1,98.31588835212024,1.6774020397208802,0.0067096081588835215,,,,,,,,,,,,,
2,96.67874396135265,3.260869565217391,0.0067096081588835215,0.05367686527106817,,,,,,,,,,,,
3,92.86768652710681,7.0383789586688135,0.07380568974771873,0.020128824476650563,,,,,,,,,,,,
4,92.40472356414385,7.481213097155126,0.07380568974771873,0.020128824476650563,0.020128824476650563,,,,,,,,,,,
5,80.55555555555556,19.30354267310789,0.10064412238325282,0.020128824476650563,0.020128824476650563,,,,,,,,,,,
6,78.28099838969405,21.497584541062803,0.14761137949543746,0.026838432635534086,0.020128824476650563,0.013419216317767043,0.013419216317767043,,,,,,,,,
7,77.14036500268384,22.537573805689746,0.15432098765432098,0.026838432635534086,0.020128824476650563,0.013419216317767043,0.10735373054213634,,,,,,,,,
8,71.26945786366076,28.395061728395063,0.15432098765432098,0.026838432635534086,0.020128824476650563,0.026838432635534086,0.10735373054213634,,,,,,,,,
9,70.14895330112721,25.670960815888353,0.3153515834675255,3.7104133118625873,0.020128824476650563,0.026838432635534086,0.10735373054213634,,,,,,,,,
10,54.02576489533011,41.86124530327429,0.2683843263553409,3.6634460547504024,,0.07380568974771873,0.0939345142243693,0.013419216317767043,,,,,,,,
11,50.81186258722491,45.01476113794954,0.30864197530864196,3.6500268384326353,,0.07380568974771873,0.0939345142243693,0.04696725711218465,,,,,,,,
12,49.55716586151369,41.84782608695652,0.6575415995705851,4.126409017713366,0.026838432635534086,3.643317230273752,0.0939345142243693,0.04696725711218465,,,,,,,,
13,49.16800858829844,40.41867954911433,0.6843800322061192,4.126409017713366,0.026838432635534086,5.407944176060118,0.0939345142243693,0.04696725711218465,0.026838432635534086,,,,,,,
14,48.429951690821255,39.94900697799248,0.8655394524959742,5.139559849704777,0.026838432635534086,5.367686527106817,0.0939345142243693,0.07380568974771873,0.05367686527106817,,,,,,,
15,46.69887278582931,40.284487385936664,0.8387010198604401,7.387278582930757,0.026838432635534086,4.4753086419753085,0.0939345142243693,0.16774020397208803,0.026838432635534086,,,,,,,
16,46.67203435319377,40.21739130434783,0.9326355340848095,7.380568974771873,0.026838432635534086,4.441760601180891,0.0939345142243693,0.17444981213097155,0.06038647342995169,,,,,,,
17,46.09500805152979,39.42565754159957,0.9460547504025765,7.5348899624261945,0.026838432635534086,4.609500805152979,1.0802469135802468,0.20128824476650564,0.06038647342995169,0.020128824476650563,,,,,,
18,41.55260332796565,41.948470209339774,0.9259259259259259,10.46027911969941,0.026838432635534086,3.683574879227053,1.0802469135802468,0.20128824476650564,0.10064412238325282,0.020128824476650563,,,,,,
19,33.28636607622115,43.27026301663983,1.2144390767579174,16.478797638217927,0.026838432635534086,3.670155662909286,1.7310789049919484,0.20128824476650564,0.10064412238325282,0.020128824476650563,,,,,,
20,32.88378958668814,40.27106816961889,1.1741814278046163,17.156468062265162,2.918679549114332,3.515834675254965,1.7310789049919484,0.2281266774020397,0.10064412238325282,0.020128824476650563,,,,,,
21,32.80327428878154,39.72758990874933,1.2949543746645196,17.12962962962963,2.932098765432099,3.502415458937198,2.2074610842726785,0.2549651100375738,0.10064412238325282,0.04696725711218465,,,,,,
22,32.749597423510465,39.64707461084273,1.3955984970477724,17.09608158883521,2.932098765432099,3.502415458937198,2.2342995169082127,0.2952227589908749,0.10064412238325282,0.04696725711218465,,,,,,
23,32.68250134192163,39.35856146001073,1.6035963499731616,17.042404723564143,3.066290928609769,3.502415458937198,2.2342995169082127,0.36231884057971014,0.10064412238325282,0.04696725711218465,,,,,,
24,32.56843800322061,39.34514224369297,1.737788513150832,17.008856682769725,3.0595813204508855,3.4688674181427803,2.2342995169082127,0.39586688137412773,0.13419216317767044,0.04696725711218465,,,,,,
25,32.447665056360705,39.392109500805155,1.8048845947396672,17.028985507246375,3.0595813204508855,3.4688674181427803,2.2342995169082127,0.3824476650563607,0.13419216317767044,0.04696725711218465,,,,,,
26,32.387278582930755,37.063875469672574,2.3886205045625335,17.94820182501342,3.066290928609769,3.2206119162640903,2.2342995169082127,1.570048309178744,0.07380568974771873,0.04696725711218465,,,,,,
27,32.25308641975309,37.07729468599034,2.4355877616747184,17.921363392377884,3.066290928609769,3.240740740740741,2.2611379495437465,1.6170155662909287,0.08051529790660225,0.04696725711218465,,,,,,
28,32.14573268921095,36.862587224906065,2.5429414922168547,17.8743961352657,3.2139023081052067,3.2474503488996245,2.281266774020397,1.6639828234031133,0.08051529790660225,0.04696725711218465,0.040257648953301126,,,,,
29,31.97128287707998,36.2385936661299,2.576489533011272,17.143048845947398,3.240740740740741,3.2742887815351582,3.6768652710681695,1.710950080515298,0.08051529790660225,0.04696725711218465,0.040257648953301126,,,,,
30,30.340848094471284,34.48067632850242,2.5496511003757383,19.89398819108964,3.227321524422974,4.367954911433173,3.294417606011809,1.6505636070853462,0.08051529790660225,0.07380568974771873,0.040257648953301126,,,,,
31,30.340848094471284,34.346484165324746,2.690552871712292,19.81347289318304,3.2139023081052067,4.334406870638754,3.3279656468062266,1.7042404723564144,0.11406333870101985,0.07380568974771873,0.040257648953301126,,,,,
32,30.132850241545892,27.985775630703166,2.5429414922168547,26.52308105206656,3.260869565217391,4.320987654320987,3.2474503488996245,1.737788513150832,0.10735373054213634,0.07380568974771873,0.06709608158883522,,,,,
33,28.33467525496511,29.817498658078367,2.5563607085346214,26.536500268384327,3.260869565217391,4.280730005367687,3.227321524422974,1.737788513150832,0.10735373054213634,0.07380568974771873,0.06709608158883522,,,,,
34,28.37493290391841,29.817498658078367,2.5429414922168547,26.46940418679549,3.2340311325818574,4.280730005367687,3.227321524422974,1.7646269457863661,0.10735373054213634,0.07380568974771873,0.10735373054213634,,,,,
35,28.20048309178744,29.60950080515298,2.5429414922168547,26.89210950080515,3.2340311325818574,4.253891572732153,3.2541599570585076,1.737788513150832,0.10735373054213634,0.06038647342995169,0.10735373054213634,,,,,
36,28.093129361245303,27.046430488459475,3.44873859366613,27.234299516908212,3.9452495974235107,4.8443370907139025,3.2675791733762747,1.8048845947396672,0.11406333870101985,0.06038647342995169,0.1274825550187869,0.013419216317767043,,,,
37,25.85212023617821,29.374664519592056,3.4420289855072466,27.113526570048307,3.965378421900161,4.770531400966184,3.227321524422974,1.8518518518518519,0.20128824476650564,0.06038647342995169,0.1274825550187869,0.013419216317767043,,,,
38,25.543478260869566,29.435050993022006,3.475577026301664,22.913311862587225,3.965378421900161,8.628556092324208,3.743961352657005,1.892109500805153,0.20128824476650564,0.06038647342995169,0.1274825550187869,0.013419216317767043,,,,
39,25.55018786902845,29.361245303274288,3.515834675254965,22.926731078904993,3.938539989264627,8.628556092324208,3.717122920021471,1.90552871712292,0.20128824476650564,0.08722490606548577,0.15432098765432098,0.013419216317767043,,,,
40,25.503220611916262,29.146537842190018,3.643317230273752,22.383252818035427,4.341116478797638,9.16532474503489,3.4286097691894795,1.9592055823939882,0.20128824476650564,0.06038647342995169,0.15432098765432098,0.013419216317767043,,,,
41,25.194578636607623,28.5829307568438,3.307836822329576,22.470477724100913,3.8177670424047236,9.494095544820183,4.663177670424047,1.9726247987117553,0.2683843263553409,0.06038647342995169,0.15432098765432098,0.013419216317767043,,,,
42,23.839237788513152,29.22705314009662,3.307836822329576,23.282340311325818,3.770799785292539,9.453837895866881,4.636339237788513,1.9390767579173376,0.2952227589908749,0.06038647342995169,0.17444981213097155,0.013419216317767043,,,,
43,22.29602791196994,29.857756307031668,3.052871712292002,24.416264090177133,3.770799785292539,9.567901234567902,4.616210413311863,1.8786902844873858,0.2952227589908749,0.06038647342995169,0.17444981213097155,0.013419216317767043,,,,
44,22.262479871175522,29.817498658078367,3.1535158346752548,20.45088566827697,3.770799785292539,9.54777241009125,8.621846484165324,1.8317230273752012,0.2952227589908749,0.06038647342995169,0.17444981213097155,0.013419216317767043,,,,
45,22.16183574879227,29.696725711218466,3.180354267310789,20.665593129361245,3.7573805689747717,9.554482018250134,8.61513687600644,1.7914653784219001,0.3153515834675255,0.06038647342995169,0.1878690284487386,0.013419216317767043,,,,
46,22.20209339774557,29.602791196994094,3.2139023081052067,20.538110574342458,3.717122920021471,9.554482018250134,8.635265700483092,1.8988191089640365,0.3488996242619431,0.06038647342995169,0.2147074610842727,0.013419216317767043,,,,
47,20.893719806763286,40.445517981749866,3.2340311325818574,16.398282340311326,2.13365539452496,6.769994632313473,8.125335480407944,1.6170155662909287,0.24154589371980675,0.040257648953301126,0.08722490606548577,0.013419216317767043,,,,
48,18.840579710144926,38.12399355877617,3.1468062265163717,17.975040257648953,2.0128824476650564,9.742351046698873,8.111916264090176,1.6639828234031133,0.24154589371980675,0.040257648953301126,0.08722490606548577,0.013419216317767043,,,,
49,18.820450885668276,38.08373590982286,3.180354267310789,20.041599570585078,2.006172839506173,8.199141170155663,7.568438003220612,1.7042404723564144,0.24825550187869028,0.040257648953301126,0.0939345142243693,0.013419216317767043,,,,
50,18.51851851851852,37.68115942028985,3.388352120236178,20.101986044015028,2.006172839506173,8.185721953837897,7.917337627482555,1.737788513150832,0.322061191626409,0.040257648953301126,0.08722490606548577,0.013419216317767043,,,,
51,18.4044551798175,35.581052066559316,3.3950617283950617,20.954106280193237,2.0263016639828235,9.453837895866881,7.890499194847021,1.7713365539452497,0.3824476650563607,0.040257648953301126,0.08722490606548577,0.013419216317767043,,,,
52,18.33064949006978,35.50053676865271,3.488996242619431,19.80005367686527,2.0263016639828235,9.480676328502415,9.104938271604938,1.737788513150832,0.38915727321524424,0.040257648953301126,0.08722490606548577,0.013419216317767043,,,,
53,17.787171229200215,31.353998926462694,4.2203435319377345,24.993290391841118,2.0263016639828235,8.943907675791733,8.454106280193237,1.7444981213097155,0.32877079978529256,0.04696725711218465,0.08722490606548577,0.013419216317767043,,,,
54,17.74020397208803,31.293612453032743,4.2203435319377345,24.92619431025228,2.1739130434782608,8.917069243156199,8.454106280193237,1.7981749865807837,0.32877079978529256,0.04696725711218465,0.08722490606548577,0.013419216317767043,,,,
55,17.619431025228128,28.307836822329577,2.7979066022544283,35.07783145464305,1.9726247987117553,7.011540526033279,5.9514224369296835,0.8856682769726248,0.27509393451422437,0.013419216317767043,0.08722490606548577,,,,,
56,17.632850241545892,28.267579173376276,2.8918411164787976,34.92351046698873,1.9659151905528718,7.011540526033279,5.9514224369296835,0.9930220075147611,0.27509393451422437,0.013419216317767043,0.07380568974771873,,,,,
57,16.968599033816425,28.670155662909288,2.9388083735909825,35.07783145464305,1.9659151905528718,6.998121309715513,5.9514224369296835,1.0534084809447128,0.27509393451422437,0.013419216317767043,0.08722490606548577,,,,,
58,16.606280193236714,27.4020397208803,2.804616210413312,36.99006977992485,1.6841116478797638,7.856951154052603,5.300590445517981,0.95276435856146,0.30193236714975846,0.03354804079441761,0.06709608158883522,,,,,
59,14.53972088030059,24.65780998389694,2.6838432635534084,41.727053140096615,1.6841116478797638,7.796564680622652,5.300590445517981,1.1473429951690821,0.36231884057971014,0.03354804079441761,0.06709608158883522,,,,,
60,12.184648416532475,22.893183038110575,2.6502952227589907,44.93424584004294,2.8113258185721954,8.091787439613526,4.790660225442834,1.1137949543746646,0.38915727321524424,0.04696725711218465,0.0939345142243693,,,,,
61,11.292270531400966,22.396672034353195,2.7106816961889426,46.464036500268385,2.8113258185721954,7.7831454643048845,4.790660225442834,1.1943102522812667,0.38915727321524424,0.07380568974771873,0.0939345142243693,,,,,
62,8.454106280193237,31.4747718733226,2.636876006441224,44.276704240472355,2.7643585614600106,4.092860976918948,4.62962962962963,1.2010198604401503,0.30193236714975846,0.07380568974771873,0.0939345142243693,,,,,
63,8.440687063875469,31.40096618357488,2.7308105206655933,44.16935050993022,2.7643585614600106,4.133118625872249,4.62962962962963,1.261406333870102,0.30193236714975846,0.07380568974771873,0.0939345142243693,,,,,
64,8.393719806763285,31.387546967257112,2.831454643048846,43.98819108964037,2.7308105206655933,4.1532474503489,4.62962962962963,1.3821792807300053,0.30193236714975846,0.10735373054213634,0.0939345142243693,,,,,
65,8.393719806763285,31.313741277509394,2.9052603327965647,43.887546967257116,2.7308105206655933,4.119699409554482,4.62962962962963,1.482823403113258,0.33548040794417605,0.10735373054213634,0.0939345142243693,,,,,
66,7.615405260332796,36.05072463768116,2.965646806226516,40.76757917337628,2.6972624798711755,3.4017713365539453,4.4820182501341925,1.5096618357487923,0.30864197530864196,0.10735373054213634,0.0939345142243693,,,,,
67,7.615405260332796,35.92324208266237,3.099838969404187,40.19726247987118,2.7308105206655933,3.4151905528717124,4.468599033816425,2.0397208803005906,0.30864197530864196,0.10735373054213634,0.0939345142243693,,,,,
68,7.62211486849168,35.7487922705314,3.2474503488996245,39.99597423510467,2.7308105206655933,3.408480944712829,4.468599033816425,2.2410091250670963,0.33548040794417605,0.10735373054213634,0.0939345142243693,,,,,
69,7.635534084809447,35.64143853998927,3.3145464304884595,39.331723027375205,3.81105743424584,3.388352120236178,4.468599033816425,1.8988191089640365,0.322061191626409,0.10735373054213634,0.08051529790660225,,,,,
70,6.937734836285561,35.52066559312936,3.294417606011809,36.513687600644126,3.8311862587224907,7.092055823939882,4.468599033816425,1.7914653784219001,0.3488996242619431,0.12077294685990338,0.08051529790660225,,,,,
71,6.964573268921095,35.47369833601718,3.2877079978529253,36.44659151905529,3.8311862587224907,7.071926999463232,4.455179817498658,1.90552871712292,0.3488996242619431,0.13419216317767044,0.08051529790660225,,,,,
72,6.977992485238862,35.18518518518518,3.6231884057971016,36.32581857219538,3.8311862587224907,7.051798174986581,4.42163177670424,1.9524959742351047,0.3824476650563607,0.16774020397208803,0.08051529790660225,,,,,
73,6.998121309715513,35.11137949543747,3.69699409554482,36.2788513150832,3.8311862587224907,7.051798174986581,4.414922168545357,1.9860440150295222,0.3824476650563607,0.16774020397208803,0.08051529790660225,,,,,
74,7.004830917874396,34.88325281803543,3.9049919484702094,36.171497584541065,3.844605475040258,7.018250134192163,4.408212560386473,2.086688137412775,0.41599570585077833,0.16774020397208803,0.0939345142243693,,,,,
75,7.024959742351046,34.77589908749329,4.106280193236715,36.06414385399893,3.784219001610306,6.9243156199677935,4.408212560386473,2.1739130434782608,0.41599570585077833,0.16774020397208803,0.15432098765432098,,,,,
76,6.910896403650026,33.8365539452496,3.4017713365539453,39.351851851851855,3.7909286097691894,6.884057971014493,2.945517981749866,2.1269457863660763,0.4428341384863124,0.15432098765432098,0.15432098765432098,,,,,
77,6.9243156199677935,33.011272141706925,3.408480944712829,37.2987117552335,3.7909286097691894,9.822866344605474,2.8247450348899625,2.1403650026838434,0.46967257112184646,0.15432098765432098,0.15432098765432098,,,,,
78,6.937734836285561,32.82340311325819,3.5829307568438002,37.19135802469136,3.7909286097691894,9.796027911969942,2.8247450348899625,2.24771873322598,0.49651100375738055,0.15432098765432098,0.15432098765432098,,,,,
79,6.944444444444445,32.72275899087493,3.81105743424584,37.0101986044015,3.8915727321524423,9.655126140633387,2.8247450348899625,2.301395598497048,0.49651100375738055,0.15432098765432098,0.1878690284487386,,,,,
80,6.984702093397746,32.70263016639828,3.8580246913580245,36.85587761674718,3.8915727321524423,9.655126140633387,2.818035426731079,2.395330112721417,0.49651100375738055,0.15432098765432098,0.1878690284487386,,,,,
81,4.2270531400966185,26.053408480944714,3.4688674181427803,49.18813741277509,3.7573805689747717,7.635534084809447,2.804616210413312,2.3550724637681157,0.13419216317767044,0.1878690284487386,0.1878690284487386,,,,,
82,4.240472356414386,25.979602791196996,4.1129898013955986,48.698336017176594,3.750670960815888,7.5348899624261945,2.804616210413312,2.3081052066559313,0.14761137949543746,0.2147074610842727,0.20799785292538917,,,,,
83,4.133118625872249,25.120772946859905,4.092860976918948,47.30944712828771,3.743961352657005,7.5348899624261945,5.428073000536768,2.0531400966183573,0.14761137949543746,0.2281266774020397,0.20799785292538917,,,,,
84,2.6502952227589907,24.4699409554482,4.126409017713366,47.32957595276436,3.421900161030596,11.802200751476114,3.643317230273752,1.892109500805153,0.2683843263553409,0.2147074610842727,0.18115942028985507,,,,,
85,2.690552871712292,24.416264090177133,4.193505099302201,47.18867418142781,3.421900161030596,11.802200751476114,3.670155662909286,1.9256575415995705,0.2683843263553409,0.2147074610842727,0.20128824476650564,0.0067096081588835215,,,,
86,2.677133655394525,24.376006441223833,4.448470209339774,50.56360708534621,3.361513687600644,8.57487922705314,3.2139023081052067,1.9390767579173376,0.4025764895330113,0.2147074610842727,0.20128824476650564,0.0067096081588835215,0.020128824476650563,,,
87,2.6704240472356413,21.557971014492754,3.502415458937198,54.01905528717123,3.026033279656468,8.514492753623188,3.8378958668813743,2.059849704777241,0.4092860976918948,0.2147074610842727,0.16774020397208803,,0.020128824476650563,,,
88,2.677133655394525,21.524422973698336,3.4957058507783145,51.67740203972088,2.9924852388620504,7.2933440687063875,7.561728395061729,1.9256575415995705,0.4092860976918948,0.2549651100375738,0.16774020397208803,,0.020128824476650563,,,
89,2.7509393451422435,21.477455716586153,3.5426731078904994,51.55662909286098,3.0327428878153517,7.27992485238862,7.5348899624261945,1.9524959742351047,0.4227053140096618,0.28180354267310787,0.14761137949543746,,0.020128824476650563,,,
90,2.589908749329039,18.55877616747182,3.0864197530864197,49.43639291465379,4.38137412775094,12.198067632850242,7.179280730005368,1.9390767579173376,0.19457863660762212,0.2549651100375738,0.1610305958132045,,0.020128824476650563,,,
91,2.636876006441224,18.310520665593128,2.9924852388620504,49.35587761674718,4.367954911433173,12.130971551261407,7.581857219538379,1.8115942028985508,0.24154589371980675,0.38915727321524424,0.1610305958132045,,0.020128824476650563,,,
92,2.6838432635534084,18.263553408480945,3.7909286097691894,47.497316156736446,4.38137412775094,13.231347289318304,7.568438003220612,1.7310789049919484,0.2549651100375738,0.41599570585077833,0.1610305958132045,,0.020128824476650563,,,
93,2.5026838432635534,16.700214707461082,3.515834675254965,48.68491680085883,4.367954911433173,14.06333870101986,7.541599570585078,1.7444981213097155,0.2549651100375738,0.4428341384863124,0.1610305958132045,,0.020128824476650563,,,
94,2.3550724637681157,16.391572732152444,3.475577026301664,50.85212023617821,4.361245303274289,13.955984970477724,6.333870101986044,1.4761137949543746,0.2549651100375738,0.36231884057971014,0.1610305958132045,,0.020128824476650563,,,
95,2.3550724637681157,16.183574879227052,3.7104133118625873,50.691089640365,4.334406870638754,13.935856146001074,6.380837359098229,1.556629092860977,0.27509393451422437,0.39586688137412773,0.1610305958132045,,0.020128824476650563,,,
96,2.395330112721417,16.15673644659152,3.69699409554482,50.556897477187334,4.320987654320987,13.841921631776705,6.380837359098229,1.6908212560386473,0.35560923242082665,0.39586688137412773,0.1878690284487386,,0.020128824476650563,,,
97,2.4355877616747184,15.827965646806227,4.126409017713366,50.415995705850776,4.280730005367687,13.801663982823403,6.300322061191626,1.7646269457863661,0.36231884057971014,0.47638217928073,0.1878690284487386,,0.020128824476650563,,,
98,2.4355877616747184,15.794417606011809,4.17337627482555,50.38915727321525,4.253891572732153,13.774825550187868,6.300322061191626,1.7914653784219001,0.38915727321524424,0.47638217928073,0.20128824476650564,,0.020128824476650563,,,
99,2.4355877616747184,15.727321524422974,4.233762748255502,49.85238862050456,4.253891572732153,14.325013419216317,6.300322061191626,1.8115942028985508,0.36231884057971014,0.47638217928073,0.20128824476650564,,0.020128824476650563,,,
100,2.4490069779924855,14.955716586151368,5.622651637144391,49.08749329039184,4.30756843800322,14.304884594739667,6.266774020397209,1.9122383252818036,0.3824476650563607,0.4830917874396135,0.20128824476650564,,0.026838432635534086,,,
101,2.462426194310252,14.915458937198068,5.649490069779925,48.87278582930757,4.28743961352657,14.304884594739667,6.253354804079442,2.1269457863660763,0.3824476650563607,0.4830917874396135,0.23483628556092323,,0.026838432635534086,,,
102,2.4892646269457863,14.821524422973699,5.756843800322061,47.63150831991412,4.28743961352657,14.331723027375201,7.387278582930757,2.1739130434782608,0.3757380568974772,0.4830917874396135,0.23483628556092323,,0.026838432635534086,,,
103,2.522812667740204,14.774557165861514,5.8172302737520125,47.49060654857756,4.367954911433173,14.284755770263017,7.313472893183038,2.2208803005904456,0.4495437466451959,0.49651100375738055,0.23483628556092323,,0.026838432635534086,,,
104,2.1068169618894257,15.083199141170155,5.877616747181965,52.75093934514224,3.556092324208266,13.788244766505636,4.03918411164788,1.8384326355340848,0.5501878690284487,0.23483628556092323,0.14761137949543746,,0.026838432635534086,,,
105,2.1269457863660763,15.069779924852389,5.790391841116479,49.61755233494364,3.556092324208266,16.847826086956523,4.03918411164788,1.8719806763285025,0.6709608158883521,0.23483628556092323,0.14761137949543746,,0.026838432635534086,,,
106,2.167203435319377,15.049651100375739,5.810520665593129,50.315351583467525,3.4286097691894795,16.163446054750402,4.032474503488996,1.8786902844873858,0.7514761137949544,0.24825550187869028,0.1274825550187869,,0.026838432635534086,,,
107,2.1739130434782608,11.896135265700483,5.059044551798175,51.529790660225444,3.4621578099838968,15.230810520665592,7.803274288781535,1.8719806763285025,0.6239935587761675,0.2147074610842727,0.1274825550187869,,0.0067096081588835215,,,
108,2.167203435319377,11.614331723027375,5.01207729468599,51.48282340311326,3.2877079978529253,15.210681696188942,8.32662372517445,1.9122383252818036,0.6508319914117016,0.2281266774020397,0.10064412238325282,,0.0067096081588835215,,,
109,2.167203435319377,11.574074074074074,5.072463768115942,51.308373590982285,3.3011272141706924,15.143585614600108,8.353462157809984,2.006172839506173,0.7179280730005367,0.2281266774020397,0.12077294685990338,,0.0067096081588835215,,,
110,2.15378421900161,11.560654857756306,5.072463768115942,48.590982286634464,3.549382716049383,14.083467525496511,11.842458400429415,2.0128824476650564,0.7313472893183038,0.27509393451422437,0.12077294685990338,,0.0067096081588835215,,,
111,2.1403650026838434,11.560654857756306,5.0993022007514766,47.839506172839506,3.549382716049383,14.029790660225443,12.614063338701019,1.9927536231884058,0.7581857219538379,0.2885131508319914,0.12077294685990338,,0.0067096081588835215,,,
112,2.187332259796028,10.869565217391305,5.0791733762748255,47.215512614063336,4.7168545356951155,13.741277509393452,12.93612453032743,1.9994632313472893,0.8051529790660226,0.322061191626409,0.12077294685990338,,0.0067096081588835215,,,
113,1.4962426194310252,12.070585077831455,5.052334943639291,47.25577026301664,4.730273752012883,13.311862587224907,12.915995705850777,1.9457863660762211,0.7716049382716049,0.322061191626409,0.12077294685990338,,0.0067096081588835215,,,
114,1.2748255501878691,11.75523349436393,5.025496511003757,48.02066559312936,4.622920021470746,14.298174986580785,11.83574879227053,1.9189479334406871,0.7112184648416533,0.36902844873859364,0.12077294685990338,0.040257648953301126,0.0067096081588835215,,,
115,1.2815351583467525,11.41304347826087,4.998658078368224,49.000268384326354,4.616210413311863,14.036500268384327,11.372785829307569,2.0128824476650564,0.7313472893183038,0.36902844873859364,0.12077294685990338,0.040257648953301126,0.0067096081588835215,,,
116,1.261406333870102,11.406333870101985,5.01207729468599,48.92646269457864,4.609500805152979,14.009661835748792,11.332528180354267,2.1135265700483092,0.7581857219538379,0.4092860976918948,0.11406333870101985,0.040257648953301126,0.0067096081588835215,,,
117,1.2345679012345678,11.372785829307569,5.045625335480408,46.786097691894796,5.475040257648954,13.94927536231884,12.681159420289855,2.147074610842727,0.7581857219538379,0.38915727321524424,0.11406333870101985,0.040257648953301126,0.0067096081588835215,,,
118,1.2345679012345678,11.312399355877616,5.112721417069243,46.70558239398819,5.508588298443371,13.868760064412239,12.661030595813205,2.1806226516371443,0.8655394524959742,0.38915727321524424,0.11406333870101985,0.040257648953301126,0.0067096081588835215,,,
119,1.2077294685990339,11.292270531400966,5.159688674181428,46.584809447128286,5.495169082125604,13.868760064412239,12.661030595813205,2.301395598497048,0.8655394524959742,0.38915727321524424,0.1274825550187869,0.040257648953301126,0.0067096081588835215,,,
120,1.221148684916801,11.272141706924316,5.159688674181428,46.39023081052066,5.723295759527644,13.808373590982287,12.466451959205582,2.442297369833602,0.8923778851315083,0.4495437466451959,0.1274825550187869,0.040257648953301126,0.0067096081588835215,,,
121,1.288244766505636,11.20504562533548,5.199946323134729,46.041331186258724,5.6964573268921095,14.103596349973161,12.338969404186795,2.5496511003757383,0.9259259259259259,0.4495437466451959,0.15432098765432098,0.040257648953301126,0.0067096081588835215,,,
122,1.2681159420289856,10.171765968867419,5.038915727321524,45.880300590445515,7.212828770799785,13.761406333870102,12.338969404186795,2.757648953301127,0.8990874932903918,0.43612453032742887,0.14761137949543746,0.040257648953301126,0.04696725711218465,,,
123,1.261406333870102,10.158346752549651,5.025496511003757,45.8064949006978,7.239667203435319,13.754696725711218,12.285292538915728,2.831454643048846,0.8990874932903918,0.43612453032742887,0.2147074610842727,0.040257648953301126,0.04696725711218465,,,
124,1.2815351583467525,10.151637144390767,5.8172302737520125,45.00805152979066,7.226247987117552,13.707729468599034,12.265163714439076,2.871712292002147,0.9393451422436929,0.4294149221685454,0.2147074610842727,0.040257648953301126,0.04696725711218465,,,
125,1.2815351583467525,10.138217928073,5.8239398819108965,44.7463768115942,7.434245840042942,13.694310252281268,12.171229200214707,2.985775630703167,0.9796027911969941,0.4294149221685454,0.2147074610842727,0.040257648953301126,0.06038647342995169,,,
126,1.3352120236178207,9.883252818035427,5.528717122920021,48.30246913580247,8.07836822329576,11.54723564143854,10.668276972624799,2.9790660225442833,0.9192163177670424,0.4294149221685454,0.23483628556092323,0.040257648953301126,0.05367686527106817,,,
127,1.3217928073000538,9.46725711218465,6.005099302200751,48.22866344605475,8.071658615136876,11.52710681696189,10.674986580783683,2.9924852388620504,0.9192163177670424,0.4294149221685454,0.2683843263553409,0.040257648953301126,0.05367686527106817,,,
128,1.3486312399355878,9.225711218464841,6.018518518518518,47.61137949543747,8.796296296296296,11.392914653784219,10.641438539989265,3.1535158346752548,0.9930220075147611,0.4562533548040794,0.2683843263553409,0.040257648953301126,0.05367686527106817,,,
129,1.1876006441223832,9.185453569511541,6.172839506172839,49.92619431025228,8.68894256575416,10.795759527643586,9.158615136876007,3.099838969404187,0.9863123993558777,0.4294149221685454,0.27509393451422437,0.040257648953301126,0.05367686527106817,,,
130,1.1876006441223832,9.151905528717123,6.300322061191626,49.765163714439076,8.648684916800859,10.795759527643586,9.07139023081052,3.2004830917874396,1.1003757380568975,0.4092860976918948,0.27509393451422437,0.040257648953301126,0.05367686527106817,,,
131,1.1943102522812667,9.151905528717123,6.286902844873859,49.382716049382715,9.084809447128288,10.755501878690284,8.923778851315083,3.2541599570585076,1.1272141706924315,0.43612453032742887,0.30864197530864196,0.040257648953301126,0.05367686527106817,,,
132,1.1943102522812667,9.151905528717123,6.280193236714976,49.302200751476114,9.084809447128288,10.748792270531402,8.923778851315083,3.307836822329576,1.1607622114868492,0.43612453032742887,0.30864197530864196,0.040257648953301126,0.06038647342995169,,,
133,1.2077294685990339,9.151905528717123,6.293612453032743,49.13446054750403,9.057971014492754,10.748792270531402,8.943907675791733,3.4822866344605474,1.1406333870101986,0.43612453032742887,0.30864197530864196,0.040257648953301126,0.05367686527106817,,,
134,1.2010198604401503,9.125067096081589,6.340579710144928,48.94659151905529,9.057971014492754,10.72866344605475,8.923778851315083,3.6902844873859366,1.1607622114868492,0.4227053140096618,0.30864197530864196,0.040257648953301126,0.05367686527106817,,,
135,1.2077294685990339,9.111647879763822,5.897745571658615,49.59742351046699,9.03113258185722,10.540794417606012,8.917069243156199,3.6768652710681695,1.1808910359634996,0.43612453032742887,0.30864197530864196,0.040257648953301126,0.05367686527106817,,,
136,1.221148684916801,9.064680622651638,5.931293612453032,49.483360171765966,9.004294149221685,10.527375201288244,8.890230810520666,3.7775093934514223,1.2345679012345678,0.43612453032742887,0.33548040794417605,0.040257648953301126,0.05367686527106817,,,
137,1.2412775093934514,9.064680622651638,5.938003220611916,49.422973698336016,8.99087493290392,10.527375201288244,8.890230810520666,3.8177670424047236,1.2345679012345678,0.43612453032742887,0.32877079978529256,0.040257648953301126,0.06709608158883522,,,
138,1.2681159420289856,9.05126140633387,5.978260869565218,49.20826623725174,8.964036500268385,10.527375201288244,8.870101986044014,3.9586688137412773,1.247987117552335,0.4562533548040794,0.35560923242082665,0.040257648953301126,0.07380568974771873,,,
139,1.2546967257112185,9.05126140633387,6.125872249060655,49.10762211486849,8.950617283950617,10.943370907139023,8.313204508856682,4.1129898013955986,1.2345679012345678,0.4227053140096618,0.35560923242082665,0.040257648953301126,0.08722490606548577,,,
140,1.3016639828234031,9.024422973698336,6.159420289855072,48.9398819108964,8.917069243156199,10.990338164251208,8.232689210950081,4.2203435319377345,1.2748255501878691,0.4294149221685454,0.3824476650563607,0.040257648953301126,0.08722490606548577,,,
141,1.328502415458937,9.024422973698336,6.132581857219538,49.75845410628019,8.521202361782072,10.909822866344605,8.205850778314547,3.911701556629093,1.2546967257112185,0.4428341384863124,0.3824476650563607,0.040257648953301126,0.08722490606548577,,,
142,1.3217928073000538,8.870101986044014,6.233225979602791,50.78502415458937,7.883789586688137,10.909822866344605,7.796564680622652,3.938539989264627,1.2546967257112185,0.43612453032742887,0.39586688137412773,0.040257648953301126,0.13419216317767044,,,
143,1.288244766505636,8.111916264090176,6.1929683306494905,53.173644659151904,7.2933440687063875,10.171765968867419,7.87037037037037,3.69699409554482,1.2546967257112185,0.3757380568974772,0.39586688137412773,0.040257648953301126,0.13419216317767044,,,
144,1.3083735909822867,8.111916264090176,6.219806763285024,53.01932367149758,7.246376811594203,10.144927536231885,7.87037037037037,3.8311862587224907,1.2815351583467525,0.3488996242619431,0.4495437466451959,0.040257648953301126,0.1274825550187869,,,
145,1.3083735909822867,8.105206655931294,7.360440150295223,51.831723027375205,7.226247987117552,10.131508319914117,7.863660762211487,3.9184111647879765,1.288244766505636,0.3488996242619431,0.4495437466451959,0.040257648953301126,0.1274825550187869,,,
146,1.3687600644122384,7.836822329575953,7.387278582930757,51.64385399892646,7.501341921631776,10.131508319914117,7.863660762211487,4.025764895330113,1.2748255501878691,0.3488996242619431,0.4495437466451959,0.040257648953301126,0.1274825550187869,,,
147,1.3217928073000538,7.830112721417069,7.917337627482555,49.21497584541063,7.440955448201825,12.412775093934513,7.722758990874933,3.8915727321524423,1.3083735909822867,0.3488996242619431,0.4227053140096618,0.040257648953301126,0.1274825550187869,,,
148,1.3486312399355878,7.816693505099302,7.883789586688137,49.121041331186255,7.427536231884058,12.446323134728932,7.695920558239399,3.9720880300590444,1.3083735909822867,0.36231884057971014,0.43612453032742887,0.040257648953301126,0.14090177133655393,,,
149,1.3486312399355878,7.816693505099302,8.57487922705314,48.369565217391305,7.427536231884058,12.446323134728932,7.742887815351583,3.9989264626945786,1.2949543746645196,0.36231884057971014,0.43612453032742887,0.040257648953301126,0.14090177133655393,,,
150,1.3687600644122384,7.7898550724637685,8.55475040257649,48.168276972624795,7.387278582930757,12.406065485775631,7.769726247987117,4.2203435319377345,1.3352120236178207,0.38915727321524424,0.4227053140096618,0.040257648953301126,0.14761137949543746,,,
151,1.3419216317767042,7.7898550724637685,8.57487922705314,47.91331186258722,7.37385936661299,12.406065485775631,7.769726247987117,4.455179817498658,1.3352120236178207,0.41599570585077833,0.43612453032742887,0.040257648953301126,0.14761137949543746,,,
152,1.1943102522812667,7.387278582930757,7.461084272678476,53.133387010198604,6.843800322061192,10.332796564680622,7.333601717659689,4.294149221685454,1.107085346215781,0.38915727321524424,0.4025764895330113,0.040257648953301126,0.08051529790660225,,,
153,1.1741814278046163,7.360440150295223,7.48792270531401,52.74422973698336,6.843800322061192,10.178475577026301,7.62211486849168,4.414922168545357,1.2815351583467525,0.38915727321524424,0.3824476650563607,0.040257648953301126,0.08051529790660225,,,
154,1.1272141706924315,7.0450885668276975,7.407407407407407,51.38217928073001,6.843800322061192,10.151637144390767,8.440687063875469,5.434782608695652,1.2748255501878691,0.38915727321524424,0.3824476650563607,0.040257648953301126,0.08051529790660225,,,
155,1.107085346215781,7.018250134192163,7.407407407407407,50.436124530327426,8.091787439613526,10.124798711755233,8.185721953837897,5.475040257648954,1.288244766505636,0.3488996242619431,0.3824476650563607,0.05367686527106817,0.08051529790660225,,,
156,1.1674718196457328,6.998121309715513,7.4006977992485234,50.637412775093935,8.11862587224906,10.11808910359635,7.890499194847021,5.522007514761138,1.2681159420289856,0.3488996242619431,0.39586688137412773,0.05367686527106817,0.08051529790660225,,,
157,1.1674718196457328,6.998121309715513,7.4006977992485234,50.577026301663984,8.11862587224906,10.11808910359635,7.890499194847021,5.58239398819109,1.2681159420289856,0.3488996242619431,0.39586688137412773,0.05367686527106817,0.08051529790660225,,,
158,0.9192163177670424,6.763285024154589,7.37385936661299,51.97933440687064,8.105206655931294,9.849704777241008,7.5348899624261945,5.394524959742351,1.261406333870102,0.2885131508319914,0.39586688137412773,0.05367686527106817,0.08051529790660225,,,
159,0.9326355340848095,6.6827697262479875,7.266505636070853,51.12050456253355,8.017981749865807,11.057434245840042,7.4141170155662905,5.394524959742351,1.261406333870102,0.3153515834675255,0.4025764895330113,0.05367686527106817,0.08051529790660225,,,
160,0.9594739667203436,6.635802469135802,7.548309178743962,50.79844337090714,8.004562533548041,11.017176596886742,7.4006977992485234,5.522007514761138,1.261406333870102,0.30193236714975846,0.41599570585077833,0.05367686527106817,0.08051529790660225,,,
161,0.9728931830381106,6.615673644659152,7.581857219538379,50.55018786902845,8.017981749865807,10.990338164251208,7.380568974771873,5.736714975845411,1.288244766505636,0.3153515834675255,0.41599570585077833,0.05367686527106817,0.08051529790660225,,,
162,0.9930220075147611,6.602254428341385,7.561728395061729,50.32206119162641,8.004562533548041,10.963499731615673,7.407407407407407,5.9447128287707995,1.3016639828234031,0.3488996242619431,0.41599570585077833,0.05367686527106817,0.08051529790660225,,,
163,1.0198604401502953,6.595544820182502,7.548309178743962,50.20799785292539,7.991143317230274,10.95679012345679,7.4006977992485234,6.078904991948471,1.3016639828234031,0.3488996242619431,0.41599570585077833,0.05367686527106817,0.08051529790660225,,,
164,1.0332796564680622,6.541867954911433,7.6623725174449815,51.21443907675792,6.937734836285561,10.869565217391305,7.4141170155662905,6.159420289855072,1.261406333870102,0.35560923242082665,0.41599570585077833,0.05367686527106817,0.08051529790660225,,,
165,1.06682769726248,6.541867954911433,7.6623725174449815,51.1808910359635,6.937734836285561,10.84272678475577,7.4141170155662905,6.1862587224906065,1.261406333870102,0.32877079978529256,0.4428341384863124,0.05367686527106817,0.08051529790660225,,,
166,1.107085346215781,6.541867954911433,7.64224369296833,50.99302200751476,6.937734836285561,10.654857756307031,7.588566827697263,6.340579710144928,1.288244766505636,0.32877079978529256,0.4428341384863124,0.05367686527106817,0.08051529790660225,,,
167,1.1674718196457328,6.474771873322598,7.588566827697263,50.7313472893183,6.66935050993022,11.312399355877616,7.541599570585078,6.293612453032743,1.2748255501878691,0.38915727321524424,0.4428341384863124,0.05367686527106817,0.06038647342995169,,,
168,1.1674718196457328,6.474771873322598,7.601986044015029,50.717928073000536,6.635802469135802,11.285560923242082,7.555018786902845,6.293612453032743,1.3016639828234031,0.38915727321524424,0.46296296296296297,0.05367686527106817,0.06038647342995169,,,
169,0.9930220075147611,5.897745571658615,6.810252281266774,51.64385399892646,5.991680085882985,14.016371443907676,6.736446591519055,5.683038110574342,1.261406333870102,0.4227053140096618,0.4495437466451959,0.040257648953301126,0.05367686527106817,,,
170,0.9930220075147611,5.897745571658615,6.810252281266774,51.469404186795494,6.025228126677402,14.016371443907676,6.716317767042405,5.783682232957595,1.3016639828234031,0.4428341384863124,0.4495437466451959,0.040257648953301126,0.05367686527106817,,,
171,1.0332796564680622,5.83064949006978,6.870638754696726,51.348631239935585,6.025228126677402,13.996242619431026,6.615673644659152,5.870907139023081,1.2949543746645196,0.5703166935050993,0.4495437466451959,0.040257648953301126,0.05367686527106817,,,
172,1.0534084809447128,5.790391841116479,6.837090713902308,51.268115942028984,6.011808910359635,14.056629092860977,6.582125603864735,5.891035963499732,1.3486312399355878,0.5770263016639828,0.4830917874396135,0.04696725711218465,0.05367686527106817,,,
173,1.0735373054213635,5.743424584004294,6.166129898013956,49.85238862050456,6.011808910359635,16.324476650563607,6.468062265163715,5.850778314546431,1.3486312399355878,0.5636070853462157,0.4830917874396135,0.04696725711218465,0.05367686527106817,0.013419216317767043,,
174,1.093666129898014,5.743424584004294,6.166129898013956,49.724906065485776,6.018518518518518,15.418679549114332,7.494632313472893,5.870907139023081,1.3217928073000538,0.5636070853462157,0.46967257112184646,0.04696725711218465,0.05367686527106817,0.013419216317767043,,
175,1.0466988727858293,5.548845947396672,6.025228126677402,48.26221148684917,6.421095008051529,16.056092324208265,7.380568974771873,6.790123456790123,1.3486312399355878,0.5636070853462157,0.4428341384863124,0.04696725711218465,0.05367686527106817,0.013419216317767043,,
176,1.0802469135802468,5.535426731078905,6.038647342995169,48.21524422973698,6.394256575415996,15.995705850778315,7.39398819108964,6.816961889425658,1.4090177133655395,0.5636070853462157,0.4428341384863124,0.04696725711218465,0.05367686527106817,0.013419216317767043,,
