,45,50,52,51,55,54,53,56,58,57,59
0,99.85909822866344,0.14090177133655393,,,,,,,,,
1,99.85909822866344,0.14090177133655393,,,,,,,,,
2,99.85909822866344,0.14090177133655393,,,,,,,,,
3,95.32340311325818,4.676596886741814,,,,,,,,,
4,93.0354267310789,6.964573268921095,,,,,,,,,
5,93.05555555555556,6.944444444444445,,,,,,,,,
6,92.57246376811594,7.427536231884058,,,,,,,,,
7,91.92834138486312,8.071658615136876,,,,,,,,,
8,91.92834138486312,8.071658615136876,,,,,,,,,
9,91.17015566290928,8.829844337090714,,,,,,,,,
10,88.41921631776704,11.580783682232958,,,,,,,,,
11,87.66774020397209,12.332259796027913,,,,,,,,,
12,87.03703703703704,12.962962962962964,,,,,,,,,
13,86.41975308641975,13.580246913580247,,,,,,,,,
14,86.11782071927,13.882179280730005,,,,,,,,,
15,75.74476650563606,24.255233494363928,,,,,,,,,
16,74.64439076757917,23.18840579710145,2.167203435319377,,,,,,,,
17,73.81239935587762,24.020397208803004,2.167203435319377,,,,,,,,
18,73.64465915190553,24.188137412775095,2.167203435319377,,,,,,,,
19,69.45786366076221,26.77133655394525,2.167203435319377,1.3620504562533549,0.24154589371980675,,,,,,
20,67.77375201288245,25.543478260869566,0.33548040794417605,5.515297906602254,0.24154589371980675,0.5904455179817498,,,,,
21,67.57246376811594,22.69860440150295,0.33548040794417605,8.57487922705314,0.2281266774020397,0.5904455179817498,,,,,
22,65.17713365539453,25.187869028448738,0.2885131508319914,8.527911969940956,0.2281266774020397,0.5904455179817498,,,,,
23,65.28448738593666,25.140901771336555,0.2885131508319914,8.480944712828771,0.2281266774020397,0.5770263016639828,,,,,
24,62.07058507783145,25.47638217928073,1.06682769726248,9.245840042941492,0.2281266774020397,0.5770263016639828,1.3352120236178207,,,,
25,61.131239935587764,26.41572732152442,1.06682769726248,9.245840042941492,0.2281266774020397,0.5770263016639828,1.3352120236178207,,,,
26,60.265700483091784,26.7914653784219,1.06682769726248,9.23913043478261,0.2281266774020397,0.9192163177670424,1.4895330112721417,,,,
27,60.46027911969941,26.737788513150832,1.06682769726248,9.098228663446054,0.2281266774020397,0.9192163177670424,1.4895330112721417,,,,
28,59.07809983896941,28.187063875469672,1.06682769726248,9.098228663446054,0.2281266774020397,0.8521202361782072,1.4895330112721417,,,,
29,59.11835748792271,28.14680622651637,1.06682769726248,9.098228663446054,0.2281266774020397,0.8521202361782072,1.4895330112721417,,,,
30,23.26892109500805,68.31052066559313,,1.778046162104133,3.8848631239935587,,2.757648953301127,,,,
31,23.53059581320451,65.56629092860977,,1.778046162104133,5.750134192163178,,3.374932903918411,,,,
32,23.51046698872786,65.70719269994632,,1.778046162104133,5.669618894256575,,3.33467525496511,,,,
33,22.805958132045088,66.05609232420827,,2.1403650026838434,5.662909286097692,,3.33467525496511,,,,
34,23.45679012345679,65.5126140633387,,2.1269457863660763,5.615942028985507,,3.2877079978529253,,,,
35,24.610842726784757,63.63392377885131,,2.1269457863660763,6.461352657004831,,3.166935050993022,,,,
36,25.469672571121848,62.94283413848631,,2.033011272141707,6.461352657004831,,3.0931293612453032,,,,
37,25.72463768115942,62.184648416532475,,2.006172839506173,6.991411701556629,,3.0931293612453032,,,,
38,26.54320987654321,61.37949543746645,,2.006172839506173,6.910896403650026,,3.1602254428341383,,,,
39,27.18733225979603,59.64170692431562,,1.9592055823939882,8.051529790660226,,3.1602254428341383,,,,
40,27.583199141170155,59.252549651100374,,1.9592055823939882,8.044820182501342,,3.1602254428341383,,,,
41,27.965646806226516,59.024422973698336,,1.710950080515298,7.991143317230274,0.14761137949543746,3.1602254428341383,,,,
42,28.535963499731615,58.53462157809984,,1.710950080515298,7.9106280193236715,0.14761137949543746,3.1602254428341383,,,,
43,28.884863123993558,57.83682232957595,,1.6774020397208802,7.514761137949543,0.14761137949543746,3.1602254428341383,0.7783145464304885,,,
44,28.99892646269458,56.78341384863124,,1.6774020397208802,8.454106280193237,0.14761137949543746,3.1602254428341383,0.7783145464304885,,,
45,29.159957058507782,55.95813204508857,,1.6639828234031133,8.917069243156199,0.14761137949543746,3.1602254428341383,0.9930220075147611,,,
46,28.904991948470208,55.099302200751474,,1.6639828234031133,9.292807300053678,0.7917337627482555,3.1602254428341383,0.9259259259259259,0.1610305958132045,,
47,28.945249597423512,54.488727858293075,,1.5499194847020934,9.292807300053678,1.4761137949543746,3.1602254428341383,0.9259259259259259,0.1610305958132045,,
48,29.280730005367687,53.96537842190016,,1.5499194847020934,9.581320450885668,1.4761137949543746,3.0595813204508855,0.9259259259259259,0.1610305958132045,,
49,29.74369296833065,53.40177133655394,,1.5499194847020934,9.695383789586689,1.4626945786366077,3.0595813204508855,0.9259259259259259,0.1610305958132045,,
50,30.287171229200215,52.83816425120773,,1.5499194847020934,9.554482018250134,1.6237251744498122,3.0595813204508855,0.9259259259259259,0.1610305958132045,,
51,29.602791196994094,51.348631239935585,,1.5499194847020934,9.534353193773484,1.6237251744498122,5.253623188405797,0.9259259259259259,0.1610305958132045,,
52,28.958668813741276,51.92565754159957,,1.3754696725711217,9.77589908749329,1.6237251744498122,5.253623188405797,0.9259259259259259,0.1610305958132045,,
53,29.528985507246375,51.33521202361782,0.28180354267310787,1.3754696725711217,9.77589908749329,1.583467525496511,5.052334943639291,0.9057971014492754,0.1610305958132045,,
54,27.576489533011273,50.1207729468599,0.28180354267310787,4.8376274825550185,9.930220075147611,1.5633387010198605,4.622920021470746,0.9057971014492754,0.1610305958132045,,
55,27.26113794954375,48.19511540526033,0.28180354267310787,4.8376274825550185,8.957326892109501,4.804079441760601,4.622920021470746,0.8789586688137413,0.1610305958132045,,
56,27.17391304347826,47.54428341384863,0.28180354267310787,4.8376274825550185,7.64224369296833,6.857219538378959,4.622920021470746,0.8789586688137413,0.1610305958132045,,
57,27.636876006441224,46.00107353730542,0.28180354267310787,4.830917874396135,8.80300590445518,6.816961889425658,4.616210413311863,0.8521202361782072,0.1610305958132045,,
58,27.791196994095547,45.793075684380035,0.28180354267310787,4.830917874396135,8.662104133118627,6.454643048845948,4.810789049919484,0.8521202361782072,0.3757380568974772,0.14761137949543746,
59,26.82501341921632,42.72678475577026,2.3617820719269993,3.535963499731616,7.796564680622652,7.575147611379496,7.803274288781535,0.8521202361782072,0.3757380568974772,0.14761137949543746,
60,26.583467525496513,40.82796564680623,2.3617820719269993,3.535963499731616,10.064412238325282,7.514761137949543,7.7361782071927,0.8521202361782072,0.3757380568974772,0.14761137949543746,
61,27.160493827160494,39.439076757917334,2.3617820719269993,3.535963499731616,10.950080515297907,7.440955448201825,7.7361782071927,0.8521202361782072,0.3757380568974772,0.14761137949543746,
62,27.18733225979603,38.64734299516908,2.3617820719269993,3.535963499731616,10.82259796027912,8.246108427267847,7.836822329575953,0.8521202361782072,0.36231884057971014,0.14761137949543746,
63,27.428878153515836,38.52657004830918,2.3617820719269993,3.535963499731616,10.701825013419215,8.246108427267847,7.836822329575953,0.8521202361782072,0.36231884057971014,0.14761137949543746,
64,27.4422973698336,37.47987117552335,2.3617820719269993,4.542404723564144,10.466988727858293,8.105206655931294,8.28636607622115,0.8051529790660226,0.36231884057971014,0.14761137949543746,
65,27.91867954911433,37.35909822866345,2.3617820719269993,4.542404723564144,10.312667740203972,8.031400966183575,8.158883521202362,0.8051529790660226,0.36231884057971014,0.14761137949543746,
66,27.82474503488996,36.78878153515835,2.3617820719269993,3.9519592055823938,10.701825013419215,8.004562533548041,9.05126140633387,0.8051529790660226,0.36231884057971014,0.14761137949543746,
67,27.831454643048847,36.60762211486849,2.3617820719269993,4.233762748255502,10.661567364465915,8.004562533548041,8.984165324745035,0.8051529790660226,0.36231884057971014,0.14761137949543746,
68,28.10654857756307,36.45330112721417,2.3617820719269993,4.233762748255502,10.621309715512615,8.004562533548041,8.903650026838433,0.8051529790660226,0.36231884057971014,0.14761137949543746,
69,28.428609769189478,36.28556092324208,2.3617820719269993,4.186795491143317,10.621309715512615,8.004562533548041,8.84326355340848,0.7581857219538379,0.36231884057971014,0.14761137949543746,
70,28.408480944712828,36.13794954374664,2.3617820719269993,4.133118625872249,10.621309715512615,8.158883521202362,8.809715512614064,0.8588298443370908,0.36231884057971014,0.14761137949543746,
71,27.502683843263554,35.299248523886206,1.328502415458937,7.152442297369833,10.520665593129362,8.024691358024691,8.80300590445518,0.8588298443370908,0.36231884057971014,0.14761137949543746,
72,28.10654857756307,35.16505636070853,1.328502415458937,7.152442297369833,10.560923242082662,8.024691358024691,8.561460010735374,0.6843800322061192,0.2683843263553409,0.14761137949543746,
73,27.160493827160494,36.480139559849704,1.328502415458937,6.870638754696726,10.487117552334944,8.024691358024691,8.548040794417606,0.6843800322061192,0.2683843263553409,0.14761137949543746,
74,27.576489533011273,36.2788513150832,1.4559849704777241,6.951154052603328,10.352925389157273,8.024691358024691,8.259527643585615,0.6843800322061192,0.2683843263553409,0.14761137949543746,
75,27.85829307568438,36.18491680085883,1.4559849704777241,6.951154052603328,10.352925389157273,7.836822329575953,8.259527643585615,0.6843800322061192,0.2683843263553409,0.14761137949543746,
76,28.30112721417069,35.95679012345679,1.4559849704777241,6.810252281266774,10.399892646269459,7.742887815351583,8.232689210950081,0.6843800322061192,0.2683843263553409,0.14761137949543746,
77,27.791196994095547,34.004294149221685,1.4559849704777241,6.810252281266774,10.420021470746109,8.038110574342458,10.654857756307031,0.4092860976918948,0.2683843263553409,0.14761137949543746,
78,28.401771336553946,33.72920021470746,1.4559849704777241,6.78341384863124,10.339506172839506,7.856951154052603,10.607890499194847,0.4092860976918948,0.2683843263553409,0.14761137949543746,
79,28.63660762211487,33.5077831454643,1.4559849704777241,6.78341384863124,10.326086956521738,7.856951154052603,10.607890499194847,0.4092860976918948,0.2683843263553409,0.14761137949543746,
80,28.65673644659152,33.13875469672571,2.1604938271604937,6.260064412238325,10.131508319914117,7.950885668276973,10.876274825550189,0.4092860976918948,0.2683843263553409,0.14761137949543746,
81,29.381374127750938,32.689210950080515,2.589908749329039,6.226516371443908,10.21202361782072,7.675791733762749,10.399892646269459,0.4092860976918948,0.2683843263553409,0.14761137949543746,
82,29.20692431561997,32.306763285024154,2.576489533011272,6.689479334406871,10.332796564680622,7.6623725174449815,10.399892646269459,0.4092860976918948,0.2683843263553409,0.14761137949543746,
83,28.83118625872249,31.588835212023618,2.576489533011272,6.689479334406871,9.628287707997853,10.084541062801932,9.77589908749329,0.4092860976918948,0.2683843263553409,0.14761137949543746,
84,29.28743961352657,31.353998926462694,2.563070316693505,6.528448738593666,9.742351046698873,10.030864197530864,9.668545356951155,0.4092860976918948,0.2683843263553409,0.14761137949543746,
85,29.32769726247987,29.857756307031668,2.563070316693505,6.528448738593666,9.064680622651638,12.224906065485776,9.608158883521202,0.4092860976918948,0.2683843263553409,0.14761137949543746,
86,29.602791196994094,29.73027375201288,2.563070316693505,6.528448738593666,9.064680622651638,12.13768115942029,9.54777241009125,0.4092860976918948,0.2683843263553409,0.14761137949543746,
87,30.327428878153516,28.65673644659152,2.536231884057971,7.306763285024155,8.84326355340848,12.070585077831455,9.433709071390231,0.4092860976918948,0.2683843263553409,0.14761137949543746,
88,30.595813204508858,28.455448201825014,2.522812667740204,7.2933440687063875,8.829844337090714,12.050456253354804,9.426999463231347,0.4092860976918948,0.2683843263553409,0.14761137949543746,
89,30.50187869028449,28.589640365002683,2.522812667740204,7.2933440687063875,8.829844337090714,12.02361782071927,9.41358024691358,0.4092860976918948,0.2683843263553409,0.14761137949543746,
90,28.629898013955984,25.523349436392916,2.522812667740204,7.179280730005368,8.460815888352121,17.807300053676865,9.25925925925926,0.4092860976918948,0.06709608158883522,0.14090177133655393,
91,28.75067096081589,25.288513150831992,2.3215244229736984,7.722758990874933,8.259527643585615,17.800590445517983,9.23913043478261,0.4092860976918948,0.06709608158883522,0.14090177133655393,
92,27.58990874932904,24.986580783682232,5.045625335480408,8.454106280193237,7.581857219538379,16.928341384863124,9.004294149221685,0.2683843263553409,,0.14090177133655393,
93,27.4020397208803,24.322329575952764,6.1862587224906065,8.454106280193237,8.380300590445518,16.894793344068706,7.950885668276973,0.2683843263553409,,0.14090177133655393,
94,27.583199141170155,24.27536231884058,6.1862587224906065,8.447396672034353,8.360171765968868,16.78743961352657,7.950885668276973,0.2683843263553409,,0.14090177133655393,
95,27.710681696188942,23.97342995169082,6.031937734836285,8.28636607622115,8.501073537305421,16.015834675254965,9.078099838969404,0.2616747181964573,,0.14090177133655393,
96,28.026033279656467,23.852657004830917,5.401234567901234,8.28636607622115,8.467525496511003,15.794417606011809,9.822866344605474,0.20799785292538917,,0.14090177133655393,
97,28.29441760601181,23.60440150295223,5.723295759527644,8.28636607622115,8.293075684380032,15.794417606011809,9.655126140633387,0.20799785292538917,,0.14090177133655393,
98,28.56280193236715,23.58427267847558,5.709876543209877,8.28636607622115,8.293075684380032,15.687063875469672,9.5276435856146,0.20799785292538917,,0.14090177133655393,
99,28.509125067096083,24.27536231884058,5.683038110574342,8.105206655931294,8.219269994632313,15.391841116478798,9.46725711218465,0.20799785292538917,,0.14090177133655393,
100,28.81105743424584,24.10091250670961,5.683038110574342,8.105206655931294,8.199141170155663,15.331454643048845,9.420289855072463,0.20799785292538917,,0.14090177133655393,
101,29.508856682769725,23.47691894793344,5.683038110574342,8.105206655931294,8.165593129361245,15.237520128824476,9.473966720343531,0.20799785292538917,,0.14090177133655393,
102,29.844337090713903,23.349436392914654,5.803811057434245,8.105206655931294,8.125335480407944,15.123456790123457,9.29951690821256,0.20799785292538917,,0.14090177133655393,
103,30.42807300053677,23.315888352120236,5.790391841116479,8.105206655931294,7.9106280193236715,14.714170692431562,9.131776704240472,0.20799785292538917,,0.39586688137412773,
104,30.917874396135264,23.21524422973698,6.031937734836285,7.930756843800322,7.843531937734836,14.338432635534085,9.118357487922705,0.20799785292538917,,0.39586688137412773,
105,30.971551261406333,23.121309715512613,5.730005367686527,7.9106280193236715,7.816693505099302,14.834943639291465,9.03113258185722,0.19457863660762212,,0.38915727321524424,
106,30.112721417069242,21.732420826623724,5.622651637144391,7.890499194847021,7.601986044015029,15.68035426731079,10.775630703166936,0.19457863660762212,,0.38915727321524424,
107,30.04562533548041,21.571390230810522,5.622651637144391,7.85024154589372,7.742887815351583,15.861513687600644,10.721953837895867,0.19457863660762212,,0.38915727321524424,
108,30.48845947396672,21.349973161567366,5.609232420826624,7.823403113258186,7.729468599033816,15.693773483628556,10.721953837895867,0.19457863660762212,,0.38915727321524424,
109,31.04535695115405,21.101717659688674,5.60252281266774,7.957595276435856,7.494632313472893,15.438808373590982,10.628019323671497,0.19457863660762212,,0.5367686527106817,
110,31.226516371443907,21.041331186258724,5.60252281266774,7.957595276435856,7.494632313472893,15.398550724637682,10.547504025764896,0.19457863660762212,,0.5367686527106817,
111,31.528448738593667,20.840042941492218,5.60252281266774,7.957595276435856,7.514761137949543,15.318035426731079,10.507246376811594,0.19457863660762212,,0.5367686527106817,
112,31.629092860976918,20.833333333333332,5.475040257648954,7.930756843800322,7.50805152979066,15.318035426731079,10.57434245840043,0.19457863660762212,,0.5367686527106817,
113,31.642512077294686,20.699141170155663,5.475040257648954,8.172302737520129,7.467793880837359,15.237520128824476,10.57434245840043,0.19457863660762212,,0.5367686527106817,
114,31.910896403650028,20.67230273752013,5.24020397208803,8.333333333333334,7.454374664519592,15.22410091250671,10.433440687063875,0.19457863660762212,,0.5367686527106817,
115,32.360440150295226,20.517981749865807,5.35426731078905,8.192431561996779,7.434245840042942,15.183843263553408,10.23215244229737,0.19457863660762212,,0.5300590445517982,
116,32.01154052603328,20.38378958668814,5.475040257648954,8.192431561996779,7.37385936661299,14.600107353730541,11.238593666129898,0.19457863660762212,,0.5300590445517982,
117,32.024959742351044,20.611916264090176,5.340848094471283,8.192431561996779,7.353730542136339,14.51959205582394,11.231884057971014,0.19457863660762212,,0.5300590445517982,
118,32.70263016639828,20.29656468062265,5.233494363929147,8.13875469672571,7.212828770799785,14.606816961889425,11.084272678475577,0.19457863660762212,,0.5300590445517982,
119,33.44739667203435,20.081857219538378,5.267042404723564,8.13875469672571,7.112184648416532,14.31159420289855,10.916532474503489,0.19457863660762212,,0.5300590445517982,
120,33.803005904455176,19.93424584004294,5.260332796564681,8.051529790660226,7.092055823939882,14.284755770263017,11.003757380568974,0.19457863660762212,,0.3757380568974772,
121,34.675254965110035,19.47128287707998,4.985238862050457,7.991143317230274,7.071926999463232,14.06333870101986,10.970209339774557,0.19457863660762212,0.20128824476650564,0.3757380568974772,
122,35.05099302200752,19.424315619967793,4.985238862050457,7.98443370907139,7.0383789586688135,13.915727321524423,10.829307568438002,0.19457863660762212,0.20128824476650564,0.3757380568974772,
123,35.29253891572732,19.256575415995705,4.938271604938271,7.98443370907139,6.998121309715513,13.808373590982287,10.829307568438002,0.19457863660762212,0.322061191626409,0.3757380568974772,
124,35.59447128287708,19.142512077294686,7.085346215780999,7.6623725174449815,6.857219538378959,11.949812130971551,10.829307568438002,0.19457863660762212,0.322061191626409,0.36231884057971014,
125,35.950080515297905,19.0955448201825,7.085346215780999,7.628824476650563,6.790123456790123,11.788781535158346,10.782340311325818,0.19457863660762212,0.322061191626409,0.36231884057971014,
126,36.010466988727856,18.95464304884595,7.085346215780999,7.5281803542673105,6.696188942565755,12.110842726784755,10.735373054213634,0.19457863660762212,0.322061191626409,0.36231884057971014,
127,36.22517444981213,18.94122383252818,7.071926999463232,7.501341921631776,6.696188942565755,12.298711755233494,10.38647342995169,0.19457863660762212,0.322061191626409,0.36231884057971014,
128,36.73510466988728,18.773483628556093,7.051798174986581,7.501341921631776,6.6760601180891035,12.285292538915728,10.0979602791197,0.19457863660762212,0.322061191626409,0.36231884057971014,
129,36.480139559849704,18.605743424584006,7.024959742351046,8.064949006977992,5.9514224369296835,12.245034889962426,9.997316156736447,0.19457863660762212,0.322061191626409,1.1137949543746646,
130,36.782071926999464,18.344068706387546,7.024959742351046,8.064949006977992,5.9514224369296835,12.245034889962426,9.957058507783145,0.19457863660762212,0.322061191626409,1.1137949543746646,
131,36.8894256575416,18.33064949006978,6.964573268921095,8.024691358024691,6.1862587224906065,12.184648416532475,9.829575952764358,0.19457863660762212,0.322061191626409,1.0735373054213635,
132,37.446323134728935,17.961621041331185,7.018250134192163,7.957595276435856,6.099033816425121,12.385936661298981,9.541062801932368,0.19457863660762212,0.322061191626409,1.0735373054213635,
133,36.63446054750403,17.20343531937735,7.018250134192163,7.924047235641439,5.542136339237788,13.707729468599034,10.379763821792807,0.19457863660762212,0.322061191626409,1.0735373054213635,
134,37.224906065485776,17.01556629092861,7.011540526033279,7.890499194847021,5.522007514761138,13.560118089103597,10.185185185185185,0.19457863660762212,0.322061191626409,1.0735373054213635,
135,37.60735373054214,16.99543746645196,6.884057971014493,7.890499194847021,5.522007514761138,13.33870101986044,10.171765968867419,0.19457863660762212,0.322061191626409,1.0735373054213635,
136,37.68786902844874,16.914922168545356,6.380837359098229,8.749329039184111,5.495169082125604,13.030059044551798,10.151637144390767,0.19457863660762212,0.322061191626409,1.0735373054213635,
137,38.02334943639291,16.908212560386474,6.327160493827161,8.682232957595277,5.495169082125604,12.949543746645196,10.02415458937198,0.19457863660762212,0.322061191626409,1.0735373054213635,
138,38.446054750402574,16.841116478797638,6.253354804079442,8.55475040257649,5.428073000536768,12.902576489533011,9.98389694041868,0.19457863660762212,0.322061191626409,1.0735373054213635,
139,38.24476650563607,16.71363392377885,6.253354804079442,8.521202361782072,5.421363392377885,13.325281803542673,9.930220075147611,0.19457863660762212,0.322061191626409,1.0735373054213635,
140,37.66774020397209,16.150026838432634,5.3274288781535155,8.521202361782072,5.367686527106817,13.251476113794954,12.124261943102523,0.19457863660762212,0.322061191626409,1.0735373054213635,
141,37.82206119162641,16.150026838432634,5.3274288781535155,8.521202361782072,5.367686527106817,13.24476650563607,11.976650563607086,0.19457863660762212,0.322061191626409,1.0735373054213635,
142,37.88244766505636,15.901771336553946,5.3274288781535155,8.521202361782072,5.347557702630167,13.466183574879228,11.976650563607086,0.19457863660762212,0.322061191626409,1.0601180891035964,
143,37.17122920021471,15.774288781535159,4.958400429414922,9.460547504025765,4.891304347826087,13.385668276972625,12.781803542673108,0.19457863660762212,0.322061191626409,1.0601180891035964,
144,37.513419216317764,15.666935050993022,5.045625335480408,9.333064949006978,4.8443370907139025,13.345410628019323,12.72812667740204,0.14090177133655393,0.322061191626409,1.0601180891035964,
145,37.11755233494364,15.344873859366613,4.958400429414922,9.286097691894794,4.824208266237251,13.191089640365004,13.667471819645733,0.14090177133655393,0.2885131508319914,1.1808910359634996,
146,37.486580783682236,15.28448738593666,5.112721417069243,9.16532474503489,4.696725711218465,13.211218464841654,13.506441223832528,0.14090177133655393,0.2885131508319914,1.107085346215781,
147,37.734836285560924,15.250939345142244,4.978529253891573,9.16532474503489,4.690016103059581,13.003220611916264,13.486312399355878,0.2952227589908749,0.2885131508319914,1.107085346215781,
148,37.6207729468599,15.398550724637682,5.267042404723564,9.098228663446054,4.542404723564144,12.99651100375738,13.385668276972625,0.2952227589908749,0.2885131508319914,1.107085346215781,
149,38.016639828234034,15.324745034889963,5.246913580246914,9.07139023081052,4.542404723564144,12.86231884057971,13.24476650563607,0.2952227589908749,0.2885131508319914,1.107085346215781,
150,38.097155126140635,15.250939345142244,5.522007514761138,9.057971014492754,4.49543746645196,12.681159420289855,13.20450885668277,0.2952227589908749,0.2885131508319914,1.107085346215781,
151,38.66747181964573,15.177133655394526,5.448201825013419,9.017713365539452,4.414922168545357,12.4597423510467,12.95625335480408,0.6239935587761675,0.20128824476650564,1.0332796564680622,
152,38.801663982823406,15.177133655394526,5.448201825013419,9.017713365539452,4.361245303274289,12.473161567364466,12.889157273215245,0.6239935587761675,0.20128824476650564,1.0064412238325282,
153,39.30488459473967,15.11003757380569,5.448201825013419,8.82313472893183,4.294149221685454,12.406065485775631,12.822061191626409,0.6239935587761675,0.20128824476650564,0.966183574879227,
154,39.36527106816962,15.03623188405797,5.703166935050993,8.816425120772946,4.294149221685454,12.278582930756844,12.801932367149758,0.6239935587761675,0.20128824476650564,0.8789586688137413,
155,39.67391304347826,15.002683843263553,5.683038110574342,8.568169618894256,4.294149221685454,12.392646269457863,12.681159420289855,0.6239935587761675,0.20128824476650564,0.8789586688137413,
156,39.79468599033817,14.861782071927,5.683038110574342,8.662104133118627,4.28743961352657,12.278582930756844,12.432903918411165,0.9192163177670424,0.20128824476650564,0.8789586688137413,
157,40.042941492216855,14.794685990338165,6.414385399892646,8.635265700483092,4.26731078904992,11.600912506709609,12.245034889962426,0.9192163177670424,0.20128824476650564,0.8789586688137413,
158,40.19726247987118,14.794685990338165,6.340579710144928,8.61513687600644,4.247181964573269,11.560654857756306,12.245034889962426,0.9192163177670424,0.20128824476650564,0.8789586688137413,
159,40.17042404723564,14.720880300590446,6.3137412775093935,8.742619431025227,4.247181964573269,11.325818572195384,12.513419216317766,0.9192163177670424,0.20128824476650564,0.8454106280193237,
160,40.485775630703166,14.626945786366075,6.280193236714976,8.742619431025227,4.247181964573269,11.325818572195384,12.191358024691358,1.0534084809447128,0.20128824476650564,0.8454106280193237,
161,40.673644659151904,14.53972088030059,6.280193236714976,8.742619431025227,4.233762748255502,11.3191089640365,12.110842726784755,1.0534084809447128,0.20128824476650564,0.8454106280193237,
162,40.87493290391841,14.51959205582394,6.273483628556092,8.742619431025227,4.200214707461084,11.3191089640365,11.990069779924852,1.0534084809447128,0.20128824476650564,0.8252818035426731,
163,40.66022544283414,14.546430488459475,6.273483628556092,8.729200214707461,4.180085882984434,11.627750939345143,12.104133118625873,0.8588298443370908,0.19457863660762212,0.8252818035426731,
164,41.21041331186259,14.53972088030059,6.253354804079442,8.400429414922169,4.180085882984434,11.513687600644122,12.037037037037036,0.8454106280193237,0.19457863660762212,0.8252818035426731,
165,41.398282340311326,14.51959205582394,6.226516371443908,8.360171765968868,4.180085882984434,11.460010735373054,12.010198604401502,0.8252818035426731,0.19457863660762212,0.8252818035426731,
166,42.008856682769725,14.371980676328503,6.119162640901771,8.07836822329576,4.180085882984434,11.426462694578637,11.969940955448202,0.8252818035426731,0.19457863660762212,0.8252818035426731,
167,42.07595276435856,14.351851851851851,6.105743424584004,8.07836822329576,4.180085882984434,11.392914653784219,11.969940955448202,0.8252818035426731,0.19457863660762212,0.8252818035426731,
168,41.458668813741276,13.7211486849168,6.092324208266238,8.064949006977992,3.683574879227053,10.735373054213634,14.65378421900161,0.8252818035426731,0.19457863660762212,0.5703166935050993,
169,41.86795491143317,13.593666129898015,6.045356951154052,8.064949006977992,3.6768652710681695,10.68840579710145,14.472624798711756,0.8252818035426731,0.19457863660762212,0.5703166935050993,
170,42.008856682769725,13.43263553408481,6.045356951154052,8.064949006977992,3.5963499731615673,10.95679012345679,14.304884594739667,0.8252818035426731,0.19457863660762212,0.5703166935050993,
171,41.297638217928075,13.003220611916264,6.689479334406871,7.971014492753623,3.535963499731616,10.25228126677402,15.660225442834138,0.8252818035426731,0.19457863660762212,0.5703166935050993,
172,41.680085882984436,12.875738056897477,6.6827697262479875,7.971014492753623,3.488996242619431,10.151637144390767,15.559581320450885,0.8252818035426731,0.19457863660762212,0.5703166935050993,
173,41.988727858293075,12.835480407944177,6.635802469135802,7.9039184111647875,3.4822866344605474,10.151637144390767,15.411969940955448,0.8252818035426731,0.19457863660762212,0.5703166935050993,
174,42.19672571121846,12.734836285560924,6.635802469135802,7.877079978529254,3.4822866344605474,10.151637144390767,15.365002683843263,0.7917337627482555,0.19457863660762212,0.5703166935050993,
175,41.297638217928075,12.72812667740204,8.239398819108963,7.87037037037037,3.4286097691894795,9.27938808373591,15.854804079441761,0.7917337627482555,0.06038647342995169,0.4495437466451959,
176,41.458668813741276,12.72812667740204,8.896940418679549,7.555018786902845,3.321256038647343,9.078099838969404,15.660225442834138,0.7917337627482555,0.06038647342995169,0.4495437466451959,
177,41.156736446591516,12.627482555018787,11.104401502952227,7.37385936661299,3.294417606011809,8.742619431025227,14.512882447665056,0.7917337627482555,0.06038647342995169,0.33548040794417605,
178,41.87466451959206,12.466451959205582,11.003757380568974,7.333601717659689,3.3682232957595275,8.668813741277509,14.096886741814279,0.7917337627482555,0.06038647342995169,0.33548040794417605,
179,40.33145464304884,13.6406333870102,10.50053676865271,7.185990338164252,3.2675791733762747,10.352925389157273,13.533279656468062,0.7917337627482555,0.06038647342995169,0.33548040794417605,
180,40.344873859366615,13.613794954374665,10.668276972624799,7.105475040257649,3.2675791733762747,10.352925389157273,13.459473966720344,0.7917337627482555,0.06038647342995169,0.33548040794417605,
181,40.49919484702093,13.58695652173913,10.44015029522276,7.105475040257649,3.260869565217391,10.46027911969941,13.459473966720344,0.7917337627482555,0.06038647342995169,0.33548040794417605,
182,39.78797638217928,13.882179280730005,10.312667740203972,7.071926999463232,3.227321524422974,11.20504562533548,13.325281803542673,0.7917337627482555,0.06038647342995169,0.33548040794417605,
183,40.21068169618894,13.882179280730005,10.493827160493828,6.870638754696726,3.227321524422974,10.909822866344605,13.231347289318304,0.7783145464304885,0.06038647342995169,0.33548040794417605,
184,40.03623188405797,13.506441223832528,10.292538915727322,7.011540526033279,3.193773483628556,11.788781535158346,12.99651100375738,0.7783145464304885,0.06038647342995169,0.33548040794417605,
185,40.09661835748792,13.506441223832528,10.406602254428341,6.971282877079979,3.193773483628556,11.500268384326356,13.18438003220612,0.7447665056360708,0.06038647342995169,0.33548040794417605,
186,40.24422973698336,13.39237788513151,10.393183038110575,6.951154052603328,3.421900161030596,11.419753086419753,13.103864734299517,0.6776704240472357,0.06038647342995169,0.33548040794417605,
187,39.781266774020395,13.372249060654857,8.682232957595277,9.73564143853999,3.421900161030596,11.137949543746645,13.01663982823403,0.47638217928073,0.040257648953301126,0.33548040794417605,
188,40.371712292002144,13.197799248523886,8.568169618894256,9.675254965110037,3.374932903918411,10.990338164251208,12.969672571121846,0.47638217928073,0.040257648953301126,0.33548040794417605,
189,40.56629092860977,13.157541599570585,8.541331186258722,9.581320450885668,3.374932903918411,10.95679012345679,12.969672571121846,0.47638217928073,0.040257648953301126,0.33548040794417605,
190,41.076221148684915,13.050187869028449,8.433977455716587,9.39345142243693,3.374932903918411,10.93666129898014,12.808641975308642,0.5501878690284487,0.040257648953301126,0.33548040794417605,
191,41.41170155662909,12.949543746645196,8.420558239398819,9.346484165324744,3.374932903918411,10.876274825550189,12.694578636607622,0.5501878690284487,0.040257648953301126,0.33548040794417605,
192,41.10976918947934,12.775093934514224,9.118357487922705,9.333064949006978,3.321256038647343,10.876274825550189,12.5402576489533,0.5501878690284487,0.040257648953301126,0.33548040794417605,
193,41.34460547504026,12.5,9.118357487922705,9.433709071390231,3.307836822329576,10.86285560923242,12.506709608158884,0.5501878690284487,0.040257648953301126,0.33548040794417605,
194,41.51905528717123,12.5,9.084809447128288,9.433709071390231,3.294417606011809,10.795759527643586,12.446323134728932,0.5501878690284487,0.040257648953301126,0.33548040794417605,
195,41.076221148684915,12.198067632850242,9.084809447128288,9.433709071390231,3.280998389694042,11.77536231884058,12.224906065485776,0.5501878690284487,0.040257648953301126,0.33548040794417605,
196,41.156736446591516,11.996779388083736,9.084809447128288,9.695383789586689,3.2742887815351582,11.761943102522812,12.104133118625873,0.5501878690284487,0.040257648953301126,0.33548040794417605,
197,39.72758990874933,11.869296833064949,9.675254965110037,12.037037037037036,3.4286097691894795,11.144659151905529,11.272141706924316,0.47638217928073,0.040257648953301126,0.32877079978529256,
198,39.660493827160494,11.990069779924852,9.621578099838969,12.037037037037036,3.4286097691894795,11.144659151905529,11.272141706924316,0.47638217928073,0.040257648953301126,0.32877079978529256,
199,39.774557165861516,11.956521739130435,10.030864197530864,11.627750939345143,3.4286097691894795,11.097691894793345,11.258722490606548,0.4562533548040794,0.040257648953301126,0.32877079978529256,
200,38.63392377885131,11.668008588298443,9.990606548577563,12.513419216317766,3.1602254428341383,12.23161567364466,10.976918947933441,0.4562533548040794,0.040257648953301126,0.32877079978529256,
201,38.94256575415996,11.668008588298443,9.990606548577563,12.513419216317766,3.1199677938808374,12.070585077831455,10.869565217391305,0.4562533548040794,0.040257648953301126,0.32877079978529256,
202,39.42565754159957,11.634460547504025,9.88996242619431,12.419484702093397,3.099838969404187,11.902844873859367,10.802469135802468,0.4562533548040794,0.040257648953301126,0.32877079978529256,
203,39.12372517444981,11.406333870101985,9.574610842726784,12.399355877616747,2.965646806226516,11.969940955448202,11.735104669887278,0.4562533548040794,0.040257648953301126,0.32877079978529256,
204,39.371980676328505,11.406333870101985,9.561191626409018,12.29200214707461,2.965646806226516,11.889425657541599,11.688137412775093,0.4562533548040794,0.040257648953301126,0.32877079978529256,
205,39.92216854535695,11.2788513150832,9.561191626409018,12.070585077831455,2.898550724637681,11.75523349436393,11.688137412775093,0.4562533548040794,0.040257648953301126,0.32877079978529256,
206,40.33816425120773,11.11111111111111,9.353193773483628,11.996779388083736,2.898550724637681,11.728395061728396,11.748523886205046,0.4562533548040794,0.040257648953301126,0.32877079978529256,
207,40.4723564143854,11.097691894793345,9.353193773483628,11.916264090177133,2.898550724637681,11.728395061728396,11.708266237251744,0.4562533548040794,0.040257648953301126,0.32877079978529256,
208,40.955448201825014,10.929951690821255,9.158615136876007,11.896135265700483,3.1535158346752548,11.493558776167472,11.674718196457327,0.36902844873859364,0.040257648953301126,0.32877079978529256,
209,41.12989801395599,10.849436392914654,9.145195920558239,11.896135265700483,3.1535158346752548,11.493558776167472,11.594202898550725,0.36902844873859364,0.040257648953301126,0.32877079978529256,
210,41.35131508319914,10.849436392914654,9.145195920558239,11.81561996779388,3.1535158346752548,11.493558776167472,11.453301127214171,0.36902844873859364,0.040257648953301126,0.32877079978529256,
211,41.63311862587225,10.721953837895867,9.145195920558239,11.788781535158346,3.126677402039721,11.453301127214171,11.392914653784219,0.36902844873859364,0.040257648953301126,0.32877079978529256,
212,42.1833064949007,10.654857756307031,9.138486312399356,11.621041331186259,2.999194847020934,11.372785829307569,11.33923778851315,0.322061191626409,0.040257648953301126,0.32877079978529256,
213,42.53220611916264,10.48040794417606,9.111647879763822,11.560654857756306,2.932098765432099,11.372785829307569,11.3191089640365,0.322061191626409,0.040257648953301126,0.32877079978529256,
214,42.86768652710682,10.34621578099839,9.111647879763822,11.43317230273752,2.8918411164787976,11.33923778851315,11.3191089640365,0.322061191626409,0.040257648953301126,0.32877079978529256,
215,42.81400966183575,10.198604401502953,9.044551798174986,11.2788513150832,2.7308105206655933,10.93666129898014,12.392646269457863,0.322061191626409,0.040257648953301126,0.24154589371980675,
216,43.05555555555556,10.111379495437467,8.923778851315083,11.2788513150832,2.703972088030059,10.929951690821255,12.392646269457863,0.322061191626409,0.040257648953301126,0.24154589371980675,
217,43.16961889425657,10.104669887278583,8.903650026838433,11.272141706924316,2.703972088030059,10.903113258185721,12.338969404186795,0.322061191626409,0.040257648953301126,0.24154589371980675,
218,43.49838969404187,10.104669887278583,8.393719806763285,11.225174449812132,3.33467525496511,10.681696188942565,12.157809983896941,0.322061191626409,0.040257648953301126,0.24154589371980675,
219,43.572195383789584,10.091250670960816,8.393719806763285,11.171497584541063,3.33467525496511,10.681696188942565,12.151100375738057,0.322061191626409,0.040257648953301126,0.24154589371980675,
220,43.73322597960279,10.077831454643048,8.393719806763285,11.097691894793345,3.33467525496511,10.621309715512615,12.13768115942029,0.322061191626409,0.040257648953301126,0.24154589371980675,
221,44.39747718733226,9.990606548577563,8.192431561996779,11.044015029522276,3.1333870101986045,10.587761674718196,12.070585077831455,0.30193236714975846,0.040257648953301126,0.24154589371980675,
222,44.98792270531401,9.655126140633387,8.044820182501342,10.84272678475577,3.1065485775630703,10.82259796027912,11.956521739130435,0.30193236714975846,0.040257648953301126,0.24154589371980675,
223,45.571658615136876,9.473966720343531,7.856951154052603,10.661567364465915,3.1065485775630703,10.768921095008052,11.748523886205046,0.30193236714975846,0.040257648953301126,0.46967257112184646,
224,45.6454643048846,9.27938808373591,7.9106280193236715,10.59447128287708,3.079710144927536,10.976918947933441,11.701556629092861,0.30193236714975846,0.040257648953301126,0.46967257112184646,
225,45.95410628019324,9.265968867418144,7.823403113258186,10.59447128287708,3.079710144927536,10.856146001073537,11.614331723027375,0.30193236714975846,0.040257648953301126,0.46967257112184646,
226,46.27616747181965,9.138486312399356,7.7831454643048845,10.587761674718196,3.046162104133119,10.775630703166936,11.600912506709609,0.28180354267310787,0.040257648953301126,0.46967257112184646,
227,46.49087493290392,9.138486312399356,7.7831454643048845,10.540794417606012,2.9723564143853998,10.72866344605475,11.553945249597424,0.28180354267310787,0.040257648953301126,0.46967257112184646,
228,46.62506709608159,9.104938271604938,7.648953301127214,10.527375201288244,2.9723564143853998,10.72866344605475,11.600912506709609,0.28180354267310787,0.040257648953301126,0.46967257112184646,
229,46.792807300053674,9.03113258185722,7.635534084809447,10.50053676865271,2.9723564143853998,10.7085346215781,11.56736446591519,0.28180354267310787,0.040257648953301126,0.46967257112184646,
230,45.8870101986044,8.984165324745035,9.520933977455716,10.493827160493828,2.757648953301127,10.258990874932904,11.419753086419753,0.28180354267310787,0.040257648953301126,0.35560923242082665,
231,46.09500805152979,8.896940418679549,9.346484165324744,10.46027911969941,2.737520128824477,10.393183038110575,11.419753086419753,0.28180354267310787,0.040257648953301126,0.32877079978529256,
232,35.18518518518518,7.581857219538379,4.435050993022007,37.466451959205585,0.9997316156736447,6.615673644659152,7.454374664519592,0.2281266774020397,0.03354804079441761,,
233,35.71524422973698,7.575147611379496,4.435050993022007,37.084004294149224,0.9997316156736447,6.521739130434782,7.407407407407407,0.2281266774020397,0.03354804079441761,,
234,35.79575952764358,7.575147611379496,4.435050993022007,37.07729468599034,0.9997316156736447,6.488191089640365,7.367149758454106,0.2281266774020397,0.03354804079441761,,
235,35.970209339774556,7.575147611379496,4.408212560386473,36.95652173913044,0.9997316156736447,6.481481481481482,7.347020933977456,0.2281266774020397,0.03354804079441761,,
236,36.131239935587764,7.575147611379496,4.528985507246377,36.191626409017715,1.107085346215781,6.353998926462695,7.25979602791197,0.8185721953837896,0.03354804079441761,,
237,35.61460010735373,8.682232957595277,4.616210413311863,32.17257112184648,1.107085346215781,6.260064412238325,7.018250134192163,4.49543746645196,0.03354804079441761,,
