,45,50,52,55,51,53,54,57,60,59,58,56,61
0,99.91277509393451,0.08722490606548577,,,,,,,,,,,
1,99.43639291465378,0.5636070853462157,,,,,,,,,,,
2,98.8996242619431,1.1003757380568975,,,,,,,,,,,
3,94.32367149758454,5.662909286097692,0.013419216317767043,,,,,,,,,,
4,92.97504025764896,6.977992485238862,0.013419216317767043,0.03354804079441761,,,,,,,,,
5,92.68652710681697,7.232957595276436,0.013419216317767043,0.06709608158883522,,,,,,,,,
6,91.63982823403113,8.279656468062266,0.013419216317767043,0.06709608158883522,,,,,,,,,
7,91.50563607085346,8.400429414922169,0.013419216317767043,0.08051529790660225,,,,,,,,,
8,89.64036500268384,10.19189479334407,0.013419216317767043,0.15432098765432098,,,,,,,,,
9,88.31186258722491,11.520397208803006,0.013419216317767043,0.15432098765432098,,,,,,,,,
10,84.75577026301664,15.069779924852389,0.013419216317767043,0.1610305958132045,,,,,,,,,
11,84.09151905528716,14.814814814814815,0.013419216317767043,0.17444981213097155,0.9057971014492754,,,,,,,,
12,83.8768115942029,15.022812667740205,0.020128824476650563,0.17444981213097155,0.9057971014492754,,,,,,,,
13,83.54133118625872,15.291196994095545,0.08722490606548577,0.17444981213097155,0.9057971014492754,,,,,,,,
14,75.3623188405797,22.69860440150295,0.08722490606548577,0.2549651100375738,0.9393451422436929,0.026838432635534086,0.630703166935051,,,,,,
15,74.49006977992485,23.221953837895867,0.11406333870101985,0.5501878690284487,0.966183574879227,0.026838432635534086,0.630703166935051,,,,,,
16,74.02710681696189,23.66478797638218,0.11406333870101985,0.5703166935050993,0.966183574879227,0.026838432635534086,0.630703166935051,,,,,,
17,71.83306494900698,25.805152979066023,0.11406333870101985,0.6038647342995169,0.966183574879227,0.04696725711218465,0.630703166935051,,,,,,
18,71.8263553408481,25.751476113794954,0.11406333870101985,0.6172839506172839,0.966183574879227,0.04696725711218465,0.6508319914117016,0.026838432635534086,,,,,
19,71.50429414922168,26.019860440150296,0.11406333870101985,0.6776704240472357,0.9594739667203436,0.04696725711218465,0.6508319914117016,0.026838432635534086,,,,,
20,70.73268921095008,26.764626945786365,0.11406333870101985,0.6776704240472357,0.9863123993558777,0.04696725711218465,0.6508319914117016,0.026838432635534086,,,,,
21,69.93424584004295,27.059849704777243,0.11406333870101985,0.7112184648416533,1.2949543746645196,0.0939345142243693,0.7648953301127214,0.026838432635534086,,,,,
22,68.5654857756307,28.415190552871714,0.11406333870101985,0.7112184648416533,1.2681159420289856,0.0939345142243693,0.8051529790660226,0.026838432635534086,,,,,
23,65.21068169618894,31.696188942565755,0.11406333870101985,0.7514761137949544,1.2681159420289856,0.0939345142243693,0.8387010198604401,0.026838432635534086,,,,,
24,64.89533011272141,31.622383252818036,0.11406333870101985,0.7514761137949544,1.2546967257112185,0.49651100375738055,0.8387010198604401,0.026838432635534086,,,,,
25,64.45920558239399,31.00509930220075,0.8722490606548577,0.785024154589372,1.4962426194310252,0.5166398282340311,0.8387010198604401,0.026838432635534086,,,,,
26,64.13714439076757,30.931293612453032,0.8990874932903918,0.8185721953837896,1.6975308641975309,0.6508319914117016,0.8387010198604401,0.026838432635534086,,,,,
27,63.89559849704777,30.97826086956522,0.8990874932903918,0.9796027911969941,1.7310789049919484,0.6508319914117016,0.8387010198604401,0.026838432635534086,,,,,
28,63.45276435856146,31.092324208266238,0.8990874932903918,1.0064412238325282,2.033011272141707,0.6508319914117016,0.8387010198604401,0.026838432635534086,,,,,
29,60.03086419753087,34.306226516371446,0.8319914117015567,1.0466988727858293,2.26784755770263,0.6508319914117016,0.8387010198604401,0.026838432635534086,,,,,
30,59.896672034353195,34.41358024691358,0.8319914117015567,1.0601180891035964,2.281266774020397,0.6508319914117016,0.8387010198604401,0.026838432635534086,,,,,
31,59.42699946323135,34.614868491680085,1.1003757380568975,1.0601180891035964,2.281266774020397,0.6508319914117016,0.8387010198604401,0.026838432635534086,,,,,
32,59.044551798174986,34.68867418142781,1.3553408480944713,1.1003757380568975,2.26784755770263,0.6508319914117016,0.8655394524959742,0.026838432635534086,,,,,
33,56.89076757917338,36.72168545356951,1.3955984970477724,1.1406333870101986,2.26784755770263,0.6709608158883521,0.8856682769726248,0.026838432635534086,,,,,
34,56.837090713902306,36.67471819645733,1.3955984970477724,1.2144390767579174,2.2946859903381642,0.6709608158883521,0.8722490606548577,0.026838432635534086,0.013419216317767043,,,,
35,54.95840042941492,38.53327965646806,1.3955984970477724,1.2010198604401503,2.2946859903381642,0.7045088566827697,0.8722490606548577,0.026838432635534086,0.013419216317767043,,,,
36,54.82420826623725,38.51315083199141,1.4492753623188406,1.288244766505636,2.3081052066559313,0.7045088566827697,0.8722490606548577,0.026838432635534086,0.013419216317767043,,,,
37,54.42163177670424,38.848631239935585,1.4224369296833066,1.402308105206656,2.301395598497048,0.7045088566827697,0.8051529790660226,0.026838432635534086,0.013419216317767043,0.05367686527106817,,,
38,54.220343531937736,38.66747181964573,1.442565754159957,1.5432098765432098,2.522812667740204,0.7045088566827697,0.7313472893183038,0.026838432635534086,0.013419216317767043,0.040257648953301126,0.08722490606548577,,
39,54.08615136876006,37.936124530327426,1.442565754159957,2.0933977455716586,2.8113258185721954,0.7313472893183038,0.7313472893183038,0.026838432635534086,0.013419216317767043,0.040257648953301126,0.08722490606548577,,
40,53.254159957058505,38.39237788513151,1.415727321524423,2.086688137412775,3.1736446591519054,0.7313472893183038,0.7783145464304885,0.026838432635534086,0.013419216317767043,0.040257648953301126,0.08722490606548577,,
41,53.16022544283414,38.2313472893183,1.4224369296833066,2.167203435319377,3.260869565217391,0.8521202361782072,0.7380568974771873,0.026838432635534086,0.013419216317767043,0.040257648953301126,0.08722490606548577,,
42,52.89855072463768,38.378958668813745,1.4224369296833066,2.254428341384863,3.3011272141706924,0.8521202361782072,0.7380568974771873,0.026838432635534086,,0.040257648953301126,0.08722490606548577,,
43,52.69726247987118,38.439345142243695,1.4761137949543746,2.281266774020397,3.3279656468062266,0.8521202361782072,0.7716049382716049,0.026838432635534086,,0.040257648953301126,0.08722490606548577,,
44,52.442297369833604,37.68786902844874,2.4020397208803006,2.26784755770263,3.3145464304884595,0.9460547504025765,0.785024154589372,0.026838432635534086,,0.040257648953301126,0.08722490606548577,,
45,52.45571658615137,37.6207729468599,2.3886205045625335,2.301395598497048,3.361513687600644,0.9326355340848095,0.785024154589372,0.026838432635534086,,0.040257648953301126,0.08722490606548577,,
46,49.986580783682236,39.98926462694579,2.368491680085883,2.3483628556092326,3.421900161030596,0.9460547504025765,0.785024154589372,0.026838432635534086,,0.040257648953301126,0.08722490606548577,,
47,49.59742351046699,39.79468599033817,3.44873859366613,2.341653247450349,3.4017713365539453,0.9728931830381106,0.38915727321524424,0.026838432635534086,,0.026838432635534086,,,
48,47.82608695652174,41.7337627482555,3.421900161030596,2.4154589371980677,3.1870638754696725,0.9728931830381106,0.38915727321524424,0.026838432635534086,,0.026838432635534086,,,
49,47.26247987117552,42.35775630703167,3.421900161030596,2.4154589371980677,3.1535158346752548,0.9192163177670424,0.41599570585077833,0.026838432635534086,,0.026838432635534086,,,
50,46.26945786366076,42.43156199677939,3.408480944712829,2.5026838432635534,3.9519592055823938,0.9057971014492754,0.4562533548040794,0.026838432635534086,,0.026838432635534086,,0.020128824476650563,
51,46.06816961889426,42.391304347826086,3.4017713365539453,2.717391304347826,3.965378421900161,0.9057971014492754,0.4562533548040794,0.026838432635534086,,0.026838432635534086,,0.040257648953301126,
52,45.99436392914654,42.12292002147075,3.374932903918411,3.046162104133119,3.9586688137412773,0.9259259259259259,0.4562533548040794,0.05367686527106817,,0.026838432635534086,,0.040257648953301126,
53,45.75952764358561,41.76060118089104,4.435050993022007,2.898550724637681,3.7037037037037037,0.8722490606548577,0.4294149221685454,0.07380568974771873,,0.026838432635534086,,0.040257648953301126,
54,40.673644659151904,48.40311325818572,3.4420289855072466,3.052871712292002,3.1468062265163717,0.7514761137949544,0.4092860976918948,0.07380568974771873,,0.026838432635534086,,0.020128824476650563,
55,40.445517981749866,48.58427267847558,3.4151905528717124,3.099838969404187,3.1468062265163717,0.7514761137949544,0.4092860976918948,0.10064412238325282,,0.026838432635534086,,0.020128824476650563,
56,40.25093934514224,48.678207192699944,3.4151905528717124,3.1065485775630703,3.2004830917874396,0.7514761137949544,0.4495437466451959,0.10064412238325282,,0.026838432635534086,,0.020128824476650563,
57,39.27133655394525,49.35587761674718,3.6231884057971016,3.1602254428341383,3.1870638754696725,0.7581857219538379,0.46967257112184646,0.1274825550187869,,0.026838432635534086,,0.020128824476650563,
58,38.446054750402574,50.30193236714976,3.4621578099838968,3.260869565217391,3.180354267310789,0.7581857219538379,0.4428341384863124,0.10064412238325282,,0.026838432635534086,,0.020128824476650563,
59,37.956253354804076,50.81857219538379,3.4621578099838968,3.2206119162640903,3.193773483628556,0.7581857219538379,0.4428341384863124,0.10064412238325282,,0.026838432635534086,,0.020128824476650563,
60,36.922973698336016,52.42887815351583,3.421900161030596,2.965646806226516,2.6704240472356413,0.7716049382716049,0.6374127750939346,0.0939345142243693,,0.026838432635534086,,0.06038647342995169,
61,36.81561996779388,52.07997852925389,3.455448201825013,3.294417606011809,2.690552871712292,0.8387010198604401,0.6239935587761675,0.11406333870101985,,0.026838432635534086,,0.06038647342995169,
62,30.709876543209877,58.25281803542673,3.421900161030596,3.4957058507783145,2.509393451422437,0.798443370907139,0.5837359098228664,0.11406333870101985,,0.026838432635534086,,0.08722490606548577,
63,30.750134192163177,58.02469135802469,3.408480944712829,3.6500268384326353,2.5026838432635534,0.798443370907139,0.6239935587761675,0.1274825550187869,,0.026838432635534086,,0.08722490606548577,
64,30.669618894256576,57.769726247987116,3.3413848631239937,3.743961352657005,2.844873859366613,0.7783145464304885,0.6105743424584005,0.1274825550187869,,0.026838432635534086,,0.08722490606548577,
65,30.709876543209877,57.48792270531401,3.374932903918411,3.8043478260869565,2.871712292002147,0.7783145464304885,0.7179280730005367,0.1274825550187869,,0.026838432635534086,,0.10064412238325282,
66,30.67632850241546,56.64922168545357,3.8915727321524423,4.079441760601181,2.9253891572732154,0.785024154589372,0.7179280730005367,0.1274825550187869,,0.026838432635534086,,0.12077294685990338,
67,30.66290928609769,56.53515834675255,3.92512077294686,4.1532474503489,2.932098765432099,0.798443370907139,0.7179280730005367,0.1274825550187869,,0.026838432635534086,,0.12077294685990338,
68,30.689747718733226,56.374127750939344,3.92512077294686,4.247181964573269,2.945517981749866,0.8118625872249061,0.7313472893183038,0.1274825550187869,,0.026838432635534086,,0.12077294685990338,
69,30.689747718733226,56.092324208266234,3.784219001610306,4.62962962962963,2.918679549114332,0.8118625872249061,0.7716049382716049,0.1274825550187869,,0.026838432635534086,,0.14761137949543746,
70,30.24020397208803,56.635802469135804,3.784219001610306,4.575952764358561,2.918679549114332,0.798443370907139,0.7179280730005367,0.1274825550187869,0.026838432635534086,0.026838432635534086,,0.14761137949543746,
71,29.421631776704242,57.340311325818575,3.616478797638218,4.468599033816425,2.9589371980676327,1.1741814278046163,0.7179280730005367,0.1274825550187869,,0.026838432635534086,,0.14761137949543746,
72,28.864734299516908,55.61594202898551,2.9790660225442833,4.7168545356951155,5.622651637144391,1.2010198604401503,0.7179280730005367,0.1274825550187869,,0.026838432635534086,,0.1274825550187869,
73,28.837895866881375,55.152979066022546,2.9790660225442833,4.9651100375738055,5.609232420826624,1.2278582930756843,0.9460547504025765,0.1274825550187869,,0.026838432635534086,,0.1274825550187869,
74,28.75067096081589,54.54240472356415,3.0059044551798175,5.293880837359098,5.649490069779925,1.5297906602254427,0.9460547504025765,0.1274825550187869,,0.026838432635534086,,0.1274825550187869,
75,28.468867418142782,54.04589371980676,2.791196994095545,5.0993022007514766,5.649490069779925,2.737520128824477,0.9930220075147611,0.08051529790660225,,0.0067096081588835215,,0.1274825550187869,
76,28.207192699946322,53.5829307568438,2.757648953301127,5.542136339237788,5.649490069779925,2.8650026838432634,1.1808910359634996,0.08051529790660225,0.013419216317767043,0.0067096081588835215,,0.11406333870101985,
77,26.96591519055287,55.36768652710682,3.099838969404187,5.595813204508857,4.790660225442834,2.7777777777777777,1.2144390767579174,0.08051529790660225,0.013419216317767043,0.0067096081588835215,,0.08722490606548577,
78,26.690821256038646,55.51529790660226,3.079710144927536,5.636070853462158,4.918142780461621,2.7777777777777777,1.1943102522812667,0.08051529790660225,0.013419216317767043,0.0067096081588835215,,0.08722490606548577,
79,26.650563607085346,54.609500805152976,2.831454643048846,5.629361245303274,4.898013955984971,3.978797638217928,1.1943102522812667,0.08051529790660225,0.013419216317767043,0.0067096081588835215,,0.10735373054213634,
80,26.684111647879764,54.38137412775094,2.8247450348899625,5.736714975845411,4.891304347826087,4.092860976918948,1.1943102522812667,0.06709608158883522,0.013419216317767043,0.0067096081588835215,,0.10735373054213634,
81,26.54320987654321,54.126409017713364,2.8113258185721954,5.810520665593129,5.226784755770263,4.032474503488996,1.2077294685990339,0.06709608158883522,0.013419216317767043,0.0067096081588835215,0.04696725711218465,0.10735373054213634,
82,24.349168008588297,56.87063875469673,3.3279656468062266,5.629361245303274,4.9651100375738055,3.556092324208266,0.9460547504025765,0.06709608158883522,0.013419216317767043,0.0067096081588835215,0.05367686527106817,0.2147074610842727,
83,24.376006441223833,56.72302737520129,3.294417606011809,5.743424584004294,5.005367686527107,3.556092324208266,0.9460547504025765,0.06709608158883522,0.013419216317767043,0.0067096081588835215,0.05367686527106817,0.2147074610842727,
84,24.194847020933977,55.54884594739667,3.8177670424047236,6.005099302200751,5.381105743424584,3.5762211486849167,1.1205045625335481,0.06709608158883522,0.013419216317767043,0.0067096081588835215,0.05367686527106817,0.2147074610842727,
85,23.62453032742888,56.03864734299517,3.81105743424584,6.085614600107354,5.3341384863123995,3.603059581320451,1.1473429951690821,0.06709608158883522,0.013419216317767043,0.0067096081588835215,0.05367686527106817,0.2147074610842727,
86,23.409822866344605,53.207192699946326,3.5963499731615673,5.6964573268921095,9.353193773483628,3.2340311325818574,1.1540526033279657,0.06709608158883522,0.013419216317767043,0.0067096081588835215,0.04696725711218465,0.2147074610842727,
87,23.45679012345679,53.05958132045089,3.6231884057971016,5.689747718733226,9.078099838969404,3.2474503488996245,1.1540526033279657,0.06709608158883522,0.013419216317767043,0.0067096081588835215,0.04696725711218465,0.5568974771873323,
88,23.450080515297905,52.9320987654321,3.616478797638218,5.810520665593129,9.07139023081052,3.2474503488996245,1.1808910359634996,0.06709608158883522,0.013419216317767043,0.0067096081588835215,0.04696725711218465,0.5568974771873323,
89,23.429951690821255,52.57648953301127,3.616478797638218,5.931293612453032,9.037842190016104,3.475577026301664,1.2077294685990339,0.06709608158883522,0.013419216317767043,0.0067096081588835215,0.04696725711218465,0.5904455179817498,
90,23.429951690821255,52.47584541062802,3.6366076221148687,5.998389694041868,9.03113258185722,3.4822866344605474,1.2077294685990339,0.06709608158883522,0.026838432635534086,0.0067096081588835215,0.04696725711218465,0.5904455179817498,
91,23.470209339774556,52.38862050456253,3.6366076221148687,5.991680085882985,9.03113258185722,3.475577026301664,1.2681159420289856,0.06709608158883522,0.026838432635534086,0.0067096081588835215,0.04696725711218465,0.5904455179817498,
92,23.282340311325818,52.47584541062802,3.629898013955985,6.105743424584004,9.017713365539452,3.4688674181427803,1.2681159420289856,0.06709608158883522,0.026838432635534086,0.0067096081588835215,0.04696725711218465,0.6038647342995169,
93,23.34272678475577,52.39533011272142,3.670155662909286,6.092324208266238,8.99087493290392,3.4957058507783145,1.2681159420289856,0.06709608158883522,0.026838432635534086,,0.04696725711218465,0.6038647342995169,
94,21.557971014492754,54.51556629092861,3.6902844873859366,6.099033816425121,8.641975308641975,3.4822866344605474,1.2345679012345678,0.06709608158883522,0.026838432635534086,,0.05367686527106817,0.630703166935051,
95,21.517713365539453,53.79092860976919,3.6768652710681695,6.266774020397209,8.601717659688674,3.3950617283950617,1.9726247987117553,0.06709608158883522,0.026838432635534086,,0.05367686527106817,0.630703166935051,
96,21.32313472893183,53.16022544283414,3.629898013955985,6.179549114331723,8.829844337090714,4.079441760601181,1.9726247987117553,0.08722490606548577,0.026838432635534086,,0.05367686527106817,0.6575415995705851,
97,21.14868491680086,52.97906602254428,3.670155662909286,6.528448738593666,8.76274825550188,4.045893719806763,1.9860440150295222,0.10064412238325282,0.026838432635534086,,0.05367686527106817,0.6977992485238862,
98,21.07487922705314,52.95222758990875,3.656736446591519,6.535158346752549,8.883521202361782,4.066022544283414,1.9726247987117553,0.10064412238325282,0.026838432635534086,,0.05367686527106817,0.6776704240472357,
99,21.014492753623188,52.75093934514224,3.683574879227053,6.588835212023618,9.01100375738057,4.066022544283414,2.0263016639828235,0.10064412238325282,0.026838432635534086,,0.05367686527106817,0.6776704240472357,
100,21.07487922705314,52.67713365539453,3.6768652710681695,6.622383252818035,8.957326892109501,4.052603327965647,2.0799785292538915,0.10064412238325282,0.026838432635534086,,0.05367686527106817,0.6776704240472357,
101,20.954106280193237,52.29468599033817,3.6902844873859366,6.877348362855609,8.93719806763285,4.3478260869565215,2.0531400966183573,0.07380568974771873,0.026838432635534086,,0.06709608158883522,0.6776704240472357,
102,20.538110574342458,51.7914653784219,3.6231884057971016,6.857219538378959,9.728931830381105,4.562533548040794,2.0531400966183573,0.07380568974771873,0.026838432635534086,,0.06709608158883522,0.6776704240472357,
103,20.1959205582394,51.039989264626946,3.5829307568438002,7.105475040257649,10.554213633923778,4.5893719806763285,2.0531400966183573,0.07380568974771873,0.026838432635534086,,0.06709608158883522,0.7112184648416533,
104,20.175791733762747,50.1207729468599,3.5762211486849167,7.96430488459474,10.607890499194847,4.575952764358561,2.059849704777241,0.07380568974771873,0.026838432635534086,,0.0939345142243693,0.7246376811594203,
105,20.148953301127214,49.966451959205585,3.5963499731615673,8.091787439613526,10.59447128287708,4.602791196994096,2.0397208803005906,0.07380568974771873,0.026838432635534086,,0.0939345142243693,0.7648953301127214,
106,20.061728395061728,49.6309715512614,3.5963499731615673,8.185721953837897,10.520665593129362,4.62962962962963,2.3752012882447664,0.07380568974771873,0.026838432635534086,,0.0939345142243693,0.8051529790660226,
107,19.75979602791197,48.752012882447666,3.44873859366613,8.165593129361245,11.876006441223833,4.5960815888352125,2.341653247450349,0.07380568974771873,0.026838432635534086,,0.0939345142243693,0.8655394524959742,
108,19.719538378958667,48.590982286634464,3.4017713365539453,8.239398819108963,12.070585077831455,4.502147074610843,2.3752012882447664,0.07380568974771873,0.026838432635534086,,0.0939345142243693,0.9057971014492754,
109,19.699409554482017,48.429951690821255,3.4420289855072466,8.319914117015566,12.070585077831455,4.502147074610843,2.3752012882447664,0.07380568974771873,0.026838432635534086,,0.0939345142243693,0.966183574879227,
110,19.732957595276435,48.32259796027912,3.4017713365539453,8.413848631239935,12.04374664519592,4.522275899087493,2.3617820719269993,0.07380568974771873,0.026838432635534086,,0.0939345142243693,1.0064412238325282,
111,19.732957595276435,48.20182501341922,3.4017713365539453,8.454106280193237,12.016908212560386,4.575952764358561,2.395330112721417,0.07380568974771873,0.026838432635534086,,0.0939345142243693,1.0265700483091786,
112,19.746376811594203,47.155126140633385,3.3950617283950617,8.246108427267847,11.929683306494901,5.891035963499732,2.4221685453569513,0.07380568974771873,0.026838432635534086,,0.0939345142243693,1.0198604401502953,
113,19.343800322061192,46.63848631239936,3.3950617283950617,8.279656468062266,12.882447665056361,5.790391841116479,2.4020397208803006,0.07380568974771873,0.026838432635534086,,0.1274825550187869,1.0399892646269457,
114,19.37734836285561,46.51100375738057,3.3950617283950617,8.3467525496511,12.889157273215245,5.810520665593129,2.3886205045625335,0.07380568974771873,0.040257648953301126,,0.1274825550187869,1.0399892646269457,
115,19.444444444444443,46.383521202361784,3.408480944712829,8.333333333333334,12.848899624261943,5.877616747181965,2.4221685453569513,0.07380568974771873,0.040257648953301126,,0.1274825550187869,1.0399892646269457,
116,19.45115405260333,46.34997316156736,3.388352120236178,8.407139023081053,12.848899624261943,5.837359098228664,2.408749329039184,0.07380568974771873,0.040257648953301126,,0.1274825550187869,1.06682769726248,
117,19.37734836285561,45.92055823939882,3.5292538915727323,8.695652173913043,12.741545893719806,5.783682232957595,2.6838432635534084,0.06709608158883522,0.040257648953301126,,0.1274825550187869,1.0332796564680622,
118,19.45786366076221,45.73268921095008,3.5292538915727323,8.749329039184111,12.634192163177671,5.756843800322061,2.7643585614600106,0.06038647342995169,0.040257648953301126,,0.15432098765432098,1.107085346215781,0.013419216317767043
119,19.28341384863124,45.22275899087493,3.556092324208266,8.735909822866345,12.593934514224369,5.797101449275362,3.3682232957595275,0.06038647342995169,0.040257648953301126,,0.18115942028985507,1.1473429951690821,0.013419216317767043
120,19.26328502415459,45.18250134192163,3.556092324208266,8.76274825550188,12.580515297906603,5.797101449275362,3.388352120236178,0.08722490606548577,0.040257648953301126,,0.18115942028985507,1.1473429951690821,0.013419216317767043
121,19.28341384863124,44.95437466451959,3.515834675254965,8.816425120772946,12.694578636607622,5.776972624798712,3.421900161030596,0.15432098765432098,0.040257648953301126,,0.18115942028985507,1.1473429951690821,0.013419216317767043
122,19.243156199677937,44.860440150295226,3.44873859366613,8.863392377885132,12.681159420289855,5.931293612453032,3.435319377348363,0.15432098765432098,0.040257648953301126,,0.18115942028985507,1.1473429951690821,0.013419216317767043
123,19.310252281266774,44.69269994632314,3.435319377348363,8.82313472893183,12.68786902844874,6.092324208266238,3.408480944712829,0.15432098765432098,0.05367686527106817,,0.18115942028985507,1.1473429951690821,0.013419216317767043
124,19.370638754696724,44.51154052603328,3.44873859366613,8.890230810520666,12.654320987654321,6.132581857219538,3.3950617283950617,0.1878690284487386,0.05367686527106817,,0.18115942028985507,1.1607622114868492,0.013419216317767043
125,19.330381105743424,44.38405797101449,3.44873859366613,8.903650026838433,12.754965110037574,6.132581857219538,3.3950617283950617,0.1878690284487386,0.05367686527106817,,0.18115942028985507,1.2144390767579174,0.013419216317767043
126,19.363929146537842,44.04857756307032,3.4286097691894795,9.131776704240472,12.714707461084272,6.159420289855072,3.5225442834138487,0.2214170692431562,0.05367686527106817,,0.18115942028985507,1.1607622114868492,0.013419216317767043
127,18.17632850241546,45.1556629092861,3.717122920021471,9.118357487922705,12.446323134728932,6.179549114331723,3.5829307568438002,0.2214170692431562,0.05367686527106817,0.0067096081588835215,0.18115942028985507,1.1473429951690821,0.013419216317767043
128,18.223295759527645,45.08185721953838,3.730542136339238,9.145195920558239,12.446323134728932,6.1929683306494905,3.589640365002684,0.20128824476650564,0.05367686527106817,0.0067096081588835215,0.19457863660762212,1.1205045625335481,0.013419216317767043
129,18.08239398819109,44.927536231884055,3.9452495974235107,9.111647879763822,12.426194310252281,6.179549114331723,3.7573805689747717,0.18115942028985507,0.05367686527106817,0.0067096081588835215,0.19457863660762212,1.1205045625335481,0.013419216317767043
130,17.995169082125603,44.276704240472355,4.757112184648417,8.957326892109501,12.365807836822329,6.172839506172839,3.8848631239935587,0.14761137949543746,0.05367686527106817,0.0067096081588835215,0.1878690284487386,1.1808910359634996,0.013419216317767043
131,17.934782608695652,44.07541599570585,4.757112184648417,8.923778851315083,12.365807836822329,6.152710681696189,4.200214707461084,0.14761137949543746,0.05367686527106817,0.0067096081588835215,0.1878690284487386,1.1808910359634996,0.013419216317767043
132,17.96833064949007,44.03515834675255,4.757112184648417,8.93719806763285,12.305421363392378,6.125872249060655,4.200214707461084,0.14761137949543746,0.05367686527106817,0.06038647342995169,0.1878690284487386,1.2077294685990339,0.013419216317767043
133,18.04884594739667,43.82045088566828,4.74369296833065,9.03113258185722,12.318840579710145,6.125872249060655,4.2203435319377345,0.16774020397208803,0.05367686527106817,0.06038647342995169,0.1878690284487386,1.2077294685990339,0.013419216317767043
134,17.975040257648953,43.63929146537842,4.730273752012883,9.29951690821256,12.318840579710145,6.125872249060655,4.2203435319377345,0.16774020397208803,0.05367686527106817,0.06038647342995169,0.1878690284487386,1.2077294685990339,0.013419216317767043
135,17.498658078368223,43.29039184111648,4.696725711218465,9.333064949006978,13.24476650563607,5.911164787976382,4.30756843800322,0.19457863660762212,0.05367686527106817,0.06038647342995169,0.1878690284487386,1.2077294685990339,0.013419216317767043
136,17.404723564143854,42.941492216854535,4.723564143853999,9.359903381642512,13.385668276972625,5.938003220611916,4.562533548040794,0.18115942028985507,0.05367686527106817,0.06038647342995169,0.1878690284487386,1.1876006441223832,0.013419216317767043
137,17.384594739667204,41.40499194847021,4.723564143853999,9.198872785829307,13.385668276972625,5.964841653247451,6.253354804079442,0.18115942028985507,0.05367686527106817,0.0939345142243693,0.16774020397208803,1.1741814278046163,0.013419216317767043
138,17.277241009125067,40.85480407944176,4.736983360171766,9.708803005904455,13.385668276972625,6.146001073537305,6.166129898013956,0.18115942028985507,0.05367686527106817,0.12077294685990338,0.16774020397208803,1.1876006441223832,0.013419216317767043
139,17.337627482555018,40.70048309178744,4.730273752012883,9.769189479334408,13.378958668813741,6.206387546967257,6.112453032742888,0.18115942028985507,0.05367686527106817,0.13419216317767044,0.16774020397208803,1.2144390767579174,0.013419216317767043
140,17.351046698872786,40.47906602254428,4.7168545356951155,9.71551261406334,13.654052603327965,6.1929683306494905,6.139291465378422,0.18115942028985507,0.05367686527106817,0.13419216317767044,0.16774020397208803,1.2010198604401503,0.013419216317767043
141,15.666935050993022,43.12936124530327,4.5960815888352125,7.9039184111647875,15.747450348899624,5.891035963499732,5.360976918947934,0.14090177133655393,0.05367686527106817,0.13419216317767044,0.16774020397208803,1.1943102522812667,0.013419216317767043
142,15.72061191626409,42.860976918947934,4.582662372517445,8.09849704777241,15.713902308105206,5.891035963499732,5.3274288781535155,0.15432098765432098,0.05367686527106817,0.13419216317767044,0.16774020397208803,1.2815351583467525,0.013419216317767043
143,15.707192699946322,42.64626945786366,4.5960815888352125,7.991143317230274,15.324745034889963,6.387546967257112,5.381105743424584,0.15432098765432098,0.08051529790660225,0.13419216317767044,0.18115942028985507,1.3955984970477724,0.020128824476650563
144,15.734031132581856,42.53220611916264,4.609500805152979,8.017981749865807,15.304616210413311,6.394256575415996,5.4549114331723025,0.15432098765432098,0.05367686527106817,0.13419216317767044,0.18115942028985507,1.4090177133655395,0.020128824476650563
145,15.398550724637682,42.089371980676326,4.609500805152979,7.937466451959206,16.317767042404725,6.380837359098229,5.367686527106817,0.15432098765432098,0.05367686527106817,0.13419216317767044,0.17444981213097155,1.3620504562533549,0.020128824476650563
146,15.4723564143854,41.82769726247987,4.555823939881911,8.152173913043478,16.297638217928075,6.327160493827161,5.367686527106817,0.15432098765432098,0.05367686527106817,0.13419216317767044,0.1878690284487386,1.4492753623188406,0.020128824476650563
147,15.304616210413311,41.51905528717123,4.49543746645196,8.05823939881911,16.445249597423512,6.414385399892646,5.642780461621041,0.20799785292538917,0.08051529790660225,0.13419216317767044,0.1878690284487386,1.4895330112721417,0.020128824476650563
148,15.365002683843263,41.418411164787976,4.38137412775094,8.031400966183575,16.371443907675793,6.608964036500268,5.622651637144391,0.20799785292538917,0.08051529790660225,0.13419216317767044,0.1878690284487386,1.570048309178744,0.020128824476650563
149,15.190552871712292,41.659957058507786,4.408212560386473,7.991143317230274,16.304347826086957,6.5552871712292005,5.649490069779925,0.20799785292538917,0.06709608158883522,0.1610305958132045,0.1878690284487386,1.596886741814278,0.020128824476650563
150,14.928878153515834,41.196994095544824,5.360976918947934,7.937466451959206,16.009125067096083,6.655931293612453,5.595813204508857,0.20799785292538917,0.06709608158883522,0.1610305958132045,0.1878690284487386,1.6706924315619969,0.020128824476650563
151,15.002683843263553,41.06280193236715,5.320719269994632,8.064949006977992,15.70048309178744,6.890767579173376,5.629361245303274,0.2281266774020397,0.06709608158883522,0.1610305958132045,0.1878690284487386,1.6639828234031133,0.020128824476650563
152,14.989264626945786,40.98899624261943,5.166398282340311,8.393719806763285,15.237520128824476,6.837090713902308,5.609232420826624,0.2281266774020397,0.06709608158883522,0.1610305958132045,0.1878690284487386,2.1135265700483092,0.020128824476650563
153,15.009393451422437,40.86822329575953,5.166398282340311,8.413848631239935,15.170424047235642,6.837090713902308,5.709876543209877,0.2281266774020397,0.06709608158883522,0.1610305958132045,0.1878690284487386,2.1604938271604937,0.020128824476650563
154,15.01610305958132,40.74074074074074,5.508588298443371,8.266237251744498,14.9020397208803,6.910896403650026,5.803811057434245,0.24825550187869028,0.06709608158883522,0.1610305958132045,0.1878690284487386,2.167203435319377,0.020128824476650563
155,14.99597423510467,40.687063875469676,5.508588298443371,8.266237251744498,14.687332259796028,6.884057971014493,5.904455179817498,0.24825550187869028,0.06709608158883522,0.1610305958132045,0.41599570585077833,2.15378421900161,0.020128824476650563
156,14.99597423510467,40.57971014492754,5.515297906602254,8.61513687600644,14.526301663982823,6.843800322061192,5.743424584004294,0.2281266774020397,0.06709608158883522,0.14761137949543746,0.5904455179817498,2.1269457863660763,0.020128824476650563
157,14.479334406870638,39.378690284487384,6.152710681696189,9.004294149221685,15.344873859366613,6.655931293612453,5.770263016639828,0.20799785292538917,0.06709608158883522,0.14761137949543746,0.5904455179817498,2.1806226516371443,0.020128824476650563
158,14.512882447665056,39.28475577026302,6.105743424584004,8.903650026838433,15.324745034889963,6.689479334406871,5.978260869565218,0.20799785292538917,0.06709608158883522,0.14761137949543746,0.5904455179817498,2.167203435319377,0.020128824476650563
159,14.593397745571659,38.89559849704777,5.629361245303274,8.910359634997317,15.821256038647343,6.9310252281266775,5.978260869565218,0.20799785292538917,0.06709608158883522,0.1610305958132045,0.5904455179817498,2.1940418679549114,0.020128824476650563
160,14.579978529253891,38.781535158346756,5.629361245303274,8.997584541062801,15.774288781535159,6.843800322061192,6.018518518518518,0.20799785292538917,0.06709608158883522,0.1610305958132045,0.5434782608695652,2.3752012882447664,0.020128824476650563
161,14.579978529253891,38.71443907675792,5.615942028985507,9.064680622651638,15.633387010198604,6.810252281266774,6.018518518518518,0.20799785292538917,0.06709608158883522,0.1610305958132045,0.6105743424584005,2.49597423510467,0.020128824476650563
162,14.586688137412775,38.31186258722491,5.555555555555555,9.104938271604938,15.579710144927537,6.796833064949007,6.461352657004831,0.20799785292538917,0.06709608158883522,0.15432098765432098,0.6105743424584005,2.5429414922168547,0.020128824476650563
163,14.606816961889425,38.238056897477186,5.548845947396672,9.151905528717123,15.566290928609769,6.78341384863124,6.494900697799249,0.2147074610842727,0.06709608158883522,0.16774020397208803,0.5971551261406334,2.5429414922168547,0.020128824476650563
164,14.586688137412775,37.533548040794415,6.615673644659152,9.118357487922705,15.5126140633387,6.622383252818035,6.4412238325281805,0.2147074610842727,0.05367686527106817,0.16774020397208803,0.5904455179817498,2.522812667740204,0.020128824476650563
165,14.61352657004831,37.39935587761675,6.649221685453569,9.131776704240472,15.526033279656469,6.649221685453569,6.427804616210413,0.2147074610842727,0.05367686527106817,0.16774020397208803,0.5904455179817498,2.5563607085346214,0.020128824476650563
166,14.593397745571659,36.882716049382715,6.6760601180891035,9.326355340848094,15.653515834675256,6.602254428341385,6.629092860976919,0.2214170692431562,0.05367686527106817,0.16774020397208803,0.5904455179817498,2.5831991411701556,0.020128824476650563
167,14.573268921095009,36.782071926999464,6.6760601180891035,9.420289855072463,15.593129361245303,6.602254428341385,6.642512077294686,0.2281266774020397,0.05367686527106817,0.16774020397208803,0.5904455179817498,2.6502952227589907,0.020128824476650563
168,14.546430488459475,36.86929683306495,6.696188942565755,9.380032206119163,15.4723564143854,6.602254428341385,6.655931293612453,0.2281266774020397,0.05367686527106817,0.18115942028985507,0.6038647342995169,2.690552871712292,0.020128824476650563
169,14.546430488459475,36.74852388620504,6.689479334406871,9.473966720343531,15.519323671497585,6.602254428341385,6.629092860976919,0.2281266774020397,0.05367686527106817,0.18115942028985507,0.5904455179817498,2.717391304347826,0.020128824476650563
170,11.52710681696189,47.26247987117552,5.636070853462158,9.125067096081589,11.802200751476114,5.8172302737520125,5.58239398819109,0.10735373054213634,0.05367686527106817,0.16774020397208803,0.5233494363929146,2.3752012882447664,0.020128824476650563
171,11.540526033279656,47.04106280193237,5.595813204508857,9.252549651100376,11.963231347289318,5.783682232957595,5.5756843800322065,0.10735373054213634,0.05367686527106817,0.16774020397208803,0.5233494363929146,2.3752012882447664,0.020128824476650563
172,11.553945249597424,46.83977455716586,5.837359098228664,9.41358024691358,11.81561996779388,5.743424584004294,5.5756843800322065,0.11406333870101985,0.05367686527106817,0.15432098765432098,0.5703166935050993,2.3081052066559313,0.020128824476650563
173,11.634460547504025,46.765968867418145,5.8172302737520125,9.426999463231347,11.788781535158346,5.756843800322061,5.5756843800322065,0.11406333870101985,0.05367686527106817,0.15432098765432098,0.5703166935050993,2.3215244229736984,0.020128824476650563
174,11.52710681696189,46.34997316156736,5.837359098228664,9.829575952764358,11.788781535158346,5.810520665593129,5.609232420826624,0.11406333870101985,0.05367686527106817,0.16774020397208803,0.5703166935050993,2.3215244229736984,0.020128824476650563
175,11.654589371980677,46.202361782071925,5.8172302737520125,9.903381642512077,11.788781535158346,5.810520665593129,5.508588298443371,0.12077294685990338,0.05367686527106817,0.16774020397208803,0.5703166935050993,2.38191089640365,0.020128824476650563
176,11.768652710681696,46.15539452495974,5.783682232957595,9.86983360171766,11.627750939345143,5.8239398819108965,5.535426731078905,0.12077294685990338,0.05367686527106817,0.20128824476650564,0.5703166935050993,2.4691358024691357,0.020128824476650563
177,11.788781535158346,46.09500805152979,5.783682232957595,9.91009125067096,11.654589371980677,5.8172302737520125,5.488459473966721,0.12077294685990338,0.06709608158883522,0.2147074610842727,0.5703166935050993,2.4691358024691357,0.020128824476650563
178,11.83574879227053,46.0077831454643,5.783682232957595,9.883252818035427,11.627750939345143,5.877616747181965,5.46833064949007,0.14761137949543746,0.06709608158883522,0.2147074610842727,0.5971551261406334,2.4691358024691357,0.020128824476650563
179,11.869296833064949,45.860171765968865,5.931293612453032,9.970477724100913,11.460010735373054,5.857487922705314,5.501878690284487,0.14761137949543746,0.06709608158883522,0.2147074610842727,0.5971551261406334,2.5026838432635534,0.020128824476650563
180,11.721685453569512,45.73939881910896,5.924584004294149,10.11808910359635,11.439881910896403,5.857487922705314,5.649490069779925,0.14761137949543746,0.06709608158883522,0.2147074610842727,0.5971551261406334,2.5026838432635534,0.020128824476650563
181,11.83574879227053,45.57836822329576,5.964841653247451,10.144927536231885,11.406333870101985,5.844068706387547,5.6964573268921095,0.14761137949543746,0.06709608158883522,0.2147074610842727,0.5971551261406334,2.4825550187869028,0.020128824476650563
182,11.641170155662909,45.2361782071927,6.541867954911433,10.044283413848632,11.151368760064413,5.750134192163178,6.146001073537305,0.1610305958132045,0.06709608158883522,0.2147074610842727,0.5837359098228664,2.442297369833602,0.020128824476650563
183,11.486849168008588,44.64573268921095,6.515029522275899,10.433440687063875,11.406333870101985,5.763553408480945,6.119162640901771,0.2214170692431562,0.06709608158883522,0.2147074610842727,0.5837359098228664,2.522812667740204,0.020128824476650563
184,11.580783682232958,44.477992485238865,6.521739130434782,10.527375201288244,11.3593666129898,5.743424584004294,6.112453032742888,0.2549651100375738,0.06709608158883522,0.2147074610842727,0.5837359098228664,2.536231884057971,0.020128824476650563
185,11.540526033279656,44.00161030595813,5.83064949006978,10.420021470746109,12.761674718196458,5.676328502415459,6.099033816425121,0.30864197530864196,0.06709608158883522,0.20128824476650564,0.5837359098228664,2.4892646269457863,0.020128824476650563
186,11.56736446591519,43.994900697799245,5.770263016639828,10.446859903381643,12.761674718196458,5.662909286097692,6.085614600107354,0.322061191626409,0.06709608158883522,0.20128824476650564,0.5837359098228664,2.5161030595813205,0.020128824476650563
187,11.218464841653248,44.256575415995705,5.810520665593129,10.520665593129362,12.553676865271068,5.60252281266774,6.280193236714976,0.322061191626409,0.06709608158883522,0.20128824476650564,0.5770263016639828,2.5697799248523885,0.020128824476650563
188,8.695652173913043,49.16129898013956,6.5485775630703165,10.178475577026301,10.0979602791197,5.448201825013419,6.260064412238325,0.33548040794417605,0.040257648953301126,0.20128824476650564,0.5636070853462157,2.4490069779924855,0.020128824476650563
189,8.68894256575416,49.08749329039184,6.508319914117015,10.527375201288244,10.050993022007514,5.226784755770263,6.293612453032743,0.36902844873859364,0.040257648953301126,0.16774020397208803,0.5636070853462157,2.4557165861513686,0.020128824476650563
190,8.648684916800859,49.00697799248524,6.454643048845948,10.581052066559312,9.96376811594203,5.226784755770263,6.293612453032743,0.36902844873859364,0.040257648953301126,0.16774020397208803,0.5971551261406334,2.6301663982823404,0.020128824476650563
