,45,50,55,52,51,54,56,57,53,58,62,59,60,65,61,63,64
0,94.99463231347289,5.005367686527107,,,,,,,,,,,,,,,
1,86.07085346215781,13.808373590982287,0.12077294685990338,,,,,,,,,,,,,,
2,67.61943102522812,32.06521739130435,0.30193236714975846,0.013419216317767043,,,,,,,,,,,,,
3,66.82769726247987,32.7361782071927,0.4227053140096618,0.013419216317767043,,,,,,,,,,,,,
4,65.17042404723564,34.11835748792271,0.5837359098228664,0.013419216317767043,0.11406333870101985,,,,,,,,,,,,
5,55.91116478797638,42.12292002147075,0.8185721953837896,1.1473429951690821,,,,,,,,,,,,,
6,50.46967257112185,29.683306494900698,0.5501878690284487,15.801127214170693,3.227321524422974,0.03354804079441761,0.17444981213097155,0.06038647342995169,,,,,,,,,
7,43.25013419216318,36.533816425120776,0.5501878690284487,15.734031132581856,3.2340311325818574,0.06709608158883522,0.17444981213097155,0.1274825550187869,0.32877079978529256,,,,,,,,
8,42.86768652710682,36.16478797638218,0.7917337627482555,15.519323671497585,3.2004830917874396,0.30193236714975846,0.20799785292538917,0.3421900161030596,0.5904455179817498,0.013419216317767043,,,,,,,
9,42.73349436392915,35.96349973161568,0.8722490606548577,15.311325818572195,3.2004830917874396,0.5032206119162641,0.11406333870101985,0.5770263016639828,0.7112184648416533,0.013419216317767043,,,,,,,
10,42.51207729468599,36.05743424584004,0.9192163177670424,15.297906602254429,3.280998389694042,0.5032206119162641,0.11406333870101985,0.5904455179817498,0.7112184648416533,0.013419216317767043,,,,,,,
11,40.405260332796566,35.80246913580247,0.966183574879227,14.090177133655395,6.823671497584541,0.46967257112184646,0.11406333870101985,0.6038647342995169,0.7112184648416533,0.013419216317767043,,,,,,,
12,36.312399355877616,43.14949006977992,0.9057971014492754,12.338969404186795,3.0193236714975846,0.46967257112184646,0.05367686527106817,0.5770263016639828,3.1468062265163717,0.020128824476650563,0.0067096081588835215,,,,,,
13,30.04562533548041,54.5625335480408,0.8655394524959742,7.206119162640902,3.0059044551798175,0.5703166935050993,0.05367686527106817,0.49651100375738055,3.126677402039721,0.020128824476650563,0.0067096081588835215,0.040257648953301126,,,,,
14,29.066022544283413,49.20826623725174,1.288244766505636,8.313204508856682,6.353998926462695,0.5703166935050993,0.23483628556092323,0.5703166935050993,4.30756843800322,0.040257648953301126,0.0067096081588835215,0.040257648953301126,,,,,
15,24.704777241009126,53.48899624261943,1.402308105206656,8.313204508856682,6.3137412775093935,0.5837359098228664,0.24154589371980675,0.5971551261406334,4.240472356414386,0.06709608158883522,0.0067096081588835215,0.040257648953301126,,,,,
16,21.947128287707997,54.5625335480408,1.6639828234031133,7.997852925389157,6.3137412775093935,2.38191089640365,0.322061191626409,0.5703166935050993,4.126409017713366,0.06709608158883522,0.0067096081588835215,0.040257648953301126,,,,,
17,19.75979602791197,51.01315083199141,2.01959205582394,6.9243156199677935,12.580515297906603,2.38191089640365,0.3757380568974772,0.6239935587761675,4.1532474503489,0.12077294685990338,0.0067096081588835215,0.040257648953301126,,,,,
18,15.505904455179817,54.871175523349436,2.368491680085883,6.890767579173376,12.191358024691358,2.6502952227589907,0.5166398282340311,0.6843800322061192,4.1532474503489,0.12077294685990338,0.0067096081588835215,0.040257648953301126,,,,,
19,10.567632850241546,61.171497584541065,2.5563607085346214,6.119162640901771,12.13768115942029,2.623456790123457,0.2885131508319914,0.5568974771873323,3.770799785292539,0.1610305958132045,0.0067096081588835215,0.040257648953301126,,,,,
20,10.520665593129362,60.91653247450349,2.8515834675254963,6.105743424584004,12.117552334943639,2.6167471819645733,0.2885131508319914,0.5703166935050993,3.797638217928073,0.1610305958132045,0.0067096081588835215,0.04696725711218465,,,,,
21,9.25925925925926,50.26838432635534,2.6435856146001075,12.801932367149758,17.559044551798173,2.509393451422437,0.2885131508319914,0.6575415995705851,3.730542136339238,0.2281266774020397,0.0067096081588835215,0.04696725711218465,,,,,
22,8.460815888352121,45.370370370370374,2.3752012882447664,18.988191089640367,17.49194847020934,2.5026838432635534,0.30193236714975846,0.49651100375738055,3.730542136339238,0.2281266774020397,0.0067096081588835215,0.04696725711218465,,,,,
23,6.850509930220075,41.324476650563604,2.8247450348899625,18.914385399892645,23.121309715512613,1.8518518518518519,0.5837359098228664,0.5032206119162641,3.730542136339238,0.24154589371980675,0.0067096081588835215,0.04696725711218465,,,,,
24,6.810252281266774,37.07729468599034,2.636876006441224,18.78690284487386,28.69699409554482,1.556629092860977,0.5636070853462157,0.48980139559849706,2.932098765432099,0.39586688137412773,0.0067096081588835215,0.04696725711218465,,,,,
25,6.6760601180891035,36.71497584541063,3.099838969404187,18.84728931830381,28.576221148684915,1.5499194847020934,0.6239935587761675,0.5300590445517982,2.932098765432099,0.39586688137412773,0.0067096081588835215,0.04696725711218465,,,,,
26,6.635802469135802,36.36607622114869,3.4822866344605474,18.800322061191626,28.27428878153516,1.583467525496511,0.8655394524959742,0.5636070853462157,2.945517981749866,0.39586688137412773,0.013419216317767043,0.04696725711218465,0.026838432635534086,,,,
27,6.635802469135802,36.010466988727856,4.025764895330113,17.85426731078905,27.68384326355341,2.7844873859366612,1.1808910359634996,0.6374127750939346,2.7308105206655933,0.3757380568974772,0.0067096081588835215,0.04696725711218465,0.026838432635534086,,,,
28,3.9049919484702094,21.692163177670423,3.113258185721954,17.371175523349436,47.054482018250134,1.7713365539452497,1.133923778851315,0.7917337627482555,2.6704240472356413,0.4227053140096618,0.0067096081588835215,0.040257648953301126,0.026838432635534086,,,,
29,3.260869565217391,16.57944176060118,2.7308105206655933,17.384594739667204,53.16022544283414,1.5096618357487923,1.3821792807300053,0.8856682769726248,2.636876006441224,0.43612453032742887,0.0067096081588835215,,0.026838432635534086,,,,
30,2.6435856146001075,16.009125067096083,2.952227589908749,15.888352120236178,54.67659688674181,1.9592055823939882,1.8115942028985508,0.9594739667203436,2.623456790123457,0.43612453032742887,0.0067096081588835215,0.0067096081588835215,0.026838432635534086,,,,
31,2.589908749329039,15.962157809983896,2.442297369833602,15.861513687600644,54.91814278046162,1.9793344068706387,2.13365539452496,0.9863123993558777,2.6502952227589907,0.43612453032742887,0.0067096081588835215,0.0067096081588835215,0.026838432635534086,,,,
32,2.589908749329039,15.901771336553946,2.717391304347826,15.861513687600644,54.54240472356415,1.9793344068706387,2.2946859903381642,0.9863123993558777,2.6502952227589907,0.43612453032742887,0.0067096081588835215,0.0067096081588835215,0.026838432635534086,,,,
33,2.576489533011272,36.090982286634464,1.3754696725711217,2.086688137412775,55.40794417606012,0.6374127750939346,1.328502415458937,0.10735373054213634,0.3153515834675255,0.04696725711218465,,,0.026838432635534086,,,,
34,2.509393451422437,35.78234031132582,1.6438539989264627,2.086688137412775,55.2536231884058,0.6709608158883521,1.556629092860977,0.10735373054213634,0.3153515834675255,0.04696725711218465,,,0.026838432635534086,,,,
35,2.509393451422437,35.279119699409556,1.6706924315619969,2.086688137412775,55.2938808373591,0.6709608158883521,1.9927536231884058,0.10735373054213634,0.3153515834675255,0.04696725711218465,,,0.026838432635534086,,,,
36,2.1403650026838434,35.11137949543747,1.7444981213097155,2.059849704777241,55.844068706387546,0.5636070853462157,1.9524959742351047,0.10735373054213634,0.3488996242619431,0.10064412238325282,,,0.026838432635534086,,,,
37,1.9457863660762211,30.159688674181428,1.8786902844873858,2.059849704777241,54.032474503489,3.4822866344605474,2.1604938271604937,0.10735373054213634,4.032474503488996,0.11406333870101985,,,0.026838432635534086,,,,
38,1.9457863660762211,30.06575415995706,2.01959205582394,2.059849704777241,53.40848094471283,3.5628019323671496,2.576489533011272,0.15432098765432098,4.019055287171229,0.11406333870101985,,0.04696725711218465,0.026838432635534086,,,,
39,1.4559849704777241,25.55018786902845,1.9860440150295222,2.85829307568438,54.0727321524423,3.4286097691894795,2.5563607085346214,0.16774020397208803,7.722758990874933,0.10735373054213634,,0.06709608158883522,0.026838432635534086,,,,
40,1.4559849704777241,25.181159420289855,2.1806226516371443,7.50805152979066,52.462426194310254,3.4017713365539453,3.0193236714975846,0.20128824476650564,4.294149221685454,0.17444981213097155,,0.0939345142243693,0.026838432635534086,,,,
41,1.4090177133655395,20.263016639828233,2.1269457863660763,17.767042404723565,49.40955448201825,3.374932903918411,3.0193236714975846,0.38915727321524424,1.9390767579173376,0.1610305958132045,,0.11406333870101985,0.026838432635534086,,,,
42,1.3687600644122384,20.162372517444982,2.120236178207193,23.859366612989803,43.94122383252818,3.0931293612453032,2.932098765432099,0.7917337627482555,1.482823403113258,0.10735373054213634,,0.11406333870101985,0.026838432635534086,,,,
43,1.3687600644122384,19.981213097155127,2.2879763821792807,23.792270531400966,43.887546967257116,3.0595813204508855,3.012614063338701,0.8454106280193237,1.5163714439076759,0.10735373054213634,,0.11406333870101985,0.026838432635534086,,,,
44,1.3687600644122384,19.85373054213634,2.4020397208803006,23.64465915190553,43.592324208266234,3.046162104133119,3.280998389694042,1.0399892646269457,1.4962426194310252,0.10735373054213634,,0.14090177133655393,0.026838432635534086,,,,
45,1.3687600644122384,19.665861513687602,2.4221685453569513,23.423242082662373,43.14949006977992,2.9723564143853998,3.4151905528717124,1.261406333870102,2.0128824476650564,0.10735373054213634,,0.17444981213097155,0.026838432635534086,,,,
46,1.3486312399355878,19.55179817498658,2.4691358024691357,23.329307568438004,43.02871712292002,2.8650026838432634,3.81105743424584,1.328502415458937,2.0128824476650564,0.10735373054213634,,0.12077294685990338,0.026838432635534086,,,,
47,1.3352120236178207,19.39747718733226,2.589908749329039,25.147611379495437,41.156736446591516,2.804616210413312,3.7104133118625873,1.442565754159957,2.0799785292538915,0.16774020397208803,,0.14090177133655393,0.026838432635534086,,,,
48,1.3352120236178207,19.209608158883523,2.757648953301127,25.033548040794418,40.995705850778315,2.804616210413312,3.898282340311326,1.5365002683843263,2.0933977455716586,0.16774020397208803,,0.14090177133655393,0.026838432635534086,,,,
49,1.3352120236178207,17.01556629092861,2.509393451422437,32.588566827697264,37.42619431025228,2.4825550187869028,3.5292538915727323,1.288244766505636,1.5230810520665594,0.1610305958132045,,0.11406333870101985,0.026838432635534086,,,,
50,1.3352120236178207,16.914922168545356,2.7777777777777777,32.326892109500804,36.95652173913044,2.7643585614600106,3.7238325281803544,1.3083735909822867,1.5432098765432098,0.17444981213097155,0.013419216317767043,0.13419216317767044,0.026838432635534086,,,,
51,1.3352120236178207,16.61969940955448,2.9589371980676327,32.27992485238862,36.943102522812666,2.7643585614600106,3.7037037037037037,1.4694041867954912,1.5432098765432098,0.17444981213097155,0.013419216317767043,0.16774020397208803,0.026838432635534086,,,,
52,1.288244766505636,16.223832528180353,2.8650026838432634,22.779119699409556,46.47074610842727,3.7372517444981215,3.6768652710681695,1.0869565217391304,1.4895330112721417,0.17444981213097155,0.013419216317767043,0.16774020397208803,0.026838432635534086,,,,
53,1.288244766505636,16.06280193236715,3.0193236714975846,22.7187332259796,45.60520665593129,3.670155662909286,4.5960815888352125,1.1607622114868492,1.4895330112721417,0.17444981213097155,0.013419216317767043,0.16774020397208803,0.03354804079441761,,,,
54,1.2681159420289856,15.116747181964573,2.737520128824477,24.16129898013956,44.80005367686527,3.670155662909286,4.683306494900698,1.6438539989264627,1.482823403113258,0.1878690284487386,0.013419216317767043,0.20128824476650564,0.03354804079441761,,,,
55,0.8454106280193237,14.150563607085346,2.5697799248523885,18.63929146537842,51.892109500805155,3.488996242619431,5.005367686527107,1.5767579173376274,1.4224369296833066,0.1878690284487386,0.013419216317767043,0.20128824476650564,0.0067096081588835215,,,,
56,0.8454106280193237,14.056629092860977,2.38191089640365,26.321792807300053,44.64573268921095,3.488996242619431,5.173107890499195,1.3352120236178207,1.3486312399355878,0.1878690284487386,0.013419216317767043,0.20128824476650564,,,,,
57,0.8454106280193237,14.036500268384327,2.4020397208803006,26.04669887278583,44.6256038647343,3.6231884057971016,5.199946323134729,1.4694041867954912,1.3486312399355878,0.1878690284487386,0.013419216317767043,0.20128824476650564,,,,,
58,0.8319914117015567,14.016371443907676,2.4154589371980677,25.925925925925927,44.498121309715515,3.6500268384326353,5.300590445517981,1.6103059581320451,1.3486312399355878,0.1878690284487386,0.013419216317767043,0.20128824476650564,,,,,
59,0.8185721953837896,13.976113794954374,2.4691358024691357,27.38191089640365,42.89452495974235,3.5963499731615673,5.4549114331723025,1.6170155662909287,1.3486312399355878,0.1878690284487386,0.013419216317767043,0.24154589371980675,,,,,
60,0.8118625872249061,13.90901771336554,2.4691358024691357,27.167203435319376,41.82769726247987,4.072732152442297,6.172839506172839,1.6975308641975309,1.2949543746645196,0.30193236714975846,0.013419216317767043,0.2616747181964573,,,,,
61,0.8118625872249061,13.264895330112722,2.945517981749866,28.837895866881375,40.21739130434783,3.9318303811057436,6.5552871712292005,1.6505636070853462,1.2949543746645196,0.24154589371980675,0.040257648953301126,0.20128824476650564,,0.0067096081588835215,,,
62,0.7917337627482555,13.22463768115942,2.9790660225442833,28.71712292002147,39.861782071927,3.9452495974235107,6.857219538378959,1.7981749865807837,1.3016639828234031,0.24154589371980675,0.05367686527106817,0.2214170692431562,,0.0067096081588835215,,,
63,0.7917337627482555,13.050187869028449,3.180354267310789,28.522544283413847,39.67391304347826,3.978797638217928,7.112184648416532,1.8250134192163177,1.3083735909822867,0.24154589371980675,0.05367686527106817,0.2549651100375738,,0.0067096081588835215,,,
64,0.7917337627482555,12.949543746645196,3.321256038647343,28.475577026301664,39.432367149758456,3.9720880300590444,7.340311325818572,1.8317230273752012,1.2949543746645196,0.24825550187869028,0.05367686527106817,0.28180354267310787,,0.0067096081588835215,,,
65,0.7783145464304885,12.828770799785293,3.4957058507783145,28.348094471282877,39.05662909286098,3.9452495974235107,7.682501341921632,1.9592055823939882,1.261406333870102,0.27509393451422437,0.05367686527106817,0.30864197530864196,,0.0067096081588835215,,,
66,0.7581857219538379,12.372517444981213,3.5426731078904994,28.099838969404185,39.97584541062802,3.8714439076757916,7.253086419753086,2.214170692431562,1.2345679012345678,0.30193236714975846,0.04696725711218465,0.30864197530864196,0.013419216317767043,0.0067096081588835215,,,
67,0.7581857219538379,12.31213097155126,3.898282340311326,27.851583467525497,39.51959205582394,3.8580246913580245,7.615405260332796,2.2410091250670963,1.2345679012345678,0.30864197530864196,0.04696725711218465,0.33548040794417605,0.013419216317767043,0.0067096081588835215,,,
68,0.7581857219538379,12.298711755233494,3.878153515834675,27.569779924852387,39.31830381105743,3.911701556629093,7.796564680622652,2.15378421900161,1.570048309178744,0.35560923242082665,0.03354804079441761,0.322061191626409,0.013419216317767043,,0.020128824476650563,,
69,0.7514761137949544,11.352657004830919,3.8915727321524423,26.818303811057433,39.2512077294686,6.005099302200751,7.937466451959206,2.2611379495437465,0.9728931830381106,0.36902844873859364,0.05367686527106817,0.322061191626409,0.013419216317767043,,,,
70,0.7514761137949544,11.3191089640365,3.9519592055823938,26.476113794954376,39.17740203972088,5.9514224369296835,8.085077831454644,2.5295222758990876,0.9728931830381106,0.3824476650563607,0.05367686527106817,0.33548040794417605,0.013419216317767043,,,,
71,0.7514761137949544,10.7085346215781,4.414922168545357,23.752012882447666,43.954643048845945,4.542404723564144,8.205850778314547,2.1269457863660763,0.9728931830381106,0.2885131508319914,0.05367686527106817,0.20799785292538917,0.020128824476650563,,,,
72,0.7447665056360708,10.641438539989265,4.757112184648417,23.691626409017715,43.545356951154055,4.569243156199678,8.36688137412775,2.1403650026838434,0.9728931830381106,0.28180354267310787,0.05367686527106817,0.2147074610842727,0.020128824476650563,,,,
73,0.7447665056360708,10.57434245840043,4.569243156199678,21.16881374127751,47.40338164251208,4.549114331723027,7.601986044015029,1.8183038110574343,0.9728931830381106,0.28180354267310787,0.05367686527106817,0.24154589371980675,0.020128824476650563,,,,
74,0.7447665056360708,10.453569511540525,4.7168545356951155,20.98094471282877,46.89345142243693,4.5893719806763285,8.125335480407944,1.8853998926462694,0.9728931830381106,0.28180354267310787,0.06709608158883522,0.2683843263553409,0.020128824476650563,,,,
75,0.7447665056360708,10.373054213633925,4.750402576489533,20.73268921095008,46.64519592055824,4.7168545356951155,8.561460010735374,1.8518518518518519,0.9863123993558777,0.28180354267310787,0.06709608158883522,0.2683843263553409,0.020128824476650563,,,,
76,0.7045088566827697,10.185185185185185,5.5756843800322065,20.491143317230275,46.05475040257649,4.703435319377348,8.668813741277509,1.8518518518518519,1.1137949543746646,0.28180354267310787,0.06709608158883522,0.2683843263553409,0.03354804079441761,,,,
77,0.7045088566827697,10.185185185185185,5.71658615136876,20.33011272141707,45.74610842726785,4.730273752012883,8.809715512614064,1.9524959742351047,1.1137949543746646,0.30193236714975846,0.06709608158883522,0.2952227589908749,0.04696725711218465,,,,
78,0.7045088566827697,10.017444981213098,5.884326355340848,20.135534084809446,45.491143317230275,4.7101449275362315,9.145195920558239,2.0397208803005906,1.1272141706924315,0.30193236714975846,0.06709608158883522,0.2952227589908749,0.08051529790660225,,,,
79,0.6843800322061192,9.990606548577563,5.783682232957595,17.391304347826086,48.34272678475577,5.3341384863123995,8.756038647342995,1.8853998926462694,1.1003757380568975,0.30193236714975846,0.06709608158883522,0.2952227589908749,0.06709608158883522,,,,
80,0.6843800322061192,9.856414385399892,7.62211486849168,17.04911433172303,46.88003220611916,5.3341384863123995,8.474235104669887,1.9659151905528718,1.3821792807300053,0.30193236714975846,0.06709608158883522,0.2952227589908749,0.08722490606548577,,,,
81,0.6843800322061192,9.675254965110037,8.299785292538916,16.874664519592056,46.19565217391305,5.35426731078905,8.641975308641975,2.0933977455716586,1.415727321524423,0.3153515834675255,0.06709608158883522,0.2952227589908749,0.08722490606548577,,,,
82,0.6776704240472357,9.138486312399356,8.413848631239935,16.74718196457327,45.01476113794954,5.260332796564681,8.675523349436393,2.2410091250670963,3.0931293612453032,0.2885131508319914,0.06709608158883522,0.2952227589908749,0.08722490606548577,,,,
83,0.6776704240472357,9.138486312399356,8.581588835212024,16.680085882984432,45.04159957058508,5.226784755770263,8.480944712828771,2.26784755770263,3.1199677938808374,0.2885131508319914,0.06709608158883522,0.32877079978529256,0.10064412238325282,,,,
84,0.6776704240472357,9.104938271604938,8.776167471819646,16.6532474503489,44.83360171765969,5.152979066022544,8.447396672034353,2.281266774020397,3.2541599570585076,0.35560923242082665,0.06709608158883522,0.3153515834675255,0.08051529790660225,,,,
85,0.6776704240472357,9.084809447128288,8.668813741277509,19.256575415995705,43.43129361245303,5.10601180891036,8.185721953837897,1.7646269457863661,3.026033279656468,0.32877079978529256,0.06709608158883522,0.322061191626409,0.08051529790660225,,,,
86,0.6642512077294686,9.057971014492754,8.675523349436393,23.389694041867955,39.36527106816962,5.0791733762748255,8.05823939881911,1.8786902844873858,3.026033279656468,0.322061191626409,0.06709608158883522,0.32877079978529256,0.08051529790660225,,0.0067096081588835215,,
87,0.6575415995705851,8.997584541062801,8.655394524959743,23.19511540526033,38.87546967257112,5.12614063338701,8.373590982286634,1.9726247987117553,3.294417606011809,0.3421900161030596,0.06709608158883522,0.32877079978529256,0.10735373054213634,,0.0067096081588835215,,
88,0.6575415995705851,8.93719806763285,8.735909822866345,23.10789049919485,38.66076221148685,5.112721417069243,8.527911969940956,2.073268921095008,3.294417606011809,0.3421900161030596,0.06709608158883522,0.3421900161030596,0.13419216317767044,,0.0067096081588835215,,
89,0.6575415995705851,8.93719806763285,8.950617283950617,23.07434245840043,38.36553945249597,5.0993022007514766,8.588298443370908,2.1068169618894257,3.2742887815351582,0.36231884057971014,0.06709608158883522,0.3421900161030596,0.13419216317767044,,0.040257648953301126,,
90,0.630703166935051,8.923778851315083,9.057971014492754,23.040794417606012,38.238056897477186,5.059044551798175,8.601717659688674,2.1604938271604937,3.280998389694042,0.4092860976918948,0.06709608158883522,0.3421900161030596,0.14761137949543746,,0.040257648953301126,,
91,0.6105743424584005,8.36688137412775,9.312936124530328,21.14868491680086,41.0024154589372,5.018786902844874,8.460815888352121,2.509393451422437,2.5563607085346214,0.4025764895330113,0.06709608158883522,0.322061191626409,0.18115942028985507,,0.040257648953301126,,
92,0.6105743424584005,8.3467525496511,9.286097691894794,20.974235104669887,40.92860976918948,5.0858829844337095,8.53462157809984,2.589908749329039,2.6033279656468062,0.4025764895330113,0.0939345142243693,0.322061191626409,0.18115942028985507,,0.040257648953301126,,
93,0.6038647342995169,8.293075684380032,9.688674181427805,20.75281803542673,40.445517981749866,5.152979066022544,8.856682769726248,2.5831991411701556,2.6033279656468062,0.4025764895330113,0.0939345142243693,0.2885131508319914,0.19457863660762212,,0.040257648953301126,,
94,0.6038647342995169,8.232689210950081,9.829575952764358,20.571658615136876,39.86849168008588,5.260332796564681,9.359903381642512,2.6301663982823404,2.6033279656468062,0.4227053140096618,0.0939345142243693,0.2885131508319914,0.19457863660762212,,0.040257648953301126,,
95,0.6038647342995169,8.232689210950081,9.91009125067096,20.115405260332796,39.79468599033817,5.293880837359098,9.312936124530328,2.871712292002147,2.7777777777777777,0.4562533548040794,0.0939345142243693,0.2885131508319914,0.20799785292538917,,0.040257648953301126,,
96,0.6038647342995169,8.232689210950081,9.990606548577563,19.90740740740741,39.49946323134729,5.12614063338701,9.433709071390231,2.985775630703167,3.1065485775630703,0.4830917874396135,0.0939345142243693,0.2885131508319914,0.20799785292538917,,0.040257648953301126,,
97,0.6038647342995169,8.232689210950081,11.003757380568974,19.85373054213634,38.6406333870102,5.0858829844337095,9.219001610305957,3.0327428878153517,3.180354267310789,0.4830917874396135,0.0939345142243693,0.2885131508319914,0.24154589371980675,,0.040257648953301126,,
98,0.6038647342995169,8.219269994632313,11.023886205045626,19.712828770799785,38.37224906065486,5.0858829844337095,9.473966720343531,3.1736446591519054,3.193773483628556,0.49651100375738055,0.0939345142243693,0.2683843263553409,0.24154589371980675,,0.040257648953301126,,
99,0.5703166935050993,7.87037037037037,11.473429951690822,19.605475040257648,38.09044551798175,5.152979066022544,9.675254965110037,3.240740740740741,3.193773483628556,0.49651100375738055,0.0939345142243693,0.2616747181964573,0.23483628556092323,,0.040257648953301126,,
100,0.5636070853462157,7.856951154052603,10.903113258185721,21.960547504025765,36.64117015566291,5.3274288781535155,9.64170692431562,2.8784219001610305,3.0931293612453032,0.49651100375738055,0.0939345142243693,0.2683843263553409,0.23483628556092323,,0.040257648953301126,,
101,0.5636070853462157,7.803274288781535,10.768921095008052,21.772678475577028,36.533816425120776,5.320719269994632,9.930220075147611,3.0595813204508855,3.099838969404187,0.48980139559849706,0.0939345142243693,0.27509393451422437,0.23483628556092323,,0.05367686527106817,,
102,0.5636070853462157,7.803274288781535,10.829307568438002,21.73913043478261,36.39291465378422,5.340848094471283,9.950348899624261,3.0931293612453032,3.0931293612453032,0.5434782608695652,0.0939345142243693,0.2683843263553409,0.23483628556092323,,0.05367686527106817,,
103,0.5636070853462157,7.75630703166935,10.923242082662373,21.517713365539453,36.3191089640365,5.314009661835748,10.02415458937198,3.227321524422974,3.0931293612453032,0.5367686527106817,0.0939345142243693,0.3153515834675255,0.24825550187869028,,0.06709608158883522,,
104,0.5636070853462157,7.494632313472893,11.151368760064413,21.30300590445518,36.04401502952228,5.3341384863123995,10.198604401502953,3.33467525496511,3.260869565217391,0.5703166935050993,0.0939345142243693,0.33548040794417605,0.24825550187869028,,0.06709608158883522,,
105,0.5501878690284487,7.4208266237251745,11.18491680085883,21.115136876006442,35.82259796027912,5.394524959742351,10.352925389157273,3.4822866344605474,3.3816425120772946,0.5770263016639828,0.0939345142243693,0.33548040794417605,0.2214170692431562,,0.06709608158883522,,
106,0.5501878690284487,7.4208266237251745,10.795759527643586,21.041331186258724,35.64143853998927,5.669618894256575,10.607890499194847,3.556092324208266,3.3548040794417604,0.6105743424584005,0.0939345142243693,0.3488996242619431,0.24154589371980675,,0.06709608158883522,,
107,0.5501878690284487,7.387278582930757,10.668276972624799,20.994363929146537,35.45356951154053,5.662909286097692,10.876274825550189,3.569511540526033,3.435319377348363,0.6374127750939346,0.0939345142243693,0.3488996242619431,0.2549651100375738,,0.06709608158883522,,
108,0.5501878690284487,7.367149758454106,11.191626409017713,20.491143317230275,34.98389694041868,5.595813204508857,11.20504562533548,3.6634460547504024,3.44873859366613,0.6776704240472357,0.0939345142243693,0.4092860976918948,0.2549651100375738,,0.06709608158883522,,
109,0.5501878690284487,7.286634460547504,11.265432098765432,22.799248523886206,32.9374664519592,5.562265163714439,11.077563070316694,3.629898013955985,3.3682232957595275,0.6776704240472357,0.0939345142243693,0.39586688137412773,0.2616747181964573,,0.0939345142243693,,
110,0.5501878690284487,7.25979602791197,11.419753086419753,22.705314009661837,32.78314546430489,5.60252281266774,11.07085346215781,3.750670960815888,3.3548040794417604,0.6776704240472357,0.06709608158883522,0.4025764895330113,0.2616747181964573,,0.0939345142243693,,
111,0.5501878690284487,7.011540526033279,12.198067632850242,22.36983360171766,32.139023081052066,5.589103596349974,11.419753086419753,3.844605475040258,3.3816425120772946,0.6776704240472357,0.06709608158883522,0.39586688137412773,0.2616747181964573,,0.0939345142243693,,
112,0.5099302200751477,6.870638754696726,12.620772946859903,22.517444981213096,31.82367149758454,5.481749865807837,11.399624261943103,3.898282340311326,3.3548040794417604,0.7045088566827697,0.06709608158883522,0.39586688137412773,0.2616747181964573,,0.0939345142243693,,
113,0.5099302200751477,6.870638754696726,13.170960815888352,22.376543209876544,31.112453032742888,5.595813204508857,11.560654857756306,3.8043478260869565,3.5091250670960816,0.6508319914117016,0.06709608158883522,0.39586688137412773,0.2616747181964573,,0.11406333870101985,,
114,0.5099302200751477,6.776704240472356,13.20450885668277,22.128287707997853,31.00509930220075,5.964841653247451,11.419753086419753,3.8915727321524423,3.616478797638218,0.6508319914117016,0.06709608158883522,0.38915727321524424,0.2616747181964573,,0.11406333870101985,,
115,0.5099302200751477,6.776704240472356,13.217928073000536,21.940418679549115,30.877616747181964,5.938003220611916,11.513687600644122,3.9855072463768115,3.7372517444981215,0.6508319914117016,0.06709608158883522,0.38915727321524424,0.2616747181964573,,0.13419216317767044,,
116,0.5032206119162641,6.729736983360172,13.378958668813741,21.68545356951154,30.609232420826622,5.877616747181965,11.748523886205046,4.086151368760064,3.7104133118625873,0.6977992485238862,0.06709608158883522,0.38915727321524424,0.36902844873859364,,0.14761137949543746,,
117,0.5032206119162641,6.729736983360172,13.425925925925926,21.72571121846484,30.434782608695652,5.870907139023081,11.77536231884058,4.092860976918948,3.7104133118625873,0.7179280730005367,0.06709608158883522,0.38915727321524424,0.36902844873859364,,0.1878690284487386,,
118,0.5032206119162641,6.702898550724638,13.513150831991412,21.410359634997317,29.998658078368223,5.810520665593129,12.573805689747719,4.0995705850778315,3.6902844873859366,0.7179280730005367,0.06709608158883522,0.38915727321524424,0.33548040794417605,,0.1878690284487386,,
119,0.5032206119162641,6.702898550724638,13.58695652173913,21.195652173913043,29.871175523349436,5.978260869565218,12.546967257112184,4.274020397208803,3.6902844873859366,0.6709608158883521,0.06709608158883522,0.36902844873859364,0.3488996242619431,,0.19457863660762212,,
120,0.48980139559849706,6.6827697262479875,13.45276435856146,21.081588835212024,29.656468062265162,6.239935587761675,12.68786902844874,4.327697262479871,3.7104133118625873,0.6709608158883521,0.06709608158883522,0.36902844873859364,0.3488996242619431,,0.2147074610842727,,
121,0.46967257112184646,6.508319914117015,13.33870101986044,21.182232957595275,29.54911433172303,6.327160493827161,12.721417069243156,4.435050993022007,3.7104133118625873,0.7045088566827697,0.06709608158883522,0.39586688137412773,0.3488996242619431,,0.24154589371980675,,
122,0.46967257112184646,6.488191089640365,13.325281803542673,21.16881374127751,29.421631776704242,6.320450885668277,12.801932367149758,4.461889425657541,3.797638217928073,0.6910896403650026,0.06709608158883522,0.39586688137412773,0.3488996242619431,,0.24154589371980675,,
123,0.46967257112184646,6.488191089640365,13.043478260869565,20.954106280193237,29.066022544283413,6.951154052603328,12.942834138486312,4.508856682769726,3.7909286097691894,0.6843800322061192,0.06709608158883522,0.43612453032742887,0.3757380568974772,,0.2214170692431562,,
124,0.46967257112184646,6.481481481481482,13.24476650563607,20.799785292538918,28.871443907675793,6.9243156199677935,12.989801395598498,4.569243156199678,3.8177670424047236,0.7179280730005367,0.06709608158883522,0.41599570585077833,0.4025764895330113,,0.2281266774020397,,
125,0.46967257112184646,6.421095008051529,13.633923778851315,20.933977455716587,28.569511540526033,6.957863660762212,12.93612453032743,4.53569511540526,3.750670960815888,0.6977992485238862,0.06709608158883522,0.41599570585077833,0.3824476650563607,,0.2281266774020397,,
126,0.4495437466451959,6.414385399892646,13.627214170692431,20.840042941492218,27.965646806226516,7.159151905528717,13.41250670960816,4.616210413311863,3.7104133118625873,0.6776704240472357,0.06709608158883522,0.41599570585077833,0.3824476650563607,,0.2616747181964573,,
127,0.4025764895330113,5.434782608695652,12.513419216317766,19.384057971014492,34.836285560923244,5.4549114331723025,12.620772946859903,4.562533548040794,3.099838969404187,0.6776704240472357,0.06038647342995169,0.33548040794417605,0.3421900161030596,,0.27509393451422437,,
128,0.4025764895330113,4.528985507246377,13.56682769726248,19.35721953837896,34.58132045088567,5.428073000536768,12.775093934514224,4.528985507246377,3.0730005367686526,0.6910896403650026,0.06038647342995169,0.3488996242619431,0.35560923242082665,,0.30193236714975846,,
129,0.4025764895330113,4.51556629092861,13.466183574879228,19.04186795491143,34.29951690821256,5.421363392377885,13.110574342458401,4.683306494900698,3.260869565217391,0.6910896403650026,0.06038647342995169,0.3757380568974772,0.36902844873859364,,0.30193236714975846,,
130,0.4025764895330113,4.51556629092861,13.486312399355878,19.02173913043478,34.064680622651636,5.4549114331723025,13.238056897477188,4.7101449275362315,3.2742887815351582,0.6977992485238862,0.06038647342995169,0.3757380568974772,0.36902844873859364,,0.32877079978529256,,
131,0.4025764895330113,4.49543746645196,13.466183574879228,18.9747718733226,33.964036500268385,5.421363392377885,13.264895330112722,4.790660225442834,3.294417606011809,0.7581857219538379,0.06038647342995169,0.4092860976918948,0.36902844873859364,,0.32877079978529256,,
132,0.4025764895330113,4.49543746645196,13.425925925925926,18.98148148148148,33.782877079978526,5.649490069779925,13.331991411701557,4.750402576489533,3.294417606011809,0.7581857219538379,0.06038647342995169,0.4227053140096618,0.36231884057971014,,0.28180354267310787,,
133,0.20799785292538917,4.139828234031133,12.76838432635534,17.28395061728395,39.44578636607622,5.3274288781535155,12.151100375738057,4.602791196994096,2.314814814814815,0.6172839506172839,0.06038647342995169,0.4227053140096618,0.3421900161030596,,0.3153515834675255,,
134,0.19457863660762212,4.139828234031133,12.593934514224369,17.250402576489535,39.27133655394525,5.287171229200215,12.29200214707461,4.575952764358561,2.6435856146001075,0.630703166935051,0.06038647342995169,0.41599570585077833,0.32877079978529256,,0.3153515834675255,,
135,0.19457863660762212,4.139828234031133,12.533548040794418,17.223564143854,38.79495437466452,5.4616210413311865,12.620772946859903,4.508856682769726,2.6435856146001075,0.630703166935051,0.06038647342995169,0.41599570585077833,0.43612453032742887,,0.33548040794417605,,
136,0.19457863660762212,4.119699409554482,12.526838432635534,17.04911433172303,38.479602791196996,5.998389694041868,12.627482555018787,4.488727858293076,2.677133655394525,0.630703166935051,0.06038647342995169,0.4025764895330113,0.43612453032742887,,0.30864197530864196,,
137,0.19457863660762212,4.03918411164788,12.245034889962426,16.982018250134193,38.35212023617821,6.333870101986044,12.694578636607622,4.502147074610843,2.6838432635534084,0.7179280730005367,0.08051529790660225,0.4294149221685454,0.43612453032742887,,0.30864197530864196,,
138,0.19457863660762212,4.005636070853462,12.265163714439076,16.512345679012345,38.16425120772947,6.333870101986044,12.902576489533011,4.8443370907139025,2.7241009125067097,0.7447665056360708,0.08051529790660225,0.4428341384863124,0.4562533548040794,,0.32877079978529256,,
139,0.19457863660762212,4.005636070853462,12.372517444981213,16.337895866881375,37.915995705850776,6.3137412775093935,13.097155126140633,4.9718196457326895,2.717391304347826,0.7313472893183038,0.08051529790660225,0.4428341384863124,0.4830917874396135,,0.33548040794417605,,
140,0.19457863660762212,3.9720880300590444,12.332259796027913,15.465646806226516,38.22463768115942,6.816961889425658,13.09044551798175,4.508856682769726,3.240740740740741,0.7514761137949544,0.08051529790660225,0.4562533548040794,0.5233494363929146,,0.3421900161030596,,
141,0.19457863660762212,3.9452495974235107,12.379227053140097,15.438808373590982,37.996511003757384,6.816961889425658,13.258185721953838,4.502147074610843,3.321256038647343,0.7917337627482555,0.08051529790660225,0.4562533548040794,0.5032206119162641,,0.3153515834675255,,
142,0.19457863660762212,3.9184111647879765,12.338969404186795,15.747450348899624,37.895866881374126,6.796833064949007,13.117283950617283,4.522275899087493,3.3011272141706924,0.8185721953837896,0.08051529790660225,0.4562533548040794,0.48980139559849706,,0.322061191626409,,
143,0.19457863660762212,3.8915727321524423,12.211486849168008,15.747450348899624,37.60064412238325,7.051798174986581,13.352120236178207,4.522275899087493,3.2742887815351582,0.7648953301127214,0.08722490606548577,0.4830917874396135,0.48980139559849706,,0.32877079978529256,,
144,0.19457863660762212,3.8915727321524423,12.23161567364466,15.573000536768653,37.546967257112186,7.0383789586688135,13.539989264626946,4.562533548040794,3.2742887815351582,0.7648953301127214,0.08722490606548577,0.4830917874396135,0.4830917874396135,,0.32877079978529256,,
145,0.19457863660762212,3.8848631239935587,12.090713902308105,14.459205582393988,40.89506172839506,6.5552871712292005,12.379227053140097,4.341116478797638,3.1870638754696725,0.7179280730005367,0.08722490606548577,0.4227053140096618,0.49651100375738055,,0.2885131508319914,,
146,0.19457863660762212,3.8848631239935587,12.077294685990339,14.38539989264627,40.68035426731079,6.716317767042405,12.640901771336553,4.327697262479871,3.0730005367686526,0.6910896403650026,0.10064412238325282,0.4227053140096618,0.49651100375738055,,0.30864197530864196,,
147,0.19457863660762212,3.878153515834675,11.949812130971551,14.170692431561998,40.54616210413312,6.89747718733226,12.681159420289855,4.30756843800322,3.361513687600644,0.6910896403650026,0.11406333870101985,0.4227053140096618,0.47638217928073,,0.30864197530864196,,
148,0.19457863660762212,3.878153515834675,12.204777241009126,14.06333870101986,40.03623188405797,6.790123456790123,13.103864734299517,4.30756843800322,3.3548040794417604,0.6910896403650026,0.11406333870101985,0.46296296296296297,0.48980139559849706,,0.30864197530864196,,
149,0.19457863660762212,3.864734299516908,11.231884057971014,17.47181964573269,39.10359634997316,6.521739130434782,12.13768115942029,4.159957058507783,3.361513687600644,0.6910896403650026,0.1274825550187869,0.46296296296296297,0.47638217928073,,0.19457863660762212,,
150,0.19457863660762212,3.7238325281803544,11.399624261943103,17.337627482555018,38.74127750939345,6.528448738593666,12.526838432635534,4.2203435319377345,3.3950617283950617,0.6910896403650026,0.1274825550187869,0.4428341384863124,0.47638217928073,,0.19457863660762212,,
151,0.19457863660762212,3.7037037037037037,11.406333870101985,17.257112184648417,37.96296296296296,6.595544820182502,13.170960815888352,4.240472356414386,3.5225442834138487,0.7112184648416533,0.1274825550187869,0.46296296296296297,0.4495437466451959,,0.19457863660762212,,
152,0.19457863660762212,3.6902844873859366,11.681427804616211,17.163177670424048,37.70799785292539,6.575415995705851,13.238056897477188,4.274020397208803,3.5292538915727323,0.7246376811594203,0.1274825550187869,0.46296296296296297,0.43612453032742887,,0.19457863660762212,,
153,0.1878690284487386,3.656736446591519,11.721685453569512,17.136339237788512,36.72168545356951,7.474503488996243,13.285024154589372,4.334406870638754,3.5292538915727323,0.7246376811594203,0.1274825550187869,0.46296296296296297,0.4428341384863124,,0.19457863660762212,,
154,0.1878690284487386,3.656736446591519,11.701556629092861,17.136339237788512,36.64787976382179,7.568438003220612,13.311862587224907,4.30756843800322,3.5292538915727323,0.785024154589372,0.1274825550187869,0.46296296296296297,0.36902844873859364,,0.20799785292538917,,
155,0.1878690284487386,3.589640365002684,11.963231347289318,17.102791196994094,36.42646269457864,7.615405260332796,13.258185721953838,4.320987654320987,3.5292538915727323,0.785024154589372,0.1274825550187869,0.5032206119162641,0.3824476650563607,,0.20799785292538917,,
156,0.1878690284487386,3.5762211486849167,10.292538915727322,24.194847020933977,37.915995705850776,6.005099302200751,10.359634997316157,2.831454643048846,3.066290928609769,0.6642512077294686,0.07380568974771873,0.28180354267310787,0.3421900161030596,,0.20799785292538917,,
157,0.1878690284487386,3.5292538915727323,10.11808910359635,23.852657004830917,38.69431025228127,6.1862587224906065,9.668545356951155,3.099838969404187,3.0394524959742353,0.6642512077294686,0.07380568974771873,0.33548040794417605,0.3421900161030596,,0.20799785292538917,,
158,0.1878690284487386,3.5091250670960816,10.077831454643048,23.711755233494365,38.459473966720346,6.213097155126141,9.91009125067096,3.2541599570585076,3.052871712292002,0.6642512077294686,0.07380568974771873,0.3421900161030596,0.33548040794417605,,0.20799785292538917,,
159,0.1878690284487386,3.5091250670960816,10.158346752549651,23.43666129898014,38.35212023617821,6.199677938808374,9.98389694041868,3.502415458937198,3.0595813204508855,0.644122383252818,0.06709608158883522,0.3488996242619431,0.33548040794417605,,0.2147074610842727,,
