,45,50,53,55,51,52,54,56,57,58
0,92.28395061728395,7.716049382716049,,,,,,,,
1,84.09151905528716,15.908480944712828,,,,,,,,
2,79.71014492753623,20.28985507246377,,,,,,,,
3,77.26113794954375,22.73886205045625,,,,,,,,
4,77.42887815351584,22.571121846484164,,,,,,,,
5,76.65727321524423,20.04830917874396,2.9589371980676327,0.33548040794417605,,,,,,
6,75.6105743424584,21.095008051529792,2.9589371980676327,0.33548040794417605,,,,,,
7,71.43048845947396,11.124530327428879,1.5029522275899088,0.30193236714975846,15.640096618357488,,,,,
8,68.5654857756307,10.641438539989265,9.037842190016104,0.30193236714975846,11.332528180354267,0.12077294685990338,,,,
9,68.59903381642512,10.63472893183038,9.03113258185722,0.2952227589908749,11.3191089640365,0.12077294685990338,,,,
10,57.078636607622116,22.21551261406334,8.997584541062801,0.2952227589908749,11.292270531400966,0.12077294685990338,,,,
11,48.631239935587764,31.924315619967793,7.890499194847021,0.2952227589908749,11.137949543746645,0.12077294685990338,,,,
12,48.678207192699944,31.749865807836823,7.890499194847021,0.2952227589908749,11.137949543746645,0.12077294685990338,0.1274825550187869,,,
13,39.78797638217928,40.4320987654321,7.877079978529254,0.2952227589908749,11.137949543746645,0.12077294685990338,0.3488996242619431,,,
14,40.002683843263554,40.37842190016103,7.85024154589372,0.2952227589908749,11.003757380568974,0.12077294685990338,0.3488996242619431,,,
15,40.17713365539453,40.23081052066559,7.823403113258186,0.2952227589908749,11.003757380568974,0.12077294685990338,0.3488996242619431,,,
16,40.09661835748792,40.15029522275899,7.823403113258186,0.2952227589908749,9.232420826623725,0.12077294685990338,2.281266774020397,,,
17,40.49248523886205,39.88862050456253,7.809983896940419,0.2952227589908749,9.111647879763822,0.12077294685990338,2.281266774020397,,,
18,35.93666129898014,24.496779388083738,4.38137412775094,0.2952227589908749,32.52147074610843,0.12077294685990338,2.24771873322598,,,
19,35.99704777241009,24.456521739130434,4.38137412775094,0.2952227589908749,32.50134192163178,0.12077294685990338,2.24771873322598,,,
20,36.18491680085883,23.26892109500805,4.3478260869565215,0.2952227589908749,32.29334406870639,1.2278582930756843,2.24771873322598,0.13419216317767044,,
21,36.231884057971016,20.517981749865807,6.78341384863124,0.2952227589908749,31.568706387546968,1.2278582930756843,3.240740740740741,0.13419216317767044,,
22,36.30568974771873,20.202630166398283,6.756575415995706,0.2952227589908749,31.93773483628556,1.1272141706924315,3.240740740740741,0.13419216317767044,,
23,36.3593666129898,20.202630166398283,6.716317767042405,0.2952227589908749,31.924315619967793,1.1272141706924315,3.240740740740741,0.13419216317767044,,
24,31.723027375201287,31.622383252818036,6.716317767042405,0.2952227589908749,25.161030595813205,1.1272141706924315,3.240740740740741,0.11406333870101985,,
25,29.03918411164788,34.39345142243693,6.568706387546968,0.2952227589908749,24.912775093934513,1.1272141706924315,3.549382716049383,0.11406333870101985,,
26,28.307836822329577,34.78260869565217,6.568706387546968,0.2952227589908749,24.724906065485776,1.6572732152442298,3.549382716049383,0.11406333870101985,,
27,28.23403113258186,33.23268921095008,8.454106280193237,0.18115942028985507,23.282340311325818,1.6572732152442298,4.8443370907139025,0.11406333870101985,,
28,26.858561460010737,34.715512614063336,8.454106280193237,0.18115942028985507,23.221953837895867,1.6572732152442298,4.797369833601718,0.11406333870101985,,
29,26.972624798711756,34.614868491680085,8.447396672034353,0.18115942028985507,23.21524422973698,1.6572732152442298,4.797369833601718,0.11406333870101985,,
30,22.886473429951693,39.19753086419753,8.038110574342458,0.18115942028985507,23.1280193236715,1.6572732152442298,4.797369833601718,0.11406333870101985,,
31,23.15485775630703,39.16398282340311,7.971014492753623,0.18115942028985507,22.96027911969941,1.6572732152442298,4.797369833601718,0.11406333870101985,,
32,23.2085346215781,38.519860440150296,6.655931293612453,0.18115942028985507,24.92619431025228,1.6304347826086956,4.7638217928073,0.11406333870101985,,
33,20.564949006977994,40.56629092860977,7.635534084809447,0.18115942028985507,24.54374664519592,1.6304347826086956,4.7638217928073,0.11406333870101985,,
34,19.26328502415459,35.64143853998927,7.092055823939882,0.785024154589372,29.435050993022006,1.6304347826086956,6.085614600107354,0.06709608158883522,,
35,18.54535695115405,28.710413311862588,7.078636607622115,0.785024154589372,35.46698872785829,1.6304347826086956,6.085614600107354,1.6975308641975309,,
36,17.8743961352657,28.442028985507246,7.078636607622115,0.785024154589372,36.40633387010199,1.6304347826086956,6.085614600107354,1.6975308641975309,,
37,18.00858829844337,28.348094471282877,7.0450885668276975,2.0128824476650564,35.38647342995169,1.6304347826086956,5.870907139023081,1.6975308641975309,,
38,18.149490069779926,28.29441760601181,7.0450885668276975,1.9793344068706387,35.33279656468062,1.6304347826086956,5.870907139023081,1.6975308641975309,,
39,17.163177670424048,29.408212560386474,7.011540526033279,1.9793344068706387,35.30595813204509,1.6304347826086956,5.803811057434245,1.6975308641975309,,
40,17.364465915190554,29.354535695115406,6.937734836285561,1.9793344068706387,34.68196457326892,1.6304347826086956,5.803811057434245,2.24771873322598,,
41,17.45169082125604,29.354535695115406,6.910896403650026,1.9793344068706387,34.62157809983897,1.6304347826086956,5.803811057434245,2.24771873322598,,
42,17.53220611916264,28.529253891572733,6.910896403650026,1.9793344068706387,34.01100375738057,1.6304347826086956,7.159151905528717,2.24771873322598,,
43,15.754159957058508,28.213902308105208,3.0327428878153517,2.395330112721417,42.371175523349436,1.6304347826086956,5.984970477724101,0.6172839506172839,,
44,15.935319377348362,27.865002683843265,4.3545356951154055,2.38191089640365,41.25067096081589,1.6304347826086956,5.964841653247451,0.6172839506172839,,
45,15.962157809983896,27.4020397208803,7.863660762211487,2.3617820719269993,37.4194847020934,1.6304347826086956,5.267042404723564,2.0933977455716586,,
46,16.11647879763822,27.355072463768117,7.863660762211487,2.3617820719269993,37.3792270531401,1.6304347826086956,5.233494363929147,2.059849704777241,,
47,16.163446054750402,27.18733225979603,8.749329039184111,2.3617820719269993,34.94363929146538,1.6304347826086956,7.937466451959206,1.0265700483091786,,
48,16.243961352657006,27.059849704777243,8.836553945249598,2.3617820719269993,34.90338164251208,1.6304347826086956,7.937466451959206,1.0265700483091786,,
49,16.223832528180353,27.046430488459475,9.762479871175524,2.3617820719269993,34.01100375738057,1.6304347826086956,7.937466451959206,1.0265700483091786,,
50,16.404991948470208,26.992753623188406,9.749060654857756,2.341653247450349,33.923778851315085,1.6304347826086956,7.930756843800322,1.0265700483091786,,
51,16.55931293612453,26.979334406870638,9.749060654857756,2.341653247450349,33.803005904455176,1.6304347826086956,7.9106280193236715,1.0265700483091786,,
52,16.6532474503489,26.932367149758456,9.73564143853999,2.341653247450349,33.78958668813741,1.6304347826086956,7.890499194847021,1.0265700483091786,,
53,16.626409017713364,26.918947933440688,8.675523349436393,2.341653247450349,33.41384863123994,3.113258185721954,7.883789586688137,1.0265700483091786,,
54,16.485507246376812,26.50966183574879,9.842995169082126,2.341653247450349,32.79656468062265,3.113258185721954,7.883789586688137,1.0265700483091786,,
55,16.445249597423512,25.986312399355878,11.594202898550725,2.341653247450349,32.749597423510465,3.113258185721954,6.743156199677939,1.0265700483091786,,
56,15.727321524422974,29.770531400966185,10.433440687063875,2.341653247450349,30.844068706387546,3.113258185721954,6.743156199677939,1.0265700483091786,,
57,15.821256038647343,29.736983360171767,10.433440687063875,2.341653247450349,30.810520665593128,3.0864197530864197,6.743156199677939,1.0265700483091786,,
58,13.130703166935051,28.005904455179817,9.876543209876543,2.341653247450349,37.063875469672574,1.6304347826086956,7.071926999463232,0.8789586688137413,,
59,13.305152979066023,27.932098765432098,9.856414385399892,2.341653247450349,36.862587224906065,1.6035963499731616,7.071926999463232,1.0265700483091786,,
60,13.405797101449275,27.865002683843265,9.762479871175524,3.670155662909286,35.76221148684917,1.6035963499731616,7.071926999463232,0.8588298443370908,,
61,13.519860440150294,27.83816425120773,9.762479871175524,3.6366076221148687,35.72866344605475,1.6035963499731616,7.051798174986581,0.8588298443370908,,
62,13.613794954374665,26.341921631776703,10.721953837895867,3.6366076221148687,37.05716586151369,1.6035963499731616,6.253354804079442,0.7716049382716049,,
63,13.882179280730005,26.221148684916802,10.721953837895867,3.6366076221148687,36.553945249597426,1.6035963499731616,6.132581857219538,1.247987117552335,,
64,14.083467525496511,26.1808910359635,10.68840579710145,3.6366076221148687,36.45330112721417,1.6035963499731616,6.105743424584004,1.247987117552335,,
65,12.506709608158884,20.155662909286097,8.662104133118627,3.3682232957595275,47.779119699409556,1.9793344068706387,4.367954911433173,1.1808910359634996,,
66,12.76838432635534,20.128824476650564,9.131776704240472,3.1333870101986045,47.42351046698873,1.8988191089640365,4.367954911433173,1.1473429951690821,,
67,12.875738056897477,20.095276435856146,9.125067096081589,3.1333870101986045,46.00107353730542,3.4420289855072466,4.180085882984434,1.1473429951690821,,
68,13.365539452495975,20.00805152979066,9.125067096081589,3.1333870101986045,45.60520665593129,3.4420289855072466,4.180085882984434,1.1406333870101986,,
69,13.828502415458937,19.994632313472895,8.997584541062801,3.7372517444981215,44.7061191626409,3.4420289855072466,4.1532474503489,1.1406333870101986,,
70,13.92914653784219,19.961084272678477,8.957326892109501,3.7372517444981215,44.67928073000537,3.4420289855072466,4.1532474503489,1.1406333870101986,,
71,14.11701556629093,19.940955448201827,8.896940418679549,3.7372517444981215,44.57192699946323,3.4420289855072466,4.1532474503489,1.1406333870101986,,
72,14.096886741814279,18.94122383252818,7.454374664519592,3.6902844873859366,47.114868491680085,3.4420289855072466,4.126409017713366,1.133923778851315,,
73,11.252012882447666,24.188137412775095,7.387278582930757,2.8918411164787976,45.779656468062264,3.4420289855072466,4.1129898013955986,0.9460547504025765,,
74,11.540526033279656,24.060654857756308,7.37385936661299,2.8918411164787976,45.66559312936125,3.4420289855072466,4.079441760601181,0.9460547504025765,,
75,11.735104669887278,23.866076221148685,7.367149758454106,3.280998389694042,45.28314546430489,3.4420289855072466,4.079441760601181,0.9460547504025765,,
76,11.882716049382717,23.778851315083198,8.3467525496511,3.2742887815351582,44.24986580783682,3.4420289855072466,4.079441760601181,0.9460547504025765,,
77,12.144390767579173,23.718464841653248,8.185721953837897,3.2742887815351582,44.20960815888352,3.4420289855072466,4.079441760601181,0.9460547504025765,,
78,12.084004294149223,23.698336017176597,8.521202361782072,3.2742887815351582,44.135802469135804,3.4420289855072466,3.9720880300590444,0.8722490606548577,,
79,12.204777241009126,23.691626409017715,8.501073537305421,3.2742887815351582,44.04186795491143,3.4420289855072466,3.9720880300590444,0.8722490606548577,,
80,12.25174449812131,23.087761674718198,8.487654320987655,3.166935050993022,41.458668813741276,6.702898550724638,3.9720880300590444,0.8722490606548577,,
81,12.419484702093397,22.933440687063875,8.3467525496511,3.1602254428341383,39.91545893719807,8.380300590445518,3.9720880300590444,0.8722490606548577,,
82,11.694847020933977,21.081588835212024,8.3467525496511,3.1468062265163717,44.12909286097692,6.756575415995706,3.9720880300590444,0.8722490606548577,,
83,11.178207192699947,21.041331186258724,8.3467525496511,2.408749329039184,38.54669887278583,14.083467525496511,3.5225442834138487,0.8722490606548577,,
84,11.312399355877616,21.034621578099838,8.3467525496511,2.408749329039184,38.45276435856146,14.083467525496511,3.488996242619431,0.8722490606548577,,
85,11.399624261943103,21.021202361782073,8.319914117015566,2.408749329039184,38.419216317767045,14.070048309178745,3.488996242619431,0.8722490606548577,,
86,11.466720343531938,21.021202361782073,9.46725711218465,2.38191089640365,37.07058507783145,14.049919484702093,3.488996242619431,1.0534084809447128,,
87,11.520397208803006,21.021202361782073,11.741814278046162,2.38191089640365,35.218733225979605,13.600375738056897,3.4621578099838968,1.0534084809447128,,
88,11.735104669887278,20.9272678475577,11.741814278046162,2.38191089640365,35.138217928073,13.580246913580247,3.4420289855072466,1.0534084809447128,,
89,11.305689747718732,19.43102522812668,11.708266237251744,1.9726247987117553,36.3996242619431,14.687332259796028,3.4420289855072466,1.0534084809447128,,
90,11.708266237251744,19.43102522812668,11.3593666129898,2.818035426731079,35.789049919484704,14.673913043478262,3.4420289855072466,0.7783145464304885,,
91,11.272141706924316,15.505904455179817,10.715244229736983,2.6301663982823404,41.22383252818035,14.533011272141707,3.3413848631239937,0.7783145464304885,,
92,11.18491680085883,15.002683843263553,10.715244229736983,2.38191089640365,42.29736983360172,14.479334406870638,3.3413848631239937,0.5971551261406334,,
93,10.11808910359635,14.143853998926463,10.198604401502953,2.38191089640365,42.411433172302736,14.479334406870638,5.669618894256575,0.5971551261406334,,
94,10.34621578099839,14.143853998926463,10.171765968867419,2.3550724637681157,42.3040794417606,14.452495974235104,5.629361245303274,0.5971551261406334,,
95,8.07836822329576,8.494363929146537,6.293612453032743,1.4492753623188406,59.58132045088567,12.345679012345679,3.1602254428341383,0.5971551261406334,,
96,8.192431561996779,8.460815888352121,8.266237251744498,1.4492753623188406,56.28690284487386,13.620504562533547,3.126677402039721,0.5971551261406334,,
97,8.353462157809984,8.460815888352121,8.266237251744498,1.4492753623188406,56.125872249060656,13.620504562533547,3.126677402039721,0.5971551261406334,,
98,8.085077831454644,6.910896403650026,8.266237251744498,1.4492753623188406,55.23349436392915,16.33118625872249,3.126677402039721,0.5971551261406334,,
99,8.78287707997853,6.910896403650026,8.246108427267847,1.4492753623188406,54.569243156199676,16.317767042404725,3.126677402039721,0.5971551261406334,,
100,9.057971014492754,6.910896403650026,8.225979602791197,1.90552871712292,53.87144390767579,16.317767042404725,3.126677402039721,0.5837359098228664,,
101,9.265968867418144,6.910896403650026,8.225979602791197,2.9924852388620504,52.87842190016103,16.015834675254965,3.126677402039721,0.5837359098228664,,
102,9.802737520128824,6.8035426731078905,8.192431561996779,2.9924852388620504,52.77777777777778,15.579710144927537,3.126677402039721,0.7246376811594203,,
103,9.930220075147611,6.763285024154589,8.192431561996779,2.9924852388620504,52.73752012882448,15.539452495974235,3.1199677938808374,0.7246376811594203,,
104,10.23215244229737,6.702898550724638,8.179012345679013,2.9924852388620504,52.563070316693505,15.49248523886205,3.113258185721954,0.7246376811594203,,
105,10.426731078904991,6.696188942565755,8.09849704777241,2.9924852388620504,52.46913580246913,15.479066022544284,3.113258185721954,0.7246376811594203,,
106,10.628019323671497,6.689479334406871,8.07836822329576,2.9253891572732154,51.851851851851855,16.015834675254965,3.0864197530864197,0.7246376811594203,,
107,10.44015029522276,6.6760601180891035,8.702361782071927,4.388083735909823,48.84594739667203,15.92860976918948,4.294149221685454,0.7246376811594203,,
108,10.836017176596886,6.5552871712292005,8.702361782071927,4.388083735909823,47.41009125067096,17.465110037573805,3.9184111647879765,0.7246376811594203,,
109,10.715244229736983,6.5552871712292005,10.963499731615673,4.388083735909823,45.94739667203435,17.37788513150832,3.388352120236178,0.6642512077294686,,
110,10.983628556092324,6.5552871712292005,10.963499731615673,4.388083735909823,45.799785292538914,17.257112184648417,3.388352120236178,0.6642512077294686,,
111,10.929951690821255,6.394256575415996,10.963499731615673,4.361245303274289,46.06816961889426,17.23027375201288,3.388352120236178,0.6642512077294686,,
112,11.124530327428879,6.394256575415996,10.943370907139023,4.361245303274289,45.893719806763286,17.23027375201288,3.388352120236178,0.6642512077294686,,
113,11.446591519055287,6.394256575415996,10.943370907139023,4.334406870638754,45.66559312936125,17.223564143854,3.3279656468062266,0.6642512077294686,,
114,11.600912506709609,6.387546967257112,10.903113258185721,4.334406870638754,45.60520665593129,17.196725711218466,3.3279656468062266,0.644122383252818,,
115,10.165056360708535,4.951690821256038,9.514224369296834,2.952227589908749,53.7842190016103,14.828234031132581,3.1602254428341383,0.644122383252818,,
116,10.339506172839506,4.951690821256038,9.4873859366613,2.952227589908749,53.636607622114866,14.828234031132581,3.1602254428341383,0.644122383252818,,
117,10.493827160493828,4.750402576489533,9.688674181427805,2.952227589908749,53.56951154052604,14.741009125067096,3.1602254428341383,0.644122383252818,,
118,6.810252281266774,46.765968867418145,2.932098765432099,1.482823403113258,34.15861513687601,6.394256575415996,1.0534084809447128,0.4025764895330113,,
119,6.837090713902308,44.55179817498658,2.368491680085883,2.0397208803005906,29.186795491143318,12.493290391841116,2.120236178207193,0.4025764895330113,,
120,6.877348362855609,43.73993558776167,2.368491680085883,2.8113258185721954,29.186795491143318,12.493290391841116,2.120236178207193,0.4025764895330113,,
121,7.065217391304348,43.73993558776167,2.368491680085883,2.8113258185721954,28.99892646269458,12.493290391841116,2.120236178207193,0.4025764895330113,,
122,7.447665056360709,43.63929146537842,2.368491680085883,2.8113258185721954,28.904991948470208,12.372517444981213,2.0531400966183573,0.4025764895330113,,
123,7.581857219538379,43.55877616747182,2.368491680085883,2.791196994095545,28.871443907675793,12.372517444981213,2.0531400966183573,0.4025764895330113,,
124,7.675791733762749,43.53864734299517,2.368491680085883,2.7442297369833604,28.844605475040257,12.372517444981213,2.0531400966183573,0.4025764895330113,,
125,7.742887815351583,43.505099302200755,2.368491680085883,2.7241009125067097,28.837895866881375,12.365807836822329,2.0531400966183573,0.4025764895330113,,
126,8.05823939881911,43.323939881910896,2.368491680085883,2.7241009125067097,28.784219001610307,12.31213097155126,2.0263016639828235,0.4025764895330113,,
127,8.179012345679013,43.27697262479871,2.368491680085883,2.717391304347826,28.348094471282877,12.258454106280194,2.0263016639828235,0.8252818035426731,,
128,7.575147611379496,42.961621041331185,2.3081052066559313,4.032474503488996,28.019323671497585,12.258454106280194,2.0263016639828235,0.8185721953837896,,
129,7.709339774557166,42.86768652710682,2.3081052066559313,4.602791196994096,27.428878153515836,12.238325281803542,2.0263016639828235,0.8185721953837896,,
130,7.62211486849168,42.12292002147075,4.502147074610843,4.569243156199678,26.41572732152442,13.41250670960816,0.5367686527106817,0.8185721953837896,,
131,7.716049382716049,40.653515834675254,4.49543746645196,7.105475040257649,25.717928073000536,13.258185721953838,0.5367686527106817,0.5166398282340311,,
132,7.5348899624261945,39.47933440687064,4.49543746645196,7.078636607622115,26.053408480944714,13.258185721953838,1.583467525496511,0.5166398282340311,,
133,7.809983896940419,39.351851851851855,4.49543746645196,7.0450885668276975,27.65029522275899,11.54723564143854,1.583467525496511,0.5166398282340311,,
134,8.004562533548041,39.23778851315083,4.49543746645196,7.0450885668276975,27.569779924852387,11.54723564143854,1.583467525496511,0.5166398282340311,,
135,8.628556092324208,38.93585614600107,4.468599033816425,7.024959742351046,27.30139559849705,11.540526033279656,1.583467525496511,0.5166398282340311,,
136,9.205582393988191,38.43263553408481,4.334406870638754,7.004830917874396,26.174181427804616,11.473429951690822,1.583467525496511,1.7914653784219001,,
137,9.581320450885668,38.258185721953836,5.703166935050993,7.004830917874396,25.37573805689748,10.701825013419215,1.583467525496511,1.7914653784219001,,
138,9.77589908749329,38.157541599570585,5.676328502415459,6.937734836285561,25.37573805689748,10.701825013419215,1.583467525496511,1.7914653784219001,,
139,9.420289855072463,37.41277509393451,5.662909286097692,7.192699946323135,26.78475577026302,10.59447128287708,1.402308105206656,1.5297906602254427,,
140,9.614868491680086,37.37251744498121,5.649490069779925,7.112184648416532,26.724369296833064,10.59447128287708,1.402308105206656,1.5297906602254427,,
141,9.849704777241008,37.2987117552335,5.649490069779925,7.112184648416532,26.670692431561996,10.513955984970478,1.402308105206656,1.5029522275899088,,
142,10.091250670960816,37.25174449812131,5.636070853462158,7.018250134192163,26.637144390767578,10.46027911969941,1.402308105206656,1.5029522275899088,,
143,8.353462157809984,15.237520128824476,5.059044551798175,3.3950617283950617,53.52925389157273,9.977187332259795,1.3486312399355878,3.099838969404187,,
144,9.017713365539452,15.237520128824476,5.038915727321524,3.3950617283950617,53.12667740203972,9.977187332259795,1.3486312399355878,2.85829307568438,,
145,9.172034353193773,15.197262479871176,5.038915727321524,3.374932903918411,53.05958132045089,9.950348899624261,1.3486312399355878,2.85829307568438,,
146,9.406870638754697,15.197262479871176,5.025496511003757,3.374932903918411,52.85829307568438,9.930220075147611,1.3486312399355878,2.85829307568438,,
147,9.668545356951155,15.116747181964573,5.025496511003757,3.374932903918411,52.67713365539453,9.930220075147611,1.3486312399355878,2.85829307568438,,
148,9.742351046698873,15.116747181964573,5.025496511003757,3.374932903918411,52.65700483091788,9.903381642512077,1.3217928073000538,2.85829307568438,,
149,9.896672034353195,15.069779924852389,5.025496511003757,3.374932903918411,52.54965110037574,9.903381642512077,1.3217928073000538,2.85829307568438,,
150,10.138217928073,15.049651100375739,5.025496511003757,3.374932903918411,52.38191089640365,9.849704777241008,1.3217928073000538,2.85829307568438,,
151,10.158346752549651,15.049651100375739,5.018786902844874,3.374932903918411,49.17471819645733,9.54777241009125,2.8381642512077296,4.8376274825550185,,
152,10.02415458937198,14.264626945786366,5.018786902844874,3.374932903918411,48.429951690821255,9.54777241009125,2.8381642512077296,6.501610305958132,,
153,10.077831454643048,14.231078904991948,5.018786902844874,3.374932903918411,48.409822866344605,9.54777241009125,2.8381642512077296,6.501610305958132,,
154,9.849704777241008,14.06333870101986,12.191358024691358,2.885131508319914,41.19028448738594,9.192163177670425,2.8381642512077296,7.7898550724637685,,
155,9.970477724100913,14.04320987654321,12.164519592055823,2.885131508319914,40.653515834675254,9.192163177670425,2.8381642512077296,8.252818035426731,,
156,10.413311862587225,14.04320987654321,12.157809983896941,2.871712292002147,40.09661835748792,9.091519055287172,2.831454643048846,8.494363929146537,,
157,10.527375201288244,14.029790660225443,12.144390767579173,2.871712292002147,40.042941492216855,9.057971014492754,2.831454643048846,8.494363929146537,,
158,10.735373054213634,13.962694578636608,12.117552334943639,2.8515834675254963,39.95571658615137,9.057971014492754,2.8247450348899625,8.494363929146537,,
159,10.809178743961352,13.962694578636608,12.117552334943639,2.8515834675254963,39.91545893719807,9.03113258185722,2.8247450348899625,8.487654320987655,,
160,11.117820719269995,13.902308105206655,12.117552334943639,2.8515834675254963,39.71417069243156,8.876811594202898,2.8247450348899625,8.454106280193237,0.14090177133655393,
161,11.3191089640365,13.801663982823403,12.117552334943639,2.8515834675254963,39.62023617820719,8.876811594202898,2.8247450348899625,8.447396672034353,0.14090177133655393,
162,11.372785829307569,13.801663982823403,12.117552334943639,2.8515834675254963,39.56655931293612,8.876811594202898,2.8247450348899625,8.447396672034353,0.14090177133655393,
163,11.480139559849706,13.801663982823403,12.090713902308105,2.8515834675254963,39.512882447665056,8.863392377885132,2.8247450348899625,8.433977455716587,0.14090177133655393,
164,11.66129898013956,13.768115942028986,11.996779388083736,2.831454643048846,39.50617283950617,8.863392377885132,2.8247450348899625,8.407139023081053,0.14090177133655393,
165,11.79549114331723,13.747987117552334,11.902844873859367,2.831454643048846,38.29173376274826,8.836553945249598,2.8247450348899625,9.339774557165862,0.4294149221685454,
166,11.990069779924852,13.727858293075684,11.849168008588299,2.818035426731079,38.217928073000536,8.82313472893183,2.8247450348899625,9.31964573268921,0.4294149221685454,
167,12.204777241009126,13.70101986044015,11.788781535158346,2.8113258185721954,37.92270531400966,8.796296296296296,2.8247450348899625,9.198872785829307,0.7514761137949544,
168,12.399355877616747,13.6406333870102,11.761943102522812,2.7979066022544283,37.855609232420825,8.796296296296296,2.7979066022544283,9.198872785829307,0.7514761137949544,
169,12.506709608158884,13.620504562533547,11.741814278046162,2.7979066022544283,37.815351583467525,8.78287707997853,2.7979066022544283,9.185453569511541,0.7514761137949544,
170,12.795222758990874,13.620504562533547,11.701556629092861,2.7844873859366612,37.58722490606549,8.776167471819646,2.7979066022544283,9.185453569511541,0.7514761137949544,
171,12.942834138486312,13.600375738056897,11.674718196457327,2.757648953301127,37.533548040794415,8.76274825550188,2.7979066022544283,9.178743961352657,0.7514761137949544,
172,13.150831991411701,13.539989264626946,11.627750939345143,2.757648953301127,37.432903918411164,8.76274825550188,2.7979066022544283,9.178743961352657,0.7514761137949544,
173,13.39237788513151,13.499731615673644,11.600912506709609,2.757648953301127,37.42619431025228,8.655394524959743,2.7643585614600106,9.151905528717123,0.7514761137949544,
174,13.707729468599034,13.43263553408481,11.600912506709609,2.757648953301127,37.204777241009126,8.655394524959743,2.7643585614600106,9.125067096081589,0.7514761137949544,
175,13.828502415458937,13.43263553408481,11.600912506709609,2.7509393451422435,37.164519592055825,8.628556092324208,2.7643585614600106,9.078099838969404,0.7514761137949544,
176,13.942565754159958,13.43263553408481,11.580783682232958,2.7308105206655933,37.13768115942029,8.61513687600644,2.7643585614600106,9.044551798174986,0.7514761137949544,
177,14.083467525496511,13.419216317767042,11.580783682232958,2.7308105206655933,37.0504562533548,8.588298443370908,2.7643585614600106,9.03113258185722,0.7514761137949544,
178,14.27133655394525,13.419216317767042,11.52710681696189,2.7308105206655933,36.99006977992485,8.57487922705314,2.7643585614600106,8.970746108427267,0.7514761137949544,
179,14.338432635534085,13.405797101449275,11.513687600644122,2.7308105206655933,36.963231347289316,8.57487922705314,2.7643585614600106,8.957326892109501,0.7514761137949544,
180,14.278046162104133,13.39237788513151,12.775093934514224,2.7308105206655933,35.89640365002684,8.57487922705314,2.757648953301127,8.84326355340848,0.7514761137949544,
181,14.512882447665056,13.358829844337091,12.694578636607622,2.7308105206655933,35.789049919484704,8.57487922705314,2.757648953301127,8.829844337090714,0.7514761137949544,
182,14.573268921095009,13.358829844337091,12.681159420289855,3.435319377348363,35.245571658615134,8.561460010735374,2.737520128824477,8.655394524959743,0.7514761137949544,
183,14.834943639291465,13.345410628019323,12.654320987654321,3.435319377348363,34.33977455716586,8.53462157809984,2.737520128824477,9.366612989801396,0.7514761137949544,
184,14.606816961889425,13.123993558776167,12.654320987654321,3.408480944712829,31.95115405260333,8.507783145464305,2.7106816961889426,12.285292538915728,0.7514761137949544,
185,14.472624798711756,12.942834138486312,12.52012882447665,3.388352120236178,31.45464304884595,9.473966720343531,2.7106816961889426,12.285292538915728,0.7514761137949544,
186,14.432367149758454,12.902576489533011,12.52012882447665,4.133118625872249,31.092324208266238,9.447128287707997,2.7106816961889426,12.010198604401502,0.7514761137949544,
187,13.788244766505636,12.902576489533011,6.273483628556092,4.119699409554482,40.78099838969404,9.406870638754697,2.7106816961889426,9.265968867418144,0.7514761137949544,
188,13.66076221148685,12.902576489533011,6.273483628556092,5.522007514761138,34.534353193773484,9.212292002147075,8.923778851315083,7.950885668276973,1.0198604401502953,
189,13.862050456253355,12.902576489533011,5.642780461621041,5.213365539452496,34.346484165324746,10.332796564680622,8.111916264090176,8.568169618894256,1.0198604401502953,
190,14.049919484702093,12.86231884057971,5.622651637144391,5.213365539452496,34.292807300053674,10.272410091250672,8.111916264090176,8.55475040257649,1.0198604401502953,
191,14.11701556629093,12.848899624261943,5.589103596349974,5.213365539452496,34.272678475577024,10.272410091250672,8.111916264090176,8.55475040257649,1.0198604401502953,
192,14.31159420289855,12.674449812130971,5.589103596349974,5.340848094471283,34.15861513687601,10.238862050456254,8.111916264090176,8.55475040257649,1.0198604401502953,
193,14.40552871712292,12.674449812130971,5.555555555555555,5.340848094471283,34.09822866344606,10.238862050456254,8.111916264090176,8.55475040257649,1.0198604401502953,
194,14.546430488459475,12.674449812130971,5.555555555555555,5.307300053676865,34.01100375738057,10.238862050456254,8.091787439613526,8.55475040257649,1.0198604401502953,
195,14.63365539452496,12.674449812130971,5.555555555555555,5.273752012882448,33.984165324745035,10.238862050456254,8.091787439613526,8.527911969940956,1.0198604401502953,
196,14.754428341384862,12.640901771336553,5.555555555555555,5.253623188405797,33.984165324745035,10.198604401502953,8.064949006977992,8.527911969940956,1.0198604401502953,
197,14.942297369833602,12.627482555018787,5.555555555555555,5.253623188405797,33.883521202361784,10.198604401502953,8.038110574342458,8.494363929146537,1.0064412238325282,
198,15.009393451422437,12.627482555018787,5.555555555555555,5.253623188405797,33.84997316156736,10.198604401502953,8.004562533548041,8.494363929146537,1.0064412238325282,
199,15.250939345142244,12.567096081588835,5.555555555555555,5.253623188405797,33.60842726784756,10.171765968867419,7.991143317230274,8.440687063875469,1.1607622114868492,
200,15.371712292002147,12.5402576489533,5.555555555555555,5.488459473966721,33.319914117015564,10.144927536231885,7.977724100912507,8.440687063875469,1.1607622114868492,
201,15.505904455179817,12.298711755233494,5.025496511003757,5.414653784219001,32.92404723564144,11.460010735373054,7.977724100912507,8.36688137412775,1.0265700483091786,
202,15.693773483628556,12.27187332259796,5.025496511003757,5.414653784219001,32.769726247987116,11.460010735373054,7.977724100912507,8.360171765968868,1.0265700483091786,
203,15.841384863123993,12.25174449812131,5.025496511003757,5.414653784219001,32.72275899087493,11.379495437466453,7.977724100912507,8.360171765968868,1.0265700483091786,
204,16.069511540526033,12.218196457326892,5.025496511003757,5.414653784219001,32.62211486849168,11.372785829307569,7.977724100912507,8.272946859903382,1.0265700483091786,
205,14.371980676328503,9.829575952764358,5.025496511003757,4.542404723564144,28.670155662909288,11.245303274288782,17.894524959742352,7.39398819108964,1.0265700483091786,
206,13.841921631776705,8.467525496511003,5.025496511003757,4.414922168545357,36.77536231884058,11.20504562533548,12.587224906065487,6.850509930220075,0.8319914117015567,
207,13.331991411701557,9.037842190016104,6.454643048845948,4.133118625872249,35.581052066559316,11.20504562533548,12.587224906065487,6.837090713902308,0.8319914117015567,
208,13.533279656468062,9.037842190016104,6.4345142243692965,4.1129898013955986,35.55421363392378,11.171497584541063,12.553676865271068,6.78341384863124,0.8185721953837896,
209,13.788244766505636,9.037842190016104,6.400966183574879,4.079441760601181,35.40660225442834,11.131239935587761,12.553676865271068,6.78341384863124,0.8185721953837896,
210,13.841921631776705,9.03113258185722,7.937466451959206,4.079441760601181,34.594739667203434,11.003757380568974,11.90955448201825,6.78341384863124,0.8185721953837896,
211,13.92914653784219,9.017713365539452,7.937466451959206,4.079441760601181,34.554482018250134,10.970209339774557,11.90955448201825,6.78341384863124,0.8185721953837896,
212,14.123725174449811,9.017713365539452,7.937466451959206,4.079441760601181,34.50080515297907,10.829307568438002,11.90955448201825,6.78341384863124,0.8185721953837896,
213,13.050187869028449,8.61513687600644,13.177670424047236,4.05931293612453,34.46725711218465,7.890499194847021,11.882716049382717,6.602254428341385,0.2549651100375738,
214,13.150831991411701,8.61513687600644,13.144122383252817,4.05931293612453,34.43370907139023,7.890499194847021,11.849168008588299,6.602254428341385,0.2549651100375738,
215,13.446054750402576,8.61513687600644,13.030059044551798,4.025764895330113,34.31964573268921,7.890499194847021,11.81561996779388,6.602254428341385,0.2549651100375738,
216,13.580246913580247,8.59500805152979,12.99651100375738,4.025764895330113,34.27938808373591,7.890499194847021,11.81561996779388,6.561996779388084,0.2549651100375738,
217,13.66076221148685,8.588298443370908,12.962962962962964,4.025764895330113,34.23913043478261,7.890499194847021,11.81561996779388,6.561996779388084,0.2549651100375738,
218,14.036500268384327,8.548040794417606,12.949543746645196,4.025764895330113,34.14519592055824,7.890499194847021,11.621041331186259,6.528448738593666,0.2549651100375738,
219,14.096886741814279,8.548040794417606,12.93612453032743,4.025764895330113,34.14519592055824,7.890499194847021,11.574074074074074,6.528448738593666,0.2549651100375738,
220,14.49946323134729,8.501073537305421,12.781803542673108,3.9989264626945786,33.923778851315085,7.883789586688137,11.392914653784219,6.468062265163715,0.38915727321524424,0.1610305958132045
221,14.76784755770263,8.501073537305421,12.76838432635534,3.9989264626945786,33.82984433709071,7.883789586688137,11.231884057971014,6.468062265163715,0.38915727321524424,0.1610305958132045
222,15.029522275899087,8.387010198604402,11.882716049382717,3.992216854535695,33.675523349436396,8.849973161567364,11.20504562533548,6.427804616210413,0.38915727321524424,0.1610305958132045
223,14.922168545356952,7.595276435856146,11.876006441223833,3.992216854535695,34.58132045088567,8.849973161567364,11.20504562533548,6.427804616210413,0.38915727321524424,0.1610305958132045
224,15.150295222758992,7.568438003220612,11.869296833064949,3.992216854535695,34.38674181427805,8.849973161567364,11.20504562533548,6.427804616210413,0.38915727321524424,0.1610305958132045
225,15.291196994095545,7.561728395061729,11.822329575952764,3.965378421900161,34.366612989801396,8.849973161567364,11.171497584541063,6.427804616210413,0.3824476650563607,0.1610305958132045
226,15.438808373590982,7.561728395061729,11.79549114331723,3.965378421900161,34.29951690821256,8.809715512614064,11.171497584541063,6.414385399892646,0.3824476650563607,0.1610305958132045
227,15.599838969404187,7.561728395061729,11.694847020933977,3.9318303811057436,34.272678475577024,8.809715512614064,11.171497584541063,6.414385399892646,0.3824476650563607,0.1610305958132045
228,15.713902308105206,7.561728395061729,11.681427804616211,3.9184111647879765,34.245840042941495,8.796296296296296,11.171497584541063,6.367418142780462,0.3824476650563607,0.1610305958132045
229,15.868223295759528,7.5348899624261945,11.674718196457327,3.9184111647879765,34.23242082662372,8.695652173913043,11.16478797638218,6.367418142780462,0.3824476650563607,0.1610305958132045
230,16.14331723027375,7.474503488996243,11.654589371980677,3.9184111647879765,34.09151905528717,8.675523349436393,11.158078368223295,6.340579710144928,0.3824476650563607,0.1610305958132045
231,16.183574879227052,7.333601717659689,11.614331723027375,3.9184111647879765,34.004294149221685,8.017981749865807,12.04374664519592,6.340579710144928,0.3824476650563607,0.1610305958132045
232,16.29092860976919,7.333601717659689,11.594202898550725,3.9184111647879765,33.97074610842727,8.017981749865807,11.990069779924852,6.340579710144928,0.3824476650563607,0.1610305958132045
233,16.451959205582394,7.333601717659689,11.3593666129898,3.9184111647879765,33.863392377885134,8.017981749865807,12.204777241009126,6.3070316693505095,0.3824476650563607,0.1610305958132045
234,16.63311862587225,7.313472893183038,11.285560923242082,3.9184111647879765,33.82984433709071,8.004562533548041,12.177938808373591,6.293612453032743,0.3824476650563607,0.1610305958132045
235,16.740472356414386,7.300053676865271,11.272141706924316,3.9184111647879765,33.782877079978526,8.004562533548041,12.177938808373591,6.260064412238325,0.3824476650563607,0.1610305958132045
236,16.908212560386474,7.2933440687063875,11.231884057971014,3.9184111647879765,33.682232957595275,7.991143317230274,12.171229200214707,6.260064412238325,0.3824476650563607,0.1610305958132045
237,17.639559849704778,6.991411701556629,11.218464841653248,3.9184111647879765,33.621846484165324,7.9039184111647875,11.902844873859367,6.260064412238325,0.3824476650563607,0.1610305958132045
238,17.67981749865808,6.991411701556629,11.218464841653248,3.9184111647879765,33.61513687600644,7.9039184111647875,11.902844873859367,6.226516371443908,0.3824476650563607,0.1610305958132045
239,17.780461621041333,6.991411701556629,11.218464841653248,3.9184111647879765,33.581588835212024,7.836822329575953,11.902844873859367,6.226516371443908,0.3824476650563607,0.1610305958132045
240,18.129361245303276,6.9243156199677935,11.20504562533548,3.9989264626945786,33.48765432098765,7.722758990874933,11.876006441223833,6.112453032742888,0.3824476650563607,0.1610305958132045
241,18.357487922705314,6.89747718733226,11.178207192699947,3.9989264626945786,33.15217391304348,7.722758990874933,11.83574879227053,6.3137412775093935,0.3824476650563607,0.1610305958132045
242,18.54535695115405,6.89747718733226,11.144659151905529,3.9989264626945786,33.071658615136876,7.709339774557166,11.788781535158346,6.3137412775093935,0.3824476650563607,0.14761137949543746
243,18.726516371443907,6.89747718733226,11.144659151905529,3.9989264626945786,32.971014492753625,7.709339774557166,11.788781535158346,6.233225979602791,0.3824476650563607,0.14761137949543746
244,18.605743424584006,6.890767579173376,11.131239935587761,3.9989264626945786,33.10520665593129,7.709339774557166,12.211486849168008,5.931293612453032,0.2683843263553409,0.14761137949543746
245,18.746645195920557,6.890767579173376,11.131239935587761,3.9855072463768115,33.02469135802469,7.709339774557166,12.164519592055823,5.931293612453032,0.2683843263553409,0.14761137949543746
246,19.02173913043478,6.843800322061192,11.131239935587761,3.878153515834675,32.95759527643585,7.575147611379496,12.278582930756844,5.897745571658615,0.2683843263553409,0.14761137949543746
247,19.082125603864736,6.689479334406871,11.131239935587761,3.878153515834675,32.6959205582394,7.561728395061729,12.25174449812131,6.293612453032743,0.2683843263553409,0.14761137949543746
248,19.16935050993022,6.66935050993022,11.104401502952227,5.428073000536768,31.233225979602793,7.561728395061729,11.748523886205046,6.66935050993022,0.2683843263553409,0.14761137949543746
249,19.35721953837896,6.66935050993022,11.09098228663446,5.394524959742351,31.15271068169619,7.541599570585078,11.721685453569512,6.655931293612453,0.2683843263553409,0.14761137949543746
250,19.47128287707998,6.649221685453569,11.09098228663446,5.394524959742351,31.09903381642512,7.50805152979066,11.714975845410628,6.655931293612453,0.2683843263553409,0.14761137949543746
251,19.57192699946323,6.649221685453569,11.084272678475577,5.394524959742351,31.05877616747182,7.481213097155126,11.701556629092861,6.642512077294686,0.2683843263553409,0.14761137949543746
