,45,50,51,54,55,56,53,52,57
0,96.87332259796028,3.126677402039721,,,,,,,
1,93.90767579173377,6.092324208266238,,,,,,,
2,73.39640365002684,26.603596349973163,,,,,,,
3,73.39640365002684,26.603596349973163,,,,,,,
4,67.94820182501341,29.528985507246375,2.522812667740204,,,,,,
5,55.26704240472356,29.931561996779386,14.231078904991948,0.5703166935050993,,,,,
6,49.61084272678475,35.44685990338164,14.231078904991948,0.7112184648416533,,,,,
7,48.2085346215781,36.111111111111114,14.741009125067096,0.8454106280193237,0.0939345142243693,,,,
8,48.27563070316693,36.08427267847558,14.700751476113794,0.8454106280193237,0.0939345142243693,,,,
9,48.309178743961354,35.93666129898014,14.700751476113794,0.8454106280193237,0.20799785292538917,,,,
10,47.93344068706388,36.32581857219538,14.687332259796028,0.8454106280193237,0.20799785292538917,,,,
11,45.58507783145464,36.37949543746645,14.378690284487385,3.140096618357488,0.20799785292538917,0.30864197530864196,,,
12,45.69914117015566,35.83601717659689,14.378690284487385,3.140096618357488,0.20799785292538917,0.30864197530864196,0.4294149221685454,,
13,45.75281803542673,35.789049919484704,14.371980676328503,3.140096618357488,0.20799785292538917,0.30864197530864196,0.4294149221685454,,
14,45.8467525496511,35.72866344605475,14.371980676328503,3.1065485775630703,0.20799785292538917,0.30864197530864196,0.4294149221685454,,
15,42.89452495974235,36.533816425120776,14.325013419216317,3.1065485775630703,0.20799785292538917,0.30864197530864196,0.4294149221685454,2.1940418679549114,
16,42.99516908212561,36.460010735373054,14.325013419216317,3.079710144927536,0.20799785292538917,0.30864197530864196,0.4294149221685454,2.1940418679549114,
17,42.8341384863124,36.65458937198068,14.2914653784219,3.079710144927536,0.20799785292538917,0.30864197530864196,0.4294149221685454,2.1940418679549114,
18,42.129629629629626,37.513419216317764,14.27133655394525,2.945517981749866,0.20799785292538917,0.30864197530864196,0.4294149221685454,2.1940418679549114,
19,40.96886741814278,38.35882984433709,14.237788513150832,2.945517981749866,0.5837359098228664,0.30864197530864196,0.4294149221685454,2.167203435319377,
20,39.24449812130972,39.720880300590444,14.955716586151368,2.589908749329039,0.5837359098228664,0.30864197530864196,0.4294149221685454,2.167203435319377,
21,34.99060654857756,44.296833064949006,13.83521202361782,3.2742887815351582,0.20799785292538917,0.2683843263553409,0.9594739667203436,2.167203435319377,
22,35.05099302200752,44.26328502415459,13.83521202361782,3.2742887815351582,0.20799785292538917,0.2683843263553409,0.9594739667203436,2.1403650026838434,
23,35.225442834138484,44.16264090177134,13.79495437466452,3.240740740740741,0.20799785292538917,0.2683843263553409,0.9594739667203436,2.1403650026838434,
24,34.715512614063336,41.79414922168545,13.399087493290391,1.724369296833065,0.20799785292538917,0.2683843263553409,0.9594739667203436,6.9310252281266775,
25,33.964036500268385,36.68813741277509,18.136070853462158,1.724369296833065,0.20799785292538917,0.2683843263553409,0.6709608158883521,8.340042941492216,
26,33.964036500268385,36.68813741277509,18.136070853462158,1.724369296833065,0.20799785292538917,0.2683843263553409,0.6709608158883521,8.340042941492216,
27,31.5955448201825,38.75469672571122,18.04213633923779,1.5163714439076759,0.6977992485238862,0.2683843263553409,0.798443370907139,8.32662372517445,
28,26.84514224369297,44.38405797101449,18.00858829844337,1.4626945786366077,0.6977992485238862,0.2683843263553409,0.798443370907139,7.5348899624261945,
29,25.348899624261943,39.962426194310254,24.288781535158346,1.4626945786366077,0.6977992485238862,0.2683843263553409,1.2412775093934514,6.729736983360172,
30,25.51663982823403,39.36527106816962,23.221953837895867,1.4626945786366077,0.6977992485238862,0.2683843263553409,1.2010198604401503,8.266237251744498,
31,22.873054213633925,33.3870101986044,23.993558776167472,0.9259259259259259,0.7380568974771873,0.2683843263553409,1.2010198604401503,16.6129898013956,
32,22.899892646269457,33.20585077831455,23.79898013955985,0.9259259259259259,0.7380568974771873,0.2683843263553409,1.7847557702630166,16.378153515834676,
33,22.966988727858293,33.1454643048846,23.792270531400966,0.9259259259259259,0.7380568974771873,0.2683843263553409,1.7847557702630166,16.378153515834676,
34,22.893183038110575,33.05823939881911,22.65834675254965,0.36231884057971014,0.7380568974771873,0.1274825550187869,3.6366076221148687,16.525764895330113,
35,21.67874396135266,32.380568974771876,22.61808910359635,0.36231884057971014,0.7380568974771873,0.5166398282340311,5.837359098228664,15.868223295759528,
36,21.32313472893183,32.2061191626409,23.1682769726248,0.36231884057971014,0.7380568974771873,0.5166398282340311,5.837359098228664,15.848094471282877,
37,21.517713365539453,31.49490069779925,23.09447128287708,0.36231884057971014,0.8990874932903918,0.5166398282340311,6.300322061191626,15.814546430488459,
38,21.121846484165324,31.199677938808374,23.336017176596886,0.36231884057971014,0.8990874932903918,1.0735373054213635,6.300322061191626,15.707192699946322,
39,20.893719806763286,30.059044551798173,24.698067632850243,0.36231884057971014,0.8990874932903918,1.0735373054213635,6.528448738593666,15.485775630703166,
40,21.027911969940956,28.824476650563607,19.90740740740741,0.9393451422436929,0.8588298443370908,0.46967257112184646,6.380837359098229,21.591519055287172,
41,21.054750402576488,28.75738056897477,20.034889962426195,0.9393451422436929,0.8588298443370908,0.46967257112184646,6.380837359098229,21.504294149221685,
42,21.121846484165324,28.75738056897477,20.034889962426195,0.9393451422436929,0.8588298443370908,0.46967257112184646,6.353998926462695,21.464036500268385,
43,21.162104133118625,28.395061728395063,20.034889962426195,1.9189479334406871,0.8588298443370908,0.46967257112184646,6.327160493827161,20.833333333333332,
44,21.32313472893183,28.153515834675254,20.021470746108427,2.428878153515835,0.8454106280193237,0.46967257112184646,6.327160493827161,20.43075684380032,
45,20.9272678475577,25.617283950617285,23.89291465378422,2.428878153515835,0.8319914117015567,0.46967257112184646,5.83064949006978,20.001341921631777,
46,21.155394524959743,25.248255501878692,23.72517444981213,2.4020397208803006,0.8319914117015567,0.46967257112184646,5.83064949006978,20.336822329575952,
47,21.041331186258724,24.644390767579175,25.89237788513151,2.3081052066559313,0.9460547504025765,0.46967257112184646,5.810520665593129,18.887546967257112,
48,21.095008051529792,24.644390767579175,25.865539452495973,2.3081052066559313,0.9460547504025765,0.46967257112184646,5.810520665593129,18.86070853462158,
49,21.24932903918411,24.50348899624262,25.865539452495973,1.8451422436929683,0.9326355340848095,0.46967257112184646,5.810520665593129,19.32367149758454,
50,20.98094471282877,23.26892109500805,24.60413311862587,1.8451422436929683,1.0332796564680622,0.46967257112184646,5.810520665593129,21.987385936661298,
51,20.94068706387547,23.255501878690286,24.174718196457327,2.2879763821792807,1.1808910359634996,0.46967257112184646,5.810520665593129,21.880032206119164,
52,21.061460010735374,23.255501878690286,23.872785829307567,2.4691358024691357,1.1808910359634996,0.46967257112184646,5.810520665593129,21.880032206119164,
53,21.115136876006442,23.255501878690286,23.872785829307567,2.4691358024691357,1.1808910359634996,0.46967257112184646,5.756843800322061,21.880032206119164,
54,20.853462157809982,23.141438539989263,23.711755233494365,2.4691358024691357,1.1808910359634996,0.46967257112184646,5.703166935050993,22.470477724100913,
55,20.645464304884594,22.517444981213096,24.953032742887814,2.4691358024691357,1.1674718196457328,0.46967257112184646,5.642780461621041,22.134997316156735,
56,20.88030059044552,22.309447128287708,24.92619431025228,2.4691358024691357,1.1674718196457328,0.46967257112184646,5.917874396135265,21.85990338164251,
57,21.014492753623188,22.309447128287708,24.590713902308106,2.4691358024691357,1.4761137949543746,0.46967257112184646,5.917874396135265,21.752549651100377,
58,19.746376811594203,23.067632850241544,26.31508319914117,1.8451422436929683,1.4761137949543746,0.46967257112184646,5.897745571658615,21.182232957595275,
59,19.826892109500804,23.067632850241544,26.288244766505635,1.8451422436929683,1.4761137949543746,0.46967257112184646,5.870907139023081,21.155394524959743,
60,19.90740740740741,23.013955984970476,26.27482555018787,1.8451422436929683,1.4761137949543746,0.46967257112184646,5.870907139023081,21.141975308641975,
61,19.47128287707998,19.840311325818572,31.159420289855074,1.6908212560386473,1.3888888888888888,0.46967257112184646,5.870907139023081,20.108695652173914,
62,19.605475040257648,19.73966720343532,31.13929146537842,1.6908212560386473,1.3888888888888888,0.7380568974771873,5.857487922705314,19.840311325818572,
63,19.612184648416534,19.51154052603328,34.42028985507246,1.6908212560386473,1.3888888888888888,0.46967257112184646,6.293612453032743,16.6129898013956,
64,19.14922168545357,19.209608158883523,36.11782071926999,2.100107353730542,1.328502415458937,0.46967257112184646,6.293612453032743,15.331454643048845,
65,18.927804616210413,18.98148148148148,35.55421363392378,2.100107353730542,1.2681159420289856,0.46967257112184646,5.515297906602254,17.183306494900698,
66,18.86070853462158,18.95464304884595,33.923778851315085,2.100107353730542,1.2681159420289856,0.41599570585077833,7.2933440687063875,17.183306494900698,
67,18.95464304884595,18.80703166935051,35.96349973161568,2.100107353730542,1.2681159420289856,0.41599570585077833,6.977992485238862,15.5126140633387,
68,19.008319914117017,18.753354804079443,35.96349973161568,2.100107353730542,1.2681159420289856,0.41599570585077833,6.977992485238862,15.5126140633387,
69,19.28341384863124,18.699677938808374,35.93666129898014,2.100107353730542,1.2681159420289856,0.41599570585077833,6.8035426731078905,15.49248523886205,
70,19.343800322061192,18.46484165324745,36.3593666129898,2.100107353730542,1.3352120236178207,0.8387010198604401,6.347289318303811,15.210681696188942,
71,18.78690284487386,18.297101449275363,37.184648416532475,2.100107353730542,1.4962426194310252,0.7648953301127214,6.347289318303811,15.022812667740205,
72,18.92109500805153,18.297101449275363,36.9296833064949,2.100107353730542,1.4962426194310252,0.7514761137949544,6.830381105743425,14.673913043478262,
73,19.296833064949006,18.035426731078903,36.62775093934514,2.100107353730542,1.4962426194310252,0.7514761137949544,6.642512077294686,15.049651100375739,
74,19.33709071390231,18.035426731078903,36.594202898550726,2.0933977455716586,1.4962426194310252,0.7514761137949544,6.642512077294686,15.049651100375739,
75,19.0150295222759,18.02200751476114,37.124261943102525,2.033011272141707,1.402308105206656,0.7514761137949544,6.642512077294686,15.009393451422437,
76,19.182769726247987,18.015297906602253,37.01690821256039,2.033011272141707,1.402308105206656,0.7514761137949544,6.642512077294686,14.955716586151368,
77,19.196188942565755,17.102791196994094,37.446323134728935,2.01959205582394,1.8853998926462694,0.7514761137949544,6.642512077294686,14.955716586151368,
78,19.229736983360173,17.102791196994094,37.41277509393451,2.01959205582394,1.8853998926462694,0.7514761137949544,6.642512077294686,14.955716586151368,
79,19.229736983360173,17.062533548040793,36.95652173913044,2.9052603327965647,1.8853998926462694,0.7514761137949544,6.280193236714976,14.928878153515834,
80,18.203166935050994,16.384863123993558,39.88862050456253,2.885131508319914,1.8384326355340848,0.4495437466451959,6.280193236714976,14.070048309178745,
81,18.283682232957595,16.371443907675793,39.88862050456253,2.6838432635534084,1.8384326355340848,0.4495437466451959,6.5552871712292005,13.92914653784219,
82,16.11647879763822,12.801932367149758,45.66559312936125,2.6838432635534084,1.8384326355340848,0.4495437466451959,6.5552871712292005,13.88888888888889,
83,16.25067096081589,12.754965110037574,45.35024154589372,2.6838432635534084,2.073268921095008,0.4495437466451959,6.5552871712292005,13.882179280730005,
84,16.21712292002147,12.72812667740204,45.46430488459474,2.6704240472356413,2.0397208803005906,0.4495437466451959,6.5552871712292005,13.875469672571121,
85,16.391572732152444,12.721417069243156,45.34353193773484,2.6704240472356413,2.0397208803005906,0.4495437466451959,6.5552871712292005,13.828502415458937,
86,16.545893719806763,12.721417069243156,45.289855072463766,2.6704240472356413,1.9994632313472893,0.4495437466451959,6.5552871712292005,13.768115942028986,
87,16.512345679012345,12.674449812130971,46.182232957595275,2.6637144390767578,2.1269457863660763,0.5703166935050993,6.5552871712292005,12.714707461084272,
88,15.861513687600644,11.480139559849706,44.840311325818575,2.6637144390767578,2.1269457863660763,0.5703166935050993,6.535158346752549,15.921900161030596,
89,15.901771336553946,11.446591519055287,43.00858829844337,2.6637144390767578,2.1269457863660763,0.7917337627482555,8.246108427267847,15.814546430488459,
90,15.559581320450885,11.929683306494901,42.86768652710682,2.6637144390767578,2.1269457863660763,0.7917337627482555,8.246108427267847,15.814546430488459,
91,15.646806226516372,11.929683306494901,42.7938808373591,2.6637144390767578,2.1269457863660763,0.7917337627482555,8.246108427267847,15.801127214170693,
92,15.94873859366613,11.929683306494901,42.50536768652711,2.6637144390767578,2.1269457863660763,0.7917337627482555,8.246108427267847,15.787707997852925,
93,15.734031132581856,11.77536231884058,40.27777777777778,2.6637144390767578,2.1269457863660763,0.7917337627482555,10.84272678475577,15.787707997852925,
94,15.747450348899624,11.688137412775093,40.11003757380569,2.6637144390767578,2.717391304347826,0.9192163177670424,10.84272678475577,15.311325818572195,
95,15.874932903918411,11.688137412775093,39.861782071927,2.8113258185721954,2.717391304347826,0.9192163177670424,10.82259796027912,15.304616210413311,
96,15.210681696188942,12.72812667740204,39.12372517444981,2.7643585614600106,3.193773483628556,0.9192163177670424,10.82259796027912,15.237520128824476,
97,15.331454643048845,12.567096081588835,41.196994095544824,2.7643585614600106,3.1870638754696725,0.9192163177670424,10.11808910359635,13.915727321524423,
98,15.378421900161031,12.567096081588835,41.1634460547504,2.7643585614600106,3.1736446591519054,0.9192163177670424,10.11808910359635,13.915727321524423,
99,15.35829307568438,12.553676865271068,40.90848094471283,2.7643585614600106,2.7308105206655933,1.1473429951690821,10.11808910359635,14.418947933440688,
100,15.465646806226516,12.553676865271068,40.87493290391841,2.737520128824477,2.7308105206655933,1.1473429951690821,10.071121846484166,14.418947933440688,
101,15.210681696188942,12.130971551261407,40.53945249597424,2.737520128824477,2.7308105206655933,1.1473429951690821,10.299248523886206,15.203972088030058,
102,15.210681696188942,12.130971551261407,39.15727321524423,2.9052603327965647,2.7241009125067097,0.9192163177670424,11.748523886205046,15.203972088030058,
103,15.445517981749866,12.110842726784755,39.06333870101986,2.8784219001610305,2.7241009125067097,0.9192163177670424,11.701556629092861,15.157004830917874,
104,15.485775630703166,12.084004294149223,38.506441223832525,2.871712292002147,2.7241009125067097,0.630703166935051,11.66129898013956,16.035963499731615,
105,15.573000536768653,12.057165861513688,38.47289318303811,2.871712292002147,2.7241009125067097,0.630703166935051,11.66129898013956,16.009125067096083,
106,15.432098765432098,11.969940955448202,38.93585614600107,2.636876006441224,2.7241009125067097,0.630703166935051,11.916264090177133,15.754159957058508,
107,15.774288781535159,11.956521739130435,38.62721417069243,2.5831991411701556,2.7241009125067097,0.7581857219538379,11.916264090177133,15.660225442834138,
108,15.814546430488459,11.956521739130435,38.58695652173913,2.5831991411701556,2.7241009125067097,0.7581857219538379,11.916264090177133,15.660225442834138,
109,15.774288781535159,11.956521739130435,38.539989264626946,3.026033279656468,2.7241009125067097,0.7581857219538379,11.916264090177133,15.304616210413311,
110,15.841384863123993,11.956521739130435,38.539989264626946,3.026033279656468,2.690552871712292,0.9393451422436929,11.882716049382717,15.123456790123457,
111,15.539452495974235,11.902844873859367,39.18411164787977,3.026033279656468,2.690552871712292,0.9393451422436929,11.788781535158346,14.928878153515834,
112,15.70048309178744,11.902844873859367,39.14385399892646,3.026033279656468,2.677133655394525,0.9393451422436929,11.681427804616211,14.928878153515834,
113,14.888620504562533,11.902844873859367,40.19726247987118,2.885131508319914,2.6502952227589907,0.9393451422436929,11.681427804616211,14.855072463768115,
114,14.2914653784219,10.7085346215781,44.880568974771876,2.885131508319914,2.6502952227589907,0.9393451422436929,9.742351046698873,13.902308105206655,
115,14.31159420289855,10.7085346215781,44.880568974771876,2.885131508319914,2.6502952227589907,0.9393451422436929,9.722222222222221,13.902308105206655,
116,14.418947933440688,10.701825013419215,44.80005367686527,2.8650026838432634,2.6435856146001075,0.9326355340848095,9.708803005904455,13.92914653784219,
117,14.412238325281804,10.48040794417606,42.98845947396672,2.8515834675254963,2.6435856146001075,0.9326355340848095,12.010198604401502,13.6808910359635,
118,13.868760064412239,8.896940418679549,44.69940955448202,2.1739130434782608,2.5496511003757383,0.9192163177670424,11.862587224906065,15.029522275899087,
119,14.016371443907676,8.896940418679549,44.65915190552872,2.1739130434782608,2.5295222758990876,0.9192163177670424,11.77536231884058,15.029522275899087,
120,14.17740203972088,8.809715512614064,44.585346215781,2.1739130434782608,2.5295222758990876,0.9192163177670424,11.77536231884058,15.029522275899087,
121,13.962694578636608,8.158883521202362,44.585346215781,2.965646806226516,2.8247450348899625,0.9192163177670424,11.668008588298443,14.915458937198068,
122,14.197530864197532,8.031400966183575,44.53166935050993,2.952227589908749,2.8247450348899625,0.9125067096081588,11.647879763821793,14.9020397208803,
123,14.244498121309716,7.9039184111647875,44.51154052603328,2.952227589908749,2.818035426731079,0.9125067096081588,10.581052066559312,16.076221148684915,
124,14.398819108964037,7.897208803005904,44.41760601180891,2.952227589908749,2.818035426731079,0.9125067096081588,10.527375201288244,16.076221148684915,
125,13.674181427804616,7.702630166398282,45.3569511540526,2.952227589908749,2.818035426731079,0.8990874932903918,10.520665593129362,16.076221148684915,
126,13.539989264626946,7.226247987117552,44.34380032206119,2.952227589908749,2.7643585614600106,0.8990874932903918,11.439881910896403,16.834406870638755,
127,14.016371443907676,7.212828770799785,44.16935050993022,2.945517981749866,2.7509393451422435,0.8856682769726248,11.674718196457327,16.344605475040257,
128,14.31159420289855,7.206119162640902,43.96135265700483,2.945517981749866,2.7509393451422435,0.8856682769726248,11.614331723027375,16.324476650563607,
129,14.412238325281804,7.139023081052066,43.96135265700483,2.945517981749866,2.7509393451422435,0.8856682769726248,11.614331723027375,16.29092860976919,
130,14.459205582393988,7.139023081052066,43.612453032742884,3.3548040794417604,2.7509393451422435,0.8856682769726248,11.614331723027375,16.183574879227052,
131,14.566559312936125,7.139023081052066,43.53193773483628,3.3548040794417604,3.0327428878153517,0.8521202361782072,11.33923778851315,16.183574879227052,
132,14.63365539452496,7.139023081052066,43.51180891035963,3.3548040794417604,3.0327428878153517,0.8521202361782072,11.325818572195384,16.150026838432634,
133,14.828234031132581,7.139023081052066,43.384326355340846,3.3548040794417604,2.9790660225442833,0.8521202361782072,11.325818572195384,16.13660762211487,
134,13.828502415458937,6.991411701556629,46.39023081052066,3.026033279656468,3.0864197530864197,0.8387010198604401,11.09098228663446,14.74771873322598,
135,13.882179280730005,6.991411701556629,45.99436392914654,3.4017713365539453,3.0864197530864197,0.8387010198604401,11.09098228663446,14.714170692431562,
136,13.90901771336554,6.991411701556629,45.967525496511,3.4017713365539453,3.0864197530864197,0.8387010198604401,11.09098228663446,14.714170692431562,
137,13.81508319914117,6.991411701556629,45.62533548040794,3.4017713365539453,3.0864197530864197,0.8387010198604401,11.030595813204508,15.210681696188942,
138,13.942565754159958,6.964573268921095,45.591787439613526,3.374932903918411,3.0864197530864197,0.8387010198604401,11.030595813204508,15.170424047235642,
139,13.801663982823403,6.9310252281266775,45.06172839506173,3.3548040794417604,3.556092324208266,0.8387010198604401,11.030595813204508,15.425389157273216,
140,13.539989264626946,13.862050456253355,42.0625335480408,3.3548040794417604,3.166935050993022,0.8051529790660226,9.037842190016104,14.170692431561998,
141,13.620504562533547,13.862050456253355,42.04240472356415,3.3548040794417604,3.166935050993022,0.8051529790660226,8.984165324745035,14.163982823403114,
142,13.727858293075684,13.821792807300053,42.028985507246375,3.3548040794417604,3.166935050993022,0.8051529790660226,8.984165324745035,14.110305958132045,
143,13.79495437466452,13.821792807300053,41.97530864197531,3.3413848631239937,3.166935050993022,0.8051529790660226,8.984165324745035,14.110305958132045,
144,13.83521202361782,13.821792807300053,41.95517981749866,3.3413848631239937,3.1602254428341383,0.8051529790660226,8.970746108427267,14.110305958132045,
145,13.875469672571121,13.821792807300053,41.948470209339774,3.321256038647343,3.1602254428341383,0.8051529790660226,8.970746108427267,14.096886741814279,
146,13.955984970477724,13.79495437466452,41.89479334406871,3.321256038647343,3.1602254428341383,0.8051529790660226,8.970746108427267,14.096886741814279,
147,14.009661835748792,13.774825550187868,40.955448201825014,3.5225442834138487,3.1602254428341383,0.8051529790660226,9.856414385399892,13.915727321524423,
148,14.070048309178745,13.761406333870102,40.915190552871714,3.5225442834138487,3.1535158346752548,0.8051529790660226,9.856414385399892,13.915727321524423,
149,13.714439076757918,13.714439076757918,41.237251744498124,3.5225442834138487,3.126677402039721,0.7581857219538379,8.702361782071927,15.22410091250671,
150,13.81508319914117,13.674181427804616,41.237251744498124,3.5225442834138487,3.126677402039721,0.7581857219538379,8.695652173913043,15.170424047235642,
151,10.628019323671497,22.966988727858293,37.42619431025228,2.589908749329039,2.757648953301127,0.7581857219538379,8.05823939881911,14.814814814814815,
152,10.762211486849168,23.13472893183038,37.29200214707461,2.589908749329039,2.757648953301127,0.6642512077294686,8.608427267847558,14.190821256038648,
153,10.876274825550189,23.10789049919485,37.21819645732689,2.589908749329039,2.7442297369833604,0.6642512077294686,8.608427267847558,14.190821256038648,
154,10.889694041867955,23.10789049919485,37.21819645732689,2.589908749329039,2.7442297369833604,0.6642512077294686,8.59500805152979,14.190821256038648,
155,10.943370907139023,23.10789049919485,37.21819645732689,2.589908749329039,2.7442297369833604,0.6642512077294686,8.59500805152979,14.13714439076758,
156,11.030595813204508,23.10789049919485,37.17122920021471,2.589908749329039,2.7442297369833604,0.7648953301127214,8.55475040257649,14.036500268384327,
157,10.997047772410092,23.081052066559312,35.017444981213096,2.589908749329039,2.918679549114332,0.7313472893183038,10.742082662372518,13.922436929683306,
158,9.655126140633387,22.27589908749329,36.178207192699944,2.589908749329039,2.918679549114332,0.7313472893183038,9.923510466988727,15.727321524422974,
159,9.802737520128824,22.228931830381107,36.15807836822329,2.5697799248523885,2.918679549114332,0.7313472893183038,9.916800858829845,15.673644659151906,
160,9.842995169082126,22.228931830381107,36.131239935587764,2.5697799248523885,2.9052603327965647,0.7313472893183038,9.916800858829845,15.673644659151906,
161,10.010735373054214,22.208803005904453,35.80246913580247,2.5697799248523885,2.9052603327965647,0.7313472893183038,10.111379495437467,15.660225442834138,
162,10.23215244229737,22.074610842726784,35.768921095008054,2.5697799248523885,2.9052603327965647,0.7313472893183038,10.111379495437467,15.60654857756307,
163,10.312667740203972,22.074610842726784,35.69511540526033,2.5697799248523885,2.9052603327965647,0.7313472893183038,10.104669887278583,15.60654857756307,
164,10.299248523886206,21.900161030595815,35.69511540526033,2.5697799248523885,2.9052603327965647,0.7313472893183038,10.292538915727322,15.60654857756307,
165,10.332796564680622,21.886741814278047,35.03086419753087,2.5697799248523885,3.046162104133119,0.7313472893183038,10.21202361782072,16.190284487385938,
166,10.373054213633925,21.83977455716586,34.94363929146538,2.8247450348899625,2.918679549114332,0.7313472893183038,10.185185185185185,16.183574879227052,
167,10.513955984970478,21.826355340848096,34.836285560923244,2.757648953301127,2.918679549114332,0.7179280730005367,9.816156736446592,16.6129898013956,
168,10.876274825550189,21.812936124530328,34.68196457326892,2.5563607085346214,2.918679549114332,0.6977992485238862,10.104669887278583,16.35131508319914,
169,7.39398819108964,34.92351046698873,27.093397745571657,2.3752012882447664,2.703972088030059,0.6038647342995169,9.829575952764358,15.076489533011273,
170,7.501341921631776,34.326355340848096,27.03972088030059,2.3752012882447664,3.260869565217391,0.6038647342995169,9.816156736446592,15.076489533011273,
171,7.4208266237251745,27.885131508319915,26.261406333870102,2.3752012882447664,2.9723564143853998,0.5904455179817498,17.793880837359097,14.700751476113794,
172,7.461084272678476,27.85829307568438,26.247987117552334,2.3752012882447664,2.9723564143853998,0.5904455179817498,17.793880837359097,14.700751476113794,
173,7.709339774557166,27.68384326355341,26.234567901234566,2.3752012882447664,2.965646806226516,0.5904455179817498,17.76033279656468,14.680622651637144,
174,7.937466451959206,27.65029522275899,26.133923778851315,2.3752012882447664,2.965646806226516,0.5904455179817498,17.733494363929147,14.61352657004831,
175,7.937466451959206,27.65029522275899,26.133923778851315,2.3752012882447664,2.965646806226516,0.5904455179817498,17.733494363929147,14.61352657004831,
176,8.011272141706923,27.61003757380569,26.100375738056897,2.3752012882447664,2.965646806226516,0.5904455179817498,17.733494363929147,14.61352657004831,
177,7.991143317230274,27.375201288244767,26.053408480944714,2.3752012882447664,2.965646806226516,0.5904455179817498,16.63311862587225,16.015834675254965,
178,8.179012345679013,27.033011272141707,25.831991411701555,2.3550724637681157,2.8381642512077296,0.9997316156736447,16.74718196457327,16.015834675254965,
179,8.407139023081053,26.952495974235106,25.711218464841654,2.3550724637681157,2.8113258185721954,0.9997316156736447,16.74718196457327,16.015834675254965,
180,8.13875469672571,22.088030059044552,25.543478260869566,2.3550724637681157,2.2611379495437465,0.9997316156736447,16.6532474503489,21.960547504025765,
181,8.158883521202362,22.08132045088567,25.543478260869566,2.442297369833602,2.2611379495437465,0.9997316156736447,16.6129898013956,21.900161030595815,
182,8.085077831454644,21.544551798174986,25.5300590445518,2.442297369833602,2.6972624798711755,0.9997316156736447,16.458668813741276,22.24235104669887,
183,8.205850778314547,21.450617283950617,25.51663982823403,2.442297369833602,2.6972624798711755,0.9997316156736447,16.458668813741276,22.228931830381107,
184,8.433977455716587,21.38352120236178,25.43612453032743,2.428878153515835,2.6972624798711755,0.9997316156736447,16.42512077294686,22.19538378958669,
185,8.527911969940956,21.14868491680086,23.946591519055286,2.3886205045625335,3.2139023081052067,0.9326355340848095,17.814009661835748,22.0276435856146,
186,8.601717659688674,20.699141170155663,23.906333870101985,2.3550724637681157,3.6634460547504024,0.9326355340848095,17.814009661835748,22.0276435856146,
187,8.641975308641975,20.69243156199678,23.906333870101985,2.3483628556092326,3.6634460547504024,0.9326355340848095,17.807300053676865,22.007514761137948,
188,8.870101986044014,20.658883521202362,23.772141706924316,2.3483628556092326,3.6500268384326353,0.9326355340848095,17.773752012882447,21.994095544820183,
189,9.064680622651638,20.611916264090176,23.72517444981213,2.3483628556092326,3.6500268384326353,0.9326355340848095,17.733494363929147,21.93370907139023,
190,9.01100375738057,20.598497047772412,23.72517444981213,2.3483628556092326,3.6500268384326353,0.9057971014492754,18.67283950617284,21.088298443370906,
191,9.265968867418144,20.511272141706925,23.637949543746647,2.3483628556092326,3.643317230273752,0.9057971014492754,18.646001073537306,21.041331186258724,
192,9.494095544820183,20.48443370907139,23.62453032742888,2.3483628556092326,3.643317230273752,0.9057971014492754,18.45813204508857,21.041331186258724,
193,9.648416532474503,20.356951154052602,23.62453032742888,2.328234031132582,3.643317230273752,0.9057971014492754,18.451422436929683,21.041331186258724,
194,9.702093397745571,20.33011272141707,23.617820719269993,2.328234031132582,3.643317230273752,0.9057971014492754,18.431293612453032,21.041331186258724,
195,9.75577026301664,20.33011272141707,23.58427267847558,2.328234031132582,3.643317230273752,0.9057971014492754,18.42458400429415,21.027911969940956,
196,9.849704777241008,20.283145464304884,23.55072463768116,2.328234031132582,3.643317230273752,0.9057971014492754,18.42458400429415,21.014492753623188,
197,10.010735373054214,20.229468599033815,23.49033816425121,2.328234031132582,3.6097691894793345,0.9057971014492754,18.411164787976382,21.014492753623188,
198,10.265700483091788,20.202630166398283,23.429951690821255,2.314814814814815,3.6097691894793345,0.9057971014492754,18.283682232957595,20.987654320987655,
199,10.393183038110575,20.202630166398283,23.329307568438004,2.314814814814815,3.6097691894793345,0.9057971014492754,17.887815351583466,21.35668276972625,
200,10.869565217391305,20.182501341921633,23.329307568438004,2.314814814814815,3.569511540526033,0.9057971014492754,17.47181964573269,21.35668276972625,
201,10.997047772410092,20.148953301127214,23.289049919484704,2.314814814814815,3.569511540526033,0.9057971014492754,17.444981213097154,21.329844337090712,
202,10.050993022007514,18.833870101986044,25.07380568974772,3.2541599570585076,3.374932903918411,0.8454106280193237,16.908212560386474,21.658615136876005,
203,10.104669887278583,18.793612453032743,25.033548040794418,2.5295222758990876,3.6231884057971016,0.8454106280193237,17.47181964573269,21.598228663446054,
204,10.413311862587225,18.766774020397207,24.832259796027913,2.5295222758990876,3.616478797638218,0.8454106280193237,17.431561996779386,21.564680622651636,
205,10.621309715512615,18.572195383789587,24.798711755233494,2.5295222758990876,3.864734299516908,0.8454106280193237,17.431561996779386,21.336553945249598,
206,10.661567364465915,18.531937734836287,24.798711755233494,2.5295222758990876,3.864734299516908,0.8454106280193237,17.431561996779386,21.336553945249598,
207,10.735373054213634,18.51851851851852,24.798711755233494,2.771068169618894,3.864734299516908,0.8454106280193237,17.337627482555018,21.128556092324207,
208,10.795759527643586,18.471551261406333,24.792002147074612,2.771068169618894,3.864734299516908,0.8454106280193237,17.337627482555018,21.121846484165324,
209,10.82259796027912,18.471551261406333,24.792002147074612,2.771068169618894,3.864734299516908,0.8454106280193237,17.337627482555018,21.095008051529792,
210,10.943370907139023,18.4447128287708,24.745034889962426,2.757648953301127,3.864734299516908,0.8454106280193237,17.310789049919485,21.088298443370906,
211,10.990338164251208,18.203166935050994,24.530327428878152,2.7442297369833604,4.30756843800322,0.8454106280193237,17.310789049919485,21.068169618894256,
212,11.05072463768116,18.16290928609769,24.248523886205046,3.321256038647343,4.676596886741814,0.8387010198604401,16.67337627482555,21.027911969940956,
213,11.11111111111111,18.136070853462158,24.22168545356951,3.321256038647343,4.676596886741814,0.8387010198604401,16.908212560386474,20.78636607622115,
214,11.18491680085883,18.109232420826622,24.174718196457327,3.321256038647343,4.676596886741814,0.8387010198604401,16.908212560386474,20.78636607622115,
215,11.238593666129898,18.089103596349972,24.114331723027377,3.69699409554482,4.656468062265164,0.8387010198604401,16.908212560386474,20.457595276435857,
216,11.453301127214171,18.089103596349972,24.020397208803004,3.6902844873859366,4.656468062265164,0.8387010198604401,16.867954911433173,20.38378958668814,
217,11.614331723027375,18.06226516371444,23.946591519055286,3.670155662909286,4.622920021470746,0.8387010198604401,16.861245303274288,20.38378958668814,
218,11.79549114331723,18.06226516371444,23.946591519055286,3.670155662909286,4.582662372517445,0.8387010198604401,16.861245303274288,20.242887815351583,
219,11.889425657541599,18.02200751476114,23.946591519055286,3.670155662909286,4.582662372517445,0.8387010198604401,16.841116478797638,20.209339774557165,
220,11.969940955448202,17.995169082125603,23.946591519055286,3.670155662909286,4.582662372517445,0.8387010198604401,16.794149221685455,20.202630166398283,
221,12.191358024691358,17.934782608695652,23.946591519055286,3.670155662909286,4.582662372517445,0.8387010198604401,16.794149221685455,20.041599570585078,
222,12.265163714439076,17.881105743424584,23.926462694578635,3.670155662909286,4.582662372517445,0.8387010198604401,16.794149221685455,20.041599570585078,
223,12.385936661298981,17.37788513150832,23.832528180354267,3.670155662909286,5.0858829844337095,0.8387010198604401,16.76731078904992,20.041599570585078,
224,12.580515297906603,17.324208266237253,23.758722490606548,3.643317230273752,5.347557702630167,0.8387010198604401,16.525764895330113,19.981213097155127,
225,12.808641975308642,17.310789049919485,23.711755233494365,3.6231884057971016,5.347557702630167,0.8387010198604401,16.378153515834676,19.981213097155127,
226,12.835480407944177,17.310789049919485,23.68491680085883,3.6231884057971016,5.347557702630167,0.8387010198604401,16.378153515834676,19.981213097155127,
227,13.110574342458401,17.042404723564143,23.678207192699947,3.6231884057971016,5.347557702630167,0.8387010198604401,16.378153515834676,19.981213097155127,
228,12.822061191626409,17.042404723564143,23.53059581320451,4.213633923778851,5.347557702630167,0.8387010198604401,16.411701556629094,19.79334406870639,
229,12.902576489533011,17.042404723564143,23.463499731615673,4.213633923778851,5.347557702630167,0.8387010198604401,16.411701556629094,19.77992485238862,
230,13.036768652710682,17.042404723564143,23.396403650026837,4.213633923778851,5.347557702630167,0.8387010198604401,16.344605475040257,19.77992485238862,
231,12.855609232420827,16.056092324208265,22.785829307568438,5.857487922705314,4.985238862050457,1.247987117552335,16.438539989264626,19.773215244229736,
232,12.915995705850777,16.056092324208265,22.758990874932906,5.9514224369296835,4.985238862050457,1.247987117552335,16.358024691358025,19.726247987117553,
233,12.875738056897477,16.022544283413847,22.73886205045625,5.897745571658615,4.985238862050457,1.247987117552335,16.72705314009662,19.504830917874397,
234,12.875738056897477,16.022544283413847,22.73886205045625,5.897745571658615,4.985238862050457,1.247987117552335,16.72705314009662,19.504830917874397,
235,12.795222758990874,16.022544283413847,22.134997316156735,6.031937734836285,5.340848094471283,1.1272141706924315,16.71363392377885,19.83360171765969,
236,12.238325281803542,14.714170692431562,21.4170692431562,3.9318303811057436,4.562533548040794,1.5901771336553945,17.14975845410628,24.396135265700483,
237,12.305421363392378,14.700751476113794,21.4170692431562,3.911701556629093,4.562533548040794,1.5901771336553945,17.12962962962963,24.382716049382715,
238,12.379227053140097,14.667203435319378,21.4170692431562,3.911701556629093,4.555823939881911,1.5901771336553945,17.122920021470748,24.355877616747183,
239,12.5,14.667203435319378,21.289586688137412,3.911701556629093,4.53569511540526,1.5901771336553945,17.351046698872786,24.154589371980677,
240,12.560386473429952,14.667203435319378,21.289586688137412,3.911701556629093,4.49543746645196,1.8384326355340848,17.236983360171767,24.000268384326354,
241,12.614063338701019,14.640365002683843,21.24932903918411,4.025764895330113,4.49543746645196,1.8384326355340848,17.236983360171767,23.899624261943103,
242,12.734836285560924,14.640365002683843,21.22920021470746,4.005636070853462,4.49543746645196,1.8250134192163177,17.16988727858293,23.899624261943103,
243,12.721417069243156,14.640365002683843,21.20907139023081,4.005636070853462,4.49543746645196,1.8250134192163177,17.16988727858293,23.58427267847558,0.3488996242619431
244,12.781803542673108,14.640365002683843,21.20907139023081,4.005636070853462,4.468599033816425,1.8250134192163177,17.136339237788512,23.58427267847558,0.3488996242619431
245,12.788513150831992,14.546430488459475,20.873590982286636,3.978797638217928,4.468599033816425,1.8250134192163177,17.136339237788512,24.033816425120772,0.3488996242619431
246,12.895866881374127,14.512882447665056,20.8467525496511,3.965378421900161,4.461889425657541,1.8250134192163177,17.122920021470748,24.020397208803004,0.3488996242619431
247,13.063607085346217,14.492753623188406,20.82662372517445,3.965378421900161,4.461889425657541,1.8250134192163177,17.08937198067633,23.926462694578635,0.3488996242619431
248,13.103864734299517,14.492753623188406,20.799785292538918,3.965378421900161,4.461889425657541,1.8250134192163177,17.07595276435856,23.926462694578635,0.3488996242619431
249,13.137412775093935,14.459205582393988,20.316693505099302,4.461889425657541,4.461889425657541,1.8250134192163177,17.062533548040793,23.926462694578635,0.3488996242619431
250,13.197799248523886,14.459205582393988,20.316693505099302,4.461889425657541,4.461889425657541,1.8250134192163177,17.002147074610843,23.926462694578635,0.3488996242619431
251,13.47289318303811,14.452495974235104,20.169082125603865,4.461889425657541,4.461889425657541,1.8115942028985508,17.002147074610843,23.8191089640365,0.3488996242619431
252,13.66076221148685,14.36527106816962,20.169082125603865,4.461889425657541,4.461889425657541,1.8115942028985508,16.901502952227588,23.8191089640365,0.3488996242619431
253,13.768115942028986,14.351851851851851,20.128824476650564,4.461889425657541,4.461889425657541,1.8115942028985508,16.901502952227588,23.765432098765434,0.3488996242619431
254,14.070048309178745,14.351851851851851,20.108695652173914,4.461889425657541,4.461889425657541,1.778046162104133,16.680085882984432,23.738593666129898,0.3488996242619431
255,14.103596349973161,14.351851851851851,20.101986044015028,4.461889425657541,4.461889425657541,1.778046162104133,16.6532474503489,23.738593666129898,0.3488996242619431
256,14.184111647879764,14.351851851851851,20.101986044015028,4.3478260869565215,4.7168545356951155,1.778046162104133,16.646537842190018,23.523886205045624,0.3488996242619431
257,14.27133655394525,14.318303811057435,20.088566827697264,4.3478260869565215,4.7168545356951155,1.778046162104133,16.646537842190018,23.483628556092324,0.3488996242619431
258,14.338432635534085,14.217659688674182,20.014761137949545,4.30756843800322,4.87788513150832,2.187332259796028,16.512345679012345,23.19511540526033,0.3488996242619431
259,14.439076757917338,14.217659688674182,19.981213097155127,4.830917874396135,4.810789049919484,2.1135265700483092,16.10305958132045,23.15485775630703,0.3488996242619431
260,14.586688137412775,14.184111647879764,19.97450348899624,4.830917874396135,4.696725711218465,2.0933977455716586,16.17686527106817,23.10789049919485,0.3488996242619431
261,14.821524422973699,14.184111647879764,19.93424584004294,4.817498658078368,4.676596886741814,2.0799785292538915,16.150026838432634,22.987117552334944,0.3488996242619431
262,14.861782071927,14.184111647879764,19.900697799248523,4.817498658078368,4.676596886741814,2.0799785292538915,16.150026838432634,22.98040794417606,0.3488996242619431
