,45,50,55,51,52,54,56,58,53,57,60,59,62,61,63
0,93.94122383252818,6.045356951154052,0.013419216317767043,,,,,,,,,,,,
1,93.76677402039721,6.219806763285024,0.013419216317767043,,,,,,,,,,,,
2,88.02334943639292,11.668008588298443,0.026838432635534086,0.14090177133655393,0.14090177133655393,,,,,,,,,,
3,87.88244766505636,11.77536231884058,0.06038647342995169,0.14090177133655393,0.14090177133655393,,,,,,,,,,
4,86.62775093934515,13.030059044551798,0.06038647342995169,0.14090177133655393,0.14090177133655393,,,,,,,,,,
5,83.76945786366076,14.868491680085883,0.0939345142243693,1.107085346215781,0.13419216317767044,0.026838432635534086,,,,,,,,,
6,83.57487922705315,15.01610305958132,0.14090177133655393,1.107085346215781,0.13419216317767044,0.026838432635534086,,,,,,,,,
7,70.98094471282877,25.127482555018787,0.14761137949543746,3.5829307568438002,0.13419216317767044,0.026838432635534086,,,,,,,,,
8,70.73939881910897,25.288513150831992,0.2281266774020397,3.5829307568438002,0.13419216317767044,0.026838432635534086,,,,,,,,,
9,70.13553408480945,25.91921631776704,0.24825550187869028,3.5225442834138487,0.13419216317767044,0.026838432635534086,0.013419216317767043,,,,,,,,
10,68.00187869028449,25.691089640365004,0.2616747181964573,3.5225442834138487,2.4691358024691357,0.026838432635534086,0.013419216317767043,0.013419216317767043,,,,,,,
11,67.90123456790124,25.241545893719806,0.2952227589908749,3.4822866344605474,3.012614063338701,0.026838432635534086,0.026838432635534086,0.013419216317767043,,,,,,,
12,57.50134192163178,30.911164787976382,0.2616747181964573,8.13875469672571,3.012614063338701,0.05367686527106817,0.10735373054213634,0.013419216317767043,,,,,,,
13,55.92458400429415,30.287171229200215,0.2616747181964573,10.44015029522276,2.9119699409554483,0.05367686527106817,0.10735373054213634,0.013419216317767043,,,,,,,
14,55.85748792270532,29.904723564143854,0.7246376811594203,10.420021470746109,2.9119699409554483,0.05367686527106817,0.11406333870101985,0.013419216317767043,,,,,,,
15,54.61621041331186,31.239935587761675,0.7112184648416533,10.339506172839506,2.9119699409554483,0.05367686527106817,0.11406333870101985,0.013419216317767043,,,,,,,
16,54.47530864197531,31.340579710144926,0.7380568974771873,10.339506172839506,2.9119699409554483,0.06709608158883522,0.11406333870101985,0.013419216317767043,,,,,,,
17,52.67713365539453,33.25281803542673,0.7581857219538379,10.319377348362856,2.7442297369833604,0.040257648953301126,0.14090177133655393,0.04696725711218465,0.020128824476650563,,,,,,
18,52.58990874932904,33.32662372517445,0.7716049382716049,10.292538915727322,2.7442297369833604,0.040257648953301126,0.16774020397208803,0.04696725711218465,0.020128824476650563,,,,,,
19,52.462426194310254,31.99141170155663,0.8319914117015567,10.104669887278583,4.30756843800322,0.040257648953301126,0.16774020397208803,0.04696725711218465,0.020128824476650563,0.026838432635534086,,,,,
20,51.851851851851855,32.43424584004294,0.8521202361782072,10.0979602791197,4.30756843800322,0.040257648953301126,0.15432098765432098,0.06038647342995169,0.17444981213097155,0.026838432635534086,,,,,
21,49.67122920021471,34.35990338164251,0.8521202361782072,10.111379495437467,4.549114331723027,0.040257648953301126,0.15432098765432098,0.06038647342995169,0.17444981213097155,0.026838432635534086,,,,,
22,41.33118625872249,40.62667740203972,1.093666129898014,8.460815888352121,8.024691358024691,0.040257648953301126,0.1274825550187869,0.0939345142243693,0.17444981213097155,0.026838432635534086,,,,,
23,41.277509393451425,40.673644659151904,1.093666129898014,8.641975308641975,7.803274288781535,0.040257648953301126,0.14090177133655393,0.0939345142243693,0.17444981213097155,0.06038647342995169,,,,,
24,37.02361782071927,41.438539989264626,0.6172839506172839,8.61513687600644,11.79549114331723,0.040257648953301126,0.14090177133655393,0.0939345142243693,0.17444981213097155,0.06038647342995169,,,,,
25,34.084809447128286,40.79441760601181,0.5971551261406334,12.258454106280194,11.748523886205046,0.040257648953301126,0.15432098765432098,0.0939345142243693,0.06038647342995169,0.16774020397208803,,,,,
26,33.299785292538914,41.93505099302201,0.6172839506172839,12.258454106280194,11.29898013955985,0.040257648953301126,0.15432098765432098,0.0939345142243693,0.06038647342995169,0.24154589371980675,,,,,
27,33.2259796027912,41.92163177670424,0.6575415995705851,12.305421363392378,11.29898013955985,0.040257648953301126,0.15432098765432098,0.0939345142243693,0.06038647342995169,0.24154589371980675,,,,,
28,33.17901234567901,41.91492216854536,0.7045088566827697,12.278582930756844,11.325818572195384,0.04696725711218465,0.15432098765432098,0.0939345142243693,0.06038647342995169,0.24154589371980675,,,,,
29,31.582125603864736,43.51180891035963,0.8588298443370908,12.27187332259796,11.16478797638218,0.04696725711218465,0.16774020397208803,0.0939345142243693,0.020128824476650563,0.28180354267310787,,,,,
30,31.582125603864736,42.028985507246375,0.7313472893183038,12.218196457326892,10.077831454643048,0.04696725711218465,0.17444981213097155,0.08051529790660225,2.8113258185721954,0.24825550187869028,,,,,
31,30.193236714975846,43.68625872249061,0.785024154589372,12.191358024691358,9.749060654857756,0.05367686527106817,0.17444981213097155,0.08051529790660225,2.8381642512077296,0.24825550187869028,,,,,
32,27.68384326355341,46.13526570048309,0.8454106280193237,12.191358024691358,9.749060654857756,0.05367686527106817,0.17444981213097155,0.08051529790660225,2.8381642512077296,0.24825550187869028,,,,,
33,27.147074610842726,42.612721417069245,0.9863123993558777,16.069511540526033,9.749060654857756,0.05367686527106817,0.19457863660762212,0.08051529790660225,2.85829307568438,0.24825550187869028,,,,,
34,27.106816961889425,42.579173376274824,1.0601180891035964,16.029253891572733,9.749060654857756,0.05367686527106817,0.23483628556092323,0.08051529790660225,2.85829307568438,0.24825550187869028,,,,,
35,25.93263553408481,40.88835212023618,1.5767579173376274,18.370907139023082,9.762479871175524,0.04696725711218465,0.23483628556092323,0.08051529790660225,2.85829307568438,0.24825550187869028,,,,,
36,25.91250670960816,40.87493290391841,1.583467525496511,18.256843800322063,9.668545356951155,0.04696725711218465,0.3421900161030596,0.08051529790660225,3.0059044551798175,0.2281266774020397,,,,,
37,25.831991411701555,40.22410091250671,1.0802469135802468,19.504830917874397,9.668545356951155,0.04696725711218465,0.32877079978529256,0.08051529790660225,3.0059044551798175,0.2281266774020397,,,,,
38,25.77831454643049,40.08990874932904,1.2681159420289856,19.49141170155663,9.64170692431562,0.04696725711218465,0.3421900161030596,0.08051529790660225,3.0059044551798175,0.2549651100375738,,,,,
39,25.543478260869566,39.090177133655395,1.3821792807300053,19.444444444444443,10.305958132045088,0.20128824476650564,0.36902844873859364,0.08051529790660225,3.3413848631239937,0.24154589371980675,,,,,
40,25.187869028448738,38.157541599570585,1.4962426194310252,19.196188942565755,10.205314009661835,0.19457863660762212,0.36902844873859364,0.08051529790660225,4.85775630703167,0.2549651100375738,,,,,
41,25.181159420289855,37.084004294149224,1.570048309178744,19.196188942565755,10.205314009661835,0.2214170692431562,0.36902844873859364,0.08051529790660225,5.837359098228664,0.2549651100375738,,,,,
42,25.127482555018787,37.13768115942029,1.6706924315619969,19.028448738593667,9.997316156736447,0.2214170692431562,0.5367686527106817,0.08051529790660225,5.837359098228664,0.36231884057971014,,,,,
43,24.00697799248524,32.56172839506173,1.6706924315619969,24.718196457326894,10.560923242082662,0.2214170692431562,0.5703166935050993,0.08051529790660225,5.260332796564681,0.3488996242619431,,,,,
44,23.731884057971016,32.809983896940416,1.6841116478797638,23.17498658078368,12.117552334943639,0.2214170692431562,0.5703166935050993,0.08051529790660225,5.260332796564681,0.3488996242619431,,,,,
45,22.470477724100913,34.447128287708,1.7176596886741815,22.765700483091788,12.117552334943639,0.2214170692431562,0.5703166935050993,0.08051529790660225,5.260332796564681,0.3488996242619431,,,,,
46,20.893719806763286,32.024959742351044,1.7176596886741815,26.50966183574879,12.969672571121846,0.23483628556092323,0.5837359098228664,0.08051529790660225,4.643048845947397,0.3421900161030596,,,,,
47,20.82662372517445,29.106280193236714,1.6371443907675791,25.617283950617285,12.775093934514224,0.23483628556092323,0.644122383252818,0.10735373054213634,8.709071390230811,0.3421900161030596,,,,,
48,17.867686527106816,35.94337090713902,1.442565754159957,28.267579173376276,11.419753086419753,0.23483628556092323,0.6239935587761675,0.10735373054213634,3.750670960815888,0.3421900161030596,,,,,
49,17.867686527106816,35.91653247450349,1.4962426194310252,28.153515834675254,11.419753086419753,0.23483628556092323,0.6910896403650026,0.10735373054213634,3.770799785292539,0.3421900161030596,,,,,
50,17.619431025228128,35.909822866344605,1.5499194847020934,26.878690284487387,11.560654857756306,0.23483628556092323,0.6709608158883521,0.10735373054213634,5.12614063338701,0.3421900161030596,,,,,
51,17.60601180891036,35.81588835212023,1.6035963499731616,26.8719806763285,11.3593666129898,0.6776704240472357,0.7313472893183038,0.10735373054213634,4.951690821256038,0.27509393451422437,,,,,
52,17.465110037573805,35.00402576489533,1.5767579173376274,28.227321524422972,11.11111111111111,0.6776704240472357,0.6038647342995169,0.13419216317767044,4.924852388620504,0.27509393451422437,,,,,
53,17.458400429414922,34.46725711218465,1.6505636070853462,28.187063875469672,11.11111111111111,0.9057971014492754,0.644122383252818,0.13419216317767044,5.166398282340311,0.27509393451422437,,,,,
54,17.458400429414922,34.42028985507246,1.6706924315619969,26.38888888888889,12.93612453032743,0.9057971014492754,0.6105743424584005,0.16774020397208803,5.166398282340311,0.27509393451422437,,,,,
55,16.49892646269458,32.21953837895867,1.9122383252818036,28.824476650563607,12.93612453032743,1.4090177133655395,0.6172839506172839,0.14761137949543746,5.159688674181428,0.27509393451422437,,,,,
56,16.324476650563607,31.830381105743424,1.9793344068706387,28.797638217928075,13.39237788513151,1.4090177133655395,0.6172839506172839,0.1610305958132045,5.179817498658078,0.30864197530864196,,,,,
57,16.324476650563607,31.776704240472355,2.033011272141707,28.797638217928075,13.358829844337091,1.4090177133655395,0.6172839506172839,0.1610305958132045,5.179817498658078,0.3421900161030596,,,,,
58,16.324476650563607,31.702898550724637,2.120236178207193,28.784219001610307,13.325281803542673,1.4090177133655395,0.6172839506172839,0.17444981213097155,5.166398282340311,0.3757380568974772,,,,,
59,16.324476650563607,31.629092860976918,2.1806226516371443,28.784219001610307,13.33870101986044,1.4090177133655395,0.6172839506172839,0.17444981213097155,5.166398282340311,0.3757380568974772,,,,,
60,16.297638217928075,31.622383252818036,2.2208803005904456,28.75067096081589,13.291733762748256,1.4090177133655395,0.644122383252818,0.1878690284487386,5.152979066022544,0.4227053140096618,,,,,
61,16.150026838432634,31.4345142243693,2.368491680085883,28.69699409554482,13.258185721953838,1.4090177133655395,0.6977992485238862,0.1878690284487386,5.340848094471283,0.4562533548040794,,,,,
62,15.995705850778315,31.53515834675255,2.38191089640365,28.73054213633924,13.217928073000536,1.4090177133655395,0.7045088566827697,0.1878690284487386,5.340848094471283,0.49651100375738055,,,,,
63,15.68035426731079,30.475040257648953,2.3617820719269993,28.29441760601181,13.20450885668277,3.33467525496511,0.6239935587761675,0.1878690284487386,5.340848094471283,0.49651100375738055,,,,,
64,15.24422973698336,29.28743961352657,2.4892646269457863,31.863929146537842,12.084004294149223,3.2541599570585076,0.6038647342995169,0.13419216317767044,4.40150295222759,0.6374127750939346,,,,,
65,15.24422973698336,29.1532474503489,2.475845410628019,31.682769726247987,10.473698336017177,3.294417606011809,0.5904455179817498,0.13419216317767044,6.3070316693505095,0.644122383252818,,,,,
66,14.97584541062802,26.308373590982285,2.214170692431562,31.320450885668276,13.191089640365004,3.052871712292002,0.5568974771873323,0.13419216317767044,7.669082125603865,0.5770263016639828,,,,,
67,14.868491680085883,26.160762211486848,2.2342995169082127,30.88432635534085,14.506172839506172,3.079710144927536,0.7648953301127214,0.13419216317767044,6.850509930220075,0.5166398282340311,,,,,
68,14.868491680085883,24.57729468599034,2.2611379495437465,30.62265163714439,14.002952227589908,2.8784219001610305,0.9997316156736447,0.13419216317767044,9.151905528717123,0.5032206119162641,,,,,
69,14.841653247450349,23.926462694578635,2.9790660225442833,30.589103596349972,14.002952227589908,2.9589371980676327,0.9930220075147611,0.13419216317767044,9.07139023081052,0.5032206119162641,,,,,
70,14.841653247450349,23.60440150295223,2.8247450348899625,29.770531400966185,15.351583467525497,2.945517981749866,0.95276435856146,0.13419216317767044,9.057971014492754,0.5032206119162641,0.013419216317767043,,,,
71,14.566559312936125,22.946859903381643,2.6704240472356413,34.48067632850242,12.72812667740204,2.945517981749866,0.9259259259259259,0.14761137949543746,8.21256038647343,0.36231884057971014,0.013419216317767043,,,,
72,14.553140096618357,22.913311862587225,2.703972088030059,34.225711218464845,12.962962962962964,2.9388083735909825,0.9863123993558777,0.14761137949543746,8.172302737520129,0.3824476650563607,0.013419216317767043,,,,
73,14.492753623188406,22.463768115942027,2.7442297369833604,33.93719806763285,12.902576489533011,2.9388083735909825,0.9192163177670424,0.18115942028985507,9.004294149221685,0.4025764895330113,0.013419216317767043,,,,
74,14.492753623188406,22.463768115942027,2.7442297369833604,33.843263553408484,12.895866881374127,2.932098765432099,1.0198604401502953,0.20799785292538917,8.977455716586151,0.4025764895330113,0.020128824476650563,,,,
75,11.372785829307569,31.21309715512614,3.026033279656468,33.23939881910896,8.454106280193237,2.85829307568438,0.9393451422436929,0.16774020397208803,8.32662372517445,0.3824476650563607,0.020128824476650563,,,,
76,11.372785829307569,31.186258722490606,3.0327428878153517,32.971014492753625,8.454106280193237,2.85829307568438,1.2278582930756843,0.16774020397208803,8.32662372517445,0.3824476650563607,0.020128824476650563,,,,
77,11.33923778851315,30.340848094471284,3.0864197530864197,32.92404723564144,8.272946859903382,3.9049919484702094,1.2815351583467525,0.16774020397208803,8.279656468062266,0.3824476650563607,0.020128824476650563,,,,
78,11.3191089640365,30.307300053676865,3.140096618357488,32.8972088030059,8.272946859903382,3.9049919484702094,1.3083735909822867,0.2281266774020397,8.219269994632313,0.3824476650563607,0.020128824476650563,,,,
79,11.312399355877616,29.817498658078367,3.1333870101986045,35.35292538915727,7.353730542136339,3.81105743424584,1.2748255501878691,0.18115942028985507,7.4006977992485234,0.3421900161030596,0.020128824476650563,,,,
80,11.29898013955985,29.817498658078367,3.294417606011809,35.12479871175523,7.353730542136339,3.81105743424584,1.328502415458937,0.18115942028985507,7.427536231884058,0.3421900161030596,0.020128824476650563,,,,
81,11.077563070316694,29.240472356414386,3.207192699946323,31.810252281266774,10.601180891035963,3.81105743424584,1.3150831991411702,0.18115942028985507,8.393719806763285,0.3421900161030596,0.020128824476650563,,,,
82,10.057702630166398,26.94578636607622,3.113258185721954,35.89640365002684,10.466988727858293,3.6902844873859366,1.1943102522812667,0.20799785292538917,8.05823939881911,0.3488996242619431,0.020128824476650563,,,,
83,9.25925925925926,26.637144390767578,3.052871712292002,37.61406333870102,9.359903381642512,3.656736446591519,1.2077294685990339,0.20799785292538917,8.608427267847558,0.3757380568974772,0.020128824476650563,,,,
84,9.232420826623725,26.65727321524423,3.079710144927536,37.58722490606549,9.333064949006978,3.656736446591519,1.2077294685990339,0.24154589371980675,8.581588835212024,0.4025764895330113,0.020128824476650563,,,,
85,9.205582393988191,26.583467525496513,3.2206119162640903,37.57380568974772,9.473966720343531,3.656736446591519,1.2412775093934514,0.2683843263553409,8.353462157809984,0.4025764895330113,0.020128824476650563,,,,
86,9.205582393988191,25.87224906065486,3.3480944712828773,37.33225979602791,9.400161030595813,3.656736446591519,1.5029522275899088,0.2952227589908749,8.964036500268385,0.4025764895330113,0.020128824476650563,,,,
87,9.198872785829307,25.261674718196456,3.8043478260869565,37.05716586151369,8.93719806763285,4.676596886741814,1.5163714439076759,0.24154589371980675,8.917069243156199,0.36902844873859364,0.020128824476650563,,,,
88,9.172034353193773,25.194578636607623,3.8714439076757916,36.87600644122383,8.896940418679549,4.676596886741814,1.6975308641975309,0.2549651100375738,8.903650026838433,0.4092860976918948,0.020128824476650563,0.026838432635534086,,,
89,9.151905528717123,25.06038647342995,3.8848631239935587,36.802200751476114,9.192163177670425,4.676596886741814,1.7310789049919484,0.2549651100375738,8.756038647342995,0.4092860976918948,0.040257648953301126,0.040257648953301126,,,
90,9.151905528717123,25.02012882447665,3.92512077294686,36.61433172302738,9.185453569511541,4.676596886741814,1.9189479334406871,0.2549651100375738,8.756038647342995,0.41599570585077833,0.040257648953301126,0.040257648953301126,,,
91,9.151905528717123,25.02012882447665,3.92512077294686,36.58749329039184,9.185453569511541,4.676596886741814,1.9457863660762211,0.2549651100375738,8.756038647342995,0.41599570585077833,0.040257648953301126,0.040257648953301126,,,
92,9.151905528717123,24.993290391841118,3.9519592055823938,36.47342995169082,9.185453569511541,4.676596886741814,2.059849704777241,0.2683843263553409,8.742619431025227,0.41599570585077833,0.040257648953301126,0.040257648953301126,,,
93,9.151905528717123,24.785292538915726,4.03918411164788,36.4398819108964,9.272678475577026,4.676596886741814,2.1269457863660763,0.28180354267310787,8.695652173913043,0.4495437466451959,0.040257648953301126,0.040257648953301126,,,
94,9.151905528717123,23.00053676865271,6.072195383789587,36.191626409017715,9.145195920558239,4.636339237788513,2.24771873322598,0.28180354267310787,8.702361782071927,0.47638217928073,0.08051529790660225,0.013419216317767043,,,
95,9.118357487922705,22.973698336017176,6.132581857219538,36.15807836822329,9.098228663446054,4.62962962962963,2.2745571658615136,0.28180354267310787,8.702361782071927,0.5300590445517982,0.08722490606548577,0.013419216317767043,,,
96,9.118357487922705,22.819377348362856,6.273483628556092,36.08427267847558,9.098228663446054,4.616210413311863,2.3483628556092326,0.28180354267310787,8.715780998389693,0.5300590445517982,0.08722490606548577,0.026838432635534086,,,
97,8.561460010735374,22.249060654857757,6.333870101986044,33.46081588835212,12.989801395598498,4.052603327965647,2.147074610842727,0.24825550187869028,9.447128287707997,0.38915727321524424,0.06709608158883522,0.05367686527106817,,,
98,8.413848631239935,19.47799248523886,5.642780461621041,33.97074610842727,12.513419216317766,4.032474503488996,2.2879763821792807,0.24154589371980675,12.915995705850777,0.39586688137412773,0.05367686527106817,0.05367686527106817,,,
99,8.393719806763285,19.45115405260333,5.636070853462158,33.97745571658615,11.876006441223833,4.086151368760064,2.932098765432099,0.2616747181964573,12.895866881374127,0.3824476650563607,0.05367686527106817,0.05367686527106817,,,
100,8.393719806763285,19.276704240472355,5.797101449275362,33.9170692431562,11.862587224906065,4.066022544283414,2.985775630703167,0.2885131508319914,12.828770799785293,0.47638217928073,0.05367686527106817,0.05367686527106817,,,
101,8.380300590445518,18.50509930220075,6.575415995705851,33.81642512077295,11.862587224906065,4.066022544283414,3.0864197530864197,0.2952227589908749,12.795222758990874,0.5099302200751477,0.05367686527106817,0.05367686527106817,,,
102,8.380300590445518,18.33064949006978,7.924047235641439,33.06494900697799,11.708266237251744,3.864734299516908,3.052871712292002,0.2952227589908749,12.714707461084272,0.5568974771873323,0.05367686527106817,0.05367686527106817,,,
103,7.246376811594203,19.585346215780998,8.105206655931294,32.950885668276975,11.52710681696189,3.864734299516908,3.1333870101986045,0.2952227589908749,12.600644122383253,0.5837359098228664,0.05367686527106817,0.05367686527106817,,,
104,7.206119162640902,19.538378958668815,7.944176060118089,31.219806763285025,10.829307568438002,4.005636070853462,3.1468062265163717,0.2952227589908749,15.103327965646805,0.5971551261406334,0.05367686527106817,0.06038647342995169,,,
105,7.206119162640902,19.45115405260333,8.11862587224906,30.35426731078905,10.695115405260333,5.448201825013419,2.8918411164787976,0.2952227589908749,14.834943639291465,0.5971551261406334,0.04696725711218465,0.06038647342995169,,,
106,7.105475040257649,19.350509930220074,8.11862587224906,30.08588298443371,10.641438539989265,5.253623188405797,2.791196994095545,0.2952227589908749,15.438808373590982,0.8118625872249061,0.04696725711218465,0.06038647342995169,,,
107,6.6760601180891035,18.625872249060656,8.091787439613526,31.5955448201825,10.641438539989265,5.24020397208803,2.8113258185721954,0.2952227589908749,15.083199141170155,0.8118625872249061,0.06038647342995169,0.06709608158883522,,,
108,6.629092860976919,18.605743424584006,7.863660762211487,31.561996779388085,10.849436392914654,5.273752012882448,3.066290928609769,0.2952227589908749,14.9020397208803,0.8118625872249061,0.07380568974771873,0.06709608158883522,,,
109,6.629092860976919,18.57890499194847,7.877079978529254,31.561996779388085,10.849436392914654,5.273752012882448,3.066290928609769,0.30864197530864196,14.9020397208803,0.8118625872249061,0.07380568974771873,0.06709608158883522,,,
110,6.595544820182502,18.552066559312937,7.729468599033816,32.70263016639828,10.265700483091788,4.998658078368224,3.079710144927536,0.30864197530864196,14.982555018786902,0.644122383252818,0.07380568974771873,0.06709608158883522,,,
111,6.595544820182502,18.51851851851852,7.763016639828234,32.70263016639828,10.25228126677402,4.998658078368224,3.079710144927536,0.3421900161030596,14.949006977992486,0.6575415995705851,0.07380568974771873,0.06709608158883522,,,
112,6.595544820182502,18.49838969404187,7.890499194847021,32.6556629092861,10.23215244229737,4.985238862050457,3.113258185721954,0.3421900161030596,14.88191089640365,0.6642512077294686,0.07380568974771873,0.06709608158883522,,,
113,6.582125603864735,18.35077831454643,8.004562533548041,32.63553408480945,10.23215244229737,5.092592592592593,3.026033279656468,0.3824476650563607,14.861782071927,0.7045088566827697,0.07380568974771873,0.05367686527106817,,,
114,6.172839506172839,17.995169082125603,8.487654320987655,33.581588835212024,9.574610842726784,4.757112184648417,3.33467525496511,0.3824476650563607,14.855072463768115,0.7313472893183038,0.07380568974771873,0.05367686527106817,,,
115,6.172839506172839,17.98174986580784,8.474235104669887,33.581588835212024,9.574610842726784,4.757112184648417,3.33467525496511,0.4092860976918948,14.828234031132581,0.7581857219538379,0.07380568974771873,0.05367686527106817,,,
116,6.172839506172839,17.59259259259259,8.266237251744498,32.407407407407405,9.574610842726784,4.74369296833065,3.2675791733762747,0.4092860976918948,16.639828234031132,0.785024154589372,0.08722490606548577,0.05367686527106817,,,
117,6.172839506172839,17.58588298443371,8.272946859903382,32.387278582930755,9.54777241009125,4.797369833601718,3.3011272141706924,0.4294149221685454,16.59286097691895,0.7716049382716049,0.08722490606548577,0.05367686527106817,,,
118,6.172839506172839,17.58588298443371,8.272946859903382,32.33360171765969,9.54777241009125,4.797369833601718,3.3548040794417604,0.4428341384863124,16.57944176060118,0.7716049382716049,0.08722490606548577,0.05367686527106817,,,
119,6.172839506172839,17.51207729468599,8.561460010735374,32.09205582393988,9.520933977455716,4.797369833601718,3.3950617283950617,0.49651100375738055,16.505636070853463,0.798443370907139,0.0939345142243693,0.05367686527106817,,,
120,6.172839506172839,17.51207729468599,8.541331186258722,32.085346215781,9.520933977455716,4.757112184648417,3.4151905528717124,0.5300590445517982,16.472088030059044,0.8252818035426731,0.11406333870101985,0.05367686527106817,,,
121,6.172839506172839,17.04911433172303,8.467525496511003,32.67579173376275,10.426731078904991,4.64975845410628,3.4286097691894795,0.5032206119162641,15.727321524422974,0.7581857219538379,0.08722490606548577,0.05367686527106817,,,
122,5.850778314546431,16.371443907675793,8.413848631239935,34.12506709608159,10.446859903381643,4.676596886741814,3.388352120236178,0.5032206119162641,15.271068169618895,0.7581857219538379,0.11406333870101985,0.08051529790660225,,,
123,5.850778314546431,16.344605475040257,8.299785292538916,34.03113258185722,10.44015029522276,4.676596886741814,3.488996242619431,0.5971551261406334,15.271068169618895,0.7581857219538379,0.12077294685990338,0.12077294685990338,,,
124,5.850778314546431,16.25067096081589,8.3064949006978,33.62855609232421,10.379763821792807,4.4753086419753085,3.9184111647879765,0.5971551261406334,15.619967793880837,0.7581857219538379,0.12077294685990338,0.0939345142243693,,,
125,5.850778314546431,16.25067096081589,7.427536231884058,32.991143317230275,12.734836285560924,4.49543746645196,3.9855072463768115,0.5367686527106817,14.88191089640365,0.630703166935051,0.10064412238325282,0.0939345142243693,0.020128824476650563,,
126,5.850778314546431,16.25067096081589,7.353730542136339,32.87707997852925,12.721417069243156,4.49543746645196,4.180085882984434,0.5367686527106817,14.88191089640365,0.644122383252818,0.0939345142243693,0.0939345142243693,0.020128824476650563,,
127,5.226784755770263,15.841384863123993,7.481213097155126,34.07809983896941,12.560386473429952,4.602791196994096,4.186795491143317,0.5367686527106817,14.61352657004831,0.6709608158883521,0.0939345142243693,0.08722490606548577,0.020128824476650563,,
128,5.226784755770263,15.841384863123993,7.50805152979066,33.883521202361784,12.560386473429952,4.575952764358561,4.3545356951154055,0.5367686527106817,14.61352657004831,0.6709608158883521,0.12077294685990338,0.08722490606548577,0.020128824476650563,,
129,5.2066559312936125,15.687063875469672,7.481213097155126,33.722490606548575,12.513419216317766,4.609500805152979,4.374664519592056,0.5434782608695652,14.908749329039184,0.7112184648416533,0.12077294685990338,0.10064412238325282,0.020128824476650563,,
130,5.2066559312936125,15.687063875469672,7.48792270531401,33.13204508856683,12.23161567364466,4.911433172302737,4.938271604938271,0.5770263016639828,14.875201288244767,0.7112184648416533,0.12077294685990338,0.10064412238325282,0.020128824476650563,,
131,5.2066559312936125,15.378421900161031,7.494632313472893,33.01798174986581,12.117552334943639,4.851046698872786,4.951690821256038,0.5770263016639828,15.385131508319914,0.7313472893183038,0.12077294685990338,0.14761137949543746,0.020128824476650563,,
132,5.146269457863661,15.398550724637682,7.50805152979066,33.01798174986581,12.104133118625873,4.85775630703167,4.978529253891573,0.5703166935050993,15.331454643048845,0.798443370907139,0.12077294685990338,0.14761137949543746,0.020128824476650563,,
133,5.146269457863661,15.398550724637682,7.50805152979066,32.95759527643585,12.084004294149223,4.85775630703167,5.045625335480408,0.5904455179817498,15.311325818572195,0.8118625872249061,0.12077294685990338,0.14761137949543746,0.020128824476650563,,
134,5.146269457863661,15.398550724637682,7.5348899624261945,32.95759527643585,12.084004294149223,4.85775630703167,5.045625335480408,0.6374127750939346,15.237520128824476,0.8118625872249061,0.12077294685990338,0.14761137949543746,0.020128824476650563,,
135,5.139559849704777,15.311325818572195,7.467793880837359,31.561996779388085,13.654052603327965,4.85775630703167,4.9651100375738055,0.6709608158883521,15.257648953301127,0.7917337627482555,0.12077294685990338,0.18115942028985507,0.020128824476650563,,
136,5.139559849704777,15.311325818572195,7.467793880837359,31.54186795491143,13.600375738056897,4.696725711218465,4.958400429414922,0.6709608158883521,15.4723564143854,0.8185721953837896,0.12077294685990338,0.18115942028985507,0.020128824476650563,,
137,5.038915727321524,15.083199141170155,7.4141170155662905,32.085346215781,13.479602791196994,4.683306494900698,5.139559849704777,0.6977992485238862,15.237520128824476,0.8051529790660226,0.12077294685990338,0.18115942028985507,0.020128824476650563,0.013419216317767043,
138,4.723564143853999,14.029790660225443,7.461084272678476,33.56816961889426,14.083467525496511,4.461889425657541,4.824208266237251,0.7045088566827697,14.969135802469136,0.8387010198604401,0.12077294685990338,0.18115942028985507,0.020128824476650563,0.013419216317767043,
139,4.723564143853999,13.88888888888889,7.467793880837359,33.41384863123994,14.04320987654321,4.663177670424047,4.978529253891573,0.8454106280193237,14.834943639291465,0.8051529790660226,0.12077294685990338,0.18115942028985507,0.020128824476650563,0.013419216317767043,
140,4.690016103059581,13.922436929683306,7.467793880837359,33.3870101986044,14.04320987654321,4.663177670424047,4.985238862050457,0.8655394524959742,14.834943639291465,0.8051529790660226,0.12077294685990338,0.18115942028985507,0.020128824476650563,0.013419216317767043,
141,4.690016103059581,13.882179280730005,7.467793880837359,33.293075684380035,14.036500268384327,4.663177670424047,5.065754159957058,0.8655394524959742,14.834943639291465,0.8655394524959742,0.12077294685990338,0.18115942028985507,0.020128824476650563,0.013419216317767043,
142,4.690016103059581,13.83521202361782,7.474503488996243,33.293075684380035,14.009661835748792,4.663177670424047,5.065754159957058,0.8655394524959742,14.828234031132581,0.9057971014492754,0.15432098765432098,0.18115942028985507,0.020128824476650563,0.013419216317767043,
143,4.690016103059581,13.83521202361782,7.454374664519592,33.293075684380035,13.982823403113258,4.676596886741814,5.059044551798175,0.8588298443370908,14.814814814814815,0.9326355340848095,0.15432098765432098,0.2147074610842727,0.020128824476650563,0.013419216317767043,
144,4.676596886741814,13.821792807300053,7.50805152979066,33.272946859903385,13.962694578636608,4.918142780461621,5.038915727321524,0.8454106280193237,14.626945786366075,0.9259259259259259,0.15432098765432098,0.2147074610842727,0.020128824476650563,0.013419216317767043,
145,4.676596886741814,13.821792807300053,7.501341921631776,33.23268921095008,13.882179280730005,4.918142780461621,5.0791733762748255,0.8454106280193237,14.626945786366075,1.0064412238325282,0.1610305958132045,0.2147074610842727,0.020128824476650563,0.013419216317767043,
146,4.676596886741814,13.801663982823403,7.48792270531401,33.031400966183575,13.882179280730005,4.951690821256038,5.253623188405797,0.8454106280193237,14.65378421900161,1.0064412238325282,0.1610305958132045,0.2147074610842727,0.020128824476650563,0.013419216317767043,
147,4.676596886741814,13.788244766505636,7.501341921631776,33.031400966183575,13.882179280730005,4.918142780461621,5.253623188405797,0.8454106280193237,14.63365539452496,1.0064412238325282,0.1610305958132045,0.2683843263553409,0.020128824476650563,0.013419216317767043,
148,4.488727858293076,13.446054750402576,7.481213097155126,33.72920021470746,13.747987117552334,4.87788513150832,5.381105743424584,0.8454106280193237,14.49946323134729,1.0399892646269457,0.1610305958132045,0.2683843263553409,0.020128824476650563,0.013419216317767043,
149,4.488727858293076,13.419216317767042,7.648953301127214,33.61513687600644,13.707729468599034,4.87788513150832,5.421363392377885,0.8454106280193237,14.472624798711756,1.0399892646269457,0.1610305958132045,0.2683843263553409,0.020128824476650563,0.013419216317767043,
150,4.455179817498658,13.439345142243694,7.595276435856146,33.53462157809984,13.647342995169081,4.891304347826087,5.522007514761138,0.8588298443370908,14.472624798711756,1.1205045625335481,0.1610305958132045,0.2683843263553409,0.020128824476650563,0.013419216317767043,
151,4.455179817498658,13.39237788513151,7.729468599033816,33.319914117015564,13.627214170692431,4.87788513150832,5.723295759527644,0.8856682769726248,14.278046162104133,1.2345679012345678,0.1610305958132045,0.28180354267310787,0.020128824476650563,0.013419216317767043,
152,4.455179817498658,13.39237788513151,7.729468599033816,33.279656468062264,13.627214170692431,4.87788513150832,5.763553408480945,0.8856682769726248,14.278046162104133,1.2345679012345678,0.1610305958132045,0.28180354267310787,0.020128824476650563,0.013419216317767043,
153,4.455179817498658,13.231347289318304,7.548309178743962,36.292270531400966,12.567096081588835,4.736983360171766,5.683038110574342,0.9728931830381106,12.902576489533011,1.1674718196457328,0.1274825550187869,0.28180354267310787,0.020128824476650563,0.013419216317767043,
154,4.448470209339774,13.231347289318304,7.568438003220612,36.2788513150832,12.567096081588835,4.723564143853999,5.683038110574342,1.0064412238325282,12.882447665056361,1.1674718196457328,0.1274825550187869,0.28180354267310787,0.020128824476650563,0.013419216317767043,
155,4.40150295222759,13.217928073000536,7.568438003220612,36.66129898013956,12.359098228663447,4.810789049919484,5.428073000536768,1.0198604401502953,12.855609232420827,1.2412775093934514,0.1274825550187869,0.27509393451422437,0.020128824476650563,0.013419216317767043,
156,4.40150295222759,13.20450885668277,7.568438003220612,36.33252818035427,12.345679012345679,4.575952764358561,5.662909286097692,1.0198604401502953,13.20450885668277,1.2546967257112185,0.1274825550187869,0.2683843263553409,0.020128824476650563,0.013419216317767043,
157,4.40150295222759,13.16425120772947,7.601986044015029,36.231884057971016,12.332259796027913,4.602791196994096,5.790391841116479,1.0131508319914118,13.170960815888352,1.247987117552335,0.1274825550187869,0.28180354267310787,0.020128824476650563,0.013419216317767043,
158,4.40150295222759,12.922705314009661,7.6556629092860975,37.6610305958132,11.07085346215781,4.602791196994096,5.797101449275362,0.9997316156736447,13.170960815888352,1.2748255501878691,0.1274825550187869,0.28180354267310787,0.020128824476650563,0.013419216317767043,
159,4.388083735909823,12.915995705850777,7.7831454643048845,36.64117015566291,11.07085346215781,5.314009661835748,5.904455179817498,0.9997316156736447,13.291733762748256,1.247987117552335,0.1274825550187869,0.28180354267310787,0.020128824476650563,0.013419216317767043,
160,4.388083735909823,12.432903918411165,8.252818035426731,36.594202898550726,11.07085346215781,5.314009661835748,5.9514224369296835,0.9997316156736447,13.291733762748256,1.247987117552335,0.1274825550187869,0.2952227589908749,0.020128824476650563,0.013419216317767043,
161,4.367954911433173,12.412775093934513,8.319914117015566,38.95598497047772,9.903381642512077,5.038915727321524,5.3274288781535155,0.9057971014492754,13.264895330112722,1.06682769726248,0.1274825550187869,0.2952227589908749,,0.013419216317767043,
162,4.367954911433173,12.352388620504563,8.387010198604402,38.7211486849168,9.903381642512077,5.273752012882448,5.347557702630167,0.9393451422436929,13.20450885668277,1.06682769726248,0.1274825550187869,0.2952227589908749,,0.013419216317767043,
163,4.367954911433173,12.332259796027913,8.407139023081053,38.7211486849168,9.903381642512077,5.287171229200215,5.340848094471283,0.9259259259259259,13.123993558776167,1.1540526033279657,0.1274825550187869,0.2952227589908749,,0.013419216317767043,
164,4.367954911433173,12.332259796027913,8.407139023081053,38.24476650563607,10.896403650026839,5.287171229200215,5.213365539452496,0.9259259259259259,12.74825550187869,1.1607622114868492,0.1274825550187869,0.27509393451422437,,0.013419216317767043,
165,4.367954911433173,12.298711755233494,8.427267847557703,38.20450885668277,10.88298443370907,5.280461621041331,5.253623188405797,0.9259259259259259,12.761674718196458,1.1674718196457328,0.14090177133655393,0.27509393451422437,,0.013419216317767043,
166,4.367954911433173,12.285292538915728,8.454106280193237,38.10386473429951,10.88298443370907,5.253623188405797,5.360976918947934,0.9326355340848095,12.734836285560924,1.1943102522812667,0.1274825550187869,0.2885131508319914,,0.013419216317767043,
167,4.240472356414386,12.117552334943639,8.588298443370908,39.21765968867418,10.091250670960816,5.226784755770263,5.387815351583468,0.9326355340848095,12.614063338701019,1.1540526033279657,0.1274825550187869,0.2885131508319914,,0.013419216317767043,
168,4.2270531400966185,11.681427804616211,8.387010198604402,41.626409017713364,9.084809447128288,4.42163177670424,4.341116478797638,0.8454106280193237,13.935856146001074,1.0131508319914118,0.15432098765432098,0.2683843263553409,,0.013419216317767043,
169,4.213633923778851,11.627750939345143,8.460815888352121,41.37144390767579,9.07139023081052,4.388083735909823,4.528985507246377,0.8722490606548577,13.962694578636608,1.0399892646269457,0.18115942028985507,0.2683843263553409,,0.013419216317767043,
170,4.186795491143317,11.58749329039184,8.3064949006978,41.0829307568438,9.386741814278047,4.280730005367687,4.636339237788513,0.9057971014492754,14.103596349973161,1.0399892646269457,0.20128824476650564,0.2683843263553409,,0.013419216317767043,
171,4.186795491143317,11.58749329039184,8.333333333333334,40.96886741814278,9.339774557165862,4.280730005367687,4.723564143853999,0.9057971014492754,14.103596349973161,1.0869565217391304,0.20128824476650564,0.2683843263553409,,0.013419216317767043,
172,4.186795491143317,11.58749329039184,8.13875469672571,40.52603327965647,9.225711218464841,5.179817498658078,4.770531400966184,0.9057971014492754,13.922436929683306,1.0869565217391304,0.1878690284487386,0.2683843263553409,,0.013419216317767043,
173,3.9989264626945786,11.761943102522812,8.158883521202362,40.37842190016103,9.225711218464841,5.179817498658078,4.918142780461621,0.9393451422436929,13.882179280730005,1.0869565217391304,0.1878690284487386,0.2683843263553409,,0.013419216317767043,
174,3.9989264626945786,11.708266237251744,8.225979602791197,39.67391304347826,9.084809447128288,5.179817498658078,5.763553408480945,0.9192163177670424,13.855340848094471,1.107085346215781,0.1878690284487386,0.28180354267310787,,0.013419216317767043,
175,3.9989264626945786,11.701556629092861,8.232689210950081,38.821792807300056,9.05126140633387,5.763553408480945,5.535426731078905,0.9192163177670424,14.38539989264627,1.107085346215781,0.1878690284487386,0.28180354267310787,,0.013419216317767043,
176,3.9989264626945786,11.701556629092861,7.75630703166935,40.31803542673108,9.05126140633387,5.179817498658078,5.636070853462158,0.8588298443370908,13.976113794954374,1.093666129898014,0.19457863660762212,0.2214170692431562,,0.013419216317767043,
177,3.9989264626945786,11.701556629092861,7.75630703166935,40.143585614600106,9.05126140633387,5.179817498658078,5.810520665593129,0.8722490606548577,13.962694578636608,1.093666129898014,0.19457863660762212,0.2214170692431562,,0.013419216317767043,
178,3.9989264626945786,11.688137412775093,7.742887815351583,40.13016639828234,9.05126140633387,5.179817498658078,5.8172302737520125,0.9326355340848095,13.902308105206655,1.107085346215781,0.19457863660762212,0.24154589371980675,,0.013419216317767043,
179,3.9989264626945786,11.674718196457327,7.87037037037037,39.98926462694579,9.05126140633387,5.173107890499195,5.8172302737520125,0.9728931830381106,13.875469672571121,1.1272141706924315,0.19457863660762212,0.24154589371980675,,0.013419216317767043,
180,3.9720880300590444,11.701556629092861,8.064949006977992,39.60681696188943,8.997584541062801,5.428073000536768,5.83064949006978,0.9728931830381106,13.788244766505636,1.1876006441223832,0.19457863660762212,0.24154589371980675,,0.013419216317767043,
181,3.9720880300590444,11.647879763821793,8.165593129361245,39.30488459473967,8.997584541062801,5.421363392377885,6.0654857756307035,0.9796027911969941,13.781535158346752,1.2010198604401503,0.20799785292538917,0.24154589371980675,,0.013419216317767043,
