,45,50,51,52,54,55,53,56,57,58
0,98.26892109500805,1.7310789049919484,,,,,,,,
1,97.40338164251207,2.3617820719269993,0.23483628556092323,,,,,,,
2,96.91358024691358,2.8515834675254963,0.23483628556092323,,,,,,,
3,96.47745571658615,3.2877079978529253,0.23483628556092323,,,,,,,
4,95.65888352120236,4.106280193236715,0.23483628556092323,,,,,,,
5,93.6460010735373,6.119162640901771,0.23483628556092323,,,,,,,
6,93.67954911433172,6.085614600107354,0.23483628556092323,,,,,,,
7,92.49194847020934,7.239667203435319,0.2214170692431562,0.04696725711218465,,,,,,
8,91.98201825013419,7.749597423510467,0.2214170692431562,0.04696725711218465,,,,,,
9,91.63311862587224,7.977724100912507,0.2214170692431562,0.16774020397208803,,,,,,
10,91.08964036500268,8.521202361782072,0.2214170692431562,0.16774020397208803,,,,,,
11,90.46564680622652,9.151905528717123,0.2147074610842727,0.16774020397208803,,,,,,
12,81.74986580783683,17.840848094471284,0.2549651100375738,0.15432098765432098,,,,,,
13,80.03891572732152,19.55179817498658,0.2549651100375738,0.15432098765432098,,,,,,
14,78.77079978529254,20.67230273752013,0.2549651100375738,0.15432098765432098,0.14761137949543746,,,,,
15,78.88486312399355,20.558239398819108,0.2549651100375738,0.15432098765432098,0.14761137949543746,,,,,
16,76.52308105206656,22.920021470746107,0.2549651100375738,0.15432098765432098,0.14761137949543746,,,,,
17,76.32850241545894,22.665056360708533,0.27509393451422437,0.15432098765432098,0.14761137949543746,0.4294149221685454,,,,
18,74.93961352657004,24.053945249597422,0.27509393451422437,0.15432098765432098,0.14761137949543746,0.4294149221685454,,,,
19,74.96645195920559,24.040526033279658,0.27509393451422437,0.14090177133655393,0.14761137949543746,0.4294149221685454,,,,
20,74.73832528180354,23.812399355877616,0.27509393451422437,0.14090177133655393,0.28180354267310787,0.7514761137949544,,,,
21,70.45088566827697,27.95222758990875,0.38915727321524424,0.14090177133655393,0.28180354267310787,0.785024154589372,,,,
22,68.10252281266774,30.06575415995706,0.38915727321524424,0.14090177133655393,0.28180354267310787,1.0198604401502953,,,,
23,68.3239398819109,29.8040794417606,0.43612453032742887,0.13419216317767044,0.28180354267310787,1.0198604401502953,,,,
24,65.20397208803006,31.125872249060656,2.147074610842727,0.13419216317767044,0.28180354267310787,0.9796027911969941,0.1274825550187869,,,
25,65.36500268384326,30.683038110574344,2.2745571658615136,0.2885131508319914,0.28180354267310787,0.9796027911969941,0.1274825550187869,,,
26,65.50590445517982,30.300590445517983,2.5429414922168547,0.2616747181964573,0.28180354267310787,0.9796027911969941,0.1274825550187869,,,
27,65.66022544283413,30.193236714975846,2.5295222758990876,0.2616747181964573,0.28180354267310787,0.9460547504025765,0.1274825550187869,,,
28,61.38620504562534,35.37305421363392,1.5767579173376274,0.2616747181964573,0.35560923242082665,0.9192163177670424,0.1274825550187869,,,
29,56.13258185721954,40.54616210413312,1.5096618357487923,0.2616747181964573,0.35560923242082665,1.0131508319914118,0.18115942028985507,,,
30,55.81052066559313,40.66022544283414,1.583467525496511,0.23483628556092323,0.4092860976918948,1.1205045625335481,0.18115942028985507,,,
31,55.95813204508857,40.37842190016103,1.583467525496511,0.36902844873859364,0.4092860976918948,1.1205045625335481,0.18115942028985507,,,
32,55.83735909822866,40.445517981749866,1.6371443907675791,0.36902844873859364,0.4092860976918948,1.1205045625335481,0.18115942028985507,,,
33,55.89103596349973,40.123456790123456,1.6304347826086956,0.644122383252818,0.4092860976918948,1.1205045625335481,0.18115942028985507,,,
34,55.64949006977992,40.24422973698336,1.6304347826086956,0.644122383252818,0.4092860976918948,1.2412775093934514,0.18115942028985507,,,
35,55.77697262479871,40.13016639828234,1.6170155662909287,0.644122383252818,0.4092860976918948,1.2412775093934514,0.18115942028985507,,,
36,56.26677402039721,39.66720343531938,1.596886741814278,0.6374127750939346,0.4092860976918948,1.2412775093934514,0.18115942028985507,,,
37,56.56870638754697,39.378690284487384,1.596886741814278,0.6374127750939346,0.4092860976918948,1.2278582930756843,0.18115942028985507,,,
38,35.54079441760601,60.567632850241544,1.1137949543746646,0.6374127750939346,0.5300590445517982,1.42914653784219,0.18115942028985507,,,
39,35.970209339774556,59.98389694041868,1.1137949543746646,0.6374127750939346,0.5233494363929146,1.5901771336553945,0.18115942028985507,,,
40,36.574074074074076,59.333064949006975,1.1137949543746646,0.6374127750939346,0.5703166935050993,1.5901771336553945,0.18115942028985507,,,
41,34.997316156736446,60.84272678475577,1.1137949543746646,0.6374127750939346,0.5703166935050993,1.6841116478797638,0.15432098765432098,,,
42,35.28582930756844,60.49382716049383,1.1137949543746646,0.7045088566827697,0.5703166935050993,1.6774020397208802,0.15432098765432098,,,
43,34.47396672034353,61.37949543746645,1.1137949543746646,0.6374127750939346,0.5703166935050993,1.6706924315619969,0.15432098765432098,,,
44,34.916800858829845,60.90311325818572,1.1003757380568975,0.6374127750939346,0.5703166935050993,1.7176596886741815,0.15432098765432098,,,
45,35.037573805689746,60.66156736446592,1.1003757380568975,0.6374127750939346,0.6910896403650026,1.7176596886741815,0.15432098765432098,,,
46,35.017444981213096,56.91760601180891,1.3419216317767042,0.6374127750939346,0.8990874932903918,4.951690821256038,0.23483628556092323,,,
47,35.601180891035966,56.25335480407944,1.3419216317767042,0.7783145464304885,0.8990874932903918,4.891304347826087,0.23483628556092323,,,
48,29.159957058507782,63.419216317767045,0.966183574879227,0.7514761137949544,0.6642512077294686,4.804079441760601,0.23483628556092323,,,
49,29.71014492753623,62.875738056897475,0.9594739667203436,0.7514761137949544,0.6642512077294686,4.804079441760601,0.23483628556092323,,,
50,30.24020397208803,62.31213097155126,0.9326355340848095,0.8319914117015567,0.6642512077294686,4.783950617283951,0.23483628556092323,,,
51,29.676596886741816,59.796027911969944,0.9259259259259259,3.670155662909286,0.7313472893183038,4.9651100375738055,0.23483628556092323,,,
52,30.152979066022546,59.38003220611916,0.9259259259259259,3.616478797638218,0.7313472893183038,4.958400429414922,0.23483628556092323,,,
53,30.54884594739667,59.0378421900161,0.9259259259259259,3.502415458937198,0.7313472893183038,5.018786902844874,0.23483628556092323,,,
54,31.112453032742888,58.36688137412775,0.8655394524959742,3.475577026301664,0.7045088566827697,5.24020397208803,0.23483628556092323,,,
55,31.582125603864736,57.9374664519592,0.8655394524959742,3.455448201825013,0.7045088566827697,5.22007514761138,0.23483628556092323,,,
56,32.14573268921095,57.35373054213634,0.8655394524959742,3.4286097691894795,0.7045088566827697,5.287171229200215,0.2147074610842727,,,
57,32.669082125603865,56.85050993022008,0.8454106280193237,3.361513687600644,0.7313472893183038,5.267042404723564,0.2147074610842727,0.06038647342995169,,
58,32.96430488459474,56.615673644659154,0.8454106280193237,3.321256038647343,0.7313472893183038,5.253623188405797,0.20799785292538917,0.06038647342995169,,
59,33.46081588835212,56.03864734299517,0.8454106280193237,3.3145464304884595,0.7313472893183038,5.340848094471283,0.20799785292538917,0.06038647342995169,,
60,33.08507783145464,53.56951154052604,0.8454106280193237,3.3011272141706924,0.7313472893183038,5.434782608695652,2.9723564143853998,0.06038647342995169,,
61,33.4272678475577,52.69055287171229,0.8319914117015567,3.280998389694042,0.7313472893183038,5.844068706387547,3.1333870101986045,0.06038647342995169,,
62,33.782877079978526,52.200751476113794,0.9796027911969941,3.280998389694042,0.7313472893183038,5.83064949006978,3.1333870101986045,0.06038647342995169,,
63,34.13848631239936,51.892109500805155,0.9796027911969941,3.280998389694042,0.7514761137949544,5.810520665593129,3.099838969404187,0.04696725711218465,,
64,34.514224369296834,50.986312399355874,0.9796027911969941,3.2742887815351582,0.9594739667203436,6.179549114331723,3.0595813204508855,0.04696725711218465,,
65,33.52120236178207,46.43048845947396,0.8319914117015567,11.104401502952227,0.8387010198604401,4.280730005367687,2.945517981749866,0.04696725711218465,,
66,24.805421363392377,59.50751476113795,0.8319914117015567,10.929951690821255,0.8387010198604401,2.7509393451422435,0.2885131508319914,0.04696725711218465,,
67,23.68491680085883,59.58132045088567,2.0933977455716586,10.715244229736983,0.8387010198604401,2.7777777777777777,0.2616747181964573,0.04696725711218465,,
68,24.208266237251745,59.225711218464845,2.059849704777241,10.59447128287708,0.8387010198604401,2.7643585614600106,0.2616747181964573,0.04696725711218465,,
69,24.61755233494364,58.72920021470746,2.1604938271604937,10.547504025764896,0.8856682769726248,2.7509393451422435,0.2616747181964573,0.04696725711218465,,
70,24.805421363392377,58.3467525496511,2.1403650026838434,10.540794417606012,0.9728931830381106,2.690552871712292,0.4562533548040794,0.04696725711218465,,
71,25.167740203972087,58.04482018250134,2.13365539452496,10.420021470746109,0.95276435856146,2.690552871712292,0.4562533548040794,0.04696725711218465,0.08722490606548577,
72,25.033548040794418,54.49543746645196,2.1269457863660763,13.66076221148685,1.0802469135802468,2.737520128824477,0.4562533548040794,0.04696725711218465,0.36231884057971014,
73,25.563607085346217,54.200214707461086,2.1068169618894257,13.499731615673644,1.06682769726248,2.737520128824477,0.4562533548040794,0.04696725711218465,0.322061191626409,
74,24.651100375738057,50.30193236714976,5.783682232957595,13.009930220075148,0.8923778851315083,2.522812667740204,2.4691358024691357,0.04696725711218465,0.322061191626409,
75,25.067096081588836,49.67793880837359,5.770263016639828,12.915995705850777,1.1003757380568975,2.5831991411701556,2.5295222758990876,0.04696725711218465,0.30864197530864196,
76,25.603864734299517,49.033816425120776,5.709876543209877,12.553676865271068,1.221148684916801,2.7643585614600106,2.757648953301127,0.04696725711218465,0.30864197530864196,
77,26.06682769726248,48.651368760064415,5.676328502415459,12.446323134728932,1.2144390767579174,2.771068169618894,2.818035426731079,0.04696725711218465,0.30864197530864196,
78,26.382179280730007,47.98040794417606,5.730005367686527,12.345679012345679,1.3687600644122384,3.052871712292002,2.7844873859366612,0.04696725711218465,0.30864197530864196,
79,26.939076757917338,47.36983360171766,5.730005367686527,12.278582930756844,1.3687600644122384,3.1736446591519054,2.7844873859366612,0.04696725711218465,0.30864197530864196,
80,27.30139559849705,46.5378421900161,5.683038110574342,12.090713902308105,1.3620504562533549,3.549382716049383,3.026033279656468,0.04696725711218465,0.4025764895330113,
81,27.74422973698336,46.262748255501876,5.589103596349974,12.037037037037036,1.3620504562533549,3.549382716049383,3.0193236714975846,0.04696725711218465,0.38915727321524424,
82,28.415190552871714,45.6454643048846,5.488459473966721,11.849168008588299,1.3620504562533549,3.750670960815888,2.9790660225442833,0.12077294685990338,0.38915727321524424,
83,26.67740203972088,48.33601717659689,4.904723564143854,11.533816425120772,1.3620504562533549,3.7372517444981215,2.9388083735909825,0.12077294685990338,0.38915727321524424,
84,26.556629092860977,48.389694041867955,4.723564143853999,11.533816425120772,1.3620504562533549,3.9855072463768115,2.9388083735909825,0.12077294685990338,0.38915727321524424,
85,26.898819108964037,47.97369833601718,4.944981213097155,11.460010735373054,1.3620504562533549,3.9184111647879765,2.932098765432099,0.12077294685990338,0.38915727321524424,
86,27.220880300590444,47.65163714439077,4.924852388620504,11.292270531400966,1.3620504562533549,4.119699409554482,2.918679549114332,0.12077294685990338,0.38915727321524424,
87,27.67042404723564,47.36312399355877,4.904723564143854,11.211755233494364,1.3620504562533549,4.086151368760064,2.8515834675254963,0.12077294685990338,0.4294149221685454,
88,23.70504562533548,42.310789049919485,14.251207729468598,10.795759527643586,1.3419216317767042,4.019055287171229,2.771068169618894,0.38915727321524424,0.41599570585077833,
89,23.899624261943103,41.96188942565754,14.452495974235104,10.742082662372518,1.3419216317767042,4.066022544283414,2.737520128824477,0.38915727321524424,0.4092860976918948,
90,24.295491143317232,41.44524959742351,14.27133655394525,10.520665593129362,1.90552871712292,4.05931293612453,2.5295222758990876,0.38915727321524424,0.5837359098228664,
91,24.818840579710145,40.98228663446055,14.217659688674182,10.326086956521738,1.7646269457863661,4.193505099302201,2.408749329039184,0.7045088566827697,0.5837359098228664,
92,21.987385936661298,35.87627482555019,22.839506172839506,9.997316156736447,1.6572732152442298,4.166666666666667,2.227589908749329,0.6642512077294686,0.5837359098228664,
93,22.41009125067096,35.507246376811594,22.611379495437465,9.98389694041868,1.6371443907675791,4.26731078904992,2.3349436392914655,0.6642512077294686,0.5837359098228664,
94,22.899892646269457,35.17176596886742,22.450348899624263,9.916800858829845,1.7444981213097155,4.247181964573269,2.3349436392914655,0.6508319914117016,0.5837359098228664,
95,23.470209339774556,34.634997316156735,21.66532474503489,9.842995169082126,1.7444981213097155,4.5893719806763285,2.3349436392914655,1.133923778851315,0.5837359098228664,
96,23.919753086419753,34.11835748792271,21.4573268921095,9.688674181427805,2.2342995169082127,4.549114331723027,2.3349436392914655,1.133923778851315,0.5636070853462157,
97,24.114331723027377,34.084809447128286,21.26945786366076,9.634997316156737,2.2342995169082127,4.549114331723027,2.3349436392914655,1.2144390767579174,0.5636070853462157,
98,24.550456253354803,33.63526570048309,21.155394524959743,9.594739667203436,2.5496511003757383,4.502147074610843,2.2342995169082127,1.2144390767579174,0.5636070853462157,
99,24.97987117552335,33.380300590445515,20.759527643585614,9.54777241009125,2.5697799248523885,4.468599033816425,2.2074610842726785,1.5230810520665594,0.5636070853462157,
100,25.355609232420825,33.21926999463231,20.42404723564144,9.500805152979066,2.5563607085346214,4.441760601180891,2.2074610842726785,1.7310789049919484,0.5636070853462157,
101,23.62453032742888,37.9495437466452,19.73966720343532,6.957863660762212,2.254428341384863,4.441760601180891,2.120236178207193,2.4020397208803006,0.4294149221685454,0.08051529790660225
102,24.08078368223296,37.66774020397209,19.57192699946323,6.884057971014493,2.254428341384863,4.562533548040794,2.1135265700483092,2.368491680085883,0.41599570585077833,0.08051529790660225
103,24.46323134728932,37.17793880837359,19.49141170155663,6.816961889425658,2.589908749329039,4.528985507246377,2.1135265700483092,2.3483628556092326,0.38915727321524424,0.08051529790660225
104,24.718196457326894,37.03032742887815,19.223027375201287,6.736446591519055,2.5496511003757383,4.528985507246377,2.100107353730542,2.6435856146001075,0.38915727321524424,0.08051529790660225
105,25.301932367149757,36.842458400429415,18.96135265700483,6.629092860976919,2.4825550187869028,4.455179817498658,2.100107353730542,2.6435856146001075,0.5032206119162641,0.08051529790660225
106,25.751476113794954,36.64117015566291,18.739935587761675,6.615673644659152,2.5697799248523885,4.441760601180891,2.0128824476650564,2.6435856146001075,0.5032206119162641,0.08051529790660225
107,26.019860440150296,36.47342995169082,18.67283950617284,6.615673644659152,2.5563607085346214,4.435050993022007,2.0128824476650564,2.6301663982823404,0.5032206119162641,0.08051529790660225
108,26.154052603327965,35.970209339774556,18.451422436929683,6.615673644659152,2.5429414922168547,4.2203435319377345,2.690552871712292,2.771068169618894,0.5032206119162641,0.08051529790660225
109,26.44927536231884,35.648148148148145,18.4044551798175,6.615673644659152,2.5429414922168547,4.320987654320987,2.690552871712292,2.7442297369833604,0.5032206119162641,0.08051529790660225
110,26.536500268384327,35.08454106280193,18.33064949006978,6.575415995705851,2.6838432635534084,4.804079441760601,2.6838432635534084,2.717391304347826,0.5032206119162641,0.08051529790660225
111,26.90552871712292,34.66183574879227,18.243424584004295,6.5552871712292005,2.6502952227589907,5.038915727321524,2.657004830917874,2.717391304347826,0.48980139559849706,0.08051529790660225
112,27.18733225979603,34.54777241009125,18.109232420826622,6.501610305958132,2.6502952227589907,5.152979066022544,2.6167471819645733,2.6637144390767578,0.48980139559849706,0.08051529790660225
113,27.536231884057973,34.17874396135266,18.04884594739667,6.347289318303811,2.871712292002147,5.193236714975845,2.6167471819645733,2.636876006441224,0.48980139559849706,0.08051529790660225
114,27.91867954911433,33.95061728395062,17.907944176060116,6.3070316693505095,2.9790660225442833,5.146269457863661,2.5831991411701556,2.636876006441224,0.48980139559849706,0.08051529790660225
115,28.26086956521739,33.7157809983897,17.639559849704778,6.468062265163715,2.885131508319914,5.132850241545894,2.5563607085346214,2.7777777777777777,0.4830917874396135,0.08051529790660225
116,28.401771336553946,33.45410628019324,17.324208266237253,6.407675791733762,3.0595813204508855,5.562265163714439,2.5563607085346214,2.6704240472356413,0.4830917874396135,0.08051529790660225
117,28.60305958132045,33.17901234567901,17.236983360171767,6.400966183574879,3.052871712292002,5.776972624798712,2.5563607085346214,2.657004830917874,0.4562533548040794,0.08051529790660225
118,28.81105743424584,32.930756843800324,17.12962962962963,6.394256575415996,3.0327428878153517,5.8239398819108965,2.5563607085346214,2.791196994095545,0.4495437466451959,0.08051529790660225
119,28.33467525496511,32.17928073000537,18.9747718733226,6.3070316693505095,2.885131508319914,5.797101449275362,2.2342995169082127,2.757648953301127,0.4495437466451959,0.08051529790660225
120,28.858024691358025,31.964573268921097,18.78690284487386,6.246645195920558,2.898550724637681,5.750134192163178,2.2208803005904456,2.7442297369833604,0.4495437466451959,0.08051529790660225
121,29.09957058507783,31.790123456790123,18.59903381642512,6.374127750939345,2.871712292002147,5.723295759527644,2.2745571658615136,2.737520128824477,0.4495437466451959,0.08051529790660225
122,29.441760601180892,31.61567364465915,18.438003220611915,6.300322061191626,2.932098765432099,5.6964573268921095,2.2745571658615136,2.7106816961889426,0.5099302200751477,0.08051529790660225
123,29.676596886741816,31.09903381642512,17.98174986580784,6.300322061191626,3.33467525496511,6.078904991948471,2.2611379495437465,2.690552871712292,0.5099302200751477,0.06709608158883522
124,28.99892646269458,30.19994632313473,16.820987654320987,6.286902844873859,4.300858829844337,5.971551261406334,4.240472356414386,2.536231884057971,0.644122383252818,
125,29.200214707461082,30.159688674181428,16.72705314009662,6.233225979602791,4.294149221685454,5.9514224369296835,4.139828234031133,2.536231884057971,0.7581857219538379,
126,29.25389157273215,29.770531400966185,16.70692431561997,6.226516371443908,4.38137412775094,6.112453032742888,4.253891572732153,2.536231884057971,0.7581857219538379,
127,29.683306494900698,29.488727858293075,16.5727321524423,6.213097155126141,4.361245303274289,6.159420289855072,4.253891572732153,2.536231884057971,0.7313472893183038,
128,29.99194847020934,29.300858829844337,16.505636070853463,6.099033816425121,4.327697262479871,6.206387546967257,4.2270531400966185,2.61003757380569,0.7313472893183038,
129,30.334138486312398,29.086151368760063,16.317767042404725,6.0587761674718195,4.435050993022007,6.260064412238325,4.200214707461084,2.5831991411701556,0.7246376811594203,
130,30.723295759527645,28.931830381105744,16.15673644659152,6.112453032742888,4.40150295222759,6.206387546967257,4.159957058507783,2.5831991411701556,0.7246376811594203,
131,31.03864734299517,28.884863123993558,16.029253891572733,6.112453032742888,4.367954911433173,6.1929683306494905,4.079441760601181,2.5697799248523885,0.7246376811594203,
132,31.353998926462694,28.83118625872249,15.874932903918411,6.085614600107354,4.327697262479871,6.166129898013956,3.9586688137412773,2.677133655394525,0.7246376811594203,
133,31.568706387546968,28.77079978529254,15.626677402039721,6.0654857756307035,4.327697262479871,6.166129898013956,3.9586688137412773,2.7979066022544283,0.7179280730005367,
134,31.01851851851852,28.166935050993022,13.996242619431026,6.468062265163715,4.562533548040794,6.353998926462695,5.938003220611916,2.7777777777777777,0.7179280730005367,
135,31.313741277509394,28.099838969404185,13.935856146001074,6.4412238325281805,4.488727858293076,6.387546967257112,5.884326355340848,2.7442297369833604,0.7045088566827697,
136,31.367418142780462,27.717391304347824,13.694310252281268,6.4412238325281805,5.059044551798175,6.3070316693505095,5.850778314546431,2.8650026838432634,0.6977992485238862,
137,31.239935587761675,27.65029522275899,12.72812667740204,8.152173913043478,5.12614063338701,6.260064412238325,5.300590445517981,2.844873859366613,0.6977992485238862,
138,31.49490069779925,27.576489533011273,12.647611379495437,8.111916264090176,5.119431025228127,6.273483628556092,5.233494363929147,2.844873859366613,0.6977992485238862,
139,31.655931293612454,27.073268921095007,12.593934514224369,8.044820182501342,5.6964573268921095,6.1862587224906065,5.2066559312936125,2.844873859366613,0.6977992485238862,
140,31.78341384863124,26.764626945786365,12.29200214707461,8.017981749865807,5.897745571658615,6.501610305958132,5.246913580246914,2.8247450348899625,0.6709608158883521,
141,31.843800322061192,25.758185721953836,12.29200214707461,7.937466451959206,6.233225979602791,7.313472893183038,5.166398282340311,2.7844873859366612,0.6709608158883521,
142,32.11218464841653,25.583735909822867,12.198067632850242,7.856951154052603,6.1929683306494905,7.467793880837359,5.146269457863661,2.7777777777777777,0.6642512077294686,
143,32.2061191626409,25.409286097691894,11.956521739130435,7.803274288781535,6.092324208266238,7.950885668276973,5.005367686527107,2.9119699409554483,0.6642512077294686,
144,32.56172839506173,25.36231884057971,11.90955448201825,7.7361782071927,5.9447128287707995,7.924047235641439,5.005367686527107,2.8918411164787976,0.6642512077294686,
145,32.6959205582394,25.187869028448738,11.889425657541599,7.682501341921632,5.911164787976382,8.09849704777241,5.005367686527107,2.8918411164787976,0.6374127750939346,
146,32.971014492753625,24.785292538915726,11.741814278046162,7.722758990874933,5.891035963499732,8.319914117015566,4.99194847020934,2.9388083735909825,0.6374127750939346,
147,33.32662372517445,24.362587224906065,11.708266237251744,7.702630166398282,5.917874396135265,8.427267847557703,4.99194847020934,2.9253891572732154,0.6374127750939346,
148,33.48765432098765,24.040526033279658,11.52710681696189,7.6623725174449815,6.206387546967257,8.313204508856682,5.2066559312936125,2.918679549114332,0.6374127750939346,
149,33.82984433709071,23.89291465378422,11.460010735373054,7.635534084809447,6.132581857219538,8.313204508856682,5.2066559312936125,2.8918411164787976,0.6374127750939346,
150,34.09822866344606,23.825818572195384,11.41304347826087,7.615405260332796,6.078904991948471,8.272946859903382,5.199946323134729,2.85829307568438,0.6374127750939346,
151,34.17203435319377,23.51046698872786,11.285560923242082,8.051529790660226,5.877616747181965,8.474235104669887,5.159688674181428,2.844873859366613,0.6239935587761675,
152,34.05126140633387,23.483628556092324,11.191626409017713,8.017981749865807,6.427804616210413,8.225979602791197,5.159688674181428,2.818035426731079,0.6239935587761675,
153,34.44041867954911,23.376274825550187,11.084272678475577,7.997852925389157,6.414385399892646,8.179012345679013,5.072463768115942,2.8113258185721954,0.6239935587761675,
154,34.86983360171766,23.282340311325818,11.044015029522276,7.809983896940419,6.488191089640365,8.125335480407944,4.9718196457326895,2.7979066022544283,0.6105743424584005,
155,35.02415458937198,23.19511540526033,10.997047772410092,7.796564680622652,6.488191089640365,8.011272141706923,5.0858829844337095,2.7979066022544283,0.6038647342995169,
156,34.99060654857756,23.21524422973698,10.923242082662373,7.796564680622652,6.66935050993022,7.971014492753623,5.0858829844337095,2.7442297369833604,0.6038647342995169,
157,35.30595813204509,22.946859903381643,10.809178743961352,7.769726247987117,6.662640901771336,8.111916264090176,5.052334943639291,2.737520128824477,0.6038647342995169,
158,35.39989264626946,22.685185185185187,10.715244229736983,7.749597423510467,6.716317767042405,8.172302737520129,5.260332796564681,2.6972624798711755,0.6038647342995169,
159,35.74208266237252,22.5577026301664,10.668276972624799,7.716049382716049,6.662640901771336,8.145464304884594,5.22007514761138,2.6838432635534084,0.6038647342995169,
160,35.72195383789587,22.19538378958669,10.668276972624799,7.742887815351583,6.984702093397746,8.192431561996779,5.2066559312936125,2.6838432635534084,0.6038647342995169,
161,36.00375738056898,22.061191626409016,10.587761674718196,7.709339774557166,7.004830917874396,8.165593129361245,5.193236714975845,2.6704240472356413,0.6038647342995169,
162,35.11808910359635,21.786097691894792,10.554213633923778,7.326892109500805,6.763285024154589,7.997852925389157,7.27992485238862,2.589908749329039,0.5837359098228664,
163,35.44015029522276,21.618357487922705,10.507246376811594,7.27992485238862,6.796833064949007,7.98443370907139,7.212828770799785,2.576489533011272,0.5837359098228664,
164,35.547504025764894,21.584809447128286,10.23215244229737,7.253086419753086,6.709608158883521,7.917337627482555,7.601986044015029,2.5697799248523885,0.5837359098228664,
165,35.648148148148145,21.450617283950617,10.178475577026301,7.253086419753086,6.984702093397746,7.749597423510467,7.601986044015029,2.5026838432635534,0.630703166935051,
166,35.82259796027912,21.35668276972625,9.997316156736447,7.253086419753086,6.843800322061192,8.064949006977992,7.541599570585078,2.49597423510467,0.6239935587761675,
167,35.909822866344605,21.195652173913043,9.98389694041868,7.232957595276436,7.0383789586688135,8.011272141706923,7.50805152979066,2.49597423510467,0.6239935587761675,
168,36.12453032742888,20.967525496511005,9.923510466988727,7.206119162640902,7.152442297369833,7.991143317230274,7.5348899624261945,2.4825550187869028,0.6172839506172839,
169,36.28556092324208,20.94068706387547,9.903381642512077,7.179280730005368,7.112184648416532,7.957595276435856,7.5281803542673105,2.475845410628019,0.6172839506172839,
170,36.54723564143854,20.873590982286636,9.896672034353195,7.179280730005368,7.105475040257649,7.9039184111647875,7.4141170155662905,2.475845410628019,0.6038647342995169,
171,36.99006977992485,20.645464304884594,9.849704777241008,7.092055823939882,7.226247987117552,7.7898550724637685,7.326892109500805,2.475845410628019,0.6038647342995169,
172,37.31213097155126,20.585077831454644,9.77589908749329,6.977992485238862,7.206119162640902,7.776435856146001,7.286634460547504,2.475845410628019,0.6038647342995169,
173,37.39264626945786,20.37037037037037,9.77589908749329,6.977992485238862,7.139023081052066,7.608695652173913,7.669082125603865,2.462426194310252,0.6038647342995169,
174,37.43961352657005,20.095276435856146,9.849704777241008,6.9310252281266775,7.232957595276436,7.776435856146001,7.648953301127214,2.4221685453569513,0.6038647342995169,
175,37.68786902844874,20.021470746108427,9.98389694041868,6.830381105743425,7.152442297369833,7.7361782071927,7.561728395061729,2.4221685453569513,0.6038647342995169,
176,37.02361782071927,19.189479334406872,9.433709071390231,6.830381105743425,7.14573268921095,7.246376811594203,10.178475577026301,2.368491680085883,0.5837359098228664,
177,37.25174449812131,19.11567364465915,9.420289855072463,6.9243156199677935,7.051798174986581,7.212828770799785,10.084541062801932,2.368491680085883,0.5703166935050993,
178,37.265163714439076,18.98148148148148,9.41358024691358,6.904186795491143,7.273215244229737,7.14573268921095,10.077831454643048,2.368491680085883,0.5703166935050993,
179,37.33225979602791,18.927804616210413,9.326355340848094,7.273215244229737,7.25979602791197,7.118894256575416,9.950348899624261,2.341653247450349,0.46967257112184646,
180,37.67444981213097,18.833870101986044,9.245840042941492,7.253086419753086,7.212828770799785,7.105475040257649,9.863123993558776,2.341653247450349,0.46967257112184646,
181,37.78851315083199,18.733225979602793,9.23913043478261,7.139023081052066,7.212828770799785,7.27992485238862,9.829575952764358,2.3081052066559313,0.46967257112184646,
182,38.20450885668277,18.592324208266238,9.185453569511541,7.0383789586688135,7.27992485238862,7.239667203435319,9.75577026301664,2.2342995169082127,0.46967257112184646,
183,38.499731615673646,18.38432635534085,9.118357487922705,7.300053676865271,7.1725711218464845,7.313472893183038,9.5276435856146,2.214170692431562,0.46967257112184646,
184,38.747987117552334,18.263553408480945,9.057971014492754,7.25979602791197,7.37385936661299,7.239667203435319,9.39345142243693,2.1940418679549114,0.46967257112184646,
185,38.96269457863661,18.129361245303276,9.017713365539452,7.199409554482019,7.4006977992485234,7.239667203435319,9.386741814278047,2.1940418679549114,0.46967257112184646,
186,39.02308105206656,18.055555555555557,8.964036500268385,7.467793880837359,7.333601717659689,7.185990338164252,9.31964573268921,2.1806226516371443,0.46967257112184646,
187,38.43263553408481,17.914653784219002,8.964036500268385,8.641975308641975,7.159151905528717,7.125603864734299,9.158615136876007,2.13365539452496,0.46967257112184646,
188,38.49302200751476,17.639559849704778,8.950617283950617,8.601717659688674,7.118894256575416,7.454374664519592,9.057971014492754,2.13365539452496,0.5501878690284487,
189,38.67418142780462,17.559044551798173,8.896940418679549,8.494363929146537,7.14573268921095,7.548309178743962,8.997584541062801,2.13365539452496,0.5501878690284487,
190,38.92243692968331,17.52549651100376,8.84326355340848,8.494363929146537,7.105475040257649,7.474503488996243,8.964036500268385,2.120236178207193,0.5501878690284487,
191,38.99624261943102,17.37788513150832,8.796296296296296,8.266237251744498,7.0450885668276975,7.514761137949543,9.333064949006978,2.120236178207193,0.5501878690284487,
192,39.08346752549651,17.324208266237253,8.769457863660762,8.031400966183575,6.951154052603328,7.7831454643048845,9.386741814278047,2.120236178207193,0.5501878690284487,
193,39.26462694578637,17.163177670424048,8.735909822866345,8.017981749865807,7.152442297369833,7.709339774557166,9.292807300053678,2.1135265700483092,0.5501878690284487,
194,39.412238325281805,17.028985507246375,8.668813741277509,8.004562533548041,7.152442297369833,7.830112721417069,9.252549651100376,2.100107353730542,0.5501878690284487,
195,39.53301127214171,16.854535695115406,8.662104133118627,7.98443370907139,7.14573268921095,7.917337627482555,9.286097691894794,2.0799785292538915,0.5367686527106817,
196,39.71417069243156,16.800858829844337,8.588298443370908,7.971014492753623,7.112184648416532,7.75630703166935,9.373322597960279,2.073268921095008,0.6105743424584005,
197,39.821524422973695,16.545893719806763,8.527911969940956,7.924047235641439,7.635534084809447,7.5348899624261945,9.326355340848094,2.073268921095008,0.6105743424584005,
198,40.05636070853462,16.451959205582394,8.487654320987655,7.924047235641439,7.601986044015029,7.494632313472893,9.29951690821256,2.073268921095008,0.6105743424584005,
199,40.31803542673108,16.324476650563607,8.440687063875469,7.9106280193236715,7.521470746108427,7.481213097155126,9.326355340848094,2.073268921095008,0.6038647342995169,
200,40.51932367149758,16.27750939345142,8.440687063875469,7.863660762211487,7.37385936661299,7.447665056360709,9.41358024691358,2.059849704777241,0.6038647342995169,
201,40.61325818572195,16.264090177133657,8.440687063875469,7.85024154589372,7.360440150295223,7.4208266237251745,9.400161030595813,2.046430488459474,0.6038647342995169,
202,40.80112721417069,16.203703703703702,8.3467525496511,7.823403113258186,7.306763285024155,7.608695652173913,9.25925925925926,2.046430488459474,0.6038647342995169,
203,40.83467525496511,16.009125067096083,8.319914117015566,7.628824476650563,7.367149758454106,7.695920558239399,9.54777241009125,2.0397208803005906,0.5568974771873323,
204,40.995705850778315,15.861513687600644,8.28636607622115,7.601986044015029,7.6623725174449815,7.555018786902845,9.39345142243693,2.1068169618894257,0.5367686527106817,
205,41.156736446591516,15.774288781535159,8.225979602791197,7.85024154589372,7.64224369296833,7.494632313472893,9.225711218464841,2.0933977455716586,0.5367686527106817,
206,41.50563607085346,15.74074074074074,8.172302737520129,7.830112721417069,7.481213097155126,7.447665056360709,9.192163177670425,2.0933977455716586,0.5367686527106817,
207,41.686795491143315,15.640096618357488,8.172302737520129,7.742887815351583,7.25979602791197,7.447665056360709,9.420289855072463,2.0933977455716586,0.5367686527106817,
208,41.90150295222759,15.539452495974235,8.165593129361245,7.689210950080516,7.253086419753086,7.461084272678476,9.41358024691358,2.059849704777241,0.5166398282340311,
209,42.14975845410628,15.438808373590982,8.132045088566828,7.62211486849168,7.39398819108964,7.300053676865271,9.386741814278047,2.059849704777241,0.5166398282340311,
210,42.250402576489535,15.432098765432098,8.09849704777241,7.601986044015029,7.39398819108964,7.2933440687063875,9.353193773483628,2.059849704777241,0.5166398282340311,
211,42.411433172302736,15.411969940955448,8.07836822329576,7.561728395061729,7.367149758454106,7.266505636070853,9.339774557165862,2.059849704777241,0.5032206119162641,
212,42.612721417069245,15.35829307568438,8.064949006977992,7.521470746108427,7.447665056360709,7.125603864734299,9.306226516371444,2.059849704777241,0.5032206119162641,
213,42.7938808373591,15.13016639828234,8.024691358024691,7.347020933977456,7.635534084809447,7.118894256575416,9.4873859366613,2.059849704777241,0.4025764895330113,
214,42.88781535158347,15.002683843263553,8.024691358024691,7.313472893183038,7.803274288781535,7.085346215780999,9.426999463231347,2.0531400966183573,0.4025764895330113,
215,43.062265163714436,14.962426194310252,7.98443370907139,7.313472893183038,7.75630703166935,7.085346215780999,9.380032206119163,2.0531400966183573,0.4025764895330113,
216,43.23000536768653,14.915458937198068,7.98443370907139,7.219538378958669,7.950885668276973,7.058507783145465,9.185453569511541,2.0531400966183573,0.4025764895330113,
217,43.4044551798175,14.888620504562533,7.957595276435856,7.212828770799785,7.950885668276973,7.011540526033279,9.118357487922705,2.0531400966183573,0.4025764895330113,
218,43.63258185721954,14.76784755770263,7.944176060118089,7.206119162640902,7.98443370907139,6.944444444444445,9.064680622651638,2.0531400966183573,0.4025764895330113,
219,43.666129898013956,14.647074610842727,7.944176060118089,7.092055823939882,8.152173913043478,6.944444444444445,9.057971014492754,2.0933977455716586,0.4025764895330113,
220,43.65271068169619,14.579978529253891,7.883789586688137,7.071926999463232,8.07836822329576,6.857219538378959,9.386741814278047,2.086688137412775,0.4025764895330113,
221,43.81374127750939,14.546430488459475,7.856951154052603,7.011540526033279,8.125335480407944,6.830381105743425,9.359903381642512,2.0531400966183573,0.4025764895330113,
222,43.88083735909823,14.38539989264627,7.856951154052603,6.951154052603328,8.360171765968868,6.78341384863124,9.333064949006978,2.046430488459474,0.4025764895330113,
223,43.874127750939344,14.338432635534085,7.702630166398282,6.9310252281266775,8.353462157809984,7.118894256575416,9.29951690821256,1.9793344068706387,0.4025764895330113,
224,44.135802469135804,14.27133655394525,7.695920558239399,6.9243156199677935,8.293075684380032,7.098765432098766,9.205582393988191,1.9726247987117553,0.4025764895330113,
225,44.26328502415459,14.130434782608695,7.635534084809447,6.9243156199677935,8.158883521202362,7.212828770799785,9.29951690821256,1.9726247987117553,0.4025764895330113,
226,44.31025228126678,14.083467525496511,7.635534084809447,6.91760601180891,8.179012345679013,7.159151905528717,9.339774557165862,1.9726247987117553,0.4025764895330113,
227,41.25067096081589,12.815351583467525,13.7211486849168,6.407675791733762,7.6623725174449815,6.910896403650026,8.883521202361782,1.9457863660762211,0.4025764895330113,
228,41.277509393451425,12.70799785292539,13.654052603327965,6.6760601180891035,7.615405260332796,6.863929146537842,8.809715512614064,1.9457863660762211,0.4495437466451959,
229,41.297638217928075,12.70799785292539,13.6406333870102,6.629092860976919,7.581857219538379,7.018250134192163,8.729200214707461,1.9457863660762211,0.4495437466451959,
230,41.55931293612453,12.694578636607622,13.479602791196994,6.629092860976919,7.5281803542673105,6.951154052603328,8.729200214707461,1.9189479334406871,0.43612453032742887,0.07380568974771873
231,41.8545356951154,12.681159420289855,13.39237788513151,6.515029522275899,7.50805152979066,6.937734836285561,8.682232957595277,1.9189479334406871,0.43612453032742887,0.07380568974771873
232,42.04240472356415,12.674449812130971,13.325281803542673,6.380837359098229,7.581857219538379,6.91760601180891,8.682232957595277,1.9189479334406871,0.41599570585077833,0.06038647342995169
233,42.223564143854,12.667740203972087,13.258185721953838,6.347289318303811,7.561728395061729,6.863929146537842,8.682232957595277,1.9189479334406871,0.41599570585077833,0.06038647342995169
234,42.37788513150832,12.614063338701019,13.22463768115942,6.233225979602791,7.716049382716049,6.696188942565755,8.742619431025227,1.9189479334406871,0.41599570585077833,0.06038647342995169
235,41.22383252818035,12.31213097155126,13.18438003220612,8.641975308641975,7.581857219538379,6.427804616210413,8.373590982286634,1.7914653784219001,0.4025764895330113,0.06038647342995169
236,41.378153515834676,12.31213097155126,13.137412775093935,8.57487922705314,7.541599570585078,6.427804616210413,8.373590982286634,1.7914653784219001,0.4025764895330113,0.06038647342995169
237,41.666666666666664,12.171229200214707,12.922705314009661,8.541331186258722,7.454374664519592,6.6760601180891035,8.32662372517445,1.778046162104133,0.4025764895330113,0.06038647342995169
238,41.720343531937736,12.164519592055823,12.855609232420827,8.521202361782072,7.561728395061729,6.6760601180891035,8.28636607622115,1.7713365539452497,0.3824476650563607,0.06038647342995169
239,42.0625335480408,12.077294685990339,12.74825550187869,8.494363929146537,7.548309178743962,6.66935050993022,8.185721953837897,1.7713365539452497,0.3824476650563607,0.06038647342995169
240,42.028985507246375,11.98336017176597,12.392646269457863,8.55475040257649,7.548309178743962,6.964573268921095,8.232689210950081,1.8518518518518519,0.3824476650563607,0.06038647342995169
241,42.223564143854,11.969940955448202,12.318840579710145,8.581588835212024,7.501341921631776,6.937734836285561,8.172302737520129,1.8518518518518519,0.3824476650563607,0.06038647342995169
242,42.29736983360172,11.943102522812667,12.204777241009126,8.635265700483092,7.474503488996243,6.904186795491143,8.152173913043478,1.9457863660762211,0.3824476650563607,0.06038647342995169
243,42.43827160493827,11.876006441223833,12.184648416532475,8.601717659688674,7.555018786902845,6.850509930220075,8.105206655931294,1.9457863660762211,0.3824476650563607,0.06038647342995169
244,42.60601180891036,11.748523886205046,12.151100375738057,8.55475040257649,7.682501341921632,6.823671497584541,8.085077831454644,1.90552871712292,0.3824476650563607,0.06038647342995169
245,40.365002683843265,11.627750939345143,16.404991948470208,7.4141170155662905,7.48792270531401,7.018250134192163,7.803274288781535,1.4358561460010735,0.3824476650563607,0.06038647342995169
246,40.673644659151904,11.473429951690822,16.243961352657006,7.37385936661299,7.360440150295223,7.112184648416532,7.883789586688137,1.4358561460010735,0.3824476650563607,0.06038647342995169
247,40.673644659151904,11.33923778851315,16.13660762211487,7.333601717659689,7.601986044015029,7.065217391304348,7.977724100912507,1.4358561460010735,0.3824476650563607,0.05367686527106817
