,45,50,52,51,54,55,56,53,58,57
0,99.47665056360708,0.5233494363929146,,,,,,,,
1,96.95383789586688,2.7106816961889426,0.33548040794417605,,,,,,,
2,96.76596886741814,2.898550724637681,0.33548040794417605,,,,,,,
3,94.43773483628556,5.24020397208803,0.322061191626409,,,,,,,
4,94.0150295222759,5.662909286097692,0.322061191626409,,,,,,,
5,78.57622114868492,21.101717659688674,0.322061191626409,,,,,,,
6,78.42190016103059,21.276167471819647,0.30193236714975846,,,,,,,
7,77.47584541062803,21.088298443370906,0.30193236714975846,1.133923778851315,,,,,,
8,77.43558776167473,21.128556092324207,0.30193236714975846,1.133923778851315,,,,,,
9,76.93236714975845,21.631776704240472,0.30193236714975846,1.133923778851315,,,,,,
10,70.0281803542673,27.925389157273216,0.30193236714975846,1.0332796564680622,0.7112184648416533,,,,,
11,67.2638217928073,30.689747718733226,0.30193236714975846,1.0332796564680622,0.7112184648416533,,,,,
12,67.35104669887279,30.60252281266774,0.30193236714975846,1.0332796564680622,0.7112184648416533,,,,,
13,67.25040257648953,30.629361245303276,0.3757380568974772,1.0332796564680622,0.7112184648416533,,,,,
14,66.91492216854536,30.730005367686527,0.3757380568974772,1.0332796564680622,0.7112184648416533,0.23483628556092323,,,,
15,66.935050993022,30.709876543209877,0.3757380568974772,1.0332796564680622,0.7112184648416533,0.23483628556092323,,,,
16,62.0101986044015,35.7085346215781,0.30193236714975846,1.0332796564680622,0.7112184648416533,0.23483628556092323,,,,
17,61.07756307031669,36.64117015566291,0.30193236714975846,1.0332796564680622,0.7112184648416533,0.23483628556092323,,,,
18,61.131239935587764,36.58749329039184,0.30193236714975846,1.0332796564680622,0.7112184648416533,0.23483628556092323,,,,
19,61.22517444981213,36.493558776167475,0.30193236714975846,1.0332796564680622,0.7112184648416533,0.23483628556092323,,,,
20,61.33923778851315,36.40633387010199,0.30193236714975846,1.0064412238325282,0.7112184648416533,0.23483628556092323,,,,
21,61.480139559849704,36.30568974771873,0.30193236714975846,0.9863123993558777,0.7112184648416533,0.2147074610842727,,,,
22,61.15807836822329,36.37278582930757,0.30193236714975846,1.2412775093934514,0.7112184648416533,0.2147074610842727,,,,
23,61.2385936661299,36.151368760064415,0.30193236714975846,1.2412775093934514,0.7112184648416533,0.35560923242082665,,,,
24,58.08507783145464,36.842458400429415,0.30193236714975846,3.7037037037037037,0.7112184648416533,0.35560923242082665,,,,
25,58.08507783145464,36.842458400429415,0.30193236714975846,3.7037037037037037,0.7112184648416533,0.35560923242082665,,,,
26,54.46188942565754,40.465646806226516,0.30193236714975846,3.7037037037037037,0.7112184648416533,0.35560923242082665,,,,
27,53.757380568974774,41.217122920021474,0.30193236714975846,3.7037037037037037,0.6642512077294686,0.35560923242082665,,,,
28,51.992753623188406,43.39103596349973,0.020128824476650563,3.5762211486849167,0.6642512077294686,0.35560923242082665,,,,
29,51.871980676328505,43.29039184111648,0.020128824476650563,3.6231884057971016,0.6642512077294686,0.5300590445517982,,,,
30,51.892109500805155,43.23671497584541,0.020128824476650563,3.5426731078904994,0.6642512077294686,0.644122383252818,,,,
31,51.86527106816962,43.16961889425657,0.020128824476650563,3.307836822329576,0.6575415995705851,0.7648953301127214,0.2147074610842727,,,
32,51.96591519055287,42.98845947396672,0.020128824476650563,3.388352120236178,0.6575415995705851,0.7648953301127214,0.2147074610842727,,,
33,50.1207729468599,44.83360171765969,0.020128824476650563,3.388352120236178,0.6575415995705851,0.7648953301127214,0.2147074610842727,,,
34,49.993290391841114,44.847020933977454,0.020128824476650563,3.502415458937198,0.6575415995705851,0.7648953301127214,0.2147074610842727,,,
35,49.40955448201825,43.605743424584006,1.8719806763285025,3.475577026301664,0.6575415995705851,0.7648953301127214,0.2147074610842727,,,
36,49.45652173913044,43.43800322061192,1.8719806763285025,3.475577026301664,0.6575415995705851,0.8856682769726248,0.2147074610842727,,,
37,49.382716049382715,42.88781535158347,1.8719806763285025,3.475577026301664,0.6575415995705851,0.8856682769726248,0.2147074610842727,0.6239935587761675,,
38,49.4296833064949,42.84084809447128,1.8719806763285025,3.475577026301664,0.6575415995705851,0.8856682769726248,0.2147074610842727,0.6239935587761675,,
39,49.302200751476114,42.96833064949007,1.8719806763285025,3.475577026301664,0.6575415995705851,0.8856682769726248,0.2147074610842727,0.6239935587761675,,
40,49.342458400429415,42.19672571121846,1.8719806763285025,3.475577026301664,0.6575415995705851,0.7648953301127214,0.2147074610842727,1.4761137949543746,,
41,49.41626409017714,42.03569511540526,1.8719806763285025,3.475577026301664,0.7447665056360708,0.7648953301127214,0.2147074610842727,1.4761137949543746,,
42,49.41626409017714,41.86795491143317,1.8719806763285025,3.4420289855072466,0.9460547504025765,0.7648953301127214,0.2147074610842727,1.4761137949543746,,
43,44.77992485238862,46.63177670424047,1.8719806763285025,3.3145464304884595,0.9460547504025765,0.7648953301127214,0.2147074610842727,1.4761137949543746,,
44,44.82018250134192,46.59151905528717,1.8719806763285025,3.3145464304884595,0.9460547504025765,0.7648953301127214,0.2147074610842727,1.4761137949543746,,
45,34.574610842726784,56.99141170155663,1.8719806763285025,3.2340311325818574,0.9460547504025765,0.7648953301127214,0.2147074610842727,1.402308105206656,,
46,34.695383789586685,56.76999463231347,1.8719806763285025,3.2340311325818574,0.9460547504025765,0.8655394524959742,0.2147074610842727,1.402308105206656,,
47,34.05126140633387,55.92458400429415,1.8451422436929683,4.502147074610843,0.9460547504025765,1.1272141706924315,0.2147074610842727,1.3888888888888888,,
48,32.910628019323674,57.07192699946323,1.8451422436929683,4.502147074610843,0.9460547504025765,1.1205045625335481,0.2147074610842727,1.3888888888888888,,
49,33.1454643048846,56.92431561996779,1.8317230273752012,4.428341384863124,0.9460547504025765,1.1205045625335481,0.2147074610842727,1.3888888888888888,,
50,33.08507783145464,55.00536768652711,1.8317230273752012,4.394793344068707,3.0730005367686526,1.0064412238325282,0.2147074610842727,1.3888888888888888,,
51,33.1857219538379,54.90472356414385,1.8317230273752012,4.394793344068707,2.999194847020934,1.0064412238325282,0.2147074610842727,1.3888888888888888,0.07380568974771873,
52,33.23939881910896,54.85775630703167,1.8317230273752012,4.394793344068707,2.999194847020934,1.0064412238325282,0.2147074610842727,1.3821792807300053,0.07380568974771873,
53,33.2662372517445,52.542941492216855,4.1532474503489,4.394793344068707,2.9723564143853998,0.9997316156736447,0.2147074610842727,1.3821792807300053,0.07380568974771873,
54,33.1454643048846,51.2614063338701,5.555555555555555,4.394793344068707,2.9723564143853998,0.9997316156736447,0.2147074610842727,1.3821792807300053,0.07380568974771873,
55,33.24610842726785,51.20101986044015,5.515297906602254,4.394793344068707,2.9723564143853998,0.9997316156736447,0.2147074610842727,1.3821792807300053,0.07380568974771873,
56,33.313204508856685,51.16747181964573,5.515297906602254,4.394793344068707,2.9723564143853998,0.966183574879227,0.2147074610842727,1.3821792807300053,0.07380568974771873,
57,33.24610842726785,51.11379495437466,5.636070853462158,4.1129898013955986,2.9723564143853998,1.247987117552335,0.2147074610842727,1.3821792807300053,0.07380568974771873,
58,33.41384863123994,50.75147611379496,5.636070853462158,4.1129898013955986,2.9723564143853998,1.442565754159957,0.2147074610842727,1.3821792807300053,0.07380568974771873,
59,31.635802469135804,45.229468599033815,6.78341384863124,5.629361245303274,5.179817498658078,1.1876006441223832,0.1878690284487386,3.9452495974235107,0.07380568974771873,0.14761137949543746
60,30.16639828234031,46.4170692431562,6.769994632313473,5.555555555555555,5.3341384863123995,1.442565754159957,0.17444981213097155,3.9184111647879765,0.07380568974771873,0.14761137949543746
61,27.38191089640365,50.62399355877617,5.092592592592593,6.709608158883521,4.790660225442834,1.2412775093934514,0.17444981213097155,3.7640901771336552,0.07380568974771873,0.14761137949543746
62,27.542941492216855,50.516639828234034,5.092592592592593,6.6760601180891035,4.790660225442834,1.2278582930756843,0.17444981213097155,3.7573805689747717,0.07380568974771873,0.14761137949543746
63,26.80488459473967,49.000268384326354,5.01207729468599,8.125335480407944,5.528717122920021,1.0332796564680622,0.17444981213097155,4.0995705850778315,0.07380568974771873,0.14761137949543746
64,26.952495974235106,48.85265700483092,5.01207729468599,8.125335480407944,5.528717122920021,1.0332796564680622,0.17444981213097155,4.0995705850778315,0.07380568974771873,0.14761137949543746
65,27.026301663982824,48.812399355877616,4.978529253891573,8.125335480407944,5.528717122920021,1.0332796564680622,0.17444981213097155,4.0995705850778315,0.07380568974771873,0.14761137949543746
66,27.113526570048307,48.731884057971016,4.978529253891573,8.11862587224906,5.528717122920021,1.0332796564680622,0.17444981213097155,4.0995705850778315,0.07380568974771873,0.14761137949543746
67,27.22758990874933,48.64465915190553,4.978529253891573,8.105206655931294,5.515297906602254,1.0332796564680622,0.17444981213097155,4.0995705850778315,0.07380568974771873,0.14761137949543746
68,26.92565754159957,47.54428341384863,4.978529253891573,7.930756843800322,5.589103596349974,1.0332796564680622,0.17444981213097155,5.60252281266774,0.07380568974771873,0.14761137949543746
69,27.01959205582394,47.148416532474506,4.9651100375738055,7.924047235641439,5.58239398819109,1.0332796564680622,0.24154589371980675,5.864197530864198,0.07380568974771873,0.14761137949543746
70,25.02012882447665,43.585614600107355,4.9651100375738055,15.58641975308642,5.501878690284487,0.9393451422436929,0.17444981213097155,4.005636070853462,0.07380568974771873,0.14761137949543746
71,24.9597423510467,42.619431025228124,4.944981213097155,15.552871712292003,5.4549114331723025,1.0198604401502953,0.17444981213097155,5.052334943639291,0.07380568974771873,0.14761137949543746
72,25.067096081588836,42.51207729468599,4.944981213097155,15.552871712292003,5.4549114331723025,1.0198604401502953,0.17444981213097155,5.052334943639291,0.07380568974771873,0.14761137949543746
73,25.147611379495437,42.47852925389157,4.918142780461621,15.552871712292003,5.4549114331723025,1.0198604401502953,0.17444981213097155,5.032206119162641,0.07380568974771873,0.14761137949543746
74,25.221417069243156,42.47852925389157,4.918142780461621,15.526033279656469,5.407944176060118,1.0198604401502953,0.17444981213097155,5.032206119162641,0.07380568974771873,0.14761137949543746
75,25.11406333870102,42.58588298443371,4.918142780461621,15.257648953301127,5.407944176060118,1.288244766505636,0.17444981213097155,5.032206119162641,0.07380568974771873,0.14761137949543746
76,25.006709608158882,42.43156199677939,5.213365539452496,15.22410091250671,5.407944176060118,1.288244766505636,0.17444981213097155,5.032206119162641,0.07380568974771873,0.14761137949543746
77,25.0805152979066,42.41814278046162,5.2066559312936125,15.170424047235642,5.407944176060118,1.288244766505636,0.17444981213097155,5.032206119162641,0.07380568974771873,0.14761137949543746
78,25.335480407944175,42.371175523349436,5.072463768115942,15.08990874932904,5.407944176060118,1.2077294685990339,0.30864197530864196,4.985238862050457,0.07380568974771873,0.14761137949543746
79,25.36231884057971,42.210144927536234,5.072463768115942,15.042941492216855,5.528717122920021,1.2681159420289856,0.30864197530864196,4.985238862050457,0.07380568974771873,0.14761137949543746
80,25.469672571121848,42.1833064949007,5.072463768115942,15.01610305958132,5.528717122920021,1.2681159420289856,0.30864197530864196,4.9651100375738055,0.07380568974771873,0.11406333870101985
81,25.704508856682768,42.11621041331186,5.045625335480408,14.88191089640365,5.528717122920021,1.2681159420289856,0.30864197530864196,4.958400429414922,0.07380568974771873,0.11406333870101985
82,25.865539452495973,42.069243156199676,4.958400429414922,14.741009125067096,5.528717122920021,1.2681159420289856,0.30864197530864196,4.958400429414922,0.07380568974771873,0.2281266774020397
83,25.771604938271604,40.935319377348364,8.225979602791197,13.157541599570585,5.528717122920021,1.1406333870101986,0.30864197530864196,4.62962962962963,0.07380568974771873,0.2281266774020397
84,25.91250670960816,40.163714439076756,7.742887815351583,14.284755770263017,5.515297906602254,1.1406333870101986,0.30864197530864196,4.62962962962963,0.07380568974771873,0.2281266774020397
85,24.329039184111647,41.0829307568438,7.742887815351583,14.949006977992486,5.515297906602254,1.1406333870101986,0.30864197530864196,4.62962962962963,0.07380568974771873,0.2281266774020397
86,13.674181427804616,68.30381105743425,4.435050993022007,7.320182501341922,3.126677402039721,0.6910896403650026,0.17444981213097155,2.200751476113795,0.07380568974771873,
87,13.88888888888889,68.16290928609769,4.408212560386473,7.2933440687063875,3.113258185721954,0.6910896403650026,0.17444981213097155,2.1940418679549114,0.07380568974771873,
88,14.029790660225443,67.94149221685454,4.408212560386473,7.2933440687063875,3.207192699946323,0.6776704240472357,0.17444981213097155,2.1940418679549114,0.07380568974771873,
89,14.103596349973161,67.4315619967794,4.408212560386473,7.2933440687063875,3.207192699946323,1.1137949543746646,0.17444981213097155,2.1940418679549114,0.07380568974771873,
90,14.190821256038648,67.2638217928073,4.408212560386473,7.2933440687063875,3.207192699946323,1.1943102522812667,0.17444981213097155,2.1940418679549114,0.07380568974771873,
91,14.392109500805153,66.66666666666667,4.408212560386473,7.2933440687063875,3.616478797638218,1.2815351583467525,0.17444981213097155,2.0933977455716586,0.07380568974771873,
92,14.445786366076222,66.27079978529254,4.408212560386473,7.2933440687063875,3.616478797638218,1.6237251744498122,0.17444981213097155,2.0933977455716586,0.07380568974771873,
93,12.593934514224369,69.59205582393989,4.408212560386473,5.924584004294149,3.515834675254965,1.6237251744498122,0.17444981213097155,2.0933977455716586,0.07380568974771873,
94,12.714707461084272,69.49141170155663,4.388083735909823,5.924584004294149,3.515834675254965,1.6237251744498122,0.17444981213097155,2.0933977455716586,0.07380568974771873,
95,12.842190016103059,69.39076757917337,4.361245303274289,5.924584004294149,3.515834675254965,1.6237251744498122,0.17444981213097155,2.0933977455716586,0.07380568974771873,
96,13.003220611916264,68.61245303274289,4.361245303274289,5.924584004294149,3.515834675254965,2.24771873322598,0.17444981213097155,2.086688137412775,0.07380568974771873,
97,13.01663982823403,68.47826086956522,4.361245303274289,6.045356951154052,3.515834675254965,2.24771873322598,0.17444981213097155,2.086688137412775,0.07380568974771873,
98,13.036768652710682,68.20987654320987,4.314278046162104,6.045356951154052,3.515834675254965,2.5429414922168547,0.17444981213097155,2.086688137412775,0.07380568974771873,
99,12.95625335480408,66.43183038110574,6.1862587224906065,6.045356951154052,3.515834675254965,2.5295222758990876,0.17444981213097155,2.086688137412775,0.07380568974771873,
100,11.674718196457327,67.92807300053677,6.1862587224906065,5.743424584004294,3.797638217928073,2.7509393451422435,0.17444981213097155,1.6706924315619969,0.07380568974771873,
101,11.79549114331723,67.82742887815351,6.172839506172839,5.743424584004294,3.7909286097691894,2.7509393451422435,0.17444981213097155,1.6706924315619969,0.07380568974771873,
102,12.177938808373591,67.39801395598496,6.172839506172839,5.6964573268921095,3.7909286097691894,2.844873859366613,0.17444981213097155,1.6706924315619969,0.07380568974771873,
103,12.305421363392378,66.60628019323671,6.3070316693505095,5.595813204508857,3.824476650563607,3.4420289855072466,0.17444981213097155,1.6706924315619969,0.07380568974771873,
104,12.385936661298981,66.22383252818035,6.3070316693505095,5.595813204508857,3.9049919484702094,3.6634460547504024,0.17444981213097155,1.6706924315619969,0.07380568974771873,
105,12.580515297906603,65.93531937734836,6.226516371443908,5.595813204508857,3.9049919484702094,3.8378958668813743,0.17444981213097155,1.6706924315619969,0.07380568974771873,
106,12.298711755233494,64.26462694578636,6.0654857756307035,5.246913580246914,3.8043478260869565,4.247181964573269,,3.9989264626945786,0.07380568974771873,
107,12.04374664519592,62.4194847020934,6.052066559312936,7.313472893183038,3.8043478260869565,4.314278046162104,,3.978797638217928,0.07380568974771873,
108,12.157809983896941,61.44659151905529,6.052066559312936,7.27992485238862,3.8043478260869565,5.340848094471283,,3.844605475040258,0.07380568974771873,
109,11.963231347289318,60.42002147074611,5.964841653247451,7.206119162640902,5.4549114331723025,5.340848094471283,,3.5762211486849167,0.07380568974771873,
110,12.037037037037036,60.04428341384863,5.964841653247451,7.179280730005368,5.4549114331723025,5.703166935050993,,3.5426731078904994,0.07380568974771873,
111,12.084004294149223,60.03086419753087,5.9514224369296835,7.179280730005368,5.434782608695652,5.703166935050993,,3.5426731078904994,0.07380568974771873,
112,12.238325281803542,59.88325281803543,5.9514224369296835,7.179280730005368,5.434782608695652,5.6964573268921095,,3.5426731078904994,0.07380568974771873,
113,12.298711755233494,59.80944712828771,5.730005367686527,7.286634460547504,5.401234567901234,5.897745571658615,,3.502415458937198,0.07380568974771873,
114,12.25174449812131,57.098765432098766,8.581588835212024,7.266505636070853,5.481749865807837,5.897745571658615,,3.3480944712828773,0.07380568974771873,
115,12.412775093934513,56.64922168545357,8.568169618894256,7.226247987117552,5.448201825013419,6.340579710144928,,3.280998389694042,0.07380568974771873,
116,12.238325281803542,53.10654857756307,13.7211486849168,7.226247987117552,5.448201825013419,4.904723564143854,,3.280998389694042,0.07380568974771873,
117,12.352388620504563,53.03945249597424,13.6406333870102,7.226247987117552,5.448201825013419,4.9651100375738055,,3.2541599570585076,0.07380568974771873,
118,12.191358024691358,50.84541062801932,13.6406333870102,9.104938271604938,5.448201825013419,5.441492216854535,,3.2541599570585076,0.07380568974771873,
119,12.29200214707461,50.77831454643049,13.6406333870102,9.091519055287172,5.448201825013419,5.421363392377885,,3.2541599570585076,0.07380568974771873,
120,12.412775093934513,50.70450885668277,13.613794954374665,9.091519055287172,5.428073000536768,5.421363392377885,,3.2541599570585076,0.07380568974771873,
121,12.546967257112184,50.577026301663984,13.519860440150294,9.091519055287172,5.421363392377885,5.515297906602254,,3.2541599570585076,0.07380568974771873,
122,12.567096081588835,50.07380568974772,11.540526033279656,11.366076221148685,5.5689747718733225,5.428073000536768,,3.3816425120772946,0.07380568974771873,
123,12.681159420289855,49.973161567364464,11.52710681696189,11.366076221148685,5.5689747718733225,5.428073000536768,,3.3816425120772946,0.07380568974771873,
124,12.600644122383253,48.470209339774556,11.372785829307569,11.325818572195384,8.568169618894256,5.428073000536768,,2.1604938271604937,0.07380568974771873,
125,12.754965110037574,48.35614600107354,11.372785829307569,11.285560923242082,8.568169618894256,5.428073000536768,,2.1604938271604937,0.07380568974771873,
126,12.828770799785293,48.19511540526033,11.372785829307569,11.285560923242082,8.709071390230811,5.381105743424584,,2.15378421900161,0.07380568974771873,
127,12.895866881374127,48.18840579710145,11.345947396672035,11.252012882447666,8.709071390230811,5.381105743424584,,2.15378421900161,0.07380568974771873,
128,12.909286097691895,47.46376811594203,11.29898013955985,11.252012882447666,8.709071390230811,6.018518518518518,0.12077294685990338,2.15378421900161,0.07380568974771873,
129,13.036768652710682,46.752549651100374,11.29898013955985,11.238593666129898,8.05823939881911,5.897745571658615,0.12077294685990338,3.5225442834138487,0.07380568974771873,
130,12.855609232420827,46.61835748792271,11.29898013955985,11.238593666129898,7.944176060118089,5.897745571658615,0.23483628556092323,3.8378958668813743,0.07380568974771873,
131,12.352388620504563,45.59849704777241,10.701825013419215,14.123725174449811,7.917337627482555,5.857487922705314,0.23483628556092323,3.140096618357488,0.07380568974771873,
132,12.667740203972087,45.41733762748255,10.648148148148149,14.070048309178745,7.917337627482555,5.857487922705314,0.20799785292538917,3.140096618357488,0.07380568974771873,
133,12.86231884057971,45.34353193773484,10.59447128287708,14.016371443907676,7.917337627482555,5.844068706387547,0.20799785292538917,3.140096618357488,0.07380568974771873,
134,12.795222758990874,42.80059044551798,10.59447128287708,14.016371443907676,7.883789586688137,8.487654320987655,0.20799785292538917,3.140096618357488,0.07380568974771873,
135,12.93612453032743,42.50536768652711,10.57434245840043,14.016371443907676,7.883789586688137,8.662104133118627,0.20799785292538917,3.140096618357488,0.07380568974771873,
136,13.043478260869565,42.46511003757381,10.23215244229737,13.996242619431026,7.863660762211487,8.648684916800859,0.20799785292538917,3.140096618357488,0.07380568974771873,0.32877079978529256
137,13.217928073000536,42.00214707461084,9.916800858829845,13.969404186795492,7.836822329575953,8.480944712828771,0.20799785292538917,3.965378421900161,0.07380568974771873,0.32877079978529256
138,13.305152979066023,41.38486312399356,9.594739667203436,13.915727321524423,7.561728395061729,9.728931830381105,0.20799785292538917,3.9049919484702094,0.06709608158883522,0.32877079978529256
139,13.378958668813741,41.324476650563604,9.594739667203436,13.875469672571121,7.561728395061729,9.762479871175524,0.20799785292538917,3.898282340311326,0.06709608158883522,0.32877079978529256
140,13.486312399355878,41.12989801395599,9.554482018250134,13.821792807300053,7.5348899624261945,9.675254965110037,0.20799785292538917,4.193505099302201,0.06709608158883522,0.32877079978529256
141,13.170960815888352,41.0829307568438,9.554482018250134,13.197799248523886,7.5348899624261945,9.903381642512077,0.20128824476650564,4.958400429414922,0.06709608158883522,0.32877079978529256
142,13.24476650563607,39.378690284487384,9.5276435856146,12.714707461084272,9.480676328502415,10.111379495437467,0.20128824476650564,4.944981213097155,0.06709608158883522,0.32877079978529256
143,12.567096081588835,40.07648953301127,9.5276435856146,12.714707461084272,9.480676328502415,10.104669887278583,0.20128824476650564,4.944981213097155,0.06709608158883522,0.3153515834675255
144,12.674449812130971,40.04965110037574,9.265968867418144,12.593934514224369,9.802737520128824,10.084541062801932,0.20128824476650564,4.944981213097155,0.06709608158883522,0.3153515834675255
145,12.95625335480408,39.71417069243156,9.406870638754697,12.553676865271068,9.688674181427805,10.151637144390767,0.20128824476650564,4.944981213097155,0.06709608158883522,0.3153515834675255
146,13.18438003220612,39.090177133655395,10.19189479334407,12.52012882447665,9.386741814278047,10.151637144390767,0.20128824476650564,4.891304347826087,0.06709608158883522,0.3153515834675255
147,13.285024154589372,39.049919484702095,10.171765968867419,12.29200214707461,9.366612989801396,10.359634997316157,0.20128824476650564,4.891304347826087,0.06709608158883522,0.3153515834675255
148,13.077026301663983,37.58722490606549,10.171765968867419,12.010198604401502,10.876274825550189,10.0979602791197,0.20128824476650564,5.595813204508857,0.06709608158883522,0.3153515834675255
149,13.33870101986044,37.2987117552335,10.11808910359635,12.010198604401502,10.849436392914654,10.205314009661835,0.20128824476650564,5.595813204508857,0.06709608158883522,0.3153515834675255
150,13.519860440150294,37.224906065485776,10.02415458937198,11.969940955448202,10.84272678475577,10.185185185185185,0.20128824476650564,5.5756843800322065,0.06709608158883522,0.38915727321524424
151,13.573537305421363,37.21819645732689,9.977187332259795,11.922973698336017,10.748792270531402,10.185185185185185,0.3488996242619431,5.5689747718733225,0.06709608158883522,0.38915727321524424
152,13.707729468599034,37.1309715512614,9.977187332259795,11.896135265700483,10.748792270531402,10.165056360708535,0.3488996242619431,5.5689747718733225,0.06709608158883522,0.38915727321524424
153,13.848631239935587,37.03703703703704,9.71551261406334,11.862587224906065,11.077563070316694,10.084541062801932,0.3488996242619431,5.5689747718733225,0.06709608158883522,0.38915727321524424
154,13.935856146001074,37.03032742887815,9.71551261406334,11.83574879227053,11.044015029522276,10.084541062801932,0.3488996242619431,5.548845947396672,0.06709608158883522,0.38915727321524424
155,14.076757917337627,36.782071926999464,9.71551261406334,11.60762211486849,11.044015029522276,10.420021470746109,0.3488996242619431,5.548845947396672,0.06709608158883522,0.38915727321524424
156,14.130434782608695,36.3996242619431,9.588030059044552,11.855877616747183,11.030595813204508,10.554213633923778,0.3488996242619431,5.522007514761138,0.06709608158883522,0.5032206119162641
157,14.257917337627482,36.32581857219538,9.541062801932368,11.849168008588299,11.030595813204508,10.554213633923778,0.3488996242619431,5.522007514761138,0.06709608158883522,0.5032206119162641
158,14.533011272141707,35.80246913580247,9.520933977455716,11.842458400429415,11.332528180354267,10.46027911969941,0.3421900161030596,5.522007514761138,0.14090177133655393,0.5032206119162641
159,14.667203435319378,35.73537305421363,9.520933977455716,11.761943102522812,11.305689747718732,10.426731078904991,0.4428341384863124,5.495169082125604,0.14090177133655393,0.5032206119162641
160,14.801395598497047,35.607890499194845,9.494095544820183,11.741814278046162,11.131239935587761,10.426731078904991,0.4428341384863124,5.709876543209877,0.14090177133655393,0.5032206119162641
161,14.694041867954912,35.42673107890499,10.856146001073537,11.721685453569512,10.63472893183038,10.393183038110575,0.4428341384863124,5.186527106816962,0.14090177133655393,0.5032206119162641
162,14.465915190552872,34.4068706387547,10.695115405260333,11.708266237251744,11.81561996779388,10.628019323671497,0.36231884057971014,5.186527106816962,0.14090177133655393,0.5904455179817498
163,14.506172839506172,34.40016103059581,10.695115405260333,11.708266237251744,11.808910359634996,10.628019323671497,0.36231884057971014,5.159688674181428,0.14090177133655393,0.5904455179817498
164,14.660493827160494,34.306226516371446,10.695115405260333,11.708266237251744,11.782071926999464,10.59447128287708,0.36231884057971014,5.159688674181428,0.14090177133655393,0.5904455179817498
165,15.042941492216855,34.084809447128286,10.695115405260333,11.58749329039184,11.77536231884058,10.560923242082662,0.36231884057971014,5.159688674181428,0.14090177133655393,0.5904455179817498
166,15.324745034889963,34.0378421900161,10.547504025764896,11.560654857756306,11.735104669887278,10.567632850241546,0.3488996242619431,5.159688674181428,0.1274825550187869,0.5904455179817498
167,15.237520128824476,33.89023081052066,10.856146001073537,11.560654857756306,11.674718196457327,10.567632850241546,0.3488996242619431,5.146269457863661,0.1274825550187869,0.5904455179817498
168,15.324745034889963,33.84997316156736,10.829307568438002,11.560654857756306,11.594202898550725,10.567632850241546,0.3488996242619431,5.146269457863661,0.1274825550187869,0.6508319914117016
169,15.391841116478798,33.80971551261406,10.829307568438002,11.560654857756306,11.580783682232958,10.567632850241546,0.33548040794417605,5.146269457863661,0.1274825550187869,0.6508319914117016
170,15.257648953301127,32.87707997852925,13.16425120772947,10.829307568438002,11.808910359634996,10.46027911969941,0.23483628556092323,4.5893719806763285,0.1274825550187869,0.6508319914117016
171,15.599838969404187,32.75630703166935,13.123993558776167,10.701825013419215,11.77536231884058,10.44015029522276,0.23483628556092323,4.5893719806763285,0.1274825550187869,0.6508319914117016
172,15.365002683843263,32.43424584004294,12.889157273215245,11.808910359634996,11.855877616747183,10.071121846484166,0.23483628556092323,4.562533548040794,0.1274825550187869,0.6508319914117016
173,15.425389157273216,32.22624798711755,12.889157273215245,11.79549114331723,11.855877616747183,10.258990874932904,0.23483628556092323,4.53569511540526,0.1274825550187869,0.6508319914117016
174,15.53274288781535,32.18599033816425,12.848899624261943,11.788781535158346,11.849168008588299,10.245571658615138,0.23483628556092323,4.53569511540526,0.1274825550187869,0.6508319914117016
175,15.351583467525497,31.964573268921097,12.822061191626409,12.466451959205582,11.708266237251744,10.238862050456254,0.23483628556092323,4.435050993022007,0.1274825550187869,0.6508319914117016
176,15.633387010198604,31.76328502415459,12.781803542673108,12.419484702093397,11.708266237251744,10.225442834138486,0.23483628556092323,4.455179817498658,0.1274825550187869,0.6508319914117016
177,15.827965646806227,31.588835212023618,12.76838432635534,12.359098228663447,11.862587224906065,10.165056360708535,0.23483628556092323,4.414922168545357,0.1274825550187869,0.6508319914117016
178,16.049382716049383,31.4747718733226,12.76838432635534,12.325550187869029,11.748523886205046,10.0979602791197,0.23483628556092323,4.522275899087493,0.1274825550187869,0.6508319914117016
179,16.170155662909288,31.4747718733226,12.76838432635534,12.23161567364466,11.721685453569512,10.0979602791197,0.23483628556092323,4.522275899087493,0.1274825550187869,0.6508319914117016
180,16.25067096081589,31.42109500805153,12.741545893719806,12.23161567364466,11.721685453569512,10.0979602791197,0.23483628556092323,4.522275899087493,0.1274825550187869,0.6508319914117016
181,16.27750939345142,31.40096618357488,12.634192163177671,12.211486849168008,11.708266237251744,10.0979602791197,0.23483628556092323,4.522275899087493,0.1274825550187869,0.785024154589372
182,16.53918411164788,31.320450885668276,12.52012882447665,12.157809983896941,11.614331723027375,10.084541062801932,0.23483628556092323,4.522275899087493,0.1274825550187869,0.8789586688137413
183,16.59286097691895,31.112453032742888,12.412775093934513,12.077294685990339,11.614331723027375,10.225442834138486,0.23483628556092323,4.824208266237251,0.1274825550187869,0.7783145464304885
184,16.941760601180892,30.938003220611915,12.332259796027913,11.98336017176597,11.540526033279656,10.332796564680622,0.23483628556092323,4.790660225442834,0.1274825550187869,0.7783145464304885
185,17.06924315619968,30.797101449275363,12.245034889962426,11.98336017176597,11.513687600644122,10.473698336017177,0.23483628556092323,4.777241009125067,0.1274825550187869,0.7783145464304885
186,17.028985507246375,29.97181964573269,12.191358024691358,11.936392914653783,12.157809983896941,10.091250670960816,0.2281266774020397,5.488459473966721,0.1274825550187869,0.7783145464304885
187,16.894793344068706,29.864465915190554,12.117552334943639,13.882179280730005,10.554213633923778,10.091250670960816,0.2281266774020397,5.4616210413311865,0.1274825550187869,0.7783145464304885
188,17.156468062265162,29.78395061728395,12.084004294149223,13.882179280730005,10.466988727858293,10.077831454643048,0.2281266774020397,5.448201825013419,0.1274825550187869,0.7447665056360708
189,17.37788513150832,29.750402576489535,12.06387546967257,13.848631239935587,10.420021470746109,10.057702630166398,0.2281266774020397,5.381105743424584,0.1274825550187869,0.7447665056360708
190,17.820719269994633,29.66988727858293,11.922973698336017,13.66076221148685,10.48040794417606,10.010735373054214,0.2281266774020397,5.3341384863123995,0.1274825550187869,0.7447665056360708
191,17.807300053676865,29.71014492753623,11.721685453569512,13.627214170692431,10.735373054213634,9.977187332259795,0.2281266774020397,5.320719269994632,0.1274825550187869,0.7447665056360708
192,17.72007514761138,29.032474503488995,11.721685453569512,13.627214170692431,11.916264090177133,9.561191626409018,0.2281266774020397,5.320719269994632,0.1274825550187869,0.7447665056360708
193,17.820719269994633,29.01905528717123,11.708266237251744,13.58695652173913,11.916264090177133,9.561191626409018,0.2281266774020397,5.287171229200215,0.1274825550187869,0.7447665056360708
194,17.894524959742352,28.985507246376812,11.674718196457327,13.58695652173913,11.916264090177133,9.554482018250134,0.2281266774020397,5.287171229200215,0.1274825550187869,0.7447665056360708
195,18.015297906602253,28.931830381105744,11.634460547504025,13.58695652173913,11.90955448201825,9.554482018250134,0.20799785292538917,5.287171229200215,0.1274825550187869,0.7447665056360708
196,18.270263016639827,28.878153515834676,11.56736446591519,13.560118089103597,11.802200751476114,9.554482018250134,0.20799785292538917,5.287171229200215,0.1274825550187869,0.7447665056360708
197,18.364197530864196,28.77750939345142,11.553945249597424,13.560118089103597,11.916264090177133,9.54777241009125,0.20799785292538917,5.199946323134729,0.1274825550187869,0.7447665056360708
198,18.46484165324745,28.77750939345142,11.540526033279656,13.513150831991412,11.916264090177133,9.54777241009125,0.20799785292538917,5.159688674181428,0.1274825550187869,0.7447665056360708
199,18.54535695115405,28.710413311862588,11.52710681696189,13.499731615673644,12.144390767579173,9.333064949006978,0.20799785292538917,5.159688674181428,0.1274825550187869,0.7447665056360708
200,18.686258722490606,28.61647879763822,11.52710681696189,13.499731615673644,12.104133118625873,9.326355340848094,0.20799785292538917,5.159688674181428,0.1274825550187869,0.7447665056360708
201,18.270263016639827,28.515834675254965,11.332528180354267,14.338432635534085,12.030327428878154,9.29951690821256,0.20799785292538917,5.132850241545894,0.1274825550187869,0.7447665056360708
202,18.297101449275363,28.502415458937197,11.332528180354267,14.338432635534085,12.016908212560386,9.29951690821256,0.20799785292538917,5.132850241545894,0.1274825550187869,0.7447665056360708
203,18.411164787976382,28.395061728395063,11.43317230273752,14.318303811057435,11.943102522812667,9.286097691894794,0.20799785292538917,5.132850241545894,0.1274825550187869,0.7447665056360708
204,18.391035963499732,28.25415995705851,11.419753086419753,14.304884594739667,11.943102522812667,9.561191626409018,0.20799785292538917,5.045625335480408,0.1274825550187869,0.7447665056360708
205,18.16290928609769,27.375201288244767,11.399624261943103,14.479334406870638,11.929683306494901,10.621309715512615,0.20799785292538917,4.951690821256038,0.1274825550187869,0.7447665056360708
206,18.45813204508857,27.30810520665593,11.399624261943103,14.17740203972088,11.902844873859367,10.601180891035963,0.33548040794417605,4.944981213097155,0.1274825550187869,0.7447665056360708
207,18.585614600107355,27.120236178207193,11.258722490606548,14.150563607085346,12.00348899624262,10.601180891035963,0.33548040794417605,4.938271604938271,0.1274825550187869,0.8789586688137413
208,18.612453032742888,26.65727321524423,11.258722490606548,14.150563607085346,11.98336017176597,11.11111111111111,0.33548040794417605,4.884594739667204,0.1274825550187869,0.8789586688137413
209,18.63929146537842,26.053408480944714,11.245303274288782,13.976113794954374,11.81561996779388,12.070585077831455,0.33548040794417605,4.85775630703167,0.1274825550187869,0.8789586688137413
210,18.666129898013956,25.865539452495973,11.238593666129898,13.976113794954374,11.81561996779388,12.070585077831455,0.33548040794417605,5.025496511003757,0.1274825550187869,0.8789586688137413
211,18.833870101986044,25.81857219538379,11.178207192699947,13.962694578636608,11.81561996779388,12.02361782071927,0.33548040794417605,5.025496511003757,0.1274825550187869,0.8789586688137413
212,18.095813204508858,26.73107890499195,11.003757380568974,13.962694578636608,11.81561996779388,12.02361782071927,0.33548040794417605,5.025496511003757,0.1274825550187869,0.8789586688137413
213,18.243424584004295,26.690821256038646,10.789049919484702,13.875469672571121,11.721685453569512,12.016908212560386,0.41599570585077833,5.025496511003757,0.1274825550187869,1.093666129898014
214,18.21658615136876,26.663982823403114,10.715244229736983,13.875469672571121,11.513687600644122,12.016908212560386,0.3757380568974772,5.448201825013419,0.08051529790660225,1.093666129898014
215,18.23671497584541,26.630434782608695,10.695115405260333,13.768115942028986,11.802200751476114,12.00348899624262,0.3757380568974772,5.314009661835748,0.08051529790660225,1.093666129898014
216,18.4849704777241,26.529790660225444,10.63472893183038,13.754696725711218,11.855877616747183,11.922973698336017,0.3757380568974772,5.273752012882448,0.08051529790660225,1.0869565217391304
217,18.511808910359633,26.529790660225444,10.607890499194847,13.754696725711218,11.829039184111648,11.922973698336017,0.3757380568974772,5.22007514761138,0.08051529790660225,1.1674718196457328
218,18.50509930220075,26.38888888888889,10.607890499194847,13.875469672571121,12.06387546967257,11.922973698336017,0.3757380568974772,5.01207729468599,0.08051529790660225,1.1674718196457328
219,18.71309715512614,26.38888888888889,10.587761674718196,13.875469672571121,11.969940955448202,11.896135265700483,0.3757380568974772,4.944981213097155,0.08051529790660225,1.1674718196457328
220,18.706387546967257,26.25469672571122,10.587761674718196,13.868760064412239,11.956521739130435,12.077294685990339,0.3757380568974772,4.924852388620504,0.08051529790660225,1.1674718196457328
221,19.0552871712292,26.100375738056897,10.57434245840043,13.79495437466452,11.808910359634996,11.869296833064949,0.3757380568974772,5.173107890499195,0.08051529790660225,1.1674718196457328
222,19.176060118089104,26.080246913580247,10.520665593129362,13.774825550187868,11.808910359634996,11.842458400429415,0.3757380568974772,5.173107890499195,0.08051529790660225,1.1674718196457328
223,19.122383252818036,26.174181427804616,10.493827160493828,13.727858293075684,11.808910359634996,11.876006441223833,0.3757380568974772,5.173107890499195,0.08051529790660225,1.1674718196457328
224,19.316961889425656,26.039989264626946,10.493827160493828,13.7211486849168,11.761943102522812,11.869296833064949,0.3757380568974772,5.173107890499195,0.08051529790660225,1.1674718196457328
225,19.229736983360173,25.986312399355878,10.46027911969941,13.613794954374665,11.741814278046162,11.876006441223833,0.3757380568974772,5.46833064949007,0.08051529790660225,1.1674718196457328
226,19.28341384863124,25.97289318303811,10.453569511540525,13.600375738056897,11.728395061728396,11.869296833064949,0.3757380568974772,5.46833064949007,0.08051529790660225,1.1674718196457328
227,19.37734836285561,25.93263553408481,10.453569511540525,13.573537305421363,11.728395061728396,11.842458400429415,0.3757380568974772,5.46833064949007,0.08051529790660225,1.1674718196457328
228,19.53166935050993,25.87224906065486,10.426731078904991,13.519860440150294,11.822329575952764,11.768652710681696,0.3757380568974772,5.46833064949007,0.08051529790660225,1.133923778851315
229,19.726247987117553,25.85882984433709,10.393183038110575,13.519860440150294,11.802200751476114,11.75523349436393,0.3757380568974772,5.441492216854535,0.08051529790660225,1.0466988727858293
230,19.672571121846484,25.577026301663984,10.379763821792807,13.33870101986044,12.04374664519592,11.876006441223833,0.3757380568974772,5.3341384863123995,0.08051529790660225,1.3217928073000538
231,19.867149758454108,25.503220611916262,10.373054213633925,13.331991411701557,12.030327428878154,11.876006441223833,0.3757380568974772,5.24020397208803,0.08051529790660225,1.3217928073000538
232,19.90740740740741,25.47638217928073,10.359634997316157,13.331991411701557,12.030327428878154,11.876006441223833,0.3757380568974772,5.24020397208803,0.08051529790660225,1.3217928073000538
233,20.02818035426731,25.43612453032743,10.359634997316157,13.285024154589372,12.02361782071927,11.849168008588299,0.3757380568974772,5.24020397208803,0.08051529790660225,1.3217928073000538
234,20.263016639828233,25.42270531400966,10.359634997316157,13.103864734299517,12.02361782071927,11.808910359634996,0.3757380568974772,5.24020397208803,0.08051529790660225,1.3217928073000538
