,45,50,51,53,52,54,55,56
0,100.0,,,,,,,
1,100.0,,,,,,,
2,100.0,,,,,,,
3,100.0,,,,,,,
4,100.0,,,,,,,
5,92.4315619967794,7.568438003220612,,,,,,
6,87.48658078368223,12.513419216317766,,,,,,
7,87.48658078368223,12.513419216317766,,,,,,
8,84.3666129898014,15.633387010198604,,,,,,
9,79.34782608695652,20.652173913043477,,,,,,
10,79.36124530327429,20.638754696725712,,,,,,
11,75.52334943639292,24.476650563607084,,,,,,
12,75.05367686527107,24.060654857756308,0.8856682769726248,,,,,
13,73.73188405797102,25.328770799785293,0.8856682769726248,0.05367686527106817,,,,
14,66.83440687063876,32.22624798711755,0.8856682769726248,0.05367686527106817,,,,
15,63.41250670960816,35.648148148148145,0.8856682769726248,0.05367686527106817,,,,
16,61.3593666129898,37.7012882447665,0.8856682769726248,0.05367686527106817,,,,
17,60.08454106280193,35.53408480944713,4.327697262479871,0.05367686527106817,,,,
18,60.08454106280193,35.53408480944713,4.327697262479871,0.05367686527106817,,,,
19,60.0979602791197,35.41331186258722,4.327697262479871,0.05367686527106817,0.10735373054213634,,,
20,60.11137949543747,34.96376811594203,4.327697262479871,0.48980139559849706,0.10735373054213634,,,
21,58.16559312936125,31.749865807836823,9.4873859366613,0.48980139559849706,0.10735373054213634,,,
22,58.20585077831455,31.743156199677937,9.453837895866881,0.48980139559849706,0.10735373054213634,,,
23,54.36795491143317,35.601180891035966,9.433709071390231,0.48980139559849706,0.10735373054213634,,,
24,54.34782608695652,35.48040794417606,9.574610842726784,0.48980139559849706,0.10735373054213634,,,
25,53.64331723027375,38.27160493827161,7.48792270531401,0.48980139559849706,0.10735373054213634,,,
26,53.67015566290929,38.24476650563607,7.48792270531401,0.48980139559849706,0.10735373054213634,,,
27,51.67740203972088,40.06977992485239,7.48792270531401,0.6575415995705851,0.10735373054213634,,,
28,51.29495437466452,40.41867954911433,7.380568974771873,0.798443370907139,0.10735373054213634,,,
29,51.31508319914117,40.405260332796566,7.37385936661299,0.798443370907139,0.10735373054213634,,,
30,51.31508319914117,40.405260332796566,7.37385936661299,0.798443370907139,0.10735373054213634,,,
31,51.41572732152442,40.19055287171229,7.360440150295223,0.9259259259259259,0.10735373054213634,,,
32,51.54320987654321,39.2914653784219,7.300053676865271,0.9259259259259259,0.9393451422436929,,,
33,49.16129898013956,41.44524959742351,7.212828770799785,1.261406333870102,0.9192163177670424,,,
34,48.55072463768116,40.49248523886205,8.776167471819646,1.261406333870102,0.9192163177670424,,,
35,48.57756307031669,40.465646806226516,8.776167471819646,1.261406333870102,0.9192163177670424,,,
36,48.107890499194845,39.20424047235642,10.923242082662373,0.8454106280193237,0.9192163177670424,,,
37,42.62614063338701,46.524422973698336,9.205582393988191,0.8319914117015567,0.8118625872249061,,,
38,42.652979066022546,46.4975845410628,9.205582393988191,0.8319914117015567,0.8118625872249061,,,
39,42.07595276435856,47.46376811594203,9.205582393988191,0.8319914117015567,0.4227053140096618,,,
40,42.190016103059584,47.41009125067096,9.145195920558239,0.8319914117015567,0.4227053140096618,,,
41,42.230273752012884,46.61835748792271,9.118357487922705,0.8319914117015567,0.4227053140096618,0.7783145464304885,,
42,41.55260332796565,45.07514761137949,10.93666129898014,0.8319914117015567,0.8252818035426731,0.7783145464304885,,
43,41.317767042404725,44.900697799248526,9.212292002147075,0.8319914117015567,2.9589371980676327,0.7783145464304885,,
44,41.36473429951691,44.860440150295226,9.205582393988191,0.8319914117015567,2.9589371980676327,0.7783145464304885,,
45,40.45893719806763,45.7662372517445,9.205582393988191,0.8319914117015567,2.9589371980676327,0.7783145464304885,,
46,40.72061191626409,45.50456253354804,9.205582393988191,0.8319914117015567,2.9589371980676327,0.7783145464304885,,
47,40.61325818572195,42.82742887815352,8.715780998389693,4.106280193236715,2.9589371980676327,0.7783145464304885,,
48,40.64009661835749,42.80059044551798,8.715780998389693,4.106280193236715,2.9589371980676327,0.7783145464304885,,
49,41.1231884057971,42.572463768115945,8.460815888352121,4.106280193236715,2.9589371980676327,0.7783145464304885,,
50,41.22383252818035,42.49194847020934,8.460815888352121,4.086151368760064,2.9589371980676327,0.7783145464304885,,
51,41.237251744498124,42.47852925389157,8.460815888352121,4.086151368760064,2.9589371980676327,0.7783145464304885,,
52,41.26409017713365,42.46511003757381,8.447396672034353,4.086151368760064,2.9589371980676327,0.7783145464304885,,
53,41.324476650563604,42.40472356414385,8.447396672034353,4.086151368760064,2.9589371980676327,0.7783145464304885,,
54,39.754428341384866,43.545356951154055,11.285560923242082,1.6841116478797638,2.9589371980676327,0.7716049382716049,,
55,39.84836285560923,43.45142243692968,11.285560923242082,1.6841116478797638,2.9589371980676327,0.7716049382716049,,
56,39.982555018786904,43.31723027375201,11.285560923242082,1.6841116478797638,2.9589371980676327,0.7716049382716049,,
57,39.982555018786904,43.31723027375201,11.285560923242082,1.6841116478797638,2.9589371980676327,0.7716049382716049,,
58,40.07648953301127,43.223295759527645,11.285560923242082,1.6841116478797638,2.9589371980676327,0.7716049382716049,,
59,40.07648953301127,43.223295759527645,11.285560923242082,1.6841116478797638,2.9589371980676327,0.7716049382716049,,
60,40.143585614600106,43.21658615136876,11.258722490606548,1.6505636070853462,2.9589371980676327,0.7716049382716049,,
61,40.19726247987118,43.18974771873322,11.231884057971014,1.6505636070853462,2.9589371980676327,0.7716049382716049,,
62,40.23081052066559,43.18974771873322,11.218464841653248,1.6505636070853462,2.9589371980676327,0.7514761137949544,,
63,40.344873859366615,43.062265163714436,11.09098228663446,1.7914653784219001,2.9589371980676327,0.7514761137949544,,
64,39.99597423510467,43.323939881910896,11.064143853998926,1.6505636070853462,3.2139023081052067,0.7514761137949544,,
65,39.89533011272142,42.24369296833065,11.064143853998926,1.6505636070853462,4.394793344068707,0.7514761137949544,,
66,39.942297369833604,42.230273752012884,11.030595813204508,1.6505636070853462,4.394793344068707,0.7514761137949544,,
67,38.81508319914117,39.87520128824477,14.512882447665056,1.6505636070853462,4.394793344068707,0.7514761137949544,,
68,38.67418142780462,38.036768652710684,14.465915190552872,2.462426194310252,5.428073000536768,0.7514761137949544,0.18115942028985507,
69,38.75469672571122,37.96967257112185,14.465915190552872,2.4490069779924855,5.428073000536768,0.7514761137949544,0.18115942028985507,
70,38.97611379495437,37.78851315083199,14.439076757917338,2.791196994095545,5.072463768115942,0.7514761137949544,0.18115942028985507,
71,39.04320987654321,37.72812667740204,14.432367149758454,2.791196994095545,5.072463768115942,0.7514761137949544,0.18115942028985507,
72,39.31830381105743,37.533548040794415,14.412238325281804,2.7844873859366612,5.032206119162641,0.7380568974771873,0.18115942028985507,
73,39.32501341921632,37.526838432635536,14.412238325281804,2.7844873859366612,5.032206119162641,0.7380568974771873,0.18115942028985507,
74,39.38539989264627,37.513419216317764,14.36527106816962,2.7844873859366612,5.032206119162641,0.7380568974771873,0.18115942028985507,
75,38.781535158346756,37.29200214707461,15.74074074074074,2.2342995169082127,5.032206119162641,0.7380568974771873,0.18115942028985507,
76,38.84192163177671,37.23161567364466,15.74074074074074,2.2342995169082127,5.032206119162641,0.7380568974771873,0.18115942028985507,
77,38.258185721953836,35.50053676865271,18.12265163714439,2.167203435319377,5.032206119162641,0.7380568974771873,0.18115942028985507,
78,36.93639291465379,36.822329575952764,18.12265163714439,2.167203435319377,5.032206119162641,0.7380568974771873,0.18115942028985507,
79,35.547504025764894,35.527375201288244,21.69887278582931,2.167203435319377,4.139828234031133,0.7380568974771873,0.18115942028985507,
80,35.48040794417606,35.73537305421363,21.557971014492754,2.167203435319377,4.139828234031133,0.7380568974771873,0.18115942028985507,
81,35.49382716049383,35.72866344605475,21.557971014492754,2.167203435319377,4.133118625872249,0.7380568974771873,0.18115942028985507,
82,35.587761674718195,35.66156736446592,21.531132581857218,2.167203435319377,4.133118625872249,0.7380568974771873,0.18115942028985507,
83,34.11164787976382,38.18438003220612,21.477455716586153,2.1604938271604937,3.1468062265163717,0.7380568974771873,0.18115942028985507,
84,34.21900161030596,36.42646269457864,23.845947396672035,1.9659151905528718,2.5563607085346214,0.5971551261406334,0.38915727321524424,
85,34.21900161030596,36.42646269457864,23.845947396672035,1.9659151905528718,2.5563607085346214,0.5971551261406334,0.38915727321524424,
86,34.01771336553945,36.41304347826087,23.812399355877616,2.254428341384863,2.5563607085346214,0.5971551261406334,0.3488996242619431,
87,34.03113258185722,36.41304347826087,23.79898013955985,2.254428341384863,2.5563607085346214,0.5971551261406334,0.3488996242619431,
88,34.21229200214707,36.272141706924316,23.758722490606548,2.254428341384863,2.5563607085346214,0.5971551261406334,0.3488996242619431,
89,34.39345142243693,36.22517444981213,23.62453032742888,2.254428341384863,2.5563607085346214,0.5971551261406334,0.3488996242619431,
90,34.5276435856146,36.18491680085883,23.53059581320451,2.254428341384863,2.5563607085346214,0.5971551261406334,0.3488996242619431,
91,34.62157809983897,36.090982286634464,23.53059581320451,2.254428341384863,2.5563607085346214,0.5971551261406334,0.3488996242619431,
92,33.25952764358561,39.07675791733763,22.497316156736446,2.254428341384863,2.4490069779924855,,0.46296296296296297,
93,33.393719806763286,38.969404186795494,22.477187332259795,2.254428341384863,2.442297369833602,,0.46296296296296297,
94,33.49436392914654,38.96269457863661,22.38996242619431,2.24771873322598,2.442297369833602,,0.46296296296296297,
95,33.49436392914654,38.79495437466452,22.38996242619431,2.24771873322598,2.442297369833602,,0.630703166935051,
96,33.69565217391305,38.77482555018787,22.262479871175522,2.24771873322598,2.3886205045625335,,0.630703166935051,
97,31.93773483628556,41.26409017713365,22.34970477724101,2.100107353730542,1.9256575415995705,,0.4227053140096618,
98,31.884057971014492,39.700751476113794,20.652173913043477,2.100107353730542,5.24020397208803,,0.4227053140096618,
99,32.024959742351044,39.57326892109501,20.652173913043477,2.100107353730542,5.226784755770263,,0.4227053140096618,
100,32.15915190552872,39.54643048845947,20.611916264090176,2.100107353730542,5.159688674181428,,0.4227053140096618,
101,31.46135265700483,40.24422973698336,20.611916264090176,2.100107353730542,5.159688674181428,,0.4227053140096618,
102,27.066559312936125,31.870638754696724,33.400429414922165,2.0799785292538915,5.159688674181428,,0.4227053140096618,
103,27.13365539452496,31.870638754696724,33.333333333333336,2.0799785292538915,5.159688674181428,,0.4227053140096618,
104,27.220880300590444,31.82367149758454,33.293075684380035,2.0799785292538915,5.159688674181428,,0.4227053140096618,
105,27.220880300590444,31.82367149758454,33.293075684380035,2.0799785292538915,5.159688674181428,,0.4227053140096618,
106,27.529522275899087,30.515297906602253,32.23966720343532,2.0799785292538915,7.132313472893183,,0.5032206119162641,
107,27.569779924852387,30.515297906602253,32.19940955448202,2.0799785292538915,7.132313472893183,,0.5032206119162641,
108,27.72410091250671,30.50858829844337,32.05179817498658,2.0799785292538915,7.132313472893183,,0.5032206119162641,
109,27.932098765432098,30.367686527106816,31.984702093397747,2.0799785292538915,7.132313472893183,,0.5032206119162641,
110,28.10654857756307,30.320719269994633,31.910896403650028,2.0263016639828235,7.132313472893183,,0.5032206119162641,
111,27.82474503488996,30.280461621041333,32.30005367686527,1.9592055823939882,7.132313472893183,,0.5032206119162641,
112,27.965646806226516,30.173107890499196,31.99812130971551,1.9592055823939882,7.098765432098766,,0.8051529790660226,
113,27.985775630703166,30.159688674181428,31.99141170155663,1.9592055823939882,7.098765432098766,,0.8051529790660226,
114,27.74422973698336,30.401234567901234,31.99141170155663,1.9592055823939882,7.098765432098766,,0.8051529790660226,
115,27.885131508319915,30.360976918947934,31.830381105743424,1.9592055823939882,7.058507783145465,0.10064412238325282,0.8051529790660226,
116,27.979066022544284,30.327428878153516,31.796833064949006,1.932367149758454,7.058507783145465,0.10064412238325282,0.8051529790660226,
117,27.985775630703166,30.320719269994633,31.796833064949006,1.932367149758454,7.058507783145465,0.10064412238325282,0.8051529790660226,
118,25.369028448738593,27.408749329039185,39.432367149758456,1.932367149758454,5.199946323134729,0.10064412238325282,0.5568974771873323,
119,25.39586688137413,27.395330112721417,39.432367149758456,1.9189479334406871,5.199946323134729,0.10064412238325282,0.5568974771873323,
120,25.409286097691894,27.395330112721417,39.418947933440684,1.9189479334406871,5.199946323134729,0.10064412238325282,0.5568974771873323,
121,25.489801395598498,27.395330112721417,39.33843263553408,1.9189479334406871,5.199946323134729,0.10064412238325282,0.5568974771873323,
122,23.691626409017715,30.703166935050994,37.92941492216855,1.8183038110574343,5.199946323134729,0.10064412238325282,0.5568974771873323,
123,19.49141170155663,35.68169618894257,37.39264626945786,1.8183038110574343,4.958400429414922,0.10064412238325282,0.5568974771873323,
124,19.612184648416534,35.68169618894257,37.27187332259796,1.8183038110574343,4.958400429414922,0.10064412238325282,0.5568974771873323,
125,19.692699946323135,35.64143853998927,37.23161567364466,1.8183038110574343,4.958400429414922,0.10064412238325282,0.5568974771873323,
126,19.712828770799785,35.64143853998927,37.224906065485776,1.8183038110574343,4.944981213097155,0.10064412238325282,0.5568974771873323,
127,19.847020933977454,35.54079441760601,37.21148684916801,1.8183038110574343,4.944981213097155,0.10064412238325282,0.5367686527106817,
128,19.981213097155127,35.527375201288244,37.0907139023081,1.8183038110574343,4.944981213097155,0.10064412238325282,0.5367686527106817,
129,18.739935587761675,33.24610842726785,40.666935050993025,1.8183038110574343,4.891304347826087,0.10064412238325282,0.5367686527106817,
130,18.84728931830381,33.24610842726785,40.55958132045089,1.8183038110574343,4.891304347826087,0.10064412238325282,0.5367686527106817,
131,18.438003220611915,33.722490606548575,40.49248523886205,1.8183038110574343,4.891304347826087,0.10064412238325282,0.5367686527106817,
132,18.59903381642512,33.64868491680086,40.405260332796566,1.8183038110574343,4.891304347826087,0.10064412238325282,0.5367686527106817,
133,18.632581857219538,33.64868491680086,40.3918411164788,1.7981749865807837,4.891304347826087,0.10064412238325282,0.5367686527106817,
134,18.92109500805153,33.54804079441761,40.25093934514224,1.778046162104133,4.864465915190553,0.10064412238325282,0.5367686527106817,
135,19.008319914117017,33.53462157809984,40.17713365539453,1.778046162104133,4.864465915190553,0.10064412238325282,0.5367686527106817,
136,19.03515834675255,33.53462157809984,40.15029522275899,1.778046162104133,4.864465915190553,0.10064412238325282,0.5367686527106817,
137,19.04186795491143,33.53462157809984,40.143585614600106,1.778046162104133,4.864465915190553,0.10064412238325282,0.5367686527106817,
138,19.229736983360173,33.353462157809986,40.13687600644123,1.778046162104133,4.864465915190553,0.10064412238325282,0.5367686527106817,
139,19.243156199677937,33.340042941492214,40.13687600644123,1.778046162104133,4.864465915190553,0.10064412238325282,0.5367686527106817,
140,16.968599033816425,35.61460010735373,40.13687600644123,1.778046162104133,4.864465915190553,0.10064412238325282,0.5367686527106817,
141,17.03569511540526,33.57487922705314,40.03623188405797,1.778046162104133,6.937734836285561,0.10064412238325282,0.5367686527106817,
142,17.08937198067633,33.52120236178207,39.418947933440684,1.778046162104133,6.937734836285561,0.7179280730005367,0.5367686527106817,
143,17.19001610305958,33.5077831454643,39.351851851851855,1.7579173376274826,6.937734836285561,0.7179280730005367,0.5367686527106817,
144,17.310789049919485,30.837359098228664,42.09608158883521,1.6774020397208802,6.823671497584541,0.7179280730005367,0.5367686527106817,
145,17.371175523349436,30.837359098228664,42.0625335480408,1.6774020397208802,6.796833064949007,0.7179280730005367,0.5367686527106817,
146,17.444981213097154,30.837359098228664,41.988727858293075,1.6774020397208802,6.796833064949007,0.7179280730005367,0.5367686527106817,
147,17.465110037573805,30.837359098228664,41.968599033816425,1.6774020397208802,6.796833064949007,0.7179280730005367,0.5367686527106817,
148,17.632850241545892,30.730005367686527,41.908212560386474,1.6774020397208802,6.796833064949007,0.7179280730005367,0.5367686527106817,
149,17.780461621041333,30.669618894256576,41.83440687063875,1.6639828234031133,6.796833064949007,0.7179280730005367,0.5367686527106817,
150,17.847557702630166,30.636070853462158,41.83440687063875,1.6639828234031133,6.763285024154589,0.7179280730005367,0.5367686527106817,
151,17.94820182501342,30.58239398819109,41.8142780461621,1.6639828234031133,6.736446591519055,0.7179280730005367,0.5367686527106817,
152,18.075684380032207,30.58239398819109,41.720343531937736,1.6371443907675791,6.729736983360172,0.7179280730005367,0.5367686527106817,
153,18.14278046162104,30.555555555555557,41.706924315619965,1.6371443907675791,6.702898550724638,0.7179280730005367,0.5367686527106817,
154,18.17632850241546,30.434782608695652,41.619699409554485,2.5831991411701556,5.931293612453032,0.7179280730005367,0.5367686527106817,
155,18.230005367686527,30.24020397208803,41.619699409554485,2.7241009125067097,5.931293612453032,0.7179280730005367,0.5367686527106817,
156,18.357487922705314,30.226784755770264,41.532474503489,2.6972624798711755,5.931293612453032,0.7179280730005367,0.5367686527106817,
157,18.149490069779926,30.03220611916264,41.532474503489,2.6972624798711755,6.333870101986044,0.7179280730005367,0.5367686527106817,
158,18.411164787976382,29.66988727858293,41.46537842190016,2.690552871712292,5.662909286097692,1.5633387010198605,0.5367686527106817,
159,18.646001073537306,29.656468062265162,41.33118625872249,2.690552871712292,5.662909286097692,1.5633387010198605,0.4495437466451959,
160,18.726516371443907,29.622920021470748,41.2842190016103,2.690552871712292,5.662909286097692,1.5633387010198605,0.4495437466451959,
161,19.196188942565755,29.441760601180892,40.995705850778315,2.690552871712292,5.662909286097692,1.5633387010198605,0.4495437466451959,
162,19.410896403650028,29.294149221685455,40.92860976918948,2.690552871712292,5.662909286097692,1.5633387010198605,0.4495437466451959,
163,19.57192699946323,29.294149221685455,40.78770799785293,2.690552871712292,5.662909286097692,1.5432098765432098,0.4495437466451959,
164,19.719538378958667,29.21363392377885,40.4320987654321,2.6704240472356413,5.562265163714439,1.9524959742351047,0.4495437466451959,
165,19.719538378958667,29.21363392377885,40.4320987654321,2.6704240472356413,5.562265163714439,1.9524959742351047,0.4495437466451959,
166,19.276704240472355,28.193773483628558,38.41250670960816,2.6637144390767578,9.05126140633387,1.9524959742351047,0.4495437466451959,
167,19.269994632313473,27.91867954911433,39.98926462694579,1.6908212560386473,8.870101986044014,1.9524959742351047,0.30864197530864196,
168,19.685990338164252,27.63016639828234,39.88862050456253,1.6908212560386473,8.84326355340848,1.9524959742351047,0.30864197530864196,
169,19.80005367686527,27.556360708534623,39.84836285560923,1.6908212560386473,8.84326355340848,1.9524959742351047,0.30864197530864196,
170,19.79334406870639,27.542941492216855,39.84836285560923,1.6908212560386473,9.098228663446054,1.7176596886741815,0.30864197530864196,
171,19.887278582930758,27.462426194310254,39.66720343531938,1.6908212560386473,9.091519055287172,1.892109500805153,0.30864197530864196,
172,19.93424584004294,27.26113794954375,39.62023617820719,1.6908212560386473,9.091519055287172,2.0933977455716586,0.30864197530864196,
173,20.169082125603865,27.194041867954912,39.452495974235106,1.6908212560386473,9.091519055287172,2.0933977455716586,0.30864197530864196,
174,20.222758990874933,27.160493827160494,39.44578636607622,1.6774020397208802,9.091519055287172,2.0933977455716586,0.30864197530864196,
175,19.920826623725173,26.96591519055287,41.00912506709608,1.6774020397208802,7.924047235641439,1.9659151905528718,0.5367686527106817,
176,19.920826623725173,26.96591519055287,40.693773483628554,1.9927536231884058,7.924047235641439,1.9659151905528718,0.5367686527106817,
177,19.92753623188406,26.959205582393988,40.693773483628554,1.9927536231884058,7.924047235641439,1.9659151905528718,0.5367686527106817,
178,20.001341921631777,26.912238325281802,40.666935050993025,1.9927536231884058,7.924047235641439,1.9659151905528718,0.5367686527106817,
179,20.041599570585078,26.912238325281802,40.666935050993025,1.9927536231884058,7.883789586688137,1.9659151905528718,0.5367686527106817,
180,20.1959205582394,26.764626945786365,40.666935050993025,1.9860440150295222,7.883789586688137,1.9659151905528718,0.5367686527106817,
181,20.457595276435857,26.690821256038646,40.47906602254428,1.9860440150295222,7.883789586688137,1.9659151905528718,0.5367686527106817,
182,20.658883521202362,26.583467525496513,40.45893719806763,1.9860440150295222,7.809983896940419,1.9659151905528718,0.5367686527106817,
183,21.061460010735374,26.462694578636608,39.67391304347826,1.9860440150295222,7.709339774557166,1.9122383252818036,1.1943102522812667,
184,21.289586688137412,26.36876006441224,39.55984970477724,1.9860440150295222,7.689210950080516,1.9122383252818036,1.1943102522812667,
185,21.162104133118625,26.54320987654321,39.512882447665056,1.9860440150295222,7.689210950080516,1.9122383252818036,1.1943102522812667,
186,21.18894256575416,26.516371443907676,39.512882447665056,1.9860440150295222,7.689210950080516,1.9122383252818036,1.1943102522812667,
187,21.095008051529792,26.41572732152442,39.24449812130972,2.1940418679549114,7.689210950080516,1.9122383252818036,1.4492753623188406,
188,21.14868491680086,26.39559849704777,39.210950080515296,2.1940418679549114,7.689210950080516,1.9122383252818036,1.4492753623188406,
189,21.296296296296298,26.268115942028984,38.37224906065486,2.187332259796028,7.689210950080516,1.8183038110574343,2.368491680085883,
190,20.954106280193237,25.5703166935051,39.64036500268384,2.187332259796028,7.561728395061729,1.7176596886741815,2.368491680085883,
191,21.021202361782073,25.51663982823403,39.15727321524423,2.187332259796028,7.561728395061729,2.187332259796028,2.368491680085883,
192,21.175523349436393,25.51663982823403,39.00295222758991,2.187332259796028,7.561728395061729,2.187332259796028,2.368491680085883,
193,21.276167471819647,25.462962962962962,38.969404186795494,2.187332259796028,7.561728395061729,2.187332259796028,2.3550724637681157,
194,21.36339237788513,25.409286097691894,38.93585614600107,2.187332259796028,7.561728395061729,2.187332259796028,2.3550724637681157,
195,21.256038647342994,25.181159420289855,38.79495437466452,2.046430488459474,7.561728395061729,2.804616210413312,2.3550724637681157,
196,21.38352120236178,25.11406333870102,38.77482555018787,2.0397208803005906,7.5281803542673105,2.804616210413312,2.3550724637681157,
197,21.72571121846484,25.11406333870102,38.70101986044015,2.0397208803005906,7.25979602791197,2.804616210413312,2.3550724637681157,
198,21.75925925925926,25.11406333870102,38.687600644122384,2.0263016639828235,7.25979602791197,2.804616210413312,2.3483628556092326,
199,22.0276435856146,25.07380568974772,38.466183574879224,2.01959205582394,7.25979602791197,2.804616210413312,2.3483628556092326,
200,22.18196457326892,25.0402576489533,38.34541062801932,2.01959205582394,7.25979602791197,2.804616210413312,2.3483628556092326,
201,22.23564143853999,25.02012882447665,38.31186258722491,2.01959205582394,7.25979602791197,2.804616210413312,2.3483628556092326,
202,22.376543209876544,24.90606548577563,38.28502415458937,2.01959205582394,7.25979602791197,2.804616210413312,2.3483628556092326,
203,22.443639291465377,24.90606548577563,38.2313472893183,2.01959205582394,7.25979602791197,2.791196994095545,2.3483628556092326,
204,22.31615673644659,24.90606548577563,37.74154589371981,2.01959205582394,7.25979602791197,2.791196994095545,2.965646806226516,
205,22.32957595276436,24.90606548577563,37.74154589371981,2.01959205582394,7.246376811594203,2.791196994095545,2.965646806226516,
206,22.396672034353195,24.892646269457863,37.734836285560924,2.01959205582394,7.206119162640902,2.791196994095545,2.9589371980676327,
207,22.396672034353195,24.892646269457863,37.57380568974772,2.01959205582394,7.206119162640902,2.791196994095545,3.1199677938808374,
208,22.24235104669887,24.550456253354803,37.56038647342995,2.01959205582394,7.206119162640902,2.791196994095545,3.629898013955985,
209,22.19538378958669,24.537037037037038,37.39935587761675,2.01959205582394,7.206119162640902,3.0931293612453032,3.549382716049383,
210,21.91358024691358,24.3894256575416,36.86929683306495,2.9790660225442833,7.206119162640902,3.0931293612453032,3.549382716049383,
211,21.91358024691358,24.3894256575416,36.86929683306495,2.9790660225442833,7.206119162640902,3.0931293612453032,3.549382716049383,
212,21.973966720343533,24.3894256575416,36.83574879227053,2.9790660225442833,7.179280730005368,3.0931293612453032,3.549382716049383,
213,21.960547504025765,24.3894256575416,36.540526033279654,3.2877079978529253,7.179280730005368,3.0931293612453032,3.549382716049383,
214,22.423510466988727,24.282071926999464,36.191626409017715,3.2877079978529253,7.051798174986581,3.0931293612453032,3.670155662909286,
215,22.517444981213096,24.282071926999464,36.178207192699944,3.2877079978529253,7.051798174986581,3.0931293612453032,3.589640365002684,
216,22.665056360708533,24.241814278046164,36.07085346215781,3.2877079978529253,7.051798174986581,3.0931293612453032,3.589640365002684,
217,22.785829307568438,24.241814278046164,35.97691894793344,3.260869565217391,7.051798174986581,3.0931293612453032,3.589640365002684,
218,22.799248523886206,24.241814278046164,35.96349973161568,3.260869565217391,7.051798174986581,3.0931293612453032,3.589640365002684,
219,22.819377348362856,24.241814278046164,35.96349973161568,3.260869565217391,7.03166935050993,3.0931293612453032,3.589640365002684,
220,22.920021470746107,24.10091250670961,35.69511540526033,3.569511540526033,7.03166935050993,3.0931293612453032,3.589640365002684,
221,23.03408480944713,24.013687600644122,35.668276972624795,3.569511540526033,7.03166935050993,3.0931293612453032,3.589640365002684,
222,23.121309715512613,24.013687600644122,35.581052066559316,3.569511540526033,7.03166935050993,3.0931293612453032,3.589640365002684,
223,23.362855609232422,24.013687600644122,35.46027911969941,3.569511540526033,6.9310252281266775,3.0931293612453032,3.569511540526033,
224,21.26945786366076,37.11084272678475,27.30810520665593,2.8515834675254963,4.918142780461621,3.026033279656468,3.515834675254965,
225,21.39694041867955,36.99677938808374,27.294685990338163,2.8515834675254963,4.918142780461621,3.026033279656468,3.515834675254965,
226,21.40365002683843,36.99006977992485,27.294685990338163,2.8515834675254963,4.918142780461621,3.026033279656468,3.515834675254965,
227,21.450617283950617,36.99006977992485,27.28797638217928,2.8247450348899625,4.904723564143854,3.026033279656468,3.515834675254965,
228,21.511003757380568,36.9699409554482,27.2812667740204,2.818035426731079,4.904723564143854,3.026033279656468,3.488996242619431,
229,21.67874396135266,36.94981213097155,27.160493827160494,2.818035426731079,4.87788513150832,3.026033279656468,3.488996242619431,
230,21.75925925925926,36.94981213097155,27.13365539452496,2.818035426731079,4.824208266237251,3.026033279656468,3.488996242619431,
231,21.83977455716586,36.94981213097155,27.13365539452496,2.7442297369833604,4.817498658078368,3.026033279656468,3.488996242619431,
232,21.920289855072465,36.943102522812666,27.066559312936125,2.7442297369833604,4.810789049919484,3.026033279656468,3.488996242619431,
233,22.054482018250134,36.85587761674718,27.01959205582394,2.7442297369833604,4.810789049919484,3.026033279656468,3.488996242619431,
234,22.23564143853999,36.79549114331723,26.898819108964037,2.7442297369833604,4.810789049919484,3.026033279656468,3.488996242619431,
235,22.396672034353195,36.741814278046164,26.798174986580783,2.7442297369833604,4.804079441760601,3.026033279656468,3.488996242619431,
236,22.423510466988727,36.71497584541063,26.798174986580783,2.7442297369833604,4.804079441760601,3.026033279656468,3.488996242619431,
237,22.436929683306495,36.52710681696189,26.308373590982285,3.3480944712828773,4.804079441760601,2.9119699409554483,3.6634460547504024,
238,22.50402576489533,36.52710681696189,26.27482555018787,3.3145464304884595,4.804079441760601,2.9119699409554483,3.6634460547504024,
239,22.624798711755233,36.46672034353194,26.214439076757916,3.3145464304884595,4.804079441760601,2.9119699409554483,3.6634460547504024,
240,22.82608695652174,36.46672034353194,26.080246913580247,3.3145464304884595,4.804079441760601,2.8918411164787976,3.616478797638218,
241,22.886473429951693,36.460010735373054,26.02657004830918,3.3145464304884595,4.804079441760601,2.8918411164787976,3.616478797638218,
242,22.20209339774557,36.272141706924316,27.006172839506174,3.2877079978529253,4.790660225442834,2.8247450348899625,3.616478797638218,
243,22.20209339774557,36.272141706924316,27.006172839506174,3.2877079978529253,4.790660225442834,2.8247450348899625,3.616478797638218,
244,22.228931830381107,36.272141706924316,26.986044015029524,3.2877079978529253,4.790660225442834,2.8247450348899625,3.6097691894793345,
245,22.34970477724101,36.20504562533548,26.959205582393988,3.2877079978529253,4.7638217928073,2.8247450348899625,3.6097691894793345,
246,22.517444981213096,36.010466988727856,26.637144390767578,2.7643585614600106,5.656199677938808,2.804616210413312,3.6097691894793345,
247,22.765700483091788,35.768921095008054,26.637144390767578,2.7643585614600106,5.649490069779925,2.804616210413312,3.6097691894793345,
248,22.819377348362856,35.74208266237252,26.637144390767578,2.7643585614600106,5.649490069779925,2.804616210413312,3.5829307568438002,
249,23.040794417606012,35.69511540526033,26.48953301127214,2.7643585614600106,5.649490069779925,2.7777777777777777,3.5829307568438002,
250,23.121309715512613,35.69511540526033,26.40901771336554,2.7643585614600106,5.649490069779925,2.7777777777777777,3.5829307568438002,
251,23.376274825550187,35.59447128287708,26.29495437466452,2.7643585614600106,5.622651637144391,2.7777777777777777,3.569511540526033,
252,23.470209339774556,35.50053676865271,26.29495437466452,2.7643585614600106,5.622651637144391,2.7777777777777777,3.569511540526033,
253,23.66478797638218,35.48040794417606,26.120504562533547,2.7643585614600106,5.622651637144391,2.7777777777777777,3.569511540526033,
254,23.758722490606548,35.45356951154053,26.120504562533547,2.7643585614600106,5.555555555555555,2.7777777777777777,3.569511540526033,
255,23.939881910896403,35.339506172839506,26.053408480944714,2.7643585614600106,5.555555555555555,2.7777777777777777,3.569511540526033,
256,24.10762211486849,35.339506172839506,25.905797101449274,2.7643585614600106,5.548845947396672,2.7777777777777777,3.556092324208266,
257,24.44981213097155,35.17176596886742,25.785024154589372,2.7106816961889426,5.548845947396672,2.7777777777777777,3.556092324208266,
258,24.44981213097155,35.17176596886742,25.785024154589372,2.7106816961889426,5.548845947396672,2.7777777777777777,3.556092324208266,
259,24.62426194310252,35.02415458937198,25.771604938271604,2.7106816961889426,5.548845947396672,2.7777777777777777,3.5426731078904994,
260,24.698067632850243,34.99060654857756,25.0805152979066,2.7106816961889426,5.548845947396672,3.4286097691894795,3.5426731078904994,
261,24.812130971551262,34.225711218464845,25.026838432635532,2.7106816961889426,5.548845947396672,3.4286097691894795,4.247181964573269,
262,24.812130971551262,34.13848631239936,25.254965110037574,2.7106816961889426,5.428073000536768,3.408480944712829,4.247181964573269,
263,24.88593666129898,34.13848631239936,25.201288244766506,2.7106816961889426,5.428073000536768,3.408480944712829,4.2270531400966185,
264,25.087224906065487,34.10493827160494,25.107353730542137,2.703972088030059,5.401234567901234,3.408480944712829,4.186795491143317,
265,25.147611379495437,34.084809447128286,25.107353730542137,2.703972088030059,5.367686527106817,3.4017713365539453,4.186795491143317,
266,25.241545893719806,34.084809447128286,25.107353730542137,2.703972088030059,5.3341384863123995,3.3816425120772946,4.146537842190016,
267,25.34219001610306,34.084809447128286,25.006709608158882,2.703972088030059,5.3341384863123995,3.3816425120772946,4.146537842190016,
268,25.37573805689748,34.024422973698336,24.93961352657005,2.7979066022544283,5.3341384863123995,3.3816425120772946,4.146537842190016,
269,25.49651100375738,33.9170692431562,24.92619431025228,2.7979066022544283,5.3341384863123995,3.3816425120772946,4.146537842190016,
270,25.49651100375738,33.9170692431562,24.92619431025228,2.7979066022544283,5.3341384863123995,3.3816425120772946,4.146537842190016,
271,25.83870101986044,33.722490606548575,24.818840579710145,2.7979066022544283,5.3341384863123995,3.3816425120772946,4.106280193236715,
272,26.06682769726248,33.722490606548575,24.644390767579175,2.7979066022544283,5.314009661835748,3.3480944712828773,4.106280193236715,
273,26.10708534621578,33.682232957595275,24.644390767579175,2.7979066022544283,5.314009661835748,3.3480944712828773,4.106280193236715,
274,26.133923778851315,33.682232957595275,24.644390767579175,2.771068169618894,5.314009661835748,3.3480944712828773,4.106280193236715,
275,26.147342995169083,33.682232957595275,24.644390767579175,2.771068169618894,5.314009661835748,3.33467525496511,4.106280193236715,
276,26.20101986044015,33.65539452495974,24.644390767579175,2.7442297369833604,5.314009661835748,3.33467525496511,4.106280193236715,
277,26.25469672571122,33.62855609232421,24.630971551261407,2.7308105206655933,5.314009661835748,3.33467525496511,4.106280193236715,
278,26.34863123993559,33.59500805152979,24.58400429414922,2.7241009125067097,5.307300053676865,3.33467525496511,4.106280193236715,
279,26.38888888888889,33.55475040257649,24.58400429414922,2.7241009125067097,5.307300053676865,3.33467525496511,4.106280193236715,
280,26.38888888888889,33.55475040257649,24.58400429414922,2.7241009125067097,5.307300053676865,3.33467525496511,4.106280193236715,
281,26.46940418679549,33.55475040257649,24.516908212560388,2.7241009125067097,5.293880837359098,3.33467525496511,4.106280193236715,
282,26.744498121309714,33.48765432098765,24.416264090177133,2.7241009125067097,5.293880837359098,3.2541599570585076,4.079441760601181,
283,26.818303811057433,33.44739667203435,24.416264090177133,2.7241009125067097,5.293880837359098,3.2206119162640903,4.079441760601181,
284,26.81159420289855,33.41384863123994,23.805689747718734,2.7241009125067097,5.964841653247451,3.2004830917874396,4.079441760601181,
285,26.878690284487387,33.36688137412775,23.805689747718734,2.7241009125067097,5.964841653247451,3.2004830917874396,4.05931293612453,
286,26.94578636607622,33.32662372517445,23.805689747718734,2.7241009125067097,5.938003220611916,3.2004830917874396,4.05931293612453,
287,27.012882447665056,33.28636607622115,23.778851315083198,2.7241009125067097,5.938003220611916,3.2004830917874396,4.05931293612453,
288,27.053140096618357,33.24610842726785,23.778851315083198,2.7241009125067097,5.938003220611916,3.2004830917874396,4.05931293612453,
289,27.053140096618357,33.24610842726785,23.778851315083198,2.7241009125067097,5.938003220611916,3.2004830917874396,4.05931293612453,
290,27.086688137412775,33.21926999463231,23.778851315083198,2.7241009125067097,5.938003220611916,3.2004830917874396,4.052603327965647,
291,27.113526570048307,33.19243156199678,23.778851315083198,2.7241009125067097,5.938003220611916,3.2004830917874396,4.052603327965647,
292,27.220880300590444,33.15888352120236,23.752012882447666,2.690552871712292,5.938003220611916,3.2004830917874396,4.03918411164788,
293,27.415458937198068,32.991143317230275,23.72517444981213,2.690552871712292,5.938003220611916,3.2004830917874396,4.03918411164788,
294,27.42216854535695,32.88378958668814,23.72517444981213,2.690552871712292,5.938003220611916,3.2004830917874396,4.139828234031133,
295,27.536231884057973,32.23295759527644,23.64465915190553,2.690552871712292,5.938003220611916,3.2004830917874396,4.757112184648417,
296,27.616747181964573,32.21953837895867,23.60440150295223,2.690552871712292,5.924584004294149,3.1870638754696725,4.757112184648417,
297,27.657004830917874,32.18599033816425,23.443370907139023,2.690552871712292,5.904455179817498,3.1870638754696725,4.931561996779388,
298,27.697262479871174,32.1658615136876,23.43666129898014,2.677133655394525,5.904455179817498,3.1870638754696725,4.931561996779388,
299,27.87842190016103,32.01154052603328,23.295759527643586,2.677133655394525,5.904455179817498,3.1870638754696725,5.045625335480408,
300,27.87842190016103,32.01154052603328,23.295759527643586,2.677133655394525,5.904455179817498,3.1870638754696725,5.045625335480408,
301,27.89855072463768,31.99812130971551,23.295759527643586,2.677133655394525,5.904455179817498,3.1870638754696725,5.038915727321524,
302,27.945517981749866,31.97799248523886,23.081052066559312,2.677133655394525,6.099033816425121,3.1870638754696725,5.032206119162641,
303,28.019323671497585,31.97799248523886,23.081052066559312,2.677133655394525,6.025228126677402,3.1870638754696725,5.032206119162641,
304,28.29441760601181,31.790123456790123,23.027375201288244,2.6637144390767578,6.018518518518518,3.1870638754696725,5.018786902844874,
305,28.408480944712828,31.776704240472355,22.933440687063875,2.6637144390767578,6.011808910359635,3.1870638754696725,5.018786902844874,
306,28.415190552871714,31.769994632313473,22.933440687063875,2.6637144390767578,6.011808910359635,3.1870638754696725,5.018786902844874,
307,28.468867418142782,31.769994632313473,22.886473429951693,2.6637144390767578,6.011808910359635,3.1870638754696725,5.01207729468599,
308,28.569511540526033,31.729736983360173,22.873054213633925,2.6435856146001075,5.984970477724101,3.1870638754696725,5.01207729468599,
309,28.5829307568438,31.729736983360173,22.859634997316157,2.6435856146001075,5.984970477724101,3.1870638754696725,5.01207729468599,
310,28.743961352657006,31.662640901771336,22.79253891572732,2.6301663982823404,5.984970477724101,3.1870638754696725,4.998658078368224,
311,28.703703703703702,31.662640901771336,22.852925389157274,2.6301663982823404,5.964841653247451,3.1870638754696725,4.998658078368224,
312,28.75067096081589,31.61567364465915,22.852925389157274,2.6301663982823404,5.964841653247451,3.1870638754696725,4.998658078368224,
313,28.797638217928075,31.582125603864736,22.852925389157274,2.6301663982823404,5.9514224369296835,3.1870638754696725,4.998658078368224,
314,28.864734299516908,31.5150295222759,22.852925389157274,2.6301663982823404,5.9514224369296835,3.1870638754696725,4.998658078368224,
315,28.978797638217927,31.40096618357488,22.852925389157274,2.6301663982823404,5.9514224369296835,3.1870638754696725,4.998658078368224,
316,29.07944176060118,31.32716049382716,22.82608695652174,2.6301663982823404,5.9514224369296835,3.1870638754696725,4.998658078368224,
317,29.25389157273215,31.179549114331724,22.799248523886206,2.6301663982823404,5.9514224369296835,3.1870638754696725,4.998658078368224,
318,29.54911433172303,31.179549114331724,22.50402576489533,2.6301663982823404,5.9514224369296835,3.1870638754696725,4.998658078368224,
319,29.54911433172303,31.179549114331724,22.50402576489533,2.6301663982823404,5.9514224369296835,3.1870638754696725,4.998658078368224,
320,29.64975845410628,31.125872249060656,22.490606548577563,2.5966183574879227,5.9514224369296835,3.1870638754696725,4.998658078368224,
