,45,50,55,54,52,51,53,57,56,58,59,60,61,46,47
0,98.72517444981213,1.2748255501878691,,,,,,,,,,,,,
1,83.9573268921095,16.015834675254965,0.026838432635534086,,,,,,,,,,,,
2,80.35426731078906,19.585346215780998,0.06038647342995169,,,,,,,,,,,,
3,79.02576489533011,20.90042941492217,0.07380568974771873,,,,,,,,,,,,
4,77.84487385936661,22.041062801932366,0.11406333870101985,,,,,,,,,,,,
5,76.4224369296833,23.403113258185723,0.16774020397208803,0.0067096081588835215,,,,,,,,,,,
6,76.10708534621578,23.242082662372518,0.6038647342995169,0.03354804079441761,0.013419216317767043,,,,,,,,,,
7,75.93263553408481,23.315888352120236,0.6776704240472357,0.03354804079441761,0.013419216317767043,0.026838432635534086,,,,,,,,,
8,75.0,24.094202898550726,0.8252818035426731,0.0067096081588835215,0.026838432635534086,0.04696725711218465,,,,,,,,,
9,74.76516371443908,24.27536231884058,0.8722490606548577,0.0067096081588835215,0.026838432635534086,0.05367686527106817,,,,,,,,,
10,74.16800858829845,24.792002147074612,0.9393451422436929,0.0067096081588835215,0.026838432635534086,0.05367686527106817,0.013419216317767043,,,,,,,,
11,68.65271068169619,30.26033279656468,1.0131508319914118,0.0067096081588835215,0.026838432635534086,0.026838432635534086,0.013419216317767043,,,,,,,,
12,67.19001610305958,31.49490069779925,1.2077294685990339,0.0067096081588835215,0.026838432635534086,0.026838432635534086,0.04696725711218465,,,,,,,,
13,66.66666666666667,30.877616747181964,1.221148684916801,0.0067096081588835215,0.013419216317767043,1.1674718196457328,0.04696725711218465,,,,,,,,
14,65.98899624261944,30.19994632313473,1.2412775093934514,0.040257648953301126,1.4090177133655395,1.0735373054213635,0.04696725711218465,,,,,,,,
15,63.687600644122384,33.031400966183575,1.2748255501878691,0.07380568974771873,1.2010198604401503,0.6575415995705851,0.04696725711218465,0.026838432635534086,,,,,,,
16,63.60708534621578,33.01798174986581,1.3419216317767042,0.07380568974771873,1.2010198604401503,0.6843800322061192,0.04696725711218465,0.026838432635534086,,,,,,,
17,62.76167471819646,33.07836822329576,1.3888888888888888,0.10735373054213634,1.2010198604401503,1.3888888888888888,0.04696725711218465,0.026838432635534086,,,,,,,
18,55.77026301663983,39.14385399892646,1.415727321524423,0.0939345142243693,1.2010198604401503,2.15378421900161,0.19457863660762212,0.026838432635534086,,,,,,,
19,27.945517981749866,68.67954911433172,0.6105743424584005,0.03354804079441761,1.1876006441223832,1.482823403113258,0.03354804079441761,0.026838432635534086,,,,,,,
20,27.469135802469136,66.0024154589372,2.200751476113795,0.03354804079441761,1.1741814278046163,3.046162104133119,0.03354804079441761,0.040257648953301126,,,,,,,
21,24.516908212560388,64.7410091250671,3.730542136339238,0.013419216317767043,1.1741814278046163,5.763553408480945,0.020128824476650563,0.040257648953301126,,,,,,,
22,24.54374664519592,52.784487385936664,2.589908749329039,0.013419216317767043,1.1741814278046163,5.763553408480945,13.09044551798175,0.040257648953301126,,,,,,,
23,24.4699409554482,51.898819108964034,2.7979066022544283,0.013419216317767043,1.1473429951690821,5.528717122920021,13.848631239935587,0.06709608158883522,0.0939345142243693,0.05367686527106817,0.05367686527106817,0.026838432635534086,,,
24,24.590713902308106,51.489533011272144,3.140096618357488,0.013419216317767043,1.1741814278046163,5.448201825013419,13.747987117552334,0.06709608158883522,0.0939345142243693,0.08722490606548577,0.12077294685990338,0.026838432635534086,,,
25,24.52361782071927,51.29495437466452,3.2474503488996245,0.013419216317767043,1.1741814278046163,5.434782608695652,13.90901771336554,0.06709608158883522,0.0939345142243693,0.08722490606548577,0.1274825550187869,0.026838432635534086,,,
26,24.530327428878152,51.019860440150296,3.4420289855072466,0.040257648953301126,1.1876006441223832,5.4616210413311865,13.895598497047773,0.06709608158883522,0.10735373054213634,0.08722490606548577,0.13419216317767044,0.026838432635534086,,,
27,24.396135265700483,50.7313472893183,3.6231884057971016,0.08051529790660225,1.1876006441223832,5.649490069779925,13.801663982823403,0.17444981213097155,0.10735373054213634,0.08722490606548577,0.13419216317767044,0.026838432635534086,,,
28,24.168008588298445,47.25577026301664,3.3145464304884595,0.08051529790660225,1.1876006441223832,5.897745571658615,17.55233494363929,0.17444981213097155,0.10735373054213634,0.11406333870101985,0.13419216317767044,0.013419216317767043,,,
29,22.04777241009125,39.62023617820719,3.193773483628556,0.08051529790660225,2.6838432635534084,21.611647879763822,10.138217928073,0.17444981213097155,0.19457863660762212,0.10735373054213634,0.10064412238325282,0.04696725711218465,,,
30,22.074610842726784,39.472624798711756,3.4017713365539453,0.08051529790660225,2.6838432635534084,21.470746108427267,10.165056360708535,0.17444981213097155,0.2214170692431562,0.10735373054213634,0.10064412238325282,0.04696725711218465,,,
31,21.83977455716586,39.31159420289855,3.4688674181427803,0.08051529790660225,4.119699409554482,20.652173913043477,9.943639291465379,0.20799785292538917,0.16774020397208803,0.06038647342995169,0.10064412238325282,0.04696725711218465,,,
32,18.310520665593128,37.62748255501879,3.361513687600644,0.08051529790660225,4.824208266237251,22.832796564680624,9.896672034353195,0.24154589371980675,2.5295222758990876,0.10735373054213634,0.10064412238325282,0.04696725711218465,0.040257648953301126,,
33,17.767042404723565,38.17096081588835,3.8378958668813743,0.08051529790660225,4.824208266237251,22.758990874932906,9.39345142243693,0.24154589371980675,2.522812667740204,0.15432098765432098,0.1274825550187869,0.03354804079441761,0.08722490606548577,,
34,16.968599033816425,39.070048309178745,3.851315083199141,0.08051529790660225,4.783950617283951,22.69189479334407,9.339774557165862,0.27509393451422437,2.536231884057971,0.15432098765432098,0.1274825550187869,0.03354804079441761,0.08722490606548577,,
35,16.99543746645196,38.87546967257112,3.9989264626945786,0.08051529790660225,4.7638217928073,22.65163714439077,10.010735373054214,0.3488996242619431,1.8853998926462694,0.15432098765432098,0.12077294685990338,0.03354804079441761,0.08051529790660225,,
36,16.988727858293075,38.909017713365536,4.025764895330113,0.08051529790660225,4.757112184648417,22.430220075147613,10.010735373054214,0.35560923242082665,2.0531400966183573,0.15432098765432098,0.12077294685990338,0.03354804079441761,0.08051529790660225,,
37,17.163177670424048,38.687600644122384,4.119699409554482,0.08051529790660225,4.757112184648417,22.208803005904453,9.856414385399892,0.49651100375738055,2.15378421900161,0.18115942028985507,0.16774020397208803,0.04696725711218465,0.08051529790660225,,
38,17.05582393988191,38.727858293075684,4.193505099302201,0.08051529790660225,4.757112184648417,22.15512614063339,9.842995169082126,0.5233494363929146,2.187332259796028,0.18115942028985507,0.16774020397208803,0.04696725711218465,0.08051529790660225,,
39,17.028985507246375,37.27187332259796,4.052603327965647,1.7713365539452497,4.777241009125067,22.114868491680085,9.829575952764358,0.49651100375738055,2.1806226516371443,0.18115942028985507,0.16774020397208803,0.04696725711218465,0.08051529790660225,,
40,16.13660762211487,34.09822866344606,4.019055287171229,1.7444981213097155,4.274020397208803,23.18840579710145,13.291733762748256,0.46296296296296297,2.26784755770263,0.19457863660762212,0.19457863660762212,0.04696725711218465,0.08051529790660225,,
41,15.425389157273216,33.071658615136876,4.032474503488996,1.7914653784219001,4.032474503488996,24.402844873859365,13.92914653784219,0.46296296296296297,2.3349436392914655,0.2214170692431562,0.19457863660762212,0.04696725711218465,0.05367686527106817,,
42,15.445517981749866,32.95759527643585,4.1129898013955986,1.7914653784219001,4.032474503488996,24.322329575952764,13.90901771336554,0.46296296296296297,2.4221685453569513,0.24825550187869028,0.19457863660762212,0.04696725711218465,0.05367686527106817,,
43,15.4723564143854,32.52147074610843,3.8915727321524423,2.932098765432099,3.992216854535695,23.718464841653248,13.955984970477724,0.5367686527106817,2.4355877616747184,0.28180354267310787,0.19457863660762212,0.013419216317767043,0.05367686527106817,,
44,15.35829307568438,30.56226516371444,3.6366076221148687,11.171497584541063,4.555823939881911,18.907675791733762,12.446323134728932,0.5434782608695652,2.368491680085883,0.2683843263553409,0.11406333870101985,0.013419216317767043,0.05367686527106817,,
45,15.458937198067632,30.401234567901234,3.683574879227053,11.144659151905529,4.51556629092861,18.780193236714975,12.298711755233494,0.5837359098228664,2.509393451422437,0.3824476650563607,0.17444981213097155,0.013419216317767043,0.05367686527106817,,
46,15.485775630703166,30.334138486312398,3.7037037037037037,11.131239935587761,4.51556629092861,18.719806763285025,12.238325281803542,0.5837359098228664,2.576489533011272,0.4428341384863124,0.20128824476650564,0.013419216317767043,0.05367686527106817,,
47,15.4723564143854,30.307300053676865,3.750670960815888,11.11111111111111,4.488727858293076,18.719806763285025,12.177938808373591,0.6105743424584005,2.61003757380569,0.4428341384863124,0.24154589371980675,0.013419216317767043,0.05367686527106817,,
48,15.566290928609769,29.347826086956523,4.87788513150832,11.057434245840042,4.488727858293076,18.53864734299517,12.057165861513688,0.6105743424584005,2.6435856146001075,0.47638217928073,0.2683843263553409,0.013419216317767043,0.05367686527106817,,
49,15.526033279656469,29.012345679012345,4.783950617283951,10.943370907139023,4.435050993022007,19.142512077294686,12.02361782071927,0.5971551261406334,2.6435856146001075,0.49651100375738055,0.322061191626409,0.020128824476650563,0.05367686527106817,,
50,15.150295222758992,27.79790660225443,4.703435319377348,12.607353730542137,4.455179817498658,19.981213097155127,11.084272678475577,0.5636070853462157,2.690552871712292,0.6172839506172839,0.27509393451422437,0.020128824476650563,0.05367686527106817,,
51,12.620772946859903,26.308373590982285,3.4017713365539453,6.857219538378959,2.6838432635534084,36.66129898013956,9.265968867418144,0.5233494363929146,0.8655394524959742,0.6642512077294686,0.11406333870101985,0.03354804079441761,,,
52,12.74825550187869,26.1808910359635,3.166935050993022,6.535158346752549,4.086151368760064,36.3593666129898,8.749329039184111,0.5434782608695652,0.8521202361782072,0.6575415995705851,0.12077294685990338,,,,
53,12.714707461084272,26.187600644122384,3.2675791733762747,6.501610305958132,4.086151368760064,36.25872249060655,8.53462157809984,0.5568974771873323,1.0735373054213635,0.6977992485238862,0.12077294685990338,,,,
54,12.741545893719806,26.093666129898015,3.4286097691894795,6.501610305958132,4.066022544283414,36.131239935587764,8.480944712828771,0.5837359098228664,1.133923778851315,0.7313472893183038,0.10735373054213634,,,,
55,12.285292538915728,26.019860440150296,3.6366076221148687,6.152710681696189,5.508588298443371,35.61460010735373,8.205850778314547,0.5971551261406334,1.1607622114868492,0.7112184648416533,0.10735373054213634,,,,
56,12.432903918411165,25.248255501878692,3.844605475040258,5.83064949006978,5.280461621041331,35.35292538915727,9.339774557165862,0.644122383252818,1.1876006441223832,0.6977992485238862,0.14090177133655393,,,,
57,12.372517444981213,25.187869028448738,4.072732152442297,5.756843800322061,5.267042404723564,35.29253891572732,9.25925925925926,0.6508319914117016,1.2010198604401503,0.7246376811594203,0.2147074610842727,,,,
58,12.412775093934513,25.07380568974772,4.180085882984434,5.730005367686527,5.253623188405797,35.245571658615134,9.225711218464841,0.7112184648416533,1.1876006441223832,0.7648953301127214,0.2147074610842727,,,,
59,12.453032742887816,25.033548040794418,4.206924315619967,5.723295759527644,5.253623188405797,35.138217928073,9.265968867418144,0.7112184648416533,1.221148684916801,0.7648953301127214,0.2281266774020397,,,,
60,12.338969404186795,24.986580783682232,4.314278046162104,5.6964573268921095,5.24020397208803,35.037573805689746,9.433709071390231,0.7313472893183038,1.221148684916801,0.7716049382716049,0.2281266774020397,,,,
61,12.412775093934513,24.92619431025228,4.441760601180891,5.703166935050993,5.24020397208803,34.75577026301664,9.420289855072463,0.7313472893183038,1.3553408480944713,0.785024154589372,0.2281266774020397,,,,
62,12.52012882447665,24.771873322597962,4.562533548040794,5.730005367686527,5.186527106816962,34.66854535695116,9.447128287707997,0.7648953301127214,1.3553408480944713,0.785024154589372,0.20799785292538917,,,,
63,12.587224906065487,24.56387546967257,4.74369296833065,5.743424584004294,5.179817498658078,34.5276435856146,9.473966720343531,0.7648953301127214,1.402308105206656,0.785024154589372,0.2281266774020397,,,,
64,12.627482555018787,24.490069779924852,4.8443370907139025,5.723295759527644,5.193236714975845,34.38674181427805,9.46725711218465,0.8051529790660226,1.4492753623188406,0.785024154589372,0.2281266774020397,,,,
65,12.654320987654321,24.456521739130434,4.978529253891573,5.730005367686527,5.193236714975845,34.272678475577024,9.46725711218465,0.8051529790660226,1.4358561460010735,0.7783145464304885,0.2281266774020397,,,,
66,12.640901771336553,24.114331723027377,5.260332796564681,5.709876543209877,5.193236714975845,34.33977455716586,9.494095544820183,0.8051529790660226,1.4358561460010735,0.7783145464304885,0.2281266774020397,,,,
67,12.661030595813205,24.14117015566291,5.267042404723564,5.689747718733226,5.193236714975845,34.252549651100374,9.520933977455716,0.8319914117015567,1.4358561460010735,0.7783145464304885,0.2281266774020397,,,,
68,12.614063338701019,24.10091250670961,5.3274288781535155,6.045356951154052,5.166398282340311,34.0378421900161,9.386741814278047,0.8923778851315083,1.4626945786366077,0.7380568974771873,0.2281266774020397,,,,
69,12.580515297906603,24.12104133118626,5.3341384863123995,6.072195383789587,5.166398282340311,34.024422973698336,9.359903381642512,0.9259259259259259,1.4626945786366077,0.7246376811594203,0.2281266774020397,,,,
70,12.68786902844874,24.053945249597422,5.441492216854535,6.072195383789587,5.166398282340311,33.85668276972625,9.339774557165862,0.95276435856146,1.4626945786366077,0.6977992485238862,0.2683843263553409,,,,
71,12.72812667740204,23.72517444981213,5.750134192163178,6.0587761674718195,5.166398282340311,33.782877079978526,9.339774557165862,0.95276435856146,1.5029522275899088,0.6977992485238862,0.2952227589908749,,,,
72,12.654320987654321,23.53059581320451,5.844068706387547,6.045356951154052,5.152979066022544,33.95061728395062,9.23913043478261,0.95276435856146,1.556629092860977,0.7783145464304885,0.2952227589908749,,,,
73,12.68786902844874,23.503757380568974,5.991680085882985,6.072195383789587,5.152979066022544,33.782877079978526,9.198872785829307,0.966183574879227,1.5432098765432098,0.7783145464304885,0.322061191626409,,,,
74,12.734836285560924,23.349436392914654,8.219269994632313,5.850778314546431,5.146269457863661,31.82367149758454,9.158615136876007,0.9796027911969941,1.6438539989264627,0.7783145464304885,0.3153515834675255,,,,
75,12.493290391841116,23.637949543746647,8.199141170155663,5.877616747181965,5.132850241545894,31.736446591519055,9.158615136876007,0.9997316156736447,1.6706924315619969,0.7783145464304885,0.3153515834675255,,,,
76,12.526838432635534,23.564143853998928,8.293075684380032,5.904455179817498,5.159688674181428,31.629092860976918,9.172034353193773,0.9997316156736447,1.6371443907675791,0.798443370907139,0.3153515834675255,,,,
77,12.560386473429952,23.49033816425121,8.514492753623188,5.911164787976382,5.159688674181428,31.414385399892645,9.158615136876007,0.9997316156736447,1.6103059581320451,0.798443370907139,0.35560923242082665,,0.026838432635534086,,
78,12.573805689747719,23.450080515297905,8.601717659688674,5.891035963499732,5.146269457863661,31.17283950617284,9.27938808373591,1.0265700483091786,1.6237251744498122,0.8521202361782072,0.35560923242082665,,0.026838432635534086,,
79,12.681159420289855,23.295759527643586,9.608158883521202,5.998389694041868,5.146269457863661,30.132850241545892,9.185453569511541,1.0265700483091786,1.6774020397208802,0.8521202361782072,0.36902844873859364,,0.026838432635534086,,
80,12.915995705850777,23.087761674718198,10.198604401502953,5.9447128287707995,5.146269457863661,29.542404723564143,9.091519055287172,1.107085346215781,1.6438539989264627,0.8856682769726248,0.4092860976918948,,0.026838432635534086,,
81,12.969672571121846,23.07434245840043,10.205314009661835,5.9447128287707995,5.132850241545894,29.468599033816425,9.05126140633387,1.107085346215781,1.6572732152442298,0.8856682769726248,0.4227053140096618,,0.08051529790660225,,
82,12.989801395598498,22.906602254428343,10.453569511540525,5.9447128287707995,5.199946323134729,29.274020397208805,9.05126140633387,1.107085346215781,1.724369296833065,0.8454106280193237,0.4227053140096618,,0.08051529790660225,,
83,12.962962962962964,22.81266774020397,10.587761674718196,6.031937734836285,5.199946323134729,29.126409017713364,9.03113258185722,1.1607622114868492,1.724369296833065,0.8588298443370908,0.4227053140096618,,0.08051529790660225,,
84,12.5402576489533,22.665056360708533,10.59447128287708,6.011808910359635,6.0654857756307035,28.837895866881375,8.964036500268385,1.1406333870101986,1.7579173376274826,0.9057971014492754,0.43612453032742887,,0.08051529790660225,,
85,12.620772946859903,22.497316156736446,10.581052066559312,6.085614600107354,6.018518518518518,28.6231884057971,9.219001610305957,1.1876006441223832,1.737788513150832,0.8923778851315083,0.4562533548040794,,0.08051529790660225,,
86,12.627482555018787,22.463768115942027,10.93666129898014,6.038647342995169,5.750134192163178,28.5829307568438,9.252549651100376,1.1607622114868492,1.7646269457863661,0.8923778851315083,0.4495437466451959,,0.08051529790660225,,
87,12.701288244766506,22.436929683306495,10.86285560923242,6.038647342995169,5.776972624798712,28.529253891572733,9.272678475577026,1.1607622114868492,1.7981749865807837,0.8923778851315083,0.4495437466451959,,0.08051529790660225,,
88,12.580515297906603,21.712292002147073,10.84272678475577,6.025228126677402,6.843800322061192,28.44873859366613,9.098228663446054,1.1674718196457328,1.7981749865807837,0.8923778851315083,0.5099302200751477,,0.08051529790660225,,
89,12.426194310252281,21.430488459473967,10.782340311325818,5.978260869565218,6.286902844873859,28.556092324208265,10.272410091250672,0.966183574879227,1.8518518518518519,0.8454106280193237,0.5233494363929146,,0.08051529790660225,,
90,12.453032742887816,20.813204508856682,10.856146001073537,5.958132045088567,7.118894256575416,28.267579173376276,10.258990874932904,0.9728931830381106,1.8518518518518519,0.8454106280193237,0.5233494363929146,,0.08051529790660225,,
91,12.52012882447665,20.725979602791195,10.95679012345679,5.971551261406334,7.105475040257649,28.14680622651637,10.258990874932904,0.9863123993558777,1.8786902844873858,0.8454106280193237,0.5233494363929146,,0.08051529790660225,,
92,12.513419216317766,20.571658615136876,10.970209339774557,6.266774020397209,7.132313472893183,28.093129361245303,10.178475577026301,0.9728931830381106,1.865271068169619,0.8454106280193237,0.5099302200751477,,0.08051529790660225,,
93,12.224906065485776,20.377079978529252,10.836017176596886,5.884326355340848,7.085346215780999,31.15271068169619,8.21256038647343,0.9460547504025765,1.8853998926462694,0.7514761137949544,0.5636070853462157,,0.08051529790660225,,
94,12.285292538915728,20.35024154589372,10.889694041867955,5.917874396135265,7.0450885668276975,30.96484165324745,8.225979602791197,0.9796027911969941,1.9592055823939882,0.7380568974771873,0.5636070853462157,,0.08051529790660225,,
95,12.298711755233494,20.356951154052602,11.097691894793345,5.931293612453032,7.018250134192163,30.71658615136876,8.232689210950081,0.9796027911969941,1.9592055823939882,0.7648953301127214,0.5636070853462157,,0.08051529790660225,,
96,12.218196457326892,20.034889962426195,11.43317230273752,5.9447128287707995,8.588298443370908,29.314278046162105,8.199141170155663,1.0064412238325282,1.8183038110574343,0.7917337627482555,0.5703166935050993,,0.08051529790660225,,
97,12.198067632850242,20.014761137949545,11.372785829307569,5.978260869565218,8.581588835212024,29.280730005367687,8.21256038647343,1.0064412238325282,1.8585614600107354,0.7917337627482555,0.6038647342995169,,0.10064412238325282,,
98,12.258454106280194,20.014761137949545,11.3191089640365,5.924584004294149,8.581588835212024,29.22705314009662,8.21256038647343,1.0064412238325282,1.8786902844873858,0.8387010198604401,0.6038647342995169,,0.13419216317767044,,
99,12.218196457326892,20.00805152979066,11.292270531400966,5.958132045088567,8.447396672034353,29.17337627482555,8.199141170155663,1.2815351583467525,1.8585614600107354,0.8051529790660226,0.6038647342995169,,0.15432098765432098,,
100,12.016908212560386,19.545088566827697,11.3593666129898,5.978260869565218,8.393719806763285,29.898013955984972,8.13875469672571,1.261406333870102,1.8585614600107354,0.8185721953837896,0.5770263016639828,,0.15432098765432098,,
101,12.117552334943639,19.45115405260333,11.43317230273752,6.052066559312936,8.36688137412775,29.74369296833065,8.085077831454644,1.261406333870102,1.9390767579173376,0.8185721953837896,0.5770263016639828,,0.15432098765432098,,
102,12.184648416532475,19.196188942565755,11.392914653784219,6.072195383789587,8.59500805152979,29.656468062265162,8.125335480407944,1.2345679012345678,1.9390767579173376,0.8454106280193237,0.6038647342995169,,0.15432098765432098,,
103,12.110842726784755,18.80703166935051,11.862587224906065,6.072195383789587,8.57487922705314,29.59608158883521,8.125335480407944,1.2949543746645196,1.9122383252818036,0.8454106280193237,0.644122383252818,,0.15432098765432098,,
104,11.808910359634996,18.625872249060656,12.298711755233494,6.0587761674718195,8.172302737520129,29.421631776704242,9.27938808373591,1.2010198604401503,1.7579173376274826,0.5904455179817498,0.630703166935051,,0.15432098765432098,,
105,11.949812130971551,18.612453032742888,12.211486849168008,6.0587761674718195,8.145464304884594,29.361245303274288,9.326355340848094,1.2278582930756843,1.724369296833065,0.5904455179817498,0.630703166935051,,0.1610305958132045,,
106,11.956521739130435,17.58588298443371,12.070585077831455,5.924584004294149,8.071658615136876,30.703166935050994,9.265968867418144,1.2345679012345678,1.7713365539452497,0.6239935587761675,0.630703166935051,,0.1610305958132045,,
107,11.996779388083736,17.465110037573805,13.264895330112722,5.904455179817498,8.011272141706923,29.502147074610843,9.460547504025765,1.2278582930756843,1.7713365539452497,0.6239935587761675,0.6038647342995169,,0.16774020397208803,,
108,12.057165861513688,17.444981213097154,13.144122383252817,5.9447128287707995,7.991143317230274,29.394793344068706,9.494095544820183,1.2278582930756843,1.90552871712292,0.6239935587761675,0.5770263016639828,0.040257648953301126,0.15432098765432098,,
109,12.13768115942029,17.364465915190554,13.197799248523886,5.857487922705314,7.98443370907139,29.300858829844337,9.520933977455716,1.2278582930756843,1.8786902844873858,0.7581857219538379,0.5636070853462157,0.040257648953301126,0.16774020397208803,,
110,12.077294685990339,16.894793344068706,13.043478260869565,5.589103596349974,7.971014492753623,28.985507246376812,10.88298443370907,1.2278582930756843,1.865271068169619,0.7581857219538379,0.5233494363929146,0.040257648953301126,0.14090177133655393,,
111,12.110842726784755,16.894793344068706,13.123993558776167,5.642780461621041,8.004562533548041,28.817767042404725,10.84272678475577,1.2144390767579174,1.9122383252818036,0.7514761137949544,0.5032206119162641,0.040257648953301126,0.14090177133655393,,
112,12.110842726784755,16.914922168545356,13.144122383252817,5.5756843800322065,8.031400966183575,28.723832528180353,10.829307568438002,1.1876006441223832,1.9390767579173376,0.7514761137949544,0.6105743424584005,0.040257648953301126,0.14090177133655393,,
113,12.245034889962426,16.659957058507782,13.352120236178207,5.542136339237788,7.977724100912507,28.5829307568438,10.84272678475577,1.2010198604401503,1.9927536231884058,0.7514761137949544,0.644122383252818,0.06709608158883522,0.14090177133655393,,
114,12.258454106280194,16.646537842190018,13.305152979066023,5.555555555555555,8.011272141706923,28.509125067096083,10.815888352120236,1.1741814278046163,2.01959205582394,0.7716049382716049,0.6642512077294686,0.06709608158883522,0.20128824476650564,,
115,12.25174449812131,16.59957058507783,13.231347289318304,5.542136339237788,8.13875469672571,28.395061728395063,10.896403650026839,1.1741814278046163,2.0665593129361244,0.7716049382716049,0.6642512077294686,0.06709608158883522,0.20128824476650564,,
116,12.338969404186795,16.532474503488995,13.278314546430488,5.629361245303274,8.13875469672571,28.307836822329577,10.88298443370907,1.1741814278046163,2.0128824476650564,0.7716049382716049,0.6642512077294686,0.06709608158883522,0.20128824476650564,,
117,12.513419216317766,16.51905528717123,13.58695652173913,5.649490069779925,8.07836822329576,27.885131508319915,10.836017176596886,1.2077294685990339,1.9994632313472893,0.8051529790660226,0.6508319914117016,0.06709608158883522,0.20128824476650564,,
118,12.466451959205582,16.458668813741276,13.694310252281268,5.676328502415459,8.004562533548041,27.865002683843265,10.856146001073537,1.2815351583467525,1.9994632313472893,0.8051529790660226,0.6239935587761675,0.06709608158883522,0.20128824476650564,,
119,12.466451959205582,16.337895866881375,12.835480407944177,7.306763285024155,8.004562533548041,27.093397745571657,10.849436392914654,1.2546967257112185,2.0397208803005906,0.8051529790660226,0.7313472893183038,0.08051529790660225,0.19457863660762212,,
120,12.486580783682234,16.337895866881375,12.815351583467525,7.313472893183038,7.957595276435856,27.01959205582394,10.84272678475577,1.288244766505636,2.0665593129361244,0.8387010198604401,0.7313472893183038,0.08051529790660225,0.2214170692431562,,
121,12.352388620504563,16.485507246376812,12.828770799785293,7.313472893183038,7.957595276435856,26.979334406870638,10.809178743961352,1.288244766505636,2.0933977455716586,0.8588298443370908,0.7313472893183038,0.08051529790660225,0.2214170692431562,,
122,12.016908212560386,15.163714439076758,12.560386473429952,8.28636607622115,7.266505636070853,28.67686527106817,10.815888352120236,1.3486312399355878,1.9860440150295222,0.8588298443370908,0.7179280730005367,0.08051529790660225,0.2214170692431562,,
123,12.151100375738057,15.157004830917874,12.526838432635534,8.28636607622115,7.266505636070853,28.609769189479334,10.789049919484702,1.3352120236178207,1.9927536231884058,0.8789586688137413,0.7179280730005367,0.08051529790660225,0.20799785292538917,,
124,12.02361782071927,14.821524422973699,13.620504562533547,8.789586688137414,7.232957595276436,27.643585614600106,10.721953837895867,1.3352120236178207,1.7444981213097155,0.8856682769726248,0.7581857219538379,0.20799785292538917,0.2147074610842727,,
125,9.742351046698873,19.585346215780998,13.419216317767042,8.702361782071927,6.273483628556092,27.03972088030059,10.0979602791197,1.3352120236178207,1.7176596886741815,0.8856682769726248,0.7514761137949544,0.23483628556092323,0.2147074610842727,,
126,9.73564143853999,19.504830917874397,13.419216317767042,8.648684916800859,6.273483628556092,27.63016639828234,9.621578099838969,1.3352120236178207,1.6908212560386473,0.9125067096081588,0.7783145464304885,0.23483628556092323,0.2147074610842727,,
127,9.762479871175524,19.410896403650028,13.419216317767042,8.55475040257649,6.206387546967257,27.576489533011273,9.695383789586689,1.3754696725711217,1.7444981213097155,0.9796027911969941,0.8118625872249061,0.24825550187869028,0.2147074610842727,,
128,8.487654320987655,17.07595276435856,12.278582930756844,7.977724100912507,4.247181964573269,35.33279656468062,9.54777241009125,1.1003757380568975,1.6908212560386473,1.0332796564680622,0.7783145464304885,0.23483628556092323,0.2147074610842727,,
129,8.433977455716587,16.25067096081589,12.573805689747719,8.031400966183575,5.226784755770263,35.06441223832528,9.326355340848094,1.1003757380568975,1.7444981213097155,0.9997316156736447,0.7783145464304885,0.2549651100375738,0.2147074610842727,,
130,8.507783145464305,16.23725174449812,12.486580783682234,8.031400966183575,5.22007514761138,34.816156736446594,9.286097691894794,1.1003757380568975,1.9659151905528718,1.0332796564680622,0.8118625872249061,0.2549651100375738,0.24825550187869028,,
131,8.561460010735374,16.17686527106817,12.493290391841116,8.085077831454644,5.22007514761138,34.715512614063336,9.31964573268921,1.107085346215781,1.9726247987117553,1.0332796564680622,0.8118625872249061,0.2549651100375738,0.24825550187869028,,
132,8.548040794417606,16.11647879763822,12.432903918411165,9.561191626409018,4.622920021470746,33.81642512077295,9.27938808373591,1.093666129898014,2.1269457863660763,1.0332796564680622,0.8454106280193237,0.2549651100375738,0.2683843263553409,,
133,8.581588835212024,16.109769189479334,12.453032742887816,9.514224369296834,4.616210413311863,33.74932903918411,9.312936124530328,1.1003757380568975,2.13365539452496,1.0601180891035964,0.8319914117015567,0.2549651100375738,0.28180354267310787,,
134,8.641975308641975,16.009125067096083,12.345679012345679,9.668545356951155,4.582662372517445,33.675523349436396,9.29951690821256,1.093666129898014,2.254428341384863,1.0601180891035964,0.8319914117015567,0.2549651100375738,0.28180354267310787,,
135,8.76274825550188,15.96886741814278,12.325550187869029,9.688674181427805,4.555823939881911,33.541331186258724,9.339774557165862,1.107085346215781,2.26784755770263,1.0601180891035964,0.8319914117015567,0.2683843263553409,0.28180354267310787,,
136,8.816425120772946,15.92860976918948,12.27187332259796,9.749060654857756,4.555823939881911,33.44068706387547,9.27938808373591,1.2345679012345678,2.2410091250670963,1.0869565217391304,0.8454106280193237,0.2683843263553409,0.28180354267310787,,
137,8.910359634997317,15.895061728395062,12.238325281803542,9.728931830381105,4.582662372517445,33.373590982286636,9.312936124530328,1.2345679012345678,2.200751476113795,1.0869565217391304,0.8655394524959742,0.2885131508319914,0.28180354267310787,,
138,8.984165324745035,15.874932903918411,12.27187332259796,9.728931830381105,4.602791196994096,33.2259796027912,9.27938808373591,1.2345679012345678,2.3215244229736984,1.0399892646269457,0.8655394524959742,0.2885131508319914,0.28180354267310787,,
139,9.024422973698336,15.861513687600644,12.318840579710145,9.977187332259795,4.62962962962963,33.071658615136876,9.057971014492754,1.2345679012345678,2.38191089640365,1.06682769726248,0.8252818035426731,0.2885131508319914,0.2616747181964573,,
140,9.118357487922705,15.794417606011809,12.204777241009126,9.702093397745571,4.958400429414922,33.01798174986581,9.004294149221685,1.2345679012345678,2.4355877616747184,1.06682769726248,0.8923778851315083,0.30864197530864196,0.2616747181964573,,
141,9.078099838969404,15.640096618357488,12.5,9.581320450885668,5.71658615136876,32.71604938271605,8.59500805152979,1.1674718196457328,2.49597423510467,1.0869565217391304,0.8521202361782072,0.30864197530864196,0.2616747181964573,,
142,8.943907675791733,15.613258185721953,12.245034889962426,8.702361782071927,5.676328502415459,33.071658615136876,9.762479871175524,1.107085346215781,2.368491680085883,1.0869565217391304,0.8521202361782072,0.30864197530864196,0.2616747181964573,,
143,9.064680622651638,15.4723564143854,12.164519592055823,9.024422973698336,5.676328502415459,32.8569511540526,9.73564143853999,1.093666129898014,2.395330112721417,1.0735373054213635,0.8387010198604401,0.30864197530864196,0.2952227589908749,,
144,9.057971014492754,15.458937198067632,12.070585077831455,9.03113258185722,6.709608158883521,31.99141170155663,9.681964573268921,1.1205045625335481,2.3550724637681157,1.06682769726248,0.8521202361782072,0.30864197530864196,0.2952227589908749,,
145,9.01100375738057,15.445517981749866,12.097423510466989,9.057971014492754,6.716317767042405,31.716317767042405,9.749060654857756,1.133923778851315,2.5496511003757383,1.0534084809447128,0.8655394524959742,0.30864197530864196,0.2952227589908749,,
146,8.61513687600644,14.217659688674182,11.117820719269995,7.742887815351583,12.392646269457863,31.226516371443907,9.01100375738057,1.1205045625335481,2.4020397208803006,0.8722490606548577,0.6843800322061192,0.322061191626409,0.27509393451422437,,
147,8.756038647342995,14.197530864197532,11.131239935587761,7.716049382716049,12.352388620504563,31.17283950617284,8.984165324745035,1.1473429951690821,2.4020397208803006,0.8722490606548577,0.6977992485238862,0.30864197530864196,0.2616747181964573,,
148,8.722490606548577,14.17740203972088,11.305689747718732,7.709339774557166,12.318840579710145,30.96484165324745,8.970746108427267,1.1741814278046163,2.462426194310252,0.8923778851315083,0.6977992485238862,0.3421900161030596,0.2616747181964573,,
149,8.749329039184111,14.11701556629093,11.191626409017713,8.621846484165324,11.788781535158346,30.770263016639827,8.943907675791733,1.1674718196457328,2.4355877616747184,0.8923778851315083,0.6977992485238862,0.36231884057971014,0.2616747181964573,,
150,8.917069243156199,12.667740203972087,11.131239935587761,8.61513687600644,11.77536231884058,32.18599033816425,8.910359634997317,1.2077294685990339,2.3752012882447664,0.8655394524959742,0.7246376811594203,0.36231884057971014,0.2616747181964573,,
151,8.984165324745035,12.567096081588835,11.084272678475577,8.648684916800859,11.75523349436393,32.118894256575416,8.977455716586151,1.2949543746645196,2.4355877616747184,0.7716049382716049,0.7380568974771873,0.36231884057971014,0.2616747181964573,,
152,9.037842190016104,12.553676865271068,11.124530327428879,8.527911969940956,11.721685453569512,31.984702093397747,8.957326892109501,1.3352120236178207,2.4490069779924855,0.785024154589372,0.6977992485238862,0.5636070853462157,0.2616747181964573,,
153,9.024422973698336,11.808910359634996,10.950080515297907,8.655394524959743,12.775093934514224,31.561996779388085,8.964036500268385,1.3352120236178207,2.5831991411701556,0.785024154589372,0.7313472893183038,0.5636070853462157,0.2616747181964573,,
154,9.151905528717123,11.741814278046162,11.084272678475577,9.688674181427805,12.600644122383253,30.589103596349972,8.923778851315083,1.3955984970477724,2.4557165861513686,0.8387010198604401,0.7246376811594203,0.5434782608695652,0.2616747181964573,,
155,9.178743961352657,11.714975845410628,11.218464841653248,9.883252818035427,12.573805689747719,30.50858829844337,8.507783145464305,1.3955984970477724,2.563070316693505,0.9326355340848095,0.7179280730005367,0.5434782608695652,0.2616747181964573,,
156,9.252549651100376,11.688137412775093,11.20504562533548,9.876543209876543,12.553676865271068,30.327428878153516,8.53462157809984,1.42914653784219,2.7308105206655933,0.9125067096081588,0.7447665056360708,0.5166398282340311,0.2281266774020397,,
157,9.212292002147075,11.399624261943103,10.970209339774557,9.883252818035427,12.419484702093397,29.71014492753623,9.876543209876543,1.4559849704777241,2.7308105206655933,0.8051529790660226,0.7783145464304885,0.5166398282340311,0.24154589371980675,,
158,9.306226516371444,11.305689747718732,11.11111111111111,9.836285560923242,12.352388620504563,29.60950080515298,9.802737520128824,1.4962426194310252,2.791196994095545,0.8051529790660226,0.8252818035426731,0.5166398282340311,0.24154589371980675,,
159,9.386741814278047,11.292270531400966,11.124530327428879,9.836285560923242,12.332259796027913,29.421631776704242,9.75577026301664,1.5096618357487923,2.8515834675254963,0.8051529790660226,0.8722490606548577,0.5501878690284487,0.2616747181964573,,
160,9.473966720343531,11.2788513150832,11.144659151905529,9.829575952764358,12.23161567364466,29.367954911433173,9.71551261406334,1.5499194847020934,2.898550724637681,0.8252818035426731,0.8722490606548577,0.5501878690284487,0.2616747181964573,,
161,9.541062801932368,11.238593666129898,11.245303274288782,9.98389694041868,12.198067632850242,29.2337627482555,9.594739667203436,1.5499194847020934,2.9253891572732154,0.8319914117015567,0.8722490606548577,0.5233494363929146,0.2616747181964573,,
162,9.39345142243693,11.56736446591519,11.158078368223295,10.010735373054214,12.157809983896941,29.200214707461082,9.534353193773484,1.5767579173376274,2.9052603327965647,0.8454106280193237,0.8923778851315083,0.5233494363929146,0.23483628556092323,,
163,9.480676328502415,11.466720343531938,11.372785829307569,9.990606548577563,12.130971551261407,29.012345679012345,9.386741814278047,1.5633387010198605,3.099838969404187,0.8588298443370908,0.8923778851315083,0.5099302200751477,0.23483628556092323,,
164,9.514224369296834,11.366076221148685,11.3191089640365,10.00402576489533,13.493022007514762,28.858024691358025,8.219269994632313,1.583467525496511,3.193773483628556,0.8588298443370908,0.8454106280193237,0.5099302200751477,0.23483628556092323,,
165,9.574610842726784,11.3191089640365,11.3191089640365,10.00402576489533,13.519860440150294,28.858024691358025,8.232689210950081,1.583467525496511,3.140096618357488,0.8521202361782072,0.8185721953837896,0.5434782608695652,0.23483628556092323,,
166,9.675254965110037,11.238593666129898,11.406333870101985,9.916800858829845,13.499731615673644,28.710413311862588,8.266237251744498,1.5499194847020934,3.1535158346752548,0.9863123993558777,0.8185721953837896,0.5434782608695652,0.23483628556092323,,
167,9.71551261406334,11.198336017176597,11.372785829307569,9.98389694041868,13.446054750402576,28.522544283413847,8.252818035426731,1.6103059581320451,3.321256038647343,0.9863123993558777,0.7917337627482555,0.5434782608695652,0.2549651100375738,,
168,9.722222222222221,11.198336017176597,11.41304347826087,9.997316156736447,13.47289318303811,28.475577026301664,8.199141170155663,1.5767579173376274,3.3480944712828773,0.9863123993558777,0.8118625872249061,0.5434782608695652,0.2549651100375738,,
169,9.722222222222221,11.07085346215781,10.876274825550189,11.56736446591519,13.372249060654857,27.697262479871174,8.179012345679013,1.6170155662909287,3.3816425120772946,0.9863123993558777,0.8118625872249061,0.5300590445517982,0.1878690284487386,,
170,9.742351046698873,11.044015029522276,10.815888352120236,11.990069779924852,13.157541599570585,27.61003757380569,8.051529790660226,1.5901771336553945,3.4017713365539453,0.9930220075147611,0.798443370907139,0.6172839506172839,0.1878690284487386,,
171,9.769189479334408,11.010466988727858,10.84272678475577,12.02361782071927,13.144122383252817,27.583199141170155,8.064949006977992,1.6035963499731616,3.361513687600644,0.9930220075147611,0.798443370907139,0.6172839506172839,0.1878690284487386,,
172,9.73564143853999,10.997047772410092,10.869565217391305,12.084004294149223,13.157541599570585,27.556360708534623,8.05823939881911,1.6170155662909287,3.3279656468062266,0.9930220075147611,0.785024154589372,0.630703166935051,0.1878690284487386,,
173,9.769189479334408,10.997047772410092,10.836017176596886,12.104133118625873,13.123993558776167,27.482555018786904,8.024691358024691,1.6438539989264627,3.3682232957595275,1.0198604401502953,0.785024154589372,0.6575415995705851,0.1878690284487386,,
174,9.762479871175524,10.990338164251208,11.010466988727858,12.151100375738057,13.110574342458401,27.469135802469136,7.971014492753623,1.6304347826086956,3.3480944712828773,0.9930220075147611,0.7447665056360708,0.630703166935051,0.1878690284487386,,
175,9.91009125067096,10.916532474503489,11.017176596886742,12.151100375738057,13.009930220075148,27.388620504562535,7.950885668276973,1.6706924315619969,3.4017713365539453,0.9863123993558777,0.7783145464304885,0.630703166935051,0.1878690284487386,,
176,9.883252818035427,10.789049919484702,11.178207192699947,12.157809983896941,12.949543746645196,27.24771873322598,7.96430488459474,1.8585614600107354,3.388352120236178,0.9863123993558777,0.798443370907139,0.6105743424584005,0.1878690284487386,,
177,9.802737520128824,10.681696188942565,10.795759527643586,11.822329575952764,12.338969404186795,29.066022544283413,7.830112721417069,1.8250134192163177,3.294417606011809,0.9930220075147611,0.7447665056360708,0.6105743424584005,0.19457863660762212,,
