,45,50,55,51,53,56,52,57,54,58,59
0,95.92055823939882,4.079441760601181,,,,,,,,,
1,81.21980676328502,18.746645195920557,0.03354804079441761,,,,,,,,
2,68.94793344068707,31.052066559312937,,,,,,,,,
3,68.6862587224906,31.313741277509394,,,,,,,,,
4,60.560923242082666,39.23778851315083,0.20128824476650564,,,,,,,,
5,60.849436392914654,38.91572732152442,0.23483628556092323,,,,,,,,
6,59.46725711218465,40.25764895330113,0.27509393451422437,,,,,,,,
7,59.15190552871712,37.63419216317767,0.2952227589908749,2.918679549114332,,,,,,,
8,58.742619431025226,36.808910359635,0.35560923242082665,3.435319377348363,0.6038647342995169,0.05367686527106817,,,,,
9,58.19243156199678,34.93022007514761,0.4092860976918948,2.2946859903381642,0.33548040794417605,0.026838432635534086,3.7775093934514223,0.03354804079441761,,,
10,45.34353193773484,48.2085346215781,0.28180354267310787,1.6975308641975309,,0.026838432635534086,4.441760601180891,,,,
11,38.36553945249597,54.98523886205046,0.4562533548040794,1.6975308641975309,,0.026838432635534086,4.468599033816425,,,,
12,38.38566827697262,52.95222758990875,0.6977992485238862,3.4688674181427803,,0.10064412238325282,4.394793344068707,,,,
13,36.08427267847558,55.2133655394525,0.7380568974771873,3.4688674181427803,,0.10064412238325282,4.394793344068707,,,,
14,36.36607622114869,52.683843263553406,0.6575415995705851,3.4621578099838968,,0.10064412238325282,4.3545356951154055,,2.3752012882447664,,
15,36.46672034353194,52.65029522275899,0.630703166935051,3.4621578099838968,,0.10064412238325282,4.300858829844337,0.026838432635534086,2.3617820719269993,,
16,35.88298443370907,53.24074074074074,0.630703166935051,3.4621578099838968,,0.10064412238325282,4.300858829844337,0.026838432635534086,2.3550724637681157,,
17,29.602791196994094,59.044551798174986,0.785024154589372,3.374932903918411,0.23483628556092323,0.10064412238325282,4.26731078904992,0.026838432635534086,2.563070316693505,,
18,29.824208266237253,58.74932903918411,0.8588298443370908,3.388352120236178,0.23483628556092323,0.13419216317767044,4.186795491143317,0.026838432635534086,2.5966183574879227,,
19,30.119431025228128,58.49436392914654,0.8588298443370908,3.361513687600644,0.23483628556092323,0.1610305958132045,4.146537842190016,0.026838432635534086,2.5966183574879227,,
20,30.307300053676865,58.21926999463231,0.9125067096081588,3.361513687600644,0.23483628556092323,0.1610305958132045,4.186795491143317,0.026838432635534086,2.589908749329039,,
21,30.173107890499196,56.454643048845945,0.95276435856146,5.132850241545894,0.23483628556092323,0.2549651100375738,4.186795491143317,0.026838432635534086,2.5831991411701556,,
22,29.1532474503489,54.549114331723025,1.247987117552335,7.628824476650563,0.23483628556092323,0.6776704240472357,3.911701556629093,0.013419216317767043,2.5831991411701556,,
23,28.92512077294686,54.2337627482555,1.3955984970477724,7.997852925389157,0.24825550187869028,0.6776704240472357,3.911701556629093,0.013419216317767043,2.5966183574879227,,
24,28.81105743424584,52.81803542673108,2.9790660225442833,7.971014492753623,0.24825550187869028,0.6776704240472357,3.898282340311326,0.013419216317767043,2.5831991411701556,,
25,25.966183574879228,48.74530327428878,3.2004830917874396,11.030595813204508,3.92512077294686,0.7112184648416533,3.8378958668813743,0.013419216317767043,2.5697799248523885,,
26,25.543478260869566,49.000268384326354,3.2206119162640903,10.976918947933441,4.025764895330113,0.7112184648416533,3.81105743424584,0.013419216317767043,2.6972624798711755,,
27,25.93263553408481,48.8191089640365,3.1870638754696725,10.869565217391305,4.005636070853462,0.7112184648416533,3.784219001610306,0.013419216317767043,2.677133655394525,,
28,23.201825013419217,52.13365539452496,3.1736446591519054,9.789318303811058,3.7909286097691894,0.7112184648416533,4.4820182501341925,0.05367686527106817,2.6637144390767578,,
29,23.443370907139023,51.38217928073001,3.435319377348363,9.702093397745571,3.7909286097691894,0.7112184648416533,4.4820182501341925,0.05367686527106817,2.999194847020934,,
30,23.03408480944713,51.33521202361782,3.435319377348363,10.205314009661835,3.7909286097691894,0.6776704240472357,4.468599033816425,0.05367686527106817,2.999194847020934,,
31,23.14814814814815,51.11379495437466,3.5292538915727323,10.144927536231885,3.7909286097691894,0.6776704240472357,4.522275899087493,0.05367686527106817,3.0193236714975846,,
32,22.725442834138487,51.53650026838432,3.5762211486849167,10.0979602791197,3.7573805689747717,0.6776704240472357,4.51556629092861,0.05367686527106817,3.0595813204508855,,
33,22.946859903381643,50.0805152979066,4.931561996779388,9.970477724100913,3.7573805689747717,0.7112184648416533,4.448470209339774,0.0939345142243693,3.0595813204508855,,
34,22.69860440150295,48.631239935587764,4.9651100375738055,9.863123993558776,7.64224369296833,0.7514761137949544,4.388083735909823,0.12077294685990338,0.9393451422436929,,
35,23.2085346215781,48.309178743961354,4.998658078368224,9.728931830381105,7.541599570585078,0.8319914117015567,4.38137412775094,0.0939345142243693,0.9057971014492754,,
36,23.376274825550187,48.087761674718195,4.998658078368224,9.695383789586689,7.595276435856146,0.8319914117015567,4.414922168545357,0.0939345142243693,0.9057971014492754,,
37,23.503757380568974,46.83977455716586,6.199677938808374,9.655126140633387,7.595276435856146,0.8319914117015567,4.374664519592056,0.0939345142243693,0.9057971014492754,,
38,23.711755233494365,46.67203435319377,6.327160493827161,9.514224369296834,7.568438003220612,0.8521202361782072,4.3545356951154055,0.0939345142243693,0.9057971014492754,,
39,23.993558776167472,46.22920021470746,6.508319914117015,9.50751476113795,7.555018786902845,0.8521202361782072,4.394793344068707,0.0939345142243693,0.8655394524959742,,
40,23.362855609232422,44.6658615136876,6.582125603864735,12.050456253354804,7.340311325818572,0.9460547504025765,4.394793344068707,0.0939345142243693,0.5636070853462157,,
41,23.70504562533548,44.18947933440687,6.729736983360172,12.177938808373591,7.239667203435319,0.9192163177670424,4.38137412775094,0.0939345142243693,0.5636070853462157,,
42,24.12775093934514,43.71980676328502,6.884057971014493,12.151100375738057,7.185990338164252,0.9192163177670424,4.361245303274289,0.0939345142243693,0.5300590445517982,0.026838432635534086,
43,24.402844873859365,43.46484165324745,6.870638754696726,12.130971551261407,7.219538378958669,0.9192163177670424,4.361245303274289,0.0939345142243693,0.5099302200751477,0.026838432635534086,
44,24.54374664519592,43.12265163714439,6.353998926462695,12.06387546967257,7.219538378958669,0.9192163177670424,4.361245303274289,0.0939345142243693,1.2949543746645196,0.026838432635534086,
45,23.557434245840042,40.975577026301664,6.6827697262479875,14.962426194310252,7.14573268921095,0.8923778851315083,4.260601180891036,0.0939345142243693,1.402308105206656,0.026838432635534086,
46,23.718464841653248,40.4320987654321,6.9243156199677935,14.908749329039184,7.098765432098766,0.8923778851315083,4.2203435319377345,0.0939345142243693,1.6841116478797638,0.026838432635534086,
47,23.93317230273752,40.22410091250671,6.89747718733226,14.868491680085883,7.051798174986581,0.9192163177670424,4.2203435319377345,0.0939345142243693,1.7646269457863661,0.026838432635534086,
48,24.174718196457327,39.942297369833604,6.890767579173376,14.78797638217928,7.058507783145465,0.9192163177670424,4.146537842190016,0.0939345142243693,1.9592055823939882,0.026838432635534086,
49,24.61755233494364,39.58668813741278,6.991411701556629,14.63365539452496,7.018250134192163,0.9192163177670424,4.180085882984434,0.0939345142243693,1.932367149758454,0.026838432635534086,
50,19.182769726247987,31.95115405260333,5.857487922705314,29.676596886741816,7.37385936661299,0.9259259259259259,3.361513687600644,0.040257648953301126,1.6035963499731616,0.026838432635534086,
51,19.216317767042405,31.46135265700483,6.421095008051529,28.837895866881375,7.87037037037037,0.9863123993558777,3.374932903918411,0.040257648953301126,1.7646269457863661,0.026838432635534086,
52,19.404186795491142,31.159420289855074,6.689479334406871,27.623456790123456,7.836822329575953,1.8048845947396672,3.388352120236178,0.040257648953301126,1.9994632313472893,0.05367686527106817,
53,19.28341384863124,30.535426731078903,6.374127750939345,24.174718196457327,11.862587224906065,1.4626945786366077,3.388352120236178,0.1274825550187869,2.7106816961889426,0.08051529790660225,
54,19.43773483628556,30.461621041331185,6.327160493827161,24.14787976382179,11.822329575952764,1.4626945786366077,3.361513687600644,0.15432098765432098,2.7106816961889426,0.11406333870101985,
55,18.531937734836287,30.139559849704778,6.078904991948471,25.72463768115942,11.77536231884058,1.4358561460010735,3.33467525496511,0.15432098765432098,2.7106816961889426,0.11406333870101985,
56,18.813741277509394,29.998658078368223,6.045356951154052,25.650831991411703,11.694847020933977,1.556629092860977,3.2675791733762747,0.15432098765432098,2.703972088030059,0.11406333870101985,
57,19.00161030595813,29.78395061728395,6.125872249060655,25.187869028448738,12.124261943102523,1.556629092860977,3.2675791733762747,0.15432098765432098,2.6838432635534084,0.11406333870101985,
58,19.155931293612454,29.22705314009662,6.515029522275899,26.039989264626946,11.292270531400966,1.5499194847020934,3.260869565217391,0.15432098765432098,2.677133655394525,0.11406333870101985,0.013419216317767043
59,19.28341384863124,29.421631776704242,6.481481481481482,25.34219001610306,11.574074074074074,1.4962426194310252,3.2340311325818574,0.18115942028985507,2.85829307568438,0.11406333870101985,0.013419216317767043
60,19.484702093397747,28.92512077294686,6.823671497584541,24.953032742887814,11.044015029522276,1.6572732152442298,3.9184111647879765,0.18115942028985507,2.844873859366613,0.15432098765432098,0.013419216317767043
61,19.43773483628556,28.33467525496511,7.763016639828234,24.711486849168008,10.245571658615138,1.6908212560386473,4.62962962962963,0.18115942028985507,2.8381642512077296,0.15432098765432098,0.013419216317767043
62,19.652442297369834,27.455716586151368,8.480944712828771,24.476650563607084,10.473698336017177,1.6975308641975309,4.5893719806763285,0.18115942028985507,2.8247450348899625,0.15432098765432098,0.013419216317767043
63,19.94766505636071,27.355072463768117,8.480944712828771,24.40955448201825,10.332796564680622,1.6975308641975309,4.542404723564144,0.18115942028985507,2.8515834675254963,0.1878690284487386,0.013419216317767043
64,20.28985507246377,27.140365002683843,8.59500805152979,24.241814278046164,10.19189479334407,1.751207729468599,4.53569511540526,0.18115942028985507,2.871712292002147,0.1878690284487386,0.013419216317767043
65,20.605206655931294,27.026301663982824,8.61513687600644,24.033816425120772,10.165056360708535,1.7847557702630166,4.53569511540526,0.18115942028985507,2.8515834675254963,0.1878690284487386,0.013419216317767043
66,19.256575415995705,23.382984433709073,7.246376811594203,31.97799248523886,9.091519055287172,0.8588298443370908,5.092592592592593,0.15432098765432098,2.737520128824477,0.1878690284487386,0.013419216317767043
67,19.786634460547504,23.19511540526033,7.1658615136876005,31.689479334406872,9.024422973698336,0.8856682769726248,5.186527106816962,0.15432098765432098,2.7241009125067097,0.17444981213097155,0.013419216317767043
68,19.961084272678477,22.879763821792807,7.461084272678476,31.5150295222759,9.01100375738057,0.9192163177670424,5.186527106816962,0.15432098765432098,2.7241009125067097,0.17444981213097155,0.013419216317767043
69,20.21604938271605,22.517444981213096,7.863660762211487,31.32716049382716,8.970746108427267,0.8990874932903918,5.152979066022544,0.18115942028985507,2.6838432635534084,0.17444981213097155,0.013419216317767043
70,20.343531937734838,22.48389694041868,7.823403113258186,31.273483628556093,8.950617283950617,0.9393451422436929,5.132850241545894,0.18115942028985507,2.6838432635534084,0.17444981213097155,0.013419216317767043
71,19.91411701556629,21.28287707997853,7.608695652173913,29.086151368760063,8.977455716586151,1.0399892646269457,8.621846484165324,0.18115942028985507,3.099838969404187,0.17444981213097155,0.013419216317767043
72,19.504830917874397,21.430488459473967,7.628824476650563,26.7914653784219,12.177938808373591,1.5432098765432098,7.407407407407407,0.18115942028985507,3.1468062265163717,0.17444981213097155,0.013419216317767043
73,19.605475040257648,21.309715512614062,7.695920558239399,26.596886741814277,11.98336017176597,1.4358561460010735,7.306763285024155,0.38915727321524424,3.488996242619431,0.17444981213097155,0.013419216317767043
74,18.06226516371444,18.189747718733226,6.387546967257112,35.7487922705314,9.621578099838969,1.3553408480944713,7.561728395061729,0.38915727321524424,2.49597423510467,0.17444981213097155,0.013419216317767043
75,18.297101449275363,18.109232420826622,6.380837359098229,35.61460010735373,9.936929683306495,1.2345679012345678,7.326892109500805,0.38915727321524424,2.49597423510467,0.20128824476650564,0.013419216317767043
76,18.4447128287708,18.00187869028449,6.380837359098229,35.527375201288244,9.849704777241008,1.288244766505636,7.367149758454106,0.38915727321524424,2.509393451422437,0.2281266774020397,0.013419216317767043
77,18.471551261406333,17.357756307031668,7.065217391304348,35.37976382179281,9.809447128287708,1.3486312399355878,7.367149758454106,0.38915727321524424,2.5697799248523885,0.2281266774020397,0.013419216317767043
78,18.095813204508858,15.92860976918948,7.085346215780999,35.25228126677402,9.54777241009125,1.4492753623188406,7.367149758454106,0.38915727321524424,4.643048845947397,0.2281266774020397,0.013419216317767043
79,18.45813204508857,15.72061191626409,7.03166935050993,35.03086419753087,9.614868491680086,1.4492753623188406,7.125603864734299,0.6709608158883521,4.64975845410628,0.23483628556092323,0.013419216317767043
80,18.605743424584006,15.666935050993022,7.273215244229737,34.49409554482018,9.695383789586689,1.5901771336553945,7.105475040257649,0.6709608158883521,4.64975845410628,0.23483628556092323,0.013419216317767043
81,18.96135265700483,15.458937198067632,7.239667203435319,34.01100375738057,9.668545356951155,2.0665593129361244,7.092055823939882,0.644122383252818,4.622920021470746,0.2214170692431562,0.013419216317767043
82,18.203166935050994,14.358561460010735,6.414385399892646,33.69565217391305,9.614868491680086,2.0397208803005906,10.185185185185185,0.644122383252818,4.609500805152979,0.2214170692431562,0.013419216317767043
83,18.50509930220075,14.351851851851851,6.387546967257112,33.4272678475577,9.634997316156737,2.227589908749329,10.017444981213098,0.630703166935051,4.49543746645196,0.2214170692431562,0.10064412238325282
84,18.250134192163177,12.130971551261407,5.837359098228664,32.78314546430489,9.39345142243693,2.24771873322598,14.27133655394525,0.5904455179817498,4.17337627482555,0.2214170692431562,0.10064412238325282
85,18.46484165324745,12.130971551261407,5.837359098228664,32.62211486849168,9.353193773483628,2.2745571658615136,14.251207729468598,0.5904455179817498,4.1532474503489,0.2214170692431562,0.10064412238325282
86,17.941492216854535,12.097423510466989,5.850778314546431,33.621846484165324,8.950617283950617,2.281266774020397,14.210950080515298,0.5904455179817498,4.0995705850778315,0.2214170692431562,0.13419216317767044
87,18.183038110574344,11.896135265700483,5.904455179817498,33.5077831454643,8.970746108427267,2.2879763821792807,13.962694578636608,0.5904455179817498,4.30756843800322,0.2214170692431562,0.16774020397208803
88,18.370907139023082,11.829039184111648,5.9447128287707995,33.4272678475577,8.984165324745035,2.328234031132582,13.875469672571121,0.5904455179817498,4.260601180891036,0.2214170692431562,0.16774020397208803
89,18.59903381642512,11.81561996779388,5.911164787976382,33.23939881910896,8.984165324745035,2.4020397208803006,13.808373590982287,0.5904455179817498,4.260601180891036,0.2214170692431562,0.16774020397208803
90,18.317230273752013,11.641170155662909,5.857487922705314,33.9573268921095,8.950617283950617,2.4154589371980677,13.486312399355878,0.7783145464304885,4.206924315619967,0.2214170692431562,0.16774020397208803
91,18.471551261406333,11.60762211486849,5.857487922705314,33.82984433709071,8.870101986044014,2.5026838432635534,13.47289318303811,0.7783145464304885,4.193505099302201,0.24825550187869028,0.16774020397208803
92,18.706387546967257,11.379495437466453,5.844068706387547,33.55475040257649,10.493827160493828,2.7106816961889426,11.54723564143854,0.7716049382716049,4.5893719806763285,0.23483628556092323,0.16774020397208803
93,18.773483628556093,11.137949543746645,5.844068706387547,33.48765432098765,10.446859903381643,2.9790660225442833,11.2788513150832,0.8051529790660226,4.864465915190553,0.23483628556092323,0.14761137949543746
94,18.947933440687063,11.023886205045626,5.844068706387547,33.15888352120236,10.446859903381643,3.2742887815351582,11.198336017176597,0.7380568974771873,4.985238862050457,0.23483628556092323,0.14761137949543746
95,19.196188942565755,10.963499731615673,5.924584004294149,33.01798174986581,10.399892646269459,3.2675791733762747,11.137949543746645,0.7380568974771873,4.9718196457326895,0.23483628556092323,0.14761137949543746
96,19.57192699946323,10.896403650026839,5.911164787976382,32.78314546430489,10.339506172839506,3.3480944712828773,11.117820719269995,0.7380568974771873,4.951690821256038,0.19457863660762212,0.14761137949543746
97,19.82018250134192,10.72866344605475,6.105743424584004,32.52818035426731,10.379763821792807,3.44873859366613,11.017176596886742,0.7648953301127214,4.864465915190553,0.19457863660762212,0.14761137949543746
98,20.115405260332796,10.674986580783683,6.078904991948471,32.06521739130435,10.359634997316157,3.7775093934514223,10.990338164251208,0.7648953301127214,4.830917874396135,0.19457863660762212,0.14761137949543746
99,19.202898550724637,10.25228126677402,6.723027375201288,32.94417606011809,10.178475577026301,3.784219001610306,10.84272678475577,0.798443370907139,4.830917874396135,0.2952227589908749,0.14761137949543746
100,19.51154052603328,10.198604401502953,6.642512077294686,32.7361782071927,10.165056360708535,3.8177670424047236,10.815888352120236,0.798443370907139,4.871175523349437,0.2952227589908749,0.14761137949543746
101,19.672571121846484,10.185185185185185,6.642512077294686,32.6556629092861,10.151637144390767,3.851315083199141,10.755501878690284,0.798443370907139,4.8443370907139025,0.2952227589908749,0.14761137949543746
102,19.410896403650028,9.655126140633387,6.246645195920558,31.924315619967793,13.325281803542673,3.683574879227053,9.829575952764358,0.7514761137949544,4.643048845947397,0.3824476650563607,0.14761137949543746
103,19.37734836285561,9.473966720343531,6.4345142243692965,34.0378421900161,11.748523886205046,3.717122920021471,9.245840042941492,0.785024154589372,4.622920021470746,0.4092860976918948,0.14761137949543746
104,19.350509930220074,9.433709071390231,6.4345142243692965,33.82984433709071,11.614331723027375,3.44873859366613,10.178475577026301,0.5837359098228664,4.5893719806763285,0.38915727321524424,0.14761137949543746
105,19.578636607622116,9.366612989801396,6.421095008051529,33.756038647343,11.594202898550725,3.4286097691894795,10.165056360708535,0.5837359098228664,4.569243156199678,0.38915727321524424,0.14761137949543746
106,19.0552871712292,8.59500805152979,6.125872249060655,35.45356951154053,11.560654857756306,3.0864197530864197,10.151637144390767,0.5837359098228664,4.851046698872786,0.38915727321524424,0.14761137949543746
107,19.209608158883523,8.59500805152979,6.105743424584004,35.35292538915727,11.533816425120772,3.113258185721954,10.131508319914117,0.5434782608695652,4.87788513150832,0.38915727321524424,0.14761137949543746
108,19.49141170155663,8.59500805152979,6.0654857756307035,35.16505636070853,11.533816425120772,3.0730005367686526,10.111379495437467,0.5770263016639828,4.851046698872786,0.38915727321524424,0.14761137949543746
109,19.679280730005367,8.59500805152979,6.031937734836285,34.997316156736446,11.520397208803006,3.052871712292002,10.02415458937198,0.6575415995705851,4.87788513150832,0.41599570585077833,0.14761137949543746
110,19.900697799248523,8.568169618894256,5.964841653247451,34.90338164251208,11.500268384326356,3.079710144927536,9.98389694041868,0.6575415995705851,4.8443370907139025,0.41599570585077833,0.18115942028985507
111,20.169082125603865,8.53462157809984,5.904455179817498,34.594739667203434,11.480139559849706,3.026033279656468,9.96376811594203,0.6843800322061192,5.045625335480408,0.41599570585077833,0.18115942028985507
112,19.061996779388085,8.272946859903382,5.971551261406334,32.400697799248526,11.292270531400966,2.952227589908749,13.331991411701557,0.798443370907139,5.320719269994632,0.41599570585077833,0.18115942028985507
113,19.182769726247987,8.246108427267847,5.958132045088567,32.30005367686527,11.325818572195384,2.945517981749866,13.325281803542673,0.798443370907139,5.320719269994632,0.41599570585077833,0.18115942028985507
114,19.410896403650028,8.246108427267847,6.273483628556092,31.95115405260333,11.29898013955985,2.8381642512077296,13.251476113794954,0.8252818035426731,5.307300053676865,0.41599570585077833,0.18115942028985507
115,19.605475040257648,8.239398819108963,6.199677938808374,31.863929146537842,11.513687600644122,2.871712292002147,13.056897477187333,0.8252818035426731,5.24020397208803,0.41599570585077833,0.16774020397208803
116,19.6256038647343,8.225979602791197,6.159420289855072,31.561996779388085,11.460010735373054,3.1199677938808374,13.01663982823403,0.8252818035426731,5.421363392377885,0.41599570585077833,0.16774020397208803
117,19.79334406870639,8.219269994632313,6.159420289855072,31.50161030595813,11.41304347826087,3.1065485775630703,12.983091787439614,0.8252818035426731,5.414653784219001,0.41599570585077833,0.16774020397208803
118,20.202630166398283,8.192431561996779,6.045356951154052,31.320450885668276,11.345947396672035,3.140096618357488,12.942834138486312,0.8118625872249061,5.441492216854535,0.38915727321524424,0.16774020397208803
119,20.538110574342458,8.152173913043478,6.018518518518518,30.9849704777241,11.325818572195384,3.3950617283950617,12.835480407944177,0.8118625872249061,5.381105743424584,0.38915727321524424,0.16774020397208803
120,20.652173913043477,8.152173913043478,6.005099302200751,30.756843800322063,11.446591519055287,3.408480944712829,12.855609232420827,0.8118625872249061,5.35426731078905,0.38915727321524424,0.16774020397208803
121,19.53166935050993,7.39398819108964,5.958132045088567,37.07058507783145,8.78287707997853,3.113258185721954,11.990069779924852,0.7514761137949544,4.851046698872786,0.38915727321524424,0.16774020397208803
122,19.87385936661299,7.320182501341922,5.864197530864198,36.761943102522814,8.76274825550188,3.099838969404187,11.943102522812667,0.7514761137949544,5.072463768115942,0.3824476650563607,0.16774020397208803
123,20.04830917874396,7.286634460547504,5.917874396135265,36.68142780461621,8.729200214707461,3.0730005367686526,11.929683306494901,0.7514761137949544,5.038915727321524,0.3757380568974772,0.16774020397208803
124,20.356951154052602,7.232957595276436,5.938003220611916,36.540526033279654,8.735909822866345,3.066290928609769,11.862587224906065,0.7246376811594203,5.005367686527107,0.36902844873859364,0.16774020397208803
125,19.679280730005367,6.890767579173376,5.522007514761138,38.439345142243695,8.682232957595277,2.871712292002147,11.741814278046162,0.6977992485238862,4.998658078368224,0.322061191626409,0.15432098765432098
126,19.87385936661299,6.749865807836822,5.522007514761138,38.499731615673646,8.641975308641975,2.871712292002147,11.654589371980677,0.7179280730005367,4.998658078368224,0.3153515834675255,0.15432098765432098
127,19.672571121846484,6.266774020397209,5.441492216854535,37.01690821256039,8.628556092324208,2.7777777777777777,14.090177133655395,0.7179280730005367,4.8443370907139025,0.38915727321524424,0.15432098765432098
128,19.81347289318304,6.253354804079442,5.448201825013419,36.89613526570049,8.621846484165324,2.7777777777777777,14.090177133655395,0.7179280730005367,4.8376274825550185,0.38915727321524424,0.15432098765432098
129,20.115405260332796,6.1929683306494905,5.60252281266774,36.47342995169082,8.641975308641975,2.7442297369833604,14.002952227589908,0.7514761137949544,4.958400429414922,0.36231884057971014,0.15432098765432098
130,20.531400966183575,6.179549114331723,6.333870101986044,35.648148148148145,8.702361782071927,2.4221685453569513,13.962694578636608,0.7447665056360708,4.958400429414922,0.36231884057971014,0.15432098765432098
131,20.67230273752013,6.159420289855072,6.353998926462695,34.46054750402576,8.59500805152979,2.4355877616747184,15.230810520665592,0.7716049382716049,4.804079441760601,0.36231884057971014,0.15432098765432098
132,20.8870101986044,6.159420289855072,6.380837359098229,33.97745571658615,8.903650026838433,2.428878153515835,15.183843263553408,0.7716049382716049,4.790660225442834,0.36231884057971014,0.15432098765432098
133,20.840042941492218,5.9447128287707995,6.702898550724638,33.863392377885134,9.064680622651638,2.4154589371980677,15.123456790123457,0.798443370907139,4.730273752012883,0.36231884057971014,0.15432098765432098
134,21.16881374127751,5.938003220611916,6.689479334406871,33.72920021470746,9.057971014492754,2.4154589371980677,15.029522275899087,0.8319914117015567,4.622920021470746,0.36231884057971014,0.15432098765432098
135,20.75281803542673,5.548845947396672,5.971551261406334,36.178207192699944,8.943907675791733,2.6435856146001075,14.15727321524423,0.7179280730005367,4.5960815888352125,0.36231884057971014,0.1274825550187869
136,20.86688137412775,5.495169082125604,6.528448738593666,35.527375201288244,9.245840042941492,2.475845410628019,14.04320987654321,0.7179280730005367,4.5893719806763285,0.3824476650563607,0.1274825550187869
137,21.095008051529792,5.481749865807837,6.515029522275899,35.28582930756844,9.554482018250134,2.589908749329039,13.761406333870102,0.7045088566827697,4.502147074610843,0.3824476650563607,0.1274825550187869
138,21.370101986044016,5.434782608695652,6.515029522275899,35.11808910359635,9.534353193773484,2.5966183574879227,13.714439076757918,0.7045088566827697,4.502147074610843,0.3824476650563607,0.1274825550187869
139,21.67874396135266,5.401234567901234,6.414385399892646,34.97047772410091,9.514224369296834,2.6033279656468062,13.6808910359635,0.7380568974771873,4.502147074610843,0.36902844873859364,0.1274825550187869
140,22.04777241009125,5.394524959742351,6.568706387546968,34.46054750402576,9.440418679549115,2.737520128824477,13.613794954374665,0.7380568974771873,4.502147074610843,0.36902844873859364,0.1274825550187869
141,22.21551261406334,5.360976918947934,6.78341384863124,34.31964573268921,9.400161030595813,2.7643585614600106,13.425925925925926,0.7313472893183038,4.502147074610843,0.36902844873859364,0.1274825550187869
142,21.85990338164251,5.669618894256575,6.6827697262479875,33.99087493290392,9.601449275362318,2.757648953301127,13.18438003220612,0.7581857219538379,4.998658078368224,0.36902844873859364,0.1274825550187869
143,21.74584004294149,5.488459473966721,6.655931293612453,31.850509930220074,12.412775093934513,2.7777777777777777,12.815351583467525,0.785024154589372,4.99194847020934,0.3488996242619431,0.1274825550187869
144,22.061191626409016,5.46833064949007,6.635802469135802,31.682769726247987,12.285292538915728,2.804616210413312,12.72812667740204,0.785024154589372,4.938271604938271,0.4830917874396135,0.1274825550187869
145,22.208803005904453,5.441492216854535,7.179280730005368,31.166129898013956,12.285292538915728,2.804616210413312,12.587224906065487,0.8185721953837896,4.898013955984971,0.4830917874396135,0.1274825550187869
146,22.604669887278583,5.441492216854535,7.232957595276436,30.95813204508857,12.037037037037036,2.771068169618894,12.781803542673108,0.8051529790660226,4.783950617283951,0.4562533548040794,0.1274825550187869
147,22.61808910359635,5.703166935050993,7.206119162640902,30.770263016639827,11.990069779924852,2.7979066022544283,12.754965110037574,0.8051529790660226,4.770531400966184,0.4562533548040794,0.1274825550187869
148,22.82608695652174,5.689747718733226,7.776435856146001,30.441492216854535,11.902844873859367,2.757648953301127,12.439613526570048,0.8051529790660226,4.750402576489533,0.4830917874396135,0.1274825550187869
149,23.201825013419217,5.615942028985507,7.769726247987117,30.394524959742352,11.869296833064949,2.690552871712292,12.359098228663447,0.8051529790660226,4.683306494900698,0.4830917874396135,0.1274825550187869
150,23.396403650026837,5.615942028985507,7.709339774557166,30.273752012882447,11.782071926999464,2.7844873859366612,12.338969404186795,0.8051529790660226,4.683306494900698,0.4830917874396135,0.1274825550187869
151,23.2487922705314,5.649490069779925,7.729468599033816,29.837627482555018,12.06387546967257,3.4420289855072466,12.258454106280194,0.8319914117015567,4.555823939881911,0.2952227589908749,0.08722490606548577
152,23.55072463768116,5.622651637144391,7.769726247987117,29.723564143854,12.010198604401502,3.374932903918411,12.198067632850242,0.8588298443370908,4.508856682769726,0.2952227589908749,0.08722490606548577
153,23.537305421363392,5.622651637144391,7.830112721417069,29.66988727858293,11.896135265700483,3.361513687600644,12.110842726784755,0.8252818035426731,4.730273752012883,0.2952227589908749,0.12077294685990338
154,23.74530327428878,5.622651637144391,7.555018786902845,29.51556629092861,11.902844873859367,3.3548040794417604,11.969940955448202,0.8521202361782072,5.092592592592593,0.2952227589908749,0.0939345142243693
155,23.577563070316693,5.555555555555555,7.648953301127214,29.60950080515298,11.782071926999464,3.361513687600644,12.057165861513688,0.8521202361782072,5.072463768115942,0.38915727321524424,0.0939345142243693
156,23.691626409017715,5.535426731078905,7.7361782071927,29.54911433172303,11.688137412775093,3.3279656468062266,12.04374664519592,0.8521202361782072,5.092592592592593,0.38915727321524424,0.0939345142243693
157,23.637949543746647,5.522007514761138,7.937466451959206,29.394793344068706,11.963231347289318,3.3413848631239937,11.855877616747183,0.8051529790660226,5.059044551798175,0.38915727321524424,0.0939345142243693
158,23.711755233494365,5.522007514761138,7.843531937734836,28.629898013955984,12.446323134728932,3.488996242619431,11.768652710681696,0.8051529790660226,5.300590445517981,0.38915727321524424,0.0939345142243693
159,23.51046698872786,4.85775630703167,7.682501341921632,29.777241009125067,12.211486849168008,3.488996242619431,11.647879763821793,0.8051529790660226,5.542136339237788,0.38915727321524424,0.08722490606548577
160,23.564143853998928,4.8443370907139025,7.581857219538379,29.220343531937736,11.782071926999464,3.421900161030596,12.681159420289855,0.7716049382716049,5.508588298443371,0.5367686527106817,0.08722490606548577
161,23.792270531400966,4.830917874396135,7.5348899624261945,29.13311862587225,11.79549114331723,3.408480944712829,12.640901771336553,0.7380568974771873,5.501878690284487,0.5367686527106817,0.08722490606548577
162,24.00697799248524,4.830917874396135,7.863660762211487,28.73725174449812,11.701556629092861,3.388352120236178,12.593934514224369,0.7716049382716049,5.488459473966721,0.5300590445517982,0.08722490606548577
163,24.134460547504027,4.830917874396135,7.856951154052603,28.683574879227052,11.641170155662909,3.4151905528717124,12.567096081588835,0.7716049382716049,5.4616210413311865,0.5501878690284487,0.08722490606548577
164,24.268652710681696,4.830917874396135,7.991143317230274,28.468867418142782,11.52710681696189,3.4286097691894795,12.513419216317766,0.7581857219538379,5.5756843800322065,0.5501878690284487,0.08722490606548577
165,24.44981213097155,4.804079441760601,7.87037037037037,27.932098765432098,12.057165861513688,3.475577026301664,12.439613526570048,0.7581857219538379,5.535426731078905,0.5636070853462157,0.11406333870101985
166,24.63768115942029,4.804079441760601,7.863660762211487,27.87842190016103,12.070585077831455,3.4621578099838968,12.265163714439076,0.7648953301127214,5.481749865807837,0.6575415995705851,0.11406333870101985
167,24.798711755233494,4.790660225442834,7.796564680622652,27.82474503488996,12.02361782071927,3.5292538915727323,12.198067632850242,0.7648953301127214,5.46833064949007,0.6910896403650026,0.11406333870101985
168,24.872517444981213,4.783950617283951,7.796564680622652,27.549651100375737,11.849168008588299,3.683574879227053,12.318840579710145,0.7648953301127214,5.5756843800322065,0.6910896403650026,0.11406333870101985
169,25.120772946859905,4.783950617283951,7.763016639828234,27.38191089640365,12.030327428878154,3.6768652710681695,12.204777241009126,0.7648953301127214,5.46833064949007,0.6910896403650026,0.11406333870101985
170,25.315351583467525,4.777241009125067,7.763016639828234,27.294685990338163,11.936392914653783,3.69699409554482,12.144390767579173,0.7246376811594203,5.522007514761138,0.7112184648416533,0.11406333870101985
171,25.489801395598498,4.777241009125067,7.689210950080516,27.220880300590444,11.936392914653783,3.6768652710681695,12.110842726784755,0.7380568974771873,5.535426731078905,0.7112184648416533,0.11406333870101985
172,25.107353730542137,4.757112184648417,7.628824476650563,26.704240472356414,13.372249060654857,3.629898013955985,11.922973698336017,0.7179280730005367,5.347557702630167,0.6977992485238862,0.11406333870101985
173,25.147611379495437,4.696725711218465,8.111916264090176,26.33521202361782,13.325281803542673,3.5963499731615673,11.922973698336017,0.7514761137949544,5.367686527106817,0.630703166935051,0.11406333870101985
174,24.67793880837359,4.64975845410628,8.024691358024691,24.745034889962426,13.24476650563607,3.4286097691894795,14.13714439076758,0.7246376811594203,5.622651637144391,0.630703166935051,0.11406333870101985
175,24.771873322597962,4.636339237788513,8.635265700483092,23.845947396672035,13.150831991411701,3.797638217928073,14.210950080515298,0.7246376811594203,5.481749865807837,0.630703166935051,0.11406333870101985
176,24.838969404186795,4.582662372517445,8.715780998389693,23.718464841653248,13.063607085346217,4.180085882984434,14.15727321524423,0.7447665056360708,5.260332796564681,0.6642512077294686,0.07380568974771873
177,24.93961352657005,4.582662372517445,8.776167471819646,23.58427267847558,13.291733762748256,4.180085882984434,13.935856146001074,0.7581857219538379,5.213365539452496,0.6642512077294686,0.07380568974771873
178,25.09393451422437,4.522275899087493,8.722490606548577,23.564143853998928,13.466183574879228,4.17337627482555,13.821792807300053,0.7581857219538379,5.193236714975845,0.6105743424584005,0.07380568974771873
179,25.033548040794418,4.522275899087493,8.59500805152979,23.45679012345679,13.097155126140633,4.180085882984434,14.626945786366075,0.7313472893183038,5.0858829844337095,0.5971551261406334,0.07380568974771873
180,25.120772946859905,4.51556629092861,8.608427267847558,23.443370907139023,13.083735909822867,4.180085882984434,14.53972088030059,0.7313472893183038,5.10601180891036,0.5971551261406334,0.07380568974771873
181,19.598765432098766,26.496242619431026,7.440955448201825,21.068169618894256,8.964036500268385,2.5966183574879227,10.379763821792807,0.5837359098228664,2.5295222758990876,0.3421900161030596,
182,19.77992485238862,26.31508319914117,7.971014492753623,20.699141170155663,8.950617283950617,2.5831991411701556,10.339506172839506,0.5367686527106817,2.4825550187869028,0.3421900161030596,
183,19.719538378958667,26.221148684916802,7.836822329575953,19.632313472893184,10.399892646269459,2.5831991411701556,10.285829307568438,0.5636070853462157,2.428878153515835,0.32877079978529256,
184,20.014761137949545,26.113794954374665,7.7831454643048845,19.484702093397747,10.420021470746109,2.61003757380569,10.25228126677402,0.5636070853462157,2.428878153515835,0.32877079978529256,
185,20.28985507246377,25.93263553408481,8.09849704777241,19.249865807836823,10.406602254428341,2.522812667740204,9.970477724100913,0.5636070853462157,2.636876006441224,0.32877079978529256,
186,20.558239398819108,25.751476113794954,8.09849704777241,19.182769726247987,10.373054213633925,2.536231884057971,9.903381642512077,0.5636070853462157,2.703972088030059,0.32877079978529256,
187,21.00107353730542,25.45625335480408,8.125335480407944,19.0552871712292,10.36634460547504,2.5295222758990876,9.883252818035427,0.5636070853462157,2.690552871712292,0.32877079978529256,
188,21.175523349436393,25.409286097691894,8.09849704777241,19.008319914117017,10.312667740203972,2.5295222758990876,9.883252818035427,0.5636070853462157,2.690552871712292,0.32877079978529256,
189,21.336553945249598,25.261674718196456,8.07836822329576,18.739935587761675,10.077831454643048,3.099838969404187,9.77589908749329,0.5904455179817498,2.7106816961889426,0.32877079978529256,
190,21.672034353193773,25.107353730542137,8.132045088566828,18.699677938808374,9.977187332259795,3.0931293612453032,9.769189479334408,0.5501878690284487,2.6704240472356413,0.32877079978529256,
191,21.900161030595815,24.90606548577563,8.199141170155663,18.65271068169619,9.96376811594203,3.1199677938808374,9.708803005904455,0.5501878690284487,2.6704240472356413,0.32877079978529256,
192,22.000805152979066,24.724906065485776,8.21256038647343,18.45813204508857,10.037573805689748,3.207192699946323,9.50751476113795,0.5837359098228664,2.9388083735909825,0.32877079978529256,
193,21.85990338164251,24.476650563607084,9.145195920558239,17.961621041331185,9.957058507783145,3.2541599570585076,9.473966720343531,0.5703166935050993,2.9723564143853998,0.32877079978529256,
194,21.054750402576488,24.168008588298445,9.091519055287172,20.52469135802469,9.588030059044552,3.052871712292002,8.829844337090714,0.5099302200751477,2.8650026838432634,0.3153515834675255,
195,21.054750402576488,23.66478797638218,9.447128287707997,20.377079978529252,9.856414385399892,3.0864197530864197,8.829844337090714,0.5099302200751477,2.85829307568438,0.3153515834675255,
196,20.088566827697264,18.894256575415994,8.702361782071927,19.249865807836823,17.733494363929147,2.818035426731079,8.78287707997853,0.5300590445517982,2.871712292002147,0.32877079978529256,
197,20.135534084809446,18.833870101986044,8.776167471819646,19.11567364465915,17.70665593129361,2.9119699409554483,8.78287707997853,0.5300590445517982,2.8784219001610305,0.32877079978529256,
198,20.04830917874396,18.552066559312937,9.39345142243693,19.142512077294686,17.69994632313473,2.9119699409554483,8.541331186258722,0.5099302200751477,2.871712292002147,0.32877079978529256,
199,20.316693505099302,18.511808910359633,9.366612989801396,19.061996779388085,17.62614063338701,2.9119699409554483,8.494363929146537,0.5099302200751477,2.871712292002147,0.32877079978529256,
200,20.46430488459474,18.397745571658614,9.4873859366613,18.947933440687063,17.60601180891036,2.9052603327965647,8.433977455716587,0.5099302200751477,2.918679549114332,0.32877079978529256,
201,20.665593129361245,18.323939881910896,9.494095544820183,18.867418142780462,17.57246376811594,2.9119699409554483,8.393719806763285,0.5099302200751477,2.932098765432099,0.32877079978529256,
202,20.94068706387547,18.243424584004295,9.621578099838969,18.699677938808374,17.37788513150832,2.9119699409554483,8.393719806763285,0.5099302200751477,2.9388083735909825,0.36231884057971014,
203,21.108427267847556,18.17632850241546,9.621578099838969,18.612453032742888,17.398013955984972,2.932098765432099,8.373590982286634,0.48980139559849706,2.9253891572732154,0.36231884057971014,
204,21.135265700483092,17.599302200751477,10.218733225979603,18.283682232957595,17.324208266237253,2.791196994095545,8.527911969940956,0.48980139559849706,3.2675791733762747,0.36231884057971014,
205,21.39694041867955,17.538915727321523,10.21202361782072,17.995169082125603,17.54562533548041,2.791196994095545,8.433977455716587,0.48980139559849706,3.2340311325818574,0.36231884057971014,
206,21.591519055287172,17.498658078368223,10.178475577026301,17.92807300053677,17.505367686527105,2.7844873859366612,8.407139023081053,0.48980139559849706,3.2541599570585076,0.36231884057971014,
