,45,50,51,52,55,54,58,56,53,59,57
0,98.91975308641975,1.0802469135802468,,,,,,,,,
1,92.35104669887279,7.5281803542673105,0.12077294685990338,,,,,,,,
2,90.02952227589908,6.380837359098229,3.589640365002684,,,,,,,,
3,55.28717122920021,41.1231884057971,3.589640365002684,,,,,,,,
4,55.38781535158347,33.10520665593129,3.589640365002684,7.796564680622652,0.12077294685990338,,,,,,
5,52.844873859366615,33.53462157809984,3.589640365002684,6.937734836285561,0.12077294685990338,2.3483628556092326,0.6239935587761675,,,,
6,52.844873859366615,33.293075684380035,3.589640365002684,6.642512077294686,0.12077294685990338,2.3483628556092326,0.6239935587761675,0.5367686527106817,,,
7,52.48926462694579,33.64868491680086,3.589640365002684,6.642512077294686,0.12077294685990338,2.3483628556092326,0.6239935587761675,0.5367686527106817,,,
8,46.63177670424047,39.821524422973695,3.180354267310789,6.642512077294686,0.2147074610842727,2.3483628556092326,0.6239935587761675,0.5367686527106817,,,
9,46.343263553408484,39.59339774557166,3.69699409554482,6.642512077294686,0.2147074610842727,2.3483628556092326,0.6239935587761675,0.5367686527106817,,,
10,45.82662372517445,40.123456790123456,3.683574879227053,6.642512077294686,0.2147074610842727,2.3483628556092326,0.6239935587761675,0.5367686527106817,,,
11,45.873590982286636,40.07648953301127,3.683574879227053,6.642512077294686,0.2147074610842727,2.3483628556092326,0.6239935587761675,0.5367686527106817,,,
12,43.18974771873322,42.7938808373591,3.6500268384326353,6.642512077294686,0.2147074610842727,2.3483628556092326,0.6239935587761675,0.5367686527106817,,,
13,42.15646806226516,40.87493290391841,3.6500268384326353,6.132581857219538,4.0995705850778315,2.3483628556092326,0.6239935587761675,0.11406333870101985,,,
14,42.330917874396135,40.76086956521739,3.6500268384326353,6.072195383789587,4.0995705850778315,2.3483628556092326,0.6239935587761675,0.11406333870101985,,,
15,41.056092324208265,31.07890499194847,20.571658615136876,2.6301663982823404,2.086688137412775,2.26784755770263,0.30864197530864196,,,,
16,40.9621578099839,30.911164787976382,17.58588298443371,2.2879763821792807,2.3617820719269993,5.60252281266774,0.2885131508319914,,,,
17,41.317767042404725,30.683038110574344,17.458400429414922,2.2879763821792807,2.3617820719269993,5.60252281266774,0.2885131508319914,,,,
18,41.41170155662909,30.394524959742352,17.424852388620504,1.8786902844873858,1.5633387010198605,7.098765432098766,,0.10064412238325282,0.05367686527106817,0.07380568974771873,
19,41.324476650563604,30.394524959742352,17.518786902844873,1.8786902844873858,1.5633387010198605,7.098765432098766,,0.10064412238325282,0.04696725711218465,0.07380568974771873,
20,40.11674718196457,29.300858829844337,17.444981213097154,5.314009661835748,1.5633387010198605,6.038647342995169,,0.10064412238325282,0.04696725711218465,0.07380568974771873,
21,38.33199141170156,31.01851851851852,16.814278046162105,5.314009661835748,1.5432098765432098,6.038647342995169,,0.8185721953837896,0.04696725711218465,0.07380568974771873,
22,38.55340848094471,30.9447128287708,16.666666666666668,5.314009661835748,1.5432098765432098,6.038647342995169,,0.8185721953837896,0.04696725711218465,0.07380568974771873,
23,38.47289318303811,30.9447128287708,16.6532474503489,5.300590445517981,1.5432098765432098,6.038647342995169,,0.8185721953837896,0.15432098765432098,0.07380568974771873,
24,38.5601180891036,30.810520665593128,16.67337627482555,5.226784755770263,1.5432098765432098,6.038647342995169,,0.9192163177670424,0.15432098765432098,0.07380568974771873,
25,37.43961352657005,32.15915190552872,16.566022544283413,5.193236714975845,1.4761137949543746,6.018518518518518,,0.9192163177670424,0.15432098765432098,0.07380568974771873,
26,37.506709608158886,32.118894256575416,16.53918411164788,5.193236714975845,1.4761137949543746,6.018518518518518,,0.9192163177670424,0.15432098765432098,0.07380568974771873,
27,37.63419216317767,32.045088566827694,16.53918411164788,5.139559849704777,1.4761137949543746,6.018518518518518,,0.9192163177670424,0.15432098765432098,0.07380568974771873,
28,30.62265163714439,37.432903918411164,12.151100375738057,5.038915727321524,1.4761137949543746,5.964841653247451,,1.1943102522812667,6.045356951154052,0.07380568974771873,
29,30.837359098228664,36.68142780461621,11.58749329039184,7.9039184111647875,1.7847557702630166,6.367418142780462,,1.1943102522812667,3.569511540526033,0.07380568974771873,
30,28.945249597423512,36.04401502952228,13.83521202361782,7.830112721417069,1.9927536231884058,6.515029522275899,,1.1943102522812667,3.569511540526033,0.07380568974771873,
31,29.13311862587225,35.869565217391305,13.848631239935587,7.830112721417069,1.9927536231884058,6.488191089640365,,1.1943102522812667,3.569511540526033,0.07380568974771873,
32,29.126409017713364,35.78234031132582,13.942565754159958,7.830112721417069,1.9927536231884058,6.488191089640365,,1.1943102522812667,3.569511540526033,0.07380568974771873,
33,28.985507246376812,34.92351046698873,15.029522275899087,7.809983896940419,1.9927536231884058,6.421095008051529,,1.1943102522812667,3.569511540526033,0.07380568974771873,
34,22.309447128287708,43.344068706387546,8.756038647342995,7.4141170155662905,1.0399892646269457,6.132581857219538,,1.8719806763285025,9.057971014492754,0.07380568974771873,
35,21.792807300053678,36.93639291465379,11.171497584541063,13.399087493290391,1.0399892646269457,4.891304347826087,,1.7042404723564144,8.99087493290392,,0.07380568974771873
36,21.812936124530328,36.93639291465379,11.158078368223295,13.39237788513151,1.0399892646269457,4.891304347826087,,1.7042404723564144,8.99087493290392,,0.07380568974771873
37,20.625335480407944,35.27241009125067,11.097691894793345,16.243961352657006,1.0399892646269457,4.87788513150832,,1.7444981213097155,9.024422973698336,,0.07380568974771873
38,20.98094471282877,35.057702630166396,10.607890499194847,16.14331723027375,1.6841116478797638,4.830917874396135,,1.6170155662909287,9.004294149221685,,0.07380568974771873
39,20.90042941492217,34.292807300053674,10.513955984970478,15.029522275899087,1.6841116478797638,4.528985507246377,,1.6170155662909287,10.923242082662373,,0.5099302200751477
40,20.92055823939882,29.260601180891037,20.33011272141707,9.896672034353195,2.1068169618894257,4.528985507246377,,1.6170155662909287,10.829307568438002,,0.5099302200751477
41,20.39049919484702,28.911701556629094,21.20907139023081,9.896672034353195,2.1068169618894257,4.528985507246377,,1.6170155662909287,10.829307568438002,,0.5099302200751477
42,19.316961889425656,26.623725174449813,21.20907139023081,13.258185721953838,2.1068169618894257,4.609500805152979,,1.6170155662909287,10.748792270531402,,0.5099302200751477
43,19.269994632313473,25.174449812130973,17.881105743424584,12.607353730542137,4.777241009125067,4.341116478797638,,0.9930220075147611,13.593666129898015,,1.3620504562533549
44,19.464573268921097,25.033548040794418,17.881105743424584,12.607353730542137,4.750402576489533,4.2270531400966185,,0.9930220075147611,13.56682769726248,0.11406333870101985,1.3620504562533549
45,19.880568974771872,24.765163714439076,17.860976918947934,12.593934514224369,4.750402576489533,4.2270531400966185,,0.9930220075147611,13.45276435856146,0.11406333870101985,1.3620504562533549
46,18.99490069779925,23.772141706924316,17.726784755770264,14.895330112721417,4.723564143853999,4.012345679012346,,0.9930220075147611,13.405797101449275,0.11406333870101985,1.3620504562533549
47,17.76033279656468,22.376543209876544,25.0,13.352120236178207,4.414922168545357,3.9318303811057436,,0.9930220075147611,10.782340311325818,0.11406333870101985,1.2748255501878691
48,17.887815351583466,22.34970477724101,24.89935587761675,13.352120236178207,4.414922168545357,3.9318303811057436,,0.9930220075147611,10.782340311325818,0.11406333870101985,1.2748255501878691
49,17.941492216854535,22.27589908749329,23.201825013419217,13.311862587224907,4.414922168545357,3.9184111647879765,,1.06682769726248,12.47987117552335,0.11406333870101985,1.2748255501878691
50,18.337359098228664,21.846484165324746,23.19511540526033,13.493022007514762,4.448470209339774,3.9184111647879765,,1.06682769726248,12.23161567364466,0.11406333870101985,1.3486312399355878
51,18.370907139023082,21.69887278582931,22.920021470746107,13.493022007514762,4.549114331723027,3.9184111647879765,,1.3821792807300053,12.204777241009126,0.11406333870101985,1.3486312399355878
52,18.53864734299517,21.76596886741814,22.893183038110575,13.425925925925926,4.508856682769726,3.8378958668813743,,1.3821792807300053,12.204777241009126,0.0939345142243693,1.3486312399355878
53,18.63929146537842,21.71900161030596,22.852925389157274,13.425925925925926,4.49543746645196,3.8378958668813743,,1.3821792807300053,12.204777241009126,0.0939345142243693,1.3486312399355878
54,18.431293612453032,21.604938271604937,19.87385936661299,13.425925925925926,4.643048845947397,7.253086419753086,,1.3821792807300053,11.943102522812667,0.0939345142243693,1.3486312399355878
55,18.51851851851852,21.584809447128286,19.80005367686527,13.425925925925926,4.643048845947397,7.253086419753086,,1.3888888888888888,11.943102522812667,0.0939345142243693,1.3486312399355878
56,18.585614600107355,21.450617283950617,19.79334406870639,13.405797101449275,4.643048845947397,7.313472893183038,0.11406333870101985,1.3888888888888888,11.862587224906065,0.0939345142243693,1.3486312399355878
57,18.612453032742888,21.410359634997317,17.518786902844873,16.908212560386474,4.4753086419753085,7.313472893183038,0.11406333870101985,1.3754696725711217,10.715244229736983,0.0939345142243693,1.4626945786366077
58,18.679549114331724,21.39694041867955,17.505367686527105,16.874664519592056,4.4753086419753085,7.306763285024155,0.11406333870101985,1.3754696725711217,10.715244229736983,0.0939345142243693,1.4626945786366077
59,18.82716049382716,21.390230810520666,17.505367686527105,16.847826086956523,4.4753086419753085,7.212828770799785,0.11406333870101985,1.3754696725711217,10.695115405260333,0.0939345142243693,1.4626945786366077
60,18.65271068169619,20.108695652173914,19.0552871712292,16.847826086956523,4.4753086419753085,7.212828770799785,0.11406333870101985,1.3754696725711217,10.601180891035963,0.0939345142243693,1.4626945786366077
61,18.679549114331724,20.034889962426195,19.0552871712292,16.324476650563607,4.4753086419753085,7.212828770799785,0.11406333870101985,1.8988191089640365,10.648148148148149,0.0939345142243693,1.4626945786366077
62,18.733225979602793,20.034889962426195,19.0552871712292,16.324476650563607,4.4753086419753085,7.0450885668276975,0.2549651100375738,1.8988191089640365,10.621309715512615,0.0939345142243693,1.4626945786366077
63,11.855877616747183,44.34380032206119,14.694041867954912,13.298443370907139,3.603059581320451,6.561996779388084,0.2549651100375738,1.1674718196457328,2.6637144390767578,0.0939345142243693,1.4626945786366077
64,12.338969404186795,43.914385399892645,14.667203435319378,13.271604938271604,3.603059581320451,6.561996779388084,0.2549651100375738,1.1674718196457328,2.6637144390767578,0.0939345142243693,1.4626945786366077
65,12.513419216317766,40.673644659151904,14.2914653784219,13.264895330112722,7.239667203435319,6.380837359098229,0.2549651100375738,1.1674718196457328,2.657004830917874,0.0939345142243693,1.4626945786366077
66,12.446323134728932,39.65378421900161,13.385668276972625,15.344873859366613,7.226247987117552,6.380837359098229,0.2549651100375738,1.1674718196457328,2.657004830917874,0.0939345142243693,1.3888888888888888
67,12.466451959205582,39.63365539452496,13.385668276972625,15.344873859366613,7.226247987117552,6.380837359098229,0.2549651100375738,1.3016639828234031,2.522812667740204,0.0939345142243693,1.3888888888888888
68,11.600912506709609,32.67579173376275,11.104401502952227,25.55018786902845,7.1658615136876005,6.333870101986044,0.2549651100375738,1.2748255501878691,2.4490069779924855,0.0939345142243693,1.4962426194310252
69,11.480139559849706,32.60198604401503,14.17740203972088,25.697799248523886,6.072195383789587,4.53569511540526,,1.2748255501878691,2.5697799248523885,0.0939345142243693,1.4962426194310252
70,11.77536231884058,32.48121309715513,14.17740203972088,25.697799248523886,6.038647342995169,4.394793344068707,,1.2748255501878691,2.5697799248523885,0.0939345142243693,1.4962426194310252
71,11.869296833064949,32.48121309715513,14.13714439076758,25.36231884057971,6.038647342995169,4.374664519592056,,1.2748255501878691,2.563070316693505,0.0939345142243693,1.8048845947396672
72,11.90955448201825,32.407407407407405,13.43263553408481,25.36231884057971,6.018518518518518,5.911164787976382,,0.5300590445517982,2.5295222758990876,0.0939345142243693,1.8048845947396672
73,11.969940955448202,31.97799248523886,13.41250670960816,25.36231884057971,6.4345142243692965,5.884326355340848,,0.5300590445517982,2.5295222758990876,0.0939345142243693,1.8048845947396672
74,11.75523349436393,31.159420289855074,11.976650563607086,27.81803542673108,6.515029522275899,5.8172302737520125,,0.5300590445517982,2.5295222758990876,0.0939345142243693,1.8048845947396672
75,11.674718196457327,27.220880300590444,11.976650563607086,32.68250134192163,6.649221685453569,5.173107890499195,,0.5300590445517982,2.5026838432635534,0.0939345142243693,1.4962426194310252
76,11.862587224906065,27.093397745571657,11.976650563607086,33.071658615136876,6.568706387546968,5.025496511003757,,0.5300590445517982,2.1604938271604937,0.2147074610842727,1.4962426194310252
77,11.969940955448202,27.053140096618357,11.976650563607086,33.01798174986581,6.5552871712292005,5.025496511003757,,0.5300590445517982,2.1604938271604937,0.2147074610842727,1.4962426194310252
78,12.04374664519592,27.053140096618357,11.976650563607086,33.00456253354804,6.541867954911433,5.005367686527107,,0.5032206119162641,2.1604938271604937,0.2147074610842727,1.4962426194310252
79,12.010198604401502,25.355609232420825,11.976650563607086,32.96430488459474,6.541867954911433,5.005367686527107,,0.5032206119162641,3.9318303811057436,0.2147074610842727,1.4962426194310252
80,11.963231347289318,24.9194847020934,12.466451959205582,32.71604938271605,6.541867954911433,5.005367686527107,,0.5032206119162641,3.9318303811057436,0.2147074610842727,1.737788513150832
81,12.151100375738057,24.731615673644658,12.466451959205582,32.628824476650564,6.649221685453569,4.985238862050457,,0.5032206119162641,3.9318303811057436,0.2147074610842727,1.737788513150832
82,12.258454106280194,24.59742351046699,11.855877616747183,33.272946859903385,6.635802469135802,4.891304347826087,,0.6038647342995169,3.9318303811057436,0.2147074610842727,1.737788513150832
83,12.265163714439076,24.59742351046699,11.849168008588299,33.272946859903385,6.635802469135802,4.891304347826087,,0.6038647342995169,3.9318303811057436,0.2147074610842727,1.737788513150832
84,12.325550187869029,24.208266237251745,11.721685453569512,33.2662372517445,6.166129898013956,5.857487922705314,,0.6038647342995169,3.9318303811057436,0.2147074610842727,1.7042404723564144
85,12.560386473429952,24.14787976382179,11.701556629092861,33.111916264090176,6.166129898013956,5.857487922705314,,0.6038647342995169,3.851315083199141,0.2147074610842727,1.7847557702630166
86,12.466451959205582,23.872785829307567,11.674718196457327,32.8569511540526,6.528448738593666,5.844068706387547,,0.7514761137949544,3.851315083199141,0.2147074610842727,1.9390767579173376
87,12.473161567364466,23.72517444981213,11.654589371980677,32.71604938271605,6.528448738593666,6.052066559312936,,0.7447665056360708,3.8311862587224907,0.2147074610842727,2.059849704777241
88,12.265163714439076,23.68491680085883,13.358829844337091,32.35373054213634,6.528448738593666,6.045356951154052,,0.6374127750939346,2.932098765432099,0.2147074610842727,1.9793344068706387
89,12.4597423510467,23.67149758454106,13.358829844337091,32.17257112184648,6.528448738593666,6.045356951154052,,0.6374127750939346,2.932098765432099,0.2147074610842727,1.9793344068706387
90,12.795222758990874,23.66478797638218,13.191089640365004,32.17257112184648,6.528448738593666,5.958132045088567,,0.6374127750939346,2.932098765432099,0.19457863660762212,1.9256575415995705
91,13.003220611916264,23.597691894793343,13.150831991411701,32.10547504025765,6.494900697799249,5.958132045088567,,0.6374127750939346,2.932098765432099,0.19457863660762212,1.9256575415995705
92,13.16425120772947,23.597691894793343,13.150831991411701,31.944444444444443,6.494900697799249,5.958132045088567,,0.6374127750939346,2.932098765432099,0.19457863660762212,1.9256575415995705
93,13.573537305421363,23.53059581320451,12.828770799785293,31.924315619967793,6.494900697799249,5.958132045088567,,0.6374127750939346,2.932098765432099,0.19457863660762212,1.9256575415995705
94,12.72812667740204,33.28636607622115,9.957058507783145,31.790123456790123,3.052871712292002,3.9452495974235107,,0.6374127750939346,2.818035426731079,0.07380568974771873,1.710950080515298
95,12.983091787439614,33.17901234567901,9.957058507783145,31.642512077294686,3.052871712292002,3.9452495974235107,,0.6374127750939346,2.818035426731079,0.07380568974771873,1.710950080515298
96,13.09044551798175,33.15217391304348,9.957058507783145,31.5955448201825,3.052871712292002,3.92512077294686,,0.6374127750939346,2.818035426731079,0.07380568974771873,1.6975308641975309
97,13.177670424047236,33.04482018250134,9.943639291465379,31.53515834675255,3.1468062265163717,3.92512077294686,,0.6374127750939346,2.818035426731079,0.07380568974771873,1.6975308641975309
98,13.130703166935051,32.39398819108964,9.923510466988727,31.052066559312937,3.824476650563607,4.448470209339774,,0.6374127750939346,2.818035426731079,0.07380568974771873,1.6975308641975309
99,13.056897477187333,30.67632850241546,9.769189479334408,29.66988727858293,3.824476650563607,7.716049382716049,,0.7514761137949544,2.7643585614600106,0.07380568974771873,1.6975308641975309
100,13.191089640365004,30.67632850241546,9.769189479334408,29.542404723564143,3.824476650563607,7.7898550724637685,,0.7313472893183038,2.7308105206655933,0.07380568974771873,1.6706924315619969
101,13.264895330112722,30.636070853462158,9.769189479334408,29.542404723564143,3.797638217928073,7.7831454643048845,,0.7313472893183038,2.7308105206655933,0.07380568974771873,1.6706924315619969
102,13.526570048309178,30.54884594739667,9.728931830381105,29.47530864197531,3.797638217928073,7.776435856146001,,0.7313472893183038,2.6704240472356413,0.07380568974771873,1.6706924315619969
103,13.694310252281268,30.48174986580784,9.722222222222221,29.32769726247987,3.750670960815888,7.776435856146001,,0.7313472893183038,2.6704240472356413,0.07380568974771873,1.7713365539452497
104,13.513150831991412,30.394524959742352,9.722222222222221,29.361245303274288,4.280730005367687,7.595276435856146,,0.7313472893183038,2.6704240472356413,0.07380568974771873,1.6572732152442298
105,13.774825550187868,30.253623188405797,9.668545356951155,29.26731078904992,4.374664519592056,7.595276435856146,,0.7313472893183038,2.6704240472356413,0.07380568974771873,1.5901771336553945
106,13.90901771336554,30.152979066022546,9.668545356951155,29.2337627482555,4.374664519592056,7.595276435856146,,0.7313472893183038,2.6704240472356413,0.07380568974771873,1.5901771336553945
107,14.090177133655395,30.04562533548041,9.634997316156737,29.1935050993022,4.374664519592056,7.595276435856146,,0.7313472893183038,2.6704240472356413,0.07380568974771873,1.5901771336553945
108,14.432367149758454,28.10654857756307,9.634997316156737,28.938539989264626,4.28743961352657,9.420289855072463,,0.7313472893183038,2.6704240472356413,0.07380568974771873,1.7042404723564144
109,14.51959205582394,28.099838969404185,9.588030059044552,28.911701556629094,4.28743961352657,9.41358024691358,,0.7313472893183038,2.6704240472356413,0.07380568974771873,1.7042404723564144
110,14.707461084272678,28.06629092860977,9.480676328502415,28.61647879763822,4.428341384863124,9.406870638754697,,0.8588298443370908,2.6704240472356413,0.07380568974771873,1.6908212560386473
111,14.660493827160494,25.758185721953836,9.39345142243693,28.502415458937197,4.4820182501341925,11.56736446591519,,0.8588298443370908,3.012614063338701,0.07380568974771873,1.6908212560386473
112,14.65378421900161,25.717928073000536,9.265968867418144,28.173644659151904,4.441760601180891,11.996779388083736,,0.8588298443370908,3.126677402039721,0.07380568974771873,1.6908212560386473
113,14.53972088030059,25.738056897477186,9.245840042941492,27.87842190016103,4.441760601180891,11.990069779924852,,0.8588298443370908,3.5426731078904994,0.07380568974771873,1.6908212560386473
114,14.65378421900161,25.697799248523886,9.212292002147075,27.85829307568438,4.441760601180891,11.969940955448202,,0.8588298443370908,3.5426731078904994,0.07380568974771873,1.6908212560386473
115,14.620236178207193,22.859634997316157,9.212292002147075,27.771068169618893,7.937466451959206,11.43317230273752,,0.8588298443370908,3.5426731078904994,0.07380568974771873,1.6908212560386473
116,14.694041867954912,22.839506172839506,9.185453569511541,27.38191089640365,7.937466451959206,11.480139559849706,,1.1741814278046163,3.5426731078904994,0.07380568974771873,1.6908212560386473
117,14.848362855609233,22.77241009125067,9.185453569511541,27.38191089640365,7.937466451959206,11.466720343531938,,1.1741814278046163,3.4688674181427803,0.07380568974771873,1.6908212560386473
118,12.808641975308642,22.088030059044552,21.973966720343533,20.46430488459474,7.179280730005368,7.890499194847021,,1.0332796564680622,5.347557702630167,0.0067096081588835215,1.2077294685990339
119,13.023349436392914,22.208803005904453,21.906870638754697,20.46430488459474,6.9243156199677935,7.877079978529254,,1.0332796564680622,5.347557702630167,0.0067096081588835215,1.2077294685990339
120,11.56736446591519,21.38352120236178,24.724906065485776,20.162372517444982,6.6760601180891035,7.689210950080516,,1.2345679012345678,5.347557702630167,0.0067096081588835215,1.2077294685990339
121,11.768652710681696,21.289586688137412,24.691358024691358,20.034889962426195,6.649221685453569,7.769726247987117,,1.2345679012345678,5.347557702630167,0.0067096081588835215,1.2077294685990339
122,11.822329575952764,21.256038647342994,24.691358024691358,19.847020933977454,6.642512077294686,7.689210950080516,,1.2345679012345678,5.441492216854535,0.0067096081588835215,1.3687600644122384
123,11.990069779924852,21.175523349436393,22.758990874932906,19.766505636070853,6.749865807836822,7.689210950080516,,1.2345679012345678,7.25979602791197,0.0067096081588835215,1.3687600644122384
124,12.04374664519592,21.162104133118625,22.470477724100913,19.746376811594203,7.018250134192163,7.689210950080516,,1.2345679012345678,7.25979602791197,0.0067096081588835215,1.3687600644122384
125,12.238325281803542,21.155394524959743,22.38996242619431,19.665861513687602,6.991411701556629,7.689210950080516,,1.2345679012345678,7.25979602791197,0.0067096081588835215,1.3687600644122384
126,12.553676865271068,21.115136876006442,22.24235104669887,19.639023081052066,6.998121309715513,7.689210950080516,,1.2345679012345678,7.152442297369833,0.0067096081588835215,1.3687600644122384
127,12.694578636607622,21.061460010735374,22.148416532474503,19.558507783145465,7.092055823939882,7.689210950080516,,1.2345679012345678,7.14573268921095,0.0067096081588835215,1.3687600644122384
128,12.95625335480408,21.061460010735374,22.128287707997853,19.384057971014492,7.092055823939882,7.689210950080516,,1.221148684916801,7.132313472893183,0.0067096081588835215,1.328502415458937
129,12.654320987654321,22.98040794417606,21.926999463231347,19.122383252818036,7.058507783145465,7.6556629092860975,,1.221148684916801,6.052066559312936,0.0067096081588835215,1.3217928073000538
130,12.734836285560924,22.98040794417606,21.658615136876005,19.04186795491143,7.058507783145465,7.924047235641439,,1.221148684916801,6.052066559312936,0.0067096081588835215,1.3217928073000538
131,13.003220611916264,22.96027911969941,21.410359634997317,19.04186795491143,7.058507783145465,7.924047235641439,,1.221148684916801,6.052066559312936,0.0067096081588835215,1.3217928073000538
132,13.050187869028449,22.946859903381643,21.410359634997317,19.008319914117017,7.058507783145465,7.924047235641439,,1.221148684916801,6.052066559312936,0.0067096081588835215,1.3217928073000538
133,11.003757380568974,22.322866344605476,24.825550187869027,18.5252281266774,7.011540526033279,7.924047235641439,,1.221148684916801,5.857487922705314,0.0067096081588835215,1.3016639828234031
134,11.137949543746645,22.289318303811058,24.812130971551262,18.438003220611915,7.011540526033279,7.924047235641439,,1.221148684916801,5.857487922705314,0.0067096081588835215,1.3016639828234031
135,11.466720343531938,22.20209339774557,24.745034889962426,18.4044551798175,7.011540526033279,7.9106280193236715,,1.221148684916801,5.756843800322061,0.0067096081588835215,1.2748255501878691
136,11.748523886205046,22.000805152979066,24.731615673644658,18.337359098228664,7.011540526033279,7.9106280193236715,,1.221148684916801,5.756843800322061,0.0067096081588835215,1.2748255501878691
137,11.131239935587761,21.926999463231347,22.65163714439077,21.390230810520666,6.89747718733226,7.763016639828234,,1.2010198604401503,5.756843800322061,0.0067096081588835215,1.2748255501878691
138,11.18491680085883,21.900161030595815,22.65163714439077,21.3768115942029,6.884057971014493,7.763016639828234,,1.2010198604401503,5.756843800322061,0.0067096081588835215,1.2748255501878691
139,11.58749329039184,21.900161030595815,22.33628556092324,21.18894256575416,7.011540526033279,7.7361782071927,,1.2010198604401503,5.756843800322061,0.0067096081588835215,1.2748255501878691
140,11.694847020933977,21.866612989801396,22.289318303811058,21.175523349436393,7.011540526033279,7.7361782071927,,1.2010198604401503,5.743424584004294,0.0067096081588835215,1.2748255501878691
141,11.513687600644122,21.4573268921095,21.470746108427267,21.631776704240472,7.333601717659689,8.279656468062266,,1.3620504562533549,5.683038110574342,0.0067096081588835215,1.261406333870102
142,10.084541062801932,15.26435856146001,21.4170692431562,33.93719806763285,2.9119699409554483,8.272946859903382,,1.1607622114868492,5.683038110574342,0.0067096081588835215,1.261406333870102
143,10.34621578099839,15.076489533011273,21.410359634997317,33.85668276972625,2.9723564143853998,8.252818035426731,,1.1607622114868492,5.656199677938808,0.0067096081588835215,1.261406333870102
144,10.326086956521738,15.11003757380569,21.410359634997317,33.85668276972625,2.9723564143853998,8.252818035426731,,1.1607622114868492,5.642780461621041,0.0067096081588835215,1.261406333870102
145,10.446859903381643,14.949006977992486,21.390230810520666,33.72920021470746,3.052871712292002,8.252818035426731,,1.1272141706924315,5.783682232957595,0.0067096081588835215,1.261406333870102
146,10.628019323671497,14.942297369833602,21.3768115942029,33.541331186258724,3.046162104133119,8.252818035426731,,1.261406333870102,5.683038110574342,0.0067096081588835215,1.261406333870102
147,10.768921095008052,14.895330112721417,21.349973161567366,33.400429414922165,3.2877079978529253,8.145464304884594,,1.261406333870102,5.683038110574342,0.0067096081588835215,1.2010198604401503
148,10.0979602791197,12.4597423510467,21.081588835212024,37.285292538915726,3.1736446591519054,8.11862587224906,0.11406333870101985,1.261406333870102,5.199946323134729,0.0067096081588835215,1.2010198604401503
149,10.245571658615138,12.4597423510467,20.994363929146537,37.0907139023081,3.1736446591519054,8.11862587224906,0.11406333870101985,1.3955984970477724,5.199946323134729,0.0067096081588835215,1.2010198604401503
150,10.339506172839506,12.453032742887816,20.94068706387547,37.0101986044015,3.1736446591519054,8.11862587224906,0.11406333870101985,1.3955984970477724,5.246913580246914,0.0067096081588835215,1.2010198604401503
151,10.654857756307031,12.392646269457863,20.94068706387547,36.862587224906065,3.1736446591519054,8.09849704777241,0.11406333870101985,1.3955984970477724,5.173107890499195,0.0067096081588835215,1.1876006441223832
152,10.789049919484702,12.392646269457863,20.92055823939882,36.82903918411165,3.126677402039721,7.917337627482555,0.11406333870101985,1.3955984970477724,5.166398282340311,0.1610305958132045,1.1876006441223832
153,10.909822866344605,12.392646269457863,20.873590982286636,36.782071926999464,3.126677402039721,7.917337627482555,0.11406333870101985,1.3955984970477724,5.139559849704777,0.1610305958132045,1.1876006441223832
154,10.997047772410092,12.392646269457863,20.652173913043477,36.68813741277509,3.3548040794417604,7.917337627482555,0.11406333870101985,1.3955984970477724,5.139559849704777,0.1610305958132045,1.1876006441223832
155,10.997047772410092,12.392646269457863,20.652173913043477,36.68813741277509,3.3548040794417604,7.917337627482555,0.11406333870101985,1.3955984970477724,5.139559849704777,0.1610305958132045,1.1876006441223832
156,11.003757380568974,12.372517444981213,20.605206655931294,36.68813741277509,3.3413848631239937,7.991143317230274,0.11406333870101985,1.3955984970477724,5.139559849704777,0.1610305958132045,1.1876006441223832
157,11.372785829307569,12.372517444981213,20.558239398819108,36.312399355877616,3.3413848631239937,7.991143317230274,,1.3955984970477724,4.9651100375738055,0.1610305958132045,1.5297906602254427
158,11.453301127214171,12.359098228663447,20.517981749865807,36.29898013955985,3.3413848631239937,7.991143317230274,,1.3955984970477724,4.951690821256038,0.1610305958132045,1.5297906602254427
159,11.594202898550725,12.285292538915728,17.68652710681696,36.11782071926999,6.66935050993022,7.883789586688137,,1.3955984970477724,4.944981213097155,0.1610305958132045,1.261406333870102
160,11.761943102522812,12.265163714439076,17.66639828234031,35.42002147074611,6.66935050993022,7.816693505099302,,2.0531400966183573,4.924852388620504,0.1610305958132045,1.261406333870102
161,11.882716049382717,12.13768115942029,17.652979066022546,35.30595813204509,6.810252281266774,7.816693505099302,,2.046430488459474,4.924852388620504,0.1610305958132045,1.261406333870102
162,12.02361782071927,12.110842726784755,17.599302200751477,35.15163714439077,6.810252281266774,7.816693505099302,,2.167203435319377,4.898013955984971,0.1610305958132045,1.261406333870102
163,12.305421363392378,12.110842726784755,17.45169082125604,35.05099302200752,6.810252281266774,7.7831454643048845,,2.167203435319377,4.898013955984971,0.1610305958132045,1.261406333870102
164,12.432903918411165,12.110842726784755,17.45169082125604,34.86312399355877,6.78341384863124,7.776435856146001,,2.2611379495437465,4.898013955984971,0.1610305958132045,1.261406333870102
165,12.795222758990874,11.936392914653783,17.45169082125604,34.77589908749329,6.78341384863124,7.702630166398282,,2.2611379495437465,4.871175523349437,0.1610305958132045,1.261406333870102
166,13.003220611916264,11.936392914653783,17.418142780461622,34.68867418142781,6.696188942565755,7.702630166398282,,2.2611379495437465,4.871175523349437,0.1610305958132045,1.261406333870102
167,13.117283950617283,11.929683306494901,17.384594739667204,34.614868491680085,6.696188942565755,7.702630166398282,,2.2611379495437465,4.871175523349437,0.1610305958132045,1.261406333870102
168,13.318572195383789,11.922973698336017,17.384594739667204,34.39345142243693,6.696188942565755,7.689210950080516,,2.227589908749329,4.944981213097155,0.1610305958132045,1.261406333870102
169,13.372249060654857,11.922973698336017,17.330917874396135,34.39345142243693,6.696188942565755,7.689210950080516,,2.227589908749329,4.944981213097155,0.1610305958132045,1.261406333870102
170,13.439345142243694,11.922973698336017,17.330917874396135,34.326355340848096,6.696188942565755,7.689210950080516,,2.227589908749329,4.944981213097155,0.1610305958132045,1.261406333870102
171,13.781535158346752,11.896135265700483,17.330917874396135,34.23242082662372,6.696188942565755,7.675791733762749,,2.227589908749329,4.898013955984971,0.1610305958132045,1.1003757380568975
172,13.982823403113258,11.896135265700483,17.297369833601717,34.13177670424047,6.6827697262479875,7.675791733762749,,2.227589908749329,4.898013955984971,0.1610305958132045,1.0466988727858293
173,14.076757917337627,11.822329575952764,17.290660225442835,33.943907675791735,6.749865807836822,7.615405260332796,,2.395330112721417,4.898013955984971,0.1610305958132045,1.0466988727858293
174,14.150563607085346,11.822329575952764,17.14975845410628,33.863392377885134,6.890767579173376,7.481213097155126,,2.395330112721417,4.898013955984971,0.1610305958132045,1.1876006441223832
175,14.231078904991948,11.822329575952764,17.082662372517444,33.313204508856685,7.440955448201825,7.481213097155126,,2.395330112721417,4.884594739667204,0.1610305958132045,1.1876006441223832
176,14.331723027375201,11.768652710681696,17.01556629092861,33.1857219538379,7.588566827697263,7.454374664519592,,2.3550724637681157,4.8443370907139025,0.1610305958132045,1.2949543746645196
177,14.331723027375201,11.768652710681696,16.914922168545356,33.1857219538379,7.588566827697263,7.454374664519592,,2.4557165861513686,4.8443370907139025,0.1610305958132045,1.2949543746645196
178,14.358561460010735,11.768652710681696,16.814278046162105,29.354535695115406,7.2933440687063875,7.98443370907139,,2.428878153515835,8.816425120772946,0.1610305958132045,1.0198604401502953
179,14.378690284487385,11.761943102522812,16.606280193236714,29.21363392377885,7.1725711218464845,8.541331186258722,,2.408749329039184,8.816425120772946,0.1610305958132045,0.9393451422436929
180,14.06333870101986,11.641170155662909,15.982286634460548,30.991680085882983,6.870638754696726,8.460815888352121,,2.7442297369833604,8.145464304884594,0.1610305958132045,0.9393451422436929
181,14.06333870101986,11.641170155662909,15.982286634460548,30.991680085882983,6.870638754696726,8.460815888352121,,2.7442297369833604,8.145464304884594,0.1610305958132045,0.9393451422436929
182,13.83521202361782,11.52710681696189,15.640096618357488,31.199677938808374,7.333601717659689,8.78287707997853,,2.7442297369833604,7.836822329575953,0.1610305958132045,0.9393451422436929
183,14.103596349973161,11.52710681696189,15.626677402039721,31.0654857756307,7.266505636070853,8.78287707997853,,2.7442297369833604,7.7831454643048845,0.1610305958132045,0.9393451422436929
184,14.090177133655395,11.574074074074074,15.613258185721953,31.04535695115405,7.4208266237251745,8.78287707997853,,2.7442297369833604,7.628824476650563,0.1610305958132045,0.9393451422436929
185,14.318303811057435,11.54723564143854,15.58641975308642,30.991680085882983,7.4208266237251745,8.78287707997853,,2.7442297369833604,7.39398819108964,0.1610305958132045,1.0534084809447128
186,14.821524422973699,11.453301127214171,15.58641975308642,30.69645732689211,7.306763285024155,8.78287707997853,,2.7442297369833604,7.39398819108964,0.1610305958132045,1.0534084809447128
187,14.99597423510467,11.312399355877616,15.539452495974235,30.649490069779926,7.454374664519592,8.749329039184111,,2.690552871712292,7.39398819108964,0.1610305958132045,1.0534084809447128
188,15.116747181964573,11.258722490606548,15.539452495974235,30.649490069779926,7.4208266237251745,8.749329039184111,,2.690552871712292,7.360440150295223,0.1610305958132045,1.0534084809447128
189,14.828234031132581,10.46027911969941,16.74718196457327,30.434782608695652,7.232957595276436,8.99087493290392,,2.690552871712292,7.286634460547504,0.1610305958132045,1.1674718196457328
190,15.13016639828234,10.46027911969941,16.7337627482555,30.246913580246915,7.226247987117552,8.93719806763285,,2.7844873859366612,7.159151905528717,0.1610305958132045,1.1607622114868492
191,15.26435856146001,10.178475577026301,16.7337627482555,30.56226516371444,7.139023081052066,8.923778851315083,,2.771068169618894,7.105475040257649,0.1610305958132045,1.1607622114868492
192,15.465646806226516,10.178475577026301,16.626409017713364,30.48845947396672,7.118894256575416,8.923778851315083,,2.771068169618894,7.105475040257649,0.1610305958132045,1.1607622114868492
193,15.465646806226516,10.178475577026301,16.626409017713364,30.48845947396672,7.118894256575416,8.923778851315083,,2.771068169618894,7.105475040257649,0.1610305958132045,1.1607622114868492
194,15.411969940955448,10.178475577026301,16.626409017713364,30.314009661835748,6.944444444444445,8.923778851315083,,2.737520128824477,7.541599570585078,0.1610305958132045,1.1607622114868492
195,15.519323671497585,10.178475577026301,16.55931293612453,30.287171229200215,6.944444444444445,8.816425120772946,,2.737520128824477,7.635534084809447,0.1610305958132045,1.1607622114868492
196,15.861513687600644,10.124798711755233,16.53918411164788,30.14626945786366,6.944444444444445,8.742619431025227,,2.804616210413312,7.635534084809447,0.1610305958132045,1.0399892646269457
197,16.0829307568438,9.970477724100913,16.512345679012345,30.12614063338701,6.944444444444445,8.883521202361782,,2.6435856146001075,7.635534084809447,0.1610305958132045,1.0399892646269457
198,16.14331723027375,9.96376811594203,16.458668813741276,30.12614063338701,6.944444444444445,8.883521202361782,,2.6435856146001075,7.635534084809447,0.1610305958132045,1.0399892646269457
199,15.821256038647343,9.957058507783145,16.404991948470208,31.186258722490606,6.944444444444445,8.863392377885132,,1.9994632313472893,7.628824476650563,0.1610305958132045,1.0332796564680622
200,15.92860976918948,9.842995169082126,16.404991948470208,31.159420289855074,6.984702093397746,8.856682769726248,,1.9994632313472893,7.628824476650563,0.1610305958132045,1.0332796564680622
201,16.190284487385938,9.842995169082126,16.15673644659152,30.99838969404187,7.306763285024155,8.722490606548577,,1.9927536231884058,7.628824476650563,0.15432098765432098,1.0064412238325282
202,16.49892646269458,9.816156736446592,16.13660762211487,30.776972624798713,7.212828770799785,8.722490606548577,,1.9927536231884058,7.682501341921632,0.15432098765432098,1.0064412238325282
203,16.545893719806763,9.71551261406334,16.13660762211487,30.756843800322063,7.300053676865271,8.722490606548577,,1.9793344068706387,7.682501341921632,0.15432098765432098,1.0064412238325282
204,16.438539989264626,9.561191626409018,16.29092860976919,30.750134192163177,7.4141170155662905,8.722490606548577,,1.9793344068706387,7.682501341921632,0.15432098765432098,1.0064412238325282
205,16.51905528717123,9.292807300053678,16.19699409554482,30.67632850241546,7.689210950080516,8.675523349436393,,1.9793344068706387,7.809983896940419,0.15432098765432098,1.0064412238325282
206,16.586151368760063,9.292807300053678,16.170155662909288,30.67632850241546,7.682501341921632,8.662104133118627,,1.9793344068706387,7.809983896940419,0.15432098765432098,0.9863123993558777
207,16.512345679012345,9.292807300053678,15.801127214170693,30.67632850241546,7.682501341921632,8.662104133118627,,1.9793344068706387,8.252818035426731,0.15432098765432098,0.9863123993558777
208,16.700214707461082,9.286097691894794,15.801127214170693,30.50858829844337,7.682501341921632,8.655394524959743,,1.9793344068706387,8.246108427267847,0.15432098765432098,0.9863123993558777
209,16.74718196457327,9.286097691894794,15.787707997852925,30.50858829844337,7.648953301127214,8.467525496511003,,2.187332259796028,8.225979602791197,0.15432098765432098,0.9863123993558777
210,17.09608158883521,9.03113258185722,15.74074074074074,30.387815351583466,7.608695652173913,8.581588835212024,,2.187332259796028,8.225979602791197,0.15432098765432098,0.9863123993558777
211,16.774020397208805,7.608695652173913,15.693773483628556,29.294149221685455,7.427536231884058,11.694847020933977,,2.187332259796028,8.225979602791197,0.15432098765432098,0.9393451422436929
212,16.80756843800322,7.608695652173913,15.4723564143854,29.2337627482555,7.675791733762749,11.694847020933977,,2.187332259796028,8.225979602791197,0.15432098765432098,0.9393451422436929
213,16.881374127750938,7.601986044015029,15.4723564143854,29.2337627482555,7.675791733762749,11.627750939345143,,2.187332259796028,8.225979602791197,0.15432098765432098,0.9393451422436929
214,17.12962962962963,7.601986044015029,15.432098765432098,29.200214707461082,7.628824476650563,11.553945249597424,,2.147074610842727,8.21256038647343,0.15432098765432098,0.9393451422436929
