,45,50,53,55,54,51,52,59,56,58,57
0,99.94632313472893,0.05367686527106817,,,,,,,,,
1,91.88808373590982,8.111916264090176,,,,,,,,,
2,85.70182501341921,13.667471819645733,0.630703166935051,,,,,,,,
3,85.63472893183038,13.707729468599034,0.630703166935051,0.026838432635534086,,,,,,,
4,78.44202898550725,20.82662372517445,0.630703166935051,0.026838432635534086,0.07380568974771873,,,,,,
5,68.08239398819109,31.186258722490606,0.630703166935051,0.026838432635534086,0.07380568974771873,,,,,,
6,58.333333333333336,41.00912506709608,0.630703166935051,0.026838432635534086,,,,,,,
7,57.78314546430489,38.479602791196996,0.6172839506172839,0.2616747181964573,,2.85829307568438,,,,,
8,51.77133655394525,47.0679012345679,0.6172839506172839,0.2616747181964573,,0.28180354267310787,,,,,
9,48.78556092324208,39.754428341384866,0.6172839506172839,0.23483628556092323,0.43612453032742887,10.171765968867419,,,,,
10,48.7385936661299,39.801395598497045,0.6172839506172839,0.23483628556092323,0.43612453032742887,10.171765968867419,,,,,
11,47.32286634460547,39.29817498658078,0.6172839506172839,0.23483628556092323,0.43612453032742887,12.090713902308105,,,,,
12,39.754428341384866,51.7914653784219,,0.28180354267310787,0.2683843263553409,7.75630703166935,0.14761137949543746,,,,
13,39.22436929683307,50.254965110037574,,0.5032206119162641,0.3153515834675255,7.6623725174449815,2.0397208803005906,,,,
14,38.707729468599034,49.36929683306495,,0.4562533548040794,0.3153515834675255,9.158615136876007,1.9927536231884058,,,,
15,31.83709071390231,55.66961889425657,,0.6239935587761675,0.3757380568974772,9.359903381642512,2.13365539452496,,,,
16,30.790391841116477,54.21363392377885,,0.5367686527106817,0.3757380568974772,11.990069779924852,2.0933977455716586,,,,
17,30.823939881910896,53.88486312399356,,0.9728931830381106,0.38915727321524424,11.83574879227053,2.0933977455716586,,,,
18,30.743424584004295,52.08668813741278,0.2683843263553409,2.589908749329039,0.4830917874396135,11.829039184111648,1.9994632313472893,,,,
19,28.992216854535695,48.993558776167475,0.2683843263553409,2.4154589371980677,0.4830917874396135,16.874664519592056,1.9726247987117553,,,,
20,25.15432098765432,46.02791196994095,2.871712292002147,2.3215244229736984,0.6105743424584005,20.974235104669887,1.9726247987117553,0.06709608158883522,,,
21,22.73215244229737,48.47691894793344,2.871712292002147,2.5496511003757383,0.5904455179817498,20.739398819108963,1.9726247987117553,0.06709608158883522,,,
22,17.867686527106816,53.48899624261943,2.871712292002147,2.5496511003757383,0.5904455179817498,20.739398819108963,1.8250134192163177,0.06709608158883522,,,
23,17.954911433172303,51.972624798711756,4.206924315619967,2.6502952227589907,0.5904455179817498,20.73268921095008,1.8250134192163177,0.06709608158883522,,,
24,17.934782608695652,51.912238325281805,4.314278046162104,2.6502952227589907,0.5904455179817498,20.558239398819108,1.8250134192163177,0.06709608158883522,0.14761137949543746,,
25,17.98174986580784,51.50295222758991,4.314278046162104,2.8113258185721954,0.5904455179817498,20.759527643585614,1.8250134192163177,0.06709608158883522,0.14761137949543746,,
26,17.28395061728395,41.606280193236714,4.314278046162104,5.314009661835748,0.5904455179817498,28.85131508319914,1.8250134192163177,0.06709608158883522,0.14761137949543746,,
27,17.478529253891573,41.44524959742351,6.266774020397209,5.314009661835748,0.5904455179817498,26.86527106816962,1.8250134192163177,0.06709608158883522,0.14761137949543746,,
28,17.518786902844873,41.398282340311326,6.655931293612453,5.347557702630167,0.5904455179817498,26.529790660225444,1.8250134192163177,0.06709608158883522,0.06709608158883522,,
29,16.639828234031132,38.727858293075684,6.568706387546968,4.958400429414922,0.39586688137412773,27.49597423510467,5.059044551798175,0.06709608158883522,,0.08722490606548577,
30,16.666666666666668,37.90257648953301,5.984970477724101,4.944981213097155,0.39586688137412773,28.891572732152444,5.059044551798175,0.06709608158883522,,0.08722490606548577,
31,16.545893719806763,37.68115942028985,5.984970477724101,5.307300053676865,0.39586688137412773,28.864734299516908,5.032206119162641,0.06709608158883522,,0.12077294685990338,
32,15.874932903918411,36.983360171765966,5.293880837359098,4.864465915190553,0.39586688137412773,31.280193236714975,5.032206119162641,0.06709608158883522,0.12077294685990338,0.08722490606548577,
33,12.211486849168008,30.132850241545892,3.7238325281803544,1.9659151905528718,0.39586688137412773,42.579173376274824,8.655394524959743,0.06709608158883522,0.2683843263553409,,
34,11.506977992485238,28.44873859366613,8.266237251744498,1.710950080515298,0.39586688137412773,39.07675791733763,10.21202361782072,0.06709608158883522,0.3153515834675255,,
35,10.621309715512615,25.83870101986044,7.27992485238862,1.42914653784219,0.39586688137412773,41.10305958132045,12.895866881374127,0.06709608158883522,0.36902844873859364,,
36,10.809178743961352,25.764895330112722,7.27992485238862,1.5365002683843263,0.39586688137412773,40.90177133655394,12.875738056897477,0.06709608158883522,0.36902844873859364,,
37,10.876274825550189,25.63070316693505,7.1658615136876005,1.6304347826086956,2.254428341384863,39.210950080515296,12.855609232420827,0.06709608158883522,0.30864197530864196,,
38,10.876274825550189,25.207997852925388,7.118894256575416,1.6438539989264627,2.254428341384863,39.87520128824477,12.674449812130971,0.06709608158883522,0.28180354267310787,,
39,10.990338164251208,25.181159420289855,7.105475040257649,1.6438539989264627,2.254428341384863,39.700751476113794,12.640901771336553,0.06709608158883522,0.41599570585077833,,
40,10.473698336017177,24.62426194310252,7.105475040257649,1.6774020397208802,2.254428341384863,40.59983896940419,12.640901771336553,0.06709608158883522,0.5568974771873323,,
41,10.466988727858293,24.58400429414922,5.978260869565218,1.8384326355340848,2.254428341384863,38.26489533011272,15.814546430488459,0.06709608158883522,0.6172839506172839,,0.11406333870101985
42,10.534084809447128,22.638217928073,5.991680085882985,1.724369296833065,2.1604938271604937,38.077026301663984,17.995169082125603,0.06709608158883522,0.6977992485238862,,0.11406333870101985
43,10.534084809447128,22.591250670960815,5.991680085882985,1.7713365539452497,2.1604938271604937,38.077026301663984,17.995169082125603,0.06709608158883522,0.6977992485238862,,0.11406333870101985
44,10.57434245840043,22.57783145464305,5.991680085882985,1.7713365539452497,2.1604938271604937,38.10386473429951,17.941492216854535,0.06709608158883522,0.6977992485238862,,0.11406333870101985
45,10.57434245840043,21.054750402576488,5.991680085882985,3.7104133118625873,2.1604938271604937,37.6207729468599,17.894524959742352,0.06709608158883522,0.8118625872249061,,0.11406333870101985
46,10.57434245840043,21.027911969940956,5.991680085882985,3.7372517444981215,2.1604938271604937,37.6207729468599,17.894524959742352,0.06709608158883522,0.8118625872249061,,0.11406333870101985
47,10.661567364465915,21.027911969940956,5.991680085882985,3.6902844873859366,2.1604938271604937,37.58722490606549,17.881105743424584,0.06709608158883522,0.8185721953837896,,0.11406333870101985
48,10.782340311325818,19.97450348899624,5.991680085882985,2.8381642512077296,2.1403650026838434,34.17203435319377,23.18840579710145,0.06709608158883522,0.6910896403650026,,0.15432098765432098
49,10.721953837895867,18.51851851851852,7.14573268921095,2.8381642512077296,1.7176596886741815,31.82367149758454,26.476113794954376,0.06709608158883522,0.5367686527106817,,0.15432098765432098
50,9.192163177670425,15.666935050993022,7.14573268921095,2.7643585614600106,1.42914653784219,38.499731615673646,24.54374664519592,0.06709608158883522,0.5367686527106817,,0.15432098765432098
51,9.292807300053678,15.60654857756307,7.14573268921095,2.7979066022544283,1.42914653784219,38.43263553408481,24.537037037037038,0.06709608158883522,0.5367686527106817,,0.15432098765432098
52,9.219001610305957,15.4723564143854,7.14573268921095,2.871712292002147,1.42914653784219,37.09742351046699,25.811862587224905,0.06709608158883522,0.4830917874396135,,0.4025764895330113
53,9.353193773483628,15.28448738593666,9.346484165324744,3.240740740740741,1.42914653784219,36.94981213097155,23.382984433709073,0.06709608158883522,0.46296296296296297,0.08051529790660225,0.4025764895330113
54,9.145195920558239,13.761406333870102,9.346484165324744,2.677133655394525,1.42914653784219,36.621041331186255,25.81857219538379,0.06709608158883522,0.5434782608695652,0.08051529790660225,0.5099302200751477
55,9.158615136876007,13.761406333870102,9.346484165324744,2.677133655394525,1.42914653784219,36.621041331186255,25.805152979066023,0.06709608158883522,0.5434782608695652,0.08051529790660225,0.5099302200751477
56,9.212292002147075,13.727858293075684,9.346484165324744,2.677133655394525,1.42914653784219,36.30568974771873,25.791733762748255,0.06709608158883522,0.8521202361782072,0.08051529790660225,0.5099302200751477
57,9.198872785829307,13.466183574879228,12.298711755233494,2.677133655394525,1.42914653784219,34.245840042941495,25.147611379495437,0.06709608158883522,0.9326355340848095,0.08051529790660225,0.4562533548040794
58,9.205582393988191,12.184648416532475,11.580783682232958,2.38191089640365,0.4294149221685454,39.331723027375205,23.450080515297905,0.06709608158883522,0.9393451422436929,0.08051529790660225,0.3488996242619431
59,8.21256038647343,11.218464841653248,10.72866344605475,2.086688137412775,0.28180354267310787,42.53220611916264,23.49704777241009,0.06709608158883522,0.9460547504025765,0.08051529790660225,0.3488996242619431
60,8.252818035426731,11.198336017176597,10.628019323671497,2.073268921095008,0.28180354267310787,42.50536768652711,23.43666129898014,0.06709608158883522,1.1272141706924315,0.08051529790660225,0.3488996242619431
61,8.299785292538916,11.191626409017713,10.312667740203972,2.073268921095008,1.0198604401502953,42.0625335480408,23.416532474503487,0.06709608158883522,1.1272141706924315,0.08051529790660225,0.3488996242619431
62,8.373590982286634,11.057434245840042,10.305958132045088,2.1806226516371443,1.0198604401502953,42.04240472356415,23.34272678475577,0.06709608158883522,1.1272141706924315,0.08051529790660225,0.4025764895330113
63,8.272946859903382,10.715244229736983,8.132045088566828,1.0399892646269457,0.6374127750939346,46.08829844337091,23.45679012345679,0.06709608158883522,1.1876006441223832,,0.4025764895330113
64,8.373590982286634,10.681696188942565,8.105206655931294,1.0399892646269457,0.6374127750939346,46.061460010735374,23.289049919484704,0.06709608158883522,1.2010198604401503,,0.5434782608695652
65,8.467525496511003,10.762211486849168,8.085077831454644,1.0399892646269457,0.6374127750939346,46.00107353730542,23.19511540526033,0.06709608158883522,1.2010198604401503,,0.5434782608695652
66,8.561460010735374,10.762211486849168,8.085077831454644,1.0399892646269457,0.6374127750939346,45.90713902308105,23.19511540526033,0.06709608158883522,1.2010198604401503,,0.5434782608695652
67,8.735909822866345,10.742082662372518,8.017981749865807,1.0399892646269457,0.6374127750939346,45.7662372517445,23.09447128287708,0.06709608158883522,1.2748255501878691,0.05367686527106817,0.5703166935050993
68,8.80300590445518,10.7085346215781,8.017981749865807,1.0399892646269457,0.6374127750939346,45.69914117015566,23.09447128287708,0.06709608158883522,1.3083735909822867,0.05367686527106817,0.5703166935050993
69,8.816425120772946,10.775630703166936,8.004562533548041,1.06682769726248,0.6374127750939346,45.56494900697799,23.067632850241544,0.06709608158883522,1.3821792807300053,0.05367686527106817,0.5636070853462157
70,8.977455716586151,10.775630703166936,7.991143317230274,1.06682769726248,0.6374127750939346,45.471014492753625,23.013955984970476,0.06709608158883522,1.3821792807300053,0.05367686527106817,0.5636070853462157
71,6.8035426731078905,16.586151368760063,7.96430488459474,0.95276435856146,0.7783145464304885,45.169082125603865,19.679280730005367,0.06709608158883522,1.3821792807300053,0.05367686527106817,0.5636070853462157
72,5.924584004294149,14.99597423510467,6.729736983360172,0.6642512077294686,0.4227053140096618,53.84460547504026,15.640096618357488,0.06709608158883522,1.0466988727858293,0.10064412238325282,0.5636070853462157
73,5.636070853462158,11.144659151905529,10.198604401502953,0.6642512077294686,0.4227053140096618,46.68545356951154,23.255501878690286,0.06709608158883522,1.3083735909822867,0.05367686527106817,0.5636070853462157
74,5.642780461621041,10.976918947933441,10.178475577026301,0.8319914117015567,0.4495437466451959,46.64519592055824,23.141438539989263,0.06709608158883522,1.3352120236178207,0.05367686527106817,0.6776704240472357
75,5.8172302737520125,10.976918947933441,10.02415458937198,0.8319914117015567,0.4495437466451959,46.61835748792271,23.027375201288244,0.06709608158883522,1.3352120236178207,0.17444981213097155,0.6776704240472357
76,4.4820182501341925,9.252549651100376,7.769726247987117,0.7783145464304885,0.4495437466451959,50.939345142243695,24.302200751476114,0.06709608158883522,1.1808910359634996,0.10064412238325282,0.6776704240472357
77,4.4753086419753085,9.312936124530328,7.769726247987117,0.7783145464304885,0.4495437466451959,50.899087493290395,24.288781535158346,0.06709608158883522,1.1808910359634996,0.10064412238325282,0.6776704240472357
78,4.53569511540526,9.312936124530328,7.75630703166935,0.7783145464304885,0.4495437466451959,50.88566827697262,24.255233494363928,0.06709608158883522,1.1808910359634996,0.10064412238325282,0.6776704240472357
79,4.582662372517445,9.312936124530328,7.75630703166935,0.7783145464304885,0.4495437466451959,50.87224906065486,24.22168545356951,0.06709608158883522,1.1808910359634996,0.10064412238325282,0.6776704240472357
80,4.656468062265164,9.312936124530328,7.75630703166935,0.7783145464304885,1.4626945786366077,49.745034889962426,24.20155662909286,0.06709608158883522,1.2412775093934514,0.10064412238325282,0.6776704240472357
81,4.7638217928073,9.272678475577026,7.769726247987117,0.9192163177670424,1.5767579173376274,49.57058507783145,23.879495437466453,0.06709608158883522,1.402308105206656,0.10064412238325282,0.6776704240472357
82,4.87788513150832,9.272678475577026,7.702630166398282,0.8923778851315083,1.5767579173376274,49.13446054750403,23.872785829307567,0.06709608158883522,1.8384326355340848,0.10064412238325282,0.6642512077294686
83,3.4957058507783145,22.054482018250134,7.702630166398282,0.7246376811594203,1.06682769726248,40.41196994095545,22.168545356951153,0.06709608158883522,1.6706924315619969,0.10064412238325282,0.5367686527106817
84,3.488996242619431,21.85319377348363,7.897208803005904,0.8923778851315083,1.06682769726248,37.0101986044015,25.328770799785293,0.06709608158883522,1.7579173376274826,0.10064412238325282,0.5367686527106817
85,3.5628019323671496,21.826355340848096,7.897208803005904,0.8923778851315083,1.06682769726248,36.9699409554482,25.32206119162641,0.06709608158883522,1.7579173376274826,0.10064412238325282,0.5367686527106817
86,3.603059581320451,21.826355340848096,7.877079978529254,1.221148684916801,1.06682769726248,36.74852388620504,24.993290391841118,0.06709608158883522,1.9592055823939882,0.10064412238325282,0.5367686527106817
87,3.7037037037037037,21.826355340848096,7.877079978529254,1.221148684916801,1.06682769726248,36.64117015566291,24.88593666129898,0.06709608158883522,2.033011272141707,0.10064412238325282,0.5770263016639828
88,3.7372517444981215,21.812936124530328,7.796564680622652,1.247987117552335,1.06682769726248,36.61433172302738,24.859098228663445,0.06709608158883522,2.033011272141707,0.10064412238325282,0.6642512077294686
89,3.8915727321524423,21.792807300053678,7.796564680622652,1.247987117552335,1.06682769726248,36.44659151905529,24.65780998389694,0.06709608158883522,2.147074610842727,0.10064412238325282,0.785024154589372
90,3.1333870101986045,31.199677938808374,7.561728395061729,0.6776704240472357,0.6172839506172839,42.39801395598497,11.862587224906065,0.06709608158883522,2.0933977455716586,0.10064412238325282,0.2885131508319914
91,3.193773483628556,31.179549114331724,7.555018786902845,0.6776704240472357,0.6172839506172839,42.3443370907139,11.855877616747183,0.06709608158883522,2.120236178207193,0.10064412238325282,0.2885131508319914
92,3.321256038647343,28.77750939345142,7.548309178743962,0.644122383252818,3.0394524959742353,42.210144927536234,11.761943102522812,0.06709608158883522,2.2410091250670963,0.10064412238325282,0.2885131508319914
93,3.435319377348363,28.75067096081589,7.548309178743962,0.644122383252818,3.0394524959742353,42.1430488459474,11.741814278046162,0.06709608158883522,2.2410091250670963,0.10064412238325282,0.2885131508319914
94,3.5091250670960816,28.743961352657006,7.467793880837359,0.644122383252818,3.0394524959742353,42.109500805152976,11.741814278046162,0.06709608158883522,2.2410091250670963,0.10064412238325282,0.33548040794417605
95,3.5091250670960816,28.60305958132045,7.353730542136339,0.7648953301127214,3.1199677938808374,38.08373590982286,15.398550724637682,0.06709608158883522,2.6637144390767578,0.10064412238325282,0.33548040794417605
96,3.4688674181427803,28.60305958132045,7.353730542136339,0.7648953301127214,3.2139023081052067,38.00993022007515,15.371712292002147,0.06709608158883522,2.7106816961889426,0.10064412238325282,0.33548040794417605
97,3.475577026301664,28.670155662909288,7.347020933977456,0.7648953301127214,3.2541599570585076,37.895866881374126,15.33816425120773,0.06709608158883522,2.791196994095545,0.06038647342995169,0.33548040794417605
98,3.6500268384326353,28.629898013955984,7.347020933977456,0.7648953301127214,3.2742887815351582,37.76838432635534,15.297906602254429,0.06709608158883522,2.804616210413312,0.06038647342995169,0.33548040794417605
99,3.717122920021471,28.60305958132045,7.347020933977456,0.7648953301127214,3.2742887815351582,37.76167471819646,15.26435856146001,0.06709608158883522,2.804616210413312,0.06038647342995169,0.33548040794417605
100,2.9119699409554483,24.114331723027377,7.326892109500805,0.7648953301127214,3.052871712292002,43.63929146537842,14.834943639291465,0.06709608158883522,2.9052603327965647,0.06038647342995169,0.322061191626409
101,3.0864197530864197,24.074074074074073,7.253086419753086,0.8051529790660226,3.052871712292002,43.545356951154055,14.76784755770263,0.06709608158883522,2.9388083735909825,0.06038647342995169,0.3488996242619431
102,3.113258185721954,24.074074074074073,7.253086419753086,0.8051529790660226,3.1535158346752548,43.37761674718197,14.76784755770263,0.06709608158883522,2.9790660225442833,0.06038647342995169,0.3488996242619431
103,3.3950617283950617,23.845947396672035,7.232957595276436,0.9259259259259259,3.1535158346752548,43.223295759527645,14.76784755770263,0.06709608158883522,2.9790660225442833,0.06038647342995169,0.3488996242619431
104,3.535963499731616,23.832528180354267,7.206119162640902,0.9259259259259259,3.1535158346752548,43.12265163714439,14.76784755770263,0.06709608158883522,2.9790660225442833,0.06038647342995169,0.3488996242619431
105,3.6231884057971016,23.772141706924316,7.206119162640902,0.9259259259259259,3.1535158346752548,42.80059044551798,14.76784755770263,0.06709608158883522,3.2742887815351582,0.06038647342995169,0.3488996242619431
106,3.7104133118625873,23.738593666129898,7.206119162640902,0.9594739667203436,3.1535158346752548,42.69994632313473,14.76784755770263,0.06709608158883522,3.2877079978529253,0.06038647342995169,0.3488996242619431
107,3.7775093934514223,23.691626409017715,7.118894256575416,1.0802469135802468,3.1333870101986045,42.56575415995706,14.754428341384862,0.06709608158883522,3.4017713365539453,0.06038647342995169,0.3488996242619431
108,3.844605475040258,23.678207192699947,7.118894256575416,1.0802469135802468,3.1333870101986045,42.55904455179817,14.720880300590446,0.06709608158883522,3.388352120236178,0.06038647342995169,0.3488996242619431
109,3.797638217928073,23.43666129898014,7.065217391304348,1.3888888888888888,3.1333870101986045,38.888888888888886,18.47826086956522,0.06709608158883522,3.280998389694042,0.11406333870101985,0.3488996242619431
110,3.824476650563607,23.423242082662373,7.065217391304348,1.3888888888888888,3.1333870101986045,38.87546967257112,18.47826086956522,0.06709608158883522,3.280998389694042,0.11406333870101985,0.3488996242619431
111,3.878153515834675,23.423242082662373,7.065217391304348,1.3888888888888888,3.1333870101986045,38.66747181964573,18.431293612453032,0.06709608158883522,3.4621578099838968,0.11406333870101985,0.36902844873859364
112,3.9720880300590444,23.423242082662373,7.065217391304348,1.3888888888888888,3.1333870101986045,38.66747181964573,18.344068706387546,0.06709608158883522,3.455448201825013,0.11406333870101985,0.36902844873859364
113,3.9586688137412773,23.396403650026837,6.957863660762212,1.3888888888888888,3.2004830917874396,38.6406333870102,18.323939881910896,0.06709608158883522,3.455448201825013,0.11406333870101985,0.49651100375738055
114,4.052603327965647,23.389694041867955,6.991411701556629,1.3754696725711217,3.2004830917874396,38.446054750402574,18.297101449275363,0.06709608158883522,3.569511540526033,0.11406333870101985,0.49651100375738055
115,4.126409017713366,23.329307568438004,6.991411701556629,1.402308105206656,3.2004830917874396,38.439345142243695,18.263553408480945,0.06709608158883522,3.569511540526033,0.11406333870101985,0.49651100375738055
116,4.186795491143317,22.987117552334944,6.984702093397746,1.710950080515298,3.2004830917874396,38.38566827697262,18.109232420826622,0.06709608158883522,3.603059581320451,0.11406333870101985,0.6508319914117016
117,4.0995705850778315,22.73886205045625,6.971282877079979,2.0799785292538915,3.2004830917874396,38.12399355877617,18.08239398819109,0.06709608158883522,3.8714439076757916,0.11406333870101985,0.6508319914117016
118,2.885131508319914,17.19001610305958,5.636070853462158,1.7176596886741815,2.952227589908749,46.75925925925926,19.806763285024154,0.06709608158883522,2.2611379495437465,0.10064412238325282,0.6239935587761675
119,2.985775630703167,17.002147074610843,5.636070853462158,2.100107353730542,2.952227589908749,46.66532474503489,19.652442297369834,0.06709608158883522,2.13365539452496,0.10064412238325282,0.7045088566827697
120,3.0864197530864197,16.847826086956523,5.636070853462158,2.214170692431562,2.885131508319914,46.61164787976382,19.6256038647343,0.13419216317767044,2.15378421900161,0.10064412238325282,0.7045088566827697
121,3.1065485775630703,16.847826086956523,5.636070853462158,2.214170692431562,2.885131508319914,46.59151905528717,19.6256038647343,0.13419216317767044,2.15378421900161,0.10064412238325282,0.7045088566827697
122,3.260869565217391,16.76731078904992,5.636070853462158,2.214170692431562,2.885131508319914,46.5378421900161,19.592055823939884,0.13419216317767044,2.1940418679549114,0.10064412238325282,0.6776704240472357
123,3.3011272141706924,16.76731078904992,5.636070853462158,2.214170692431562,2.885131508319914,46.53113258185722,19.55179817498658,0.13419216317767044,2.200751476113795,0.10064412238325282,0.6776704240472357
124,3.3413848631239937,16.75389157273215,6.347289318303811,2.2879763821792807,2.885131508319914,46.02791196994095,19.216317767042405,0.13419216317767044,2.120236178207193,0.10064412238325282,0.785024154589372
125,3.3413848631239937,16.6935050993022,6.347289318303811,2.3215244229736984,3.0394524959742353,45.8870101986044,19.088835212023618,0.13419216317767044,2.2611379495437465,0.10064412238325282,0.785024154589372
126,3.4420289855072466,16.512345679012345,6.347289318303811,2.4490069779924855,4.663177670424047,45.33682232957595,18.109232420826622,0.13419216317767044,2.227589908749329,0.10064412238325282,0.6776704240472357
127,3.0931293612453032,13.150831991411701,5.984970477724101,1.8115942028985508,4.582662372517445,53.01932367149758,15.613258185721953,0.13419216317767044,1.8719806763285025,0.10064412238325282,0.6374127750939346
128,3.193773483628556,13.150831991411701,5.9447128287707995,1.8115942028985508,4.582662372517445,52.81132581857219,15.613258185721953,0.13419216317767044,2.01959205582394,0.10064412238325282,0.6374127750939346
129,3.240740740740741,13.117283950617283,5.931293612453032,1.8451422436929683,4.569243156199678,52.79119699409554,15.613258185721953,0.13419216317767044,2.01959205582394,0.10064412238325282,0.6374127750939346
130,2.9723564143853998,11.144659151905529,5.924584004294149,1.7981749865807837,8.239398819108963,48.80568974771873,18.5654857756307,0.08051529790660225,1.737788513150832,0.10064412238325282,0.630703166935051
131,2.7241009125067097,11.131239935587761,5.904455179817498,1.7713365539452497,8.111916264090176,48.55743424584004,18.45813204508857,0.08051529790660225,2.5295222758990876,0.10064412238325282,0.630703166935051
132,2.844873859366613,11.104401502952227,5.904455179817498,1.7579173376274826,8.091787439613526,48.51717659688674,18.270263016639827,0.08051529790660225,2.6972624798711755,0.10064412238325282,0.630703166935051
133,2.8918411164787976,10.990338164251208,5.904455179817498,1.865271068169619,8.091787439613526,48.37627482555019,18.256843800322063,0.08051529790660225,2.8113258185721954,0.10064412238325282,0.630703166935051
134,3.1870638754696725,10.990338164251208,5.870907139023081,1.865271068169619,8.091787439613526,48.168276972624795,18.203166935050994,0.08051529790660225,2.8113258185721954,0.10064412238325282,0.630703166935051
135,3.3950617283950617,10.93666129898014,5.797101449275362,1.9793344068706387,8.091787439613526,48.00053676865271,18.203166935050994,0.08051529790660225,2.7844873859366612,0.10064412238325282,0.630703166935051
136,3.4286097691894795,10.903113258185721,5.783682232957595,2.0128824476650564,8.091787439613526,48.00053676865271,18.183038110574344,0.08051529790660225,2.7844873859366612,0.10064412238325282,0.630703166935051
137,3.3480944712828773,10.158346752549651,9.930220075147611,1.5633387010198605,8.085077831454644,47.85963499731616,15.673644659151906,0.013419216317767043,2.7777777777777777,,0.5904455179817498
138,3.4420289855072466,10.138217928073,9.896672034353195,1.5633387010198605,8.085077831454644,47.678475577026305,15.673644659151906,0.04696725711218465,2.885131508319914,,0.5904455179817498
139,3.455448201825013,10.138217928073,9.896672034353195,1.5633387010198605,8.085077831454644,47.66505636070853,15.673644659151906,0.04696725711218465,2.885131508319914,,0.5904455179817498
140,3.6097691894793345,10.138217928073,9.896672034353195,1.5633387010198605,8.038110574342458,47.42351046698873,15.673644659151906,0.08051529790660225,2.9924852388620504,,0.5837359098228664
141,3.7640901771336552,10.131508319914117,9.896672034353195,1.5633387010198605,8.038110574342458,47.27589908749329,15.673644659151906,0.08051529790660225,2.9924852388620504,,0.5837359098228664
142,3.8311862587224907,10.057702630166398,9.856414385399892,1.5633387010198605,8.038110574342458,47.034353193773484,15.673644659151906,0.08051529790660225,3.280998389694042,,0.5837359098228664
143,3.9452495974235107,10.050993022007514,9.856414385399892,1.556629092860977,7.997852925389157,46.91358024691358,15.666935050993022,0.08051529790660225,3.3480944712828773,,0.5837359098228664
144,3.743961352657005,7.185990338164252,9.829575952764358,1.4626945786366077,5.998389694041868,55.92458400429415,11.822329575952764,0.08051529790660225,3.3480944712828773,0.06709608158883522,0.5367686527106817
145,3.515834675254965,7.118894256575416,8.588298443370908,1.5297906602254427,5.998389694041868,59.12506709608159,10.205314009661835,0.08051529790660225,3.2340311325818574,0.06709608158883522,0.5367686527106817
146,3.556092324208266,7.118894256575416,10.520665593129362,1.5297906602254427,5.488459473966721,56.474771873322595,11.023886205045626,0.08051529790660225,3.603059581320451,0.06709608158883522,0.5367686527106817
147,3.6231884057971016,6.957863660762212,10.520665593129362,1.6774020397208802,5.475040257648954,56.46135265700483,10.970209339774557,0.08051529790660225,3.603059581320451,0.06709608158883522,0.5636070853462157
148,3.6366076221148687,6.957863660762212,10.520665593129362,1.6774020397208802,5.475040257648954,56.34057971014493,10.970209339774557,0.08051529790660225,3.7104133118625873,0.06709608158883522,0.5636070853462157
149,3.6366076221148687,6.957863660762212,10.520665593129362,1.6774020397208802,5.475040257648954,56.29361245303274,10.963499731615673,0.08051529790660225,3.7640901771336552,0.06709608158883522,0.5636070853462157
150,3.616478797638218,6.0654857756307035,10.50053676865271,1.6774020397208802,7.5281803542673105,55.17981749865808,10.963499731615673,0.08051529790660225,3.7573805689747717,0.06709608158883522,0.5636070853462157
151,3.7640901771336552,6.0654857756307035,10.487117552334944,1.6774020397208802,7.5281803542673105,55.04562533548041,10.963499731615673,0.08051529790660225,3.7573805689747717,0.06709608158883522,0.5636070853462157
152,3.8378958668813743,6.0654857756307035,10.44015029522276,1.6774020397208802,7.514761137949543,54.723564143854,10.929951690821255,0.08051529790660225,4.032474503488996,0.06709608158883522,0.630703166935051
153,3.9184111647879765,6.0654857756307035,10.44015029522276,1.6774020397208802,7.48792270531401,54.61621041331186,10.929951690821255,0.08051529790660225,4.086151368760064,0.06709608158883522,0.630703166935051
154,3.965378421900161,6.0654857756307035,10.319377348362856,1.6774020397208802,7.481213097155126,55.18652710681696,10.292538915727322,0.20128824476650564,4.1129898013955986,0.06709608158883522,0.630703166935051
155,4.019055287171229,6.038647342995169,10.319377348362856,1.7042404723564144,7.454374664519592,55.18652710681696,10.265700483091788,0.20128824476650564,4.1129898013955986,0.06709608158883522,0.630703166935051
156,4.086151368760064,6.038647342995169,10.319377348362856,1.737788513150832,7.454374664519592,54.891304347826086,10.265700483091788,0.20128824476650564,4.30756843800322,0.06709608158883522,0.630703166935051
157,3.6902844873859366,4.394793344068707,7.709339774557166,1.1943102522812667,6.957863660762212,61.68813741277509,9.46725711218465,0.04696725711218465,4.394793344068707,0.06709608158883522,0.38915727321524424
158,3.670155662909286,3.9318303811057436,7.689210950080516,1.1607622114868492,6.327160493827161,53.938539989264626,18.686258722490606,0.04696725711218465,4.126409017713366,0.06709608158883522,0.35560923242082665
159,3.743961352657005,3.9318303811057436,7.689210950080516,1.1607622114868492,6.327160493827161,53.89157273215244,18.659420289855074,0.04696725711218465,4.126409017713366,0.06709608158883522,0.35560923242082665
160,3.978797638217928,3.9318303811057436,7.481213097155126,1.1473429951690821,6.327160493827161,53.824476650563604,18.646001073537306,0.04696725711218465,4.126409017713366,0.13419216317767044,0.35560923242082665
161,4.126409017713366,3.9318303811057436,7.481213097155126,1.1473429951690821,6.327160493827161,53.717122920021474,18.592324208266238,0.04696725711218465,4.159957058507783,0.13419216317767044,0.33548040794417605
162,4.200214707461084,3.864734299516908,7.467793880837359,1.1876006441223832,6.293612453032743,53.30112721417069,18.471551261406333,0.08051529790660225,4.663177670424047,0.13419216317767044,0.33548040794417605
163,4.2270531400966185,3.864734299516908,7.461084272678476,1.1876006441223832,6.615673644659152,53.0126140633387,18.411164787976382,0.08051529790660225,4.62962962962963,0.13419216317767044,0.3757380568974772
164,4.320987654320987,3.864734299516908,7.461084272678476,1.1876006441223832,6.649221685453569,52.93880837359098,18.370907139023082,0.08051529790660225,4.5960815888352125,0.13419216317767044,0.39586688137412773
165,4.448470209339774,3.864734299516908,7.461084272678476,1.1876006441223832,6.595544820182502,52.91867954911433,18.263553408480945,0.13419216317767044,4.5960815888352125,0.13419216317767044,0.39586688137412773
166,4.5960815888352125,3.844605475040258,7.454374664519592,1.1876006441223832,6.561996779388084,52.71068169618894,18.250134192163177,0.13419216317767044,4.730273752012883,0.13419216317767044,0.39586688137412773
167,4.871175523349437,3.8043478260869565,7.4208266237251745,1.1876006441223832,6.528448738593666,52.59661835748792,18.209876543209877,0.13419216317767044,4.7168545356951155,0.13419216317767044,0.39586688137412773
168,4.99194847020934,3.8043478260869565,7.347020933977456,1.1876006441223832,6.501610305958132,52.57648953301127,18.17632850241546,0.13419216317767044,4.7168545356951155,0.16774020397208803,0.39586688137412773
169,5.072463768115942,3.784219001610306,7.347020933977456,1.221148684916801,6.501610305958132,52.482555018786904,18.17632850241546,0.13419216317767044,4.7168545356951155,0.16774020397208803,0.39586688137412773
170,5.24020397208803,3.784219001610306,7.347020933977456,1.221148684916801,6.488191089640365,52.34836285560923,18.129361245303276,0.13419216317767044,4.7168545356951155,0.16774020397208803,0.4227053140096618
171,5.340848094471283,3.7372517444981215,7.347020933977456,1.1808910359634996,6.488191089640365,52.20746108427268,17.975040257648953,0.13419216317767044,4.998658078368224,0.16774020397208803,0.4227053140096618
172,5.394524959742351,3.7372517444981215,7.347020933977456,1.261406333870102,6.488191089640365,52.07326892109501,17.961621041331185,0.13419216317767044,5.01207729468599,0.16774020397208803,0.4227053140096618
173,5.528717122920021,3.7372517444981215,7.347020933977456,1.261406333870102,6.488191089640365,52.07326892109501,17.8743961352657,0.13419216317767044,4.9651100375738055,0.16774020397208803,0.4227053140096618
174,5.676328502415459,3.7372517444981215,7.300053676865271,1.261406333870102,6.622383252818035,51.98604401502952,17.72007514761138,0.13419216317767044,4.944981213097155,0.16774020397208803,0.4495437466451959
175,5.736714975845411,3.7372517444981215,7.300053676865271,1.261406333870102,6.622383252818035,51.92565754159957,17.72007514761138,0.13419216317767044,4.944981213097155,0.16774020397208803,0.4495437466451959
176,5.763553408480945,3.3682232957595275,7.300053676865271,1.9524959742351047,6.622383252818035,51.55662909286098,17.68652710681696,0.13419216317767044,4.998658078368224,0.16774020397208803,0.4495437466451959
177,5.891035963499732,3.3682232957595275,7.300053676865271,1.9524959742351047,6.622383252818035,51.24127750939345,17.57246376811594,0.13419216317767044,5.22007514761138,0.16774020397208803,0.5300590445517982
178,5.723295759527644,2.9723564143853998,7.266505636070853,1.9189479334406871,4.985238862050457,54.99865807836822,16.022544283413847,0.05367686527106817,5.22007514761138,0.16774020397208803,0.6709608158883521
179,5.844068706387547,2.9723564143853998,7.27992485238862,1.7713365539452497,4.978529253891573,54.891304347826086,15.841384863123993,0.16774020397208803,5.273752012882448,0.16774020397208803,0.8118625872249061
180,5.736714975845411,2.9589371980676327,7.27992485238862,1.7713365539452497,4.542404723564144,57.30005367686527,14.204240472356414,0.16774020397208803,5.059044551798175,0.16774020397208803,0.8118625872249061
181,5.803811057434245,2.952227589908749,7.253086419753086,1.7981749865807837,4.542404723564144,57.25979602791197,14.184111647879764,0.16774020397208803,5.059044551798175,0.16774020397208803,0.8118625872249061
182,5.837359098228664,2.952227589908749,7.226247987117552,1.7981749865807837,4.911433172302737,57.139023081052066,14.184111647879764,0.16774020397208803,4.804079441760601,0.16774020397208803,0.8118625872249061
183,5.991680085882985,2.952227589908749,7.179280730005368,1.9390767579173376,4.904723564143854,56.83038110574343,14.170692431561998,0.16774020397208803,4.884594739667204,0.16774020397208803,0.8118625872249061
184,6.146001073537305,2.952227589908749,7.179280730005368,1.9390767579173376,4.904723564143854,56.374127750939344,14.170692431561998,0.16774020397208803,5.226784755770263,0.16774020397208803,0.7716049382716049
185,6.239935587761675,2.9388083735909825,7.1725711218464845,1.9390767579173376,4.904723564143854,56.28019323671498,14.170692431561998,0.16774020397208803,5.246913580246914,0.16774020397208803,0.7716049382716049
186,6.280193236714976,2.9388083735909825,7.1725711218464845,1.9122383252818036,4.931561996779388,56.26677402039721,14.170692431561998,0.16774020397208803,5.246913580246914,0.16774020397208803,0.7447665056360708
187,6.414385399892646,2.8918411164787976,7.159151905528717,1.9122383252818036,4.931561996779388,56.23322597960279,14.130434782608695,0.16774020397208803,5.246913580246914,0.16774020397208803,0.7447665056360708
188,6.468062265163715,2.885131508319914,7.004830917874396,1.9390767579173376,4.931561996779388,56.18625872249061,14.130434782608695,0.16774020397208803,5.233494363929147,0.16774020397208803,0.8856682769726248
189,6.501610305958132,2.885131508319914,7.004830917874396,1.9390767579173376,4.904723564143854,55.9447128287708,14.016371443907676,0.16774020397208803,5.360976918947934,0.16774020397208803,1.107085346215781
190,6.5485775630703165,2.871712292002147,6.971282877079979,2.100107353730542,4.904723564143854,55.85077831454643,13.989533011272142,0.16774020397208803,5.320719269994632,0.16774020397208803,1.107085346215781
191,6.602254428341385,2.871712292002147,6.971282877079979,2.100107353730542,4.904723564143854,55.77026301663983,14.016371443907676,0.16774020397208803,5.320719269994632,0.16774020397208803,1.107085346215781
192,6.6827697262479875,2.871712292002147,6.971282877079979,2.509393451422437,4.904723564143854,55.17981749865808,14.002952227589908,0.16774020397208803,5.434782608695652,0.16774020397208803,1.107085346215781
193,6.863929146537842,2.8650026838432634,6.91760601180891,2.509393451422437,4.898013955984971,54.911433172302736,13.996242619431026,0.16774020397208803,5.595813204508857,0.16774020397208803,1.107085346215781
194,6.937734836285561,2.8381642512077296,6.91760601180891,2.6033279656468062,4.898013955984971,54.73698336017176,13.996242619431026,0.16774020397208803,5.636070853462158,0.16774020397208803,1.1003757380568975
195,7.078636607622115,2.818035426731079,6.904186795491143,2.8650026838432634,4.777241009125067,54.30756843800322,13.989533011272142,0.16774020397208803,5.844068706387547,0.16774020397208803,1.0802469135802468
196,7.199409554482019,2.818035426731079,7.024959742351046,2.831454643048846,4.777241009125067,54.227053140096615,13.922436929683306,0.16774020397208803,5.783682232957595,0.16774020397208803,1.0802469135802468
197,7.232957595276436,2.818035426731079,6.984702093397746,2.831454643048846,4.87788513150832,54.200214707461086,13.821792807300053,0.16774020397208803,5.8172302737520125,0.16774020397208803,1.0802469135802468
198,7.306763285024155,2.818035426731079,6.964573268921095,2.8247450348899625,4.944981213097155,54.119699409554485,13.821792807300053,0.16774020397208803,5.783682232957595,0.16774020397208803,1.0802469135802468
199,7.39398819108964,2.818035426731079,6.9310252281266775,2.8247450348899625,4.944981213097155,54.06602254428341,13.79495437466452,0.16774020397208803,5.783682232957595,0.19457863660762212,1.0802469135802468
200,7.447665056360709,2.818035426731079,6.9310252281266775,2.8247450348899625,4.944981213097155,54.01234567901235,13.79495437466452,0.16774020397208803,5.783682232957595,0.19457863660762212,1.0802469135802468
201,7.608695652173913,2.804616210413312,6.9310252281266775,2.844873859366613,4.918142780461621,53.878153515834676,13.781535158346752,0.16774020397208803,5.790391841116479,0.19457863660762212,1.0802469135802468
202,7.648953301127214,2.804616210413312,6.9310252281266775,2.844873859366613,4.918142780461621,53.858024691358025,13.781535158346752,0.16774020397208803,5.770263016639828,0.19457863660762212,1.0802469135802468
203,7.75630703166935,2.804616210413312,6.9310252281266775,2.844873859366613,4.918142780461621,53.777509393451425,13.754696725711218,0.16774020397208803,5.770263016639828,0.19457863660762212,1.0802469135802468
204,7.836822329575953,2.804616210413312,6.9310252281266775,2.9052603327965647,4.918142780461621,53.58964036500269,13.654052603327965,0.16774020397208803,5.783682232957595,0.19457863660762212,1.2144390767579174
205,7.830112721417069,2.804616210413312,6.9310252281266775,2.9052603327965647,4.918142780461621,53.30112721417069,13.6406333870102,0.16774020397208803,6.092324208266238,0.19457863660762212,1.2144390767579174
