,45,50,51,55,53,52,54,56,59,58,57
0,91.48550724637681,8.514492753623188,,,,,,,,,
1,89.32501341921632,10.674986580783683,,,,,,,,,
2,77.82474503488996,22.17525496511004,,,,,,,,,
3,74.48336017176597,25.51663982823403,,,,,,,,,
4,72.04777241009126,27.95222758990875,,,,,,,,,
5,69.63902308105207,30.360976918947934,,,,,,,,,
6,65.96886741814278,34.03113258185722,,,,,,,,,
7,66.19699409554482,33.803005904455176,,,,,,,,,
8,65.92190016103059,34.07809983896941,,,,,,,,,
9,64.47933440687063,35.52066559312936,,,,,,,,,
10,64.3317230273752,35.668276972624795,,,,,,,,,
11,49.973161567364464,48.11460010735373,1.4895330112721417,0.4227053140096618,,,,,,,
12,49.22168545356951,48.631239935587764,1.4895330112721417,0.6575415995705851,,,,,,,
13,48.92646269457864,48.8191089640365,1.482823403113258,0.7716049382716049,,,,,,,
14,49.15458937198068,48.590982286634464,1.482823403113258,0.7716049382716049,,,,,,,
15,48.57756307031669,48.90633387010199,1.7444981213097155,0.7716049382716049,,,,,,,
16,48.678207192699944,48.63794954374664,1.7444981213097155,0.9393451422436929,,,,,,,
17,48.84594739667203,48.470209339774556,1.7444981213097155,0.9393451422436929,,,,,,,
18,46.89345142243693,48.55743424584004,3.5426731078904994,0.8252818035426731,0.18115942028985507,,,,,,
19,44.900697799248526,49.85909822866345,4.247181964573269,0.8118625872249061,0.18115942028985507,,,,,,
20,45.16237251744498,49.59742351046699,4.247181964573269,0.8118625872249061,0.18115942028985507,,,,,,
21,42.7938808373591,51.690821256038646,4.2203435319377345,1.1137949543746646,0.18115942028985507,,,,,,
22,43.16961889425657,51.388888888888886,4.1532474503489,1.107085346215781,0.18115942028985507,,,,,,
23,42.94820182501342,51.610305958132045,4.1532474503489,1.107085346215781,0.18115942028985507,,,,,,
24,43.12936124530327,51.02657004830918,4.414922168545357,1.247987117552335,0.18115942028985507,,,,,,
25,41.95517981749866,51.939076757917334,4.38137412775094,1.5432098765432098,0.18115942028985507,,,,,,
26,42.27724100912507,51.70424047235642,4.30756843800322,1.5297906602254427,0.18115942028985507,,,,,,
27,41.15002683843264,49.89264626945786,7.0383789586688135,1.5297906602254427,0.38915727321524424,,,,,,
28,35.86285560923242,55.2938808373591,6.991411701556629,1.4626945786366077,0.38915727321524424,,,,,,
29,35.527375201288244,55.62936124530327,6.991411701556629,1.4626945786366077,0.38915727321524424,,,,,,
30,32.50805152979066,43.4447128287708,22.906602254428343,0.8789586688137413,0.2616747181964573,,,,,,
31,32.628824476650564,43.37090713902308,22.859634997316157,0.8789586688137413,0.2616747181964573,,,,,,
32,32.830112721417066,43.29039184111648,22.745571658615138,0.8722490606548577,0.2616747181964573,,,,,,
33,30.387815351583466,45.779656468062264,22.805958132045088,0.7648953301127214,0.2616747181964573,,,,,,
34,28.938539989264626,45.28314546430489,24.751744498121308,0.7648953301127214,0.2616747181964573,,,,,,
35,29.421631776704242,45.04830917874396,24.50348899624262,0.7648953301127214,0.2616747181964573,,,,,,
36,28.173644659151904,47.30944712828771,23.49033816425121,0.7648953301127214,0.2616747181964573,,,,,,
37,26.37546967257112,45.48443370907139,26.986044015029524,0.8923778851315083,0.2616747181964573,,,,,,
38,26.623725174449813,45.289855072463766,26.932367149758456,0.8923778851315083,0.2616747181964573,,,,,,
39,23.825818572195384,40.13687600644123,26.637144390767578,0.8252818035426731,0.16774020397208803,8.407139023081053,,,,,
40,24.10762211486849,40.00939345142244,24.48336017176597,0.8252818035426731,2.227589908749329,8.3467525496511,,,,,
41,23.866076221148685,37.815351583467525,27.22758990874933,0.8252818035426731,2.1739130434782608,8.091787439613526,,,,,
42,24.053945249597422,37.74825550187869,27.120236178207193,0.8252818035426731,2.1739130434782608,8.07836822329576,,,,,
43,24.241814278046164,37.11755233494364,27.03972088030059,0.8252818035426731,2.1604938271604937,8.031400966183575,0.5837359098228664,,,,
44,24.58400429414922,36.97665056360709,26.898819108964037,0.8252818035426731,2.147074610842727,7.98443370907139,0.5837359098228664,,,,
45,24.86580783682233,36.882716049382715,25.51663982823403,0.8252818035426731,3.3413848631239937,7.98443370907139,0.5837359098228664,,,,
46,25.0,36.131239935587764,24.4296833064949,0.8252818035426731,5.253623188405797,7.776435856146001,0.5837359098228664,,,,
47,24.550456253354803,35.84272678475577,25.275093934514224,0.8252818035426731,5.166398282340311,7.75630703166935,0.5837359098228664,,,,
48,24.288781535158346,34.33977455716586,26.482823403113258,0.9326355340848095,5.441492216854535,7.7361782071927,0.5837359098228664,0.19457863660762212,,,
49,23.698336017176597,33.19914117015566,28.207192699946322,0.9326355340848095,6.045356951154052,7.139023081052066,0.5837359098228664,0.19457863660762212,,,
50,24.033816425120772,32.991143317230275,27.871712292002147,0.9326355340848095,6.266774020397209,7.125603864734299,0.5837359098228664,0.19457863660762212,,,
51,22.913311862587225,41.54589371980676,21.443907675791735,0.630703166935051,8.219269994632313,4.663177670424047,0.5837359098228664,,,,
52,23.1280193236715,41.40499194847021,21.370101986044016,0.630703166935051,8.219269994632313,4.663177670424047,0.5837359098228664,,,,
53,23.349436392914654,41.23054213633924,21.35668276972625,0.6239935587761675,8.219269994632313,4.636339237788513,0.5837359098228664,,,,
54,23.785560923242084,41.02254428341385,21.202361782071925,0.6239935587761675,8.145464304884594,4.636339237788513,0.5837359098228664,,,,
55,20.034889962426195,41.86795491143317,22.403381642512077,0.6239935587761675,13.063607085346217,1.3217928073000538,0.5837359098228664,0.10064412238325282,,,
56,20.40391841116479,41.67337627482555,22.148416532474503,0.6977992485238862,12.97638217928073,1.415727321524423,0.5837359098228664,0.10064412238325282,,,
57,20.994363929146537,41.48550724637681,21.85319377348363,0.6977992485238862,12.869028448738593,1.415727321524423,0.5837359098228664,0.10064412238325282,,,
58,20.69243156199678,40.3918411164788,23.43666129898014,0.6977992485238862,12.694578636607622,1.402308105206656,0.5837359098228664,0.10064412238325282,,,
59,20.571658615136876,40.975577026301664,23.027375201288244,0.6977992485238862,12.513419216317766,1.5297906602254427,0.5837359098228664,0.10064412238325282,,,
60,20.531400966183575,40.78099838969404,23.15485775630703,0.6977992485238862,12.432903918411165,1.7713365539452497,0.5837359098228664,0.04696725711218465,,,
61,19.605475040257648,35.929951690821255,26.96591519055287,0.6977992485238862,14.472624798711756,1.7310789049919484,0.5501878690284487,0.04696725711218465,,,
62,20.055018786902846,35.73537305421363,26.82501341921632,0.6910896403650026,14.392109500805153,1.7042404723564144,0.5501878690284487,0.04696725711218465,,,
63,19.558507783145465,34.554482018250134,27.885131508319915,0.6910896403650026,14.318303811057435,2.4154589371980677,0.5501878690284487,0.026838432635534086,,,
64,19.061996779388085,32.950885668276975,30.307300053676865,0.6508319914117016,14.056629092860977,2.395330112721417,0.5501878690284487,0.026838432635534086,,,
65,19.424315619967793,32.85024154589372,30.132850241545892,0.6508319914117016,13.969404186795492,2.395330112721417,0.5501878690284487,0.026838432635534086,,,
66,19.209608158883523,32.018250134192165,31.260064412238325,0.6508319914117016,13.902308105206655,2.38191089640365,0.5501878690284487,0.026838432635534086,,,
67,18.94122383252818,31.085614600107355,32.15915190552872,1.1808910359634996,13.7211486849168,2.3349436392914655,0.5501878690284487,0.026838432635534086,,,
68,18.760064412238325,27.771068169618893,31.05877616747182,1.1808910359634996,18.50509930220075,2.147074610842727,0.5501878690284487,0.026838432635534086,,,
69,18.833870101986044,26.50295222758991,30.555555555555557,1.1272141706924315,18.45813204508857,3.9720880300590444,0.5233494363929146,0.026838432635534086,,,
70,18.706387546967257,25.91921631776704,31.353998926462694,0.9594739667203436,18.53864734299517,3.9720880300590444,0.5233494363929146,0.026838432635534086,,,
71,19.316961889425656,25.85212023617821,30.88432635534085,0.9594739667203436,18.471551261406333,3.9720880300590444,0.5233494363929146,0.020128824476650563,,,
72,19.565217391304348,25.704508856682768,29.790660225442835,1.0802469135802468,18.411164787976382,4.904723564143854,0.5233494363929146,0.020128824476650563,,,
73,17.297369833601717,31.273483628556093,26.27482555018787,1.3217928073000538,18.397745571658614,4.891304347826087,0.5233494363929146,0.020128824476650563,,,
74,15.479066022544284,29.1935050993022,32.18599033816425,1.0466988727858293,17.277241009125067,4.274020397208803,0.5233494363929146,0.020128824476650563,,,
75,15.613258185721953,28.60305958132045,32.139023081052066,0.9259259259259259,17.901234567901234,4.274020397208803,0.5233494363929146,0.020128824476650563,,,
76,14.80810520665593,28.247450348899623,33.1454643048846,0.9259259259259259,17.726784755770264,4.274020397208803,0.5233494363929146,0.3488996242619431,,,
77,12.74825550187869,47.81266774020397,17.60601180891036,1.133923778851315,17.68652710681696,2.328234031132582,0.5233494363929146,0.1610305958132045,,,
78,12.077294685990339,47.215512614063336,17.599302200751477,1.133923778851315,15.53274288781535,5.756843800322061,0.5233494363929146,0.1610305958132045,,,
79,12.385936661298981,46.745840042941495,17.559044551798173,1.1205045625335481,15.519323671497585,5.743424584004294,0.7648953301127214,0.1610305958132045,,,
80,12.318840579710145,46.63177670424047,17.371175523349436,1.107085346215781,13.862050456253355,5.723295759527644,2.8247450348899625,0.1610305958132045,,,
81,12.694578636607622,46.45061728395062,17.324208266237253,1.107085346215781,13.81508319914117,5.669618894256575,2.7777777777777777,0.1610305958132045,,,
82,12.828770799785293,45.1556629092861,17.20343531937735,1.107085346215781,13.774825550187868,7.253086419753086,2.5161030595813205,0.1610305958132045,,,
83,13.211218464841654,44.98792270531401,17.082662372517444,1.1003757380568975,13.694310252281268,7.246376811594203,2.5161030595813205,0.1610305958132045,,,
84,13.318572195383789,43.61916264090177,17.002147074610843,2.536231884057971,13.654052603327965,7.206119162640902,2.5026838432635534,0.1610305958132045,,,
85,13.633923778851315,43.41116478797638,16.78743961352657,2.522812667740204,13.620504562533547,7.206119162640902,2.5026838432635534,0.3153515834675255,,,
86,13.976113794954374,43.27026301663983,16.71363392377885,2.522812667740204,13.546698872785829,7.159151905528717,2.49597423510467,0.3153515834675255,,,
87,13.962694578636608,43.572195383789584,16.5727321524423,2.522812667740204,13.45276435856146,7.125603864734299,2.475845410628019,0.3153515834675255,,,
88,14.150563607085346,43.4447128287708,16.5727321524423,2.522812667740204,13.425925925925926,7.098765432098766,2.475845410628019,0.30864197530864196,,,
89,14.049919484702093,42.290660225442835,14.855072463768115,2.442297369833602,13.365539452495975,10.23215244229737,2.4557165861513686,0.30864197530864196,,,
90,13.808373590982287,41.04938271604938,14.834943639291465,2.7844873859366612,14.579978529253891,10.178475577026301,2.4557165861513686,0.30864197530864196,,,
91,14.217659688674182,40.405260332796566,14.828234031132581,3.374932903918411,14.40552871712292,10.00402576489533,2.4557165861513686,0.30864197530864196,,,
92,14.465915190552872,40.25093934514224,14.794685990338165,3.374932903918411,14.392109500805153,9.990606548577563,2.4221685453569513,0.30864197530864196,,,
93,14.915458937198068,39.942297369833604,14.459205582393988,3.3548040794417604,14.915458937198068,9.440418679549115,2.4221685453569513,0.5501878690284487,,,
94,15.271068169618895,39.774557165861516,14.398819108964037,3.3548040794417604,14.814814814814815,9.41358024691358,2.4221685453569513,0.5501878690284487,,,
95,15.385131508319914,39.60010735373054,14.237788513150832,3.294417606011809,14.814814814814815,9.695383789586689,2.4221685453569513,0.5501878690284487,,,
96,15.734031132581856,39.412238325281805,14.210950080515298,3.280998389694042,14.720880300590446,9.668545356951155,2.4221685453569513,0.5501878690284487,,,
97,15.962157809983896,39.23778851315083,13.88888888888889,3.321256038647343,14.982555018786902,9.634997316156737,2.4221685453569513,0.5501878690284487,,,
98,16.15673644659152,38.83521202361782,13.607085346215781,3.844605475040258,14.949006977992486,9.634997316156737,2.4221685453569513,0.5501878690284487,,,
99,16.438539989264626,38.707729468599034,13.546698872785829,3.81105743424584,14.942297369833602,9.601449275362318,2.4020397208803006,0.5501878690284487,,,
100,16.659957058507782,38.61379495437466,13.539989264626946,3.797638217928073,14.841653247450349,9.594739667203436,2.4020397208803006,0.5501878690284487,,,
101,17.143048845947398,38.35882984433709,13.479602791196994,3.797638217928073,14.700751476113794,9.567901234567902,2.4020397208803006,0.5501878690284487,,,
102,17.444981213097154,38.12399355877617,13.47289318303811,3.730542136339238,14.660493827160494,9.567901234567902,2.4490069779924855,0.5501878690284487,,,
103,17.800590445517983,37.533548040794415,14.036500268384327,3.730542136339238,14.566559312936125,9.333064949006978,2.4490069779924855,0.5501878690284487,,,
104,17.96833064949007,37.41277509393451,13.761406333870102,3.7037037037037037,13.365539452495975,10.809178743961352,2.4490069779924855,0.5300590445517982,,,
105,18.323939881910896,37.23161567364466,13.727858293075684,3.683574879227053,13.285024154589372,10.782340311325818,2.4355877616747184,0.5300590445517982,,,
106,18.45813204508857,37.1309715512614,13.774825550187868,3.6634460547504024,13.238056897477188,10.775630703166936,2.428878153515835,0.5300590445517982,,,
107,18.659420289855074,37.01690821256039,13.989533011272142,3.6500268384326353,13.20450885668277,10.560923242082662,2.4020397208803006,0.5166398282340311,,,
108,18.57890499194847,36.38620504562534,13.741277509393452,3.717122920021471,13.050187869028449,11.621041331186259,2.3886205045625335,0.5166398282340311,,,
109,18.92109500805153,35.94337090713902,13.707729468599034,3.9586688137412773,12.989801395598498,11.60762211486849,2.3617820719269993,0.5099302200751477,,,
110,19.196188942565755,35.829307568438004,13.620504562533547,3.9586688137412773,12.962962962962964,11.560654857756306,2.3617820719269993,0.5099302200751477,,,
111,19.558507783145465,35.68840579710145,13.600375738056897,3.9586688137412773,12.922705314009661,11.399624261943103,2.3617820719269993,0.5099302200751477,,,
112,19.97450348899624,35.507246376811594,13.506441223832528,4.03918411164788,12.882447665056361,11.231884057971014,2.3617820719269993,0.49651100375738055,,,
113,19.89398819108964,34.936929683306495,13.325281803542673,4.193505099302201,12.86231884057971,11.171497584541063,3.1199677938808374,0.49651100375738055,,,
114,20.001341921631777,34.68196457326892,13.305152979066023,4.1532474503489,12.560386473429952,11.694847020933977,3.1065485775630703,0.49651100375738055,,,
115,20.283145464304884,34.60144927536232,13.20450885668277,4.206924315619967,12.533548040794418,11.56736446591519,3.1065485775630703,0.49651100375738055,,,
116,20.48443370907139,34.48067632850242,13.20450885668277,4.206924315619967,12.52012882447665,11.540526033279656,3.066290928609769,0.49651100375738055,,,
117,20.719269994632313,34.447128287708,13.137412775093935,4.206924315619967,12.493290391841116,11.460010735373054,3.0394524959742353,0.49651100375738055,,,
118,20.92055823939882,34.31964573268921,13.117283950617283,4.206924315619967,12.4597423510467,11.439881910896403,3.0394524959742353,0.49651100375738055,,,
119,21.088298443370906,34.265968867418145,13.063607085346217,4.206924315619967,12.412775093934513,11.439881910896403,3.026033279656468,0.49651100375738055,,,
120,21.604938271604937,34.09151905528717,13.023349436392914,4.200214707461084,12.359098228663447,11.211755233494364,3.0193236714975846,0.48980139559849706,,,
121,21.692163177670423,34.044551798174986,13.023349436392914,4.200214707461084,12.359098228663447,11.171497584541063,3.0193236714975846,0.48980139559849706,,,
122,21.91358024691358,33.964036500268385,13.009930220075148,4.180085882984434,12.285292538915728,11.151368760064413,3.0059044551798175,0.48980139559849706,,,
123,22.054482018250134,33.9170692431562,12.983091787439614,4.159957058507783,12.27187332259796,11.117820719269995,3.0059044551798175,0.48980139559849706,,,
124,22.403381642512077,33.70907139023081,12.942834138486312,4.133118625872249,12.211486849168008,11.11111111111111,3.0059044551798175,0.4830917874396135,,,
125,22.517444981213096,33.60842726784756,12.915995705850777,4.133118625872249,12.177938808373591,11.030595813204508,3.1333870101986045,0.4830917874396135,,,
126,22.644927536231883,33.57487922705314,12.915995705850777,4.133118625872249,12.110842726784755,11.003757380568974,3.1333870101986045,0.4830917874396135,,,
127,22.61808910359635,33.43397745571659,12.157809983896941,4.106280193236715,12.06387546967257,12.037037037037036,3.099838969404187,0.4830917874396135,,,
128,22.564412238325282,32.92404723564144,12.130971551261407,4.052603327965647,12.587224906065487,11.98336017176597,3.2742887815351582,0.4830917874396135,,,
129,22.75228126677402,32.769726247987116,12.057165861513688,4.146537842190016,12.493290391841116,11.916264090177133,3.2541599570585076,0.6105743424584005,,,
130,23.03408480944713,32.66237251744498,12.04374664519592,4.1129898013955986,12.47987117552335,11.842458400429415,3.2139023081052067,0.6105743424584005,,,
131,23.55072463768116,32.53488996242619,11.969940955448202,4.086151368760064,12.352388620504563,11.681427804616211,3.2139023081052067,0.6105743424584005,,,
132,23.785560923242084,32.48121309715513,11.943102522812667,4.066022544283414,12.305421363392378,11.600912506709609,3.2139023081052067,0.6038647342995169,,,
133,23.98684916800859,32.29334406870639,11.869296833064949,4.146537842190016,12.258454106280194,11.560654857756306,3.280998389694042,0.6038647342995169,,,
134,23.040794417606012,28.31454643048846,11.79549114331723,3.938539989264627,12.245034889962426,11.553945249597424,8.507783145464305,0.6038647342995169,,,
135,22.953569511540525,28.25415995705851,11.761943102522812,3.938539989264627,11.66129898013956,12.614063338701019,8.21256038647343,0.6038647342995169,,,
136,23.18840579710145,27.992485238862052,11.701556629092861,4.206924315619967,11.574074074074074,12.52012882447665,8.21256038647343,0.6038647342995169,,,
137,23.389694041867955,27.91867954911433,11.681427804616211,4.17337627482555,11.553945249597424,12.466451959205582,8.21256038647343,0.6038647342995169,,,
138,23.329307568438004,26.939076757917338,11.621041331186259,4.17337627482555,12.70799785292539,12.439613526570048,8.185721953837897,0.6038647342995169,,,
139,22.75228126677402,24.751744498121308,11.144659151905529,4.17337627482555,12.593934514224369,15.915190552871712,8.064949006977992,0.6038647342995169,,,
140,22.82608695652174,24.718196457326894,11.144659151905529,4.17337627482555,12.553676865271068,15.915190552871712,8.064949006977992,0.6038647342995169,,,
141,23.03408480944713,24.570585077831456,11.144659151905529,4.17337627482555,12.546967257112184,15.888352120236178,8.038110574342458,0.6038647342995169,,,
142,23.201825013419217,24.550456253354803,11.097691894793345,4.146537842190016,12.5402576489533,15.83467525496511,8.024691358024691,0.6038647342995169,,,
143,23.15485775630703,24.537037037037038,11.097691894793345,4.146537842190016,12.493290391841116,15.854804079441761,7.628824476650563,1.0869565217391304,,,
144,23.30246913580247,24.50348899624262,11.044015029522276,4.146537842190016,12.493290391841116,15.794417606011809,7.628824476650563,1.0869565217391304,,,
145,23.57085346215781,24.436392914653783,10.976918947933441,4.119699409554482,12.493290391841116,15.747450348899624,7.568438003220612,1.0869565217391304,,,
146,22.84621578099839,23.832528180354267,12.587224906065487,4.092860976918948,12.419484702093397,15.552871712292003,7.5281803542673105,1.1406333870101986,,,
147,22.966988727858293,23.718464841653248,12.567096081588835,4.086151368760064,12.278582930756844,15.546162104133119,7.615405260332796,1.1406333870101986,0.08051529790660225,,
148,23.17498658078368,23.62453032742888,12.567096081588835,4.072732152442297,12.238325281803542,15.5126140633387,7.588566827697263,1.1406333870101986,0.08051529790660225,,
149,23.389694041867955,23.53059581320451,12.513419216317766,4.072732152442297,12.238325281803542,15.425389157273216,7.5281803542673105,1.221148684916801,0.08051529790660225,,
150,23.58427267847558,23.483628556092324,12.493290391841116,4.072732152442297,12.177938808373591,15.35829307568438,7.5281803542673105,1.221148684916801,0.08051529790660225,,
151,23.691626409017715,23.262211486849168,12.466451959205582,4.05931293612453,12.144390767579173,15.613258185721953,7.48792270531401,1.1943102522812667,0.08051529790660225,,
152,24.020397208803004,23.1682769726248,12.466451959205582,4.025764895330113,12.06387546967257,15.559581320450885,7.4208266237251745,1.1943102522812667,0.08051529790660225,,
153,24.214975845410628,23.081052066559312,12.392646269457863,4.025764895330113,12.010198604401502,15.546162104133119,7.461084272678476,1.1876006441223832,0.08051529790660225,,
154,24.040526033279658,22.98040794417606,13.345410628019323,4.005636070853462,11.594202898550725,15.35829307568438,7.4208266237251745,1.1741814278046163,0.08051529790660225,,
155,23.939881910896403,22.906602254428343,12.822061191626409,3.9989264626945786,13.097155126140633,14.714170692431562,7.300053676865271,1.1406333870101986,0.08051529790660225,,
156,24.053945249597422,22.899892646269457,12.761674718196458,3.9989264626945786,13.063607085346217,14.700751476113794,7.300053676865271,1.1406333870101986,0.08051529790660225,,
157,24.416264090177133,22.832796564680624,12.721417069243156,3.9720880300590444,12.942834138486312,14.465915190552872,7.467793880837359,1.1003757380568975,0.08051529790660225,,
158,24.671229200214707,22.644927536231883,12.667740203972087,4.045893719806763,12.922705314009661,14.452495974235104,7.427536231884058,1.0869565217391304,0.08051529790660225,,
159,24.852388620504563,22.497316156736446,12.654320987654321,4.045893719806763,12.795222758990874,14.2914653784219,7.568438003220612,1.2144390767579174,0.08051529790660225,,
160,25.140901771336555,22.423510466988727,12.634192163177671,4.025764895330113,12.761674718196458,14.170692431561998,7.548309178743962,1.2144390767579174,0.08051529790660225,,
161,24.55716586151369,22.342995169082126,11.500268384326356,4.025764895330113,12.533548040794418,16.42512077294686,7.548309178743962,0.9863123993558777,0.08051529790660225,,
162,23.980139559849704,21.973966720343533,13.439345142243694,3.9989264626945786,12.453032742887816,15.633387010198604,7.454374664519592,0.9863123993558777,0.08051529790660225,,
163,23.2487922705314,20.92055823939882,12.848899624261943,5.615942028985507,12.06387546967257,17.01556629092861,7.300053676865271,0.9863123993558777,,,
164,23.53059581320451,20.82662372517445,12.775093934514224,5.615942028985507,11.98336017176597,17.002147074610843,7.27992485238862,0.9863123993558777,,,
165,22.430220075147613,19.75979602791197,15.619967793880837,5.750134192163178,11.708266237251744,16.552603327965645,7.192699946323135,0.9863123993558777,,,
166,22.893183038110575,19.706119162640903,15.4723564143854,5.736714975845411,11.708266237251744,16.445249597423512,7.078636607622115,0.9594739667203436,,,
167,23.101180891035963,19.692699946323135,15.445517981749866,5.709876543209877,11.708266237251744,16.344605475040257,7.0383789586688135,0.9594739667203436,,,
168,23.450080515297905,19.64573268921095,15.318035426731079,5.676328502415459,11.60762211486849,16.317767042404725,6.984702093397746,0.9997316156736447,,,
169,23.65136876006441,19.49812130971551,15.291196994095545,5.810520665593129,11.56736446591519,16.223832528180353,6.957863660762212,0.9997316156736447,,,
170,23.886205045625335,19.35721953837896,15.257648953301127,5.776972624798712,11.506977992485238,16.190284487385938,7.024959742351046,0.9997316156736447,,,
171,24.08078368223296,19.316961889425656,15.197262479871176,5.770263016639828,11.506977992485238,16.10305958132045,7.024959742351046,0.9997316156736447,,,
172,24.255233494363928,19.30354267310789,15.197262479871176,5.6964573268921095,11.453301127214171,16.069511540526033,7.024959742351046,0.9997316156736447,,,
173,24.3894256575416,19.11567364465915,15.170424047235642,5.810520665593129,11.439881910896403,16.056092324208265,7.018250134192163,0.9997316156736447,,,
174,24.55716586151369,19.03515834675255,15.136876006441224,5.790391841116479,11.439881910896403,16.056092324208265,6.984702093397746,0.9997316156736447,,,
175,24.92619431025228,18.98148148148148,15.123456790123457,5.736714975845411,11.386205045625335,15.995705850778315,6.850509930220075,0.9997316156736447,,,
176,24.872517444981213,18.5252281266774,15.009393451422437,5.676328502415459,12.224906065485776,15.915190552871712,6.790123456790123,0.9863123993558777,,,
177,24.818840579710145,18.5252281266774,14.660493827160494,5.676328502415459,12.177938808373591,15.98899624261943,7.266505636070853,0.8856682769726248,,,
178,24.785292538915726,18.303811057434245,14.526301663982823,5.662909286097692,12.097423510466989,15.955448201825014,7.7831454643048845,0.8856682769726248,,,
179,25.0402576489533,18.303811057434245,14.432367149758454,5.662909286097692,12.050456253354804,15.901771336553946,7.722758990874933,0.8856682769726248,,,
180,24.9194847020934,18.283682232957595,14.412238325281804,5.662909286097692,12.050456253354804,16.076221148684915,7.709339774557166,0.8856682769726248,,,
181,25.201288244766506,18.21658615136876,14.36527106816962,5.548845947396672,12.016908212560386,16.056092324208265,7.709339774557166,0.8856682769726248,,,
182,25.44283413848631,18.015297906602253,14.11701556629093,5.776972624798712,12.090713902308105,16.009125067096083,7.669082125603865,0.8789586688137413,,,
183,25.717928073000536,17.907944176060116,14.083467525496511,5.71658615136876,12.06387546967257,15.982286634460548,7.648953301127214,0.8789586688137413,,,
184,26.140633387010197,17.827428878153516,13.902308105206655,5.71658615136876,12.016908212560386,15.868223295759528,7.648953301127214,0.8789586688137413,,,
185,26.06682769726248,17.753623188405797,13.841921631776705,5.730005367686527,12.31213097155126,15.780998389694043,7.635534084809447,0.8789586688137413,,,
186,26.214439076757916,17.733494363929147,13.81508319914117,5.730005367686527,12.278582930756844,15.76086956521739,7.5348899624261945,0.8521202361782072,0.08051529790660225,,
187,26.48953301127214,17.68652710681696,13.694310252281268,5.730005367686527,12.211486849168008,15.754159957058508,7.501341921631776,0.8521202361782072,0.08051529790660225,,
188,26.8317230273752,17.59259259259259,13.620504562533547,5.689747718733226,12.191358024691358,15.666935050993022,7.474503488996243,0.8521202361782072,0.08051529790660225,,
189,26.96591519055287,17.559044551798173,13.613794954374665,5.689747718733226,12.171229200214707,15.60654857756307,7.461084272678476,0.8521202361782072,0.08051529790660225,,
190,27.18733225979603,17.49194847020934,13.593666129898015,5.689747718733226,12.151100375738057,15.499194847020934,7.454374664519592,0.8521202361782072,0.08051529790660225,,
191,27.24771873322598,17.49194847020934,13.573537305421363,5.689747718733226,12.117552334943639,15.49248523886205,7.454374664519592,0.8521202361782072,0.08051529790660225,,
192,27.241009125067094,17.444981213097154,13.419216317767042,5.958132045088567,12.104133118625873,15.465646806226516,7.434245840042942,0.8521202361782072,0.08051529790660225,,
193,27.435587761674718,17.431561996779386,13.372249060654857,5.897745571658615,12.144390767579173,15.378421900161031,7.434245840042942,0.8252818035426731,0.08051529790660225,,
194,27.66371443907676,17.398013955984972,13.358829844337091,5.83064949006978,12.110842726784755,15.304616210413311,7.427536231884058,0.8252818035426731,0.08051529790660225,,
195,27.885131508319915,17.371175523349436,13.271604938271604,5.8239398819108965,12.06387546967257,15.250939345142244,7.427536231884058,0.8252818035426731,0.08051529790660225,,
196,28.026033279656467,17.337627482555018,13.16425120772947,5.8239398819108965,12.110842726784755,15.230810520665592,7.407407407407407,0.8185721953837896,0.08051529790660225,,
197,28.20048309178744,17.28395061728395,13.103864734299517,5.8172302737520125,12.110842726784755,15.177133655394526,7.407407407407407,0.8185721953837896,0.08051529790660225,,
198,28.462157809983896,17.24369296833065,12.97638217928073,5.8172302737520125,12.110842726784755,15.096618357487923,7.39398819108964,0.8185721953837896,0.08051529790660225,,
199,28.723832528180353,17.183306494900698,12.882447665056361,5.803811057434245,12.070585077831455,15.063070316693505,7.37385936661299,0.8185721953837896,0.08051529790660225,,
200,29.03918411164788,17.14975845410628,12.842190016103059,5.803811057434245,12.010198604401502,14.982555018786902,7.273215244229737,0.8185721953837896,0.08051529790660225,,
201,29.146537842190018,17.136339237788512,12.822061191626409,5.790391841116479,12.412775093934513,14.533011272141707,7.266505636070853,0.8118625872249061,0.08051529790660225,,
202,29.274020397208805,17.062533548040793,12.822061191626409,5.790391841116479,12.560386473429952,14.338432635534085,7.25979602791197,0.8118625872249061,0.08051529790660225,,
203,29.032474503488995,16.97530864197531,14.888620504562533,5.709876543209877,11.963231347289318,13.325281803542673,7.212828770799785,0.8118625872249061,0.08051529790660225,,
204,28.978797638217927,16.59286097691895,14.861782071927,6.172839506172839,11.842458400429415,13.258185721953838,7.4006977992485234,0.8118625872249061,0.08051529790660225,,
205,29.21363392377885,16.532474503488995,14.848362855609233,6.159420289855072,11.842458400429415,13.150831991411701,7.360440150295223,0.8118625872249061,0.08051529790660225,,
206,29.455179817498657,16.49892646269458,14.801395598497047,6.152710681696189,11.768652710681696,13.09044551798175,7.340311325818572,0.8118625872249061,0.08051529790660225,,
207,29.851046698872786,16.431830381105744,14.647074610842727,6.125872249060655,11.728395061728396,13.036768652710682,7.286634460547504,0.8118625872249061,0.08051529790660225,,
208,30.018786902844873,16.23054213633924,14.573268921095009,6.125872249060655,11.721685453569512,13.036768652710682,7.4208266237251745,0.7917337627482555,0.08051529790660225,,
209,30.19994632313473,16.210413311862588,14.51959205582394,6.125872249060655,11.694847020933977,13.023349436392914,7.353730542136339,0.7917337627482555,0.08051529790660225,,
210,30.280461621041333,16.19699409554482,14.51959205582394,6.078904991948471,11.674718196457327,13.023349436392914,7.353730542136339,0.7917337627482555,0.08051529790660225,,
211,30.56897477187332,16.183574879227052,14.49946323134729,6.078904991948471,11.66129898013956,12.808641975308642,7.326892109500805,0.7917337627482555,0.08051529790660225,,
212,30.837359098228664,16.129898013955984,14.459205582393988,6.078904991948471,11.56736446591519,12.795222758990874,7.273215244229737,0.7783145464304885,0.08051529790660225,,
213,30.911164787976382,16.1231884057971,14.459205582393988,6.078904991948471,11.520397208803006,12.781803542673108,7.266505636070853,0.7783145464304885,0.08051529790660225,,
214,30.96484165324745,15.908480944712828,14.42565754159957,6.320450885668277,11.500268384326356,12.76838432635534,7.253086419753086,0.7783145464304885,0.08051529790660225,,
215,31.21309715512614,15.901771336553946,14.338432635534085,6.293612453032743,11.500268384326356,12.68786902844874,7.206119162640902,0.7783145464304885,0.08051529790660225,,
216,31.394256575415994,15.868223295759528,14.244498121309716,6.293612453032743,11.453301127214171,12.681159420289855,7.206119162640902,0.7783145464304885,0.08051529790660225,,
217,31.608964036500268,15.774288781535159,14.217659688674182,6.280193236714976,11.520397208803006,12.560386473429952,7.179280730005368,0.7783145464304885,0.08051529790660225,,
218,31.723027375201287,15.74074074074074,14.17740203972088,6.280193236714976,11.520397208803006,12.52012882447665,7.179280730005368,0.7783145464304885,0.08051529790660225,,
219,31.816961889425656,15.707192699946322,14.163982823403114,6.280193236714976,11.493558776167472,12.52012882447665,7.159151905528717,0.7783145464304885,0.08051529790660225,,
220,31.91760601180891,15.660225442834138,13.996242619431026,6.260064412238325,11.493558776167472,12.473161567364466,7.360440150295223,0.7581857219538379,0.08051529790660225,,
221,32.05179817498658,15.653515834675256,13.92914653784219,6.246645195920558,11.486849168008588,12.432903918411165,7.360440150295223,0.7581857219538379,0.08051529790660225,,
222,32.18599033816425,15.640096618357488,13.902308105206655,6.246645195920558,11.460010735373054,12.399355877616747,7.326892109500805,0.7581857219538379,0.08051529790660225,,
223,32.447665056360705,15.633387010198604,13.841921631776705,6.1929683306494905,11.446591519055287,12.27187332259796,7.326892109500805,0.7581857219538379,0.08051529790660225,,
224,32.68250134192163,15.579710144927537,13.841921631776705,6.1929683306494905,11.345947396672035,12.27187332259796,7.246376811594203,0.7581857219538379,0.08051529790660225,,
225,32.87707997852925,15.546162104133119,13.781535158346752,6.1862587224906065,11.305689747718732,12.238325281803542,7.246376811594203,0.7380568974771873,0.08051529790660225,,
226,33.09849704777241,15.519323671497585,13.714439076757918,6.166129898013956,11.292270531400966,12.164519592055823,7.226247987117552,0.7380568974771873,0.08051529790660225,,
227,33.23939881910896,15.519323671497585,13.667471819645733,6.159420289855072,11.292270531400966,12.077294685990339,7.226247987117552,0.7380568974771873,0.08051529790660225,,
228,33.40713902308105,15.458937198067632,13.633923778851315,6.132581857219538,11.285560923242082,12.037037037037036,7.226247987117552,0.7380568974771873,0.08051529790660225,,
229,33.47423510466989,15.432098765432098,13.446054750402576,6.099033816425121,11.198336017176597,12.305421363392378,7.226247987117552,0.7380568974771873,0.08051529790660225,,
230,33.72920021470746,15.304616210413311,13.372249060654857,6.099033816425121,11.198336017176597,12.258454106280194,7.226247987117552,0.7313472893183038,0.08051529790660225,,
231,33.903650026838434,15.24422973698336,13.345410628019323,6.0587761674718195,11.198336017176597,12.218196457326892,7.219538378958669,0.7313472893183038,0.08051529790660225,,
232,34.16532474503489,15.190552871712292,13.264895330112722,6.031937734836285,11.144659151905529,12.191358024691358,7.199409554482019,0.7313472893183038,0.08051529790660225,,
233,34.43370907139023,15.150295222758992,13.170960815888352,6.005099302200751,11.124530327428879,12.130971551261407,7.1725711218464845,0.7313472893183038,0.08051529790660225,,
234,34.514224369296834,15.143585614600108,13.170960815888352,5.978260869565218,11.077563070316694,12.077294685990339,7.1658615136876005,0.7917337627482555,0.08051529790660225,,
235,34.68867418142781,15.096618357487923,13.137412775093935,5.964841653247451,11.064143853998926,12.037037037037036,7.139023081052066,0.7917337627482555,0.08051529790660225,,
236,34.896672034353195,15.083199141170155,13.056897477187333,5.964841653247451,11.017176596886742,11.996779388083736,7.112184648416532,0.7917337627482555,0.08051529790660225,,
237,34.42028985507246,14.99597423510467,13.88888888888889,5.870907139023081,10.916532474503489,11.98336017176597,7.085346215780999,0.7581857219538379,0.08051529790660225,,
238,34.4873859366613,14.814814814814815,13.875469672571121,5.790391841116479,10.909822866344605,11.943102522812667,7.340311325818572,0.7581857219538379,0.08051529790660225,,
239,34.60144927536232,14.814814814814815,13.79495437466452,5.790391841116479,10.909822866344605,11.922973698336017,7.326892109500805,0.7581857219538379,0.08051529790660225,,
240,34.80944712828771,14.781266774020397,13.667471819645733,5.776972624798712,10.889694041867955,11.90955448201825,7.326892109500805,0.7581857219538379,0.08051529790660225,,
241,34.96376811594203,14.774557165861514,13.58695652173913,5.776972624798712,10.869565217391305,11.902844873859367,7.286634460547504,0.7581857219538379,0.08051529790660225,,
242,34.876543209876544,14.512882447665056,13.546698872785829,6.266774020397209,10.836017176596886,11.902844873859367,7.246376811594203,0.7581857219538379,0.05367686527106817,,
243,35.037573805689746,14.49946323134729,13.466183574879228,6.266774020397209,10.809178743961352,11.876006441223833,7.232957595276436,0.7581857219538379,0.05367686527106817,,
244,35.14492753623188,14.418947933440688,13.419216317767042,6.253354804079442,10.795759527643586,11.869296833064949,7.132313472893183,0.7581857219538379,0.05367686527106817,0.15432098765432098,
245,34.98389694041868,14.184111647879764,13.365539452495975,6.112453032742888,10.554213633923778,12.157809983896941,7.682501341921632,0.7514761137949544,0.05367686527106817,0.15432098765432098,
246,35.14492753623188,14.163982823403114,13.285024154589372,6.112453032742888,10.527375201288244,12.130971551261407,7.675791733762749,0.7514761137949544,0.05367686527106817,0.15432098765432098,
247,35.29253891572732,14.103596349973161,13.24476650563607,6.092324208266238,10.50053676865271,12.130971551261407,7.675791733762749,0.7514761137949544,0.05367686527106817,0.15432098765432098,
248,35.46698872785829,14.083467525496511,13.231347289318304,6.092324208266238,10.487117552334944,12.04374664519592,7.64224369296833,0.7447665056360708,0.05367686527106817,0.15432098765432098,
249,35.65485775630703,14.016371443907676,13.22463768115942,6.092324208266238,10.453569511540525,11.969940955448202,7.635534084809447,0.7447665056360708,0.05367686527106817,0.15432098765432098,
250,35.7085346215781,13.989533011272142,13.130703166935051,6.219806763285024,10.38647342995169,11.943102522812667,7.588566827697263,0.7447665056360708,0.05367686527106817,0.15432098765432098,0.08051529790660225
251,35.81588835212023,13.969404186795492,13.130703166935051,6.199677938808374,10.359634997316157,11.902844873859367,7.588566827697263,0.7447665056360708,0.05367686527106817,0.15432098765432098,0.08051529790660225
252,35.99704777241009,13.969404186795492,13.070316693505099,6.159420289855072,10.359634997316157,11.822329575952764,7.588566827697263,0.7447665056360708,0.05367686527106817,0.15432098765432098,0.08051529790660225
253,36.18491680085883,13.935856146001074,13.01663982823403,6.139291465378422,10.326086956521738,11.77536231884058,7.588566827697263,0.7447665056360708,0.05367686527106817,0.15432098765432098,0.08051529790660225
254,36.292270531400966,13.935856146001074,12.97638217928073,6.112453032742888,10.326086956521738,11.735104669887278,7.588566827697263,0.7447665056360708,0.05367686527106817,0.15432098765432098,0.08051529790660225
255,36.54723564143854,13.902308105206655,12.902576489533011,6.085614600107354,10.312667740203972,11.728395061728396,7.48792270531401,0.7447665056360708,0.05367686527106817,0.15432098765432098,0.08051529790660225
256,36.63446054750403,13.88888888888889,12.882447665056361,6.0587761674718195,10.285829307568438,11.728395061728396,7.48792270531401,0.7447665056360708,0.05367686527106817,0.15432098765432098,0.08051529790660225
257,36.86929683306495,13.841921631776705,12.869028448738593,6.0587761674718195,10.285829307568438,11.634460547504025,7.440955448201825,0.7112184648416533,0.05367686527106817,0.15432098765432098,0.08051529790660225
258,37.07729468599034,13.801663982823403,12.822061191626409,6.0587761674718195,10.19189479334407,11.60762211486849,7.440955448201825,0.7112184648416533,0.05367686527106817,0.15432098765432098,0.08051529790660225
259,37.25174449812131,13.747987117552334,12.76838432635534,6.0587761674718195,10.19189479334407,11.466720343531938,7.387278582930757,0.7112184648416533,0.05367686527106817,0.15432098765432098,0.20799785292538917
260,37.4194847020934,13.741277509393452,12.74825550187869,6.025228126677402,10.131508319914117,11.419753086419753,7.387278582930757,0.7112184648416533,0.05367686527106817,0.15432098765432098,0.20799785292538917
