,45,50,55,53,52,54,51,56,58,57,59
0,98.45679012345678,1.5432098765432098,,,,,,,,,
1,82.42753623188406,17.57246376811594,,,,,,,,,
2,76.59017713365539,23.409822866344605,,,,,,,,,
3,73.66478797638219,26.33521202361782,,,,,,,,,
4,73.34943639291465,26.650563607085346,,,,,,,,,
5,73.32259796027913,26.67740203972088,,,,,,,,,
6,73.42324208266237,26.39559849704777,0.18115942028985507,,,,,,,,
7,73.25550187869028,26.32850241545894,0.41599570585077833,,,,,,,,
8,56.20638754696726,42.41814278046162,0.39586688137412773,0.9796027911969941,,,,,,,
9,44.69940955448202,54.032474503489,0.2885131508319914,0.9796027911969941,,,,,,,
10,44.887278582930755,53.37493290391841,0.7581857219538379,0.9796027911969941,,,,,,,
11,38.117283950617285,60.39989264626946,0.9796027911969941,0.5032206119162641,,,,,,,
12,38.2313472893183,57.380568974771876,0.9192163177670424,0.5032206119162641,2.965646806226516,,,,,,
13,34.49409554482018,60.14492753623188,0.9192163177670424,0.33548040794417605,4.106280193236715,,,,,,
14,34.52093397745572,60.05099302200752,0.9192163177670424,0.33548040794417605,4.106280193236715,0.06709608158883522,,,,,
15,28.509125067096083,66.00912506709608,0.9728931830381106,0.33548040794417605,4.106280193236715,0.06709608158883522,,,,,
16,28.475577026301664,65.97557702630166,1.0399892646269457,0.33548040794417605,4.106280193236715,0.06709608158883522,,,,,
17,24.859098228663445,61.93639291465379,1.093666129898014,0.33548040794417605,4.106280193236715,0.06709608158883522,7.601986044015029,,,,
18,24.20155662909286,53.958668813741276,0.9326355340848095,3.9049919484702094,4.106280193236715,0.06709608158883522,12.828770799785293,,,,
19,24.349168008588297,53.737251744498124,1.0735373054213635,3.8714439076757916,4.126409017713366,0.06709608158883522,12.775093934514224,,,,
20,24.3894256575416,48.85265700483092,1.0399892646269457,3.864734299516908,4.126409017713366,0.06709608158883522,17.659688674181428,,,,
21,24.456521739130434,48.78556092324208,1.0399892646269457,3.864734299516908,4.126409017713366,0.06709608158883522,17.659688674181428,,,,
22,24.36929683306495,48.90633387010199,1.0399892646269457,3.851315083199141,4.126409017713366,0.06709608158883522,17.391304347826086,0.24825550187869028,,,
23,24.838969404186795,48.510466988727856,1.2077294685990339,3.770799785292539,4.092860976918948,0.06709608158883522,17.2638217928073,0.24825550187869028,,,
24,24.704777241009126,43.69296833064949,1.0064412238325282,3.770799785292539,4.092860976918948,0.06709608158883522,22.23564143853999,0.4294149221685454,,,
25,24.872517444981213,43.51180891035963,1.1205045625335481,3.770799785292539,4.045893719806763,0.06709608158883522,22.18196457326892,0.4294149221685454,,,
26,24.859098228663445,42.36446591519055,1.4090177133655395,4.428341384863124,4.045893719806763,1.2949543746645196,21.16881374127751,0.4294149221685454,,,
27,22.510735373054214,46.23590982286635,1.5499194847020934,4.42163177670424,2.4691358024691357,1.2949543746645196,20.987654320987655,0.5300590445517982,,,
28,22.879763821792807,46.11513687600644,1.42914653784219,4.374664519592056,2.442297369833602,1.2949543746645196,20.8064949006978,0.6575415995705851,,,
29,22.893183038110575,45.249597423510465,1.5901771336553945,4.374664519592056,3.978797638217928,1.2949543746645196,19.96779388083736,0.6508319914117016,,,
30,23.040794417606012,45.1556629092861,1.5901771336553945,4.361245303274289,3.978797638217928,1.2949543746645196,19.92753623188406,0.6508319914117016,,,
31,23.389694041867955,44.6658615136876,1.5901771336553945,4.361245303274289,3.978797638217928,1.4358561460010735,19.92753623188406,0.6508319914117016,,,
32,23.49033816425121,44.47128287707998,1.5767579173376274,4.361245303274289,5.589103596349974,1.5365002683843263,18.323939881910896,0.6508319914117016,,,
33,18.820450885668276,50.214707461084274,1.4895330112721417,3.5091250670960816,9.675254965110037,1.5365002683843263,14.284755770263017,0.46967257112184646,,,
34,16.700214707461082,50.691089640365,2.2745571658615136,3.4286097691894795,9.655126140633387,1.5230810520665594,15.257648953301127,0.46967257112184646,,,
35,16.646537842190018,47.79253891572732,2.2745571658615136,3.4151905528717124,14.640365002683843,1.4694041867954912,13.291733762748256,0.46967257112184646,,,
36,17.042404723564143,47.61137949543747,2.2074610842726785,3.3950617283950617,14.586688137412775,1.4626945786366077,13.22463768115942,0.46967257112184646,,,
37,16.344605475040257,35.57434245840043,1.5029522275899088,3.0394524959742353,15.418679549114332,1.3083735909822867,26.341921631776703,0.46967257112184646,,,
38,16.74718196457327,34.29951690821256,1.4962426194310252,2.341653247450349,15.418679549114332,3.126677402039721,26.227858293075684,0.3421900161030596,,,
39,16.465378421900162,33.5077831454643,1.5297906602254427,2.341653247450349,18.243424584004295,3.079710144927536,24.490069779924852,0.3421900161030596,,,
40,15.237520128824476,31.179549114331724,2.073268921095008,2.341653247450349,17.411433172302736,2.462426194310252,28.951959205582394,0.3421900161030596,,,
41,15.4723564143854,30.95813204508857,2.2074610842726785,2.341653247450349,17.411433172302736,2.462426194310252,28.804347826086957,0.3421900161030596,,,
42,15.58641975308642,30.938003220611915,2.2074610842726785,2.341653247450349,17.411433172302736,2.4490069779924855,28.723832528180353,0.3421900161030596,,,
43,15.774288781535159,30.837359098228664,2.3483628556092326,2.341653247450349,17.236983360171767,2.4490069779924855,28.556092324208265,0.4562533548040794,,,
44,15.975577026301664,30.66290928609769,2.3483628556092326,2.2745571658615136,17.216854535695116,2.4490069779924855,28.549382716049383,0.4562533548040794,0.06709608158883522,,
45,15.26435856146001,30.03220611916264,2.3349436392914655,2.2745571658615136,17.216854535695116,2.4490069779924855,29.911433172302736,0.4495437466451959,0.06709608158883522,,
46,14.801395598497047,28.945249597423512,2.3349436392914655,1.288244766505636,23.423242082662373,1.0399892646269457,27.717391304347824,0.4495437466451959,,,
47,14.754428341384862,28.77750939345142,2.442297369833602,1.288244766505636,23.557434245840042,0.9997316156736447,27.569779924852387,0.6105743424584005,,,
48,14.982555018786902,28.29441760601181,3.421900161030596,1.2815351583467525,23.443370907139023,0.9997316156736447,26.939076757917338,0.6374127750939346,,,
49,15.163714439076758,28.29441760601181,3.3145464304884595,2.15378421900161,23.356146001073537,1.107085346215781,25.97289318303811,0.6374127750939346,,,
50,15.411969940955448,28.046162104133117,3.515834675254965,2.1269457863660763,23.2487922705314,1.107085346215781,25.905797101449274,0.6374127750939346,,,
51,15.076489533011273,25.187869028448738,2.4020397208803006,2.033011272141707,21.007783145464305,0.8722490606548577,32.80327428878154,0.6172839506172839,,,
52,15.150295222758992,24.4699409554482,2.341653247450349,2.033011272141707,20.43075684380032,1.2077294685990339,33.66881374127751,0.6977992485238862,,,
53,15.257648953301127,24.402844873859365,2.341653247450349,2.033011272141707,20.43075684380032,1.2077294685990339,33.49436392914654,0.8319914117015567,,,
54,15.277777777777779,24.134460547504027,2.341653247450349,2.033011272141707,20.725979602791195,1.2077294685990339,33.44739667203435,0.8319914117015567,,,
55,15.197262479871176,24.053945249597422,2.0665593129361244,2.033011272141707,16.841116478797638,1.1808910359634996,37.795222758990874,0.8319914117015567,,,
56,13.821792807300053,24.14787976382179,1.8853998926462694,3.361513687600644,17.860976918947934,1.1808910359634996,36.66800858829844,1.0735373054213635,,,
57,13.519860440150294,24.04723564143854,1.9860440150295222,3.361513687600644,15.874932903918411,1.1808910359634996,38.97611379495437,1.0534084809447128,,,
58,12.560386473429952,26.92565754159957,1.8183038110574343,3.844605475040258,13.070316693505099,1.482823403113258,39.48604401502952,0.8118625872249061,,,
59,12.775093934514224,26.82501341921632,1.8585614600107354,3.8177670424047236,14.942297369833602,1.482823403113258,37.40606548577563,0.8118625872249061,,0.08051529790660225,
60,12.969672571121846,26.7914653784219,3.052871712292002,3.770799785292539,14.9020397208803,1.482823403113258,36.13794954374664,0.8118625872249061,,0.08051529790660225,
61,12.426194310252281,24.48336017176597,3.4822866344605474,3.026033279656468,12.962962962962964,1.482823403113258,41.31105743424584,0.6776704240472357,0.06709608158883522,0.08051529790660225,
62,12.74825550187869,24.22168545356951,3.4822866344605474,3.026033279656468,12.338969404186795,2.100107353730542,41.257380568974774,0.6776704240472357,0.06709608158883522,0.08051529790660225,
63,12.412775093934513,22.73215244229737,2.7308105206655933,3.012614063338701,9.574610842726784,2.100107353730542,46.71229200214707,0.6105743424584005,0.06709608158883522,0.04696725711218465,
64,12.869028448738593,21.470746108427267,2.791196994095545,4.17337627482555,9.50751476113795,2.100107353730542,45.8467525496511,1.1607622114868492,0.06709608158883522,0.013419216317767043,
65,13.150831991411701,21.40365002683843,2.8381642512077296,4.17337627482555,9.50751476113795,2.100107353730542,45.591787439613526,1.1540526033279657,0.06709608158883522,0.013419216317767043,
66,13.197799248523886,20.860171765968868,2.7241009125067097,4.797369833601718,9.440418679549115,2.100107353730542,45.28314546430489,1.5163714439076759,0.06709608158883522,0.013419216317767043,
67,13.271604938271604,20.8064949006978,2.690552871712292,6.018518518518518,9.245840042941492,2.100107353730542,44.38405797101449,1.402308105206656,0.06709608158883522,0.013419216317767043,
68,13.43263553408481,20.739398819108963,2.690552871712292,7.427536231884058,9.125067096081589,2.100107353730542,43.001878690284485,1.402308105206656,0.06709608158883522,0.013419216317767043,
69,13.231347289318304,20.511272141706925,2.690552871712292,7.427536231884058,14.204240472356414,2.086688137412775,38.747987117552334,1.0601180891035964,0.040257648953301126,,
70,13.358829844337091,20.52469135802469,2.6838432635534084,7.326892109500805,14.143853998926463,2.073268921095008,38.707729468599034,1.1406333870101986,0.040257648953301126,,
71,13.499731615673644,20.182501341921633,3.7640901771336552,7.2933440687063875,13.821792807300053,2.073268921095008,38.04347826086956,1.2815351583467525,0.040257648953301126,,
72,13.620504562533547,19.93424584004294,3.7640901771336552,7.2933440687063875,14.486044015029522,2.073268921095008,37.506709608158886,1.2815351583467525,0.040257648953301126,,
73,12.808641975308642,18.632581857219538,2.7106816961889426,4.663177670424047,12.989801395598498,2.073268921095008,45.26301663982824,0.8185721953837896,0.040257648953301126,,
74,12.895866881374127,18.592324208266238,2.8515834675254963,4.663177670424047,12.989801395598498,2.073268921095008,45.07514761137949,0.8185721953837896,0.040257648953301126,,
75,13.003220611916264,18.33064949006978,2.999194847020934,4.777241009125067,12.93612453032743,2.073268921095008,44.96779388083736,0.8722490606548577,0.040257648953301126,,
76,13.063607085346217,17.19001610305958,2.9589371980676327,5.166398282340311,12.86231884057971,2.073268921095008,45.71926999463231,0.9259259259259259,0.040257648953301126,,
77,13.217928073000536,17.163177670424048,3.0931293612453032,4.8443370907139025,12.828770799785293,2.0397208803005906,45.94739667203435,0.8252818035426731,0.040257648953301126,,
78,12.218196457326892,16.10305958132045,2.8918411164787976,4.676596886741814,11.688137412775093,1.6371443907675791,49.83225979602791,0.9125067096081588,0.040257648953301126,,
79,12.399355877616747,16.06280193236715,2.8918411164787976,4.676596886741814,11.614331723027375,1.6371443907675791,49.765163714439076,0.9125067096081588,0.040257648953301126,,
80,11.822329575952764,15.271068169618895,3.92512077294686,4.663177670424047,11.574074074074074,1.6371443907675791,50.02012882447665,1.0466988727858293,0.040257648953301126,,
81,11.90955448201825,15.183843263553408,3.8311862587224907,4.663177670424047,11.668008588298443,1.8719806763285025,49.382716049382715,1.4492753623188406,0.040257648953301126,,
82,12.184648416532475,15.08990874932904,3.8311862587224907,4.616210413311863,11.634460547504025,1.8719806763285025,49.282071926999464,1.4492753623188406,0.040257648953301126,,
83,12.453032742887816,15.063070316693505,3.8848631239935587,4.616210413311863,11.594202898550725,1.8719806763285025,49.02710681696189,1.4492753623188406,0.040257648953301126,,
84,12.721417069243156,15.03623188405797,3.8848631239935587,4.609500805152979,11.426462694578637,1.8719806763285025,48.812399355877616,1.4492753623188406,0.040257648953301126,0.14761137949543746,
85,12.889157273215245,14.955716586151368,3.9989264626945786,4.609500805152979,11.426462694578637,1.7646269457863661,48.718464841653244,1.4492753623188406,0.040257648953301126,0.14761137949543746,
86,12.929414922168545,14.949006977992486,3.9989264626945786,4.602791196994096,11.426462694578637,1.7646269457863661,48.56414385399893,1.5767579173376274,0.040257648953301126,0.14761137949543746,
87,12.466451959205582,13.251476113794954,3.535963499731616,4.086151368760064,10.755501878690284,1.556629092860977,52.583199141170155,1.5767579173376274,0.040257648953301126,0.14761137949543746,
88,12.654320987654321,13.238056897477188,3.643317230273752,4.079441760601181,10.695115405260333,1.556629092860977,52.31481481481482,1.6304347826086956,0.040257648953301126,0.14761137949543746,
89,12.634192163177671,13.197799248523886,3.743961352657005,4.045893719806763,11.943102522812667,1.556629092860977,51.14734299516908,1.5499194847020934,0.040257648953301126,0.14090177133655393,
90,12.607353730542137,13.24476650563607,3.743961352657005,4.045893719806763,11.922973698336017,1.556629092860977,51.14734299516908,1.5499194847020934,0.040257648953301126,0.14090177133655393,
91,13.097155126140633,13.177670424047236,4.334406870638754,4.012345679012346,11.81561996779388,1.556629092860977,50.415995705850776,1.4090177133655395,0.040257648953301126,0.14090177133655393,
92,13.150831991411701,12.942834138486312,4.408212560386473,4.146537842190016,11.808910359634996,1.556629092860977,50.348899624261946,1.4559849704777241,0.040257648953301126,0.14090177133655393,
93,13.271604938271604,12.801932367149758,4.408212560386473,5.844068706387547,11.714975845410628,1.556629092860977,48.8191089640365,1.402308105206656,0.040257648953301126,0.14090177133655393,
94,13.365539452495975,12.741545893719806,4.4753086419753085,5.83064949006978,11.714975845410628,1.556629092860977,48.60440150295223,1.5297906602254427,0.040257648953301126,0.14090177133655393,
95,13.573537305421363,12.627482555018787,4.468599033816425,5.770263016639828,11.406333870101985,1.5297906602254427,48.148148148148145,2.2946859903381642,0.040257648953301126,0.14090177133655393,
96,13.915727321524423,12.627482555018787,4.320987654320987,5.71658615136876,11.372785829307569,1.5297906602254427,47.90660225442834,2.428878153515835,0.040257648953301126,0.14090177133655393,
97,14.049919484702093,12.627482555018787,4.320987654320987,5.71658615136876,11.366076221148685,1.4962426194310252,47.81266774020397,2.428878153515835,0.040257648953301126,0.14090177133655393,
98,14.224369296833064,12.614063338701019,4.320987654320987,5.703166935050993,11.366076221148685,1.4694041867954912,47.557702630166396,2.563070316693505,0.040257648953301126,0.14090177133655393,
99,14.42565754159957,12.587224906065487,4.320987654320987,5.703166935050993,11.3593666129898,1.4626945786366077,47.416800858829845,2.5429414922168547,0.040257648953301126,0.14090177133655393,
100,14.647074610842727,12.486580783682234,4.783950617283951,5.676328502415459,11.345947396672035,1.4626945786366077,46.87332259796028,2.5429414922168547,0.040257648953301126,0.14090177133655393,
101,15.096618357487923,12.359098228663447,4.736983360171766,5.676328502415459,10.95679012345679,2.3081052066559313,46.28958668813741,2.395330112721417,0.040257648953301126,0.14090177133655393,
102,14.40552871712292,12.929414922168545,4.730273752012883,7.595276435856146,9.614868491680086,2.3081052066559313,45.7259796027912,2.509393451422437,0.040257648953301126,0.14090177133655393,
103,14.586688137412775,12.922705314009661,4.783950617283951,7.427536231884058,9.614868491680086,2.3081052066559313,45.34353193773484,2.831454643048846,0.040257648953301126,0.14090177133655393,
104,14.479334406870638,12.875738056897477,4.911433172302737,8.152173913043478,9.614868491680086,2.3081052066559313,44.79334406870639,2.6838432635534084,0.040257648953301126,0.14090177133655393,
105,14.888620504562533,12.76838432635534,4.911433172302737,8.152173913043478,9.4873859366613,2.3081052066559313,44.42431561996779,2.7777777777777777,0.040257648953301126,0.24154589371980675,
106,15.385131508319914,12.620772946859903,4.911433172302737,8.158883521202362,9.386741814278047,2.4020397208803006,43.994900697799245,2.85829307568438,0.040257648953301126,0.24154589371980675,
107,15.640096618357488,12.607353730542137,4.884594739667204,8.158883521202362,9.386741814278047,2.395330112721417,43.78690284487386,2.85829307568438,0.040257648953301126,0.24154589371980675,
108,16.022544283413847,12.419484702093397,4.864465915190553,8.145464304884594,9.359903381642512,2.38191089640365,43.666129898013956,2.85829307568438,0.040257648953301126,0.24154589371980675,
109,16.009125067096083,12.365807836822329,5.522007514761138,8.145464304884594,9.426999463231347,2.3081052066559313,43.08239398819109,2.85829307568438,0.040257648953301126,0.24154589371980675,
110,16.06280193236715,11.60762211486849,5.528717122920021,9.836285560923242,9.044551798174986,2.0933977455716586,42.693236714975846,2.8515834675254963,0.040257648953301126,0.24154589371980675,
111,16.0829307568438,11.56736446591519,5.676328502415459,9.836285560923242,9.03113258185722,2.0933977455716586,42.579173376274824,2.8515834675254963,0.040257648953301126,0.24154589371980675,
112,16.13660762211487,11.52710681696189,5.924584004294149,9.829575952764358,9.017713365539452,2.1403650026838434,42.3040794417606,2.8381642512077296,0.040257648953301126,0.24154589371980675,
113,16.431830381105744,11.493558776167472,5.917874396135265,9.789318303811058,8.997584541062801,2.1403650026838434,42.01556629092861,2.932098765432099,0.040257648953301126,0.24154589371980675,
114,16.659957058507782,11.446591519055287,5.904455179817498,9.789318303811058,8.997584541062801,2.1403650026838434,41.86795491143317,2.9119699409554483,0.040257648953301126,0.24154589371980675,
115,16.056092324208265,12.245034889962426,5.904455179817498,10.406602254428341,8.588298443370908,2.1403650026838434,41.67337627482555,2.703972088030059,0.040257648953301126,0.24154589371980675,
116,16.203703703703702,12.171229200214707,5.9514224369296835,10.38647342995169,8.588298443370908,2.15378421900161,41.55931293612453,2.703972088030059,0.040257648953301126,0.24154589371980675,
117,16.23054213633924,11.929683306494901,6.052066559312936,10.339506172839506,8.57487922705314,2.965646806226516,40.975577026301664,2.6502952227589907,0.040257648953301126,0.24154589371980675,
118,16.371443907675793,11.862587224906065,6.031937734836285,10.339506172839506,8.55475040257649,2.965646806226516,40.79441760601181,2.7979066022544283,0.040257648953301126,0.24154589371980675,
119,16.458668813741276,11.855877616747183,6.031937734836285,10.326086956521738,8.55475040257649,2.965646806226516,40.59983896940419,2.9253891572732154,0.040257648953301126,0.24154589371980675,
120,15.962157809983896,13.278314546430488,6.0654857756307035,10.151637144390767,7.816693505099302,2.9723564143853998,40.39855072463768,3.0730005367686526,0.040257648953301126,0.24154589371980675,
121,16.304347826086957,13.18438003220612,6.0654857756307035,10.138217928073,7.796564680622652,3.0595813204508855,40.17713365539453,2.9924852388620504,0.040257648953301126,0.24154589371980675,
122,14.190821256038648,16.51905528717123,5.790391841116479,9.292807300053678,7.561728395061729,3.193773483628556,40.445517981749866,2.7241009125067097,0.040257648953301126,0.24154589371980675,
123,13.92914653784219,14.915458937198068,5.837359098228664,9.272678475577026,11.023886205045626,3.0730005367686526,38.94927536231884,2.717391304347826,0.040257648953301126,0.24154589371980675,
124,13.935856146001074,14.888620504562533,5.837359098228664,9.198872785829307,11.023886205045626,3.166935050993022,38.94927536231884,2.717391304347826,0.040257648953301126,0.24154589371980675,
125,13.513150831991412,14.445786366076222,5.548845947396672,11.29898013955985,10.889694041867955,3.166935050993022,38.08373590982286,2.771068169618894,0.040257648953301126,0.24154589371980675,
126,13.855340848094471,14.251207729468598,5.548845947396672,11.29898013955985,10.889694041867955,3.1535158346752548,37.97638217928073,2.7442297369833604,0.040257648953301126,0.24154589371980675,
127,12.037037037037036,18.63929146537842,4.830917874396135,10.399892646269459,9.138486312399356,3.0394524959742353,39.2914653784219,2.442297369833602,0.040257648953301126,0.14090177133655393,
128,12.016908212560386,18.54535695115405,4.830917874396135,11.553945249597424,8.883521202361782,3.0394524959742353,38.7614063338701,2.187332259796028,0.040257648953301126,0.14090177133655393,
129,12.06387546967257,18.46484165324745,4.924852388620504,11.43317230273752,11.916264090177133,3.0394524959742353,35.809178743961354,2.167203435319377,0.040257648953301126,0.14090177133655393,
130,12.25174449812131,18.276972624798713,5.173107890499195,11.345947396672035,11.902844873859367,3.0394524959742353,35.66156736446592,2.167203435319377,0.040257648953301126,0.14090177133655393,
131,12.654320987654321,18.14278046162104,5.280461621041331,11.305689747718732,11.889425657541599,3.0059044551798175,35.37305421363392,2.167203435319377,0.040257648953301126,0.14090177133655393,
132,12.714707461084272,16.411701556629094,5.280461621041331,14.070048309178745,11.882716049382717,2.965646806226516,33.782877079978526,2.7106816961889426,0.040257648953301126,0.14090177133655393,
133,12.808641975308642,16.398282340311326,5.387815351583468,14.070048309178745,11.862587224906065,2.965646806226516,33.61513687600644,2.7106816961889426,0.040257648953301126,0.14090177133655393,
134,13.056897477187333,16.35131508319914,5.434782608695652,14.04320987654321,11.842458400429415,2.965646806226516,33.279656468062264,2.844873859366613,0.040257648953301126,0.14090177133655393,
135,13.358829844337091,16.324476650563607,5.434782608695652,13.875469672571121,11.788781535158346,3.0327428878153517,33.17230273752013,2.844873859366613,0.040257648953301126,0.1274825550187869,
136,13.399087493290391,16.324476650563607,5.434782608695652,13.875469672571121,11.768652710681696,3.0193236714975846,33.17230273752013,2.8381642512077296,0.040257648953301126,0.1274825550187869,
137,13.459473966720344,16.243961352657006,5.501878690284487,13.875469672571121,11.741814278046162,3.0193236714975846,33.16559312936125,2.8247450348899625,0.040257648953301126,0.1274825550187869,
138,13.627214170692431,16.183574879227052,5.495169082125604,13.875469672571121,11.714975845410628,3.0193236714975846,33.10520665593129,2.8113258185721954,0.040257648953301126,0.1274825550187869,
139,13.808373590982287,16.13660762211487,5.481749865807837,13.875469672571121,11.634460547504025,2.985775630703167,32.95759527643585,2.952227589908749,0.040257648953301126,0.1274825550187869,
140,13.922436929683306,16.1231884057971,5.441492216854535,13.868760064412239,11.627750939345143,3.0931293612453032,32.84353193773484,2.9119699409554483,0.040257648953301126,0.1274825550187869,
141,14.023081052066559,16.076221148684915,5.441492216854535,13.774825550187868,11.58749329039184,3.1468062265163717,32.809983896940416,2.9723564143853998,0.040257648953301126,0.1274825550187869,
142,14.338432635534085,16.002415458937197,5.475040257648954,13.761406333870102,11.473429951690822,3.1333870101986045,32.68250134192163,2.965646806226516,0.040257648953301126,0.1274825550187869,
143,14.378690284487385,15.995705850778315,5.676328502415459,13.687600644122384,11.43317230273752,3.1333870101986045,32.43424584004294,2.9589371980676327,0.040257648953301126,0.2616747181964573,
144,14.573268921095009,15.92860976918948,5.676328502415459,13.654052603327965,11.399624261943103,3.1333870101986045,32.380568974771876,2.9589371980676327,0.040257648953301126,0.2549651100375738,
145,14.673913043478262,15.874932903918411,5.709876543209877,13.6406333870102,11.379495437466453,3.1333870101986045,32.33360171765969,2.9589371980676327,0.040257648953301126,0.2549651100375738,
146,13.077026301663983,15.4723564143854,5.314009661835748,12.775093934514224,10.889694041867955,1.8719806763285025,37.66774020397209,2.636876006441224,0.040257648953301126,0.2549651100375738,
147,12.761674718196458,12.13768115942029,5.2066559312936125,13.378958668813741,14.418947933440688,1.8719806763285025,37.29200214707461,2.636876006441224,0.040257648953301126,0.2549651100375738,
148,12.76838432635534,12.13768115942029,5.199946323134729,13.39237788513151,14.418947933440688,2.0128824476650564,37.17793880837359,2.5966183574879227,0.040257648953301126,0.2549651100375738,
149,12.962962962962964,11.614331723027375,5.642780461621041,13.385668276972625,14.40552871712292,2.0128824476650564,37.084004294149224,2.5966183574879227,0.040257648953301126,0.2549651100375738,
150,13.097155126140633,11.54723564143854,5.642780461621041,13.352120236178207,14.392109500805153,2.0128824476650564,37.063875469672574,2.5966183574879227,0.040257648953301126,0.2549651100375738,
151,13.439345142243694,11.54723564143854,5.609232420826624,13.345410628019323,14.358561460010735,2.0128824476650564,36.79549114331723,2.5966183574879227,0.040257648953301126,0.2549651100375738,
152,13.761406333870102,11.533816425120772,5.58239398819109,13.298443370907139,14.264626945786366,2.0128824476650564,36.65458937198068,2.5966183574879227,0.040257648953301126,0.2549651100375738,
153,13.969404186795492,11.43317230273752,5.58239398819109,13.217928073000536,14.163982823403114,2.0128824476650564,36.62775093934514,2.5831991411701556,0.040257648953301126,0.36902844873859364,
154,14.15727321524423,11.386205045625335,5.58239398819109,13.170960815888352,14.163982823403114,2.0128824476650564,36.574074074074076,2.5831991411701556,0.040257648953301126,0.32877079978529256,
155,14.40552871712292,11.3593666129898,5.46833064949007,13.238056897477188,14.150563607085346,2.0128824476650564,36.41975308641975,2.576489533011272,0.040257648953301126,0.32877079978529256,
156,12.781803542673108,11.292270531400966,5.320719269994632,11.714975845410628,12.332259796027913,2.0128824476650564,41.78743961352657,2.368491680085883,,0.38915727321524424,
157,12.942834138486312,11.252012882447666,5.300590445517981,11.708266237251744,12.298711755233494,1.9927536231884058,41.74718196457327,2.368491680085883,,0.38915727321524424,
158,13.191089640365004,11.191626409017713,5.280461621041331,11.66129898013956,12.211486849168008,1.9927536231884058,41.71363392377885,2.368491680085883,,0.38915727321524424,
159,13.446054750402576,10.399892646269459,5.407944176060118,12.345679012345679,12.070585077831455,1.9927536231884058,41.57944176060118,2.368491680085883,,0.38915727321524424,
160,13.47289318303811,10.305958132045088,5.535426731078905,12.318840579710145,12.070585077831455,1.9927536231884058,41.54589371980676,2.368491680085883,,0.38915727321524424,
161,14.029790660225443,10.225442834138486,5.522007514761138,12.171229200214707,11.79549114331723,2.1403650026838434,41.36473429951691,2.3617820719269993,,0.38915727321524424,
162,14.143853998926463,10.205314009661835,5.515297906602254,12.171229200214707,11.79549114331723,2.1403650026838434,41.277509393451425,2.3617820719269993,,0.38915727321524424,
163,14.231078904991948,10.205314009661835,5.622651637144391,12.077294685990339,11.768652710681696,2.1403650026838434,41.217122920021474,2.3617820719269993,,0.3757380568974772,
164,14.49946323134729,10.124798711755233,5.542136339237788,12.070585077831455,11.75523349436393,2.1403650026838434,41.12989801395599,2.3617820719269993,,0.3757380568974772,
165,14.553140096618357,10.084541062801932,5.522007514761138,12.050456253354804,11.75523349436393,2.200751476113795,41.12989801395599,2.3617820719269993,,0.3421900161030596,
166,14.855072463768115,10.084541062801932,5.508588298443371,12.050456253354804,11.735104669887278,2.200751476113795,40.57300053676865,2.6502952227589907,,0.3421900161030596,
167,15.069779924852389,10.084541062801932,5.508588298443371,12.130971551261407,11.681427804616211,2.120236178207193,40.41196994095545,2.6502952227589907,,0.3421900161030596,
168,15.324745034889963,10.084541062801932,5.488459473966721,12.110842726784755,11.681427804616211,2.120236178207193,40.19726247987118,2.6502952227589907,,0.3421900161030596,
169,15.438808373590982,10.084541062801932,5.488459473966721,12.104133118625873,11.681427804616211,2.120236178207193,40.11674718196457,2.6502952227589907,,0.3153515834675255,
170,15.53274288781535,10.084541062801932,5.488459473966721,11.956521739130435,11.681427804616211,2.120236178207193,40.022812667740205,2.7979066022544283,,0.3153515834675255,
171,15.687063875469672,10.084541062801932,5.488459473966721,11.922973698336017,11.654589371980677,2.120236178207193,39.92887815351583,2.7979066022544283,,0.3153515834675255,
172,15.96886741814278,10.037573805689748,5.4616210413311865,11.889425657541599,11.627750939345143,2.6301663982823404,39.2914653784219,2.7777777777777777,,0.3153515834675255,
173,16.1231884057971,9.970477724100913,5.528717122920021,11.862587224906065,11.594202898550725,2.6301663982823404,39.210950080515296,2.7643585614600106,,0.3153515834675255,
174,14.935587761674718,9.494095544820183,5.508588298443371,10.0979602791197,11.500268384326356,2.6167471819645733,42.74020397208803,2.9119699409554483,,0.19457863660762212,
175,15.076489533011273,9.480676328502415,5.508588298443371,10.057702630166398,11.372785829307569,2.657004830917874,42.46511003757381,3.1870638754696725,,0.19457863660762212,
176,15.250939345142244,9.39345142243693,5.508588298443371,10.044283413848632,11.305689747718732,2.717391304347826,42.39801395598497,3.1870638754696725,,0.19457863660762212,
177,15.324745034889963,9.29951690821256,6.139291465378422,10.044283413848632,11.238593666129898,2.717391304347826,41.8545356951154,3.1870638754696725,,0.19457863660762212,
178,15.418679549114332,9.292807300053678,6.112453032742888,10.044283413848632,11.20504562533548,3.8311862587224907,40.72061191626409,3.180354267310789,,0.19457863660762212,
179,15.68035426731079,9.138486312399356,6.387546967257112,9.98389694041868,11.20504562533548,3.81105743424584,40.41867954911433,3.180354267310789,,0.19457863660762212,
180,15.895061728395062,9.111647879763822,6.380837359098229,9.950348899624261,11.097691894793345,3.81105743424584,40.37842190016103,3.180354267310789,,0.19457863660762212,
181,16.029253891572733,9.078099838969404,6.407675791733762,9.943639291465379,11.09098228663446,3.7909286097691894,40.06977992485239,3.3950617283950617,,0.19457863660762212,
182,16.21712292002147,9.064680622651638,6.515029522275899,9.88996242619431,11.05072463768116,3.7909286097691894,39.88191089640365,3.3950617283950617,,0.19457863660762212,
183,16.337895866881375,9.064680622651638,6.541867954911433,9.88996242619431,11.003757380568974,3.7640901771336552,39.821524422973695,3.3950617283950617,,0.18115942028985507,
184,16.525764895330113,9.057971014492754,6.528448738593666,9.876543209876543,10.997047772410092,3.730542136339238,39.70746108427268,3.3950617283950617,,0.18115942028985507,
185,16.76731078904992,9.017713365539452,6.528448738593666,9.802737520128824,10.943370907139023,3.730542136339238,39.64707461084273,3.3816425120772946,,0.18115942028985507,
186,16.72705314009662,9.017713365539452,6.273483628556092,9.75577026301664,11.708266237251744,3.69699409554482,39.14385399892646,3.4957058507783145,,0.18115942028985507,
187,16.901502952227588,9.017713365539452,6.206387546967257,9.75577026301664,11.708266237251744,3.69699409554482,39.03650026838432,3.4957058507783145,,0.18115942028985507,
188,17.028985507246375,9.017713365539452,6.206387546967257,9.749060654857756,11.453301127214171,3.69699409554482,38.95598497047772,3.4957058507783145,,0.39586688137412773,
189,16.97530864197531,8.903650026838433,6.219806763285024,10.198604401502953,11.191626409017713,3.670155662909286,38.94927536231884,3.4957058507783145,,0.39586688137412773,
190,17.12962962962963,8.903650026838433,6.353998926462695,10.19189479334407,11.178207192699947,3.643317230273752,38.7211486849168,3.4822866344605474,,0.39586688137412773,
191,17.196725711218466,8.903650026838433,6.353998926462695,10.19189479334407,11.151368760064413,3.643317230273752,38.506441223832525,3.656736446591519,,0.39586688137412773,
192,17.431561996779386,8.776167471819646,6.367418142780462,10.86285560923242,11.064143853998926,3.6366076221148687,37.60064412238325,3.717122920021471,,0.5434782608695652,
193,17.444981213097154,8.735909822866345,6.380837359098229,10.84272678475577,11.017176596886742,3.743961352657005,37.21148684916801,4.0995705850778315,,0.5233494363929146,
194,17.72007514761138,8.735909822866345,6.380837359098229,10.84272678475577,10.963499731615673,3.743961352657005,36.99677938808374,4.092860976918948,,0.5233494363929146,
195,17.780461621041333,8.715780998389693,6.374127750939345,10.84272678475577,10.815888352120236,3.743961352657005,36.963231347289316,4.240472356414386,,0.5233494363929146,
196,18.02871712292002,8.702361782071927,6.468062265163715,10.815888352120236,10.789049919484702,3.743961352657005,36.72168545356951,4.240472356414386,,0.48980139559849706,
197,17.901234567901234,8.668813741277509,7.494632313472893,10.735373054213634,10.789049919484702,3.743961352657005,35.98362855609233,4.233762748255502,,0.4495437466451959,
198,18.075684380032207,8.668813741277509,7.608695652173913,10.735373054213634,10.748792270531402,3.643317230273752,35.83601717659689,4.233762748255502,,0.4495437466451959,
199,18.115942028985508,8.668813741277509,7.709339774557166,10.57434245840043,10.63472893183038,3.7238325281803544,35.68169618894257,4.441760601180891,,0.4495437466451959,
200,18.290391841116477,8.621846484165324,7.7898550724637685,10.57434245840043,10.520665593129362,3.7238325281803544,35.587761674718195,4.441760601180891,,0.4495437466451959,
201,18.438003220611915,8.608427267847558,7.971014492753623,10.547504025764896,10.433440687063875,3.7238325281803544,35.265700483091784,4.428341384863124,,0.5837359098228664,
202,18.5252281266774,8.521202361782072,7.944176060118089,10.493827160493828,10.34621578099839,3.851315083199141,35.198604401502955,4.555823939881911,,0.5636070853462157,
203,18.585614600107355,8.514492753623188,7.944176060118089,10.493827160493828,10.332796564680622,3.844605475040258,35.16505636070853,4.555823939881911,,0.5636070853462157,
204,18.71309715512614,8.501073537305421,7.648953301127214,10.46027911969941,10.285829307568438,4.690016103059581,34.50751476113795,4.62962962962963,,0.5636070853462157,
205,18.968062265163713,8.447396672034353,7.628824476650563,10.413311862587225,10.285829307568438,4.676596886741814,34.42028985507246,4.5960815888352125,,0.5636070853462157,
206,19.363929146537842,8.433977455716587,7.561728395061729,10.399892646269459,10.258990874932904,4.676596886741814,34.14519592055824,4.5960815888352125,,0.5636070853462157,
207,19.49141170155663,8.393719806763285,7.689210950080516,10.34621578099839,10.225442834138486,4.676596886741814,34.044551798174986,4.569243156199678,,0.5636070853462157,
208,19.57192699946323,8.3064949006978,7.776435856146001,10.285829307568438,10.225442834138486,4.676596886741814,34.024422973698336,4.569243156199678,,0.5636070853462157,
209,19.706119162640903,8.3064949006978,7.776435856146001,10.272410091250672,10.158346752549651,4.676596886741814,33.9573268921095,4.569243156199678,,0.5770263016639828,
210,19.90740740740741,8.158883521202362,7.776435856146001,10.272410091250672,10.158346752549651,4.64975845410628,33.93048845947396,4.569243156199678,,0.5770263016639828,
211,19.994632313472895,8.158883521202362,7.776435856146001,10.25228126677402,10.158346752549651,4.64975845410628,33.863392377885134,4.569243156199678,,0.5770263016639828,
212,18.894256575415994,6.105743424584004,7.628824476650563,8.943907675791733,9.286097691894794,4.455179817498658,38.05018786902845,6.0587761674718195,,0.5770263016639828,
213,19.122383252818036,6.105743424584004,7.628824476650563,8.943907675791733,9.252549651100376,4.455179817498658,37.936124530327426,5.978260869565218,,0.5770263016639828,
214,19.26328502415459,6.105743424584004,7.568438003220612,8.917069243156199,9.252549651100376,4.461889425657541,37.895866881374126,5.958132045088567,,0.5770263016639828,
215,19.47128287707998,5.891035963499732,7.514761137949543,8.648684916800859,9.212292002147075,4.562533548040794,38.08373590982286,6.038647342995169,,0.5770263016639828,
216,19.773215244229736,5.877616747181965,7.514761137949543,8.61513687600644,9.145195920558239,4.53569511540526,37.88915727321525,6.072195383789587,,0.5770263016639828,
217,20.263016639828233,5.857487922705314,7.367149758454106,8.61513687600644,9.145195920558239,4.3478260869565215,37.80864197530864,6.072195383789587,,0.5233494363929146,
218,20.50456253354804,5.850778314546431,7.326892109500805,8.601717659688674,9.07139023081052,4.3478260869565215,37.7012882447665,6.072195383789587,,0.5233494363929146,
219,20.665593129361245,5.803811057434245,7.326892109500805,8.581588835212024,9.017713365539452,4.414922168545357,37.60064412238325,6.0654857756307035,,0.5233494363929146,
220,20.88030059044552,5.750134192163178,7.313472893183038,8.561460010735374,8.93719806763285,4.40150295222759,37.567096081588836,6.0654857756307035,,0.5233494363929146,
221,21.054750402576488,5.743424584004294,7.367149758454106,8.501073537305421,8.923778851315083,4.40150295222759,37.446323134728935,6.038647342995169,,0.5233494363929146,
222,20.819914117015568,5.669618894256575,7.300053676865271,8.474235104669887,8.829844337090714,6.199677938808374,36.20504562533548,5.978260869565218,,0.5233494363929146,
223,20.8870101986044,5.649490069779925,7.246376811594203,8.729200214707461,8.80300590445518,6.119162640901771,36.06414385399893,5.978260869565218,,0.5233494363929146,
224,21.329844337090712,5.535426731078905,7.239667203435319,8.715780998389693,8.776167471819646,6.119162640901771,35.81588835212023,5.9447128287707995,,0.5233494363929146,
225,21.591519055287172,5.475040257648954,7.320182501341922,8.68894256575416,8.776167471819646,6.266774020397209,35.547504025764894,5.810520665593129,,0.5233494363929146,
226,21.792807300053678,5.46833064949007,7.313472893183038,8.668813741277509,8.76274825550188,6.239935587761675,35.42002147074611,5.810520665593129,,0.5233494363929146,
227,22.10144927536232,5.4549114331723025,7.246376811594203,8.709071390230811,8.76274825550188,6.213097155126141,35.19189479334407,5.810520665593129,,0.5099302200751477,
228,22.356414385399894,5.4549114331723025,7.239667203435319,8.709071390230811,8.662104133118627,6.206387546967257,34.97047772410091,5.891035963499732,,0.5099302200751477,
229,22.550993022007514,5.4549114331723025,7.239667203435319,8.608427267847558,8.655394524959743,6.166129898013956,34.93022007514761,5.884326355340848,,0.5099302200751477,
230,22.57783145464305,5.448201825013419,7.219538378958669,8.608427267847558,8.655394524959743,6.166129898013956,34.93022007514761,5.884326355340848,,0.5099302200751477,
231,22.758990874932906,5.448201825013419,7.212828770799785,8.55475040257649,8.581588835212024,6.166129898013956,34.88996242619431,5.877616747181965,,0.5099302200751477,
232,23.11460010735373,5.421363392377885,7.132313472893183,8.53462157809984,8.447396672034353,6.253354804079442,34.82286634460547,5.850778314546431,,0.4227053140096618,
233,23.275630703166936,5.421363392377885,7.098765432098766,8.460815888352121,8.420558239398819,6.253354804079442,34.796027911969944,5.850778314546431,,0.4227053140096618,
234,23.161567364465917,5.421363392377885,7.139023081052066,8.460815888352121,9.460547504025765,6.112453032742888,34.27938808373591,5.542136339237788,,0.4227053140096618,
235,23.429951690821255,5.360976918947934,7.024959742351046,8.460815888352121,9.426999463231347,6.099033816425121,34.245840042941495,5.528717122920021,,0.4227053140096618,
