,45,50,55,53,54,56,58,52,51,57
0,99.7584541062802,0.24154589371980675,,,,,,,,
1,99.48336017176597,0.5166398282340311,,,,,,,,
2,99.36258722490606,0.6374127750939346,,,,,,,,
3,98.72517444981213,1.2748255501878691,,,,,,,,
4,81.42109500805152,18.57890499194847,,,,,,,,
5,80.47504025764896,19.524959742351047,,,,,,,,
6,80.64278046162104,19.35721953837896,,,,,,,,
7,79.94498121309715,20.055018786902846,,,,,,,,
8,75.85212023617821,24.14787976382179,,,,,,,,
9,75.69779924852389,24.302200751476114,,,,,,,,
10,75.08722490606549,22.745571658615138,2.167203435319377,,,,,,,
11,73.2487922705314,24.59742351046699,2.15378421900161,,,,,,,
12,72.7187332259796,20.37037037037037,1.1540526033279657,5.300590445517981,0.4562533548040794,,,,,
13,72.5174449812131,20.437466451959207,1.1540526033279657,5.300590445517981,0.5904455179817498,,,,,
14,71.30971551261406,21.64519592055824,1.2345679012345678,5.152979066022544,0.5904455179817498,0.06709608158883522,,,,
15,71.19565217391305,21.64519592055824,1.7042404723564144,4.696725711218465,0.5904455179817498,0.06709608158883522,0.10064412238325282,,,
16,71.2090713902308,21.349973161567366,1.7042404723564144,4.696725711218465,0.8722490606548577,0.06709608158883522,0.10064412238325282,,,
17,65.04965110037574,27.509393451422437,1.7042404723564144,4.696725711218465,0.8722490606548577,0.06709608158883522,0.10064412238325282,,,
18,64.63365539452496,27.690552871712292,1.7042404723564144,4.663177670424047,1.0064412238325282,0.06709608158883522,0.10064412238325282,0.13419216317767044,,
19,64.84836285560924,27.51610305958132,1.7042404723564144,4.622920021470746,1.0064412238325282,0.06709608158883522,0.10064412238325282,0.13419216317767044,,
20,58.51449275362319,33.69565217391305,1.7042404723564144,4.622920021470746,0.9930220075147611,0.06709608158883522,0.10064412238325282,0.1878690284487386,0.11406333870101985,
21,58.641975308641975,33.46081588835212,1.8115942028985508,4.622920021470746,0.9930220075147611,0.06709608158883522,0.10064412238325282,0.1878690284487386,0.11406333870101985,
22,58.662104133118625,33.17230273752013,1.8115942028985508,4.622920021470746,1.1272141706924315,0.06709608158883522,0.10064412238325282,0.1878690284487386,0.24825550187869028,
23,58.82984433709071,33.111916264090176,1.8115942028985508,4.622920021470746,1.0198604401502953,0.06709608158883522,0.10064412238325282,0.1878690284487386,0.24825550187869028,
24,58.943907675791735,33.01798174986581,1.7981749865807837,4.616210413311863,1.0198604401502953,0.06709608158883522,0.10064412238325282,0.1878690284487386,0.24825550187869028,
25,58.93048845947396,32.930756843800324,1.8988191089640365,4.616210413311863,1.0198604401502953,0.06709608158883522,0.10064412238325282,0.1878690284487386,0.24825550187869028,
26,58.52120236178207,32.54830917874396,1.8988191089640365,4.616210413311863,1.0198604401502953,0.06709608158883522,0.10064412238325282,0.17444981213097155,1.0534084809447128,
27,58.621846484165324,32.447665056360705,1.8988191089640365,4.616210413311863,1.0198604401502953,0.06709608158883522,0.10064412238325282,0.17444981213097155,1.0534084809447128,
28,58.87010198604401,31.233225979602793,1.8853998926462694,5.595813204508857,1.0198604401502953,0.06709608158883522,0.10064412238325282,0.17444981213097155,1.0534084809447128,
29,59.084809447128286,31.05877616747182,1.8853998926462694,5.595813204508857,1.0198604401502953,0.06709608158883522,0.10064412238325282,0.17444981213097155,1.0131508319914118,
30,58.48765432098765,28.878153515834676,1.8853998926462694,6.501610305958132,1.0198604401502953,0.06709608158883522,0.10064412238325282,0.17444981213097155,2.885131508319914,
31,47.477187332259795,38.00993022007515,1.8853998926462694,6.501610305958132,1.0198604401502953,0.06709608158883522,0.10064412238325282,0.17444981213097155,4.7638217928073,
32,47.557702630166396,37.80193236714976,2.0263016639828235,6.353998926462695,1.0198604401502953,0.06709608158883522,0.14761137949543746,0.17444981213097155,4.7101449275362315,0.14090177133655393
33,47.64492753623188,37.61406333870102,2.13365539452496,6.4345142243692965,1.0198604401502953,0.06709608158883522,0.14761137949543746,0.17444981213097155,4.622920021470746,0.14090177133655393
34,47.77241009125067,37.513419216317764,2.13365539452496,6.414385399892646,1.0198604401502953,0.06709608158883522,0.14761137949543746,0.17444981213097155,4.616210413311863,0.14090177133655393
35,47.70531400966183,37.5402576489533,2.13365539452496,6.508319914117015,0.966183574879227,0.06709608158883522,0.14761137949543746,0.17444981213097155,4.616210413311863,0.14090177133655393
36,47.00080515297907,36.66800858829844,2.13365539452496,6.233225979602791,1.0399892646269457,0.06709608158883522,0.14761137949543746,0.17444981213097155,6.394256575415996,0.14090177133655393
37,47.14170692431562,36.560654857756305,2.13365539452496,6.219806763285024,1.0399892646269457,0.06709608158883522,0.14761137949543746,0.17444981213097155,6.374127750939345,0.14090177133655393
38,47.356414385399894,36.34594739667203,2.13365539452496,6.219806763285024,1.0399892646269457,0.06709608158883522,0.14761137949543746,0.17444981213097155,6.374127750939345,0.14090177133655393
39,47.41009125067096,36.35265700483092,2.13365539452496,6.1862587224906065,1.0399892646269457,0.06709608158883522,0.14761137949543746,0.17444981213097155,6.347289318303811,0.14090177133655393
40,47.62479871175523,35.829307568438004,2.368491680085883,6.266774020397209,0.9930220075147611,0.06709608158883522,0.14761137949543746,0.2214170692431562,6.347289318303811,0.13419216317767044
41,47.84621578099839,35.59447128287708,2.4691358024691357,6.219806763285024,0.9930220075147611,0.06709608158883522,0.14761137949543746,0.2214170692431562,6.3070316693505095,0.13419216317767044
42,48.007246376811594,35.43344068706388,2.4691358024691357,6.219806763285024,0.9930220075147611,0.06709608158883522,0.14761137949543746,0.2214170692431562,6.3070316693505095,0.13419216317767044
43,46.9873859366613,37.86231884057971,2.5966183574879227,6.199677938808374,0.9930220075147611,0.06709608158883522,0.14761137949543746,0.2214170692431562,4.790660225442834,0.13419216317767044
44,47.22893183038111,37.64761137949544,2.5966183574879227,6.179549114331723,0.9930220075147611,0.06709608158883522,0.14761137949543746,0.2214170692431562,4.783950617283951,0.13419216317767044
45,45.772946859903385,39.07675791733763,2.5966183574879227,6.139291465378422,1.0601180891035964,0.06709608158883522,0.14761137949543746,0.2214170692431562,4.783950617283951,0.13419216317767044
46,46.01449275362319,38.888888888888886,2.5966183574879227,6.125872249060655,1.0198604401502953,0.06709608158883522,0.14761137949543746,0.2214170692431562,4.783950617283951,0.13419216317767044
47,46.07487922705314,38.67418142780462,2.5966183574879227,6.166129898013956,1.0601180891035964,0.06709608158883522,0.14761137949543746,0.2214170692431562,4.85775630703167,0.13419216317767044
48,46.256038647343,37.19135802469136,2.8515834675254963,7.232957595276436,1.0534084809447128,0.06709608158883522,0.14761137949543746,0.20799785292538917,4.85775630703167,0.13419216317767044
49,46.484165324745035,37.003488996242616,2.8247450348899625,7.232957595276436,1.0534084809447128,0.06709608158883522,0.14761137949543746,0.19457863660762212,4.85775630703167,0.13419216317767044
50,46.62506709608159,36.72168545356951,3.012614063338701,7.226247987117552,1.0399892646269457,0.06709608158883522,0.14761137949543746,0.19457863660762212,4.830917874396135,0.13419216317767044
51,46.75925925925926,36.560654857756305,2.999194847020934,7.159151905528717,1.1473429951690821,0.06709608158883522,0.14761137949543746,0.19457863660762212,4.830917874396135,0.13419216317767044
52,33.400429414922165,51.650563607085346,2.5295222758990876,7.159151905528717,1.1205045625335481,0.06709608158883522,0.14761137949543746,0.14761137949543746,3.643317230273752,0.13419216317767044
53,32.347020933977454,52.42216854535695,2.6838432635534084,7.105475040257649,1.1205045625335481,0.06709608158883522,0.14761137949543746,0.2549651100375738,3.717122920021471,0.13419216317767044
54,32.53488996242619,52.180622651637144,2.6838432635534084,7.159151905528717,1.1205045625335481,0.06709608158883522,0.14761137949543746,0.2549651100375738,3.717122920021471,0.13419216317767044
55,32.870370370370374,51.7512077294686,2.8113258185721954,7.27992485238862,1.0534084809447128,0.06709608158883522,0.14761137949543746,0.2549651100375738,3.629898013955985,0.13419216317767044
56,32.71604938271605,51.80488459473967,2.8113258185721954,7.380568974771873,1.0534084809447128,0.06709608158883522,0.14761137949543746,0.2549651100375738,3.629898013955985,0.13419216317767044
57,33.20585077831455,51.348631239935585,2.999194847020934,7.2933440687063875,1.0601180891035964,0.06709608158883522,0.14761137949543746,0.2549651100375738,3.488996242619431,0.13419216317767044
58,33.581588835212024,50.999731615673646,2.9052603327965647,7.427536231884058,0.9930220075147611,0.06709608158883522,0.14761137949543746,0.2549651100375738,3.488996242619431,0.13419216317767044
59,20.578368223295758,68.2836822329576,1.8317230273752012,5.213365539452496,0.4428341384863124,0.06709608158883522,0.14761137949543746,0.026838432635534086,3.2742887815351582,0.13419216317767044
60,18.82716049382716,67.43827160493827,1.8317230273752012,4.918142780461621,0.30864197530864196,0.06709608158883522,0.06038647342995169,0.026838432635534086,6.387546967257112,0.13419216317767044
61,19.176060118089104,67.16317767042405,1.8048845947396672,4.918142780461621,0.30864197530864196,0.06709608158883522,0.06038647342995169,0.026838432635534086,6.340579710144928,0.13419216317767044
62,20.041599570585078,64.77455716586151,3.3548040794417604,4.891304347826087,0.30864197530864196,0.06709608158883522,0.06038647342995169,0.026838432635534086,6.340579710144928,0.13419216317767044
63,19.82018250134192,52.26784755770263,2.8515834675254963,4.341116478797638,0.30864197530864196,0.06709608158883522,0.06038647342995169,0.026838432635534086,20.12211486849168,0.13419216317767044
64,20.585077831454644,51.65727321524423,2.9119699409554483,4.274020397208803,0.30864197530864196,0.06709608158883522,0.06038647342995169,0.026838432635534086,19.97450348899624,0.13419216317767044
65,20.652173913043477,51.2614063338701,3.2675791733762747,4.274020397208803,0.30864197530864196,0.06709608158883522,0.06038647342995169,0.026838432635534086,19.94766505636071,0.13419216317767044
66,20.8467525496511,51.10708534621578,3.2675791733762747,4.274020397208803,0.30864197530864196,0.06709608158883522,0.06038647342995169,0.026838432635534086,19.90740740740741,0.13419216317767044
67,21.24932903918411,50.88566827697262,3.307836822329576,4.247181964573269,0.30864197530864196,0.06709608158883522,0.06038647342995169,0.026838432635534086,19.712828770799785,0.13419216317767044
68,21.64519592055824,50.62399355877617,3.307836822329576,4.247181964573269,0.30864197530864196,0.06709608158883522,0.06038647342995169,0.026838432635534086,19.578636607622116,0.13419216317767044
69,22.228931830381107,50.20799785292539,3.2877079978529253,4.247181964573269,0.30864197530864196,0.06709608158883522,0.06038647342995169,0.026838432635534086,19.43102522812668,0.13419216317767044
70,22.18196457326892,48.268921095008054,3.4017713365539453,5.83064949006978,0.5367686527106817,0.06709608158883522,0.17444981213097155,0.026838432635534086,19.37734836285561,0.13419216317767044
71,22.363123993558776,47.94015029522276,3.549382716049383,5.83064949006978,0.6709608158883521,0.14090177133655393,0.17444981213097155,0.026838432635534086,19.16935050993022,0.13419216317767044
72,22.6784755770263,47.70531400966183,3.549382716049383,5.83064949006978,0.6709608158883521,0.14090177133655393,0.17444981213097155,0.026838432635534086,19.088835212023618,0.13419216317767044
73,23.14814814814815,47.296027911969944,3.5225442834138487,5.83064949006978,0.6172839506172839,0.2885131508319914,0.17444981213097155,0.026838432635534086,18.96135265700483,0.13419216317767044
74,22.940150295222757,46.4975845410628,4.38137412775094,5.441492216854535,0.6172839506172839,0.2885131508319914,0.1610305958132045,1.0869565217391304,18.585614600107355,
75,23.05421363392378,46.39023081052066,4.38137412775094,5.441492216854535,0.6172839506172839,0.2885131508319914,0.1610305958132045,1.0869565217391304,18.57890499194847,
76,23.53059581320451,46.061460010735374,4.998658078368224,5.280461621041331,0.4830917874396135,0.2885131508319914,0.1610305958132045,1.0869565217391304,18.109232420826622,
77,23.758722490606548,45.98094471282877,4.891304347826087,5.22007514761138,0.4830917874396135,0.4025764895330113,0.1610305958132045,1.0869565217391304,18.015297906602253,
78,24.456521739130434,45.531400966183575,5.005367686527107,5.22007514761138,0.47638217928073,0.4025764895330113,0.1610305958132045,1.0869565217391304,17.659688674181428,
79,24.664519592055825,45.22275899087493,5.119431025228127,5.22007514761138,0.47638217928073,0.4025764895330113,0.14761137949543746,1.0869565217391304,17.659688674181428,
80,24.785292538915726,45.00134192163178,5.072463768115942,5.300590445517981,0.47638217928073,0.644122383252818,0.14761137949543746,1.0869565217391304,17.485238862050455,
81,24.335748792270532,42.3845947396672,4.958400429414922,8.548040794417606,0.47638217928073,0.644122383252818,0.14761137949543746,1.0869565217391304,17.418142780461622,
82,24.718196457326894,42.169887278582934,5.032206119162641,8.420558239398819,0.47638217928073,0.644122383252818,0.14761137949543746,1.0399892646269457,17.351046698872786,
83,24.872517444981213,42.08266237251745,5.032206119162641,8.413848631239935,0.46967257112184646,0.644122383252818,0.14761137949543746,1.0399892646269457,17.297369833601717,
84,25.0805152979066,41.928341384863124,5.032206119162641,8.232689210950081,0.46967257112184646,0.644122383252818,0.14761137949543746,1.0399892646269457,17.297369833601717,0.1274825550187869
85,25.5703166935051,41.626409017713364,4.938271604938271,8.219269994632313,0.46967257112184646,0.644122383252818,0.14761137949543746,1.0399892646269457,17.216854535695116,0.1274825550187869
86,25.6105743424584,41.67337627482555,4.918142780461621,8.21256038647343,0.46967257112184646,0.644122383252818,0.14761137949543746,1.0399892646269457,17.156468062265162,0.1274825550187869
87,25.979602791196996,41.378153515834676,5.038915727321524,8.21256038647343,0.46967257112184646,0.5904455179817498,0.14761137949543746,1.0399892646269457,17.01556629092861,0.1274825550187869
88,26.32850241545894,41.21041331186259,5.0993022007514766,8.272946859903382,0.46967257112184646,0.5703166935050993,0.14761137949543746,1.0198604401502953,16.75389157273215,0.1274825550187869
89,26.912238325281802,40.61325818572195,5.340848094471283,8.259527643585615,0.46967257112184646,0.5703166935050993,0.14761137949543746,1.0198604401502953,16.53918411164788,0.1274825550187869
90,27.234299516908212,40.41867954911433,5.3274288781535155,8.232689210950081,0.46967257112184646,0.5703166935050993,0.14761137949543746,1.0198604401502953,16.451959205582394,0.1274825550187869
91,27.65029522275899,40.083199141170155,5.152979066022544,8.32662372517445,0.46967257112184646,0.5703166935050993,0.14761137949543746,1.0198604401502953,16.451959205582394,0.1274825550187869
92,27.65029522275899,39.92887815351583,5.0791733762748255,8.3064949006978,0.46967257112184646,0.7246376811594203,0.14761137949543746,1.0198604401502953,16.545893719806763,0.1274825550187869
93,27.77777777777778,39.660493827160494,5.2066559312936125,9.541062801932368,0.46967257112184646,0.8655394524959742,0.14761137949543746,1.0198604401502953,15.183843263553408,0.1274825550187869
94,27.771068169618893,39.64707461084273,5.2066559312936125,9.50751476113795,0.46967257112184646,0.8655394524959742,0.14761137949543746,1.0198604401502953,15.11003757380569,0.2549651100375738
95,27.67042404723564,39.01637144390767,5.0791733762748255,9.742351046698873,0.46967257112184646,0.9393451422436929,0.14761137949543746,1.710950080515298,14.969135802469136,0.2549651100375738
96,27.885131508319915,38.83521202361782,5.065754159957058,9.742351046698873,0.46967257112184646,0.9393451422436929,0.14761137949543746,1.710950080515298,14.949006977992486,0.2549651100375738
97,28.307836822329577,38.56682769726248,4.998658078368224,9.681964573268921,0.8588298443370908,0.9057971014492754,0.14761137949543746,1.6237251744498122,14.65378421900161,0.2549651100375738
98,28.25415995705851,38.486312399355874,4.998658078368224,9.151905528717123,1.133923778851315,0.9057971014492754,0.14761137949543746,1.583467525496511,14.65378421900161,0.6843800322061192
99,28.549382716049383,38.30515297906602,4.978529253891573,9.104938271604938,1.133923778851315,0.9057971014492754,0.14761137949543746,1.583467525496511,14.606816961889425,0.6843800322061192
100,28.71712292002147,38.0703166935051,5.092592592592593,9.017713365539452,1.2144390767579174,0.9057971014492754,0.14761137949543746,1.583467525496511,14.566559312936125,0.6843800322061192
101,28.59634997316157,37.956253354804076,5.179817498658078,9.198872785829307,1.2748255501878691,0.9057971014492754,0.14761137949543746,1.556629092860977,14.553140096618357,0.630703166935051
102,28.858024691358025,37.6207729468599,5.314009661835748,9.172034353193773,1.3620504562533549,0.9057971014492754,0.14761137949543746,1.4895330112721417,14.49946323134729,0.630703166935051
103,28.395061728395063,37.23161567364466,5.314009661835748,9.145195920558239,1.3620504562533549,0.9057971014492754,0.14761137949543746,2.3752012882447664,14.492753623188406,0.630703166935051
104,27.710681696188942,35.84272678475577,5.314009661835748,9.044551798174986,1.5297906602254427,0.9057971014492754,0.14761137949543746,2.3752012882447664,16.49892646269458,0.630703166935051
105,27.999194847020934,35.39989264626946,5.35426731078905,9.185453569511541,1.5633387010198605,0.9057971014492754,0.14761137949543746,2.3752012882447664,16.438539989264626,0.630703166935051
106,28.052871712292003,35.319377348362856,5.35426731078905,9.125067096081589,1.5633387010198605,0.9057971014492754,0.14761137949543746,2.3752012882447664,16.438539989264626,0.7179280730005367
107,27.91867954911433,34.77589908749329,5.35426731078905,8.219269994632313,3.207192699946323,0.9057971014492754,0.14761137949543746,2.341653247450349,16.411701556629094,0.7179280730005367
108,27.992485238862052,34.74235104669887,5.287171229200215,8.259527643585615,3.207192699946323,1.0735373054213635,0.14761137949543746,2.341653247450349,16.23054213633924,0.7179280730005367
109,28.35480407944176,34.48067632850242,5.287171229200215,8.3064949006978,3.1468062265163717,1.0735373054213635,0.14761137949543746,2.341653247450349,16.14331723027375,0.7179280730005367
110,28.99892646269458,33.984165324745035,5.233494363929147,8.252818035426731,3.099838969404187,1.5096618357487923,0.14761137949543746,2.341653247450349,15.713902308105206,0.7179280730005367
111,28.428609769189478,33.60842726784756,4.978529253891573,8.205850778314547,3.113258185721954,0.2683843263553409,0.14761137949543746,10.077831454643048,10.453569511540525,0.7179280730005367
112,28.5426731078905,33.400429414922165,5.233494363929147,8.192431561996779,3.099838969404187,0.2683843263553409,0.14761137949543746,9.970477724100913,10.426731078904991,0.7179280730005367
113,28.35480407944176,33.21256038647343,5.233494363929147,8.051529790660226,3.0730005367686526,0.3824476650563607,0.1274825550187869,10.185185185185185,10.540794417606012,0.8387010198604401
114,28.44873859366613,33.13204508856683,5.233494363929147,8.051529790660226,3.0730005367686526,0.3824476650563607,0.1274825550187869,10.185185185185185,10.527375201288244,0.8387010198604401
115,28.549382716049383,32.75630703166935,5.374396135265701,8.145464304884594,3.2004830917874396,0.3824476650563607,0.1274825550187869,10.185185185185185,10.44015029522276,0.8387010198604401
116,28.844605475040257,32.57514761137949,5.374396135265701,8.199141170155663,3.2004830917874396,0.3824476650563607,0.1274825550187869,10.11808910359635,10.339506172839506,0.8387010198604401
117,29.139828234031132,32.420826623725176,5.3274288781535155,8.185721953837897,3.166935050993022,0.3824476650563607,0.1274825550187869,10.084541062801932,10.326086956521738,0.8387010198604401
118,29.260601180891037,32.25979602791197,5.46833064949007,8.13875469672571,3.166935050993022,0.3824476650563607,0.1274825550187869,10.084541062801932,10.272410091250672,0.8387010198604401
119,24.812130971551262,27.623456790123456,4.7101449275362315,5.911164787976382,2.7106816961889426,0.3824476650563607,0.1274825550187869,10.071121846484166,22.81266774020397,0.8387010198604401
120,25.348899624261943,27.059849704777243,5.193236714975845,5.8239398819108965,2.7106816961889426,0.3824476650563607,0.1274825550187869,9.943639291465379,22.457058507783145,0.95276435856146
121,25.503220611916262,26.96591519055287,5.267042404723564,5.884326355340848,2.657004830917874,0.3824476650563607,0.1274825550187869,9.923510466988727,22.33628556092324,0.95276435856146
122,25.731347289318304,26.939076757917338,5.267042404723564,5.884326355340848,2.636876006441224,0.3824476650563607,0.1274825550187869,9.876543209876543,22.20209339774557,0.95276435856146
123,25.771604938271604,27.126945786366075,5.267042404723564,5.884326355340848,2.636876006441224,0.3824476650563607,0.1274825550187869,9.73564143853999,22.128287707997853,0.9393451422436929
124,25.79844337090714,27.079978529253893,5.260332796564681,5.931293612453032,2.636876006441224,0.3824476650563607,0.1274825550187869,9.73564143853999,22.108158883521202,0.9393451422436929
125,25.738056897477186,26.710950080515296,5.260332796564681,5.763553408480945,2.737520128824477,0.3824476650563607,0.1274825550187869,9.73564143853999,22.604669887278583,0.9393451422436929
126,25.791733762748255,26.516371443907676,5.4616210413311865,5.763553408480945,2.737520128824477,0.3824476650563607,0.1274825550187869,9.73564143853999,22.544283413848632,0.9393451422436929
127,26.32850241545894,26.234567901234566,5.367686527106817,5.636070853462158,2.918679549114332,0.3824476650563607,0.1274825550187869,9.722222222222221,22.342995169082126,0.9393451422436929
128,26.516371443907676,24.94632313472893,5.414653784219001,7.118894256575416,2.8650026838432634,0.36902844873859364,0.1274825550187869,9.789318303811058,21.91358024691358,0.9393451422436929
129,26.603596349973163,24.550456253354803,5.662909286097692,7.4208266237251745,2.791196994095545,0.36902844873859364,0.1274825550187869,9.762479871175524,21.772678475577028,0.9393451422436929
130,26.8317230273752,24.510198604401502,5.60252281266774,7.4208266237251745,2.791196994095545,0.36902844873859364,0.1274825550187869,9.708803005904455,21.69887278582931,0.9393451422436929
131,26.529790660225444,24.288781535158346,5.60252281266774,7.4208266237251745,2.791196994095545,0.36902844873859364,0.19457863660762212,9.64170692431562,22.22222222222222,0.9393451422436929
132,26.65727321524423,24.228395061728396,5.535426731078905,7.481213097155126,2.791196994095545,0.36902844873859364,0.33548040794417605,9.4873859366613,22.188674181427803,0.9259259259259259
133,26.764626945786365,24.06736446591519,5.515297906602254,7.340311325818572,3.1199677938808374,0.36902844873859364,0.47638217928073,9.292807300053678,22.128287707997853,0.9259259259259259
134,27.006172839506174,23.97342995169082,5.515297906602254,7.306763285024155,3.193773483628556,0.36902844873859364,0.47638217928073,9.292807300053678,21.940418679549115,0.9259259259259259
135,26.67740203972088,23.289049919484704,5.508588298443371,7.246376811594203,3.1333870101986045,0.36902844873859364,0.47638217928073,9.23913043478261,23.13472893183038,0.9259259259259259
136,26.482823403113258,23.221953837895867,5.481749865807837,7.353730542136339,3.2541599570585076,0.36902844873859364,0.47638217928073,9.23913043478261,23.19511540526033,0.9259259259259259
137,26.704240472356414,23.19511540526033,5.481749865807837,7.353730542136339,3.227321524422974,0.36902844873859364,0.47638217928073,9.23913043478261,23.027375201288244,0.9259259259259259
138,26.25469672571122,22.725442834138487,5.300590445517981,7.944176060118089,3.0730005367686526,0.2549651100375738,0.3488996242619431,13.56682769726248,20.1959205582394,0.33548040794417605
139,26.77133655394525,22.63150831991412,5.213365539452496,7.816693505099302,2.9589371980676327,0.2549651100375738,0.3488996242619431,13.506441223832528,20.162372517444982,0.33548040794417605
140,26.959205582393988,22.537573805689746,5.112721417069243,7.971014492753623,2.918679549114332,0.2549651100375738,0.33548040794417605,13.43263553408481,20.142243692968332,0.33548040794417605
141,27.66371443907676,22.262479871175522,5.018786902844874,7.9106280193236715,2.8918411164787976,0.3421900161030596,0.30864197530864196,13.325281803542673,19.940955448201827,0.33548040794417605
142,27.77777777777778,21.786097691894792,4.750402576489533,7.9039184111647875,3.8311862587224907,0.3421900161030596,0.30864197530864196,13.09044551798175,19.87385936661299,0.33548040794417605
143,28.26086956521739,21.658615136876005,4.958400429414922,7.9039184111647875,3.81105743424584,0.3421900161030596,0.30864197530864196,13.056897477187333,19.363929146537842,0.33548040794417605
144,28.099838969404185,21.584809447128286,5.501878690284487,8.145464304884594,3.9519592055823938,0.33548040794417605,0.30864197530864196,12.808641975308642,18.927804616210413,0.33548040794417605
145,28.37493290391841,21.511003757380568,5.481749865807837,8.024691358024691,4.019055287171229,0.33548040794417605,0.30864197530864196,12.801932367149758,18.80703166935051,0.33548040794417605
146,27.87842190016103,21.22920021470746,5.4549114331723025,7.769726247987117,4.119699409554482,0.33548040794417605,0.30864197530864196,14.190821256038648,18.451422436929683,0.2616747181964573
147,28.052871712292003,21.007783145464305,5.656199677938808,7.669082125603865,4.233762748255502,0.33548040794417605,0.30864197530864196,14.150563607085346,18.323939881910896,0.2616747181964573
148,27.388620504562535,19.236446591519055,4.824208266237251,7.4141170155662905,3.113258185721954,0.33548040794417605,0.30864197530864196,13.922436929683306,23.19511540526033,0.2616747181964573
149,27.63016639828234,19.223027375201287,4.824208266237251,7.326892109500805,3.193773483628556,0.4830917874396135,0.30864197530864196,13.902308105206655,22.84621578099839,0.2616747181964573
150,27.81803542673108,19.209608158883523,4.817498658078368,7.326892109500805,3.193773483628556,0.4830917874396135,0.30864197530864196,13.895598497047773,22.685185185185187,0.2616747181964573
151,27.925389157273216,18.907675791733762,4.770531400966184,8.239398819108963,3.193773483628556,0.4830917874396135,0.30864197530864196,13.868760064412239,22.041062801932366,0.2616747181964573
152,27.992485238862052,18.766774020397207,4.770531400966184,8.205850778314547,3.1870638754696725,0.4830917874396135,0.30864197530864196,13.868760064412239,22.15512614063339,0.2616747181964573
153,28.23403113258186,18.739935587761675,4.770531400966184,8.199141170155663,3.1870638754696725,0.4830917874396135,0.30864197530864196,13.855340848094471,21.960547504025765,0.2616747181964573
154,28.33467525496511,18.54535695115405,4.911433172302737,8.199141170155663,3.052871712292002,0.4830917874396135,0.30864197530864196,13.976113794954374,21.926999463231347,0.2616747181964573
155,28.79092860976919,18.50509930220075,4.911433172302737,7.816693505099302,2.9924852388620504,0.47638217928073,0.4092860976918948,14.06333870101986,21.772678475577028,0.2616747181964573
156,29.11969940955448,18.47826086956522,4.898013955984971,7.75630703166935,2.9924852388620504,0.47638217928073,0.4092860976918948,13.90901771336554,21.544551798174986,0.41599570585077833
157,29.388083735909824,18.47826086956522,4.864465915190553,7.64224369296833,2.965646806226516,0.5971551261406334,0.4092860976918948,13.862050456253355,21.3768115942029,0.41599570585077833
158,29.62962962962963,18.411164787976382,4.696725711218465,7.64224369296833,3.099838969404187,0.5971551261406334,0.36231884057971014,13.781535158346752,21.36339237788513,0.41599570585077833
159,30.03220611916264,18.129361245303276,4.777241009125067,7.601986044015029,3.099838969404187,0.5971551261406334,0.36231884057971014,13.620504562533547,21.36339237788513,0.41599570585077833
160,28.65673644659152,17.632850241545892,4.757112184648417,7.2933440687063875,3.1468062265163717,0.5099302200751477,0.36231884057971014,13.613794954374665,23.617820719269993,0.4092860976918948
161,28.690284487385938,17.53220611916264,4.7168545356951155,7.39398819108964,3.2877079978529253,0.49651100375738055,0.36231884057971014,13.600375738056897,23.51046698872786,0.4092860976918948
162,29.05931293612453,17.45169082125604,4.851046698872786,7.27992485238862,3.240740740740741,0.49651100375738055,0.36231884057971014,13.506441223832528,23.34272678475577,0.4092860976918948
163,29.11969940955448,17.444981213097154,4.851046698872786,7.27992485238862,3.2139023081052067,0.5501878690284487,0.36231884057971014,13.506441223832528,23.275630703166936,0.39586688137412773
164,29.435050993022006,17.344337090713903,4.8376274825550185,7.098765432098766,3.307836822329576,0.5367686527106817,0.36231884057971014,13.459473966720344,23.26892109500805,0.3488996242619431
165,29.51556629092861,17.19001610305958,4.8376274825550185,7.440955448201825,3.307836822329576,0.5367686527106817,0.36231884057971014,13.425925925925926,23.03408480944713,0.3488996242619431
166,29.60950080515298,17.19001610305958,4.8376274825550185,7.4006977992485234,3.307836822329576,0.5367686527106817,0.36231884057971014,13.493022007514762,22.913311862587225,0.3488996242619431
167,29.918142780461622,17.176596886741816,4.797369833601718,7.320182501341922,3.3011272141706924,0.5367686527106817,0.36231884057971014,13.378958668813741,22.859634997316157,0.3488996242619431
168,30.314009661835748,17.008856682769725,4.790660225442834,7.25979602791197,3.2675791733762747,0.5367686527106817,0.3488996242619431,13.305152979066023,22.69860440150295,0.46967257112184646
169,30.689747718733226,16.968599033816425,4.730273752012883,7.212828770799785,3.2541599570585076,0.5367686527106817,0.3488996242619431,13.150831991411701,22.638217928073,0.46967257112184646
170,30.73671497584541,16.948470209339774,4.730273752012883,7.206119162640902,3.2541599570585076,0.6575415995705851,0.3488996242619431,13.117283950617283,22.530864197530864,0.46967257112184646
171,30.96484165324745,17.022275899087493,4.723564143853999,7.1725711218464845,3.2541599570585076,0.6575415995705851,0.3488996242619431,13.043478260869565,22.342995169082126,0.46967257112184646
172,31.353998926462694,16.941760601180892,4.703435319377348,7.105475040257649,3.240740740740741,0.7447665056360708,0.3488996242619431,12.962962962962964,22.128287707997853,0.46967257112184646
173,31.548577563070317,16.80756843800322,4.851046698872786,7.105475040257649,3.2206119162640903,0.7447665056360708,0.3488996242619431,12.949543746645196,21.953837895866883,0.46967257112184646
174,31.944444444444443,16.74718196457327,4.777241009125067,7.105475040257649,3.207192699946323,0.7447665056360708,0.3488996242619431,12.902576489533011,21.752549651100377,0.46967257112184646
175,31.910896403650028,16.686795491143318,4.7168545356951155,7.125603864734299,3.3548040794417604,0.8655394524959742,0.3488996242619431,12.895866881374127,21.64519592055824,0.4495437466451959
176,31.97799248523886,16.586151368760063,4.636339237788513,7.125603864734299,3.4286097691894795,0.8655394524959742,0.3488996242619431,12.895866881374127,21.68545356951154,0.4495437466451959
177,31.95786366076221,16.512345679012345,4.622920021470746,7.300053676865271,3.515834675254965,0.8655394524959742,0.3488996242619431,12.801932367149758,21.62506709608159,0.4495437466451959
178,32.427536231884055,16.49892646269458,4.582662372517445,7.27992485238862,3.502415458937198,0.8655394524959742,0.3488996242619431,12.721417069243156,21.34326355340848,0.4294149221685454
179,32.59527643585615,16.404991948470208,4.441760601180891,7.27992485238862,4.703435319377348,0.8319914117015567,0.3488996242619431,12.68786902844874,20.276435856146,0.4294149221685454
180,32.776435856146,16.317767042404725,4.441760601180891,7.27992485238862,4.696725711218465,0.8319914117015567,0.3488996242619431,12.614063338701019,20.263016639828233,0.4294149221685454
181,33.12533548040794,16.009125067096083,4.441760601180891,7.27992485238862,4.696725711218465,0.8319914117015567,0.3488996242619431,12.614063338701019,20.2361782071927,0.41599570585077833
182,33.41384863123994,15.995705850778315,4.40150295222759,7.347020933977456,4.683306494900698,0.8319914117015567,0.3488996242619431,12.4597423510467,20.101986044015028,0.41599570585077833
183,33.7157809983897,15.787707997852925,4.4753086419753085,7.320182501341922,4.790660225442834,0.9460547504025765,0.3488996242619431,12.325550187869029,19.87385936661299,0.41599570585077833
184,33.762748255501876,15.72061191626409,4.582662372517445,7.320182501341922,4.790660225442834,0.9460547504025765,0.3488996242619431,12.238325281803542,19.726247987117553,0.5636070853462157
185,33.52120236178207,14.861782071927,4.622920021470746,8.80300590445518,4.676596886741814,0.9460547504025765,0.3488996242619431,12.030327428878154,19.6256038647343,0.5636070853462157
186,33.621846484165324,14.841653247450349,4.609500805152979,8.80300590445518,4.676596886741814,0.9460547504025765,0.3488996242619431,12.02361782071927,19.565217391304348,0.5636070853462157
187,33.89694041867955,14.861782071927,4.609500805152979,8.715780998389693,4.555823939881911,0.9460547504025765,0.3488996242619431,12.077294685990339,19.30354267310789,0.6843800322061192
188,34.245840042941495,14.861782071927,4.609500805152979,8.608427267847558,4.555823939881911,0.9460547504025765,0.4830917874396135,11.902844873859367,19.102254428341386,0.6843800322061192
189,34.09822866344606,15.673644659151906,4.575952764358561,8.480944712828771,4.51556629092861,0.9460547504025765,0.4830917874396135,11.896135265700483,18.646001073537306,0.6843800322061192
190,34.33977455716586,15.613258185721953,4.549114331723027,8.561460010735374,4.49543746645196,0.9460547504025765,0.4830917874396135,11.721685453569512,18.605743424584006,0.6843800322061192
191,34.245840042941495,15.53274288781535,4.750402576489533,8.722490606548577,4.49543746645196,0.9460547504025765,0.4830917874396135,11.621041331186259,18.51851851851852,0.6843800322061192
192,34.31964573268921,15.411969940955448,4.864465915190553,8.59500805152979,4.4820182501341925,1.0466988727858293,0.4830917874396135,11.594202898550725,18.54535695115405,0.6575415995705851
193,34.70880300590446,15.318035426731079,4.8376274825550185,8.521202361782072,4.5960815888352125,1.0466988727858293,0.46296296296296297,11.520397208803006,18.33064949006978,0.6575415995705851
194,35.03086419753087,15.311325818572195,4.8376274825550185,8.420558239398819,4.5960815888352125,1.0466988727858293,0.46296296296296297,11.460010735373054,18.209876543209877,0.6239935587761675
195,35.20531400966183,15.28448738593666,4.8376274825550185,8.373590982286634,4.5960815888352125,1.0466988727858293,0.46296296296296297,11.439881910896403,18.136070853462158,0.6172839506172839
196,35.45356951154053,15.24422973698336,4.944981213097155,8.293075684380032,4.569243156199678,1.0265700483091786,0.46296296296296297,11.252012882447666,18.136070853462158,0.6172839506172839
197,35.79575952764358,15.08990874932904,4.944981213097155,8.205850778314547,4.549114331723027,1.0265700483091786,0.46296296296296297,11.426462694578637,17.881105743424584,0.6172839506172839
198,35.94337090713902,15.083199141170155,4.898013955984971,8.199141170155663,4.549114331723027,1.0265700483091786,0.46296296296296297,11.379495437466453,17.840848094471284,0.6172839506172839
199,36.35265700483092,14.989264626945786,4.898013955984971,8.158883521202362,4.549114331723027,0.9997316156736447,0.4562533548040794,11.151368760064413,17.827428878153516,0.6172839506172839
200,36.802200751476114,14.667203435319378,4.790660225442834,8.232689210950081,4.522275899087493,0.9997316156736447,0.4562533548040794,11.09098228663446,17.820719269994633,0.6172839506172839
201,37.043746645195924,14.647074610842727,4.770531400966184,8.205850778314547,4.522275899087493,0.9930220075147611,0.4562533548040794,11.084272678475577,17.659688674181428,0.6172839506172839
202,37.15780998389694,14.472624798711756,4.770531400966184,8.259527643585615,4.51556629092861,0.9930220075147611,0.4562533548040794,11.07085346215781,17.68652710681696,0.6172839506172839
203,37.43961352657005,14.40552871712292,4.770531400966184,8.259527643585615,4.51556629092861,0.9930220075147611,0.4428341384863124,11.064143853998926,17.505367686527105,0.6038647342995169
204,37.76167471819646,14.418947933440688,4.636339237788513,8.232689210950081,4.51556629092861,0.9863123993558777,0.4428341384863124,10.93666129898014,17.465110037573805,0.6038647342995169
205,38.016639828234034,14.31159420289855,4.62962962962963,8.272946859903382,4.448470209339774,0.9863123993558777,0.4428341384863124,10.775630703166936,17.364465915190554,0.7514761137949544
206,38.117283950617285,14.13714439076758,4.622920021470746,8.259527643585615,4.683306494900698,0.9863123993558777,0.4428341384863124,10.809178743961352,17.19001610305958,0.7514761137949544
207,38.378958668813745,14.070048309178745,4.616210413311863,8.192431561996779,4.683306494900698,1.107085346215781,0.4428341384863124,10.721953837895867,17.03569511540526,0.7514761137949544
208,38.56682769726248,14.06333870101986,4.528985507246377,8.192431561996779,4.736983360171766,1.107085346215781,0.4428341384863124,10.668276972624799,16.941760601180892,0.7514761137949544
209,38.74127750939345,13.969404186795492,4.528985507246377,8.192431561996779,4.736983360171766,1.107085346215781,0.4428341384863124,10.661567364465915,16.867954911433173,0.7514761137949544
210,36.902844873859365,12.86231884057971,4.240472356414386,10.923242082662373,5.193236714975845,0.9326355340848095,0.4428341384863124,10.25228126677402,17.498658078368223,0.7514761137949544
211,37.0101986044015,12.781803542673108,4.193505099302201,11.05072463768116,5.179817498658078,0.9192163177670424,0.4428341384863124,10.185185185185185,17.485238862050455,0.7514761137949544
212,37.29200214707461,12.600644122383253,4.193505099302201,11.11111111111111,5.12614063338701,0.9863123993558777,0.4428341384863124,10.124798711755233,17.371175523349436,0.7514761137949544
213,37.533548040794415,12.546967257112184,4.253891572732153,10.990338164251208,5.260332796564681,0.9863123993558777,0.4294149221685454,10.050993022007514,17.196725711218466,0.7514761137949544
214,37.74154589371981,12.399355877616747,4.394793344068707,10.95679012345679,5.260332796564681,0.9863123993558777,0.4294149221685454,9.903381642512077,17.042404723564143,0.8856682769726248
215,38.06360708534621,12.198067632850242,4.582662372517445,10.735373054213634,5.260332796564681,0.9863123993558777,0.4294149221685454,9.896672034353195,16.961889425657542,0.8856682769726248
216,38.35882984433709,12.177938808373591,4.4753086419753085,10.695115405260333,5.22007514761138,1.093666129898014,0.4294149221685454,9.842995169082126,16.820987654320987,0.8856682769726248
217,38.56682769726248,12.117552334943639,4.575952764358561,10.641438539989265,5.267042404723564,1.0265700483091786,0.4294149221685454,9.96376811594203,16.552603327965645,0.8588298443370908
218,38.97611379495437,11.990069779924852,4.562533548040794,10.48040794417606,5.173107890499195,1.0265700483091786,0.4294149221685454,9.950348899624261,16.552603327965645,0.8588298443370908
219,39.36527106816962,11.956521739130435,4.508856682769726,10.332796564680622,5.152979066022544,1.0064412238325282,0.4294149221685454,9.943639291465379,16.445249597423512,0.8588298443370908
220,39.71417069243156,11.922973698336017,4.461889425657541,10.225442834138486,5.132850241545894,1.0064412238325282,0.4294149221685454,9.943639291465379,16.304347826086957,0.8588298443370908
221,39.88191089640365,11.849168008588299,4.441760601180891,10.131508319914117,5.280461621041331,1.0064412238325282,0.4294149221685454,9.903381642512077,16.21712292002147,0.8588298443370908
222,40.022812667740205,11.83574879227053,4.441760601180891,10.131508319914117,5.300590445517981,1.06682769726248,0.3421900161030596,9.816156736446592,16.183574879227052,0.8588298443370908
