,45,50,51,53,54,52,55,56,57
0,100.0,,,,,,,,
1,68.21658615136876,20.135534084809446,11.29898013955985,0.3488996242619431,,,,,
2,68.26355340848094,20.088566827697264,11.29898013955985,0.3488996242619431,,,,,
3,59.66183574879227,25.986312399355878,7.890499194847021,,6.461352657004831,,,,
4,47.68518518518518,38.016639828234034,7.85024154589372,,6.447933440687064,,,,
5,43.605743424584006,33.23939881910896,15.042941492216855,,8.111916264090176,,,,
6,40.50590445517982,21.598228663446054,21.115136876006442,,4.2203435319377345,12.560386473429952,,,
7,38.55340848094471,22.054482018250134,21.095008051529792,,4.186795491143317,14.110305958132045,,,
8,38.6003757380569,22.034353193773484,21.068169618894256,,4.186795491143317,14.110305958132045,,,
9,31.816961889425656,28.864734299516908,21.061460010735374,,4.186795491143317,14.070048309178745,,,
10,31.95786366076221,28.864734299516908,21.021202361782073,,4.119699409554482,14.036500268384327,,,
11,26.878690284487387,37.9898013955985,16.988727858293075,,4.119699409554482,14.023081052066559,,,
12,24.27536231884058,34.88996242619431,23.443370907139023,,4.0995705850778315,13.291733762748256,,,
13,22.18196457326892,30.99838969404187,29.643048845947398,,4.0995705850778315,13.077026301663983,,,
14,22.383252818035427,30.971551261406333,29.502147074610843,,4.0995705850778315,13.043478260869565,,,
15,22.470477724100913,30.9447128287708,28.85131508319914,,4.0995705850778315,13.043478260869565,0.5904455179817498,,
16,22.73886205045625,30.9447128287708,28.71712292002147,,4.05931293612453,12.949543746645196,0.5904455179817498,,
17,22.383252818035427,30.132850241545892,32.75630703166935,,2.3483628556092326,11.788781535158346,0.5904455179817498,,
18,22.450348899624263,30.119431025228128,32.729468599033815,,2.3483628556092326,11.761943102522812,0.5904455179817498,,
19,15.640096618357488,36.44659151905529,42.33762748255502,,2.3483628556092326,1.9122383252818036,1.3150831991411702,,
20,13.855340848094471,34.76247987117552,45.8064949006978,,1.932367149758454,1.9122383252818036,1.3150831991411702,0.41599570585077833,
21,12.432903918411165,25.187869028448738,56.80354267310789,,1.932367149758454,1.9122383252818036,1.3150831991411702,0.41599570585077833,
22,12.533548040794418,25.026838432635532,56.407675791733766,,2.341653247450349,1.8250134192163177,1.3150831991411702,0.5501878690284487,
23,12.06387546967257,16.451959205582394,55.743424584004295,,2.314814814814815,11.694847020933977,1.3150831991411702,0.41599570585077833,
24,6.957863660762212,31.82367149758454,51.66398282340311,,0.4227053140096618,8.789586688137414,0.3421900161030596,,
25,7.03166935050993,31.776704240472355,51.63714439076758,,0.4227053140096618,8.789586688137414,0.3421900161030596,,
26,7.0450885668276975,28.63660762211487,49.18813741277509,,0.4227053140096618,14.593397745571659,0.11406333870101985,,
27,7.0450885668276975,28.556092324208265,48.76543209876543,,0.4227053140096618,15.096618357487923,0.11406333870101985,,
28,7.232957595276436,28.408480944712828,48.752012882447666,,0.4227053140096618,15.069779924852389,0.11406333870101985,,
29,7.440955448201825,28.361513687600645,48.651368760064415,,0.4227053140096618,14.418947933440688,0.11406333870101985,0.5904455179817498,
30,7.440955448201825,28.361513687600645,51.368760064412236,,0.4227053140096618,11.761943102522812,0.11406333870101985,0.5300590445517982,
31,7.689210950080516,28.361513687600645,50.36231884057971,,0.4227053140096618,11.735104669887278,0.11406333870101985,1.3150831991411702,
32,6.575415995705851,24.074074074074073,52.83145464304884,,4.938271604938271,10.151637144390767,0.11406333870101985,1.3150831991411702,
33,5.112721417069243,21.390230810520666,57.00483091787439,,4.938271604938271,8.225979602791197,2.0128824476650564,1.3150831991411702,
34,5.428073000536768,18.853998926462694,52.05314009661836,,,20.437466451959207,1.9122383252818036,1.3150831991411702,
35,4.032474503488996,16.61969940955448,44.06199677938808,,,34.252549651100374,,1.0332796564680622,
36,4.314278046162104,16.61969940955448,43.934514224369295,,,34.19216317767042,,0.9393451422436929,
37,4.414922168545357,15.814546430488459,41.52576489533011,3.260869565217391,,34.044551798174986,,0.9393451422436929,
38,4.528985507246377,15.76086956521739,45.48443370907139,0.3824476650563607,,32.90391841116479,,0.9393451422436929,
39,2.7308105206655933,12.379227053140097,48.88620504562534,2.2946859903381642,,32.64224369296833,,0.9393451422436929,0.1274825550187869
40,2.8113258185721954,12.338969404186795,47.88647342995169,2.2946859903381642,0.9594739667203436,32.6154052603328,,0.966183574879227,0.1274825550187869
41,2.7844873859366612,12.305421363392378,45.67901234567901,2.2946859903381642,0.9594739667203436,34.346484165324746,0.7716049382716049,0.7313472893183038,0.1274825550187869
42,2.7308105206655933,12.305421363392378,44.76650563607085,2.2946859903381642,1.6572732152442298,33.84997316156736,1.0735373054213635,1.1943102522812667,0.1274825550187869
43,2.771068169618894,12.265163714439076,49.060654857756305,2.2946859903381642,1.5901771336553945,30.10601180891036,0.7917337627482555,0.9930220075147611,0.1274825550187869
44,2.8113258185721954,12.265163714439076,48.88620504562534,4.0995705850778315,1.5901771336553945,28.032742887815353,0.7917337627482555,1.3955984970477724,0.1274825550187869
45,2.9253891572732154,12.265163714439076,48.83252818035427,4.0995705850778315,1.5901771336553945,27.9723564143854,0.7917337627482555,1.3955984970477724,0.1274825550187869
46,2.6435856146001075,9.064680622651638,51.912238325281805,3.3011272141706924,3.4151905528717124,27.851583467525497,0.2885131508319914,1.3955984970477724,0.1274825550187869
47,2.7777777777777777,9.05126140633387,51.88539989264627,3.3011272141706924,3.4151905528717124,27.78448738593666,0.2885131508319914,1.3687600644122384,0.1274825550187869
48,3.099838969404187,8.970746108427267,51.65727321524423,3.3011272141706924,3.4151905528717124,27.643585614600106,0.2885131508319914,1.4962426194310252,0.1274825550187869
49,2.8113258185721954,8.970746108427267,62.996511003757384,2.033011272141707,3.193773483628556,18.209876543209877,0.2885131508319914,1.4962426194310252,
50,2.952227589908749,8.93719806763285,62.11755233494364,2.033011272141707,3.965378421900161,18.209876543209877,0.2885131508319914,1.4962426194310252,
51,3.0931293612453032,7.675791733762749,65.43880837359099,0.5367686527106817,3.260869565217391,18.02200751476114,0.2616747181964573,1.710950080515298,
52,3.5628019323671496,7.635534084809447,64.7007514761138,0.5367686527106817,3.260869565217391,17.8743961352657,0.7179280730005367,1.710950080515298,
53,3.629898013955985,5.159688674181428,57.809983896940416,6.105743424584004,3.2474503488996245,21.618357487922705,0.7179280730005367,1.710950080515298,
54,4.213633923778851,5.052334943639291,57.23966720343532,6.105743424584004,2.9924852388620504,21.370101986044016,1.0735373054213635,1.9524959742351047,
55,3.938539989264627,4.891304347826087,58.3064949006978,6.0587761674718195,2.5966183574879227,21.34326355340848,1.0735373054213635,1.7914653784219001,
56,3.965378421900161,4.891304347826087,53.72383252818035,6.018518518518518,2.5966183574879227,25.939345142243692,1.0735373054213635,1.7914653784219001,
57,4.28743961352657,4.891304347826087,53.42860976918948,6.018518518518518,2.5966183574879227,25.91250670960816,1.0735373054213635,1.7914653784219001,
58,4.461889425657541,4.891304347826087,53.34809447128288,6.018518518518518,2.5966183574879227,25.89908749329039,0.9930220075147611,1.7914653784219001,
59,4.736983360171766,4.891304347826087,53.14009661835749,6.018518518518518,2.5966183574879227,25.831991411701555,0.9930220075147611,1.7914653784219001,
60,4.777241009125067,4.891304347826087,53.12667740203972,6.018518518518518,2.5966183574879227,25.805152979066023,0.9930220075147611,1.7914653784219001,
61,4.736983360171766,4.891304347826087,53.676865271068166,5.60252281266774,2.5161030595813205,25.791733762748255,0.9930220075147611,1.7914653784219001,
62,5.146269457863661,4.891304347826087,53.54938271604938,5.347557702630167,2.5161030595813205,25.637412775093935,0.9930220075147611,1.9189479334406871,
63,5.2066559312936125,4.891304347826087,53.52254428341385,5.314009661835748,2.5161030595813205,25.637412775093935,0.9930220075147611,1.9189479334406871,
64,5.488459473966721,4.341116478797638,53.36822329575953,5.314009661835748,2.5161030595813205,25.49651100375738,1.556629092860977,1.9189479334406871,
65,5.58239398819109,4.341116478797638,53.34809447128288,5.280461621041331,2.5161030595813205,25.47638217928073,1.5365002683843263,1.9189479334406871,
66,5.132850241545894,4.2270531400966185,54.51556629092861,5.246913580246914,2.100107353730542,25.429414922168544,1.42914653784219,1.9189479334406871,
67,4.64975845410628,3.911701556629093,50.63070316693505,5.367686527106817,2.0128824476650564,30.079173376274827,1.42914653784219,1.9189479334406871,
68,4.87788513150832,3.911701556629093,50.536768652710684,5.367686527106817,2.0128824476650564,29.944981213097154,1.42914653784219,1.9189479334406871,
69,5.119431025228127,3.911701556629093,56.26006441223833,5.320719269994632,2.0128824476650564,23.792270531400966,1.42914653784219,2.15378421900161,
70,5.307300053676865,3.911701556629093,56.15942028985507,6.535158346752549,1.9860440150295222,22.517444981213096,1.42914653784219,2.15378421900161,
71,5.374396135265701,3.911701556629093,56.125872249060656,6.535158346752549,1.9860440150295222,22.48389694041868,1.42914653784219,2.15378421900161,
72,5.58239398819109,3.8311862587224907,56.01851851851852,6.535158346752549,1.9860440150295222,22.463768115942027,1.42914653784219,2.15378421900161,
73,5.676328502415459,3.8311862587224907,55.95813204508857,6.535158346752549,1.9860440150295222,22.450348899624263,1.4090177133655395,2.15378421900161,
74,5.797101449275362,3.8311862587224907,56.88405797101449,6.011808910359635,1.6706924315619969,22.322866344605476,1.4090177133655395,2.073268921095008,
75,5.615942028985507,3.8043478260869565,59.4068706387547,5.9447128287707995,1.6706924315619969,20.33011272141707,1.4090177133655395,1.8183038110574343,
76,5.60252281266774,3.8043478260869565,58.66881374127751,5.9447128287707995,3.4822866344605474,19.290123456790123,1.4090177133655395,1.7981749865807837,
77,5.656199677938808,3.616478797638218,58.99087493290392,5.891035963499732,3.294417606011809,19.256575415995705,1.7847557702630166,1.5096618357487923,
78,5.837359098228664,3.5963499731615673,58.863392377885134,5.891035963499732,3.421900161030596,19.182769726247987,1.7713365539452497,1.4358561460010735,
79,5.448201825013419,2.3081052066559313,54.891304347826086,12.801932367149758,3.421900161030596,17.579173376274827,2.2342995169082127,1.3150831991411702,
80,5.488459473966721,2.3081052066559313,51.39559849704777,16.284219001610307,3.421900161030596,17.55233494363929,2.2342995169082127,1.3150831991411702,
81,5.542136339237788,2.24771873322598,51.35534084809447,16.015834675254965,3.421900161030596,17.49194847020934,2.61003757380569,1.3150831991411702,
82,5.629361245303274,2.0531400966183573,51.288244766505635,14.586688137412775,3.421900161030596,19.0955448201825,2.61003757380569,1.3150831991411702,
83,5.750134192163178,2.0531400966183573,51.17418142780462,14.586688137412775,3.421900161030596,19.0955448201825,2.6033279656468062,1.3150831991411702,
84,5.790391841116479,2.0531400966183573,51.16076221148685,14.586688137412775,3.421900161030596,19.068706387546968,2.6033279656468062,1.3150831991411702,
85,5.629361245303274,2.0531400966183573,40.774288781535155,14.55984970477724,3.7640901771336552,29.488727858293075,2.5831991411701556,1.1473429951690821,
86,5.750134192163178,2.0531400966183573,40.70048309178744,14.55984970477724,3.7640901771336552,29.488727858293075,2.536231884057971,1.1473429951690821,
87,5.877616747181965,2.0531400966183573,38.99624261943102,14.479334406870638,3.7640901771336552,31.146001073537306,2.536231884057971,1.1473429951690821,
88,5.662909286097692,2.0531400966183573,36.198336017176594,14.445786366076222,3.7640901771336552,34.4068706387547,2.536231884057971,0.9326355340848095,
89,5.401234567901234,2.0531400966183573,40.15700483091788,14.197530864197532,3.388352120236178,31.61567364465915,2.254428341384863,0.9326355340848095,
90,5.448201825013419,2.0531400966183573,40.13687600644123,14.170692431561998,3.388352120236178,31.61567364465915,2.254428341384863,0.9326355340848095,
91,5.501878690284487,2.0531400966183573,39.55314009661836,14.143853998926463,3.361513687600644,31.608964036500268,2.844873859366613,0.9326355340848095,
92,5.810520665593129,2.01959205582394,39.47933440687064,14.083467525496511,3.361513687600644,31.468062265163713,2.844873859366613,0.9326355340848095,
93,4.777241009125067,2.01959205582394,50.88566827697262,12.016908212560386,3.079710144927536,23.91304347826087,2.3752012882447664,0.9326355340848095,
94,4.918142780461621,2.01959205582394,50.85212023617821,12.016908212560386,3.0394524959742353,23.886205045625335,2.3550724637681157,0.9125067096081588,
95,5.159688674181428,2.01959205582394,50.395866881374126,11.990069779924852,3.0394524959742353,23.72517444981213,2.3550724637681157,1.3150831991411702,
96,5.35426731078905,2.01959205582394,50.09393451422437,11.990069779924852,3.0394524959742353,23.67149758454106,2.5161030595813205,1.3150831991411702,
97,5.481749865807837,1.9592055823939882,47.61808910359635,11.990069779924852,2.8381642512077296,26.422436929683307,2.24771873322598,1.442565754159957,
98,5.622651637144391,1.9592055823939882,47.497316156736446,11.990069779924852,2.8381642512077296,26.402308105206657,2.24771873322598,1.442565754159957,
99,5.709876543209877,1.9592055823939882,47.477187332259795,11.956521739130435,2.8381642512077296,26.36876006441224,2.24771873322598,1.442565754159957,
100,5.904455179817498,1.9592055823939882,47.38996242619431,11.956521739130435,2.8381642512077296,26.27482555018787,2.2342995169082127,1.442565754159957,
101,6.011808910359635,1.9390767579173376,46.69216317767042,11.943102522812667,3.556092324208266,26.1808910359635,2.2342995169082127,1.442565754159957,
102,4.9718196457326895,1.9390767579173376,41.44524959742351,7.440955448201825,3.556092324208266,37.25845410628019,2.086688137412775,1.3016639828234031,
103,5.347557702630167,1.9390767579173376,41.33118625872249,7.4208266237251745,3.556092324208266,37.01690821256039,2.086688137412775,1.3016639828234031,
104,5.776972624798712,1.9390767579173376,41.277509393451425,7.39398819108964,3.556092324208266,36.75523349436393,1.9994632313472893,1.3016639828234031,
105,5.542136339237788,1.9390767579173376,39.59339774557166,9.017713365539452,3.488996242619431,36.73510466988728,1.9994632313472893,1.6841116478797638,
106,5.649490069779925,1.9390767579173376,38.5601180891036,9.01100375738057,3.488996242619431,35.75550187869028,3.4957058507783145,2.100107353730542,
107,5.850778314546431,1.9256575415995705,38.519860440150296,9.01100375738057,3.475577026301664,35.621309715512616,3.4957058507783145,2.100107353730542,
108,5.790391841116479,1.9256575415995705,37.526838432635536,11.52710681696189,3.9519592055823938,33.702361782071925,3.475577026301664,2.100107353730542,
109,5.931293612453032,1.9256575415995705,37.47987117552335,11.500268384326356,3.9519592055823938,33.63526570048309,3.475577026301664,2.100107353730542,
110,6.454643048845948,1.90552871712292,37.204777241009126,11.439881910896403,3.938539989264627,33.48094471282877,3.475577026301664,2.100107353730542,
111,6.353998926462695,1.90552871712292,38.85534084809447,10.997047772410092,3.616478797638218,32.70263016639828,3.475577026301664,2.0933977455716586,
112,5.736714975845411,1.4694041867954912,38.73456790123457,9.151905528717123,3.556092324208266,36.151368760064415,3.227321524422974,1.9726247987117553,
113,5.864197530864198,1.4694041867954912,38.69431025228127,9.104938271604938,3.5225442834138487,36.14465915190553,3.227321524422974,1.9726247987117553,
114,6.179549114331723,1.4694041867954912,38.45276435856146,9.091519055287172,3.5225442834138487,36.10440150295223,3.227321524422974,1.9524959742351047,
115,6.246645195920558,1.4694041867954912,38.45276435856146,9.064680622651638,3.515834675254965,36.10440150295223,3.193773483628556,1.9524959742351047,
116,5.776972624798712,1.42914653784219,42.40472356414385,8.648684916800859,2.2879763821792807,35.21202361782072,2.6637144390767578,1.5767579173376274,
117,5.864197530864198,1.42914653784219,44.216317767042405,8.648684916800859,2.2879763821792807,33.44739667203435,2.6637144390767578,1.442565754159957,
118,6.025228126677402,1.42914653784219,44.08883521202362,8.648684916800859,2.2879763821792807,33.43397745571659,2.6435856146001075,1.442565754159957,
119,6.246645195920558,1.42914653784219,43.92109500805153,8.57487922705314,2.2342995169082127,33.340042941492214,2.8113258185721954,1.442565754159957,
120,6.494900697799249,1.42914653784219,43.86741814278046,8.454106280193237,2.2342995169082127,33.2662372517445,2.8113258185721954,1.442565754159957,
121,6.588835212023618,1.42914653784219,43.84057971014493,8.454106280193237,2.2342995169082127,33.19914117015566,2.8113258185721954,1.442565754159957,
122,6.213097155126141,1.42914653784219,43.81374127750939,8.76274825550188,3.7573805689747717,31.97128287707998,2.8113258185721954,1.2412775093934514,
123,6.226516371443908,1.42914653784219,43.81374127750939,8.76274825550188,3.7573805689747717,31.95786366076221,2.8113258185721954,1.2412775093934514,
124,6.286902844873859,1.42914653784219,43.78019323671498,8.76274825550188,3.7573805689747717,31.93102522812668,2.8113258185721954,1.2412775093934514,
125,6.461352657004831,1.42914653784219,43.61916264090177,8.76274825550188,3.7573805689747717,31.561996779388085,3.166935050993022,1.2412775093934514,
126,6.521739130434782,1.42914653784219,43.51180891035963,8.756038647342995,3.7573805689747717,32.00483091787439,2.7777777777777777,1.2412775093934514,
127,5.884326355340848,1.42914653784219,44.99463231347289,8.158883521202362,3.2541599570585076,32.67579173376275,2.7643585614600106,0.8387010198604401,
128,6.447933440687064,1.42914653784219,44.920826623725176,8.158883521202362,3.2541599570585076,32.18599033816425,2.7643585614600106,0.8387010198604401,
129,6.494900697799249,1.42914653784219,44.89398819108964,8.158883521202362,3.2541599570585076,32.1658615136876,2.7643585614600106,0.8387010198604401,
130,6.649221685453569,1.42914653784219,44.80005367686527,8.158883521202362,3.6097691894793345,31.796833064949006,2.7509393451422435,0.8051529790660226,
131,6.984702093397746,1.42914653784219,44.49141170155663,8.158883521202362,3.5963499731615673,31.78341384863124,2.7509393451422435,0.8051529790660226,
132,7.078636607622115,1.42914653784219,44.43102522812668,8.13875469672571,3.5963499731615673,31.769994632313473,2.7509393451422435,0.8051529790660226,
133,6.608964036500268,1.42914653784219,48.14143853998927,7.917337627482555,3.5963499731615673,29.810789049919485,2.2208803005904456,0.27509393451422437,
134,6.736446591519055,1.42914653784219,48.067632850241544,7.890499194847021,3.5963499731615673,29.810789049919485,2.1940418679549114,0.27509393451422437,
135,6.823671497584541,1.42914653784219,48.00053676865271,7.87037037037037,3.5963499731615673,29.810789049919485,2.1940418679549114,0.27509393451422437,
136,6.857219538378959,1.42914653784219,47.99382716049383,7.87037037037037,3.5963499731615673,29.78395061728395,2.1940418679549114,0.27509393451422437,
137,6.957863660762212,1.42914653784219,47.89989264626946,7.87037037037037,3.5963499731615673,29.777241009125067,2.1940418679549114,0.27509393451422437,
138,7.219538378958669,1.42914653784219,47.698604401502955,7.87037037037037,3.5963499731615673,29.716854535695116,2.1940418679549114,0.27509393451422437,
139,7.427536231884058,0.9997316156736447,47.50402576489533,7.85024154589372,3.5963499731615673,29.716854535695116,2.6301663982823404,0.27509393451422437,
140,8.09849704777241,0.9997316156736447,46.93370907139023,7.776435856146001,3.5829307568438002,29.70343531937735,2.6301663982823404,0.27509393451422437,
141,7.64224369296833,0.9997316156736447,52.56977992485239,6.1929683306494905,3.1333870101986045,26.67740203972088,2.6301663982823404,0.15432098765432098,
142,7.675791733762749,0.9997316156736447,52.32823403113258,6.1929683306494905,3.1333870101986045,26.663982823403114,2.6301663982823404,0.3757380568974772,
143,7.836822329575953,0.9997316156736447,52.16720343531938,6.1929683306494905,3.1333870101986045,26.663982823403114,2.6301663982823404,0.3757380568974772,
144,6.266774020397209,0.8588298443370908,58.51449275362319,6.1929683306494905,2.314814814814815,23.181696188942567,1.892109500805153,0.7783145464304885,
145,6.293612453032743,0.8588298443370908,58.51449275362319,6.1929683306494905,2.2879763821792807,23.181696188942567,1.892109500805153,0.7783145464304885,
146,6.400966183574879,0.8588298443370908,58.4272678475577,6.1862587224906065,2.2879763821792807,23.1682769726248,1.892109500805153,0.7783145464304885,
147,6.716317767042405,0.8588298443370908,58.3870101986044,6.172839506172839,2.2879763821792807,22.906602254428343,1.892109500805153,0.7783145464304885,
148,6.810252281266774,0.8588298443370908,58.319914117015564,6.172839506172839,2.2879763821792807,22.879763821792807,1.892109500805153,0.7783145464304885,
149,6.843800322061192,0.8588298443370908,58.293075684380035,6.172839506172839,2.2879763821792807,22.705314009661837,1.892109500805153,0.7716049382716049,0.17444981213097155
150,6.816961889425658,0.8588298443370908,57.06521739130435,6.172839506172839,2.2879763821792807,22.705314009661837,1.892109500805153,2.0263016639828235,0.17444981213097155
151,6.89747718733226,0.8588298443370908,55.24020397208803,6.139291465378422,2.2611379495437465,22.69860440150295,1.892109500805153,3.8378958668813743,0.17444981213097155
152,6.964573268921095,0.8588298443370908,49.77858293075684,7.447665056360709,2.2611379495437465,27.87842190016103,1.892109500805153,2.7442297369833604,0.17444981213097155
153,7.03166935050993,0.8588298443370908,49.75174449812131,7.447665056360709,2.2611379495437465,27.83816425120773,1.892109500805153,2.7442297369833604,0.17444981213097155
154,7.266505636070853,0.8588298443370908,49.67793880837359,7.447665056360709,2.2611379495437465,27.791196994095547,1.778046162104133,2.7442297369833604,0.17444981213097155
155,7.407407407407407,0.8588298443370908,49.604133118625874,7.447665056360709,2.2611379495437465,27.72410091250671,1.778046162104133,2.7442297369833604,0.17444981213097155
156,7.447665056360709,0.8588298443370908,49.57058507783145,7.447665056360709,2.2611379495437465,27.717391304347824,1.778046162104133,2.7442297369833604,0.17444981213097155
157,7.212828770799785,0.8588298443370908,52.40874932903918,5.649490069779925,2.4892646269457863,26.382179280730007,2.0799785292538915,2.7442297369833604,0.17444981213097155
158,7.266505636070853,0.8588298443370908,52.38191089640365,5.649490069779925,2.4892646269457863,26.35534084809447,2.0799785292538915,2.7442297369833604,0.17444981213097155
159,7.320182501341922,0.8588298443370908,52.361782071927,5.649490069779925,2.4892646269457863,26.321792807300053,2.0799785292538915,2.7442297369833604,0.17444981213097155
160,7.360440150295223,0.8588298443370908,52.361782071927,5.649490069779925,2.475845410628019,26.29495437466452,2.0799785292538915,2.7442297369833604,0.17444981213097155
161,7.4006977992485234,0.8588298443370908,52.321524422973695,5.649490069779925,2.61003757380569,26.29495437466452,1.9457863660762211,2.7442297369833604,0.17444981213097155
162,8.031400966183575,0.8319914117015567,51.831723027375205,5.548845947396672,2.61003757380569,26.281535158346752,1.9457863660762211,2.7442297369833604,0.17444981213097155
163,8.132045088566828,0.8319914117015567,51.74449812130972,5.548845947396672,2.61003757380569,26.268115942028984,1.9457863660762211,2.7442297369833604,0.17444981213097155
164,8.380300590445518,0.8319914117015567,51.64385399892646,5.428073000536768,2.61003757380569,26.268115942028984,1.9189479334406871,2.7442297369833604,0.17444981213097155
165,8.413848631239935,0.8319914117015567,51.63714439076758,5.428073000536768,2.61003757380569,26.268115942028984,1.9189479334406871,2.717391304347826,0.17444981213097155
166,8.702361782071927,0.8319914117015567,51.52308105206656,5.407944176060118,2.61003757380569,26.160762211486848,1.9189479334406871,2.6704240472356413,0.17444981213097155
167,8.776167471819646,0.8319914117015567,51.47611379495437,5.407944176060118,2.61003757380569,26.133923778851315,1.9189479334406871,2.6704240472356413,0.17444981213097155
168,8.923778851315083,0.8319914117015567,51.25469672571122,5.407944176060118,3.1736446591519054,25.644122383252817,1.9189479334406871,2.6704240472356413,0.17444981213097155
169,9.004294149221685,0.8319914117015567,51.17418142780462,5.407944176060118,3.1736446591519054,25.644122383252817,1.9189479334406871,2.6704240472356413,0.17444981213097155
170,9.044551798174986,0.8319914117015567,51.14734299516908,5.407944176060118,3.1736446591519054,25.63070316693505,1.9189479334406871,2.6704240472356413,0.17444981213097155
171,8.722490606548577,0.8319914117015567,47.96698872785829,4.139828234031133,3.079710144927536,30.803811057434245,1.6975308641975309,2.623456790123457,0.13419216317767044
172,8.836553945249598,0.8319914117015567,47.88647342995169,4.139828234031133,3.079710144927536,30.770263016639827,1.6975308641975309,2.623456790123457,0.13419216317767044
173,9.145195920558239,0.8319914117015567,47.698604401502955,4.139828234031133,3.079710144927536,30.649490069779926,1.6975308641975309,2.623456790123457,0.13419216317767044
174,9.292807300053678,0.8319914117015567,47.59125067096082,4.139828234031133,3.052871712292002,30.636070853462158,1.6975308641975309,2.623456790123457,0.13419216317767044
175,9.39345142243693,0.8319914117015567,47.54428341384863,4.1129898013955986,3.052871712292002,30.609232420826622,1.6975308641975309,2.623456790123457,0.13419216317767044
176,9.943639291465379,0.8319914117015567,47.477187332259795,4.1129898013955986,3.052871712292002,30.152979066022546,1.6706924315619969,2.623456790123457,0.13419216317767044
177,10.064412238325282,0.7716049382716049,47.436929683306495,4.1129898013955986,3.052871712292002,30.132850241545892,1.6706924315619969,2.623456790123457,0.13419216317767044
178,10.339506172839506,0.7716049382716049,46.866612989801396,4.066022544283414,3.0327428878153517,29.62962962962963,1.6706924315619969,2.9723564143853998,0.6508319914117016
179,10.487117552334944,0.7716049382716049,46.806226516371446,4.066022544283414,3.0327428878153517,29.60950080515298,1.6438539989264627,2.9589371980676327,0.6239935587761675
180,10.768921095008052,0.7716049382716049,46.59822866344606,4.066022544283414,3.0327428878153517,29.53569511540526,1.6438539989264627,2.9589371980676327,0.6239935587761675
181,11.18491680085883,0.7716049382716049,46.182232957595275,4.066022544283414,3.0327428878153517,29.53569511540526,1.6438539989264627,2.9589371980676327,0.6239935587761675
182,11.33923778851315,0.7716049382716049,46.10842726784756,4.066022544283414,3.0327428878153517,29.502147074610843,1.6438539989264627,2.9119699409554483,0.6239935587761675
183,11.553945249597424,0.7716049382716049,45.82662372517445,4.032474503488996,3.0327428878153517,29.441760601180892,1.6438539989264627,3.0730005367686526,0.6239935587761675
184,12.426194310252281,0.7716049382716049,45.06843800322061,4.012345679012346,3.0193236714975846,29.381374127750938,1.6304347826086956,3.066290928609769,0.6239935587761675
185,12.365807836822329,0.7716049382716049,44.81347289318304,4.012345679012346,3.0193236714975846,29.381374127750938,1.9457863660762211,3.066290928609769,0.6239935587761675
186,12.47987117552335,0.7716049382716049,43.47826086956522,5.548845947396672,3.0193236714975846,29.1532474503489,1.8585614600107354,3.066290928609769,0.6239935587761675
187,12.365807836822329,0.7716049382716049,43.243424584004295,5.548845947396672,3.0193236714975846,29.139828234031132,2.2879763821792807,2.999194847020934,0.6239935587761675
188,12.385936661298981,0.7716049382716049,43.243424584004295,5.548845947396672,3.0193236714975846,29.11969940955448,2.2879763821792807,2.999194847020934,0.6239935587761675
189,13.291733762748256,0.7716049382716049,42.54562533548041,5.528717122920021,2.9253891572732154,29.025764895330113,2.2879763821792807,2.999194847020934,0.6239935587761675
190,13.41250670960816,0.7716049382716049,42.43827160493827,5.528717122920021,2.9253891572732154,29.012345679012345,2.2879763821792807,2.999194847020934,0.6239935587761675
191,13.519860440150294,0.7716049382716049,42.36446591519055,5.528717122920021,2.9253891572732154,28.978797638217927,2.2879763821792807,2.999194847020934,0.6239935587761675
192,13.58695652173913,0.7716049382716049,42.330917874396135,5.528717122920021,2.9253891572732154,28.945249597423512,2.2879763821792807,2.999194847020934,0.6239935587761675
193,13.801663982823403,0.7716049382716049,42.1833064949007,5.501878690284487,2.918679549114332,28.911701556629094,2.2879763821792807,2.999194847020934,0.6239935587761675
194,13.962694578636608,0.7716049382716049,42.07595276435856,5.501878690284487,2.918679549114332,28.858024691358025,2.2879763821792807,2.999194847020934,0.6239935587761675
195,13.915727321524423,0.7716049382716049,41.686795491143315,5.501878690284487,3.421900161030596,28.79092860976919,2.2879763821792807,2.999194847020934,0.6239935587761675
196,13.94927536231884,0.7716049382716049,40.9621578099839,5.495169082125604,4.1532474503489,28.75738056897477,2.2879763821792807,2.999194847020934,0.6239935587761675
197,13.92914653784219,0.7716049382716049,40.915190552871714,5.267042404723564,5.152979066022544,28.133387010198604,2.2342995169082127,2.999194847020934,0.5971551261406334
198,14.445786366076222,0.7716049382716049,40.425389157273216,5.267042404723564,5.152979066022544,28.10654857756307,2.2342995169082127,2.999194847020934,0.5971551261406334
199,14.479334406870638,0.7716049382716049,40.425389157273216,5.267042404723564,5.152979066022544,28.08641975308642,2.2342995169082127,2.999194847020934,0.5837359098228664
200,14.49946323134729,0.7716049382716049,40.37842190016103,5.267042404723564,5.414653784219001,27.851583467525497,2.2342995169082127,2.999194847020934,0.5837359098228664
201,14.888620504562533,0.7716049382716049,40.21068169618894,5.267042404723564,5.347557702630167,27.710681696188942,2.2208803005904456,2.999194847020934,0.5837359098228664
202,14.848362855609233,0.7716049382716049,39.72758990874933,5.267042404723564,5.347557702630167,27.65029522275899,2.804616210413312,2.999194847020934,0.5837359098228664
203,14.848362855609233,0.7716049382716049,39.70746108427268,5.267042404723564,5.642780461621041,27.636876006441224,2.5429414922168547,2.999194847020934,0.5837359098228664
204,14.928878153515834,0.7716049382716049,39.65378421900161,5.260332796564681,5.642780461621041,27.63016639828234,2.5429414922168547,2.985775630703167,0.5837359098228664
205,15.009393451422437,0.7716049382716049,39.62023617820719,5.260332796564681,5.629361245303274,27.596618357487923,2.5429414922168547,2.985775630703167,0.5837359098228664
206,14.895330112721417,0.7716049382716049,37.70799785292539,5.186527106816962,5.629361245303274,29.824208266237253,2.4154589371980677,2.985775630703167,0.5837359098228664
207,14.955716586151368,0.7716049382716049,37.68786902844874,5.186527106816962,5.609232420826624,29.817498658078367,2.4020397208803006,2.985775630703167,0.5837359098228664
208,15.962157809983896,0.7648953301127214,37.19135802469136,5.146269457863661,5.609232420826624,29.388083735909824,2.4020397208803006,2.952227589908749,0.5837359098228664
209,16.378153515834676,0.7648953301127214,37.02361782071927,5.146269457863661,5.58239398819109,29.17337627482555,2.395330112721417,2.952227589908749,0.5837359098228664
210,16.505636070853463,0.7648953301127214,36.963231347289316,5.146269457863661,5.58239398819109,29.106280193236714,2.395330112721417,2.952227589908749,0.5837359098228664
211,16.391572732152444,0.7380568974771873,36.963231347289316,5.146269457863661,5.58239398819109,29.25389157273215,2.3886205045625335,2.952227589908749,0.5837359098228664
212,16.525764895330113,0.7380568974771873,36.802200751476114,5.60252281266774,5.4549114331723025,28.978797638217927,2.3886205045625335,2.9253891572732154,0.5837359098228664
213,16.686795491143318,0.7380568974771873,36.75523349436393,5.595813204508857,5.428073000536768,28.92512077294686,2.3886205045625335,2.898550724637681,0.5837359098228664
214,16.720343531937736,0.7380568974771873,36.75523349436393,5.595813204508857,5.428073000536768,28.911701556629094,2.3886205045625335,2.8784219001610305,0.5837359098228664
215,17.28395061728395,0.7380568974771873,36.58749329039184,5.58239398819109,5.092592592592593,28.864734299516908,2.3886205045625335,2.8784219001610305,0.5837359098228664
216,17.478529253891573,0.7380568974771873,36.553945249597426,5.4616210413311865,5.0858829844337095,28.83118625872249,2.3886205045625335,2.8784219001610305,0.5837359098228664
217,17.143048845947398,0.026838432635534086,36.553945249597426,5.4549114331723025,6.776704240472356,28.535963499731615,2.1739130434782608,2.7509393451422435,0.5837359098228664
218,17.330917874396135,0.013419216317767043,36.39291465378422,5.4549114331723025,6.776704240472356,28.535963499731615,2.1604938271604937,2.7509393451422435,0.5837359098228664
219,17.76033279656468,0.013419216317767043,36.218464841653244,5.4549114331723025,6.66935050993022,28.515834675254965,2.033011272141707,2.7509393451422435,0.5837359098228664
220,17.995169082125603,0.013419216317767043,36.151368760064415,5.4549114331723025,6.629092860976919,28.388352120236178,2.033011272141707,2.7509393451422435,0.5837359098228664
221,18.02871712292002,0.013419216317767043,36.151368760064415,5.448201825013419,6.629092860976919,28.14009661835749,2.033011272141707,2.737520128824477,0.8185721953837896
222,18.625872249060656,0.013419216317767043,36.14465915190553,5.448201825013419,6.608964036500268,27.72410091250671,2.033011272141707,2.737520128824477,0.6642512077294686
223,18.726516371443907,0.013419216317767043,35.61460010735373,5.448201825013419,6.568706387546968,27.66371443907676,2.563070316693505,2.737520128824477,0.6642512077294686
224,18.793612453032743,0.013419216317767043,35.245571658615134,5.407944176060118,6.561996779388084,27.596618357487923,2.563070316693505,3.1535158346752548,0.6642512077294686
225,18.894256575415994,0.013419216317767043,35.20531400966183,5.394524959742351,6.535158346752549,27.583199141170155,2.563070316693505,3.1468062265163717,0.6642512077294686
226,18.927804616210413,0.013419216317767043,35.18518518518518,5.387815351583468,6.535158346752549,27.576489533011273,2.563070316693505,3.1468062265163717,0.6642512077294686
227,18.95464304884595,0.013419216317767043,34.5679012345679,5.387815351583468,6.535158346752549,27.563070316693505,3.166935050993022,3.1468062265163717,0.6642512077294686
228,19.0552871712292,0.013419216317767043,34.56119162640902,5.367686527106817,6.515029522275899,27.563070316693505,3.113258185721954,3.1468062265163717,0.6642512077294686
229,19.02173913043478,0.013419216317767043,34.306226516371446,5.367686527106817,6.642512077294686,27.549651100375737,3.2877079978529253,3.1468062265163717,0.6642512077294686
230,19.02173913043478,0.013419216317767043,34.306226516371446,5.367686527106817,6.642512077294686,27.549651100375737,3.2877079978529253,3.1468062265163717,0.6642512077294686
231,19.176060118089104,0.013419216317767043,34.25925925925926,5.35426731078905,6.642512077294686,27.455716586151368,3.2877079978529253,3.1468062265163717,0.6642512077294686
232,19.350509930220074,0.013419216317767043,34.20558239398819,5.314009661835748,6.635802469135802,27.42216854535695,3.2541599570585076,3.140096618357488,0.6642512077294686
233,17.64626945786366,0.013419216317767043,39.190821256038646,4.7638217928073,6.1929683306494905,25.637412775093935,2.7509393451422435,3.140096618357488,0.6642512077294686
234,17.807300053676865,0.013419216317767043,39.07675791733763,4.7638217928073,6.1929683306494905,25.59044551798175,2.7509393451422435,3.140096618357488,0.6642512077294686
235,17.867686527106816,0.013419216317767043,38.93585614600107,4.7638217928073,6.1929683306494905,25.563607085346217,2.7308105206655933,3.2675791733762747,0.6642512077294686
236,17.881105743424584,0.013419216317767043,38.93585614600107,4.7638217928073,6.179549114331723,25.563607085346217,2.7308105206655933,3.2675791733762747,0.6642512077294686
237,17.941492216854535,0.013419216317767043,38.93585614600107,4.7638217928073,6.179549114331723,25.51663982823403,2.7308105206655933,3.2675791733762747,0.6508319914117016
238,17.96833064949007,0.013419216317767043,38.909017713365536,4.7638217928073,6.179549114331723,25.51663982823403,2.7308105206655933,3.2675791733762747,0.6508319914117016
239,18.183038110574344,0.013419216317767043,38.909017713365536,4.7638217928073,6.125872249060655,25.389157273215243,2.703972088030059,3.260869565217391,0.6508319914117016
240,18.250134192163177,0.013419216317767043,38.909017713365536,4.74369296833065,6.125872249060655,25.348899624261943,2.6972624798711755,3.260869565217391,0.6508319914117016
241,18.344068706387546,0.013419216317767043,38.83521202361782,4.74369296833065,6.125872249060655,25.348899624261943,2.6972624798711755,3.240740740740741,0.6508319914117016
242,18.42458400429415,0.013419216317767043,38.768115942028984,4.730273752012883,6.125872249060655,25.348899624261943,2.6972624798711755,3.240740740740741,0.6508319914117016
243,18.51851851851852,0.013419216317767043,38.707729468599034,4.730273752012883,6.125872249060655,25.315351583467525,2.6972624798711755,3.240740740740741,0.6508319914117016
244,18.54535695115405,0.013419216317767043,38.69431025228127,4.7168545356951155,6.125872249060655,25.315351583467525,2.6972624798711755,3.240740740740741,0.6508319914117016
245,18.760064412238325,0.013419216317767043,38.58024691358025,4.703435319377348,6.125872249060655,25.228126677402038,2.6972624798711755,3.240740740740741,0.6508319914117016
246,18.773483628556093,0.013419216317767043,38.58024691358025,4.508856682769726,6.468062265163715,25.161030595813205,2.6301663982823404,3.2139023081052067,0.6508319914117016
247,19.296833064949006,0.013419216317767043,38.56682769726248,4.320987654320987,6.468062265163715,24.838969404186795,2.6301663982823404,3.2139023081052067,0.6508319914117016
248,19.384057971014492,0.013419216317767043,38.55340848094471,4.320987654320987,6.427804616210413,24.805421363392377,2.6301663982823404,3.2139023081052067,0.6508319914117016
249,19.47799248523886,0.013419216317767043,38.506441223832525,4.320987654320987,6.414385399892646,24.771873322597962,2.6301663982823404,3.2139023081052067,0.6508319914117016
250,19.558507783145465,0.013419216317767043,38.466183574879224,4.320987654320987,6.380837359098229,24.765163714439076,2.6301663982823404,3.2139023081052067,0.6508319914117016
251,19.679280730005367,0.013419216317767043,38.37224906065486,4.320987654320987,6.380837359098229,24.745034889962426,2.6301663982823404,3.207192699946323,0.6508319914117016
252,19.766505636070853,0.013419216317767043,38.31857219538379,4.320987654320987,6.380837359098229,24.711486849168008,2.6301663982823404,3.207192699946323,0.6508319914117016
253,20.04830917874396,0.013419216317767043,38.197799248523886,4.314278046162104,6.280193236714976,24.65780998389694,2.6301663982823404,3.207192699946323,0.6508319914117016
254,20.25630703166935,0.013419216317767043,38.12399355877617,4.314278046162104,6.219806763285024,24.644390767579175,2.6301663982823404,3.1468062265163717,0.6508319914117016
255,20.336822329575952,0.013419216317767043,38.097155126140635,4.260601180891036,6.219806763285024,24.644390767579175,2.6301663982823404,3.1468062265163717,0.6508319914117016
256,20.38378958668814,0.013419216317767043,38.097155126140635,4.260601180891036,6.1929683306494905,24.644390767579175,2.6301663982823404,3.126677402039721,0.6508319914117016
257,20.437466451959207,0.013419216317767043,38.0703166935051,4.260601180891036,6.1929683306494905,24.61755233494364,2.6301663982823404,3.126677402039721,0.6508319914117016
