,45,50,51,55,52,54,53,57,56
0,88.74798711755234,11.252012882447666,,,,,,,
1,80.50187869028449,19.49812130971551,,,,,,,
2,80.15968867418142,16.304347826086957,3.535963499731616,,,,,,
3,67.512077294686,27.83816425120773,3.488996242619431,1.1607622114868492,,,,,
4,63.09044551798175,33.1857219538379,3.488996242619431,0.23483628556092323,,,,,
5,59.695383789586685,36.580783682232955,3.488996242619431,0.23483628556092323,,,,,
6,59.19887278582931,37.07729468599034,3.488996242619431,0.23483628556092323,,,,,
7,54.09286097691895,42.1833064949007,3.488996242619431,0.23483628556092323,,,,,
8,45.611916264090176,49.282071926999464,3.488996242619431,0.23483628556092323,1.1741814278046163,0.20799785292538917,,,
9,40.57300053676865,53.75067096081589,4.9718196457326895,0.23483628556092323,0.2616747181964573,0.20799785292538917,,,
10,35.265700483091784,56.46806226516372,4.944981213097155,0.3824476650563607,2.7308105206655933,0.20799785292538917,,,
11,32.74288781535159,59.05126140633387,4.884594739667204,0.3824476650563607,2.7308105206655933,0.20799785292538917,,,
12,32.39398819108964,55.763553408480945,6.9310252281266775,0.6977992485238862,4.005636070853462,0.20799785292538917,,,
13,28.368223295759528,58.52120236178207,8.199141170155663,0.6977992485238862,4.005636070853462,0.20799785292538917,,,
14,25.02012882447665,58.47423510466989,11.741814278046162,0.5501878690284487,4.005636070853462,0.20799785292538917,,,
15,19.02173913043478,33.19243156199678,45.02147074610843,0.10064412238325282,2.4691358024691357,0.19457863660762212,,,
16,19.384057971014492,33.01798174986581,44.887278582930755,0.10064412238325282,2.4154589371980677,0.19457863660762212,,,
17,19.51825013419216,32.94417606011809,44.826892109500804,0.10064412238325282,2.4154589371980677,0.19457863660762212,,,
18,18.96135265700483,31.790123456790123,41.78743961352657,0.10064412238325282,7.1658615136876005,0.19457863660762212,,,
19,19.03515834675255,30.387815351583466,41.71363392377885,0.2281266774020397,7.112184648416532,0.19457863660762212,1.328502415458937,,
20,19.176060118089104,30.18652710681696,41.6129898013956,0.8319914117015567,6.66935050993022,0.19457863660762212,1.328502415458937,,
21,19.47128287707998,30.152979066022546,41.35131508319914,0.8319914117015567,6.66935050993022,0.19457863660762212,1.328502415458937,,
22,16.71363392377885,33.48765432098765,41.096349973161566,0.8319914117015567,6.347289318303811,0.19457863660762212,1.328502415458937,,
23,17.01556629092861,33.340042941492214,40.94202898550725,0.8319914117015567,6.347289318303811,0.19457863660762212,1.328502415458937,,
24,14.244498121309716,38.077026301663984,39.88191089640365,0.8319914117015567,5.441492216854535,0.19457863660762212,1.328502415458937,,
25,13.862050456253355,30.44820182501342,42.07595276435856,0.7045088566827697,11.386205045625335,0.19457863660762212,1.328502415458937,,
26,13.969404186795492,30.407944176060116,42.04240472356415,0.7045088566827697,11.352657004830919,0.19457863660762212,1.328502415458937,,
27,14.103596349973161,30.018786902844873,39.17740203972088,0.7045088566827697,11.218464841653248,2.8784219001610305,1.8988191089640365,,
28,14.318303811057435,29.978529253891573,38.801663982823406,0.966183574879227,11.158078368223295,2.8784219001610305,1.8988191089640365,,
29,12.99651100375738,28.27428878153516,41.94176060118089,0.8655394524959742,11.144659151905529,2.8784219001610305,1.8988191089640365,,
30,12.057165861513688,27.234299516908212,35.81588835212023,0.6038647342995169,19.82018250134192,2.3081052066559313,1.8988191089640365,0.2616747181964573,
31,10.534084809447128,24.838969404186795,40.78770799785293,0.5703166935050993,18.800322061191626,2.3081052066559313,1.8988191089640365,0.2616747181964573,
32,6.843800322061192,30.60252281266774,34.836285560923244,0.5703166935050993,22.48389694041868,1.9457863660762211,1.8988191089640365,0.2616747181964573,0.5568974771873323
33,6.736446591519055,27.576489533011273,42.01556629092861,0.5703166935050993,19.77992485238862,1.932367149758454,0.5904455179817498,0.24154589371980675,0.5568974771873323
34,6.796833064949007,21.048040794417606,48.631239935587764,0.5703166935050993,19.632313472893184,1.932367149758454,0.5904455179817498,0.24154589371980675,0.5568974771873323
35,7.206119162640902,20.48443370907139,48.20182501341922,1.1876006441223832,19.605475040257648,1.932367149758454,0.5837359098228664,0.24154589371980675,0.5568974771873323
36,7.226247987117552,19.746376811594203,48.007246376811594,1.932367149758454,19.558507783145465,1.932367149758454,0.6910896403650026,0.24154589371980675,0.6642512077294686
37,7.669082125603865,19.746376811594203,47.62479871175523,1.932367149758454,19.16935050993022,2.2611379495437465,0.6910896403650026,0.24154589371980675,0.6642512077294686
38,7.326892109500805,19.196188942565755,47.14170692431562,1.932367149758454,20.578368223295758,2.227589908749329,0.6910896403650026,0.24154589371980675,0.6642512077294686
39,6.850509930220075,18.283682232957595,51.40230810520666,1.4626945786366077,15.72061191626409,2.227589908749329,3.1468062265163717,0.24154589371980675,0.6642512077294686
40,6.964573268921095,18.270263016639827,51.31508319914117,1.4626945786366077,15.707192699946322,2.227589908749329,3.1468062265163717,0.24154589371980675,0.6642512077294686
41,7.232957595276436,18.23671497584541,51.12721417069243,1.4559849704777241,15.693773483628556,2.200751476113795,3.1468062265163717,0.24154589371980675,0.6642512077294686
42,5.360976918947934,15.217391304347826,58.80971551261406,1.3553408480944713,13.66076221148685,1.6774020397208802,3.1870638754696725,0.06709608158883522,0.6642512077294686
43,5.173107890499195,15.11003757380569,53.96537842190016,1.3419216317767042,19.32367149758454,1.6774020397208802,3.1870638754696725,0.06709608158883522,0.15432098765432098
44,4.804079441760601,9.876543209876543,54.94498121309716,0.7112184648416533,22.779119699409556,1.6774020397208802,3.180354267310789,0.06709608158883522,1.9592055823939882
45,4.602791196994096,8.695652173913043,59.40016103059581,0.020128824476650563,19.920826623725173,1.6505636070853462,4.26731078904992,0.06709608158883522,1.3754696725711217
46,4.770531400966184,8.641975308641975,59.326355340848096,0.020128824476650563,19.91411701556629,1.6170155662909287,4.26731078904992,0.06709608158883522,1.3754696725711217
47,5.092592592592593,8.61513687600644,59.10493827160494,0.020128824476650563,20.055018786902846,1.5163714439076759,4.240472356414386,0.06709608158883522,1.288244766505636
48,5.347557702630167,8.61513687600644,58.97745571658615,0.020128824476650563,19.98792270531401,1.4962426194310252,4.200214707461084,0.06709608158883522,1.288244766505636
49,5.394524959742351,7.588566827697263,57.62211486849168,0.020128824476650563,22.19538378958669,1.4962426194310252,4.200214707461084,0.06709608158883522,1.415727321524423
50,5.5756843800322065,7.132313472893183,58.65539452495974,0.020128824476650563,22.12157809983897,1.4962426194310252,3.3816425120772946,0.06709608158883522,1.5499194847020934
51,5.226784755770263,5.8172302737520125,66.0829307568438,0.020128824476650563,16.646537842190018,1.221148684916801,3.3682232957595275,0.06709608158883522,1.5499194847020934
52,5.750134192163178,5.743424584004294,65.76757917337628,0.020128824476650563,16.55931293612453,1.221148684916801,3.3279656468062266,0.06709608158883522,1.5432098765432098
53,6.1862587224906065,5.743424584004294,65.48577563070317,0.020128824476650563,16.42512077294686,1.2010198604401503,3.3279656468062266,0.06709608158883522,1.5432098765432098
54,6.0654857756307035,5.743424584004294,63.60708534621578,0.020128824476650563,16.371443907675793,3.2541599570585076,3.3279656468062266,0.06709608158883522,1.5432098765432098
55,6.374127750939345,5.683038110574342,63.117283950617285,0.020128824476650563,16.304347826086957,3.2541599570585076,3.3279656468062266,0.06709608158883522,1.8518518518518519
56,6.521739130434782,5.676328502415459,62.734836285560924,0.020128824476650563,16.75389157273215,3.2474503488996245,3.126677402039721,0.06709608158883522,1.8518518518518519
57,6.877348362855609,5.676328502415459,62.506709608158886,0.020128824476650563,16.75389157273215,3.166935050993022,3.079710144927536,0.06709608158883522,1.8518518518518519
58,7.4208266237251745,5.656199677938808,62.07729468599034,0.020128824476650563,16.71363392377885,3.166935050993022,3.052871712292002,0.06709608158883522,1.8250134192163177
59,6.863929146537842,5.609232420826624,68.24342458400429,0.33548040794417605,13.747987117552334,3.140096618357488,1.482823403113258,0.06709608158883522,0.5099302200751477
60,7.494632313472893,5.595813204508857,67.90794417606011,0.33548040794417605,13.466183574879228,3.140096618357488,1.482823403113258,0.06709608158883522,0.5099302200751477
61,7.769726247987117,5.595813204508857,67.60601180891035,0.33548040794417605,13.399087493290391,3.1199677938808374,1.482823403113258,0.06709608158883522,0.6239935587761675
62,7.454374664519592,4.703435319377348,68.73993558776168,0.33548040794417605,13.580246913580247,3.1199677938808374,1.482823403113258,0.06709608158883522,0.5166398282340311
63,6.984702093397746,3.3682232957595275,65.77428878153516,2.4892646269457863,13.070316693505099,6.461352657004831,1.2681159420289856,0.06709608158883522,0.5166398282340311
64,6.796833064949007,3.3413848631239937,64.35185185185185,2.4892646269457863,15.626677402039721,5.542136339237788,1.2681159420289856,0.06709608158883522,0.5166398282340311
65,7.105475040257649,3.3413848631239937,64.16398282340312,2.4825550187869028,15.566290928609769,5.488459473966721,1.2681159420289856,0.06709608158883522,0.5166398282340311
66,7.179280730005368,3.3011272141706924,63.64734299516908,2.4825550187869028,14.99597423510467,6.568706387546968,1.2412775093934514,0.06709608158883522,0.5166398282340311
67,7.5348899624261945,3.3011272141706924,63.31186258722491,2.4825550187869028,14.99597423510467,6.568706387546968,1.2412775093934514,0.06709608158883522,0.49651100375738055
68,7.62211486849168,3.280998389694042,63.26489533011272,2.4825550187869028,14.97584541062802,6.568706387546968,1.2412775093934514,0.06709608158883522,0.49651100375738055
69,7.588566827697263,2.737520128824477,64.23107890499195,2.4825550187869028,14.922168545356952,6.568706387546968,0.9057971014492754,0.06709608158883522,0.49651100375738055
70,7.62211486849168,2.737520128824477,64.2109500805153,2.4825550187869028,14.922168545356952,6.5552871712292005,0.9057971014492754,0.06709608158883522,0.49651100375738055
71,7.7898550724637685,2.737520128824477,64.14385399892646,2.4825550187869028,14.821524422973699,6.5552871712292005,0.9057971014492754,0.06709608158883522,0.49651100375738055
72,7.856951154052603,2.737520128824477,63.06360708534621,3.046162104133119,15.271068169618895,6.5552871712292005,0.9057971014492754,0.06709608158883522,0.49651100375738055
73,8.219269994632313,2.703972088030059,62.9495437466452,3.0394524959742353,15.157004830917874,6.468062265163715,0.8990874932903918,0.06709608158883522,0.49651100375738055
74,8.474235104669887,2.703972088030059,62.875738056897475,3.0394524959742353,15.076489533011273,6.367418142780462,0.8990874932903918,0.06709608158883522,0.49651100375738055
75,7.950885668276973,2.563070316693505,65.07648953301127,3.0193236714975846,13.560118089103597,6.266774020397209,0.8990874932903918,0.06709608158883522,0.5971551261406334
76,8.621846484165324,2.5429414922168547,64.55314009661836,2.9723564143853998,13.479602791196994,6.266774020397209,0.8990874932903918,0.06709608158883522,0.5971551261406334
77,8.829844337090714,2.5429414922168547,64.39210950080515,2.9723564143853998,13.47289318303811,6.226516371443908,0.8990874932903918,0.06709608158883522,0.5971551261406334
78,8.836553945249598,2.5429414922168547,58.756038647343,2.462426194310252,17.901234567901234,6.031937734836285,2.804616210413312,0.06709608158883522,0.5971551261406334
79,9.23913043478261,2.5295222758990876,57.118894256575416,2.462426194310252,19.43773483628556,5.776972624798712,2.771068169618894,0.06709608158883522,0.5971551261406334
80,9.31964573268921,2.2410091250670963,53.65002683843264,2.462426194310252,19.310252281266774,5.683038110574342,6.696188942565755,0.040257648953301126,0.5971551261406334
81,9.822866344605474,2.227589908749329,53.42860976918948,2.462426194310252,19.04186795491143,5.683038110574342,6.696188942565755,0.040257648953301126,0.5971551261406334
82,9.802737520128824,2.227589908749329,51.81159420289855,2.462426194310252,20.679012345679013,5.683038110574342,6.696188942565755,0.040257648953301126,0.5971551261406334
83,9.64170692431562,2.1806226516371443,49.932903918411164,2.462426194310252,20.316693505099302,5.642780461621041,9.185453569511541,0.040257648953301126,0.5971551261406334
84,10.131508319914117,2.1806226516371443,49.463231347289316,2.5563607085346214,19.994632313472895,5.938003220611916,9.098228663446054,0.040257648953301126,0.5971551261406334
85,10.124798711755233,2.1806226516371443,48.35614600107354,3.784219001610306,19.91411701556629,5.938003220611916,9.064680622651638,0.040257648953301126,0.5971551261406334
86,8.870101986044014,2.1806226516371443,52.87842190016103,4.079441760601181,17.136339237788512,4.9718196457326895,9.057971014492754,,0.8252818035426731
87,8.662104133118627,2.1806226516371443,57.608695652173914,4.032474503488996,14.814814814814815,4.9718196457326895,6.904186795491143,,0.8252818035426731
88,8.903650026838433,2.1806226516371443,56.84380032206119,4.032474503488996,15.136876006441224,5.166398282340311,6.790123456790123,,0.9460547504025765
89,9.346484165324744,2.1806226516371443,56.50831991411702,4.005636070853462,15.069779924852389,5.152979066022544,6.790123456790123,,0.9460547504025765
90,9.4873859366613,2.1806226516371443,56.447933440687066,4.005636070853462,15.069779924852389,5.152979066022544,6.709608158883521,,0.9460547504025765
91,9.104938271604938,2.1806226516371443,54.1129898013956,3.69699409554482,17.894524959742352,5.35426731078905,6.709608158883521,,0.9460547504025765
92,8.977455716586151,2.1806226516371443,53.133387010198604,2.5697799248523885,20.69243156199678,5.273752012882448,6.320450885668277,,0.8521202361782072
93,9.16532474503489,2.1806226516371443,52.965646806226516,2.5697799248523885,20.67230273752013,5.273752012882448,6.320450885668277,,0.8521202361782072
94,8.467525496511003,1.9793344068706387,58.70907139023081,2.5563607085346214,18.968062265163713,2.9924852388620504,5.58239398819109,,0.7447665056360708
95,8.82313472893183,1.9793344068706387,58.541331186258724,2.536231884057971,18.80703166935051,2.985775630703167,5.58239398819109,,0.7447665056360708
96,9.044551798174986,1.9793344068706387,57.7361782071927,2.536231884057971,18.739935587761675,2.9790660225442833,6.239935587761675,,0.7447665056360708
97,8.870101986044014,1.9793344068706387,63.20450885668277,2.536231884057971,13.734567901234568,2.7241009125067097,6.206387546967257,,0.7447665056360708
98,9.185453569511541,1.9793344068706387,62.775093934514224,2.536231884057971,13.694310252281268,2.623456790123457,6.219806763285024,,0.9863123993558777
99,9.037842190016104,1.9793344068706387,56.13929146537842,2.536231884057971,11.258722490606548,2.623456790123457,15.203972088030058,,1.221148684916801
100,9.272678475577026,1.7914653784219001,55.62936124530327,3.3480944712828773,11.231884057971014,2.368491680085883,15.136876006441224,,1.221148684916801
101,8.36688137412775,1.778046162104133,48.94659151905529,3.166935050993022,18.894256575415994,2.3617820719269993,15.26435856146001,,1.221148684916801
102,8.53462157809984,1.778046162104133,48.87278582930757,3.166935050993022,18.874127750939344,2.3617820719269993,15.22410091250671,,1.1876006441223832
103,8.776167471819646,1.778046162104133,48.75872249060655,3.166935050993022,18.78690284487386,2.3550724637681157,15.190552871712292,,1.1876006441223832
104,9.01100375738057,1.778046162104133,48.61782071926999,3.140096618357488,18.78690284487386,2.3550724637681157,15.123456790123457,,1.1876006441223832
105,9.265968867418144,1.7579173376274826,48.51717659688674,3.140096618357488,18.686258722490606,2.3550724637681157,15.103327965646805,,1.1741814278046163
106,9.433709071390231,1.7579173376274826,48.47691894793344,3.1065485775630703,18.646001073537306,2.3550724637681157,15.049651100375739,,1.1741814278046163
107,9.923510466988727,1.7579173376274826,48.060923242082666,3.1065485775630703,18.572195383789587,2.3550724637681157,15.049651100375739,,1.1741814278046163
108,10.144927536231885,1.7579173376274826,47.02093397745572,3.1065485775630703,18.511808910359633,2.3550724637681157,15.022812667740205,,2.0799785292538915
109,10.23215244229737,1.7579173376274826,46.99409554482018,3.046162104133119,18.511808910359633,2.3550724637681157,15.022812667740205,,2.0799785292538915
110,10.352925389157273,1.7579173376274826,46.87332259796028,3.046162104133119,18.511808910359633,2.3550724637681157,15.022812667740205,,2.0799785292538915
111,10.554213633923778,1.7579173376274826,46.806226516371446,3.046162104133119,18.50509930220075,2.3550724637681157,14.895330112721417,,2.0799785292538915
112,10.57434245840043,1.7579173376274826,46.43719806763285,3.0327428878153517,18.310520665593128,2.3550724637681157,14.88191089640365,,2.6502952227589907
113,11.077563070316694,1.7579173376274826,46.121846484165324,2.985775630703167,18.263553408480945,2.3550724637681157,14.794685990338165,,2.6435856146001075
114,11.211755233494364,1.7579173376274826,46.09500805152979,2.9790660225442833,18.250134192163177,2.328234031132582,14.761137949543746,,2.6167471819645733
115,11.3191089640365,1.724369296833065,45.900429414922165,2.9790660225442833,18.94122383252818,2.328234031132582,14.190821256038648,,2.6167471819645733
116,11.560654857756306,1.724369296833065,45.7662372517445,2.9790660225442833,18.927804616210413,2.328234031132582,14.13714439076758,,2.576489533011272
117,11.668008588298443,1.724369296833065,45.73268921095008,2.9790660225442833,18.894256575415994,2.328234031132582,14.096886741814279,,2.576489533011272
118,11.520397208803006,1.6975308641975309,44.51154052603328,2.1739130434782608,21.182232957595275,2.328234031132582,14.049919484702093,,2.536231884057971
119,11.513687600644122,1.6975308641975309,46.14868491680086,2.281266774020397,19.384057971014492,2.6637144390767578,13.774825550187868,,2.536231884057971
120,11.708266237251744,1.6908212560386473,46.05475040257649,2.281266774020397,19.316961889425656,2.6637144390767578,13.747987117552334,,2.536231884057971
121,12.030327428878154,1.6908212560386473,45.900429414922165,2.281266774020397,19.26328502415459,2.6435856146001075,13.667471819645733,,2.522812667740204
122,12.184648416532475,1.6841116478797638,42.67981749865808,2.281266774020397,22.584541062801932,2.6435856146001075,13.419216317767042,,2.522812667740204
123,12.359098228663447,1.6841116478797638,41.908212560386474,3.670155662909286,21.806226516371442,2.6435856146001075,13.405797101449275,,2.522812667740204
124,12.446323134728932,1.6841116478797638,41.84782608695652,3.670155662909286,21.77938808373591,2.6435856146001075,13.405797101449275,,2.522812667740204
125,12.674449812130971,1.6841116478797638,41.48550724637681,3.9184111647879765,21.71900161030596,2.6435856146001075,13.385668276972625,,2.4892646269457863
126,12.828770799785293,1.6841116478797638,41.39157273215244,3.9184111647879765,21.70558239398819,2.61003757380569,13.372249060654857,,2.4892646269457863
127,13.211218464841654,1.6841116478797638,41.156736446591516,3.9184111647879765,21.64519592055824,2.576489533011272,13.318572195383789,,2.4892646269457863
128,13.499731615673644,1.6505636070853462,41.02925389157273,3.8714439076757916,21.309715512614062,2.918679549114332,13.231347289318304,,2.4892646269457863
129,13.7211486849168,1.6505636070853462,42.60601180891036,3.7573805689747717,19.712828770799785,2.918679549114332,13.16425120772947,,2.4691358024691357
130,13.969404186795492,1.6505636070853462,42.44498121309716,3.7573805689747717,19.679280730005367,2.8650026838432634,13.16425120772947,,2.4691358024691357
131,14.298174986580785,1.6505636070853462,42.230273752012884,3.7573805689747717,19.578636607622116,2.8650026838432634,13.16425120772947,,2.4557165861513686
132,14.479334406870638,1.6505636070853462,42.190016103059584,3.9318303811057436,19.43102522812668,2.8650026838432634,12.99651100375738,,2.4557165861513686
133,14.546430488459475,1.6505636070853462,42.15646806226516,3.92512077294686,19.43102522812668,2.8650026838432634,12.969672571121846,,2.4557165861513686
134,14.774557165861514,1.6505636070853462,41.97530864197531,3.7372517444981215,19.363929146537842,2.8650026838432634,13.177670424047236,,2.4557165861513686
135,15.029522275899087,1.6505636070853462,41.606280193236714,3.7037037037037037,19.330381105743424,3.193773483628556,12.822061191626409,,2.6637144390767578
136,14.928878153515834,1.6505636070853462,43.84728931830381,3.7037037037037037,17.23027375201288,3.193773483628556,12.822061191626409,,2.623456790123457
137,14.97584541062802,1.6505636070853462,43.74664519592056,3.9184111647879765,17.06924315619968,3.193773483628556,12.822061191626409,,2.623456790123457
138,15.458937198067632,1.6505636070853462,43.572195383789584,3.911701556629093,16.894793344068706,3.1333870101986045,12.701288244766506,,2.677133655394525
139,14.78797638217928,1.4224369296833066,40.54616210413312,3.8311862587224907,16.76731078904992,6.461352657004831,13.66076221148685,,2.522812667740204
140,15.203972088030058,1.4224369296833066,40.445517981749866,3.824476650563607,16.59957058507783,6.461352657004831,13.519860440150294,,2.522812667740204
141,15.425389157273216,1.4224369296833066,40.33816425120773,3.824476650563607,16.55931293612453,6.4412238325281805,13.466183574879228,,2.522812667740204
142,13.922436929683306,1.4224369296833066,44.67257112184648,3.0730005367686526,15.60654857756307,6.394256575415996,13.22463768115942,,1.6841116478797638
143,14.096886741814279,1.415727321524423,44.53166935050993,3.0730005367686526,15.593129361245303,6.394256575415996,13.22463768115942,,1.6706924315619969
144,14.345142243692969,1.415727321524423,44.437734836285564,3.066290928609769,15.53274288781535,6.367418142780462,13.16425120772947,,1.6706924315619969
145,14.459205582393988,1.415727321524423,44.39747718733226,3.046162104133119,15.378421900161031,6.360708534621578,13.137412775093935,,1.8048845947396672
146,14.754428341384862,1.415727321524423,43.73993558776167,3.0059044551798175,15.331454643048845,6.360708534621578,13.137412775093935,,2.254428341384863
147,14.345142243692969,1.415727321524423,41.91492216854536,2.757648953301127,14.586688137412775,7.360440150295223,15.505904455179817,,2.1135265700483092
148,14.78797638217928,1.415727321524423,41.680085882984436,2.757648953301127,14.512882447665056,7.481213097155126,15.277777777777779,,2.086688137412775
149,14.922168545356952,1.415727321524423,41.639828234031135,2.757648953301127,14.49946323134729,7.481213097155126,15.197262479871176,,2.086688137412775
150,15.344873859366613,1.415727321524423,41.398282340311326,2.757648953301127,14.465915190552872,7.360440150295223,15.183843263553408,,2.073268921095008
151,15.794417606011809,1.415727321524423,41.14331723027375,2.677133655394525,14.418947933440688,7.333601717659689,15.143585614600108,,2.073268921095008
152,15.962157809983896,1.415727321524423,41.00912506709608,2.677133655394525,14.398819108964037,7.326892109500805,15.136876006441224,,2.073268921095008
153,16.170155662909288,1.415727321524423,40.79441760601181,2.6704240472356413,14.358561460010735,7.27992485238862,15.083199141170155,0.040257648953301126,2.187332259796028
154,16.344605475040257,1.415727321524423,40.68035426731079,2.6704240472356413,14.331723027375201,7.27992485238862,15.049651100375739,0.040257648953301126,2.187332259796028
155,16.75389157273215,1.415727321524423,40.56629092860977,2.6435856146001075,14.217659688674182,7.219538378958669,14.955716586151368,0.040257648953301126,2.187332259796028
156,15.687063875469672,1.3352120236178207,43.84728931830381,2.6435856146001075,13.130703166935051,6.233225979602791,14.915458937198068,0.040257648953301126,2.167203435319377
157,15.83467525496511,1.3352120236178207,43.82045088566828,2.6435856146001075,13.123993558776167,6.206387546967257,14.855072463768115,0.040257648953301126,2.1403650026838434
158,16.13660762211487,1.3352120236178207,43.78019323671498,2.6435856146001075,13.070316693505099,6.172839506172839,14.680622651637144,0.040257648953301126,2.1403650026838434
159,16.451959205582394,1.3352120236178207,43.646001073537306,2.6435856146001075,12.989801395598498,6.172839506172839,14.579978529253891,0.040257648953301126,2.1403650026838434
160,16.6532474503489,1.3352120236178207,43.53193773483628,2.6301663982823404,12.95625335480408,6.159420289855072,14.553140096618357,0.040257648953301126,2.1403650026838434
161,16.485507246376812,1.3352120236178207,42.579173376274824,2.6301663982823404,15.210681696188942,6.078904991948471,13.754696725711218,0.040257648953301126,1.8853998926462694
162,16.61969940955448,1.3352120236178207,42.552334943639295,2.6301663982823404,15.157004830917874,6.045356951154052,13.734567901234568,0.040257648953301126,1.8853998926462694
163,16.75389157273215,1.3352120236178207,42.45169082125604,2.6301663982823404,15.150295222758992,6.045356951154052,13.734567901234568,0.040257648953301126,1.8585614600107354
164,17.03569511540526,1.328502415458937,42.33762748255502,2.6301663982823404,15.03623188405797,6.005099302200751,13.727858293075684,0.040257648953301126,1.8585614600107354
165,17.183306494900698,1.328502415458937,42.250402576489535,2.6301663982823404,15.022812667740205,5.984970477724101,13.727858293075684,0.040257648953301126,1.8317230273752012
166,17.47181964573269,1.328502415458937,42.0222758990875,2.6301663982823404,14.99597423510467,5.9514224369296835,13.727858293075684,0.040257648953301126,1.8317230273752012
167,17.827428878153516,1.328502415458937,41.968599033816425,2.6301663982823404,14.9020397208803,5.9514224369296835,13.519860440150294,0.040257648953301126,1.8317230273752012
168,17.907944176060116,1.328502415458937,41.94176060118089,2.6301663982823404,14.868491680085883,5.9514224369296835,13.499731615673644,0.040257648953301126,1.8317230273752012
169,18.095813204508858,1.328502415458937,41.83440687063875,2.623456790123457,14.855072463768115,5.9514224369296835,13.439345142243694,0.040257648953301126,1.8317230273752012
170,18.377616747181964,1.328502415458937,41.59286097691895,2.623456790123457,14.828234031132581,5.9514224369296835,13.425925925925926,0.040257648953301126,1.8317230273752012
171,18.57890499194847,1.328502415458937,41.532474503489,2.623456790123457,14.687332259796028,5.9514224369296835,13.425925925925926,0.040257648953301126,1.8317230273752012
172,18.820450885668276,1.328502415458937,41.358024691358025,2.623456790123457,14.626945786366075,5.9514224369296835,13.419216317767042,0.040257648953301126,1.8317230273752012
173,19.028448738593667,1.328502415458937,41.217122920021474,2.623456790123457,14.600107353730541,5.938003220611916,13.39237788513151,0.040257648953301126,1.8317230273752012
174,19.0150295222759,1.328502415458937,41.2037037037037,2.6033279656468062,14.761137949543746,5.938003220611916,13.278314546430488,0.040257648953301126,1.8317230273752012
175,19.088835212023618,1.328502415458937,41.42512077294686,2.6033279656468062,14.553140096618357,5.938003220611916,13.191089640365004,0.040257648953301126,1.8317230273752012
176,19.236446591519055,1.328502415458937,41.34460547504026,2.5966183574879227,14.371980676328503,5.783682232957595,13.466183574879228,0.040257648953301126,1.8317230273752012
177,19.538378958668815,1.328502415458937,41.136607622114866,2.5966183574879227,14.338432635534085,5.756843800322061,13.43263553408481,0.040257648953301126,1.8317230273752012
178,18.397745571658614,1.3016639828234031,47.738862050456255,2.3483628556092326,11.493558776167472,5.367686527106817,11.533816425120772,0.040257648953301126,1.778046162104133
179,18.612453032742888,1.3016639828234031,47.58454106280193,2.3483628556092326,11.446591519055287,5.367686527106817,11.520397208803006,0.040257648953301126,1.778046162104133
180,18.746645195920557,1.3016639828234031,47.53086419753087,2.3483628556092326,11.446591519055287,5.307300053676865,11.506977992485238,0.040257648953301126,1.7713365539452497
181,18.887546967257112,1.3016639828234031,47.457058507783145,2.3483628556092326,11.406333870101985,5.307300053676865,11.480139559849706,0.040257648953301126,1.7713365539452497
182,18.115942028985508,8.179012345679013,43.05555555555556,2.281266774020397,10.473698336017177,5.307300053676865,10.916532474503489,0.040257648953301126,1.6304347826086956
183,18.270263016639827,8.179012345679013,42.94820182501342,2.281266774020397,10.426731078904991,5.280461621041331,10.943370907139023,0.040257648953301126,1.6304347826086956
184,18.853998926462694,8.179012345679013,42.46511003757381,2.281266774020397,10.373054213633925,5.273752012882448,10.909822866344605,0.040257648953301126,1.6237251744498122
185,19.008319914117017,8.152173913043478,42.40472356414385,2.26784755770263,10.319377348362856,5.273752012882448,10.909822866344605,0.040257648953301126,1.6237251744498122
186,19.088835212023618,8.152173913043478,42.36446591519055,2.26784755770263,10.319377348362856,5.273752012882448,10.869565217391305,0.040257648953301126,1.6237251744498122
187,19.269994632313473,8.152173913043478,42.28395061728395,2.26784755770263,10.299248523886206,5.267042404723564,10.809178743961352,0.040257648953301126,1.6103059581320451
188,19.410896403650028,8.145464304884594,42.20343531937735,2.2611379495437465,10.265700483091788,5.267042404723564,10.795759527643586,0.040257648953301126,1.6103059581320451
189,19.732957595276435,8.091787439613526,42.04240472356415,2.2342995169082127,10.198604401502953,5.253623188405797,10.795759527643586,0.040257648953301126,1.6103059581320451
190,19.90740740740741,8.064949006977992,41.91492216854536,2.2342995169082127,10.178475577026301,5.253623188405797,10.795759527643586,0.040257648953301126,1.6103059581320451
191,20.115405260332796,8.031400966183575,41.8142780461621,2.2342995169082127,10.178475577026301,5.199946323134729,10.775630703166936,0.040257648953301126,1.6103059581320451
192,20.229468599033815,8.031400966183575,41.76731078904992,2.2342995169082127,10.165056360708535,5.166398282340311,10.755501878690284,0.040257648953301126,1.6103059581320451
193,20.531400966183575,7.991143317230274,41.21041331186259,2.5161030595813205,10.071121846484166,5.166398282340311,10.735373054213634,0.040257648953301126,1.737788513150832
194,20.719269994632313,7.991143317230274,41.12989801395599,2.5026838432635534,10.071121846484166,5.092592592592593,10.715244229736983,0.040257648953301126,1.737788513150832
195,19.773215244229736,7.702630166398282,37.72812667740204,2.7777777777777777,14.579978529253891,5.01207729468599,10.648148148148149,0.040257648953301126,1.737788513150832
196,20.001341921631777,7.675791733762749,37.6610305958132,2.7777777777777777,14.51959205582394,4.9651100375738055,10.628019323671497,0.040257648953301126,1.7310789049919484
197,20.52469135802469,7.4208266237251745,37.57380568974772,2.7643585614600106,14.06333870101986,5.300590445517981,10.581052066559312,0.040257648953301126,1.7310789049919484
198,20.491143317230275,7.39398819108964,35.245571658615134,2.7643585614600106,13.969404186795492,5.300590445517981,13.191089640365004,0.040257648953301126,1.6035963499731616
199,20.263016639828233,7.360440150295223,34.715512614063336,4.8443370907139025,12.701288244766506,5.293880837359098,13.191089640365004,0.040257648953301126,1.5901771336553945
200,20.497852925389157,7.333601717659689,34.5679012345679,4.924852388620504,12.68786902844874,5.253623188405797,13.103864734299517,0.040257648953301126,1.5901771336553945
201,20.67230273752013,7.219538378958669,34.50751476113795,4.924852388620504,12.68786902844874,5.253623188405797,13.103864734299517,0.040257648953301126,1.5901771336553945
202,20.74610842726785,7.199409554482019,33.74932903918411,5.783682232957595,12.546967257112184,5.246913580246914,13.097155126140633,0.040257648953301126,1.5901771336553945
203,20.994363929146537,7.085346215780999,33.662104133118625,5.776972624798712,12.546967257112184,5.226784755770263,13.077026301663983,0.040257648953301126,1.5901771336553945
204,21.101717659688674,7.085346215780999,33.61513687600644,5.776972624798712,12.546967257112184,5.226784755770263,13.01663982823403,0.040257648953301126,1.5901771336553945
205,21.28287707997853,7.078636607622115,33.50107353730542,5.776972624798712,12.546967257112184,5.199946323134729,12.983091787439614,0.040257648953301126,1.5901771336553945
206,21.43719806763285,6.984702093397746,33.40713902308105,5.736714975845411,12.184648416532475,5.199946323134729,13.419216317767042,0.040257648953301126,1.5901771336553945
207,21.732420826623724,6.957863660762212,33.17230273752013,5.71658615136876,12.171229200214707,5.199946323134729,13.419216317767042,0.040257648953301126,1.5901771336553945
208,22.430220075147613,6.6760601180891035,33.05823939881911,5.71658615136876,12.104133118625873,5.199946323134729,13.197799248523886,0.040257648953301126,1.5767579173376274
209,22.63150831991412,6.6760601180891035,32.98443370907139,5.703166935050993,12.016908212560386,5.199946323134729,13.170960815888352,0.040257648953301126,1.5767579173376274
210,22.852925389157274,6.662640901771336,32.8972088030059,5.676328502415459,11.956521739130435,5.199946323134729,13.137412775093935,0.040257648953301126,1.5767579173376274
211,22.920021470746107,6.528448738593666,32.80327428878154,5.8239398819108965,11.876006441223833,5.199946323134729,13.110574342458401,0.040257648953301126,1.6975308641975309
212,22.859634997316157,6.427804616210413,32.689210950080515,6.092324208266238,11.77536231884058,5.052334943639291,13.365539452495975,0.040257648953301126,1.6975308641975309
213,22.36983360171766,6.052066559312936,32.15244229736983,5.984970477724101,14.734299516908212,4.736983360171766,12.06387546967257,0.040257648953301126,1.865271068169619
214,22.490606548577563,6.052066559312936,32.06521739130435,5.978260869565218,14.734299516908212,4.7101449275362315,12.06387546967257,0.040257648953301126,1.865271068169619
215,22.63150831991412,5.984970477724101,32.03166935050993,5.978260869565218,14.707461084272678,4.7101449275362315,12.050456253354804,0.040257648953301126,1.865271068169619
216,22.77241009125067,5.984970477724101,32.018250134192165,5.931293612453032,14.707461084272678,4.616210413311863,12.090713902308105,0.040257648953301126,1.8384326355340848
217,22.993827160493826,5.984970477724101,31.863929146537842,5.917874396135265,14.680622651637144,4.609500805152979,12.070585077831455,0.040257648953301126,1.8384326355340848
218,23.067632850241544,5.964841653247451,31.85721953837896,5.917874396135265,14.65378421900161,4.609500805152979,12.050456253354804,0.040257648953301126,1.8384326355340848
219,23.309178743961354,5.917874396135265,31.776704240472355,5.884326355340848,14.593397745571659,4.5893719806763285,12.050456253354804,0.040257648953301126,1.8384326355340848
220,23.637949543746647,5.911164787976382,31.61567364465915,5.884326355340848,14.506172839506172,4.542404723564144,12.030327428878154,0.040257648953301126,1.8317230273752012
221,23.906333870101985,5.911164787976382,31.414385399892645,5.83064949006978,14.492753623188406,4.542404723564144,12.030327428878154,0.040257648953301126,1.8317230273752012
222,24.315619967793882,5.83064949006978,31.40096618357488,5.776972624798712,14.479334406870638,4.542404723564144,11.782071926999464,0.040257648953301126,1.8317230273752012
223,24.570585077831456,5.8172302737520125,31.28690284487386,5.743424584004294,14.42565754159957,4.528985507246377,11.75523349436393,0.040257648953301126,1.8317230273752012
224,24.785292538915726,5.8172302737520125,31.253354804079443,5.662909286097692,14.398819108964037,4.528985507246377,11.688137412775093,0.040257648953301126,1.8250134192163177
225,25.11406333870102,5.810520665593129,31.11916264090177,5.662909286097692,14.237788513150832,4.51556629092861,11.674718196457327,0.040257648953301126,1.8250134192163177
226,25.36231884057971,5.776972624798712,30.931293612453032,5.662909286097692,14.170692431561998,4.502147074610843,11.60762211486849,0.040257648953301126,1.9457863660762211
227,25.39586688137413,5.776972624798712,30.709876543209877,5.904455179817498,14.15727321524423,4.502147074610843,11.56736446591519,0.040257648953301126,1.9457863660762211
228,25.731347289318304,5.756843800322061,30.656199677938808,5.891035963499732,14.083467525496511,4.4753086419753085,11.439881910896403,0.040257648953301126,1.9256575415995705
229,25.966183574879228,5.709876543209877,30.52200751476114,5.891035963499732,14.06333870101986,4.4753086419753085,11.406333870101985,0.040257648953301126,1.9256575415995705
230,24.758454106280194,2.086688137412775,36.292270531400966,5.414653784219001,13.982823403113258,4.126409017713366,11.406333870101985,0.040257648953301126,1.892109500805153
231,24.89935587761675,2.086688137412775,36.08427267847558,5.360976918947934,13.962694578636608,4.126409017713366,11.406333870101985,0.040257648953301126,2.033011272141707
232,25.301932367149757,2.086688137412775,35.91653247450349,5.293880837359098,13.868760064412239,4.092860976918948,11.366076221148685,0.040257648953301126,2.033011272141707
233,25.543478260869566,2.01959205582394,35.83601717659689,5.260332796564681,13.83521202361782,4.079441760601181,11.366076221148685,0.040257648953301126,2.01959205582394
234,25.563607085346217,2.01959205582394,35.83601717659689,5.246913580246914,13.83521202361782,4.079441760601181,11.366076221148685,0.040257648953301126,2.0128824476650564
235,25.704508856682768,1.9927536231884058,35.75550187869028,5.246913580246914,13.83521202361782,4.072732152442297,11.33923778851315,0.040257648953301126,2.0128824476650564
236,25.650831991411703,1.9927536231884058,35.39318303811057,5.166398282340311,13.83521202361782,3.7640901771336552,11.949812130971551,0.040257648953301126,2.2074610842726785
237,25.77831454643049,1.9927536231884058,35.339506172839506,5.132850241545894,13.801663982823403,3.9989264626945786,11.822329575952764,0.040257648953301126,2.0933977455716586
238,25.905797101449274,1.9860440150295222,35.29253891572732,5.132850241545894,13.788244766505636,3.9989264626945786,11.77536231884058,0.040257648953301126,2.0799785292538915
239,25.97289318303811,1.9860440150295222,35.29253891572732,5.132850241545894,13.761406333870102,3.9989264626945786,11.748523886205046,0.040257648953301126,2.0665593129361244
240,26.100375738056897,1.9860440150295222,35.198604401502955,5.132850241545894,13.727858293075684,3.9989264626945786,11.748523886205046,0.040257648953301126,2.0665593129361244
241,26.54320987654321,1.9860440150295222,35.02415458937198,5.092592592592593,13.674181427804616,3.9989264626945786,11.574074074074074,0.040257648953301126,2.0665593129361244
242,26.80488459473967,1.9860440150295222,34.896672034353195,5.092592592592593,13.580246913580247,3.965378421900161,11.56736446591519,0.040257648953301126,2.0665593129361244
243,26.90552871712292,1.9659151905528718,34.84970477724101,5.092592592592593,13.580246913580247,3.965378421900161,11.533816425120772,0.040257648953301126,2.0665593129361244
244,27.053140096618357,1.9659151905528718,34.76247987117552,5.052334943639291,13.573537305421363,3.965378421900161,11.520397208803006,0.040257648953301126,2.0665593129361244
245,27.17391304347826,1.9659151905528718,34.735641438539986,5.038915727321524,13.506441223832528,3.9519592055823938,11.520397208803006,0.040257648953301126,2.0665593129361244
246,27.079978529253893,1.932367149758454,34.45383789586688,4.757112184648417,13.378958668813741,3.9519592055823938,12.338969404186795,0.040257648953301126,2.0665593129361244
247,27.355072463768117,1.932367149758454,34.366612989801396,4.62962962962963,13.378958668813741,3.9519592055823938,12.305421363392378,0.040257648953301126,2.0397208803005906
248,27.569779924852387,1.932367149758454,34.25925925925926,4.62962962962963,13.318572195383789,3.9519592055823938,12.258454106280194,0.040257648953301126,2.0397208803005906
