,45,50,55,54,51,52,53,57,56,58,59
0,98.83923778851315,1.1607622114868492,,,,,,,,,
1,94.63902308105207,5.360976918947934,,,,,,,,,
2,86.3996242619431,13.600375738056897,,,,,,,,,
3,86.26543209876543,13.734567901234568,,,,,,,,,
4,86.13794954374664,13.862050456253355,,,,,,,,,
5,77.68384326355341,22.23564143853999,0.08051529790660225,,,,,,,,
6,76.44927536231884,23.470209339774556,0.08051529790660225,,,,,,,,
7,76.01315083199141,23.906333870101985,0.08051529790660225,,,,,,,,
8,75.83199141170155,24.08749329039184,0.08051529790660225,,,,,,,,
9,74.6779388083736,25.241545893719806,0.08051529790660225,,,,,,,,
10,74.39613526570048,25.523349436392916,0.08051529790660225,,,,,,,,
11,73.93317230273752,24.55716586151369,0.08051529790660225,1.42914653784219,,,,,,,
12,73.85265700483092,24.63768115942029,0.08051529790660225,1.42914653784219,,,,,,,
13,74.04723564143853,24.302200751476114,0.08051529790660225,1.3888888888888888,0.1274825550187869,0.05367686527106817,,,,,
14,73.67820719269994,24.550456253354803,0.20128824476650564,1.3888888888888888,0.1274825550187869,0.05367686527106817,,,,,
15,73.59098228663446,24.651100375738057,0.20128824476650564,1.3754696725711217,0.1274825550187869,0.05367686527106817,,,,,
16,73.34272678475577,24.89935587761675,0.20128824476650564,1.3754696725711217,0.1274825550187869,0.05367686527106817,,,,,
17,70.25630703166935,27.67042404723564,0.1610305958132045,1.7310789049919484,0.1274825550187869,0.05367686527106817,,,,,
18,64.43236714975845,33.21926999463231,0.1610305958132045,1.7310789049919484,0.1274825550187869,0.05367686527106817,0.27509393451422437,,,,
19,59.91009125067096,37.567096081588836,0.1610305958132045,1.7310789049919484,0.1274825550187869,0.322061191626409,0.18115942028985507,,,,
20,60.27241009125067,37.184648416532475,0.2214170692431562,1.6908212560386473,0.1274825550187869,0.322061191626409,0.18115942028985507,,,,
21,59.21229200214707,38.097155126140635,0.36902844873859364,1.6908212560386473,0.1274825550187869,0.322061191626409,0.18115942028985507,,,,
22,56.46135265700483,40.84809447128288,0.36902844873859364,1.6908212560386473,0.1274825550187869,0.322061191626409,0.18115942028985507,,,,
23,38.43263553408481,60.04428341384863,0.7447665056360708,0.14761137949543746,0.1274825550187869,0.322061191626409,0.18115942028985507,,,,
24,38.45276435856146,59.62157809983897,0.7447665056360708,0.27509393451422437,0.1274825550187869,0.5971551261406334,0.18115942028985507,,,,
25,38.7614063338701,59.312936124530324,0.7447665056360708,0.27509393451422437,0.1274825550187869,0.5971551261406334,0.18115942028985507,,,,
26,38.95598497047772,58.9170692431562,0.8923778851315083,0.2549651100375738,0.24154589371980675,0.5568974771873323,0.18115942028985507,,,,
27,39.09688674181428,58.48765432098765,1.2815351583467525,0.2549651100375738,0.24154589371980675,0.4562533548040794,0.18115942028985507,,,,
28,39.21765968867418,58.272946859903385,1.3754696725711217,0.2549651100375738,0.24154589371980675,0.4562533548040794,0.18115942028985507,,,,
29,39.761137949543745,57.52147074610843,1.583467525496511,0.2549651100375738,0.24154589371980675,0.4562533548040794,0.18115942028985507,,,,
30,38.056897477187334,56.146001073537306,4.663177670424047,0.2549651100375738,0.24154589371980675,0.4562533548040794,0.18115942028985507,,,,
31,37.4194847020934,56.937734836285564,4.508856682769726,0.2549651100375738,0.24154589371980675,0.4562533548040794,0.18115942028985507,,,,
32,36.47342995169082,56.21309715512614,4.5893719806763285,0.2549651100375738,0.24154589371980675,2.046430488459474,0.18115942028985507,,,,
33,36.3593666129898,56.36070853462158,4.38137412775094,0.2549651100375738,0.24154589371980675,2.0397208803005906,0.18115942028985507,0.18115942028985507,,,
34,35.69511540526033,57.06521739130435,4.341116478797638,0.2549651100375738,0.24154589371980675,2.0397208803005906,0.18115942028985507,0.18115942028985507,,,
35,35.789049919484704,55.60252281266774,5.636070853462158,0.2549651100375738,0.24154589371980675,1.9189479334406871,0.3757380568974772,0.18115942028985507,,,
36,34.796027911969944,56.62909286097692,5.60252281266774,0.2549651100375738,0.24154589371980675,1.9189479334406871,0.3757380568974772,0.18115942028985507,,,
37,28.267579173376276,43.283682232957595,4.797369833601718,0.2549651100375738,20.48443370907139,1.9189479334406871,0.3757380568974772,0.18115942028985507,0.43612453032742887,,
38,27.053140096618357,39.42565754159957,4.723564143853999,0.2549651100375738,19.32367149758454,2.227589908749329,6.266774020397209,0.18115942028985507,0.5434782608695652,,
39,27.415458937198068,39.25791733762748,4.696725711218465,0.2549651100375738,19.216317767042405,2.167203435319377,6.125872249060655,0.18115942028985507,0.6843800322061192,,
40,27.831454643048847,38.801663982823406,4.696725711218465,0.2549651100375738,19.350509930220074,2.167203435319377,6.031937734836285,0.18115942028985507,0.6843800322061192,,
41,28.16022544283414,38.486312399355874,4.824208266237251,0.2549651100375738,19.216317767042405,2.1604938271604937,6.031937734836285,0.18115942028985507,0.6843800322061192,,
42,28.75738056897477,37.74825550187869,4.824208266237251,0.47638217928073,19.00161030595813,2.167203435319377,6.031937734836285,0.18115942028985507,0.8118625872249061,,
43,28.931830381105744,37.466451959205585,5.059044551798175,0.47638217928073,18.94122383252818,2.167203435319377,5.964841653247451,0.18115942028985507,0.8118625872249061,,
44,29.220343531937736,37.13768115942029,5.059044551798175,0.785024154589372,18.800322061191626,2.167203435319377,5.837359098228664,0.18115942028985507,0.8118625872249061,,
45,27.220880300590444,66.47879763821793,2.3483628556092326,0.5568974771873323,0.5904455179817498,2.26784755770263,0.35560923242082665,0.18115942028985507,,,
46,27.576489533011273,66.19699409554482,2.3081052066559313,0.5568974771873323,0.5904455179817498,2.26784755770263,0.35560923242082665,0.14761137949543746,,,
47,27.9723564143854,55.40794417606012,2.3081052066559313,0.5367686527106817,0.5904455179817498,2.26784755770263,10.768921095008052,0.14761137949543746,,,
48,28.227321524422972,54.95169082125604,2.3081052066559313,0.5367686527106817,0.8588298443370908,2.26784755770263,10.701825013419215,0.14761137949543746,,,
49,26.90552871712292,49.543746645195924,1.1003757380568975,0.5367686527106817,0.8588298443370908,2.214170692431562,18.840579710144926,,,,
50,26.912238325281802,49.51690821256039,1.1003757380568975,0.5367686527106817,0.8588298443370908,2.281266774020397,18.793612453032743,,,,
51,21.470746108427267,55.642780461621044,1.1943102522812667,0.5367686527106817,0.8387010198604401,1.7914653784219001,18.5252281266774,,,,
52,19.73966720343532,57.018250134192165,1.6170155662909287,0.5367686527106817,0.8387010198604401,1.7914653784219001,18.136070853462158,,,0.322061191626409,
53,20.222758990874933,56.58212560386473,1.6170155662909287,0.5367686527106817,0.8387010198604401,1.7914653784219001,17.941492216854535,0.14761137949543746,,0.322061191626409,
54,19.77992485238862,55.61594202898551,1.8115942028985508,0.630703166935051,0.7112184648416533,3.140096618357488,17.673107890499196,0.3153515834675255,,0.322061191626409,
55,20.21604938271605,53.80434782608695,3.2474503488996245,0.8051529790660226,0.7112184648416533,3.1199677938808374,17.250402576489535,0.3153515834675255,,0.5300590445517982,
56,20.35024154589372,53.06629092860977,4.03918411164788,0.8051529790660226,0.7112184648416533,3.1199677938808374,16.948470209339774,0.3153515834675255,,0.644122383252818,
57,19.83360171765969,53.30783682232958,3.965378421900161,0.8051529790660226,4.616210413311863,3.1535158346752548,13.130703166935051,0.3153515834675255,,0.8722490606548577,
58,20.209339774557165,53.133387010198604,3.911701556629093,0.7581857219538379,4.616210413311863,3.0864197530864197,13.097155126140633,0.3153515834675255,,0.8722490606548577,
59,20.75281803542673,52.925389157273216,3.878153515834675,0.7447665056360708,4.616210413311863,3.0864197530864197,12.808641975308642,0.3153515834675255,,0.8722490606548577,
60,20.719269994632313,52.67042404723564,5.0858829844337095,0.7447665056360708,4.320987654320987,3.0864197530864197,12.06387546967257,0.30193236714975846,0.13419216317767044,0.8722490606548577,
61,20.90713902308105,52.261137949543745,5.22007514761138,0.7447665056360708,4.461889425657541,3.0864197530864197,11.634460547504025,0.30193236714975846,0.13419216317767044,1.247987117552335,
62,19.840311325818572,52.83145464304884,5.045625335480408,0.6776704240472357,4.045893719806763,2.147074610842727,13.41250670960816,0.6374127750939346,0.13419216317767044,1.2278582930756843,
63,20.46430488459474,52.29468599033817,4.938271604938271,0.6910896403650026,4.045893719806763,2.147074610842727,13.446054750402576,0.6374127750939346,0.10735373054213634,1.2278582930756843,
64,20.853462157809982,51.65727321524423,5.072463768115942,0.6910896403650026,4.045893719806763,2.281266774020397,13.425925925925926,0.6374127750939346,0.10735373054213634,1.2278582930756843,
65,21.081588835212024,51.12721417069243,5.226784755770263,0.6776704240472357,3.9855072463768115,2.26784755770263,13.66076221148685,0.6374127750939346,0.10735373054213634,1.2278582930756843,
66,21.309715512614062,50.80515297906602,5.367686527106817,0.6776704240472357,3.978797638217928,2.254428341384863,13.546698872785829,0.6374127750939346,0.19457863660762212,1.2278582930756843,
67,21.85990338164251,50.13419216317767,5.360976918947934,1.107085346215781,3.878153515834675,2.1739130434782608,13.311862587224907,0.8118625872249061,0.19457863660762212,1.1674718196457328,
68,21.74584004294149,49.92619431025228,5.481749865807837,1.107085346215781,4.079441760601181,2.1739130434782608,13.311862587224907,0.8118625872249061,0.19457863660762212,1.1674718196457328,
69,21.611647879763822,49.89264626945786,5.481749865807837,1.4358561460010735,3.965378421900161,2.15378421900161,13.285024154589372,0.8118625872249061,0.19457863660762212,1.1674718196457328,
70,21.93370907139023,49.684648416532475,5.4549114331723025,1.4358561460010735,3.878153515834675,2.15378421900161,13.285024154589372,0.8118625872249061,0.19457863660762212,1.1674718196457328,
71,22.16183574879227,49.16800858829844,5.770263016639828,1.4358561460010735,3.878153515834675,2.15378421900161,13.150831991411701,0.9259259259259259,0.19457863660762212,1.1607622114868492,
72,22.23564143853999,48.52388620504563,5.911164787976382,1.8988191089640365,3.878153515834675,2.120236178207193,13.150831991411701,0.9259259259259259,0.19457863660762212,1.1607622114868492,
73,22.725442834138487,47.94685990338164,5.877616747181965,1.9256575415995705,3.878153515834675,2.120236178207193,13.251476113794954,0.9259259259259259,0.19457863660762212,1.1540526033279657,
74,23.11460010735373,47.718733225979605,5.864197530864198,1.9256575415995705,3.878153515834675,2.120236178207193,13.103864734299517,0.9259259259259259,0.19457863660762212,1.1540526033279657,
75,23.57085346215781,47.40338164251208,5.8239398819108965,1.9256575415995705,3.878153515834675,2.2074610842726785,13.036768652710682,0.9259259259259259,0.10735373054213634,1.1205045625335481,
76,23.919753086419753,46.34997316156736,5.555555555555555,1.2815351583467525,3.878153515834675,3.878153515834675,13.030059044551798,0.8789586688137413,0.10735373054213634,1.1205045625335481,
77,21.732420826623724,48.55072463768116,5.60252281266774,1.1808910359634996,3.864734299516908,4.42163177670424,12.587224906065487,0.8319914117015567,0.10735373054213634,1.1205045625335481,
78,22.168545356951153,48.33601717659689,5.60252281266774,1.1808910359634996,3.864734299516908,4.408212560386473,12.285292538915728,0.8319914117015567,0.10735373054213634,1.2144390767579174,
79,22.302737520128826,48.03408480944713,5.730005367686527,1.3419216317767042,3.770799785292539,4.38137412775094,12.104133118625873,1.1205045625335481,0.10735373054213634,1.107085346215781,
80,22.537573805689746,47.96027911969941,5.6964573268921095,1.3419216317767042,3.7573805689747717,4.38137412775094,11.996779388083736,1.1137949543746646,0.10735373054213634,1.107085346215781,
81,23.00053676865271,46.73913043478261,5.649490069779925,1.3217928073000538,4.562533548040794,4.300858829844337,11.876006441223833,1.1137949543746646,0.3488996242619431,1.0869565217391304,
82,23.013955984970476,46.59822866344606,5.548845947396672,1.42914653784219,4.468599033816425,4.555823939881911,11.876006441223833,1.1137949543746646,0.3488996242619431,1.0466988727858293,
83,23.1682769726248,46.01449275362319,5.857487922705314,1.5901771336553945,4.461889425657541,4.522275899087493,11.876006441223833,1.1137949543746646,0.3488996242619431,1.0466988727858293,
84,23.275630703166936,45.67901234567901,5.857487922705314,1.7176596886741815,4.461889425657541,4.663177670424047,11.849168008588299,1.107085346215781,0.3488996242619431,1.0399892646269457,
85,22.832796564680624,42.94820182501342,5.83064949006978,1.7914653784219001,4.549114331723027,10.762211486849168,9.581320450885668,0.9594739667203436,0.3488996242619431,0.39586688137412773,
86,23.2487922705314,42.36446591519055,6.0654857756307035,2.059849704777241,4.757112184648417,10.218733225979603,9.581320450885668,0.9594739667203436,0.3488996242619431,0.39586688137412773,
87,23.537305421363392,42.230273752012884,6.045356951154052,2.0531400966183573,4.736983360171766,10.151637144390767,9.541062801932368,0.9594739667203436,0.3488996242619431,0.39586688137412773,
88,24.18142780461621,41.646537842190014,6.011808910359635,2.0128824476650564,4.757112184648417,9.957058507783145,9.386741814278047,0.9594739667203436,0.6910896403650026,0.39586688137412773,
89,24.40955448201825,41.0829307568438,6.273483628556092,2.0128824476650564,4.7168545356951155,10.305958132045088,9.225711218464841,0.9594739667203436,0.6910896403650026,0.322061191626409,
90,24.188137412775095,40.52603327965647,6.253354804079442,1.9524959742351047,4.7168545356951155,10.084541062801932,10.305958132045088,0.9594739667203436,0.6910896403650026,0.322061191626409,
91,24.50348899624262,40.23752012882448,6.253354804079442,1.9524959742351047,4.918142780461621,10.050993022007514,10.198604401502953,0.9460547504025765,0.6910896403650026,0.24825550187869028,
92,24.758454106280194,40.06977992485239,6.219806763285024,1.9524959742351047,4.918142780461621,10.030864197530864,10.091250670960816,1.0265700483091786,0.6910896403650026,0.24154589371980675,
93,25.0,39.33843263553408,6.421095008051529,1.9524959742351047,4.777241009125067,10.010735373054214,9.695383789586689,1.0265700483091786,1.5365002683843263,0.24154589371980675,
94,25.13419216317767,38.848631239935585,6.6827697262479875,2.120236178207193,4.777241009125067,10.00402576489533,9.628287707997853,1.0265700483091786,1.5365002683843263,0.24154589371980675,
95,25.281803542673106,37.43961352657005,7.682501341921632,2.0799785292538915,4.777241009125067,9.064680622651638,10.715244229736983,1.1808910359634996,1.5365002683843263,0.24154589371980675,
96,25.53676865271068,37.1309715512614,7.776435856146001,2.0799785292538915,4.757112184648417,9.198872785829307,10.567632850241546,1.1741814278046163,1.5365002683843263,0.24154589371980675,
97,25.825281803542673,37.02361782071927,7.749597423510467,2.0665593129361244,4.690016103059581,9.198872785829307,10.493827160493828,1.1741814278046163,1.5365002683843263,0.24154589371980675,
98,25.53676865271068,36.10440150295223,8.266237251744498,2.0665593129361244,4.690016103059581,9.433709071390231,9.722222222222221,1.1473429951690821,2.791196994095545,0.24154589371980675,
99,25.95276435856146,35.950080515297905,8.185721953837897,2.227589908749329,4.428341384863124,9.433709071390231,9.588030059044552,1.2278582930756843,2.7643585614600106,0.24154589371980675,
100,25.6105743424584,35.138217928073,8.13875469672571,2.3349436392914655,4.3545356951154055,9.312936124530328,10.876274825550189,1.2278582930756843,2.7643585614600106,0.24154589371980675,
101,25.42270531400966,34.95034889962426,8.132045088566828,2.3349436392914655,4.562533548040794,9.541062801932368,10.836017176596886,1.2144390767579174,2.7643585614600106,0.24154589371980675,
102,25.825281803542673,34.6081588835212,8.152173913043478,2.1806226516371443,4.49543746645196,9.675254965110037,10.735373054213634,1.2144390767579174,2.871712292002147,0.24154589371980675,
103,26.187600644122384,34.306226516371446,8.145464304884594,2.301395598497048,4.488727858293076,9.5276435856146,10.628019323671497,1.2144390767579174,2.8515834675254963,0.3488996242619431,
104,26.1808910359635,33.823134728931834,9.004294149221685,2.227589908749329,4.435050993022007,9.400161030595813,10.513955984970478,1.2144390767579174,2.8515834675254963,0.3488996242619431,
105,26.476113794954376,33.621846484165324,8.964036500268385,2.2074610842726785,4.3545356951154055,9.27938808373591,10.487117552334944,1.2144390767579174,3.046162104133119,0.3488996242619431,
106,26.737788513150832,32.6959205582394,9.655126140633387,2.2074610842726785,4.4753086419753085,9.346484165324744,10.312667740203972,1.1741814278046163,3.046162104133119,0.3488996242619431,
107,26.959205582393988,32.63553408480945,9.567901234567902,2.200751476113795,4.555823939881911,9.198872785829307,10.312667740203972,1.1741814278046163,3.046162104133119,0.3488996242619431,
108,27.220880300590444,32.23295759527644,9.594739667203436,2.3483628556092326,4.555823939881911,9.16532474503489,10.171765968867419,1.1741814278046163,3.1870638754696725,0.3488996242619431,
109,23.731884057971016,29.180085882984432,7.461084272678476,2.3215244229736984,4.05931293612453,21.235909822866343,8.588298443370908,0.7179280730005367,2.3550724637681157,0.3488996242619431,
110,23.74530327428878,28.408480944712828,7.474503488996243,2.0799785292538915,5.911164787976382,20.37037037037037,8.588298443370908,0.7179280730005367,2.3550724637681157,0.3488996242619431,
111,24.342458400429415,28.16022544283414,7.494632313472893,2.046430488459474,5.884326355340848,20.128824476650564,8.588298443370908,0.7179280730005367,2.2879763821792807,0.3488996242619431,
112,24.704777241009126,27.958937198067634,7.434245840042942,2.100107353730542,5.864197530864198,19.981213097155127,8.601717659688674,0.7179280730005367,2.2879763821792807,0.3488996242619431,
113,25.261674718196456,27.79790660225443,7.253086419753086,2.0933977455716586,5.850778314546431,19.87385936661299,8.55475040257649,0.7179280730005367,2.24771873322598,0.3488996242619431,
114,24.88593666129898,26.764626945786365,8.521202361782072,2.2611379495437465,5.790391841116479,19.33709071390231,8.756038647342995,0.8923778851315083,2.442297369833602,0.3488996242619431,
115,25.13419216317767,26.623725174449813,8.474235104669887,2.24771873322598,5.790391841116479,19.290123456790123,8.756038647342995,0.8923778851315083,2.442297369833602,0.3488996242619431,
116,25.348899624261943,26.482823403113258,8.548040794417606,2.24771873322598,5.776972624798712,19.068706387546968,8.648684916800859,1.0869565217391304,2.442297369833602,0.3488996242619431,
117,25.865539452495973,26.120504562533547,8.387010198604402,2.3483628556092326,5.776972624798712,18.9747718733226,8.648684916800859,1.0869565217391304,2.442297369833602,0.3488996242619431,
118,26.29495437466452,25.811862587224905,8.387010198604402,2.3483628556092326,6.072195383789587,18.706387546967257,8.561460010735374,1.0869565217391304,2.38191089640365,0.3488996242619431,
119,26.610305958132045,25.207997852925388,8.433977455716587,2.3215244229736984,10.178475577026301,14.834943639291465,8.668813741277509,1.0869565217391304,2.3081052066559313,0.3488996242619431,
120,26.918947933440688,25.15432098765432,8.360171765968868,2.3215244229736984,10.037573805689748,14.794685990338165,8.668813741277509,1.0869565217391304,2.3081052066559313,0.3488996242619431,
121,27.18733225979603,25.033548040794418,8.36688137412775,2.5026838432635534,10.02415458937198,14.593397745571659,8.548040794417606,1.0869565217391304,2.3081052066559313,0.3488996242619431,
122,27.26784755770263,24.89935587761675,8.36688137412775,2.5026838432635534,10.02415458937198,14.579978529253891,8.61513687600644,1.0869565217391304,2.3081052066559313,0.3488996242619431,
123,27.70397208803006,24.590713902308106,8.3064949006978,2.7777777777777777,10.02415458937198,14.472624798711756,8.514492753623188,0.966183574879227,2.2946859903381642,0.3488996242619431,
124,28.166935050993022,23.58427267847558,7.917337627482555,3.9318303811057436,9.842995169082126,14.36527106816962,8.581588835212024,0.966183574879227,2.2946859903381642,0.3488996242619431,
125,28.442028985507246,23.45679012345679,7.890499194847021,3.9318303811057436,9.77589908749329,14.325013419216317,8.568169618894256,0.966183574879227,2.2946859903381642,0.3488996242619431,
126,29.03918411164788,23.396403650026837,7.729468599033816,3.92512077294686,9.574610842726784,14.231078904991948,8.527911969940956,0.95276435856146,2.2946859903381642,0.32877079978529256,
127,29.20692431561997,22.879763821792807,7.628824476650563,3.824476650563607,9.212292002147075,14.023081052066559,9.648416532474503,0.95276435856146,2.2946859903381642,0.32877079978529256,
128,29.240472356414386,22.79253891572732,9.453837895866881,3.81105743424584,9.198872785829307,12.486580783682234,9.634997316156737,0.9393451422436929,2.1135265700483092,0.32877079978529256,
129,28.73054213633924,23.60440150295223,9.453837895866881,3.81105743424584,8.957326892109501,12.486580783682234,9.574610842726784,0.9393451422436929,2.1135265700483092,0.32877079978529256,
130,28.918411164787976,23.45679012345679,9.41358024691358,3.81105743424584,8.776167471819646,12.426194310252281,9.541062801932368,0.9393451422436929,2.3886205045625335,0.32877079978529256,
131,29.166666666666668,23.389694041867955,9.41358024691358,3.797638217928073,8.76274825550188,12.412775093934513,9.41358024691358,0.9393451422436929,2.3752012882447664,0.32877079978529256,
132,29.334406870638755,23.19511540526033,9.333064949006978,3.7037037037037037,8.749329039184111,12.399355877616747,9.64170692431562,0.9393451422436929,2.3752012882447664,0.32877079978529256,
133,29.73027375201288,23.1280193236715,9.494095544820183,3.6500268384326353,8.561460010735374,12.037037037037036,9.883252818035427,0.9393451422436929,2.24771873322598,0.32877079978529256,
134,30.17981749865808,23.007246376811594,9.205582393988191,3.965378421900161,8.393719806763285,11.90955448201825,9.782608695652174,0.9393451422436929,2.2879763821792807,0.32877079978529256,
135,30.69645732689211,22.86634460547504,9.098228663446054,3.965378421900161,8.246108427267847,11.701556629092861,9.742351046698873,1.06682769726248,2.2879763821792807,0.32877079978529256,
136,30.9849704777241,22.705314009661837,9.03113258185722,3.9519592055823938,8.205850778314547,11.701556629092861,9.73564143853999,1.06682769726248,2.2879763821792807,0.32877079978529256,
137,31.246645195920557,22.450348899624263,8.756038647342995,3.8848631239935587,8.125335480407944,11.688137412775093,10.198604401502953,1.0601180891035964,2.2611379495437465,0.32877079978529256,
138,30.334138486312398,21.89345142243693,7.997852925389157,6.011808910359635,8.091787439613526,11.869296833064949,10.151637144390767,1.0601180891035964,2.2611379495437465,0.32877079978529256,
139,30.233494363929147,21.578099838969404,8.024691358024691,5.891035963499732,9.73564143853999,11.245303274288782,9.64170692431562,1.0601180891035964,2.2611379495437465,0.32877079978529256,
140,30.589103596349972,21.215780998389693,8.259527643585615,5.891035963499732,9.688674181427805,11.238593666129898,9.588030059044552,1.0601180891035964,2.1403650026838434,0.32877079978529256,
141,30.83064949006978,21.121846484165324,8.179012345679013,5.870907139023081,9.66183574879227,11.158078368223295,9.426999463231347,1.2010198604401503,2.2208803005904456,0.32877079978529256,
142,31.072195383789587,21.081588835212024,8.179012345679013,5.857487922705314,9.520933977455716,11.158078368223295,9.386741814278047,1.2010198604401503,2.214170692431562,0.32877079978529256,
143,31.548577563070317,20.665593129361245,8.085077831454644,5.998389694041868,9.494095544820183,11.144659151905529,9.31964573268921,1.2010198604401503,2.214170692431562,0.32877079978529256,
144,31.830381105743424,20.632045088566827,8.071658615136876,5.971551261406334,9.440418679549115,11.124530327428879,9.185453569511541,1.2010198604401503,2.214170692431562,0.32877079978529256,
145,31.964573268921097,20.50456253354804,8.05823939881911,5.971551261406334,9.440418679549115,11.077563070316694,9.23913043478261,1.2010198604401503,2.214170692431562,0.32877079978529256,
146,32.19940955448202,20.1959205582394,8.28636607622115,5.9447128287707995,9.386741814278047,11.077563070316694,9.145195920558239,1.2010198604401503,2.254428341384863,0.30864197530864196,
147,32.17928073000537,19.82018250134192,8.024691358024691,5.924584004294149,9.500805152979066,10.466988727858293,9.044551798174986,2.5496511003757383,2.254428341384863,0.23483628556092323,
148,32.22624798711755,19.699409554482017,8.11862587224906,5.924584004294149,9.494095544820183,10.453569511540525,9.044551798174986,2.5496511003757383,2.254428341384863,0.23483628556092323,
149,32.50134192163178,19.592055823939884,8.091787439613526,5.911164787976382,9.41358024691358,10.36634460547504,8.863392377885132,2.690552871712292,2.3349436392914655,0.23483628556092323,
150,32.64224369296833,19.51825013419216,7.809983896940419,5.797101449275362,9.406870638754697,10.332796564680622,9.125067096081589,2.690552871712292,2.442297369833602,0.23483628556092323,
151,33.10520665593129,19.290123456790123,7.729468599033816,5.797101449275362,9.46725711218465,10.272410091250672,9.044551798174986,2.690552871712292,2.368491680085883,0.23483628556092323,
152,33.09849704777241,19.102254428341386,7.729468599033816,5.797101449275362,9.29951690821256,10.695115405260333,9.017713365539452,2.657004830917874,2.368491680085883,0.23483628556092323,
153,33.011272141706925,18.947933440687063,7.447665056360709,5.367686527106817,9.25925925925926,10.695115405260333,9.876543209876543,2.657004830917874,2.5026838432635534,0.23483628556092323,
154,33.4272678475577,18.927804616210413,7.440955448201825,5.253623188405797,9.192163177670425,10.621309715512615,9.695383789586689,2.657004830917874,2.5496511003757383,0.23483628556092323,
155,32.8569511540526,18.51851851851852,7.306763285024155,5.58239398819109,8.78287707997853,12.06387546967257,9.473966720343531,2.6301663982823404,2.5496511003757383,0.23483628556092323,
156,33.19243156199678,18.337359098228664,7.306763285024155,5.58239398819109,8.474235104669887,12.298711755233494,9.473966720343531,2.4154589371980677,2.6838432635534084,0.23483628556092323,
157,33.44739667203435,18.21658615136876,7.300053676865271,5.5756843800322065,8.474235104669887,12.265163714439076,9.406870638754697,2.395330112721417,2.6838432635534084,0.23483628556092323,
158,33.9573268921095,18.02871712292002,7.246376811594203,5.548845947396672,8.373590982286634,12.164519592055823,9.366612989801396,2.395330112721417,2.6838432635534084,0.23483628556092323,
159,34.634997316156735,18.00858829844337,7.192699946323135,5.46833064949007,8.353462157809984,11.956521739130435,9.212292002147075,2.281266774020397,2.6704240472356413,0.2214170692431562,
160,35.01073537305421,17.894524959742352,7.159151905528717,5.253623188405797,8.353462157809984,11.862587224906065,9.172034353193773,2.281266774020397,2.791196994095545,0.2214170692431562,
161,35.69511540526033,17.746913580246915,7.0383789586688135,5.347557702630167,8.635265700483092,11.124530327428879,9.05126140633387,2.3550724637681157,2.7844873859366612,0.2214170692431562,
162,36.010466988727856,17.612721417069242,7.03166935050993,5.4549114331723025,8.59500805152979,10.93666129898014,8.997584541062801,2.3550724637681157,2.7844873859366612,0.2214170692431562,
163,36.20504562533548,17.176596886741816,7.427536231884058,5.562265163714439,8.480944712828771,10.768921095008052,8.829844337090714,2.3550724637681157,3.0394524959742353,0.15432098765432098,
164,36.540526033279654,16.961889425657542,7.37385936661299,5.4616210413311865,8.440687063875469,10.61460010735373,8.809715512614064,2.3550724637681157,3.2877079978529253,0.15432098765432098,
165,36.761943102522814,16.928341384863124,7.239667203435319,5.421363392377885,8.293075684380032,10.567632850241546,8.756038647342995,2.3483628556092326,3.5292538915727323,0.15432098765432098,
166,36.922973698336016,16.928341384863124,7.226247987117552,5.421363392377885,8.239398819108963,10.567632850241546,8.729200214707461,2.3483628556092326,3.4621578099838968,0.15432098765432098,
167,37.23832528180354,16.71363392377885,7.0450885668276975,5.589103596349974,8.172302737520129,10.46027911969941,8.829844337090714,2.3483628556092326,3.44873859366613,0.15432098765432098,
168,36.9699409554482,16.67337627482555,7.152442297369833,5.3274288781535155,7.98443370907139,10.373054213633925,10.352925389157273,2.2410091250670963,2.771068169618894,0.15432098765432098,
169,35.869565217391305,16.223832528180353,7.0383789586688135,5.032206119162641,10.648148148148149,10.352925389157273,9.782608695652174,2.1269457863660763,2.771068169618894,0.15432098765432098,
170,36.2385936661299,16.0426731078905,7.065217391304348,4.998658078368224,10.406602254428341,10.507246376811594,9.749060654857756,2.1269457863660763,2.7106816961889426,0.15432098765432098,
171,36.66800858829844,15.83467525496511,7.065217391304348,4.851046698872786,10.312667740203972,10.393183038110575,9.883252818035427,2.1269457863660763,2.7106816961889426,0.15432098765432098,
172,36.58749329039184,15.546162104133119,6.776704240472356,4.730273752012883,10.158346752549651,10.34621578099839,10.923242082662373,2.1269457863660763,2.6502952227589907,0.15432098765432098,
173,36.65458937198068,15.318035426731079,6.763285024154589,4.8443370907139025,10.319377348362856,10.446859903381643,10.72866344605475,2.1269457863660763,2.6435856146001075,0.15432098765432098,
174,36.64787976382179,15.123456790123457,6.763285024154589,5.159688674181428,10.258990874932904,10.446859903381643,10.701825013419215,2.1269457863660763,2.6167471819645733,0.15432098765432098,
175,37.11755233494364,14.855072463768115,6.769994632313473,5.12614063338701,10.25228126677402,10.446859903381643,10.61460010735373,2.0531400966183573,2.6167471819645733,0.14761137949543746,
176,37.35238862050456,14.63365539452496,6.649221685453569,5.347557702630167,10.225442834138486,10.38647342995169,10.587761674718196,2.0531400966183573,2.6167471819645733,0.14761137949543746,
177,37.64761137949544,14.36527106816962,6.66935050993022,5.3341384863123995,9.943639291465379,10.319377348362856,10.909822866344605,2.046430488459474,2.6167471819645733,0.14761137949543746,
178,37.9092860976919,14.298174986580785,6.541867954911433,5.407944176060118,9.896672034353195,10.272410091250672,10.86285560923242,2.046430488459474,2.6167471819645733,0.14761137949543746,
179,37.82206119162641,14.298174986580785,6.508319914117015,5.407944176060118,9.876543209876543,10.272410091250672,11.003757380568974,2.046430488459474,2.6167471819645733,0.14761137949543746,
180,38.217928073000536,14.217659688674182,6.494900697799249,5.253623188405797,9.829575952764358,10.34621578099839,10.829307568438002,2.046430488459474,2.6167471819645733,0.14761137949543746,
181,38.425925925925924,13.848631239935587,6.4345142243692965,5.22007514761138,9.816156736446592,10.581052066559312,10.909822866344605,2.046430488459474,2.5697799248523885,0.14761137949543746,
182,38.47289318303811,13.81508319914117,6.642512077294686,5.22007514761138,9.601449275362318,10.61460010735373,10.889694041867955,2.0263016639828235,2.5697799248523885,0.14761137949543746,
183,38.117283950617285,13.425925925925926,6.213097155126141,6.159420289855072,9.460547504025765,10.621309715512615,11.600912506709609,2.0128824476650564,2.2410091250670963,0.14761137949543746,
184,37.0504562533548,12.714707461084272,5.891035963499732,5.387815351583468,9.460547504025765,13.727858293075684,11.419753086419753,2.0128824476650564,2.187332259796028,0.14761137949543746,
185,37.265163714439076,12.667740203972087,5.8239398819108965,5.387815351583468,9.420289855072463,13.667471819645733,11.419753086419753,2.0128824476650564,2.187332259796028,0.14761137949543746,
186,37.78180354267311,12.593934514224369,5.810520665593129,5.347557702630167,9.205582393988191,13.667471819645733,11.366076221148685,2.0128824476650564,2.0665593129361244,0.14761137949543746,
187,37.956253354804076,12.587224906065487,5.803811057434245,5.347557702630167,9.07139023081052,13.66076221148685,11.345947396672035,2.0128824476650564,2.0665593129361244,0.14761137949543746,
188,38.17096081588835,12.412775093934513,5.844068706387547,5.414653784219001,8.970746108427267,13.647342995169081,11.312399355877616,2.0128824476650564,2.0665593129361244,0.14761137949543746,
189,38.35882984433709,12.345679012345679,5.797101449275362,5.515297906602254,8.863392377885132,13.647342995169081,11.258722490606548,2.006172839506173,2.059849704777241,0.14761137949543746,
190,38.191089640365,12.130971551261407,5.723295759527644,6.052066559312936,9.037842190016104,13.560118089103597,11.09098228663446,2.006172839506173,2.059849704777241,0.14761137949543746,
191,38.60708534621578,11.869296833064949,5.723295759527644,6.052066559312936,8.863392377885132,13.539989264626946,11.017176596886742,2.006172839506173,2.1739130434782608,0.14761137949543746,
192,38.821792807300056,11.869296833064949,5.709876543209877,6.125872249060655,8.776167471819646,13.499731615673644,10.903113258185721,1.9994632313472893,2.15378421900161,0.14090177133655393,
193,38.83521202361782,11.79549114331723,5.5756843800322065,6.018518518518518,8.769457863660762,13.45276435856146,11.258722490606548,1.9994632313472893,2.15378421900161,0.14090177133655393,
194,38.83521202361782,11.761943102522812,5.535426731078905,5.864197530864198,7.950885668276973,14.673913043478262,11.137949543746645,1.9659151905528718,2.13365539452496,0.14090177133655393,
195,38.821792807300056,11.694847020933977,5.522007514761138,6.045356951154052,7.950885668276973,14.600107353730541,11.144659151905529,1.9457863660762211,2.13365539452496,0.14090177133655393,
196,38.687600644122384,11.312399355877616,5.4549114331723025,6.944444444444445,7.917337627482555,14.55984970477724,11.003757380568974,1.9122383252818036,2.0665593129361244,0.14090177133655393,
197,38.69431025228127,11.252012882447666,5.723295759527644,7.0383789586688135,7.917337627482555,14.2914653784219,10.963499731615673,1.9122383252818036,2.0665593129361244,0.14090177133655393,
198,36.902844873859365,10.63472893183038,5.401234567901234,9.829575952764358,7.856951154052603,14.224369296833064,10.715244229736983,1.8853998926462694,2.4154589371980677,0.13419216317767044,
199,37.11084272678475,10.61460010735373,5.226784755770263,9.822866344605474,7.957595276435856,14.204240472356414,10.63472893183038,1.8786902844873858,2.4154589371980677,0.13419216317767044,
200,37.25174449812131,10.59447128287708,5.320719269994632,9.668545356951155,7.924047235641439,14.190821256038648,10.63472893183038,1.865271068169619,2.4154589371980677,0.13419216317767044,
201,37.39264626945786,10.554213633923778,5.287171229200215,10.23215244229737,7.877079978529254,13.694310252281268,10.446859903381643,1.9659151905528718,2.4154589371980677,0.13419216317767044,
202,37.43961352657005,10.534084809447128,5.246913580246914,10.11808910359635,7.924047235641439,13.56682769726248,10.654857756307031,1.9659151905528718,2.4154589371980677,0.13419216317767044,
203,37.60064412238325,10.399892646269459,5.213365539452496,10.11808910359635,7.7898550724637685,13.694310252281268,10.695115405260333,1.9592055823939882,2.395330112721417,0.13419216317767044,
204,37.78851315083199,10.34621578099839,5.092592592592593,9.903381642512077,7.7898550724637685,13.801663982823403,10.789049919484702,1.9592055823939882,2.395330112721417,0.13419216317767044,
205,32.78314546430489,8.447396672034353,4.408212560386473,8.668813741277509,15.94873859366613,15.432098765432098,9.822866344605474,1.9592055823939882,2.395330112721417,0.13419216317767044,
206,24.97987117552335,5.978260869565218,3.026033279656468,2.9589371980676327,12.701288244766506,39.94900697799248,7.682501341921632,1.4626945786366077,1.1272141706924315,0.13419216317767044,
207,25.201288244766506,5.958132045088567,3.026033279656468,2.9589371980676327,12.593934514224369,39.700751476113794,7.675791733762749,1.6237251744498122,1.1674718196457328,0.0939345142243693,
208,25.49651100375738,5.958132045088567,3.026033279656468,2.9589371980676327,12.560386473429952,39.50617283950617,7.608695652173913,1.6237251744498122,1.1674718196457328,0.0939345142243693,
209,25.738056897477186,5.891035963499732,3.026033279656468,3.066290928609769,12.486580783682234,39.32501341921632,7.588566827697263,1.4626945786366077,1.3217928073000538,0.0939345142243693,
210,25.85212023617821,5.857487922705314,2.9924852388620504,3.0327428878153517,12.47987117552335,39.34514224369297,7.588566827697263,1.4626945786366077,1.2949543746645196,0.0939345142243693,
211,25.89908749329039,5.857487922705314,3.408480944712829,3.0327428878153517,12.318840579710145,39.009661835748794,7.521470746108427,1.4626945786366077,1.3955984970477724,0.0939345142243693,
212,26.1808910359635,5.803811057434245,3.408480944712829,3.0327428878153517,12.218196457326892,38.969404186795494,7.447665056360709,1.4626945786366077,1.3821792807300053,0.0939345142243693,
213,26.402308105206657,5.797101449275362,3.408480944712829,3.0327428878153517,12.218196457326892,38.7614063338701,7.440955448201825,1.4626945786366077,1.3821792807300053,0.0939345142243693,
214,26.536500268384327,5.756843800322061,3.408480944712829,3.0327428878153517,12.04374664519592,38.54669887278583,7.440955448201825,1.5767579173376274,1.5633387010198605,0.0939345142243693,
215,26.798174986580783,5.5756843800322065,3.408480944712829,3.1065485775630703,12.204777241009126,38.12399355877617,7.326892109500805,1.8518518518518519,1.5096618357487923,0.0939345142243693,
216,27.294685990338163,5.4549114331723025,3.5426731078904994,3.099838969404187,11.876006441223833,37.42619431025228,7.742887815351583,1.7310789049919484,1.737788513150832,0.0939345142243693,
217,27.871712292002147,5.394524959742351,3.643317230273752,3.099838969404187,11.829039184111648,36.85587761674718,7.742887815351583,1.7310789049919484,1.737788513150832,0.0939345142243693,
218,28.046162104133117,5.287171229200215,3.569511540526033,3.240740740740741,11.714975845410628,36.600912506709605,7.729468599033816,1.9994632313472893,1.7176596886741815,0.0939345142243693,
219,28.26086956521739,5.213365539452496,3.5628019323671496,3.240740740740741,11.654589371980677,36.574074074074076,7.702630166398282,1.9793344068706387,1.7176596886741815,0.0939345142243693,
220,28.442028985507246,5.10601180891036,3.5628019323671496,3.227321524422974,11.560654857756306,36.48684916800859,7.702630166398282,1.9793344068706387,1.8384326355340848,0.0939345142243693,
221,28.381642512077295,5.052334943639291,3.5628019323671496,3.5426731078904994,11.54723564143854,36.33252818035427,7.675791733762749,1.9793344068706387,1.8317230273752012,0.0939345142243693,
222,28.73054213633924,5.052334943639291,3.5628019323671496,3.5426731078904994,11.466720343531938,36.06414385399893,7.675791733762749,1.9793344068706387,1.8317230273752012,0.0939345142243693,
223,29.052603327965645,5.052334943639291,3.5225442834138487,3.502415458937198,11.460010735373054,35.30595813204509,7.669082125603865,2.3550724637681157,1.9860440150295222,0.0939345142243693,
224,29.274020397208805,5.045625335480408,3.5225442834138487,3.992216854535695,10.856146001073537,35.138217928073,7.7361782071927,2.3550724637681157,1.9860440150295222,0.0939345142243693,
225,28.824476650563607,4.891304347826087,3.2004830917874396,3.992216854535695,11.345947396672035,34.54106280193237,8.454106280193237,2.6704240472356413,1.9860440150295222,0.0939345142243693,
226,29.25389157273215,4.87788513150832,3.2004830917874396,3.9519592055823938,11.211755233494364,34.35319377348363,8.407139023081053,2.6704240472356413,1.9793344068706387,0.0939345142243693,
227,29.69001610305958,4.797369833601718,2.9388083735909825,3.797638217928073,11.198336017176597,33.8365539452496,8.3467525496511,2.522812667740204,2.7777777777777777,0.0939345142243693,
