,45,50,55,53,51,52,54,56,60,57,61,58,59,62,64,46
0,99.66451959205583,0.33548040794417605,,,,,,,,,,,,,,
1,99.63097155126141,0.36902844873859364,,,,,,,,,,,,,,
2,99.16129898013956,0.8387010198604401,,,,,,,,,,,,,,
3,97.14170692431561,2.85829307568438,,,,,,,,,,,,,,
4,94.18276972624798,5.790391841116479,0.026838432635534086,,,,,,,,,,,,,
5,85.03757380568975,14.935587761674718,0.026838432635534086,,,,,,,,,,,,,
6,84.90338164251207,15.069779924852389,0.026838432635534086,,,,,,,,,,,,,
7,84.83628556092324,15.103327965646805,0.06038647342995169,,,,,,,,,,,,,
8,84.72222222222223,15.177133655394526,0.10064412238325282,,,,,,,,,,,,,
9,73.29575952764358,26.583467525496513,0.12077294685990338,,,,,,,,,,,,,
10,47.59125067096082,51.83843263553408,0.5703166935050993,,,,,,,,,,,,,
11,47.46376811594203,51.44256575415996,1.093666129898014,,,,,,,,,,,,,
12,47.41009125067096,50.55018786902845,2.006172839506173,0.03354804079441761,,,,,,,,,,,,
13,47.316156736446594,50.32206119162641,2.2946859903381642,0.03354804079441761,0.013419216317767043,0.020128824476650563,,,,,,,,,,
14,46.96725711218465,50.6508319914117,2.314814814814815,0.03354804079441761,0.013419216317767043,0.020128824476650563,,,,,,,,,,
15,46.866612989801396,50.738056897477186,2.328234031132582,0.03354804079441761,0.013419216317767043,0.020128824476650563,,,,,,,,,,
16,46.806226516371446,50.60386473429951,2.522812667740204,0.03354804079441761,0.013419216317767043,0.020128824476650563,,,,,,,,,,
17,46.175523349436396,50.07380568974772,2.5697799248523885,0.03354804079441761,1.1272141706924315,0.020128824476650563,,,,,,,,,,
18,45.99436392914654,50.09393451422437,2.7308105206655933,0.03354804079441761,1.1272141706924315,0.020128824476650563,,,,,,,,,,
19,43.63258185721954,52.21417069243156,2.9723564143853998,0.03354804079441761,1.1272141706924315,0.020128824476650563,,,,,,,,,,
20,43.61916264090177,51.650563607085346,3.3950617283950617,0.17444981213097155,1.1272141706924315,0.020128824476650563,0.013419216317767043,,,,,,,,,
21,43.41787439613527,49.77187332259796,3.388352120236178,2.26784755770263,1.1205045625335481,0.020128824476650563,0.013419216317767043,,,,,,,,,
22,42.96833064949007,46.141975308641975,3.207192699946323,0.9796027911969941,6.608964036500268,0.020128824476650563,0.013419216317767043,0.06038647342995169,,,,,,,,
23,42.92807300053677,46.182232957595275,3.207192699946323,0.9796027911969941,6.595544820182502,0.020128824476650563,0.013419216317767043,0.07380568974771873,,,,,,,,
24,40.68035426731079,48.409822866344605,3.227321524422974,0.9796027911969941,6.582125603864735,0.020128824476650563,0.013419216317767043,0.07380568974771873,0.013419216317767043,,,,,,,
25,40.653515834675254,48.40311325818572,3.2742887815351582,0.9796027911969941,6.568706387546968,0.020128824476650563,0.013419216317767043,0.07380568974771873,0.013419216317767043,,,,,,,
26,40.61325818572195,48.36285560923242,3.3548040794417604,0.9796027911969941,6.5485775630703165,0.020128824476650563,0.013419216317767043,0.0939345142243693,0.013419216317767043,,,,,,,
27,40.54616210413312,47.91331186258722,3.8848631239935587,0.9796027911969941,6.535158346752549,0.020128824476650563,0.013419216317767043,0.0939345142243693,0.013419216317767043,,,,,,,
28,40.425389157273216,47.93344068706388,3.938539989264627,0.9796027911969941,6.535158346752549,0.020128824476650563,0.06038647342995169,0.0939345142243693,0.013419216317767043,,,,,,,
29,39.98926462694579,45.471014492753625,3.911701556629093,0.9796027911969941,9.480676328502415,0.020128824476650563,0.06038647342995169,0.07380568974771873,0.013419216317767043,,,,,,,
30,39.94900697799248,45.511272141706925,3.911701556629093,0.9796027911969941,9.480676328502415,0.020128824476650563,0.06038647342995169,0.07380568974771873,0.013419216317767043,,,,,,,
31,39.49946323134729,41.196994095544824,3.260869565217391,0.28180354267310787,15.49248523886205,0.020128824476650563,0.13419216317767044,0.11406333870101985,,,,,,,,
32,38.17096081588835,42.44498121309716,3.4017713365539453,0.28180354267310787,15.378421900161031,0.020128824476650563,0.13419216317767044,0.16774020397208803,,,,,,,,
33,26.455984970477726,52.69055287171229,3.026033279656468,0.30864197530864196,15.344873859366613,1.3486312399355878,0.6239935587761675,0.20128824476650564,,,,,,,,
34,26.48953301127214,52.502683843263554,3.180354267310789,0.30864197530864196,15.324745034889963,1.3486312399355878,0.6239935587761675,0.2214170692431562,,,,,,,,
35,26.42914653784219,52.41545893719807,3.2541599570585076,0.30864197530864196,15.271068169618895,1.3150831991411702,0.6977992485238862,0.27509393451422437,,0.03354804079441761,,,,,,
36,26.37546967257112,52.41545893719807,3.3011272141706924,0.30193236714975846,15.237520128824476,1.3150831991411702,0.7112184648416533,0.30864197530864196,,0.03354804079441761,,,,,,
37,26.341921631776703,52.442297369833604,3.3145464304884595,0.32877079978529256,15.203972088030058,1.3150831991411702,0.7112184648416533,0.30864197530864196,,0.03354804079441761,,,,,,
38,26.093666129898015,52.34836285560923,3.3682232957595275,0.322061191626409,15.458937198067632,1.3150831991411702,0.7112184648416533,0.3488996242619431,,0.03354804079441761,,,,,,
39,26.080246913580247,49.4296833064949,3.3548040794417604,0.322061191626409,15.445517981749866,4.247181964573269,0.7112184648416533,0.3757380568974772,,0.03354804079441761,,,,,,
40,25.13419216317767,40.552871712292,2.898550724637681,0.322061191626409,28.650026838432634,1.3150831991411702,0.7112184648416533,0.3757380568974772,0.0067096081588835215,0.03354804079441761,,,,,,
41,25.11406333870102,40.552871712292,2.918679549114332,0.322061191626409,28.415190552871714,1.3150831991411702,0.7313472893183038,0.5904455179817498,0.0067096081588835215,0.03354804079441761,,,,,,
42,24.89935587761675,40.70048309178744,3.079710144927536,0.322061191626409,28.22061191626409,1.3150831991411702,0.7313472893183038,0.6910896403650026,0.0067096081588835215,0.03354804079441761,,,,,,
43,24.872517444981213,40.68035426731079,3.1199677938808374,0.322061191626409,28.227321524422972,1.3150831991411702,0.7313472893183038,0.6910896403650026,0.0067096081588835215,0.03354804079441761,,,,,,
44,24.86580783682233,40.64680622651637,3.2877079978529253,0.322061191626409,28.099838969404185,1.3150831991411702,0.7313472893183038,0.6910896403650026,0.0067096081588835215,0.03354804079441761,,,,,,
45,24.838969404186795,40.61996779388084,3.2877079978529253,0.322061191626409,28.052871712292003,1.3150831991411702,0.7581857219538379,0.7648953301127214,0.0067096081588835215,0.03354804079441761,,,,,,
46,24.825550187869027,40.49919484702093,3.4017713365539453,0.322061191626409,28.039452495974235,1.3352120236178207,0.7581857219538379,0.7783145464304885,0.0067096081588835215,0.03354804079441761,,,,,,
47,24.852388620504563,40.45893719806763,3.3950617283950617,0.3421900161030596,27.938808373590984,1.3352120236178207,0.7581857219538379,0.8789586688137413,0.0067096081588835215,0.03354804079441761,,,,,,
48,24.832259796027913,40.3918411164788,3.44873859366613,0.36902844873859364,27.569779924852387,1.3687600644122384,0.7581857219538379,1.221148684916801,0.0067096081588835215,0.03354804079441761,,,,,,
49,24.86580783682233,40.31132581857219,3.5292538915727323,0.36902844873859364,27.489264626945786,1.3687600644122384,0.8319914117015567,1.1943102522812667,0.0067096081588835215,0.03354804079441761,,,,,,
50,24.630971551261407,40.552871712292,3.5225442834138487,0.36902844873859364,27.435587761674718,1.3687600644122384,0.8319914117015567,1.247987117552335,0.0067096081588835215,0.03354804079441761,,,,,,
51,24.630971551261407,40.425389157273216,3.6366076221148687,0.4025764895330113,27.408749329039185,1.3687600644122384,0.8319914117015567,1.2546967257112185,0.0067096081588835215,0.03354804079441761,,,,,,
52,24.537037037037038,40.23081052066559,3.743961352657005,0.4092860976918948,26.778046162104133,1.5767579173376274,0.8319914117015567,1.8451422436929683,0.0067096081588835215,0.040257648953301126,,,,,,
53,22.73215244229737,39.472624798711756,3.4688674181427803,0.3824476650563607,22.819377348362856,8.225979602791197,0.8319914117015567,1.9860440150295222,0.0067096081588835215,0.07380568974771873,,,,,,
54,22.497316156736446,41.646537842190014,3.388352120236178,0.3488996242619431,22.69189479334407,6.937734836285561,0.3421900161030596,2.1135265700483092,,0.03354804079441761,,,,,,
55,22.470477724100913,41.67337627482555,3.388352120236178,0.3488996242619431,22.67176596886742,6.910896403650026,0.3421900161030596,2.13365539452496,,0.06038647342995169,,,,,,
56,22.470477724100913,41.51905528717123,3.5225442834138487,0.3488996242619431,22.644927536231883,6.910896403650026,0.36902844873859364,2.15378421900161,,0.06038647342995169,,,,,,
57,22.27589908749329,41.53918411164788,3.5426731078904994,0.3488996242619431,22.69860440150295,6.910896403650026,0.3824476650563607,2.214170692431562,,0.08722490606548577,,,,,,
58,22.24235104669887,41.55260332796565,3.5628019323671496,0.3488996242619431,21.69887278582931,6.910896403650026,0.3824476650563607,3.2139023081052067,,0.08722490606548577,,,,,,
59,22.20209339774557,41.438539989264626,3.717122920021471,0.3488996242619431,21.611647879763822,6.910896403650026,0.3824476650563607,3.3011272141706924,,0.08722490606548577,,,,,,
60,16.646537842190018,47.134997316156735,3.8311862587224907,0.3488996242619431,21.450617283950617,6.857219538378959,0.3421900161030596,3.3011272141706924,,0.08722490606548577,,,,,,
61,16.646537842190018,47.12157809983897,3.8311862587224907,0.36231884057971014,21.4170692431562,6.736446591519055,0.3421900161030596,3.33467525496511,,0.20799785292538917,,,,,,
62,14.734299516908212,48.510466988727856,3.6500268384326353,0.36231884057971014,22.22222222222222,6.729736983360172,0.3421900161030596,3.260869565217391,,0.1878690284487386,,,,,,
63,14.774557165861514,48.41653247450349,3.7238325281803544,0.36231884057971014,22.20209339774557,6.729736983360172,0.3488996242619431,3.2541599570585076,,0.1878690284487386,,,,,,
64,14.439076757917338,46.4170692431562,3.5292538915727323,0.2281266774020397,24.986580783682232,6.729736983360172,0.2147074610842727,3.2541599570585076,,0.1878690284487386,0.013419216317767043,,,,,
65,14.432367149758454,46.37010198604401,3.5829307568438002,0.2281266774020397,24.9597423510467,6.729736983360172,0.2147074610842727,3.280998389694042,,0.1878690284487386,0.013419216317767043,,,,,
66,14.398819108964037,46.35668276972625,3.6231884057971016,0.2281266774020397,24.912775093934513,6.723027375201288,0.2281266774020397,3.3279656468062266,,0.1878690284487386,0.013419216317767043,,,,,
67,14.398819108964037,46.35668276972625,3.616478797638218,0.2281266774020397,24.818840579710145,6.723027375201288,0.2281266774020397,3.33467525496511,,0.28180354267310787,0.013419216317767043,,,,,
68,14.392109500805153,46.31642512077295,3.6634460547504024,0.2281266774020397,24.805421363392377,6.6760601180891035,0.2281266774020397,3.388352120236178,,0.2885131508319914,0.013419216317767043,,,,,
69,14.38539989264627,45.900429414922165,3.8580246913580245,0.49651100375738055,24.731615673644658,6.649221685453569,0.2281266774020397,3.44873859366613,,0.2885131508319914,0.013419216317767043,,,,,
70,14.418947933440688,45.7662372517445,3.9720880300590444,0.49651100375738055,24.718196457326894,6.649221685453569,0.2281266774020397,3.44873859366613,,0.2885131508319914,0.013419216317767043,,,,,
71,14.42565754159957,45.73939881910896,3.9989264626945786,0.49651100375738055,24.691358024691358,6.649221685453569,0.2616747181964573,3.435319377348363,,0.2885131508319914,0.013419216317767043,,,,,
72,14.418947933440688,45.67230273752013,4.019055287171229,0.49651100375738055,24.651100375738057,6.66935050993022,0.2952227589908749,3.4621578099838968,,0.30193236714975846,0.013419216317767043,,,,,
73,14.445786366076222,45.4374664519592,4.200214707461084,0.5367686527106817,24.58400429414922,6.66935050993022,0.2952227589908749,3.515834675254965,,0.30193236714975846,0.013419216317767043,,,,,
74,13.123993558776167,45.13553408480945,4.180085882984434,0.48980139559849706,23.825818572195384,6.66935050993022,2.871712292002147,3.388352120236178,,0.30193236714975846,0.013419216317767043,,,,,
75,13.150831991411701,44.880568974771876,4.40150295222759,0.48980139559849706,23.778851315083198,6.602254428341385,2.8784219001610305,3.408480944712829,,0.36902844873859364,0.013419216317767043,0.026838432635534086,,,,
76,13.150831991411701,44.81347289318304,4.468599033816425,0.48980139559849706,23.758722490606548,6.602254428341385,2.8784219001610305,3.4286097691894795,,0.36902844873859364,0.013419216317767043,0.026838432635534086,,,,
77,13.16425120772947,44.68599033816425,4.555823939881911,0.48980139559849706,23.731884057971016,6.602254428341385,2.9119699409554483,3.4286097691894795,,0.38915727321524424,0.013419216317767043,0.026838432635534086,,,,
78,13.123993558776167,44.67257112184648,4.5960815888352125,0.5032206119162641,23.718464841653248,6.602254428341385,2.9119699409554483,3.4420289855072466,,0.38915727321524424,0.013419216317767043,0.026838432635534086,,,,
79,13.150831991411701,44.618894256575416,4.64975845410628,0.5032206119162641,23.67149758454106,6.602254428341385,2.9119699409554483,3.4621578099838968,,0.38915727321524424,0.013419216317767043,0.026838432635534086,,,,
80,13.150831991411701,44.578636607622116,4.7168545356951155,0.5501878690284487,23.57085346215781,6.582125603864735,2.9119699409554483,3.5292538915727323,,0.36902844873859364,0.013419216317767043,0.026838432635534086,,,,
81,12.74825550187869,41.78073000536769,5.132850241545894,0.6172839506172839,26.29495437466452,6.568706387546968,2.885131508319914,3.549382716049383,,0.3824476650563607,0.013419216317767043,0.026838432635534086,,,,
82,12.74825550187869,41.727053140096615,5.12614063338701,0.6172839506172839,26.29495437466452,6.5485775630703165,2.85829307568438,3.6097691894793345,,0.4025764895330113,0.013419216317767043,0.026838432635534086,0.026838432635534086,,,
83,12.775093934514224,41.67337627482555,5.166398282340311,0.6172839506172839,26.288244766505635,6.528448738593666,2.85829307568438,3.6231884057971016,,0.4025764895330113,0.013419216317767043,0.026838432635534086,0.026838432635534086,,,
84,12.795222758990874,41.626409017713364,5.213365539452496,0.6172839506172839,26.261406333870102,6.528448738593666,2.85829307568438,3.629898013955985,,0.4025764895330113,0.013419216317767043,0.026838432635534086,0.026838432635534086,,,
85,12.70799785292539,41.29092860976919,5.374396135265701,0.5837359098228664,26.583467525496513,6.528448738593666,2.85829307568438,3.603059581320451,,0.4025764895330113,0.013419216317767043,0.026838432635534086,0.026838432635534086,,,
86,12.70799785292539,41.25067096081589,5.381105743424584,0.6105743424584005,25.717928073000536,7.333601717659689,2.831454643048846,3.670155662909286,,0.4025764895330113,0.013419216317767043,0.026838432635534086,0.05367686527106817,,,
87,12.701288244766506,38.90230810520666,5.381105743424584,0.5233494363929146,28.166935050993022,7.360440150295223,2.831454643048846,3.6634460547504024,,0.3757380568974772,0.013419216317767043,0.026838432635534086,0.05367686527106817,,,
88,12.640901771336553,38.81508319914117,5.542136339237788,0.5233494363929146,28.14009661835749,7.300053676865271,2.85829307568438,3.6500268384326353,,0.43612453032742887,0.013419216317767043,0.026838432635534086,0.05367686527106817,,,
89,12.647611379495437,38.67418142780462,5.783682232957595,0.5233494363929146,27.851583467525497,7.273215244229737,3.0327428878153517,3.656736446591519,,0.46296296296296297,0.013419216317767043,0.026838432635534086,0.05367686527106817,,,
90,12.171229200214707,38.60708534621578,5.8172302737520125,0.5032206119162641,29.28743961352657,7.246376811594203,2.9790660225442833,2.85829307568438,,0.43612453032742887,0.013419216317767043,0.026838432635534086,0.05367686527106817,,,
91,12.171229200214707,38.59366612989801,5.844068706387547,0.5032206119162641,29.260601180891037,7.219538378958669,2.965646806226516,2.885131508319914,,0.46296296296296297,0.013419216317767043,0.026838432635534086,0.05367686527106817,,,
92,12.177938808373591,38.6003757380569,6.568706387546968,0.5032206119162641,29.186795491143318,7.219538378958669,2.1806226516371443,2.945517981749866,,0.46296296296296297,0.03354804079441761,0.026838432635534086,0.0939345142243693,,,
93,12.204777241009126,38.58695652173913,6.568706387546968,0.5032206119162641,29.086151368760063,7.199409554482019,2.1806226516371443,3.0327428878153517,,0.4830917874396135,0.03354804079441761,0.026838432635534086,0.0939345142243693,,,
94,11.963231347289318,38.29844337090714,6.320450885668277,0.5099302200751477,26.959205582393988,10.7085346215781,2.3215244229736984,2.3483628556092326,,0.41599570585077833,0.03354804079441761,0.026838432635534086,0.0939345142243693,,,
95,11.943102522812667,38.137412775093935,6.387546967257112,0.644122383252818,26.724369296833064,10.68840579710145,2.3215244229736984,2.5831991411701556,,0.41599570585077833,0.03354804079441761,0.026838432635534086,0.0939345142243693,,,
96,11.963231347289318,38.08373590982286,6.454643048845948,0.644122383252818,26.630434782608695,10.68840579710145,2.3215244229736984,2.657004830917874,,0.41599570585077833,0.03354804079441761,0.013419216317767043,0.0939345142243693,,,
97,11.963231347289318,38.036768652710684,6.501610305958132,0.644122383252818,26.603596349973163,10.674986580783683,2.3215244229736984,2.6838432635534084,,0.4294149221685454,0.03354804079441761,0.013419216317767043,0.0939345142243693,,,
98,11.849168008588299,37.65432098765432,6.629092860976919,0.9930220075147611,26.529790660225444,10.701825013419215,2.3349436392914655,2.737520128824477,,0.4294149221685454,0.03354804079441761,0.013419216317767043,0.0939345142243693,,,
99,11.808910359634996,37.144390767579175,7.125603864734299,0.9930220075147611,26.402308105206657,10.534084809447128,2.3349436392914655,3.079710144927536,,0.43612453032742887,0.03354804079441761,0.013419216317767043,0.0939345142243693,,,
100,11.855877616747183,37.11755233494364,7.139023081052066,0.9930220075147611,26.35534084809447,10.507246376811594,2.314814814814815,3.0730005367686526,,0.46296296296296297,0.03354804079441761,0.03354804079441761,0.11406333870101985,,,
101,11.882716049382717,37.063875469672574,7.179280730005368,0.9930220075147611,26.32850241545894,10.50053676865271,2.2611379495437465,3.079710144927536,,0.46296296296296297,0.03354804079441761,0.14090177133655393,0.07380568974771873,,,
102,11.869296833064949,36.782071926999464,7.253086419753086,1.06682769726248,26.281535158346752,10.493827160493828,2.4355877616747184,3.099838969404187,,0.46296296296296297,0.03354804079441761,0.14761137949543746,0.07380568974771873,,,
103,11.855877616747183,36.74852388620504,7.286634460547504,1.06682769726248,26.174181427804616,10.466988727858293,2.4154589371980677,3.207192699946323,,0.5032206119162641,0.03354804079441761,0.14761137949543746,0.0939345142243693,,,
104,11.869296833064949,36.05072463768116,7.098765432098766,1.06682769726248,26.100375738056897,10.466988727858293,3.1736446591519054,3.2541599570585076,,0.5032206119162641,0.03354804079441761,0.14761137949543746,0.23483628556092323,,,
105,11.882716049382717,35.99704777241009,7.118894256575416,1.06682769726248,26.100375738056897,10.466988727858293,3.227321524422974,3.180354267310789,0.026838432635534086,0.5032206119162641,0.03354804079441761,0.14761137949543746,0.24825550187869028,,,
106,11.81561996779388,35.98362855609233,7.152442297369833,1.1674718196457328,25.959473966720342,10.453569511540525,3.227321524422974,3.260869565217391,0.026838432635534086,0.5032206119162641,0.05367686527106817,0.14761137949543746,0.24825550187869028,,,
107,5.495169082125604,48.46349973161568,5.10601180891036,0.5166398282340311,22.84621578099839,10.319377348362856,3.052871712292002,3.361513687600644,0.026838432635534086,0.48980139559849706,0.020128824476650563,0.14090177133655393,0.1610305958132045,,,
108,5.495169082125604,48.39640365002684,5.166398282340311,0.5166398282340311,22.82608695652174,10.292538915727322,3.0595813204508855,3.3816425120772946,0.026838432635534086,0.5166398282340311,0.020128824476650563,0.14090177133655393,0.1610305958132045,,,
109,5.495169082125604,48.37627482555019,5.193236714975845,0.5233494363929146,22.79253891572732,10.292538915727322,3.0730005367686526,3.388352120236178,0.026838432635534086,0.5166398282340311,0.020128824476650563,0.14090177133655393,0.1610305958132045,,,
110,5.46833064949007,48.13472893183038,5.233494363929147,0.7514761137949544,22.73215244229737,10.23215244229737,3.052871712292002,3.44873859366613,0.026838432635534086,0.5837359098228664,0.020128824476650563,0.13419216317767044,0.18115942028985507,,,
111,5.46833064949007,47.94685990338164,5.421363392377885,0.7514761137949544,22.65163714439077,10.19189479334407,3.079710144927536,3.5091250670960816,0.026838432635534086,0.630703166935051,0.020128824476650563,0.13419216317767044,0.16774020397208803,,,
112,5.475040257648954,47.90660225442834,5.441492216854535,0.7514761137949544,22.65163714439077,10.178475577026301,3.079710144927536,3.5091250670960816,0.026838432635534086,0.6575415995705851,0.020128824476650563,0.13419216317767044,0.16774020397208803,,,
113,5.448201825013419,47.497316156736446,5.340848094471283,0.7514761137949544,22.50402576489533,10.158346752549651,3.6231884057971016,3.656736446591519,0.026838432635534086,0.6776704240472357,0.020128824476650563,0.13419216317767044,0.1610305958132045,,,
114,5.434782608695652,47.44363929146538,5.401234567901234,0.7514761137949544,22.430220075147613,10.158346752549651,3.6231884057971016,3.7372517444981215,0.026838432635534086,0.6776704240472357,0.020128824476650563,0.13419216317767044,0.1610305958132045,,,
115,5.414653784219001,47.396672034353195,5.448201825013419,0.7447665056360708,22.430220075147613,10.165056360708535,3.556092324208266,3.7372517444981215,0.026838432635534086,0.7648953301127214,0.020128824476650563,0.13419216317767044,0.1610305958132045,,,
116,5.401234567901234,47.34970477724101,5.555555555555555,0.7447665056360708,22.396672034353195,10.151637144390767,3.5225442834138487,3.770799785292539,0.026838432635534086,0.7648953301127214,0.020128824476650563,0.13419216317767044,0.1610305958132045,,,
117,5.428073000536768,47.175254965110035,5.844068706387547,0.7447665056360708,22.269189479334408,10.158346752549651,3.475577026301664,3.8177670424047236,0.026838432635534086,0.7648953301127214,0.020128824476650563,0.13419216317767044,0.14090177133655393,,,
118,5.347557702630167,37.506709608158886,4.5893719806763285,10.88298443370907,21.088298443370906,12.593934514224369,3.3682232957595275,3.656736446591519,0.026838432635534086,0.6977992485238862,0.020128824476650563,0.13419216317767044,0.08722490606548577,,,
119,5.347557702630167,37.30542136339238,4.817498658078368,10.869565217391305,21.027911969940956,12.593934514224369,3.3682232957595275,3.656736446591519,0.026838432635534086,0.6977992485238862,0.020128824476650563,0.14761137949543746,0.08722490606548577,0.03354804079441761,,
120,5.314009661835748,37.245034889962426,4.898013955984971,10.856146001073537,21.027911969940956,12.593934514224369,3.3950617283950617,3.629898013955985,0.026838432635534086,0.7246376811594203,0.020128824476650563,0.14761137949543746,0.08722490606548577,0.03354804079441761,,
121,5.314009661835748,37.17122920021471,4.978529253891573,10.84272678475577,21.021202361782073,12.593934514224369,3.3950617283950617,3.629898013955985,0.026838432635534086,0.7246376811594203,0.020128824476650563,0.1610305958132045,0.08722490606548577,0.03354804079441761,,
122,5.287171229200215,36.862587224906065,5.005367686527107,10.815888352120236,21.021202361782073,12.365807836822329,3.9318303811057436,3.629898013955985,0.026838432635534086,0.7246376811594203,0.020128824476650563,0.1878690284487386,0.08722490606548577,0.03354804079441761,,
123,5.280461621041331,36.862587224906065,5.005367686527107,10.768921095008052,20.779656468062264,12.338969404186795,3.965378421900161,3.8311862587224907,0.026838432635534086,0.7514761137949544,0.020128824476650563,0.23483628556092323,0.10064412238325282,0.03354804079441761,,
124,5.293880837359098,36.808910359635,5.045625335480408,10.715244229736983,20.779656468062264,12.318840579710145,3.965378421900161,3.8311862587224907,0.026838432635534086,0.7716049382716049,0.020128824476650563,0.2885131508319914,0.10064412238325282,0.03354804079441761,,
125,5.293880837359098,36.66129898013956,5.146269457863661,10.721953837895867,20.71256038647343,12.29200214707461,3.978797638217928,3.898282340311326,0.026838432635534086,0.7716049382716049,0.020128824476650563,0.3421900161030596,0.10064412238325282,0.03354804079441761,,
126,5.253623188405797,36.2385936661299,6.159420289855072,10.185185185185185,20.71256038647343,12.278582930756844,3.978797638217928,3.898282340311326,0.026838432635534086,0.785024154589372,0.020128824476650563,0.32877079978529256,0.10064412238325282,0.03354804079441761,,
127,5.260332796564681,36.198336017176594,6.260064412238325,10.178475577026301,20.591787439613526,12.278582930756844,3.978797638217928,3.9519592055823938,0.026838432635534086,0.785024154589372,0.020128824476650563,0.33548040794417605,0.10064412238325282,0.03354804079441761,,
128,5.246913580246914,36.191626409017715,6.280193236714976,10.178475577026301,20.558239398819108,12.265163714439076,4.005636070853462,3.9855072463768115,0.026838432635534086,0.7716049382716049,0.020128824476650563,0.33548040794417605,0.10064412238325282,0.03354804079441761,,
129,5.22007514761138,36.12453032742888,6.353998926462695,10.178475577026301,20.517981749865807,12.238325281803542,4.005636070853462,4.019055287171229,0.05367686527106817,0.798443370907139,0.020128824476650563,0.33548040794417605,0.10064412238325282,0.03354804079441761,,
130,5.22007514761138,36.12453032742888,6.340579710144928,10.205314009661835,20.50456253354804,12.204777241009126,3.992216854535695,3.9989264626945786,0.05367686527106817,0.8588298443370908,0.020128824476650563,0.3421900161030596,0.10064412238325282,0.03354804079441761,,
131,5.246913580246914,36.090982286634464,6.347289318303811,10.084541062801932,20.471014492753625,12.204777241009126,4.019055287171229,4.005636070853462,0.05367686527106817,0.8588298443370908,0.020128824476650563,0.46296296296296297,0.10064412238325282,0.03354804079441761,,
132,5.246913580246914,35.77563070316693,6.655931293612453,10.077831454643048,20.44417606011809,12.184648416532475,4.019055287171229,4.032474503488996,0.05367686527106817,0.8923778851315083,0.020128824476650563,0.46296296296296297,0.10064412238325282,0.03354804079441761,,
133,5.293880837359098,35.66156736446592,6.736446591519055,10.077831454643048,20.397208803005906,12.184648416532475,4.019055287171229,4.066022544283414,0.05367686527106817,0.8923778851315083,0.020128824476650563,0.46296296296296297,0.10064412238325282,0.03354804079441761,,
134,5.267042404723564,35.547504025764894,6.877348362855609,10.050993022007514,20.377079978529252,12.171229200214707,4.03918411164788,4.066022544283414,0.05367686527106817,0.9057971014492754,0.020128824476650563,0.48980139559849706,0.10064412238325282,0.03354804079441761,,
135,5.233494363929147,32.52818035426731,7.058507783145465,10.050993022007514,19.867149758454108,12.144390767579173,7.159151905528717,4.361245303274289,0.05367686527106817,0.9192163177670424,0.020128824476650563,0.48980139559849706,0.08722490606548577,0.026838432635534086,,
136,5.260332796564681,32.48121309715513,7.105475040257649,10.050993022007514,19.79334406870639,12.117552334943639,7.159151905528717,4.408212560386473,0.05367686527106817,0.9460547504025765,0.020128824476650563,0.48980139559849706,0.08722490606548577,0.026838432635534086,,
137,5.233494363929147,32.367149758454104,7.1658615136876005,10.144927536231885,19.639023081052066,12.090713902308105,7.159151905528717,4.562533548040794,0.05367686527106817,0.9594739667203436,0.020128824476650563,0.48980139559849706,0.08722490606548577,0.026838432635534086,,
138,5.112721417069243,32.29334406870639,7.239667203435319,10.044283413848632,18.136070853462158,13.90901771336554,7.159151905528717,4.468599033816425,0.05367686527106817,0.9594739667203436,0.020128824476650563,0.48980139559849706,0.08722490606548577,0.026838432635534086,,
139,5.112721417069243,32.23966720343532,7.360440150295223,10.057702630166398,18.12265163714439,13.90901771336554,7.051798174986581,4.455179817498658,0.07380568974771873,0.9997316156736447,0.020128824476650563,0.4830917874396135,0.08722490606548577,0.026838432635534086,,
140,5.092592592592593,32.2061191626409,7.4141170155662905,10.00402576489533,18.089103596349972,13.895598497047773,7.051798174986581,4.461889425657541,0.07380568974771873,0.9997316156736447,0.020128824476650563,0.5770263016639828,0.08722490606548577,0.026838432635534086,,
141,5.112721417069243,32.15244229736983,7.4141170155662905,10.02415458937198,18.08239398819109,13.895598497047773,7.051798174986581,4.428341384863124,0.10064412238325282,1.0265700483091786,0.020128824476650563,0.5770263016639828,0.08722490606548577,0.026838432635534086,,
142,5.146269457863661,32.13231347289318,7.447665056360709,10.02415458937198,18.06226516371444,13.875469672571121,7.051798174986581,4.428341384863124,0.10064412238325282,1.0198604401502953,0.020128824476650563,0.5770263016639828,0.08722490606548577,0.026838432635534086,,
143,5.146269457863661,32.13231347289318,7.37385936661299,10.02415458937198,17.867686527106816,13.855340848094471,7.065217391304348,4.575952764358561,0.10064412238325282,1.0198604401502953,0.020128824476650563,0.5770263016639828,0.2147074610842727,0.026838432635534086,,
144,5.146269457863661,31.97799248523886,7.5281803542673105,10.02415458937198,17.807300053676865,13.862050456253355,7.065217391304348,4.62962962962963,0.10064412238325282,1.0198604401502953,0.020128824476650563,0.5770263016639828,0.2147074610842727,0.026838432635534086,,
145,5.146269457863661,31.964573268921097,7.514761137949543,10.02415458937198,17.787171229200215,13.862050456253355,7.071926999463232,4.622920021470746,0.10064412238325282,1.0064412238325282,0.04696725711218465,0.5770263016639828,0.2147074610842727,0.06038647342995169,,
146,5.132850241545894,31.407675791733762,8.152173913043478,9.98389694041868,17.767042404723565,13.83521202361782,7.1725711218464845,4.542404723564144,0.10064412238325282,1.0064412238325282,0.04696725711218465,0.5770263016639828,0.2147074610842727,0.06038647342995169,,
147,5.132850241545894,31.38083735909823,8.152173913043478,9.98389694041868,17.713365539452496,13.83521202361782,7.159151905528717,4.62962962962963,0.10064412238325282,0.9930220075147611,0.04696725711218465,0.5770263016639828,0.23483628556092323,0.06038647342995169,,
148,5.132850241545894,31.367418142780462,8.152173913043478,9.936929683306495,17.713365539452496,13.855340848094471,7.159151905528717,4.62962962962963,0.10064412238325282,1.0064412238325282,0.04696725711218465,0.6038647342995169,0.23483628556092323,0.06038647342995169,,
149,5.146269457863661,31.353998926462694,8.13875469672571,9.88996242619431,17.673107890499196,13.83521202361782,7.159151905528717,4.669887278582931,0.10064412238325282,1.0198604401502953,0.04696725711218465,0.6709608158883521,0.23483628556092323,0.06038647342995169,,
150,5.166398282340311,31.300322061191626,8.172302737520129,9.88996242619431,17.673107890499196,13.83521202361782,7.159151905528717,4.669887278582931,0.10064412238325282,1.0198604401502953,0.04696725711218465,0.6709608158883521,0.23483628556092323,0.06038647342995169,,
151,5.166398282340311,31.300322061191626,8.11862587224906,9.916800858829845,17.64626945786366,13.83521202361782,7.112184648416532,4.643048845947397,0.10735373054213634,1.0869565217391304,0.04696725711218465,0.7246376811594203,0.23483628556092323,0.06038647342995169,,
152,5.193236714975845,31.280193236714975,8.071658615136876,9.916800858829845,17.58588298443371,13.821792807300053,7.118894256575416,4.609500805152979,0.14090177133655393,1.1943102522812667,0.04696725711218465,0.7246376811594203,0.23483628556092323,0.06038647342995169,,
153,5.213365539452496,31.159420289855074,8.11862587224906,9.970477724100913,17.559044551798173,13.79495437466452,7.118894256575416,4.636339237788513,0.14090177133655393,1.221148684916801,0.04696725711218465,0.7246376811594203,0.23483628556092323,0.06038647342995169,,
154,5.2066559312936125,31.07890499194847,8.13875469672571,9.903381642512077,17.559044551798173,13.79495437466452,7.105475040257649,4.64975845410628,0.14090177133655393,1.221148684916801,0.04696725711218465,0.8185721953837896,0.24825550187869028,0.08722490606548577,,
155,5.2066559312936125,31.04535695115405,8.360171765968868,9.836285560923242,17.438271604938272,13.761406333870102,7.159151905528717,4.5960815888352125,0.14090177133655393,1.2010198604401503,0.04696725711218465,0.8722490606548577,0.24825550187869028,0.08722490606548577,,
156,4.602791196994096,26.187600644122384,7.816693505099302,9.762479871175524,16.760601180891037,23.832528180354267,4.139828234031133,4.374664519592056,0.10064412238325282,1.1137949543746646,0.04696725711218465,0.9259259259259259,0.24825550187869028,0.08722490606548577,,
157,4.609500805152979,26.174181427804616,7.816693505099302,9.77589908749329,16.76731078904992,23.792270531400966,4.139828234031133,4.374664519592056,0.08722490606548577,1.1540526033279657,0.04696725711218465,0.9259259259259259,0.24825550187869028,0.08722490606548577,,
158,4.622920021470746,26.02657004830918,7.615405260332796,8.776167471819646,16.740472356414386,23.765432098765434,4.260601180891036,5.407944176060118,0.19457863660762212,1.1674718196457328,0.04696725711218465,1.0399892646269457,0.24825550187869028,0.08722490606548577,,
159,4.636339237788513,25.959473966720342,7.628824476650563,8.816425120772946,16.70692431561997,23.765432098765434,4.260601180891036,5.441492216854535,0.19457863660762212,1.1674718196457328,0.04696725711218465,1.0399892646269457,0.24825550187869028,0.08722490606548577,,
160,4.609500805152979,25.85882984433709,7.702630166398282,8.789586688137414,16.686795491143318,23.765432098765434,4.260601180891036,5.448201825013419,0.23483628556092323,1.1674718196457328,0.04696725711218465,1.093666129898014,0.24825550187869028,0.08722490606548577,,
161,4.656468062265164,25.83870101986044,7.682501341921632,8.789586688137414,16.6532474503489,23.47691894793344,4.260601180891036,5.495169082125604,0.23483628556092323,1.4358561460010735,0.04696725711218465,1.093666129898014,0.24825550187869028,0.08722490606548577,,
162,4.64975845410628,25.684380032206118,7.843531937734836,8.789586688137414,16.532474503488995,23.47691894793344,4.274020397208803,5.60252281266774,0.23483628556092323,1.4358561460010735,0.04696725711218465,1.093666129898014,0.24825550187869028,0.08722490606548577,,
163,4.676596886741814,25.697799248523886,7.856951154052603,8.662104133118627,16.445249597423512,23.45679012345679,4.280730005367687,5.656199677938808,0.23483628556092323,1.442565754159957,0.04696725711218465,1.2077294685990339,0.24825550187869028,0.08722490606548577,,
164,4.683306494900698,25.623993558776167,7.930756843800322,8.628556092324208,16.445249597423512,23.423242082662373,4.280730005367687,5.649490069779925,0.23483628556092323,1.4761137949543746,0.04696725711218465,1.2412775093934514,0.24825550187869028,0.08722490606548577,,
165,4.64975845410628,25.623993558776167,7.944176060118089,8.588298443370908,16.42512077294686,20.88030059044552,7.2933440687063875,5.535426731078905,0.23483628556092323,1.1943102522812667,0.04696725711218465,1.247987117552335,0.24825550187869028,0.08722490606548577,,
166,4.64975845410628,25.563607085346217,7.991143317230274,8.588298443370908,16.391572732152444,20.853462157809982,7.313472893183038,5.562265163714439,0.23483628556092323,1.221148684916801,0.04696725711218465,1.247987117552335,0.24825550187869028,0.08722490606548577,,
167,4.676596886741814,25.55018786902845,7.977724100912507,8.588298443370908,16.391572732152444,20.840042941492218,7.313472893183038,5.562265163714439,0.23483628556092323,1.221148684916801,0.04696725711218465,1.261406333870102,0.24825550187869028,0.08722490606548577,,
168,4.676596886741814,25.355609232420825,8.024691358024691,8.561460010735374,16.364734299516908,20.679012345679013,7.333601717659689,5.864197530864198,0.23483628556092323,1.2345679012345678,0.04696725711218465,1.288244766505636,0.24825550187869028,0.08722490606548577,,
169,4.690016103059581,25.248255501878692,8.13875469672571,8.561460010735374,16.35131508319914,20.679012345679013,7.326892109500805,5.864197530864198,0.23483628556092323,1.2345679012345678,0.04696725711218465,1.288244766505636,0.24825550187869028,0.08722490606548577,,
170,4.696725711218465,25.248255501878692,8.13875469672571,8.548040794417606,16.35131508319914,20.585077831454644,7.326892109500805,5.864197530864198,0.23483628556092323,1.3217928073000538,0.04696725711218465,1.3016639828234031,0.24825550187869028,0.08722490606548577,,
171,4.74369296833065,25.181159420289855,8.165593129361245,8.641975308641975,16.29092860976919,20.40391841116479,7.185990338164252,6.052066559312936,0.23483628556092323,1.3821792807300053,0.04696725711218465,1.3352120236178207,0.24825550187869028,0.08722490606548577,,
172,4.770531400966184,25.13419216317767,8.192431561996779,8.641975308641975,16.264090177133657,20.29656468062265,7.185990338164252,6.072195383789587,0.23483628556092323,1.4895330112721417,0.04696725711218465,1.3352120236178207,0.24825550187869028,0.08722490606548577,,
173,4.770531400966184,25.033548040794418,8.21256038647343,8.601717659688674,16.243961352657006,20.26972624798712,7.246376811594203,6.152710681696189,0.23483628556092323,1.5096618357487923,0.04696725711218465,1.3419216317767042,0.24825550187869028,0.08722490606548577,,
174,4.7638217928073,24.84567901234568,8.407139023081053,8.581588835212024,16.21712292002147,20.25630703166935,7.239667203435319,6.179549114331723,0.23483628556092323,1.5230810520665594,0.04696725711218465,1.3620504562533549,0.2549651100375738,0.08722490606548577,,
175,4.7638217928073,24.825550187869027,8.387010198604402,8.59500805152979,16.21712292002147,20.25630703166935,7.206119162640902,6.226516371443908,0.24825550187869028,1.5230810520665594,0.04696725711218465,1.3620504562533549,0.2549651100375738,0.08722490606548577,,
176,4.7638217928073,24.785292538915726,8.427267847557703,8.548040794417606,16.21712292002147,20.249597423510465,7.219538378958669,6.213097155126141,0.24825550187869028,1.5297906602254427,0.04696725711218465,1.4090177133655395,0.2549651100375738,0.08722490606548577,,
177,4.783950617283951,24.731615673644658,9.480676328502415,8.548040794417606,16.0426731078905,19.276704240472355,7.192699946323135,6.347289318303811,0.24825550187869028,1.5499194847020934,0.04696725711218465,1.4090177133655395,0.2549651100375738,0.08722490606548577,,
178,4.783950617283951,24.664519592055825,9.480676328502415,8.548040794417606,16.035963499731615,19.0552871712292,7.25979602791197,6.622383252818035,0.24825550187869028,1.570048309178744,0.04696725711218465,1.4090177133655395,0.1878690284487386,0.08722490606548577,,
179,4.797369833601718,24.664519592055825,9.440418679549115,8.55475040257649,16.029253891572733,19.048577563070317,7.246376811594203,6.629092860976919,0.24825550187869028,1.570048309178744,0.04696725711218465,1.42914653784219,0.20799785292538917,0.08722490606548577,,
180,4.777241009125067,24.61755233494364,9.46725711218465,8.514492753623188,16.029253891572733,18.9345142243693,7.246376811594203,6.649221685453569,0.24825550187869028,1.710950080515298,0.04696725711218465,1.4626945786366077,0.20799785292538917,0.08722490606548577,,
181,4.750402576489533,24.40955448201825,8.722490606548577,8.413848631239935,15.861513687600644,20.115405260332796,7.1658615136876005,6.716317767042405,0.24825550187869028,1.6035963499731616,0.04696725711218465,1.5767579173376274,0.28180354267310787,0.08722490606548577,,
182,4.74369296833065,24.342458400429415,8.749329039184111,8.400429414922169,15.83467525496511,20.108695652173914,7.226247987117552,6.709608158883521,0.24825550187869028,1.6035963499731616,0.04696725711218465,1.6103059581320451,0.3153515834675255,0.06038647342995169,,
