,45,50,51,55,52,53,54,57,58,60,56,59,62,61,46,47
0,99.73832528180354,0.2616747181964573,,,,,,,,,,,,,,
1,99.37600644122384,0.6239935587761675,,,,,,,,,,,,,,
2,98.90633387010199,1.06682769726248,0.026838432635534086,,,,,,,,,,,,,
3,82.55501878690285,17.337627482555018,0.026838432635534086,0.08051529790660225,,,,,,,,,,,,
4,82.21953837895867,17.612721417069242,0.026838432635534086,0.14090177133655393,,,,,,,,,,,,
5,78.11996779388083,21.531132581857218,0.026838432635534086,0.15432098765432098,0.16774020397208803,,,,,,,,,,,
6,73.43666129898014,26.147342995169083,0.03354804079441761,0.2281266774020397,0.15432098765432098,,,,,,,,,,,
7,59.48067632850242,39.982555018786904,0.06038647342995169,0.322061191626409,0.15432098765432098,,,,,,,,,,,
8,59.4068706387547,39.18411164787977,0.06038647342995169,1.1876006441223832,0.1610305958132045,,,,,,,,,,,
9,58.74932903918411,39.76784755770263,0.06038647342995169,1.261406333870102,0.1610305958132045,,,,,,,,,,,
10,55.401234567901234,40.371712292002144,0.05367686527106817,0.6172839506172839,0.1610305958132045,3.260869565217391,0.03354804079441761,0.026838432635534086,0.07380568974771873,,,,,,,
11,55.22678475577026,40.24422973698336,0.05367686527106817,0.7313472893183038,0.1610305958132045,3.280998389694042,0.17444981213097155,0.05367686527106817,0.07380568974771873,,,,,,,
12,55.12614063338701,40.21068169618894,0.05367686527106817,0.8655394524959742,0.1610305958132045,3.280998389694042,0.17444981213097155,0.05367686527106817,0.07380568974771873,,,,,,,
13,25.40257648953301,52.885131508319915,,1.247987117552335,13.81508319914117,3.294417606011809,3.207192699946323,0.06038647342995169,0.07380568974771873,0.013419216317767043,,,,,,
14,22.832796564680624,55.34084809447128,,1.3687600644122384,13.747987117552334,3.294417606011809,3.207192699946323,0.12077294685990338,0.07380568974771873,0.013419216317767043,,,,,,
15,22.705314009661837,54.78395061728395,,1.482823403113258,13.6808910359635,3.0730005367686526,4.012345679012346,0.16774020397208803,0.040257648953301126,0.013419216317767043,0.040257648953301126,,,,,
16,22.302737520128826,52.72410091250671,0.9326355340848095,3.770799785292539,12.553676865271068,3.099838969404187,4.045893719806763,0.46296296296296297,0.040257648953301126,0.026838432635534086,0.040257648953301126,,,,,
17,22.25577026301664,52.67042404723564,0.9326355340848095,3.8177670424047236,12.553676865271068,3.099838969404187,4.045893719806763,0.4830917874396135,0.040257648953301126,0.06038647342995169,0.040257648953301126,,,,,
18,22.19538378958669,51.61701556629093,0.9326355340848095,3.9184111647879765,12.580515297906603,4.019055287171229,4.045893719806763,0.4830917874396135,0.040257648953301126,0.08722490606548577,0.08051529790660225,,,,,
19,22.054482018250134,51.308373590982285,0.9326355340848095,4.367954911433173,12.4597423510467,3.978797638217928,4.025764895330113,0.6038647342995169,0.08051529790660225,0.10735373054213634,0.08051529790660225,,,,,
20,20.8870101986044,45.6857219538379,11.735104669887278,4.435050993022007,12.915995705850777,0.3153515834675255,3.2206119162640903,0.6105743424584005,,0.10735373054213634,0.08722490606548577,,,,,
21,20.075147611379496,46.423778851315085,11.694847020933977,4.508856682769726,12.855609232420827,0.30193236714975846,3.2206119162640903,0.644122383252818,,0.10735373054213634,0.16774020397208803,,,,,
22,20.041599570585078,46.256038647343,11.654589371980677,4.690016103059581,12.761674718196458,0.322061191626409,3.240740740740741,0.7380568974771873,,0.10735373054213634,0.1878690284487386,,,,,
23,20.041599570585078,46.061460010735374,11.621041331186259,4.53569511540526,12.681159420289855,0.322061191626409,3.515834675254965,0.8051529790660226,,0.10735373054213634,0.2214170692431562,0.08722490606548577,,,,
24,19.994632313472895,45.91384863123994,11.533816425120772,4.690016103059581,12.674449812130971,0.3488996242619431,3.5091250670960816,0.8319914117015567,,0.10735373054213634,0.28180354267310787,0.11406333870101985,,,,
25,19.961084272678477,45.28314546430489,11.426462694578637,5.233494363929147,12.647611379495437,0.39586688137412773,3.502415458937198,0.8588298443370908,,0.1878690284487386,0.38915727321524424,0.11406333870101985,,,,
26,19.94766505636071,45.09527643585615,11.332528180354267,5.394524959742351,12.661030595813205,0.39586688137412773,3.488996242619431,0.8722490606548577,,0.2214170692431562,0.47638217928073,0.11406333870101985,,,,
27,19.940955448201827,44.80005367686527,11.258722490606548,5.6964573268921095,12.661030595813205,0.41599570585077833,3.488996242619431,0.8722490606548577,,0.2147074610842727,0.5367686527106817,0.11406333870101985,,,,
28,19.826892109500804,44.477992485238865,11.231884057971014,6.031937734836285,12.352388620504563,0.5300590445517982,3.5091250670960816,1.1808910359634996,,0.2147074610842727,0.5300590445517982,0.11406333870101985,,,,
29,19.444444444444443,44.806763285024154,11.211755233494364,6.0587761674718195,12.31213097155126,0.5300590445517982,3.5091250670960816,1.1876006441223832,,0.2147074610842727,0.5703166935050993,0.14761137949543746,0.0067096081588835215,,,
30,18.887546967257112,44.337090713902306,11.151368760064413,6.038647342995169,10.23215244229737,0.5568974771873323,6.78341384863124,1.0601180891035964,,0.2147074610842727,0.5837359098228664,0.14761137949543746,0.0067096081588835215,,,
31,18.51851851851852,42.81400966183575,9.903381642512077,6.112453032742888,12.593934514224369,0.4294149221685454,7.648953301127214,1.0869565217391304,,0.2147074610842727,0.5233494363929146,0.14761137949543746,0.0067096081588835215,,,
32,18.075684380032207,40.13016639828234,11.936392914653783,5.810520665593129,11.936392914653783,0.47638217928073,9.50751476113795,1.1003757380568975,,0.24825550187869028,0.6105743424584005,0.14761137949543746,0.020128824476650563,,,
33,18.08239398819109,39.96913580246913,11.869296833064949,5.971551261406334,11.929683306494901,0.5099302200751477,9.50751476113795,1.1003757380568975,,0.24825550187869028,0.644122383252818,0.14761137949543746,0.020128824476650563,,,
34,18.04884594739667,39.801395598497045,11.849168008588299,6.005099302200751,11.929683306494901,0.5099302200751477,9.648416532474503,1.1003757380568975,,0.24825550187869028,0.6910896403650026,0.14761137949543746,0.020128824476650563,,,
35,13.506441223832528,45.7259796027912,11.748523886205046,5.917874396135265,11.634460547504025,0.5434782608695652,8.266237251744498,1.0802469135802468,,0.28180354267310787,1.1272141706924315,0.14761137949543746,0.020128824476650563,,,
36,12.989801395598498,45.148953301127214,12.25174449812131,5.9447128287707995,11.802200751476114,0.5434782608695652,8.487654320987655,1.1808910359634996,,0.28180354267310787,1.1607622114868492,0.1878690284487386,0.020128824476650563,,,
37,9.903381642512077,38.466183574879224,22.65834675254965,5.394524959742351,12.298711755233494,0.36902844873859364,8.024691358024691,1.2144390767579174,0.03354804079441761,0.2885131508319914,1.1607622114868492,0.17444981213097155,0.013419216317767043,,,
38,9.923510466988727,38.39237788513151,22.644927536231883,5.448201825013419,12.265163714439076,0.38915727321524424,8.004562533548041,1.2010198604401503,0.03354804079441761,0.30864197530864196,1.1607622114868492,0.17444981213097155,0.013419216317767043,0.040257648953301126,,
39,9.930220075147611,38.30515297906602,22.20209339774557,5.864197530864198,12.245034889962426,0.4025764895330113,8.038110574342458,1.2345679012345678,0.03354804079441761,0.30193236714975846,1.2144390767579174,0.17444981213097155,0.013419216317767043,0.040257648953301126,,
40,9.883252818035427,36.95652173913044,22.16183574879227,5.750134192163178,11.66129898013956,0.3757380568974772,10.171765968867419,1.2412775093934514,0.03354804079441761,0.2952227589908749,1.2412775093934514,0.17444981213097155,0.013419216317767043,0.040257648953301126,,
41,9.896672034353195,36.75523349436393,21.886741814278047,6.179549114331723,11.688137412775093,0.36231884057971014,10.171765968867419,1.2412775093934514,0.03354804079441761,0.2952227589908749,1.261406333870102,0.17444981213097155,0.013419216317767043,0.040257648953301126,,
42,9.842995169082126,36.30568974771873,21.81964573268921,6.5485775630703165,11.60762211486849,0.644122383252818,10.138217928073,1.2412775093934514,0.03354804079441761,0.32877079978529256,1.261406333870102,0.17444981213097155,0.013419216317767043,0.040257648953301126,,
43,9.842995169082126,36.2788513150832,21.66532474503489,6.622383252818035,11.60762211486849,0.630703166935051,10.084541062801932,1.3016639828234031,0.03354804079441761,0.3488996242619431,1.328502415458937,0.20128824476650564,0.013419216317767043,0.040257648953301126,,
44,9.688674181427805,30.96484165324745,18.5654857756307,6.333870101986044,15.311325818572195,4.435050993022007,11.701556629092861,1.3352120236178207,0.040257648953301126,0.35560923242082665,0.9997316156736447,0.2147074610842727,0.013419216317767043,0.040257648953301126,,
45,9.688674181427805,30.95813204508857,18.5654857756307,6.327160493827161,15.297906602254429,4.435050993022007,11.668008588298443,1.3486312399355878,0.040257648953301126,0.36902844873859364,0.9997316156736447,0.24825550187869028,0.013419216317767043,0.040257648953301126,,
46,8.601717659688674,28.012614063338702,18.914385399892645,8.038110574342458,15.277777777777779,6.374127750939345,11.614331723027375,1.3620504562533549,0.08051529790660225,0.36902844873859364,1.0332796564680622,0.2683843263553409,0.013419216317767043,0.040257648953301126,,
47,8.608427267847558,28.026033279656467,18.840579710144926,8.011272141706923,15.277777777777779,6.374127750939345,11.58749329039184,1.3888888888888888,0.10064412238325282,0.3824476650563607,1.0534084809447128,0.2952227589908749,0.013419216317767043,0.040257648953301126,,
48,8.628556092324208,28.012614063338702,18.800322061191626,8.038110574342458,14.667203435319378,6.374127750939345,11.594202898550725,1.2278582930756843,0.15432098765432098,0.3824476650563607,1.8048845947396672,0.27509393451422437,,0.040257648953301126,,
49,8.353462157809984,27.61003757380569,18.753354804079443,8.071658615136876,10.171765968867419,12.99651100375738,11.446591519055287,0.7380568974771873,0.1610305958132045,0.41599570585077833,1.0064412238325282,0.27509393451422437,,,,
50,8.252818035426731,27.046430488459475,18.61916264090177,8.091787439613526,9.762479871175524,12.842190016103059,12.097423510466989,0.7648953301127214,0.3153515834675255,0.47638217928073,1.3955984970477724,0.33548040794417605,,,,
51,7.971014492753623,26.972624798711756,19.162640901771336,8.132045088566828,9.628287707997853,12.714707461084272,12.110842726784755,0.7783145464304885,0.32877079978529256,0.47638217928073,1.3754696725711217,0.3488996242619431,,,,
52,7.96430488459474,26.7914653784219,19.135802469135804,8.3064949006978,9.433709071390231,12.614063338701019,12.198067632850242,0.9930220075147611,0.3488996242619431,0.5099302200751477,1.3553408480944713,0.3488996242619431,,,,
53,8.024691358024691,26.516371443907676,18.679549114331724,8.474235104669887,9.400161030595813,12.593934514224369,12.775093934514224,1.0131508319914118,0.3488996242619431,0.4428341384863124,1.3553408480944713,0.3757380568974772,,,,
54,8.031400966183575,26.48953301127214,18.679549114331724,8.487654320987655,9.205582393988191,13.801663982823403,11.75523349436393,1.0332796564680622,0.43612453032742887,0.3824476650563607,1.3553408480944713,0.3421900161030596,,,,
55,7.997852925389157,24.516908212560388,18.283682232957595,8.427267847557703,9.178743961352657,16.109769189479334,11.75523349436393,1.0802469135802468,0.5032206119162641,0.3824476650563607,1.4224369296833066,0.3421900161030596,,,,
56,7.96430488459474,24.4699409554482,18.283682232957595,8.387010198604402,9.118357487922705,16.13660762211487,11.453301127214171,1.1137949543746646,0.5099302200751477,0.3824476650563607,1.8384326355340848,0.3421900161030596,,,,
57,5.797101449275362,12.265163714439076,43.853998926462694,5.904455179817498,5.293880837359098,15.827965646806227,7.219538378958669,0.7045088566827697,0.46296296296296297,0.2147074610842727,2.1403650026838434,0.3153515834675255,,,,
58,5.837359098228664,12.00348899624262,41.55931293612453,5.850778314546431,5.246913580246914,15.801127214170693,9.71551261406334,0.7581857219538379,0.46296296296296297,0.2147074610842727,2.1739130434782608,0.3757380568974772,,,,
59,5.669618894256575,11.808910359634996,41.38486312399356,5.891035963499732,7.152442297369833,15.713902308105206,8.125335480407944,0.7648953301127214,0.5434782608695652,0.19457863660762212,2.3349436392914655,0.41599570585077833,,,,
60,5.689747718733226,11.721685453569512,41.243961352657,5.971551261406334,7.1658615136876005,15.465646806226516,8.11862587224906,1.0802469135802468,0.5904455179817498,0.19457863660762212,2.341653247450349,0.41599570585077833,,,,
61,5.723295759527644,11.688137412775093,40.955448201825014,6.025228126677402,7.071926999463232,15.35829307568438,8.11862587224906,1.1808910359634996,0.6776704240472357,0.19457863660762212,2.5966183574879227,0.4092860976918948,,,,
62,5.756843800322061,11.2788513150832,40.465646806226516,6.125872249060655,8.984165324745035,14.110305958132045,8.158883521202362,1.2077294685990339,0.6776704240472357,0.19457863660762212,2.6301663982823404,0.4092860976918948,,,,
63,5.770263016639828,10.789049919484702,39.58668813741278,6.018518518518518,12.332259796027913,12.084004294149223,8.165593129361245,1.1943102522812667,0.6172839506172839,0.2281266774020397,2.804616210413312,0.4092860976918948,,,,
64,5.790391841116479,10.789049919484702,39.55314009661836,6.011808910359635,12.318840579710145,12.084004294149223,8.125335480407944,1.1943102522812667,0.6172839506172839,0.2616747181964573,2.804616210413312,0.4495437466451959,,,,
65,5.776972624798712,10.715244229736983,37.92270531400966,6.031937734836285,14.103596349973161,11.896135265700483,8.3467525496511,1.1808910359634996,0.5971551261406334,0.2616747181964573,2.657004830917874,0.5099302200751477,,,,
66,5.743424584004294,10.7085346215781,37.69457863660762,6.199677938808374,14.056629092860977,11.862587224906065,8.360171765968868,1.2278582930756843,0.630703166935051,0.2616747181964573,2.7442297369833604,0.5099302200751477,,,,
67,5.756843800322061,10.648148148148149,37.69457863660762,6.260064412238325,13.855340848094471,11.842458400429415,8.521202361782072,1.2748255501878691,0.630703166935051,0.2616747181964573,2.7442297369833604,0.5099302200751477,,,,
68,5.501878690284487,10.285829307568438,37.567096081588836,6.226516371443908,14.231078904991948,11.741814278046162,8.541331186258722,1.6304347826086956,0.7246376811594203,0.2616747181964573,2.7777777777777777,0.5099302200751477,,,,
69,5.448201825013419,9.863123993558776,35.990338164251206,6.125872249060655,13.654052603327965,11.533816425120772,11.325818572195384,1.6304347826086956,0.7380568974771873,0.2885131508319914,2.885131508319914,0.5166398282340311,,,,
70,5.407944176060118,9.762479871175524,35.339506172839506,6.219806763285024,13.077026301663983,14.492753623188406,9.936929683306495,1.5163714439076759,0.7045088566827697,0.20128824476650564,2.8381642512077296,0.5032206119162641,,,,
71,5.186527106816962,9.695383789586689,34.648416532474506,6.595544820182502,14.123725174449811,14.197530864197532,9.990606548577563,1.2412775093934514,0.7313472893183038,0.2147074610842727,2.85829307568438,0.5166398282340311,,,,
72,5.260332796564681,9.66183574879227,34.346484165324746,6.5552871712292005,14.163982823403114,14.257917337627482,10.064412238325282,1.261406333870102,0.7179280730005367,0.2147074610842727,2.945517981749866,0.5501878690284487,,,,
73,5.267042404723564,9.648416532474503,34.25925925925926,6.246645195920558,14.076757917337627,14.63365539452496,10.037573805689748,1.3352120236178207,0.7514761137949544,0.2147074610842727,3.012614063338701,0.5166398282340311,,,,
74,5.273752012882448,9.64170692431562,33.62855609232421,6.541867954911433,14.103596349973161,15.405260332796564,9.494095544820183,1.3083735909822867,0.7783145464304885,0.2147074610842727,3.0730005367686526,0.5367686527106817,,,,
75,5.267042404723564,9.668545356951155,33.55475040257649,6.541867954911433,14.049919484702093,15.203972088030058,9.5276435856146,1.3955984970477724,0.8923778851315083,0.2147074610842727,3.1468062265163717,0.5367686527106817,,,,
76,5.260332796564681,9.648416532474503,33.41384863123994,6.635802469135802,13.942565754159958,15.170424047235642,9.366612989801396,1.3754696725711217,0.9594739667203436,0.2147074610842727,3.3279656468062266,0.6843800322061192,,,,
77,5.307300053676865,9.608158883521202,33.2662372517445,6.635802469135802,13.92914653784219,15.136876006441224,9.339774557165862,1.402308105206656,0.9594739667203436,0.2147074610842727,3.488996242619431,0.7112184648416533,,,,
78,5.3274288781535155,9.41358024691358,34.648416532474506,6.729736983360172,13.110574342458401,14.506172839506172,9.326355340848094,1.415727321524423,1.0198604401502953,0.2147074610842727,3.589640365002684,0.6977992485238862,,,,
79,5.35426731078905,9.044551798174986,34.17874396135266,7.50805152979066,13.077026301663983,14.432367149758454,9.380032206119163,1.4492753623188406,1.0131508319914118,0.2147074610842727,3.6500268384326353,0.6977992485238862,,,,
80,5.152979066022544,9.044551798174986,33.272946859903385,7.340311325818572,13.023349436392914,15.042941492216855,9.386741814278047,1.4694041867954912,1.0466988727858293,0.2147074610842727,4.280730005367687,0.7246376811594203,,,,
81,5.139559849704777,9.037842190016104,33.10520665593129,7.669082125603865,12.97638217928073,14.78797638217928,9.23913043478261,1.5029522275899088,1.0802469135802468,0.20128824476650564,4.4753086419753085,0.785024154589372,,,,
82,5.059044551798175,9.03113258185722,31.179549114331724,9.702093397745571,12.808641975308642,14.479334406870638,9.668545356951155,1.6438539989264627,1.0601180891035964,0.2281266774020397,4.320987654320987,0.8051529790660226,0.013419216317767043,,,
83,5.072463768115942,9.03113258185722,31.112453032742888,9.675254965110037,12.761674718196458,14.51959205582394,9.722222222222221,1.6908212560386473,1.0466988727858293,0.2281266774020397,4.30756843800322,0.8051529790660226,0.013419216317767043,0.013419216317767043,,
84,4.998658078368224,8.829844337090714,29.898013955984972,9.695383789586689,12.922705314009661,16.056092324208265,9.460547504025765,1.724369296833065,1.0735373054213635,0.2281266774020397,4.280730005367687,0.8051529790660226,0.013419216317767043,0.013419216317767043,,
85,5.018786902844874,8.829844337090714,29.817498658078367,9.695383789586689,12.694578636607622,16.049382716049383,9.380032206119163,1.8719806763285025,1.0735373054213635,0.2616747181964573,4.4753086419753085,0.8051529790660226,0.013419216317767043,0.013419216317767043,,
86,4.87788513150832,8.796296296296296,30.22007514761138,9.608158883521202,12.446323134728932,15.888352120236178,9.514224369296834,1.9122383252818036,1.1540526033279657,0.23483628556092323,4.51556629092861,0.8051529790660226,0.013419216317767043,0.013419216317767043,,
87,4.884594739667204,8.796296296296296,30.14626945786366,9.628287707997853,12.426194310252281,15.83467525496511,9.54777241009125,1.9122383252818036,1.1943102522812667,0.23483628556092323,4.562533548040794,0.8051529790660226,0.013419216317767043,0.013419216317767043,,
88,4.898013955984971,8.735909822866345,29.408212560386474,10.413311862587225,12.399355877616747,15.794417606011809,9.514224369296834,1.8853998926462694,1.2345679012345678,0.24825550187869028,4.609500805152979,0.8118625872249061,0.013419216317767043,0.03354804079441761,,
89,4.951690821256038,8.702361782071927,29.17337627482555,10.48040794417606,12.385936661298981,15.72061191626409,9.500805152979066,1.8719806763285025,1.288244766505636,0.24825550187869028,4.817498658078368,0.8118625872249061,0.013419216317767043,0.03354804079441761,,
90,4.944981213097155,8.702361782071927,29.17337627482555,10.453569511540525,12.372517444981213,15.70048309178744,9.520933977455716,1.8988191089640365,1.3083735909822867,0.24825550187869028,4.790660225442834,0.8051529790660226,0.013419216317767043,0.06709608158883522,,
91,4.9718196457326895,8.675523349436393,28.428609769189478,10.373054213633925,14.110305958132045,14.915458937198068,9.453837895866881,1.710950080515298,1.3553408480944713,0.2616747181964573,4.85775630703167,0.8118625872249061,0.0067096081588835215,0.06709608158883522,,
92,4.998658078368224,8.662104133118627,28.348094471282877,10.379763821792807,13.902308105206655,14.875201288244767,9.41358024691358,1.892109500805153,1.3955984970477724,0.2885131508319914,4.898013955984971,0.8722490606548577,0.0067096081588835215,0.06709608158883522,,
93,4.918142780461621,8.541331186258722,27.68384326355341,9.50751476113795,13.801663982823403,17.062533548040793,8.964036500268385,2.01959205582394,1.442565754159957,0.24154589371980675,4.904723564143854,0.8387010198604401,0.0067096081588835215,0.06709608158883522,,
94,4.938271604938271,8.152173913043478,27.603327965646805,9.192163177670425,13.768115942028986,17.062533548040793,9.66183574879227,2.0933977455716586,1.402308105206656,0.24154589371980675,4.958400429414922,0.8521202361782072,0.0067096081588835215,0.06709608158883522,,
95,4.958400429414922,8.125335480407944,26.878690284487387,9.192163177670425,13.741277509393452,17.082662372517444,9.64170692431562,2.0933977455716586,1.4224369296833066,0.24154589371980675,5.656199677938808,0.8521202361782072,0.0067096081588835215,0.10735373054213634,,
96,4.951690821256038,8.145464304884594,27.891841116478798,9.286097691894794,13.526570048309178,15.868223295759528,9.621578099838969,2.0665593129361244,1.4224369296833066,0.24825550187869028,5.984970477724101,0.8454106280193237,0.0067096081588835215,0.13419216317767044,,
97,4.978529253891573,7.85024154589372,27.730810520665592,9.46725711218465,13.539989264626946,16.210413311862588,9.480676328502415,2.0665593129361244,1.4090177133655395,0.24825550187869028,6.085614600107354,0.7783145464304885,0.0067096081588835215,0.14761137949543746,,
98,5.025496511003757,7.7898550724637685,27.70397208803006,9.500805152979066,13.539989264626946,16.19699409554482,9.520933977455716,2.046430488459474,1.4090177133655395,0.24825550187869028,6.085614600107354,0.7783145464304885,0.0067096081588835215,0.14761137949543746,,
99,4.985238862050457,7.7898550724637685,35.547504025764894,9.198872785829307,8.494363929146537,14.935587761674718,9.024422973698336,1.596886741814278,1.288244766505636,0.23483628556092323,5.9514224369296835,0.7447665056360708,0.0067096081588835215,0.20128824476650564,,
100,5.032206119162641,7.769726247987117,35.44015029522276,9.41358024691358,8.266237251744498,14.848362855609233,9.017713365539452,1.6371443907675791,1.3486312399355878,0.23483628556092323,6.018518518518518,0.7648953301127214,0.0067096081588835215,0.20128824476650564,,
101,4.072732152442297,7.434245840042942,37.05716586151369,9.31964573268921,8.172302737520129,14.848362855609233,9.017713365539452,1.6371443907675791,1.3486312399355878,0.23483628556092323,5.864197530864198,0.7514761137949544,0.0067096081588835215,0.23483628556092323,,
102,4.086151368760064,7.434245840042942,36.983360171765966,9.31964573268921,8.172302737520129,14.841653247450349,9.064680622651638,1.6371443907675791,1.3419216317767042,0.23483628556092323,5.877616747181965,0.7648953301127214,0.0067096081588835215,0.23483628556092323,,
103,4.086151368760064,7.434245840042942,36.922973698336016,9.312936124530328,8.172302737520129,14.801395598497047,9.064680622651638,1.6371443907675791,1.3821792807300053,0.23483628556092323,5.938003220611916,0.7648953301127214,0.0067096081588835215,0.24154589371980675,,
104,4.1129898013955986,7.4141170155662905,36.782071926999464,9.426999463231347,8.165593129361245,14.80810520665593,9.057971014492754,1.6639828234031133,1.3821792807300053,0.23483628556092323,5.931293612453032,0.7716049382716049,0.0067096081588835215,0.24154589371980675,,
105,4.092860976918948,6.951154052603328,36.2385936661299,8.957326892109501,10.352925389157273,14.734299516908212,8.641975308641975,1.6035963499731616,1.402308105206656,0.23483628556092323,5.83064949006978,0.7246376811594203,0.0067096081588835215,0.2281266774020397,,
106,4.106280193236715,6.951154052603328,36.171497584541065,8.943907675791733,10.326086956521738,14.096886741814279,8.628556092324208,1.6237251744498122,1.4224369296833066,0.23483628556092323,6.515029522275899,0.7447665056360708,0.0067096081588835215,0.2281266774020397,,
107,4.119699409554482,6.9310252281266775,35.607890499194845,9.480676328502415,10.560923242082662,14.170692431561998,8.480944712828771,1.6304347826086956,1.415727321524423,0.23483628556092323,6.400966183574879,0.7313472893183038,0.0067096081588835215,0.2281266774020397,,
108,4.079441760601181,6.843800322061192,34.56119162640902,9.353193773483628,9.453837895866881,16.700214707461082,8.420558239398819,1.5901771336553945,1.3821792807300053,0.2616747181964573,6.374127750939345,0.7447665056360708,0.0067096081588835215,0.2281266774020397,,
109,4.092860976918948,6.843800322061192,34.45383789586688,9.333064949006978,9.433709071390231,16.25067096081589,8.78287707997853,1.7310789049919484,1.3687600644122384,0.2616747181964573,6.427804616210413,0.7917337627482555,0.0067096081588835215,0.2214170692431562,,
110,4.126409017713366,6.837090713902308,34.4068706387547,9.353193773483628,9.400161030595813,16.190284487385938,8.789586688137414,1.7914653784219001,1.3553408480944713,0.2616747181964573,6.468062265163715,0.7917337627482555,0.0067096081588835215,0.2214170692431562,,
111,4.119699409554482,6.796833064949007,34.286097691894796,9.353193773483628,9.400161030595813,15.94873859366613,8.789586688137414,2.13365539452496,1.3486312399355878,0.2616747181964573,6.508319914117015,0.7917337627482555,0.0067096081588835215,0.2549651100375738,,
112,4.079441760601181,6.769994632313473,34.084809447128286,9.608158883521202,9.333064949006978,15.801127214170693,8.950617283950617,2.1806226516371443,1.3687600644122384,0.23483628556092323,6.535158346752549,0.7917337627482555,0.0067096081588835215,0.2549651100375738,,
113,4.0995705850778315,6.749865807836822,33.93048845947396,9.634997316156737,9.359903381642512,15.814546430488459,8.950617283950617,2.1806226516371443,1.3687600644122384,0.24825550187869028,6.595544820182502,0.7917337627482555,0.0067096081588835215,0.2683843263553409,,
114,4.05931293612453,6.615673644659152,33.662104133118625,10.02415458937198,9.326355340848094,15.774288781535159,9.138486312399356,2.1739130434782608,1.3553408480944713,0.24825550187869028,6.5485775630703165,0.798443370907139,0.0067096081588835215,0.2683843263553409,,
115,4.066022544283414,6.608964036500268,33.541331186258724,10.010735373054214,9.339774557165862,15.687063875469672,9.178743961352657,2.187332259796028,1.3821792807300053,0.30864197530864196,6.615673644659152,0.798443370907139,0.0067096081588835215,0.2683843263553409,,
116,4.079441760601181,6.622383252818035,33.48765432098765,10.030864197530864,9.292807300053678,15.666935050993022,9.172034353193773,2.227589908749329,1.415727321524423,0.30864197530864196,6.642512077294686,0.7648953301127214,0.0067096081588835215,0.28180354267310787,,
117,4.106280193236715,6.3137412775093935,33.373590982286636,10.017444981213098,9.272678475577026,15.613258185721953,9.722222222222221,2.1739130434782608,1.415727321524423,0.28180354267310787,6.6760601180891035,0.7447665056360708,0.0067096081588835215,0.28180354267310787,,
118,4.106280193236715,6.239935587761675,33.299785292538914,10.071121846484166,9.245840042941492,15.573000536768653,9.782608695652174,2.200751476113795,1.4962426194310252,0.28180354267310787,6.66935050993022,0.7447665056360708,0.0067096081588835215,0.28180354267310787,,
119,4.0995705850778315,6.239935587761675,33.111916264090176,10.218733225979603,9.125067096081589,15.5126140633387,9.782608695652174,2.24771873322598,1.5297906602254427,0.28180354267310787,6.8035426731078905,0.7581857219538379,0.0067096081588835215,0.28180354267310787,,
120,4.146537842190016,6.226516371443908,33.071658615136876,10.225442834138486,9.064680622651638,15.5126140633387,9.71551261406334,2.4691358024691357,1.5297906602254427,0.28180354267310787,6.696188942565755,0.7447665056360708,0.0067096081588835215,0.30864197530864196,,
121,4.133118625872249,5.4616210413311865,33.01798174986581,10.124798711755233,8.501073537305421,17.250402576489535,9.681964573268921,2.26784755770263,1.5365002683843263,0.28180354267310787,6.66935050993022,0.7581857219538379,0.0067096081588835215,0.30864197530864196,,
122,4.1532474503489,5.434782608695652,32.9374664519592,10.339506172839506,8.487654320987655,17.176596886741816,9.594739667203436,2.26784755770263,1.5499194847020934,0.2885131508319914,6.6827697262479875,0.7716049382716049,0.0067096081588835215,0.30864197530864196,,
123,4.1532474503489,5.387815351583468,32.71604938271605,10.48040794417606,8.460815888352121,17.122920021470748,9.614868491680086,2.3483628556092326,1.5365002683843263,0.2885131508319914,6.8035426731078905,0.7716049382716049,0.0067096081588835215,0.30864197530864196,,
124,4.1532474503489,5.381105743424584,32.52818035426731,10.601180891035963,8.460815888352121,16.700214707461082,9.66183574879227,2.2946859903381642,1.9189479334406871,0.27509393451422437,6.904186795491143,0.8051529790660226,0.0067096081588835215,0.30864197530864196,,
125,4.0995705850778315,5.367686527106817,31.407675791733762,9.936929683306495,7.521470746108427,20.33011272141707,9.16532474503489,1.9726247987117553,1.892109500805153,0.23483628556092323,6.910896403650026,0.8454106280193237,0.0067096081588835215,0.30864197530864196,,
126,4.1129898013955986,5.367686527106817,31.280193236714975,9.943639291465379,7.521470746108427,20.28985507246377,9.225711218464841,1.9726247987117553,1.9189479334406871,0.23483628556092323,6.944444444444445,0.8655394524959742,0.0067096081588835215,0.3153515834675255,,
127,4.159957058507783,5.340848094471283,31.186258722490606,9.916800858829845,7.494632313472893,20.242887815351583,9.098228663446054,1.9994632313472893,1.9659151905528718,0.23483628556092323,6.998121309715513,1.0265700483091786,0.0067096081588835215,0.3153515834675255,0.013419216317767043,
128,4.079441760601181,5.421363392377885,30.99838969404187,9.943639291465379,7.440955448201825,20.155662909286097,9.078099838969404,2.0531400966183573,2.01959205582394,0.2683843263553409,7.1725711218464845,1.0399892646269457,0.0067096081588835215,0.30864197530864196,0.013419216317767043,
129,4.0995705850778315,5.381105743424584,30.69645732689211,9.957058507783145,7.440955448201825,20.108695652173914,9.131776704240472,2.0531400966183573,2.006172839506173,0.2683843263553409,7.427536231884058,1.1003757380568975,0.0067096081588835215,0.30864197530864196,0.013419216317767043,
130,4.146537842190016,5.347557702630167,30.246913580246915,9.943639291465379,7.4006977992485234,19.98792270531401,10.071121846484166,2.0397208803005906,2.006172839506173,0.2683843263553409,7.018250134192163,1.2144390767579174,0.0067096081588835215,0.2885131508319914,0.013419216317767043,
131,4.159957058507783,5.3341384863123995,29.95169082125604,10.312667740203972,7.4006977992485234,19.920826623725173,10.071121846484166,2.0397208803005906,2.0397208803005906,0.2683843263553409,6.937734836285561,1.2546967257112185,0.0067096081588835215,0.2885131508319914,0.013419216317767043,
132,4.193505099302201,5.320719269994632,29.8040794417606,10.25228126677402,7.4006977992485234,19.87385936661299,10.165056360708535,2.073268921095008,2.0128824476650564,0.28180354267310787,7.0383789586688135,1.2815351583467525,0.0067096081588835215,0.28180354267310787,0.013419216317767043,
133,4.240472356414386,5.287171229200215,28.502415458937197,10.527375201288244,8.57487922705314,19.75979602791197,10.178475577026301,2.033011272141707,2.0263016639828235,0.2683843263553409,7.03166935050993,1.2681159420289856,0.0067096081588835215,0.28180354267310787,0.013419216317767043,
134,4.247181964573269,5.260332796564681,28.381642512077295,10.57434245840043,8.373590982286634,19.726247987117553,10.487117552334944,2.0397208803005906,2.046430488459474,0.2683843263553409,7.004830917874396,1.2815351583467525,0.0067096081588835215,0.2885131508319914,0.013419216317767043,
135,4.247181964573269,5.233494363929147,28.327965646806227,10.547504025764896,8.360171765968868,19.726247987117553,10.50053676865271,2.086688137412775,2.0263016639828235,0.2683843263553409,7.085346215780999,1.2681159420289856,0.0067096081588835215,0.2885131508319914,0.026838432635534086,
136,4.193505099302201,5.233494363929147,28.18035426731079,10.567632850241546,8.709071390230811,19.665861513687602,10.285829307568438,2.1068169618894257,2.059849704777241,0.2683843263553409,7.139023081052066,1.2681159420289856,0.0067096081588835215,0.2885131508319914,0.026838432635534086,
137,3.965378421900161,5.22007514761138,25.999731615673646,13.895598497047773,8.722490606548577,19.578636607622116,9.762479871175524,2.1068169618894257,2.073268921095008,0.2683843263553409,6.830381105743425,1.2815351583467525,0.0067096081588835215,0.2616747181964573,0.026838432635534086,
138,3.9184111647879765,5.246913580246914,25.979602791196996,13.841921631776705,8.675523349436393,18.9345142243693,10.453569511540525,2.1739130434782608,2.073268921095008,0.2683843263553409,6.810252281266774,1.328502415458937,0.0067096081588835215,0.2616747181964573,0.026838432635534086,
139,3.898282340311326,5.24020397208803,25.939345142243692,13.788244766505636,8.239398819108963,19.732957595276435,10.319377348362856,2.1269457863660763,2.0933977455716586,0.2683843263553409,6.810252281266774,1.2681159420289856,0.0067096081588835215,0.24154589371980675,0.026838432635534086,
140,3.8848631239935587,5.24020397208803,25.93263553408481,13.761406333870102,8.205850778314547,19.685990338164252,10.299248523886206,2.167203435319377,2.187332259796028,0.2549651100375738,6.763285024154589,1.288244766505636,0.026838432635534086,0.27509393451422437,0.026838432635534086,
141,3.898282340311326,5.22007514761138,24.698067632850243,12.902576489533011,8.179012345679013,19.45786366076221,13.043478260869565,2.2208803005904456,2.1269457863660763,0.28180354267310787,6.394256575415996,1.247987117552335,0.026838432635534086,0.27509393451422437,0.026838432635534086,
142,3.911701556629093,5.2066559312936125,24.67793880837359,12.875738056897477,8.132045088566828,19.43773483628556,13.009930220075148,2.3081052066559313,2.15378421900161,0.2885131508319914,6.407675791733762,1.261406333870102,0.026838432635534086,0.27509393451422437,0.026838432635534086,
143,3.9452495974235107,5.2066559312936125,24.537037037037038,12.869028448738593,8.158883521202362,19.390767579173378,12.949543746645196,2.3617820719269993,2.1604938271604937,0.30193236714975846,6.508319914117015,1.2815351583467525,0.026838432635534086,0.27509393451422437,0.026838432635534086,
144,3.965378421900161,5.179817498658078,23.315888352120236,14.472624798711756,8.125335480407944,19.316961889425656,12.714707461084272,2.4490069779924855,2.1604938271604937,0.3421900161030596,6.347289318303811,1.2815351583467525,0.026838432635534086,0.27509393451422437,0.026838432635534086,
145,3.978797638217928,5.179817498658078,22.81266774020397,14.841653247450349,8.091787439613526,19.81347289318304,12.68786902844874,2.442297369833602,2.13365539452496,0.35560923242082665,6.052066559312936,1.2815351583467525,0.026838432635534086,0.27509393451422437,0.026838432635534086,
146,4.025764895330113,5.166398282340311,22.7187332259796,14.834943639291465,8.105206655931294,19.806763285024154,12.560386473429952,2.690552871712292,2.1068169618894257,0.35560923242082665,6.072195383789587,1.2278582930756843,0.026838432635534086,0.27509393451422437,0.026838432635534086,
147,4.072732152442297,5.152979066022544,21.91358024691358,14.80810520665593,9.03113258185722,19.726247987117553,12.546967257112184,2.677133655394525,2.1135265700483092,0.36902844873859364,5.991680085882985,1.2681159420289856,0.026838432635534086,0.27509393451422437,0.026838432635534086,
148,4.05931293612453,5.152979066022544,21.866612989801396,14.741009125067096,9.024422973698336,19.753086419753085,12.580515297906603,2.7509393451422435,2.0799785292538915,0.38915727321524424,6.018518518518518,1.2546967257112185,0.026838432635534086,0.27509393451422437,0.026838432635534086,
149,4.045893719806763,5.132850241545894,21.846484165324746,14.647074610842727,9.01100375738057,19.679280730005367,12.808641975308642,2.791196994095545,2.0933977455716586,0.39586688137412773,6.011808910359635,1.2077294685990339,0.026838432635534086,0.27509393451422437,0.026838432635534086,
150,4.032474503488996,5.132850241545894,21.76596886741814,14.640365002683843,9.05126140633387,19.659151905528716,12.775093934514224,2.791196994095545,2.120236178207193,0.4428341384863124,6.0654857756307035,1.1943102522812667,0.026838432635534086,0.27509393451422437,0.026838432635534086,
151,4.052603327965647,5.132850241545894,21.76596886741814,14.53972088030059,9.017713365539452,19.659151905528716,12.76838432635534,2.844873859366613,2.1269457863660763,0.49651100375738055,6.085614600107354,1.1943102522812667,0.026838432635534086,0.27509393451422437,0.013419216317767043,
152,4.052603327965647,5.059044551798175,21.276167471819647,14.418947933440688,9.46725711218465,19.45115405260333,13.311862587224907,2.7308105206655933,2.1403650026838434,0.49651100375738055,6.045356951154052,1.247987117552335,0.026838432635534086,0.2616747181964573,0.013419216317767043,
153,4.052603327965647,5.052334943639291,21.22249060654858,14.392109500805153,9.460547504025765,19.464573268921097,13.311862587224907,2.7643585614600106,2.120236178207193,0.49651100375738055,6.125872249060655,1.2278582930756843,0.026838432635534086,0.2683843263553409,0.013419216317767043,
154,3.9855072463768115,5.038915727321524,20.94068706387547,13.935856146001074,9.460547504025765,19.229736983360173,14.345142243692969,2.9388083735909825,2.0933977455716586,0.48980139559849706,6.031937734836285,1.1943102522812667,0.026838432635534086,0.27509393451422437,0.013419216317767043,
155,3.992216854535695,5.038915727321524,20.92055823939882,14.217659688674182,9.326355340848094,19.07541599570585,14.298174986580785,2.952227589908749,2.120236178207193,0.5099302200751477,6.025228126677402,1.2077294685990339,0.026838432635534086,0.27509393451422437,0.013419216317767043,
156,3.9586688137412773,4.998658078368224,20.893719806763286,14.217659688674182,9.333064949006978,19.0552871712292,14.298174986580785,2.9723564143853998,2.1604938271604937,0.5099302200751477,6.0587761674718195,1.2077294685990339,0.026838432635534086,0.2952227589908749,0.013419216317767043,
157,3.9318303811057436,4.891304347826087,20.860171765968868,14.40552871712292,9.192163177670425,19.00161030595813,14.31159420289855,2.9723564143853998,2.200751476113795,0.5099302200751477,6.105743424584004,1.2681159420289856,0.026838432635534086,0.30864197530864196,0.013419216317767043,
158,3.9519592055823938,4.7638217928073,20.8064949006978,14.318303811057435,9.192163177670425,18.894256575415994,14.452495974235104,2.985775630703167,2.314814814814815,0.5434782608695652,6.146001073537305,1.261406333870102,0.026838432635534086,0.32877079978529256,0.013419216317767043,
159,3.965378421900161,4.7638217928073,20.74610842726785,14.345142243692969,9.970477724100913,18.370907139023082,14.412238325281804,3.012614063338701,2.1068169618894257,0.5434782608695652,6.119162640901771,1.261406333870102,0.026838432635534086,0.3421900161030596,0.013419216317767043,
160,3.9855072463768115,4.723564143853999,20.74610842726785,14.412238325281804,9.943639291465379,18.33064949006978,14.331723027375201,3.0595813204508855,2.073268921095008,0.5568974771873323,6.119162640901771,1.3352120236178207,0.026838432635534086,0.3421900161030596,0.013419216317767043,
161,3.9720880300590444,4.690016103059581,20.665593129361245,14.029790660225443,11.057434245840042,18.129361245303276,13.922436929683306,3.0931293612453032,1.9726247987117553,0.5770263016639828,6.166129898013956,1.3419216317767042,0.026838432635534086,0.3421900161030596,0.013419216317767043,
