,45,50,51,52,53,56,54,55,57
0,89.2914653784219,10.7085346215781,,,,,,,
1,89.11701556629093,10.88298443370907,,,,,,,
2,83.83655394524959,10.95679012345679,5.2066559312936125,,,,,,
3,70.96081588835212,23.832528180354267,5.2066559312936125,,,,,,
4,71.40365002683843,23.416532474503487,5.179817498658078,,,,,,
5,69.0955448201825,25.72463768115942,5.179817498658078,,,,,,
6,66.15673644659152,28.75067096081589,5.092592592592593,,,,,,
7,64.22436929683306,30.079173376274827,5.059044551798175,0.6374127750939346,,,,,
8,62.76838432635534,31.5552871712292,5.038915727321524,0.6374127750939346,,,,,
9,54.200214707461086,32.25979602791197,12.929414922168545,0.6105743424584005,,,,,
10,49.100912506709605,37.56038647342995,12.72812667740204,0.6105743424584005,,,,,
11,48.50375738056898,36.64787976382179,9.292807300053678,3.670155662909286,0.3421900161030596,1.5432098765432098,,,
12,48.90633387010199,36.30568974771873,9.131776704240472,3.6500268384326353,0.3421900161030596,1.5432098765432098,0.12077294685990338,,
13,47.25577026301664,34.47396672034353,12.775093934514224,3.6366076221148687,0.3421900161030596,1.5163714439076759,,,
14,45.1154052603328,34.15190552871712,15.385131508319914,3.6097691894793345,0.3421900161030596,1.3955984970477724,,,
15,38.781535158346756,27.89855072463768,27.771068169618893,3.81105743424584,0.3421900161030596,1.3955984970477724,,,
16,36.85587761674718,23.60440150295223,35.35963499731616,2.1739130434782608,2.006172839506173,,,,
17,37.1309715512614,27.925389157273216,30.870907139023082,2.0665593129361244,2.006172839506173,,,,
18,36.72168545356951,27.34165324745035,31.260064412238325,1.892109500805153,2.006172839506173,,0.7783145464304885,,
19,35.11808910359635,27.03972088030059,32.99785292538916,1.8451422436929683,2.006172839506173,0.2147074610842727,0.7783145464304885,,
20,35.48040794417606,26.912238325281802,31.528448738593667,1.8317230273752012,1.9726247987117553,0.2147074610842727,0.7514761137949544,1.3083735909822867,
21,34.95034889962426,22.906602254428343,31.394256575415994,8.487654320987655,,0.2147074610842727,0.7514761137949544,1.2949543746645196,
22,34.225711218464845,22.208803005904453,27.657004830917874,11.144659151905529,,0.2147074610842727,0.6977992485238862,3.851315083199141,
23,34.42699946323135,22.074610842726784,27.65029522275899,11.104401502952227,,0.2147074610842727,0.6977992485238862,3.8311862587224907,
24,34.27938808373591,21.672034353193773,25.05367686527107,14.472624798711756,,0.2147074610842727,0.6977992485238862,3.6097691894793345,
25,34.997316156736446,21.423778851315085,24.376006441223833,14.284755770263017,,0.2147074610842727,1.1473429951690821,3.556092324208266,
26,35.37305421363392,19.28341384863124,24.241814278046164,16.203703703703702,,0.2147074610842727,1.133923778851315,3.549382716049383,
27,36.12453032742888,19.129092860976918,23.65136876006441,15.935319377348362,,0.2147074610842727,1.4492753623188406,3.4957058507783145,
28,36.010466988727856,19.189479334406872,22.48389694041868,18.552066559312937,,0.20128824476650564,1.1406333870101986,2.4221685453569513,
29,36.35265700483092,18.907675791733762,26.603596349973163,14.781266774020397,,0.1610305958132045,0.8051529790660226,2.3886205045625335,
30,36.93639291465379,18.71309715512614,26.422436929683307,14.573268921095009,,0.1610305958132045,0.8051529790660226,2.3886205045625335,
31,34.11164787976382,21.658615136876005,24.61755233494364,16.17686527106817,0.8588298443370908,0.13419216317767044,0.9057971014492754,1.5365002683843263,
32,34.614868491680085,21.72571121846484,24.268652710681696,16.002415458937197,0.8588298443370908,0.13419216317767044,0.9057971014492754,1.4895330112721417,
33,35.25228126677402,21.537842190016104,24.000268384326354,15.318035426731079,0.8588298443370908,0.13419216317767044,0.8923778851315083,1.6371443907675791,0.36902844873859364
34,34.856414385399894,20.8064949006978,18.156199677938808,22.32957595276436,0.8521202361782072,0.13419216317767044,0.8789586688137413,1.6371443907675791,0.3488996242619431
35,34.42699946323135,20.283145464304884,19.659151905528716,21.4573268921095,0.9796027911969941,0.13419216317767044,1.221148684916801,1.4895330112721417,0.3488996242619431
36,34.92351046698873,20.155662909286097,19.464573268921097,21.296296296296298,0.9796027911969941,0.12077294685990338,1.221148684916801,1.4895330112721417,0.3488996242619431
37,35.52066559312936,20.155662909286097,18.9747718733226,21.22249060654858,0.966183574879227,0.12077294685990338,1.2144390767579174,1.4761137949543746,0.3488996242619431
38,33.2662372517445,19.6256038647343,27.469135802469136,15.633387010198604,0.966183574879227,0.08722490606548577,1.2077294685990339,1.4761137949543746,0.2683843263553409
39,34.03113258185722,19.618894256575416,27.012882447665056,15.351583467525497,0.966183574879227,0.08722490606548577,1.2077294685990339,1.4559849704777241,0.2683843263553409
40,28.64331723027375,31.0654857756307,26.643853998926463,10.789049919484702,0.13419216317767044,0.08722490606548577,0.9125067096081588,1.4559849704777241,0.2683843263553409
41,28.965378421900162,30.88432635534085,24.838969404186795,10.748792270531402,0.13419216317767044,0.08722490606548577,2.6167471819645733,1.4559849704777241,0.2683843263553409
42,28.415190552871714,31.716317767042405,24.61755233494364,10.68840579710145,0.13419216317767044,0.08722490606548577,2.6167471819645733,1.4559849704777241,0.2683843263553409
43,28.764090177133657,31.488191089640367,24.57729468599034,10.641438539989265,0.13419216317767044,0.08722490606548577,2.6033279656468062,1.4358561460010735,0.2683843263553409
44,29.260601180891037,31.34728931830381,24.36929683306495,10.534084809447128,0.13419216317767044,0.08722490606548577,2.5697799248523885,1.42914653784219,0.2683843263553409
45,30.08588298443371,30.951422436929683,24.020397208803004,10.473698336017177,0.13419216317767044,0.08722490606548577,2.563070316693505,1.415727321524423,0.2683843263553409
46,30.797101449275363,30.320719269994633,23.79898013955985,10.61460010735373,0.13419216317767044,0.08722490606548577,2.563070316693505,1.415727321524423,0.2683843263553409
47,31.40096618357488,29.918142780461622,23.57085346215781,10.507246376811594,0.13419216317767044,0.08722490606548577,2.4557165861513686,1.6572732152442298,0.2683843263553409
48,32.22624798711755,29.71014492753623,23.356146001073537,10.104669887278583,0.13419216317767044,0.08722490606548577,2.4557165861513686,1.6572732152442298,0.2683843263553409
49,32.306763285024154,29.03918411164788,23.2487922705314,10.064412238325282,0.13419216317767044,0.08722490606548577,3.2675791733762747,1.583467525496511,0.2683843263553409
50,33.111916264090176,28.59634997316157,22.96027911969941,10.017444981213098,0.13419216317767044,0.08722490606548577,3.2675791733762747,1.556629092860977,0.2683843263553409
51,32.689210950080515,28.079710144927535,19.0552871712292,15.170424047235642,0.322061191626409,0.4227053140096618,2.6033279656468062,1.442565754159957,0.2147074610842727
52,30.05233494363929,24.268652710681696,26.717659688674182,14.888620504562533,0.322061191626409,0.4227053140096618,1.778046162104133,1.3352120236178207,0.2147074610842727
53,29.47530864197531,22.953569511540525,26.39559849704777,17.28395061728395,0.30864197530864196,0.4227053140096618,1.778046162104133,1.1674718196457328,0.2147074610842727
54,30.005367686527105,22.805958132045088,26.1808910359635,17.19001610305958,0.27509393451422437,0.4227053140096618,1.737788513150832,1.1674718196457328,0.2147074610842727
55,30.18652710681696,22.69189479334407,25.489801395598498,16.586151368760063,1.5297906602254427,0.4227053140096618,1.710950080515298,1.1674718196457328,0.2147074610842727
56,30.615942028985508,22.443639291465377,25.181159420289855,16.27750939345142,1.5297906602254427,0.4227053140096618,1.9256575415995705,1.42914653784219,0.17444981213097155
57,30.709876543209877,22.22222222222222,24.020397208803004,17.60601180891036,1.4962426194310252,0.4227053140096618,1.9256575415995705,1.4224369296833066,0.17444981213097155
58,28.30112721417069,27.75764895330113,23.711755233494365,15.24422973698336,1.442565754159957,0.4227053140096618,1.5499194847020934,1.3955984970477724,0.17444981213097155
59,28.455448201825014,27.4020397208803,23.557434245840042,14.982555018786902,1.442565754159957,0.41599570585077833,1.8451422436929683,1.724369296833065,0.17444981213097155
60,28.918411164787976,27.106816961889425,23.49033816425121,14.895330112721417,1.442565754159957,0.41599570585077833,1.8317230273752012,1.724369296833065,0.17444981213097155
61,29.09957058507783,27.033011272141707,23.403113258185723,14.74771873322598,1.6774020397208802,0.41599570585077833,1.724369296833065,1.724369296833065,0.17444981213097155
62,28.475577026301664,26.29495437466452,24.92619431025228,14.600107353730541,1.6774020397208802,0.41599570585077833,1.710950080515298,1.724369296833065,0.17444981213097155
63,27.61003757380569,27.32823403113258,24.818840579710145,14.546430488459475,1.6774020397208802,0.41599570585077833,1.710950080515298,1.7176596886741815,0.17444981213097155
64,28.113258185721953,27.140365002683843,24.55716586151369,14.49946323134729,1.6706924315619969,0.41599570585077833,1.710950080515298,1.7176596886741815,0.17444981213097155
65,27.831454643048847,27.01959205582394,23.731884057971016,15.68035426731079,1.6706924315619969,0.41599570585077833,1.6975308641975309,1.8786902844873858,0.07380568974771873
66,28.475577026301664,26.8317230273752,23.201825013419217,16.666666666666668,1.6706924315619969,0.41599570585077833,1.6975308641975309,0.966183574879227,0.07380568974771873
67,28.918411164787976,26.52308105206656,22.50402576489533,17.257112184648417,1.6505636070853462,0.41599570585077833,1.6975308641975309,0.9594739667203436,0.07380568974771873
68,29.25389157273215,26.36876006441224,22.16183574879227,17.122920021470748,1.9524959742351047,0.41599570585077833,1.6975308641975309,0.9594739667203436,0.06709608158883522
69,28.06629092860977,22.31615673644659,30.60252281266774,13.982823403113258,1.9256575415995705,1.2546967257112185,0.8387010198604401,0.9594739667203436,0.05367686527106817
70,28.5829307568438,22.094739667203434,30.02549651100376,14.110305958132045,1.8988191089640365,1.5432098765432098,0.7514761137949544,0.9393451422436929,0.05367686527106817
71,29.280730005367687,21.826355340848096,29.73027375201288,14.002952227589908,1.8988191089640365,1.5432098765432098,0.7514761137949544,0.9125067096081588,0.05367686527106817
72,29.87788513150832,21.68545356951154,29.320987654320987,13.969404186795492,1.8988191089640365,1.5432098765432098,0.7380568974771873,0.9125067096081588,0.05367686527106817
73,30.615942028985508,21.423778851315085,28.951959205582394,13.862050456253355,1.8988191089640365,1.5432098765432098,0.7380568974771873,0.9125067096081588,0.05367686527106817
74,27.28797638217928,18.706387546967257,38.821792807300056,10.534084809447128,1.6975308641975309,1.5297906602254427,0.46967257112184646,0.8990874932903918,0.05367686527106817
75,27.012882447665056,17.16988727858293,40.707192699946326,10.25228126677402,1.6908212560386473,1.5297906602254427,0.46967257112184646,1.1137949543746646,0.05367686527106817
76,27.30810520665593,17.143048845947398,40.25093934514224,10.44015029522276,1.6908212560386473,1.5297906602254427,0.46967257112184646,1.1137949543746646,0.05367686527106817
77,27.958937198067634,16.626409017713364,39.96913580246913,10.272410091250672,1.6908212560386473,1.5029522275899088,0.46967257112184646,1.4559849704777241,0.05367686527106817
78,27.965646806226516,16.492216854535695,37.94283413848631,9.977187332259795,1.6908212560386473,1.5029522275899088,0.46967257112184646,3.9049919484702094,0.05367686527106817
79,26.88539989264627,13.345410628019323,43.86741814278046,9.01100375738057,1.6572732152442298,1.5029522275899088,0.3488996242619431,3.3279656468062266,0.05367686527106817
80,25.449543746645197,12.47987117552335,42.81400966183575,13.050187869028449,1.3419216317767042,1.2412775093934514,0.30864197530864196,3.3145464304884595,
81,26.10708534621578,12.453032742887816,42.579173376274824,13.003220611916264,1.3419216317767042,1.2412775093934514,0.30864197530864196,2.965646806226516,
82,26.77133655394525,12.426194310252281,42.1430488459474,12.895866881374127,1.328502415458937,1.2412775093934514,0.30864197530864196,2.885131508319914,
83,27.79790660225443,12.285292538915728,41.50563607085346,12.754965110037574,1.328502415458937,1.2412775093934514,0.30864197530864196,2.7777777777777777,
84,28.5426731078905,12.224906065485776,41.116478797638216,12.47987117552335,1.3083735909822867,1.2412775093934514,0.30864197530864196,2.7777777777777777,
85,28.858024691358025,12.191358024691358,40.915190552871714,12.4597423510467,1.288244766505636,1.2412775093934514,0.30864197530864196,2.737520128824477,
86,29.22705314009662,12.097423510466989,40.57300053676865,12.06387546967257,1.8518518518518519,1.1808910359634996,0.30864197530864196,2.6972624798711755,
87,29.985238862050455,12.02361782071927,40.123456790123456,11.869296833064949,1.8518518518518519,1.1674718196457328,0.30864197530864196,2.6704240472356413,
88,30.669618894256576,11.862587224906065,39.801395598497045,11.802200751476114,2.100107353730542,1.1674718196457328,0.30864197530864196,2.2879763821792807,
89,30.730005367686527,11.79549114331723,35.66156736446592,15.98899624261943,2.100107353730542,1.1674718196457328,0.30864197530864196,2.24771873322598,
90,30.73671497584541,11.79549114331723,35.31266774020397,15.895061728395062,2.2342995169082127,1.0601180891035964,0.30864197530864196,2.657004830917874,
91,30.917874396135264,11.560654857756306,34.66854535695116,15.747450348899624,2.2208803005904456,1.0601180891035964,0.8722490606548577,2.952227589908749,
92,31.273483628556093,11.439881910896403,34.42699946323135,15.505904455179817,2.214170692431562,1.0601180891035964,0.8521202361782072,3.227321524422974,
93,31.743156199677937,11.41304347826087,34.064680622651636,15.344873859366613,2.214170692431562,1.0534084809447128,0.8185721953837896,3.3480944712828773,
94,30.790391841116477,10.044283413848632,37.25845410628019,15.049651100375739,2.2074610842726785,1.0064412238325282,0.8185721953837896,2.8247450348899625,
95,31.07890499194847,9.96376811594203,37.144390767579175,14.969135802469136,2.1940418679549114,1.0064412238325282,0.8185721953837896,2.8247450348899625,
96,28.556092324208265,12.989801395598498,36.574074074074076,14.80810520665593,2.1940418679549114,1.0064412238325282,0.8185721953837896,3.052871712292002,
97,28.22061191626409,12.942834138486312,36.24530327428878,14.492753623188406,3.643317230273752,1.0064412238325282,0.8185721953837896,2.6301663982823404,
98,28.69699409554482,12.915995705850777,35.950080515297905,14.432367149758454,3.643317230273752,0.9460547504025765,0.798443370907139,2.6167471819645733,
99,29.240472356414386,12.754965110037574,35.7487922705314,14.36527106816962,3.549382716049383,0.9460547504025765,0.7783145464304885,2.6167471819645733,
100,29.13311862587225,12.5,36.62775093934514,14.06333870101986,3.549382716049383,0.7447665056360708,0.7648953301127214,2.6167471819645733,
101,28.81105743424584,12.25174449812131,37.70799785292539,13.915727321524423,3.5292538915727323,0.7313472893183038,0.7648953301127214,2.2879763821792807,
102,28.75067096081589,12.99651100375738,37.39935587761675,13.627214170692431,3.3816425120772946,0.6508319914117016,0.7648953301127214,2.26784755770263,0.1610305958132045
103,29.32769726247987,12.95625335480408,37.01690821256039,13.560118089103597,3.33467525496511,0.644122383252818,0.7514761137949544,2.24771873322598,0.1610305958132045
104,29.810789049919485,12.788513150831992,36.69484702093398,13.533279656468062,3.3950617283950617,0.644122383252818,0.7514761137949544,2.2208803005904456,0.1610305958132045
105,29.978529253891573,12.781803542673108,36.43317230273752,13.734567901234568,3.066290928609769,0.644122383252818,0.7447665056360708,2.4557165861513686,0.1610305958132045
106,28.710413311862588,12.661030595813205,32.024959742351044,19.612184648416534,2.999194847020934,0.644122383252818,0.7447665056360708,2.442297369833602,0.1610305958132045
107,27.462426194310254,12.446323134728932,33.8768115942029,19.51825013419216,2.999194847020934,0.6374127750939346,0.6172839506172839,2.281266774020397,0.1610305958132045
108,27.851583467525497,12.198067632850242,33.25281803542673,19.296833064949006,2.9052603327965647,0.6374127750939346,1.4559849704777241,2.2410091250670963,0.1610305958132045
109,28.435319377348364,12.04374664519592,32.8972088030059,19.142512077294686,2.8515834675254963,0.7716049382716049,1.4559849704777241,2.2410091250670963,0.1610305958132045
110,26.288244766505635,10.507246376811594,31.910896403650028,21.906870638754697,5.059044551798175,0.6374127750939346,1.4492753623188406,2.2410091250670963,
111,27.126945786366075,10.21202361782072,31.5552871712292,21.631776704240472,5.24020397208803,0.6239935587761675,1.4492753623188406,2.1604938271604937,
112,27.891841116478798,10.165056360708535,31.28690284487386,21.14868491680086,5.152979066022544,0.6239935587761675,1.570048309178744,2.1604938271604937,
113,27.89855072463768,9.91009125067096,33.45410628019324,20.8467525496511,4.622920021470746,0.6239935587761675,0.7716049382716049,1.8719806763285025,
114,28.44873859366613,9.769189479334408,33.299785292538914,20.645464304884594,4.5960815888352125,0.6105743424584005,0.7716049382716049,1.8585614600107354,
115,28.965378421900162,9.702093397745571,33.00456253354804,20.611916264090176,4.4753086419753085,0.6105743424584005,0.7716049382716049,1.8585614600107354,
116,29.25389157273215,9.621578099838969,32.729468599033815,20.46430488459474,4.455179817498658,0.6105743424584005,1.0399892646269457,1.8250134192163177,
117,30.04562533548041,9.534353193773484,32.41411701556629,20.12211486849168,4.455179817498658,0.6105743424584005,1.0399892646269457,1.778046162104133,
118,30.50858829844337,9.514224369296834,32.17928073000537,19.685990338164252,4.367954911433173,0.6105743424584005,1.0399892646269457,2.0933977455716586,
119,30.85077831454643,9.440418679549115,32.05179817498658,19.49141170155663,4.294149221685454,0.6105743424584005,1.0399892646269457,2.2208803005904456,
120,30.475040257648953,9.158615136876007,32.96430488459474,19.363929146537842,4.193505099302201,0.5837359098228664,1.0399892646269457,2.2208803005904456,
121,30.709876543209877,9.145195920558239,32.769726247987116,19.182769726247987,4.159957058507783,0.630703166935051,1.0131508319914118,2.3886205045625335,
122,29.676596886741816,8.628556092324208,31.749865807836823,21.32313472893183,4.341116478797638,0.630703166935051,1.0131508319914118,2.636876006441224,
123,29.643048845947398,8.608427267847558,30.783682232957595,21.423778851315085,4.300858829844337,1.6572732152442298,0.9728931830381106,2.61003757380569,
124,29.864465915190554,8.279656468062266,31.052066559312937,21.162104133118625,4.28743961352657,1.6371443907675791,1.107085346215781,2.61003757380569,
125,30.253623188405797,8.272946859903382,30.864197530864196,21.007783145464305,4.28743961352657,1.6237251744498122,1.107085346215781,2.5831991411701556,
126,30.783682232957595,8.246108427267847,30.649490069779926,20.7662372517445,4.280730005367687,1.6237251744498122,1.107085346215781,2.5429414922168547,
127,30.95813204508857,8.071658615136876,30.723295759527645,18.94122383252818,6.360708534621578,1.6237251744498122,1.093666129898014,2.227589908749329,
128,30.629361245303276,8.044820182501342,33.53462157809984,16.532474503488995,6.320450885668277,1.6237251744498122,1.093666129898014,2.2208803005904456,
129,31.00509930220075,7.977724100912507,33.36688137412775,16.42512077294686,6.286902844873859,1.6237251744498122,1.093666129898014,2.2208803005904456,
130,28.442028985507246,6.951154052603328,36.41304347826087,15.754159957058508,7.7898550724637685,1.6035963499731616,1.0802469135802468,1.9659151905528718,
131,28.690284487385938,6.937734836285561,36.34594739667203,15.693773483628556,7.716049382716049,1.570048309178744,1.0802469135802468,1.9659151905528718,
132,28.85131508319914,6.937734836285561,36.22517444981213,15.405260332796564,7.702630166398282,1.5499194847020934,1.3620504562533549,1.9659151905528718,
133,28.395061728395063,5.4616210413311865,37.9092860976919,15.881642512077295,7.1658615136876005,1.5365002683843263,1.6908212560386473,1.9592055823939882,
134,28.99892646269458,5.381105743424584,37.39935587761675,15.499194847020934,7.125603864734299,1.4962426194310252,1.9860440150295222,2.1135265700483092,
135,29.314278046162105,5.360976918947934,36.983360171765966,15.425389157273216,7.058507783145465,1.415727321524423,2.328234031132582,2.1135265700483092,
136,29.723564143854,5.307300053676865,36.460010735373054,15.103327965646805,7.273215244229737,1.402308105206656,2.623456790123457,2.1068169618894257,
137,30.535426731078903,5.293880837359098,35.75550187869028,15.042941492216855,7.333601717659689,1.3553408480944713,2.623456790123457,2.059849704777241,
138,28.14009661835749,5.287171229200215,43.65271068169619,12.144390767579173,6.085614600107354,0.5636070853462157,2.314814814814815,1.8115942028985508,
139,28.495705850778315,5.199946323134729,43.4044551798175,12.13768115942029,6.072195383789587,0.5636070853462157,2.314814814814815,1.8115942028985508,
140,27.26784755770263,14.754428341384862,36.862587224906065,11.929683306494901,5.394524959742351,0.4428341384863124,1.8250134192163177,1.5230810520665594,
141,27.623456790123456,14.754428341384862,36.68813741277509,11.782071926999464,5.387815351583468,0.4428341384863124,1.7981749865807837,1.5230810520665594,
142,28.37493290391841,14.620236178207193,36.218464841653244,11.728395061728396,5.307300053676865,0.4428341384863124,1.7981749865807837,1.5096618357487923,
143,22.765700483091788,25.623993558776167,30.770263016639827,11.52710681696189,5.267042404723564,0.5837359098228664,1.9524959742351047,1.5096618357487923,
144,21.987385936661298,25.214707461084274,30.20665593129361,13.358829844337091,5.267042404723564,0.5837359098228664,2.0531400966183573,1.328502415458937,
145,22.571121846484164,25.026838432635532,29.884594739667204,13.311862587224907,5.24020397208803,0.5837359098228664,2.0531400966183573,1.328502415458937,
146,23.221953837895867,24.966451959205582,29.388083735909824,13.271604938271604,5.186527106816962,0.5837359098228664,2.0531400966183573,1.328502415458937,
147,23.65136876006441,24.89935587761675,29.05931293612453,13.211218464841654,5.092592592592593,0.5837359098228664,2.0263016639828235,1.4761137949543746,
148,23.778851315083198,24.724906065485776,28.37493290391841,13.821792807300053,5.58239398819109,0.5837359098228664,1.6975308641975309,1.4358561460010735,
149,24.530327428878152,24.516908212560388,28.039452495974235,13.741277509393452,5.4616210413311865,0.5837359098228664,1.6908212560386473,1.4358561460010735,
150,25.140901771336555,24.3894256575416,27.95222758990875,13.47289318303811,5.340848094471283,0.5837359098228664,1.6908212560386473,1.42914653784219,
151,25.704508856682768,24.12775093934514,27.750939345142243,13.318572195383789,5.4616210413311865,0.5636070853462157,1.6908212560386473,1.3821792807300053,
152,26.06682769726248,23.839237788513152,27.4422973698336,13.47289318303811,5.421363392377885,0.5636070853462157,1.8115942028985508,1.3821792807300053,
153,26.268115942028984,23.62453032742888,27.046430488459475,13.982823403113258,5.3274288781535155,0.5636070853462157,1.8048845947396672,1.3821792807300053,
154,26.717659688674182,23.369565217391305,26.8317230273752,13.83521202361782,5.273752012882448,0.5636070853462157,1.8048845947396672,1.6035963499731616,
155,26.382179280730007,23.336017176596886,28.864734299516908,12.198067632850242,5.273752012882448,0.5636070853462157,1.778046162104133,1.6035963499731616,
156,27.294685990338163,22.805958132045088,28.703703703703702,11.83574879227053,5.273752012882448,0.5636070853462157,1.778046162104133,1.7444981213097155,
157,27.68384326355341,22.7187332259796,28.663446054750402,11.782071926999464,5.072463768115942,0.5636070853462157,1.7713365539452497,1.7444981213097155,
158,28.381642512077295,22.544283413848632,27.979066022544284,11.688137412775093,4.958400429414922,0.5501878690284487,1.9524959742351047,1.9457863660762211,
159,28.844605475040257,22.423510466988727,27.697262479871174,11.500268384326356,5.112721417069243,0.5233494363929146,1.9524959742351047,1.9457863660762211,
160,29.341116478797638,22.33628556092324,27.549651100375737,11.453301127214171,4.998658078368224,0.5099302200751477,1.9189479334406871,1.892109500805153,
161,29.851046698872786,22.22222222222222,27.32823403113258,11.439881910896403,4.998658078368224,0.5099302200751477,1.778046162104133,1.8719806763285025,
162,30.280461621041333,22.000805152979066,27.126945786366075,11.345947396672035,4.978529253891573,0.6172839506172839,1.778046162104133,1.8719806763285025,
163,30.575684380032207,21.85319377348363,27.03972088030059,11.3191089640365,4.9718196457326895,0.6038647342995169,1.778046162104133,1.8585614600107354,
164,31.05877616747182,21.672034353193773,26.778046162104133,11.211755233494364,4.938271604938271,0.6038647342995169,1.7444981213097155,1.9927536231884058,
165,31.736446591519055,21.584809447128286,26.52308105206656,10.909822866344605,4.924852388620504,0.6038647342995169,1.7444981213097155,1.9726247987117553,
166,32.6959205582394,21.484165324745035,25.95276435856146,10.815888352120236,4.817498658078368,0.5971551261406334,1.7444981213097155,1.892109500805153,
167,32.9777241009125,21.450617283950617,25.791733762748255,10.72866344605475,4.817498658078368,0.5971551261406334,1.7444981213097155,1.892109500805153,
168,33.02469135802469,21.34326355340848,25.731347289318304,11.017176596886742,4.74369296833065,0.5367686527106817,1.7444981213097155,1.8585614600107354,
169,33.52120236178207,21.20907139023081,25.51663982823403,10.903113258185721,4.736983360171766,0.5367686527106817,1.7176596886741815,1.8585614600107354,
170,30.3743961352657,21.07487922705314,28.207192699946322,12.560386473429952,4.159957058507783,0.3757380568974772,1.482823403113258,1.7646269457863661,
171,30.02549651100376,20.86688137412775,30.07246376811594,11.292270531400966,4.159957058507783,0.36902844873859364,1.5230810520665594,1.6908212560386473,
172,30.763553408480945,20.397208803005906,29.74369296833065,11.18491680085883,4.092860976918948,0.36902844873859364,1.5230810520665594,1.9256575415995705,
173,31.320450885668276,20.276435856146,29.62962962962963,11.037305421363392,3.9184111647879765,0.36902844873859364,1.5230810520665594,1.9256575415995705,
174,31.85721953837896,20.148953301127214,28.683574879227052,10.86285560923242,4.663177670424047,0.3421900161030596,1.5163714439076759,1.9256575415995705,
175,32.27321524422974,20.034889962426195,28.421900161030596,10.856146001073537,4.643048845947397,0.3421900161030596,1.5029522275899088,1.9256575415995705,
176,32.32018250134192,19.920826623725173,28.589640365002683,10.84272678475577,4.488727858293076,0.32877079978529256,1.6170155662909287,1.892109500805153,
177,32.67579173376275,19.867149758454108,28.368223295759528,10.795759527643586,4.488727858293076,0.32877079978529256,1.6103059581320451,1.865271068169619,
178,31.246645195920557,14.204240472356414,28.14680622651637,18.243424584004295,4.428341384863124,0.32877079978529256,1.596886741814278,1.4626945786366077,0.3421900161030596
179,31.5955448201825,14.184111647879764,27.985775630703166,18.14278046162104,4.42163177670424,0.32877079978529256,1.5901771336553945,1.4090177133655395,0.3421900161030596
180,32.326892109500804,13.969404186795492,27.717391304347824,17.96833064949007,4.40150295222759,0.32877079978529256,1.5432098765432098,1.4090177133655395,0.33548040794417605
181,32.8569511540526,13.768115942028986,27.462426194310254,17.894524959742352,4.40150295222759,0.32877079978529256,1.5432098765432098,1.4090177133655395,0.33548040794417605
182,32.1256038647343,13.734567901234568,26.25469672571122,19.773215244229736,4.7168545356951155,0.32877079978529256,1.3352120236178207,1.3955984970477724,0.33548040794417605
183,32.789855072463766,13.6808910359635,26.113794954374665,19.39747718733226,4.690016103059581,0.32877079978529256,1.2748255501878691,1.3888888888888888,0.33548040794417605
184,33.24610842726785,13.560118089103597,25.637412775093935,19.26328502415459,4.683306494900698,0.32877079978529256,1.2748255501878691,1.6706924315619969,0.33548040794417605
185,33.561460010735374,13.546698872785829,25.44283413848631,19.176060118089104,4.683306494900698,0.32877079978529256,1.2748255501878691,1.6505636070853462,0.33548040794417605
186,34.346484165324746,13.264895330112722,25.120772946859905,18.9345142243693,4.602791196994096,0.32877079978529256,1.5901771336553945,1.4895330112721417,0.322061191626409
187,34.88996242619431,13.20450885668277,24.745034889962426,18.840579710144926,4.5893719806763285,0.32877079978529256,1.5901771336553945,1.4895330112721417,0.322061191626409
188,35.10466988727858,13.157541599570585,24.52361782071927,18.813741277509394,4.582662372517445,0.46296296296296297,1.583467525496511,1.4492753623188406,0.322061191626409
189,35.628019323671495,13.063607085346217,24.308910359634996,18.686258722490606,4.528985507246377,0.46296296296296297,1.5767579173376274,1.4224369296833066,0.322061191626409
190,35.44685990338164,12.915995705850777,23.65136876006441,18.50509930220075,4.522275899087493,0.46296296296296297,2.7509393451422435,1.4224369296833066,0.322061191626409
191,35.929951690821255,12.889157273215245,23.43666129898014,18.317230273752013,4.522275899087493,0.4428341384863124,2.7308105206655933,1.4224369296833066,0.30864197530864196
192,36.560654857756305,12.627482555018787,23.1682769726248,18.169618894256576,4.582662372517445,0.4428341384863124,2.7308105206655933,1.4090177133655395,0.30864197530864196
193,36.60762211486849,12.332259796027913,23.047504025764894,17.52549651100376,4.582662372517445,1.5230810520665594,2.7308105206655933,1.4090177133655395,0.24154589371980675
194,36.553945249597426,12.332259796027913,22.993827160493826,17.70665593129361,4.582662372517445,1.5230810520665594,2.6704240472356413,1.3955984970477724,0.24154589371980675
195,36.85587761674718,12.104133118625873,22.993827160493826,17.68652710681696,4.582662372517445,1.5230810520665594,2.6167471819645733,1.3955984970477724,0.24154589371980675
196,37.40606548577563,11.949812130971551,22.819377348362856,17.559044551798173,4.53569511540526,1.5230810520665594,2.6033279656468062,1.3620504562533549,0.24154589371980675
197,36.67471819645733,11.808910359634996,22.832796564680624,17.03569511540526,5.984970477724101,1.5096618357487923,2.589908749329039,1.3553408480944713,0.20799785292538917
198,37.184648416532475,11.614331723027375,22.75228126677402,16.82769726247987,5.958132045088567,1.5096618357487923,2.589908749329039,1.3553408480944713,0.20799785292538917
199,37.835480407944175,11.533816425120772,22.65163714439077,16.438539989264626,5.904455179817498,1.5096618357487923,2.563070316693505,1.3553408480944713,0.20799785292538917
200,38.06360708534621,11.439881910896403,22.57783145464305,16.378153515834676,5.904455179817498,1.5096618357487923,2.563070316693505,1.3553408480944713,0.20799785292538917
201,38.479602791196996,11.366076221148685,22.477187332259795,16.163446054750402,5.904455179817498,1.5096618357487923,2.536231884057971,1.3553408480944713,0.20799785292538917
202,38.781535158346756,11.305689747718732,22.36983360171766,16.076221148684915,5.904455179817498,1.5096618357487923,2.5295222758990876,1.3217928073000538,0.20128824476650564
203,39.36527106816962,11.252012882447666,22.188674181427803,15.83467525496511,5.897745571658615,1.4895330112721417,2.4490069779924855,1.3217928073000538,0.20128824476650564
204,39.68733225979603,11.20504562533548,22.067901234567902,15.687063875469672,5.891035963499732,1.4895330112721417,2.4490069779924855,1.3217928073000538,0.20128824476650564
205,40.13687600644123,11.171497584541063,21.906870638754697,15.526033279656469,5.837359098228664,1.4694041867954912,2.4355877616747184,1.3150831991411702,0.20128824476650564
206,40.80783682232958,11.11111111111111,21.68545356951154,15.351583467525497,5.736714975845411,1.3754696725711217,2.4154589371980677,1.3150831991411702,0.20128824476650564
207,40.92860976918948,11.077563070316694,21.658615136876005,15.33816425120773,5.709876543209877,1.3754696725711217,2.395330112721417,1.3150831991411702,0.20128824476650564
208,41.14331723027375,11.037305421363392,21.43719806763285,15.230810520665592,5.9514224369296835,1.3352120236178207,2.395330112721417,1.2681159420289856,0.20128824476650564
209,41.30434782608695,11.023886205045626,21.410359634997317,15.177133655394526,5.891035963499732,1.3352120236178207,2.3886205045625335,1.2681159420289856,0.20128824476650564
210,41.243961352657,10.990338164251208,21.631776704240472,15.103327965646805,5.837359098228664,1.3352120236178207,2.3886205045625335,1.2681159420289856,0.20128824476650564
211,41.55260332796565,10.721953837895867,21.484165324745035,15.069779924852389,5.83064949006978,1.3352120236178207,2.3886205045625335,1.415727321524423,0.20128824476650564
212,40.53274288781535,10.59447128287708,21.752549651100377,16.297638217928075,5.750134192163178,1.442565754159957,2.1604938271604937,1.2681159420289856,0.20128824476650564
213,40.72061191626409,10.587761674718196,21.66532474503489,16.21712292002147,5.736714975845411,1.442565754159957,2.1604938271604937,1.2681159420289856,0.20128824476650564
214,41.116478797638216,10.560923242082662,21.477455716586153,16.11647879763822,5.662909286097692,1.442565754159957,2.15378421900161,1.2681159420289856,0.20128824476650564
215,41.36473429951691,10.520665593129362,21.443907675791735,16.022544283413847,5.609232420826624,1.442565754159957,2.15378421900161,1.2412775093934514,0.20128824476650564
216,41.86795491143317,10.466988727858293,21.22249060654858,15.827965646806227,5.5756843800322065,1.442565754159957,2.15378421900161,1.2412775093934514,0.20128824476650564
217,42.48523886205046,10.406602254428341,20.96081588835212,15.727321524422974,5.535426731078905,1.3352120236178207,2.120236178207193,1.2412775093934514,0.1878690284487386
218,38.86205045625336,3.770799785292539,30.857487922705314,16.478797638217927,5.495169082125604,1.3016639828234031,2.120236178207193,0.9259259259259259,0.1878690284487386
219,39.51959205582394,3.743961352657005,30.293880837359097,16.418411164787976,5.488459473966721,1.3016639828234031,2.120236178207193,0.9259259259259259,0.1878690284487386
220,39.801395598497045,3.743961352657005,28.77079978529254,16.23725174449812,5.475040257648954,1.2949543746645196,2.24771873322598,2.2410091250670963,0.1878690284487386
221,40.08990874932904,3.7104133118625873,28.629898013955984,16.150026838432634,5.4549114331723025,1.288244766505636,2.24771873322598,2.2410091250670963,0.1878690284487386
222,40.552871712292,3.7104133118625873,28.213902308105208,16.14331723027375,5.414653784219001,1.288244766505636,2.24771873322598,2.2410091250670963,0.1878690284487386
223,40.85480407944176,3.7104133118625873,27.999194847020934,15.935319377348362,5.347557702630167,1.2748255501878691,2.4490069779924855,2.2410091250670963,0.1878690284487386
224,41.217122920021474,3.69699409554482,27.730810520665592,15.874932903918411,5.300590445517981,1.4090177133655395,2.4355877616747184,2.147074610842727,0.1878690284487386
225,41.48550724637681,3.6366076221148687,27.563070316693505,15.83467525496511,5.3341384863123995,1.4090177133655395,2.408749329039184,2.1403650026838434,0.1878690284487386
226,41.80085882984434,3.616478797638218,27.47584541062802,15.727321524422974,5.300590445517981,1.4090177133655395,2.4020397208803006,2.086688137412775,0.18115942028985507
227,42.11621041331186,3.616478797638218,27.24771873322598,15.68035426731079,5.260332796564681,1.4090177133655395,2.4020397208803006,2.086688137412775,0.18115942028985507
228,42.74020397208803,3.549382716049383,27.033011272141707,15.5126140633387,5.119431025228127,1.3754696725711217,2.4020397208803006,2.086688137412775,0.18115942028985507
229,43.283682232957595,3.502415458937198,26.82501341921632,15.304616210413311,5.0858829844337095,1.2949543746645196,2.328234031132582,2.086688137412775,0.2885131508319914
230,43.09581320450886,3.321256038647343,26.818303811057433,15.26435856146001,5.58239398819109,1.2949543746645196,2.26784755770263,2.0665593129361244,0.2885131508319914
231,43.57890499194847,3.2877079978529253,26.603596349973163,15.163714439076758,5.5756843800322065,1.2949543746645196,2.2410091250670963,1.9659151905528718,0.2885131508319914
232,43.98148148148148,3.2742887815351582,26.556629092860977,14.915458937198068,5.528717122920021,1.2949543746645196,2.2410091250670963,1.9189479334406871,0.2885131508319914
233,44.498121309715515,3.2742887815351582,26.42914653784219,14.734299516908212,5.488459473966721,1.2748255501878691,2.0933977455716586,1.9189479334406871,0.2885131508319914
234,44.94095544820183,3.227321524422974,26.140633387010197,14.720880300590446,5.4616210413311865,1.2748255501878691,2.0397208803005906,1.90552871712292,0.2885131508319914
235,45.00805152979066,3.2139023081052067,25.72463768115942,14.76784755770263,5.9447128287707995,1.2010198604401503,2.0263016639828235,1.8250134192163177,0.2885131508319914
236,45.37707997852925,3.1870638754696725,25.59044551798175,14.680622651637144,5.877616747181965,1.1876006441223832,1.9860440150295222,1.8250134192163177,0.2885131508319914
237,45.67230273752013,3.180354267310789,25.47638217928073,14.553140096618357,5.864197530864198,1.1808910359634996,1.9726247987117553,1.8115942028985508,0.2885131508319914
238,45.82662372517445,3.079710144927536,25.288513150831992,14.734299516908212,5.857487922705314,1.1540526033279657,1.9726247987117553,1.7981749865807837,0.2885131508319914
239,46.02791196994095,3.066290928609769,25.281803542673106,14.640365002683843,5.837359098228664,1.1003757380568975,1.9659151905528718,1.7914653784219001,0.2885131508319914
240,46.3365539452496,3.0394524959742353,25.067096081588836,14.573268921095009,5.864197530864198,1.0735373054213635,1.9659151905528718,1.7914653784219001,0.2885131508319914
241,46.69887278582931,3.026033279656468,24.88593666129898,14.492753623188406,5.790391841116479,1.0735373054213635,1.9524959742351047,1.7914653784219001,0.2885131508319914
242,47.376543209876544,2.9723564143853998,24.65780998389694,14.31159420289855,5.662909286097692,1.0601180891035964,1.9524959742351047,1.7176596886741815,0.2885131508319914
243,47.819377348362856,2.9723564143853998,24.510198604401502,14.123725174449811,5.58239398819109,1.0601180891035964,1.9256575415995705,1.7176596886741815,0.2885131508319914
244,48.01395598497048,2.9388083735909825,24.10091250670961,14.029790660225443,5.0993022007514766,1.0466988727858293,2.7643585614600106,1.7176596886741815,0.2885131508319914
245,48.18840579710145,2.9388083735909825,23.96672034353194,14.029790660225443,5.059044551798175,1.0466988727858293,2.7643585614600106,1.7176596886741815,0.2885131508319914
246,48.50375738056898,2.9253891572732154,23.711755233494365,14.056629092860977,5.038915727321524,1.0265700483091786,2.7643585614600106,1.6841116478797638,0.2885131508319914
247,48.7385936661299,2.898550724637681,23.62453032742888,13.969404186795492,5.038915727321524,1.0265700483091786,2.7308105206655933,1.6841116478797638,0.2885131508319914
248,49.080783682232955,2.8784219001610305,23.443370907139023,13.868760064412239,5.032206119162641,0.9997316156736447,2.7308105206655933,1.6774020397208802,0.2885131508319914
249,49.35587761674718,2.844873859366613,23.382984433709073,13.848631239935587,4.951690821256038,0.9997316156736447,2.6502952227589907,1.6774020397208802,0.2885131508319914
250,49.443102522812666,2.831454643048846,23.32259796027912,13.841921631776705,4.951690821256038,0.9997316156736447,2.6435856146001075,1.6774020397208802,0.2885131508319914
251,49.81884057971015,2.8113258185721954,23.13472893183038,13.747987117552334,4.911433172302737,0.9997316156736447,2.61003757380569,1.6774020397208802,0.2885131508319914
252,50.315351583467525,2.791196994095545,22.946859903381643,13.419216317767042,5.072463768115942,0.9997316156736447,2.563070316693505,1.6035963499731616,0.2885131508319914
