,45,50,54,55,52,51,53,57,56,58
0,99.76516371443908,0.23483628556092323,,,,,,,,
1,95.45759527643585,4.542404723564144,,,,,,,,
2,94.3840579710145,5.615942028985507,,,,,,,,
3,90.45893719806763,9.541062801932368,,,,,,,,
4,77.83816425120773,22.16183574879227,,,,,,,,
5,77.8918411164788,21.846484165324746,0.2616747181964573,,,,,,,
6,77.86500268384326,21.75925925925926,0.2616747181964573,0.11406333870101985,,,,,,
7,76.9122383252818,22.604669887278583,0.2616747181964573,0.11406333870101985,0.10735373054213634,,,,,
8,69.04857756307031,30.253623188405797,0.2616747181964573,0.11406333870101985,0.1878690284487386,0.13419216317767044,,,,
9,68.8137412775094,26.85185185185185,0.2616747181964573,0.10735373054213634,0.1878690284487386,2.49597423510467,1.2815351583467525,,,
10,67.10950080515298,28.556092324208265,0.4025764895330113,0.10735373054213634,0.1878690284487386,2.3550724637681157,1.2815351583467525,,,
11,67.19001610305958,28.475577026301664,0.4025764895330113,0.10735373054213634,0.1878690284487386,2.3550724637681157,1.2815351583467525,,,
12,67.3913043478261,26.261406333870102,0.39586688137412773,0.05367686527106817,0.1878690284487386,4.441760601180891,1.2681159420289856,,,
13,61.66800858829844,31.776704240472355,0.5501878690284487,0.05367686527106817,0.24154589371980675,4.441760601180891,1.2681159420289856,,,
14,60.75550187869028,30.10601180891036,0.644122383252818,0.05367686527106817,0.24154589371980675,7.199409554482019,0.9997316156736447,,,
15,60.45356951154053,30.48174986580784,0.644122383252818,0.05367686527106817,0.24154589371980675,7.159151905528717,0.966183574879227,,,
16,58.40713902308105,30.253623188405797,0.9192163177670424,0.05367686527106817,2.6502952227589907,6.790123456790123,0.9259259259259259,,,
17,55.85748792270532,31.260064412238325,0.9192163177670424,0.05367686527106817,2.6502952227589907,8.011272141706923,1.247987117552335,,,
18,55.723295759527645,31.179549114331724,1.0332796564680622,0.1610305958132045,2.6502952227589907,8.004562533548041,1.247987117552335,,,
19,44.69269994632314,40.05636070853462,0.43612453032742887,0.20799785292538917,8.145464304884594,5.421363392377885,1.0399892646269457,,,
20,44.847020933977454,39.68733225979603,0.6172839506172839,0.20799785292538917,8.205850778314547,5.401234567901234,1.0332796564680622,,,
21,44.18947933440687,39.40552871712292,0.6172839506172839,0.20799785292538917,9.178743961352657,5.367686527106817,1.0332796564680622,,,
22,39.331723027375205,43.84728931830381,0.8923778851315083,0.20799785292538917,9.339774557165862,5.347557702630167,1.0332796564680622,,,
23,39.70746108427268,40.385131508319915,1.2345679012345678,0.20799785292538917,9.252549651100376,5.347557702630167,3.864734299516908,,,
24,40.04965110037574,40.19726247987118,1.2345679012345678,0.20799785292538917,9.098228663446054,5.347557702630167,3.864734299516908,,,
25,29.320987654320987,45.98094471282877,0.8722490606548577,0.38915727321524424,12.130971551261407,7.608695652173913,3.69699409554482,,,
26,29.60950080515298,42.632850241545896,0.8722490606548577,0.38915727321524424,15.291196994095545,7.541599570585078,3.6634460547504024,,,
27,29.770531400966185,42.652979066022546,0.9594739667203436,0.38915727321524424,15.170424047235642,7.407407407407407,3.6500268384326353,,,
28,30.01207729468599,42.49194847020934,0.9594739667203436,0.38915727321524424,15.116747181964573,7.380568974771873,3.6500268384326353,,,
29,30.434782608695652,42.250402576489535,0.9594739667203436,0.4830917874396135,14.949006977992486,7.326892109500805,3.5963499731615673,,,
30,30.54213633923779,38.99624261943102,0.9594739667203436,0.5434782608695652,11.77536231884058,15.566290928609769,1.5365002683843263,0.08051529790660225,,
31,25.946054750402578,29.837627482555018,0.8990874932903918,1.9994632313472893,10.520665593129362,28.73725174449812,1.4224369296833066,0.08051529790660225,0.5568974771873323,
32,24.97987117552335,30.991680085882983,0.8990874932903918,2.368491680085883,10.151637144390767,28.556092324208265,1.415727321524423,0.08051529790660225,0.5568974771873323,
33,24.282071926999464,31.91760601180891,0.8990874932903918,2.408749329039184,10.02415458937198,28.27428878153516,1.415727321524423,0.08051529790660225,0.6977992485238862,
34,24.12775093934514,30.340848094471284,0.6038647342995169,2.408749329039184,9.970477724100913,30.35426731078905,1.415727321524423,0.08051529790660225,0.6977992485238862,
35,24.60413311862587,29.911433172302736,0.6038647342995169,2.6301663982823404,9.943639291465379,29.824208266237253,1.415727321524423,0.08051529790660225,0.9863123993558777,
36,25.046967257112186,29.797369833601717,0.6038647342995169,2.6167471819645733,9.789318303811058,29.47530864197531,1.415727321524423,0.013419216317767043,1.2412775093934514,
37,25.617283950617285,29.522275899087493,0.6038647342995169,2.6033279656468062,9.708803005904455,29.274020397208805,1.415727321524423,0.013419216317767043,1.2412775093934514,
38,20.169082125603865,46.10842726784756,0.5233494363929146,3.1333870101986045,9.520933977455716,18.592324208266238,1.3754696725711217,0.013419216317767043,0.5636070853462157,
39,17.579173376274827,40.81454643048846,1.3150831991411702,2.757648953301127,8.890230810520666,27.616747181964573,0.4495437466451959,0.013419216317767043,0.5636070853462157,
40,17.767042404723565,40.68035426731079,1.3150831991411702,2.757648953301127,8.890230810520666,26.89210950080515,0.4294149221685454,0.013419216317767043,1.2546967257112185,
41,18.10252281266774,40.51932367149758,1.2546967257112185,2.757648953301127,8.84326355340848,26.82501341921632,0.4294149221685454,0.013419216317767043,1.2546967257112185,
42,18.370907139023082,40.371712292002144,1.8786902844873858,2.844873859366613,8.789586688137414,26.04669887278583,0.4294149221685454,0.013419216317767043,1.2546967257112185,
43,19.249865807836823,39.52630166398282,1.8853998926462694,2.985775630703167,8.68894256575416,25.865539452495973,0.4294149221685454,0.11406333870101985,1.2546967257112185,
44,19.89398819108964,39.110305958132045,1.8719806763285025,3.066290928609769,8.621846484165324,25.63070316693505,0.4830917874396135,0.11406333870101985,1.2077294685990339,
45,20.40391841116479,36.90955448201825,2.428878153515835,2.8784219001610305,8.588298443370908,24.859098228663445,2.61003757380569,0.11406333870101985,1.2077294685990339,
46,20.819914117015568,36.560654857756305,2.5161030595813205,2.8515834675254963,8.588298443370908,24.758454106280194,2.5831991411701556,0.11406333870101985,1.2077294685990339,
47,21.175523349436393,36.272141706924316,2.5161030595813205,3.0595813204508855,8.480944712828771,24.630971551261407,2.5429414922168547,0.11406333870101985,1.2077294685990339,
48,22.054482018250134,35.95679012345679,2.475845410628019,3.0394524959742353,8.319914117015566,24.295491143317232,2.5429414922168547,0.10735373054213634,1.2077294685990339,
49,21.66532474503489,32.83682232957595,2.522812667740204,4.978529253891573,8.044820182501342,25.939345142243692,2.5429414922168547,0.10735373054213634,1.3620504562533549,
50,22.054482018250134,32.30005367686527,2.4020397208803006,5.542136339237788,6.843800322061192,25.59044551798175,3.770799785292539,0.10735373054213634,1.3888888888888888,
51,22.564412238325282,31.85721953837896,2.5496511003757383,5.515297906602254,6.830381105743425,24.61755233494364,3.475577026301664,0.10735373054213634,2.4825550187869028,
52,21.70558239398819,32.50805152979066,2.5496511003757383,5.60252281266774,6.8035426731078905,24.765163714439076,3.475577026301664,0.10735373054213634,2.4825550187869028,
53,22.000805152979066,32.27992485238862,2.5496511003757383,5.60252281266774,6.884057971014493,24.50348899624262,3.4688674181427803,0.10735373054213634,2.6033279656468062,
54,21.772678475577028,31.95786366076221,2.5496511003757383,5.850778314546431,7.648953301127214,24.214975845410628,3.2004830917874396,0.10735373054213634,2.6972624798711755,
55,20.115405260332796,27.91867954911433,2.522812667740204,5.300590445517981,5.421363392377885,32.63553408480945,3.1736446591519054,0.0939345142243693,2.818035426731079,
56,20.78636607622115,27.710681696188942,2.522812667740204,5.428073000536768,5.367686527106817,32.19940955448202,2.9388083735909825,0.24154589371980675,2.804616210413312,
57,21.26945786366076,27.489264626945786,2.522812667740204,5.448201825013419,5.367686527106817,31.89747718733226,2.85829307568438,0.24154589371980675,2.9052603327965647,
58,21.79951690821256,27.20746108427268,2.509393451422437,5.421363392377885,5.367686527106817,31.723027375201287,2.85829307568438,0.24154589371980675,2.871712292002147,
59,22.36983360171766,27.079978529253893,2.6637144390767578,7.588566827697263,5.35426731078905,29.03918411164788,2.7844873859366612,0.23483628556092323,2.885131508319914,
60,21.64519592055824,27.992485238862052,2.804616210413312,7.803274288781535,5.340848094471283,28.797638217928075,2.6502952227589907,0.23483628556092323,2.7308105206655933,
61,22.436929683306495,27.79790660225443,2.7643585614600106,7.722758990874933,5.340848094471283,28.247450348899623,2.6301663982823404,0.2281266774020397,2.831454643048846,
62,23.05421363392378,27.435587761674718,2.8381642512077296,7.803274288781535,5.340848094471283,27.78448738593666,2.314814814814815,0.2281266774020397,3.2004830917874396,
63,23.597691894793343,26.818303811057433,2.9589371980676327,7.716049382716049,5.340848094471283,27.690552871712292,2.4557165861513686,0.2281266774020397,3.193773483628556,
64,19.605475040257648,23.58427267847558,2.9119699409554483,6.367418142780462,11.77536231884058,30.88432635534085,2.3349436392914655,0.12077294685990338,2.4154589371980677,
65,19.82018250134192,23.57085346215781,2.8650026838432634,5.958132045088567,13.560118089103597,29.361245303274288,2.3349436392914655,0.12077294685990338,2.408749329039184,
66,20.169082125603865,23.537305421363392,2.8650026838432634,5.877616747181965,13.45276435856146,29.260601180891037,2.3081052066559313,0.12077294685990338,2.408749329039184,
67,20.739398819108963,23.349436392914654,2.791196994095545,5.837359098228664,13.372249060654857,29.106280193236714,2.281266774020397,0.12077294685990338,2.4020397208803006,
68,20.78636607622115,22.309447128287708,4.032474503488996,5.776972624798712,13.358829844337091,28.985507246376812,2.2745571658615136,0.12077294685990338,2.3550724637681157,
69,20.79307568438003,21.182232957595275,4.012345679012346,5.736714975845411,13.271604938271604,28.743961352657006,3.797638217928073,0.12077294685990338,2.341653247450349,
70,20.705850778314545,20.222758990874933,3.81105743424584,4.200214707461084,11.044015029522276,33.756038647343,3.797638217928073,0.12077294685990338,2.341653247450349,
71,20.840042941492218,20.021470746108427,3.797638217928073,4.314278046162104,11.010466988727858,33.61513687600644,3.938539989264627,0.12077294685990338,2.341653247450349,
72,21.289586688137412,19.753086419753085,3.911701556629093,4.314278046162104,10.983628556092324,33.293075684380035,3.898282340311326,0.12077294685990338,2.4355877616747184,
73,21.93370907139023,19.652442297369834,3.844605475040258,4.314278046162104,10.815888352120236,33.10520665593129,3.8580246913580245,0.12077294685990338,2.3550724637681157,
74,22.571121846484164,19.444444444444443,3.8378958668813743,4.2270531400966185,10.768921095008052,32.84353193773484,3.851315083199141,0.12077294685990338,2.3349436392914655,
75,21.443907675791735,16.27079978529254,3.8177670424047236,4.0995705850778315,16.72705314009662,31.89747718733226,3.2877079978529253,0.12077294685990338,2.3349436392914655,
76,22.000805152979066,16.109769189479334,3.8177670424047236,4.092860976918948,16.67337627482555,31.582125603864736,3.2675791733762747,0.12077294685990338,2.3349436392914655,
77,22.289318303811058,16.09634997316157,3.7775093934514223,4.05931293612453,16.63311862587225,31.427804616210413,3.2675791733762747,0.12077294685990338,2.328234031132582,
78,21.833064949006978,15.458937198067632,3.5225442834138487,3.81105743424584,19.538378958668815,30.139559849704778,3.2541599570585076,0.12077294685990338,2.3215244229736984,
79,21.987385936661298,15.438808373590982,3.421900161030596,3.7238325281803544,19.504830917874397,30.461621041331185,3.166935050993022,0.12077294685990338,2.1739130434782608,
80,21.906870638754697,15.291196994095545,3.0193236714975846,3.8915727321524423,18.813741277509394,31.45464304884595,3.166935050993022,0.12077294685990338,2.3349436392914655,
81,20.913848631239937,13.372249060654857,2.5295222758990876,3.770799785292539,17.56575415995706,36.28556092324208,3.1602254428341383,0.12077294685990338,2.281266774020397,
82,19.632313472893184,22.604669887278583,2.2342995169082127,3.8043478260869565,17.371175523349436,28.951959205582394,3.1468062265163717,0.12077294685990338,2.13365539452496,
83,19.712828770799785,22.52415458937198,2.2342995169082127,4.1532474503489,17.05582393988191,28.690284487385938,3.1065485775630703,0.2616747181964573,2.2611379495437465,
84,20.263016639828233,22.22222222222222,2.2342995169082127,4.253891572732153,16.867954911433173,28.381642512077295,3.260869565217391,0.2616747181964573,2.254428341384863,
85,20.685721953837895,22.10144927536232,2.2342995169082127,4.166666666666667,16.75389157273215,28.29441760601181,3.2474503488996245,0.2616747181964573,2.254428341384863,
86,20.457595276435857,20.9272678475577,2.1403650026838434,4.025764895330113,20.00805152979066,26.717659688674182,3.2474503488996245,0.3757380568974772,2.100107353730542,
87,21.22249060654858,20.7662372517445,2.1403650026838434,3.9855072463768115,19.665861513687602,26.50966183574879,3.2340311325818574,0.3757380568974772,2.100107353730542,
88,21.35668276972625,18.739935587761675,2.1403650026838434,4.012345679012346,19.424315619967793,26.37546967257112,5.475040257648954,0.3757380568974772,2.100107353730542,
89,21.786097691894792,18.451422436929683,2.227589908749329,3.9720880300590444,19.189479334406872,26.093666129898015,5.414653784219001,0.3757380568974772,2.4892646269457863,
90,22.19538378958669,18.337359098228664,2.2208803005904456,4.045893719806763,19.07541599570585,25.845410628019323,5.414653784219001,0.3757380568974772,2.4892646269457863,
91,21.980676328502415,17.54562533548041,2.301395598497048,4.42163177670424,21.631776704240472,23.859366612989803,5.394524959742351,0.3757380568974772,2.4892646269457863,
92,22.23564143853999,17.351046698872786,2.301395598497048,4.924852388620504,21.470746108427267,23.58427267847558,5.146269457863661,0.3757380568974772,2.61003757380569,
93,21.370101986044016,16.55931293612453,2.1739130434782608,4.622920021470746,21.00107353730542,25.348899624261943,6.0587761674718195,0.3757380568974772,2.4892646269457863,
94,21.87332259796028,16.431830381105744,2.120236178207193,4.616210413311863,20.585077831454644,25.0805152979066,6.132581857219538,0.5837359098228664,2.576489533011272,
95,22.31615673644659,16.431830381105744,2.1135265700483092,4.616210413311863,20.417337627482556,24.953032742887814,6.0654857756307035,0.5837359098228664,2.5026838432635534,
96,21.712292002147073,15.921900161030596,2.227589908749329,4.260601180891036,21.62506709608159,23.993558776167472,7.2933440687063875,0.5837359098228664,2.38191089640365,
97,22.020933977455716,15.888352120236178,2.227589908749329,4.260601180891036,21.477455716586153,23.872785829307567,7.286634460547504,0.5837359098228664,2.38191089640365,
98,22.32957595276436,15.841384863123993,2.1940418679549114,4.247181964573269,21.336553945249598,22.993827160493826,7.957595276435856,0.5837359098228664,2.5161030595813205,
99,22.611379495437465,15.613258185721953,2.328234031132582,4.320987654320987,21.14868491680086,22.940150295222757,7.937466451959206,0.5837359098228664,2.5161030595813205,
100,22.705314009661837,15.559581320450885,2.328234031132582,4.797369833601718,21.021202361782073,22.550993022007514,7.937466451959206,0.5837359098228664,2.5161030595813205,
101,22.805958132045088,15.814546430488459,2.4355877616747184,4.797369833601718,20.860171765968868,22.383252818035427,7.917337627482555,0.5837359098228664,2.4020397208803006,
102,22.913311862587225,15.646806226516372,4.045893719806763,4.730273752012883,19.753086419753085,22.15512614063339,7.7831454643048845,0.5837359098228664,2.3886205045625335,
103,23.356146001073537,15.573000536768653,3.978797638217928,4.804079441760601,19.665861513687602,21.900161030595815,7.769726247987117,0.5770263016639828,2.3752012882447664,
104,23.79898013955985,15.411969940955448,3.978797638217928,4.884594739667204,19.47128287707998,21.77938808373591,7.7361782071927,0.5636070853462157,2.3752012882447664,
105,23.926462694578635,15.03623188405797,3.965378421900161,4.864465915190553,19.269994632313473,22.18196457326892,7.709339774557166,0.7045088566827697,2.341653247450349,
106,24.228395061728396,14.955716586151368,3.965378421900161,4.8443370907139025,19.102254428341386,22.148416532474503,7.709339774557166,0.7045088566827697,2.341653247450349,
107,24.382716049382715,14.935587761674718,3.965378421900161,4.8443370907139025,19.008319914117017,21.940418679549115,7.709339774557166,0.7045088566827697,2.509393451422437,
108,24.664519592055825,14.828234031132581,3.938539989264627,4.8376274825550185,18.71309715512614,22.20209339774557,7.628824476650563,0.6843800322061192,2.5026838432635534,
109,24.986580783682232,14.593397745571659,4.575952764358561,4.904723564143854,18.699677938808374,22.088030059044552,6.971282877079979,0.6843800322061192,2.49597423510467,
110,24.382716049382715,14.15727321524423,4.455179817498658,4.40150295222759,20.578368223295758,22.054482018250134,6.937734836285561,0.6843800322061192,2.3483628556092326,
111,24.993290391841118,13.821792807300053,4.428341384863124,4.394793344068707,20.511272141706925,21.792807300053678,7.051798174986581,0.6843800322061192,2.3215244229736984,
112,24.771873322597962,13.593666129898015,4.42163177670424,4.488727858293076,19.900697799248523,23.45679012345679,6.488191089640365,0.6843800322061192,2.1940418679549114,
113,24.282071926999464,13.47289318303811,3.260869565217391,4.488727858293076,19.343800322061192,25.81857219538379,6.468062265163715,0.6843800322061192,2.1806226516371443,
114,24.63768115942029,13.358829844337091,3.2474503488996245,4.468599033816425,19.290123456790123,25.72463768115942,6.4345142243692965,0.6843800322061192,2.15378421900161,
115,24.56387546967257,12.942834138486312,3.4017713365539453,4.8376274825550185,18.988191089640367,25.187869028448738,7.266505636070853,0.6843800322061192,2.1269457863660763,
116,23.939881910896403,12.909286097691895,3.2742887815351582,4.8376274825550185,15.526033279656469,29.998658078368223,7.25979602791197,0.47638217928073,1.778046162104133,
117,24.322329575952764,12.761674718196458,3.2742887815351582,4.8376274825550185,15.405260332796564,29.790660225442835,7.246376811594203,0.47638217928073,1.8853998926462694,
118,24.208266237251745,12.439613526570048,3.140096618357488,5.045625335480408,15.069779924852389,30.495169082125603,7.206119162640902,0.47638217928073,1.9189479334406871,
119,24.000268384326354,12.392646269457863,4.575952764358561,5.01207729468599,14.97584541062802,29.57595276435856,7.112184648416532,0.47638217928073,1.8786902844873858,
120,24.194847020933977,12.25174449812131,4.502147074610843,5.233494363929147,14.358561460010735,30.09259259259259,7.024959742351046,0.47638217928073,1.865271068169619,
121,24.54374664519592,12.191358024691358,4.4753086419753085,5.293880837359098,14.231078904991948,29.898013955984972,6.870638754696726,0.47638217928073,2.01959205582394,
122,24.758454106280194,12.13768115942029,4.4753086419753085,5.293880837359098,14.029790660225443,29.851046698872786,6.843800322061192,0.6038647342995169,2.006172839506173,
123,25.147611379495437,12.110842726784755,4.428341384863124,5.810520665593129,13.92914653784219,29.13311862587225,6.830381105743425,0.6038647342995169,2.006172839506173,
124,25.691089640365004,12.090713902308105,4.488727858293076,5.6964573268921095,13.902308105206655,28.824476650563607,6.743156199677939,0.6038647342995169,1.9592055823939882,
125,25.301932367149757,11.862587224906065,4.247181964573269,5.434782608695652,16.31105743424584,27.563070316693505,6.642512077294686,0.6038647342995169,2.033011272141707,
126,25.389157273215243,11.829039184111648,4.072732152442297,5.763553408480945,16.23725174449812,27.556360708534623,6.521739130434782,0.5971551261406334,2.033011272141707,
127,25.751476113794954,11.79549114331723,4.213633923778851,5.636070853462158,16.029253891572733,27.455716586151368,6.521739130434782,0.5971551261406334,1.9994632313472893,
128,25.77831454643049,11.714975845410628,6.038647342995169,5.508588298443371,15.962157809983896,26.536500268384327,5.864197530864198,0.5971551261406334,1.9994632313472893,
129,26.234567901234566,11.506977992485238,6.038647342995169,5.495169082125604,15.915190552871712,26.362050456253353,5.850778314546431,0.5971551261406334,1.9994632313472893,
130,25.95276435856146,10.976918947933441,5.931293612453032,5.495169082125604,17.787171229200215,26.060118089103597,5.5689747718733225,0.4830917874396135,1.7444981213097155,
131,26.32850241545894,10.641438539989265,5.179817498658078,5.287171229200215,17.57246376811594,25.831991411701555,6.951154052603328,0.4830917874396135,1.724369296833065,
132,26.422436929683307,10.601180891035963,5.320719269994632,5.374396135265701,17.8743961352657,25.503220611916262,6.716317767042405,0.46296296296296297,1.724369296833065,
133,26.643853998926463,10.560923242082662,5.320719269994632,5.374396135265701,17.800590445517983,25.328770799785293,6.709608158883521,0.46296296296296297,1.724369296833065,0.07380568974771873
134,27.093397745571657,10.36634460547504,5.260332796564681,5.3341384863123995,17.914653784219002,25.281803542673106,6.494900697799249,0.46296296296296297,1.7176596886741815,0.07380568974771873
135,27.26784755770263,10.312667740203972,5.260332796564681,5.481749865807837,17.847557702630166,24.590713902308106,6.474771873322598,0.46296296296296297,2.227589908749329,0.07380568974771873
136,27.30810520665593,9.561191626409018,5.22007514761138,5.414653784219001,17.54562533548041,25.697799248523886,6.407675791733762,0.4495437466451959,2.3215244229736984,0.07380568974771873
137,27.697262479871174,9.561191626409018,5.159688674181428,5.401234567901234,17.297369833601717,25.657541599570585,6.407675791733762,0.4495437466451959,2.2946859903381642,0.07380568974771873
138,27.985775630703166,9.473966720343531,5.132850241545894,5.387815351583468,17.21014492753623,25.623993558776167,6.367418142780462,0.4495437466451959,2.2946859903381642,0.07380568974771873
139,28.039452495974235,9.433709071390231,5.548845947396672,5.387815351583468,16.881374127750938,25.583735909822867,6.340579710144928,0.4495437466451959,2.2611379495437465,0.07380568974771873
140,28.381642512077295,9.39345142243693,5.528717122920021,5.414653784219001,16.820987654320987,25.288513150831992,6.340579710144928,0.4495437466451959,2.3081052066559313,0.07380568974771873
141,28.743961352657006,9.386741814278047,5.4549114331723025,5.542136339237788,16.700214707461082,25.15432098765432,6.199677938808374,0.4495437466451959,2.2946859903381642,0.07380568974771873
142,29.361245303274288,9.386741814278047,5.394524959742351,5.60252281266774,16.552603327965645,24.86580783682233,6.052066559312936,0.4495437466451959,2.2611379495437465,0.07380568974771873
143,29.58937198067633,9.346484165324744,5.35426731078905,5.589103596349974,17.632850241545892,23.564143853998928,6.179549114331723,0.4495437466451959,2.254428341384863,0.040257648953301126
144,29.66988727858293,9.29951690821256,5.340848094471283,5.5689747718733225,17.37788513150832,23.450080515297905,6.461352657004831,0.4495437466451959,2.341653247450349,0.040257648953301126
145,29.911433172302736,9.192163177670425,5.515297906602254,5.71658615136876,17.37788513150832,23.13472893183038,6.353998926462695,0.4495437466451959,2.3081052066559313,0.040257648953301126
146,30.50858829844337,9.172034353193773,5.441492216854535,5.649490069779925,17.12962962962963,22.987117552334944,6.320450885668277,0.4495437466451959,2.301395598497048,0.040257648953301126
147,30.783682232957595,9.16532474503489,5.414653784219001,5.615942028985507,17.102791196994094,22.832796564680624,6.206387546967257,0.4495437466451959,2.2745571658615136,0.15432098765432098
148,29.770531400966185,7.648953301127214,5.287171229200215,7.890499194847021,16.14331723027375,24.04723564143854,6.340579710144928,0.4495437466451959,2.26784755770263,0.15432098765432098
149,29.985238862050455,7.474503488996243,5.35426731078905,8.091787439613526,16.002415458937197,23.792270531400966,6.226516371443908,0.5837359098228664,2.3483628556092326,0.14090177133655393
150,29.884594739667204,7.380568974771873,5.314009661835748,8.091787439613526,16.666666666666668,23.483628556092324,6.105743424584004,0.5837359098228664,2.3483628556092326,0.14090177133655393
151,29.159957058507782,6.816961889425658,5.166398282340311,6.320450885668277,14.53972088030059,27.885131508319915,7.212828770799785,0.5166398282340311,2.301395598497048,0.08051529790660225
152,29.78395061728395,6.810252281266774,5.0791733762748255,6.380837359098229,14.358561460010735,27.435587761674718,7.199409554482019,0.5032206119162641,2.368491680085883,0.08051529790660225
153,29.448470209339774,6.810252281266774,5.01207729468599,5.884326355340848,16.552603327965645,26.268115942028984,7.1725711218464845,0.5032206119162641,2.26784755770263,0.08051529790660225
154,28.06629092860977,6.689479334406871,4.783950617283951,5.83064949006978,17.62614063338701,28.428609769189478,5.911164787976382,0.5032206119162641,2.0799785292538915,0.08051529790660225
155,28.455448201825014,6.5552871712292005,4.851046698872786,5.83064949006978,17.57246376811594,28.22061191626409,5.850778314546431,0.5032206119162641,2.0799785292538915,0.08051529790660225
156,28.683574879227052,6.5552871712292005,4.851046698872786,5.83064949006978,17.57246376811594,28.005904455179817,5.837359098228664,0.5032206119162641,2.0799785292538915,0.08051529790660225
157,28.683574879227052,6.528448738593666,4.8443370907139025,5.931293612453032,17.458400429414922,27.851583467525497,6.0587761674718195,0.48980139559849706,2.073268921095008,0.08051529790660225
158,28.871443907675793,6.515029522275899,4.87788513150832,5.904455179817498,17.324208266237253,27.831454643048847,6.031937734836285,0.48980139559849706,2.073268921095008,0.08051529790660225
159,29.408212560386474,6.474771873322598,4.783950617283951,5.837359098228664,17.10950080515298,27.49597423510467,6.132581857219538,0.48980139559849706,2.187332259796028,0.08051529790660225
160,29.320987654320987,6.3070316693505095,4.777241009125067,5.931293612453032,20.52469135802469,24.490069779924852,6.132581857219538,0.48980139559849706,1.9457863660762211,0.08051529790660225
161,29.69001610305958,6.152710681696189,4.770531400966184,6.031937734836285,20.2361782071927,24.376006441223833,6.125872249060655,0.48980139559849706,2.046430488459474,0.08051529790660225
162,29.891304347826086,6.125872249060655,4.750402576489533,6.092324208266238,20.115405260332796,24.282071926999464,6.125872249060655,0.48980139559849706,2.046430488459474,0.08051529790660225
163,30.381105743424584,6.119162640901771,4.750402576489533,6.011808910359635,19.920826623725173,24.10091250670961,6.099033816425121,0.48980139559849706,2.046430488459474,0.08051529790660225
164,30.595813204508858,6.092324208266238,4.723564143853999,6.300322061191626,19.639023081052066,24.02710681696189,6.085614600107354,0.4495437466451959,2.006172839506173,0.08051529790660225
165,30.69645732689211,6.078904991948471,4.669887278582931,6.152710681696189,19.585346215780998,23.96672034353194,6.139291465378422,0.4495437466451959,2.1806226516371443,0.08051529790660225
166,30.71658615136876,6.072195383789587,5.038915727321524,6.112453032742888,19.49141170155663,23.8191089640365,6.045356951154052,0.4495437466451959,2.1739130434782608,0.08051529790660225
167,30.917874396135264,5.904455179817498,4.985238862050457,6.253354804079442,19.35721953837896,23.738593666129898,6.159420289855072,0.4495437466451959,2.1739130434782608,0.06038647342995169
168,30.83064949006978,5.776972624798712,4.9718196457326895,6.253354804079442,20.02818035426731,23.64465915190553,5.837359098228664,0.4495437466451959,2.147074610842727,0.06038647342995169
169,31.206387546967257,5.743424584004294,4.9651100375738055,6.246645195920558,19.96779388083736,23.376274825550187,5.756843800322061,0.4495437466451959,2.227589908749329,0.06038647342995169
170,31.756575415995705,5.71658615136876,4.951690821256038,6.239935587761675,19.766505636070853,23.11460010735373,5.736714975845411,0.4495437466451959,2.2074610842726785,0.06038647342995169
171,31.964573268921097,5.656199677938808,5.139559849704777,6.179549114331723,19.605475040257648,23.03408480944713,5.709876543209877,0.4428341384863124,2.2074610842726785,0.06038647342995169
172,32.05179817498658,5.642780461621041,5.025496511003757,6.380837359098229,19.504830917874397,22.69189479334407,5.931293612453032,0.5099302200751477,2.200751476113795,0.06038647342995169
173,32.50805152979066,5.642780461621041,4.958400429414922,6.360708534621578,19.316961889425656,22.517444981213096,5.931293612453032,0.5032206119162641,2.200751476113795,0.06038647342995169
174,32.6154052603328,5.615942028985507,4.851046698872786,6.447933440687064,19.0955448201825,22.36983360171766,6.105743424584004,0.5032206119162641,2.3349436392914655,0.06038647342995169
175,32.54830917874396,5.24020397208803,4.904723564143854,5.891035963499732,18.726516371443907,22.188674181427803,7.628824476650563,0.5032206119162641,2.3081052066559313,0.06038647342995169
176,32.27992485238862,4.944981213097155,4.87788513150832,6.166129898013956,19.00161030595813,22.17525496511004,7.548309178743962,0.5032206119162641,2.442297369833602,0.06038647342995169
177,32.729468599033815,4.944981213097155,4.87788513150832,6.159420289855072,18.726516371443907,22.074610842726784,7.494632313472893,0.5032206119162641,2.428878153515835,0.06038647342995169
178,33.051529790660226,4.911433172302737,4.87788513150832,6.159420289855072,18.65271068169619,21.953837895866883,7.4006977992485234,0.5032206119162641,2.428878153515835,0.06038647342995169
179,33.69565217391305,4.864465915190553,4.904723564143854,6.011808910359635,18.391035963499732,21.81964573268921,7.333601717659689,0.49651100375738055,2.4221685453569513,0.06038647342995169
180,33.803005904455176,4.851046698872786,5.293880837359098,5.978260869565218,18.317230273752013,21.604938271604937,7.239667203435319,0.49651100375738055,2.3550724637681157,0.06038647342995169
181,34.12506709608159,4.810789049919484,5.246913580246914,5.978260869565218,18.223295759527645,21.497584541062803,7.206119162640902,0.49651100375738055,2.3550724637681157,0.06038647342995169
182,34.39345142243693,4.797369833601718,5.246913580246914,6.105743424584004,18.14278046162104,21.22249060654858,7.206119162640902,0.49651100375738055,2.328234031132582,0.06038647342995169
183,34.695383789586685,4.757112184648417,5.3341384863123995,6.031937734836285,17.98174986580784,21.048040794417606,7.300053676865271,0.48980139559849706,2.301395598497048,0.06038647342995169
184,35.12479871175523,4.730273752012883,5.267042404723564,5.998389694041868,18.02871712292002,20.90042941492217,7.105475040257649,0.48980139559849706,2.2946859903381642,0.06038647342995169
185,35.13150831991412,4.669887278582931,5.267042404723564,5.589103596349974,19.00161030595813,20.813204508856682,6.6827697262479875,0.48980139559849706,2.2946859903381642,0.06038647342995169
186,35.178475577026305,4.64975845410628,5.267042404723564,5.535426731078905,18.94122383252818,20.41062801932367,7.185990338164252,0.48980139559849706,2.281266774020397,0.06038647342995169
187,32.10547504025765,3.435319377348363,5.112721417069243,4.542404723564144,17.68652710681696,28.569511540526033,6.119162640901771,0.28180354267310787,2.147074610842727,
188,32.25979602791197,3.421900161030596,5.0858829844337095,4.676596886741814,17.66639828234031,28.415190552871714,6.078904991948471,0.28180354267310787,2.1135265700483092,
189,32.729468599033815,3.421900161030596,5.0858829844337095,4.616210413311863,17.54562533548041,28.22061191626409,5.984970477724101,0.28180354267310787,2.1135265700483092,
190,32.749597423510465,3.2340311325818574,4.99194847020934,4.388083735909823,16.982018250134193,26.932367149758456,8.11862587224906,0.28180354267310787,2.3215244229736984,
191,33.051529790660226,3.2340311325818574,4.985238862050457,4.374664519592056,16.80756843800322,26.7512077294686,8.09849704777241,0.28180354267310787,2.4154589371980677,
192,31.83709071390231,3.166935050993022,4.609500805152979,4.320987654320987,13.18438003220612,33.15217391304348,7.273215244229737,0.2683843263553409,2.187332259796028,
193,32.39398819108964,3.166935050993022,4.5893719806763285,4.448470209339774,13.036768652710682,32.6556629092861,7.253086419753086,0.2683843263553409,2.187332259796028,
194,29.844337090713903,9.420289855072463,4.28743961352657,4.139828234031133,12.681159420289855,30.797101449275363,6.662640901771336,0.2616747181964573,1.90552871712292,
195,30.226784755770264,9.420289855072463,4.28743961352657,4.139828234031133,12.580515297906603,30.3743961352657,6.662640901771336,0.2616747181964573,2.046430488459474,
196,29.985238862050455,9.366612989801396,4.28743961352657,4.072732152442297,12.211486849168008,31.468062265163713,6.374127750939345,0.24825550187869028,1.9860440150295222,
197,30.132850241545892,9.31964573268921,4.2270531400966185,4.435050993022007,11.949812130971551,31.052066559312937,6.689479334406871,0.24825550187869028,1.9457863660762211,
198,30.454911433172303,9.31964573268921,4.193505099302201,4.388083735909823,11.889425657541599,30.9447128287708,6.642512077294686,0.24825550187869028,1.9189479334406871,
199,30.9447128287708,9.25925925925926,4.327697262479871,4.3478260869565215,11.681427804616211,30.73671497584541,6.535158346752549,0.24825550187869028,1.9189479334406871,
200,31.40096618357488,9.198872785829307,4.656468062265164,4.502147074610843,11.553945249597424,30.24020397208803,6.3070316693505095,0.24825550187869028,1.892109500805153,
201,31.736446591519055,8.890230810520666,4.636339237788513,4.7168545356951155,11.54723564143854,30.06575415995706,6.266774020397209,0.24825550187869028,1.892109500805153,
202,32.23966720343532,8.84326355340848,4.582662372517445,4.7168545356951155,11.43317230273752,29.810789049919485,6.266774020397209,0.2214170692431562,1.8853998926462694,
203,32.50805152979066,8.742619431025227,4.51556629092861,4.663177670424047,11.621041331186259,29.562533548040793,6.219806763285024,0.2214170692431562,1.9457863660762211,
204,32.44095544820183,8.641975308641975,4.750402576489533,4.663177670424047,11.77536231884058,29.347826086956523,6.213097155126141,0.2214170692431562,1.9457863660762211,
205,32.92404723564144,8.55475040257649,4.643048845947397,4.663177670424047,11.600912506709609,29.274020397208805,6.179549114331723,0.2214170692431562,1.9390767579173376,
206,33.19243156199678,8.55475040257649,4.51556629092861,4.663177670424047,11.574074074074074,29.1935050993022,6.146001073537305,0.2214170692431562,1.9390767579173376,
207,33.373590982286636,8.494363929146537,4.4753086419753085,4.663177670424047,11.641170155662909,29.09286097691895,6.112453032742888,0.2214170692431562,1.9256575415995705,
208,33.73590982286635,8.467525496511003,4.414922168545357,4.783950617283951,11.506977992485238,28.77079978529254,6.011808910359635,0.2214170692431562,2.086688137412775,
209,33.923778851315085,7.682501341921632,4.455179817498658,5.622651637144391,11.500268384326356,28.609769189479334,5.917874396135265,0.2214170692431562,2.0665593129361244,
210,34.33977455716586,7.50805152979066,4.435050993022007,5.609232420826624,11.426462694578637,28.522544283413847,5.870907139023081,0.2214170692431562,2.0665593129361244,
211,34.5276435856146,7.501341921631776,4.40150295222759,6.112453032742888,11.2788513150832,28.046162104133117,5.850778314546431,0.2214170692431562,2.059849704777241,
212,34.80944712828771,7.494632313472893,4.159957058507783,6.253354804079442,11.231884057971014,27.74422973698336,6.0654857756307035,0.2214170692431562,2.01959205582394,
213,35.15163714439077,7.481213097155126,4.146537842190016,6.300322061191626,11.117820719269995,27.49597423510467,6.0654857756307035,0.2214170692431562,2.01959205582394,
214,35.36634460547504,7.4208266237251745,4.213633923778851,6.5552871712292005,11.117820719269995,27.200751476113794,5.897745571658615,0.2214170692431562,2.006172839506173,
215,35.80246913580247,7.199409554482019,4.17337627482555,6.568706387546968,11.037305421363392,26.972624798711756,6.031937734836285,0.2214170692431562,1.9927536231884058,
216,36.07085346215781,7.179280730005368,4.17337627482555,6.541867954911433,10.983628556092324,26.838432635534083,6.005099302200751,0.2214170692431562,1.9860440150295222,
217,36.05072463768116,7.179280730005368,4.260601180891036,6.662640901771336,10.963499731615673,26.704240472356414,5.984970477724101,0.2214170692431562,1.9726247987117553,
218,36.16478797638218,7.152442297369833,4.341116478797638,6.736446591519055,10.923242082662373,26.556629092860977,5.9447128287707995,0.2214170692431562,1.9592055823939882,
219,35.85614600107354,7.058507783145465,4.159957058507783,6.655931293612453,12.157809983896941,26.053408480944714,5.891035963499732,0.2214170692431562,1.9457863660762211,
220,36.11782071926999,7.018250134192163,4.159957058507783,6.649221685453569,12.030327428878154,25.91250670960816,5.857487922705314,0.2214170692431562,2.033011272141707,
221,36.37278582930757,6.977992485238862,4.38137412775094,6.568706387546968,11.869296833064949,25.644122383252817,5.797101449275362,0.2214170692431562,2.167203435319377,
222,36.922973698336016,6.91760601180891,4.280730005367687,6.521739130434782,11.822329575952764,25.523349436392916,5.676328502415459,0.2214170692431562,2.1135265700483092,
223,36.18491680085883,6.6760601180891035,4.367954911433173,5.642780461621041,11.66129898013956,25.308641975308642,7.823403113258186,0.2214170692431562,2.1135265700483092,
224,36.39291465378422,6.629092860976919,4.502147074610843,5.642780461621041,11.553945249597424,25.241545893719806,7.702630166398282,0.2214170692431562,2.1135265700483092,
225,35.970209339774556,6.575415995705851,4.408212560386473,5.407944176060118,12.835480407944177,24.765163714439076,7.628824476650563,0.2214170692431562,2.187332259796028,
226,36.37949543746645,6.528448738593666,4.522275899087493,5.528717122920021,12.701288244766506,24.362587224906065,7.575147611379496,0.2214170692431562,2.1806226516371443,
227,36.41975308641975,6.535158346752549,4.5893719806763285,5.515297906602254,12.701288244766506,24.322329575952764,7.5348899624261945,0.2214170692431562,2.1604938271604937,
228,36.77536231884058,6.474771873322598,4.5893719806763285,5.515297906602254,12.701288244766506,24.00697799248524,7.467793880837359,0.2214170692431562,2.24771873322598,
229,37.043746645195924,6.387546967257112,4.790660225442834,5.528717122920021,12.714707461084272,23.67149758454106,7.39398819108964,0.2214170692431562,2.24771873322598,
230,37.0907139023081,6.253354804079442,4.7101449275362315,5.508588298443371,12.593934514224369,24.013687600644122,7.347020933977456,0.2214170692431562,2.2611379495437465,
231,37.59393451422437,6.179549114331723,4.602791196994096,5.562265163714439,12.513419216317766,23.765432098765434,7.300053676865271,0.2214170692431562,2.2611379495437465,
232,37.67444981213097,6.0654857756307035,5.032206119162641,5.548845947396672,12.25174449812131,23.67149758454106,7.273215244229737,0.2214170692431562,2.2611379495437465,
233,37.734836285560924,5.810520665593129,4.9651100375738055,5.911164787976382,12.486580783682234,23.49704777241009,7.206119162640902,0.2214170692431562,2.167203435319377,
234,37.78851315083199,5.6964573268921095,4.9651100375738055,5.904455179817498,12.419484702093397,23.403113258185723,7.367149758454106,0.2214170692431562,2.2342995169082127,
235,38.05018786902845,5.528717122920021,4.958400429414922,6.152710681696189,12.338969404186795,23.18840579710145,7.360440150295223,0.2214170692431562,2.200751476113795,
236,38.6003757380569,5.528717122920021,4.944981213097155,6.078904991948471,12.171229200214707,22.926731078904993,7.333601717659689,0.2147074610842727,2.200751476113795,
