,45,50,54,55,51,52,53,56,61,57,58,59,60
0,99.19484702093398,0.8051529790660226,,,,,,,,,,,
1,98.31588835212024,1.6706924315619969,0.013419216317767043,,,,,,,,,,
2,84.74906065485776,15.163714439076758,0.013419216317767043,0.07380568974771873,,,,,,,,,
3,84.25254965110038,15.552871712292003,0.013419216317767043,0.12077294685990338,0.06038647342995169,,,,,,,,
4,83.57487922705315,16.190284487385938,0.013419216317767043,0.13419216317767044,0.08722490606548577,,,,,,,,
5,81.30032206119162,18.323939881910896,0.013419216317767043,0.24825550187869028,0.11406333870101985,,,,,,,,
6,80.97826086956522,18.625872249060656,0.013419216317767043,0.24825550187869028,0.13419216317767044,,,,,,,,
7,76.41572732152443,22.879763821792807,0.013419216317767043,0.30864197530864196,0.13419216317767044,0.14090177133655393,0.10735373054213634,,,,,,
8,76.2211486849168,22.906602254428343,0.013419216317767043,0.41599570585077833,0.1610305958132045,0.17444981213097155,0.10735373054213634,,,,,,
9,73.45008051529791,25.63070316693505,0.013419216317767043,0.4092860976918948,0.17444981213097155,0.2147074610842727,0.10735373054213634,,,,,,
10,71.11513687600645,27.710681696188942,0.1610305958132045,0.5166398282340311,0.17444981213097155,0.2147074610842727,0.10735373054213634,,,,,,
11,68.47155126140633,30.10601180891036,0.1610305958132045,0.6508319914117016,0.2885131508319914,0.2147074610842727,0.10735373054213634,,,,,,
12,66.25738056897477,25.328770799785293,0.2281266774020397,0.5300590445517982,7.481213097155126,0.17444981213097155,,,,,,,
13,65.77428878153516,25.771604938271604,0.2281266774020397,0.5636070853462157,7.48792270531401,0.17444981213097155,,,,,,,
14,65.35829307568439,26.06682769726248,0.2952227589908749,0.6508319914117016,7.4141170155662905,0.17444981213097155,,0.040257648953301126,,,,,
15,65.02952227589908,26.39559849704777,0.32877079978529256,0.7045088566827697,7.266505636070853,0.17444981213097155,,0.10064412238325282,,,,,
16,59.78260869565217,31.82367149758454,0.32877079978529256,0.4830917874396135,7.340311325818572,0.14090177133655393,,0.10064412238325282,,,,,
17,27.26113794954375,66.01583467525496,0.35560923242082665,0.36231884057971014,5.864197530864198,0.0939345142243693,,0.04696725711218465,,,,,
18,27.42216854535695,65.552871712292,0.3824476650563607,0.6910896403650026,5.783682232957595,0.0939345142243693,,0.07380568974771873,,,,,
19,27.616747181964573,64.71417069243157,0.3824476650563607,1.3419216317767042,5.736714975845411,0.0939345142243693,,0.11406333870101985,,,,,
20,26.402308105206657,57.58185721953838,0.3488996242619431,1.9793344068706387,13.593666129898015,0.0939345142243693,,,,,,,
21,26.610305958132045,57.15244229736983,0.3824476650563607,2.1739130434782608,13.546698872785829,0.0939345142243693,,0.040257648953301126,,,,,
22,21.564680622651636,49.85238862050456,0.2147074610842727,2.1739130434782608,26.093666129898015,,,0.10064412238325282,,,,,
23,21.79951690821256,49.41626409017714,0.33548040794417605,4.200214707461084,24.10762211486849,,,0.14090177133655393,,,,,
24,22.08132045088567,49.020397208803004,0.35560923242082665,4.30756843800322,24.040526033279658,,,0.16774020397208803,0.026838432635534086,,,,
25,21.75925925925926,47.64492753623188,0.43612453032742887,4.569243156199678,25.288513150831992,,,0.27509393451422437,0.026838432635534086,,,,
26,21.93370907139023,47.53086419753087,0.43612453032742887,4.64975845410628,24.993290391841118,,,0.4294149221685454,0.026838432635534086,,,,
27,19.840311325818572,46.061460010735374,0.41599570585077833,4.622920021470746,28.401771336553946,,0.026838432635534086,0.6038647342995169,0.026838432635534086,,,,
28,20.061728395061728,44.63231347289318,1.0131508319914118,4.656468062265164,26.536500268384327,0.020128824476650563,2.4557165861513686,0.48980139559849706,0.026838432635534086,0.10735373054213634,,,
29,19.0150295222759,42.37788513150832,0.9728931830381106,4.522275899087493,19.900697799248523,10.413311862587225,2.3752012882447664,0.2885131508319914,0.026838432635534086,0.10735373054213634,,,
30,18.53864734299517,41.58615136876006,0.9393451422436929,4.549114331723027,16.666666666666668,14.781266774020397,2.4557165861513686,0.3153515834675255,0.026838432635534086,0.14090177133655393,,,
31,18.80703166935051,41.35131508319914,0.9930220075147611,4.542404723564144,16.55931293612453,14.720880300590446,2.5161030595813205,0.3421900161030596,0.026838432635534086,0.14090177133655393,,,
32,19.102254428341386,40.86822329575953,0.9930220075147611,4.757112184648417,16.532474503488995,14.11701556629093,2.5161030595813205,0.3421900161030596,0.026838432635534086,0.7447665056360708,,,
33,19.223027375201287,38.81508319914117,0.47638217928073,6.615673644659152,15.566290928609769,13.110574342458401,5.025496511003757,0.2952227589908749,0.026838432635534086,0.8454106280193237,,,
34,10.171765968867419,62.41277509393451,2.2208803005904456,3.844605475040258,10.869565217391305,5.689747718733226,4.414922168545357,0.2214170692431562,0.026838432635534086,0.0939345142243693,0.03354804079441761,,
35,9.75577026301664,57.74288781535159,3.2340311325818574,3.643317230273752,4.30756843800322,16.478797638217927,4.414922168545357,0.0939345142243693,0.026838432635534086,0.24154589371980675,0.03354804079441761,0.026838432635534086,
36,9.749060654857756,49.604133118625874,1.4224369296833066,3.1333870101986045,4.247181964573269,26.86527106816962,4.388083735909823,0.1878690284487386,0.026838432635534086,0.3153515834675255,0.03354804079441761,0.026838432635534086,
37,9.829575952764358,48.168276972624795,1.5499194847020934,4.428341384863124,4.17337627482555,25.691089640365004,5.314009661835748,0.18115942028985507,0.026838432635534086,0.5233494363929146,0.06038647342995169,0.05367686527106817,
38,8.84326355340848,42.55904455179817,2.9119699409554483,3.784219001610306,16.31105743424584,19.92753623188406,4.898013955984971,0.3421900161030596,0.020128824476650563,0.2885131508319914,0.03354804079441761,0.08051529790660225,
39,7.286634460547504,40.43880837359098,2.898550724637681,3.9989264626945786,16.1231884057971,23.396403650026837,4.898013955984971,0.47638217928073,0.020128824476650563,0.3488996242619431,0.03354804079441761,0.08051529790660225,
40,7.300053676865271,38.91572732152442,2.8113258185721954,6.595544820182502,15.11003757380569,23.1280193236715,4.898013955984971,0.5904455179817498,0.020128824476650563,0.46296296296296297,0.020128824476650563,0.14761137949543746,
41,7.75630703166935,38.47289318303811,2.7844873859366612,6.723027375201288,15.049651100375739,22.819377348362856,4.85775630703167,0.644122383252818,0.020128824476650563,0.7045088566827697,0.020128824476650563,0.14761137949543746,
42,7.595276435856146,33.50107353730542,2.7509393451422435,5.629361245303274,15.002683843263553,29.58937198067633,4.4820182501341925,0.6575415995705851,0.020128824476650563,0.6038647342995169,0.020128824476650563,0.14761137949543746,
43,7.930756843800322,31.333870101986044,2.314814814814815,8.165593129361245,14.834943639291465,29.30756843800322,4.461889425657541,0.785024154589372,0.020128824476650563,0.6038647342995169,0.07380568974771873,0.16774020397208803,
44,8.360171765968868,31.052066559312937,2.314814814814815,8.13875469672571,14.741009125067096,25.966183574879228,7.763016639828234,0.785024154589372,0.020128824476650563,0.6038647342995169,0.07380568974771873,0.18115942028985507,
45,8.749329039184111,30.414653784219002,2.3752012882447664,8.3064949006978,14.40552871712292,25.275093934514224,8.521202361782072,1.0064412238325282,0.020128824476650563,0.644122383252818,0.11406333870101985,0.16774020397208803,
46,8.977455716586151,29.59608158883521,2.38191089640365,9.198872785829307,14.378690284487385,24.818840579710145,8.413848631239935,1.1808910359634996,0.020128824476650563,0.7380568974771873,0.14090177133655393,0.15432098765432098,
47,9.520933977455716,29.240472356414386,2.38191089640365,9.245840042941492,13.774825550187868,24.516908212560388,8.152173913043478,1.6908212560386473,0.020128824476650563,1.0735373054213635,0.2281266774020397,0.15432098765432098,
48,9.802737520128824,28.589640365002683,2.38191089640365,9.158615136876007,13.036768652710682,24.074074074074073,9.581320450885668,1.6774020397208802,0.020128824476650563,1.2949543746645196,0.23483628556092323,0.11406333870101985,0.03354804079441761
49,10.131508319914117,27.4020397208803,2.3752012882447664,10.185185185185185,12.989801395598498,23.93317230273752,9.453837895866881,1.6774020397208802,0.020128824476650563,1.3754696725711217,0.2281266774020397,0.19457863660762212,0.03354804079441761
50,10.178475577026301,25.89237788513151,2.2879763821792807,10.25228126677402,12.567096081588835,23.26892109500805,11.889425657541599,1.7042404723564144,0.020128824476650563,1.4358561460010735,0.24825550187869028,0.19457863660762212,0.06038647342995169
51,10.245571658615138,24.248523886205046,2.3483628556092326,9.742351046698873,12.546967257112184,25.234836285560924,11.81561996779388,1.6908212560386473,0.05367686527106817,1.5163714439076759,0.24825550187869028,0.24825550187869028,0.06038647342995169
52,10.547504025764896,23.872785829307567,2.3550724637681157,10.010735373054214,12.379227053140097,25.006709608158882,11.60762211486849,1.7444981213097155,0.05367686527106817,1.7310789049919484,0.3824476650563607,0.24825550187869028,0.06038647342995169
53,10.929951690821255,23.66478797638218,2.3081052066559313,10.02415458937198,12.31213097155126,24.90606548577563,11.533816425120772,1.7444981213097155,0.05367686527106817,1.7847557702630166,0.4294149221685454,0.24825550187869028,0.06038647342995169
54,11.16478797638218,23.45679012345679,2.945517981749866,9.970477724100913,12.265163714439076,24.456521739130434,11.285560923242082,1.8250134192163177,0.05367686527106817,1.724369296833065,0.4294149221685454,0.24825550187869028,0.17444981213097155
55,11.292270531400966,23.315888352120236,2.945517981749866,9.809447128287708,12.124261943102523,24.16129898013956,11.225174449812132,2.314814814814815,0.05367686527106817,1.778046162104133,0.4830917874396135,0.2885131508319914,0.20799785292538917
56,11.493558776167472,23.11460010735373,2.9253891572732154,9.98389694041868,12.070585077831455,23.72517444981213,11.077563070316694,2.38191089640365,0.05367686527106817,1.9592055823939882,0.6843800322061192,0.322061191626409,0.20799785292538917
57,11.54723564143854,23.00053676865271,3.012614063338701,10.151637144390767,11.956521739130435,23.295759527643586,11.16478797638218,2.7241009125067097,0.05367686527106817,1.8518518518518519,0.6843800322061192,0.3488996242619431,0.20799785292538917
58,11.708266237251744,22.82608695652174,3.046162104133119,10.701825013419215,11.460010735373054,23.181696188942567,11.104401502952227,2.690552871712292,0.05367686527106817,1.9122383252818036,0.6843800322061192,0.36902844873859364,0.2616747181964573
59,12.124261943102523,22.69189479334407,3.0327428878153517,10.648148148148149,11.399624261943103,22.81266774020397,11.097691894793345,2.657004830917874,0.05367686527106817,2.1604938271604937,0.7112184648416533,0.3488996242619431,0.2616747181964573
60,12.419484702093397,22.020933977455716,2.5496511003757383,10.607890499194847,11.29898013955985,22.423510466988727,12.25174449812131,2.8515834675254963,0.05367686527106817,2.1403650026838434,0.7380568974771873,0.3488996242619431,0.2952227589908749
61,12.265163714439076,21.64519592055824,2.9924852388620504,10.82259796027912,9.326355340848094,21.87332259796028,14.492753623188406,2.8918411164787976,0.05367686527106817,2.13365539452496,0.7380568974771873,0.3488996242619431,0.41599570585077833
62,11.788781535158346,17.505367686527105,8.467525496511003,10.0979602791197,9.27938808373591,21.70558239398819,14.331723027375201,3.0059044551798175,0.05367686527106817,2.2342995169082127,0.7380568974771873,0.3488996242619431,0.4428341384863124
63,12.00348899624262,17.11621041331186,8.36688137412775,10.0979602791197,9.198872785829307,20.242887815351583,16.404991948470208,2.442297369833602,0.05367686527106817,2.3550724637681157,0.7380568974771873,0.3824476650563607,0.5971551261406334
64,12.23161567364466,16.841116478797638,8.3467525496511,10.285829307568438,9.064680622651638,20.001341921631777,16.17686527106817,2.5496511003757383,0.05367686527106817,2.6435856146001075,0.8252818035426731,0.3824476650563607,0.5971551261406334
65,12.493290391841116,16.78743961352657,8.36688137412775,10.299248523886206,9.064680622651638,19.867149758454108,16.069511540526033,2.509393451422437,0.05367686527106817,2.5831991411701556,0.9259259259259259,0.3824476650563607,0.5971551261406334
66,12.895866881374127,16.55931293612453,8.662104133118627,9.86983360171766,9.078099838969404,19.753086419753085,15.995705850778315,2.475845410628019,0.05367686527106817,2.7308105206655933,0.9192163177670424,0.41599570585077833,0.5904455179817498
67,12.983091787439614,14.922168545356952,10.420021470746109,9.957058507783145,9.037842190016104,19.659151905528716,15.841384863123993,2.536231884057971,0.05367686527106817,2.7442297369833604,0.9863123993558777,0.33548040794417605,0.5233494363929146
68,12.795222758990874,14.754428341384862,9.903381642512077,9.41358024691358,10.339506172839506,19.404186795491142,15.5126140633387,2.9924852388620504,0.020128824476650563,2.8381642512077296,1.0131508319914118,0.43612453032742887,0.5770263016639828
69,13.083735909822867,14.781266774020397,9.822866344605474,9.386741814278047,10.258990874932904,19.290123456790123,15.432098765432098,2.985775630703167,0.020128824476650563,2.898550724637681,1.0265700483091786,0.43612453032742887,0.5770263016639828
70,13.499731615673644,14.640365002683843,9.849704777241008,9.353193773483628,10.11808910359635,19.202898550724637,15.344873859366613,3.026033279656468,0.020128824476650563,2.9253891572732154,1.0064412238325282,0.43612453032742887,0.5770263016639828
71,13.607085346215781,14.63365539452496,9.91009125067096,9.453837895866881,9.876543209876543,19.082125603864736,15.304616210413311,3.2541599570585076,0.020128824476650563,2.885131508319914,0.9796027911969941,0.41599570585077833,0.5770263016639828
72,13.801663982823403,14.002952227589908,9.708803005904455,8.99087493290392,9.822866344605474,20.77294685990338,14.821524422973699,3.2541599570585076,0.020128824476650563,2.6972624798711755,1.06682769726248,0.39586688137412773,0.644122383252818
73,13.935856146001074,13.627214170692431,9.681964573268921,8.856682769726248,9.554482018250134,21.732420826623724,14.546430488459475,3.2675791733762747,0.020128824476650563,2.7979066022544283,0.95276435856146,0.39586688137412773,0.630703166935051
74,14.123725174449811,13.600375738056897,9.668545356951155,8.849973161567364,9.426999463231347,21.598228663446054,14.51959205582394,3.3950617283950617,0.020128824476650563,2.791196994095545,0.95276435856146,0.4227053140096618,0.630703166935051
75,14.533011272141707,13.519860440150294,9.634997316156737,8.809715512614064,9.386741814278047,21.370101986044016,14.439076757917338,3.388352120236178,0.020128824476650563,2.871712292002147,0.95276435856146,0.4428341384863124,0.630703166935051
76,14.895330112721417,13.519860440150294,9.5276435856146,8.789586688137414,9.306226516371444,21.296296296296298,14.412238325281804,3.421900161030596,0.020128824476650563,2.7509393451422435,0.9125067096081588,0.4830917874396135,0.6642512077294686
77,14.828234031132581,13.130703166935051,11.741814278046162,8.340042941492216,9.373322597960279,19.088835212023618,14.298174986580785,4.609500805152979,0.020128824476650563,2.475845410628019,0.9125067096081588,0.5703166935050993,0.6105743424584005
78,15.136876006441224,12.93612453032743,11.668008588298443,8.393719806763285,9.353193773483628,18.840579710144926,14.251207729468598,4.609500805152979,0.020128824476650563,2.5966183574879227,0.9393451422436929,0.644122383252818,0.6105743424584005
79,15.378421900161031,12.889157273215245,11.634460547504025,8.32662372517445,9.326355340848094,18.760064412238325,14.190821256038648,4.582662372517445,0.020128824476650563,2.677133655394525,0.9796027911969941,0.630703166935051,0.6038647342995169
80,15.217391304347826,12.721417069243156,14.224369296833064,8.179012345679013,8.655394524959743,18.256843800322063,13.39237788513151,4.367954911433173,0.020128824476650563,2.6704240472356413,0.9796027911969941,0.7112184648416533,0.6038647342995169
81,15.45222758990875,12.553676865271068,14.351851851851851,8.3467525496511,8.55475040257649,18.109232420826622,13.231347289318304,4.502147074610843,0.020128824476650563,2.657004830917874,0.9460547504025765,0.6709608158883521,0.6038647342995169
82,15.794417606011809,12.392646269457863,14.170692431561998,8.427267847557703,8.53462157809984,17.887815351583466,13.170960815888352,4.609500805152979,0.020128824476650563,2.771068169618894,0.9728931830381106,0.6642512077294686,0.5837359098228664
83,15.96886741814278,12.345679012345679,14.17740203972088,8.3064949006978,8.507783145464305,17.840848094471284,13.117283950617283,4.736983360171766,0.020128824476650563,2.7844873859366612,0.9460547504025765,0.6642512077294686,0.5837359098228664
84,16.0426731078905,12.238325281803542,14.150563607085346,8.3064949006978,8.53462157809984,17.652979066022546,13.117283950617283,4.911433172302737,0.020128824476650563,2.804616210413312,0.9460547504025765,0.6910896403650026,0.5837359098228664
85,16.284219001610307,12.164519592055823,14.049919484702093,8.28636607622115,8.494363929146537,17.612721417069242,13.130703166935051,4.85775630703167,0.020128824476650563,2.8784219001610305,0.9192163177670424,0.7179280730005367,0.5837359098228664
86,16.532474503488995,12.077294685990339,13.882179280730005,8.460815888352121,8.474235104669887,17.431561996779386,13.063607085346217,4.830917874396135,0.020128824476650563,2.918679549114332,1.0131508319914118,0.7179280730005367,0.5770263016639828
87,16.760601180891037,11.929683306494901,13.781535158346752,8.581588835212024,8.413848631239935,17.330917874396135,13.030059044551798,4.810789049919484,0.020128824476650563,2.9723564143853998,1.0265700483091786,0.7648953301127214,0.5770263016639828
88,16.049382716049383,11.782071926999464,15.324745034889963,8.501073537305421,11.929683306494901,14.640365002683843,12.245034889962426,4.622920021470746,0.020128824476650563,2.5496511003757383,0.966183574879227,0.7917337627482555,0.5770263016639828
89,16.25738056897477,11.721685453569512,14.99597423510467,8.460815888352121,11.768652710681696,14.553140096618357,12.47987117552335,4.62962962962963,0.020128824476650563,2.5429414922168547,1.1137949543746646,0.798443370907139,0.6575415995705851
90,15.98899624261943,10.520665593129362,14.63365539452496,10.63472893183038,11.694847020933977,14.251207729468598,12.392646269457863,4.636339237788513,0.020128824476650563,2.5496511003757383,1.1607622114868492,0.8588298443370908,0.6575415995705851
91,16.022544283413847,10.050993022007514,14.237788513150832,10.748792270531402,11.634460547504025,14.170692431561998,12.258454106280194,5.508588298443371,0.020128824476650563,2.61003757380569,1.2010198604401503,0.8789586688137413,0.6575415995705851
92,16.210413311862588,9.990606548577563,14.06333870101986,10.829307568438002,11.600912506709609,14.15727321524423,12.238325281803542,5.495169082125604,0.020128824476650563,2.636876006441224,1.2010198604401503,0.8990874932903918,0.6575415995705851
93,13.479602791196994,12.29200214707461,10.413311862587225,10.57434245840043,18.90096618357488,13.144122383252817,11.064143853998926,5.394524959742351,0.020128824476650563,2.623456790123457,0.8856682769726248,0.7514761137949544,0.4562533548040794
94,13.808373590982287,12.23161567364466,10.34621578099839,10.587761674718196,18.719806763285025,12.869028448738593,10.95679012345679,5.71658615136876,0.020128824476650563,2.6033279656468062,0.9057971014492754,0.7783145464304885,0.4562533548040794
95,13.982823403113258,12.204777241009126,10.285829307568438,10.628019323671497,18.47826086956522,12.74825550187869,11.010466988727858,5.884326355340848,0.020128824476650563,2.6301663982823404,0.9057971014492754,0.7783145464304885,0.4428341384863124
96,14.163982823403114,12.144390767579173,10.299248523886206,10.7085346215781,18.370907139023082,12.533548040794418,11.010466988727858,5.984970477724101,0.020128824476650563,2.636876006441224,0.9057971014492754,0.7783145464304885,0.4428341384863124
97,14.358561460010735,12.090713902308105,10.299248523886206,10.44015029522276,18.230005367686527,12.5,10.983628556092324,6.031937734836285,0.020128824476650563,2.6435856146001075,0.9057971014492754,0.9393451422436929,0.5568974771873323
98,14.620236178207193,12.037037037037036,10.258990874932904,10.36634460547504,17.881105743424584,12.352388620504563,11.238593666129898,5.978260869565218,0.020128824476650563,2.6838432635534084,0.9057971014492754,1.0735373054213635,0.5837359098228664
99,14.76784755770263,11.969940955448202,10.185185185185185,10.393183038110575,17.69994632313473,12.157809983896941,11.117820719269995,6.052066559312936,0.020128824476650563,2.918679549114332,0.9057971014492754,1.1137949543746646,0.6977992485238862
100,15.029522275899087,11.782071926999464,10.111379495437467,10.393183038110575,17.619431025228128,12.117552334943639,10.903113258185721,6.340579710144928,0.020128824476650563,3.012614063338701,0.8789586688137413,1.107085346215781,0.6843800322061192
101,14.412238325281804,11.352657004830919,10.245571658615138,10.701825013419215,18.84728931830381,11.929683306494901,10.218733225979603,6.66935050993022,,2.952227589908749,0.9326355340848095,1.0534084809447128,0.6843800322061192
102,14.741009125067096,11.292270531400966,10.473698336017177,10.587761674718196,18.706387546967257,11.882716049382717,10.00402576489533,6.575415995705851,,2.952227589908749,0.9728931830381106,1.0869565217391304,0.7246376811594203
103,14.88191089640365,11.07085346215781,10.46027911969941,10.68840579710145,18.49838969404187,11.75523349436393,10.0979602791197,6.6760601180891035,,2.999194847020934,0.9728931830381106,1.0869565217391304,0.8118625872249061
104,14.533011272141707,10.34621578099839,12.224906065485776,10.420021470746109,18.33064949006978,11.171497584541063,10.399892646269459,6.649221685453569,,3.1199677938808374,0.9259259259259259,1.0869565217391304,0.7917337627482555
105,14.486044015029522,10.359634997316157,12.090713902308105,10.326086956521738,17.954911433172303,12.171229200214707,10.326086956521738,6.481481481481482,,2.9790660225442833,0.9863123993558777,1.0601180891035964,0.7783145464304885
106,14.774557165861514,10.258990874932904,12.037037037037036,10.299248523886206,17.894524959742352,12.157809983896941,10.218733225979603,6.468062265163715,,3.026033279656468,1.0466988727858293,1.0601180891035964,0.7581857219538379
107,14.935587761674718,10.010735373054214,12.016908212560386,10.61460010735373,17.74020397208803,11.842458400429415,10.057702630166398,6.776704240472356,,2.999194847020934,1.0601180891035964,1.1876006441223832,0.7581857219538379
108,15.250939345142244,9.957058507783145,11.90955448201825,10.57434245840043,17.713365539452496,11.741814278046162,10.064412238325282,6.716317767042405,,2.9723564143853998,1.1674718196457328,1.1741814278046163,0.7581857219538379
109,15.378421900161031,9.91009125067096,11.842458400429415,10.473698336017177,15.861513687600644,13.6406333870102,10.057702630166398,6.756575415995706,,3.079710144927536,1.1406333870101986,1.1137949543746646,0.7447665056360708
110,15.526033279656469,9.88996242619431,11.896135265700483,10.44015029522276,15.794417606011809,13.613794954374665,10.084541062801932,6.6827697262479875,,3.099838969404187,1.1137949543746646,1.1137949543746646,0.7447665056360708
111,15.599838969404187,9.73564143853999,11.922973698336017,10.50053676865271,15.707192699946322,13.580246913580247,10.151637144390767,6.729736983360172,,3.113258185721954,1.1406333870101986,1.0869565217391304,0.7313472893183038
112,15.92860976918948,9.722222222222221,11.902844873859367,10.36634460547504,15.5126140633387,13.446054750402576,9.970477724100913,6.977992485238862,,3.099838969404187,1.2546967257112185,1.0869565217391304,0.7313472893183038
113,16.190284487385938,9.695383789586689,11.808910359634996,10.487117552334944,15.26435856146001,13.285024154589372,10.037573805689748,7.1725711218464845,,3.026033279656468,1.221148684916801,1.0802469135802468,0.7313472893183038
114,16.25738056897477,9.634997316156737,12.010198604401502,10.453569511540525,15.08990874932904,13.197799248523886,10.111379495437467,7.192699946323135,,2.9723564143853998,1.3016639828234031,1.0466988727858293,0.7313472893183038
115,16.59286097691895,9.561191626409018,11.896135265700483,10.38647342995169,15.009393451422437,13.191089640365004,10.030864197530864,7.152442297369833,,3.099838969404187,1.3016639828234031,1.0466988727858293,0.7313472893183038
116,16.780730005367687,9.473966720343531,11.98336017176597,10.326086956521738,14.989264626945786,12.875738056897477,10.00402576489533,7.326892109500805,,3.0931293612453032,1.3821792807300053,1.0332796564680622,0.7313472893183038
117,16.988727858293075,9.41358024691358,12.06387546967257,10.299248523886206,14.969135802469136,12.835480407944177,10.010735373054214,7.2933440687063875,,3.0595813204508855,1.3150831991411702,1.0332796564680622,0.7179280730005367
118,13.989533011272142,8.32662372517445,11.010466988727858,9.326355340848094,24.255233494363928,10.648148148148149,10.071121846484166,6.447933440687064,,2.677133655394525,1.42914653784219,1.1003757380568975,0.7179280730005367
119,14.076757917337627,8.105206655931294,11.198336017176597,9.353193773483628,23.946591519055286,10.466988727858293,10.077831454643048,6.823671497584541,,2.623456790123457,1.5432098765432098,1.06682769726248,0.7179280730005367
120,14.13714439076758,8.011272141706923,11.178207192699947,9.359903381642512,23.79898013955985,10.446859903381643,10.037573805689748,6.977992485238862,,2.657004830917874,1.6371443907675791,1.0601180891035964,0.6977992485238862
121,14.546430488459475,7.843531937734836,11.057434245840042,9.648416532474503,23.55072463768116,10.393183038110575,9.903381642512077,6.877348362855609,,2.7509393451422435,1.6103059581320451,1.1205045625335481,0.6977992485238862
122,14.814814814814815,7.615405260332796,11.272141706924316,9.950348899624261,23.19511540526033,10.34621578099839,9.695383789586689,6.977992485238862,,2.703972088030059,1.6304347826086956,1.1003757380568975,0.6977992485238862
123,13.868760064412239,6.3137412775093935,11.560654857756306,7.937466451959206,23.07434245840043,15.821256038647343,9.29951690821256,6.769994632313473,,2.509393451422437,1.4761137949543746,0.9057971014492754,0.46296296296296297
124,14.150563607085346,6.273483628556092,11.614331723027375,8.004562533548041,22.725442834138487,15.60654857756307,9.326355340848094,6.837090713902308,,2.6838432635534084,1.42914653784219,0.8990874932903918,0.4495437466451959
125,14.439076757917338,6.206387546967257,11.486849168008588,8.199141170155663,22.5577026301664,15.566290928609769,9.178743961352657,6.810252281266774,,2.7106816961889426,1.5163714439076759,0.8789586688137413,0.4495437466451959
126,14.492753623188406,5.884326355340848,12.379227053140097,8.165593129361245,22.450348899624263,15.26435856146001,9.004294149221685,6.776704240472356,,2.677133655394525,1.596886741814278,0.8588298443370908,0.4495437466451959
127,14.600107353730541,5.850778314546431,12.352388620504563,8.192431561996779,22.416800858829845,14.955716586151368,8.957326892109501,6.9243156199677935,,2.7777777777777777,1.6639828234031133,0.8588298443370908,0.4495437466451959
128,14.754428341384862,5.810520665593129,12.278582930756844,8.3064949006978,22.228931830381107,14.875201288244767,8.957326892109501,6.890767579173376,,2.7979066022544283,1.6908212560386473,0.9393451422436929,0.46967257112184646
129,15.03623188405797,5.790391841116479,12.338969404186795,8.246108427267847,22.074610842726784,14.868491680085883,8.943907675791733,6.850509930220075,,2.7643585614600106,1.6774020397208802,0.9393451422436929,0.46967257112184646
130,13.902308105206655,5.770263016639828,11.191626409017713,8.279656468062266,21.578099838969404,18.06226516371444,9.333064949006978,6.481481481481482,,2.8247450348899625,1.2077294685990339,0.8990874932903918,0.46967257112184646
131,12.567096081588835,4.488727858293076,10.896403650026839,7.246376811594203,27.925389157273216,17.10950080515298,9.004294149221685,5.723295759527644,,2.4892646269457863,1.1808910359634996,0.8990874932903918,0.46967257112184646
132,12.734836285560924,4.3478260869565215,10.983628556092324,7.098765432098766,27.549651100375737,17.028985507246375,9.172034353193773,5.770263016639828,,2.6301663982823404,1.2144390767579174,0.9997316156736447,0.46967257112184646
133,12.895866881374127,4.260601180891036,11.077563070316694,7.0383789586688135,27.489264626945786,16.881374127750938,9.111647879763822,5.924584004294149,,2.6838432635534084,1.1876006441223832,0.9796027911969941,0.46967257112184646
134,12.969672571121846,4.253891572732153,11.010466988727858,7.03166935050993,27.388620504562535,16.814278046162105,9.03113258185722,6.132581857219538,,2.7442297369833604,1.1741814278046163,0.9796027911969941,0.46967257112184646
135,12.607353730542137,4.139828234031133,10.654857756307031,6.850509930220075,30.253623188405797,15.955448201825014,9.03113258185722,5.495169082125604,,2.5831991411701556,1.0064412238325282,0.95276435856146,0.46967257112184646
136,12.889157273215245,4.133118625872249,10.57434245840043,6.937734836285561,30.01207729468599,15.895061728395062,9.017713365539452,5.548845947396672,,2.5161030595813205,1.0265700483091786,0.9460547504025765,0.5032206119162641
137,12.99651100375738,4.133118625872249,10.50053676865271,7.360440150295223,29.260601180891037,15.72061191626409,8.93719806763285,5.998389694041868,,2.657004830917874,0.9863123993558777,0.9460547504025765,0.5032206119162641
138,13.331991411701557,4.126409017713366,10.399892646269459,7.461084272678476,28.992216854535695,15.693773483628556,8.829844337090714,5.971551261406334,,2.6502952227589907,1.1003757380568975,0.9393451422436929,0.5032206119162641
139,13.372249060654857,4.0995705850778315,10.473698336017177,7.461084272678476,28.878153515834676,15.68035426731079,8.796296296296296,6.018518518518518,,2.677133655394525,1.1003757380568975,0.9393451422436929,0.5032206119162641
140,13.607085346215781,3.978797638217928,10.446859903381643,8.219269994632313,27.885131508319915,15.593129361245303,8.769457863660762,6.273483628556092,,2.703972088030059,1.0802469135802468,0.9393451422436929,0.5032206119162641
141,13.761406333870102,3.8915727321524423,10.406602254428341,8.521202361782072,27.449006977992486,15.35829307568438,8.648684916800859,6.400966183574879,,2.932098765432099,1.1943102522812667,0.9326355340848095,0.5032206119162641
142,13.90901771336554,3.864734299516908,10.48040794417606,8.682232957595277,27.140365002683843,15.217391304347826,8.621846484165324,6.461352657004831,,2.9589371980676327,1.2278582930756843,0.9326355340848095,0.5032206119162641
143,14.002952227589908,3.8177670424047236,10.299248523886206,8.776167471819646,26.99946323134729,15.13016639828234,8.695652173913043,6.347289318303811,,3.1602254428341383,1.3419216317767042,0.9259259259259259,0.5032206119162641
144,14.163982823403114,3.8043478260869565,10.279119699409554,8.970746108427267,26.73107890499195,15.083199141170155,8.608427267847558,6.374127750939345,,3.180354267310789,1.3888888888888888,0.9125067096081588,0.5032206119162641
145,14.231078904991948,3.7775093934514223,10.520665593129362,8.856682769726248,26.50966183574879,14.949006977992486,8.59500805152979,6.541867954911433,,3.166935050993022,1.4358561460010735,0.9125067096081588,0.5032206119162641
146,14.231078904991948,3.7775093934514223,10.86285560923242,9.004294149221685,26.187600644122384,14.53972088030059,8.876811594202898,6.582125603864735,,3.166935050993022,1.3553408480944713,0.9125067096081588,0.5032206119162641
147,14.096886741814279,3.629898013955985,10.742082662372518,8.601717659688674,25.603864734299517,16.445249597423512,8.460815888352121,6.468062265163715,,3.1199677938808374,1.4358561460010735,0.8923778851315083,0.5032206119162641
148,14.130434782608695,3.629898013955985,10.721953837895867,8.59500805152979,25.509930220075148,15.94873859366613,8.407139023081053,7.071926999463232,,3.2004830917874396,1.4559849704777241,0.8588298443370908,0.46967257112184646
149,14.130434782608695,3.361513687600644,10.668276972624799,8.548040794417606,25.013419216317768,14.700751476113794,10.540794417606012,7.03166935050993,,3.227321524422974,1.4492753623188406,0.8588298443370908,0.46967257112184646
150,14.36527106816962,3.3279656468062266,10.641438539989265,8.440687063875469,24.738325281803544,14.606816961889425,10.487117552334944,7.300053676865271,,3.240740740740741,1.4694041867954912,0.9192163177670424,0.46296296296296297
151,14.526301663982823,3.2340311325818574,10.755501878690284,8.393719806763285,24.57729468599034,14.55984970477724,10.218733225979603,7.326892109500805,,3.2340311325818574,1.7444981213097155,0.966183574879227,0.46296296296296297
152,14.841653247450349,3.0193236714975846,10.869565217391305,8.313204508856682,24.315619967793882,14.533011272141707,10.178475577026301,7.4141170155662905,,3.3682232957595275,1.724369296833065,0.9594739667203436,0.46296296296296297
153,15.203972088030058,3.012614063338701,10.82259796027912,8.32662372517445,24.174718196457327,14.479334406870638,10.198604401502953,7.333601717659689,,3.3279656468062266,1.724369296833065,0.9326355340848095,0.46296296296296297
154,15.331454643048845,2.999194847020934,10.748792270531402,8.393719806763285,24.020397208803004,14.432367149758454,10.218733225979603,7.300053676865271,,3.280998389694042,1.8853998926462694,0.9259259259259259,0.46296296296296297
155,15.042941492216855,2.9924852388620504,10.205314009661835,8.340042941492216,25.489801395598498,13.841921631776705,10.171765968867419,7.501341921631776,,3.166935050993022,1.8317230273752012,0.95276435856146,0.46296296296296297
156,15.150295222758992,2.945517981749866,10.292538915727322,8.259527643585615,25.369028448738593,13.83521202361782,10.23215244229737,7.481213097155126,,3.2139023081052067,1.8048845947396672,0.95276435856146,0.46296296296296297
157,15.398550724637682,2.945517981749866,10.272410091250672,8.272946859903382,25.194578636607623,13.633923778851315,10.225442834138486,7.595276435856146,,3.2139023081052067,1.8048845947396672,0.9796027911969941,0.46296296296296297
158,15.60654857756307,2.945517981749866,10.352925389157273,8.252818035426731,25.05367686527107,13.519860440150294,10.218733225979603,7.628824476650563,,3.2139023081052067,1.778046162104133,0.966183574879227,0.46296296296296297
159,15.747450348899624,2.898550724637681,10.265700483091788,8.232689210950081,24.691358024691358,13.291733762748256,10.171765968867419,8.071658615136876,,3.535963499731616,1.6975308641975309,0.95276435856146,0.4428341384863124
160,16.009125067096083,2.85829307568438,10.34621578099839,8.541331186258722,24.248523886205046,13.258185721953838,10.0979602791197,8.038110574342458,,3.549382716049383,1.6706924315619969,0.95276435856146,0.4294149221685454
161,16.11647879763822,2.771068169618894,10.59447128287708,8.715780998389693,24.033816425120772,12.76838432635534,9.98389694041868,8.480944712828771,,3.5091250670960816,1.6170155662909287,0.9796027911969941,0.4294149221685454
162,16.418411164787976,2.771068169618894,10.587761674718196,8.84326355340848,23.805689747718734,12.70799785292539,9.936929683306495,8.454106280193237,,3.4688674181427803,1.596886741814278,0.9796027911969941,0.4294149221685454
163,16.57944176060118,2.771068169618894,10.648148148148149,8.863392377885132,23.67149758454106,12.681159420289855,9.98389694041868,8.32662372517445,,3.4688674181427803,1.596886741814278,0.9796027911969941,0.4294149221685454
164,16.894793344068706,2.7643585614600106,10.681696188942565,8.82313472893183,23.577563070316693,12.506709608158884,9.96376811594203,8.319914117015566,,3.475577026301664,1.5633387010198605,0.9796027911969941,0.4495437466451959
165,17.163177670424048,2.7442297369833604,10.648148148148149,8.80300590445518,23.43666129898014,12.426194310252281,10.057702630166398,8.252818035426731,,3.488996242619431,1.5432098765432098,0.9930220075147611,0.4428341384863124
166,16.09634997316157,2.61003757380569,9.836285560923242,8.742619431025227,21.175523349436393,19.202898550724637,9.037842190016104,7.118894256575416,,3.4957058507783145,1.3419216317767042,0.9930220075147611,0.3488996242619431
167,16.337895866881375,2.61003757380569,9.796027911969942,8.923778851315083,20.994363929146537,19.04186795491143,9.01100375738057,7.125603864734299,,3.4822866344605474,1.3352120236178207,0.9930220075147611,0.3488996242619431
168,16.5727321524423,2.5966183574879227,9.816156736446592,8.917069243156199,20.873590982286636,18.90096618357488,8.950617283950617,7.246376811594203,,3.455448201825013,1.3352120236178207,0.9863123993558777,0.3488996242619431
169,16.686795491143318,2.563070316693505,9.829575952764358,9.185453569511541,20.67230273752013,18.726516371443907,8.890230810520666,7.246376811594203,,3.5292538915727323,1.3352120236178207,0.9863123993558777,0.3488996242619431
170,16.78743961352657,2.563070316693505,9.796027911969942,9.05126140633387,20.538110574342458,18.67283950617284,8.836553945249598,7.313472893183038,,3.683574879227053,1.3217928073000538,0.9728931830381106,0.46296296296296297
171,16.935050993022006,2.563070316693505,9.809447128287708,9.131776704240472,20.41062801932367,18.451422436929683,8.84326355340848,7.447665056360709,,3.6500268384326353,1.3217928073000538,0.9728931830381106,0.46296296296296297
172,16.626409017713364,2.4557165861513686,10.050993022007514,11.419753086419753,18.323939881910896,18.417874396135264,8.749329039184111,7.5348899624261945,,3.6500268384326353,1.3217928073000538,0.9863123993558777,0.46296296296296297
173,16.774020397208805,2.4154589371980677,10.165056360708535,11.79549114331723,18.136070853462158,18.203166935050994,8.809715512614064,7.286634460547504,,3.670155662909286,1.3150831991411702,0.966183574879227,0.46296296296296297
174,17.04911433172303,2.38191089640365,10.185185185185185,11.674718196457327,18.06897477187332,17.860976918947934,8.621846484165324,7.427536231884058,,3.9586688137412773,1.3419216317767042,0.966183574879227,0.46296296296296297
175,17.538915727321523,2.38191089640365,10.158346752549651,11.506977992485238,17.98174986580784,17.76033279656468,8.621846484165324,7.326892109500805,,3.9519592055823938,1.3419216317767042,0.966183574879227,0.46296296296296297
176,17.364465915190554,2.2208803005904456,9.943639291465379,11.198336017176597,17.860976918947934,18.927804616210413,8.57487922705314,7.320182501341922,,3.8177670424047236,1.3419216317767042,0.9728931830381106,0.4562533548040794
177,17.673107890499196,2.1739130434782608,9.842995169082126,11.473429951690822,17.478529253891573,18.813741277509394,8.501073537305421,7.427536231884058,,3.8043478260869565,1.3419216317767042,1.0131508319914118,0.4562533548040794
178,17.733494363929147,2.15378421900161,9.816156736446592,11.533816425120772,17.444981213097154,18.54535695115405,8.501073537305421,7.615405260332796,,3.864734299516908,1.3217928073000538,1.0131508319914118,0.4562533548040794
179,18.00858829844337,2.1269457863660763,9.77589908749329,11.493558776167472,17.37788513150832,18.290391841116477,8.53462157809984,7.601986044015029,,4.03918411164788,1.3083735909822867,0.9863123993558777,0.4562533548040794
180,18.230005367686527,2.1269457863660763,9.634997316156737,11.520397208803006,17.317498658078367,18.136070853462158,8.581588835212024,7.581857219538379,,4.139828234031133,1.3083735909822867,0.9863123993558777,0.43612453032742887
181,18.337359098228664,2.1269457863660763,9.581320450885668,11.493558776167472,17.290660225442835,17.894524959742352,8.641975308641975,7.568438003220612,,4.361245303274289,1.2815351583467525,0.9863123993558777,0.43612453032742887
182,18.572195383789587,2.1269457863660763,9.581320450885668,11.325818572195384,17.236983360171767,17.69994632313473,8.55475040257649,7.635534084809447,0.15432098765432098,4.448470209339774,1.2748255501878691,0.9728931830381106,0.41599570585077833
