,45,50,51,53,55,54,52,57,56,58,59
0,98.13472893183038,1.865271068169619,,,,,,,,,
1,98.02737520128825,1.9726247987117553,,,,,,,,,
2,97.88647342995169,2.1135265700483092,,,,,,,,,
3,95.564949006978,4.435050993022007,,,,,,,,,
4,95.06172839506173,4.938271604938271,,,,,,,,,
5,93.7734836285561,6.031937734836285,0.19457863660762212,,,,,,,,
6,93.6460010735373,6.159420289855072,0.19457863660762212,,,,,,,,
7,93.65271068169619,6.152710681696189,0.19457863660762212,,,,,,,,
8,93.24342458400429,6.561996779388084,0.19457863660762212,,,,,,,,
9,91.4117015566291,8.393719806763285,0.19457863660762212,,,,,,,,
10,90.6736446591519,9.131776704240472,0.19457863660762212,,,,,,,,
11,89.29817498658079,10.507246376811594,0.19457863660762212,,,,,,,,
12,88.84863123993559,10.95679012345679,0.19457863660762212,,,,,,,,
13,88.38566827697262,11.426462694578637,0.1878690284487386,,,,,,,,
14,87.80193236714976,12.010198604401502,0.1878690284487386,,,,,,,,
15,86.24530327428879,13.459473966720344,0.1878690284487386,0.10735373054213634,,,,,,,
16,85.51395598497048,14.190821256038648,0.1878690284487386,0.10735373054213634,,,,,,,
17,85.2992485238862,14.40552871712292,0.1878690284487386,0.10735373054213634,,,,,,,
18,85.28582930756843,14.418947933440688,0.1878690284487386,0.10735373054213634,,,,,,,
19,85.26570048309179,14.439076757917338,0.1878690284487386,0.10735373054213634,,,,,,,
20,84.88325281803543,14.821524422973699,0.1878690284487386,0.10735373054213634,,,,,,,
21,84.92351046698873,14.781266774020397,0.1878690284487386,0.10735373054213634,,,,,,,
22,84.41358024691358,15.291196994095545,0.1878690284487386,0.10735373054213634,,,,,,,
23,82.80998389694042,16.894793344068706,0.1878690284487386,0.10735373054213634,,,,,,,
24,82.48121309715512,17.223564143854,0.1878690284487386,0.10735373054213634,,,,,,,
25,81.68276972624798,17.800590445517983,0.4092860976918948,0.10735373054213634,,,,,,,
26,74.36258722490606,24.268652710681696,1.261406333870102,0.10735373054213634,,,,,,,
27,72.06119162640901,22.65834675254965,5.173107890499195,0.10735373054213634,,,,,,,
28,72.18196457326893,22.470477724100913,5.146269457863661,0.10735373054213634,0.0939345142243693,,,,,,
29,71.99409554482018,22.685185185185187,5.132850241545894,0.0939345142243693,0.0939345142243693,,,,,,
30,35.889694041867955,62.58722490606549,1.1674718196457328,0.06709608158883522,0.2885131508319914,,,,,,
31,36.34594739667203,60.55421363392378,1.7042404723564144,0.06709608158883522,0.8588298443370908,0.46967257112184646,,,,,
32,36.62775093934514,60.00402576489533,1.7042404723564144,0.06709608158883522,0.8588298443370908,0.46967257112184646,0.2683843263553409,,,,
33,29.005636070853463,67.90123456790124,1.7042404723564144,0.06709608158883522,0.9192163177670424,0.13419216317767044,0.2683843263553409,,,,
34,29.274020397208805,55.53542673107891,1.7042404723564144,0.06709608158883522,1.1943102522812667,0.13419216317767044,12.090713902308105,,,,
35,29.542404723564143,55.159688674181425,1.7042404723564144,0.06709608158883522,1.3150831991411702,0.13419216317767044,12.077294685990339,,,,
36,29.69001610305958,54.690016103059584,1.7042404723564144,0.06709608158883522,1.6841116478797638,0.13419216317767044,12.030327428878154,,,,
37,29.1129898013956,48.28234031132582,1.3821792807300053,0.06709608158883522,1.3486312399355878,0.13419216317767044,19.652442297369834,0.020128824476650563,,,
38,29.32769726247987,47.94015029522276,1.3821792807300053,0.06038647342995169,3.2742887815351582,0.2952227589908749,17.478529253891573,0.24154589371980675,,,
39,29.347826086956523,48.007246376811594,1.3821792807300053,0.06038647342995169,3.2675791733762747,0.2952227589908749,17.398013955984972,0.24154589371980675,,,
40,29.56924315619968,47.32957595276436,1.751207729468599,0.06038647342995169,3.5091250670960816,0.2616747181964573,17.277241009125067,0.24154589371980675,,,
41,30.347557702630166,46.4975845410628,1.724369296833065,0.06038647342995169,4.072732152442297,0.2549651100375738,17.022275899087493,0.020128824476650563,,,
42,29.26731078904992,42.20343531937735,7.4006977992485234,0.06038647342995169,4.052603327965647,0.24154589371980675,16.75389157273215,0.020128824476650563,,,
43,29.696725711218466,42.0222758990875,7.367149758454106,0.06038647342995169,3.9855072463768115,0.24154589371980675,16.31105743424584,0.3153515834675255,,,
44,30.173107890499196,41.80085882984434,7.058507783145465,0.3421900161030596,3.9519592055823938,0.24154589371980675,16.11647879763822,0.3153515834675255,,,
45,30.609232420826622,41.56602254428341,6.998121309715513,0.3421900161030596,3.851315083199141,0.35560923242082665,15.962157809983896,0.3153515834675255,,,
46,30.52200751476114,40.53274288781535,8.340042941492216,0.27509393451422437,3.824476650563607,0.35560923242082665,15.83467525496511,0.3153515834675255,,,
47,30.817230273752013,39.96913580246913,8.205850778314547,0.27509393451422437,3.7909286097691894,0.35560923242082665,15.734031132581856,0.8521202361782072,,,
48,31.233225979602793,39.72758990874933,8.205850778314547,0.27509393451422437,3.7909286097691894,0.35560923242082665,15.559581320450885,0.8521202361782072,,,
49,29.676596886741816,41.358024691358025,7.971014492753623,0.27509393451422437,3.9989264626945786,0.35560923242082665,15.5126140633387,0.8521202361782072,,,
50,30.018786902844873,40.76757917337628,7.803274288781535,0.8655394524959742,3.7104133118625873,0.24154589371980675,15.619967793880837,0.9728931830381106,,,
51,29.13311862587225,44.00161030595813,6.340579710144928,0.8521202361782072,3.683574879227053,0.20799785292538917,14.80810520665593,0.9728931830381106,,,
52,29.468599033816425,43.71309715512614,6.3137412775093935,0.8521202361782072,3.683574879227053,0.20799785292538917,14.78797638217928,0.9728931830381106,,,
53,29.750402576489535,43.605743424584006,6.286902844873859,0.785024154589372,3.750670960815888,0.20799785292538917,14.640365002683843,0.9728931830381106,,,
54,29.488727858293075,43.47155126140633,6.454643048845948,0.785024154589372,4.032474503488996,0.20799785292538917,14.53972088030059,1.0198604401502953,,,
55,29.347826086956523,41.78073000536769,6.4412238325281805,3.435319377348363,3.750670960815888,0.20799785292538917,13.94927536231884,0.7447665056360708,0.3421900161030596,,
56,29.58937198067633,41.720343531937736,6.233225979602791,3.374932903918411,3.750670960815888,0.19457863660762212,13.841921631776705,0.7447665056360708,0.5501878690284487,,
57,29.97181964573269,41.237251744498124,6.199677938808374,3.374932903918411,3.8915727321524423,0.19457863660762212,13.83521202361782,0.7447665056360708,0.5501878690284487,,
58,30.54884594739667,40.693773483628554,5.924584004294149,3.2541599570585076,3.8580246913580245,0.8923778851315083,13.546698872785829,0.7313472893183038,0.5501878690284487,,
59,29.428341384863124,37.4194847020934,10.50053676865271,3.240740740740741,3.7573805689747717,0.8923778851315083,13.385668276972625,0.8319914117015567,0.5434782608695652,,
60,29.723564143854,37.265163714439076,10.46027911969941,3.2206119162640903,3.7573805689747717,0.8789586688137413,13.325281803542673,0.8319914117015567,0.5367686527106817,,
61,30.119431025228128,37.0504562533548,10.332796564680622,3.207192699946323,3.743961352657005,0.8789586688137413,13.298443370907139,0.8319914117015567,0.5367686527106817,,
62,30.367686527106816,36.922973698336016,10.138217928073,3.207192699946323,3.743961352657005,0.8789586688137413,13.22463768115942,0.8319914117015567,0.6843800322061192,,
63,28.703703703703702,38.77482555018787,10.091250670960816,3.1870638754696725,3.643317230273752,0.8789586688137413,12.593934514224369,0.8319914117015567,1.2949543746645196,,
64,28.723832528180353,39.01637144390767,9.98389694041868,3.1736446591519054,3.750670960815888,0.8655394524959742,12.392646269457863,0.798443370907139,1.2949543746645196,,
65,28.878153515834676,38.29844337090714,9.96376811594203,3.1602254428341383,4.864465915190553,0.8655394524959742,11.876006441223833,0.798443370907139,1.2949543746645196,,
66,27.657004830917874,39.60681696188943,9.957058507783145,3.140096618357488,4.830917874396135,0.8387010198604401,11.876006441223833,0.798443370907139,1.2949543746645196,,
67,28.093129361245303,38.768115942028984,9.923510466988727,3.079710144927536,4.817498658078368,1.3955984970477724,11.829039184111648,0.798443370907139,1.2949543746645196,,
68,27.78448738593666,38.30515297906602,9.88996242619431,3.898282340311326,5.139559849704777,1.2681159420289856,11.621041331186259,0.798443370907139,1.2949543746645196,,
69,26.972624798711756,39.22436929683307,9.849704777241008,3.898282340311326,5.139559849704777,1.2681159420289856,11.580783682232958,0.798443370907139,1.2681159420289856,,
70,27.167203435319376,39.049919484702095,9.822866344605474,3.7372517444981215,5.2066559312936125,1.247987117552335,11.345947396672035,1.1205045625335481,1.3016639828234031,,
71,27.596618357487923,38.62050456253355,10.00402576489533,3.6902844873859366,5.166398282340311,1.2412775093934514,11.272141706924316,1.107085346215781,1.3016639828234031,,
72,27.36849168008588,36.64117015566291,9.96376811594203,3.683574879227053,7.628824476650563,1.3754696725711217,11.07085346215781,1.0869565217391304,1.1808910359634996,,
73,28.133387010198604,36.218464841653244,9.588030059044552,3.656736446591519,7.541599570585078,1.6438539989264627,10.963499731615673,1.0735373054213635,1.1808910359634996,,
74,27.811325818572197,35.19189479334407,11.218464841653248,3.6366076221148687,7.6623725174449815,1.2010198604401503,11.084272678475577,1.0534084809447128,1.1406333870101986,,
75,28.29441760601181,34.554482018250134,11.16478797638218,3.8580246913580245,7.769726247987117,1.1674718196457328,11.044015029522276,1.0399892646269457,1.107085346215781,,
76,28.549382716049383,34.312936124530324,11.084272678475577,3.81105743424584,7.702630166398282,1.1473429951690821,10.909822866344605,1.0399892646269457,1.442565754159957,,
77,28.12667740203972,34.977187332259795,10.93666129898014,3.81105743424584,7.675791733762749,1.1473429951690821,10.84272678475577,1.0399892646269457,1.442565754159957,,
78,28.428609769189478,34.5679012345679,10.587761674718196,3.750670960815888,8.085077831454644,1.1473429951690821,10.668276972624799,0.9863123993558777,1.778046162104133,,
79,28.69699409554482,34.312936124530324,10.48040794417606,3.743961352657005,7.950885668276973,1.288244766505636,10.560923242082662,0.9863123993558777,1.9793344068706387,,
80,29.26731078904992,33.8768115942029,10.607890499194847,3.743961352657005,7.749597423510467,1.288244766505636,10.507246376811594,0.9796027911969941,1.9793344068706387,,
81,28.166935050993022,31.313741277509394,15.331454643048845,3.6902844873859366,7.5281803542673105,0.6843800322061192,10.50053676865271,0.9796027911969941,1.8048845947396672,,
82,28.569511540526033,31.085614600107355,15.26435856146001,3.6768652710681695,7.440955448201825,0.6843800322061192,10.493827160493828,0.9796027911969941,1.8048845947396672,,
83,28.837895866881375,30.991680085882983,15.170424047235642,3.643317230273752,7.4006977992485234,0.6843800322061192,10.487117552334944,0.9796027911969941,1.8048845947396672,,
84,29.21363392377885,30.83064949006978,14.794685990338165,3.643317230273752,7.320182501341922,0.6776704240472357,10.46027911969941,0.9796027911969941,2.0799785292538915,,
85,28.213902308105208,29.57595276435856,17.324208266237253,3.4151905528717124,7.226247987117552,0.6709608158883521,10.413311862587225,0.9796027911969941,2.1806226516371443,,
86,28.609769189479334,29.401502952227588,17.062533548040793,3.4151905528717124,7.206119162640902,0.6709608158883521,10.044283413848632,0.9728931830381106,2.6167471819645733,,
87,28.945249597423512,29.01905528717123,16.99543746645196,3.4151905528717124,7.071926999463232,1.0265700483091786,9.96376811594203,0.9460547504025765,2.6167471819645733,,
88,29.106280193236714,28.797638217928075,16.378153515834676,3.3816425120772946,7.024959742351046,1.0265700483091786,10.265700483091788,0.9460547504025765,3.0730005367686526,,
89,29.280730005367687,28.817767042404725,16.19699409554482,3.3682232957595275,7.232957595276436,1.0265700483091786,10.144927536231885,0.9393451422436929,2.9924852388620504,,
90,28.75067096081589,28.61647879763822,16.129898013955984,3.3548040794417604,6.763285024154589,4.770531400966184,8.313204508856682,0.7179280730005367,2.5831991411701556,,
91,29.11969940955448,28.455448201825014,16.076221148684915,3.3548040794417604,6.9310252281266775,4.609500805152979,8.179012345679013,0.7179280730005367,2.5563607085346214,,
92,29.374664519592056,28.368223295759528,16.06280193236715,3.2742887815351582,6.9310252281266775,4.582662372517445,8.152173913043478,0.6977992485238862,2.5563607085346214,,
93,29.488727858293075,27.979066022544284,15.74074074074074,3.2139023081052067,6.910896403650026,5.052334943639291,8.125335480407944,0.6977992485238862,2.791196994095545,,
94,29.522275899087493,28.019323671497585,15.60654857756307,3.2139023081052067,6.951154052603328,5.052334943639291,8.152173913043478,0.6910896403650026,2.791196994095545,,
95,29.7638217928073,27.85829307568438,15.693773483628556,3.2139023081052067,6.91760601180891,4.9718196457326895,8.132045088566828,0.6910896403650026,2.757648953301127,,
96,29.408212560386474,27.51610305958132,15.653515834675256,3.2139023081052067,9.943639291465379,4.206924315619967,7.092055823939882,0.6910896403650026,2.2745571658615136,,
97,29.522275899087493,27.34836285560923,15.767579173376275,3.193773483628556,9.943639291465379,4.253891572732153,6.951154052603328,0.785024154589372,2.2342995169082127,,
98,29.830917874396135,27.254428341384862,15.660225442834138,3.1535158346752548,9.916800858829845,4.240472356414386,6.9243156199677935,0.785024154589372,2.2342995169082127,,
99,30.293880837359097,27.120236178207193,15.546162104133119,3.1535158346752548,9.789318303811058,4.2270531400966185,6.890767579173376,0.785024154589372,2.1940418679549114,,
100,30.495169082125603,26.898819108964037,15.411969940955448,3.0595813204508855,9.957058507783145,4.092860976918948,6.810252281266774,0.7783145464304885,2.49597423510467,,
101,30.83064949006978,26.690821256038646,15.331454643048845,3.0595813204508855,9.977187332259795,4.092860976918948,6.763285024154589,0.7716049382716049,2.4825550187869028,,
102,31.00509930220075,26.281535158346752,13.09044551798175,2.9723564143853998,10.071121846484166,4.052603327965647,9.306226516371444,0.7716049382716049,2.4490069779924855,,
103,31.374127750939344,26.053408480944714,13.056897477187333,2.9388083735909825,10.010735373054214,4.032474503488996,9.31964573268921,0.7716049382716049,2.442297369833602,,
104,31.072195383789587,25.201288244766506,12.949543746645196,3.046162104133119,10.00402576489533,3.965378421900161,10.668276972624799,0.7246376811594203,2.368491680085883,,
105,31.30703166935051,25.147611379495437,12.93612453032743,3.046162104133119,9.957058507783145,3.965378421900161,10.59447128287708,0.7112184648416533,2.3349436392914655,,
106,31.280193236714975,24.590713902308106,12.875738056897477,2.9723564143853998,9.655126140633387,5.01207729468599,10.721953837895867,0.6910896403650026,2.200751476113795,,
107,31.622383252818036,24.422973698336016,12.822061191626409,2.965646806226516,9.601449275362318,4.99194847020934,10.681696188942565,0.6910896403650026,2.200751476113795,,
108,31.749865807836823,24.329039184111647,12.640901771336553,3.0730005367686526,9.896672034353195,5.092592592592593,10.50053676865271,0.6575415995705851,2.059849704777241,,
109,32.05179817498658,24.288781535158346,12.580515297906603,3.052871712292002,9.816156736446592,5.0791733762748255,10.420021470746109,0.6575415995705851,2.0531400966183573,,
110,32.39398819108964,24.20155662909286,12.52012882447665,3.0193236714975846,9.688674181427805,5.0791733762748255,10.19189479334407,0.6575415995705851,2.24771873322598,,
111,32.50134192163178,24.000268384326354,12.795222758990874,3.0059044551798175,9.541062801932368,5.179817498658078,10.077831454643048,0.6575415995705851,2.2410091250670963,,
112,32.55501878690284,24.074074074074073,12.573805689747719,3.0059044551798175,9.440418679549115,5.414653784219001,10.064412238325282,0.6575415995705851,2.214170692431562,,
113,32.910628019323674,23.993558776167472,12.359098228663447,3.0059044551798175,9.500805152979066,5.401234567901234,9.997316156736447,0.6575415995705851,2.1739130434782608,,
114,32.6154052603328,23.96672034353194,11.77536231884058,3.0059044551798175,9.494095544820183,6.877348362855609,9.440418679549115,0.6575415995705851,2.167203435319377,,
115,32.870370370370374,23.691626409017715,11.748523886205046,2.9924852388620504,9.219001610305957,7.239667203435319,9.41358024691358,0.6575415995705851,2.167203435319377,,
116,32.9777241009125,23.429951690821255,11.674718196457327,2.9924852388620504,8.749329039184111,6.582125603864735,10.84272678475577,0.6575415995705851,2.0933977455716586,,
117,33.313204508856685,23.336017176596886,11.654589371980677,2.985775630703167,8.68894256575416,6.521739130434782,10.782340311325818,0.6575415995705851,2.059849704777241,,
118,33.66881374127751,23.1280193236715,11.574074074074074,2.9790660225442833,8.641975308641975,6.6760601180891035,10.61460010735373,0.6575415995705851,2.059849704777241,,
119,33.82984433709071,22.69860440150295,11.386205045625335,3.0931293612453032,8.964036500268385,6.629092860976919,10.68840579710145,0.6575415995705851,2.0531400966183573,,
120,33.8365539452496,22.644927536231883,11.386205045625335,3.0931293612453032,9.514224369296834,6.528448738593666,10.339506172839506,0.6575415995705851,1.9994632313472893,,
121,34.21229200214707,22.23564143853999,11.29898013955985,3.0864197530864197,9.373322597960279,6.850509930220075,10.238862050456254,0.7045088566827697,1.9994632313472893,,
122,34.58132045088567,22.14170692431562,11.265432098765432,3.0864197530864197,9.326355340848094,6.776704240472356,10.131508319914117,0.7045088566827697,1.9860440150295222,,
123,34.86312399355877,22.061191626409016,11.211755233494364,3.066290928609769,9.326355340848094,6.702898550724638,10.077831454643048,0.7045088566827697,1.9860440150295222,,
124,34.97047772410091,21.772678475577028,11.198336017176597,3.066290928609769,9.75577026301664,6.5552871712292005,10.00402576489533,0.6977992485238862,1.9793344068706387,,
125,34.715512614063336,21.22249060654858,11.352657004830919,4.320987654320987,9.433709071390231,6.374127750939345,9.903381642512077,0.6977992485238862,1.9793344068706387,,
126,34.876543209876544,20.974235104669887,11.292270531400966,4.30756843800322,9.588030059044552,6.427804616210413,9.863123993558776,0.6977992485238862,1.9726247987117553,,
127,35.178475577026305,20.88030059044552,11.225174449812132,4.28743961352657,9.567901234567902,6.407675791733762,9.809447128287708,0.6977992485238862,1.9457863660762211,,
128,35.35963499731616,20.82662372517445,11.20504562533548,4.240472356414386,9.5276435856146,6.407675791733762,9.809447128287708,0.6977992485238862,1.9256575415995705,,
129,34.19887278582931,22.18196457326892,11.003757380568974,4.2270531400966185,9.655126140633387,6.400966183574879,9.708803005904455,0.6977992485238862,1.9256575415995705,,
130,34.40016103059581,22.17525496511004,10.93666129898014,4.2270531400966185,9.608158883521202,6.347289318303811,9.702093397745571,0.6977992485238862,1.90552871712292,,
131,34.78931830381106,22.108158883521202,10.903113258185721,4.213633923778851,9.447128287707997,6.3137412775093935,9.628287707997853,0.6977992485238862,1.8988191089640365,,
132,34.66854535695116,21.866612989801396,10.876274825550189,4.186795491143317,9.41358024691358,6.3137412775093935,10.084541062801932,0.6910896403650026,1.8988191089640365,,
133,35.057702630166396,21.812936124530328,10.72866344605475,4.180085882984434,9.353193773483628,6.266774020397209,10.010735373054214,0.6910896403650026,1.8988191089640365,,
134,35.47369833601718,21.712292002147073,10.601180891035963,4.461889425657541,9.306226516371444,6.260064412238325,9.789318303811058,0.6843800322061192,1.710950080515298,,
135,35.21202361782072,20.363660762211488,11.714975845410628,5.10601180891036,9.212292002147075,6.340579710144928,9.621578099838969,0.6709608158883521,1.7579173376274826,,
136,35.319377348362856,20.303274288781534,11.708266237251744,5.025496511003757,9.212292002147075,6.333870101986044,9.541062801932368,0.6709608158883521,1.8853998926462694,,
137,35.40660225442834,19.981213097155127,11.889425657541599,5.025496511003757,9.366612989801396,6.293612453032743,9.50751476113795,0.6709608158883521,1.8585614600107354,,
138,35.54079441760601,19.94766505636071,11.869296833064949,5.025496511003757,9.312936124530328,6.260064412238325,9.514224369296834,0.6709608158883521,1.8585614600107354,,
139,35.77563070316693,19.90740740740741,11.808910359634996,4.985238862050457,9.25925925925926,6.260064412238325,9.480676328502415,0.6709608158883521,1.8518518518518519,,
140,36.13794954374664,19.706119162640903,11.600912506709609,4.985238862050457,9.111647879763822,6.360708534621578,9.41358024691358,0.6709608158883521,2.0128824476650564,,
141,36.45330112721417,19.538378958668815,11.600912506709609,4.985238862050457,9.084809447128288,6.280193236714976,9.373322597960279,0.6709608158883521,2.0128824476650564,,
142,36.68142780461621,19.45115405260333,11.540526033279656,5.709876543209877,8.789586688137414,6.260064412238325,9.017713365539452,0.6508319914117016,1.8988191089640365,,
143,36.211755233494365,20.25630703166935,11.231884057971014,6.018518518518518,8.668813741277509,6.253354804079442,8.809715512614064,0.6508319914117016,1.8988191089640365,,
144,36.09769189479334,19.692699946323135,11.218464841653248,6.018518518518518,8.360171765968868,7.367149758454106,8.715780998389693,0.6508319914117016,1.8786902844873858,,
145,36.37949543746645,19.384057971014492,11.117820719269995,6.3137412775093935,8.272946859903382,7.286634460547504,8.715780998389693,0.6508319914117016,1.8786902844873858,,
146,36.56736446591519,19.28341384863124,11.030595813204508,6.273483628556092,8.192431561996779,7.118894256575416,9.004294149221685,0.6508319914117016,1.8786902844873858,,
147,36.553945249597426,19.330381105743424,10.88298443370907,6.461352657004831,8.246108427267847,7.078636607622115,8.917069243156199,0.6508319914117016,1.8786902844873858,,
148,36.621041331186255,19.256575415995705,10.86285560923242,6.454643048845948,8.172302737520129,7.206119162640902,8.896940418679549,0.6508319914117016,1.8786902844873858,,
149,37.11755233494364,19.02173913043478,10.68840579710145,6.642512077294686,7.85024154589372,7.2933440687063875,8.870101986044014,0.6508319914117016,1.865271068169619,,
150,37.34567901234568,18.914385399892645,10.63472893183038,6.629092860976919,7.930756843800322,7.226247987117552,8.82313472893183,0.6374127750939346,1.8585614600107354,,
151,37.473161567364464,18.780193236714975,10.433440687063875,6.709608158883521,8.024691358024691,7.501341921631776,8.648684916800859,0.6374127750939346,1.7914653784219001,,
152,37.11084272678475,18.646001073537306,10.379763821792807,7.890499194847021,7.997852925389157,7.494632313472893,7.803274288781535,0.6172839506172839,2.059849704777241,,
153,37.124261943102525,18.438003220611915,10.332796564680622,7.856951154052603,7.977724100912507,7.803274288781535,7.803274288781535,0.6172839506172839,2.046430488459474,,
154,37.25845410628019,18.250134192163177,10.332796564680622,7.823403113258186,7.977724100912507,7.9106280193236715,7.796564680622652,0.6172839506172839,2.033011272141707,,
155,37.446323134728935,18.183038110574344,10.151637144390767,7.823403113258186,8.09849704777241,7.883789586688137,7.763016639828234,0.6172839506172839,2.033011272141707,,
156,37.61406333870102,17.907944176060116,10.037573805689748,7.7831454643048845,8.071658615136876,7.98443370907139,7.809983896940419,0.6172839506172839,2.1739130434782608,,
157,37.2987117552335,17.371175523349436,9.930220075147611,7.742887815351583,8.07836822329576,9.05126140633387,7.763016639828234,0.6172839506172839,2.147074610842727,,
158,37.37251744498121,17.317498658078367,9.842995169082126,7.6623725174449815,8.038110574342458,8.890230810520666,8.353462157809984,0.6172839506172839,1.90552871712292,,
159,37.31213097155126,17.136339237788512,9.742351046698873,7.628824476650563,7.9106280193236715,9.172034353193773,8.259527643585615,0.8521202361782072,1.9860440150295222,,
160,37.224906065485776,17.102791196994094,9.648416532474503,7.555018786902845,7.286634460547504,8.957326892109501,9.420289855072463,0.8521202361782072,1.9524959742351047,,
161,37.4194847020934,17.09608158883521,9.608158883521202,7.514761137949543,7.286634460547504,8.849973161567364,9.420289855072463,0.8521202361782072,1.9524959742351047,,
162,37.8690284487386,17.028985507246375,9.5276435856146,7.407407407407407,7.253086419753086,8.796296296296296,9.272678475577026,0.8521202361782072,1.9927536231884058,,
163,38.09044551798175,16.867954911433173,9.480676328502415,7.380568974771873,7.387278582930757,8.729200214707461,9.219001610305957,0.8521202361782072,1.9927536231884058,,
164,38.12399355877617,16.794149221685455,9.353193773483628,7.635534084809447,7.212828770799785,8.863392377885132,9.219001610305957,0.8252818035426731,1.9726247987117553,,
165,38.077026301663984,16.606280193236714,9.339774557165862,7.239667203435319,7.387278582930757,9.098228663446054,9.480676328502415,0.798443370907139,1.9726247987117553,,
166,38.077026301663984,16.398282340311326,9.31964573268921,7.132313472893183,7.494632313472893,9.16532474503489,9.668545356951155,0.798443370907139,1.9457863660762211,,
167,38.425925925925924,16.304347826086957,9.272678475577026,7.098765432098766,7.407407407407407,9.131776704240472,9.614868491680086,0.798443370907139,1.9457863660762211,,
168,38.399087493290395,16.13660762211487,9.05126140633387,7.306763285024155,7.648953301127214,9.232420826623725,9.581320450885668,0.785024154589372,1.8585614600107354,,
169,38.056897477187334,15.5126140633387,8.964036500268385,7.266505636070853,7.568438003220612,10.547504025764896,9.460547504025765,0.7716049382716049,1.8518518518518519,,
170,38.39237788513151,15.5126140633387,8.93719806763285,7.185990338164252,7.427536231884058,10.507246376811594,9.440418679549115,0.7447665056360708,1.8518518518518519,,
171,38.506441223832525,15.445517981749866,8.870101986044014,7.185990338164252,7.4006977992485234,10.607890499194847,9.386741814278047,0.7447665056360708,1.8518518518518519,,
172,38.62050456253355,15.398550724637682,8.930488459473967,7.139023081052066,7.39398819108964,10.540794417606012,9.39345142243693,0.7380568974771873,1.8451422436929683,,
173,38.59366612989801,15.33816425120773,8.735909822866345,7.14573268921095,7.897208803005904,10.399892646269459,9.219001610305957,0.8655394524959742,1.8048845947396672,,
174,38.84192163177671,15.26435856146001,8.709071390230811,7.112184648416532,7.856951154052603,10.339506172839506,9.212292002147075,0.8588298443370908,1.8048845947396672,,
175,39.049919484702095,15.250939345142244,8.548040794417606,7.179280730005368,7.836822329575953,10.305958132045088,9.16532474503489,0.8588298443370908,1.8048845947396672,,
176,39.32501341921632,15.177133655394526,8.501073537305421,7.1658615136876005,7.830112721417069,10.285829307568438,9.057971014492754,0.8588298443370908,1.7981749865807837,,
177,37.27187332259796,21.85319377348363,6.904186795491143,6.998121309715513,7.139023081052066,9.588030059044552,7.695920558239399,0.8588298443370908,1.6908212560386473,,
178,36.66129898013956,21.578099838969404,7.776435856146001,6.575415995705851,7.226247987117552,9.936929683306495,7.695920558239399,0.8588298443370908,1.6908212560386473,,
179,36.90955448201825,21.470746108427267,7.749597423510467,6.823671497584541,7.065217391304348,9.809447128287708,7.675791733762749,0.8588298443370908,1.6371443907675791,,
180,37.07729468599034,21.30300590445518,7.716049382716049,6.823671497584541,7.226247987117552,9.782608695652174,7.575147611379496,0.8588298443370908,1.6371443907675791,,
181,37.21148684916801,20.974235104669887,7.96430488459474,6.763285024154589,7.39398819108964,9.708803005904455,7.514761137949543,0.8588298443370908,1.6103059581320451,,
182,37.3792270531401,20.9272678475577,7.937466451959206,6.6827697262479875,7.37385936661299,9.655126140633387,7.514761137949543,0.8588298443370908,1.6103059581320451,0.06038647342995169,
183,37.6207729468599,20.86688137412775,7.890499194847021,6.629092860976919,7.37385936661299,9.621578099838969,7.481213097155126,0.8521202361782072,1.6035963499731616,0.06038647342995169,
184,37.9092860976919,20.799785292538918,7.816693505099302,6.602254428341385,7.333601717659689,9.554482018250134,7.467793880837359,0.8521202361782072,1.6035963499731616,0.06038647342995169,
185,37.9495437466452,20.7662372517445,7.7898550724637685,6.602254428341385,7.320182501341922,9.554482018250134,7.501341921631776,0.8521202361782072,1.6035963499731616,0.06038647342995169,
186,38.04347826086956,20.618625872249062,7.7898550724637685,6.602254428341385,7.313472893183038,9.554482018250134,7.561728395061729,0.8521202361782072,1.6035963499731616,0.06038647342995169,
187,38.31857219538379,20.471014492753625,7.776435856146001,6.501610305958132,7.333601717659689,9.54777241009125,7.5348899624261945,0.8521202361782072,1.6035963499731616,0.06038647342995169,
188,38.506441223832525,20.33011272141707,7.675791733762749,6.501610305958132,7.313472893183038,9.50751476113795,7.648953301127214,0.8521202361782072,1.6035963499731616,0.06038647342995169,
189,37.52012882447665,20.135534084809446,8.863392377885132,6.333870101986044,7.48792270531401,9.29951690821256,7.856951154052603,0.8387010198604401,1.6035963499731616,0.06038647342995169,
190,37.9092860976919,19.91411701556629,8.729200214707461,6.333870101986044,7.48792270531401,9.29951690821256,7.823403113258186,0.8387010198604401,1.6035963499731616,0.06038647342995169,
191,37.473161567364464,19.196188942565755,8.675523349436393,6.333870101986044,7.863660762211487,9.212292002147075,8.742619431025227,0.8387010198604401,1.6035963499731616,0.06038647342995169,
192,37.3389694041868,19.108964036500268,8.380300590445518,6.414385399892646,8.427267847557703,9.198872785829307,8.628556092324208,0.8387010198604401,1.6035963499731616,0.06038647342995169,
193,37.533548040794415,18.988191089640367,8.21256038647343,6.340579710144928,8.501073537305421,9.353193773483628,8.628556092324208,0.7783145464304885,1.6035963499731616,0.06038647342995169,
194,37.714707461084274,18.95464304884595,8.319914117015566,6.266774020397209,8.460815888352121,9.31964573268921,8.55475040257649,0.7447665056360708,1.6035963499731616,0.06038647342995169,
195,37.97638217928073,18.90096618357488,8.246108427267847,6.300322061191626,8.447396672034353,9.198872785829307,8.521202361782072,0.7447665056360708,1.6035963499731616,0.06038647342995169,
196,38.25147611379496,18.78690284487386,8.219269994632313,6.286902844873859,8.413848631239935,9.138486312399356,8.494363929146537,0.7447665056360708,1.6035963499731616,0.06038647342995169,
197,38.02334943639291,18.57890499194847,7.843531937734836,6.239935587761675,8.608427267847558,9.836285560923242,8.460815888352121,0.7447665056360708,1.6035963499731616,0.06038647342995169,
198,38.191089640365,18.491680085882983,7.796564680622652,6.219806763285024,8.749329039184111,9.75577026301664,8.407139023081053,0.7447665056360708,1.583467525496511,0.06038647342995169,
199,37.88244766505636,18.297101449275363,7.635534084809447,6.146001073537305,9.541062801932368,9.688674181427805,8.105206655931294,0.7447665056360708,1.8988191089640365,0.06038647342995169,
200,37.936124530327426,18.156199677938808,7.615405260332796,6.622383252818035,9.520933977455716,9.339774557165862,8.105206655931294,0.7447665056360708,1.8988191089640365,0.06038647342995169,
201,37.996511003757384,18.12265163714439,7.615405260332796,6.796833064949007,9.366612989801396,9.29951690821256,8.004562533548041,0.7045088566827697,2.033011272141707,0.06038647342995169,
202,38.18438003220612,18.089103596349972,7.454374664519592,6.716317767042405,9.681964573268921,9.138486312399356,7.98443370907139,0.7045088566827697,1.9860440150295222,0.06038647342995169,
203,38.258185721953836,17.98845947396672,7.407407407407407,6.736446591519055,9.73564143853999,9.212292002147075,7.930756843800322,0.6843800322061192,1.9860440150295222,0.06038647342995169,
204,38.58695652173913,17.894524959742352,7.380568974771873,6.622383252818035,9.722222222222221,9.178743961352657,7.917337627482555,0.6843800322061192,1.9524959742351047,0.06038647342995169,
205,38.6003757380569,17.814009661835748,7.286634460547504,6.998121309715513,9.500805152979066,9.312936124530328,7.836822329575953,0.6843800322061192,1.90552871712292,0.06038647342995169,
206,38.28502415458937,17.85426731078905,7.14573268921095,7.467793880837359,9.426999463231347,9.749060654857756,7.548309178743962,0.6843800322061192,1.778046162104133,0.06038647342995169,
207,38.47289318303811,17.64626945786366,7.139023081052066,7.5348899624261945,9.473966720343531,9.655126140633387,7.521470746108427,0.7313472893183038,1.7646269457863661,0.06038647342995169,
208,38.85534084809447,17.56575415995706,7.125603864734299,7.4208266237251745,9.400161030595813,9.608158883521202,7.501341921631776,0.6977992485238862,1.7646269457863661,0.06038647342995169,
209,39.090177133655395,17.505367686527105,7.239667203435319,7.286634460547504,9.346484165324744,9.66183574879227,7.447665056360709,0.6642512077294686,1.6975308641975309,0.06038647342995169,
210,39.16398282340311,17.49194847020934,7.232957595276436,7.266505636070853,9.31964573268921,9.655126140633387,7.447665056360709,0.6642512077294686,1.6975308641975309,0.06038647342995169,
211,39.049919484702095,17.391304347826086,7.179280730005368,7.246376811594203,9.796027911969942,9.614868491680086,7.300053676865271,0.6642512077294686,1.6975308641975309,0.06038647342995169,
212,39.03650026838432,17.136339237788512,7.132313472893183,7.856951154052603,9.728931830381105,9.433709071390231,7.273215244229737,0.6642512077294686,1.6774020397208802,0.06038647342995169,
213,38.768115942028984,16.75389157273215,7.575147611379496,7.742887815351583,9.883252818035427,9.896672034353195,7.011540526033279,0.6642512077294686,1.6438539989264627,0.06038647342995169,
214,39.070048309178745,16.67337627482555,7.541599570585078,7.709339774557166,9.836285560923242,9.849704777241008,6.984702093397746,0.6642512077294686,1.6103059581320451,0.06038647342995169,
215,37.11084272678475,19.618894256575416,7.065217391304348,7.957595276435856,9.614868491680086,9.73564143853999,6.568706387546968,0.6575415995705851,1.6103059581320451,0.06038647342995169,
216,36.902844873859365,19.39747718733226,7.03166935050993,8.373590982286634,9.514224369296834,9.73564143853999,6.729736983360172,0.6575415995705851,1.596886741814278,0.06038647342995169,
217,36.90955448201825,19.35721953837896,7.011540526033279,8.32662372517445,9.366612989801396,9.842995169082126,6.870638754696726,0.6575415995705851,1.596886741814278,0.06038647342995169,
218,37.15780998389694,19.176060118089104,6.998121309715513,8.3467525496511,9.292807300053678,9.849704777241008,6.863929146537842,0.6575415995705851,1.596886741814278,0.06038647342995169,
219,37.07729468599034,18.511808910359633,6.957863660762212,9.648416532474503,8.93719806763285,9.77589908749329,6.8035426731078905,0.6575415995705851,1.570048309178744,0.06038647342995169,
220,37.32555018786903,18.45813204508857,6.951154052603328,9.601449275362318,8.910359634997317,9.695383789586689,6.790123456790123,0.6575415995705851,1.5499194847020934,0.06038647342995169,
221,36.272141706924316,17.807300053676865,9.500805152979066,9.219001610305957,8.735909822866345,9.426999463231347,6.776704240472356,0.6575415995705851,1.5432098765432098,0.06038647342995169,
222,36.42646269457864,17.753623188405797,9.500805152979066,9.252549651100376,8.702361782071927,9.426999463231347,6.629092860976919,0.6575415995705851,1.5901771336553945,0.06038647342995169,
223,36.41304347826087,17.652979066022546,9.27938808373591,9.728931830381105,8.655394524959743,9.426999463231347,6.568706387546968,0.6575415995705851,1.556629092860977,0.06038647342995169,
224,36.62775093934514,17.64626945786366,9.252549651100376,9.77589908749329,8.561460010735374,9.31964573268921,6.541867954911433,0.6575415995705851,1.556629092860977,0.06038647342995169,
225,36.71497584541063,17.57246376811594,9.232420826623725,9.816156736446592,8.514492753623188,9.426999463231347,6.447933440687064,0.6575415995705851,1.556629092860977,0.06038647342995169,
226,36.73510466988728,17.659688674181428,9.192163177670425,9.695383789586689,8.487654320987655,9.380032206119163,6.575415995705851,0.6575415995705851,1.556629092860977,0.06038647342995169,
227,36.842458400429415,17.538915727321523,9.265968867418144,9.749060654857756,8.313204508856682,9.480676328502415,6.535158346752549,0.6575415995705851,1.556629092860977,0.06038647342995169,
228,37.184648416532475,17.277241009125067,9.178743961352657,9.675254965110037,8.514492753623188,9.41358024691358,6.481481481481482,0.6575415995705851,1.556629092860977,0.06038647342995169,
229,37.38593666129898,16.955179817498657,9.151905528717123,9.46725711218465,8.514492753623188,9.339774557165862,6.944444444444445,0.6575415995705851,1.556629092860977,0.026838432635534086,
230,37.4194847020934,16.921631776704242,8.930488459473967,9.634997316156737,8.501073537305421,9.447128287707997,6.904186795491143,0.6575415995705851,1.556629092860977,0.026838432635534086,
231,37.533548040794415,16.874664519592056,8.601717659688674,9.64170692431562,8.541331186258722,9.702093397745571,6.870638754696726,0.6575415995705851,1.5499194847020934,0.026838432635534086,
232,37.936124530327426,16.666666666666668,8.55475040257649,9.594739667203436,8.514492753623188,9.628287707997853,6.870638754696726,0.6575415995705851,1.5499194847020934,0.026838432635534086,
233,38.18438003220612,16.57944176060118,8.440687063875469,9.581320450885668,8.59500805152979,9.534353193773484,6.850509930220075,0.6575415995705851,1.5499194847020934,0.026838432635534086,
234,38.24476650563607,16.566022544283413,8.111916264090176,9.970477724100913,8.588298443370908,9.500805152979066,6.78341384863124,0.6575415995705851,1.5499194847020934,0.026838432635534086,
235,38.425925925925924,16.512345679012345,8.071658615136876,9.930220075147611,8.581588835212024,9.473966720343531,6.776704240472356,0.6575415995705851,1.5432098765432098,0.026838432635534086,
236,38.56682769726248,16.15673644659152,7.776435856146001,9.883252818035427,8.742619431025227,9.554482018250134,6.998121309715513,0.630703166935051,1.6639828234031133,0.026838432635534086,
237,38.848631239935585,15.780998389694043,7.776435856146001,9.957058507783145,8.662104133118627,9.64170692431562,6.9243156199677935,0.6239935587761675,1.7579173376274826,0.026838432635534086,
238,39.00295222758991,15.76086956521739,7.742887815351583,9.957058507783145,8.655394524959743,9.614868491680086,6.877348362855609,0.6239935587761675,1.737788513150832,0.026838432635534086,
239,39.150563607085346,15.687063875469672,7.890499194847021,9.957058507783145,8.548040794417606,9.5276435856146,6.850509930220075,0.6239935587761675,1.737788513150832,0.026838432635534086,
240,38.96269457863661,15.539452495974235,7.682501341921632,9.809447128287708,8.756038647342995,9.782608695652174,7.085346215780999,0.6239935587761675,1.7310789049919484,0.026838432635534086,
241,39.12372517444981,15.505904455179817,7.628824476650563,9.75577026301664,8.756038647342995,9.73564143853999,7.024959742351046,0.6239935587761675,1.8183038110574343,0.026838432635534086,
242,39.21765968867418,15.405260332796564,7.635534084809447,9.66183574879227,8.756038647342995,9.567901234567902,7.286634460547504,0.6239935587761675,1.8183038110574343,0.026838432635534086,
243,39.60010735373054,15.197262479871176,7.635534084809447,9.608158883521202,8.735909822866345,9.567901234567902,7.185990338164252,0.6239935587761675,1.8183038110574343,0.026838432635534086,
244,39.61352657004831,15.076489533011273,7.601986044015029,9.816156736446592,8.816425120772946,9.312936124530328,7.179280730005368,0.6239935587761675,1.932367149758454,0.026838432635534086,
245,39.761137949543745,15.056360708534621,7.5281803542673105,9.789318303811058,8.816425120772946,9.306226516371444,7.159151905528717,0.6239935587761675,1.932367149758454,0.026838432635534086,
