,45,50,51,55,52,54,53,56,57
0,94.57192699946323,4.428341384863124,0.9997316156736447,,,,,,
1,69.14922168545357,29.851046698872786,0.9997316156736447,,,,,,
2,68.20316693505099,30.797101449275363,0.9997316156736447,,,,,,
3,68.20316693505099,30.797101449275363,0.9997316156736447,,,,,,
4,68.27026301663983,30.589103596349972,0.9997316156736447,0.14090177133655393,,,,,
5,65.65351583467526,33.293075684380035,0.9125067096081588,0.14090177133655393,,,,,
6,57.407407407407405,41.680085882984436,0.9125067096081588,,,,,,
7,57.46108427267848,41.626409017713364,0.9125067096081588,,,,,,
8,56.97128287707998,39.19753086419753,0.9125067096081588,,2.918679549114332,,,,
9,57.038378958668815,39.15727321524423,0.9125067096081588,,2.8918411164787976,,,,
10,57.11218464841653,37.855609232420825,0.9057971014492754,1.2345679012345678,2.8918411164787976,,,,
11,56.90418679549114,38.137412775093935,0.9057971014492754,1.2345679012345678,2.818035426731079,,,,
12,56.91089640365003,38.13070316693505,0.9057971014492754,1.2345679012345678,2.818035426731079,,,,
13,57.1658615136876,38.05018786902845,0.9057971014492754,1.0601180891035964,2.818035426731079,,,,
14,55.26704240472356,37.31213097155126,3.3279656468062266,1.2748255501878691,2.818035426731079,,,,
15,55.52871712292002,35.93666129898014,3.3279656468062266,1.2748255501878691,2.818035426731079,1.1137949543746646,,,
16,54.38137412775094,37.526838432635536,2.885131508319914,1.2748255501878691,2.818035426731079,1.1137949543746646,,,
17,54.40150295222759,37.526838432635536,2.885131508319914,1.2748255501878691,2.818035426731079,1.093666129898014,,,
18,50.89237788513151,38.38566827697262,2.871712292002147,1.2748255501878691,2.818035426731079,3.629898013955985,0.1274825550187869,,
19,49.074074074074076,40.57971014492754,2.623456790123457,1.2748255501878691,2.818035426731079,3.502415458937198,0.1274825550187869,,
20,49.10762211486849,40.54616210413312,2.623456790123457,1.2748255501878691,2.818035426731079,3.502415458937198,0.1274825550187869,,
21,49.12775093934514,40.37842190016103,2.623456790123457,1.2748255501878691,2.818035426731079,3.6634460547504024,0.11406333870101985,,
22,48.980139559849704,40.56629092860977,2.623456790123457,1.2546967257112185,2.818035426731079,3.643317230273752,0.11406333870101985,,
23,48.510466988727856,38.93585614600107,2.6033279656468062,2.314814814814815,3.9720880300590444,3.549382716049383,0.11406333870101985,,
24,48.78556092324208,38.781535158346756,2.589908749329039,2.2074610842726785,3.9720880300590444,3.549382716049383,0.11406333870101985,,
25,49.00697799248524,38.519860440150296,2.5563607085346214,2.281266774020397,3.9720880300590444,3.549382716049383,0.11406333870101985,,
26,48.389694041867955,39.06333870101986,2.5563607085346214,2.3886205045625335,3.938539989264627,3.549382716049383,0.11406333870101985,,
27,47.26918947933441,39.19753086419753,2.5563607085346214,2.3886205045625335,3.938539989264627,3.9855072463768115,0.6642512077294686,,
28,47.316156736446594,39.17740203972088,2.5563607085346214,2.3886205045625335,3.911701556629093,3.9855072463768115,0.6642512077294686,,
29,46.07487922705314,40.49919484702093,2.5563607085346214,2.3886205045625335,3.911701556629093,3.9855072463768115,0.5837359098228664,,
30,38.29844337090714,50.436124530327426,0.4294149221685454,2.509393451422437,3.878153515834675,3.978797638217928,0.46967257112184646,,
31,38.27160493827161,49.67793880837359,0.4294149221685454,2.7241009125067097,3.878153515834675,3.978797638217928,1.0399892646269457,,
32,38.34541062801932,48.772141706924316,0.4294149221685454,3.5829307568438002,3.851315083199141,3.978797638217928,1.0399892646269457,,
33,38.29173376274826,44.920826623725176,0.4294149221685454,3.629898013955985,7.709339774557166,3.978797638217928,1.0399892646269457,,
34,38.31857219538379,44.920826623725176,0.4025764895330113,3.629898013955985,7.709339774557166,3.978797638217928,1.0399892646269457,,
35,38.43263553408481,44.69269994632314,0.4025764895330113,3.629898013955985,7.575147611379496,4.2270531400966185,1.0399892646269457,,
36,37.80193236714976,43.243424584004295,0.4025764895330113,3.629898013955985,9.809447128287708,4.072732152442297,1.0399892646269457,,
37,37.88915727321525,43.15619967793881,0.4025764895330113,3.629898013955985,9.809447128287708,4.072732152442297,1.0399892646269457,,
38,37.27187332259796,43.82045088566828,0.4025764895330113,3.4688674181427803,9.809447128287708,4.072732152442297,1.1540526033279657,,
39,37.27858293075684,43.565485775630705,0.4025764895330113,3.717122920021471,9.809447128287708,4.072732152442297,1.1540526033279657,,
40,37.35909822866345,43.484970477724104,0.4025764895330113,3.717122920021471,9.809447128287708,4.072732152442297,1.1540526033279657,,
41,35.809178743961354,44.89398819108964,0.5703166935050993,3.717122920021471,9.782608695652174,4.072732152442297,1.1540526033279657,,
42,35.85614600107354,44.860440150295226,0.5703166935050993,3.7037037037037037,9.782608695652174,4.072732152442297,1.1540526033279657,,
43,29.998658078368223,46.282877079978526,5.4616210413311865,3.7037037037037037,9.326355340848094,4.072732152442297,1.1540526033279657,,
44,30.03220611916264,46.02791196994095,5.4616210413311865,3.8378958668813743,9.265968867418144,4.072732152442297,1.1540526033279657,0.14761137949543746,
45,24.932903918411164,51.41572732152442,5.287171229200215,3.7372517444981215,9.252549651100376,4.072732152442297,1.1540526033279657,0.14761137949543746,
46,25.15432098765432,51.2211486849168,5.287171229200215,3.7238325281803544,9.252549651100376,4.072732152442297,1.1406333870101986,0.14761137949543746,
47,25.37573805689748,51.03327965646806,5.253623188405797,3.7238325281803544,9.252549651100376,4.072732152442297,1.1406333870101986,0.14761137949543746,
48,25.523349436392916,50.657541599570585,5.226784755770263,4.133118625872249,9.098228663446054,4.072732152442297,1.1406333870101986,0.14761137949543746,
49,25.89237788513151,50.4495437466452,5.226784755770263,4.03918411164788,9.084809447128288,4.019055287171229,1.1406333870101986,0.14761137949543746,
50,26.174181427804616,50.20799785292539,5.186527106816962,4.03918411164788,9.084809447128288,4.019055287171229,1.1406333870101986,0.14761137949543746,
51,26.34863123993559,47.85963499731616,5.173107890499195,3.374932903918411,8.796296296296296,5.998389694041868,2.301395598497048,0.14761137949543746,
52,26.36876006441224,47.839506172839506,5.173107890499195,3.374932903918411,8.796296296296296,5.998389694041868,2.301395598497048,0.14761137949543746,
53,25.825281803542673,45.779656468062264,8.038110574342458,3.227321524422974,8.682232957595277,5.998389694041868,2.301395598497048,0.14761137949543746,
54,21.135265700483092,53.05958132045089,7.716049382716049,3.140096618357488,5.958132045088567,6.629092860976919,2.301395598497048,0.06038647342995169,
55,21.464036500268385,52.83145464304884,7.689210950080516,3.140096618357488,5.938003220611916,6.629092860976919,2.24771873322598,0.06038647342995169,
56,20.79307568438003,53.958668813741276,7.628824476650563,3.140096618357488,5.938003220611916,6.629092860976919,1.8518518518518519,0.06038647342995169,
57,20.840042941492218,53.96537842190016,7.353730542136339,3.1065485775630703,5.904455179817498,6.629092860976919,2.1403650026838434,0.06038647342995169,
58,20.67230273752013,51.63714439076758,9.849704777241008,3.1065485775630703,5.904455179817498,6.629092860976919,2.1403650026838434,0.06038647342995169,
59,20.71256038647343,51.59688674181428,9.849704777241008,3.1065485775630703,5.904455179817498,6.629092860976919,2.1403650026838434,0.06038647342995169,
60,18.887546967257112,52.40874932903918,9.849704777241008,3.1065485775630703,5.421363392377885,8.185721953837897,2.0799785292538915,0.06038647342995169,
61,18.377616747181964,50.999731615673646,9.950348899624261,2.703972088030059,7.669082125603865,8.36688137412775,1.8719806763285025,0.06038647342995169,
62,18.914385399892645,50.82528180354267,9.829575952764358,2.703972088030059,7.588566827697263,8.205850778314547,1.8719806763285025,0.06038647342995169,
63,18.659420289855074,49.483360171765966,9.816156736446592,2.703972088030059,7.199409554482019,6.850509930220075,5.287171229200215,,
64,18.753354804079443,49.44981213097155,9.816156736446592,2.703972088030059,7.1658615136876005,6.850509930220075,5.260332796564681,,
65,18.726516371443907,49.33574879227053,9.789318303811058,2.885131508319914,7.1658615136876005,6.850509930220075,5.246913580246914,,
66,17.975040257648953,47.014224369296834,9.4873859366613,5.709876543209877,7.716049382716049,6.850509930220075,5.246913580246914,,
67,18.02200751476114,46.96725711218465,9.4873859366613,5.709876543209877,7.716049382716049,6.850509930220075,5.246913580246914,,
68,18.08239398819109,45.276435856146,9.312936124530328,5.548845947396672,8.21256038647343,6.233225979602791,7.333601717659689,,
69,18.04213633923779,44.91411701556629,9.863123993558776,5.548845947396672,8.21256038647343,6.206387546967257,7.212828770799785,,
70,17.67981749865808,45.108695652173914,9.702093397745571,5.434782608695652,8.655394524959743,6.206387546967257,7.212828770799785,,
71,17.67981749865808,45.108695652173914,9.702093397745571,5.434782608695652,8.655394524959743,6.206387546967257,7.212828770799785,,
72,17.767042404723565,44.95437466451959,9.688674181427805,5.515297906602254,8.655394524959743,6.206387546967257,7.212828770799785,,
73,17.881105743424584,44.89398819108964,9.655126140633387,5.515297906602254,8.648684916800859,6.199677938808374,7.206119162640902,,
74,18.169618894256576,44.73295759527644,9.628287707997853,5.488459473966721,8.648684916800859,6.273483628556092,7.058507783145465,,
75,17.70665593129361,43.81374127750939,9.205582393988191,4.555823939881911,11.902844873859367,6.172839506172839,6.642512077294686,,
76,17.746913580246915,43.646001073537306,9.198872785829307,4.51556629092861,12.560386473429952,6.172839506172839,6.159420289855072,,
77,17.52549651100376,43.303811057434245,9.836285560923242,4.502147074610843,12.5,6.172839506172839,6.159420289855072,,
78,17.2638217928073,41.968599033816425,17.673107890499196,3.797638217928073,8.541331186258722,6.105743424584004,4.64975845410628,,
79,17.559044551798173,41.52576489533011,17.56575415995706,3.9519592055823938,8.527911969940956,6.105743424584004,4.7638217928073,,
80,17.619431025228128,41.52576489533011,17.518786902844873,3.9519592055823938,8.514492753623188,6.105743424584004,4.7638217928073,,
81,17.250402576489535,40.707192699946326,17.136339237788512,3.9519592055823938,6.629092860976919,6.011808910359635,8.205850778314547,0.10735373054213634,
82,17.70665593129361,40.445517981749866,17.008856682769725,4.019055287171229,6.629092860976919,5.958132045088567,8.125335480407944,0.10735373054213634,
83,17.619431025228128,40.693773483628554,17.008856682769725,3.8848631239935587,6.629092860976919,5.931293612453032,8.125335480407944,0.10735373054213634,
84,17.975040257648953,38.75469672571122,16.794149221685455,3.7775093934514223,8.695652173913043,5.783682232957595,8.111916264090176,0.10735373054213634,
85,17.92807300053677,37.96296296296296,16.794149221685455,4.656468062265164,8.695652173913043,5.931293612453032,7.96430488459474,0.06709608158883522,
86,17.894524959742352,37.848899624261946,16.794149221685455,4.750402576489533,8.695652173913043,5.850778314546431,8.09849704777241,0.06709608158883522,
87,14.184111647879764,57.47450348899624,8.930488459473967,4.388083735909823,3.9586688137412773,3.9855072463768115,7.078636607622115,,
88,14.36527106816962,57.00483091787439,8.910359634997317,5.146269457863661,3.9049919484702094,4.092860976918948,6.575415995705851,,
89,14.714170692431562,56.394256575415994,8.910359634997317,5.407944176060118,3.9049919484702094,4.092860976918948,6.575415995705851,,
90,14.325013419216317,55.52871712292002,8.890230810520666,5.320719269994632,5.481749865807837,3.81105743424584,6.642512077294686,,
91,14.620236178207193,55.31400966183575,8.917069243156199,5.320719269994632,5.4616210413311865,3.8043478260869565,6.561996779388084,,
92,14.42565754159957,53.898282340311326,11.11111111111111,5.320719269994632,5.4616210413311865,3.2206119162640903,6.561996779388084,,
93,14.553140096618357,53.07300053676865,11.077563070316694,6.052066559312936,5.4616210413311865,3.2206119162640903,6.561996779388084,,
94,14.667203435319378,52.87842190016103,11.077563070316694,6.166129898013956,5.4616210413311865,3.2206119162640903,6.528448738593666,,
95,14.908749329039184,52.563070316693505,11.057434245840042,6.260064412238325,5.4616210413311865,3.2206119162640903,6.528448738593666,,
96,14.99597423510467,52.53623188405797,11.044015029522276,6.233225979602791,5.4616210413311865,3.2206119162640903,6.508319914117015,,
97,15.103327965646805,52.220880300590444,10.950080515297907,6.535158346752549,5.4616210413311865,3.2206119162640903,6.508319914117015,,
98,15.22410091250671,51.972624798711756,10.923242082662373,6.595544820182502,5.5756843800322065,3.2139023081052067,6.494900697799249,,
99,15.250939345142244,51.972624798711756,10.836017176596886,6.6827697262479875,5.562265163714439,3.2004830917874396,6.494900697799249,,
100,15.250939345142244,51.529790660225444,10.836017176596886,6.910896403650026,5.669618894256575,3.2340311325818574,6.568706387546968,,
101,15.465646806226516,50.79173376274826,10.836017176596886,7.521470746108427,5.649490069779925,3.2340311325818574,6.501610305958132,,
102,15.60654857756307,50.72463768115942,10.674986580783683,7.521470746108427,5.60252281266774,3.2340311325818574,6.501610305958132,0.13419216317767044,
103,15.868223295759528,50.64412238325282,10.674986580783683,7.521470746108427,5.589103596349974,3.2340311325818574,6.333870101986044,0.13419216317767044,
104,15.163714439076758,50.006709608158886,12.151100375738057,7.447665056360709,5.535426731078905,3.361513687600644,6.199677938808374,0.13419216317767044,
105,15.546162104133119,49.85238862050456,12.151100375738057,7.4208266237251745,5.535426731078905,3.260869565217391,6.099033816425121,0.13419216317767044,
106,15.74074074074074,49.65780998389694,12.151100375738057,7.4208266237251745,5.535426731078905,3.260869565217391,6.099033816425121,0.13419216317767044,
107,13.935856146001074,44.98121309715513,17.67981749865808,7.219538378958669,7.246376811594203,3.1065485775630703,5.83064949006978,,
108,14.06333870101986,44.7463768115942,17.66639828234031,7.340311325818572,7.246376811594203,3.1065485775630703,5.83064949006978,,
109,14.150563607085346,44.69269994632314,17.639559849704778,7.333601717659689,7.246376811594203,3.1065485775630703,5.83064949006978,,
110,13.24476650563607,33.21256038647343,30.414653784219002,6.655931293612453,7.0450885668276975,3.0730005367686526,6.353998926462695,,
111,13.285024154589372,32.87707997852925,30.038915727321523,6.655931293612453,7.333601717659689,3.0730005367686526,6.595544820182502,0.14090177133655393,
112,12.325550187869029,30.67632850241546,33.4272678475577,6.655931293612453,7.266505636070853,2.945517981749866,6.561996779388084,0.14090177133655393,
113,12.47987117552335,30.60252281266774,33.373590982286636,6.629092860976919,7.266505636070853,2.945517981749866,6.561996779388084,0.14090177133655393,
114,12.560386473429952,30.56226516371444,33.3467525496511,6.629092860976919,7.266505636070853,2.945517981749866,6.5485775630703165,0.14090177133655393,
115,12.949543746645196,30.367686527106816,33.2662372517445,6.582125603864735,7.219538378958669,2.945517981749866,6.528448738593666,0.14090177133655393,
116,13.070316693505099,30.20665593129361,33.25952764358561,6.6760601180891035,7.219538378958669,2.898550724637681,6.528448738593666,0.14090177133655393,
117,13.117283950617283,30.20665593129361,33.23268921095008,6.655931293612453,7.085346215780999,2.898550724637681,6.528448738593666,0.27509393451422437,
118,13.238056897477188,30.132850241545892,33.1857219538379,6.655931293612453,7.085346215780999,2.898550724637681,6.528448738593666,0.27509393451422437,
119,13.331991411701557,29.931561996779386,33.07836822329576,6.78341384863124,7.085346215780999,2.898550724637681,6.528448738593666,0.36231884057971014,
120,13.499731615673644,29.918142780461622,32.99785292538916,6.78341384863124,7.085346215780999,2.8381642512077296,6.515029522275899,0.36231884057971014,
121,13.539989264626946,29.891304347826086,32.99785292538916,6.78341384863124,7.071926999463232,2.8381642512077296,6.515029522275899,0.36231884057971014,
122,13.7211486849168,29.78395061728395,32.95759527643585,6.749865807836822,7.071926999463232,2.8381642512077296,6.515029522275899,0.36231884057971014,
123,14.016371443907676,29.622920021470748,32.22624798711755,6.749865807836822,7.071926999463232,2.8381642512077296,6.501610305958132,0.9728931830381106,
124,14.210950080515298,29.200214707461082,31.97128287707998,6.877348362855609,7.347020933977456,2.8381642512077296,6.447933440687064,1.107085346215781,
125,14.016371443907676,28.992216854535695,32.19940955448202,6.6827697262479875,7.159151905528717,2.952227589908749,6.407675791733762,1.5901771336553945,
126,14.123725174449811,28.958668813741276,32.17257112184648,6.66935050993022,7.159151905528717,2.952227589908749,6.374127750939345,1.5901771336553945,
127,14.378690284487385,28.83118625872249,31.93102522812668,6.78341384863124,7.159151905528717,2.8918411164787976,6.320450885668277,1.7042404723564144,
128,14.492753623188406,28.81105743424584,31.884057971014492,6.78341384863124,7.159151905528717,2.8650026838432634,6.300322061191626,1.7042404723564144,
129,14.472624798711756,28.884863123993558,31.850509930220074,6.763285024154589,7.159151905528717,2.8650026838432634,6.300322061191626,1.7042404723564144,
130,14.989264626945786,28.764090177133657,31.629092860976918,6.696188942565755,7.051798174986581,2.8650026838432634,6.300322061191626,1.7042404723564144,
131,15.103327965646805,28.75738056897477,31.61567364465915,6.696188942565755,7.051798174986581,2.8247450348899625,6.246645195920558,1.7042404723564144,
132,15.271068169618895,28.73054213633924,31.49490069779925,6.696188942565755,7.051798174986581,2.804616210413312,6.246645195920558,1.7042404723564144,
133,14.781266774020397,27.710681696188942,34.534353193773484,6.575415995705851,6.206387546967257,2.341653247450349,6.246645195920558,1.6035963499731616,
134,14.868491680085883,26.039989264626946,34.312936124530324,8.360171765968868,6.132581857219538,2.341653247450349,6.246645195920558,1.6975308641975309,
135,15.230810520665592,25.87224906065486,34.19887278582931,8.32662372517445,6.085614600107354,2.341653247450349,6.246645195920558,1.6975308641975309,
136,15.539452495974235,25.637412775093935,34.13177670424047,8.299785292538916,6.0654857756307035,2.1269457863660763,6.501610305958132,1.6975308641975309,
137,15.660225442834138,25.577026301663984,34.11835748792271,8.28636607622115,6.0587761674718195,2.1269457863660763,6.474771873322598,1.6975308641975309,
138,15.74074074074074,25.469672571121848,31.890767579173378,10.721953837895867,6.005099302200751,2.120236178207193,6.461352657004831,1.5901771336553945,
139,15.727321524422974,25.45625335480408,29.696725711218466,10.7085346215781,8.266237251744498,2.120236178207193,6.4345142243692965,1.5901771336553945,
140,14.855072463768115,25.295222758990874,31.031937734836287,10.587761674718196,8.09849704777241,2.120236178207193,6.4345142243692965,1.5767579173376274,
141,15.009393451422437,25.261674718196456,30.837359098228664,10.587761674718196,8.185721953837897,2.120236178207193,6.4345142243692965,1.5633387010198605,
142,15.183843263553408,24.94632313472893,30.770263016639827,10.82259796027912,8.185721953837897,2.120236178207193,6.407675791733762,1.5633387010198605,
143,15.271068169618895,24.912775093934513,30.723295759527645,10.82259796027912,8.185721953837897,2.120236178207193,6.407675791733762,1.556629092860977,
144,15.183843263553408,23.557434245840042,30.69645732689211,10.802469135802468,9.675254965110037,2.120236178207193,6.407675791733762,1.556629092860977,
145,15.5126140633387,23.450080515297905,30.52871712292002,10.742082662372518,9.675254965110037,2.120236178207193,6.293612453032743,1.6774020397208802,
146,15.58641975308642,23.409822866344605,30.50858829844337,10.72866344605475,9.675254965110037,2.120236178207193,6.293612453032743,1.6774020397208802,
147,15.70048309178744,23.376274825550187,30.441492216854535,10.715244229736983,9.675254965110037,2.120236178207193,6.293612453032743,1.6774020397208802,
148,15.854804079441761,23.376274825550187,30.314009661835748,10.715244229736983,9.675254965110037,2.120236178207193,6.293612453032743,1.6505636070853462,
149,15.921900161030596,23.376274825550187,30.09259259259259,10.68840579710145,9.621578099838969,2.120236178207193,6.293612453032743,1.8853998926462694,
150,16.1231884057971,23.356146001073537,29.904723564143854,10.587761674718196,9.621578099838969,2.227589908749329,6.293612453032743,1.8853998926462694,
151,16.297638217928075,23.329307568438004,29.898013955984972,10.554213633923778,9.5276435856146,2.2208803005904456,6.286902844873859,1.8853998926462694,
152,16.223832528180353,23.450080515297905,29.898013955984972,10.554213633923778,9.500805152979066,2.2208803005904456,6.266774020397209,1.8853998926462694,
153,16.25738056897477,23.376274825550187,29.186795491143318,10.305958132045088,9.480676328502415,2.2208803005904456,7.159151905528717,2.0128824476650564,
154,15.767579173376275,22.34970477724101,29.13311862587225,10.198604401502953,11.990069779924852,1.7310789049919484,6.816961889425658,2.0128824476650564,
155,15.841384863123993,22.302737520128826,28.985507246376812,10.198604401502953,11.990069779924852,1.7310789049919484,6.816961889425658,2.13365539452496,
156,16.17686527106817,22.188674181427803,28.77079978529254,10.19189479334407,11.990069779924852,1.7310789049919484,6.816961889425658,2.13365539452496,
157,16.404991948470208,22.188674181427803,28.73725174449812,10.19189479334407,11.936392914653783,1.6774020397208802,6.816961889425658,2.046430488459474,
158,16.626409017713364,22.16183574879227,28.569511540526033,10.19189479334407,11.90955448201825,1.6774020397208802,6.9310252281266775,1.932367149758454,
159,16.82769726247987,22.067901234567902,28.488996242619432,10.19189479334407,11.889425657541599,1.6774020397208802,6.9243156199677935,1.932367149758454,
160,16.99543746645196,21.920289855072465,28.381642512077295,10.285829307568438,11.882716049382717,1.6774020397208802,6.9243156199677935,1.932367149758454,
161,17.008856682769725,21.83977455716586,27.710681696188942,10.285829307568438,11.674718196457327,2.7509393451422435,6.796833064949007,1.932367149758454,
162,17.236983360171767,21.772678475577028,27.657004830917874,10.245571658615138,11.594202898550725,2.7509393451422435,6.6760601180891035,2.0665593129361244,
163,17.19001610305958,21.591519055287172,27.643585614600106,10.245571658615138,11.56736446591519,2.918679549114332,6.776704240472356,2.0665593129361244,
164,17.337627482555018,21.591519055287172,27.49597423510467,10.245571658615138,11.56736446591519,2.918679549114332,6.776704240472356,2.0665593129361244,
165,17.538915727321523,21.531132581857218,27.408749329039185,10.245571658615138,11.56736446591519,2.918679549114332,6.723027375201288,2.0665593129361244,
166,17.639559849704778,21.490874932903917,27.395330112721417,10.238862050456254,11.56736446591519,2.8918411164787976,6.709608158883521,2.0665593129361244,
167,17.787171229200215,21.370101986044016,27.395330112721417,10.238862050456254,11.540526033279656,2.8918411164787976,6.709608158883521,2.0665593129361244,
168,18.04213633923779,21.370101986044016,27.361782071927,10.238862050456254,11.41304347826087,2.818035426731079,6.689479334406871,2.0665593129361244,
169,18.189747718733226,21.36339237788513,27.34165324745035,10.21202361782072,11.332528180354267,2.818035426731079,6.6760601180891035,2.0665593129361244,
170,18.5252281266774,21.16881374127751,27.3215244229737,10.158346752549651,11.305689747718732,2.818035426731079,6.66935050993022,2.033011272141707,
171,18.833870101986044,21.014492753623188,26.939076757917338,10.138217928073,11.124530327428879,2.9723564143853998,6.66935050993022,2.3081052066559313,
172,18.84728931830381,20.987654320987655,26.818303811057433,10.138217928073,11.124530327428879,2.9723564143853998,6.66935050993022,2.442297369833602,
173,18.9747718733226,20.974235104669887,26.77133655394525,10.138217928073,10.997047772410092,3.0327428878153517,6.66935050993022,2.442297369833602,
174,19.028448738593667,20.947396672034355,26.757917337627482,10.138217928073,10.983628556092324,3.0327428878153517,6.66935050993022,2.442297369833602,
175,19.43102522812668,20.840042941492218,26.717659688674182,9.997316156736447,10.983628556092324,2.9924852388620504,6.595544820182502,2.442297369833602,
176,19.672571121846484,20.78636607622115,26.643853998926463,9.997316156736447,10.983628556092324,2.8784219001610305,6.595544820182502,2.442297369833602,
177,19.75979602791197,20.638754696725712,26.630434782608695,10.077831454643048,10.983628556092324,2.871712292002147,6.595544820182502,2.442297369833602,
178,19.994632313472895,20.618625872249062,26.596886741814277,10.037573805689748,10.84272678475577,2.871712292002147,6.595544820182502,2.442297369833602,
179,20.155662909286097,20.50456253354804,26.56333870101986,10.037573805689748,10.84272678475577,2.871712292002147,6.582125603864735,2.442297369833602,
180,20.417337627482556,20.491143317230275,26.476113794954376,9.990606548577563,10.742082662372518,2.871712292002147,6.582125603864735,2.428878153515835,
181,20.558239398819108,20.491143317230275,26.36876006441224,9.98389694041868,10.742082662372518,2.871712292002147,6.582125603864735,2.4020397208803006,
182,20.873590982286636,20.38378958668814,26.36876006441224,9.923510466988727,10.742082662372518,2.7509393451422435,6.5552871712292005,2.4020397208803006,
183,20.974235104669887,20.336822329575952,26.362050456253353,9.903381642512077,10.742082662372518,2.7509393451422435,6.528448738593666,2.4020397208803006,
184,21.22249060654858,20.33011272141707,26.281535158346752,9.77589908749329,10.7085346215781,2.7509393451422435,6.528448738593666,2.4020397208803006,
185,21.497584541062803,20.28985507246377,26.167471819645733,9.73564143853999,10.628019323671497,2.7509393451422435,6.528448738593666,2.4020397208803006,
186,21.537842190016104,20.249597423510465,26.127214170692433,9.728931830381105,10.628019323671497,2.737520128824477,6.588835212023618,2.4020397208803006,
187,21.651905528717123,20.2361782071927,26.100375738056897,9.728931830381105,10.621309715512615,2.737520128824477,6.521739130434782,2.4020397208803006,
188,21.732420826623724,20.189210950080515,26.100375738056897,9.836285560923242,10.57434245840043,2.737520128824477,6.427804616210413,2.4020397208803006,
189,21.93370907139023,20.189210950080515,25.959473966720342,9.816156736446592,10.534084809447128,2.737520128824477,6.427804616210413,2.4020397208803006,
190,21.987385936661298,20.189210950080515,25.95276435856146,9.789318303811058,10.534084809447128,2.737520128824477,6.427804616210413,2.38191089640365,
191,22.088030059044552,20.155662909286097,25.946054750402578,9.77589908749329,10.487117552334944,2.737520128824477,6.427804616210413,2.38191089640365,
192,22.16183574879227,20.155662909286097,25.87895866881374,9.75577026301664,10.487117552334944,2.737520128824477,6.353998926462695,2.4691358024691357,
193,21.83977455716586,19.699409554482017,25.13419216317767,9.722222222222221,12.345679012345679,2.737520128824477,6.052066559312936,2.4691358024691357,
194,21.980676328502415,19.612184648416534,25.06038647342995,9.494095544820183,12.674449812130971,2.7308105206655933,5.978260869565218,2.4691358024691357,
195,22.054482018250134,19.612184648416534,24.97987117552335,9.581320450885668,12.661030595813205,2.6972624798711755,5.9447128287707995,2.4691358024691357,
196,22.10144927536232,19.538378958668815,24.973161567364468,9.554482018250134,12.466451959205582,2.623456790123457,6.179549114331723,2.4691358024691357,0.0939345142243693
197,21.994095544820183,19.51825013419216,24.912775093934513,9.554482018250134,12.399355877616747,2.7777777777777777,6.280193236714976,2.4691358024691357,0.0939345142243693
198,22.054482018250134,19.51825013419216,24.812130971551262,9.688674181427805,12.338969404186795,2.7777777777777777,6.246645195920558,2.4691358024691357,0.0939345142243693
199,22.25577026301664,19.464573268921097,24.724906065485776,9.668545356951155,12.298711755233494,2.7777777777777777,6.246645195920558,2.4691358024691357,0.0939345142243693
200,22.31615673644659,19.43773483628556,24.691358024691358,9.668545356951155,12.298711755233494,2.7777777777777777,6.246645195920558,2.4691358024691357,0.0939345142243693
201,22.262479871175522,19.424315619967793,24.651100375738057,9.668545356951155,12.298711755233494,2.885131508319914,6.246645195920558,2.4691358024691357,0.0939345142243693
202,22.779119699409556,19.189479334406872,24.550456253354803,9.4873859366613,12.298711755233494,2.885131508319914,6.246645195920558,2.4691358024691357,0.0939345142243693
203,23.05421363392378,19.176060118089104,24.52361782071927,9.326355340848094,12.298711755233494,2.8650026838432634,6.1929683306494905,2.4691358024691357,0.0939345142243693
204,23.21524422973698,19.03515834675255,24.50348899624262,9.433709071390231,12.198067632850242,2.8650026838432634,6.1862587224906065,2.4691358024691357,0.0939345142243693
205,23.26892109500805,19.02173913043478,24.490069779924852,9.433709071390231,12.171229200214707,2.8650026838432634,6.1862587224906065,2.4691358024691357,0.0939345142243693
206,23.34272678475577,19.02173913043478,24.44981213097155,9.433709071390231,12.171229200214707,2.8650026838432634,6.152710681696189,2.4691358024691357,0.0939345142243693
207,23.34272678475577,19.02173913043478,24.44981213097155,9.433709071390231,12.171229200214707,2.8650026838432634,6.152710681696189,2.4691358024691357,0.0939345142243693
208,23.336017176596886,19.02173913043478,24.355877616747183,9.433709071390231,12.171229200214707,2.85829307568438,6.152710681696189,2.576489533011272,0.0939345142243693
209,23.503757380568974,19.02173913043478,25.986312399355878,9.433709071390231,10.48040794417606,2.757648953301127,6.146001073537305,2.576489533011272,0.0939345142243693
210,23.60440150295223,19.02173913043478,25.805152979066023,9.514224369296834,10.48040794417606,2.757648953301127,6.146001073537305,2.576489533011272,0.0939345142243693
211,23.577563070316693,18.96135265700483,25.89237788513151,9.514224369296834,10.48040794417606,2.757648953301127,6.146001073537305,2.576489533011272,0.0939345142243693
212,23.678207192699947,18.82716049382716,25.805152979066023,9.500805152979066,10.48040794417606,2.7509393451422435,6.286902844873859,2.576489533011272,0.0939345142243693
213,23.772141706924316,18.82716049382716,25.711218464841654,9.500805152979066,10.48040794417606,2.7509393451422435,6.286902844873859,2.576489533011272,0.0939345142243693
214,24.000268384326354,18.80703166935051,25.603864734299517,9.400161030595813,10.48040794417606,2.7509393451422435,6.286902844873859,2.576489533011272,0.0939345142243693
215,24.16129898013956,18.773483628556093,25.597155126140635,9.353193773483628,10.48040794417606,2.7509393451422435,6.239935587761675,2.5496511003757383,0.0939345142243693
216,24.308910359634996,18.71309715512614,25.489801395598498,9.333064949006978,10.48040794417606,2.7509393451422435,6.239935587761675,2.589908749329039,0.0939345142243693
217,24.758454106280194,18.592324208266238,25.348899624261943,9.333064949006978,10.473698336017177,2.623456790123457,6.199677938808374,2.576489533011272,0.0939345142243693
218,24.86580783682233,18.572195383789587,25.275093934514224,9.333064949006978,10.46027911969941,2.623456790123457,6.199677938808374,2.576489533011272,0.0939345142243693
219,24.792002147074612,18.50509930220075,25.201288244766506,9.460547504025765,10.413311862587225,2.757648953301127,6.078904991948471,2.6972624798711755,0.0939345142243693
220,24.892646269457863,18.491680085882983,25.147611379495437,9.460547504025765,10.399892646269459,2.7509393451422435,6.0654857756307035,2.6972624798711755,0.0939345142243693
221,24.93961352657005,18.471551261406333,25.120772946859905,9.460547504025765,10.399892646269459,2.7509393451422435,6.0654857756307035,2.6972624798711755,0.0939345142243693
222,25.147611379495437,18.45813204508857,24.973161567364468,9.460547504025765,10.399892646269459,2.737520128824477,6.0654857756307035,2.6637144390767578,0.0939345142243693
223,25.15432098765432,18.397745571658614,24.966451959205582,8.333333333333334,11.681427804616211,2.7106816961889426,6.0654857756307035,2.5966183574879227,0.0939345142243693
224,25.462962962962962,18.38432635534085,24.93961352657005,8.32662372517445,11.446591519055287,2.7106816961889426,6.038647342995169,2.5966183574879227,0.0939345142243693
225,25.63070316693505,18.297101449275363,24.9194847020934,8.400429414922169,11.312399355877616,2.7106816961889426,6.038647342995169,2.5966183574879227,0.0939345142243693
226,25.791733762748255,18.136070853462158,24.86580783682233,8.507783145464305,11.258722490606548,2.7106816961889426,6.038647342995169,2.5966183574879227,0.0939345142243693
227,25.738056897477186,18.095813204508858,24.86580783682233,8.480944712828771,10.72866344605475,3.361513687600644,6.038647342995169,2.5966183574879227,0.0939345142243693
228,25.697799248523886,18.04884594739667,25.731347289318304,8.373590982286634,10.0979602791197,3.321256038647343,6.038647342995169,2.5966183574879227,0.0939345142243693
229,25.39586688137413,17.995169082125603,26.986044015029524,8.373590982286634,9.722222222222221,2.8113258185721954,6.025228126677402,2.5966183574879227,0.0939345142243693
230,25.563607085346217,17.961621041331185,26.85185185185185,8.373590982286634,9.722222222222221,2.8113258185721954,6.025228126677402,2.5966183574879227,0.0939345142243693
231,24.89935587761675,16.27750939345142,26.670692431561996,8.105206655931294,12.681159420289855,2.690552871712292,5.844068706387547,2.737520128824477,0.0939345142243693
232,24.932903918411164,16.163446054750402,26.41572732152442,8.373590982286634,12.600644122383253,2.8381642512077296,5.844068706387547,2.737520128824477,0.0939345142243693
233,25.09393451422437,16.163446054750402,26.41572732152442,8.373590982286634,12.593934514224369,2.8381642512077296,5.803811057434245,2.623456790123457,0.0939345142243693
234,24.88593666129898,15.975577026301664,26.38888888888889,8.373590982286634,13.036768652710682,2.818035426731079,5.803811057434245,2.623456790123457,0.0939345142243693
235,25.02012882447665,15.975577026301664,26.281535158346752,8.373590982286634,13.009930220075148,2.818035426731079,5.803811057434245,2.623456790123457,0.0939345142243693
236,25.147611379495437,15.942028985507246,26.093666129898015,8.373590982286634,12.989801395598498,2.818035426731079,5.917874396135265,2.623456790123457,0.0939345142243693
237,25.469672571121848,15.83467525496511,25.885668276972623,8.36688137412775,12.989801395598498,2.818035426731079,5.917874396135265,2.623456790123457,0.0939345142243693
238,25.38244766505636,15.827965646806227,25.36231884057971,8.36688137412775,12.989801395598498,2.818035426731079,5.917874396135265,3.240740740740741,0.0939345142243693
239,25.523349436392916,15.76086956521739,25.328770799785293,8.36688137412775,12.949543746645196,2.818035426731079,5.917874396135265,3.240740740740741,0.0939345142243693
240,25.72463768115942,15.727321524422974,25.315351583467525,8.259527643585615,12.915995705850777,2.818035426731079,5.998389694041868,3.1468062265163717,0.0939345142243693
241,25.87224906065486,15.673644659151906,25.161030595813205,8.232689210950081,12.875738056897477,2.945517981749866,5.998389694041868,3.1468062265163717,0.0939345142243693
242,26.060118089103597,15.458937198067632,25.026838432635532,8.440687063875469,12.788513150831992,2.8784219001610305,6.132581857219538,3.1199677938808374,0.0939345142243693
243,26.120504562533547,15.445517981749866,25.02012882447665,8.427267847557703,12.761674718196458,2.8784219001610305,6.132581857219538,3.1199677938808374,0.0939345142243693
244,26.27482555018787,15.432098765432098,24.97987117552335,8.420558239398819,12.667740203972087,2.8784219001610305,6.132581857219538,3.1199677938808374,0.0939345142243693
245,26.29495437466452,15.432098765432098,24.97987117552335,8.407139023081053,12.667740203972087,2.871712292002147,6.132581857219538,3.1199677938808374,0.0939345142243693
246,26.31508319914117,15.432098765432098,24.9597423510467,8.407139023081053,12.667740203972087,2.871712292002147,6.132581857219538,3.1199677938808374,0.0939345142243693
247,26.073537305421365,14.78797638217928,24.90606548577563,9.252549651100376,12.667740203972087,2.9723564143853998,6.125872249060655,3.1199677938808374,0.0939345142243693
248,26.52308105206656,14.78797638217928,24.745034889962426,9.23913043478261,12.620772946859903,2.9723564143853998,5.971551261406334,3.046162104133119,0.0939345142243693
249,26.637144390767578,14.76784755770263,24.738325281803544,9.23913043478261,12.533548040794418,2.9723564143853998,5.971551261406334,3.046162104133119,0.0939345142243693
250,26.663982823403114,14.76784755770263,24.62426194310252,9.366612989801396,12.533548040794418,2.9723564143853998,5.971551261406334,3.0059044551798175,0.0939345142243693
251,26.912238325281802,14.754428341384862,24.402844873859365,9.359903381642512,12.533548040794418,2.9723564143853998,5.964841653247451,3.0059044551798175,0.0939345142243693
252,27.073268921095007,14.734299516908212,24.27536231884058,9.447128287707997,12.47987117552335,2.9723564143853998,5.924584004294149,2.999194847020934,0.0939345142243693
253,27.28797638217928,14.412238325281804,24.36929683306495,9.655126140633387,12.385936661298981,2.9723564143853998,5.8239398819108965,2.999194847020934,0.0939345142243693
254,27.334943639291467,14.371980676328503,24.36929683306495,9.655126140633387,12.385936661298981,2.9723564143853998,5.8239398819108965,2.9924852388620504,0.0939345142243693
255,27.36849168008588,14.36527106816962,24.362587224906065,9.648416532474503,12.385936661298981,2.9723564143853998,5.810520665593129,2.9924852388620504,0.0939345142243693
256,27.563070316693505,14.31159420289855,24.322329575952764,9.648416532474503,12.332259796027913,2.945517981749866,5.810520665593129,2.9723564143853998,0.0939345142243693
257,27.750939345142243,14.278046162104133,24.208266237251745,9.648416532474503,12.318840579710145,2.945517981749866,5.797101449275362,2.9589371980676327,0.0939345142243693
258,27.81803542673108,14.27133655394525,24.14787976382179,9.648416532474503,12.318840579710145,2.945517981749866,5.797101449275362,2.9589371980676327,0.0939345142243693
259,27.75764895330113,14.2914653784219,24.14787976382179,9.842995169082126,12.318840579710145,2.945517981749866,5.683038110574342,2.9589371980676327,0.05367686527106817
260,27.91867954911433,14.2914653784219,24.074074074074073,9.842995169082126,12.238325281803542,2.945517981749866,5.683038110574342,2.952227589908749,0.05367686527106817
261,27.9723564143854,14.2914653784219,24.020397208803004,9.842995169082126,12.238325281803542,2.945517981749866,5.683038110574342,2.952227589908749,0.05367686527106817
262,28.005904455179817,14.264626945786366,24.020397208803004,9.842995169082126,12.238325281803542,2.945517981749866,5.676328502415459,2.952227589908749,0.05367686527106817
263,28.20048309178744,14.17740203972088,23.96672034353194,9.836285560923242,12.238325281803542,2.932098765432099,5.642780461621041,2.952227589908749,0.05367686527106817
264,28.341384863123995,14.17740203972088,23.879495437466453,9.86983360171766,12.211486849168008,2.918679549114332,5.595813204508857,2.952227589908749,0.05367686527106817
265,28.388352120236178,14.170692431561998,23.64465915190553,9.849704777241008,12.211486849168008,3.012614063338701,5.911164787976382,2.757648953301127,0.05367686527106817
266,28.475577026301664,14.143853998926463,23.523886205045624,9.809447128287708,12.204777241009126,3.012614063338701,5.911164787976382,2.8650026838432634,0.05367686527106817
267,28.67686527106817,14.11701556629093,23.423242082662373,9.809447128287708,12.171229200214707,3.012614063338701,5.877616747181965,2.85829307568438,0.05367686527106817
268,28.703703703703702,14.103596349973161,23.409822866344605,9.809447128287708,12.171229200214707,3.012614063338701,5.877616747181965,2.85829307568438,0.05367686527106817
