,45,50,51,52,53,55,54,56,60,57,58,59,61
0,98.12130971551261,1.8786902844873858,,,,,,,,,,,
1,96.8666129898014,2.898550724637681,0.23483628556092323,,,,,,,,,,
2,96.1688137412775,3.5963499731615673,0.23483628556092323,,,,,,,,,,
3,95.57165861513688,4.166666666666667,0.2616747181964573,,,,,,,,,,
4,94.61218464841653,5.072463768115942,0.2885131508319914,0.026838432635534086,,,,,,,,,
5,92.21014492753623,7.4208266237251745,0.3153515834675255,0.026838432635534086,0.026838432635534086,,,,,,,,
6,92.02227589908749,7.608695652173913,0.3153515834675255,0.026838432635534086,0.026838432635534086,,,,,,,,
7,90.48577563070317,9.07139023081052,0.3421900161030596,0.07380568974771873,0.026838432635534086,,,,,,,,
8,89.80810520665594,9.668545356951155,0.36902844873859364,0.10064412238325282,0.05367686527106817,,,,,,,,
9,89.14385399892646,10.198604401502953,0.36902844873859364,0.23483628556092323,0.05367686527106817,,,,,,,,
10,88.4393451422437,10.869565217391305,0.3824476650563607,0.23483628556092323,0.05367686527106817,0.020128824476650563,,,,,,,
11,87.71470746108427,11.580783682232958,0.3757380568974772,0.23483628556092323,0.05367686527106817,0.020128824476650563,0.020128824476650563,,,,,,
12,78.92512077294685,20.28985507246377,0.46967257112184646,0.2214170692431562,0.05367686527106817,0.020128824476650563,0.020128824476650563,,,,,,
13,76.76462694578636,22.17525496511004,0.5300590445517982,0.24825550187869028,0.05367686527106817,0.20799785292538917,0.020128824476650563,,,,,,
14,75.42941492216855,23.26892109500805,0.5703166935050993,0.27509393451422437,0.05367686527106817,0.20799785292538917,0.19457863660762212,,,,,,
15,75.1207729468599,23.49033816425121,0.6105743424584005,0.30193236714975846,0.05367686527106817,0.2281266774020397,0.19457863660762212,,,,,,
16,72.55099302200752,25.95276435856146,0.6508319914117016,0.30193236714975846,0.05367686527106817,0.2952227589908749,0.19457863660762212,,,,,,
17,72.26247987117553,25.764895330112722,0.7112184648416533,0.30193236714975846,0.05367686527106817,0.7112184648416533,0.19457863660762212,,,,,,
18,70.55823939881911,27.34165324745035,0.7179280730005367,0.30193236714975846,0.08051529790660225,0.8051529790660226,0.19457863660762212,,,,,,
19,70.37037037037037,27.4020397208803,0.7447665056360708,0.33548040794417605,0.08051529790660225,0.8454106280193237,0.2214170692431562,,,,,,
20,70.08185721953838,27.086688137412775,0.8319914117015567,0.33548040794417605,0.10064412238325282,1.1406333870101986,0.4227053140096618,,,,,,
21,65.84138486312399,31.00509930220075,0.9796027911969941,0.33548040794417605,0.10064412238325282,1.3150831991411702,0.4227053140096618,,,,,,
22,63.60708534621578,32.910628019323674,1.0265700483091786,0.33548040794417605,0.10064412238325282,1.596886741814278,0.4227053140096618,,,,,,
23,63.67418142780462,32.7361782071927,1.093666129898014,0.36231884057971014,0.11406333870101985,1.596886741814278,0.4227053140096618,,,,,,
24,60.581052066559316,33.803005904455176,2.932098765432099,0.39586688137412773,0.24154589371980675,1.6237251744498122,0.4227053140096618,,,,,,
25,60.53408480944713,33.51449275362319,3.079710144927536,0.5233494363929146,0.24154589371980675,1.6841116478797638,0.4227053140096618,,,,,,
26,60.560923242082666,33.071658615136876,3.3480944712828773,0.49651100375738055,0.24154589371980675,1.8585614600107354,0.4227053140096618,,,,,,
27,60.567632850241544,33.04482018250134,3.33467525496511,0.49651100375738055,0.24154589371980675,1.892109500805153,0.4227053140096618,,,,,,
28,56.29361245303274,38.13070316693505,2.4221685453569513,0.49651100375738055,0.2616747181964573,1.8786902844873858,0.5166398282340311,,,,,,
29,51.51637144390767,42.90794417606012,2.281266774020397,0.49651100375738055,0.3153515834675255,1.932367149758454,0.5501878690284487,,,,,,
30,50.999731615673646,42.981749865807835,2.428878153515835,0.46967257112184646,0.3488996242619431,2.15378421900161,0.6172839506172839,,,,,,
31,50.925925925925924,42.86768652710682,2.4557165861513686,0.6038647342995169,0.3488996242619431,2.1806226516371443,0.6172839506172839,,,,,,
32,50.75147611379496,42.961621041331185,2.509393451422437,0.6038647342995169,0.3488996242619431,2.1806226516371443,0.644122383252818,,,,,,
33,50.5703166935051,42.82742887815352,2.509393451422437,0.8789586688137413,0.39586688137412773,2.147074610842727,0.6709608158883521,,,,,,
34,50.14090177133655,43.001878690284485,2.576489533011272,0.8990874932903918,0.4227053140096618,2.26784755770263,0.6910896403650026,,,,,,
35,50.067096081588836,42.99516908212561,2.6167471819645733,0.8990874932903918,0.4227053140096618,2.2946859903381642,0.7045088566827697,,,,,,
36,50.28180354267311,42.74691358024691,2.6435856146001075,0.8923778851315083,0.4092860976918948,2.3550724637681157,0.6709608158883521,,,,,,
37,50.20799785292539,42.54562533548041,2.677133655394525,0.9192163177670424,0.4562533548040794,2.49597423510467,0.6977992485238862,,,,,,
38,31.353998926462694,62.25845410628019,1.6975308641975309,0.8454106280193237,0.4495437466451959,2.6301663982823404,0.7648953301127214,,,,,,
39,31.561996779388085,61.68813741277509,1.6975308641975309,0.8722490606548577,0.4227053140096618,2.9589371980676327,0.798443370907139,,,,,,
40,31.588835212023618,61.00375738056898,1.710950080515298,0.8990874932903918,0.4227053140096618,3.4688674181427803,0.9057971014492754,,,,,,
41,30.273752012882447,62.41277509393451,1.7176596886741815,0.8387010198604401,0.4227053140096618,3.4621578099838968,0.8722490606548577,,,,,,
42,30.434782608695652,62.003488996242616,1.7713365539452497,0.9259259259259259,0.4562533548040794,3.502415458937198,0.9057971014492754,,,,,,
43,29.468599033816425,62.92941492216855,1.737788513150832,0.8588298443370908,0.4830917874396135,3.603059581320451,0.9192163177670424,,,,,,
44,29.716854535695116,62.466451959205585,1.8048845947396672,0.8454106280193237,0.5166398282340311,3.730542136339238,0.9192163177670424,,,,,,
45,29.636339237788512,62.3792270531401,1.8250134192163177,0.8454106280193237,0.5501878690284487,3.69699409554482,1.06682769726248,,,,,,
46,29.354535695115406,58.621846484165324,2.0799785292538915,0.8722490606548577,0.6910896403650026,7.085346215780999,1.2681159420289856,0.026838432635534086,,,,,
47,29.56924315619968,57.92404723564144,2.120236178207193,1.2077294685990339,0.6709608158883521,7.199409554482019,1.261406333870102,0.026838432635534086,0.020128824476650563,,,,
48,24.14117015566291,64.67391304347827,1.570048309178744,1.1808910359634996,0.5434782608695652,6.830381105743425,1.0131508319914118,0.026838432635534086,0.020128824476650563,,,,
49,24.510198604401502,64.10359634997316,1.5633387010198605,1.1473429951690821,0.5971551261406334,6.937734836285561,1.093666129898014,0.026838432635534086,0.020128824476650563,,,,
50,25.013419216317768,63.53327965646806,1.5096618357487923,1.2412775093934514,0.5971551261406334,6.957863660762212,1.1003757380568975,0.026838432635534086,0.020128824476650563,,,,
51,24.355877616747183,61.01717659688674,1.5365002683843263,4.072732152442297,0.5971551261406334,7.212828770799785,1.1406333870101986,0.026838432635534086,0.020128824476650563,0.020128824476650563,,,
52,24.630971551261407,60.607890499194845,1.5633387010198605,4.019055287171229,0.6105743424584005,7.313472893183038,1.133923778851315,0.026838432635534086,0.020128824476650563,0.07380568974771873,,,
53,24.953032742887814,60.299248523886206,1.5633387010198605,3.9318303811057436,0.6105743424584005,7.387278582930757,1.133923778851315,0.026838432635534086,0.020128824476650563,0.07380568974771873,,,
54,25.228126677402038,59.66854535695116,1.5029522275899088,3.9318303811057436,0.6575415995705851,7.722758990874933,1.107085346215781,0.08722490606548577,0.020128824476650563,0.07380568974771873,,,
55,25.543478260869566,59.23913043478261,1.4962426194310252,3.9586688137412773,0.6575415995705851,7.823403113258186,1.1003757380568975,0.08722490606548577,0.020128824476650563,0.07380568974771873,,,
56,25.865539452495973,58.621846484165324,1.5633387010198605,3.9318303811057436,0.6575415995705851,8.051529790660226,1.1272141706924315,0.08722490606548577,0.020128824476650563,0.07380568974771873,,,
57,26.167471819645733,58.09849704777241,1.570048309178744,3.864734299516908,0.7179280730005367,8.145464304884594,1.1540526033279657,0.16774020397208803,0.040257648953301126,0.07380568974771873,,,
58,26.32850241545894,57.90391841116479,1.5901771336553945,3.81105743424584,0.7112184648416533,8.145464304884594,1.2144390767579174,0.16774020397208803,0.05367686527106817,0.07380568974771873,,,
59,26.684111647879764,57.360440150295226,1.5633387010198605,3.8043478260869565,0.7112184648416533,8.32662372517445,1.2546967257112185,0.16774020397208803,0.05367686527106817,0.07380568974771873,,,
60,26.261406333870102,54.90472356414385,1.6304347826086956,3.7775093934514223,3.5426731078904994,8.313204508856682,1.247987117552335,0.16774020397208803,0.05367686527106817,0.07380568974771873,0.026838432635534086,,
61,26.321792807300053,54.0727321524423,1.6371443907675791,3.7573805689747717,3.7238325281803544,8.863392377885132,1.3016639828234031,0.16774020397208803,0.05367686527106817,0.07380568974771873,0.026838432635534086,,
62,26.549919484702095,53.56951154052604,1.7847557702630166,3.7573805689747717,3.743961352657005,8.910359634997317,1.3620504562533549,0.16774020397208803,0.06709608158883522,0.06038647342995169,0.026838432635534086,,
63,26.86527106816962,53.187063875469676,1.751207729468599,3.7909286097691894,3.7104133118625873,8.977455716586151,1.4090177133655395,0.15432098765432098,0.06709608158883522,0.06038647342995169,0.026838432635534086,,
64,27.026301663982824,52.261137949543745,1.8384326355340848,3.7640901771336552,3.6366076221148687,9.400161030595813,1.724369296833065,0.15432098765432098,0.06709608158883522,0.06038647342995169,0.026838432635534086,0.040257648953301126,
65,26.093666129898015,47.70531400966183,1.6505636070853462,11.58749329039184,3.616478797638218,7.434245840042942,1.5767579173376274,0.15432098765432098,0.026838432635534086,0.08722490606548577,0.026838432635534086,0.040257648953301126,
66,18.95464304884595,60.32608695652174,1.288244766505636,11.3191089640365,0.7045088566827697,5.609232420826624,1.5029522275899088,0.15432098765432098,,0.14090177133655393,,,
67,17.827428878153516,60.279119699409556,2.563070316693505,11.097691894793345,0.6843800322061192,5.776972624798712,1.4559849704777241,0.1274825550187869,,0.1878690284487386,,,
68,18.21658615136876,59.91009125067096,2.522812667740204,10.970209339774557,0.7447665056360708,5.837359098228664,1.4559849704777241,0.1274825550187869,,0.2147074610842727,,,
69,18.471551261406333,59.4068706387547,2.6033279656468062,10.923242082662373,0.7447665056360708,5.924584004294149,1.5633387010198605,0.1274825550187869,,0.23483628556092323,,,
70,18.51851851851852,58.9975845410628,2.5831991411701556,10.976918947933441,0.9930220075147611,5.870907139023081,1.6975308641975309,0.1274825550187869,,0.23483628556092323,,,
71,18.719806763285025,58.7157809983897,2.576489533011272,10.856146001073537,0.9930220075147611,5.964841653247451,1.751207729468599,0.1274825550187869,,0.2952227589908749,,,
72,18.625872249060656,55.099302200751474,2.5966183574879227,14.070048309178745,1.0332796564680622,5.964841653247451,1.8988191089640365,0.1274825550187869,,0.5837359098228664,,,
73,18.9345142243693,54.77724100912507,2.623456790123457,13.942565754159958,1.0802469135802468,6.038647342995169,1.9256575415995705,0.1274825550187869,,0.5501878690284487,,,
74,18.4447128287708,50.925925925925924,6.320450885668277,13.45276435856146,3.0595813204508855,5.562265163714439,1.570048309178744,0.1274825550187869,,0.5166398282340311,0.020128824476650563,,
75,18.71309715512614,50.32206119162641,6.367418142780462,13.331991411701557,3.126677402039721,5.709876543209877,1.778046162104133,0.1274825550187869,,0.5032206119162641,0.020128824476650563,,
76,19.14922168545357,49.67793880837359,6.280193236714976,13.003220611916264,3.321256038647343,5.9514224369296835,1.932367149758454,0.1610305958132045,,0.5032206119162641,0.020128824476650563,,
77,19.47128287707998,49.2686527106817,6.253354804079442,12.95625335480408,3.4286097691894795,5.891035963499732,1.9524959742351047,0.17444981213097155,,0.5837359098228664,0.020128824476650563,,
78,19.91411701556629,48.59769189479334,6.273483628556092,12.795222758990874,3.3816425120772946,6.125872249060655,2.1269457863660763,0.14090177133655393,,0.6239935587761675,0.020128824476650563,,
79,20.222758990874933,47.98040794417606,6.273483628556092,12.761674718196458,3.3816425120772946,6.353998926462695,2.2410091250670963,0.14090177133655393,,0.6239935587761675,0.020128824476650563,,
80,20.48443370907139,47.128287707997856,6.260064412238325,12.573805689747719,3.5963499731615673,6.716317767042405,2.3349436392914655,0.14090177133655393,,0.7179280730005367,0.020128824476650563,0.026838432635534086,
81,20.652173913043477,46.866612989801396,6.139291465378422,12.526838432635534,3.5829307568438002,6.843800322061192,2.368491680085883,0.14090177133655393,,0.8319914117015567,0.020128824476650563,0.026838432635534086,
82,20.853462157809982,46.28958668813741,6.031937734836285,12.379227053140097,3.5628019323671496,7.246376811594203,2.428878153515835,0.2885131508319914,,0.8722490606548577,0.020128824476650563,0.026838432635534086,
83,19.41760601180891,48.83923778851315,5.475040257648954,11.929683306494901,3.5426731078904994,7.206119162640902,2.368491680085883,0.2885131508319914,,0.8856682769726248,0.020128824476650563,0.026838432635534086,
84,19.162640901771336,48.89291465378422,5.293880837359098,11.929683306494901,3.5628019323671496,7.481213097155126,2.3550724637681157,0.41599570585077833,,0.8588298443370908,0.020128824476650563,0.026838432635534086,
85,19.182769726247987,48.429951690821255,5.555555555555555,11.882716049382717,3.616478797638218,7.461084272678476,2.522812667740204,0.41599570585077833,,0.8856682769726248,0.020128824476650563,0.026838432635534086,
86,19.51154052603328,48.067632850241544,5.508588298443371,11.77536231884058,3.549382716049383,7.6623725174449815,2.563070316693505,0.41599570585077833,,0.8990874932903918,0.020128824476650563,0.026838432635534086,
87,19.920826623725173,47.77241009125067,5.488459473966721,11.694847020933977,3.4420289855072466,7.669082125603865,2.576489533011272,0.41599570585077833,,0.9393451422436929,0.05367686527106817,0.026838432635534086,
88,17.143048845947398,42.693236714975846,14.700751476113794,11.285560923242082,3.3480944712828773,7.0383789586688135,2.15378421900161,0.6709608158883521,,0.8856682769726248,0.05367686527106817,0.026838432635534086,
89,17.183306494900698,42.3443370907139,14.922168545356952,11.231884057971014,3.3413848631239937,7.192699946323135,2.15378421900161,0.6709608158883521,,0.8789586688137413,0.05367686527106817,0.026838432635534086,
90,17.317498658078367,41.82769726247987,14.74771873322598,11.030595813204508,3.1468062265163717,7.380568974771873,2.7442297369833604,0.6709608158883521,,1.093666129898014,0.013419216317767043,0.026838432635534086,
91,17.66639828234031,41.337895866881375,14.694041867954912,10.869565217391305,3.012614063338701,7.541599570585078,2.589908749329039,1.0064412238325282,,1.2412775093934514,0.013419216317767043,0.026838432635534086,
92,15.519323671497585,36.090982286634464,23.336017176596886,10.507246376811594,2.771068169618894,7.011540526033279,2.2879763821792807,1.2412775093934514,,1.2010198604401503,0.0067096081588835215,0.026838432635534086,
93,15.841384863123993,35.72866344605475,23.087761674718198,10.540794417606012,2.9052603327965647,7.105475040257649,2.2611379495437465,1.2949543746645196,,1.2010198604401503,0.0067096081588835215,0.026838432635534086,
94,16.317767042404725,35.41331186258722,22.893183038110575,10.50053676865271,2.9052603327965647,7.098765432098766,2.328234031132582,1.3083735909822867,,1.2010198604401503,0.0067096081588835215,0.026838432635534086,
95,16.774020397208805,34.896672034353195,22.12157809983897,10.413311862587225,2.9052603327965647,7.440955448201825,2.314814814814815,1.9256575415995705,,1.1741814278046163,0.0067096081588835215,0.026838432635534086,
96,17.176596886741816,34.38003220611916,21.900161030595815,10.272410091250672,2.965646806226516,7.266505636070853,2.8247450348899625,2.0263016639828235,,1.1205045625335481,0.013419216317767043,0.05367686527106817,
97,17.257112184648417,34.346484165324746,21.69887278582931,10.218733225979603,2.965646806226516,7.300053676865271,2.8381642512077296,2.1604938271604937,,1.1473429951690821,0.013419216317767043,0.05367686527106817,
98,17.52549651100376,33.883521202361784,21.557971014492754,10.178475577026301,2.8918411164787976,7.306763285024155,3.1870638754696725,2.187332259796028,,1.2144390767579174,0.013419216317767043,0.05367686527106817,
99,17.673107890499196,33.662104133118625,21.128556092324207,10.131508319914117,2.8650026838432634,7.326892109500805,3.388352120236178,2.5161030595813205,,1.2144390767579174,0.040257648953301126,0.05367686527106817,
100,17.901234567901234,33.52120236178207,20.779656468062264,10.064412238325282,2.8784219001610305,7.320182501341922,3.3682232957595275,2.818035426731079,,1.2278582930756843,0.06709608158883522,0.05367686527106817,
101,16.626409017713364,38.258185721953836,20.081857219538378,7.5348899624261945,2.7442297369833604,7.206119162640902,3.052871712292002,3.3682232957595275,,0.95276435856146,0.12077294685990338,0.05367686527106817,
102,16.834406870638755,37.96296296296296,19.91411701556629,7.454374664519592,2.737520128824477,7.37385936661299,3.066290928609769,3.488996242619431,,0.9930220075147611,0.12077294685990338,0.05367686527106817,
103,17.20343531937735,37.453032742887814,19.806763285024154,7.427536231884058,2.771068169618894,7.320182501341922,3.3480944712828773,3.502415458937198,,0.9930220075147611,0.12077294685990338,0.05367686527106817,
104,17.317498658078367,37.29200214707461,19.55179817498658,7.4006977992485234,2.7509393451422435,7.326892109500805,3.321256038647343,3.8848631239935587,,1.0064412238325282,0.12077294685990338,0.026838432635534086,
105,17.74020397208803,37.11084272678475,19.296833064949006,7.320182501341922,2.737520128824477,7.219538378958669,3.2474503488996245,4.0995705850778315,,1.0802469135802468,0.12077294685990338,0.026838432635534086,
106,17.995169082125603,36.922973698336016,19.07541599570585,7.306763285024155,2.7308105206655933,7.246376811594203,3.3682232957595275,4.0995705850778315,,1.06682769726248,0.1610305958132045,0.026838432635534086,
107,18.203166935050994,36.70155662909286,18.98148148148148,7.313472893183038,2.757648953301127,7.2933440687063875,3.4420289855072466,4.086151368760064,,1.0399892646269457,0.15432098765432098,0.026838432635534086,
108,18.323939881910896,36.20504562533548,18.760064412238325,7.347020933977456,3.4286097691894795,7.0383789586688135,3.44873859366613,4.2270531400966185,,1.0265700483091786,0.16774020397208803,0.026838432635534086,
109,18.323939881910896,35.909822866344605,18.71309715512614,7.333601717659689,3.475577026301664,7.286634460547504,3.5426731078904994,4.193505099302201,,1.0265700483091786,0.16774020397208803,0.026838432635534086,
110,18.53864734299517,35.37305421363392,18.625872249060656,7.273215244229737,3.4688674181427803,7.769726247987117,3.7104133118625873,4.045893719806763,,0.9997316156736447,0.16774020397208803,0.026838432635534086,
111,18.686258722490606,34.95034889962426,18.53864734299517,7.266505636070853,3.4957058507783145,8.09849704777241,3.7238325281803544,4.106280193236715,,0.9393451422436929,0.16774020397208803,0.026838432635534086,
112,19.02173913043478,34.82286634460547,18.411164787976382,7.246376811594203,3.435319377348363,8.13875469672571,3.730542136339238,4.045893719806763,,0.95276435856146,0.16774020397208803,0.026838432635534086,
113,19.082125603864736,34.45383789586688,18.411164787976382,7.105475040257649,3.4822866344605474,8.205850778314547,4.05931293612453,3.992216854535695,0.020128824476650563,0.9796027911969941,0.16774020397208803,0.040257648953301126,
114,19.370638754696724,34.225711218464845,18.270263016639827,7.065217391304348,3.488996242619431,8.132045088566828,4.186795491143317,4.072732152442297,0.020128824476650563,0.9594739667203436,0.16774020397208803,0.040257648953301126,
115,19.51154052603328,34.004294149221685,18.035426731078903,7.27992485238862,3.5225442834138487,8.172302737520129,4.139828234031133,4.146537842190016,,0.9796027911969941,0.16774020397208803,0.040257648953301126,
116,19.524959742351047,33.742619431025226,17.72007514761138,7.219538378958669,3.5628019323671496,8.588298443370908,4.441760601180891,4.012345679012346,,0.9796027911969941,0.16774020397208803,0.040257648953301126,
117,19.699409554482017,33.467525496511,17.632850241545892,7.212828770799785,3.5762211486849167,8.80300590445518,4.414922168545357,4.032474503488996,,0.95276435856146,0.16774020397208803,0.040257648953301126,
118,19.83360171765969,33.19243156199678,17.52549651100376,7.206119162640902,3.556092324208266,8.970746108427267,4.441760601180891,4.119699409554482,,0.9460547504025765,0.16774020397208803,0.040257648953301126,
119,19.55179817498658,32.387278582930755,19.390767579173378,7.132313472893183,3.2742887815351582,8.769457863660762,4.2270531400966185,4.086151368760064,,0.9728931830381106,0.16774020397208803,0.040257648953301126,
120,19.97450348899624,32.139023081052066,19.202898550724637,7.078636607622115,3.2541599570585076,8.829844337090714,4.334406870638754,4.019055287171229,,0.9728931830381106,0.15432098765432098,0.040257648953301126,
121,20.21604938271605,31.97128287707998,19.02173913043478,7.246376811594203,3.2877079978529253,8.742619431025227,4.367954911433173,3.978797638217928,,0.9728931830381106,0.15432098765432098,0.040257648953301126,
122,20.35024154589372,31.810252281266774,18.874127750939344,7.1725711218464845,3.2877079978529253,8.742619431025227,4.461889425657541,4.072732152442297,,1.0332796564680622,0.15432098765432098,0.040257648953301126,
123,20.43075684380032,31.30703166935051,18.391035963499732,7.1725711218464845,3.3279656468062266,9.225711218464841,4.8443370907139025,4.0995705850778315,,1.0198604401502953,0.14090177133655393,0.040257648953301126,
124,19.860440150295222,30.407944176060116,17.23027375201288,7.185990338164252,5.3341384863123995,8.977455716586151,5.730005367686527,3.9720880300590444,0.040257648953301126,1.1473429951690821,0.07380568974771873,0.040257648953301126,
125,20.055018786902846,30.35426731078905,17.136339237788512,7.105475040257649,5.233494363929147,8.917069243156199,5.763553408480945,3.9989264626945786,0.03354804079441761,1.3016639828234031,0.06038647342995169,0.040257648953301126,
126,20.21604938271605,29.95169082125604,17.136339237788512,7.125603864734299,5.314009661835748,9.118357487922705,5.756843800322061,3.9720880300590444,0.03354804079441761,1.261406333870102,0.06038647342995169,0.05367686527106817,
127,20.457595276435857,29.66988727858293,16.961889425657542,7.112184648416532,5.414653784219001,9.252549651100376,5.730005367686527,4.05931293612453,0.03354804079441761,1.1943102522812667,0.06038647342995169,0.05367686527106817,
128,20.517981749865807,29.482018250134193,16.894793344068706,6.998121309715513,5.4616210413311865,9.386741814278047,5.756843800322061,4.146537842190016,0.03354804079441761,1.2077294685990339,0.06038647342995169,0.05367686527106817,
129,20.598497047772412,29.25389157273215,16.7337627482555,6.937734836285561,5.488459473966721,9.400161030595813,5.897745571658615,4.247181964573269,0.03354804079441761,1.2681159420289856,0.06038647342995169,0.08051529790660225,
130,20.853462157809982,29.09957058507783,16.6129898013956,6.991411701556629,5.448201825013419,9.41358024691358,5.891035963499732,4.247181964573269,0.03354804079441761,1.2681159420289856,0.06038647342995169,0.08051529790660225,
131,21.068169618894256,29.052603327965645,16.478797638217927,6.998121309715513,5.488459473966721,9.346484165324744,5.844068706387547,4.26731078904992,0.03354804079441761,1.2546967257112185,0.06038647342995169,0.10735373054213634,
132,21.296296296296298,28.992216854535695,16.344605475040257,6.971282877079979,5.428073000536768,9.339774557165862,5.850778314546431,4.334406870638754,0.03354804079441761,1.2412775093934514,0.06038647342995169,0.10735373054213634,
133,21.43719806763285,28.931830381105744,16.0829307568438,6.951154052603328,5.441492216854535,9.339774557165862,5.904455179817498,4.488727858293076,0.03354804079441761,1.2345679012345678,0.04696725711218465,0.10735373054213634,
134,21.027911969940956,28.341384863123995,14.418947933440688,7.360440150295223,7.4006977992485234,9.594739667203436,6.105743424584004,4.3478260869565215,0.013419216317767043,1.2345679012345678,0.04696725711218465,0.10735373054213634,
135,21.202361782071925,28.27428878153516,14.38539989264627,7.367149758454106,7.407407407407407,9.621578099838969,6.085614600107354,4.280730005367687,,1.221148684916801,0.04696725711218465,0.10735373054213634,
136,21.108427267847556,27.905260332796566,14.184111647879764,7.367149758454106,7.340311325818572,9.534353193773484,6.6760601180891035,4.488727858293076,,1.2144390767579174,0.07380568974771873,0.10735373054213634,
137,21.088298443370906,27.83816425120773,13.22463768115942,9.057971014492754,6.729736983360172,9.514224369296834,6.769994632313473,4.367954911433173,,1.2144390767579174,0.07380568974771873,0.12077294685990338,
138,21.309715512614062,27.771068169618893,13.144122383252817,9.03113258185722,6.66935050993022,9.514224369296834,6.743156199677939,4.388083735909823,,1.2412775093934514,0.07380568974771873,0.11406333870101985,
139,21.517713365539453,27.26784755770263,13.077026301663983,8.964036500268385,6.662640901771336,9.31964573268921,7.313472893183038,4.461889425657541,0.013419216317767043,1.2144390767579174,0.07380568974771873,0.11406333870101985,
140,21.73913043478261,26.959205582393988,12.788513150831992,8.923778851315083,6.743156199677939,9.534353193773484,7.514761137949543,4.374664519592056,0.013419216317767043,1.221148684916801,0.07380568974771873,0.11406333870101985,
141,21.578099838969404,25.966183574879228,12.788513150831992,8.849973161567364,6.66935050993022,10.426731078904991,7.87037037037037,4.334406870638754,0.013419216317767043,1.3150831991411702,0.07380568974771873,0.11406333870101985,
142,21.712292002147073,25.791733762748255,12.734836285560924,8.809715512614064,6.622383252818035,10.61460010735373,7.897208803005904,4.274020397208803,0.013419216317767043,1.3419216317767042,0.07380568974771873,0.11406333870101985,
143,21.806226516371442,25.617283950617285,12.486580783682234,8.789586688137414,6.468062265163715,11.097691894793345,7.796564680622652,4.414922168545357,0.013419216317767043,1.3217928073000538,0.07380568974771873,0.11406333870101985,
144,22.074610842726784,25.55018786902845,12.439613526570048,8.702361782071927,6.515029522275899,11.057434245840042,7.62211486849168,4.522275899087493,0.013419216317767043,1.3150831991411702,0.07380568974771873,0.11406333870101985,
145,22.23564143853999,25.38244766505636,12.412775093934513,8.648684916800859,6.501610305958132,11.218464841653248,7.555018786902845,4.522275899087493,0.013419216317767043,1.3217928073000538,0.07380568974771873,0.11406333870101985,
146,22.416800858829845,24.966451959205582,12.285292538915728,8.722490606548577,6.494900697799249,11.446591519055287,7.5281803542673105,4.5960815888352125,0.013419216317767043,1.3419216317767042,0.07380568974771873,0.11406333870101985,
147,22.571121846484164,24.54374664519592,12.258454106280194,8.776167471819646,6.541867954911433,11.621041331186259,7.588566827697263,4.53569511540526,0.013419216317767043,1.3553408480944713,0.06038647342995169,0.13419216317767044,
148,22.5577026301664,24.188137412775095,12.171229200214707,8.776167471819646,6.749865807836822,11.43317230273752,7.937466451959206,4.502147074610843,0.013419216317767043,1.4090177133655395,0.06038647342995169,0.20128824476650564,
149,22.73886205045625,24.040526033279658,12.13768115942029,8.816425120772946,6.776704240472356,11.366076221148685,7.937466451959206,4.502147074610843,0.013419216317767043,1.4090177133655395,0.06038647342995169,0.20128824476650564,
150,22.926731078904993,23.980139559849704,12.084004294149223,8.756038647342995,6.796833064949007,11.399624261943103,7.87037037037037,4.528985507246377,0.013419216317767043,1.3553408480944713,0.06038647342995169,0.2281266774020397,
151,22.84621578099839,23.678207192699947,11.956521739130435,9.212292002147075,6.830381105743425,11.58749329039184,7.749597423510467,4.4820182501341925,0.013419216317767043,1.3553408480944713,0.06038647342995169,0.2281266774020397,
152,22.584541062801932,23.64465915190553,11.79549114331723,9.205582393988191,6.863929146537842,11.533816425120772,8.293075684380032,4.394793344068707,0.06709608158883522,1.328502415458937,0.06038647342995169,0.2281266774020397,
153,22.81266774020397,23.537305421363392,11.721685453569512,9.219001610305957,6.756575415995706,11.553945249597424,8.246108427267847,4.388083735909823,0.06709608158883522,1.3687600644122384,0.06709608158883522,0.2616747181964573,
154,22.993827160493826,23.443370907139023,11.681427804616211,9.064680622651638,6.642512077294686,11.60762211486849,8.387010198604402,4.435050993022007,0.06709608158883522,1.3150831991411702,0.08722490606548577,0.27509393451422437,
155,23.2487922705314,23.349436392914654,11.60762211486849,9.078099838969404,6.837090713902308,11.460010735373054,8.279656468062266,4.414922168545357,0.05367686527106817,1.3083735909822867,0.08722490606548577,0.27509393451422437,
156,23.235373054213635,23.376274825550187,11.513687600644122,9.084809447128288,6.830381105743425,11.392914653784219,8.467525496511003,4.388083735909823,0.05367686527106817,1.3083735909822867,0.08722490606548577,0.2616747181964573,
157,23.356146001073537,23.10789049919485,11.41304347826087,9.158615136876007,6.790123456790123,11.52710681696189,8.568169618894256,4.38137412775094,0.05367686527106817,1.2949543746645196,0.08722490606548577,0.2616747181964573,
158,23.423242082662373,22.86634460547504,11.3191089640365,9.145195920558239,6.977992485238862,11.600912506709609,8.601717659688674,4.3545356951154055,0.05367686527106817,1.3083735909822867,0.08722490606548577,0.2616747181964573,
159,23.678207192699947,22.73886205045625,11.258722490606548,9.07139023081052,6.890767579173376,11.621041331186259,8.655394524959743,4.374664519592056,0.05367686527106817,1.3083735909822867,0.08722490606548577,0.2616747181964573,
160,23.711755233494365,22.363123993558776,11.272141706924316,8.964036500268385,6.998121309715513,11.627750939345143,8.930488459473967,4.394793344068707,0.05367686527106817,1.3352120236178207,0.08722490606548577,0.2616747181964573,
161,23.866076221148685,22.228931830381107,11.16478797638218,8.950617283950617,6.984702093397746,11.654589371980677,8.984165324745035,4.40150295222759,0.08051529790660225,1.3352120236178207,0.08722490606548577,0.2616747181964573,
162,23.282340311325818,21.967257112184647,11.131239935587761,8.527911969940956,8.977455716586151,11.540526033279656,8.735909822866345,4.180085882984434,0.08051529790660225,1.2077294685990339,0.08722490606548577,0.28180354267310787,
163,23.49033816425121,21.806226516371442,11.084272678475577,8.454106280193237,8.970746108427267,11.513687600644122,8.870101986044014,4.200214707461084,0.08051529790660225,1.1607622114868492,0.08722490606548577,0.28180354267310787,
164,23.711755233494365,21.772678475577028,10.809178743961352,8.487654320987655,9.272678475577026,11.41304347826087,8.776167471819646,4.119699409554482,0.08051529790660225,1.133923778851315,0.11406333870101985,0.30864197530864196,
165,23.886205045625335,21.62506709608159,10.748792270531402,8.568169618894256,9.286097691894794,11.20504562533548,9.004294149221685,4.019055287171229,0.08051529790660225,1.1808910359634996,0.11406333870101985,0.28180354267310787,
166,23.96672034353194,21.531132581857218,10.581052066559312,8.635265700483092,9.205582393988191,11.473429951690822,8.917069243156199,4.005636070853462,0.08051529790660225,1.2077294685990339,0.14090177133655393,0.2549651100375738,
167,24.10091250670961,21.349973161567366,10.547504025764896,8.628556092324208,9.212292002147075,11.439881910896403,9.037842190016104,3.9989264626945786,0.08051529790660225,1.2077294685990339,0.14090177133655393,0.2549651100375738,
168,24.416264090177133,21.128556092324207,10.487117552334944,8.641975308641975,9.192163177670425,11.325818572195384,9.104938271604938,4.032474503488996,0.08051529790660225,1.1943102522812667,0.14090177133655393,0.2549651100375738,
169,24.476650563607084,21.101717659688674,10.48040794417606,8.655394524959743,9.23913043478261,11.3191089640365,8.997584541062801,4.025764895330113,0.06709608158883522,1.2144390767579174,0.14090177133655393,0.28180354267310787,
170,24.52361782071927,21.034621578099838,10.540794417606012,8.675523349436393,9.245840042941492,11.231884057971014,8.957326892109501,4.019055287171229,0.06709608158883522,1.261406333870102,0.14090177133655393,0.30193236714975846,
171,24.651100375738057,20.8064949006978,10.493827160493828,8.588298443370908,9.185453569511541,11.18491680085883,9.118357487922705,4.05931293612453,0.1274825550187869,1.3217928073000538,0.18115942028985507,0.28180354267310787,
172,24.765163714439076,20.853462157809982,10.373054213633925,8.514492753623188,9.219001610305957,11.097691894793345,9.151905528717123,4.086151368760064,0.1274825550187869,1.3486312399355878,0.18115942028985507,0.28180354267310787,
173,24.771873322597962,20.632045088566827,10.487117552334944,8.55475040257649,9.54777241009125,10.86285560923242,9.138486312399356,4.03918411164788,0.1274825550187869,1.3486312399355878,0.18115942028985507,0.28180354267310787,0.026838432635534086
174,24.879227053140095,20.356951154052602,10.560923242082662,8.561460010735374,9.46725711218465,10.997047772410092,9.219001610305957,3.9720880300590444,0.1274825550187869,1.3821792807300053,0.18115942028985507,0.2683843263553409,0.026838432635534086
175,25.194578636607623,20.283145464304884,10.7085346215781,8.447396672034353,9.359903381642512,10.923242082662373,9.111647879763822,3.9720880300590444,0.1274825550187869,1.4224369296833066,0.18115942028985507,0.24154589371980675,0.026838432635534086
176,24.50348899624262,19.45115405260333,10.225442834138486,8.440687063875469,12.057165861513688,10.299248523886206,9.198872785829307,3.844605475040258,0.1274825550187869,1.402308105206656,0.18115942028985507,0.24154589371980675,0.026838432635534086
177,24.698067632850243,19.37734836285561,10.21202361782072,8.61513687600644,11.956521739130435,10.21202361782072,9.138486312399356,3.844605475040258,0.1274825550187869,1.3687600644122384,0.18115942028985507,0.24154589371980675,0.026838432635534086
178,24.57729468599034,19.249865807836823,10.245571658615138,8.59500805152979,12.02361782071927,10.171765968867419,9.346484165324744,3.844605475040258,0.1274825550187869,1.3687600644122384,0.18115942028985507,0.24154589371980675,0.026838432635534086
179,24.58400429414922,19.196188942565755,10.171765968867419,8.964036500268385,11.889425657541599,10.165056360708535,9.353193773483628,3.8378958668813743,0.1274825550187869,1.2815351583467525,0.1610305958132045,0.24154589371980675,0.026838432635534086
180,24.818840579710145,19.102254428341386,10.064412238325282,8.970746108427267,11.802200751476114,10.131508319914117,9.292807300053678,3.8378958668813743,0.1274825550187869,1.3955984970477724,0.1610305958132045,0.2616747181964573,0.03354804079441761
181,24.89935587761675,19.00161030595813,10.057702630166398,8.883521202361782,11.761943102522812,10.373054213633925,9.312936124530328,3.750670960815888,0.1274825550187869,1.4090177133655395,0.1610305958132045,0.2549651100375738,0.0067096081588835215
182,24.838969404186795,18.86070853462158,10.010735373054214,8.78287707997853,11.735104669887278,10.587761674718196,9.554482018250134,3.6902844873859366,0.1274825550187869,1.3955984970477724,0.1610305958132045,0.24825550187869028,0.0067096081588835215
183,24.825550187869027,18.65271068169619,9.970477724100913,9.104938271604938,11.600912506709609,10.829307568438002,9.426999463231347,3.6097691894793345,0.1274825550187869,1.3821792807300053,0.1878690284487386,0.24825550187869028,0.03354804079441761
184,24.92619431025228,18.531937734836287,9.91009125067096,9.044551798174986,11.594202898550725,10.7085346215781,9.621578099838969,3.5762211486849167,0.1274825550187869,1.4626945786366077,0.2147074610842727,0.24825550187869028,0.03354804079441761
185,25.02012882447665,18.411164787976382,9.876543209876543,8.964036500268385,11.56736446591519,10.668276972624799,9.802737520128824,3.5628019323671496,0.1274825550187869,1.4626945786366077,0.2147074610842727,0.2885131508319914,0.03354804079441761
186,25.268384326355342,18.337359098228664,9.802737520128824,9.192163177670425,11.466720343531938,10.547504025764896,9.749060654857756,3.569511540526033,0.1274825550187869,1.4492753623188406,0.1878690284487386,0.2683843263553409,0.03354804079441761
187,24.745034889962426,18.19645732689211,9.802737520128824,10.36634460547504,11.345947396672035,10.393183038110575,9.688674181427805,3.5091250670960816,0.1274825550187869,1.3419216317767042,0.20128824476650564,0.24825550187869028,0.03354804079441761
188,24.651100375738057,17.921363392377884,9.789318303811058,10.393183038110575,11.379495437466453,10.628019323671497,9.688674181427805,3.4822866344605474,0.14761137949543746,1.4358561460010735,0.20128824476650564,0.24825550187869028,0.03354804079441761
189,24.731615673644658,17.840848094471284,9.782608695652174,10.205314009661835,11.312399355877616,10.681696188942565,9.728931830381105,3.629898013955985,0.14761137949543746,1.4559849704777241,0.20128824476650564,0.24825550187869028,0.03354804079441761
190,25.02012882447665,17.807300053676865,9.695383789586689,10.218733225979603,11.312399355877616,10.581052066559312,9.66183574879227,3.616478797638218,0.14761137949543746,1.4559849704777241,0.20128824476650564,0.24825550187869028,0.03354804079441761
191,25.120772946859905,17.659688674181428,9.634997316156737,9.936929683306495,11.654589371980677,10.607890499194847,9.588030059044552,3.6366076221148687,0.14761137949543746,1.5365002683843263,0.19457863660762212,0.24825550187869028,0.03354804079441761
192,25.181159420289855,17.599302200751477,9.621578099838969,9.749060654857756,11.761943102522812,10.929951690821255,9.433709071390231,3.603059581320451,0.14761137949543746,1.4962426194310252,0.19457863660762212,0.24825550187869028,0.03354804079441761
193,25.187869028448738,17.424852388620504,9.648416532474503,9.782608695652174,11.694847020933977,10.909822866344605,9.621578099838969,3.5829307568438002,0.14761137949543746,1.5297906602254427,0.2214170692431562,0.2214170692431562,0.026838432635534086
194,25.355609232420825,17.290660225442835,9.581320450885668,9.782608695652174,11.627750939345143,11.037305421363392,9.621578099838969,3.556092324208266,0.14761137949543746,1.5297906602254427,0.2214170692431562,0.2214170692431562,0.026838432635534086
195,25.429414922168544,17.11621041331186,9.601449275362318,9.782608695652174,11.66129898013956,11.124530327428879,9.588030059044552,3.535963499731616,0.14761137949543746,1.5432098765432098,0.2214170692431562,0.2214170692431562,0.026838432635534086
196,25.603864734299517,17.062533548040793,9.574610842726784,9.75577026301664,11.768652710681696,10.876274825550189,9.54777241009125,3.488996242619431,0.14761137949543746,1.6438539989264627,0.2952227589908749,0.20799785292538917,0.026838432635534086
197,25.51663982823403,16.80756843800322,9.4873859366613,9.77589908749329,11.75523349436393,10.721953837895867,10.218733225979603,3.44873859366613,0.14761137949543746,1.5901771336553945,0.2952227589908749,0.20799785292538917,0.026838432635534086
198,25.5703166935051,16.71363392377885,9.447128287707997,9.762479871175524,11.728395061728396,10.668276972624799,10.393183038110575,3.44873859366613,0.14761137949543746,1.5901771336553945,0.2952227589908749,0.20799785292538917,0.026838432635534086
199,25.711218464841654,16.586151368760063,9.41358024691358,9.86983360171766,11.728395061728396,10.61460010735373,10.305958132045088,3.44873859366613,0.14761137949543746,1.583467525496511,0.2952227589908749,0.2683843263553409,0.026838432635534086
