,45,50,51,55,52,53,54,60,56,57,59,58
0,97.11486849168008,2.885131508319914,,,,,,,,,,
1,93.29710144927536,6.649221685453569,0.040257648953301126,0.013419216317767043,,,,,,,,
2,88.20450885668276,11.647879763821793,0.08051529790660225,0.06709608158883522,,,,,,,,
3,87.34567901234568,12.506709608158884,0.08051529790660225,0.06709608158883522,,,,,,,,
4,80.2133655394525,19.592055823939884,0.08722490606548577,0.08722490606548577,0.020128824476650563,,,,,,,
5,75.55018786902845,24.10091250670961,0.08051529790660225,0.23483628556092323,0.03354804079441761,,,,,,,
6,66.88137412775095,32.56172839506173,0.14090177133655393,0.3824476650563607,0.03354804079441761,,,,,,,
7,66.52576489533011,32.75630703166935,0.14090177133655393,0.5099302200751477,0.03354804079441761,0.03354804079441761,,,,,,
8,63.67418142780462,35.30595813204509,0.14090177133655393,0.5703166935050993,0.06709608158883522,0.2147074610842727,0.026838432635534086,,,,,
9,62.9898013955985,35.849436392914654,0.2214170692431562,0.6105743424584005,0.06709608158883522,0.2147074610842727,0.04696725711218465,,,,,
10,60.017444981213096,38.64734299516908,0.20799785292538917,0.7380568974771873,0.05367686527106817,0.27509393451422437,0.06038647342995169,,,,,
11,56.17954911433172,41.86795491143317,0.2281266774020397,0.9796027911969941,0.08051529790660225,0.27509393451422437,0.38915727321524424,,,,,
12,55.803811057434245,41.948470209339774,0.3153515834675255,1.1473429951690821,0.08051529790660225,0.27509393451422437,0.4294149221685454,,,,,
13,55.58910359634997,41.74047235641439,0.32877079978529256,1.4626945786366077,0.08051529790660225,0.2885131508319914,0.5099302200751477,,,,,
14,55.193236714975846,41.686795491143315,0.6843800322061192,1.5365002683843263,0.08722490606548577,0.35560923242082665,0.4562533548040794,,,,,
15,51.92565754159957,44.840311325818575,0.6709608158883521,1.596886741814278,0.11406333870101985,0.38915727321524424,0.46296296296296297,,,,,
16,51.80488459473967,44.538378958668815,0.6977992485238862,1.7444981213097155,0.39586688137412773,0.35560923242082665,0.43612453032742887,0.026838432635534086,,,,
17,51.58346752549651,44.598765432098766,0.6977992485238862,1.8585614600107354,0.4294149221685454,0.36902844873859364,0.43612453032742887,0.026838432635534086,,,,
18,50.717928073000536,45.22275899087493,0.7783145464304885,1.9457863660762211,0.4495437466451959,0.3824476650563607,0.47638217928073,0.026838432635534086,,,,
19,49.584004294149224,46.383521202361784,0.7716049382716049,1.8317230273752012,0.46296296296296297,0.3757380568974772,0.5636070853462157,0.026838432635534086,,,,
20,48.43666129898014,43.384326355340846,4.575952764358561,2.147074610842727,0.4495437466451959,0.35560923242082665,0.5904455179817498,0.026838432635534086,0.03354804079441761,,,
21,46.81964573268921,37.4194847020934,12.144390767579173,1.9793344068706387,0.5971551261406334,0.3824476650563607,0.5233494363929146,0.026838432635534086,0.10735373054213634,,,
22,45.1154052603328,37.184648416532475,13.92914653784219,2.0263016639828235,0.6239935587761675,0.39586688137412773,0.5568974771873323,0.026838432635534086,0.14090177133655393,,,
23,39.35856146001073,42.981749865807835,13.647342995169081,2.1739130434782608,0.6709608158883521,0.39586688137412773,0.5300590445517982,0.026838432635534086,0.2147074610842727,,,
24,29.898013955984972,54.42163177670424,11.627750939345143,1.9860440150295222,0.644122383252818,0.39586688137412773,0.7246376811594203,0.026838432635534086,0.27509393451422437,,,
25,27.34836285560923,56.94444444444444,11.627750939345143,2.0397208803005906,0.6038647342995169,0.3824476650563607,0.7313472893183038,0.026838432635534086,0.2952227589908749,,,
26,27.26784755770263,54.71685453569511,11.372785829307569,2.1806226516371443,2.985775630703167,0.36902844873859364,0.785024154589372,0.026838432635534086,0.2952227589908749,,,
27,27.274557165861513,54.3545356951154,11.372785829307569,2.341653247450349,2.965646806226516,0.5568974771873323,0.7581857219538379,0.026838432635534086,0.322061191626409,0.026838432635534086,,
28,26.643853998926463,54.6027911969941,11.305689747718732,2.428878153515835,3.012614063338701,0.7045088566827697,0.8252818035426731,0.06709608158883522,0.3824476650563607,0.026838432635534086,,
29,26.764626945786365,54.29414922168545,11.305689747718732,2.5831991411701556,3.0059044551798175,0.7313472893183038,0.798443370907139,0.06709608158883522,0.4227053140096618,0.026838432635534086,,
30,26.54320987654321,54.26060118089104,11.265432098765432,2.7308105206655933,2.985775630703167,0.8521202361782072,0.798443370907139,0.06709608158883522,0.43612453032742887,0.06038647342995169,,
31,26.482823403113258,54.1129898013956,11.225174449812132,2.9723564143853998,2.945517981749866,0.8521202361782072,0.798443370907139,0.06709608158883522,0.46967257112184646,0.07380568974771873,,
32,26.455984970477726,53.918411164787976,11.16478797638218,3.166935050993022,2.9253891572732154,0.8521202361782072,0.8521202361782072,0.06709608158883522,0.5032206119162641,0.0939345142243693,,
33,26.46940418679549,53.48899624261943,10.997047772410092,3.5829307568438002,2.918679549114332,0.8990874932903918,0.95276435856146,0.06709608158883522,0.5501878690284487,0.07380568974771873,,
34,26.341921631776703,53.26757917337628,10.963499731615673,3.938539989264627,2.885131508319914,0.8990874932903918,0.9796027911969941,0.06709608158883522,0.5837359098228664,0.07380568974771873,,
35,25.986312399355878,52.623456790123456,10.312667740203972,4.1129898013955986,4.139828234031133,0.9997316156736447,1.1003757380568975,0.06709608158883522,0.5837359098228664,0.07380568974771873,,
36,25.91921631776704,52.37520128824477,9.71551261406334,4.904723564143854,4.139828234031133,1.0131508319914118,1.2010198604401503,0.06709608158883522,0.5904455179817498,0.07380568974771873,,
37,25.758185721953836,51.64385399892646,10.326086956521738,5.22007514761138,3.9586688137412773,1.0534084809447128,1.3016639828234031,0.06709608158883522,0.5971551261406334,0.07380568974771873,,
38,25.623993558776167,51.08695652173913,10.876274825550189,5.3274288781535155,3.9586688137412773,1.1272141706924315,1.2748255501878691,0.06709608158883522,0.5568974771873323,0.10064412238325282,,
39,25.295222758990874,49.90606548577563,11.822329575952764,5.522007514761138,4.012345679012346,1.3016639828234031,1.328502415458937,0.06709608158883522,0.5904455179817498,0.15432098765432098,,
40,25.32206119162641,49.61755233494364,11.77536231884058,5.689747718733226,4.17337627482555,1.1876006441223832,1.328502415458937,0.06709608158883522,0.6374127750939346,0.20128824476650564,,
41,25.05367686527107,48.470209339774556,12.721417069243156,5.844068706387547,4.180085882984434,1.2077294685990339,1.3687600644122384,0.06709608158883522,0.8856682769726248,0.20128824476650564,,
42,25.07380568974772,48.36285560923242,12.4597423510467,6.078904991948471,4.139828234031133,1.3687600644122384,1.3888888888888888,0.06709608158883522,0.8454106280193237,0.2147074610842727,,
43,25.174449812130973,48.047504025764894,12.399355877616747,6.219806763285024,4.17337627482555,1.3553408480944713,1.4492753623188406,0.06709608158883522,0.8990874932903918,0.2147074610842727,,
44,25.234836285560924,47.779119699409556,12.338969404186795,6.421095008051529,4.1532474503489,1.42914653784219,1.4492753623188406,0.06709608158883522,0.9125067096081588,0.2147074610842727,,
45,25.248255501878692,47.316156736446594,12.587224906065487,6.4412238325281805,4.166666666666667,1.4559849704777241,1.5297906602254427,0.06709608158883522,0.9728931830381106,0.2147074610842727,,
46,24.550456253354803,45.873590982286636,12.278582930756844,6.655931293612453,5.783682232957595,1.4492753623188406,2.0933977455716586,0.06709608158883522,0.9997316156736447,0.24825550187869028,,
47,24.630971551261407,45.66559312936125,12.184648416532475,6.729736983360172,5.783682232957595,1.442565754159957,2.15378421900161,0.06709608158883522,1.0735373054213635,0.2683843263553409,,
48,24.02710681696189,46.00107353730542,12.077294685990339,6.998121309715513,5.810520665593129,1.442565754159957,2.1806226516371443,0.06709608158883522,1.1272141706924315,0.2683843263553409,,
49,24.020397208803004,45.611916264090176,12.097423510466989,7.286634460547504,5.790391841116479,1.442565754159957,2.281266774020397,0.06709608158883522,1.133923778851315,0.2683843263553409,,
50,23.845947396672035,43.46484165324745,14.53972088030059,6.991411701556629,5.797101449275362,1.4559849704777241,2.395330112721417,0.06709608158883522,1.1808910359634996,0.2616747181964573,,
51,23.859366612989803,43.14949006977992,14.465915190552872,7.139023081052066,5.776972624798712,1.4962426194310252,2.442297369833602,0.06709608158883522,1.2681159420289856,0.33548040794417605,,
52,23.859366612989803,43.08910359634997,14.418947933440688,7.105475040257649,5.790391841116479,1.6035963499731616,2.442297369833602,0.06709608158883522,1.288244766505636,0.33548040794417605,,
53,23.57085346215781,43.23671497584541,14.371980676328503,7.024959742351046,5.83064949006978,1.8317230273752012,2.395330112721417,0.04696725711218465,1.3217928073000538,0.33548040794417605,0.03354804079441761,
54,23.00053676865271,42.05582393988191,16.948470209339774,7.206119162640902,4.985238862050457,1.7646269457863661,2.2946859903381642,0.04696725711218465,1.3486312399355878,0.3153515834675255,0.03354804079441761,
55,22.933440687063875,41.83440687063875,16.834406870638755,7.212828770799785,5.139559849704777,1.7579173376274826,2.3886205045625335,0.06038647342995169,1.4492753623188406,0.35560923242082665,0.03354804079441761,
56,22.946859903381643,41.41170155662909,16.881374127750938,7.37385936661299,5.186527106816962,1.8048845947396672,2.49597423510467,0.06038647342995169,1.4358561460010735,0.35560923242082665,0.03354804079441761,0.013419216317767043
57,21.101717659688674,43.853998926462694,16.800858829844337,7.105475040257649,5.159688674181428,1.4962426194310252,2.589908749329039,0.06038647342995169,1.4492753623188406,0.33548040794417605,0.03354804079441761,0.013419216317767043
58,21.175523349436393,43.63258185721954,16.76731078904992,7.1658615136876005,5.132850241545894,1.5499194847020934,2.657004830917874,0.06038647342995169,1.4761137949543746,0.33548040794417605,0.03354804079441761,0.013419216317767043
59,21.24261943102523,43.03542673107891,16.63311862587225,7.447665056360709,5.233494363929147,1.6304347826086956,2.7509393451422435,0.06038647342995169,1.583467525496511,0.33548040794417605,0.03354804079441761,0.013419216317767043
60,21.128556092324207,42.572463768115945,16.928341384863124,7.581857219538379,5.193236714975845,1.6572732152442298,2.7777777777777777,0.06038647342995169,1.710950080515298,0.3421900161030596,0.03354804079441761,0.013419216317767043
61,21.054750402576488,41.84111647879764,16.800858829844337,8.279656468062266,5.24020397208803,1.6908212560386473,2.8247450348899625,0.06038647342995169,1.8183038110574343,0.3421900161030596,0.03354804079441761,0.013419216317767043
62,19.900697799248523,42.109500805152976,16.1231884057971,8.360171765968868,5.179817498658078,1.7579173376274826,3.9452495974235107,0.04696725711218465,2.1604938271604937,0.3153515834675255,0.08722490606548577,0.013419216317767043
63,19.887278582930758,41.75389157273215,16.076221148684915,8.695652173913043,5.199946323134729,1.778046162104133,4.005636070853462,0.04696725711218465,2.1403650026838434,0.3153515834675255,0.08722490606548577,0.013419216317767043
64,20.034889962426195,41.41170155662909,15.995705850778315,8.789586688137414,5.24020397208803,1.778046162104133,4.092860976918948,0.04696725711218465,2.1940418679549114,0.3153515834675255,0.08722490606548577,0.013419216317767043
65,19.92753623188406,41.37144390767579,15.995705850778315,8.742619431025227,5.267042404723564,1.8786902844873858,4.052603327965647,0.06038647342995169,2.26784755770263,0.3153515834675255,0.08722490606548577,0.03354804079441761
66,19.93424584004294,40.727321524422976,15.895061728395062,8.648684916800859,5.246913580246914,2.7308105206655933,3.9989264626945786,0.06038647342995169,2.3215244229736984,0.3153515834675255,0.08722490606548577,0.03354804079441761
67,19.96779388083736,40.45893719806763,15.807836822329575,8.548040794417606,5.287171229200215,2.9723564143853998,4.0995705850778315,0.06038647342995169,2.3349436392914655,0.33548040794417605,0.08722490606548577,0.040257648953301126
68,19.860440150295222,40.41867954911433,15.814546430488459,8.57487922705314,5.280461621041331,3.012614063338701,4.1129898013955986,0.06038647342995169,2.368491680085883,0.33548040794417605,0.08722490606548577,0.07380568974771873
69,19.880568974771872,39.92216854535695,16.472088030059044,8.433977455716587,5.267042404723564,2.999194847020934,4.17337627482555,0.06038647342995169,2.2946859903381642,0.33548040794417605,0.08722490606548577,0.07380568974771873
70,19.90740740740741,39.60010735373054,16.344605475040257,8.454106280193237,5.387815351583468,3.3480944712828773,4.139828234031133,0.06038647342995169,2.26784755770263,0.32877079978529256,0.08722490606548577,0.07380568974771873
71,19.786634460547504,39.57326892109501,16.129898013955984,8.474235104669887,5.669618894256575,3.374932903918411,4.1532474503489,0.06038647342995169,2.2745571658615136,0.32877079978529256,0.10064412238325282,0.07380568974771873
72,19.92753623188406,39.36527106816962,15.68035426731079,8.420558239398819,5.683038110574342,3.9989264626945786,4.159957058507783,0.06038647342995169,2.187332259796028,0.3421900161030596,0.10064412238325282,0.07380568974771873
73,19.900697799248523,39.12372517444981,15.613258185721953,8.427267847557703,5.736714975845411,4.166666666666667,4.2270531400966185,0.06038647342995169,2.214170692431562,0.3421900161030596,0.10064412238325282,0.08722490606548577
74,19.706119162640903,37.855609232420825,15.479066022544284,8.199141170155663,5.857487922705314,4.146537842190016,5.938003220611916,0.06038647342995169,2.214170692431562,0.32877079978529256,0.10064412238325282,0.11406333870101985
75,18.646001073537306,39.32501341921632,15.177133655394526,8.507783145464305,5.622651637144391,4.045893719806763,5.844068706387547,0.06038647342995169,2.1806226516371443,0.35560923242082665,0.10064412238325282,0.13419216317767044
76,17.834138486312398,36.43317230273752,19.202898550724637,8.460815888352121,5.609232420826624,3.629898013955985,5.938003220611916,0.06038647342995169,2.2074610842726785,0.3824476650563607,0.11406333870101985,0.1274825550187869
77,17.773752012882447,35.93666129898014,19.162640901771336,8.219269994632313,5.971551261406334,3.656736446591519,6.4412238325281805,0.06038647342995169,2.15378421900161,0.3824476650563607,0.11406333870101985,0.1274825550187869
78,17.887815351583466,35.768921095008054,18.95464304884595,8.279656468062266,5.971551261406334,3.7037037037037037,6.4345142243692965,0.06038647342995169,2.2946859903381642,0.41599570585077833,0.10064412238325282,0.1274825550187869
79,18.04213633923779,35.53408480944713,18.887546967257112,8.407139023081053,5.9447128287707995,3.784219001610306,6.387546967257112,0.06038647342995169,2.2879763821792807,0.4025764895330113,0.10064412238325282,0.1610305958132045
80,17.94820182501342,35.037573805689746,18.92109500805153,8.682232957595277,6.092324208266238,3.824476650563607,6.327160493827161,0.06038647342995169,2.38191089640365,0.4025764895330113,0.1610305958132045,0.1610305958132045
81,17.914653784219002,34.977187332259795,18.907675791733762,8.675523349436393,6.099033816425121,3.8714439076757916,6.374127750939345,0.06038647342995169,2.428878153515835,0.4025764895330113,0.1274825550187869,0.1610305958132045
82,18.00858829844337,34.70880300590446,18.760064412238325,8.541331186258722,6.0587761674718195,3.8580246913580245,6.8035426731078905,0.08051529790660225,2.522812667740204,0.36902844873859364,0.1274825550187869,0.1610305958132045
83,17.55233494363929,33.803005904455176,20.202630166398283,8.454106280193237,6.105743424584004,3.8311862587224907,6.830381105743425,0.08051529790660225,2.4691358024691357,0.35560923242082665,0.15432098765432098,0.1610305958132045
84,17.37788513150832,33.48765432098765,20.67230273752013,8.548040794417606,6.112453032742888,3.717122920021471,6.790123456790123,0.08051529790660225,2.5429414922168547,0.35560923242082665,0.15432098765432098,0.1610305958132045
85,17.277241009125067,32.98443370907139,20.48443370907139,8.53462157809984,5.998389694041868,4.408212560386473,6.857219538378959,0.08051529790660225,2.6033279656468062,0.4227053140096618,0.15432098765432098,0.19457863660762212
86,16.304347826086957,31.427804616210413,24.56387546967257,8.205850778314547,4.958400429414922,4.488727858293076,6.702898550724638,0.08051529790660225,2.536231884057971,0.3824476650563607,0.15432098765432098,0.19457863660762212
87,16.398282340311326,31.36070853462158,24.52361782071927,8.279656468062266,4.931561996779388,4.4753086419753085,6.709608158883521,0.08051529790660225,2.5563607085346214,0.35560923242082665,0.15432098765432098,0.17444981213097155
88,16.284219001610307,31.159420289855074,24.691358024691358,8.272946859903382,4.9651100375738055,4.4753086419753085,6.749865807836822,0.08051529790660225,2.61003757380569,0.35560923242082665,0.15432098765432098,0.20128824476650564
89,16.317767042404725,31.092324208266238,24.60413311862587,8.28636607622115,5.025496511003757,4.4820182501341925,6.810252281266774,0.08051529790660225,2.6167471819645733,0.32877079978529256,0.15432098765432098,0.20128824476650564
90,16.371443907675793,30.88432635534085,24.355877616747183,8.373590982286634,5.072463768115942,4.522275899087493,6.830381105743425,0.08051529790660225,2.8247450348899625,0.32877079978529256,0.15432098765432098,0.20128824476650564
91,16.297638217928075,29.891304347826086,23.960010735373054,8.3467525496511,5.186527106816962,4.428341384863124,8.319914117015566,0.08051529790660225,2.831454643048846,0.2952227589908749,0.15432098765432098,0.20799785292538917
92,16.243961352657006,29.388083735909824,24.50348899624262,8.293075684380032,5.025496511003757,4.582662372517445,8.36688137412775,0.08051529790660225,2.7308105206655933,0.4092860976918948,0.16774020397208803,0.20799785292538917
93,16.190284487385938,29.220343531937736,23.765432098765434,8.239398819108963,5.0858829844337095,5.877616747181965,7.997852925389157,0.08051529790660225,2.7643585614600106,0.41599570585077833,0.15432098765432098,0.20799785292538917
94,16.109769189479334,28.844605475040257,24.261943102522814,7.830112721417069,5.488459473966721,5.803811057434245,7.944176060118089,0.10064412238325282,2.757648953301127,0.4830917874396135,0.18115942028985507,0.19457863660762212
95,16.056092324208265,28.710413311862588,24.14117015566291,7.991143317230274,5.501878690284487,5.810520665593129,7.96430488459474,0.10064412238325282,2.818035426731079,0.5032206119162641,0.20799785292538917,0.19457863660762212
96,15.975577026301664,27.89855072463768,25.228126677402038,7.568438003220612,5.8172302737520125,5.709876543209877,7.9039184111647875,0.08722490606548577,2.9253891572732154,0.5233494363929146,0.1878690284487386,0.17444981213097155
97,16.015834675254965,27.865002683843265,25.10064412238325,7.581857219538379,5.837359098228664,5.723295759527644,7.897208803005904,0.08722490606548577,2.9924852388620504,0.5501878690284487,0.1878690284487386,0.1610305958132045
98,16.163446054750402,27.737520128824478,24.932903918411164,7.521470746108427,5.991680085882985,5.776972624798712,7.877079978529254,0.08722490606548577,3.0327428878153517,0.5300590445517982,0.2147074610842727,0.13419216317767044
99,16.170155662909288,26.52308105206656,27.51610305958132,6.723027375201288,5.938003220611916,5.683038110574342,7.709339774557166,0.06709608158883522,2.871712292002147,0.49651100375738055,0.20799785292538917,0.0939345142243693
100,16.210413311862588,26.50966183574879,27.435587761674718,6.716317767042405,5.958132045088567,5.636070853462158,7.7361782071927,0.06709608158883522,2.898550724637681,0.5300590445517982,0.20799785292538917,0.0939345142243693
101,16.33118625872249,26.48953301127214,27.180622651637144,6.689479334406871,5.971551261406334,5.709876543209877,7.669082125603865,0.06709608158883522,3.0595813204508855,0.5300590445517982,0.20799785292538917,0.0939345142243693
102,16.53918411164788,26.382179280730007,27.079978529253893,6.595544820182502,5.998389694041868,5.649490069779925,7.709339774557166,0.06709608158883522,3.1199677938808374,0.5300590445517982,0.20799785292538917,0.12077294685990338
103,16.6532474503489,26.140633387010197,26.570048309178745,6.474771873322598,6.125872249060655,5.6964573268921095,7.991143317230274,0.06709608158883522,3.408480944712829,0.5434782608695652,0.20799785292538917,0.12077294685990338
104,16.63311862587225,26.073537305421365,26.362050456253353,6.796833064949007,6.172839506172839,5.676328502415459,7.96430488459474,0.06709608158883522,3.3950617283950617,0.5300590445517982,0.20799785292538917,0.12077294685990338
105,16.680085882984432,25.831991411701555,26.214439076757916,6.937734836285561,6.353998926462695,5.629361245303274,8.017981749865807,0.06709608158883522,3.4151905528717124,0.5501878690284487,0.20799785292538917,0.0939345142243693
106,16.78743961352657,25.791733762748255,26.100375738056897,6.91760601180891,6.387546967257112,5.629361245303274,7.977724100912507,0.06709608158883522,3.502415458937198,0.5367686527106817,0.20799785292538917,0.0939345142243693
107,16.6532474503489,25.563607085346217,25.89237788513151,6.884057971014493,6.400966183574879,6.025228126677402,8.21256038647343,0.06709608158883522,3.5091250670960816,0.48980139559849706,0.20799785292538917,0.0939345142243693
108,16.566022544283413,25.37573805689748,25.771604938271604,7.004830917874396,6.340579710144928,6.105743424584004,8.393719806763285,0.06709608158883522,3.589640365002684,0.4830917874396135,0.20799785292538917,0.0939345142243693
109,16.586151368760063,25.181159420289855,25.704508856682768,7.118894256575416,6.300322061191626,6.0587761674718195,8.454106280193237,0.06709608158883522,3.7238325281803544,0.4830917874396135,0.20799785292538917,0.11406333870101985
110,16.55931293612453,25.248255501878692,25.389157273215243,7.300053676865271,6.293612453032743,6.031937734836285,8.36688137412775,0.06709608158883522,3.864734299516908,0.5032206119162641,0.2616747181964573,0.11406333870101985
111,16.51905528717123,25.11406333870102,25.241545893719806,7.702630166398282,6.239935587761675,6.092324208266238,8.252818035426731,0.06709608158883522,3.8915727321524423,0.5032206119162641,0.2616747181964573,0.11406333870101985
112,16.566022544283413,25.046967257112186,24.745034889962426,7.682501341921632,6.179549114331723,6.105743424584004,8.78287707997853,0.06709608158883522,3.911701556629093,0.5367686527106817,0.2616747181964573,0.11406333870101985
113,14.848362855609233,27.623456790123456,24.000268384326354,7.87037037037037,6.005099302200751,6.018518518518518,8.695652173913043,0.06709608158883522,3.9452495974235107,0.5501878690284487,0.2616747181964573,0.11406333870101985
114,14.774557165861514,27.63016639828234,23.872785829307567,7.836822329575953,6.025228126677402,6.119162640901771,8.76274825550188,0.06709608158883522,4.005636070853462,0.5568974771873323,0.23483628556092323,0.11406333870101985
115,14.774557165861514,27.51610305958132,23.45679012345679,7.722758990874933,5.964841653247451,6.374127750939345,9.138486312399356,0.06709608158883522,4.079441760601181,0.5568974771873323,0.23483628556092323,0.11406333870101985
116,14.794685990338165,27.36849168008588,23.34272678475577,7.836822329575953,6.031937734836285,6.360708534621578,9.138486312399356,0.06709608158883522,4.1532474503489,0.5568974771873323,0.23483628556092323,0.11406333870101985
117,14.814814814814815,27.113526570048307,23.329307568438004,7.7831454643048845,5.991680085882985,6.602254428341385,9.27938808373591,0.06709608158883522,4.106280193236715,0.5568974771873323,0.24825550187869028,0.10735373054213634
118,14.80810520665593,27.079978529253893,23.242082662372518,7.749597423510467,6.085614600107354,6.575415995705851,9.359903381642512,0.06709608158883522,4.119699409554482,0.5568974771873323,0.24825550187869028,0.10735373054213634
119,14.922168545356952,26.959205582393988,23.087761674718198,7.823403113258186,6.105743424584004,6.66935050993022,9.265968867418144,0.06709608158883522,4.180085882984434,0.5434782608695652,0.24825550187869028,0.1274825550187869
120,14.982555018786902,26.8317230273752,22.973698336017176,7.85024154589372,6.052066559312936,6.736446591519055,9.306226516371444,0.06709608158883522,4.247181964573269,0.5770263016639828,0.24825550187869028,0.1274825550187869
121,14.97584541062802,26.583467525496513,22.913311862587225,8.091787439613526,5.958132045088567,6.790123456790123,9.265968867418144,0.06709608158883522,4.38137412775094,0.5770263016639828,0.24825550187869028,0.14761137949543746
122,14.99597423510467,26.32850241545894,22.86634460547504,8.246108427267847,6.139291465378422,6.723027375201288,9.27938808373591,0.06709608158883522,4.38137412775094,0.5770263016639828,0.24825550187869028,0.14761137949543746
123,15.143585614600108,26.187600644122384,22.765700483091788,8.192431561996779,6.5485775630703165,6.421095008051529,9.312936124530328,0.05367686527106817,4.40150295222759,0.5904455179817498,0.24825550187869028,0.13419216317767044
124,15.163714439076758,26.10708534621578,22.765700483091788,8.145464304884594,6.5485775630703165,6.454643048845948,9.353193773483628,0.07380568974771873,4.408212560386473,0.5770263016639828,0.2549651100375738,0.14761137949543746
125,15.136876006441224,26.03327965646806,22.725442834138487,8.13875469672571,6.568706387546968,6.461352657004831,9.460547504025765,0.07380568974771873,4.394793344068707,0.6038647342995169,0.2549651100375738,0.14761137949543746
126,14.855072463768115,25.34219001610306,21.83977455716586,8.192431561996779,7.742887815351583,7.306763285024155,9.359903381642512,0.06709608158883522,4.294149221685454,0.5971551261406334,0.2549651100375738,0.14761137949543746
127,14.922168545356952,25.301932367149757,21.752549651100377,8.07836822329576,7.897208803005904,7.340311325818572,9.333064949006978,0.06709608158883522,4.314278046162104,0.6172839506172839,0.2549651100375738,0.12077294685990338
128,14.895330112721417,25.348899624261943,21.504294149221685,8.21256038647343,7.96430488459474,7.37385936661299,9.312936124530328,0.06709608158883522,4.327697262479871,0.6172839506172839,0.2549651100375738,0.12077294685990338
129,14.942297369833602,25.221417069243156,21.3768115942029,8.145464304884594,7.977724100912507,7.4208266237251745,9.494095544820183,0.06709608158883522,4.394793344068707,0.5770263016639828,0.24825550187869028,0.13419216317767044
130,14.78797638217928,25.0805152979066,21.370101986044016,8.11862587224906,8.239398819108963,7.514761137949543,9.541062801932368,0.06709608158883522,4.367954911433173,0.5568974771873323,0.2214170692431562,0.13419216317767044
131,14.371980676328503,24.90606548577563,20.8064949006978,8.132045088566828,8.172302737520129,8.668813741277509,9.876543209876543,0.06709608158883522,4.052603327965647,0.5568974771873323,0.2214170692431562,0.16774020397208803
132,14.439076757917338,24.738325281803544,20.585077831454644,8.064949006977992,8.480944712828771,8.80300590445518,9.86983360171766,0.06709608158883522,3.9989264626945786,0.5568974771873323,0.2281266774020397,0.16774020397208803
133,14.465915190552872,24.50348899624262,20.517981749865807,8.21256038647343,8.433977455716587,8.93719806763285,9.829575952764358,0.06038647342995169,4.072732152442297,0.6105743424584005,0.2281266774020397,0.1274825550187869
134,13.533279656468062,23.255501878690286,23.349436392914654,8.031400966183575,8.192431561996779,8.829844337090714,9.702093397745571,0.06038647342995169,4.086151368760064,0.6105743424584005,0.2281266774020397,0.12077294685990338
135,13.519860440150294,23.007246376811594,24.10091250670961,7.897208803005904,8.199141170155663,8.749329039184111,9.312936124530328,0.06038647342995169,4.133118625872249,0.5971551261406334,0.2616747181964573,0.1610305958132045
136,13.56682769726248,22.98040794417606,24.04723564143854,7.843531937734836,8.179012345679013,8.82313472893183,9.29951690821256,0.06038647342995169,4.180085882984434,0.5971551261406334,0.2616747181964573,0.1610305958132045
137,13.486312399355878,22.933440687063875,23.97342995169082,7.695920558239399,8.239398819108963,8.80300590445518,9.4873859366613,0.06038647342995169,4.274020397208803,0.6172839506172839,0.23483628556092323,0.19457863660762212
138,13.352120236178207,22.852925389157274,24.040526033279658,7.830112721417069,8.192431561996779,8.930488459473967,9.494095544820183,0.06038647342995169,4.2203435319377345,0.5971551261406334,0.23483628556092323,0.19457863660762212
139,13.264895330112722,22.6784755770263,25.06038647342995,7.64224369296833,8.360171765968868,8.76274825550188,9.312936124530328,0.06038647342995169,3.851315083199141,0.5770263016639828,0.23483628556092323,0.19457863660762212
140,13.305152979066023,22.591250670960815,24.912775093934513,7.742887815351583,8.333333333333334,8.76274825550188,9.480676328502415,0.06038647342995169,3.8177670424047236,0.5770263016639828,0.2281266774020397,0.1878690284487386
141,13.311862587224907,22.443639291465377,24.000268384326354,7.541599570585078,9.702093397745571,8.628556092324208,9.406870638754697,0.06038647342995169,3.911701556629093,0.5501878690284487,0.2281266774020397,0.2147074610842727
142,13.251476113794954,21.83977455716586,24.751744498121308,7.474503488996243,9.708803005904455,8.76274825550188,9.25925925925926,0.06038647342995169,3.8714439076757916,0.5501878690284487,0.2281266774020397,0.24154589371980675
143,13.251476113794954,21.55126140633387,24.745034889962426,7.722758990874933,9.71551261406334,8.796296296296296,9.286097691894794,0.06709608158883522,3.844605475040258,0.5501878690284487,0.2281266774020397,0.24154589371980675
144,13.097155126140633,20.9272678475577,24.27536231884058,7.588566827697263,9.88996242619431,10.272410091250672,9.145195920558239,0.06709608158883522,3.69699409554482,0.5501878690284487,0.2214170692431562,0.2683843263553409
145,12.29200214707461,23.21524422973698,24.12775093934514,7.494632313472893,9.306226516371444,9.856414385399892,8.876811594202898,0.06709608158883522,3.750670960815888,0.5434782608695652,0.23483628556092323,0.23483628556092323
146,12.359098228663447,23.09447128287708,24.114331723027377,7.548309178743962,9.359903381642512,9.628287707997853,8.930488459473967,0.06709608158883522,3.8177670424047236,0.5434782608695652,0.23483628556092323,0.30193236714975846
147,12.29200214707461,22.852925389157274,23.91304347826087,7.461084272678476,9.809447128287708,9.514224369296834,9.091519055287172,0.06709608158883522,3.9049919484702094,0.5434782608695652,0.24825550187869028,0.30193236714975846
148,12.318840579710145,22.5577026301664,23.45679012345679,7.360440150295223,9.749060654857756,10.540794417606012,9.064680622651638,0.06709608158883522,3.7909286097691894,0.5166398282340311,0.24825550187869028,0.32877079978529256
149,12.365807836822329,22.41009125067096,23.369565217391305,7.514761137949543,9.75577026301664,10.48040794417606,9.017713365539452,0.06709608158883522,3.864734299516908,0.5166398282340311,0.24825550187869028,0.38915727321524424
150,12.278582930756844,22.41009125067096,23.32259796027912,7.568438003220612,9.77589908749329,10.50053676865271,9.004294149221685,0.06709608158883522,3.911701556629093,0.5166398282340311,0.24154589371980675,0.4025764895330113
151,12.29200214707461,22.383252818035427,22.899892646269457,7.628824476650563,10.057702630166398,10.540794417606012,9.024422973698336,0.06709608158883522,3.9586688137412773,0.5233494363929146,0.24154589371980675,0.3824476650563607
152,12.318840579710145,22.309447128287708,22.785829307568438,7.648953301127214,10.091250670960816,10.57434245840043,9.05126140633387,0.06709608158883522,3.978797638217928,0.5300590445517982,0.2616747181964573,0.3824476650563607
153,12.285292538915728,22.19538378958669,22.67176596886742,7.769726247987117,10.144927536231885,10.715244229736983,9.037842190016104,0.06709608158883522,3.911701556629093,0.5568974771873323,0.2616747181964573,0.3824476650563607
154,12.305421363392378,22.16183574879227,22.48389694041868,7.749597423510467,10.171765968867419,10.68840579710145,9.252549651100376,0.06709608158883522,3.9049919484702094,0.5501878690284487,0.28180354267310787,0.3824476650563607
155,12.379227053140097,22.020933977455716,22.490606548577563,7.75630703166935,10.165056360708535,10.68840579710145,9.339774557165862,0.06709608158883522,3.844605475040258,0.5501878690284487,0.28180354267310787,0.41599570585077833
156,12.560386473429952,21.953837895866883,22.342995169082126,7.669082125603865,10.158346752549651,10.762211486849168,9.366612989801396,0.06709608158883522,3.851315083199141,0.5568974771873323,0.2683843263553409,0.4428341384863124
157,12.5402576489533,21.89345142243693,22.342995169082126,7.669082125603865,10.198604401502953,10.782340311325818,9.333064949006978,0.06038647342995169,3.851315083199141,0.6172839506172839,0.2683843263553409,0.4428341384863124
158,12.419484702093397,21.71900161030596,22.262479871175522,7.769726247987117,10.285829307568438,10.748792270531402,9.440418679549115,0.06038647342995169,3.911701556629093,0.644122383252818,0.2616747181964573,0.47638217928073
159,12.52012882447665,21.67874396135266,22.18196457326892,7.769726247987117,10.25228126677402,10.762211486849168,9.420289855072463,0.06038647342995169,3.992216854535695,0.644122383252818,0.2616747181964573,0.4562533548040794
160,12.399355877616747,21.43719806763285,21.973966720343533,7.575147611379496,11.345947396672035,10.50053676865271,9.353193773483628,0.06038647342995169,3.992216854535695,0.644122383252818,0.2616747181964573,0.4562533548040794
161,12.473161567364466,21.32313472893183,21.91358024691358,7.709339774557166,11.2788513150832,10.466988727858293,9.272678475577026,0.05367686527106817,4.03918411164788,0.7380568974771873,0.2616747181964573,0.46967257112184646
162,12.453032742887816,21.22920021470746,21.866612989801396,7.830112721417069,11.158078368223295,10.473698336017177,9.272678475577026,0.05367686527106817,4.133118625872249,0.7380568974771873,0.2616747181964573,0.5300590445517982
163,12.513419216317766,21.16881374127751,21.484165324745035,7.836822329575953,11.272141706924316,10.567632850241546,9.333064949006978,0.05367686527106817,4.274020397208803,0.7045088566827697,0.2616747181964573,0.5300590445517982
164,12.526838432635534,21.07487922705314,21.443907675791735,7.776435856146001,11.29898013955985,10.648148148148149,9.326355340848094,0.05367686527106817,4.3545356951154055,0.7045088566827697,0.2616747181964573,0.5300590445517982
165,12.614063338701019,20.967525496511005,21.370101986044016,7.843531937734836,11.325818572195384,10.668276972624799,9.333064949006978,0.06709608158883522,4.28743961352657,0.7045088566827697,0.24154589371980675,0.5770263016639828
166,12.70799785292539,20.933977455716587,21.26945786366076,7.897208803005904,11.198336017176597,10.641438539989265,9.366612989801396,0.06709608158883522,4.294149221685454,0.8051529790660226,0.24154589371980675,0.5770263016639828
167,12.754965110037574,20.933977455716587,21.162104133118625,7.742887815351583,11.265432098765432,10.721953837895867,9.447128287707997,0.06709608158883522,4.30756843800322,0.7783145464304885,0.24154589371980675,0.5770263016639828
168,12.674449812130971,20.86688137412775,21.014492753623188,7.803274288781535,11.332528180354267,10.86285560923242,9.473966720343531,0.06709608158883522,4.294149221685454,0.785024154589372,0.24154589371980675,0.5837359098228664
169,12.681159420289855,20.813204508856682,20.90713902308105,7.796564680622652,11.2788513150832,10.95679012345679,9.608158883521202,0.06709608158883522,4.280730005367687,0.785024154589372,0.24154589371980675,0.5837359098228664
170,12.580515297906603,20.618625872249062,20.8467525496511,7.722758990874933,11.540526033279656,11.044015029522276,9.601449275362318,0.06709608158883522,4.408212560386473,0.7716049382716049,0.24154589371980675,0.5568974771873323
171,12.721417069243156,20.52469135802469,20.8467525496511,7.695920558239399,11.446591519055287,11.131239935587761,9.588030059044552,0.06709608158883522,4.408212560386473,0.7716049382716049,0.24154589371980675,0.5568974771873323
172,12.828770799785293,20.182501341921633,20.685721953837895,7.809983896940419,11.453301127214171,11.406333870101985,9.594739667203436,0.05367686527106817,4.414922168545357,0.7648953301127214,0.24154589371980675,0.5636070853462157
173,12.93612453032743,20.061728395061728,20.598497047772412,7.776435856146001,11.386205045625335,11.493558776167472,9.77589908749329,0.05367686527106817,4.367954911433173,0.7514761137949544,0.24154589371980675,0.5568974771873323
174,12.989801395598498,19.87385936661299,20.477724100912507,8.064949006977992,11.372785829307569,11.540526033279656,9.695383789586689,0.05367686527106817,4.3545356951154055,0.7514761137949544,0.24154589371980675,0.5837359098228664
175,13.077026301663983,19.85373054213634,20.40391841116479,8.085077831454644,11.285560923242082,11.553945249597424,9.71551261406334,0.05367686527106817,4.40150295222759,0.7648953301127214,0.2214170692431562,0.5837359098228664
176,13.056897477187333,19.79334406870639,20.276435856146,8.219269994632313,11.33923778851315,11.58749329039184,9.75577026301664,0.05367686527106817,4.361245303274289,0.7648953301127214,0.2214170692431562,0.5703166935050993
177,13.003220611916264,20.108695652173914,19.994632313472895,8.232689210950081,11.345947396672035,11.500268384326356,9.863123993558776,0.05367686527106817,4.374664519592056,0.7648953301127214,0.20799785292538917,0.5501878690284487
178,12.929414922168545,19.994632313472895,19.994632313472895,8.353462157809984,11.386205045625335,11.520397208803006,9.936929683306495,0.05367686527106817,4.320987654320987,0.7514761137949544,0.20799785292538917,0.5501878690284487
179,12.842190016103059,19.75979602791197,20.242887815351583,8.474235104669887,11.258722490606548,11.500268384326356,10.077831454643048,0.05367686527106817,4.233762748255502,0.7716049382716049,0.20799785292538917,0.5770263016639828
180,12.828770799785293,19.726247987117553,19.746376811594203,8.179012345679013,11.33923778851315,11.943102522812667,10.466988727858293,0.05367686527106817,4.1532474503489,0.7447665056360708,0.20799785292538917,0.6105743424584005
181,12.929414922168545,19.679280730005367,19.672571121846484,8.199141170155663,11.3191089640365,11.990069779924852,10.44015029522276,0.05367686527106817,4.166666666666667,0.7447665056360708,0.19457863660762212,0.6105743424584005
182,12.882447665056361,19.45115405260333,19.43102522812668,8.259527643585615,11.822329575952764,11.862587224906065,10.426731078904991,0.05367686527106817,4.240472356414386,0.8051529790660226,0.19457863660762212,0.5703166935050993
183,12.741545893719806,19.32367149758454,19.484702093397747,8.299785292538916,11.862587224906065,11.996779388083736,10.420021470746109,0.05367686527106817,4.2203435319377345,0.8319914117015567,0.19457863660762212,0.5703166935050993
184,12.801932367149758,19.162640901771336,19.424315619967793,8.319914117015566,12.00348899624262,11.996779388083736,10.413311862587225,0.05367686527106817,4.2203435319377345,0.8319914117015567,0.2214170692431562,0.5501878690284487
185,12.882447665056361,19.008319914117017,19.30354267310789,8.360171765968868,12.070585077831455,11.969940955448202,10.493827160493828,0.05367686527106817,4.314278046162104,0.7917337627482555,0.2214170692431562,0.5300590445517982
186,12.493290391841116,21.71900161030596,17.887815351583466,8.199141170155663,11.889425657541599,11.849168008588299,10.312667740203972,0.05367686527106817,3.978797638217928,0.8521202361782072,0.23483628556092323,0.5300590445517982
187,12.560386473429952,21.557971014492754,17.3040794417606,8.232689210950081,13.043478260869565,11.808910359634996,10.11808910359635,0.05367686527106817,3.81105743424584,0.7783145464304885,0.23483628556092323,0.49651100375738055
188,12.647611379495437,21.4573268921095,17.257112184648417,8.3064949006978,13.16425120772947,11.701556629092861,10.02415458937198,0.05367686527106817,3.8177670424047236,0.8319914117015567,0.2214170692431562,0.5166398282340311
