,45,50,51,52,54,55,53,56,58,57,60,59,61,46,63,62
0,95.71256038647343,4.28743961352657,,,,,,,,,,,,,,
1,95.51798174986581,4.4820182501341925,,,,,,,,,,,,,,
2,95.36366076221148,4.636339237788513,,,,,,,,,,,,,,
3,95.26301663982824,4.736983360171766,,,,,,,,,,,,,,
4,95.10198604401504,4.898013955984971,,,,,,,,,,,,,,
5,94.8268921095008,5.0858829844337095,0.08722490606548577,,,,,,,,,,,,,
6,94.45115405260333,5.434782608695652,0.08722490606548577,0.026838432635534086,,,,,,,,,,,,
7,94.27670424047236,5.609232420826624,0.08722490606548577,0.026838432635534086,,,,,,,,,,,,
8,90.8346752549651,8.896940418679549,0.08722490606548577,0.026838432635534086,0.1274825550187869,0.026838432635534086,,,,,,,,,,
9,90.5931293612453,9.118357487922705,0.08722490606548577,0.026838432635534086,0.1274825550187869,0.026838432635534086,0.020128824476650563,,,,,,,,,
10,90.37171229200214,9.252549651100376,0.08722490606548577,0.026838432635534086,0.1274825550187869,0.11406333870101985,0.020128824476650563,,,,,,,,,
11,90.13687600644123,9.447128287707997,0.08722490606548577,0.026838432635534086,0.1274825550187869,0.15432098765432098,0.020128824476650563,,,,,,,,,
12,89.70746108427268,9.856414385399892,0.08722490606548577,0.026838432635534086,0.16774020397208803,0.13419216317767044,0.020128824476650563,,,,,,,,,
13,89.31830381105743,10.218733225979603,0.08722490606548577,0.026838432635534086,0.16774020397208803,0.1610305958132045,0.020128824476650563,,,,,,,,,
14,89.22436929683306,10.285829307568438,0.08722490606548577,0.05367686527106817,0.16774020397208803,0.1610305958132045,0.020128824476650563,,,,,,,,,
15,89.05662909286097,10.426731078904991,0.08722490606548577,0.08051529790660225,0.16774020397208803,0.1610305958132045,0.020128824476650563,,,,,,,,,
16,68.27026301663983,31.186258722490606,0.08722490606548577,0.08051529790660225,0.16774020397208803,0.1878690284487386,0.020128824476650563,,,,,,,,,
17,66.6532474503489,30.07246376811594,0.11406333870101985,0.08051529790660225,0.16774020397208803,0.3757380568974772,2.536231884057971,,,,,,,,,
18,66.39828234031133,30.10601180891036,0.15432098765432098,0.08051529790660225,0.16774020397208803,0.5300590445517982,2.563070316693505,,,,,,,,,
19,63.821792807300056,32.669082125603865,0.15432098765432098,0.08051529790660225,0.16774020397208803,0.5434782608695652,2.563070316693505,,,,,,,,,
20,63.768115942028984,32.63553408480945,0.15432098765432098,0.08051529790660225,0.16774020397208803,0.630703166935051,2.563070316693505,,,,,,,,,
21,63.00322061191626,28.502415458937197,0.15432098765432098,4.938271604938271,0.16774020397208803,0.6508319914117016,2.522812667740204,0.026838432635534086,0.03354804079441761,,,,,,,
22,62.96296296296296,28.495705850778315,0.15432098765432098,4.938271604938271,0.16774020397208803,0.6977992485238862,2.522812667740204,0.026838432635534086,0.03354804079441761,,,,,,,
23,62.84219001610306,28.576221148684915,0.18115942028985507,4.938271604938271,0.16774020397208803,0.7112184648416533,2.4825550187869028,0.026838432635534086,0.07380568974771873,,,,,,,
24,62.52012882447665,28.784219001610307,0.18115942028985507,4.931561996779388,0.16774020397208803,0.8319914117015567,2.4825550187869028,0.026838432635534086,0.07380568974771873,,,,,,,
25,62.43961352657005,28.75067096081589,0.20799785292538917,4.958400429414922,0.16774020397208803,0.8923778851315083,2.4490069779924855,0.026838432635534086,0.10735373054213634,,,,,,,
26,62.30542136339238,28.052871712292003,2.3081052066559313,3.321256038647343,0.19457863660762212,1.3352120236178207,2.3752012882447664,0.026838432635534086,0.08051529790660225,,,,,,,
27,62.245034889962426,28.073000536768653,2.3081052066559313,3.3413848631239937,0.19457863660762212,1.3553408480944713,2.3752012882447664,0.026838432635534086,0.08051529790660225,,,,,,,
28,62.0907139023081,28.08641975308642,2.341653247450349,3.321256038647343,0.19457863660762212,1.4626945786366077,2.3752012882447664,0.026838432635534086,0.08051529790660225,0.020128824476650563,,,,,,
29,52.45571658615137,37.62748255501879,2.2946859903381642,3.307836822329576,0.19457863660762212,1.596886741814278,2.3752012882447664,0.04696725711218465,0.08051529790660225,0.020128824476650563,,,,,,
30,52.38191089640365,37.39935587761675,2.2946859903381642,3.307836822329576,0.1878690284487386,1.6304347826086956,2.6167471819645733,0.04696725711218465,0.11406333870101985,0.020128824476650563,,,,,,
31,50.315351583467525,39.40552871712292,2.2946859903381642,3.307836822329576,0.1878690284487386,1.6908212560386473,2.5831991411701556,0.04696725711218465,0.14761137949543746,0.020128824476650563,,,,,,
32,50.10064412238325,39.54643048845947,2.2946859903381642,3.294417606011809,0.1878690284487386,1.7444981213097155,2.6033279656468062,0.04696725711218465,0.14761137949543746,0.03354804079441761,,,,,,
33,50.0,39.60681696188943,2.2946859903381642,3.280998389694042,0.20799785292538917,1.778046162104133,2.576489533011272,0.04696725711218465,0.17444981213097155,0.03354804079441761,,,,,,
34,46.63177670424047,43.08239398819109,2.2342995169082127,3.280998389694042,0.20799785292538917,1.7310789049919484,2.576489533011272,0.04696725711218465,0.17444981213097155,0.03354804079441761,,,,,,
35,46.62506709608159,42.72007514761138,2.1604938271604937,3.2675791733762747,0.20799785292538917,2.120236178207193,2.576489533011272,0.11406333870101985,0.17444981213097155,0.03354804079441761,,,,,,
36,46.61164787976382,42.58588298443371,2.13365539452496,3.2474503488996245,0.20799785292538917,2.2611379495437465,2.576489533011272,0.14761137949543746,0.17444981213097155,0.05367686527106817,,,,,,
37,37.835480407944175,53.11996779388084,1.3486312399355878,2.985775630703167,0.5032206119162641,1.7914653784219001,2.1403650026838434,0.08051529790660225,0.14090177133655393,0.05367686527106817,,,,,,
38,36.02388620504563,54.851046698872786,1.3620504562533549,2.985775630703167,0.5032206119162641,1.8451422436929683,2.15378421900161,0.08051529790660225,0.14090177133655393,0.05367686527106817,,,,,,
39,35.909822866344605,54.911433172302736,1.3620504562533549,2.985775630703167,0.5032206119162641,1.8853998926462694,2.15378421900161,0.08051529790660225,0.15432098765432098,0.05367686527106817,,,,,,
40,35.80246913580247,54.8443370907139,1.3888888888888888,2.985775630703167,0.5032206119162641,2.033011272141707,2.120236178207193,0.08051529790660225,0.1878690284487386,0.05367686527106817,,,,,,
41,35.72866344605475,54.45517981749866,1.3888888888888888,2.945517981749866,0.5568974771873323,2.442297369833602,2.120236178207193,0.08051529790660225,0.1878690284487386,0.0939345142243693,,,,,,
42,35.72866344605475,54.01234567901235,1.3888888888888888,2.945517981749866,0.5837359098228664,2.818035426731079,2.1604938271604937,0.08051529790660225,0.1878690284487386,0.0939345142243693,,,,,,
43,35.72195383789587,53.36822329575953,1.3620504562533549,3.488996242619431,0.5837359098228664,2.8918411164787976,2.1604938271604937,0.08051529790660225,0.1878690284487386,0.15432098765432098,,,,,,
44,35.668276972624795,53.14680622651637,1.6774020397208802,3.488996242619431,0.5837359098228664,2.9253891572732154,2.086688137412775,0.08051529790660225,0.1878690284487386,0.15432098765432098,,,,,,
45,35.621309715512616,52.73081052066559,1.6774020397208802,3.5628019323671496,0.5837359098228664,3.280998389694042,2.1135265700483092,0.07380568974771873,0.1878690284487386,0.16774020397208803,,,,,,
46,34.10493827160494,52.16720343531938,3.717122920021471,3.5225442834138487,0.5636070853462157,3.33467525496511,2.1135265700483092,0.0939345142243693,0.1878690284487386,0.19457863660762212,,,,,,
47,34.084809447128286,51.99946323134729,3.6902844873859366,3.488996242619431,0.5971551261406334,3.4957058507783145,2.1135265700483092,0.11406333870101985,0.1878690284487386,0.2281266774020397,,,,,,
48,33.9573268921095,51.992753623188406,3.7238325281803544,3.475577026301664,0.5971551261406334,3.549382716049383,2.147074610842727,0.1610305958132045,0.1878690284487386,0.20799785292538917,,,,,,
49,33.93048845947396,51.892109500805155,3.515834675254965,3.7104133118625873,0.5971551261406334,3.6500268384326353,2.147074610842727,0.1610305958132045,0.1878690284487386,0.20799785292538917,,,,,,
50,33.9170692431562,51.59688674181428,3.5292538915727323,3.7104133118625873,0.5971551261406334,3.9184111647879765,2.1604938271604937,0.1610305958132045,0.20128824476650564,0.20799785292538917,,,,,,
51,33.70907139023081,51.73778851315083,3.535963499731616,3.6768652710681695,0.630703166935051,3.92512077294686,2.1604938271604937,0.1610305958132045,0.20128824476650564,0.2616747181964573,,,,,,
52,33.08507783145464,51.46269457863661,4.361245303274289,3.6768652710681695,0.6642512077294686,3.9519592055823938,2.1739130434782608,0.1610305958132045,0.20128824476650564,0.2616747181964573,,,,,,
53,33.05823939881911,50.56360708534621,4.394793344068707,3.656736446591519,0.6910896403650026,4.817498658078368,2.1739130434782608,0.1610305958132045,0.20128824476650564,0.28180354267310787,,,,,,
54,32.98443370907139,50.56360708534621,4.394793344068707,3.616478797638218,0.6910896403650026,4.891304347826087,2.1604938271604937,0.1610305958132045,0.2147074610842727,0.322061191626409,,,,,,
55,31.13929146537842,50.355609232420825,4.3545356951154055,3.616478797638218,2.7106816961889426,4.911433172302737,2.1604938271604937,0.1878690284487386,0.2147074610842727,0.3488996242619431,,,,,,
56,31.09903381642512,50.348899624261946,4.320987654320987,3.616478797638218,2.7106816961889426,4.951690821256038,2.15378421900161,0.23483628556092323,0.2147074610842727,0.3488996242619431,,,,,,
57,31.031937734836287,50.34219001610306,4.549114331723027,3.4151905528717124,2.7106816961889426,4.998658078368224,2.15378421900161,0.23483628556092323,0.2147074610842727,0.3488996242619431,,,,,,
58,30.88432635534085,50.42941492216855,4.549114331723027,3.4151905528717124,2.7106816961889426,5.038915727321524,2.15378421900161,0.23483628556092323,0.2147074610842727,0.35560923242082665,0.013419216317767043,,,,,
59,29.126409017713364,58.97745571658615,1.6706924315619969,2.1604938271604937,2.6637144390767578,4.582662372517445,0.5233494363929146,0.04696725711218465,0.020128824476650563,0.2147074610842727,0.013419216317767043,,,,,
60,29.126409017713364,58.91035963499731,1.6639828234031133,2.1806226516371443,2.6637144390767578,4.656468062265164,0.5032206119162641,0.04696725711218465,0.020128824476650563,0.2147074610842727,0.013419216317767043,,,,,
61,28.99892646269458,58.93719806763285,1.6975308641975309,2.086688137412775,2.6704240472356413,4.690016103059581,0.5300590445517982,0.04696725711218465,0.020128824476650563,0.30864197530864196,0.013419216317767043,,,,,
62,28.858024691358025,58.95061728395062,1.6975308641975309,2.086688137412775,2.6502952227589907,4.804079441760601,0.5300590445517982,0.04696725711218465,0.05367686527106817,0.30864197530864196,0.013419216317767043,,,,,
63,27.985775630703166,59.78260869565217,1.6639828234031133,2.086688137412775,2.6502952227589907,4.864465915190553,0.5434782608695652,0.04696725711218465,0.05367686527106817,0.30864197530864196,0.013419216317767043,,,,,
64,27.999194847020934,59.70209339774557,1.6908212560386473,2.086688137412775,2.6301663982823404,4.904723564143854,0.5434782608695652,0.04696725711218465,0.05367686527106817,0.30864197530864196,0.013419216317767043,0.020128824476650563,,,,
65,28.019323671497585,59.4068706387547,1.6908212560386473,2.100107353730542,2.6301663982823404,5.112721417069243,0.5300590445517982,0.11406333870101985,0.05367686527106817,0.30864197530864196,0.013419216317767043,0.020128824476650563,,,,
66,27.992485238862052,59.333064949006975,1.7042404723564144,2.100107353730542,2.6301663982823404,5.199946323134729,0.5300590445517982,0.11406333870101985,0.05367686527106817,0.30864197530864196,0.013419216317767043,0.020128824476650563,,,,
67,24.590713902308106,62.66774020397209,1.5633387010198605,2.073268921095008,2.7308105206655933,5.347557702630167,0.5166398282340311,0.11406333870101985,0.05367686527106817,0.30864197530864196,0.013419216317767043,0.020128824476650563,,,,
68,24.590713902308106,62.3792270531401,1.5767579173376274,2.100107353730542,2.7308105206655933,5.5756843800322065,0.5367686527106817,0.11406333870101985,0.05367686527106817,0.30864197530864196,0.013419216317767043,0.020128824476650563,,,,
69,24.610842726784757,62.285292538915726,1.5767579173376274,2.100107353730542,2.7308105206655933,5.642780461621041,0.5501878690284487,0.10735373054213634,0.05367686527106817,0.30864197530864196,0.013419216317767043,0.020128824476650563,,,,
70,24.48336017176597,62.3792270531401,1.5767579173376274,2.100107353730542,2.7308105206655933,5.676328502415459,0.5501878690284487,0.10735373054213634,0.05367686527106817,0.30864197530864196,0.013419216317767043,0.020128824476650563,,,,
71,24.48336017176597,61.943102522812666,1.5230810520665594,2.086688137412775,2.7106816961889426,6.119162640901771,0.5568974771873323,0.1610305958132045,0.05367686527106817,0.30864197530864196,0.013419216317767043,0.040257648953301126,,,,
72,24.4699409554482,61.842458400429415,1.5230810520665594,2.1269457863660763,2.7106816961889426,6.179549114331723,0.5568974771873323,0.19457863660762212,0.05367686527106817,0.2885131508319914,0.013419216317767043,0.040257648953301126,,,,
73,24.362587224906065,61.79549114331723,1.556629092860977,2.1135265700483092,2.6838432635534084,6.266774020397209,0.5770263016639828,0.2214170692431562,0.05367686527106817,0.2885131508319914,0.013419216317767043,0.06709608158883522,,,,
74,24.355877616747183,61.75523349436393,1.556629092860977,2.1135265700483092,2.7106816961889426,6.286902844873859,0.5770263016639828,0.2214170692431562,0.05367686527106817,0.2885131508319914,0.013419216317767043,0.06709608158883522,,,,
75,24.241814278046164,61.64117015566291,1.5901771336553945,2.120236178207193,2.7241009125067097,6.380837359098229,0.6374127750939346,0.2214170692431562,0.05367686527106817,0.30864197530864196,0.013419216317767043,0.06709608158883522,,,,
76,24.241814278046164,61.56736446591519,1.6304347826086956,2.120236178207193,2.737520128824477,6.400966183574879,0.6374127750939346,0.23483628556092323,0.05367686527106817,0.30864197530864196,0.013419216317767043,0.05367686527106817,,,,
77,24.16129898013956,61.131239935587764,1.6304347826086956,2.120236178207193,2.7442297369833604,6.91760601180891,0.6374127750939346,0.23483628556092323,0.05367686527106817,0.30193236714975846,0.013419216317767043,0.05367686527106817,,,,
78,24.14787976382179,61.00375738056898,1.6237251744498122,2.147074610842727,2.771068169618894,7.011540526033279,0.6374127750939346,0.23483628556092323,0.05367686527106817,0.30193236714975846,0.013419216317767043,0.05367686527106817,,,,
79,22.832796564680624,60.54079441760601,1.6237251744498122,4.133118625872249,2.771068169618894,6.863929146537842,0.5770263016639828,0.23483628556092323,0.05367686527106817,0.30193236714975846,0.013419216317767043,0.05367686527106817,,,,
80,22.82608695652174,60.42673107890499,1.6304347826086956,4.1129898013955986,2.885131508319914,6.816961889425658,0.5770263016639828,0.2616747181964573,0.06038647342995169,0.30193236714975846,0.013419216317767043,0.05367686527106817,0.03354804079441761,,,
81,22.571121846484164,59.35990338164251,1.3955984970477724,6.400966183574879,2.85829307568438,6.367418142780462,0.5636070853462157,0.2683843263553409,0.06038647342995169,0.08722490606548577,0.013419216317767043,0.05367686527106817,,,,
82,22.383252818035427,58.78958668813741,2.3886205045625335,6.414385399892646,2.657004830917874,6.3070316693505095,0.5300590445517982,0.30193236714975846,0.06038647342995169,0.08722490606548577,0.026838432635534086,0.05367686527106817,,,,
83,22.443639291465377,58.54804079441761,2.3886205045625335,6.414385399892646,2.657004830917874,6.481481481481482,0.5300590445517982,0.32877079978529256,0.040257648953301126,0.08722490606548577,0.026838432635534086,0.05367686527106817,,,,
84,22.342995169082126,58.373590982286636,2.3886205045625335,6.4412238325281805,2.657004830917874,6.729736983360172,0.5300590445517982,0.32877079978529256,0.040257648953301126,0.08722490606548577,0.026838432635534086,0.05367686527106817,,,,
85,22.383252818035427,58.111916264090176,2.3886205045625335,6.421095008051529,2.6167471819645733,6.991411701556629,0.5300590445517982,0.32877079978529256,0.040257648953301126,0.10735373054213634,0.026838432635534086,0.05367686527106817,,,,
86,22.41009125067096,58.03811057434246,2.3886205045625335,6.447933440687064,2.6167471819645733,6.971282877079979,0.5568974771873323,0.32877079978529256,0.040257648953301126,0.12077294685990338,0.026838432635534086,0.05367686527106817,,,,
87,22.430220075147613,58.011272141706925,2.3550724637681157,6.447933440687064,2.6167471819645733,6.951154052603328,0.5971551261406334,0.3488996242619431,0.040257648953301126,0.12077294685990338,0.026838432635534086,0.05367686527106817,,,,
88,22.32957595276436,57.87707997852925,2.3483628556092326,6.427804616210413,2.85829307568438,6.937734836285561,0.5971551261406334,0.3824476650563607,0.040257648953301126,0.12077294685990338,0.026838432635534086,0.05367686527106817,,,,
89,22.289318303811058,57.86366076221149,2.3752012882447664,6.427804616210413,2.85829307568438,6.964573268921095,0.5971551261406334,0.3824476650563607,0.040257648953301126,0.12077294685990338,0.026838432635534086,0.05367686527106817,,,,
90,19.196188942565755,60.15163714439077,2.3081052066559313,6.374127750939345,2.965646806226516,7.709339774557166,0.5837359098228664,0.41599570585077833,0.040257648953301126,0.17444981213097155,0.026838432635534086,0.05367686527106817,,,,
91,19.209608158883523,60.11137949543747,2.3081052066559313,6.320450885668277,2.965646806226516,7.763016639828234,0.5703166935050993,0.41599570585077833,0.040257648953301126,0.20128824476650564,0.040257648953301126,0.05367686527106817,,,,
92,18.59903381642512,57.689210950080515,2.2946859903381642,6.266774020397209,2.965646806226516,7.555018786902845,3.9452495974235107,0.3421900161030596,0.040257648953301126,0.1610305958132045,0.040257648953301126,0.10064412238325282,,,,
93,18.585614600107355,57.63553408480945,2.2946859903381642,6.266774020397209,2.965646806226516,7.62211486849168,3.9452495974235107,0.3421900161030596,0.040257648953301126,0.1610305958132045,0.040257648953301126,0.10064412238325282,,,,
94,18.531937734836287,57.46108427267848,2.281266774020397,6.280193236714976,2.9253891572732154,7.7361782071927,3.9452495974235107,0.49651100375738055,0.040257648953301126,0.1610305958132045,0.040257648953301126,0.10064412238325282,,,,
95,18.276972624798713,57.709339774557165,2.281266774020397,6.280193236714976,2.932098765432099,7.7361782071927,3.9452495974235107,0.49651100375738055,0.040257648953301126,0.1610305958132045,0.040257648953301126,0.10064412238325282,,,,
96,18.303811057434245,57.608695652173914,2.301395598497048,6.260064412238325,2.965646806226516,7.776435856146001,3.9452495974235107,0.49651100375738055,0.040257648953301126,0.1610305958132045,0.040257648953301126,0.10064412238325282,,,,
97,18.317230273752013,57.59527643585615,2.314814814814815,6.233225979602791,2.999194847020934,7.702630166398282,4.019055287171229,0.46296296296296297,0.040257648953301126,0.17444981213097155,0.040257648953301126,0.10064412238325282,,,,
98,18.256843800322063,57.48121309715513,2.368491680085883,6.213097155126141,3.0931293612453032,7.7361782071927,4.045893719806763,0.41599570585077833,0.040257648953301126,0.19457863660762212,0.05367686527106817,0.10064412238325282,,,,
99,18.12265163714439,54.911433172302736,2.38191089640365,8.715780998389693,3.0059044551798175,7.669082125603865,4.341116478797638,0.4294149221685454,0.040257648953301126,0.20128824476650564,0.05367686527106817,0.1274825550187869,,,,
100,17.961621041331185,54.65646806226516,2.636876006441224,8.715780998389693,3.0193236714975846,7.695920558239399,4.28743961352657,0.5300590445517982,0.040257648953301126,0.24825550187869028,0.05367686527106817,0.15432098765432098,,,,
101,17.894524959742352,54.6833064949007,2.636876006441224,8.702361782071927,3.0394524959742353,7.702630166398282,4.300858829844337,0.5300590445517982,0.040257648953301126,0.2616747181964573,0.05367686527106817,0.15432098765432098,,,,
102,17.887815351583466,54.57595276435856,2.6033279656468062,8.702361782071927,3.0394524959742353,7.836822329575953,4.274020397208803,0.5568974771873323,0.040257648953301126,0.24825550187869028,0.05367686527106817,0.18115942028985507,,,,
103,17.907944176060116,54.448470209339774,2.6637144390767578,8.702361782071927,3.0394524959742353,7.883789586688137,4.2270531400966185,0.5568974771873323,0.040257648953301126,0.24825550187869028,0.05367686527106817,0.2281266774020397,,,,
104,17.914653784219002,54.32769726247987,2.6637144390767578,8.682232957595277,3.0595813204508855,7.957595276435856,4.2203435319377345,0.5904455179817498,0.040257648953301126,0.24154589371980675,0.05367686527106817,0.24825550187869028,,,,
105,17.807300053676865,53.83118625872249,4.918142780461621,9.084809447128288,3.066290928609769,8.031400966183575,2.1604938271604937,0.5904455179817498,0.040257648953301126,0.2683843263553409,0.05367686527106817,0.14761137949543746,,,,
106,15.955448201825014,54.569243156199676,4.87788513150832,10.36634460547504,2.6704240472356413,8.3467525496511,2.1135265700483092,0.6172839506172839,0.040257648953301126,0.2549651100375738,0.040257648953301126,0.14761137949543746,,,,
107,15.955448201825014,54.448470209339774,4.891304347826087,10.332796564680622,2.6704240472356413,8.454106280193237,2.0933977455716586,0.6172839506172839,0.040257648953301126,0.2885131508319914,0.040257648953301126,0.16774020397208803,,,,
108,15.935319377348362,54.36124530327429,4.904723564143854,10.36634460547504,2.6704240472356413,8.514492753623188,2.0933977455716586,0.6172839506172839,0.040257648953301126,0.2885131508319914,0.040257648953301126,0.16774020397208803,,,,
109,15.874932903918411,54.3142780461621,4.891304347826087,10.413311862587225,2.6704240472356413,8.568169618894256,2.1269457863660763,0.6172839506172839,0.040257648953301126,0.2885131508319914,0.040257648953301126,0.15432098765432098,,,,
110,15.807836822329575,54.200214707461086,4.891304347826087,10.379763821792807,2.757648953301127,8.59500805152979,2.13365539452496,0.644122383252818,0.05367686527106817,0.3153515834675255,0.06709608158883522,0.15432098765432098,,,,
111,15.619967793880837,54.30085882984434,4.85775630703167,10.379763821792807,2.771068169618894,8.635265700483092,2.086688137412775,0.644122383252818,0.16774020397208803,0.3153515834675255,0.06709608158883522,0.15432098765432098,,,,
112,15.499194847020934,54.180085882984436,4.931561996779388,9.98389694041868,2.804616210413312,8.756038647342995,2.0531400966183573,0.644122383252818,0.20128824476650564,0.7246376811594203,0.06709608158883522,0.15432098765432098,,,,
113,15.398550724637682,54.186795491143315,4.911433172302737,9.950348899624261,2.804616210413312,8.849973161567364,2.0799785292538915,0.644122383252818,0.20128824476650564,0.7514761137949544,0.06709608158883522,0.15432098765432098,,,,
114,15.398550724637682,54.13311862587225,4.911433172302737,9.950348899624261,2.804616210413312,8.903650026838433,2.0799785292538915,0.644122383252818,0.20128824476650564,0.7514761137949544,0.06709608158883522,0.15432098765432098,,,,
115,15.26435856146001,54.126409017713364,4.931561996779388,9.802737520128824,2.791196994095545,8.99087493290392,2.100107353730542,0.644122383252818,0.20128824476650564,0.9125067096081588,0.06709608158883522,0.16774020397208803,,,,
116,15.28448738593666,54.099570585077835,4.904723564143854,9.796027911969942,2.804616210413312,8.99087493290392,2.100107353730542,0.6709608158883521,0.20128824476650564,0.9125067096081588,0.06709608158883522,0.16774020397208803,,,,
117,15.26435856146001,54.08615136876006,4.931561996779388,9.796027911969942,2.8381642512077296,8.950617283950617,2.1135265700483092,0.6709608158883521,0.20128824476650564,0.9125067096081588,0.06709608158883522,0.16774020397208803,,,,
118,15.257648953301127,53.56951154052604,5.381105743424584,9.762479871175524,2.8381642512077296,8.997584541062801,2.1403650026838434,0.6709608158883521,0.20128824476650564,0.9460547504025765,0.06709608158883522,0.16774020397208803,,,,
119,15.24422973698336,53.48899624261943,5.35426731078905,9.782608695652174,2.8650026838432634,9.024422973698336,2.1403650026838434,0.6977992485238862,0.20128824476650564,0.9259259259259259,0.0939345142243693,0.16774020397208803,0.013419216317767043,,,
120,14.741009125067096,41.948470209339774,23.1280193236715,7.39398819108964,2.576489533011272,7.514761137949543,1.06682769726248,0.5971551261406334,0.08722490606548577,0.7246376811594203,0.1274825550187869,0.0939345142243693,,,,
121,14.801395598497047,41.83440687063875,22.966988727858293,7.387278582930757,2.6435856146001075,7.5348899624261945,1.06682769726248,0.7313472893183038,0.08722490606548577,0.7246376811594203,0.1274825550187869,0.0939345142243693,,,,
122,14.821524422973699,41.78073000536769,22.832796564680624,7.387278582930757,2.7106816961889426,7.548309178743962,1.06682769726248,0.8185721953837896,0.08722490606548577,0.7246376811594203,0.1274825550187869,0.0939345142243693,,,,
123,14.855072463768115,41.44524959742351,22.805958132045088,7.360440150295223,2.7106816961889426,7.856951154052603,1.06682769726248,0.8387010198604401,0.08722490606548577,0.7514761137949544,0.1274825550187869,0.0939345142243693,,,,
124,14.834943639291465,41.41170155662909,22.785829307568438,7.360440150295223,2.7106816961889426,7.897208803005904,1.0735373054213635,0.8655394524959742,0.08722490606548577,0.7514761137949544,0.1274825550187869,0.0939345142243693,,,,
125,13.808373590982287,39.418947933440684,22.6784755770263,7.326892109500805,2.6838432635534084,7.48792270531401,4.723564143853999,0.8990874932903918,0.08722490606548577,0.7045088566827697,0.08722490606548577,0.0939345142243693,,,,
126,13.768115942028986,39.392109500805155,22.63150831991412,7.320182501341922,2.6838432635534084,7.521470746108427,4.777241009125067,0.9259259259259259,0.08722490606548577,0.7045088566827697,0.08722490606548577,0.0939345142243693,,0.0067096081588835215,,
127,13.761406333870102,39.25791733762748,22.61808910359635,7.306763285024155,2.831454643048846,7.5281803542673105,4.777241009125067,0.9393451422436929,0.08722490606548577,0.7045088566827697,0.08722490606548577,0.0939345142243693,,0.0067096081588835215,,
128,13.808373590982287,39.20424047235642,22.584541062801932,7.300053676865271,2.85829307568438,7.555018786902845,4.74369296833065,0.9393451422436929,0.11406333870101985,0.7045088566827697,0.08722490606548577,0.0939345142243693,,0.0067096081588835215,,
129,13.801663982823403,39.18411164787977,22.571121846484164,7.300053676865271,2.8650026838432634,7.5348899624261945,4.783950617283951,0.95276435856146,0.11406333870101985,0.7045088566827697,0.08722490606548577,0.0939345142243693,,0.0067096081588835215,,
130,13.821792807300053,39.03650026838432,22.463768115942027,7.300053676865271,2.898550724637681,7.494632313472893,4.924852388620504,1.0265700483091786,0.14090177133655393,0.7045088566827697,0.08722490606548577,0.0939345142243693,,0.0067096081588835215,,
131,13.734567901234568,38.92243692968331,22.443639291465377,7.467793880837359,2.6838432635534084,7.494632313472893,4.924852388620504,1.0198604401502953,0.14090177133655393,0.7045088566827697,0.10064412238325282,0.35560923242082665,,0.0067096081588835215,,
132,13.479602791196994,39.00295222758991,22.38996242619431,7.407407407407407,2.677133655394525,7.6556629092860975,4.924852388620504,1.0601180891035964,0.16774020397208803,0.7514761137949544,0.10064412238325282,0.36231884057971014,0.013419216317767043,0.0067096081588835215,,
133,13.506441223832528,38.87546967257112,22.38996242619431,7.407407407407407,2.6704240472356413,7.75630703166935,4.924852388620504,1.0601180891035964,0.16774020397208803,0.7514761137949544,0.10064412238325282,0.36902844873859364,0.013419216317767043,0.0067096081588835215,,
134,13.519860440150294,38.66076221148685,22.034353193773484,6.226516371443908,4.542404723564144,7.709339774557166,4.87788513150832,1.0198604401502953,0.16774020397208803,0.7514761137949544,0.10064412238325282,0.36902844873859364,0.013419216317767043,0.0067096081588835215,,
135,13.519860440150294,38.55340848094471,22.041062801932366,6.219806763285024,4.549114331723027,7.635534084809447,4.951690821256038,1.0198604401502953,0.20128824476650564,0.8185721953837896,0.10064412238325282,0.36902844873859364,0.013419216317767043,0.0067096081588835215,,
136,13.47289318303811,38.54669887278583,22.0276435856146,6.219806763285024,4.542404723564144,7.6556629092860975,4.924852388620504,1.0601180891035964,0.2281266774020397,0.8319914117015567,0.10064412238325282,0.36902844873859364,0.013419216317767043,0.0067096081588835215,,
137,13.47289318303811,38.36553945249597,21.994095544820183,6.246645195920558,4.542404723564144,7.803274288781535,4.931561996779388,1.0802469135802468,0.2281266774020397,0.8319914117015567,0.10064412238325282,0.3824476650563607,0.013419216317767043,0.0067096081588835215,,
138,13.399087493290391,38.33870101986044,21.980676328502415,6.246645195920558,4.582662372517445,7.877079978529254,4.918142780461621,1.093666129898014,0.2281266774020397,0.8319914117015567,0.10064412238325282,0.3824476650563607,0.013419216317767043,0.0067096081588835215,,
139,13.372249060654857,38.117283950617285,21.967257112184647,6.213097155126141,4.5960815888352125,7.843531937734836,5.139559849704777,1.1205045625335481,0.2616747181964573,0.8722490606548577,0.10064412238325282,0.3757380568974772,0.013419216317767043,0.0067096081588835215,,
140,13.311862587224907,38.0703166935051,21.920289855072465,6.213097155126141,4.575952764358561,8.044820182501342,5.112721417069243,1.1003757380568975,0.2616747181964573,0.8722490606548577,0.10064412238325282,0.39586688137412773,0.013419216317767043,0.0067096081588835215,,
141,13.305152979066023,37.996511003757384,21.886741814278047,6.226516371443908,4.569243156199678,8.158883521202362,5.059044551798175,1.1272141706924315,0.2616747181964573,0.8722490606548577,0.10064412238325282,0.41599570585077833,0.013419216317767043,0.0067096081588835215,,
142,13.278314546430488,37.835480407944175,21.987385936661298,6.239935587761675,4.569243156199678,8.21256038647343,5.052334943639291,1.1540526033279657,0.2616747181964573,0.8722490606548577,0.10064412238325282,0.41599570585077833,0.013419216317767043,0.0067096081588835215,,
143,13.291733762748256,37.734836285560924,21.920289855072465,6.159420289855072,4.602791196994096,8.252818035426731,5.152979066022544,1.2278582930756843,0.2616747181964573,0.8588298443370908,0.10064412238325282,0.41599570585077833,0.013419216317767043,0.0067096081588835215,,
144,13.291733762748256,37.70799785292539,21.79951690821256,6.092324208266238,4.817498658078368,8.266237251744498,5.139559849704777,1.2278582930756843,0.2616747181964573,0.8588298443370908,0.10064412238325282,0.41599570585077833,0.013419216317767043,0.0067096081588835215,,
145,13.258185721953838,37.553676865271065,21.732420826623724,6.119162640901771,5.005367686527107,8.225979602791197,5.166398282340311,1.2546967257112185,0.2616747181964573,0.8588298443370908,0.10064412238325282,0.4428341384863124,0.013419216317767043,0.0067096081588835215,,
146,13.231347289318304,37.5,21.430488459473967,6.119162640901771,5.025496511003757,8.272946859903382,5.166398282340311,1.570048309178744,0.2616747181964573,0.8588298443370908,0.10064412238325282,0.4428341384863124,0.013419216317767043,0.0067096081588835215,,
147,13.238056897477188,37.39264626945786,21.39694041867955,6.159420289855072,5.119431025228127,8.246108427267847,5.159688674181428,1.6035963499731616,0.2616747181964573,0.8454106280193237,0.10064412238325282,0.4562533548040794,0.013419216317767043,0.0067096081588835215,,
148,13.264895330112722,37.19135802469136,21.329844337090712,6.112453032742888,5.12614063338701,8.420558239398819,5.159688674181428,1.6975308641975309,0.2616747181964573,0.8387010198604401,0.10064412238325282,0.47638217928073,0.013419216317767043,0.0067096081588835215,,
149,13.278314546430488,37.204777241009126,21.32313472893183,6.112453032742888,5.152979066022544,8.393719806763285,5.166398282340311,1.7042404723564144,0.2281266774020397,0.8387010198604401,0.10064412238325282,0.47638217928073,0.013419216317767043,0.0067096081588835215,,
150,13.311862587224907,37.15780998389694,21.256038647342994,6.112453032742888,5.152979066022544,8.427267847557703,5.065754159957058,1.8853998926462694,0.19457863660762212,0.8387010198604401,0.10064412238325282,0.47638217928073,0.013419216317767043,0.0067096081588835215,,
151,9.950348899624261,43.323939881910896,20.276435856146,5.730005367686527,4.408212560386473,8.420558239398819,4.830917874396135,1.778046162104133,0.17444981213097155,0.8454106280193237,0.10064412238325282,0.14090177133655393,0.013419216317767043,0.0067096081588835215,,
152,9.930220075147611,43.23671497584541,20.25630703166935,5.730005367686527,4.394793344068707,8.53462157809984,4.85775630703167,1.778046162104133,0.17444981213097155,0.8454106280193237,0.10064412238325282,0.14090177133655393,0.013419216317767043,0.0067096081588835215,,
153,9.950348899624261,43.05555555555556,20.209339774557165,5.730005367686527,4.42163177670424,8.675523349436393,4.851046698872786,1.8250134192163177,0.17444981213097155,0.8454106280193237,0.10064412238325282,0.14090177133655393,0.013419216317767043,0.0067096081588835215,,
154,10.017444981213098,42.981749865807835,20.142243692968332,5.743424584004294,4.42163177670424,8.621846484165324,4.87788513150832,1.8853998926462694,0.2147074610842727,0.8454106280193237,0.08722490606548577,0.14090177133655393,0.013419216317767043,0.0067096081588835215,,
155,10.010735373054214,42.96833064949007,20.135534084809446,5.743424584004294,4.448470209339774,8.641975308641975,4.884594739667204,1.8585614600107354,0.2147074610842727,0.8454106280193237,0.08722490606548577,0.14090177133655393,0.013419216317767043,0.0067096081588835215,,
156,9.997316156736447,41.74718196457327,19.538378958668815,5.723295759527644,5.025496511003757,9.762479871175524,4.898013955984971,1.9927536231884058,0.2147074610842727,0.8655394524959742,0.08722490606548577,0.1274825550187869,0.013419216317767043,0.0067096081588835215,,
157,10.00402576489533,41.6532474503489,19.51154052603328,5.723295759527644,5.01207729468599,9.829575952764358,4.911433172302737,2.01959205582394,0.2147074610842727,0.8655394524959742,0.08722490606548577,0.14761137949543746,0.013419216317767043,0.0067096081588835215,,
158,9.957058507783145,41.056092324208265,19.49812130971551,6.957863660762212,4.9651100375738055,9.4873859366613,4.87788513150832,1.9189479334406871,0.1878690284487386,0.8387010198604401,0.08722490606548577,0.14761137949543746,0.013419216317767043,0.0067096081588835215,,
159,9.96376811594203,40.90848094471283,19.47799248523886,6.951154052603328,5.072463768115942,9.50751476113795,4.87788513150832,1.9457863660762211,0.1878690284487386,0.8521202361782072,0.08722490606548577,0.14761137949543746,0.013419216317767043,0.0067096081588835215,,
160,9.957058507783145,40.79441760601181,19.47799248523886,6.951154052603328,5.032206119162641,9.608158883521202,4.87788513150832,1.9457863660762211,0.1878690284487386,0.8521202361782072,0.10735373054213634,0.1878690284487386,0.013419216317767043,0.0067096081588835215,,
161,9.990606548577563,40.673644659151904,19.41760601180891,6.951154052603328,5.032206119162641,9.681964573268921,4.87788513150832,1.9927536231884058,0.2147074610842727,0.8521202361782072,0.10735373054213634,0.1878690284487386,0.013419216317767043,0.0067096081588835215,,
162,9.88996242619431,40.15700483091788,19.39747718733226,7.440955448201825,5.166398282340311,9.668545356951155,4.931561996779388,2.006172839506173,0.2147074610842727,0.8118625872249061,0.10735373054213634,0.1878690284487386,0.013419216317767043,0.0067096081588835215,,
163,9.916800858829845,40.042941492216855,19.384057971014492,7.4141170155662905,5.166398282340311,9.762479871175524,4.938271604938271,2.046430488459474,0.2147074610842727,0.8118625872249061,0.0939345142243693,0.1878690284487386,0.013419216317767043,0.0067096081588835215,,
164,9.916800858829845,39.97584541062802,19.384057971014492,7.434245840042942,5.166398282340311,9.789318303811058,4.958400429414922,2.046430488459474,0.2147074610842727,0.8118625872249061,0.0939345142243693,0.1878690284487386,0.013419216317767043,0.0067096081588835215,,
165,9.943639291465379,39.70746108427268,19.370638754696724,7.434245840042942,5.166398282340311,9.957058507783145,5.045625335480408,2.046430488459474,0.2147074610842727,0.8118625872249061,0.0939345142243693,0.1878690284487386,0.013419216317767043,0.0067096081588835215,,
166,9.936929683306495,39.680622651637144,19.276704240472355,7.4006977992485234,5.166398282340311,9.990606548577563,5.045625335480408,2.13365539452496,0.2147074610842727,0.8521202361782072,0.0939345142243693,0.1878690284487386,0.013419216317767043,0.0067096081588835215,,
167,9.86983360171766,39.700751476113794,19.182769726247987,7.387278582930757,5.2066559312936125,9.957058507783145,5.092592592592593,2.24771873322598,0.2147074610842727,0.8387010198604401,0.0939345142243693,0.1878690284487386,0.013419216317767043,0.0067096081588835215,,
168,9.816156736446592,39.720880300590444,19.14922168545357,7.387278582930757,5.2066559312936125,9.930220075147611,5.12614063338701,2.281266774020397,0.24154589371980675,0.8252818035426731,0.10735373054213634,0.1878690284487386,0.013419216317767043,0.0067096081588835215,,
169,9.802737520128824,39.54643048845947,19.0955448201825,7.407407407407407,5.2066559312936125,10.091250670960816,5.139559849704777,2.328234031132582,0.24154589371980675,0.8252818035426731,0.10735373054213634,0.1878690284487386,0.013419216317767043,0.0067096081588835215,,
170,9.842995169082126,39.46591519055287,19.07541599570585,7.306763285024155,5.287171229200215,10.0979602791197,5.139559849704777,2.3081052066559313,0.2147074610842727,0.9259259259259259,0.10735373054213634,0.20799785292538917,0.013419216317767043,0.0067096081588835215,,
171,9.836285560923242,39.04320987654321,18.63929146537842,7.320182501341922,5.293880837359098,10.976918947933441,5.12614063338701,2.227589908749329,0.2281266774020397,0.9393451422436929,0.10735373054213634,0.24154589371980675,0.013419216317767043,0.0067096081588835215,,
172,9.856414385399892,38.93585614600107,18.592324208266238,7.300053676865271,5.347557702630167,10.896403650026839,5.10601180891036,2.328234031132582,0.2281266774020397,1.0466988727858293,0.10064412238325282,0.24154589371980675,0.013419216317767043,0.0067096081588835215,,
173,9.903381642512077,38.84192163177671,18.54535695115405,7.286634460547504,5.3341384863123995,11.003757380568974,5.10601180891036,2.328234031132582,0.2281266774020397,1.0601180891035964,0.10064412238325282,0.24154589371980675,0.013419216317767043,0.0067096081588835215,,
174,8.340042941492216,34.13177670424047,30.864197530864196,3.9586688137412773,4.49543746645196,10.178475577026301,4.64975845410628,2.0531400966183573,0.15432098765432098,0.785024154589372,0.10064412238325282,0.2683843263553409,0.013419216317767043,0.0067096081588835215,,
175,8.340042941492216,34.13848631239936,30.683038110574344,3.9720880300590444,4.49543746645196,10.185185185185185,4.64975845410628,2.2074610842726785,0.15432098765432098,0.785024154589372,0.10064412238325282,0.2683843263553409,0.013419216317767043,0.0067096081588835215,,
176,8.313204508856682,34.12506709608159,30.589103596349972,3.9720880300590444,4.508856682769726,10.185185185185185,4.367954911433173,2.6301663982823404,0.13419216317767044,0.785024154589372,0.10064412238325282,0.2683843263553409,0.013419216317767043,0.0067096081588835215,,
177,8.340042941492216,34.084809447128286,30.535426731078903,3.9989264626945786,4.549114331723027,10.178475577026301,4.374664519592056,2.6033279656468062,0.1610305958132045,0.785024154589372,0.10064412238325282,0.2683843263553409,0.013419216317767043,0.0067096081588835215,,
178,8.3467525496511,33.93719806763285,30.52871712292002,4.012345679012346,4.53569511540526,10.312667740203972,4.294149221685454,2.6167471819645733,0.2549651100375738,0.7716049382716049,0.10064412238325282,0.2683843263553409,0.013419216317767043,0.0067096081588835215,,
