,45,50,54,55,51,57,53,58,56,52
0,93.41116478797638,6.588835212023618,,,,,,,,
1,88.90901771336554,11.09098228663446,,,,,,,,
2,86.96994095544821,13.030059044551798,,,,,,,,
3,86.18491680085883,13.81508319914117,,,,,,,,
4,53.817767042404725,46.182232957595275,,,,,,,,
5,52.824745034889965,47.175254965110035,,,,,,,,
6,51.55662909286098,42.270531400966185,5.911164787976382,0.2616747181964573,,,,,,
7,47.416800858829845,46.564680622651636,5.22007514761138,0.798443370907139,,,,,,
8,46.09500805152979,47.94685990338164,5.159688674181428,0.798443370907139,,,,,,
9,46.12855609232421,47.95356951154053,5.159688674181428,0.7581857219538379,,,,,,
10,42.901234567901234,46.081588835212024,4.810789049919484,0.7581857219538379,5.119431025228127,0.32877079978529256,,,,
11,37.97638217928073,49.36929683306495,4.488727858293076,2.771068169618894,5.0858829844337095,0.30864197530864196,,,,
12,34.38674181427805,37.70799785292539,3.743961352657005,0.7581857219538379,5.038915727321524,0.16774020397208803,18.19645732689211,,,
13,34.76918947933441,37.546967257112186,3.7037037037037037,0.7581857219538379,5.018786902844874,0.16774020397208803,16.720343531937736,1.3150831991411702,,
14,33.89694041867955,32.306763285024154,3.7037037037037037,0.7581857219538379,4.998658078368224,0.16774020397208803,22.86634460547504,1.3016639828234031,,
15,34.447128287708,31.95115405260333,3.6768652710681695,1.9457863660762211,4.931561996779388,0.16774020397208803,21.578099838969404,1.3016639828234031,,
16,32.326892109500804,18.451422436929683,2.1806226516371443,,43.914385399892645,,3.126677402039721,,,
17,32.59527643585615,18.357487922705314,2.167203435319377,,43.75335480407944,,3.126677402039721,,,
18,32.18599033816425,18.907675791733762,2.167203435319377,,43.45813204508857,,3.066290928609769,,0.2147074610842727,
19,32.64224369296833,18.820450885668276,2.1604938271604937,,41.21041331186259,,3.026033279656468,,2.1403650026838434,
20,28.958668813741276,16.525764895330113,2.13365539452496,,45.59849704777241,,1.7176596886741815,,2.1068169618894257,2.9589371980676327
21,26.093666129898015,15.687063875469672,,,35.85614600107354,,15.371712292002147,,2.2879763821792807,4.703435319377348
22,26.341921631776703,14.74771873322598,,,35.43344068706388,,15.331454643048845,,2.2879763821792807,5.857487922705314
23,26.596886741814277,13.123993558776167,1.3352120236178207,,35.16505636070853,,14.083467525496511,,3.851315083199141,5.844068706387547
24,23.859366612989803,12.432903918411165,1.3352120236178207,,43.25684380032206,,11.748523886205046,,3.670155662909286,3.69699409554482
25,22.19538378958669,10.165056360708535,0.5837359098228664,0.49651100375738055,49.87251744498121,,11.104401502952227,,3.066290928609769,2.5161030595813205
26,22.416800858829845,10.124798711755233,0.5837359098228664,0.49651100375738055,49.745034889962426,,11.07085346215781,,3.0595813204508855,2.5026838432635534
27,15.848094471282877,21.866612989801396,2.200751476113795,0.49651100375738055,43.75335480407944,,10.305958132045088,,3.0595813204508855,2.4691358024691357
28,16.223832528180353,20.652173913043477,4.508856682769726,0.48980139559849706,42.351046698872786,,10.272410091250672,,3.0327428878153517,2.4691358024691357
29,16.78743961352657,20.578368223295758,4.42163177670424,0.46967257112184646,42.01556629092861,,10.245571658615138,,3.0327428878153517,2.4490069779924855
30,17.324208266237253,20.497852925389157,4.38137412775094,0.6843800322061192,41.5727321524423,,10.144927536231885,,2.9723564143853998,2.4221685453569513
31,15.311325818572195,19.484702093397747,4.213633923778851,0.6843800322061192,43.47155126140633,,11.929683306494901,0.19457863660762212,2.965646806226516,1.7444981213097155
32,15.136876006441224,18.438003220611915,3.8848631239935587,0.6843800322061192,41.67337627482555,,11.345947396672035,0.19457863660762212,2.059849704777241,6.582125603864735
33,15.76086956521739,18.377616747181964,3.8848631239935587,0.6709608158883521,41.277509393451425,,11.245303274288782,0.18115942028985507,2.046430488459474,6.5552871712292005
34,16.17686527106817,17.51207729468599,3.797638217928073,1.482823403113258,41.10976918947934,,11.238593666129898,0.18115942028985507,1.9793344068706387,6.521739130434782
35,16.841116478797638,17.357756307031668,3.797638217928073,1.482823403113258,40.693773483628554,,11.178207192699947,0.18115942028985507,1.9793344068706387,6.488191089640365
36,16.99543746645196,17.20343531937735,3.911701556629093,3.374932903918411,38.81508319914117,,11.084272678475577,0.18115942028985507,1.9524959742351047,6.481481481481482
37,16.659957058507782,16.203703703703702,3.844605475040258,3.3682232957595275,40.713902308105204,,11.010466988727858,0.18115942028985507,1.9524959742351047,6.0654857756307035
38,16.210413311862588,16.1231884057971,2.4490069779924855,3.321256038647343,33.756038647343,,7.9106280193236715,0.18115942028985507,1.8317230273752012,18.21658615136876
39,16.740472356414386,16.029253891572733,2.4490069779924855,3.589640365002684,33.25952764358561,,7.9039184111647875,0.18115942028985507,1.8048845947396672,18.04213633923779
40,17.559044551798173,15.83467525496511,2.38191089640365,3.556092324208266,32.79656468062265,,7.9039184111647875,0.18115942028985507,1.778046162104133,18.00858829844337
41,17.290660225442835,13.077026301663983,2.38191089640365,9.541062801932368,30.347557702630166,,7.863660762211487,0.18115942028985507,1.778046162104133,17.538915727321523
42,17.411433172302736,12.332259796027913,3.1736446591519054,9.312936124530328,30.07246376811594,,7.823403113258186,0.18115942028985507,1.751207729468599,17.941492216854535
43,17.780461621041333,12.124261943102523,3.1736446591519054,10.352925389157273,29.139828234031132,,7.7361782071927,0.18115942028985507,1.9994632313472893,17.51207729468599
44,18.38432635534085,12.070585077831455,3.1199677938808374,10.339506172839506,28.951959205582394,,7.702630166398282,0.18115942028985507,1.9860440150295222,17.2638217928073
45,18.4849704777241,11.896135265700483,3.0931293612453032,10.111379495437467,28.65673644659152,,12.359098228663447,0.16774020397208803,1.9256575415995705,13.305152979066023
46,19.249865807836823,11.768652710681696,3.0931293612453032,9.883252818035427,28.327965646806227,,12.305421363392378,0.1610305958132045,1.9256575415995705,13.285024154589372
47,19.30354267310789,11.735104669887278,3.0931293612453032,12.211486849168008,26.455984970477726,,11.90955448201825,0.1610305958132045,1.892109500805153,13.238056897477188
48,18.491680085882983,6.696188942565755,2.6704240472356413,10.030864197530864,25.764895330112722,,11.83574879227053,0.1610305958132045,1.892109500805153,22.457058507783145
49,18.927804616210413,6.662640901771336,2.6704240472356413,10.017444981213098,25.650831991411703,,11.714975845410628,0.1610305958132045,1.8786902844873858,22.31615673644659
50,18.840579710144926,6.515029522275899,2.5697799248523885,9.936929683306495,25.32206119162641,,14.586688137412775,0.1610305958132045,1.8518518518518519,20.21604938271605
51,19.30354267310789,6.515029522275899,2.5563607085346214,9.896672034353195,25.214707461084274,,14.412238325281804,0.1610305958132045,1.8518518518518519,20.088566827697264
52,19.082125603864736,6.239935587761675,2.5563607085346214,9.514224369296834,26.194310252281266,,14.38539989264627,0.1610305958132045,1.8518518518518519,20.014761137949545
53,19.712828770799785,6.199677938808374,2.5563607085346214,9.655126140633387,25.81857219538379,,14.318303811057435,0.1610305958132045,1.8317230273752012,19.746376811594203
54,19.867149758454108,6.199677938808374,2.5563607085346214,9.64170692431562,25.677670424047236,,16.458668813741276,0.1610305958132045,1.8317230273752012,17.60601180891036
55,19.592055823939884,5.2066559312936125,2.15378421900161,8.796296296296296,23.980139559849704,,24.57729468599034,0.1610305958132045,1.8317230273752012,13.70101986044015
56,17.351046698872786,5.166398282340311,2.15378421900161,10.601180891035963,29.837627482555018,,21.155394524959743,,1.9659151905528718,11.768652710681696
57,11.580783682232958,3.8378958668813743,2.1269457863660763,10.762211486849168,39.31159420289855,,19.082125603864736,,1.9122383252818036,11.386205045625335
58,12.077294685990339,3.8378958668813743,2.1068169618894257,10.68840579710145,37.03703703703704,,18.95464304884595,,1.892109500805153,13.405797101449275
59,12.929414922168545,3.8177670424047236,2.0799785292538915,11.486849168008588,35.79575952764358,,18.760064412238325,,1.8786902844873858,13.251476113794954
60,11.506977992485238,6.488191089640365,2.01959205582394,11.876006441223833,34.50080515297907,,18.552066559312937,,1.8786902844873858,13.177670424047236
61,11.855877616747183,6.454643048845948,2.01959205582394,12.164519592055823,34.064680622651636,,18.4849704777241,,1.8518518518518519,13.103864734299517
62,12.332259796027913,6.394256575415996,2.01959205582394,12.084004294149223,33.81642512077295,,18.4447128287708,,1.8518518518518519,13.056897477187333
63,12.379227053140097,6.374127750939345,4.320987654320987,11.057434245840042,32.94417606011809,,18.337359098228664,,1.7579173376274826,12.828770799785293
64,12.754965110037574,6.340579710144928,4.320987654320987,11.057434245840042,32.789855072463766,,18.19645732689211,,1.7579173376274826,12.781803542673108
65,12.882447665056361,6.327160493827161,4.320987654320987,11.044015029522276,32.75630703166935,,17.85426731078905,0.3153515834675255,1.7579173376274826,12.741545893719806
66,13.030059044551798,6.327160493827161,4.28743961352657,9.198872785829307,32.50134192163178,,13.962694578636608,0.3153515834675255,1.7579173376274826,18.61916264090177
67,13.459473966720344,6.280193236714976,4.180085882984434,9.104938271604938,30.96484165324745,,15.371712292002147,0.3153515834675255,1.7579173376274826,18.5654857756307
68,12.661030595813205,5.897745571658615,2.9052603327965647,8.57487922705314,36.520397208803004,,15.157004830917874,0.3153515834675255,1.5297906602254427,16.438539989264626
69,10.131508319914117,5.770263016639828,2.187332259796028,6.857219538378959,39.67391304347826,,10.071121846484166,0.2952227589908749,1.402308105206656,23.61111111111111
70,10.836017176596886,5.730005367686527,1.9793344068706387,6.488191089640365,32.018250134192165,,17.538915727321523,0.2952227589908749,1.570048309178744,23.544015029522274
71,10.923242082662373,5.676328502415459,1.9793344068706387,6.474771873322598,33.63526570048309,,16.284219001610307,0.2952227589908749,1.570048309178744,23.161567364465917
72,11.312399355877616,5.488459473966721,1.9793344068706387,6.427804616210413,33.40713902308105,,16.25738056897477,0.2952227589908749,1.570048309178744,23.262211486849168
73,11.20504562533548,3.33467525496511,1.9256575415995705,6.300322061191626,36.00375738056898,,16.451959205582394,0.2952227589908749,1.3553408480944713,23.1280193236715
74,11.782071926999464,3.33467525496511,1.9256575415995705,6.273483628556092,35.61460010735373,,16.304347826086957,0.2952227589908749,1.5029522275899088,22.966988727858293
75,11.990069779924852,3.180354267310789,1.9256575415995705,6.5485775630703165,35.01073537305421,,16.183574879227052,0.2952227589908749,1.7176596886741815,23.14814814814815
76,12.29200214707461,3.180354267310789,1.9256575415995705,6.890767579173376,34.45383789586688,,16.814278046162105,0.27509393451422437,1.7042404723564144,22.463768115942027
77,12.701288244766506,3.180354267310789,1.9256575415995705,6.756575415995706,33.9975845410628,,14.418947933440688,0.27509393451422437,1.7042404723564144,25.0402576489533
78,13.425925925925926,3.166935050993022,1.9256575415995705,6.723027375201288,33.5077831454643,,14.298174986580785,0.27509393451422437,1.7042404723564144,24.973161567364468
79,14.63365539452496,3.166935050993022,2.7643585614600106,6.6760601180891035,32.991143317230275,,13.747987117552334,0.27509393451422437,1.7042404723564144,24.040526033279658
80,12.714707461084272,2.9924852388620504,2.2879763821792807,5.904455179817498,29.74369296833065,,12.285292538915728,0.27509393451422437,1.3888888888888888,32.407407407407405
81,13.47289318303811,2.9924852388620504,2.2074610842726785,5.730005367686527,29.562533548040793,,12.016908212560386,0.27509393451422437,1.3888888888888888,32.35373054213634
82,13.79495437466452,2.9790660225442833,2.1806226516371443,5.656199677938808,29.455179817498657,,11.98336017176597,0.2616747181964573,1.3754696725711217,32.31347289318304
83,14.143853998926463,2.9589371980676327,2.2745571658615136,5.542136339237788,29.354535695115406,,11.882716049382717,0.2616747181964573,1.3754696725711217,32.2061191626409
84,14.479334406870638,2.945517981749866,2.26784755770263,5.515297906602254,29.280730005367687,0.322061191626409,11.849168008588299,0.2616747181964573,1.3754696725711217,31.702898550724637
85,14.331723027375201,2.9388083735909825,2.4892646269457863,5.589103596349974,32.41411701556629,0.322061191626409,11.782071926999464,0.2616747181964573,0.7783145464304885,29.09286097691895
86,14.486044015029522,2.9388083735909825,1.8719806763285025,4.8443370907139025,33.65539452495974,0.322061191626409,12.560386473429952,0.2616747181964573,0.7783145464304885,28.28099838969404
87,14.935587761674718,2.9119699409554483,1.8719806763285025,4.824208266237251,33.5077831454643,0.322061191626409,12.506709608158884,0.2616747181964573,0.7783145464304885,28.079710144927535
88,15.257648953301127,2.9119699409554483,1.865271068169619,4.824208266237251,33.299785292538914,0.322061191626409,12.473161567364466,0.2616747181964573,0.7581857219538379,28.026033279656467
89,15.344873859366613,2.9119699409554483,1.865271068169619,4.824208266237251,33.2259796027912,0.322061191626409,12.446323134728932,0.2616747181964573,0.7581857219538379,28.039452495974235
90,15.593129361245303,2.7979066022544283,1.865271068169619,5.199946323134729,33.12533548040794,0.322061191626409,12.278582930756844,0.2616747181964573,0.7514761137949544,27.80461621041331
91,16.015834675254965,2.7979066022544283,2.328234031132582,5.273752012882448,32.427536231884055,0.322061191626409,12.278582930756844,0.2616747181964573,0.7179280730005367,27.576489533011273
92,16.344605475040257,2.7979066022544283,2.328234031132582,5.246913580246914,32.27321524422974,0.322061191626409,12.23161567364466,0.2616747181964573,0.7179280730005367,27.47584541062802
93,16.814278046162105,2.7979066022544283,2.2879763821792807,5.233494363929147,32.21953837895867,0.322061191626409,12.104133118625873,0.2616747181964573,0.7179280730005367,27.241009125067094
94,17.45169082125604,2.7979066022544283,2.2879763821792807,5.226784755770263,31.810252281266774,0.322061191626409,12.00348899624262,0.2616747181964573,0.7179280730005367,27.120236178207193
95,17.04911433172303,2.7979066022544283,2.2745571658615136,5.199946323134729,36.00375738056898,0.322061191626409,10.38647342995169,0.2616747181964573,0.6910896403650026,25.013419216317768
96,17.37788513150832,2.7979066022544283,2.2745571658615136,5.535426731078905,35.621309715512616,0.30864197530864196,10.272410091250672,0.2616747181964573,0.6910896403650026,24.859098228663445
97,17.579173376274827,2.7979066022544283,2.844873859366613,5.508588298443371,35.45356951154053,0.30864197530864196,10.158346752549651,0.2616747181964573,0.6910896403650026,24.396135265700483
98,17.693236714975846,2.7979066022544283,2.757648953301127,4.931561996779388,34.88996242619431,0.30864197530864196,9.091519055287172,0.2616747181964573,0.6776704240472357,26.590177133655395
99,18.015297906602253,2.791196994095545,2.7308105206655933,4.898013955984971,34.60144927536232,0.30864197530864196,9.091519055287172,0.2616747181964573,0.9460547504025765,26.35534084809447
100,18.095813204508858,2.7442297369833604,2.7106816961889426,4.884594739667204,35.929951690821255,0.10064412238325282,8.984165324745035,0.2616747181964573,0.9460547504025765,25.34219001610306
101,18.136070853462158,2.7442297369833604,4.7638217928073,3.8580246913580245,35.59447128287708,0.10064412238325282,8.930488459473967,0.2549651100375738,0.9460547504025765,24.671229200214707
102,18.531937734836287,2.7241009125067097,4.783950617283951,3.770799785292539,35.03086419753087,0.10064412238325282,10.68840579710145,0.2549651100375738,0.9259259259259259,23.18840579710145
103,18.21658615136876,2.7106816961889426,4.502147074610843,4.448470209339774,34.836285560923244,0.10064412238325282,9.809447128287708,0.2549651100375738,0.9192163177670424,24.20155662909286
104,15.250939345142244,2.690552871712292,2.147074610842727,3.280998389694042,34.024422973698336,0.10064412238325282,9.145195920558239,0.2549651100375738,0.8521202361782072,32.25308641975309
105,15.398550724637682,2.677133655394525,2.1269457863660763,3.2474503488996245,30.60252281266774,0.07380568974771873,11.782071926999464,0.2549651100375738,1.778046162104133,32.058507783145465
106,15.787707997852925,2.6704240472356413,2.1269457863660763,3.6500268384326353,30.07246376811594,0.07380568974771873,11.741814278046162,0.2549651100375738,1.778046162104133,31.843800322061192
107,16.324476650563607,2.6502952227589907,2.1135265700483092,3.6500268384326353,29.931561996779386,0.07380568974771873,11.714975845410628,0.2549651100375738,1.778046162104133,31.508319914117017
108,16.881374127750938,2.623456790123457,2.0933977455716586,3.6500268384326353,29.7638217928073,0.07380568974771873,11.647879763821793,0.2549651100375738,1.778046162104133,31.233225979602793
109,15.170424047235642,2.623456790123457,2.046430488459474,3.475577026301664,32.427536231884055,0.07380568974771873,11.540526033279656,0.2549651100375738,1.5767579173376274,30.810520665593128
110,15.552871712292003,2.623456790123457,2.046430488459474,3.4621578099838968,32.22624798711755,0.07380568974771873,11.480139559849706,0.2549651100375738,1.5767579173376274,30.703166935050994
111,16.170155662909288,2.5831991411701556,2.254428341384863,3.361513687600644,32.078636607622116,0.07380568974771873,11.43317230273752,0.2147074610842727,1.5499194847020934,30.280461621041333
112,16.814278046162105,2.5295222758990876,2.2410091250670963,3.3011272141706924,31.910896403650028,0.07380568974771873,11.325818572195384,0.2147074610842727,1.5499194847020934,30.038915727321523
113,17.143048845947398,2.5295222758990876,2.214170692431562,4.616210413311863,29.8040794417606,0.07380568974771873,13.023349436392914,0.2147074610842727,1.5297906602254427,28.85131508319914
114,17.438271604938272,2.5295222758990876,2.1806226516371443,4.616210413311863,29.61621041331186,0.07380568974771873,12.962962962962964,0.2147074610842727,1.5297906602254427,28.837895866881375
115,17.733494363929147,2.4691358024691357,2.1806226516371443,4.904723564143854,29.488727858293075,0.07380568974771873,12.76838432635534,0.2147074610842727,1.4895330112721417,28.67686527106817
116,18.14278046162104,2.4221685453569513,2.13365539452496,4.898013955984971,29.25389157273215,0.07380568974771873,12.76838432635534,0.2147074610842727,1.482823403113258,28.609769189479334
117,18.370907139023082,2.4221685453569513,2.13365539452496,4.871175523349437,29.1532474503489,0.07380568974771873,12.741545893719806,0.2147074610842727,1.482823403113258,28.535963499731615
118,18.800322061191626,2.4221685453569513,2.120236178207193,4.8443370907139025,29.066022544283413,0.07380568974771873,12.654320987654321,0.2147074610842727,1.442565754159957,28.361513687600645
119,19.129092860976918,2.4221685453569513,2.6972624798711755,4.757112184648417,28.5829307568438,0.07380568974771873,12.593934514224369,0.2147074610842727,1.442565754159957,28.08641975308642
120,19.28341384863124,2.4221685453569513,2.677133655394525,4.757112184648417,28.482286634460547,0.07380568974771873,11.75523349436393,0.03354804079441761,1.6035963499731616,28.911701556629094
121,19.102254428341386,2.4221685453569513,2.657004830917874,4.74369296833065,29.24718196457327,0.07380568974771873,11.674718196457327,0.03354804079441761,1.6035963499731616,28.442028985507246
122,19.6256038647343,2.4221685453569513,2.657004830917874,4.723564143853999,29.052603327965645,0.07380568974771873,11.621041331186259,0.03354804079441761,1.7914653784219001,27.999194847020934
123,20.182501341921633,2.4221685453569513,2.6435856146001075,4.7101449275362315,28.75738056897477,0.07380568974771873,11.560654857756306,0.03354804079441761,1.7847557702630166,27.831454643048847
124,17.995169082125603,2.314814814814815,2.0263016639828235,2.6502952227589907,38.466183574879224,0.07380568974771873,8.407139023081053,0.03354804079441761,1.8048845947396672,26.227858293075684
125,19.444444444444443,2.314814814814815,1.9927536231884058,2.5295222758990876,37.29200214707461,0.07380568974771873,8.494363929146537,0.03354804079441761,1.7646269457863661,26.060118089103597
126,19.652442297369834,2.2074610842726785,1.9927536231884058,2.5295222758990876,36.8894256575416,0.07380568974771873,9.078099838969404,0.03354804079441761,1.737788513150832,25.805152979066023
127,20.135534084809446,2.2074610842726785,1.9726247987117553,2.49597423510467,36.553945249597426,0.07380568974771873,9.057971014492754,0.03354804079441761,2.073268921095008,25.39586688137413
128,20.74610842726785,2.2074610842726785,1.9726247987117553,2.6972624798711755,36.171497584541065,0.07380568974771873,8.80300590445518,0.03354804079441761,2.01959205582394,25.275093934514224
129,21.490874932903917,2.2074610842726785,2.2879763821792807,2.61003757380569,35.527375201288244,0.026838432635534086,8.648684916800859,0.03354804079441761,2.01959205582394,25.147611379495437
130,22.148416532474503,2.2074610842726785,2.26784755770263,2.6033279656468062,35.07112184648417,0.026838432635534086,8.581588835212024,0.03354804079441761,2.01959205582394,25.0402576489533
131,22.14170692431562,2.2074610842726785,2.5496511003757383,2.6033279656468062,34.95034889962426,0.026838432635534086,8.501073537305421,0.03354804079441761,1.9927536231884058,24.993290391841118
132,22.356414385399894,2.2074610842726785,2.5496511003757383,2.5697799248523885,34.82957595276436,0.026838432635534086,8.487654320987655,0.03354804079441761,1.9927536231884058,24.94632313472893
133,22.987117552334944,2.2074610842726785,2.5496511003757383,2.5697799248523885,34.54777241009125,0.026838432635534086,8.232689210950081,0.03354804079441761,1.9927536231884058,24.852388620504563
134,23.429951690821255,2.200751476113795,2.5295222758990876,2.5295222758990876,33.99087493290392,0.026838432635534086,8.179012345679013,0.03354804079441761,2.2611379495437465,24.818840579710145
135,23.845947396672035,2.187332259796028,2.5295222758990876,2.522812667740204,33.76945786366076,0.026838432635534086,8.152173913043478,0.03354804079441761,2.2410091250670963,24.691358024691358
136,23.70504562533548,2.187332259796028,2.5295222758990876,3.784219001610306,32.749597423510465,0.026838432635534086,8.152173913043478,0.03354804079441761,2.2410091250670963,24.590713902308106
137,23.852657004830917,2.187332259796028,2.4892646269457863,3.770799785292539,32.56172839506173,0.026838432635534086,8.447396672034353,0.03354804079441761,2.2342995169082127,24.396135265700483
138,20.081857219538378,14.40552871712292,2.2208803005904456,3.026033279656468,31.36070853462158,,9.789318303811058,0.03354804079441761,2.2208803005904456,16.861245303274288
139,20.517981749865807,14.338432635534085,2.2208803005904456,2.985775630703167,31.105743424584006,,9.728931830381105,0.03354804079441761,2.2208803005904456,16.847826086956523
140,20.9272678475577,14.318303811057435,2.368491680085883,2.985775630703167,30.756843800322063,,9.702093397745571,0.03354804079441761,2.1940418679549114,16.71363392377885
141,21.591519055287172,14.257917337627482,2.3550724637681157,3.2340311325818574,30.421363392377884,,9.675254965110037,0.03354804079441761,2.1940418679549114,16.23725174449812
142,21.980676328502415,14.029790660225443,2.3550724637681157,3.2675791733762747,30.233494363929147,,9.675254965110037,0.03354804079441761,2.1940418679549114,16.23054213633924
143,19.920826623725173,13.976113794954374,2.1940418679549114,3.2340311325818574,36.02388620504563,,9.125067096081589,0.03354804079441761,2.01959205582394,13.47289318303811
144,20.658883521202362,13.935856146001074,2.1739130434782608,3.2206119162640903,35.74208266237252,,8.883521202361782,0.03354804079441761,2.006172839506173,13.345410628019323
145,20.90042941492217,13.875469672571121,2.1739130434782608,3.2206119162640903,35.61460010735373,,8.849973161567364,0.03354804079441761,1.9994632313472893,13.331991411701557
146,20.88030059044552,13.862050456253355,2.167203435319377,4.334406870638754,35.44015029522276,,8.82313472893183,0.03354804079441761,1.9927536231884058,12.466451959205582
147,21.202361782071925,13.841921631776705,2.1403650026838434,4.30756843800322,35.28582930756844,,8.816425120772946,0.03354804079441761,1.9927536231884058,12.379227053140097
148,21.20907139023081,13.103864734299517,2.0128824476650564,4.274020397208803,37.34567901234568,,8.789586688137414,0.03354804079441761,1.9793344068706387,11.252012882447666
149,21.66532474503489,13.070316693505099,2.0128824476650564,4.260601180891036,37.084004294149224,,8.756038647342995,0.03354804079441761,1.9659151905528718,11.151368760064413
150,21.900161030595815,12.117552334943639,1.9726247987117553,5.60252281266774,36.64787976382179,,8.702361782071927,0.03354804079441761,1.9524959742351047,11.07085346215781
151,22.363123993558776,11.916264090177133,1.7981749865807837,5.555555555555555,35.78234031132582,,9.681964573268921,0.03354804079441761,1.9524959742351047,10.916532474503489
152,22.5577026301664,11.896135265700483,2.0531400966183573,5.481749865807837,35.621309715512616,,9.648416532474503,0.03354804079441761,1.9390767579173376,10.768921095008052
153,20.477724100912507,9.608158883521202,3.864734299516908,5.360976918947934,33.581588835212024,,8.601717659688674,0.03354804079441761,1.892109500805153,16.57944176060118
154,20.73268921095008,8.501073537305421,3.851315083199141,5.3341384863123995,33.52120236178207,,9.977187332259795,0.03354804079441761,1.8786902844873858,16.170155662909288
155,21.16881374127751,8.480944712828771,3.8177670424047236,5.273752012882448,33.299785292538914,,9.903381642512077,0.03354804079441761,1.8786902844873858,16.14331723027375
156,20.564949006977994,8.440687063875469,3.8177670424047236,5.488459473966721,34.66183574879227,,9.50751476113795,0.03354804079441761,1.6774020397208802,15.807836822329575
157,21.034621578099838,8.387010198604402,3.8177670424047236,5.481749865807837,34.42699946323135,,9.480676328502415,0.03354804079441761,1.6639828234031133,15.673644659151906
158,21.557971014492754,7.957595276435856,3.7909286097691894,5.756843800322061,34.21229200214707,,9.480676328502415,0.03354804079441761,1.6639828234031133,15.546162104133119
159,22.061191626409016,7.957595276435856,3.7640901771336552,5.71658615136876,33.964036500268385,,9.39345142243693,0.03354804079441761,1.6639828234031133,15.445517981749866
160,22.530864197530864,7.877079978529254,3.7372517444981215,5.803811057434245,33.63526570048309,,9.333064949006978,0.03354804079441761,1.6639828234031133,15.385131508319914
161,22.71202361782072,7.87037037037037,3.7037037037037037,5.783682232957595,33.561460010735374,,9.286097691894794,0.03354804079441761,1.6639828234031133,15.385131508319914
162,23.2085346215781,7.836822329575953,3.7037037037037037,5.776972624798712,33.279656468062264,,9.192163177670425,0.03354804079441761,1.6438539989264627,15.324745034889963
163,22.5577026301664,7.796564680622652,4.106280193236715,5.723295759527644,30.85077831454643,,9.138486312399356,0.03354804079441761,1.5901771336553945,18.203166935050994
164,22.69189479334407,7.548309178743962,4.636339237788513,5.609232420826624,30.73671497584541,,9.098228663446054,0.03354804079441761,1.5901771336553945,18.055555555555557
165,23.081052066559312,7.521470746108427,4.609500805152979,5.535426731078905,30.50187869028449,,9.098228663446054,0.03354804079441761,1.5767579173376274,18.04213633923779
166,23.396403650026837,7.467793880837359,4.5893719806763285,5.495169082125604,30.461621041331185,,9.078099838969404,0.03354804079441761,1.5767579173376274,17.901234567901234
167,23.2487922705314,7.440955448201825,4.502147074610843,5.46833064949007,27.811325818572197,,9.037842190016104,0.03354804079441761,1.5767579173376274,20.88030059044552
168,23.879495437466453,7.4141170155662905,4.502147074610843,5.4549114331723025,27.677133655394524,,8.756038647342995,0.03354804079441761,1.5767579173376274,20.705850778314545
169,24.013687600644122,7.4141170155662905,4.502147074610843,5.374396135265701,27.20746108427268,,11.064143853998926,0.03354804079441761,1.5633387010198605,18.82716049382716
170,24.302200751476114,7.37385936661299,4.502147074610843,5.35426731078905,27.160493827160494,,10.963499731615673,0.03354804079441761,1.5432098765432098,18.766774020397207
171,24.48336017176597,7.37385936661299,4.502147074610843,5.340848094471283,27.006172839506174,,10.963499731615673,0.03354804079441761,1.5432098765432098,18.753354804079443
172,24.84567901234568,7.320182501341922,4.441760601180891,5.562265163714439,26.939076757917338,,10.903113258185721,0.0067096081588835215,1.5432098765432098,18.438003220611915
173,24.765163714439076,7.320182501341922,4.394793344068707,5.340848094471283,26.174181427804616,,10.903113258185721,0.0067096081588835215,1.5432098765432098,19.55179817498658
174,25.49651100375738,7.206119162640902,4.394793344068707,5.3341384863123995,25.91250670960816,,10.829307568438002,0.0067096081588835215,1.5432098765432098,19.276704240472355
175,25.6105743424584,6.937734836285561,4.669887278582931,5.562265163714439,25.744766505636072,,10.648148148148149,0.0067096081588835215,1.5432098765432098,19.276704240472355
176,25.791733762748255,6.9243156199677935,4.669887278582931,5.562265163714439,25.670960815888353,0.17444981213097155,10.57434245840043,0.0067096081588835215,1.5432098765432098,19.082125603864736
177,26.019860440150296,6.884057971014493,4.562533548040794,5.528717122920021,25.623993558776167,0.17444981213097155,10.768921095008052,0.0067096081588835215,1.5432098765432098,18.887546967257112
178,26.38888888888889,6.857219538378959,4.53569511540526,5.495169082125604,25.5300590445518,0.17444981213097155,10.72866344605475,0.0067096081588835215,1.5297906602254427,18.753354804079443
179,26.690821256038646,6.857219538378959,4.528985507246377,5.46833064949007,25.214707461084274,0.17444981213097155,11.057434245840042,0.0067096081588835215,1.3888888888888888,18.612453032742888
180,26.898819108964037,6.823671497584541,4.51556629092861,5.46833064949007,25.13419216317767,0.17444981213097155,11.057434245840042,0.0067096081588835215,1.3687600644122384,18.552066559312937
181,27.502683843263554,6.763285024154589,4.508856682769726,5.4549114331723025,24.751744498121308,0.17444981213097155,10.856146001073537,0.0067096081588835215,1.5365002683843263,18.4447128287708
182,27.75764895330113,6.756575415995706,4.4820182501341925,5.414653784219001,24.570585077831456,0.17444981213097155,11.178207192699947,0.0067096081588835215,1.5297906602254427,18.129361245303276
183,28.093129361245303,6.736446591519055,4.4820182501341925,5.347557702630167,24.44981213097155,0.17444981213097155,11.124530327428879,0.0067096081588835215,1.5230810520665594,18.06226516371444
184,28.348094471282877,6.66935050993022,4.4753086419753085,5.340848094471283,24.376006441223833,0.17444981213097155,11.077563070316694,0.0067096081588835215,1.5230810520665594,18.00858829844337
185,28.099838969404185,6.66935050993022,4.461889425657541,5.340848094471283,23.852657004830917,0.17444981213097155,12.037037037037036,0.0067096081588835215,1.4559849704777241,17.901234567901234
186,28.227321524422972,6.642512077294686,4.428341384863124,6.199677938808374,23.8191089640365,0.17444981213097155,11.808910359634996,0.0067096081588835215,1.442565754159957,17.250402576489535
187,28.421900161030596,6.642512077294686,4.38137412775094,6.481481481481482,23.51046698872786,0.17444981213097155,11.808910359634996,0.0067096081588835215,1.442565754159957,17.12962962962963
188,28.388352120236178,6.582125603864735,4.367954911433173,6.481481481481482,23.289049919484704,0.07380568974771873,11.75523349436393,0.0067096081588835215,1.442565754159957,17.612721417069242
189,29.11969940955448,6.528448738593666,4.3545356951154055,6.4412238325281805,23.201825013419217,0.07380568974771873,11.688137412775093,0.0067096081588835215,1.442565754159957,17.143048845947398
190,29.341116478797638,6.528448738593666,4.334406870638754,6.427804616210413,23.067632850241544,0.07380568974771873,11.56736446591519,0.13419216317767044,1.442565754159957,17.082662372517444
191,29.53569511540526,6.528448738593666,4.314278046162104,6.394256575415996,23.00053676865271,0.07380568974771873,11.533816425120772,0.13419216317767044,1.4358561460010735,17.04911433172303
192,29.7638217928073,6.481481481481482,4.30756843800322,6.374127750939345,22.966988727858293,0.07380568974771873,11.52710681696189,0.13419216317767044,1.4358561460010735,16.935050993022006
193,30.01207729468599,6.454643048845948,4.300858829844337,6.320450885668277,22.879763821792807,0.07380568974771873,11.520397208803006,0.13419216317767044,1.42914653784219,16.874664519592056
194,30.12614063338701,6.4345142243692965,4.280730005367687,6.5552871712292005,22.69860440150295,0.07380568974771873,11.480139559849706,0.13419216317767044,1.42914653784219,16.78743961352657
195,30.88432635534085,6.407675791733762,4.280730005367687,6.387546967257112,22.262479871175522,0.07380568974771873,11.406333870101985,0.13419216317767044,1.42914653784219,16.7337627482555
196,30.770263016639827,5.958132045088567,4.703435319377348,6.286902844873859,21.732420826623724,0.07380568974771873,11.3593666129898,0.13419216317767044,1.288244766505636,17.693236714975846
197,30.709876543209877,5.958132045088567,5.481749865807837,6.078904991948471,21.571390230810522,0.06709608158883522,11.151368760064413,0.08051529790660225,1.2681159420289856,17.632850241545892
198,31.04535695115405,5.924584004294149,5.475040257648954,6.045356951154052,21.40365002683843,0.06709608158883522,11.097691894793345,0.08051529790660225,1.2681159420289856,17.59259259259259
199,31.092324208266238,5.924584004294149,5.407944176060118,6.045356951154052,21.36339237788513,0.06709608158883522,11.379495437466453,0.08051529790660225,1.2681159420289856,17.371175523349436
200,31.34728931830381,5.924584004294149,5.381105743424584,6.038647342995169,21.26274825550188,0.06709608158883522,11.305689747718732,0.08051529790660225,1.2681159420289856,17.324208266237253
201,31.4747718733226,5.703166935050993,5.367686527106817,6.166129898013956,21.068169618894256,0.06709608158883522,11.688137412775093,0.08051529790660225,1.2681159420289856,17.11621041331186
202,32.15915190552872,5.589103596349974,5.179817498658078,6.239935587761675,20.77294685990338,0.06709608158883522,11.654589371980677,0.04696725711218465,1.2345679012345678,17.05582393988191
203,32.326892109500804,5.495169082125604,5.179817498658078,6.226516371443908,20.725979602791195,0.06709608158883522,11.647879763821793,0.04696725711218465,1.2345679012345678,17.04911433172303
204,32.35373054213634,5.4616210413311865,5.025496511003757,6.112453032742888,20.517981749865807,0.06709608158883522,12.177938808373591,0.04696725711218465,1.2345679012345678,17.002147074610843
205,32.82340311325819,5.448201825013419,5.005367686527107,5.958132045088567,20.477724100912507,0.06709608158883522,12.151100375738057,0.04696725711218465,1.2345679012345678,16.78743961352657
206,33.319914117015564,5.448201825013419,4.998658078368224,5.938003220611916,20.343531937734838,0.06709608158883522,12.130971551261407,0.04696725711218465,1.2345679012345678,16.472088030059044
207,33.52120236178207,5.448201825013419,4.9718196457326895,5.931293612453032,20.075147611379496,0.06709608158883522,12.084004294149223,0.04696725711218465,1.4694041867954912,16.384863123993558
208,33.702361782071925,5.394524959742351,4.958400429414922,5.924584004294149,20.068438003220614,0.06709608158883522,12.02361782071927,0.04696725711218465,1.4694041867954912,16.344605475040257
209,33.923778851315085,5.387815351583468,4.958400429414922,5.844068706387547,20.021470746108427,0.06709608158883522,11.976650563607086,0.04696725711218465,1.4626945786366077,16.31105743424584
210,34.07809983896941,5.387815351583468,4.938271604938271,5.83064949006978,19.994632313472895,0.06709608158883522,11.936392914653783,0.04696725711218465,1.4626945786366077,16.25738056897477
211,34.25925925925926,5.387815351583468,4.911433172302737,5.8172302737520125,19.900697799248523,0.06709608158883522,11.936392914653783,0.04696725711218465,1.4626945786366077,16.210413311862588
212,34.4068706387547,5.381105743424584,4.911433172302737,5.790391841116479,19.867149758454108,0.06709608158883522,11.889425657541599,0.04696725711218465,1.4358561460010735,16.203703703703702
213,34.272678475577024,5.381105743424584,4.4820182501341925,6.105743424584004,19.786634460547504,0.06709608158883522,12.070585077831455,0.04696725711218465,1.4358561460010735,16.35131508319914
214,34.45383789586688,5.367686527106817,4.4820182501341925,6.3070316693505095,19.592055823939884,0.06709608158883522,12.02361782071927,0.04696725711218465,1.42914653784219,16.23054213633924
215,34.19887278582931,5.314009661835748,4.206924315619967,6.575415995705851,19.390767579173378,0.06709608158883522,12.573805689747719,0.04696725711218465,1.3955984970477724,16.23054213633924
216,34.43370907139023,5.226784755770263,4.206924315619967,6.575415995705851,19.343800322061192,0.06709608158883522,12.473161567364466,0.04696725711218465,1.3955984970477724,16.23054213633924
217,35.11137949543747,5.186527106816962,4.025764895330113,6.528448738593666,19.316961889425656,0.06709608158883522,12.25174449812131,0.04696725711218465,1.3888888888888888,16.076221148684915
218,35.73537305421363,5.186527106816962,4.025764895330113,6.515029522275899,19.229736983360173,0.06709608158883522,12.171229200214707,0.04696725711218465,1.3821792807300053,15.640096618357488
219,36.05072463768116,5.139559849704777,4.025764895330113,6.4345142243692965,19.176060118089104,0.06709608158883522,12.104133118625873,0.040257648953301126,1.3821792807300053,15.579710144927537
220,34.92351046698873,5.139559849704777,3.978797638217928,6.380837359098229,21.309715512614062,0.04696725711218465,12.104133118625873,0.040257648953301126,1.3150831991411702,14.761137949543746
221,35.08454106280193,5.032206119162641,4.126409017713366,6.353998926462695,21.22920021470746,0.04696725711218465,12.06387546967257,0.040257648953301126,1.3150831991411702,14.707461084272678
222,35.35963499731616,5.032206119162641,4.119699409554482,6.347289318303811,21.16881374127751,0.04696725711218465,11.963231347289318,0.040257648953301126,1.2815351583467525,14.640365002683843
223,35.648148148148145,5.01207729468599,4.086151368760064,6.273483628556092,21.07487922705314,0.04696725711218465,11.922973698336017,0.040257648953301126,1.2681159420289856,14.626945786366075
224,35.91653247450349,4.985238862050457,4.066022544283414,6.273483628556092,20.90042941492217,0.04696725711218465,11.889425657541599,0.040257648953301126,1.2681159420289856,14.61352657004831
225,36.03730542136339,4.985238862050457,4.066022544283414,6.239935587761675,20.860171765968868,0.04696725711218465,11.849168008588299,0.040257648953301126,1.2681159420289856,14.606816961889425
226,36.2385936661299,4.985238862050457,4.066022544283414,6.213097155126141,20.71256038647343,0.04696725711218465,11.66129898013956,0.040257648953301126,1.1876006441223832,14.848362855609233
227,36.34594739667203,4.985238862050457,4.066022544283414,6.213097155126141,20.645464304884594,0.04696725711218465,11.621041331186259,0.040257648953301126,1.1876006441223832,14.848362855609233
228,36.580783682232955,4.985238862050457,4.03918411164788,6.152710681696189,20.571658615136876,0.04696725711218465,11.574074074074074,0.040257648953301126,1.1741814278046163,14.834943639291465
229,36.44659151905529,4.944981213097155,4.435050993022007,6.246645195920558,20.44417606011809,0.04696725711218465,11.460010735373054,0.040257648953301126,1.1674718196457328,14.76784755770263
230,36.66800858829844,4.944981213097155,4.676596886741814,6.239935587761675,20.169082125603865,0.04696725711218465,11.3191089640365,0.040257648953301126,1.1607622114868492,14.734299516908212
