,45,50,51,55,54,52,53,56,58,57
0,89.17740203972087,10.82259796027912,,,,,,,,
1,88.82179280730006,11.178207192699947,,,,,,,,
2,82.88378958668814,11.741814278046162,5.2066559312936125,0.16774020397208803,,,,,,
3,69.81347289318303,24.892646269457863,5.12614063338701,0.16774020397208803,,,,,,
4,70.12211486849168,24.456521739130434,5.072463768115942,0.3488996242619431,,,,,,
5,68.00187869028449,26.48953301127214,5.072463768115942,0.43612453032742887,,,,,,
6,64.63365539452496,29.857756307031668,4.985238862050457,0.43612453032742887,0.08722490606548577,,,,,
7,62.32555018786903,31.28690284487386,4.951690821256038,0.43612453032742887,0.36231884057971014,0.6374127750939346,,,,
8,60.91653247450349,32.74288781535159,4.924852388620504,0.41599570585077833,0.36231884057971014,0.6374127750939346,,,,
9,52.75093934514224,33.41384863123994,12.775093934514224,0.08722490606548577,0.36231884057971014,0.6105743424584005,,,,
10,47.698604401502955,38.459473966720346,12.553676865271068,0.15432098765432098,0.36231884057971014,0.6105743424584005,0.1610305958132045,,,
11,47.155126140633385,37.60735373054214,9.158615136876007,0.15432098765432098,0.20799785292538917,3.670155662909286,0.5032206119162641,1.5432098765432098,,
12,47.40338164251208,37.21148684916801,8.964036500268385,0.30864197530864196,0.32877079978529256,3.6500268384326353,0.5904455179817498,1.5432098765432098,,
13,45.7259796027912,35.42002147074611,12.76838432635534,0.2214170692431562,0.12077294685990338,3.6366076221148687,0.5904455179817498,1.5163714439076759,,
14,43.29710144927536,35.02415458937198,15.53274288781535,0.33548040794417605,0.12077294685990338,3.5829307568438002,0.5904455179817498,1.3955984970477724,0.12077294685990338,
15,36.83574879227053,28.858024691358025,27.911969940955448,0.33548040794417605,0.20799785292538917,3.784219001610306,0.5501878690284487,1.3955984970477724,0.12077294685990338,
16,34.92351046698873,24.65780998389694,35.53408480944713,0.4562533548040794,0.08722490606548577,2.1739130434782608,2.0933977455716586,0.07380568974771873,,
17,34.84299516908212,29.025764895330113,30.99838969404187,0.5032206119162641,0.08722490606548577,2.2946859903381642,2.0933977455716586,0.15432098765432098,,
18,34.76918947933441,28.388352120236178,31.280193236714975,0.35560923242082665,0.8655394524959742,2.0933977455716586,2.0933977455716586,0.15432098765432098,,
19,33.360171765968865,27.831454643048847,32.90391841116479,0.35560923242082665,0.8655394524959742,1.9994632313472893,2.1806226516371443,0.5032206119162641,,
20,33.42055823939882,27.596618357487923,31.99141170155663,1.6505636070853462,0.8387010198604401,1.9524959742351047,2.1068169618894257,0.4428341384863124,,
21,32.789855072463766,23.731884057971016,31.810252281266774,1.6103059581320451,0.8387010198604401,8.608427267847558,0.18115942028985507,0.4294149221685454,,
22,32.26650563607085,22.953569511540525,28.08641975308642,4.052603327965647,0.785024154589372,11.245303274288782,0.18115942028985507,0.4294149221685454,,
23,32.55501878690284,22.805958132045088,28.046162104133117,4.019055287171229,0.7783145464304885,11.18491680085883,0.18115942028985507,0.4294149221685454,,
24,32.60198604401503,22.396672034353195,25.43612453032743,3.770799785292539,0.7783145464304885,14.479334406870638,0.18115942028985507,0.35560923242082665,,
25,32.99785292538916,22.302737520128826,24.765163714439076,3.911701556629093,1.2278582930756843,14.257917337627482,0.18115942028985507,0.35560923242082665,,
26,33.45410628019324,20.142243692968332,24.537037037037038,3.9049919484702094,1.2144390767579174,16.129898013955984,0.18115942028985507,0.35560923242082665,,0.08051529790660225
27,34.19887278582931,19.981213097155127,23.899624261943103,3.844605475040258,1.5297906602254427,15.794417606011809,0.18115942028985507,0.48980139559849706,,0.08051529790660225
28,34.21229200214707,19.97450348899624,22.82608695652174,2.7241009125067097,1.221148684916801,18.391035963499732,0.18115942028985507,0.35560923242082665,,0.11406333870101985
29,34.25925925925926,19.79334406870639,27.167203435319376,2.690552871712292,0.8856682769726248,14.61352657004831,0.18115942028985507,0.4092860976918948,,
30,34.86312399355877,19.6256038647343,26.912238325281802,2.690552871712292,0.8856682769726248,14.432367149758454,0.18115942028985507,0.4092860976918948,,
31,32.118894256575416,22.457058507783145,25.107353730542137,1.8115942028985508,0.8990874932903918,16.06280193236715,1.0198604401502953,0.3824476650563607,,0.14090177133655393
32,32.74288781535159,22.497316156736446,24.718196457326894,1.7646269457863661,0.8990874932903918,15.848094471282877,1.0064412238325282,0.3824476650563607,,0.14090177133655393
33,33.06494900697799,22.27589908749329,24.402844873859365,1.9122383252818036,0.8856682769726248,15.150295222758992,1.0064412238325282,0.7917337627482555,,0.5099302200751477
34,32.80327428878154,21.511003757380568,18.746645195920557,1.90552871712292,0.8722490606548577,22.148416532474503,0.9997316156736447,0.5636070853462157,,0.4495437466451959
35,32.30005367686527,20.954106280193237,20.162372517444982,2.0128824476650564,1.2144390767579174,21.215780998389693,1.1272141706924315,0.5636070853462157,,0.4495437466451959
36,32.971014492753625,20.7662372517445,19.880568974771872,1.9994632313472893,1.2144390767579174,21.041331186258724,1.1272141706924315,0.5501878690284487,,0.4495437466451959
37,33.47423510466989,20.705850778314545,19.343800322061192,1.9592055823939882,1.2412775093934514,20.873590982286636,1.1137949543746646,0.8387010198604401,,0.4495437466451959
38,31.42109500805153,20.128824476650564,27.677133655394524,1.9457863660762211,1.2345679012345678,15.438808373590982,1.1137949543746646,0.5099302200751477,,0.5300590445517982
39,31.776704240472355,20.189210950080515,27.106816961889425,2.2410091250670963,1.2345679012345678,15.096618357487923,1.1137949543746646,0.5099302200751477,,0.7313472893183038
40,26.455984970477726,31.233225979602793,26.717659688674182,2.49597423510467,1.0332796564680622,10.63472893183038,0.3153515834675255,0.5099302200751477,,0.6038647342995169
41,26.643853998926463,31.34728931830381,24.872517444981213,2.4892646269457863,2.7308105206655933,10.527375201288244,0.3153515834675255,0.46967257112184646,,0.6038647342995169
42,25.959473966720342,32.1256038647343,24.651100375738057,2.6033279656468062,2.8381642512077296,10.433440687063875,0.3153515834675255,0.46967257112184646,,0.6038647342995169
43,26.147342995169083,31.93773483628556,24.54374664519592,2.677133655394525,2.9388083735909825,10.379763821792807,0.3153515834675255,0.46967257112184646,,0.5904455179817498
44,26.663982823403114,31.756575415995705,24.261943102522814,2.717391304347826,2.885131508319914,10.258990874932904,0.3153515834675255,0.5501878690284487,,0.5904455179817498
45,27.046430488459475,31.280193236714975,23.95330112721417,2.8515834675254963,2.871712292002147,10.272410091250672,0.3153515834675255,0.8185721953837896,,0.5904455179817498
46,27.522812667740205,30.636070853462158,23.68491680085883,3.0730005367686526,2.965646806226516,10.393183038110575,0.3153515834675255,0.8185721953837896,,0.5904455179817498
47,28.005904455179817,30.26033279656468,23.389694041867955,3.280998389694042,2.85829307568438,10.265700483091788,0.3153515834675255,0.9728931830381106,,0.6508319914117016
48,28.415190552871714,30.018786902844873,23.1280193236715,3.4017713365539453,2.85829307568438,9.903381642512077,0.3153515834675255,1.0735373054213635,,0.8856682769726248
49,28.723832528180353,29.260601180891037,22.966988727858293,3.3145464304884595,3.629898013955985,9.829575952764358,0.3153515834675255,1.0735373054213635,,0.8856682769726248
50,29.49543746645196,28.683574879227052,22.65834675254965,3.3950617283950617,3.7640901771336552,9.762479871175524,0.3153515834675255,1.0399892646269457,,0.8856682769726248
51,29.025764895330113,28.119967793880836,18.82716049382716,3.2742887815351582,3.180354267310789,15.136876006441224,0.5032206119162641,1.3620504562533549,,0.5703166935050993
52,26.496242619431026,24.14117015566291,26.476113794954376,3.1602254428341383,2.3550724637681157,14.841653247450349,0.6642512077294686,1.3016639828234031,,0.5636070853462157
53,25.85212023617821,22.886473429951693,26.187600644122384,3.1333870101986045,2.314814814814815,17.196725711218466,0.6374127750939346,1.2278582930756843,,0.5636070853462157
54,26.516371443907676,22.73886205045625,25.959473966720342,3.079710144927536,2.281266774020397,17.042404723564143,0.6038647342995169,1.2144390767579174,,0.5636070853462157
55,26.878690284487387,22.604669887278583,25.234836285560924,3.0059044551798175,2.254428341384863,16.398282340311326,1.8585614600107354,1.2144390767579174,,0.5501878690284487
56,27.220880300590444,22.342995169082126,24.89935587761675,3.280998389694042,2.5563607085346214,16.06280193236715,1.8384326355340848,1.288244766505636,,0.5099302200751477
57,27.2812667740204,22.094739667203434,23.74530327428878,3.3413848631239937,2.5563607085346214,17.391304347826086,1.7914653784219001,1.288244766505636,,0.5099302200751477
58,24.953032742887814,27.435587761674718,23.463499731615673,3.307836822329576,2.1940418679549114,15.170424047235642,1.737788513150832,1.288244766505636,,0.4495437466451959
59,25.301932367149757,27.012882447665056,23.2487922705314,3.5628019323671496,2.6838432635534084,14.88191089640365,1.7310789049919484,1.2815351583467525,,0.2952227589908749
60,25.925925925925927,26.670692431561996,23.181696188942567,3.5628019323671496,2.6637144390767578,14.741009125067096,1.7176596886741815,1.2412775093934514,,0.2952227589908749
61,26.080246913580247,26.570048309178745,23.101180891035963,3.6097691894793345,2.5563607085346214,14.593397745571659,1.9524959742351047,1.2412775093934514,,0.2952227589908749
62,25.664251207729468,25.811862587224905,24.55716586151369,3.69699409554482,2.657004830917874,14.251207729468598,1.8518518518518519,1.2144390767579174,,0.2952227589908749
63,24.993290391841118,26.82501341921632,24.4296833064949,3.643317230273752,2.657004830917874,14.190821256038648,1.7646269457863661,1.2010198604401503,,0.2952227589908749
64,25.167740203972087,26.623725174449813,24.18142780461621,3.6366076221148687,2.703972088030059,14.110305958132045,2.0799785292538915,1.2010198604401503,,0.2952227589908749
65,24.838969404186795,26.46940418679549,23.34272678475577,3.851315083199141,2.690552871712292,15.411969940955448,2.0799785292538915,1.1205045625335481,,0.19457863660762212
66,24.88593666129898,26.261406333870102,22.779119699409556,3.0595813204508855,2.657004830917874,16.404991948470208,2.0531400966183573,1.402308105206656,,0.49651100375738055
67,25.214707461084274,25.93263553408481,22.04777241009125,3.026033279656468,2.6301663982823404,17.12962962962963,2.120236178207193,1.402308105206656,,0.49651100375738055
68,25.738056897477186,25.704508856682768,21.638486312399355,3.0193236714975846,2.6301663982823404,16.968599033816425,2.408749329039184,1.402308105206656,,0.48980139559849706
69,24.63768115942029,21.826355340848096,30.07246376811594,2.7844873859366612,1.8183038110574343,13.88888888888889,2.24771873322598,2.167203435319377,,0.5568974771873323
70,25.181159420289855,21.591519055287172,29.502147074610843,2.7643585614600106,1.7042404723564144,14.002952227589908,2.2410091250670963,2.4557165861513686,,0.5568974771873323
71,25.637412775093935,21.296296296296298,29.166666666666668,2.7106816961889426,1.7914653784219001,13.895598497047773,2.3752012882447664,2.5831991411701556,,0.5434782608695652
72,26.093666129898015,21.14868491680086,28.743961352657006,2.85829307568438,1.7646269457863661,13.935856146001074,2.3483628556092326,2.563070316693505,,0.5434782608695652
73,26.757917337627482,20.840042941492218,28.27428878153516,3.012614063338701,1.9122383252818036,13.788244766505636,2.314814814814815,2.5563607085346214,,0.5434782608695652
74,24.322329575952764,18.357487922705314,38.16425120772947,2.395330112721417,1.570048309178744,10.628019323671497,1.9524959742351047,2.1403650026838434,,0.46967257112184646
75,23.97342995169082,16.881374127750938,39.98926462694579,2.6435856146001075,1.556629092860977,10.25228126677402,1.9457863660762211,2.1403650026838434,,0.6172839506172839
76,24.436392914653783,16.834406870638755,39.44578636607622,2.61003757380569,1.556629092860977,10.426731078904991,1.9457863660762211,2.1403650026838434,,0.6038647342995169
77,25.067096081588836,16.35131508319914,39.02308105206656,3.066290928609769,1.6170155662909287,10.238862050456254,1.9457863660762211,2.086688137412775,,0.6038647342995169
78,24.731615673644658,16.23725174449812,37.19135802469136,5.387815351583468,1.724369296833065,9.96376811594203,1.932367149758454,2.227589908749329,,0.6038647342995169
79,23.67149758454106,13.271604938271604,43.08910359634997,4.569243156199678,1.442565754159957,9.057971014492754,2.073268921095008,2.227589908749329,,0.5971551261406334
80,22.269189479334408,12.439613526570048,42.15646806226516,4.51556629092861,1.3687600644122384,13.264895330112722,1.737788513150832,1.8518518518518519,,0.39586688137412773
81,22.779119699409556,12.426194310252281,41.84782608695652,4.166666666666667,1.3687600644122384,13.157541599570585,1.737788513150832,1.9994632313472893,0.1274825550187869,0.38915727321524424
82,23.597691894793343,12.399355877616747,41.317767042404725,4.03918411164788,1.3150831991411702,13.030059044551798,1.724369296833065,2.0799785292538915,0.10735373054213634,0.38915727321524424
83,24.288781535158346,12.258454106280194,40.64009661835749,4.139828234031133,1.442565754159957,12.815351583467525,1.724369296833065,2.0799785292538915,0.10735373054213634,0.5032206119162641
84,24.9194847020934,12.198067632850242,40.15700483091788,4.320987654320987,1.3955984970477724,12.788513150831992,1.710950080515298,1.9189479334406871,0.10735373054213634,0.4830917874396135
85,25.36231884057971,12.144390767579173,39.91545893719807,4.26731078904992,1.3955984970477724,12.72812667740204,1.6908212560386473,1.9189479334406871,0.10735373054213634,0.46967257112184646
86,25.89237788513151,12.06387546967257,39.52630166398282,4.193505099302201,1.4761137949543746,12.325550187869029,2.254428341384863,1.7579173376274826,0.10735373054213634,0.4025764895330113
87,26.422436929683307,11.976650563607086,39.06333870101986,4.166666666666667,1.4694041867954912,12.084004294149223,2.214170692431562,1.9659151905528718,0.10735373054213634,0.5300590445517982
88,27.22758990874933,11.808910359634996,38.73456790123457,3.7372517444981215,1.4559849704777241,11.996779388083736,2.4490069779924855,1.9592055823939882,0.10735373054213634,0.5233494363929146
89,26.972624798711756,11.735104669887278,34.76918947933441,3.69699409554482,1.4962426194310252,16.19699409554482,2.563070316693505,1.9592055823939882,0.10735373054213634,0.5032206119162641
90,27.22758990874933,11.728395061728396,34.35990338164251,4.045893719806763,1.42914653784219,16.076221148684915,2.6838432635534084,1.8384326355340848,0.10735373054213634,0.5032206119162641
91,27.26113794954375,11.52710681696189,33.641975308641975,4.408212560386473,1.9793344068706387,15.92860976918948,2.657004830917874,1.9860440150295222,0.10735373054213634,0.5032206119162641
92,27.82474503488996,11.41304347826087,33.319914117015564,4.683306494900698,1.9524959742351047,15.593129361245303,2.636876006441224,1.9860440150295222,0.10735373054213634,0.4830917874396135
93,28.26086956521739,11.366076221148685,32.971014492753625,4.8376274825550185,1.9122383252818036,15.385131508319914,2.61003757380569,1.9592055823939882,0.10735373054213634,0.5904455179817498
94,27.194041867954912,10.050993022007514,36.20504562533548,4.341116478797638,1.8048845947396672,15.143585614600108,2.5966183574879227,1.932367149758454,0.1878690284487386,0.5434782608695652
95,27.549651100375737,9.970477724100913,36.03730542136339,4.320987654320987,1.8048845947396672,15.076489533011273,2.576489533011272,1.932367149758454,0.1878690284487386,0.5434782608695652
96,25.462962962962962,12.68786902844874,35.40660225442834,4.602791196994096,1.751207729468599,14.794685990338165,2.576489533011272,1.932367149758454,0.1878690284487386,0.5971551261406334
97,25.261674718196456,12.620772946859903,35.10466988727858,4.240472356414386,1.751207729468599,14.465915190552872,4.03918411164788,1.9122383252818036,0.08051529790660225,0.5233494363929146
98,25.85212023617821,12.553676865271068,34.70880300590446,4.320987654320987,1.7310789049919484,14.351851851851851,4.03918411164788,1.8384326355340848,0.08051529790660225,0.5233494363929146
99,26.25469672571122,12.365807836822329,34.47396672034353,4.320987654320987,1.892109500805153,14.325013419216317,3.92512077294686,1.8384326355340848,0.08051529790660225,0.5233494363929146
100,25.140901771336555,12.345679012345679,35.43344068706388,4.294149221685454,2.1806226516371443,14.184111647879764,3.8378958668813743,1.6975308641975309,0.06709608158883522,0.8185721953837896
101,24.765163714439076,12.124261943102523,36.48684916800859,3.911701556629093,2.301395598497048,14.009661835748792,3.824476650563607,1.6774020397208802,0.06709608158883522,0.8319914117015567
102,24.490069779924852,12.869028448738593,36.16478797638218,3.8848631239935587,2.3550724637681157,13.707729468599034,3.7104133118625873,1.6639828234031133,0.06709608158883522,1.0869565217391304
103,24.94632313472893,12.848899624261943,35.74208266237252,4.052603327965647,2.3349436392914655,13.620504562533547,3.643317230273752,1.6572732152442298,0.06709608158883522,1.0869565217391304
104,25.248255501878692,12.694578636607622,35.42002147074611,4.092860976918948,2.314814814814815,13.580246913580247,3.7238325281803544,1.7713365539452497,0.06709608158883522,1.0869565217391304
105,25.55018786902845,12.674449812130971,35.11137949543747,4.327697262479871,2.24771873322598,13.79495437466452,3.3682232957595275,1.7713365539452497,0.06709608158883522,1.0869565217391304
106,24.36929683306495,12.5,31.052066559312937,4.327697262479871,2.24771873322598,19.73966720343532,3.2340311325818574,1.9457863660762211,0.06709608158883522,0.5166398282340311
107,23.96672034353194,12.278582930756844,32.8569511540526,4.005636070853462,1.9860440150295222,19.32367149758454,3.180354267310789,1.8183038110574343,0.06709608158883522,0.5166398282340311
108,24.168008588298445,12.016908212560386,32.14573268921095,4.200214707461084,2.8247450348899625,19.07541599570585,3.113258185721954,1.8719806763285025,0.06709608158883522,0.5166398282340311
109,24.58400429414922,11.855877616747183,31.76328502415459,4.294149221685454,2.8247450348899625,18.874127750939344,3.1333870101986045,2.1068169618894257,0.06709608158883522,0.49651100375738055
110,22.799248523886206,10.393183038110575,30.797101449275363,4.032474503488996,2.522812667740204,21.947128287707997,5.35426731078905,1.751207729468599,0.06709608158883522,0.33548040794417605
111,23.14814814814815,10.111379495437467,30.434782608695652,4.394793344068707,2.5161030595813205,21.638486312399355,5.535426731078905,1.6975308641975309,0.06709608158883522,0.4562533548040794
112,23.51046698872786,10.037573805689748,30.193236714975846,4.300858829844337,2.61003757380569,21.135265700483092,5.5756843800322065,2.01959205582394,0.06709608158883522,0.5501878690284487
113,23.698336017176597,9.782608695652174,32.360440150295226,3.7037037037037037,1.865271068169619,20.78636607622115,5.052334943639291,2.147074610842727,0.06709608158883522,0.5367686527106817
114,24.288781535158346,9.634997316156737,32.19940955448202,3.81105743424584,1.8384326355340848,20.564949006977994,5.01207729468599,2.13365539452496,0.06709608158883522,0.4495437466451959
115,24.691358024691358,9.567901234567902,31.964573268921097,3.797638217928073,1.8384326355340848,20.511272141706925,4.978529253891573,2.13365539452496,0.06709608158883522,0.4495437466451959
116,24.97987117552335,9.50751476113795,31.682769726247987,3.730542136339238,2.0933977455716586,20.336822329575952,4.951690821256038,2.13365539452496,0.06709608158883522,0.5166398282340311
117,25.664251207729468,9.433709071390231,31.340579710144926,3.69699409554482,2.214170692431562,19.96779388083736,4.951690821256038,2.1068169618894257,0.06709608158883522,0.5568974771873323
118,26.120504562533547,9.400161030595813,31.04535695115405,3.9989264626945786,2.214170692431562,19.49141170155663,4.864465915190553,2.2410091250670963,0.06709608158883522,0.5568974771873323
119,26.38888888888889,9.339774557165862,30.917874396135264,4.119699409554482,2.3349436392914655,19.276704240472355,4.783950617283951,2.214170692431562,0.06709608158883522,0.5568974771873323
120,26.34863123993559,9.057971014492754,31.87734836285561,3.864734299516908,2.3349436392914655,19.028448738593667,4.683306494900698,2.1806226516371443,0.06709608158883522,0.5568974771873323
121,26.757917337627482,9.037842190016104,31.64922168545357,4.079441760601181,2.3081052066559313,18.719806763285025,4.64975845410628,2.1940418679549114,0.06709608158883522,0.5367686527106817
122,26.06682769726248,8.568169618894256,30.58239398819109,4.2203435319377345,2.2208803005904456,20.840042941492218,4.7168545356951155,2.1940418679549114,0.06709608158883522,0.5233494363929146
123,26.03327965646806,8.521202361782072,29.696725711218466,4.193505099302201,2.1806226516371443,20.954106280193237,4.663177670424047,3.166935050993022,0.06709608158883522,0.5233494363929146
124,26.140633387010197,8.205850778314547,29.898013955984972,4.320987654320987,2.3081052066559313,20.632045088566827,4.62962962962963,3.2742887815351582,0.06709608158883522,0.5233494363929146
125,26.33521202361782,8.192431561996779,29.736983360171767,4.300858829844337,2.3081052066559313,20.511272141706925,4.683306494900698,3.3413848631239937,0.06709608158883522,0.5233494363929146
126,26.77133655394525,8.132045088566828,29.53569511540526,4.186795491143317,2.395330112721417,20.263016639828233,4.790660225442834,3.33467525496511,0.06709608158883522,0.5233494363929146
127,26.684111647879764,7.997852925389157,29.56924315619968,3.770799785292539,2.6838432635534084,18.4447128287708,6.957863660762212,3.3011272141706924,0.06709608158883522,0.5233494363929146
128,26.536500268384327,7.924047235641439,32.37385936661299,3.7372517444981215,2.677133655394525,16.13660762211487,6.890767579173376,3.227321524422974,0.06709608158883522,0.4294149221685454
129,26.84514224369297,7.843531937734836,32.22624798711755,3.730542136339238,2.7643585614600106,16.029253891572733,6.857219538378959,3.207192699946323,0.06709608158883522,0.4294149221685454
130,24.86580783682233,6.857219538378959,35.39318303811057,3.3816425120772946,2.2879763821792807,15.432098765432098,8.199141170155663,3.0864197530864197,0.06709608158883522,0.4294149221685454
131,25.120772946859905,6.857219538378959,35.31266774020397,3.3816425120772946,2.328234031132582,15.33816425120773,8.111916264090176,3.052871712292002,0.06709608158883522,0.4294149221685454
132,25.543478260869566,6.857219538378959,35.158346752549654,3.3413848631239937,2.576489533011272,15.022812667740205,8.05823939881911,2.945517981749866,0.06709608158883522,0.4294149221685454
133,25.295222758990874,5.434782608695652,36.82903918411165,3.3279656468062266,2.737520128824477,15.485775630703166,7.333601717659689,3.0595813204508855,0.06709608158883522,0.4294149221685454
134,25.805152979066023,5.374396135265701,36.25872249060655,3.4822866344605474,2.985775630703167,15.190552871712292,7.273215244229737,3.026033279656468,0.06709608158883522,0.5367686527106817
135,25.925925925925927,5.434782608695652,35.85614600107354,3.629898013955985,3.3279656468062266,15.103327965646805,7.125603864734299,2.9589371980676327,0.10064412238325282,0.5367686527106817
136,26.29495437466452,5.381105743424584,35.23215244229737,3.603059581320451,3.6231884057971016,14.794685990338165,7.340311325818572,3.099838969404187,0.10064412238325282,0.5300590445517982
137,26.717659688674182,5.367686527106817,34.42028985507246,3.6366076221148687,3.603059581320451,15.049651100375739,7.380568974771873,3.193773483628556,0.10064412238325282,0.5300590445517982
138,24.711486849168008,5.367686527106817,42.44498121309716,2.9388083735909825,3.294417606011809,12.265163714439076,6.139291465378422,2.2410091250670963,0.10064412238325282,0.49651100375738055
139,25.02012882447665,5.280461621041331,42.1833064949007,3.0394524959742353,3.2742887815351582,12.258454106280194,6.105743424584004,2.2410091250670963,0.10064412238325282,0.49651100375738055
140,23.752012882447666,14.754428341384862,35.74208266237252,2.7979066022544283,2.6637144390767578,12.037037037037036,5.501878690284487,2.1940418679549114,0.08051529790660225,0.47638217928073
141,23.96672034353194,14.74771873322598,35.59447128287708,2.999194847020934,2.636876006441224,11.896135265700483,5.495169082125604,2.1068169618894257,0.08051529790660225,0.47638217928073
142,24.745034889962426,14.53972088030059,35.0979602791197,3.0595813204508855,2.6167471819645733,11.822329575952764,5.387815351583468,2.1739130434782608,0.08051529790660225,0.47638217928073
143,20.28985507246377,25.355609232420825,29.60950080515298,2.9723564143853998,2.4691358024691357,11.272141706924316,5.2066559312936125,2.26784755770263,0.08051529790660225,0.47638217928073
144,20.034889962426195,24.94632313472893,29.025764895330113,2.6838432635534084,2.5831991411701556,13.117283950617283,5.193236714975845,1.90552871712292,0.06038647342995169,0.4495437466451959
145,20.799785292538918,24.711486849168008,28.61647879763822,2.6637144390767578,2.576489533011272,13.050187869028449,5.179817498658078,1.892109500805153,0.06038647342995169,0.4495437466451959
146,21.18894256575416,24.58400429414922,28.14009661835749,2.6637144390767578,2.737520128824477,13.01663982823403,5.12614063338701,2.033011272141707,0.06038647342995169,0.4495437466451959
147,21.598228663446054,24.46323134728932,27.81803542673108,2.7979066022544283,2.6972624798711755,12.942834138486312,5.038915727321524,2.13365539452496,0.06038647342995169,0.4495437466451959
148,21.276167471819647,24.248523886205046,27.113526570048307,2.7509393451422435,2.657004830917874,13.694310252281268,5.548845947396672,2.2342995169082127,0.06038647342995169,0.41599570585077833
149,21.866612989801396,24.000268384326354,26.73107890499195,2.7509393451422435,2.7509393451422435,13.607085346215781,5.428073000536768,2.328234031132582,0.06038647342995169,0.47638217928073
150,22.430220075147613,23.79898013955985,26.637144390767578,2.7442297369833604,2.7509393451422435,13.345410628019323,5.314009661835748,2.442297369833602,0.06038647342995169,0.47638217928073
151,22.73215244229737,23.55072463768116,26.455984970477726,2.737520128824477,2.737520128824477,13.177670424047236,5.562265163714439,2.509393451422437,0.06038647342995169,0.47638217928073
152,23.17498658078368,23.235373054213635,26.167471819645733,2.737520128824477,2.8515834675254963,13.291733762748256,5.522007514761138,2.4825550187869028,0.06038647342995169,0.47638217928073
153,23.161567364465917,22.993827160493826,25.785024154589372,2.932098765432099,2.8381642512077296,14.023081052066559,5.428073000536768,2.4355877616747184,0.06038647342995169,0.3421900161030596
154,23.597691894793343,22.725442834138487,25.59044551798175,3.2139023081052067,2.8381642512077296,13.862050456253355,5.347557702630167,2.4221685453569513,0.06038647342995169,0.3421900161030596
155,23.382984433709073,22.604669887278583,27.616747181964573,3.2139023081052067,2.831454643048846,12.25174449812131,5.347557702630167,2.3483628556092326,0.06038647342995169,0.3421900161030596
156,23.72517444981213,22.088030059044552,27.455716586151368,3.9989264626945786,2.804616210413312,11.916264090177133,5.287171229200215,2.3215244229736984,0.06038647342995169,0.3421900161030596
157,24.114331723027377,22.0276435856146,27.36849168008588,3.965378421900161,2.9052603327965647,11.862587224906065,5.0858829844337095,2.2946859903381642,0.06038647342995169,0.3153515834675255
158,24.4699409554482,21.81964573268921,26.690821256038646,4.274020397208803,3.1065485775630703,11.768652710681696,4.951690821256038,2.5563607085346214,0.06038647342995169,0.30193236714975846
159,24.966451959205582,21.64519592055824,26.38888888888889,4.274020397208803,3.0931293612453032,11.594202898550725,5.065754159957058,2.61003757380569,0.06038647342995169,0.30193236714975846
160,25.348899624261943,21.564680622651636,26.1808910359635,4.414922168545357,3.052871712292002,11.52710681696189,4.951690821256038,2.5966183574879227,0.06038647342995169,0.30193236714975846
161,25.845410628019323,21.423778851315085,25.91921631776704,4.394793344068707,2.932098765432099,11.58749329039184,4.924852388620504,2.61003757380569,0.06038647342995169,0.30193236714975846
162,26.227858293075684,21.215780998389693,25.684380032206118,4.461889425657541,2.932098765432099,11.500268384326356,4.904723564143854,2.7106816961889426,0.06038647342995169,0.30193236714975846
163,26.382179280730007,21.061460010735374,25.583735909822867,4.448470209339774,3.0193236714975846,11.473429951690822,5.025496511003757,2.6502952227589907,0.05367686527106817,0.30193236714975846
164,26.77133655394525,20.82662372517445,25.301932367149757,4.656468062265164,2.945517981749866,11.41304347826087,4.99194847020934,2.737520128824477,0.05367686527106817,0.30193236714975846
165,27.053140096618357,20.73268921095008,25.0402576489533,4.7168545356951155,3.0059044551798175,11.11111111111111,4.99194847020934,2.9924852388620504,0.05367686527106817,0.30193236714975846
166,27.4020397208803,20.558239398819108,24.496779388083738,5.213365539452496,3.0059044551798175,11.010466988727858,4.864465915190553,3.099838969404187,0.05367686527106817,0.2952227589908749
167,27.63016639828234,20.511272141706925,24.335748792270532,5.159688674181428,3.1736446591519054,10.876274825550189,4.864465915190553,3.099838969404187,0.05367686527106817,0.2952227589908749
168,27.70397208803006,20.38378958668814,24.27536231884058,5.10601180891036,3.140096618357488,11.124530327428879,4.87788513150832,3.0394524959742353,0.05367686527106817,0.2952227589908749
169,28.23403113258186,20.242887815351583,24.040526033279658,5.0858829844337095,3.126677402039721,11.010466988727858,4.871175523349437,3.0394524959742353,0.05367686527106817,0.2952227589908749
170,25.95276435856146,20.068438003220614,26.979334406870638,4.441760601180891,2.7777777777777777,12.674449812130971,4.3545356951154055,2.4020397208803006,0.05367686527106817,0.2952227589908749
171,25.946054750402578,19.83360171765969,28.81105743424584,4.213633923778851,2.8381642512077296,11.419753086419753,4.3545356951154055,2.254428341384863,0.05367686527106817,0.27509393451422437
172,26.435856146001072,19.39747718733226,28.442028985507246,4.414922168545357,2.8918411164787976,11.312399355877616,4.435050993022007,2.341653247450349,0.05367686527106817,0.27509393451422437
173,26.78475577026302,19.236446591519055,28.25415995705851,4.64975845410628,3.012614063338701,11.16478797638218,4.247181964573269,2.3215244229736984,0.05367686527106817,0.27509393451422437
174,27.167203435319376,19.061996779388085,27.220880300590444,4.609500805152979,2.9924852388620504,11.044015029522276,5.065754159957058,2.509393451422437,0.05367686527106817,0.27509393451422437
175,27.34165324745035,18.96135265700483,26.94578636607622,4.770531400966184,3.046162104133119,11.037305421363392,5.059044551798175,2.509393451422437,0.05367686527106817,0.27509393451422437
176,27.200751476113794,18.84728931830381,27.093397745571657,4.985238862050457,3.140096618357488,10.983628556092324,4.924852388620504,2.49597423510467,0.05367686527106817,0.27509393451422437
177,27.449006977992486,18.766774020397207,26.858561460010737,5.059044551798175,3.140096618357488,10.923242082662373,4.918142780461621,2.5563607085346214,0.05367686527106817,0.27509393451422437
178,26.127214170692433,13.439345142243694,26.610305958132045,4.233762748255502,3.046162104133119,18.364197530864196,4.884594739667204,2.6502952227589907,0.05367686527106817,0.5904455179817498
179,26.31508319914117,13.399087493290391,26.422436929683307,4.42163177670424,3.0394524959742353,18.256843800322063,4.918142780461621,2.5831991411701556,0.05367686527106817,0.5904455179817498
180,26.710950080515296,13.20450885668277,26.174181427804616,4.488727858293076,2.999194847020934,18.08239398819109,4.918142780461621,2.7844873859366612,0.05367686527106817,0.5837359098228664
181,27.106816961889425,13.003220611916264,25.845410628019323,4.609500805152979,2.999194847020934,18.115942028985508,4.911433172302737,2.771068169618894,0.05367686527106817,0.5837359098228664
182,26.462694578636608,12.949543746645196,24.711486849168008,4.53569511540526,2.831454643048846,19.880568974771872,5.179817498658078,2.8381642512077296,0.026838432635534086,0.5837359098228664
183,26.8719806763285,12.902576489533011,24.55716586151369,4.51556629092861,3.113258185721954,19.49141170155663,5.139559849704777,2.7979066022544283,0.026838432635534086,0.5837359098228664
184,27.18733225979603,12.76838432635534,24.10091250670961,4.770531400966184,3.2004830917874396,19.363929146537842,5.213365539452496,2.7979066022544283,0.026838432635534086,0.5703166935050993
185,27.428878153515836,12.754965110037574,23.886205045625335,4.817498658078368,3.2004830917874396,19.316961889425656,5.199946323134729,2.7979066022544283,0.026838432635534086,0.5703166935050993
186,27.428878153515836,12.4597423510467,23.577563070316693,5.300590445517981,3.6500268384326353,19.082125603864736,5.12614063338701,2.791196994095545,0.026838432635534086,0.5568974771873323
187,27.68384326355341,12.432903918411165,23.221953837895867,5.434782608695652,3.6500268384326353,18.947933440687063,5.119431025228127,2.9253891572732154,0.026838432635534086,0.5568974771873323
188,27.958937198067634,12.385936661298981,22.993827160493826,5.360976918947934,3.643317230273752,18.9345142243693,5.112721417069243,3.026033279656468,0.026838432635534086,0.5568974771873323
189,28.35480407944176,12.258454106280194,22.805958132045088,5.3274288781535155,3.6366076221148687,18.773483628556093,5.065754159957058,3.193773483628556,0.026838432635534086,0.5568974771873323
190,28.207192699946322,12.110842726784755,22.27589908749329,5.3341384863123995,4.7101449275362315,18.54535695115405,5.193236714975845,3.0394524959742353,0.026838432635534086,0.5568974771873323
191,28.421900161030596,12.057165861513688,22.054482018250134,5.300590445517981,4.683306494900698,18.33064949006978,5.4616210413311865,3.126677402039721,0.026838432635534086,0.5367686527106817
192,28.502415458937197,11.75523349436393,21.83977455716586,5.770263016639828,4.723564143853999,18.209876543209877,5.508588298443371,3.126677402039721,0.026838432635534086,0.5367686527106817
193,28.576221148684915,11.486849168008588,21.692163177670423,5.689747718733226,4.690016103059581,17.559044551798173,5.60252281266774,4.206924315619967,0.026838432635534086,0.46967257112184646
194,28.71712292002147,11.486849168008588,21.564680622651636,5.656199677938808,4.555823939881911,17.746913580246915,5.60252281266774,4.17337627482555,0.026838432635534086,0.46967257112184646
195,28.911701556629094,11.272141706924316,21.537842190016104,5.730005367686527,4.62962962962963,17.67981749865808,5.595813204508857,4.146537842190016,0.026838432635534086,0.46967257112184646
196,29.60950080515298,11.144659151905529,21.30300590445518,5.622651637144391,4.602791196994096,17.51207729468599,5.615942028985507,4.092860976918948,0.026838432635534086,0.46967257112184646
197,29.334406870638755,11.017176596886742,21.316425120772948,5.132850241545894,4.609500805152979,16.97530864197531,7.226247987117552,3.9720880300590444,0.026838432635534086,0.38915727321524424
198,29.70343531937735,10.82259796027912,21.34326355340848,5.179817498658078,4.5960815888352125,16.720343531937736,7.179280730005368,3.9519592055823938,0.026838432635534086,0.47638217928073
199,29.837627482555018,10.762211486849168,21.22249060654858,5.22007514761138,4.575952764358561,16.358024691358025,7.4006977992485234,4.119699409554482,0.026838432635534086,0.47638217928073
200,30.17981749865808,10.674986580783683,21.141975308641975,5.193236714975845,4.575952764358561,16.25738056897477,7.387278582930757,4.119699409554482,0.026838432635534086,0.4428341384863124
201,30.629361245303276,10.601180891035963,21.034621578099838,5.139559849704777,4.53569511540526,16.022544283413847,7.461084272678476,4.106280193236715,0.026838432635534086,0.4428341384863124
202,30.991680085882983,10.540794417606012,20.90042941492217,5.193236714975845,4.528985507246377,15.921900161030596,7.461084272678476,3.9989264626945786,0.026838432635534086,0.43612453032742887
203,31.353998926462694,10.473698336017177,20.759527643585614,5.193236714975845,4.488727858293076,15.687063875469672,7.447665056360709,4.133118625872249,0.026838432635534086,0.43612453032742887
204,31.582125603864736,10.433440687063875,20.665593129361245,5.260332796564681,4.468599033816425,15.479066022544284,7.39398819108964,4.253891572732153,0.026838432635534086,0.43612453032742887
205,32.10547504025765,10.393183038110575,20.52469135802469,5.24020397208803,4.428341384863124,15.311325818572195,7.340311325818572,4.233762748255502,0.026838432635534086,0.39586688137412773
206,32.326892109500804,10.319377348362856,20.336822329575952,5.448201825013419,4.448470209339774,15.11003757380569,7.239667203435319,4.26731078904992,0.026838432635534086,0.47638217928073
207,32.669082125603865,10.279119699409554,20.242887815351583,5.421363392377885,4.40150295222759,15.063070316693505,7.1658615136876005,4.253891572732153,0.026838432635534086,0.47638217928073
208,33.091787439613526,10.238862050456254,19.97450348899624,5.35426731078905,4.40150295222759,14.955716586151368,7.39398819108964,4.086151368760064,0.026838432635534086,0.47638217928073
209,33.272946859903385,10.21202361782072,19.920826623725173,5.35426731078905,4.394793344068707,14.935587761674718,7.333601717659689,4.072732152442297,0.026838432635534086,0.47638217928073
210,33.380300590445515,10.171765968867419,20.12211486849168,5.340848094471283,4.408212560386473,14.774557165861514,7.239667203435319,4.05931293612453,0.026838432635534086,0.47638217928073
211,33.73590982286635,9.88996242619431,20.014761137949545,5.4616210413311865,4.428341384863124,14.687332259796028,7.239667203435319,4.03918411164788,0.026838432635534086,0.47638217928073
212,33.279656468062264,9.728931830381105,20.222758990874933,5.032206119162641,4.032474503488996,16.069511540526033,7.018250134192163,4.1129898013955986,0.026838432635534086,0.47638217928073
213,33.467525496511,9.722222222222221,20.189210950080515,5.018786902844874,4.019055287171229,15.962157809983896,7.0383789586688135,4.079441760601181,0.026838432635534086,0.47638217928073
214,33.84997316156736,9.681964573268921,20.001341921631777,5.092592592592593,4.012345679012346,15.874932903918411,6.957863660762212,4.025764895330113,0.026838432635534086,0.47638217928073
215,34.03113258185722,9.648416532474503,19.97450348899624,5.005367686527107,4.159957058507783,15.780998389694043,6.890767579173376,4.005636070853462,0.026838432635534086,0.47638217928073
216,34.21900161030596,9.64170692431562,19.773215244229736,5.119431025228127,4.139828234031133,15.640096618357488,6.857219538378959,4.03918411164788,0.026838432635534086,0.5434782608695652
217,34.896672034353195,9.601449275362318,19.538378958668815,5.072463768115942,4.079441760601181,15.566290928609769,6.816961889425658,3.8714439076757916,0.026838432635534086,0.5300590445517982
218,31.689479334406872,3.4822866344605474,29.347826086956523,4.327697262479871,3.8043478260869565,16.29092860976919,6.662640901771336,3.8378958668813743,0.026838432635534086,0.5300590445517982
219,31.702898550724637,3.455448201825013,28.844605475040257,4.770531400966184,3.8043478260869565,16.23054213633924,6.655931293612453,3.978797638217928,0.026838432635534086,0.5300590445517982
220,31.91760601180891,3.455448201825013,27.355072463768117,5.978260869565218,3.92512077294686,16.0426731078905,6.729736983360172,4.03918411164788,0.026838432635534086,0.5300590445517982
221,32.27321524422974,3.421900161030596,27.15378421900161,6.0654857756307035,3.92512077294686,15.921900161030596,6.709608158883521,3.9720880300590444,0.026838432635534086,0.5300590445517982
222,32.50805152979066,3.421900161030596,26.757917337627482,6.0654857756307035,3.9049919484702094,15.915190552871712,6.6760601180891035,4.193505099302201,0.026838432635534086,0.5300590445517982
