,45,50,52,53,54,51,55,56,57
0,95.69243156199678,4.30756843800322,,,,,,,
1,67.35775630703166,30.9849704777241,1.6572732152442298,,,,,,
2,67.512077294686,30.83064949006978,1.6572732152442298,,,,,,
3,61.70826623725174,36.66800858829844,1.6237251744498122,,,,,,
4,57.06521739130435,32.930756843800324,7.568438003220612,2.4355877616747184,,,,,
5,54.77724100912507,33.11862587224906,7.5281803542673105,2.4355877616747184,2.1403650026838434,,,,
6,50.717928073000536,26.637144390767578,7.300053676865271,1.5297906602254427,2.1403650026838434,11.674718196457327,,,
7,46.05475040257649,33.04482018250134,7.266505636070853,1.5297906602254427,2.100107353730542,9.655126140633387,0.3488996242619431,,
8,46.4573268921095,32.78314546430489,7.14573268921095,1.5297906602254427,2.3550724637681157,9.380032206119163,0.3488996242619431,,
9,46.83977455716586,32.59527643585615,7.098765432098766,1.5297906602254427,2.2208803005904456,9.366612989801396,0.3488996242619431,,
10,40.96886741814278,33.58829844337091,7.058507783145465,0.4227053140096618,8.61513687600644,8.997584541062801,0.3488996242619431,,
11,37.104133118625874,35.98362855609233,6.991411701556629,2.5026838432635534,8.413848631239935,8.655394524959743,0.3488996242619431,,
12,28.039452495974235,35.79575952764358,6.515029522275899,2.4691358024691357,8.84326355340848,17.98845947396672,0.3488996242619431,,
13,28.348094471282877,35.560923242082666,5.891035963499732,3.1333870101986045,8.776167471819646,17.941492216854535,0.3488996242619431,,
14,25.939345142243692,28.193773483628558,4.508856682769726,5.562265163714439,8.011272141706923,27.435587761674718,0.3488996242619431,,
15,24.57729468599034,29.7638217928073,4.488727858293076,5.481749865807837,7.991143317230274,27.355072463768117,0.3421900161030596,,
16,24.718196457326894,27.81803542673108,4.455179817498658,5.481749865807837,7.98443370907139,29.200214707461082,0.3421900161030596,,
17,23.289049919484704,24.966451959205582,15.351583467525497,3.5963499731615673,9.084809447128288,23.678207192699947,0.03354804079441761,,
18,19.685990338164252,30.891035963499732,13.647342995169081,3.5963499731615673,8.709071390230811,23.43666129898014,0.03354804079441761,,
19,18.84728931830381,29.790660225442835,13.58695652173913,3.5628019323671496,8.628556092324208,25.55018786902845,0.03354804079441761,,
20,19.444444444444443,26.42914653784219,14.083467525496511,3.535963499731616,11.084272678475577,25.254965110037574,0.03354804079441761,0.13419216317767044,
21,17.156468062265162,28.32125603864734,13.882179280730005,3.7909286097691894,10.413311862587225,26.27482555018787,0.026838432635534086,0.13419216317767044,
22,15.351583467525497,29.797369833601717,15.049651100375739,3.7640901771336552,9.621578099838969,26.25469672571122,0.026838432635534086,0.13419216317767044,
23,15.559581320450885,29.280730005367687,19.0955448201825,3.7640901771336552,9.554482018250134,22.584541062801932,0.026838432635534086,0.13419216317767044,
24,15.942028985507246,29.166666666666668,18.98148148148148,3.7573805689747717,9.541062801932368,22.450348899624263,0.026838432635534086,0.13419216317767044,
25,16.411701556629094,28.985507246376812,18.92109500805153,3.743961352657005,9.520933977455716,22.25577026301664,0.026838432635534086,0.13419216317767044,
26,16.210413311862588,27.636876006441224,18.80703166935051,5.522007514761138,9.480676328502415,22.18196457326892,0.026838432635534086,0.13419216317767044,
27,16.881374127750938,26.952495974235106,15.92860976918948,5.401234567901234,9.453837895866881,25.0805152979066,0.026838432635534086,0.27509393451422437,
28,17.384594739667204,26.778046162104133,15.707192699946322,5.394524959742351,9.373322597960279,25.06038647342995,0.026838432635534086,0.27509393451422437,
29,17.753623188405797,26.704240472356414,15.619967793880837,5.347557702630167,9.339774557165862,24.932903918411164,0.026838432635534086,0.27509393451422437,
30,18.370907139023082,25.59044551798175,18.015297906602253,5.347557702630167,7.87037037037037,24.288781535158346,0.24154589371980675,0.27509393451422437,
31,17.860976918947934,23.637949543746647,16.666666666666668,5.340848094471283,5.508588298443371,30.46833064949007,0.24154589371980675,0.27509393451422437,
32,18.51851851851852,23.429951690821255,16.606280193236714,5.589103596349974,5.407944176060118,29.931561996779386,0.24154589371980675,0.27509393451422437,
33,15.499194847020934,30.04562533548041,16.492216854535695,11.29898013955985,5.381105743424584,20.98094471282877,0.026838432635534086,0.27509393451422437,
34,15.908480944712828,29.797369833601717,16.465378421900162,11.258722490606548,5.35426731078905,20.913848631239937,0.026838432635534086,0.27509393451422437,
35,16.317767042404725,29.64975845410628,16.358024691358025,10.406602254428341,7.950885668276973,19.04186795491143,0.026838432635534086,0.24825550187869028,
36,16.982018250134193,29.354535695115406,16.035963499731615,10.326086956521738,7.897208803005904,18.914385399892645,0.020128824476650563,0.46967257112184646,
37,16.09634997316157,27.274557165861513,15.190552871712292,8.816425120772946,4.320987654320987,27.509393451422437,0.35560923242082665,0.43612453032742887,
38,15.747450348899624,24.48336017176597,19.51154052603328,6.1929683306494905,2.301395598497048,31.04535695115405,0.35560923242082665,0.36231884057971014,
39,14.244498121309716,19.598765432098766,8.044820182501342,4.736983360171766,2.301395598497048,50.26838432635534,0.6642512077294686,0.14090177133655393,
40,14.989264626945786,19.45115405260333,7.98443370907139,4.696725711218465,2.281266774020397,49.79200214707461,0.6642512077294686,0.14090177133655393,
41,11.533816425120772,14.640365002683843,18.612453032742888,1.3553408480944713,0.30193236714975846,53.09983896940419,0.3153515834675255,0.14090177133655393,
42,8.561460010735374,22.477187332259795,16.23725174449812,1.2077294685990339,0.30193236714975846,51.07353730542136,,0.14090177133655393,
43,7.803274288781535,22.000805152979066,16.150026838432634,1.2077294685990339,0.30193236714975846,52.39533011272142,,0.14090177133655393,
44,7.830112721417069,21.85319377348363,36.574074074074076,0.9728931830381106,0.30193236714975846,32.085346215781,,0.3824476650563607,
45,5.723295759527644,16.13660762211487,35.970209339774556,0.9728931830381106,0.30193236714975846,40.52603327965647,,0.36902844873859364,
46,6.394256575415996,15.94873859366613,35.265700483091784,0.9728931830381106,0.2952227589908749,40.27777777777778,0.27509393451422437,0.322061191626409,0.24825550187869028
47,6.166129898013956,15.888352120236178,34.4873859366613,0.9728931830381106,0.2952227589908749,41.34460547504026,0.27509393451422437,0.322061191626409,0.24825550187869028
48,6.776704240472356,15.72061191626409,34.27938808373591,0.9728931830381106,0.2952227589908749,40.754159957058505,0.27509393451422437,0.6776704240472357,0.24825550187869028
49,7.2933440687063875,15.68035426731079,34.11835748792271,0.9594739667203436,0.2952227589908749,40.465646806226516,0.27509393451422437,0.6776704240472357,0.23483628556092323
50,7.897208803005904,15.391841116478798,34.252549651100374,0.9393451422436929,0.2952227589908749,40.31132581857219,,0.6776704240472357,0.23483628556092323
51,7.64224369296833,13.848631239935587,36.29898013955985,0.9393451422436929,2.7241009125067097,37.42619431025228,,0.8856682769726248,0.23483628556092323
52,8.219269994632313,12.285292538915728,37.6207729468599,0.9393451422436929,2.677133655394525,37.13768115942029,,0.8856682769726248,0.23483628556092323
53,8.957326892109501,12.25174449812131,37.4597423510467,0.9326355340848095,2.5697799248523885,36.70826623725174,,0.8856682769726248,0.23483628556092323
54,8.279656468062266,11.540526033279656,34.37332259796028,4.790660225442834,2.5697799248523885,37.5402576489533,,0.6709608158883521,0.23483628556092323
55,8.011272141706923,11.486849168008588,26.959205582393988,4.790660225442834,2.5429414922168547,45.06843800322061,,0.9057971014492754,0.23483628556092323
56,7.018250134192163,9.91009125067096,20.88030059044552,4.750402576489533,2.5429414922168547,53.757380568974774,,0.9057971014492754,0.23483628556092323
57,7.702630166398282,9.796027911969942,20.73268921095008,4.74369296833065,2.475845410628019,53.40848094471283,,0.9057971014492754,0.23483628556092323
58,8.085077831454644,9.769189479334408,20.605206655931294,4.74369296833065,2.4154589371980677,52.83816425120773,,1.1876006441223832,0.35560923242082665
59,7.950885668276973,9.702093397745571,18.90096618357488,12.869028448738593,2.3617820719269993,47.034353193773484,,0.8252818035426731,0.35560923242082665
60,7.991143317230274,9.433709071390231,18.80703166935051,12.68786902844874,2.3483628556092326,47.557702630166396,,0.8185721953837896,0.35560923242082665
61,8.769457863660762,9.400161030595813,18.67283950617284,12.600644122383253,2.314814814814815,47.0679012345679,,0.8185721953837896,0.35560923242082665
62,9.668545356951155,9.339774557165862,18.438003220611915,12.5402576489533,2.314814814814815,46.544551798174986,,0.8185721953837896,0.33548040794417605
63,9.098228663446054,8.870101986044014,16.223832528180353,12.406065485775631,2.046430488459474,50.22812667740204,,0.7917337627482555,0.33548040794417605
64,8.071658615136876,5.535426731078905,18.417874396135264,10.929951690821255,2.046430488459474,53.98550724637681,,0.6776704240472357,0.33548040794417605
65,8.957326892109501,5.528717122920021,18.209876543209877,10.929951690821255,2.01959205582394,53.34138486312399,,0.6776704240472357,0.33548040794417605
66,9.359903381642512,5.481749865807837,18.109232420826622,10.856146001073537,2.0128824476650564,52.77106816961889,0.39586688137412773,0.6776704240472357,0.33548040794417605
67,8.433977455716587,5.481749865807837,21.76596886741814,10.829307568438002,3.7104133118625873,48.53730542136339,0.2616747181964573,0.9796027911969941,
68,8.80300590445518,5.448201825013419,21.67874396135266,10.715244229736983,3.683574879227053,48.38298443370907,0.2616747181964573,1.0265700483091786,
69,9.225711218464841,5.35426731078905,21.557971014492754,10.171765968867419,3.6634460547504024,46.59822866344606,0.2616747181964573,3.166935050993022,
70,9.96376811594203,5.287171229200215,21.450617283950617,10.030864197530864,3.6500268384326353,46.202361782071925,0.24825550187869028,3.166935050993022,
71,10.581052066559312,5.226784755770263,21.40365002683843,10.030864197530864,3.5963499731615673,45.3166935050993,0.24825550187869028,3.5963499731615673,
72,10.829307568438002,5.2066559312936125,21.329844337090712,9.943639291465379,2.6704240472356413,43.67283950617284,2.7241009125067097,3.6231884057971016,
73,10.876274825550189,5.2066559312936125,23.49704777241009,9.91009125067096,1.0131508319914118,43.565485775630705,2.61003757380569,3.321256038647343,
74,11.41304347826087,5.2066559312936125,23.416532474503487,9.822866344605474,0.9796027911969941,43.263553408480945,2.61003757380569,3.2877079978529253,
75,11.808910359634996,5.166398282340311,23.121309715512613,9.702093397745571,0.9796027911969941,41.156736446591516,4.797369833601718,3.2675791733762747,
76,12.345679012345679,5.119431025228127,23.060923242082662,9.500805152979066,1.1137949543746646,40.87493290391841,4.736983360171766,3.2474503488996245,
77,10.795759527643586,0.35560923242082665,20.7662372517445,10.815888352120236,1.1137949543746646,48.57756307031669,4.669887278582931,2.9052603327965647,
78,11.003757380568974,0.35560923242082665,23.62453032742888,10.507246376811594,1.0869565217391304,47.48389694041868,3.864734299516908,2.073268921095008,
79,11.560654857756306,0.32877079978529256,23.483628556092324,10.305958132045088,1.247987117552335,47.16854535695116,3.8580246913580245,2.046430488459474,
80,12.13768115942029,0.32877079978529256,29.20692431561997,10.238862050456254,1.2412775093934514,40.405260332796566,4.40150295222759,2.0397208803005906,
81,11.842458400429415,0.30864197530864196,28.59634997316157,9.480676328502415,1.2278582930756843,39.492753623188406,6.5552871712292005,2.49597423510467,
82,11.58749329039184,0.30864197530864196,26.227858293075684,5.280461621041331,1.2278582930756843,48.409822866344605,5.10601180891036,1.8518518518518519,
83,12.02361782071927,0.30864197530864196,26.167471819645733,5.233494363929147,1.2278582930756843,48.13472893183038,5.052334943639291,1.8518518518518519,
84,12.399355877616747,0.30864197530864196,26.08695652173913,5.22007514761138,1.2278582930756843,47.89989264626946,5.005367686527107,1.8518518518518519,
85,11.728395061728396,0.30864197530864196,19.53166935050993,4.851046698872786,0.2952227589908749,58.19914117015566,3.3548040794417604,1.7310789049919484,
86,12.124261943102523,0.2952227589908749,19.384057971014492,4.824208266237251,0.2952227589908749,57.75630703166935,3.3548040794417604,1.9659151905528718,
87,10.829307568438002,0.16774020397208803,16.431830381105744,2.7643585614600106,0.08051529790660225,64.6202361782072,3.0595813204508855,2.046430488459474,
88,11.124530327428879,0.16774020397208803,16.297638217928075,2.7643585614600106,0.35560923242082665,64.44578636607622,2.7979066022544283,2.046430488459474,
89,8.521202361782072,12.097423510466989,11.104401502952227,1.3553408480944713,0.2549651100375738,61.46672034353194,3.911701556629093,1.288244766505636,
90,9.145195920558239,12.02361782071927,11.057434245840042,1.3553408480944713,0.2549651100375738,60.990338164251206,3.8848631239935587,1.288244766505636,
91,9.494095544820183,11.929683306494901,10.721953837895867,1.3419216317767042,0.2549651100375738,60.547504025764894,4.435050993022007,1.2748255501878691,
92,9.406870638754697,11.929683306494901,10.352925389157273,1.3419216317767042,0.2549651100375738,61.62775093934514,3.8177670424047236,1.2681159420289856,
93,9.802737520128824,11.788781535158346,10.305958132045088,1.3419216317767042,0.2549651100375738,60.36634460547504,3.8177670424047236,2.3215244229736984,
94,9.796027911969942,11.768652710681696,17.96833064949007,1.3217928073000538,,53.415190552871714,3.421900161030596,2.3081052066559313,
95,8.930488459473967,11.352657004830919,16.847826086956523,1.3016639828234031,1.5767579173376274,54.44176060118089,3.2474503488996245,2.301395598497048,
96,9.39345142243693,11.345947396672035,16.780730005367687,1.3016639828234031,1.556629092860977,51.86527106816962,5.4549114331723025,2.301395598497048,
97,9.950348899624261,11.3191089640365,16.586151368760063,1.3016639828234031,1.556629092860977,51.409017713365536,5.434782608695652,2.442297369833602,
98,8.299785292538916,11.225174449812132,16.15673644659152,1.3016639828234031,2.368491680085883,53.09983896940419,5.267042404723564,2.281266774020397,
99,8.870101986044014,11.16478797638218,16.056092324208265,1.3016639828234031,2.3550724637681157,52.703972088030056,5.267042404723564,2.281266774020397,
100,9.23913043478261,11.030595813204508,15.975577026301664,2.7509393451422435,2.3550724637681157,51.15405260332797,5.22007514761138,2.2745571658615136,
101,10.185185185185185,10.7085346215781,15.94873859366613,2.7442297369833604,2.2946859903381642,50.55018786902845,5.119431025228127,2.4490069779924855,
102,10.82259796027912,10.681696188942565,15.827965646806227,2.7442297369833604,2.254428341384863,50.1207729468599,5.119431025228127,2.428878153515835,
103,11.366076221148685,10.607890499194847,15.76086956521739,2.7106816961889426,2.214170692431562,49.67793880837359,5.119431025228127,2.5429414922168547,
104,11.969940955448202,10.513955984970478,15.58641975308642,2.6838432635534084,2.214170692431562,49.3894256575416,5.112721417069243,2.5295222758990876,
105,12.654320987654321,10.473698336017177,15.49248523886205,2.6435856146001075,2.214170692431562,48.89291465378422,5.0791733762748255,2.5496511003757383,
106,12.781803542673108,8.635265700483092,15.411969940955448,2.6435856146001075,2.214170692431562,48.63794954374664,7.159151905528717,2.5161030595813205,
107,12.097423510466989,8.568169618894256,21.22920021470746,2.623456790123457,2.1806226516371443,43.887546967257116,7.219538378958669,2.1940418679549114,
108,13.144122383252817,8.55475040257649,20.75281803542673,2.623456790123457,2.1806226516371443,43.35748792270532,7.192699946323135,2.1940418679549114,
109,13.620504562533547,8.53462157809984,20.67230273752013,2.623456790123457,2.1806226516371443,43.042136339237786,7.132313472893183,2.1940418679549114,
110,13.761406333870102,8.380300590445518,20.658883521202362,2.5563607085346214,2.8515834675254963,42.73349436392915,6.535158346752549,2.522812667740204,
111,12.513419216317766,4.092860976918948,16.70692431561997,1.8988191089640365,2.1269457863660763,55.17981749865808,4.958400429414922,2.522812667740204,
112,13.238056897477188,4.079441760601181,16.606280193236714,1.8988191089640365,2.1068169618894257,54.61621041331186,4.931561996779388,2.522812667740204,
113,12.02361782071927,3.7372517444981215,10.587761674718196,1.8317230273752012,2.4557165861513686,60.768921095008054,6.729736983360172,1.865271068169619,
114,12.647611379495437,3.7372517444981215,10.48040794417606,1.8115942028985508,2.4557165861513686,60.34621578099839,6.66935050993022,1.8518518518518519,
115,13.352120236178207,3.7372517444981215,10.36634460547504,1.8115942028985508,2.428878153515835,59.977187332259795,6.474771873322598,1.8518518518518519,
116,13.707729468599034,3.7372517444981215,10.292538915727322,1.8115942028985508,2.428878153515835,59.56119162640902,6.4345142243692965,2.0263016639828235,
117,14.170692431561998,3.7372517444981215,10.165056360708535,1.8115942028985508,2.408749329039184,59.272678475577024,6.407675791733762,2.0263016639828235,
118,14.761137949543746,3.69699409554482,10.111379495437467,1.8115942028985508,2.408749329039184,58.823134728931834,6.387546967257112,1.9994632313472893,
119,15.24422973698336,3.670155662909286,9.997316156736447,1.7981749865807837,2.3349436392914655,58.601717659688674,6.353998926462695,1.9994632313472893,
120,15.385131508319914,3.670155662909286,11.553945249597424,1.7981749865807837,2.3349436392914655,57.06521739130435,6.1929683306494905,1.9994632313472893,
121,15.445517981749866,3.656736446591519,10.628019323671497,3.099838969404187,2.314814814814815,56.696188942565755,6.172839506172839,1.9860440150295222,
122,16.076221148684915,3.6366076221148687,10.57434245840043,3.079710144927536,2.301395598497048,56.21309715512614,6.172839506172839,1.9457863660762211,
123,15.183843263553408,3.603059581320451,17.64626945786366,2.5831991411701556,2.281266774020397,50.82528180354267,6.152710681696189,1.724369296833065,
124,15.599838969404187,3.603059581320451,17.579173376274827,2.5831991411701556,2.281266774020397,50.47638217928073,6.152710681696189,1.724369296833065,
125,16.0829307568438,3.5628019323671496,17.53220611916264,2.5831991411701556,2.281266774020397,50.13419216317767,6.112453032742888,1.710950080515298,
126,16.478797638217927,3.556092324208266,17.364465915190554,2.536231884057971,2.281266774020397,49.644390767579175,6.085614600107354,2.0531400966183573,
127,17.09608158883521,3.488996242619431,16.31105743424584,3.475577026301664,2.24771873322598,49.36929683306495,5.971551261406334,2.0397208803005906,
128,17.465110037573805,3.4621578099838968,16.27079978529254,3.475577026301664,2.2208803005904456,49.121041331186255,5.9514224369296835,2.033011272141707,
129,17.814009661835748,3.4621578099838968,16.61969940955448,3.0327428878153517,2.200751476113795,48.97342995169082,5.864197530864198,2.033011272141707,
130,18.377616747181964,3.44873859366613,16.49892646269458,3.0327428878153517,2.200751476113795,48.58427267847558,5.8239398819108965,2.033011272141707,
131,18.867418142780462,3.44873859366613,16.183574879227052,3.0059044551798175,2.1940418679549114,48.14143853998927,5.783682232957595,2.3752012882447664,
132,18.089103596349972,2.147074610842727,15.942028985507246,2.9790660225442833,8.668813741277509,43.994900697799245,5.662909286097692,2.5161030595813205,
133,16.780730005367687,2.147074610842727,9.86983360171766,2.636876006441224,8.641975308641975,52.985775630703166,4.42163177670424,2.5161030595813205,
134,16.881374127750938,2.147074610842727,9.084809447128288,2.636876006441224,8.548040794417606,54.44176060118089,3.750670960815888,2.509393451422437,
135,17.317498658078367,2.147074610842727,8.970746108427267,2.9723564143853998,8.152173913043478,54.1935050993022,3.750670960815888,2.49597423510467,
136,17.860976918947934,2.1269457863660763,8.970746108427267,2.9589371980676327,8.11862587224906,53.73054213633924,3.750670960815888,2.4825550187869028,
137,17.438271604938272,2.1269457863660763,12.04374664519592,2.945517981749866,7.971014492753623,51.2614063338701,3.730542136339238,2.4825550187869028,
138,17.834138486312398,2.120236178207193,12.010198604401502,2.932098765432099,7.944176060118089,50.946054750402574,3.730542136339238,2.4825550187869028,
139,18.109232420826622,2.120236178207193,11.976650563607086,2.9052603327965647,7.85024154589372,50.85212023617821,3.7037037037037037,2.4825550187869028,
140,18.612453032742888,2.120236178207193,11.929683306494901,2.8515834675254963,7.722758990874933,50.58373590982286,3.69699409554482,2.4825550187869028,
141,18.209876543209877,2.120236178207193,11.158078368223295,1.7176596886741815,7.675791733762749,53.20048309178744,3.6634460547504024,2.254428341384863,
142,18.323939881910896,2.120236178207193,11.158078368223295,3.797638217928073,7.675791733762749,51.301663982823406,3.3682232957595275,2.254428341384863,
143,18.833870101986044,2.120236178207193,11.151368760064413,3.770799785292539,7.628824476650563,50.82528180354267,3.2877079978529253,2.38191089640365,
144,19.182769726247987,2.120236178207193,11.117820719269995,3.6902844873859366,7.608695652173913,50.6508319914117,3.2742887815351582,2.3550724637681157,
145,19.424315619967793,2.120236178207193,10.990338164251208,3.683574879227053,7.588566827697263,49.84567901234568,3.260869565217391,3.0864197530864197,
146,19.900697799248523,2.1068169618894257,10.755501878690284,4.49543746645196,7.481213097155126,48.91304347826087,3.260869565217391,3.0864197530864197,
147,20.336822329575952,2.1068169618894257,10.654857756307031,4.455179817498658,7.481213097155126,48.651368760064415,3.260869565217391,3.052871712292002,
148,20.8870101986044,2.1068169618894257,10.641438539989265,4.455179817498658,7.286634460547504,48.32259796027912,3.2474503488996245,3.052871712292002,
149,21.410359634997317,2.1068169618894257,10.527375201288244,4.455179817498658,7.179280730005368,48.07434245840043,3.2139023081052067,3.0327428878153517,
150,21.638486312399355,2.0933977455716586,10.513955984970478,4.455179817498658,7.179280730005368,47.69189479334407,3.2139023081052067,3.2139023081052067,
151,22.148416532474503,2.0933977455716586,10.446859903381643,4.441760601180891,7.14573268921095,47.10144927536232,3.4286097691894795,3.193773483628556,
152,22.611379495437465,2.073268921095008,10.373054213633925,4.441760601180891,7.14573268921095,46.73242082662372,3.4286097691894795,3.193773483628556,
153,23.13472893183038,2.0128824476650564,10.326086956521738,4.394793344068707,7.112184648416532,46.39694041867955,3.4286097691894795,3.193773483628556,
154,23.47691894793344,1.9927536231884058,10.285829307568438,4.394793344068707,7.098765432098766,46.19565217391305,3.3816425120772946,3.1736446591519054,
155,23.64465915190553,1.9659151905528718,10.279119699409554,4.341116478797638,7.098765432098766,45.73939881910896,3.784219001610306,3.1468062265163717,
156,23.832528180354267,1.9659151905528718,10.218733225979603,4.327697262479871,7.092055823939882,45.65888352120236,3.7573805689747717,3.1468062265163717,
157,24.3894256575416,1.9659151905528718,10.151637144390767,4.327697262479871,7.078636607622115,45.22275899087493,3.750670960815888,3.113258185721954,
158,24.671229200214707,1.932367149758454,10.0979602791197,4.327697262479871,7.004830917874396,45.13553408480945,3.750670960815888,3.079710144927536,
159,24.92619431025228,1.932367149758454,10.010735373054214,4.274020397208803,7.004830917874396,44.840311325818575,3.938539989264627,3.0730005367686526,
160,25.288513150831992,1.90552871712292,9.930220075147611,4.274020397208803,7.004830917874396,44.618894256575416,3.938539989264627,3.0394524959742353,
161,25.805152979066023,1.90552871712292,9.88996242619431,4.274020397208803,6.91760601180891,44.24986580783682,3.938539989264627,3.0193236714975846,
162,26.140633387010197,1.90552871712292,9.88996242619431,4.26731078904992,6.850509930220075,44.06870638754697,3.9049919484702094,2.9723564143853998,
163,26.073537305421365,1.90552871712292,9.816156736446592,4.26731078904992,6.850509930220075,44.7866344605475,3.3279656468062266,2.9723564143853998,
164,26.643853998926463,1.90552871712292,9.708803005904455,4.200214707461084,7.1658615136876005,44.22973698336017,3.2206119162640903,2.9253891572732154,
165,27.01959205582394,1.8853998926462694,9.675254965110037,4.17337627482555,7.1658615136876005,44.00161030595813,3.1535158346752548,2.9253891572732154,
166,27.408749329039185,1.8853998926462694,9.608158883521202,4.1532474503489,7.132313472893183,43.75335480407944,3.1535158346752548,2.9052603327965647,
167,27.690552871712292,1.8853998926462694,9.54777241009125,4.106280193236715,7.25979602791197,43.51851851851852,3.0864197530864197,2.9052603327965647,
168,28.079710144927535,1.8853998926462694,9.473966720343531,4.0995705850778315,7.219538378958669,43.31052066559313,3.0730005367686526,2.85829307568438,
169,28.327965646806227,1.8853998926462694,9.004294149221685,4.066022544283414,7.1725711218464845,43.12936124530327,3.066290928609769,3.3480944712828773,
170,29.086151368760063,1.8853998926462694,9.004294149221685,3.730542136339238,7.132313472893183,42.74691358024691,3.066290928609769,3.3480944712828773,
171,29.441760601180892,1.8451422436929683,8.970746108427267,3.7104133118625873,7.058507783145465,42.55904455179817,3.066290928609769,3.3480944712828773,
172,29.857756307031668,1.8317230273752012,8.903650026838433,3.6768652710681695,7.058507783145465,42.35775630703167,3.066290928609769,3.2474503488996245,
173,30.018786902844873,1.8317230273752012,8.903650026838433,3.6768652710681695,7.03166935050993,42.270531400966185,3.026033279656468,3.240740740740741,
174,30.07246376811594,1.8183038110574343,8.883521202361782,3.6366076221148687,7.152442297369833,41.29092860976919,3.965378421900161,3.180354267310789,
175,29.54911433172303,1.8183038110574343,8.856682769726248,3.6366076221148687,7.85024154589372,39.942297369833604,5.193236714975845,3.1535158346752548,
176,29.01905528717123,1.7847557702630166,8.776167471819646,3.6366076221148687,9.614868491680086,38.821792807300056,5.193236714975845,3.1535158346752548,
177,29.408212560386474,1.7579173376274826,8.729200214707461,3.6366076221148687,9.480676328502415,38.67418142780462,5.173107890499195,3.140096618357488,
178,29.95169082125604,1.7579173376274826,8.55475040257649,3.6231884057971016,9.433709071390231,38.39237788513151,5.146269457863661,3.140096618357488,
179,30.50858829844337,1.7310789049919484,8.474235104669887,3.616478797638218,9.420289855072463,38.0300590445518,5.0858829844337095,3.1333870101986045,
180,30.763553408480945,1.7310789049919484,8.474235104669887,3.5829307568438002,9.39345142243693,37.86231884057971,5.059044551798175,3.1333870101986045,
181,30.96484165324745,1.7310789049919484,8.460815888352121,3.556092324208266,9.29951690821256,37.815351583467525,5.045625335480408,3.126677402039721,
182,31.407675791733762,1.7310789049919484,8.460815888352121,3.4822866344605474,9.245840042941492,37.58722490606549,5.005367686527107,3.079710144927536,
183,31.38083735909823,1.7310789049919484,8.460815888352121,3.361513687600644,9.151905528717123,36.03730542136339,6.729736983360172,3.1468062265163717,
184,31.548577563070317,1.7310789049919484,8.393719806763285,3.3548040794417604,9.104938271604938,36.01717659688674,6.729736983360172,3.1199677938808374,
185,31.49490069779925,1.7310789049919484,8.199141170155663,3.7037037037037037,9.272678475577026,35.79575952764358,6.729736983360172,3.0730005367686526,
186,31.702898550724637,1.4895330112721417,8.044820182501342,3.7037037037037037,9.420289855072463,35.628019323671495,7.065217391304348,2.945517981749866,
187,32.078636607622116,1.4761137949543746,8.017981749865807,3.69699409554482,9.286097691894794,35.45356951154053,7.0450885668276975,2.945517981749866,
188,32.23295759527644,1.4761137949543746,8.004562533548041,3.69699409554482,9.27938808373591,35.339506172839506,7.03166935050993,2.9388083735909825,
189,32.420826623725176,1.4761137949543746,8.004562533548041,3.69699409554482,9.245840042941492,35.21202361782072,7.004830917874396,2.9388083735909825,
190,31.736446591519055,1.4559849704777241,10.359634997316157,2.999194847020934,9.245840042941492,34.447128287708,6.991411701556629,2.7643585614600106,
191,31.95786366076221,1.4559849704777241,10.279119699409554,2.9924852388620504,9.205582393988191,34.42028985507246,6.9243156199677935,2.7643585614600106,
192,32.35373054213634,1.4559849704777241,10.238862050456254,2.9723564143853998,9.118357487922705,34.27938808373591,6.816961889425658,2.7643585614600106,
193,32.60198604401503,1.4559849704777241,10.185185185185185,2.965646806226516,9.078099838969404,34.20558239398819,6.769994632313473,2.737520128824477,
194,32.45437466451959,1.4559849704777241,10.158346752549651,2.965646806226516,10.68840579710145,32.83682232957595,6.736446591519055,2.703972088030059,
195,32.59527643585615,1.4559849704777241,9.950348899624261,2.965646806226516,11.064143853998926,32.60198604401503,6.662640901771336,2.703972088030059,
196,32.9777241009125,1.442565754159957,9.930220075147611,2.965646806226516,10.95679012345679,32.39398819108964,6.635802469135802,2.6972624798711755,
197,33.05823939881911,1.4358561460010735,9.77589908749329,2.898550724637681,10.943370907139023,32.326892109500804,6.877348362855609,2.6838432635534084,
198,33.43397745571659,1.4090177133655395,9.708803005904455,2.8784219001610305,10.84272678475577,32.2061191626409,6.837090713902308,2.6838432635534084,
199,33.91035963499731,1.4090177133655395,9.520933977455716,2.85829307568438,10.82259796027912,32.01154052603328,6.796833064949007,2.6704240472356413,
200,34.084809447128286,1.4090177133655395,9.520933977455716,2.85829307568438,10.768921095008052,31.743156199677937,6.944444444444445,2.6704240472356413,
201,34.33977455716586,1.4090177133655395,9.447128287707997,2.85829307568438,10.721953837895867,31.662640901771336,6.91760601180891,2.6435856146001075,
202,34.84299516908212,1.4090177133655395,9.212292002147075,2.8381642512077296,10.701825013419215,31.488191089640367,6.890767579173376,2.6167471819645733,
203,35.03086419753087,1.4090177133655395,9.185453569511541,2.8247450348899625,10.68840579710145,31.353998926462694,6.890767579173376,2.6167471819645733,
204,35.30595813204509,1.4090177133655395,9.185453569511541,2.7844873859366612,10.654857756307031,31.260064412238325,6.78341384863124,2.6167471819645733,
205,35.44685990338164,1.4090177133655395,9.16532474503489,2.7777777777777777,10.607890499194847,31.19296833064949,6.78341384863124,2.6167471819645733,
206,35.91653247450349,1.4090177133655395,9.091519055287172,2.7442297369833604,10.493827160493828,30.97826086956522,6.78341384863124,2.5831991411701556,
207,36.22517444981213,1.4090177133655395,8.984165324745035,2.7442297369833604,10.466988727858293,30.83064949006978,6.78341384863124,2.5563607085346214,
208,36.47342995169082,1.4090177133655395,8.957326892109501,2.737520128824477,10.393183038110575,30.723295759527645,6.749865807836822,2.5563607085346214,
209,36.594202898550726,1.4090177133655395,8.957326892109501,2.7241009125067097,10.38647342995169,30.649490069779926,6.723027375201288,2.5563607085346214,
210,36.83574879227053,1.4090177133655395,8.910359634997317,2.7241009125067097,10.332796564680622,30.54213633923779,6.709608158883521,2.536231884057971,
211,37.07729468599034,1.4090177133655395,8.910359634997317,2.690552871712292,10.299248523886206,30.381105743424584,6.696188942565755,2.536231884057971,
212,37.19135802469136,1.4090177133655395,8.883521202361782,2.6838432635534084,10.326086956521738,30.300590445517983,6.6760601180891035,2.5295222758990876,
213,37.446323134728935,1.4090177133655395,8.735909822866345,2.6838432635534084,10.299248523886206,30.246913580246915,6.6760601180891035,2.5026838432635534,
214,37.848899624261946,1.4090177133655395,8.68894256575416,2.6838432635534084,10.077831454643048,30.14626945786366,6.6760601180891035,2.4691358024691357,
215,37.05716586151369,1.4090177133655395,8.588298443370908,2.120236178207193,10.165056360708535,31.736446591519055,6.468062265163715,2.4557165861513686,
216,37.25845410628019,1.4090177133655395,8.480944712828771,2.1135265700483092,10.111379495437467,31.716317767042405,6.454643048845948,2.4557165861513686,
217,37.36580783682233,1.4090177133655395,8.474235104669887,2.1135265700483092,10.0979602791197,31.642512077294686,6.4412238325281805,2.4557165861513686,
218,37.74154589371981,1.4090177133655395,8.400429414922169,2.100107353730542,10.010735373054214,31.4747718733226,6.4412238325281805,2.4221685453569513,
219,37.0101986044015,1.4090177133655395,8.21256038647343,2.0933977455716586,9.836285560923242,33.25952764358561,5.756843800322061,2.4221685453569513,
220,37.21819645732689,1.4090177133655395,8.21256038647343,2.073268921095008,9.936929683306495,33.1454643048846,5.669618894256575,2.3349436392914655,
221,37.35238862050456,1.3955984970477724,8.205850778314547,2.0531400966183573,9.883252818035427,32.8569511540526,5.924584004294149,2.328234031132582,
222,37.69457863660762,1.3955984970477724,8.205850778314547,2.0531400966183573,9.769189479334408,32.648953301127214,5.904455179817498,2.328234031132582,
223,37.9092860976919,1.3888888888888888,8.172302737520129,2.0531400966183573,9.749060654857756,32.53488996242619,5.870907139023081,2.3215244229736984,
224,38.12399355877617,1.3687600644122384,8.172302737520129,2.0531400966183573,9.722222222222221,32.37385936661299,5.870907139023081,2.314814814814815,
225,38.399087493290395,1.3687600644122384,8.152173913043478,2.0531400966183573,9.688674181427805,31.82367149758454,6.219806763285024,2.2946859903381642,
226,38.439345142243695,1.3687600644122384,8.105206655931294,2.0531400966183573,9.648416532474503,31.447933440687063,6.655931293612453,2.281266774020397,
227,38.707729468599034,1.3687600644122384,8.105206655931294,2.0531400966183573,9.601449275362318,31.280193236714975,6.602254428341385,2.281266774020397,
228,38.868760064412236,1.3687600644122384,8.085077831454644,2.0397208803005906,9.574610842726784,31.179549114331724,6.602254428341385,2.281266774020397,
229,39.130434782608695,1.3687600644122384,8.031400966183575,2.0397208803005906,9.440418679549115,31.132581857219538,6.575415995705851,2.281266774020397,
230,39.45920558239399,1.2949543746645196,7.997852925389157,2.0263016639828235,9.39345142243693,31.0252281266774,6.521739130434782,2.281266774020397,
231,39.87520128824477,1.2748255501878691,7.971014492753623,2.0263016639828235,9.205582393988191,30.911164787976382,6.461352657004831,2.2745571658615136,
232,40.17042404723564,1.2748255501878691,7.971014492753623,2.006172839506173,9.158615136876007,30.756843800322063,6.400966183574879,2.2611379495437465,
233,40.344873859366615,1.2748255501878691,7.930756843800322,2.006172839506173,9.145195920558239,30.649490069779926,6.400966183574879,2.24771873322598,
234,40.61996779388084,1.2748255501878691,7.924047235641439,2.006172839506173,9.084809447128288,30.50187869028449,6.340579710144928,2.24771873322598,
235,40.66022544283414,1.2748255501878691,7.823403113258186,2.006172839506173,9.004294149221685,30.320719269994633,6.5552871712292005,2.3550724637681157,
236,40.747450348899626,1.2748255501878691,7.769726247987117,2.006172839506173,9.359903381642512,30.059044551798173,6.461352657004831,2.3215244229736984,
237,39.65378421900161,1.2748255501878691,9.816156736446592,3.099838969404187,9.312936124530328,28.20048309178744,6.333870101986044,2.3081052066559313,
238,39.982555018786904,1.2748255501878691,9.789318303811058,3.079710144927536,9.192163177670425,28.12667740203972,6.286902844873859,2.26784755770263,
239,40.123456790123456,1.2748255501878691,9.728931830381105,3.3480944712828773,8.93719806763285,28.032742887815353,6.286902844873859,2.26784755770263,
240,39.81481481481482,1.2748255501878691,10.185185185185185,3.3480944712828773,8.883521202361782,27.811325818572197,6.273483628556092,2.408749329039184,
241,40.183843263553406,1.2748255501878691,10.138217928073,3.2675791733762747,8.829844337090714,27.75764895330113,6.1929683306494905,2.3550724637681157,
242,40.3918411164788,1.2748255501878691,10.084541062801932,3.260869565217391,8.796296296296296,27.643585614600106,6.1929683306494905,2.3550724637681157,
243,37.74154589371981,1.221148684916801,8.876811594202898,3.2541599570585076,8.756038647342995,31.702898550724637,6.132581857219538,2.314814814814815,
244,37.86231884057971,1.221148684916801,8.84326355340848,3.2340311325818574,8.756038647342995,31.655931293612454,6.112453032742888,2.314814814814815,
245,38.157541599570585,1.221148684916801,8.776167471819646,3.1468062265163717,8.702361782071927,31.52173913043478,6.246645195920558,2.227589908749329,
246,38.29844337090714,1.221148684916801,8.735909822866345,3.1468062265163717,8.682232957595277,31.48148148148148,6.213097155126141,2.2208803005904456,
247,34.01771336553945,1.221148684916801,8.474235104669887,2.281266774020397,8.192431561996779,38.707729468599034,5.179817498658078,1.9256575415995705,
248,34.024422973698336,1.2144390767579174,8.454106280193237,2.6033279656468062,8.158883521202362,38.53327965646806,5.0858829844337095,1.9256575415995705,
249,34.39345142243693,1.2144390767579174,8.393719806763285,2.5697799248523885,8.145464304884594,38.31186258722491,5.045625335480408,1.9256575415995705,
250,34.68196457326892,1.2144390767579174,8.28636607622115,2.5697799248523885,8.125335480407944,38.17096081588835,5.025496511003757,1.9256575415995705,
251,34.91009125067096,1.2144390767579174,8.239398819108963,2.5697799248523885,8.071658615136876,38.04347826086956,5.025496511003757,1.9256575415995705,
252,35.11808910359635,1.2144390767579174,8.179012345679013,2.5496511003757383,8.071658615136876,37.94283413848631,4.998658078368224,1.9256575415995705,
253,35.487117552334944,1.2077294685990339,8.085077831454644,2.5496511003757383,7.997852925389157,37.74825550187869,4.998658078368224,1.9256575415995705,
254,35.90311325818572,1.2077294685990339,8.05823939881911,2.522812667740204,7.883789586688137,37.5402576489533,4.9651100375738055,1.9189479334406871,
255,36.211755233494365,1.1876006441223832,8.011272141706923,2.4825550187869028,7.856951154052603,37.38593666129898,4.944981213097155,1.9189479334406871,
256,36.48684916800859,1.1876006441223832,8.011272141706923,2.4825550187869028,7.796564680622652,37.19135802469136,4.924852388620504,1.9189479334406871,
257,36.81561996779388,1.1876006441223832,7.96430488459474,2.4825550187869028,7.669082125603865,37.0504562533548,4.924852388620504,1.90552871712292,
258,37.285292538915726,1.1876006441223832,7.9106280193236715,2.4825550187869028,7.628824476650563,36.68813741277509,4.911433172302737,1.90552871712292,
259,37.40606548577563,1.1876006441223832,7.897208803005904,2.4825550187869028,7.595276435856146,36.63446054750403,4.891304347826087,1.90552871712292,
260,37.69457863660762,1.1876006441223832,7.883789586688137,2.4825550187869028,7.561728395061729,36.460010735373054,4.884594739667204,1.8451422436929683,
261,37.72141706924316,1.1876006441223832,7.836822329575953,2.8247450348899625,7.541599570585078,36.3593666129898,4.757112184648417,1.7713365539452497,
262,38.31186258722491,1.1876006441223832,7.729468599033816,2.7241009125067097,7.521470746108427,36.030595813204506,4.723564143853999,1.7713365539452497,
263,38.419216317767045,1.1674718196457328,7.722758990874933,2.717391304347826,7.514761137949543,35.96349973161568,4.723564143853999,1.7713365539452497,
264,38.781535158346756,1.1674718196457328,7.64224369296833,2.985775630703167,7.454374664519592,35.72195383789587,4.676596886741814,1.570048309178744,
265,39.08346752549651,1.1674718196457328,7.575147611379496,2.952227589908749,7.454374664519592,35.587761674718195,4.643048845947397,1.5365002683843263,
266,39.2512077294686,1.1674718196457328,7.541599570585078,2.932098765432099,7.4208266237251745,35.507246376811594,4.643048845947397,1.5365002683843263,
