,45,50,51,52,55,54,56,53,57,58
0,100.0,,,,,,,,,
1,99.08749329039185,0.9125067096081588,,,,,,,,
2,98.89291465378422,1.107085346215781,,,,,,,,
3,93.06897477187333,6.9310252281266775,,,,,,,,
4,92.9951690821256,7.004830917874396,,,,,,,,
5,87.48658078368223,12.513419216317766,,,,,,,,
6,87.1779388083736,12.822061191626409,,,,,,,,
7,86.33252818035427,13.506441223832528,0.1610305958132045,,,,,,,
8,86.0373054213634,13.801663982823403,0.1610305958132045,,,,,,,
9,86.05072463768116,13.788244766505636,0.1610305958132045,,,,,,,
10,85.92324208266237,13.915727321524423,0.1610305958132045,,,,,,,
11,84.15190552871712,13.150831991411701,0.1610305958132045,2.536231884057971,,,,,,
12,83.83655394524959,13.352120236178207,0.1610305958132045,2.6502952227589907,,,,,,
13,83.93719806763285,13.298443370907139,0.1610305958132045,2.6033279656468062,,,,,,
14,83.93048845947396,12.754965110037574,2.167203435319377,1.1473429951690821,,,,,,
15,66.7740203972088,29.944981213097154,2.13365539452496,1.1473429951690821,,,,,,
16,66.72034353193773,29.998658078368223,2.13365539452496,1.1473429951690821,,,,,,
17,64.95571658615137,31.76328502415459,2.13365539452496,1.1473429951690821,,,,,,
18,62.80864197530864,33.923778851315085,2.120236178207193,1.1473429951690821,,,,,,
19,62.80864197530864,33.923778851315085,2.120236178207193,1.1473429951690821,,,,,,
20,62.82877079978529,33.903650026838434,2.120236178207193,1.1473429951690821,,,,,,
21,58.55475040257649,35.98362855609233,4.314278046162104,1.1473429951690821,,,,,,
22,54.690016103059584,39.74771873322598,4.200214707461084,1.1473429951690821,0.2147074610842727,,,,,
23,54.8040794417606,39.63365539452496,4.200214707461084,1.1473429951690821,0.2147074610842727,,,,,
24,54.74369296833065,38.61379495437466,5.314009661835748,1.1137949543746646,0.2147074610842727,,,,,
25,54.51556629092861,38.57353730542136,5.314009661835748,1.1137949543746646,0.18115942028985507,0.30193236714975846,,,,
26,49.35587761674718,40.27777777777778,8.769457863660762,1.1137949543746646,0.18115942028985507,0.30193236714975846,,,,
27,49.28878153515835,40.344873859366615,8.769457863660762,1.1137949543746646,0.18115942028985507,0.30193236714975846,,,,
28,49.45652173913044,40.17713365539453,8.769457863660762,1.1137949543746646,0.18115942028985507,0.30193236714975846,,,,
29,49.63768115942029,40.002683843263554,8.76274825550188,1.1137949543746646,0.18115942028985507,0.30193236714975846,,,,
30,42.673107890499196,48.52388620504563,8.319914117015566,,0.18115942028985507,0.30193236714975846,,,,
31,42.60601180891036,48.450080515297905,8.266237251744498,,0.18115942028985507,0.49651100375738055,,,,
32,42.310789049919485,47.77241009125067,8.225979602791197,1.0131508319914118,0.18115942028985507,0.49651100375738055,,,,
33,42.290660225442835,43.833870101986044,8.225979602791197,4.656468062265164,0.18115942028985507,0.49651100375738055,0.3153515834675255,,,
34,40.82125603864734,45.08185721953838,8.111916264090176,4.656468062265164,0.5166398282340311,0.49651100375738055,0.3153515834675255,,,
35,40.955448201825014,45.08185721953838,7.977724100912507,4.656468062265164,0.5166398282340311,0.49651100375738055,0.3153515834675255,,,
36,40.975577026301664,45.06172839506173,7.977724100912507,4.602791196994096,0.5166398282340311,0.5501878690284487,0.3153515834675255,,,
37,40.955448201825014,43.01529790660226,7.96430488459474,4.602791196994096,2.0397208803005906,1.107085346215781,0.3153515834675255,,,
38,41.0829307568438,41.67337627482555,7.96430488459474,4.602791196994096,3.2742887815351582,1.0869565217391304,0.3153515834675255,,,
39,40.754159957058505,41.88137412775094,7.96430488459474,4.5893719806763285,3.408480944712829,1.0869565217391304,0.3153515834675255,,,
40,38.727858293075684,42.78046162104133,7.96430488459474,4.448470209339774,3.5963499731615673,2.227589908749329,0.2549651100375738,,,
41,38.781535158346756,42.7536231884058,7.628824476650563,4.448470209339774,3.9318303811057436,2.200751476113795,0.2549651100375738,,,
42,38.81508319914117,42.20343531937735,7.628824476650563,4.441760601180891,2.885131508319914,2.200751476113795,0.24825550187869028,1.5767579173376274,,
43,38.93585614600107,41.438539989264626,7.628824476650563,4.414922168545357,2.8650026838432634,3.113258185721954,0.24825550187869028,1.3553408480944713,,
44,36.68142780461621,43.49838969404187,7.628824476650563,3.1468062265163717,3.066290928609769,3.079710144927536,0.24825550187869028,2.6502952227589907,,
45,36.71497584541063,43.49838969404187,7.595276435856146,3.1468062265163717,3.066290928609769,3.079710144927536,0.24825550187869028,2.6502952227589907,,
46,36.68813741277509,43.23000536768653,7.595276435856146,3.3682232957595275,3.140096618357488,3.079710144927536,0.24825550187869028,2.6502952227589907,,
47,36.18491680085883,42.03569511540526,8.480944712828771,3.3682232957595275,3.140096618357488,3.8915727321524423,0.24825550187869028,2.6502952227589907,,
48,35.34621578099839,42.74691358024691,8.628556092324208,3.3480944712828773,3.140096618357488,3.8915727321524423,0.24825550187869028,2.6502952227589907,,
49,35.42002147074611,42.169887278582934,8.917069243156199,3.3480944712828773,3.3682232957595275,3.6768652710681695,0.24825550187869028,2.8515834675254963,,
50,35.601180891035966,42.0222758990875,8.910359634997317,3.3480944712828773,3.3413848631239937,3.6768652710681695,0.24825550187869028,2.8515834675254963,,
51,34.594739667203434,39.83494363929147,8.467525496511003,7.024959742351046,3.7104133118625873,3.6768652710681695,0.24825550187869028,2.442297369833602,,
52,34.62157809983897,39.80810520665593,8.467525496511003,7.024959742351046,3.7104133118625873,3.6768652710681695,0.24825550187869028,2.442297369833602,,
53,34.66854535695116,39.78797638217928,8.460815888352121,7.024959742351046,3.7104133118625873,3.656736446591519,0.24825550187869028,2.442297369833602,,
54,33.64868491680086,40.50590445517982,8.447396672034353,7.024959742351046,4.025764895330113,3.656736446591519,0.24825550187869028,2.442297369833602,,
55,33.78958668813741,40.304616210413315,8.447396672034353,7.024959742351046,4.1129898013955986,3.656736446591519,0.24825550187869028,2.4154589371980677,,
56,33.73590982286635,38.47289318303811,8.447396672034353,7.024959742351046,2.7844873859366612,7.018250134192163,0.24825550187869028,2.26784755770263,,
57,33.3467525496511,38.258185721953836,7.716049382716049,8.702361782071927,2.7844873859366612,6.6760601180891035,0.24825550187869028,2.26784755770263,,
58,33.58829844337091,38.177670424047236,7.716049382716049,8.702361782071927,2.7844873859366612,6.649221685453569,0.24825550187869028,2.13365539452496,,
59,28.509125067096083,45.66559312936125,7.716049382716049,8.085077831454644,2.8113258185721954,5.146269457863661,,2.0665593129361244,,
60,28.690284487385938,45.04159957058508,7.716049382716049,8.044820182501342,3.294417606011809,5.146269457863661,,2.0665593129361244,,
61,27.489264626945786,46.30971551261406,7.669082125603865,7.897208803005904,3.421900161030596,5.146269457863661,,2.0665593129361244,,
62,27.469135802469136,46.03462157809984,7.669082125603865,7.877079978529254,3.7372517444981215,5.146269457863661,,2.0665593129361244,,
63,27.482555018786904,45.56494900697799,7.628824476650563,7.877079978529254,4.233762748255502,5.146269457863661,,2.0665593129361244,,
64,27.549651100375737,45.49785292538916,7.628824476650563,7.877079978529254,4.233762748255502,5.146269457863661,,2.0665593129361244,,
65,27.677133655394524,45.24288781535159,7.628824476650563,7.877079978529254,4.233762748255502,5.280461621041331,,2.059849704777241,,
66,26.898819108964037,42.693236714975846,10.95679012345679,7.877079978529254,4.233762748255502,5.280461621041331,,2.059849704777241,,
67,27.046430488459475,42.47852925389157,10.903113258185721,7.75630703166935,4.4753086419753085,5.280461621041331,,2.059849704777241,,
68,26.8719806763285,42.652979066022546,10.903113258185721,7.75630703166935,4.4753086419753085,5.280461621041331,,2.059849704777241,,
69,26.918947933440688,42.60601180891036,10.903113258185721,7.75630703166935,4.750402576489533,5.032206119162641,,2.033011272141707,,
70,27.026301663982824,42.49194847020934,10.896403650026839,7.769726247987117,4.750402576489533,5.032206119162641,,2.033011272141707,,
71,27.073268921095007,42.17659688674181,10.869565217391305,7.997852925389157,4.723564143853999,5.159688674181428,,1.9994632313472893,,
72,27.106816961889425,42.1027911969941,10.869565217391305,7.997852925389157,4.609500805152979,5.314009661835748,,1.9994632313472893,,
73,27.106816961889425,41.076221148684915,10.84272678475577,7.977724100912507,5.776972624798712,5.233494363929147,,1.9860440150295222,,
74,26.67740203972088,41.54589371980676,10.84272678475577,7.971014492753623,5.756843800322061,5.22007514761138,,1.9860440150295222,,
75,26.86527106816962,41.398282340311326,10.84272678475577,7.971014492753623,5.730005367686527,5.2066559312936125,,1.9860440150295222,,
76,27.006172839506174,41.22383252818035,10.84272678475577,7.944176060118089,5.790391841116479,5.2066559312936125,,1.9860440150295222,,
77,26.90552871712292,40.31132581857219,11.426462694578637,8.252818035426731,5.676328502415459,5.441492216854535,,1.9860440150295222,,
78,26.959205582393988,37.72141706924316,11.104401502952227,7.011540526033279,5.367686527106817,6.810252281266774,,5.025496511003757,,
79,27.01959205582394,37.7012882447665,11.077563070316694,7.011540526033279,5.367686527106817,6.810252281266774,,5.01207729468599,,
80,27.214170692431562,37.6610305958132,11.030595813204508,7.011540526033279,5.3274288781535155,6.743156199677939,,5.01207729468599,,
81,23.658078368223297,37.60064412238325,14.36527106816962,6.998121309715513,5.636070853462158,6.488191089640365,,5.253623188405797,,
82,23.691626409017715,37.58722490606549,14.36527106816962,6.998121309715513,5.615942028985507,6.488191089640365,,5.253623188405797,,
83,24.12775093934514,37.17122920021471,14.36527106816962,6.998121309715513,5.320719269994632,6.78341384863124,,5.233494363929147,,
84,24.22168545356951,37.07058507783145,14.36527106816962,6.964573268921095,5.280461621041331,6.89747718733226,,5.199946323134729,,
85,24.27536231884058,36.761943102522814,14.445786366076222,7.139023081052066,5.280461621041331,6.89747718733226,,5.199946323134729,,
86,24.3894256575416,36.47342995169082,14.345142243692969,7.051798174986581,5.501878690284487,6.89747718733226,,5.340848094471283,,
87,24.382716049382715,36.29898013955985,14.318303811057435,7.051798174986581,5.783682232957595,7.018250134192163,,5.146269457863661,,
88,24.228395061728396,36.3996242619431,13.486312399355878,7.051798174986581,5.709876543209877,6.998121309715513,,6.125872249060655,,
89,24.10762211486849,36.553945249597426,13.486312399355878,7.018250134192163,5.709876543209877,6.998121309715513,,6.125872249060655,,
90,23.98684916800859,36.78878153515835,13.486312399355878,7.018250134192163,5.595813204508857,6.998121309715513,,6.125872249060655,,
91,24.10091250670961,36.67471819645733,13.486312399355878,7.018250134192163,5.595813204508857,6.998121309715513,,6.125872249060655,,
92,24.134460547504027,36.500268384326354,13.486312399355878,6.998121309715513,5.756843800322061,6.998121309715513,,6.125872249060655,,
93,23.825818572195384,36.58749329039184,13.486312399355878,6.957863660762212,5.756843800322061,6.998121309715513,,6.387546967257112,,
94,23.832528180354267,36.52710681696189,13.486312399355878,6.877348362855609,5.756843800322061,7.132313472893183,,6.387546967257112,,
95,23.866076221148685,36.52710681696189,13.486312399355878,6.863929146537842,5.756843800322061,7.132313472893183,,6.367418142780462,,
96,23.59098228663446,36.231884057971016,11.466720343531938,10.131508319914117,4.944981213097155,7.125603864734299,0.14090177133655393,6.367418142780462,,
97,22.765700483091788,34.96376811594203,11.446591519055287,13.09044551798175,4.730273752012883,6.494900697799249,0.14090177133655393,6.367418142780462,,
98,22.893183038110575,34.93022007514761,11.446591519055287,13.09044551798175,4.730273752012883,6.494900697799249,0.14090177133655393,6.273483628556092,,
99,22.993827160493826,34.816156736446594,11.446591519055287,13.09044551798175,4.730273752012883,6.494900697799249,0.14090177133655393,6.286902844873859,,
100,21.87332259796028,36.07085346215781,11.33923778851315,13.077026301663983,4.730273752012883,6.494900697799249,0.14090177133655393,6.273483628556092,,
101,21.920289855072465,35.85614600107354,11.33923778851315,12.869028448738593,4.817498658078368,6.494900697799249,0.14090177133655393,6.561996779388084,,
102,22.041062801932366,35.829307568438004,11.325818572195384,12.869028448738593,4.804079441760601,6.4345142243692965,0.14090177133655393,6.5552871712292005,,
103,22.21551261406334,35.7487922705314,11.265432098765432,12.842190016103059,4.804079441760601,6.4345142243692965,0.14090177133655393,6.5485775630703165,,
104,22.25577026301664,35.0979602791197,11.117820719269995,13.707729468599034,4.790660225442834,6.347289318303811,0.14090177133655393,6.541867954911433,,
105,22.342995169082126,35.0979602791197,11.117820719269995,13.633923778851315,4.790660225442834,6.333870101986044,0.14090177133655393,6.541867954911433,,
106,22.423510466988727,35.04428341384863,11.09098228663446,13.633923778851315,4.790660225442834,6.333870101986044,0.14090177133655393,6.541867954911433,,
107,22.61808910359635,34.88325281803543,10.628019323671497,13.580246913580247,4.790660225442834,6.3137412775093935,0.14090177133655393,7.0450885668276975,,
108,22.67176596886742,34.84299516908212,10.628019323671497,13.56682769726248,4.790660225442834,6.3137412775093935,0.14090177133655393,7.0450885668276975,,
109,22.81266774020397,34.76918947933441,10.628019323671497,13.546698872785829,4.790660225442834,6.266774020397209,0.14090177133655393,7.0450885668276975,,
110,22.852925389157274,34.72893183038111,10.628019323671497,13.546698872785829,4.790660225442834,6.266774020397209,0.14090177133655393,7.0450885668276975,,
111,22.376543209876544,34.39345142243693,12.258454106280194,12.795222758990874,4.790660225442834,6.125872249060655,0.2147074610842727,7.0450885668276975,,
112,22.52415458937198,34.09822866344606,12.245034889962426,13.070316693505099,4.770531400966184,6.125872249060655,0.2147074610842727,6.951154052603328,,
113,22.544283413848632,34.07809983896941,12.245034889962426,13.070316693505099,4.770531400966184,6.125872249060655,0.2147074610842727,6.951154052603328,,
114,20.417337627482556,30.005367686527105,23.275630703166936,10.238862050456254,4.777241009125067,5.770263016639828,0.14090177133655393,5.374396135265701,,
115,20.591787439613526,29.851046698872786,23.07434245840043,10.735373054213634,4.703435319377348,5.528717122920021,0.14090177133655393,5.374396135265701,,
116,20.699141170155663,29.810789049919485,22.785829307568438,11.20504562533548,4.455179817498658,5.528717122920021,0.14090177133655393,5.374396135265701,,
117,20.699141170155663,29.7638217928073,22.920021470746107,11.117820719269995,4.455179817498658,5.528717122920021,0.14090177133655393,5.374396135265701,,
118,21.182232957595275,29.139828234031132,22.79253891572732,11.117820719269995,4.723564143853999,5.528717122920021,0.14090177133655393,5.374396135265701,,
119,21.14868491680086,28.005904455179817,22.758990874932906,11.077563070316694,4.636339237788513,5.528717122920021,0.14090177133655393,6.702898550724638,,
120,20.725979602791195,28.502415458937197,22.75228126677402,11.077563070316694,4.602791196994096,5.528717122920021,0.14090177133655393,6.66935050993022,,
121,20.739398819108963,28.488996242619432,22.75228126677402,11.077563070316694,4.602791196994096,5.528717122920021,0.14090177133655393,6.66935050993022,,
122,20.437466451959207,28.629898013955984,22.73886205045625,11.003757380568974,4.770531400966184,5.515297906602254,0.14090177133655393,6.763285024154589,,
123,20.52469135802469,28.31454643048846,22.67176596886742,10.93666129898014,4.770531400966184,5.515297906602254,0.14090177133655393,7.058507783145465,0.06709608158883522,
124,20.98094471282877,28.20048309178744,22.289318303811058,11.191626409017713,4.770531400966184,5.515297906602254,0.14090177133655393,6.843800322061192,0.06709608158883522,
125,21.26274825550188,27.985775630703166,22.25577026301664,11.191626409017713,4.783950617283951,5.495169082125604,0.14090177133655393,6.816961889425658,0.06709608158883522,
126,21.101717659688674,27.13365539452496,20.88030059044552,12.614063338701019,4.5893719806763285,5.173107890499195,0.14090177133655393,8.299785292538916,0.06709608158883522,
127,21.135265700483092,27.033011272141707,20.86688137412775,12.614063338701019,4.669887278582931,5.173107890499195,0.14090177133655393,8.299785292538916,0.06709608158883522,
128,21.316425120772948,26.952495974235106,20.833333333333332,12.614063338701019,4.669887278582931,5.132850241545894,0.14090177133655393,8.272946859903382,0.06709608158883522,
129,21.20907139023081,26.630434782608695,20.44417606011809,12.614063338701019,5.0858829844337095,5.132850241545894,0.14090177133655393,8.675523349436393,0.06709608158883522,
130,20.933977455716587,26.321792807300053,20.44417606011809,12.614063338701019,4.830917874396135,4.522275899087493,0.14090177133655393,10.124798711755233,0.06709608158883522,
131,21.00107353730542,26.29495437466452,20.44417606011809,12.573805689747719,4.830917874396135,4.522275899087493,0.14090177133655393,10.124798711755233,0.06709608158883522,
132,21.054750402576488,26.25469672571122,20.242887815351583,12.573805689747719,5.179817498658078,4.522275899087493,0.2281266774020397,9.876543209876543,0.06709608158883522,
133,21.121846484165324,26.221148684916802,19.97450348899624,12.5402576489533,5.166398282340311,4.824208266237251,0.2281266774020397,9.856414385399892,0.06709608158883522,
134,21.22920021470746,26.187600644122384,19.94766505636071,12.493290391841116,5.166398282340311,4.824208266237251,0.2281266774020397,9.856414385399892,0.06709608158883522,
135,21.202361782071925,26.234567901234566,19.94766505636071,12.493290391841116,5.159688674181428,4.824208266237251,0.2281266774020397,9.842995169082126,0.06709608158883522,
136,21.32313472893183,25.6105743424584,19.618894256575416,13.01663982823403,5.139559849704777,5.253623188405797,0.2281266774020397,9.742351046698873,0.06709608158883522,
137,21.410359634997317,25.5703166935051,19.585346215780998,13.01663982823403,5.0993022007514766,5.253623188405797,0.2281266774020397,9.769189479334408,0.06709608158883522,
138,21.692163177670423,25.328770799785293,19.47128287707998,12.889157273215245,5.0858829844337095,5.495169082125604,0.2281266774020397,9.742351046698873,0.06709608158883522,
139,21.443907675791735,25.187869028448738,19.276704240472355,12.701288244766506,5.146269457863661,5.045625335480408,0.2281266774020397,10.701825013419215,0.2683843263553409,
140,21.40365002683843,25.120772946859905,19.384057971014492,12.701288244766506,5.146269457863661,5.045625335480408,0.2281266774020397,10.701825013419215,0.2683843263553409,
141,21.35668276972625,24.993290391841118,19.363929146537842,12.701288244766506,5.146269457863661,5.018786902844874,0.2281266774020397,10.923242082662373,0.2683843263553409,
142,21.67874396135266,24.932903918411164,19.14922168545357,12.68786902844874,5.146269457863661,4.985238862050457,0.2281266774020397,10.923242082662373,0.2683843263553409,
143,21.806226516371442,24.879227053140095,19.14922168545357,12.647611379495437,5.146269457863661,4.9651100375738055,0.2281266774020397,10.909822866344605,0.2683843263553409,
144,21.906870638754697,24.879227053140095,19.129092860976918,12.721417069243156,5.0993022007514766,4.9651100375738055,0.2281266774020397,10.802469135802468,0.2683843263553409,
145,22.088030059044552,24.832259796027913,19.07541599570585,12.694578636607622,5.0791733762748255,4.944981213097155,0.2281266774020397,10.789049919484702,0.2683843263553409,
146,22.497316156736446,24.771873322597962,18.853998926462694,12.634192163177671,5.0791733762748255,4.944981213097155,0.2281266774020397,10.721953837895867,0.2683843263553409,
147,22.537573805689746,24.751744498121308,18.78690284487386,13.519860440150294,4.38137412775094,4.944981213097155,0.2281266774020397,10.581052066559312,0.2683843263553409,
148,22.69860440150295,24.57729468599034,18.766774020397207,13.539989264626946,4.213633923778851,5.038915727321524,0.2281266774020397,10.46027911969941,0.47638217928073,
149,22.82608695652174,23.95330112721417,16.51905528717123,15.653515834675256,4.87788513150832,5.032206119162641,0.2281266774020397,10.433440687063875,0.47638217928073,
150,22.966988727858293,23.8191089640365,16.411701556629094,15.391841116478798,4.87788513150832,5.246913580246914,0.2281266774020397,10.581052066559312,0.47638217928073,
151,21.93370907139023,23.007246376811594,25.939345142243692,9.708803005904455,4.528985507246377,4.74369296833065,0.2281266774020397,9.702093397745571,0.20799785292538917,
152,22.168545356951153,22.913311862587225,25.87224906065486,9.708803005904455,4.49543746645196,4.730273752012883,0.2281266774020397,9.675254965110037,0.20799785292538917,
153,22.363123993558776,22.913311862587225,25.717928073000536,9.695383789586689,4.49543746645196,4.703435319377348,0.2281266774020397,9.675254965110037,0.20799785292538917,
154,22.470477724100913,22.84621578099839,25.677670424047236,9.695383789586689,4.49543746645196,4.703435319377348,0.2281266774020397,9.675254965110037,0.20799785292538917,
155,22.785829307568438,22.65834675254965,25.577026301663984,9.668545356951155,4.49543746645196,4.703435319377348,0.2281266774020397,9.675254965110037,0.20799785292538917,
156,23.07434245840043,22.537573805689746,25.523349436392916,9.634997316156737,4.49543746645196,4.622920021470746,0.2281266774020397,9.675254965110037,0.20799785292538917,
157,23.329307568438004,22.537573805689746,25.45625335480408,9.608158883521202,4.488727858293076,4.562533548040794,0.2281266774020397,9.581320450885668,0.20799785292538917,
158,23.752012882447666,22.430220075147613,25.11406333870102,9.561191626409018,4.884594739667204,4.562533548040794,0.2281266774020397,9.312936124530328,0.15432098765432098,
159,23.89291465378422,22.430220075147613,25.11406333870102,9.561191626409018,4.884594739667204,4.562533548040794,0.2281266774020397,9.172034353193773,0.15432098765432098,
160,23.95330112721417,22.41009125067096,25.11406333870102,9.520933977455716,4.884594739667204,4.562533548040794,0.2281266774020397,9.172034353193773,0.15432098765432098,
161,24.188137412775095,22.33628556092324,25.0805152979066,9.440418679549115,4.871175523349437,4.555823939881911,0.2281266774020397,9.145195920558239,0.15432098765432098,
162,24.4296833064949,22.16183574879227,25.0402576489533,9.440418679549115,4.871175523349437,4.555823939881911,0.2281266774020397,9.118357487922705,0.15432098765432098,
163,24.4296833064949,22.16183574879227,25.0402576489533,9.440418679549115,4.871175523349437,4.555823939881911,0.2281266774020397,9.118357487922705,0.15432098765432098,
164,24.4296833064949,22.10144927536232,24.86580783682233,9.440418679549115,5.10601180891036,4.555823939881911,0.2281266774020397,9.118357487922705,0.15432098765432098,
165,24.302200751476114,22.363123993558776,24.590713902308106,9.440418679549115,5.0791733762748255,4.723564143853999,0.2281266774020397,9.118357487922705,0.15432098765432098,
166,24.329039184111647,22.34970477724101,24.590713902308106,9.426999463231347,5.0791733762748255,4.723564143853999,0.2281266774020397,9.118357487922705,0.15432098765432098,
167,24.02710681696189,21.926999463231347,25.335480407944175,9.426999463231347,5.0791733762748255,4.703435319377348,0.2281266774020397,9.118357487922705,0.15432098765432098,
168,24.154589371980677,21.926999463231347,25.268384326355342,9.366612989801396,5.0791733762748255,4.703435319377348,0.2281266774020397,9.118357487922705,0.15432098765432098,
169,24.14787976382179,21.900161030595815,26.006441223832528,8.709071390230811,5.0791733762748255,4.703435319377348,0.2281266774020397,9.07139023081052,0.15432098765432098,
170,24.416264090177133,21.712292002147073,25.91250670960816,8.655394524959743,4.958400429414922,4.703435319377348,0.2281266774020397,9.25925925925926,0.15432098765432098,
171,24.476650563607084,21.672034353193773,26.100375738056897,8.621846484165324,4.938271604938271,4.696725711218465,0.2281266774020397,9.111647879763822,0.15432098765432098,
172,24.4296833064949,21.631776704240472,25.758185721953836,8.601717659688674,5.213365539452496,4.696725711218465,0.4830917874396135,9.03113258185722,0.15432098765432098,
173,24.362587224906065,21.598228663446054,23.64465915190553,11.003757380568974,5.213365539452496,4.502147074610843,0.4830917874396135,8.99087493290392,0.20128824476650564,
174,24.3894256575416,21.584809447128286,23.63123993558776,11.003757380568974,5.213365539452496,4.502147074610843,0.4830917874396135,8.99087493290392,0.20128824476650564,
175,24.40955448201825,21.557971014492754,23.19511540526033,11.003757380568974,5.367686527106817,4.502147074610843,0.7716049382716049,8.99087493290392,0.20128824476650564,
176,24.58400429414922,21.490874932903917,23.07434245840043,10.876274825550189,5.528717122920021,4.49543746645196,0.7716049382716049,8.977455716586151,0.20128824476650564,
177,24.684648416532475,21.410359634997317,23.05421363392378,10.876274825550189,5.528717122920021,4.49543746645196,0.7716049382716049,8.977455716586151,0.20128824476650564,
178,24.798711755233494,21.28287707997853,23.040794417606012,10.86285560923242,5.508588298443371,4.435050993022007,0.7716049382716049,8.984165324745035,0.20128824476650564,0.11406333870101985
179,25.046967257112186,21.276167471819647,22.913311862587225,10.782340311325818,5.475040257648954,4.435050993022007,0.7716049382716049,8.984165324745035,0.20128824476650564,0.11406333870101985
180,25.40257648953301,21.175523349436393,22.20209339774557,10.648148148148149,5.475040257648954,5.038915727321524,0.7716049382716049,8.970746108427267,0.20128824476650564,0.11406333870101985
181,24.46323134728932,21.18894256575416,22.457058507783145,12.573805689747719,5.132850241545894,4.985238862050457,0.7716049382716049,8.111916264090176,0.20128824476650564,0.11406333870101985
182,23.523886205045624,23.409822866344605,21.926999463231347,11.949812130971551,5.112721417069243,4.87788513150832,0.7716049382716049,8.111916264090176,0.20128824476650564,0.11406333870101985
183,23.47691894793344,22.987117552334944,22.054482018250134,11.949812130971551,5.112721417069243,4.87788513150832,0.7716049382716049,8.454106280193237,0.20128824476650564,0.11406333870101985
184,23.416532474503487,22.987117552334944,21.67874396135266,11.842458400429415,5.522007514761138,4.87788513150832,0.7716049382716049,8.588298443370908,0.20128824476650564,0.11406333870101985
185,23.55072463768116,22.953569511540525,21.70558239398819,11.688137412775093,5.522007514761138,4.85775630703167,0.8856682769726248,8.521202361782072,0.20128824476650564,0.11406333870101985
186,23.658078368223297,22.953569511540525,21.638486312399355,11.688137412775093,5.508588298443371,4.851046698872786,0.8856682769726248,8.501073537305421,0.20128824476650564,0.11406333870101985
187,23.778851315083198,22.873054213633925,21.638486312399355,11.654589371980677,5.501878690284487,4.851046698872786,0.8856682769726248,8.501073537305421,0.20128824476650564,0.11406333870101985
188,23.886205045625335,22.81266774020397,21.276167471819647,11.600912506709609,5.488459473966721,4.8443370907139025,0.8319914117015567,8.943907675791733,0.20128824476650564,0.11406333870101985
189,24.060654857756308,22.758990874932906,21.22920021470746,11.560654857756306,5.46833064949007,4.8443370907139025,0.8319914117015567,8.930488459473967,0.20128824476650564,0.11406333870101985
190,24.033816425120772,22.73886205045625,21.202361782071925,11.882716049382717,5.4616210413311865,4.770531400966184,0.8319914117015567,8.76274825550188,0.20128824476650564,0.11406333870101985
191,24.14117015566291,22.65834675254965,21.027911969940956,11.882716049382717,5.542136339237788,4.770531400966184,0.9192163177670424,8.742619431025227,0.20128824476650564,0.11406333870101985
192,24.02710681696189,22.48389694041868,21.202361782071925,11.808910359634996,5.522007514761138,5.018786902844874,0.9192163177670424,8.702361782071927,0.20128824476650564,0.11406333870101985
193,24.154589371980677,22.450348899624263,21.202361782071925,11.782071926999464,5.508588298443371,4.978529253891573,0.9192163177670424,8.702361782071927,0.20128824476650564,0.10064412238325282
194,24.22168545356951,22.436929683306495,21.162104133118625,11.855877616747183,5.508588298443371,4.944981213097155,0.9192163177670424,8.648684916800859,0.20128824476650564,0.10064412238325282
195,24.349168008588297,22.33628556092324,21.141975308641975,11.641170155662909,5.501878690284487,4.944981213097155,1.133923778851315,8.648684916800859,0.20128824476650564,0.10064412238325282
196,24.50348899624262,22.31615673644659,21.041331186258724,11.60762211486849,5.562265163714439,4.938271604938271,1.133923778851315,8.59500805152979,0.20128824476650564,0.10064412238325282
197,24.644390767579175,22.282608695652176,20.947396672034355,11.60762211486849,5.562265163714439,4.938271604938271,1.1205045625335481,8.59500805152979,0.20128824476650564,0.10064412238325282
198,24.644390767579175,22.282608695652176,20.947396672034355,11.60762211486849,5.562265163714439,4.938271604938271,1.1205045625335481,8.59500805152979,0.20128824476650564,0.10064412238325282
199,24.97987117552335,21.926999463231347,20.913848631239937,11.58749329039184,5.683038110574342,4.938271604938271,1.1205045625335481,8.548040794417606,0.20128824476650564,0.10064412238325282
200,23.362855609232422,21.3768115942029,24.08078368223296,11.104401502952227,5.515297906602254,4.723564143853999,1.1205045625335481,8.413848631239935,0.20128824476650564,0.10064412238325282
201,23.67149758454106,21.18894256575416,23.980139559849704,11.09098228663446,5.508588298443371,4.723564143853999,1.1205045625335481,8.413848631239935,0.20128824476650564,0.10064412238325282
202,23.792270531400966,21.155394524959743,23.89291465378422,11.09098228663446,5.508588298443371,4.723564143853999,1.1205045625335481,8.413848631239935,0.20128824476650564,0.10064412238325282
203,23.859366612989803,21.141975308641975,23.89291465378422,10.970209339774557,5.488459473966721,4.723564143853999,1.1205045625335481,8.501073537305421,0.20128824476650564,0.10064412238325282
204,24.013687600644122,21.128556092324207,23.839237788513152,10.929951690821255,5.448201825013419,4.7168545356951155,1.1205045625335481,8.501073537305421,0.20128824476650564,0.10064412238325282
205,24.094202898550726,21.115136876006442,23.70504562533548,10.929951690821255,5.441492216854535,4.7168545356951155,1.1205045625335481,8.57487922705314,0.20128824476650564,0.10064412238325282
206,24.134460547504027,21.054750402576488,23.658078368223297,10.929951690821255,5.441492216854535,4.676596886741814,1.1205045625335481,8.682232957595277,0.20128824476650564,0.10064412238325282
207,23.980139559849704,20.873590982286636,24.168008588298445,10.88298443370907,5.441492216854535,4.334406870638754,1.4090177133655395,8.608427267847558,0.20128824476650564,0.10064412238325282
208,24.261943102522814,20.853462157809982,24.168008588298445,10.815888352120236,5.441492216854535,4.139828234031133,1.4090177133655395,8.608427267847558,0.20128824476650564,0.10064412238325282
209,24.315619967793882,20.8467525496511,24.12104133118626,10.815888352120236,5.441492216854535,4.139828234031133,1.4090177133655395,8.608427267847558,0.20128824476650564,0.10064412238325282
210,24.362587224906065,20.665593129361245,24.08749329039184,10.809178743961352,5.421363392377885,4.012345679012346,1.4090177133655395,8.930488459473967,0.20128824476650564,0.10064412238325282
211,23.70504562533548,21.34326355340848,24.00697799248524,10.768921095008052,5.555555555555555,4.012345679012346,1.3754696725711217,8.930488459473967,0.20128824476650564,0.10064412238325282
212,24.04723564143854,21.202361782071925,23.95330112721417,10.735373054213634,5.555555555555555,4.012345679012346,1.328502415458937,8.863392377885132,0.20128824476650564,0.10064412238325282
213,24.06736446591519,21.195652173913043,23.95330112721417,10.735373054213634,5.555555555555555,4.012345679012346,1.328502415458937,8.849973161567364,0.20128824476650564,0.10064412238325282
214,24.12775093934514,21.108427267847556,24.255233494363928,10.809178743961352,5.542136339237788,3.750670960815888,1.328502415458937,8.776167471819646,0.20128824476650564,0.10064412238325282
215,24.4296833064949,21.048040794417606,24.04723564143854,10.721953837895867,5.542136339237788,3.750670960815888,1.3150831991411702,8.76274825550188,0.28180354267310787,0.10064412238325282
216,24.570585077831456,20.9272678475577,24.04723564143854,10.721953837895867,5.642780461621041,3.656736446591519,1.3150831991411702,8.76274825550188,0.28180354267310787,0.07380568974771873
217,24.792002147074612,20.913848631239937,23.852657004830917,10.721953837895867,5.642780461621041,3.656736446591519,1.3150831991411702,8.749329039184111,0.28180354267310787,0.07380568974771873
218,24.704777241009126,20.78636607622115,23.993558776167472,10.721953837895867,5.629361245303274,3.824476650563607,1.3150831991411702,8.668813741277509,0.28180354267310787,0.07380568974771873
219,24.261943102522814,20.263016639828233,24.892646269457863,11.057434245840042,5.60252281266774,3.824476650563607,1.3150831991411702,8.427267847557703,0.28180354267310787,0.07380568974771873
220,24.349168008588297,20.2361782071927,24.671229200214707,11.044015029522276,5.60252281266774,3.81105743424584,1.3150831991411702,8.61513687600644,0.28180354267310787,0.07380568974771873
221,24.671229200214707,20.061728395061728,24.651100375738057,10.95679012345679,5.58239398819109,3.81105743424584,1.2949543746645196,8.61513687600644,0.28180354267310787,0.07380568974771873
222,22.69189479334407,15.009393451422437,35.13150831991412,8.917069243156199,5.475040257648954,3.3011272141706924,1.2949543746645196,7.823403113258186,0.28180354267310787,0.07380568974771873
223,22.819377348362856,14.989264626945786,35.11137949543747,8.883521202361782,5.475040257648954,3.3011272141706924,1.2949543746645196,7.769726247987117,0.28180354267310787,0.07380568974771873
224,23.07434245840043,14.989264626945786,34.876543209876544,8.84326355340848,5.501878690284487,3.3011272141706924,1.288244766505636,7.769726247987117,0.28180354267310787,0.07380568974771873
225,23.382984433709073,14.969135802469136,34.74235104669887,8.78287707997853,5.46833064949007,3.3011272141706924,1.288244766505636,7.709339774557166,0.28180354267310787,0.07380568974771873
226,23.403113258185723,14.969135802469136,34.72222222222222,8.78287707997853,5.46833064949007,3.3011272141706924,1.288244766505636,7.709339774557166,0.28180354267310787,0.07380568974771873
227,23.67149758454106,14.928878153515834,34.42699946323135,8.78287707997853,5.441492216854535,3.140096618357488,1.556629092860977,7.695920558239399,0.28180354267310787,0.07380568974771873
228,23.792270531400966,14.888620504562533,34.38674181427805,8.78287707997853,5.441492216854535,3.140096618357488,1.556629092860977,7.6556629092860975,0.28180354267310787,0.07380568974771873
229,23.872785829307567,14.875201288244767,34.21229200214707,8.78287707997853,5.414653784219001,3.140096618357488,1.556629092860977,7.7898550724637685,0.28180354267310787,0.07380568974771873
230,24.134460547504027,14.875201288244767,33.97074610842727,8.76274825550188,5.414653784219001,3.140096618357488,1.556629092860977,7.7898550724637685,0.28180354267310787,0.07380568974771873
231,24.27536231884058,14.875201288244767,33.9573268921095,8.749329039184111,5.367686527106817,3.140096618357488,1.556629092860977,7.722758990874933,0.28180354267310787,0.07380568974771873
232,24.530327428878152,14.861782071927,33.89023081052066,8.709071390230811,5.367686527106817,3.1065485775630703,1.556629092860977,7.62211486849168,0.28180354267310787,0.07380568974771873
233,24.516908212560388,14.834943639291465,33.89023081052066,8.641975308641975,5.35426731078905,3.307836822329576,1.556629092860977,7.541599570585078,0.28180354267310787,0.07380568974771873
234,24.704777241009126,14.821524422973699,33.8768115942029,8.641975308641975,5.340848094471283,3.307836822329576,1.556629092860977,7.39398819108964,0.28180354267310787,0.07380568974771873
235,25.0402576489533,14.741009125067096,33.81642512077295,8.641975308641975,5.273752012882448,3.227321524422974,1.5365002683843263,7.367149758454106,0.28180354267310787,0.07380568974771873
236,25.107353730542137,14.700751476113794,33.78958668813741,8.641975308641975,5.273752012882448,3.227321524422974,1.5365002683843263,7.367149758454106,0.28180354267310787,0.07380568974771873
237,24.973161567364468,14.673913043478262,33.964036500268385,8.641975308641975,5.273752012882448,3.227321524422974,1.5365002683843263,7.353730542136339,0.28180354267310787,0.07380568974771873
238,24.97987117552335,14.673913043478262,33.964036500268385,8.641975308641975,5.267042404723564,3.227321524422974,1.5365002683843263,7.353730542136339,0.28180354267310787,0.07380568974771873
239,24.966451959205582,14.217659688674182,33.722490606548575,8.641975308641975,5.548845947396672,3.569511540526033,1.6572732152442298,7.320182501341922,0.28180354267310787,0.07380568974771873
240,25.067096081588836,14.210950080515298,33.65539452495974,8.641975308641975,5.522007514761138,3.569511540526033,1.6572732152442298,7.320182501341922,0.28180354267310787,0.07380568974771873
241,25.187869028448738,14.210950080515298,33.58829844337091,8.641975308641975,5.522007514761138,3.5628019323671496,1.6572732152442298,7.273215244229737,0.28180354267310787,0.07380568974771873
242,25.248255501878692,14.204240472356414,33.58829844337091,8.601717659688674,5.522007514761138,3.5628019323671496,1.6572732152442298,7.25979602791197,0.28180354267310787,0.07380568974771873
243,25.268384326355342,14.197530864197532,33.57487922705314,8.601717659688674,5.522007514761138,3.5628019323671496,1.6572732152442298,7.25979602791197,0.28180354267310787,0.07380568974771873
244,25.469672571121848,14.170692431561998,33.4272678475577,8.588298443370908,5.508588298443371,3.5628019323671496,1.6572732152442298,7.25979602791197,0.28180354267310787,0.07380568974771873
245,25.483091787439612,14.170692431561998,33.41384863123994,8.588298443370908,5.508588298443371,3.5628019323671496,1.6572732152442298,7.25979602791197,0.28180354267310787,0.07380568974771873
246,25.409286097691894,14.170692431561998,33.393719806763286,8.588298443370908,5.407944176060118,3.5628019323671496,1.6572732152442298,7.454374664519592,0.28180354267310787,0.07380568974771873
247,25.63070316693505,14.150563607085346,33.13204508856683,8.480944712828771,5.709876543209877,3.535963499731616,1.6304347826086956,7.454374664519592,0.20128824476650564,0.07380568974771873
248,25.697799248523886,14.13714439076758,33.10520665593129,8.480944712828771,5.709876543209877,3.535963499731616,1.6035963499731616,7.454374664519592,0.20128824476650564,0.07380568974771873
249,25.764895330112722,14.13714439076758,33.05823939881911,8.480944712828771,5.689747718733226,3.535963499731616,1.6035963499731616,7.454374664519592,0.20128824476650564,0.07380568974771873
250,25.905797101449274,14.06333870101986,33.00456253354804,8.480944712828771,5.689747718733226,3.5225442834138487,1.6035963499731616,7.454374664519592,0.20128824476650564,0.07380568974771873
251,25.905797101449274,14.002952227589908,32.99785292538916,8.480944712828771,5.542136339237788,3.502415458937198,1.6035963499731616,7.689210950080516,0.20128824476650564,0.07380568974771873
252,25.87895866881374,13.969404186795492,32.950885668276975,8.460815888352121,5.515297906602254,3.7037037037037037,1.5499194847020934,7.695920558239399,0.20128824476650564,0.07380568974771873
253,25.95276435856146,13.955984970477724,32.789855072463766,8.454106280193237,5.515297906602254,3.81105743424584,1.5499194847020934,7.695920558239399,0.20128824476650564,0.07380568974771873
254,25.87895866881374,13.955984970477724,32.769726247987116,8.266237251744498,5.515297906602254,4.092860976918948,1.5499194847020934,7.695920558239399,0.20128824476650564,0.07380568974771873
255,25.87895866881374,13.955984970477724,32.53488996242619,8.266237251744498,5.515297906602254,4.092860976918948,1.7847557702630166,7.695920558239399,0.20128824476650564,0.07380568974771873
