,45,50,55,51,54,52,53,56,57
0,94.00831991411701,5.991680085882985,,,,,,,
1,92.29736983360172,7.702630166398282,,,,,,,
2,90.00939345142244,9.990606548577563,,,,,,,
3,77.15378421900161,22.84621578099839,,,,,,,
4,77.15378421900161,22.84621578099839,,,,,,,
5,77.18062265163715,22.819377348362856,,,,,,,
6,77.2007514761138,22.799248523886206,,,,,,,
7,77.26113794954375,22.73886205045625,,,,,,,
8,77.28797638217928,22.71202361782072,,,,,,,
9,75.32877079978529,24.671229200214707,,,,,,,
10,75.22141706924316,24.651100375738057,0.1274825550187869,,,,,,
11,67.29736983360172,21.061460010735374,,11.641170155662909,,,,,
12,61.83574879227053,28.81105743424584,,9.353193773483628,,,,,
13,61.808910359635,28.864734299516908,,9.326355340848094,,,,,
14,61.822329575952764,28.858024691358025,,9.31964573268921,,,,,
15,57.96430488459474,32.72275899087493,,9.118357487922705,0.19457863660762212,,,,
16,42.48523886205046,48.22866344605475,,9.091519055287172,0.19457863660762212,,,,
17,42.612721417069245,48.101180891035966,,9.091519055287172,0.19457863660762212,,,,
18,42.68652710681696,48.027375201288244,,9.091519055287172,0.19457863660762212,,,,
19,42.7536231884058,47.96027911969941,,9.091519055287172,0.19457863660762212,,,,
20,42.860976918947934,47.94685990338164,,8.997584541062801,0.19457863660762212,,,,
21,34.614868491680085,58.10520665593129,,7.085346215780999,0.19457863660762212,,,,
22,34.70209339774557,58.01798174986581,,7.085346215780999,0.19457863660762212,,,,
23,34.80273752012882,57.63553408480945,0.28180354267310787,7.085346215780999,0.19457863660762212,,,,
24,34.92351046698873,57.58185721953838,0.28180354267310787,7.024959742351046,0.1878690284487386,,,,
25,34.95034889962426,57.21953837895867,0.6172839506172839,7.024959742351046,0.1878690284487386,,,,
26,31.95115405260333,60.05099302200752,0.7514761137949544,6.998121309715513,0.24825550187869028,,,,
27,32.03166935050993,59.99060654857756,0.7514761137949544,6.977992485238862,0.24825550187869028,,,,
28,25.97289318303811,66.05609232420827,0.7514761137949544,6.971282877079979,0.24825550187869028,,,,
29,26.207729468599034,65.8749329039184,0.9930220075147611,6.6760601180891035,0.24825550187869028,,,,
30,25.429414922168544,66.67337627482556,0.9930220075147611,6.655931293612453,0.24825550187869028,,,,
31,25.55018786902845,66.55260332796564,0.9930220075147611,6.655931293612453,0.24825550187869028,,,,
32,25.664251207729468,66.43853998926463,0.9930220075147611,6.655931293612453,0.24825550187869028,,,,
33,21.095008051529792,64.95571658615137,0.5770263016639828,6.172839506172839,0.24825550187869028,6.951154052603328,,,
34,20.994363929146537,64.91545893719807,0.4428341384863124,4.51556629092861,0.24825550187869028,8.883521202361782,,,
35,21.068169618894256,64.87520128824477,0.4428341384863124,4.49543746645196,0.24825550187869028,8.870101986044014,,,
36,20.679012345679013,64.20424047235642,0.4428341384863124,5.5689747718733225,0.24825550187869028,8.856682769726248,,,
37,20.77294685990338,64.11030595813205,0.4428341384863124,5.5689747718733225,0.24825550187869028,8.856682769726248,,,
38,20.88030059044552,64.04320987654322,0.4428341384863124,5.5689747718733225,0.24825550187869028,8.816425120772946,,,
39,21.027911969940956,63.93585614600107,0.4428341384863124,5.542136339237788,0.24825550187869028,8.80300590445518,,,
40,21.162104133118625,63.84192163177671,0.4428341384863124,5.501878690284487,0.24825550187869028,8.80300590445518,,,
41,20.50456253354804,62.513419216317764,0.5434782608695652,7.387278582930757,0.24825550187869028,8.80300590445518,,,
42,20.645464304884594,62.432903918411164,0.5434782608695652,7.326892109500805,0.24825550187869028,8.80300590445518,,,
43,20.73268921095008,62.35238862050456,0.5434782608695652,7.320182501341922,0.24825550187869028,8.80300590445518,,,
44,20.813204508856682,62.29200214707461,0.5434782608695652,7.300053676865271,0.24825550187869028,8.80300590445518,,,
45,19.860440150295222,59.88996242619431,0.5367686527106817,6.78341384863124,0.24825550187869028,12.681159420289855,,,
46,19.85373054213634,58.81642512077295,1.710950080515298,6.689479334406871,0.24825550187869028,12.681159420289855,,,
47,19.89398819108964,56.56199677938808,1.710950080515298,5.917874396135265,0.06038647342995169,12.674449812130971,3.180354267310789,,
48,19.83360171765969,52.905260332796566,1.9860440150295222,12.882447665056361,1.865271068169619,8.957326892109501,1.570048309178744,,
49,19.900697799248523,52.85829307568438,1.9860440150295222,12.86231884057971,1.865271068169619,8.957326892109501,1.570048309178744,,
50,19.920826623725173,52.85829307568438,1.9860440150295222,12.842190016103059,1.865271068169619,8.957326892109501,1.570048309178744,,
51,19.565217391304348,53.26086956521739,1.9860440150295222,12.842190016103059,1.8384326355340848,8.93719806763285,1.570048309178744,,
52,19.679280730005367,53.166935050993025,1.9860440150295222,12.822061191626409,1.8384326355340848,8.93719806763285,1.570048309178744,,
53,19.32367149758454,52.804616210413315,2.086688137412775,13.439345142243694,1.8384326355340848,8.93719806763285,1.570048309178744,,
54,17.85426731078905,45.25630703166935,1.737788513150832,25.10064412238325,1.8384326355340848,7.078636607622115,1.133923778851315,,
55,17.98174986580784,45.169082125603865,1.7981749865807837,25.026838432635532,1.8384326355340848,7.078636607622115,1.107085346215781,,
56,18.089103596349972,45.10198604401503,4.30756843800322,22.477187332259795,1.8384326355340848,7.078636607622115,1.107085346215781,,
57,18.14278046162104,40.425389157273216,4.30756843800322,22.32957595276436,7.380568974771873,6.3070316693505095,1.107085346215781,,
58,18.209876543209877,40.425389157273216,4.30756843800322,22.282608695652176,7.360440150295223,6.3070316693505095,1.107085346215781,,
59,18.431293612453032,40.23081052066559,4.28743961352657,22.27589908749329,7.360440150295223,6.3070316693505095,1.107085346215781,,
60,17.59259259259259,30.636070853462158,4.213633923778851,32.63553408480945,7.360440150295223,6.3070316693505095,1.107085346215781,0.14761137949543746,
61,17.726784755770264,30.589103596349972,4.213633923778851,32.54830917874396,7.360440150295223,6.3070316693505095,1.107085346215781,0.14761137949543746,
62,17.921363392377884,30.54884594739667,4.213633923778851,32.35373054213634,7.353730542136339,6.293612453032743,1.06682769726248,0.24825550187869028,
63,18.12265163714439,30.46833064949007,4.213633923778851,32.23295759527644,7.353730542136339,6.293612453032743,1.06682769726248,0.24825550187869028,
64,18.250134192163177,30.394524959742352,4.213633923778851,32.19940955448202,7.333601717659689,6.293612453032743,1.06682769726248,0.24825550187869028,
65,18.364197530864196,30.327428878153516,4.213633923778851,32.15244229736983,7.333601717659689,6.293612453032743,1.06682769726248,0.24825550187869028,
66,18.417874396135264,30.300590445517983,4.213633923778851,32.13231347289318,7.326892109500805,6.293612453032743,1.06682769726248,0.24825550187869028,
67,18.49838969404187,30.273752012882447,4.213633923778851,32.09205582393988,7.313472893183038,6.293612453032743,1.06682769726248,0.24825550187869028,
68,18.572195383789587,30.19994632313473,4.213633923778851,32.01154052603328,7.313472893183038,6.293612453032743,1.06682769726248,0.32877079978529256,
69,18.63929146537842,30.18652710681696,4.213633923778851,31.984702093397747,7.2933440687063875,6.286902844873859,1.06682769726248,0.32877079978529256,
70,18.833870101986044,30.14626945786366,4.213633923778851,31.830381105743424,7.2933440687063875,6.286902844873859,1.06682769726248,0.32877079978529256,
71,18.92109500805153,30.12614063338701,4.213633923778851,31.78341384863124,7.2933440687063875,6.266774020397209,1.06682769726248,0.32877079978529256,
72,18.98148148148148,30.112721417069242,4.213633923778851,31.749865807836823,7.27992485238862,6.266774020397209,1.06682769726248,0.32877079978529256,
73,18.9747718733226,30.132850241545892,4.213633923778851,31.736446591519055,7.27992485238862,6.266774020397209,1.06682769726248,0.32877079978529256,
74,19.028448738593667,30.09259259259259,4.213633923778851,31.723027375201287,7.27992485238862,6.266774020397209,1.06682769726248,0.32877079978529256,
75,19.0955448201825,30.02549651100376,4.213633923778851,31.723027375201287,7.27992485238862,6.266774020397209,1.06682769726248,0.32877079978529256,
76,18.78690284487386,29.851046698872786,4.938271604938271,31.508319914117017,7.27992485238862,6.239935587761675,1.06682769726248,0.32877079978529256,
77,18.874127750939344,29.64975845410628,5.01207729468599,31.333870101986044,7.27992485238862,6.239935587761675,1.0399892646269457,0.5703166935050993,
78,18.99490069779925,29.64975845410628,5.01207729468599,31.246645195920557,7.25979602791197,4.871175523349437,2.395330112721417,0.5703166935050993,
79,19.316961889425656,29.522275899087493,5.038915727321524,31.04535695115405,7.239667203435319,4.871175523349437,2.395330112721417,0.5703166935050993,
80,19.43102522812668,29.468599033816425,5.407944176060118,30.649490069779926,7.206119162640902,4.871175523349437,2.395330112721417,0.5703166935050993,
81,19.55179817498658,29.394793344068706,5.407944176060118,30.60252281266774,7.206119162640902,4.871175523349437,2.395330112721417,0.5703166935050993,
82,19.142512077294686,22.966988727858293,4.206924315619967,40.23752012882448,5.609232420826624,4.871175523349437,2.395330112721417,0.5703166935050993,
83,19.256575415995705,22.953569511540525,4.180085882984434,40.163714439076756,5.609232420826624,4.871175523349437,2.395330112721417,0.5703166935050993,
84,17.599302200751477,22.63150831991412,4.17337627482555,42.04240472356415,5.609232420826624,4.871175523349437,2.38191089640365,0.6910896403650026,
85,17.652979066022546,22.5979602791197,4.17337627482555,42.03569511540526,5.595813204508857,4.871175523349437,2.38191089640365,0.6910896403650026,
86,17.787171229200215,22.57783145464305,5.475040257648954,40.64680622651637,5.5689747718733225,4.871175523349437,2.38191089640365,0.6910896403650026,
87,17.901234567901234,22.52415458937198,5.475040257648954,40.58641975308642,5.5689747718733225,4.871175523349437,2.38191089640365,0.6910896403650026,
88,17.975040257648953,22.510735373054214,5.475040257648954,40.53274288781535,5.562265163714439,4.871175523349437,2.38191089640365,0.6910896403650026,
89,18.095813204508858,21.87332259796028,5.4616210413311865,39.62023617820719,5.562265163714439,4.871175523349437,3.824476650563607,0.6910896403650026,
90,18.169618894256576,21.973966720343533,5.4616210413311865,39.44578636607622,5.562265163714439,4.871175523349437,3.824476650563607,0.6910896403650026,
91,18.310520665593128,21.93370907139023,5.448201825013419,39.28475577026302,5.542136339237788,4.871175523349437,3.797638217928073,0.8118625872249061,
92,18.5654857756307,21.826355340848096,5.689747718733226,39.05662909286098,5.542136339237788,4.723564143853999,3.797638217928073,0.798443370907139,
93,18.61916264090177,21.786097691894792,5.790391841116479,38.94256575415996,5.542136339237788,4.723564143853999,3.797638217928073,0.798443370907139,
94,18.773483628556093,21.76596886741814,5.763553408480945,38.86205045625336,5.515297906602254,4.723564143853999,3.797638217928073,0.798443370907139,
95,18.88083735909823,21.68545356951154,5.763553408480945,38.83521202361782,5.515297906602254,4.723564143853999,3.797638217928073,0.798443370907139,
96,19.182769726247987,21.672034353193773,5.723295759527644,38.687600644122384,5.448201825013419,4.690016103059581,3.797638217928073,0.798443370907139,
97,19.176060118089104,21.64519592055824,5.723295759527644,36.963231347289316,5.360976918947934,6.541867954911433,3.797638217928073,0.7917337627482555,
98,19.330381105743424,21.604938271604937,5.723295759527644,36.7686527106817,5.347557702630167,6.521739130434782,3.7909286097691894,0.9125067096081588,
99,19.538378958668815,21.517713365539453,5.723295759527644,36.513687600644126,5.314009661835748,6.521739130434782,3.7238325281803544,1.1473429951690821,
100,19.57192699946323,21.517713365539453,5.723295759527644,36.480139559849704,5.314009661835748,7.051798174986581,3.193773483628556,1.1473429951690821,
101,19.632313472893184,21.490874932903917,5.723295759527644,36.44659151905529,5.314009661835748,7.051798174986581,3.193773483628556,1.1473429951690821,
102,19.712828770799785,21.43719806763285,5.723295759527644,36.37949543746645,5.314009661835748,7.051798174986581,3.166935050993022,1.2144390767579174,
103,19.77992485238862,21.3768115942029,5.723295759527644,36.33252818035427,5.314009661835748,7.051798174986581,3.207192699946323,1.2144390767579174,
104,19.90740740740741,21.3768115942029,5.723295759527644,36.22517444981213,5.314009661835748,7.03166935050993,3.207192699946323,1.2144390767579174,
105,19.920826623725173,21.095008051529792,5.723295759527644,35.178475577026305,5.314009661835748,7.03166935050993,4.522275899087493,1.2144390767579174,
106,20.014761137949545,21.007783145464305,5.723295759527644,35.21202361782072,5.314009661835748,6.998121309715513,4.51556629092861,1.2144390767579174,
107,20.088566827697264,21.068169618894256,5.71658615136876,35.158346752549654,5.280461621041331,6.998121309715513,4.4753086419753085,1.2144390767579174,
108,20.162372517444982,21.068169618894256,5.71658615136876,35.0979602791197,5.280461621041331,6.998121309715513,4.461889425657541,1.2144390767579174,
109,20.38378958668814,20.974235104669887,5.71658615136876,35.02415458937198,5.273752012882448,6.977992485238862,4.461889425657541,1.1876006441223832,
110,20.564949006977994,20.947396672034355,5.703166935050993,34.95034889962426,5.2066559312936125,6.977992485238862,4.461889425657541,1.1876006441223832,
111,20.591787439613526,20.92055823939882,5.703166935050993,34.95034889962426,5.2066559312936125,6.977992485238862,4.461889425657541,1.1876006441223832,
112,20.437466451959207,20.92055823939882,5.703166935050993,31.36070853462158,5.2066559312936125,10.84272678475577,4.461889425657541,1.06682769726248,
113,20.50456253354804,20.893719806763286,5.683038110574342,31.340579710144926,5.2066559312936125,10.84272678475577,4.461889425657541,1.06682769726248,
114,20.41062801932367,20.35024154589372,5.58239398819109,31.30703166935051,5.2066559312936125,11.614331723027375,4.461889425657541,1.06682769726248,
115,20.632045088566827,20.323403113258184,5.58239398819109,31.159420289855074,5.186527106816962,11.58749329039184,4.461889425657541,1.06682769726248,
116,20.79307568438003,20.29656468062265,5.58239398819109,31.052066559312937,5.186527106816962,11.560654857756306,4.461889425657541,1.06682769726248,
117,20.88030059044552,20.242887815351583,5.58239398819109,30.71658615136876,5.186527106816962,11.560654857756306,4.428341384863124,1.402308105206656,
118,21.021202361782073,20.1959205582394,5.58239398819109,30.683038110574344,5.159688674181428,11.560654857756306,4.394793344068707,1.402308105206656,
119,21.068169618894256,20.189210950080515,5.562265163714439,30.66290928609769,5.159688674181428,11.560654857756306,4.394793344068707,1.402308105206656,
120,21.14868491680086,20.095276435856146,5.562265163714439,30.595813204508858,5.159688674181428,11.533816425120772,4.502147074610843,1.402308105206656,
121,21.276167471819647,20.055018786902846,5.528717122920021,30.595813204508858,5.159688674181428,11.480139559849706,4.502147074610843,1.402308105206656,
122,21.048040794417606,19.598765432098766,5.984970477724101,30.314009661835748,5.159688674181428,11.990069779924852,4.502147074610843,1.402308105206656,
123,21.128556092324207,19.53166935050993,5.984970477724101,30.300590445517983,5.159688674181428,11.990069779924852,4.502147074610843,1.402308105206656,
124,21.182232957595275,19.51825013419216,6.541867954911433,30.273752012882447,4.62962962962963,11.949812130971551,4.361245303274289,1.5432098765432098,
125,21.182232957595275,19.51825013419216,6.541867954911433,30.273752012882447,4.62962962962963,11.949812130971551,4.361245303274289,1.5432098765432098,
126,21.26945786366076,19.484702093397747,6.642512077294686,30.119431025228128,4.62962962962963,11.949812130971551,4.361245303274289,1.5432098765432098,
127,21.276167471819647,19.47799248523886,6.642512077294686,30.119431025228128,4.62962962962963,11.949812130971551,4.361245303274289,1.5432098765432098,
128,21.3768115942029,19.47799248523886,6.642512077294686,30.05233494363929,4.602791196994096,11.949812130971551,4.3545356951154055,1.5432098765432098,
129,21.511003757380568,19.43102522812668,6.642512077294686,29.978529253891573,4.602791196994096,11.936392914653783,4.3545356951154055,1.5432098765432098,
130,21.490874932903917,19.43102522812668,7.0450885668276975,29.59608158883521,4.602791196994096,11.936392914653783,4.3545356951154055,1.5432098765432098,
131,21.712292002147073,19.43102522812668,7.0450885668276975,29.448470209339774,4.602791196994096,11.90955448201825,4.30756843800322,1.5432098765432098,
132,21.76596886741814,19.404186795491142,7.018250134192163,29.441760601180892,4.602791196994096,11.808910359634996,4.30756843800322,1.5432098765432098,0.10735373054213634
133,21.89345142243693,19.229736983360173,7.132313472893183,29.374664519592056,4.602791196994096,11.808910359634996,4.30756843800322,1.5432098765432098,0.10735373054213634
134,22.007514761137948,19.142512077294686,7.132313472893183,29.367954911433173,4.602791196994096,11.808910359634996,4.28743961352657,1.5432098765432098,0.10735373054213634
135,22.08132045088567,19.129092860976918,7.118894256575416,29.354535695115406,4.602791196994096,11.788781535158346,4.274020397208803,1.5432098765432098,0.10735373054213634
136,22.20209339774557,19.11567364465915,7.239667203435319,29.260601180891037,4.602791196994096,11.741814278046162,4.247181964573269,1.482823403113258,0.10735373054213634
137,22.289318303811058,19.028448738593667,7.306763285024155,29.2337627482555,4.575952764358561,11.741814278046162,4.233762748255502,1.482823403113258,0.10735373054213634
138,22.228931830381107,18.54535695115405,7.253086419753086,29.200214707461082,4.683306494900698,12.278582930756844,4.2203435319377345,1.482823403113258,0.10735373054213634
139,22.282608695652176,18.491680085882983,7.253086419753086,29.200214707461082,4.683306494900698,12.278582930756844,4.2203435319377345,1.482823403113258,0.10735373054213634
140,22.34970477724101,18.491680085882983,7.253086419753086,29.17337627482555,4.64975845410628,12.27187332259796,4.3545356951154055,1.3486312399355878,0.10735373054213634
141,22.416800858829845,18.491680085882983,7.253086419753086,29.166666666666668,4.622920021470746,12.245034889962426,4.3478260869565215,1.3486312399355878,0.10735373054213634
142,22.685185185185187,18.47826086956522,7.239667203435319,29.13311862587225,4.622920021470746,12.04374664519592,4.341116478797638,1.3486312399355878,0.10735373054213634
143,22.75228126677402,18.42458400429415,7.239667203435319,29.11969940955448,4.622920021470746,12.04374664519592,4.341116478797638,1.3486312399355878,0.10735373054213634
144,22.82608695652174,18.417874396135264,7.179280730005368,29.11969940955448,4.616210413311863,12.04374664519592,4.341116478797638,1.3486312399355878,0.10735373054213634
145,22.63150831991412,18.310520665593128,7.092055823939882,28.368223295759528,5.736714975845411,12.04374664519592,4.2203435319377345,1.4895330112721417,0.10735373054213634
146,21.85319377348363,19.276704240472355,7.092055823939882,28.24074074074074,5.709876543209877,12.04374664519592,4.186795491143317,1.4895330112721417,0.10735373054213634
147,19.49141170155663,17.136339237788512,6.4412238325281805,41.25067096081589,4.066022544283414,7.4141170155662905,3.1870638754696725,1.0131508319914118,
148,19.565217391304348,17.136339237788512,6.4412238325281805,41.21041331186259,4.066022544283414,7.4141170155662905,3.1870638754696725,0.9796027911969941,
149,19.64573268921095,17.08937198067633,6.4345142243692965,41.2037037037037,4.052603327965647,7.4141170155662905,3.180354267310789,0.9796027911969941,
150,19.786634460547504,16.97530864197531,6.5485775630703165,41.06951154052604,4.045893719806763,7.4141170155662905,3.180354267310789,0.9796027911969941,
151,19.81347289318304,16.97530864197531,6.5485775630703165,41.0426731078905,4.045893719806763,7.4141170155662905,3.180354267310789,0.9796027911969941,
152,19.887278582930758,16.935050993022006,6.5485775630703165,41.035963499731615,4.045893719806763,7.387278582930757,3.180354267310789,0.9796027911969941,
153,19.6256038647343,16.1231884057971,6.340579710144928,43.484970477724104,3.3548040794417604,7.051798174986581,3.0394524959742353,0.9796027911969941,
154,19.659151905528716,16.11647879763822,6.340579710144928,43.47155126140633,3.3413848631239937,7.051798174986581,3.0394524959742353,0.9796027911969941,
155,19.73966720343532,16.076221148684915,6.340579710144928,43.45813204508857,3.3145464304884595,7.051798174986581,3.0394524959742353,0.9796027911969941,
156,19.920826623725173,16.056092324208265,6.333870101986044,43.303811057434245,3.3145464304884595,7.051798174986581,3.0394524959742353,0.9796027911969941,
157,20.00805152979066,16.0426731078905,6.333870101986044,43.25684380032206,3.307836822329576,7.03166935050993,3.0394524959742353,0.9796027911969941,
158,19.97450348899624,16.06280193236715,6.327160493827161,43.21658615136876,3.3682232957595275,7.03166935050993,3.0394524959742353,0.9796027911969941,
159,20.034889962426195,15.901771336553946,6.300322061191626,43.203166935050994,3.3682232957595275,7.018250134192163,3.193773483628556,0.9796027911969941,
160,20.075147611379496,15.888352120236178,6.407675791733762,43.12265163714439,3.3682232957595275,6.991411701556629,3.166935050993022,0.9796027911969941,
161,20.303274288781534,15.780998389694043,6.380837359098229,43.05555555555556,3.3413848631239937,6.991411701556629,3.166935050993022,0.9796027911969941,
162,20.182501341921633,14.895330112721417,6.333870101986044,42.98845947396672,3.3413848631239937,8.111916264090176,3.166935050993022,0.9796027911969941,
163,20.323403113258184,14.895330112721417,6.333870101986044,42.914653784219,3.321256038647343,8.064949006977992,3.166935050993022,0.9796027911969941,
164,20.38378958668814,14.861782071927,6.468062265163715,42.76704240472356,3.321256038647343,8.064949006977992,3.1535158346752548,0.9796027911969941,
165,20.061728395061728,14.861782071927,6.233225979602791,39.93558776167472,6.910896403650026,8.038110574342458,3.0193236714975846,0.9393451422436929,
166,20.075147611379496,14.861782071927,6.233225979602791,39.93558776167472,6.910896403650026,8.038110574342458,3.0059044551798175,0.9393451422436929,
167,20.202630166398283,14.848362855609233,6.199677938808374,39.9020397208803,6.910896403650026,8.024691358024691,2.9723564143853998,0.9393451422436929,
168,20.29656468062265,14.848362855609233,6.199677938808374,39.85507246376812,6.910896403650026,8.004562533548041,2.945517981749866,0.9393451422436929,
169,20.336822329575952,14.834943639291465,6.199677938808374,39.841653247450346,6.910896403650026,8.004562533548041,2.932098765432099,0.9393451422436929,
170,20.41062801932367,14.834943639291465,6.179549114331723,39.79468599033817,6.904186795491143,8.004562533548041,2.932098765432099,0.9393451422436929,
171,20.517981749865807,14.80810520665593,6.119162640901771,39.79468599033817,6.904186795491143,7.98443370907139,2.932098765432099,0.9393451422436929,
172,20.578368223295758,14.801395598497047,6.119162640901771,39.741009125067094,6.904186795491143,7.98443370907139,2.932098765432099,0.9393451422436929,
173,20.69243156199678,14.78797638217928,6.092324208266238,39.71417069243156,6.870638754696726,7.98443370907139,2.918679549114332,0.9393451422436929,
174,20.719269994632313,14.78797638217928,6.092324208266238,39.69404186795491,6.863929146537842,7.98443370907139,2.918679549114332,0.9393451422436929,
175,20.71256038647343,14.868491680085883,6.0654857756307035,39.680622651637144,6.830381105743425,7.98443370907139,2.918679549114332,0.9393451422436929,
176,20.74610842726785,14.868491680085883,6.038647342995169,39.680622651637144,6.823671497584541,7.98443370907139,2.918679549114332,0.9393451422436929,
177,20.8064949006978,14.868491680085883,6.011808910359635,39.64707461084273,6.823671497584541,7.98443370907139,2.918679549114332,0.9393451422436929,
178,20.974235104669887,14.868491680085883,6.011808910359635,39.492753623188406,6.823671497584541,7.98443370907139,2.9052603327965647,0.9393451422436929,
179,21.115136876006442,14.868491680085883,5.991680085882985,39.439076757917334,6.8035426731078905,7.937466451959206,2.9052603327965647,0.9393451422436929,
180,18.726516371443907,9.98389694041868,5.783682232957595,47.46376811594203,6.743156199677939,7.454374664519592,2.9052603327965647,0.9393451422436929,
181,18.894256575415994,9.970477724100913,5.783682232957595,47.30944712828771,6.743156199677939,7.454374664519592,2.9052603327965647,0.9393451422436929,
182,18.968062265163713,9.970477724100913,5.783682232957595,47.25577026301664,6.743156199677939,7.434245840042942,2.9052603327965647,0.9393451422436929,
183,19.07541599570585,9.957058507783145,5.783682232957595,47.16854535695116,6.743156199677939,7.427536231884058,2.9052603327965647,0.9393451422436929,
184,19.176060118089104,9.849704777241008,5.911164787976382,47.054482018250134,6.743156199677939,7.4006977992485234,2.818035426731079,1.0466988727858293,
185,19.370638754696724,9.836285560923242,5.877616747181965,46.92699946323135,6.743156199677939,7.380568974771873,2.818035426731079,1.0466988727858293,
186,19.410896403650028,9.836285560923242,5.870907139023081,46.752549651100374,6.743156199677939,7.353730542136339,2.818035426731079,1.2144390767579174,
187,19.49141170155663,9.829575952764358,5.870907139023081,46.67874396135266,6.743156199677939,7.353730542136339,2.818035426731079,1.2144390767579174,
188,19.612184648416534,9.802737520128824,5.870907139023081,46.60493827160494,6.743156199677939,7.353730542136339,2.7979066022544283,1.2144390767579174,
189,18.840579710144926,11.003757380568974,5.870907139023081,45.46430488459474,6.729736983360172,7.326892109500805,2.7979066022544283,1.9659151905528718,
190,18.9345142243693,11.003757380568974,5.870907139023081,45.38378958668814,6.716317767042405,7.326892109500805,2.7979066022544283,1.9659151905528718,
191,19.028448738593667,10.997047772410092,5.870907139023081,45.3569511540526,6.655931293612453,7.326892109500805,2.7979066022544283,1.9659151905528718,
192,19.0552871712292,10.976918947933441,5.870907139023081,43.81374127750939,6.655931293612453,7.300053676865271,2.7777777777777777,3.549382716049383,
193,19.32367149758454,10.976918947933441,5.864197530864198,43.625872249060656,6.602254428341385,7.300053676865271,2.757648953301127,3.549382716049383,
194,19.404186795491142,10.943370907139023,5.864197530864198,43.57890499194847,6.602254428341385,7.300053676865271,2.757648953301127,3.549382716049383,
195,19.49141170155663,10.943370907139023,5.850778314546431,43.505099302200755,6.602254428341385,7.300053676865271,2.757648953301127,3.549382716049383,
196,19.578636607622116,10.88298443370907,5.850778314546431,43.41787439613527,6.602254428341385,7.246376811594203,2.757648953301127,3.6634460547504024,
197,19.49812130971551,10.976918947933441,5.837359098228664,43.41787439613527,6.602254428341385,7.246376811594203,2.757648953301127,3.6634460547504024,
198,19.632313472893184,10.976918947933441,5.723295759527644,43.31723027375201,6.6827697262479875,7.246376811594203,2.757648953301127,3.6634460547504024,
199,19.659151905528716,10.963499731615673,5.857487922705314,43.16961889425657,6.6827697262479875,7.246376811594203,2.757648953301127,3.6634460547504024,
200,19.746376811594203,10.93666129898014,5.931293612453032,43.062265163714436,6.6760601180891035,7.239667203435319,2.7509393451422435,3.656736446591519,
201,19.746376811594203,10.93666129898014,5.931293612453032,43.062265163714436,6.6760601180891035,7.239667203435319,2.7509393451422435,3.656736446591519,
202,19.860440150295222,10.923242082662373,5.931293612453032,42.99516908212561,6.649221685453569,7.232957595276436,2.7509393451422435,3.656736446591519,
203,19.900697799248523,10.88298443370907,5.870907139023081,42.961621041331185,6.649221685453569,7.333601717659689,2.7442297369833604,3.656736446591519,
204,19.91411701556629,10.88298443370907,5.870907139023081,42.94820182501342,6.649221685453569,7.333601717659689,2.7442297369833604,3.656736446591519,
205,19.96779388083736,10.88298443370907,5.870907139023081,42.921363392377884,6.642512077294686,7.320182501341922,2.7442297369833604,3.6500268384326353,
206,19.91411701556629,10.373054213633925,5.870907139023081,42.84084809447128,6.622383252818035,7.98443370907139,2.7442297369833604,3.6500268384326353,
207,20.075147611379496,10.265700483091788,5.864197530864198,42.80730005367686,6.622383252818035,7.971014492753623,2.7442297369833604,3.6500268384326353,
208,20.189210950080515,10.265700483091788,5.864197530864198,42.73349436392915,6.595544820182502,7.930756843800322,2.7308105206655933,3.6902844873859366,
209,20.25630703166935,10.265700483091788,5.864197530864198,42.693236714975846,6.595544820182502,7.930756843800322,2.7308105206655933,3.6634460547504024,
210,20.377079978529252,10.265700483091788,5.837359098228664,42.612721417069245,6.595544820182502,7.930756843800322,2.717391304347826,3.6634460547504024,
211,20.43075684380032,10.25228126677402,5.837359098228664,42.54562533548041,6.595544820182502,7.9039184111647875,2.717391304347826,3.717122920021471,
212,20.598497047772412,10.225442834138486,5.837359098228664,42.43156199677939,6.595544820182502,7.877079978529254,2.717391304347826,3.717122920021471,
213,20.813204508856682,10.225442834138486,5.837359098228664,42.27724100912507,6.582125603864735,7.843531937734836,2.717391304347826,3.7037037037037037,
214,20.86688137412775,10.205314009661835,5.837359098228664,42.250402576489535,6.582125603864735,7.836822329575953,2.717391304347826,3.7037037037037037,
215,20.90713902308105,10.205314009661835,5.669618894256575,42.19672571121846,6.763285024154589,7.836822329575953,2.717391304347826,3.7037037037037037,
216,20.987654320987655,10.205314009661835,5.669618894256575,42.1430488459474,6.763285024154589,7.809983896940419,2.717391304347826,3.7037037037037037,
217,21.095008051529792,10.205314009661835,5.656199677938808,42.069243156199676,6.743156199677939,7.809983896940419,2.717391304347826,3.7037037037037037,
218,21.202361782071925,10.178475577026301,5.656199677938808,42.008856682769725,6.723027375201288,7.809983896940419,2.717391304347826,3.7037037037037037,
219,21.182232957595275,10.144927536231885,5.656199677938808,41.98201825013419,6.655931293612453,7.0450885668276975,3.6500268384326353,3.683574879227053,
220,21.20907139023081,10.144927536231885,5.629361245303274,41.90150295222759,6.8035426731078905,6.904186795491143,3.6500268384326353,3.7573805689747717,
221,21.296296296296298,10.124798711755233,5.629361245303274,41.83440687063875,6.8035426731078905,6.904186795491143,3.6500268384326353,3.7573805689747717,
222,21.329844337090712,10.124798711755233,5.629361245303274,41.80756843800322,6.796833064949007,6.904186795491143,3.6500268384326353,3.7573805689747717,
223,21.464036500268385,10.0979602791197,5.615942028985507,41.74718196457327,6.796833064949007,6.904186795491143,3.6500268384326353,3.7238325281803544,
224,21.484165324745035,10.0979602791197,5.615942028985507,41.727053140096615,6.796833064949007,6.904186795491143,3.6500268384326353,3.7238325281803544,
225,21.410359634997317,9.681964573268921,5.589103596349974,42.45840042941492,6.796833064949007,6.716317767042405,3.6500268384326353,3.69699409554482,
226,21.423778851315085,9.681964573268921,5.589103596349974,42.44498121309716,6.796833064949007,6.716317767042405,3.6500268384326353,3.69699409554482,
227,21.464036500268385,9.655126140633387,5.689747718733226,42.3443370907139,6.796833064949007,6.702898550724638,3.6500268384326353,3.69699409554482,
228,21.604938271604937,9.614868491680086,5.689747718733226,42.24369296833065,6.796833064949007,6.702898550724638,3.6500268384326353,3.69699409554482,
229,21.618357487922705,9.796027911969942,5.689747718733226,42.049114331723025,6.796833064949007,6.702898550724638,3.6500268384326353,3.69699409554482,
230,21.62506709608159,9.796027911969942,5.689747718733226,42.109500805152976,6.796833064949007,6.642512077294686,3.6500268384326353,3.6902844873859366,
231,19.310252281266774,9.447128287707997,5.689747718733226,45.833333333333336,6.78341384863124,5.709876543209877,3.589640365002684,3.6366076221148687,
232,19.35721953837896,9.447128287707997,5.669618894256575,45.819914117015564,6.78341384863124,5.6964573268921095,3.589640365002684,3.6366076221148687,
233,19.35721953837896,9.447128287707997,5.669618894256575,45.819914117015564,6.78341384863124,5.6964573268921095,3.589640365002684,3.6366076221148687,
234,19.37734836285561,9.326355340848094,5.649490069779925,45.95410628019324,6.78341384863124,5.6964573268921095,3.5762211486849167,3.6366076221148687,
235,19.565217391304348,9.286097691894794,5.555555555555555,45.67230273752013,6.830381105743425,5.6964573268921095,3.5762211486849167,3.8177670424047236,
236,19.639023081052066,9.286097691894794,5.555555555555555,45.59849704777241,6.830381105743425,5.6964573268921095,3.5762211486849167,3.8177670424047236,
237,19.81347289318304,9.286097691894794,5.555555555555555,45.450885668276975,6.816961889425658,5.683038110574342,3.5762211486849167,3.8177670424047236,
238,19.85373054213634,9.25925925925926,5.555555555555555,45.4374664519592,6.816961889425658,5.683038110574342,3.5762211486849167,3.8177670424047236,
239,19.89398819108964,9.25925925925926,6.213097155126141,44.7463768115942,6.816961889425658,5.683038110574342,3.5762211486849167,3.81105743424584,
240,19.94766505636071,9.25925925925926,6.213097155126141,44.69269994632314,6.816961889425658,5.683038110574342,3.5762211486849167,3.81105743424584,
241,19.85373054213634,9.16532474503489,6.213097155126141,44.39747718733226,7.313472893183038,5.669618894256575,3.5762211486849167,3.81105743424584,
242,19.85373054213634,9.16532474503489,6.146001073537305,44.37063875469673,7.27992485238862,5.669618894256575,3.5762211486849167,3.938539989264627,
243,20.014761137949545,9.145195920558239,6.0654857756307035,43.73322597960279,7.239667203435319,5.971551261406334,3.5762211486849167,4.253891572732153,
244,20.108695652173914,9.138486312399356,6.0654857756307035,43.65271068169619,7.239667203435319,5.964841653247451,3.5762211486849167,4.253891572732153,
245,20.115405260332796,9.138486312399356,6.0654857756307035,43.572195383789584,7.232957595276436,5.964841653247451,3.5762211486849167,4.334406870638754,
246,20.162372517444982,9.037842190016104,5.998389694041868,43.41787439613527,7.219538378958669,6.327160493827161,3.515834675254965,4.320987654320987,
247,20.189210950080515,9.037842190016104,5.991680085882985,43.41787439613527,7.212828770799785,6.3137412775093935,3.515834675254965,4.320987654320987,
248,20.48443370907139,9.037842190016104,5.897745571658615,43.384326355340846,7.152442297369833,6.3137412775093935,3.4621578099838968,4.26731078904992,
249,20.538110574342458,9.037842190016104,5.897745571658615,43.35748792270532,7.152442297369833,6.286902844873859,3.4621578099838968,4.26731078904992,
250,20.52469135802469,8.977455716586151,5.978260869565218,43.283682232957595,7.152442297369833,6.286902844873859,3.5426731078904994,4.253891572732153,
251,20.578368223295758,8.84326355340848,5.964841653247451,43.203166935050994,7.139023081052066,6.280193236714976,3.7640901771336552,4.2270531400966185,
252,20.598497047772412,8.84326355340848,5.964841653247451,43.183038110574344,7.139023081052066,6.280193236714976,3.7640901771336552,4.2270531400966185,
253,20.725979602791195,8.84326355340848,5.958132045088567,43.062265163714436,7.139023081052066,6.280193236714976,3.7640901771336552,4.2270531400966185,
254,20.8467525496511,8.829844337090714,5.958132045088567,43.00858829844337,7.132313472893183,6.246645195920558,3.7640901771336552,4.213633923778851,
255,20.987654320987655,8.796296296296296,6.072195383789587,42.8743961352657,7.125603864734299,6.233225979602791,3.7573805689747717,4.1532474503489,
256,21.07487922705314,8.789586688137414,5.998389694041868,42.84755770263017,7.125603864734299,6.233225979602791,3.7037037037037037,4.2270531400966185,
257,21.121846484165324,8.789586688137414,5.998389694041868,42.82071926999463,7.125603864734299,6.233225979602791,3.683574879227053,4.2270531400966185,
258,21.329844337090712,8.68894256575416,5.998389694041868,42.76033279656468,7.125603864734299,6.219806763285024,3.683574879227053,4.193505099302201,
259,21.423778851315085,8.59500805152979,6.1862587224906065,42.673107890499196,7.125603864734299,6.166129898013956,3.6500268384326353,4.180085882984434,
260,21.423778851315085,8.59500805152979,6.1862587224906065,42.673107890499196,7.125603864734299,6.166129898013956,3.6500268384326353,4.180085882984434,
261,21.477455716586153,8.59500805152979,6.1862587224906065,42.632850241545896,7.125603864734299,6.166129898013956,3.6366076221148687,4.180085882984434,
262,21.578099838969404,8.59500805152979,6.1862587224906065,42.58588298443371,7.098765432098766,6.166129898013956,3.6366076221148687,4.1532474503489,
263,21.81964573268921,8.514492753623188,6.179549114331723,42.46511003757381,7.071926999463232,6.159420289855072,3.6366076221148687,4.1532474503489,
264,21.85319377348363,8.514492753623188,6.179549114331723,42.43827160493827,7.065217391304348,6.159420289855072,3.6366076221148687,4.1532474503489,
265,21.91358024691358,8.514492753623188,6.179549114331723,42.40472356414385,7.065217391304348,6.159420289855072,3.6366076221148687,4.126409017713366,
266,22.000805152979066,8.507783145464305,6.340579710144928,42.223564143854,7.065217391304348,6.132581857219538,3.603059581320451,4.126409017713366,
267,22.10144927536232,8.494363929146537,6.340579710144928,42.13633923778851,7.065217391304348,6.132581857219538,3.603059581320451,4.126409017713366,
268,22.20209339774557,8.487654320987655,6.340579710144928,42.05582393988191,7.065217391304348,6.119162640901771,3.603059581320451,4.126409017713366,
269,22.282608695652176,8.480944712828771,6.340579710144928,41.99543746645196,7.058507783145465,6.119162640901771,3.603059581320451,4.119699409554482,
270,22.31615673644659,8.480944712828771,6.340579710144928,41.95517981749866,7.058507783145465,6.253354804079442,3.616478797638218,3.978797638217928,
271,22.282608695652176,8.125335480407944,6.320450885668277,42.50536768652711,7.0383789586688135,6.132581857219538,3.616478797638218,3.978797638217928,
272,22.423510466988727,8.11862587224906,6.320450885668277,42.41814278046162,7.0383789586688135,6.119162640901771,3.616478797638218,3.9452495974235107,
273,22.537573805689746,8.091787439613526,6.293612453032743,42.33762748255502,7.03166935050993,6.119162640901771,3.616478797638218,3.9720880300590444,
274,22.63150831991412,8.091787439613526,6.286902844873859,42.250402576489535,7.011540526033279,6.092324208266238,3.5963499731615673,4.03918411164788,
275,22.799248523886206,8.07836822329576,6.286902844873859,42.14975845410628,6.957863660762212,6.092324208266238,3.5963499731615673,4.03918411164788,
276,22.913311862587225,8.07836822329576,6.286902844873859,42.1027911969941,6.957863660762212,6.045356951154052,3.5762211486849167,4.03918411164788,
277,22.96027911969941,8.07836822329576,6.286902844873859,42.0625335480408,6.957863660762212,6.038647342995169,3.5762211486849167,4.03918411164788,
278,22.973698336017176,8.071658615136876,6.427804616210413,41.928341384863124,6.944444444444445,6.038647342995169,3.5762211486849167,4.03918411164788,
279,23.087761674718198,8.071658615136876,6.394256575415996,41.87466451959206,6.91760601180891,6.038647342995169,3.5762211486849167,4.03918411164788,
280,23.2085346215781,8.071658615136876,6.387546967257112,41.78743961352657,6.91760601180891,6.038647342995169,3.549382716049383,4.03918411164788,
281,23.17498658078368,8.071658615136876,6.347289318303811,41.6129898013956,6.582125603864735,6.038647342995169,4.139828234031133,4.032474503488996,
282,23.2487922705314,8.071658615136876,6.347289318303811,41.51905528717123,6.5485775630703165,6.025228126677402,4.133118625872249,3.992216854535695,0.11406333870101985
283,23.21524422973698,8.071658615136876,6.139291465378422,40.59983896940419,6.5485775630703165,6.025228126677402,4.133118625872249,5.152979066022544,0.11406333870101985
