,45,50,55,51,56,52,53,54,57,58,61,59,60,46,62,47,63
0,85.79575952764358,14.204240472356414,,,,,,,,,,,,,,,
1,68.16961889425657,31.76328502415459,0.06709608158883522,,,,,,,,,,,,,,
2,36.66800858829844,56.86392914653784,0.36902844873859364,6.099033816425121,,,,,,,,,,,,,
3,35.29253891572732,57.22624798711755,0.49651100375738055,6.729736983360172,0.2549651100375738,,,,,,,,,,,,
4,34.33977455716586,58.091787439613526,0.5837359098228664,6.729736983360172,0.2549651100375738,,,,,,,,,,,,
5,32.75630703166935,46.93370907139023,0.644122383252818,17.3040794417606,,1.1137949543746646,1.133923778851315,0.11406333870101985,,,,,,,,,
6,32.71604938271605,45.967525496511,0.6843800322061192,14.378690284487385,,5.005367686527107,1.133923778851315,0.11406333870101985,,,,,,,,,
7,26.41572732152442,54.730273752012884,2.4355877616747184,2.7643585614600106,,12.406065485775631,1.133923778851315,0.11406333870101985,,,,,,,,,
8,26.154052603327965,52.47584541062802,2.8784219001610305,2.7509393451422435,,14.304884594739667,1.107085346215781,0.11406333870101985,0.1878690284487386,0.026838432635534086,,,,,,,
9,26.080246913580247,52.47584541062802,2.945517981749866,2.7509393451422435,0.020128824476650563,14.2914653784219,1.107085346215781,0.11406333870101985,0.1878690284487386,0.026838432635534086,,,,,,,
10,26.039989264626946,51.88539989264627,3.421900161030596,2.7509393451422435,0.020128824476650563,14.197530864197532,1.107085346215781,0.36231884057971014,0.1878690284487386,0.026838432635534086,,,,,,,
11,25.885668276972623,51.97933440687064,3.4822866344605474,2.7777777777777777,0.020128824476650563,14.15727321524423,1.107085346215781,0.36231884057971014,0.20128824476650564,0.026838432635534086,,,,,,,
12,25.288513150831992,49.362587224906065,3.4688674181427803,2.7777777777777777,0.020128824476650563,14.143853998926463,4.435050993022007,0.36231884057971014,0.11406333870101985,0.026838432635534086,,,,,,,
13,25.120772946859905,47.71202361782072,3.2474503488996245,2.7777777777777777,0.020128824476650563,14.143853998926463,6.723027375201288,0.11406333870101985,0.11406333870101985,0.026838432635534086,,,,,,,
14,25.13419216317767,47.66505636070853,3.240740740740741,2.7777777777777777,0.020128824476650563,14.103596349973161,6.689479334406871,0.1274825550187869,0.15432098765432098,0.06038647342995169,0.026838432635534086,,,,,,
15,24.993290391841118,47.78582930756844,3.260869565217391,2.7777777777777777,0.020128824476650563,14.103596349973161,6.689479334406871,0.1274825550187869,0.15432098765432098,0.06038647342995169,0.026838432635534086,,,,,,
16,24.973161567364468,47.75228126677402,3.3145464304884595,2.7777777777777777,0.020128824476650563,14.016371443907676,6.649221685453569,0.1274825550187869,0.24154589371980675,0.10064412238325282,0.026838432635534086,,,,,,
17,24.168008588298445,42.81400966183575,3.2675791733762747,2.791196994095545,,13.030059044551798,6.649221685453569,6.877348362855609,0.2616747181964573,0.10064412238325282,0.026838432635534086,0.013419216317767043,,,,,
18,21.947128287707997,44.840311325818575,3.475577026301664,2.7777777777777777,,13.030059044551798,6.635802469135802,6.877348362855609,0.2616747181964573,0.11406333870101985,0.026838432635534086,0.013419216317767043,,,,,
19,20.021470746108427,46.71900161030596,3.5225442834138487,2.7777777777777777,,13.023349436392914,6.635802469135802,6.877348362855609,0.2683843263553409,0.11406333870101985,0.026838432635534086,0.013419216317767043,,,,,
20,20.001341921631777,46.524422973698336,3.743961352657005,2.7777777777777777,,12.969672571121846,6.635802469135802,6.870638754696726,0.2952227589908749,0.11406333870101985,0.026838432635534086,0.040257648953301126,,,,,
21,19.94766505636071,46.2157809983897,4.0995705850778315,2.7777777777777777,0.026838432635534086,12.93612453032743,6.635802469135802,6.870638754696726,0.30864197530864196,0.11406333870101985,0.026838432635534086,0.040257648953301126,,,,,
22,19.961084272678477,46.13526570048309,4.119699409554482,2.8247450348899625,0.026838432635534086,12.902576489533011,6.635802469135802,6.857219538378959,0.3421900161030596,0.11406333870101985,0.026838432635534086,0.05367686527106817,,,,,
23,18.88083735909823,34.40016103059581,1.6908212560386473,30.347557702630166,,6.333870101986044,6.521739130434782,1.5767579173376274,0.12077294685990338,0.1274825550187869,,,,,,,
24,18.80703166935051,34.41358024691358,1.751207729468599,30.079173376274827,0.2683843263553409,6.333870101986044,6.494900697799249,1.5767579173376274,0.12077294685990338,0.15432098765432098,,,,,,,
25,18.323939881910896,32.07192699946323,1.6572732152442298,29.60950080515298,0.322061191626409,6.340579710144928,6.494900697799249,4.904723564143854,0.12077294685990338,0.15432098765432098,,,,,,,
26,18.364197530864196,31.99812130971551,1.7042404723564144,29.502147074610843,0.41599570585077833,6.320450885668277,6.488191089640365,4.904723564143854,0.14090177133655393,0.1610305958132045,,,,,,,
27,18.397745571658614,31.964573268921097,1.737788513150832,29.408212560386474,0.5099302200751477,6.3070316693505095,6.427804616210413,4.904723564143854,0.15432098765432098,0.1878690284487386,,,,,,,
28,17.74020397208803,32.49463231347289,1.8451422436929683,29.20692431561997,0.7380568974771873,6.3070316693505095,6.427804616210413,4.871175523349437,0.15432098765432098,0.1878690284487386,,,0.026838432635534086,,,,
29,17.384594739667204,32.8166935050993,1.8384326355340848,29.17337627482555,0.785024154589372,6.3070316693505095,5.964841653247451,5.307300053676865,0.15432098765432098,0.2147074610842727,,,0.05367686527106817,,,,
30,13.399087493290391,30.67632850241546,3.2004830917874396,35.90311325818572,0.6575415995705851,6.3070316693505095,5.924584004294149,3.4688674181427803,0.18115942028985507,0.2549651100375738,,,0.026838432635534086,,,,
31,12.607353730542137,29.28743961352657,3.0595813204508855,35.42673107890499,1.2748255501878691,7.454374664519592,7.192699946323135,3.2474503488996245,0.16774020397208803,0.2549651100375738,,,0.026838432635534086,,,,
32,12.600644122383253,26.39559849704777,6.9243156199677935,34.70880300590446,1.133923778851315,7.454374664519592,7.152442297369833,3.180354267310789,0.16774020397208803,0.2549651100375738,,,0.026838432635534086,,,,
33,12.587224906065487,26.38888888888889,6.937734836285561,31.53515834675255,1.1205045625335481,7.454374664519592,7.152442297369833,6.333870101986044,0.16774020397208803,0.2549651100375738,,,0.06709608158883522,,,,
34,12.473161567364466,26.40901771336554,6.971282877079979,31.468062265163713,1.1473429951690821,7.481213097155126,7.152442297369833,6.273483628556092,0.18115942028985507,0.28180354267310787,,0.07380568974771873,0.08722490606548577,,,,
35,12.218196457326892,26.174181427804616,6.769994632313473,31.44122383252818,0.6910896403650026,8.004562533548041,7.152442297369833,6.937734836285561,0.16774020397208803,0.2549651100375738,,0.0939345142243693,0.0939345142243693,,,,
36,12.211486849168008,26.140633387010197,6.769994632313473,31.414385399892645,0.7179280730005367,8.004562533548041,7.152442297369833,6.9310252281266775,0.20128824476650564,0.2549651100375738,,0.0939345142243693,0.10735373054213634,,,,
37,12.224906065485776,26.100375738056897,6.810252281266774,31.394256575415994,0.7246376811594203,7.971014492753623,7.152442297369833,6.9310252281266775,0.23483628556092323,0.2549651100375738,,0.0939345142243693,0.10735373054213634,,,,
38,12.204777241009126,25.99302200751476,8.333333333333334,29.60950080515298,1.1137949543746646,7.971014492753623,7.139023081052066,6.857219538378959,0.23483628556092323,0.2549651100375738,,0.1610305958132045,0.1274825550187869,,,,
39,12.211486849168008,25.89908749329039,8.413848631239935,28.69699409554482,1.1272141706924315,9.31964573268921,7.139023081052066,6.4412238325281805,0.23483628556092323,0.2281266774020397,,0.1610305958132045,0.1274825550187869,,,,
40,12.258454106280194,25.483091787439612,8.433977455716587,29.066022544283413,1.1540526033279657,9.27938808373591,7.118894256575416,6.421095008051529,0.24825550187869028,0.24825550187869028,,0.1610305958132045,0.1274825550187869,,,,
41,10.641438539989265,26.610305958132045,8.400429414922169,29.066022544283413,1.1540526033279657,12.922705314009661,4.1129898013955986,6.421095008051529,0.2885131508319914,0.0939345142243693,,0.1610305958132045,0.1274825550187869,,,,
42,10.641438539989265,26.570048309178745,8.387010198604402,29.025764895330113,1.2077294685990339,12.902576489533011,4.106280193236715,6.488191089640365,0.3153515834675255,0.0939345142243693,,0.1610305958132045,0.10064412238325282,,,,
43,10.63472893183038,26.549919484702095,8.501073537305421,28.629898013955984,1.596886741814278,12.486580783682234,4.106280193236715,6.488191089640365,0.6508319914117016,0.0939345142243693,,0.1610305958132045,0.10064412238325282,,,,
44,10.628019323671497,26.54320987654321,8.474235104669887,27.925389157273216,1.6170155662909287,12.4597423510467,7.306763285024155,3.992216854535695,0.6776704240472357,0.0939345142243693,,0.18115942028985507,0.10064412238325282,,,,
45,9.997316156736447,26.88539989264627,8.440687063875469,27.77777777777778,1.6304347826086956,14.479334406870638,6.4345142243692965,3.535963499731616,0.4428341384863124,0.0939345142243693,,0.18115942028985507,0.10064412238325282,,,,
46,9.91009125067096,26.952495974235106,8.474235104669887,27.697262479871174,1.710950080515298,14.36527106816962,6.427804616210413,3.5225442834138487,0.5300590445517982,0.0939345142243693,,0.18115942028985507,0.13419216317767044,,,,
47,8.051529790660226,21.70558239398819,8.420558239398819,36.72839506172839,1.710950080515298,12.573805689747719,6.400966183574879,3.4688674181427803,0.5032206119162641,0.12077294685990338,,0.18115942028985507,0.13419216317767044,,,,
48,8.071658615136876,21.70558239398819,8.440687063875469,36.68142780461621,1.7176596886741815,12.560386473429952,6.400966183574879,3.4688674181427803,0.5166398282340311,0.12077294685990338,,0.18115942028985507,0.13419216317767044,,,,
49,6.139291465378422,20.40391841116479,8.507783145464305,39.71417069243156,1.8585614600107354,12.526838432635534,6.400966183574879,3.4688674181427803,0.5434782608695652,0.12077294685990338,,0.18115942028985507,0.13419216317767044,,,,
50,6.132581857219538,20.40391841116479,8.507783145464305,39.70746108427268,1.8585614600107354,12.526838432635534,6.400966183574879,3.4688674181427803,0.5434782608695652,0.12077294685990338,0.013419216317767043,0.18115942028985507,0.13419216317767044,,,,
51,6.166129898013956,19.639023081052066,8.427267847557703,39.110305958132045,2.623456790123457,11.41304347826087,8.252818035426731,3.374932903918411,0.5300590445517982,0.10064412238325282,0.020128824476650563,0.18115942028985507,0.1610305958132045,,,,
52,6.078904991948471,19.726247987117553,8.427267847557703,39.06333870101986,2.6704240472356413,11.41304347826087,8.225979602791197,3.3816425120772946,0.5300590445517982,0.1274825550187869,0.020128824476650563,0.18115942028985507,0.15432098765432098,,,,
53,6.038647342995169,19.64573268921095,8.964036500268385,38.62721417069243,2.657004830917874,11.41304347826087,8.232689210950081,3.3816425120772946,0.5300590445517982,0.1274825550187869,0.020128824476650563,0.18115942028985507,0.18115942028985507,,,,
54,5.870907139023081,17.975040257648953,9.29951690821256,37.40606548577563,3.026033279656468,11.41304347826087,8.232689210950081,5.736714975845411,0.5300590445517982,0.1274825550187869,0.020128824476650563,0.18115942028985507,0.18115942028985507,,,,
55,5.897745571658615,17.96833064949007,9.306226516371444,37.35909822866345,3.046162104133119,11.366076221148685,8.232689210950081,5.736714975845411,0.5770263016639828,0.1274825550187869,0.020128824476650563,0.18115942028985507,0.18115942028985507,,,,
56,5.870907139023081,18.00858829844337,9.312936124530328,37.124261943102525,3.240740740740741,11.305689747718732,8.205850778314547,5.736714975845411,0.630703166935051,0.15432098765432098,0.04696725711218465,0.18115942028985507,0.18115942028985507,,,,
57,5.891035963499732,17.954911433172303,9.359903381642512,37.124261943102525,3.240740740740741,11.171497584541063,8.205850778314547,5.736714975845411,0.7514761137949544,0.15432098765432098,0.04696725711218465,0.18115942028985507,0.18115942028985507,,,,
58,5.891035963499732,17.834138486312398,9.480676328502415,36.862587224906065,3.44873859366613,11.158078368223295,8.205850778314547,5.703166935050993,0.8051529790660226,0.15432098765432098,0.07380568974771873,0.20128824476650564,0.18115942028985507,,,,
59,5.891035963499732,17.64626945786366,9.695383789586689,36.70155662909286,3.5091250670960816,11.131239935587761,8.205850778314547,5.736714975845411,0.8185721953837896,0.15432098765432098,0.08722490606548577,0.2281266774020397,0.19457863660762212,,,,
60,5.723295759527644,17.54562533548041,9.420289855072463,36.65458937198068,3.5091250670960816,11.131239935587761,8.205850778314547,6.327160493827161,0.8185721953837896,0.15432098765432098,0.08722490606548577,0.2281266774020397,0.19457863660762212,,,,
61,5.46833064949007,17.444981213097154,10.701825013419215,35.339506172839506,3.824476650563607,11.131239935587761,8.28636607622115,6.286902844873859,0.8118625872249061,0.17444981213097155,0.08722490606548577,0.24825550187869028,0.19457863660762212,,,,
62,5.46833064949007,17.458400429414922,10.701825013419215,35.07112184648417,3.8714439076757916,10.795759527643586,8.682232957595277,6.280193236714976,0.8118625872249061,0.322061191626409,0.08722490606548577,0.2549651100375738,0.19457863660762212,,,,
63,5.46833064949007,17.391304347826086,10.72866344605475,35.04428341384863,3.898282340311326,10.782340311325818,8.682232957595277,6.286902844873859,0.8185721953837896,0.322061191626409,0.1274825550187869,0.2549651100375738,0.19457863660762212,,,,
64,5.4549114331723025,17.384594739667204,10.701825013419215,35.02415458937198,3.898282340311326,10.762211486849168,8.675523349436393,6.286902844873859,0.8655394524959742,0.322061191626409,0.1274825550187869,0.2549651100375738,0.24154589371980675,,,,
65,5.4549114331723025,17.371175523349436,10.715244229736983,34.99060654857756,3.9318303811057436,10.748792270531402,8.655394524959743,6.273483628556092,0.8655394524959742,0.35560923242082665,0.1274825550187869,0.28180354267310787,0.2281266774020397,,,,
66,5.4549114331723025,17.357756307031668,10.896403650026839,34.896672034353195,3.9989264626945786,10.621309715512615,8.655394524959743,6.260064412238325,0.8655394524959742,0.35560923242082665,0.1274825550187869,0.28180354267310787,0.2281266774020397,,,,
67,5.4616210413311865,17.297369833601717,10.95679012345679,34.836285560923244,4.025764895330113,10.621309715512615,8.668813741277509,6.1929683306494905,0.8655394524959742,0.35560923242082665,0.1274825550187869,0.36231884057971014,0.2281266774020397,,,,
68,5.481749865807837,17.2638217928073,10.929951690821255,34.856414385399894,4.005636070853462,10.621309715512615,8.675523349436393,6.1929683306494905,0.8655394524959742,0.3757380568974772,0.1274825550187869,0.36231884057971014,0.24154589371980675,,,,
69,5.488459473966721,16.75389157273215,10.789049919484702,34.82957595276436,3.992216854535695,10.61460010735373,8.252818035426731,7.246376811594203,0.8655394524959742,0.4495437466451959,0.11406333870101985,0.36231884057971014,0.24154589371980675,,,,
70,4.99194847020934,15.861513687600644,10.527375201288244,34.0378421900161,4.17337627482555,13.727858293075684,8.266237251744498,6.528448738593666,0.8521202361782072,0.4294149221685454,0.11406333870101985,0.18115942028985507,0.30864197530864196,,,,
71,4.99194847020934,15.814546430488459,10.63472893183038,33.702361782071925,4.260601180891036,13.727858293075684,8.413848631239935,6.521739130434782,0.8789586688137413,0.4294149221685454,0.11406333870101985,0.20799785292538917,0.30193236714975846,,,,
72,4.944981213097155,15.780998389694043,10.668276972624799,33.63526570048309,4.28743961352657,13.593666129898015,8.413848631239935,6.535158346752549,1.0869565217391304,0.4294149221685454,0.11406333870101985,0.20799785292538917,0.30193236714975846,,,,
73,4.924852388620504,15.801127214170693,10.681696188942565,33.59500805152979,4.280730005367687,13.553408480944713,8.427267847557703,6.535158346752549,1.1205045625335481,0.4428341384863124,0.11406333870101985,0.2214170692431562,0.30193236714975846,,,,
74,4.931561996779388,15.425389157273216,10.802469135802468,33.58829844337091,4.253891572732153,13.56682769726248,8.360171765968868,6.870638754696726,1.1205045625335481,0.4428341384863124,0.11406333870101985,0.2214170692431562,0.30193236714975846,,,,
75,4.931561996779388,15.425389157273216,11.60762211486849,33.25281803542673,4.28743961352657,13.063607085346217,8.353462157809984,6.884057971014493,1.1003757380568975,0.4562533548040794,0.11406333870101985,0.2214170692431562,0.30193236714975846,,,,
76,4.918142780461621,15.425389157273216,11.66129898013956,33.21256038647343,4.314278046162104,13.023349436392914,8.353462157809984,6.863929146537842,1.1003757380568975,0.48980139559849706,0.11406333870101985,0.2214170692431562,0.30193236714975846,,,,
77,4.810789049919484,15.351583467525497,11.694847020933977,33.4272678475577,4.341116478797638,12.875738056897477,8.353462157809984,6.890767579173376,1.1272141706924315,0.5166398282340311,0.11406333870101985,0.19457863660762212,0.30193236714975846,,,,
78,4.804079441760601,15.22410091250671,11.748523886205046,33.21926999463231,4.166666666666667,12.875738056897477,8.380300590445518,7.387278582930757,1.1003757380568975,0.5099302200751477,0.11406333870101985,0.19457863660762212,0.27509393451422437,,,,
79,4.783950617283951,15.22410091250671,11.768652710681696,33.12533548040794,4.206924315619967,12.842190016103059,8.380300590445518,7.360440150295223,1.1540526033279657,0.5099302200751477,0.11406333870101985,0.19457863660762212,0.33548040794417605,,,,
80,4.549114331723027,10.929951690821255,11.312399355877616,32.26650563607085,4.025764895330113,11.231884057971014,17.324208266237253,6.521739130434782,1.0198604401502953,0.27509393451422437,0.11406333870101985,0.11406333870101985,0.3153515834675255,,,,
81,4.5893719806763285,10.916532474503489,12.352388620504563,31.48148148148148,4.032474503488996,11.20504562533548,17.143048845947398,6.427804616210413,1.0064412238325282,0.24154589371980675,0.11406333870101985,0.15432098765432098,0.33548040794417605,,,,
82,4.636339237788513,10.158346752549651,11.721685453569512,31.394256575415994,4.079441760601181,11.16478797638218,18.57890499194847,6.394256575415996,1.0064412238325282,0.24825550187869028,0.1274825550187869,0.15432098765432098,0.33548040794417605,,,,
83,4.636339237788513,10.050993022007514,11.574074074074074,30.18652710681696,3.9049919484702094,11.137949543746645,19.592055823939884,6.964573268921095,1.0534084809447128,0.2683843263553409,0.1274825550187869,0.16774020397208803,0.33548040794417605,,,,
84,4.575952764358561,8.145464304884594,11.07085346215781,30.10601180891036,3.9586688137412773,10.789049919484702,22.450348899624263,6.9243156199677935,1.06682769726248,0.30864197530864196,0.11406333870101985,0.16774020397208803,0.322061191626409,,,,
85,4.508856682769726,8.232689210950081,11.064143853998926,30.099302200751477,4.005636070853462,10.755501878690284,22.450348899624263,6.937734836285561,1.06682769726248,0.27509393451422437,0.11406333870101985,0.16774020397208803,0.322061191626409,,,,
86,3.965378421900161,8.695652173913043,10.587761674718196,29.918142780461622,4.019055287171229,14.325013419216317,19.632313472893184,6.944444444444445,0.9796027911969941,0.28180354267310787,0.11406333870101985,0.2147074610842727,0.322061191626409,,,,
87,3.965378421900161,8.668813741277509,10.63472893183038,29.857756307031668,4.045893719806763,14.325013419216317,19.598765432098766,6.944444444444445,0.9796027911969941,0.32877079978529256,0.11406333870101985,0.2147074610842727,0.322061191626409,,,,
88,3.5225442834138487,7.387278582930757,9.64170692431562,35.601180891035966,3.7037037037037037,15.056360708534621,16.49892646269458,6.642512077294686,1.0131508319914118,0.30193236714975846,0.11406333870101985,0.19457863660762212,0.322061191626409,,,,
89,3.515834675254965,7.39398819108964,9.64170692431562,35.587761674718195,3.717122920021471,15.056360708534621,16.472088030059044,6.642512077294686,1.0131508319914118,0.30193236714975846,0.11406333870101985,0.2214170692431562,0.322061191626409,,,,
90,3.5091250670960816,7.37385936661299,9.292807300053678,35.23215244229737,3.743961352657005,12.513419216317766,19.753086419753085,6.629092860976919,0.9728931830381106,0.27509393451422437,0.11406333870101985,0.2683843263553409,0.322061191626409,,,,
91,3.535963499731616,7.37385936661299,8.413848631239935,34.856414385399894,3.730542136339238,12.513419216317766,21.162104133118625,6.360708534621578,0.9728931830381106,0.3824476650563607,0.11406333870101985,0.2683843263553409,0.3153515834675255,,,,
92,3.435319377348363,7.1658615136876005,8.440687063875469,35.15163714439077,3.750670960815888,12.4597423510467,21.155394524959743,6.360708534621578,0.9930220075147611,0.39586688137412773,0.11406333870101985,0.2616747181964573,0.3153515834675255,,,,
93,3.3950617283950617,6.910896403650026,7.1658615136876005,37.567096081588836,3.4957058507783145,13.103864734299517,20.45088566827697,6.286902844873859,0.6709608158883521,0.4227053140096618,0.10735373054213634,0.20128824476650564,0.2214170692431562,,,,
94,3.321256038647343,6.89747718733226,6.501610305958132,39.22436929683307,3.294417606011809,14.398819108964037,18.71309715512614,6.219806763285024,0.49651100375738055,0.41599570585077833,0.10735373054213634,0.1878690284487386,0.2214170692431562,,,,
95,3.1535158346752548,5.629361245303274,6.508319914117015,37.66774020397209,3.0931293612453032,16.968599033816425,19.773215244229736,5.984970477724101,0.27509393451422437,0.4025764895330113,0.13419216317767044,0.1878690284487386,0.2214170692431562,,,,
96,3.1333870101986045,5.629361245303274,6.541867954911433,40.4320987654321,3.3145464304884595,15.163714439076758,18.54535695115405,5.964841653247451,0.32877079978529256,0.4025764895330113,0.13419216317767044,0.1878690284487386,0.2214170692431562,,,,
97,3.0595813204508855,5.092592592592593,5.810520665593129,42.55904455179817,2.589908749329039,15.217391304347826,19.558507783145465,4.85775630703167,0.46967257112184646,0.3421900161030596,0.08722490606548577,0.15432098765432098,0.20128824476650564,,,,
98,3.0730005367686526,5.0858829844337095,5.797101449275362,42.28395061728395,2.428878153515835,15.170424047235642,19.47799248523886,5.320719269994632,0.5636070853462157,0.35560923242082665,0.08722490606548577,0.15432098765432098,0.20128824476650564,,,,
99,3.066290928609769,5.0858829844337095,5.797101449275362,42.2638217928073,2.4355877616747184,16.15673644659152,18.431293612453032,5.3341384863123995,0.5971551261406334,0.38915727321524424,0.08722490606548577,0.15432098765432098,0.20128824476650564,,,,
100,3.099838969404187,5.0791733762748255,5.797101449275362,40.64009661835749,2.6972624798711755,17.538915727321523,18.38432635534085,5.3341384863123995,0.5971551261406334,0.38915727321524424,0.08722490606548577,0.15432098765432098,0.20128824476650564,,,,
101,3.1065485775630703,5.045625335480408,5.367686527106817,39.51959205582394,2.7308105206655933,17.20343531937735,18.283682232957595,7.132313472893183,0.6709608158883521,0.4294149221685454,0.08722490606548577,0.2147074610842727,0.20799785292538917,,,,
102,3.079710144927536,5.072463768115942,5.367686527106817,39.190821256038646,2.677133655394525,17.196725711218466,18.256843800322063,7.514761137949543,0.6776704240472357,0.4562533548040794,0.07380568974771873,0.2147074610842727,0.2214170692431562,,,,
103,3.0931293612453032,5.072463768115942,6.199677938808374,38.39237788513151,2.7308105206655933,17.196725711218466,18.23671497584541,7.347020933977456,0.6776704240472357,0.5099302200751477,0.07380568974771873,0.2147074610842727,0.2549651100375738,,,,
104,3.113258185721954,5.072463768115942,6.0587761674718195,37.8690284487386,2.7643585614600106,17.122920021470748,17.753623188405797,8.340042941492216,0.7380568974771873,0.5703166935050993,0.07380568974771873,0.2683843263553409,0.2549651100375738,,,,
105,3.1199677938808374,5.072463768115942,6.052066559312936,37.7012882447665,2.9253891572732154,17.06924315619968,17.746913580246915,8.340042941492216,0.7716049382716049,0.5904455179817498,0.07380568974771873,0.2683843263553409,0.2683843263553409,,,,
106,3.1333870101986045,5.072463768115942,5.904455179817498,37.043746645195924,2.9052603327965647,17.01556629092861,18.592324208266238,8.3064949006978,0.8185721953837896,0.6239935587761675,0.04696725711218465,0.2683843263553409,0.2683843263553409,,,,
107,3.1199677938808374,5.072463768115942,6.756575415995706,36.218464841653244,2.9052603327965647,16.948470209339774,18.5654857756307,8.279656468062266,0.8856682769726248,0.6374127750939346,0.04696725711218465,0.2952227589908749,0.2683843263553409,,,,
108,3.1065485775630703,5.025496511003757,6.749865807836822,35.02415458937198,3.294417606011809,17.840848094471284,18.5252281266774,8.279656468062266,0.9057971014492754,0.630703166935051,0.06038647342995169,0.2952227589908749,0.2616747181964573,,,,
109,3.126677402039721,5.032206119162641,6.816961889425658,34.88325281803543,3.4688674181427803,17.713365539452496,18.49838969404187,8.279656468062266,0.9259259259259259,0.6374127750939346,0.06038647342995169,0.2952227589908749,0.2616747181964573,,,,
110,3.1333870101986045,5.032206119162641,7.326892109500805,34.38003220611916,3.4286097691894795,17.713365539452496,18.511808910359633,8.28636607622115,0.9259259259259259,0.644122383252818,0.06038647342995169,0.2885131508319914,0.2549651100375738,0.013419216317767043,,,
111,3.1333870101986045,5.032206119162641,7.816693505099302,33.76945786366076,3.4688674181427803,17.639559849704778,18.411164787976382,8.454106280193237,0.966183574879227,0.6776704240472357,0.06038647342995169,0.30193236714975846,0.2549651100375738,0.013419216317767043,,,
112,3.1333870101986045,5.01207729468599,7.387278582930757,33.13204508856683,3.4957058507783145,17.62614063338701,18.397745571658614,9.574610842726784,0.9796027911969941,0.6910896403650026,0.026838432635534086,0.30193236714975846,0.2281266774020397,0.013419216317767043,,,
113,3.1535158346752548,4.998658078368224,7.434245840042942,33.011272141706925,3.535963499731616,17.612721417069242,18.370907139023082,9.601449275362318,0.9930220075147611,0.7179280730005367,0.026838432635534086,0.30193236714975846,0.2281266774020397,0.013419216317767043,,,
114,3.1535158346752548,4.998658078368224,7.467793880837359,32.9777241009125,3.5628019323671496,17.55233494363929,18.370907139023082,9.594739667203436,1.0265700483091786,0.7179280730005367,0.026838432635534086,0.30864197530864196,0.2281266774020397,0.013419216317767043,,,
115,3.166935050993022,4.998658078368224,7.548309178743962,32.950885668276975,3.569511540526033,17.196725711218466,18.592324208266238,9.574610842726784,1.0534084809447128,0.7179280730005367,0.026838432635534086,0.3488996242619431,0.24154589371980675,0.013419216317767043,,,
116,3.099838969404187,4.951690821256038,7.843531937734836,32.830112721417066,3.5762211486849167,17.16988727858293,18.53864734299517,9.567901234567902,1.0735373054213635,0.7179280730005367,0.026838432635534086,0.3488996242619431,0.24154589371980675,0.013419216317767043,,,
117,3.113258185721954,4.918142780461621,7.87037037037037,32.830112721417066,3.5762211486849167,17.12962962962963,18.531937734836287,9.567901234567902,1.1137949543746646,0.7179280730005367,0.026838432635534086,0.3488996242619431,0.24154589371980675,0.013419216317767043,,,
118,3.113258185721954,4.911433172302737,7.843531937734836,32.76301663982824,3.629898013955985,17.12962962962963,18.50509930220075,9.541062801932368,1.1406333870101986,0.7648953301127214,0.040257648953301126,0.3757380568974772,0.2281266774020397,0.013419216317767043,,,
119,3.126677402039721,4.911433172302737,7.823403113258186,32.70263016639828,3.656736446591519,17.122920021470748,18.46484165324745,9.5276435856146,1.1741814278046163,0.798443370907139,0.040257648953301126,0.3757380568974772,0.2616747181964573,0.013419216317767043,,,
120,3.126677402039721,4.911433172302737,7.823403113258186,32.669082125603865,3.683574879227053,17.008856682769725,18.370907139023082,9.5276435856146,1.3821792807300053,0.8051529790660226,0.040257648953301126,0.3757380568974772,0.2616747181964573,0.013419216317767043,,,
121,3.0864197530864197,4.824208266237251,7.474503488996243,31.676060118089104,3.5426731078904994,16.988727858293075,20.645464304884594,8.930488459473967,1.3486312399355878,0.8118625872249061,0.040257648953301126,0.3824476650563607,0.23483628556092323,0.013419216317767043,,,
122,3.0059044551798175,4.817498658078368,7.474503488996243,31.64922168545357,3.569511540526033,17.06924315619968,20.531400966183575,8.896940418679549,1.3687600644122384,0.9460547504025765,0.040257648953301126,0.3824476650563607,0.23483628556092323,0.013419216317767043,,,
123,2.985775630703167,4.7638217928073,7.333601717659689,30.58239398819109,3.374932903918411,17.894524959742352,21.195652173913043,8.876811594202898,1.3687600644122384,0.9460547504025765,0.040257648953301126,0.36231884057971014,0.2616747181964573,0.013419216317767043,,,
124,3.0394524959742353,4.7638217928073,7.2933440687063875,30.56226516371444,3.3682232957595275,17.887815351583466,21.141975308641975,8.876811594202898,1.3687600644122384,0.9930220075147611,0.040257648953301126,0.38915727321524424,0.2616747181964573,0.013419216317767043,,,
125,3.079710144927536,4.750402576489533,7.286634460547504,30.52871712292002,3.556092324208266,17.713365539452496,21.141975308641975,8.870101986044014,1.3754696725711217,0.9930220075147611,0.040257648953301126,0.38915727321524424,0.2616747181964573,0.013419216317767043,,,
126,3.0595813204508855,4.750402576489533,7.300053676865271,32.71604938271605,3.717122920021471,16.13660762211487,20.625335480407944,8.870101986044014,1.261406333870102,0.8588298443370908,0.040257648953301126,0.38915727321524424,0.2616747181964573,0.013419216317767043,,,
127,3.0595813204508855,4.750402576489533,7.27992485238862,32.689210950080515,3.770799785292539,16.0426731078905,20.558239398819108,8.910359634997317,1.3217928073000538,0.8990874932903918,0.05367686527106817,0.38915727321524424,0.2616747181964573,0.013419216317767043,,,
128,3.0595813204508855,4.74369296833065,7.253086419753086,32.63553408480945,3.8177670424047236,16.0426731078905,20.52469135802469,8.93719806763285,1.3217928073000538,0.9057971014492754,0.05367686527106817,0.43612453032742887,0.2549651100375738,0.013419216317767043,,,
129,3.113258185721954,4.730273752012883,7.25979602791197,32.588566827697264,3.8915727321524423,15.982286634460548,20.45088566827697,8.890230810520666,1.2949543746645196,1.0064412238325282,0.05367686527106817,0.46967257112184646,0.2549651100375738,0.013419216317767043,,,
130,3.1333870101986045,4.669887278582931,7.27992485238862,32.53488996242619,3.9989264626945786,15.881642512077295,20.209339774557165,8.917069243156199,1.6170155662909287,0.966183574879227,0.05367686527106817,0.46967257112184646,0.2549651100375738,0.013419216317767043,,,
131,3.1468062265163717,4.669887278582931,7.246376811594203,32.43424584004294,4.1129898013955986,15.848094471282877,20.175791733762747,8.93719806763285,1.6371443907675791,0.9997316156736447,0.05367686527106817,0.46967257112184646,0.2549651100375738,0.013419216317767043,,,
132,3.166935050993022,4.669887278582931,7.246376811594203,32.407407407407405,4.119699409554482,15.848094471282877,20.175791733762747,8.917069243156199,1.6371443907675791,0.9997316156736447,0.05367686527106817,0.48980139559849706,0.2549651100375738,0.013419216317767043,,,
133,3.1602254428341383,4.669887278582931,7.159151905528717,32.37385936661299,4.159957058507783,15.848094471282877,20.169082125603865,8.910359634997317,1.6371443907675791,1.0064412238325282,0.05367686527106817,0.5837359098228664,0.2549651100375738,0.013419216317767043,,,
134,3.166935050993022,4.669887278582931,7.159151905528717,32.14573268921095,4.38137412775094,15.801127214170693,20.155662909286097,8.910359634997317,1.6841116478797638,1.0198604401502953,0.05367686527106817,0.5837359098228664,0.2549651100375738,0.013419216317767043,,,
135,2.717391304347826,4.522275899087493,7.152442297369833,33.7157809983897,4.374664519592056,15.398550724637682,19.753086419753085,8.876811594202898,1.5096618357487923,1.0466988727858293,0.05367686527106817,0.6105743424584005,0.2549651100375738,0.013419216317767043,,,
136,2.703972088030059,4.522275899087493,6.3137412775093935,32.84353193773484,4.206924315619967,15.398550724637682,20.632045088566827,9.903381642512077,1.5096618357487923,1.0601180891035964,0.05367686527106817,0.6105743424584005,0.2281266774020397,0.013419216317767043,,,
137,2.703972088030059,4.51556629092861,6.360708534621578,32.789855072463766,4.200214707461084,15.398550724637682,20.558239398819108,9.91009125067096,1.5096618357487923,1.133923778851315,0.05367686527106817,0.6239935587761675,0.2281266774020397,0.013419216317767043,,,
138,2.677133655394525,4.51556629092861,6.273483628556092,32.21282877079979,4.186795491143317,15.378421900161031,20.343531937734838,10.715244229736983,1.5365002683843263,1.2412775093934514,0.05367686527106817,0.6239935587761675,0.2281266774020397,0.013419216317767043,,,
139,2.2611379495437465,4.388083735909823,6.286902844873859,33.62855609232421,4.193505099302201,15.35829307568438,19.484702093397747,10.715244229736983,1.5365002683843263,1.221148684916801,0.05367686527106817,0.6239935587761675,0.23483628556092323,0.013419216317767043,,,
140,2.2611379495437465,4.388083735909823,6.286902844873859,33.54804079441761,4.260601180891036,15.35829307568438,19.484702093397747,10.68840579710145,1.5365002683843263,1.2546967257112185,0.05367686527106817,0.630703166935051,0.23483628556092323,0.013419216317767043,,,
141,2.26784755770263,4.38137412775094,6.273483628556092,33.52120236178207,4.213633923778851,15.425389157273216,19.484702093397747,10.628019323671497,1.596886741814278,1.2546967257112185,0.05367686527106817,0.6239935587761675,0.2616747181964573,0.013419216317767043,,,
142,2.2745571658615136,4.361245303274289,6.3137412775093935,33.46081588835212,4.320987654320987,15.351583467525497,19.47799248523886,10.628019323671497,1.570048309178744,1.2815351583467525,0.05367686527106817,0.630703166935051,0.2616747181964573,0.013419216317767043,,,
143,2.15378421900161,4.314278046162104,6.4412238325281805,33.393719806763286,4.609500805152979,15.24422973698336,19.26328502415459,10.748792270531402,1.6103059581320451,1.3217928073000538,0.05367686527106817,0.6038647342995169,0.2281266774020397,0.013419216317767043,,,
144,2.0799785292538915,4.280730005367687,6.427804616210413,33.51449275362319,4.602791196994096,15.230810520665592,19.122383252818036,10.735373054213634,1.6103059581320451,1.4895330112721417,0.06038647342995169,0.6038647342995169,0.2281266774020397,0.013419216317767043,,,
145,2.073268921095008,4.274020397208803,6.447933440687064,33.44068706387547,4.609500805152979,15.24422973698336,19.102254428341386,10.748792270531402,1.6035963499731616,1.5230810520665594,0.06038647342995169,0.6172839506172839,0.24154589371980675,0.013419216317767043,,,
146,2.0531400966183573,4.274020397208803,7.62211486849168,32.35373054213634,4.643048845947397,15.22410091250671,19.048577563070317,10.721953837895867,1.6237251744498122,1.5297906602254427,0.06038647342995169,0.5904455179817498,0.24154589371980675,0.013419216317767043,,,
147,2.0531400966183573,4.274020397208803,7.6556629092860975,34.88996242619431,4.643048845947397,13.761406333870102,18.156199677938808,10.46027911969941,1.556629092860977,1.4559849704777241,0.06038647342995169,0.7783145464304885,0.24154589371980675,0.013419216317767043,,,
148,2.0531400966183573,4.274020397208803,7.669082125603865,34.735641438539986,4.656468062265164,14.338432635534085,17.69994632313473,10.46027911969941,1.556629092860977,1.4626945786366077,0.06038647342995169,0.7783145464304885,0.24154589371980675,0.013419216317767043,,,
149,2.059849704777241,4.274020397208803,7.695920558239399,34.648416532474506,4.663177670424047,14.318303811057435,17.37788513150832,10.520665593129362,1.5767579173376274,1.7713365539452497,0.06038647342995169,0.7783145464304885,0.24154589371980675,0.013419216317767043,,,
150,2.086688137412775,4.26731078904992,7.648953301127214,34.48067632850242,4.830917874396135,14.318303811057435,17.371175523349436,10.487117552334944,1.5767579173376274,1.7713365539452497,0.10064412238325282,0.8051529790660226,0.24154589371980675,0.013419216317767043,,,
151,2.0933977455716586,4.26731078904992,7.648953301127214,34.47396672034353,4.8376274825550185,14.318303811057435,17.357756307031668,10.48040794417606,1.596886741814278,1.7713365539452497,0.10064412238325282,0.798443370907139,0.24154589371980675,0.013419216317767043,,,
152,2.1068169618894257,4.26731078904992,7.62211486849168,34.11164787976382,5.12614063338701,14.284755770263017,17.19001610305958,10.661567364465915,1.6572732152442298,1.7713365539452497,0.10064412238325282,0.8319914117015567,0.2549651100375738,0.013419216317767043,,,
153,2.15378421900161,4.26731078904992,7.615405260332796,34.024422973698336,5.2066559312936125,14.264626945786366,17.156468062265162,10.661567364465915,1.6774020397208802,1.7713365539452497,0.10064412238325282,0.8319914117015567,0.2549651100375738,0.013419216317767043,,,
154,2.13365539452496,4.260601180891036,7.64224369296833,33.964036500268385,5.179817498658078,14.076757917337627,17.156468062265162,10.809178743961352,1.7444981213097155,1.8250134192163177,0.10064412238325282,0.8319914117015567,0.2616747181964573,0.013419216317767043,,,
155,2.13365539452496,4.260601180891036,7.648953301127214,33.89694041867955,5.193236714975845,14.036500268384327,17.156468062265162,10.829307568438002,1.8115942028985508,1.8250134192163177,0.10064412238325282,0.8319914117015567,0.2616747181964573,0.013419216317767043,,,
156,2.1269457863660763,4.260601180891036,7.615405260332796,33.65539452495974,5.246913580246914,13.962694578636608,17.431561996779386,10.795759527643586,1.7646269457863661,1.865271068169619,0.10064412238325282,0.8655394524959742,0.2952227589908749,0.013419216317767043,,,
157,2.1269457863660763,4.260601180891036,7.615405260332796,33.62855609232421,5.246913580246914,13.962694578636608,17.431561996779386,10.775630703166936,1.7847557702630166,1.865271068169619,0.10064412238325282,0.8655394524959742,0.322061191626409,0.013419216317767043,,,
158,2.0933977455716586,4.260601180891036,7.863660762211487,33.36688137412775,5.273752012882448,13.942565754159958,17.398013955984972,10.789049919484702,1.7914653784219001,1.9189479334406871,0.10064412238325282,0.8655394524959742,0.322061191626409,0.013419216317767043,,,
159,2.0128824476650564,4.240472356414386,7.883789586688137,32.347020933977454,5.300590445517981,15.13016639828234,17.23027375201288,10.789049919484702,1.8183038110574343,1.9457863660762211,0.10064412238325282,0.8655394524959742,0.322061191626409,0.013419216317767043,,,
160,2.0263016639828235,4.240472356414386,7.883789586688137,32.347020933977454,5.314009661835748,15.083199141170155,17.216854535695116,10.789049919484702,1.8518518518518519,1.9457863660762211,0.10064412238325282,0.8655394524959742,0.322061191626409,0.013419216317767043,,,
161,2.0128824476650564,4.233762748255502,8.225979602791197,32.15244229736983,5.246913580246914,15.069779924852389,17.216854535695116,10.789049919484702,1.8250134192163177,1.9256575415995705,0.10064412238325282,0.8655394524959742,0.322061191626409,0.013419216317767043,,,
162,2.0128824476650564,4.233762748255502,8.3064949006978,32.098765432098766,5.193236714975845,15.069779924852389,17.257112184648417,10.775630703166936,1.8250134192163177,1.9256575415995705,0.10064412238325282,0.8655394524959742,0.322061191626409,0.013419216317767043,,,
163,2.033011272141707,4.2270531400966185,8.373590982286634,32.045088566827694,5.139559849704777,15.083199141170155,17.223564143854,10.775630703166936,1.8250134192163177,1.9726247987117553,0.10064412238325282,0.8655394524959742,0.322061191626409,0.013419216317767043,,,
