,45,50,55,51,52,54,56,57,53,58,59,60
0,99.3491680085883,0.6508319914117016,,,,,,,,,,
1,94.6658615136876,5.3341384863123995,,,,,,,,,,
2,94.67257112184649,5.3274288781535155,,,,,,,,,,
3,94.7061191626409,5.293880837359098,,,,,,,,,,
4,83.1454643048846,16.854535695115406,,,,,,,,,,
5,81.2734836285561,18.726516371443907,,,,,,,,,,
6,78.3749329039184,21.155394524959743,0.46967257112184646,,,,,,,,,
7,72.43692968330649,23.64465915190553,0.46967257112184646,3.44873859366613,,,,,,,,
8,72.49731615673645,23.544015029522274,0.46967257112184646,3.3413848631239937,0.14761137949543746,,,,,,,
9,72.53757380568975,23.503757380568974,0.46967257112184646,3.3413848631239937,0.14761137949543746,,,,,,,
10,72.12828770799786,20.82662372517445,0.46967257112184646,6.427804616210413,0.14761137949543746,,,,,,,
11,44.20960815888352,55.79039184111648,,,,,,,,,,
12,44.06870638754697,52.885131508319915,3.046162104133119,,,,,,,,,
13,44.32367149758454,52.63016639828234,3.046162104133119,,,,,,,,,
14,44.538378958668815,47.58454106280193,7.877079978529254,,,,,,,,,
15,43.08910359634997,49.033816425120776,7.877079978529254,,,,,,,,,
16,43.43800322061192,48.72517444981213,7.836822329575953,,,,,,,,,
17,38.61379495437466,38.506441223832525,7.917337627482555,14.855072463768115,,0.10735373054213634,,,,,,
18,38.84192163177671,38.38566827697262,7.85024154589372,14.814814814814815,,0.10735373054213634,,,,,,
19,39.049919484702095,38.238056897477186,7.803274288781535,14.801395598497047,,0.10735373054213634,,,,,,
20,28.30112721417069,35.71524422973698,3.1535158346752548,9.574610842726784,10.782340311325818,12.473161567364466,,,,,,
21,25.09393451422437,39.15727321524423,3.1535158346752548,9.39345142243693,10.225442834138486,12.385936661298981,0.5904455179817498,,,,,
22,25.389157273215243,39.05662909286098,3.140096618357488,9.286097691894794,10.185185185185185,11.345947396672035,0.5904455179817498,1.0064412238325282,,,,
23,25.167740203972087,39.27804616210413,3.140096618357488,9.286097691894794,10.185185185185185,11.345947396672035,0.5904455179817498,1.0064412238325282,,,,
24,25.785024154589372,38.91572732152442,3.113258185721954,9.16532474503489,10.185185185185185,11.238593666129898,0.5904455179817498,1.0064412238325282,,,,
25,25.959473966720342,38.7614063338701,3.1065485775630703,9.16532474503489,10.185185185185185,11.225174449812132,0.5904455179817498,1.0064412238325282,,,,
26,26.194310252281266,38.66076221148685,3.1065485775630703,9.118357487922705,10.144927536231885,11.674718196457327,0.5904455179817498,0.5099302200751477,,,,
27,26.42914653784219,38.479602791196996,3.1065485775630703,9.084809447128288,9.621578099838969,11.674718196457327,0.5904455179817498,1.0131508319914118,,,,
28,26.878690284487387,38.16425120772947,3.066290928609769,9.057971014492754,9.594739667203436,11.513687600644122,0.5770263016639828,1.1473429951690821,,,,
29,27.30139559849705,37.90257648953301,3.046162104133119,9.03113258185722,9.594739667203436,11.399624261943103,0.5770263016639828,1.1473429951690821,,,,
30,27.596618357487923,37.734836285560924,3.046162104133119,8.970746108427267,9.581320450885668,11.345947396672035,0.5770263016639828,1.1473429951690821,,,,
31,27.985775630703166,37.60735373054214,3.046162104133119,8.917069243156199,9.480676328502415,11.238593666129898,0.5770263016639828,1.1473429951690821,,,,
32,27.938808373590984,37.546967257112186,3.046162104133119,6.9243156199677935,8.80300590445518,11.097691894793345,0.5770263016639828,1.1272141706924315,2.9388083735909825,,,
33,28.381642512077295,37.3389694041868,3.026033279656468,6.89747718733226,8.668813741277509,11.057434245840042,0.5636070853462157,1.1272141706924315,2.9388083735909825,,,
34,28.28099838969404,37.533548040794415,2.999194847020934,6.89747718733226,8.61513687600644,11.044015029522276,0.5636070853462157,1.1272141706924315,2.9388083735909825,,,
35,28.24074074074074,35.13150831991412,5.46833064949007,6.89747718733226,8.588298443370908,11.044015029522276,0.5636070853462157,1.1272141706924315,2.9388083735909825,,,
36,28.589640365002683,34.876543209876544,5.448201825013419,6.89747718733226,8.561460010735374,10.997047772410092,0.5636070853462157,1.1272141706924315,2.9388083735909825,,,
37,28.743961352657006,34.675254965110035,5.448201825013419,5.35426731078905,8.561460010735374,10.997047772410092,2.6167471819645733,1.1272141706924315,2.475845410628019,,,
38,28.85131508319914,34.64170692431562,5.448201825013419,5.35426731078905,8.527911969940956,10.95679012345679,2.6167471819645733,1.1272141706924315,2.475845410628019,,,
39,26.724369296833064,26.120504562533547,4.448470209339774,11.030595813204508,14.49946323134729,10.95679012345679,2.6167471819645733,1.1272141706924315,2.475845410628019,,,
40,27.073268921095007,26.03327965646806,4.448470209339774,10.976918947933441,14.345142243692969,10.93666129898014,2.5966183574879227,1.1272141706924315,2.462426194310252,,,
41,26.603596349973163,24.671229200214707,4.2203435319377345,11.064143853998926,16.71363392377885,9.534353193773484,2.5697799248523885,1.1205045625335481,3.502415458937198,,,
42,24.88593666129898,25.49651100375738,4.180085882984434,11.258722490606548,18.45813204508857,9.514224369296834,2.563070316693505,0.9930220075147611,2.6502952227589907,,,
43,24.852388620504563,23.792270531400966,4.0995705850778315,11.258722490606548,16.948470209339774,12.31213097155126,2.6972624798711755,0.9930220075147611,3.046162104133119,,,
44,24.288781535158346,22.591250670960815,4.0995705850778315,10.950080515297907,11.996779388083736,19.82018250134192,2.6972624798711755,0.5099302200751477,3.046162104133119,,,
45,24.490069779924852,21.900161030595815,4.663177670424047,10.950080515297907,11.963231347289318,19.77992485238862,2.6972624798711755,0.5099302200751477,3.046162104133119,,,
46,24.698067632850243,21.4170692431562,5.052334943639291,10.923242082662373,11.902844873859367,19.753086419753085,2.6972624798711755,0.5099302200751477,3.046162104133119,,,
47,25.05367686527107,21.28287707997853,5.005367686527107,10.889694041867955,11.855877616747183,19.712828770799785,2.6704240472356413,0.5099302200751477,3.0193236714975846,,,
48,25.11406333870102,21.24932903918411,5.005367686527107,10.88298443370907,11.694847020933977,19.880568974771872,2.6435856146001075,0.5099302200751477,3.0193236714975846,,,
49,25.355609232420825,21.115136876006442,5.005367686527107,10.86285560923242,11.668008588298443,19.83360171765969,2.6435856146001075,0.49651100375738055,3.0193236714975846,,,
50,25.677670424047236,21.054750402576488,4.904723564143854,10.86285560923242,11.634460547504025,19.732957595276435,2.6301663982823404,0.49651100375738055,3.0059044551798175,,,
51,26.04669887278583,20.90713902308105,4.864465915190553,10.829307568438002,11.574074074074074,19.672571121846484,2.6033279656468062,0.49651100375738055,3.0059044551798175,,,
52,26.234567901234566,20.893719806763286,4.830917874396135,10.802469135802468,11.41304347826087,19.605475040257648,2.717391304347826,0.49651100375738055,3.0059044551798175,,,
53,26.40901771336554,20.061728395061728,5.12614063338701,10.701825013419215,11.386205045625335,19.53166935050993,2.717391304347826,0.49651100375738055,3.569511540526033,,,
54,26.56333870101986,20.02818035426731,5.119431025228127,10.701825013419215,11.386205045625335,19.45115405260333,2.6972624798711755,0.49651100375738055,3.556092324208266,,,
55,26.8317230273752,20.02818035426731,5.092592592592593,10.668276972624799,11.252012882447666,19.41760601180891,2.6838432635534084,0.49651100375738055,3.5292538915727323,,,
56,26.32850241545894,19.16935050993022,5.0791733762748255,11.882716049382717,11.218464841653248,19.370638754696724,2.6838432635534084,0.49651100375738055,3.770799785292539,,,
57,25.328770799785293,17.418142780461622,4.49543746645196,12.06387546967257,18.04884594739667,15.713902308105206,2.657004830917874,0.49651100375738055,3.656736446591519,0.12077294685990338,,
58,25.677670424047236,17.398013955984972,4.49543746645196,12.00348899624262,17.881105743424584,15.626677402039721,2.6435856146001075,0.49651100375738055,3.656736446591519,0.12077294685990338,,
59,26.174181427804616,17.250402576489535,4.455179817498658,11.990069779924852,17.673107890499196,15.579710144927537,2.6435856146001075,0.49651100375738055,3.616478797638218,0.12077294685990338,,
60,26.744498121309714,17.04911433172303,4.367954911433173,11.694847020933977,17.223564143854,15.74074074074074,2.945517981749866,0.49651100375738055,3.616478797638218,0.12077294685990338,,
61,25.026838432635532,16.297638217928075,4.367954911433173,11.668008588298443,29.159957058507782,7.098765432098766,2.8247450348899625,,3.435319377348363,0.12077294685990338,,
62,25.174449812130973,16.163446054750402,5.293880837359098,11.131239935587761,29.07944176060118,7.0450885668276975,2.5831991411701556,,3.408480944712829,0.12077294685990338,,
63,24.92619431025228,14.566559312936125,5.152979066022544,11.077563070316694,31.561996779388085,6.984702093397746,2.563070316693505,,3.046162104133119,0.12077294685990338,,
64,25.221417069243156,14.553140096618357,5.152979066022544,10.929951690821255,31.488191089640367,6.957863660762212,2.563070316693505,,3.012614063338701,0.12077294685990338,,
65,24.86580783682233,15.069779924852389,5.139559849704777,10.903113258185721,31.407675791733762,6.951154052603328,2.563070316693505,,2.9790660225442833,0.12077294685990338,,
66,25.161030595813205,14.741009125067096,5.481749865807837,10.768921095008052,31.253354804079443,6.951154052603328,2.563070316693505,,2.9589371980676327,0.12077294685990338,,
67,25.51663982823403,14.707461084272678,5.481749865807837,10.748792270531402,30.870907139023082,6.89747718733226,2.6972624798711755,,2.9589371980676327,0.12077294685990338,,
68,25.06038647342995,13.459473966720344,5.428073000536768,22.805958132045088,26.38888888888889,1.556629092860977,2.227589908749329,,2.952227589908749,0.12077294685990338,,
69,25.41599570585078,13.439345142243694,5.428073000536768,22.611379495437465,26.247987117552334,1.556629092860977,2.227589908749329,,2.952227589908749,0.12077294685990338,,
70,25.95276435856146,13.378958668813741,5.414653784219001,23.731884057971016,24.698067632850243,1.556629092860977,2.1940418679549114,,2.952227589908749,0.12077294685990338,,
71,26.08695652173913,13.372249060654857,5.414653784219001,23.68491680085883,24.644390767579175,1.556629092860977,2.1940418679549114,,2.9253891572732154,0.12077294685990338,,
72,26.33521202361782,13.311862587224907,5.414653784219001,23.597691894793343,24.570585077831456,1.556629092860977,2.167203435319377,,2.9253891572732154,0.12077294685990338,,
73,26.536500268384327,13.291733762748256,5.381105743424584,23.597691894793343,24.44981213097155,1.556629092860977,2.15378421900161,,2.9119699409554483,0.12077294685990338,,
74,26.382179280730007,13.110574342458401,5.193236714975845,23.17498658078368,24.44310252281267,1.556629092860977,2.15378421900161,,3.864734299516908,0.12077294685990338,,
75,26.663982823403114,13.077026301663983,5.186527106816962,23.05421363392378,24.355877616747183,1.556629092860977,2.15378421900161,,3.8580246913580245,0.0939345142243693,,
76,27.01959205582394,12.97638217928073,5.186527106816962,22.96027911969941,24.214975845410628,1.556629092860977,2.13365539452496,,3.8580246913580245,0.0939345142243693,,
77,27.455716586151368,12.546967257112184,5.152979066022544,22.82608695652174,24.094202898550726,1.5499194847020934,2.1068169618894257,,4.17337627482555,0.0939345142243693,,
78,27.26784755770263,12.439613526570048,5.850778314546431,22.22222222222222,24.40955448201825,1.4492753623188406,2.1068169618894257,,4.159957058507783,0.0939345142243693,,
79,27.4422973698336,12.352388620504563,5.837359098228664,22.22222222222222,24.362587224906065,1.4492753623188406,2.1068169618894257,,4.133118625872249,0.0939345142243693,,
80,27.77777777777778,12.31213097155126,6.474771873322598,22.034353193773484,23.68491680085883,1.4090177133655395,2.1068169618894257,,4.106280193236715,0.0939345142243693,,
81,27.63016639828234,12.077294685990339,6.474771873322598,22.007514761137948,24.094202898550726,1.4090177133655395,2.1068169618894257,,4.106280193236715,0.0939345142243693,,
82,27.811325818572197,12.02361782071927,6.468062265163715,21.591519055287172,23.95330112721417,1.4090177133655395,2.636876006441224,,4.012345679012346,0.0939345142243693,,
83,28.093129361245303,11.976650563607086,6.447933440687064,21.55126140633387,23.812399355877616,1.4090177133655395,2.6167471819645733,,3.9989264626945786,0.0939345142243693,,
84,28.14680622651637,11.969940955448202,6.447933440687064,21.531132581857218,23.785560923242084,1.4090177133655395,2.6167471819645733,,3.9989264626945786,0.0939345142243693,,
85,28.32125603864734,11.969940955448202,6.4412238325281805,21.443907675791735,23.74530327428878,1.4090177133655395,2.6033279656468062,,3.9720880300590444,0.0939345142243693,,
86,28.502415458937197,11.916264090177133,6.414385399892646,21.24932903918411,23.89291465378422,1.4090177133655395,2.6033279656468062,0.14090177133655393,3.7775093934514223,0.0939345142243693,,
87,28.549382716049383,11.782071926999464,6.394256575415996,21.135265700483092,23.758722490606548,1.778046162104133,2.6033279656468062,0.14090177133655393,3.7640901771336552,0.0939345142243693,,
88,28.08641975308642,10.205314009661835,6.360708534621578,21.088298443370906,26.35534084809447,1.42914653784219,2.589908749329039,0.1274825550187869,3.6634460547504024,0.0939345142243693,,
89,28.395061728395063,10.171765968867419,6.340579710144928,20.913848631239937,26.120504562533547,1.42914653784219,2.7777777777777777,0.1274825550187869,3.629898013955985,0.0939345142243693,,
90,28.703703703703702,10.131508319914117,6.300322061191626,20.74610842726785,26.10708534621578,1.4224369296833066,2.7777777777777777,0.1274825550187869,3.589640365002684,0.0939345142243693,,
91,28.884863123993558,10.131508319914117,6.280193236714976,20.491143317230275,26.02657004830918,1.4224369296833066,2.965646806226516,0.1274825550187869,3.5762211486849167,0.0939345142243693,,
92,29.03918411164788,10.084541062801932,6.266774020397209,20.42404723564144,26.006441223832528,1.4224369296833066,2.965646806226516,0.1274825550187869,3.569511540526033,0.0939345142243693,,
93,29.294149221685455,10.084541062801932,6.253354804079442,20.276435856146,25.91250670960816,1.4224369296833066,2.965646806226516,0.1274825550187869,3.569511540526033,0.0939345142243693,,
94,29.66988727858293,10.057702630166398,6.146001073537305,20.209339774557165,25.77831454643049,1.415727321524423,2.965646806226516,0.1274825550187869,3.535963499731616,0.0939345142243693,,
95,29.71014492753623,10.279119699409554,6.099033816425121,20.148953301127214,25.637412775093935,1.402308105206656,2.965646806226516,0.1274825550187869,3.535963499731616,0.0939345142243693,,
96,27.791196994095547,12.332259796027913,6.099033816425121,20.108695652173914,25.5703166935051,1.402308105206656,2.9388083735909825,0.1274825550187869,3.535963499731616,0.0939345142243693,,
97,27.95222758990875,12.278582930756844,6.085614600107354,20.075147611379496,25.449543746645197,1.2949543746645196,3.1065485775630703,0.1274825550187869,3.535963499731616,0.0939345142243693,,
98,28.29441760601181,12.27187332259796,6.085614600107354,19.97450348899624,25.275093934514224,1.2949543746645196,3.1065485775630703,0.1274825550187869,3.475577026301664,0.0939345142243693,,
99,13.043478260869565,52.54965110037574,3.1333870101986045,6.3070316693505095,21.68545356951154,0.644122383252818,1.1205045625335481,0.1274825550187869,1.3888888888888888,,,
100,13.285024154589372,51.40230810520666,4.126409017713366,6.3070316693505095,21.598228663446054,0.644122383252818,1.1205045625335481,0.1274825550187869,1.3888888888888888,,,
101,13.674181427804616,50.89237788513151,4.334406870638754,6.286902844873859,21.531132581857218,0.644122383252818,1.1205045625335481,0.1274825550187869,1.3888888888888888,,,
102,14.070048309178745,50.76489533011272,4.314278046162104,6.260064412238325,21.329844337090712,0.644122383252818,1.1003757380568975,0.1274825550187869,1.3888888888888888,,,
103,14.217659688674182,50.67096081588835,4.274020397208803,6.260064412238325,21.316425120772948,0.644122383252818,1.1003757380568975,0.1274825550187869,1.3888888888888888,,,
104,14.566559312936125,50.48309178743961,4.274020397208803,6.260064412238325,21.155394524959743,0.644122383252818,1.1003757380568975,0.1274825550187869,1.3888888888888888,,,
105,14.714170692431562,50.254965110037574,4.240472356414386,6.260064412238325,20.913848631239937,0.8387010198604401,1.1003757380568975,0.1274825550187869,1.5499194847020934,,,
106,15.03623188405797,49.973161567364464,4.240472356414386,6.246645195920558,20.8870101986044,0.8387010198604401,1.1003757380568975,0.1274825550187869,1.5499194847020934,,,
107,15.150295222758992,46.343263553408484,7.843531937734836,6.246645195920558,20.819914117015568,0.8387010198604401,1.1003757380568975,0.1274825550187869,1.5297906602254427,,,
108,15.418679549114332,46.19565217391305,7.823403113258186,6.246645195920558,20.75281803542673,0.8185721953837896,1.1003757380568975,0.1274825550187869,1.5163714439076759,,,
109,15.673644659151906,46.05475040257649,7.769726247987117,6.246645195920558,20.719269994632313,0.8185721953837896,1.0735373054213635,0.1274825550187869,1.5163714439076759,,,
110,15.767579173376275,45.7662372517445,7.474503488996243,6.179549114331723,18.49838969404187,0.8185721953837896,1.0735373054213635,0.1274825550187869,4.294149221685454,,,
111,15.942028985507246,45.22275899087493,7.9106280193236715,6.179549114331723,18.45813204508857,0.8185721953837896,1.0466988727858293,0.1274825550187869,4.294149221685454,,,
112,16.190284487385938,45.04159957058508,7.9106280193236715,6.179549114331723,18.4044551798175,0.8051529790660226,1.0466988727858293,0.1274825550187869,4.294149221685454,,,
113,16.35131508319914,44.71282877079979,7.883789586688137,6.166129898013956,18.283682232957595,1.2144390767579174,0.966183574879227,0.1274825550187869,4.294149221685454,,,
114,16.686795491143318,44.34380032206119,7.917337627482555,6.166129898013956,18.283682232957595,1.2144390767579174,0.966183574879227,0.1274825550187869,4.294149221685454,,,
115,16.861245303274288,44.26999463231347,7.883789586688137,6.146001073537305,18.23671497584541,1.2144390767579174,0.966183574879227,0.1274825550187869,4.294149221685454,,,
116,17.324208266237253,44.08883521202362,7.863660762211487,6.125872249060655,18.04213633923779,1.2144390767579174,0.966183574879227,0.11406333870101985,4.260601180891036,,,
117,17.49194847020934,44.00161030595813,7.836822329575953,6.119162640901771,18.00858829844337,1.2010198604401503,0.966183574879227,0.11406333870101985,4.260601180891036,,,
118,17.787171229200215,43.77348362855609,7.796564680622652,6.092324208266238,18.00187869028449,1.3821792807300053,0.966183574879227,0.11406333870101985,4.086151368760064,,,
119,18.283682232957595,43.49168008588298,7.742887815351583,6.018518518518518,17.941492216854535,1.3821792807300053,0.966183574879227,0.11406333870101985,4.05931293612453,,,
120,18.451422436929683,43.39774557165862,7.742887815351583,6.005099302200751,17.941492216854535,1.3687600644122384,0.966183574879227,0.11406333870101985,4.012345679012346,,,
121,18.719806763285025,43.15619967793881,7.695920558239399,6.005099302200751,17.867686527106816,1.3687600644122384,0.966183574879227,0.11406333870101985,4.106280193236715,,,
122,19.0150295222759,42.921363392377884,7.769726247987117,6.005099302200751,17.807300053676865,1.3620504562533549,0.8990874932903918,0.11406333870101985,4.106280193236715,,,
123,18.9747718733226,39.55984970477724,11.265432098765432,6.005099302200751,17.713365539452496,1.3620504562533549,0.8990874932903918,0.11406333870101985,4.106280193236715,,,
124,19.32367149758454,39.23778851315083,11.325818572195384,5.998389694041868,17.673107890499196,1.3217928073000538,0.8990874932903918,0.11406333870101985,4.106280193236715,,,
125,19.47799248523886,39.09688674181428,11.272141706924316,5.998389694041868,17.59259259259259,1.4694041867954912,0.8990874932903918,0.11406333870101985,4.079441760601181,,,
126,19.712828770799785,38.95598497047772,11.231884057971014,5.998389694041868,17.56575415995706,1.4694041867954912,0.8856682769726248,0.11406333870101985,4.066022544283414,,,
127,20.081857219538378,38.79495437466452,11.211755233494364,5.991680085882985,17.398013955984972,1.4559849704777241,0.8856682769726248,0.11406333870101985,4.066022544283414,,,
128,20.40391841116479,38.69431025228127,11.131239935587761,5.991680085882985,17.337627482555018,1.4090177133655395,0.8856682769726248,0.11406333870101985,4.032474503488996,,,
129,20.417337627482556,38.64734299516908,11.044015029522276,5.991680085882985,17.498658078368223,1.3687600644122384,0.8856682769726248,0.11406333870101985,4.032474503488996,,,
130,20.531400966183575,38.61379495437466,11.037305421363392,5.991680085882985,17.444981213097154,1.3486312399355878,0.8856682769726248,0.11406333870101985,4.032474503488996,,,
131,20.840042941492218,38.439345142243695,10.896403650026839,5.9447128287707995,17.438271604938272,1.3486312399355878,0.8856682769726248,0.11406333870101985,4.092860976918948,,,
132,20.947396672034355,38.378958668813745,10.238862050456254,5.917874396135265,17.357756307031668,1.3486312399355878,0.9796027911969941,0.11406333870101985,3.9855072463768115,,0.7313472893183038,
133,21.00107353730542,38.16425120772947,10.225442834138486,5.904455179817498,17.11621041331186,1.3419216317767042,0.9796027911969941,0.11406333870101985,4.428341384863124,,0.7246376811594203,
134,20.625335480407944,34.346484165324746,8.467525496511003,5.904455179817498,17.08937198067633,1.3419216317767042,0.9796027911969941,0.11406333870101985,11.11111111111111,,0.020128824476650563,
135,21.021202361782073,34.23913043478261,8.393719806763285,5.897745571658615,17.042404723564143,1.3419216317767042,0.9594739667203436,0.11406333870101985,10.970209339774557,,0.020128824476650563,
136,21.22920021470746,34.17203435319377,8.333333333333334,5.897745571658615,17.01556629092861,1.328502415458937,0.9594739667203436,0.11406333870101985,10.929951690821255,,0.020128824476650563,
137,20.679012345679013,32.098765432098766,8.266237251744498,5.897745571658615,19.82018250134192,1.328502415458937,0.9594739667203436,0.11406333870101985,10.815888352120236,,0.020128824476650563,
138,20.79307568438003,32.098765432098766,8.266237251744498,5.884326355340848,19.75979602791197,1.328502415458937,0.9594739667203436,0.11406333870101985,10.775630703166936,,0.020128824476650563,
139,21.048040794417606,31.95786366076221,8.225979602791197,5.884326355340848,19.706119162640903,1.3150831991411702,0.9594739667203436,0.11406333870101985,10.768921095008052,,0.020128824476650563,
140,21.4573268921095,31.80354267310789,8.21256038647343,5.870907139023081,19.598765432098766,1.2815351583467525,0.9594739667203436,0.11406333870101985,10.681696188942565,,0.020128824476650563,
141,21.3768115942029,31.246645195920557,10.802469135802468,4.092860976918948,19.57192699946323,1.2815351583467525,0.8722490606548577,0.11406333870101985,10.621309715512615,,0.020128824476650563,
142,21.3768115942029,30.99838969404187,10.7085346215781,3.8915727321524423,19.32367149758454,2.4355877616747184,0.5166398282340311,0.11406333870101985,10.61460010735373,,0.020128824476650563,
143,21.36339237788513,30.649490069779926,11.191626409017713,3.8915727321524423,19.26328502415459,2.4355877616747184,0.5166398282340311,0.11406333870101985,10.554213633923778,,0.020128824476650563,
144,17.673107890499196,29.381374127750938,11.513687600644122,13.459473966720344,17.485238862050455,0.8655394524959742,0.3824476650563607,0.11406333870101985,9.104938271604938,,0.020128824476650563,
145,17.961621041331185,29.334406870638755,11.466720343531938,13.378958668813741,17.404723564143854,0.8521202361782072,0.3824476650563607,0.11406333870101985,9.084809447128288,,0.020128824476650563,
146,18.203166935050994,29.24718196457327,11.392914653784219,13.345410628019323,17.357756307031668,0.8521202361782072,0.3824476650563607,0.11406333870101985,9.084809447128288,,0.020128824476650563,
147,18.417874396135264,29.186795491143318,11.33923778851315,12.882447665056361,17.297369833601717,0.8521202361782072,0.8454106280193237,0.11406333870101985,9.044551798174986,,0.020128824476650563,
148,18.78690284487386,29.106280193236714,11.18491680085883,12.855609232420827,17.250402576489535,0.8521202361782072,0.8454106280193237,0.11406333870101985,8.984165324745035,,0.020128824476650563,
149,19.11567364465915,28.978797638217927,11.178207192699947,12.674449812130971,17.236983360171767,0.8521202361782072,0.8454106280193237,0.11406333870101985,8.984165324745035,,0.020128824476650563,
150,19.28341384863124,28.92512077294686,11.11111111111111,12.674449812130971,17.20343531937735,0.8521202361782072,0.8454106280193237,0.11406333870101985,8.970746108427267,,0.020128824476650563,
151,19.558507783145465,28.817767042404725,11.077563070316694,12.573805689747719,17.16988727858293,0.8521202361782072,0.8454106280193237,0.11406333870101985,8.970746108427267,,0.020128824476650563,
152,19.91411701556629,28.69699409554482,11.010466988727858,12.5402576489533,17.102791196994094,0.8319914117015567,0.8185721953837896,0.11406333870101985,8.950617283950617,,0.020128824476650563,
153,20.04830917874396,28.663446054750402,10.983628556092324,12.47987117552335,17.102791196994094,0.8319914117015567,0.8185721953837896,0.11406333870101985,8.93719806763285,,0.020128824476650563,
154,20.336822329575952,28.609769189479334,10.983628556092324,12.4597423510467,16.955179817498657,0.8319914117015567,0.8185721953837896,0.11406333870101985,8.870101986044014,,0.020128824476650563,
155,20.50456253354804,28.549382716049383,10.970209339774557,12.4597423510467,16.894793344068706,0.8319914117015567,0.8185721953837896,0.11406333870101985,8.836553945249598,,0.020128824476650563,
156,19.79334406870639,27.63016639828234,11.151368760064413,19.82018250134192,14.922168545356952,0.8319914117015567,0.8185721953837896,0.10735373054213634,4.904723564143854,,0.020128824476650563,
157,20.075147611379496,27.469135802469136,11.231884057971014,19.679280730005367,14.861782071927,0.8319914117015567,0.8185721953837896,0.10735373054213634,4.904723564143854,,0.020128824476650563,
158,20.336822329575952,27.415458937198068,11.057434245840042,19.578636607622116,14.848362855609233,0.8319914117015567,0.8185721953837896,0.0939345142243693,4.891304347826087,,0.020128824476650563,0.10735373054213634
159,20.511272141706925,27.395330112721417,11.057434245840042,19.545088566827697,14.80810520665593,0.8319914117015567,0.798443370907139,0.0939345142243693,4.830917874396135,,0.020128824476650563,0.10735373054213634
160,20.853462157809982,27.36849168008588,11.037305421363392,19.37734836285561,14.694041867954912,0.8185721953837896,0.798443370907139,0.0939345142243693,4.830917874396135,,0.020128824476650563,0.10735373054213634
161,21.443907675791735,27.294685990338163,11.003757380568974,19.008319914117017,14.606816961889425,0.8185721953837896,0.798443370907139,0.0939345142243693,4.804079441760601,,0.020128824476650563,0.10735373054213634
162,21.71900161030596,27.106816961889425,10.95679012345679,18.988191089640367,14.331723027375201,0.8051529790660226,0.798443370907139,0.36231884057971014,4.804079441760601,,0.020128824476650563,0.10735373054213634
163,21.93370907139023,27.073268921095007,10.88298443370907,18.92109500805153,14.2914653784219,0.8051529790660226,0.798443370907139,0.36231884057971014,4.804079441760601,,0.020128824476650563,0.10735373054213634
164,22.007514761137948,27.053140096618357,10.88298443370907,18.92109500805153,14.264626945786366,0.8051529790660226,0.798443370907139,0.36231884057971014,4.777241009125067,,0.020128824476650563,0.10735373054213634
165,22.249060654857757,26.99946323134729,10.849436392914654,18.853998926462694,14.204240472356414,0.8051529790660226,0.798443370907139,0.36231884057971014,4.750402576489533,,0.020128824476650563,0.10735373054213634
166,22.624798711755233,26.86527106816962,10.82259796027912,18.686258722490606,14.190821256038648,0.8051529790660226,0.798443370907139,0.36231884057971014,4.7168545356951155,,0.020128824476650563,0.10735373054213634
167,22.886473429951693,26.7512077294686,10.782340311325818,18.57890499194847,14.190821256038648,0.8051529790660226,0.798443370907139,0.36231884057971014,4.7168545356951155,,0.020128824476650563,0.10735373054213634
168,23.356146001073537,26.690821256038646,10.721953837895867,18.38432635534085,14.049919484702093,0.7917337627482555,0.798443370907139,0.36231884057971014,4.7168545356951155,,0.020128824476650563,0.10735373054213634
169,23.34272678475577,26.67740203972088,11.097691894793345,18.06226516371444,14.029790660225443,0.785024154589372,0.798443370907139,0.36231884057971014,4.7168545356951155,,0.020128824476650563,0.10735373054213634
170,23.60440150295223,26.42914653784219,11.198336017176597,17.98845947396672,14.002952227589908,0.785024154589372,0.798443370907139,0.36231884057971014,4.703435319377348,,0.020128824476650563,0.10735373054213634
171,23.731884057971016,26.308373590982285,11.18491680085883,17.92807300053677,13.6808910359635,0.8856682769726248,1.0869565217391304,0.36231884057971014,4.703435319377348,,0.020128824476650563,0.10735373054213634
172,23.926462694578635,26.160762211486848,11.178207192699947,17.887815351583466,13.6808910359635,0.8856682769726248,1.0869565217391304,0.36231884057971014,4.703435319377348,,0.020128824476650563,0.10735373054213634
173,24.033816425120772,26.06682769726248,11.117820719269995,17.8743961352657,13.647342995169081,0.8856682769726248,1.1808910359634996,0.36231884057971014,4.703435319377348,,0.020128824476650563,0.10735373054213634
174,24.255233494363928,26.02657004830918,11.117820719269995,17.746913580246915,13.620504562533547,0.8856682769726248,1.1808910359634996,0.36231884057971014,4.676596886741814,,0.020128824476650563,0.10735373054213634
175,24.44981213097155,25.939345142243692,11.064143853998926,17.693236714975846,13.620504562533547,0.8856682769726248,1.1808910359634996,0.36231884057971014,4.676596886741814,,0.020128824476650563,0.10735373054213634
176,24.63768115942029,25.939345142243692,11.05072463768116,17.639559849704778,13.506441223832528,0.8856682769726248,1.1808910359634996,0.36231884057971014,4.669887278582931,,0.020128824476650563,0.10735373054213634
177,24.825550187869027,25.87224906065486,11.030595813204508,17.599302200751477,13.459473966720344,0.8856682769726248,1.1808910359634996,0.36231884057971014,4.656468062265164,,0.020128824476650563,0.10735373054213634
178,24.993290391841118,25.83870101986044,11.017176596886742,17.55233494363929,13.446054750402576,0.8856682769726248,1.1808910359634996,0.36231884057971014,4.5960815888352125,,0.020128824476650563,0.10735373054213634
179,25.187869028448738,25.825281803542673,10.990338164251208,17.444981213097154,13.43263553408481,0.8856682769726248,1.1808910359634996,0.36231884057971014,4.562533548040794,,0.020128824476650563,0.10735373054213634
180,25.44283413848631,25.738056897477186,10.963499731615673,17.351046698872786,13.399087493290391,0.8789586688137413,1.1808910359634996,0.36231884057971014,4.555823939881911,,0.020128824476650563,0.10735373054213634
181,25.684380032206118,25.597155126140635,10.916532474503489,17.317498658078367,13.378958668813741,0.8789586688137413,1.1808910359634996,0.36231884057971014,4.555823939881911,,0.020128824476650563,0.10735373054213634
182,25.543478260869566,25.40257648953301,10.889694041867955,18.10252281266774,13.16425120772947,0.6843800322061192,1.1808910359634996,0.36231884057971014,4.542404723564144,,0.020128824476650563,0.10735373054213634
183,26.02657004830918,25.147611379495437,10.775630703166936,18.075684380032207,13.144122383252817,0.6843800322061192,1.1808910359634996,0.36231884057971014,4.4753086419753085,,0.020128824476650563,0.10735373054213634
184,26.308373590982285,25.033548040794418,10.735373054213634,18.02200751476114,13.077026301663983,0.6776704240472357,1.1808910359634996,0.36231884057971014,4.4753086419753085,,0.020128824476650563,0.10735373054213634
185,26.261406333870102,24.718196457326894,11.158078368223295,17.995169082125603,13.050187869028449,0.6776704240472357,1.1808910359634996,0.36231884057971014,4.468599033816425,,0.020128824476650563,0.10735373054213634
186,26.41572732152442,24.698067632850243,11.09098228663446,17.954911433172303,13.023349436392914,0.6776704240472357,1.1808910359634996,0.36231884057971014,4.468599033816425,,0.020128824476650563,0.10735373054213634
187,26.684111647879764,24.610842726784757,11.057434245840042,17.431561996779386,12.989801395598498,0.6776704240472357,1.6170155662909287,0.36231884057971014,4.455179817498658,,0.020128824476650563,0.0939345142243693
188,26.99946323134729,24.476650563607084,11.010466988727858,17.344337090713903,12.983091787439614,0.6776704240472357,1.6170155662909287,0.36231884057971014,4.414922168545357,,0.020128824476650563,0.0939345142243693
189,27.314814814814813,24.44310252281267,10.963499731615673,17.28395061728395,12.949543746645196,0.6776704240472357,1.6170155662909287,0.3488996242619431,4.28743961352657,,0.020128824476650563,0.0939345142243693
190,27.61003757380569,24.27536231884058,10.950080515297907,17.223564143854,12.942834138486312,0.6776704240472357,1.6035963499731616,0.3488996242619431,4.253891572732153,,0.020128824476650563,0.0939345142243693
191,27.871712292002147,24.228395061728396,10.916532474503489,17.11621041331186,12.869028448738593,0.6776704240472357,1.6035963499731616,0.3488996242619431,4.253891572732153,,0.020128824476650563,0.0939345142243693
192,28.14680622651637,24.02710681696189,10.950080515297907,17.03569511540526,12.855609232420827,0.6776704240472357,1.5901771336553945,0.3488996242619431,4.253891572732153,,0.020128824476650563,0.0939345142243693
193,28.395061728395063,23.919753086419753,10.896403650026839,16.961889425657542,12.842190016103059,0.6776704240472357,1.5901771336553945,0.3488996242619431,4.253891572732153,,0.020128824476650563,0.0939345142243693
194,28.65673644659152,23.859366612989803,10.876274825550189,16.914922168545356,12.714707461084272,0.6776704240472357,1.5901771336553945,0.3488996242619431,4.247181964573269,,0.020128824476650563,0.0939345142243693
195,28.871443907675793,23.772141706924316,10.809178743961352,16.6935050993022,12.694578636607622,0.7246376811594203,1.724369296833065,0.3488996242619431,4.247181964573269,,0.020128824476650563,0.0939345142243693
196,29.09286097691895,23.678207192699947,10.755501878690284,16.63311862587225,12.68786902844874,0.7246376811594203,1.724369296833065,0.3488996242619431,4.240472356414386,,0.020128824476650563,0.0939345142243693
197,29.220343531937736,23.617820719269993,10.742082662372518,16.5727321524423,12.74825550187869,0.7246376811594203,1.6841116478797638,0.3488996242619431,4.2270531400966185,,0.020128824476650563,0.0939345142243693
198,29.2337627482555,23.403113258185723,10.976918947933441,16.55931293612453,12.72812667740204,0.7246376811594203,1.6841116478797638,0.3488996242619431,4.2270531400966185,,0.020128824476650563,0.0939345142243693
199,29.394793344068706,23.2487922705314,10.95679012345679,16.465378421900162,12.72812667740204,0.7246376811594203,1.7981749865807837,0.3488996242619431,4.2203435319377345,,0.020128824476650563,0.0939345142243693
200,29.66988727858293,23.1280193236715,10.869565217391305,16.398282340311326,12.72812667740204,0.7246376811594203,1.7981749865807837,0.3488996242619431,4.2203435319377345,,0.020128824476650563,0.0939345142243693
201,29.777241009125067,23.081052066559312,10.869565217391305,16.391572732152444,12.72812667740204,0.7246376811594203,1.7713365539452497,0.3488996242619431,4.193505099302201,,0.020128824476650563,0.0939345142243693
202,30.10601180891036,22.96027911969941,10.849436392914654,16.364734299516908,12.681159420289855,0.7246376811594203,1.6572732152442298,0.3488996242619431,4.193505099302201,,0.020128824476650563,0.0939345142243693
203,30.20665593129361,22.926731078904993,10.849436392914654,16.31105743424584,12.667740203972087,0.7246376811594203,1.6572732152442298,0.3488996242619431,4.193505099302201,,0.020128824476650563,0.0939345142243693
204,27.086688137412775,19.37734836285561,8.044820182501342,15.009393451422437,24.322329575952764,0.32877079978529256,1.5230810520665594,0.0939345142243693,4.193505099302201,,0.020128824476650563,
205,27.314814814814813,19.37734836285561,8.017981749865807,14.949006977992486,24.208266237251745,0.32877079978529256,1.5230810520665594,0.0939345142243693,4.166666666666667,,0.020128824476650563,
206,27.375201288244767,19.330381105743424,8.004562533548041,14.88191089640365,24.208266237251745,0.32877079978529256,1.5901771336553945,0.0939345142243693,4.166666666666667,,0.020128824476650563,
207,27.549651100375737,19.296833064949006,7.96430488459474,14.828234031132581,24.18142780461621,0.32877079978529256,1.583467525496511,0.0939345142243693,4.1532474503489,,0.020128824476650563,
208,27.75764895330113,19.249865807836823,7.950885668276973,14.781266774020397,24.10091250670961,0.32877079978529256,1.5633387010198605,0.0939345142243693,4.1532474503489,,0.020128824476650563,
209,27.690552871712292,19.236446591519055,8.849973161567364,14.244498121309716,24.00697799248524,0.32877079978529256,1.5633387010198605,0.0939345142243693,3.965378421900161,,0.020128824476650563,
210,27.865002683843265,19.223027375201287,8.849973161567364,14.143853998926463,23.960010735373054,0.32877079978529256,1.5499194847020934,0.0939345142243693,3.965378421900161,,0.020128824476650563,
211,27.945517981749866,19.196188942565755,8.695652173913043,14.056629092860977,23.731884057971016,1.0534084809447128,1.5499194847020934,0.0939345142243693,3.656736446591519,,0.020128824476650563,
212,28.395061728395063,19.061996779388085,8.621846484165324,13.976113794954374,23.59098228663446,1.0466988727858293,1.5365002683843263,0.0939345142243693,3.656736446591519,,0.020128824476650563,
213,28.683574879227052,18.96135265700483,8.608427267847558,13.962694578636608,23.483628556092324,1.0131508319914118,1.5365002683843263,0.0939345142243693,3.6366076221148687,,0.020128824476650563,
214,28.817767042404725,18.94122383252818,8.601717659688674,13.90901771336554,23.429951690821255,1.0131508319914118,1.5365002683843263,0.0939345142243693,3.6366076221148687,,0.020128824476650563,
215,29.0727321524423,18.907675791733762,8.601717659688674,13.848631239935587,23.26892109500805,1.0131508319914118,1.5365002683843263,0.0939345142243693,3.6366076221148687,,0.020128824476650563,
216,29.300858829844337,18.800322061191626,8.541331186258722,13.808373590982287,23.161567364465917,1.107085346215781,1.5365002683843263,0.0939345142243693,3.629898013955985,,0.020128824476650563,
217,29.468599033816425,18.78690284487386,8.514492753623188,13.741277509393452,23.11460010735373,1.107085346215781,1.5365002683843263,0.0939345142243693,3.616478797638218,,0.020128824476650563,
218,29.643048845947398,18.706387546967257,8.460815888352121,13.667471819645733,22.81266774020397,1.107085346215781,1.8719806763285025,0.0939345142243693,3.616478797638218,,0.020128824476650563,
219,29.864465915190554,18.67283950617284,8.447396672034353,13.6406333870102,22.758990874932906,1.107085346215781,1.8250134192163177,0.0939345142243693,3.569511540526033,,0.020128824476650563,
220,29.790660225442835,18.417874396135264,8.715780998389693,13.553408480944713,22.69860440150295,1.7042404723564144,1.724369296833065,0.0939345142243693,3.280998389694042,,0.020128824476650563,
221,30.273752012882447,18.344068706387546,8.487654320987655,13.506441223832528,22.61808910359635,1.6774020397208802,1.710950080515298,0.0939345142243693,3.2675791733762747,,0.020128824476650563,
222,30.54213633923779,18.290391841116477,8.467525496511003,13.506441223832528,22.517444981213096,1.6639828234031133,1.6841116478797638,0.0939345142243693,3.2139023081052067,,0.020128824476650563,
223,30.669618894256576,18.290391841116477,8.984165324745035,13.493022007514762,21.886741814278047,1.6639828234031133,1.6841116478797638,0.0939345142243693,3.2139023081052067,,0.020128824476650563,
224,30.783682232957595,18.290391841116477,8.984165324745035,13.493022007514762,21.79951690821256,1.6639828234031133,1.6841116478797638,0.0939345142243693,3.1870638754696725,,0.020128824476650563,
