,45,50,53,51,55,54,52,57,56
0,98.13472893183038,1.865271068169619,,,,,,,
1,98.14143853998927,1.8585614600107354,,,,,,,
2,98.00053676865271,1.9994632313472893,,,,,,,
3,95.67901234567901,4.320987654320987,,,,,,,
4,95.53811057434245,4.461889425657541,,,,,,,
5,94.44444444444444,5.555555555555555,,,,,,,
6,94.29012345679013,5.709876543209877,,,,,,,
7,94.29683306494901,5.703166935050993,,,,,,,
8,94.02173913043478,5.978260869565218,,,,,,,
9,91.98201825013419,8.017981749865807,,,,,,,
10,91.23054213633924,8.769457863660762,,,,,,,
11,89.83494363929147,10.165056360708535,,,,,,,
12,89.38539989264628,10.61460010735373,,,,,,,
13,89.18411164787976,10.815888352120236,,,,,,,
14,88.6003757380569,11.399624261943103,,,,,,,
15,87.25174449812131,12.640901771336553,0.10735373054213634,,,,,,
16,86.520397208803,13.372249060654857,0.10735373054213634,,,,,,
17,86.5606548577563,13.331991411701557,0.10735373054213634,,,,,,
18,86.56736446591519,13.325281803542673,0.10735373054213634,,,,,,
19,86.51368760064412,13.378958668813741,0.10735373054213634,,,,,,
20,86.13123993558776,13.761406333870102,0.10735373054213634,,,,,,
21,86.17820719269994,13.714439076757918,0.10735373054213634,,,,,,
22,85.66156736446591,14.231078904991948,0.10735373054213634,,,,,,
23,84.06468062265164,15.827965646806227,0.10735373054213634,,,,,,
24,83.73590982286635,16.15673644659152,0.10735373054213634,,,,,,
25,82.92404723564144,16.74718196457327,0.10735373054213634,0.2214170692431562,,,,,
26,75.26167471819646,23.43666129898014,0.10735373054213634,1.1943102522812667,,,,,
27,72.95356951154052,21.833064949006978,0.10735373054213634,5.10601180891036,,,,,
28,73.07434245840042,21.64519592055824,0.10735373054213634,5.0791733762748255,0.0939345142243693,,,,
29,72.88647342995169,21.85990338164251,0.0939345142243693,5.065754159957058,0.0939345142243693,,,,
30,36.32581857219538,62.151100375738054,0.06709608158883522,1.1674718196457328,0.2885131508319914,,,,
31,37.09742351046699,60.138217928073,0.06709608158883522,1.7042404723564144,0.8588298443370908,0.13419216317767044,,,
32,37.3792270531401,59.58803005904455,0.06709608158883522,1.7042404723564144,0.8588298443370908,0.13419216317767044,0.2683843263553409,,
33,29.455179817498657,67.512077294686,0.06709608158883522,1.7042404723564144,0.8588298443370908,0.13419216317767044,0.2683843263553409,,
34,29.643048845947398,55.16639828234031,0.06709608158883522,1.7042404723564144,1.1943102522812667,0.13419216317767044,12.090713902308105,,
35,29.898013955984972,54.8040794417606,0.06709608158883522,1.7042404723564144,1.3150831991411702,0.13419216317767044,12.077294685990339,,
36,30.02549651100376,54.3545356951154,0.06709608158883522,1.7042404723564144,1.6841116478797638,0.13419216317767044,12.030327428878154,,
37,29.47530864197531,47.94015029522276,0.06709608158883522,1.3821792807300053,1.3486312399355878,0.13419216317767044,19.652442297369834,,
38,29.663177670424048,47.5979602791197,0.06038647342995169,1.3821792807300053,3.2742887815351582,0.2952227589908749,17.505367686527105,0.2214170692431562,
39,29.66988727858293,47.678475577026305,0.06038647342995169,1.3821792807300053,3.2675791733762747,0.2952227589908749,17.424852388620504,0.2214170692431562,
40,30.059044551798173,47.00080515297907,0.06038647342995169,1.751207729468599,3.3413848631239937,0.2616747181964573,17.3040794417606,0.2214170692431562,
41,30.763553408480945,46.222490606548575,0.06038647342995169,1.724369296833065,3.9049919484702094,0.2549651100375738,17.06924315619968,,
42,29.7638217928073,41.908212560386474,0.06038647342995169,7.4006977992485234,3.8915727321524423,0.24154589371980675,16.7337627482555,,
43,30.159688674181428,41.7337627482555,0.06038647342995169,7.367149758454106,3.824476650563607,0.24154589371980675,16.317767042404725,0.2952227589908749,
44,30.56897477187332,41.54589371980676,0.3421900161030596,7.058507783145465,3.8043478260869565,0.24154589371980675,16.14331723027375,0.2952227589908749,
45,31.00509930220075,41.30434782608695,0.3421900161030596,6.998121309715513,3.7037037037037037,0.35560923242082665,15.995705850778315,0.2952227589908749,
46,30.938003220611915,40.25093934514224,0.27509393451422437,8.340042941492216,3.6768652710681695,0.35560923242082665,15.868223295759528,0.2952227589908749,
47,31.219806763285025,39.700751476113794,0.27509393451422437,8.205850778314547,3.643317230273752,0.35560923242082665,15.767579173376275,0.8319914117015567,
48,31.622383252818036,39.472624798711756,0.27509393451422437,8.205850778314547,3.643317230273752,0.35560923242082665,15.593129361245303,0.8319914117015567,
49,29.97181964573269,41.196994095544824,0.27509393451422437,7.971014492753623,3.851315083199141,0.35560923242082665,15.546162104133119,0.8319914117015567,
50,30.461621041331185,40.60654857756307,0.8655394524959742,7.803274288781535,3.5628019323671496,0.24154589371980675,15.653515834675256,0.8051529790660226,
51,29.57595276435856,43.84057971014493,0.8521202361782072,6.340579710144928,3.535963499731616,0.20799785292538917,14.841653247450349,0.8051529790660226,
52,29.898013955984972,43.565485775630705,0.8521202361782072,6.3137412775093935,3.535963499731616,0.20799785292538917,14.821524422973699,0.8051529790660226,
53,30.246913580246915,43.45142243692968,0.785024154589372,6.286902844873859,3.535963499731616,0.20799785292538917,14.680622651637144,0.8051529790660226,
54,30.01207729468599,43.35077831454643,0.785024154589372,6.454643048845948,3.8177670424047236,0.20799785292538917,14.579978529253891,0.7917337627482555,
55,29.871175523349436,41.67337627482555,3.435319377348363,6.4412238325281805,3.535963499731616,0.20799785292538917,13.976113794954374,0.5166398282340311,0.3421900161030596
56,30.10601180891036,41.619699409554485,3.374932903918411,6.233225979602791,3.535963499731616,0.19457863660762212,13.868760064412239,0.5166398282340311,0.5501878690284487
57,30.615942028985508,41.15002683843264,3.374932903918411,6.199677938808374,3.5292538915727323,0.19457863660762212,13.868760064412239,0.5166398282340311,0.5501878690284487
58,31.19296833064949,40.61996779388084,3.2541599570585076,5.924584004294149,3.488996242619431,0.8923778851315083,13.573537305421363,0.5032206119162641,0.5501878690284487
59,30.14626945786366,37.34567901234568,3.2541599570585076,10.507246376811594,3.388352120236178,0.8923778851315083,13.41250670960816,0.5032206119162641,0.5501878690284487
60,30.42807300053677,37.19135802469136,3.2474503488996245,10.466988727858293,3.388352120236178,0.8789586688137413,13.352120236178207,0.5032206119162641,0.5434782608695652
61,30.790391841116477,36.9699409554482,3.2340311325818574,10.36634460547504,3.388352120236178,0.8789586688137413,13.325281803542673,0.5032206119162641,0.5434782608695652
62,31.05877616747182,36.842458400429415,3.2340311325818574,10.171765968867419,3.388352120236178,0.8789586688137413,13.231347289318304,0.5032206119162641,0.6910896403650026
63,29.341116478797638,38.73456790123457,3.2139023081052067,10.124798711755233,3.2877079978529253,0.8789586688137413,12.614063338701019,0.5032206119162641,1.3016639828234031
64,29.32769726247987,38.97611379495437,3.2004830917874396,10.017444981213098,3.3950617283950617,0.8655394524959742,12.412775093934513,0.5032206119162641,1.3016639828234031
65,29.488727858293075,38.33199141170156,3.1870638754696725,9.997316156736447,4.435050993022007,0.8655394524959742,11.889425657541599,0.5032206119162641,1.3016639828234031
66,28.267579173376276,39.64036500268384,3.166935050993022,9.990606548577563,4.40150295222759,0.8387010198604401,11.889425657541599,0.5032206119162641,1.3016639828234031
67,28.67686527106817,38.828502415458935,3.1065485775630703,9.957058507783145,4.388083735909823,1.3955984970477724,11.842458400429415,0.5032206119162641,1.3016639828234031
68,28.341384863123995,38.39237788513151,3.92512077294686,9.930220075147611,4.7101449275362315,1.2681159420289856,11.627750939345143,0.5032206119162641,1.3016639828234031
69,27.536231884057973,39.2914653784219,3.92512077294686,9.903381642512077,4.7101449275362315,1.2681159420289856,11.58749329039184,0.5032206119162641,1.2748255501878691
70,28.18035426731079,39.13714439076758,3.7640901771336552,9.876543209876543,4.703435319377348,1.247987117552335,11.379495437466453,0.5032206119162641,1.2077294685990339
71,28.6231884057971,38.69431025228127,3.717122920021471,10.057702630166398,4.669887278582931,1.2412775093934514,11.29898013955985,0.48980139559849706,1.2077294685990339
72,28.30112721417069,36.67471819645733,3.7104133118625873,10.030864197530864,7.132313472893183,1.3754696725711217,11.097691894793345,0.48980139559849706,1.1876006441223832
73,28.972088030059044,36.24530327428878,3.683574879227053,9.655126140633387,7.14573268921095,1.6438539989264627,10.990338164251208,0.47638217928073,1.1876006441223832
74,28.77750939345142,35.20531400966183,3.6634460547504024,11.285560923242082,7.266505636070853,1.0869565217391304,11.11111111111111,0.4562533548040794,1.1473429951690821
75,29.347826086956523,34.574610842726784,3.8714439076757916,11.231884057971014,7.266505636070853,1.0534084809447128,11.07085346215781,0.4562533548040794,1.1272141706924315
76,29.57595276435856,34.366612989801396,3.824476650563607,11.144659151905529,7.199409554482019,1.0332796564680622,10.93666129898014,0.4562533548040794,1.4626945786366077
77,29.13311862587225,35.037573805689746,3.824476650563607,10.997047772410092,7.185990338164252,1.0332796564680622,10.869565217391305,0.4562533548040794,1.4626945786366077
78,29.381374127750938,34.614868491680085,3.7640901771336552,10.648148148148149,7.608695652173913,1.0332796564680622,10.695115405260333,0.4562533548040794,1.7981749865807837
79,29.61621041331186,34.39345142243693,3.7573805689747717,10.513955984970478,7.474503488996243,1.1741814278046163,10.61460010735373,0.4562533548040794,1.9994632313472893
80,30.18652710681696,33.9573268921095,3.7573805689747717,10.641438539989265,7.266505636070853,1.1741814278046163,10.560923242082662,0.4562533548040794,1.9994632313472893
81,29.005636070853463,31.36070853462158,3.7037037037037037,15.35829307568438,7.065217391304348,0.6843800322061192,10.540794417606012,0.4562533548040794,1.8250134192163177
82,29.394793344068706,31.132581857219538,3.7037037037037037,15.291196994095545,6.977992485238862,0.6843800322061192,10.534084809447128,0.4562533548040794,1.8250134192163177
83,29.656468062265162,31.03864734299517,3.670155662909286,15.203972088030058,6.937734836285561,0.6843800322061192,10.527375201288244,0.4562533548040794,1.8250134192163177
84,30.04562533548041,30.864197530864196,3.670155662909286,14.828234031132581,6.857219538378959,0.6776704240472357,10.50053676865271,0.4562533548040794,2.100107353730542
85,28.99892646269458,29.62962962962963,3.4420289855072466,17.384594739667204,6.763285024154589,0.6709608158883521,10.453569511540525,0.4562533548040794,2.200751476113795
86,29.408212560386474,29.461889425657542,3.4420289855072466,17.122920021470748,6.729736983360172,0.6709608158883521,10.077831454643048,0.4495437466451959,2.636876006441224
87,29.643048845947398,29.0727321524423,3.4420289855072466,17.082662372517444,6.649221685453569,1.0265700483091786,9.997316156736447,0.4495437466451959,2.636876006441224
88,29.78395061728395,28.858024691358025,3.3950617283950617,16.465378421900162,6.602254428341385,1.0265700483091786,10.319377348362856,0.4495437466451959,3.099838969404187
89,29.97181964573269,28.864734299516908,3.3816425120772946,16.284219001610307,6.810252281266774,1.0265700483091786,10.19189479334407,0.4495437466451959,3.0193236714975846
90,29.468599033816425,28.683574879227052,3.3682232957595275,16.203703703703702,6.340579710144928,4.770531400966184,8.319914117015566,0.24154589371980675,2.6033279656468062
91,29.78395061728395,28.522544283413847,3.3682232957595275,16.150026838432634,6.5552871712292005,4.609500805152979,8.192431561996779,0.24154589371980675,2.576489533011272
92,30.08588298443371,28.428609769189478,3.2877079978529253,16.13660762211487,6.5552871712292005,4.582662372517445,8.11862587224906,0.2281266774020397,2.576489533011272
93,30.152979066022546,28.06629092860977,3.227321524422974,15.814546430488459,6.5552871712292005,5.052334943639291,8.091787439613526,0.2281266774020397,2.8113258185721954
94,30.287171229200215,28.16022544283414,3.227321524422974,15.707192699946322,6.528448738593666,5.052334943639291,8.004562533548041,0.2214170692431562,2.8113258185721954
95,30.515297906602253,27.999194847020934,3.227321524422974,15.794417606011809,6.508319914117015,4.9718196457326895,7.98443370907139,0.2214170692431562,2.7777777777777777
96,30.152979066022546,27.657004830917874,3.227321524422974,15.754159957058508,9.534353193773484,4.206924315619967,6.964573268921095,0.2214170692431562,2.281266774020397
97,30.320719269994633,27.489264626945786,3.207192699946323,15.868223295759528,9.534353193773484,4.200214707461084,6.823671497584541,0.322061191626409,2.2342995169082127
98,30.629361245303276,27.395330112721417,3.166935050993022,15.76086956521739,9.50751476113795,4.186795491143317,6.796833064949007,0.322061191626409,2.2342995169082127
99,31.05877616747182,27.26113794954375,3.166935050993022,15.646806226516372,9.41358024691358,4.17337627482555,6.763285024154589,0.322061191626409,2.1940418679549114
100,31.4747718733226,27.079978529253893,3.0730005367686526,15.539452495974235,9.581320450885668,4.052603327965647,6.6827697262479875,0.322061191626409,2.1940418679549114
101,31.769994632313473,26.88539989264627,3.0730005367686526,15.458937198067632,9.601449275362318,4.052603327965647,6.649221685453569,0.3153515834675255,2.1940418679549114
102,31.85721953837896,26.482823403113258,2.985775630703167,13.217928073000536,9.742351046698873,4.012345679012346,9.192163177670425,0.3153515834675255,2.1940418679549114
103,32.21282877079979,26.25469672571122,2.952227589908749,13.191089640365004,9.681964573268921,3.992216854535695,9.212292002147075,0.3153515834675255,2.187332259796028
104,32.038378958668815,25.389157273215243,3.0595813204508855,13.063607085346217,9.54777241009125,3.92512077294686,10.560923242082662,0.2952227589908749,2.120236178207193
105,32.25979602791197,25.34219001610306,3.0595813204508855,13.043478260869565,9.500805152979066,3.92512077294686,10.487117552334944,0.2952227589908749,2.086688137412775
106,32.15915190552872,24.765163714439076,2.985775630703167,12.989801395598498,9.23913043478261,5.018786902844874,10.61460010735373,0.27509393451422437,1.9524959742351047
107,32.46779388083736,24.59742351046699,2.985775630703167,12.93612453032743,9.212292002147075,4.998658078368224,10.57434245840043,0.27509393451422437,1.9524959742351047
108,33.02469135802469,24.50348899624262,3.0931293612453032,12.74825550187869,9.178743961352657,5.005367686527107,10.393183038110575,0.24154589371980675,1.8115942028985508
109,33.299785292538914,24.46323134728932,3.066290928609769,12.68786902844874,9.104938271604938,4.99194847020934,10.339506172839506,0.24154589371980675,1.8048845947396672
110,33.64868491680086,24.36929683306495,3.0327428878153517,12.627482555018787,8.977455716586151,4.99194847020934,10.111379495437467,0.24154589371980675,1.9994632313472893
111,33.702361782071925,24.18142780461621,3.0327428878153517,12.902576489533011,8.836553945249598,5.092592592592593,10.017444981213098,0.24154589371980675,1.9927536231884058
112,33.74932903918411,24.255233494363928,3.0327428878153517,12.674449812130971,8.735909822866345,5.3274288781535155,10.00402576489533,0.24154589371980675,1.9793344068706387
113,34.09151905528717,24.174718196457327,3.0327428878153517,12.473161567364466,8.796296296296296,5.314009661835748,9.936929683306495,0.24154589371980675,1.9390767579173376
114,33.58829844337091,24.134460547504027,3.0327428878153517,11.889425657541599,9.01100375738057,6.790123456790123,9.380032206119163,0.24154589371980675,1.932367149758454
115,33.81642512077295,23.859366612989803,3.0193236714975846,11.876006441223833,8.749329039184111,7.152442297369833,9.353193773483628,0.24154589371980675,1.932367149758454
116,33.93719806763285,23.597691894793343,3.0193236714975846,11.802200751476114,8.279656468062266,6.481481481481482,10.782340311325818,0.24154589371980675,1.8585614600107354
117,34.25925925925926,23.503757380568974,3.012614063338701,11.788781535158346,8.225979602791197,6.421095008051529,10.721953837895867,0.24154589371980675,1.8250134192163177
118,34.574610842726784,23.295759527643586,3.0059044551798175,11.721685453569512,8.185721953837897,6.575415995705851,10.57434245840043,0.24154589371980675,1.8250134192163177
119,34.695383789586685,22.86634460547504,3.1199677938808374,11.533816425120772,8.548040794417606,6.528448738593666,10.648148148148149,0.24154589371980675,1.8183038110574343
120,34.715512614063336,22.81266774020397,3.1199677938808374,11.533816425120772,9.098228663446054,6.427804616210413,10.285829307568438,0.24154589371980675,1.7646269457863661
121,35.11808910359635,22.396672034353195,3.113258185721954,11.446591519055287,8.957326892109501,6.776704240472356,10.185185185185185,0.24154589371980675,1.7646269457863661
122,35.46027911969941,22.302737520128826,3.113258185721954,11.41304347826087,8.923778851315083,6.702898550724638,10.077831454643048,0.24154589371980675,1.7646269457863661
123,35.768921095008054,22.21551261406334,3.0931293612453032,11.3593666129898,8.923778851315083,6.629092860976919,10.00402576489533,0.24154589371980675,1.7646269457863661
124,35.85614600107354,21.926999463231347,3.0931293612453032,11.325818572195384,9.353193773483628,6.481481481481482,9.970477724100913,0.23483628556092323,1.7579173376274826
125,35.581052066559316,21.38352120236178,4.3478260869565215,11.480139559849706,9.03113258185722,6.3137412775093935,9.86983360171766,0.23483628556092323,1.7579173376274826
126,35.72866344605475,21.135265700483092,4.3478260869565215,11.419753086419753,9.185453569511541,6.367418142780462,9.829575952764358,0.23483628556092323,1.751207729468599
127,35.990338164251206,21.041331186258724,4.327697262479871,11.352657004830919,9.185453569511541,6.353998926462695,9.77589908749329,0.23483628556092323,1.737788513150832
128,36.178207192699944,20.974235104669887,4.280730005367687,11.332528180354267,9.158615136876007,6.353998926462695,9.769189479334408,0.23483628556092323,1.7176596886741815
129,35.11137949543747,22.34970477724101,4.26731078904992,11.137949543746645,9.131776704240472,6.347289318303811,9.702093397745571,0.23483628556092323,1.7176596886741815
130,35.31266774020397,22.342995169082126,4.26731078904992,11.07085346215781,9.084809447128288,6.293612453032743,9.695383789586689,0.23483628556092323,1.6975308641975309
131,35.72866344605475,22.29602791196994,4.253891572732153,11.017176596886742,8.896940418679549,6.260064412238325,9.614868491680086,0.23483628556092323,1.6975308641975309
132,35.61460010735373,22.061191626409016,4.2270531400966185,10.990338164251208,8.849973161567364,6.260064412238325,10.064412238325282,0.23483628556092323,1.6975308641975309
133,35.97691894793344,22.007514761137948,4.2203435319377345,10.849436392914654,8.809715512614064,6.213097155126141,9.990606548577563,0.23483628556092323,1.6975308641975309
134,36.40633387010199,21.906870638754697,4.488727858293076,10.721953837895867,8.76274825550188,6.206387546967257,9.769189479334408,0.2281266774020397,1.5096618357487923
135,36.218464841653244,20.511272141706925,5.12614063338701,11.842458400429415,8.668813741277509,6.286902844873859,9.628287707997853,0.2281266774020397,1.4895330112721417
136,36.32581857219538,20.45088566827697,5.045625335480408,11.83574879227053,8.668813741277509,6.280193236714976,9.54777241009125,0.2281266774020397,1.6170155662909287
137,36.3996242619431,20.128824476650564,5.045625335480408,12.016908212560386,8.82313472893183,6.253354804079442,9.514224369296834,0.2281266774020397,1.5901771336553945
138,36.533816425120776,20.095276435856146,5.045625335480408,11.996779388083736,8.769457863660762,6.219806763285024,9.520933977455716,0.2281266774020397,1.5901771336553945
139,36.7686527106817,20.055018786902846,5.005367686527107,11.929683306494901,8.715780998389693,6.219806763285024,9.4873859366613,0.2281266774020397,1.5901771336553945
140,37.104133118625874,19.867149758454108,5.005367686527107,11.721685453569512,8.581588835212024,6.320450885668277,9.420289855072463,0.2281266774020397,1.751207729468599
141,37.41277509393451,19.685990338164252,5.005367686527107,11.721685453569512,8.57487922705314,6.239935587761675,9.380032206119163,0.2281266774020397,1.751207729468599
142,37.65432098765432,19.612184648416534,5.730005367686527,11.66129898013956,8.28636607622115,6.219806763285024,8.997584541062801,0.20799785292538917,1.6304347826086956
143,37.144390767579175,20.41062801932367,6.038647342995169,11.352657004830919,8.21256038647343,6.213097155126141,8.789586688137414,0.20799785292538917,1.6304347826086956
144,36.89613526570049,19.860440150295222,6.038647342995169,11.352657004830919,8.011272141706923,7.326892109500805,8.695652173913043,0.20799785292538917,1.6103059581320451
145,37.164519592055825,19.55179817498658,6.333870101986044,11.252012882447666,7.950885668276973,7.246376811594203,8.682232957595277,0.20799785292538917,1.6103059581320451
146,37.35909822866345,19.45115405260333,6.293612453032743,11.158078368223295,7.87037037037037,7.078636607622115,8.970746108427267,0.20799785292538917,1.6103059581320451
147,37.39935587761675,19.504830917874397,6.481481481481482,10.997047772410092,7.863660762211487,7.0383789586688135,8.896940418679549,0.20799785292538917,1.6103059581320451
148,37.42619431025228,19.43102522812668,6.474771873322598,10.976918947933441,7.830112721417069,7.1658615136876005,8.876811594202898,0.20799785292538917,1.6103059581320451
149,37.895866881374126,19.196188942565755,6.662640901771336,10.802469135802468,7.521470746108427,7.253086419753086,8.863392377885132,0.20799785292538917,1.596886741814278
150,38.12399355877617,19.07541599570585,6.649221685453569,10.748792270531402,7.601986044015029,7.199409554482019,8.816425120772946,0.19457863660762212,1.5901771336553945
151,38.35882984433709,18.94122383252818,6.622383252818035,10.547504025764896,7.695920558239399,7.474503488996243,8.641975308641975,0.19457863660762212,1.5230810520665594
152,37.9898013955985,18.80703166935051,7.803274288781535,10.493827160493828,7.6556629092860975,7.467793880837359,7.796564680622652,0.19457863660762212,1.7914653784219001
153,38.00993022007515,18.59903381642512,7.769726247987117,10.446859903381643,7.635534084809447,7.776435856146001,7.7898550724637685,0.19457863660762212,1.778046162104133
154,38.157541599570585,18.411164787976382,7.729468599033816,10.446859903381643,7.635534084809447,7.883789586688137,7.776435856146001,0.19457863660762212,1.7646269457863661
155,38.33870101986044,18.33064949006978,7.729468599033816,10.265700483091788,7.776435856146001,7.856951154052603,7.742887815351583,0.19457863660762212,1.7646269457863661
156,38.74127750939345,18.00858829844337,7.689210950080516,10.151637144390767,7.749597423510467,7.769726247987117,7.7898550724637685,0.19457863660762212,1.90552871712292
157,38.53327965646806,17.47181964573269,7.648953301127214,10.044283413848632,7.695920558239399,8.76274825550188,7.742887815351583,0.19457863660762212,1.90552871712292
158,38.60708534621578,17.418142780461622,7.568438003220612,9.957058507783145,7.6556629092860975,8.601717659688674,8.333333333333334,0.19457863660762212,1.6639828234031133
159,38.868760064412236,17.236983360171767,7.5348899624261945,9.849704777241008,7.5281803542673105,8.883521202361782,8.239398819108963,0.19457863660762212,1.6639828234031133
160,38.85534084809447,17.14975845410628,7.461084272678476,9.749060654857756,6.904186795491143,8.655394524959743,9.400161030595813,0.19457863660762212,1.6304347826086956
161,39.02308105206656,17.143048845947398,7.4208266237251745,9.708803005904455,6.904186795491143,8.57487922705314,9.400161030595813,0.19457863660762212,1.6304347826086956
162,39.512882447665056,17.05582393988191,7.313472893183038,9.628287707997853,6.877348362855609,8.527911969940956,9.265968867418144,0.19457863660762212,1.6237251744498122
163,39.734299516908216,16.894793344068706,7.286634460547504,9.581320450885668,7.011540526033279,8.460815888352121,9.212292002147075,0.19457863660762212,1.6237251744498122
164,39.761137949543745,16.820987654320987,7.541599570585078,9.420289855072463,6.850509930220075,8.59500805152979,9.212292002147075,0.19457863660762212,1.6035963499731616
165,39.68733225979603,16.63311862587225,7.14573268921095,9.406870638754697,7.024959742351046,8.829844337090714,9.473966720343531,0.19457863660762212,1.6035963499731616
166,39.80810520665593,16.42512077294686,7.0383789586688135,9.373322597960279,7.132313472893183,8.789586688137414,9.66183574879227,0.19457863660762212,1.5767579173376274
167,40.183843263553406,16.324476650563607,7.004830917874396,9.326355340848094,7.024959742351046,8.756038647342995,9.608158883521202,0.19457863660762212,1.5767579173376274
168,40.15700483091788,16.15673644659152,7.212828770799785,9.104938271604938,7.266505636070853,8.856682769726248,9.561191626409018,0.19457863660762212,1.4895330112721417
169,39.78797638217928,15.526033279656469,7.199409554482019,9.017713365539452,7.1725711218464845,10.171765968867419,9.453837895866881,0.19457863660762212,1.4761137949543746
170,40.11674718196457,15.526033279656469,7.118894256575416,8.99087493290392,7.024959742351046,10.11808910359635,9.433709071390231,0.19457863660762212,1.4761137949543746
171,40.351583467525494,15.458937198067632,7.118894256575416,8.923778851315083,7.011540526033279,10.044283413848632,9.420289855072463,0.19457863660762212,1.4761137949543746
172,40.53274288781535,15.411969940955448,7.071926999463232,8.903650026838433,6.998121309715513,9.977187332259795,9.433709071390231,0.19457863660762212,1.4761137949543746
173,40.47906602254428,15.33816425120773,7.078636607622115,8.709071390230811,7.501341921631776,9.836285560923242,9.25925925925926,0.322061191626409,1.4761137949543746
174,40.68035426731079,15.277777777777779,7.065217391304348,8.668813741277509,7.461084272678476,9.809447128287708,9.23913043478261,0.322061191626409,1.4761137949543746
175,40.89506172839506,15.257648953301127,7.132313472893183,8.507783145464305,7.440955448201825,9.77589908749329,9.192163177670425,0.322061191626409,1.4761137949543746
176,41.196994095544824,15.183843263553408,7.118894256575416,8.460815888352121,7.440955448201825,9.75577026301664,9.05126140633387,0.322061191626409,1.4694041867954912
177,39.24449812130972,21.83977455716586,6.951154052603328,6.863929146537842,6.696188942565755,9.057971014492754,7.6623725174449815,0.322061191626409,1.3620504562533549
178,38.61379495437466,21.564680622651636,6.528448738593666,7.7361782071927,6.78341384863124,9.426999463231347,7.6623725174449815,0.322061191626409,1.3620504562533549
179,38.821792807300056,21.470746108427267,6.776704240472356,7.709339774557166,6.622383252818035,9.312936124530328,7.628824476650563,0.322061191626409,1.3352120236178207
180,39.00295222758991,21.30300590445518,6.776704240472356,7.675791733762749,6.78341384863124,9.286097691894794,7.514761137949543,0.322061191626409,1.3352120236178207
181,39.110305958132045,20.987654320987655,6.729736983360172,7.924047235641439,6.951154052603328,9.212292002147075,7.454374664519592,0.322061191626409,1.3083735909822867
182,39.31830381105743,20.947396672034355,6.649221685453569,7.9106280193236715,6.9310252281266775,9.158615136876007,7.454374664519592,0.322061191626409,1.3083735909822867
183,39.55984970477724,20.8870101986044,6.595544820182502,7.863660762211487,6.9310252281266775,9.125067096081589,7.4208266237251745,0.3153515834675255,1.3016639828234031
184,39.85507246376812,20.8064949006978,6.568706387546968,7.7898550724637685,6.890767579173376,9.064680622651638,7.407407407407407,0.3153515834675255,1.3016639828234031
185,39.942297369833604,20.759527643585614,6.568706387546968,7.742887815351583,6.877348362855609,9.05126140633387,7.440955448201825,0.3153515834675255,1.3016639828234031
186,40.05636070853462,20.605206655931294,6.568706387546968,7.729468599033816,6.870638754696726,9.05126140633387,7.501341921631776,0.3153515834675255,1.3016639828234031
187,40.324745034889965,20.457595276435857,6.468062265163715,7.716049382716049,6.89747718733226,9.044551798174986,7.474503488996243,0.3153515834675255,1.3016639828234031
188,40.51932367149758,20.30998389694042,6.468062265163715,7.615405260332796,6.877348362855609,9.004294149221685,7.588566827697263,0.3153515834675255,1.3016639828234031
189,39.720880300590444,20.115405260332796,6.300322061191626,8.796296296296296,6.863929146537842,8.796296296296296,7.803274288781535,0.30193236714975846,1.3016639828234031
190,40.05636070853462,19.920826623725173,6.300322061191626,8.68894256575416,6.863929146537842,8.796296296296296,7.769726247987117,0.30193236714975846,1.3016639828234031
191,39.60681696188943,19.216317767042405,6.300322061191626,8.635265700483092,7.239667203435319,8.709071390230811,8.68894256575416,0.30193236714975846,1.3016639828234031
192,39.49946323134729,19.142512077294686,6.380837359098229,8.340042941492216,7.749597423510467,8.709071390230811,8.57487922705314,0.30193236714975846,1.3016639828234031
193,39.982555018786904,18.99490069779925,6.293612453032743,8.172302737520129,7.709339774557166,8.668813741277509,8.57487922705314,0.30193236714975846,1.3016639828234031
194,40.123456790123456,18.96135265700483,6.219806763285024,8.279656468062266,7.669082125603865,8.641975308641975,8.501073537305421,0.30193236714975846,1.3016639828234031
195,40.385131508319915,18.907675791733762,6.253354804079442,8.205850778314547,7.6556629092860975,8.521202361782072,8.467525496511003,0.30193236714975846,1.3016639828234031
196,40.61996779388084,18.80703166935051,6.239935587761675,8.179012345679013,7.62211486849168,8.487654320987655,8.440687063875469,0.30193236714975846,1.3016639828234031
197,40.385131508319915,18.59903381642512,6.1929683306494905,7.803274288781535,7.823403113258186,9.185453569511541,8.407139023081053,0.30193236714975846,1.3016639828234031
198,40.53274288781535,18.511808910359633,6.172839506172839,7.75630703166935,7.96430488459474,9.104938271604938,8.353462157809984,0.30193236714975846,1.3016639828234031
199,40.163714439076756,18.310520665593128,6.078904991948471,7.595276435856146,8.776167471819646,9.07139023081052,8.051529790660226,0.30193236714975846,1.6505636070853462
200,40.21739130434783,18.169618894256576,6.5552871712292005,7.575147611379496,8.756038647342995,8.722490606548577,8.051529790660226,0.30193236714975846,1.6505636070853462
201,40.37842190016103,18.136070853462158,6.729736983360172,7.575147611379496,8.601717659688674,8.682232957595277,7.950885668276973,0.2952227589908749,1.6505636070853462
202,40.58641975308642,18.10252281266774,6.649221685453569,7.4141170155662905,8.93719806763285,8.521202361782072,7.890499194847021,0.2952227589908749,1.6035963499731616
203,40.87493290391841,18.00187869028449,6.5552871712292005,7.367149758454106,9.004294149221685,8.460815888352121,7.836822329575953,0.2952227589908749,1.6035963499731616
204,41.2037037037037,17.907944176060116,6.4412238325281805,7.340311325818572,8.99087493290392,8.427267847557703,7.823403113258186,0.2952227589908749,1.570048309178744
205,41.22383252818035,17.827428878153516,6.830381105743425,7.246376811594203,8.756038647342995,8.561460010735374,7.7361782071927,0.2952227589908749,1.5230810520665594
206,40.83467525496511,17.867686527106816,7.313472893183038,7.105475040257649,8.682232957595277,9.044551798174986,7.447665056360709,0.2952227589908749,1.4090177133655395
207,41.14331723027375,17.659688674181428,7.380568974771873,7.098765432098766,8.59500805152979,9.01100375738057,7.4208266237251745,0.2952227589908749,1.3955984970477724
208,41.50563607085346,17.579173376274827,7.266505636070853,7.085346215780999,8.521202361782072,8.950617283950617,7.4006977992485234,0.2952227589908749,1.3955984970477724
209,41.720343531937736,17.518786902844873,7.139023081052066,7.199409554482019,8.467525496511003,9.004294149221685,7.353730542136339,0.2683843263553409,1.328502415458937
210,41.7740203972088,17.518786902844873,7.125603864734299,7.192699946323135,8.440687063875469,8.997584541062801,7.353730542136339,0.2683843263553409,1.328502415458937
211,41.94176060118089,17.418142780461622,7.105475040257649,7.139023081052066,8.635265700483092,8.957326892109501,7.206119162640902,0.2683843263553409,1.328502415458937
212,41.91492216854536,17.156468062265162,7.716049382716049,7.092055823939882,8.588298443370908,8.776167471819646,7.179280730005368,0.2683843263553409,1.3083735909822867
213,41.82098765432099,16.76731078904992,7.635534084809447,7.541599570585078,8.722490606548577,8.997584541062801,6.944444444444445,0.2683843263553409,1.3016639828234031
214,42.089371980676326,16.686795491143318,7.601986044015029,7.50805152979066,8.682232957595277,8.950617283950617,6.91760601180891,0.2683843263553409,1.2949543746645196
215,39.982555018786904,19.652442297369834,7.85024154589372,7.0383789586688135,8.501073537305421,8.910359634997317,6.501610305958132,0.2683843263553409,1.2949543746645196
216,39.754428341384866,19.43102522812668,8.266237251744498,7.004830917874396,8.420558239398819,8.910359634997317,6.662640901771336,0.2683843263553409,1.2815351583467525
217,40.264358561460014,19.390767579173378,8.004562533548041,6.984702093397746,8.272946859903382,8.735909822866345,6.796833064949007,0.2683843263553409,1.2815351583467525
218,40.45893719806763,19.209608158883523,8.024691358024691,6.971282877079979,8.252818035426731,8.742619431025227,6.790123456790123,0.2683843263553409,1.2815351583467525
219,40.31132581857219,18.54535695115405,9.326355340848094,6.9310252281266775,7.944176060118089,8.682232957595277,6.729736983360172,0.2683843263553409,1.261406333870102
220,40.55958132045089,18.491680085882983,9.27938808373591,6.9243156199677935,7.917337627482555,8.601717659688674,6.716317767042405,0.2683843263553409,1.2412775093934514
221,39.47933440687064,17.887815351583466,8.896940418679549,9.473966720343531,7.769726247987117,8.28636607622115,6.702898550724638,0.2683843263553409,1.2345679012345678
222,39.781266774020395,17.834138486312398,8.82313472893183,9.473966720343531,7.742887815351583,8.28636607622115,6.5552871712292005,0.2683843263553409,1.2345679012345678
223,39.71417069243156,17.733494363929147,9.306226516371444,9.252549651100376,7.695920558239399,8.28636607622115,6.508319914117015,0.2683843263553409,1.2345679012345678
224,39.99597423510467,17.726784755770264,9.27938808373591,9.225711218464841,7.62211486849168,8.172302737520129,6.474771873322598,0.2683843263553409,1.2345679012345678
225,40.083199141170155,17.632850241545892,9.31964573268921,9.205582393988191,7.588566827697263,8.279656468062266,6.387546967257112,0.2683843263553409,1.2345679012345678
226,40.083199141170155,17.72007514761138,9.198872785829307,9.172034353193773,7.561728395061729,8.246108427267847,6.515029522275899,0.2683843263553409,1.2345679012345678
227,40.24422973698336,17.599302200751477,9.27938808373591,9.145195920558239,7.387278582930757,8.36688137412775,6.474771873322598,0.2683843263553409,1.2345679012345678
228,40.52603327965647,17.344337090713903,9.225711218464841,9.044551798174986,7.588566827697263,8.340042941492216,6.427804616210413,0.2683843263553409,1.2345679012345678
229,40.666935050993025,17.022275899087493,9.017713365539452,9.017713365539452,7.588566827697263,8.293075684380032,6.890767579173376,0.2683843263553409,1.2345679012345678
230,40.693773483628554,16.988727858293075,9.185453569511541,8.789586688137414,7.575147611379496,8.413848631239935,6.850509930220075,0.2683843263553409,1.2345679012345678
231,40.81454643048846,16.928341384863124,9.205582393988191,8.460815888352121,7.615405260332796,8.662104133118627,6.816961889425658,0.2683843263553409,1.2278582930756843
232,41.2037037037037,16.71363392377885,9.158615136876007,8.413848631239935,7.588566827697263,8.608427267847558,6.816961889425658,0.2683843263553409,1.2278582930756843
233,41.54589371980676,16.639828234031132,9.145195920558239,8.299785292538916,7.561728395061729,8.514492753623188,6.796833064949007,0.2683843263553409,1.2278582930756843
234,41.58615136876006,16.626409017713364,9.541062801932368,7.971014492753623,7.555018786902845,8.494363929146537,6.729736983360172,0.2683843263553409,1.2278582930756843
235,41.78073000536769,16.55931293612453,9.500805152979066,7.930756843800322,7.548309178743962,8.467525496511003,6.723027375201288,0.2683843263553409,1.221148684916801
236,42.0222758990875,16.183574879227052,9.4873859366613,7.635534084809447,7.716049382716049,8.548040794417606,6.944444444444445,0.24154589371980675,1.221148684916801
237,42.44498121309716,15.814546430488459,9.567901234567902,7.635534084809447,7.6556629092860975,8.635265700483092,6.870638754696726,0.24154589371980675,1.133923778851315
238,42.58588298443371,15.794417606011809,9.567901234567902,7.608695652173913,7.648953301127214,8.608427267847558,6.830381105743425,0.24154589371980675,1.1137949543746646
239,42.7133655394525,15.734031132581856,9.567901234567902,7.75630703166935,7.541599570585078,8.527911969940956,6.8035426731078905,0.24154589371980675,1.1137949543746646
240,42.44498121309716,15.579710144927537,9.480676328502415,7.548309178743962,7.776435856146001,8.78287707997853,7.0383789586688135,0.24154589371980675,1.107085346215781
241,42.693236714975846,15.546162104133119,9.426999463231347,7.494632313472893,7.776435856146001,8.735909822866345,6.977992485238862,0.24154589371980675,1.107085346215781
242,42.72007514761138,15.465646806226516,9.39345142243693,7.501341921631776,7.776435856146001,8.55475040257649,7.239667203435319,0.24154589371980675,1.107085346215781
243,43.07568438003221,15.250939345142244,9.339774557165862,7.501341921631776,7.763016639828234,8.581588835212024,7.139023081052066,0.24154589371980675,1.107085346215781
244,43.08910359634997,15.13016639828234,9.54777241009125,7.467793880837359,7.843531937734836,8.32662372517445,7.132313472893183,0.24154589371980675,1.221148684916801
245,43.25013419216318,15.096618357487923,9.520933977455716,7.39398819108964,7.843531937734836,8.319914117015566,7.112184648416532,0.24154589371980675,1.221148684916801
246,43.45813204508857,15.063070316693505,9.447128287707997,7.387278582930757,7.843531937734836,8.272946859903382,7.085346215780999,0.2214170692431562,1.221148684916801
247,43.69296833064949,14.9020397208803,9.272678475577026,7.333601717659689,7.830112721417069,8.454106280193237,7.071926999463232,0.2214170692431562,1.221148684916801
248,43.88083735909823,14.855072463768115,9.225711218464841,7.306763285024155,7.803274288781535,8.447396672034353,7.0450885668276975,0.2214170692431562,1.2144390767579174
249,43.82045088566828,14.63365539452496,9.312936124530328,7.306763285024155,8.11862587224906,8.3467525496511,7.0450885668276975,0.2214170692431562,1.1943102522812667
250,44.00161030595813,14.586688137412775,9.29951690821256,7.300053676865271,8.07836822329576,8.293075684380032,7.024959742351046,0.2214170692431562,1.1943102522812667
251,43.954643048845945,14.465915190552872,9.574610842726784,7.2933440687063875,8.011272141706923,8.272946859903382,7.011540526033279,0.2214170692431562,1.1943102522812667
252,44.26999463231347,14.432367149758454,9.588030059044552,7.179280730005368,7.937466451959206,8.225979602791197,6.971282877079979,0.2214170692431562,1.1741814278046163
253,42.89452495974235,14.325013419216317,10.050993022007514,8.61513687600644,7.320182501341922,8.132045088566828,7.266505636070853,0.2214170692431562,1.1741814278046163
254,42.80059044551798,14.278046162104133,10.050993022007514,8.400429414922169,7.977724100912507,7.991143317230274,7.139023081052066,0.2214170692431562,1.1406333870101986
255,42.90794417606012,14.130434782608695,10.00402576489533,8.628556092324208,7.971014492753623,7.9039184111647875,7.092055823939882,0.2214170692431562,1.1406333870101986
256,43.062265163714436,14.016371443907676,10.00402576489533,8.568169618894256,7.957595276435856,7.930756843800322,7.105475040257649,0.2214170692431562,1.133923778851315
257,43.283682232957595,13.976113794954374,9.977187332259795,8.53462157809984,7.924047235641439,7.917337627482555,7.0450885668276975,0.2214170692431562,1.1205045625335481
