,45,50,53,55,52,51,54,56,57
0,100.0,,,,,,,,
1,97.29602791196994,2.703972088030059,,,,,,,
2,85.97691894793344,14.023081052066559,,,,,,,
3,83.16559312936124,16.49892646269458,0.1274825550187869,0.20799785292538917,,,,,
4,71.92699946323135,27.737520128824478,0.1274825550187869,0.20799785292538917,,,,,
5,70.08856682769726,29.59608158883521,0.1274825550187869,0.1878690284487386,,,,,
6,68.62587224906065,30.20665593129361,0.1274825550187869,,1.0399892646269457,,,,
7,68.73993558776168,30.112721417069242,0.1274825550187869,,1.0198604401502953,,,,
8,58.1857219538379,38.446054750402574,0.1274825550187869,,3.240740740740741,,,,
9,55.27375201288245,40.41867954911433,0.1274825550187869,,3.1602254428341383,1.0198604401502953,,,
10,55.475040257648956,40.21739130434783,0.1274825550187869,,3.1602254428341383,1.0198604401502953,,,
11,55.49516908212561,39.78797638217928,0.1274825550187869,0.4092860976918948,3.1602254428341383,1.0198604401502953,,,
12,52.95893719806763,41.418411164787976,0.1274825550187869,0.4092860976918948,3.140096618357488,1.9457863660762211,,,
13,52.39533011272142,36.594202898550726,0.1274825550187869,0.4092860976918948,3.140096618357488,5.736714975845411,1.596886741814278,,
14,43.974771873322595,40.31132581857219,0.1274825550187869,0.1610305958132045,3.280998389694042,12.144390767579173,,,
15,41.888083735909824,42.43827160493827,0.1274825550187869,0.1610305958132045,3.280998389694042,12.104133118625873,,,
16,40.22410091250671,41.71363392377885,0.1274825550187869,0.1610305958132045,3.280998389694042,14.492753623188406,,,
17,39.30488459473967,40.06977992485239,0.1274825550187869,0.1610305958132045,3.280998389694042,17.05582393988191,,,
18,39.231078904991946,40.183843263553406,0.1274825550187869,0.1610305958132045,3.280998389694042,17.01556629092861,,,
19,39.40552871712292,40.042941492216855,0.1274825550187869,0.1610305958132045,3.280998389694042,16.982018250134193,,,
20,39.56655931293612,39.91545893719807,0.1274825550187869,0.1610305958132045,3.280998389694042,16.948470209339774,,,
21,39.660493827160494,39.83494363929147,0.1274825550187869,0.1610305958132045,3.280998389694042,16.935050993022006,,,
22,39.90874932903918,39.68733225979603,0.1274825550187869,0.1610305958132045,3.2474503488996245,16.867954911433173,,,
23,39.27804616210413,39.170692431561996,0.1274825550187869,0.1610305958132045,3.2474503488996245,17.726784755770264,,0.2885131508319914,
24,39.66720343531938,38.67418142780462,0.1274825550187869,0.35560923242082665,3.2004830917874396,17.68652710681696,,0.2885131508319914,
25,39.06333870101986,38.99624261943102,0.1274825550187869,0.35560923242082665,3.0595813204508855,18.109232420826622,,0.2885131508319914,
26,38.12399355877617,40.01610305958132,0.1274825550187869,0.35560923242082665,3.0595813204508855,18.02871712292002,,0.2885131508319914,
27,37.70799785292539,40.29119699409554,0.1274825550187869,0.5501878690284487,3.0595813204508855,17.975040257648953,,0.2885131508319914,
28,32.63553408480945,45.276435856146,0.1274825550187869,0.5300590445517982,4.4753086419753085,16.680085882984432,,0.27509393451422437,
29,32.17928073000537,41.50563607085346,0.1274825550187869,0.5300590445517982,6.045356951154052,19.26328502415459,,0.3488996242619431,
30,32.367149758454104,41.358024691358025,0.1274825550187869,0.5300590445517982,6.045356951154052,19.223027375201287,,0.3488996242619431,
31,31.702898550724637,39.98926462694579,0.1274825550187869,0.5300590445517982,6.045356951154052,21.256038647342994,,0.3488996242619431,
32,31.32716049382716,38.43263553408481,1.2010198604401503,0.4830917874396135,6.0587761674718195,22.148416532474503,,0.3488996242619431,
33,31.447933440687063,38.36553945249597,1.2010198604401503,0.4830917874396135,6.038647342995169,22.114868491680085,,0.3488996242619431,
34,31.387546967257112,36.29898013955985,1.1943102522812667,0.4830917874396135,5.709876543209877,24.58400429414922,,0.3421900161030596,
35,31.4747718733226,36.25872249060655,1.1943102522812667,0.7917337627482555,5.709876543209877,24.235104669887278,,0.33548040794417605,
36,31.83709071390231,35.96349973161568,1.1943102522812667,0.7917337627482555,5.709876543209877,24.168008588298445,,0.33548040794417605,
37,31.427804616210413,35.02415458937198,1.1943102522812667,0.9728931830381106,6.910896403650026,23.805689747718734,0.32877079978529256,0.33548040794417605,
38,30.971551261406333,34.856414385399894,1.1943102522812667,0.9728931830381106,5.689747718733226,25.650831991411703,0.32877079978529256,0.33548040794417605,
39,30.24020397208803,34.5276435856146,1.1943102522812667,1.288244766505636,5.689747718733226,26.39559849704777,0.32877079978529256,0.33548040794417605,
40,30.515297906602253,34.292807300053674,1.1943102522812667,1.288244766505636,5.689747718733226,26.35534084809447,0.32877079978529256,0.33548040794417605,
41,28.193773483628558,36.71497584541063,1.1943102522812667,1.288244766505636,5.649490069779925,26.29495437466452,0.32877079978529256,0.33548040794417605,
42,28.56280193236715,36.480139559849704,1.1943102522812667,1.288244766505636,5.60252281266774,26.207729468599034,0.32877079978529256,0.33548040794417605,
43,28.67686527106817,36.11782071926999,1.3754696725711217,1.288244766505636,5.763553408480945,26.113794954374665,0.32877079978529256,0.33548040794417605,
44,28.77079978529254,36.03730542136339,1.3754696725711217,1.288244766505636,5.763553408480945,26.100375738056897,0.32877079978529256,0.33548040794417605,
45,28.918411164787976,35.82259796027912,1.3754696725711217,1.261406333870102,5.736714975845411,26.08695652173913,0.46296296296296297,0.33548040794417605,
46,28.92512077294686,34.876543209876544,1.3754696725711217,1.261406333870102,6.6760601180891035,26.08695652173913,0.46296296296296297,0.33548040794417605,
47,29.07944176060118,34.77589908749329,1.3352120236178207,1.3955984970477724,6.6760601180891035,25.939345142243692,0.46296296296296297,0.33548040794417605,
48,27.938808373590984,32.991143317230275,1.3352120236178207,1.3955984970477724,6.6760601180891035,28.891572732152444,0.43612453032742887,0.33548040794417605,
49,23.423242082662373,42.58588298443371,1.3352120236178207,1.3217928073000538,6.6760601180891035,23.899624261943103,0.43612453032742887,0.322061191626409,
50,23.55072463768116,42.3845947396672,1.3352120236178207,1.4559849704777241,6.6760601180891035,23.839237788513152,0.43612453032742887,0.322061191626409,
51,23.61111111111111,41.23054213633924,1.3352120236178207,1.4559849704777241,6.642512077294686,23.2487922705314,2.15378421900161,0.322061191626409,
52,23.89291465378422,40.653515834675254,1.288244766505636,1.4559849704777241,6.642512077294686,23.161567364465917,2.589908749329039,0.3153515834675255,
53,24.12104133118626,40.29790660225443,1.8518518518518519,1.442565754159957,6.515029522275899,22.86634460547504,2.589908749329039,0.3153515834675255,
54,24.308910359634996,40.23081052066559,1.8518518518518519,1.442565754159957,6.494900697799249,22.819377348362856,2.5563607085346214,0.2952227589908749,
55,23.07434245840043,41.257380568974774,1.8183038110574343,1.442565754159957,6.790123456790123,22.765700483091788,2.5563607085346214,0.2952227589908749,
56,22.69860440150295,40.485775630703166,2.1135265700483092,1.6438539989264627,9.728931830381105,20.538110574342458,2.5429414922168547,0.24825550187869028,
57,22.906602254428343,40.324745034889965,2.1135265700483092,1.6438539989264627,9.702093397745571,20.517981749865807,2.5429414922168547,0.24825550187869028,
58,23.007246376811594,40.00939345142244,4.012345679012346,1.6438539989264627,9.460547504025765,19.07541599570585,2.5429414922168547,0.24825550187869028,
59,23.26892109500805,39.86849168008588,4.012345679012346,1.6438539989264627,9.447128287707997,18.98148148148148,2.5295222758990876,0.24825550187869028,
60,23.382984433709073,39.80810520665593,4.012345679012346,1.6438539989264627,9.406870638754697,18.833870101986044,2.5295222758990876,0.3824476650563607,
61,23.658078368223297,39.60010735373054,3.992216854535695,1.6304347826086956,9.406870638754697,18.800322061191626,2.5295222758990876,0.3824476650563607,
62,23.872785829307567,39.371980676328505,3.992216854535695,1.710950080515298,9.39345142243693,18.746645195920557,2.5295222758990876,0.3824476650563607,
63,24.27536231884058,39.13714439076758,3.9855072463768115,1.710950080515298,9.265968867418144,18.733225979602793,2.509393451422437,0.3824476650563607,
64,24.4296833064949,38.868760064412236,5.01207729468599,1.892109500805153,9.265968867418144,17.639559849704778,2.509393451422437,0.3824476650563607,
65,24.838969404186795,38.687600644122384,5.01207729468599,1.892109500805153,9.198872785829307,17.485238862050455,2.5026838432635534,0.3824476650563607,
66,25.0402576489533,38.55340848094471,5.01207729468599,1.892109500805153,9.185453569511541,17.431561996779386,2.5026838432635534,0.3824476650563607,
67,25.275093934514224,38.41250670960816,4.958400429414922,1.8853998926462694,9.185453569511541,17.411433172302736,2.4892646269457863,0.3824476650563607,
68,25.509930220075148,36.8894256575416,4.864465915190553,1.6975308641975309,9.138486312399356,19.068706387546968,2.4490069779924855,0.3824476650563607,
69,25.697799248523886,36.79549114331723,4.830917874396135,1.6975308641975309,9.111647879763822,19.03515834675255,2.4490069779924855,0.3824476650563607,
70,25.389157273215243,37.11755233494364,4.830917874396135,1.6975308641975309,9.104938271604938,19.028448738593667,2.4490069779924855,0.3824476650563607,
71,25.43612453032743,36.62775093934514,5.307300053676865,1.6841116478797638,9.104938271604938,19.0150295222759,2.442297369833602,0.3824476650563607,
72,24.671229200214707,35.61460010735373,5.287171229200215,1.4962426194310252,9.104938271604938,18.988191089640367,4.455179817498658,0.3824476650563607,
73,24.724906065485776,35.601180891035966,5.287171229200215,1.4962426194310252,9.104938271604938,18.947933440687063,4.455179817498658,0.3824476650563607,
74,24.765163714439076,35.40660225442834,5.132850241545894,1.4962426194310252,9.104938271604938,19.256575415995705,4.455179817498658,0.3824476650563607,
75,25.09393451422437,35.15163714439077,5.132850241545894,1.4962426194310252,9.084809447128288,19.236446591519055,4.30756843800322,0.49651100375738055,
76,25.261674718196456,35.04428341384863,5.132850241545894,1.4962426194310252,9.057971014492754,19.202898550724637,4.30756843800322,0.49651100375738055,
77,25.5703166935051,34.916800858829845,5.132850241545894,1.4962426194310252,9.017713365539452,19.088835212023618,4.280730005367687,0.49651100375738055,
78,25.228126677402038,33.64868491680086,3.7104133118625873,1.3620504562533549,8.152173913043478,22.946859903381643,4.280730005367687,0.6709608158883521,
79,25.489801395598498,33.400429414922165,3.7104133118625873,1.3620504562533549,8.152173913043478,22.946859903381643,4.26731078904992,0.6709608158883521,
80,25.617283950617285,33.28636607622115,3.683574879227053,1.3620504562533549,8.333333333333334,22.84621578099839,4.200214707461084,0.6709608158883521,
81,25.905797101449274,32.09205582393988,3.6097691894793345,1.3620504562533549,8.28636607622115,23.872785829307567,4.200214707461084,0.6709608158883521,
82,26.08695652173913,32.038378958668815,3.6097691894793345,1.3620504562533549,8.232689210950081,23.825818572195384,4.17337627482555,0.6709608158883521,
83,26.268115942028984,31.716317767042405,3.6097691894793345,1.596886741814278,8.219269994632313,23.765432098765434,4.17337627482555,0.6508319914117016,
84,26.35534084809447,31.662640901771336,3.603059581320451,1.596886741814278,8.205850778314547,23.752012882447666,4.17337627482555,0.6508319914117016,
85,26.570048309178745,31.602254428341386,3.589640365002684,1.570048309178744,8.165593129361245,23.678207192699947,4.17337627482555,0.6508319914117016,
86,26.650563607085346,31.582125603864736,3.589640365002684,1.570048309178744,8.13875469672571,23.64465915190553,4.17337627482555,0.6508319914117016,
87,26.764626945786365,31.260064412238325,3.589640365002684,1.570048309178744,9.480676328502415,23.557434245840042,3.126677402039721,0.6508319914117016,
88,22.933440687063875,34.88325281803543,6.119162640901771,1.6639828234031133,8.769457863660762,22.24235104669887,2.737520128824477,0.6508319914117016,
89,23.013955984970476,34.333064949006975,6.119162640901771,2.26784755770263,8.729200214707461,21.62506709608159,3.260869565217391,0.6508319914117016,
90,23.235373054213635,34.29951690821256,6.119162640901771,2.26784755770263,8.601717659688674,21.564680622651636,3.260869565217391,0.6508319914117016,
91,23.376274825550187,33.863392377885134,6.031937734836285,2.6502952227589907,8.601717659688674,21.564680622651636,3.260869565217391,0.6508319914117016,
92,23.597691894793343,33.81642512077295,6.025228126677402,2.6502952227589907,8.467525496511003,21.531132581857218,3.260869565217391,0.6508319914117016,
93,23.778851315083198,33.66881374127751,5.998389694041868,2.6301663982823404,8.460815888352121,21.571390230810522,3.240740740740741,0.6508319914117016,
94,23.93317230273752,33.36688137412775,5.978260869565218,2.5966183574879227,8.420558239398819,21.511003757380568,3.5426731078904994,0.6508319914117016,
95,24.154589371980677,33.20585077831455,5.964841653247451,2.5966183574879227,8.413848631239935,21.477455716586153,3.5426731078904994,0.644122383252818,
96,23.95330112721417,32.06521739130435,7.588566827697263,2.509393451422437,8.393719806763285,21.18894256575416,3.5426731078904994,0.7581857219538379,
97,24.228395061728396,31.964573268921097,7.199409554482019,2.3349436392914655,8.863392377885132,21.121846484165324,3.5426731078904994,0.7447665056360708,
98,24.44310252281267,31.816961889425656,7.306763285024155,2.3215244229736984,8.84326355340848,20.98094471282877,3.5426731078904994,0.7447665056360708,
99,24.798711755233494,31.702898550724637,7.306763285024155,2.3081052066559313,8.61513687600644,20.98094471282877,3.5426731078904994,0.7447665056360708,
100,25.275093934514224,31.38083735909823,7.306763285024155,2.301395598497048,8.494363929146537,20.954106280193237,3.5426731078904994,0.7447665056360708,
101,25.41599570585078,31.28690284487386,7.306763285024155,2.3886205045625335,8.460815888352121,20.88030059044552,3.515834675254965,0.7447665056360708,
102,25.711218464841654,31.105743424584006,7.212828770799785,2.3886205045625335,8.460815888352121,20.860171765968868,3.515834675254965,0.7447665056360708,
103,26.093666129898015,30.97826086956522,7.159151905528717,2.38191089640365,8.413848631239935,20.71256038647343,3.515834675254965,0.7447665056360708,
104,26.29495437466452,30.891035963499732,7.139023081052066,2.38191089640365,8.36688137412775,20.685721953837895,3.4957058507783145,0.7447665056360708,
105,26.40901771336554,30.864197530864196,7.118894256575416,2.38191089640365,8.3467525496511,20.638754696725712,3.4957058507783145,0.7447665056360708,
106,26.50295222758991,30.844068706387546,7.112184648416532,2.38191089640365,8.333333333333334,20.591787439613526,3.488996242619431,0.7447665056360708,
107,26.650563607085346,30.683038110574344,7.897208803005904,2.38191089640365,8.279656468062266,19.87385936661299,3.488996242619431,0.7447665056360708,
108,26.88539989264627,30.58239398819109,7.883789586688137,2.3550724637681157,8.246108427267847,19.82018250134192,3.4822866344605474,0.7447665056360708,
109,27.033011272141707,30.52200751476114,7.863660762211487,2.3550724637681157,8.246108427267847,19.773215244229736,3.4621578099838968,0.7447665056360708,
110,27.15378421900161,30.44820182501342,7.843531937734836,2.4154589371980677,8.225979602791197,19.712828770799785,3.455448201825013,0.7447665056360708,
111,27.214170692431562,30.407944176060116,7.843531937734836,2.4154589371980677,8.225979602791197,19.692699946323135,3.455448201825013,0.7447665056360708,
112,27.3215244229737,30.340848094471284,7.843531937734836,2.3886205045625335,8.225979602791197,19.692699946323135,3.455448201825013,0.7313472893183038,
113,27.536231884057973,30.300590445517983,7.796564680622652,2.3752012882447664,8.179012345679013,19.639023081052066,3.4420289855072466,0.7313472893183038,
114,27.730810520665592,29.95169082125604,7.37385936661299,2.3483628556092326,8.93719806763285,19.484702093397747,3.4420289855072466,0.7313472893183038,
115,26.94578636607622,29.62962962962963,7.347020933977456,2.341653247450349,8.61513687600644,20.947396672034355,3.4420289855072466,0.7313472893183038,
116,27.167203435319376,29.508856682769725,7.347020933977456,2.341653247450349,8.608427267847558,20.86688137412775,3.4286097691894795,0.7313472893183038,
117,27.294685990338163,29.441760601180892,7.246376811594203,2.341653247450349,8.68894256575416,20.82662372517445,3.4286097691894795,0.7313472893183038,
118,27.449006977992486,29.367954911433173,7.246376811594203,2.341653247450349,8.668813741277509,20.7662372517445,3.4286097691894795,0.7313472893183038,
119,27.84487385936661,29.30756843800322,7.118894256575416,2.5026838432635534,8.662104133118627,20.44417606011809,3.3950617283950617,0.7246376811594203,
120,27.254428341384862,27.160493827160494,7.098765432098766,2.4557165861513686,11.761943102522812,20.33011272141707,3.2139023081052067,0.7246376811594203,
121,24.58400429414922,33.40713902308105,6.884057971014493,2.4490069779924855,10.393183038110575,18.391035963499732,3.166935050993022,0.7246376811594203,
122,24.671229200214707,33.32662372517445,6.6827697262479875,2.690552871712292,10.38647342995169,18.364197530864196,3.1535158346752548,0.7246376811594203,
123,24.812130971551262,33.279656468062264,6.66935050993022,2.690552871712292,10.34621578099839,18.35077831454643,3.126677402039721,0.7246376811594203,
124,24.832259796027913,32.789855072463766,6.66935050993022,2.690552871712292,11.540526033279656,17.62614063338701,3.126677402039721,0.7246376811594203,
125,25.0402576489533,32.70263016639828,6.649221685453569,2.690552871712292,11.506977992485238,17.559044551798173,3.126677402039721,0.7246376811594203,
126,25.241545893719806,32.63553408480945,6.615673644659152,2.690552871712292,11.473429951690822,17.49194847020934,3.126677402039721,0.7246376811594203,
127,25.38244766505636,32.50805152979066,6.608964036500268,2.690552871712292,11.419753086419753,17.216854535695116,3.44873859366613,0.7246376811594203,
128,25.409286097691894,32.50805152979066,6.608964036500268,2.690552871712292,11.419753086419753,17.19001610305958,3.44873859366613,0.7246376811594203,
129,24.993290391841118,32.306763285024154,6.608964036500268,2.368491680085883,11.419753086419753,18.51851851851852,3.0595813204508855,0.7246376811594203,
130,25.234836285560924,32.23295759527644,6.608964036500268,2.368491680085883,11.305689747718732,18.491680085882983,3.0327428878153517,0.7246376811594203,
131,25.38244766505636,32.1658615136876,6.608964036500268,2.368491680085883,11.252012882447666,18.46484165324745,3.0327428878153517,0.7246376811594203,
132,25.77831454643049,32.13231347289318,6.608964036500268,2.368491680085883,11.010466988727858,18.357487922705314,3.0193236714975846,0.7246376811594203,
133,25.925925925925927,31.99141170155663,6.320450885668277,2.657004830917874,10.775630703166936,18.33064949006978,2.999194847020934,0.9997316156736447,
134,26.019860440150296,31.95786366076221,6.320450885668277,2.6435856146001075,10.775630703166936,18.303811057434245,2.985775630703167,0.9930220075147611,
135,25.657541599570585,32.669082125603865,6.286902844873859,2.636876006441224,10.473698336017177,18.297101449275363,2.985775630703167,0.9930220075147611,
136,25.711218464841654,31.790123456790123,6.031937734836285,2.5026838432635534,11.956521739130435,18.02871712292002,2.985775630703167,0.9930220075147611,
137,25.946054750402578,31.676060118089104,6.018518518518518,2.475845410628019,11.936392914653783,17.96833064949007,2.985775630703167,0.9930220075147611,
138,25.999731615673646,31.568706387546968,7.467793880837359,2.4557165861513686,11.90955448201825,16.53918411164788,3.066290928609769,0.9930220075147611,
139,26.308373590982285,31.34728931830381,7.440955448201825,2.442297369833602,11.862587224906065,16.53918411164788,3.066290928609769,0.9930220075147611,
140,26.435856146001072,31.266774020397207,7.427536231884058,2.442297369833602,11.862587224906065,16.505636070853463,3.066290928609769,0.9930220075147611,
141,25.925925925925927,30.803811057434245,7.407407407407407,2.442297369833602,11.829039184111648,17.55233494363929,3.046162104133119,0.9930220075147611,
142,26.214439076757916,30.776972624798713,7.37385936661299,2.442297369833602,11.822329575952764,17.424852388620504,2.9924852388620504,0.95276435856146,
143,26.516371443907676,30.683038110574344,7.37385936661299,2.4154589371980677,11.761943102522812,17.310789049919485,2.985775630703167,0.95276435856146,
144,26.549919484702095,30.67632850241546,7.37385936661299,2.9790660225442833,11.506977992485238,17.002147074610843,2.9589371980676327,0.95276435856146,
145,26.603596349973163,30.62265163714439,7.37385936661299,2.9790660225442833,11.506977992485238,17.002147074610843,2.9589371980676327,0.95276435856146,
146,26.422436929683307,30.54884594739667,7.092055823939882,2.4154589371980677,13.955984970477724,15.653515834675256,2.9589371980676327,0.95276435856146,
147,26.442565754159958,30.54884594739667,7.092055823939882,2.4154589371980677,13.955984970477724,15.633387010198604,2.9589371980676327,0.95276435856146,
148,26.85185185185185,30.340848094471284,7.078636607622115,2.4154589371980677,13.83521202361782,15.566290928609769,2.9589371980676327,0.95276435856146,
149,27.026301663982824,30.246913580246915,7.071926999463232,2.4154589371980677,13.79495437466452,15.539452495974235,2.952227589908749,0.95276435856146,
150,27.147074610842726,30.173107890499196,7.051798174986581,2.4020397208803006,13.79495437466452,15.526033279656469,2.952227589908749,0.95276435856146,
151,27.30139559849705,30.06575415995706,7.226247987117552,2.4020397208803006,13.768115942028986,15.33816425120773,2.952227589908749,0.9460547504025765,
152,27.408749329039185,30.01207729468599,7.226247987117552,2.3483628556092326,13.768115942028986,15.33816425120773,2.952227589908749,0.9460547504025765,
153,27.677133655394524,29.911433172302736,7.226247987117552,2.3349436392914655,13.754696725711218,15.203972088030058,2.952227589908749,0.9393451422436929,
154,27.80461621041331,29.884594739667204,7.192699946323135,2.3349436392914655,13.714439076757918,15.177133655394526,2.952227589908749,0.9393451422436929,
155,27.61003757380569,29.354535695115406,8.071658615136876,2.254428341384863,13.66076221148685,15.157004830917874,2.952227589908749,0.9393451422436929,
156,28.22061191626409,29.280730005367687,7.96430488459474,2.254428341384863,13.607085346215781,14.794685990338165,2.9388083735909825,0.9393451422436929,
157,28.428609769189478,29.26731078904992,7.917337627482555,2.227589908749329,13.533279656468062,14.761137949543746,2.9253891572732154,0.9393451422436929,
158,28.556092324208265,29.220343531937736,7.950885668276973,2.227589908749329,13.45276435856146,14.727589908749328,2.9253891572732154,0.9393451422436929,
159,27.355072463768117,27.750939345142243,8.514492753623188,2.442297369833602,13.285024154589372,16.78743961352657,2.9253891572732154,0.9393451422436929,
160,27.47584541062802,27.690552871712292,8.494363929146537,2.442297369833602,13.251476113794954,16.780730005367687,2.9253891572732154,0.9393451422436929,
161,27.76435856146001,27.482555018786904,8.480944712828771,2.4892646269457863,13.197799248523886,16.720343531937736,2.9253891572732154,0.9393451422436929,
162,27.999194847020934,27.34836285560923,8.480944712828771,2.4892646269457863,13.130703166935051,16.6935050993022,2.918679549114332,0.9393451422436929,
163,28.28099838969404,27.093397745571657,8.467525496511003,2.462426194310252,13.24476650563607,16.59286097691895,2.918679549114332,0.9393451422436929,
164,28.435319377348364,26.979334406870638,8.467525496511003,2.462426194310252,13.22463768115942,16.5727321524423,2.918679549114332,0.9393451422436929,
165,28.549382716049383,26.939076757917338,8.440687063875469,2.462426194310252,13.211218464841654,16.53918411164788,2.918679549114332,0.9393451422436929,
166,28.428609769189478,26.81159420289855,8.427267847557703,2.4355877616747184,14.049919484702093,16.451959205582394,2.4557165861513686,0.9393451422436929,
167,27.67042404723564,27.985775630703166,8.387010198604402,2.4355877616747184,13.79495437466452,16.411701556629094,2.3752012882447664,0.9393451422436929,
168,27.61003757380569,27.67042404723564,8.387010198604402,2.757648953301127,13.955984970477724,16.317767042404725,2.3752012882447664,0.9259259259259259,
169,27.891841116478798,27.596618357487923,8.373590982286634,2.7442297369833604,13.875469672571121,16.21712292002147,2.3752012882447664,0.9259259259259259,
170,27.958937198067634,27.569779924852387,8.36688137412775,2.7442297369833604,13.747987117552334,16.15673644659152,2.3752012882447664,0.9259259259259259,0.15432098765432098
171,27.710681696188942,26.7512077294686,8.353462157809984,3.5628019323671496,13.425925925925926,16.626409017713364,2.3752012882447664,0.9259259259259259,0.2683843263553409
172,26.8317230273752,26.006441223832528,9.453837895866881,3.475577026301664,12.298711755233494,18.364197530864196,2.3752012882447664,0.9259259259259259,0.2683843263553409
173,26.952495974235106,25.946054750402578,9.440418679549115,3.475577026301664,12.29200214707461,18.364197530864196,2.341653247450349,0.9192163177670424,0.2683843263553409
174,27.053140096618357,25.905797101449274,9.39345142243693,3.5292538915727323,12.238325281803542,18.364197530864196,2.328234031132582,0.9192163177670424,0.2683843263553409
175,27.234299516908212,25.805152979066023,9.39345142243693,3.488996242619431,12.198067632850242,18.364197530864196,2.328234031132582,0.9192163177670424,0.2683843263553409
176,27.388620504562535,25.764895330112722,9.359903381642512,3.683574879227053,12.171229200214707,18.183038110574344,2.328234031132582,0.8521202361782072,0.2683843263553409
177,27.334943639291467,25.181159420289855,10.02415458937198,3.683574879227053,12.104133118625873,18.183038110574344,2.147074610842727,1.0735373054213635,0.2683843263553409
178,27.576489533011273,25.13419216317767,9.970477724100913,3.683574879227053,12.077294685990339,18.136070853462158,2.0799785292538915,1.0735373054213635,0.2683843263553409
179,27.82474503488996,25.09393451422437,9.943639291465379,3.683574879227053,11.943102522812667,18.089103596349972,2.0799785292538915,1.0735373054213635,0.2683843263553409
180,27.965646806226516,24.912775093934513,9.91009125067096,4.233762748255502,11.869296833064949,17.538915727321523,2.227589908749329,1.0735373054213635,0.2683843263553409
181,27.84487385936661,24.590713902308106,9.91009125067096,4.2270531400966185,11.869296833064949,17.53220611916264,2.6838432635534084,1.0735373054213635,0.2683843263553409
182,27.905260332796566,24.52361782071927,9.91009125067096,4.616210413311863,11.788781535158346,17.24369296833065,2.6704240472356413,1.0735373054213635,0.2683843263553409
183,27.979066022544284,24.053945249597422,10.661567364465915,4.616210413311863,11.708266237251744,17.23027375201288,2.6704240472356413,0.8118625872249061,0.2683843263553409
184,28.73054213633924,23.845947396672035,10.373054213633925,4.49543746645196,11.60762211486849,17.196725711218466,2.6704240472356413,0.8118625872249061,0.2683843263553409
185,28.804347826086957,23.805689747718734,10.373054213633925,4.49543746645196,11.58749329039184,17.19001610305958,2.6637144390767578,0.8118625872249061,0.2683843263553409
186,28.945249597423512,23.74530327428878,10.36634460547504,4.49543746645196,11.574074074074074,17.143048845947398,2.6637144390767578,0.8118625872249061,0.2549651100375738
187,29.139828234031132,23.65136876006441,10.359634997316157,4.461889425657541,11.574074074074074,17.082662372517444,2.6637144390767578,0.8118625872249061,0.2549651100375738
188,29.435050993022006,23.617820719269993,10.34621578099839,4.455179817498658,11.480139559849706,16.988727858293075,2.61003757380569,0.8118625872249061,0.2549651100375738
189,29.49543746645196,23.443370907139023,10.332796564680622,4.64975845410628,11.446591519055287,16.955179817498657,2.61003757380569,0.8118625872249061,0.2549651100375738
190,29.341116478797638,22.564412238325282,10.299248523886206,4.636339237788513,11.439881910896403,18.04213633923779,2.61003757380569,0.8118625872249061,0.2549651100375738
191,29.58937198067633,22.490606548577563,10.272410091250672,4.750402576489533,11.225174449812132,18.00187869028449,2.61003757380569,0.8051529790660226,0.2549651100375738
192,29.716854535695116,22.5577026301664,10.165056360708535,4.730273752012883,11.225174449812132,17.934782608695652,2.61003757380569,0.8051529790660226,0.2549651100375738
193,29.60950080515298,22.36983360171766,10.527375201288244,4.723564143853999,11.211755233494364,17.807300053676865,2.690552871712292,0.8051529790660226,0.2549651100375738
194,29.978529253891573,22.14170692431562,10.513955984970478,4.723564143853999,11.124530327428879,17.767042404723565,2.690552871712292,0.8051529790660226,0.2549651100375738
195,30.360976918947934,21.947128287707997,10.513955984970478,4.723564143853999,11.023886205045626,17.693236714975846,2.677133655394525,0.8051529790660226,0.2549651100375738
196,30.407944176060116,21.906870638754697,10.493827160493828,4.723564143853999,10.674986580783683,17.559044551798173,3.1736446591519054,0.8051529790660226,0.2549651100375738
197,30.340848094471284,21.83977455716586,10.681696188942565,4.690016103059581,10.903113258185721,17.330917874396135,3.1535158346752548,0.8051529790660226,0.2549651100375738
198,29.884594739667204,21.68545356951154,10.272410091250672,4.4753086419753085,10.540794417606012,18.927804616210413,3.1535158346752548,0.8051529790660226,0.2549651100375738
199,29.757112184648417,21.544551798174986,10.272410091250672,4.428341384863124,11.29898013955985,18.4849704777241,3.1535158346752548,0.8051529790660226,0.2549651100375738
200,30.059044551798173,21.4170692431562,10.258990874932904,4.428341384863124,11.285560923242082,18.337359098228664,3.1535158346752548,0.8051529790660226,0.2549651100375738
201,30.20665593129361,21.390230810520666,10.21202361782072,4.428341384863124,11.258722490606548,18.290391841116477,3.1535158346752548,0.8051529790660226,0.2549651100375738
202,30.26033279656468,21.370101986044016,10.21202361782072,4.428341384863124,11.225174449812132,18.290391841116477,3.1535158346752548,0.8051529790660226,0.2549651100375738
203,30.44820182501342,21.26945786366076,10.185185185185185,4.49543746645196,11.225174449812132,18.16290928609769,3.1535158346752548,0.8051529790660226,0.2549651100375738
204,30.669618894256576,21.235909822866343,10.158346752549651,4.468599033816425,11.178207192699947,18.16290928609769,3.0730005367686526,0.798443370907139,0.2549651100375738
205,30.810520665593128,21.202361782071925,10.091250670960816,4.468599033816425,11.137949543746645,18.16290928609769,3.0730005367686526,0.798443370907139,0.2549651100375738
206,30.9447128287708,21.175523349436393,10.091250670960816,4.468599033816425,11.030595813204508,18.16290928609769,3.0730005367686526,0.798443370907139,0.2549651100375738
207,31.04535695115405,21.162104133118625,10.077831454643048,4.448470209339774,11.010466988727858,18.129361245303276,3.0730005367686526,0.798443370907139,0.2549651100375738
208,31.186258722490606,21.175523349436393,10.02415458937198,4.428341384863124,11.003757380568974,18.075684380032207,3.052871712292002,0.798443370907139,0.2549651100375738
209,31.367418142780462,21.135265700483092,9.943639291465379,4.408212560386473,10.970209339774557,18.06897477187332,3.052871712292002,0.798443370907139,0.2549651100375738
210,31.52173913043478,21.081588835212024,9.930220075147611,4.394793344068707,10.970209339774557,17.995169082125603,3.052871712292002,0.798443370907139,0.2549651100375738
211,31.629092860976918,21.054750402576488,9.88996242619431,4.616210413311863,10.963499731615673,17.74020397208803,3.052871712292002,0.798443370907139,0.2549651100375738
212,31.85721953837896,20.967525496511005,9.86983360171766,4.542404723564144,10.95679012345679,17.69994632313473,3.052871712292002,0.798443370907139,0.2549651100375738
213,32.045088566827694,20.96081588835212,9.809447128287708,4.542404723564144,10.909822866344605,17.66639828234031,3.012614063338701,0.798443370907139,0.2549651100375738
214,32.1658615136876,20.90042941492217,9.782608695652174,4.542404723564144,10.903113258185721,17.659688674181428,2.999194847020934,0.7917337627482555,0.2549651100375738
215,32.32018250134192,20.759527643585614,9.977187332259795,4.508856682769726,10.903113258185721,17.639559849704778,2.999194847020934,0.6374127750939346,0.2549651100375738
216,32.39398819108964,20.74610842726785,9.970477724100913,4.508856682769726,10.903113258185721,17.58588298443371,2.999194847020934,0.6374127750939346,0.2549651100375738
217,32.07192699946323,20.679012345679013,11.084272678475577,4.448470209339774,10.815888352120236,16.874664519592056,2.999194847020934,0.7716049382716049,0.2549651100375738
218,32.33360171765969,20.585077831454644,11.057434245840042,4.42163177670424,10.742082662372518,16.841116478797638,2.999194847020934,0.7648953301127214,0.2549651100375738
219,32.52147074610843,20.491143317230275,11.023886205045626,4.42163177670424,10.7085346215781,16.814278046162105,2.999194847020934,0.7648953301127214,0.2549651100375738
220,32.628824476650564,20.437466451959207,11.023886205045626,4.394793344068707,10.554213633923778,16.740472356414386,3.2004830917874396,0.7648953301127214,0.2549651100375738
221,32.749597423510465,20.437466451959207,10.970209339774557,4.38137412775094,10.534084809447128,16.72705314009662,3.1870638754696725,0.7581857219538379,0.2549651100375738
222,32.90391841116479,20.43075684380032,10.909822866344605,4.374664519592056,10.50053676865271,16.680085882984432,3.1870638754696725,0.7581857219538379,0.2549651100375738
223,32.890499194847024,20.142243692968332,10.909822866344605,4.74369296833065,10.50053676865271,16.6129898013956,3.1870638754696725,0.7581857219538379,0.2549651100375738
224,32.92404723564144,19.98792270531401,10.990338164251208,4.87788513150832,10.50053676865271,16.53918411164788,3.166935050993022,0.7581857219538379,0.2549651100375738
225,33.02469135802469,19.753086419753085,11.258722490606548,4.864465915190553,10.48040794417606,16.438539989264626,3.166935050993022,0.7581857219538379,0.2549651100375738
226,33.16559312936125,19.699409554482017,11.486849168008588,4.864465915190553,10.373054213633925,16.23054213633924,3.166935050993022,0.7581857219538379,0.2549651100375738
227,33.23268921095008,19.679280730005367,11.486849168008588,4.864465915190553,10.339506172839506,16.23054213633924,3.1535158346752548,0.7581857219538379,0.2549651100375738
228,33.380300590445515,19.6256038647343,11.466720343531938,4.864465915190553,10.319377348362856,16.190284487385938,3.1535158346752548,0.7447665056360708,0.2549651100375738
229,32.48121309715513,21.544551798174986,11.305689747718732,5.005367686527107,10.258990874932904,15.250939345142244,3.1535158346752548,0.7447665056360708,0.2549651100375738
230,32.46779388083736,21.464036500268385,11.748523886205046,5.005367686527107,10.21202361782072,14.949006977992486,3.1535158346752548,0.7447665056360708,0.2549651100375738
231,32.46108427267848,21.450617283950617,11.708266237251744,5.508588298443371,10.19189479334407,14.526301663982823,3.1535158346752548,0.7447665056360708,0.2549651100375738
232,32.64224369296833,21.349973161567366,11.668008588298443,5.508588298443371,10.165056360708535,14.512882447665056,3.1535158346752548,0.7447665056360708,0.2549651100375738
233,32.749597423510465,21.296296296296298,11.647879763821793,5.508588298443371,10.144927536231885,14.49946323134729,3.1535158346752548,0.7447665056360708,0.2549651100375738
234,33.08507783145464,21.18894256575416,11.56736446591519,5.488459473966721,10.131508319914117,14.412238325281804,3.126677402039721,0.7447665056360708,0.2549651100375738
235,33.272946859903385,21.135265700483092,11.56736446591519,5.401234567901234,10.104669887278583,14.392109500805153,3.126677402039721,0.7447665056360708,0.2549651100375738
236,33.43397745571659,21.07487922705314,11.533816425120772,5.387815351583468,10.071121846484166,14.392109500805153,3.126677402039721,0.7447665056360708,0.23483628556092323
237,33.581588835212024,21.054750402576488,11.480139559849706,5.387815351583468,10.057702630166398,14.371980676328503,3.113258185721954,0.7447665056360708,0.20799785292538917
238,33.64868491680086,20.90042941492217,11.406333870101985,5.381105743424584,9.990606548577563,14.338432635534085,3.3816425120772946,0.7447665056360708,0.20799785292538917
239,33.80971551261406,20.82662372517445,11.399624261943103,5.360976918947934,9.950348899624261,14.338432635534085,3.3682232957595275,0.7380568974771873,0.20799785292538917
240,33.95061728395062,20.779656468062264,11.33923778851315,5.360976918947934,9.936929683306495,14.318303811057435,3.3682232957595275,0.7380568974771873,0.20799785292538917
241,34.044551798174986,20.73268921095008,11.332528180354267,5.360976918947934,9.903381642512077,14.318303811057435,3.361513687600644,0.7380568974771873,0.20799785292538917
242,34.12506709608159,20.725979602791195,11.312399355877616,5.3274288781535155,9.903381642512077,14.318303811057435,3.3413848631239937,0.7380568974771873,0.20799785292538917
243,34.23913043478261,20.725979602791195,11.312399355877616,5.3274288781535155,9.849704777241008,14.284755770263017,3.3145464304884595,0.7380568974771873,0.20799785292538917
244,34.333064949006975,20.699141170155663,11.258722490606548,5.3274288781535155,9.842995169082126,14.278046162104133,3.3145464304884595,0.7380568974771873,0.20799785292538917
245,34.13848631239936,20.933977455716587,11.225174449812132,5.3274288781535155,9.836285560923242,14.278046162104133,3.3145464304884595,0.7380568974771873,0.20799785292538917
246,34.52093397745572,20.819914117015568,11.178207192699947,5.226784755770263,9.75577026301664,14.237788513150832,3.3145464304884595,0.7380568974771873,0.20799785292538917
247,34.74906065485776,20.79307568438003,11.124530327428879,5.22007514761138,9.655126140633387,14.204240472356414,3.307836822329576,0.7380568974771873,0.20799785292538917
248,34.72222222222222,20.705850778314545,11.124530327428879,5.35426731078905,9.655126140633387,14.184111647879764,3.307836822329576,0.7380568974771873,0.20799785292538917
249,34.88325281803543,20.632045088566827,11.104401502952227,5.35426731078905,9.64170692431562,14.150563607085346,3.2877079978529253,0.7380568974771873,0.20799785292538917
250,35.10466988727858,20.571658615136876,11.097691894793345,5.320719269994632,9.601449275362318,14.070048309178745,3.2877079978529253,0.7380568974771873,0.20799785292538917
251,35.037573805689746,20.538110574342458,10.876274825550189,5.293880837359098,8.950617283950617,15.257648953301127,3.099838969404187,0.7380568974771873,0.20799785292538917
252,35.11808910359635,20.511272141706925,10.849436392914654,5.293880837359098,8.923778851315083,15.257648953301127,3.099838969404187,0.7380568974771873,0.20799785292538917
253,35.21202361782072,20.477724100912507,10.849436392914654,5.293880837359098,8.917069243156199,15.203972088030058,3.099838969404187,0.7380568974771873,0.20799785292538917
254,35.245571658615134,20.115405260332796,11.265432098765432,5.260332796564681,8.890230810520666,15.177133655394526,3.099838969404187,0.7380568974771873,0.20799785292538917
255,35.198604401502955,20.21604938271605,11.265432098765432,5.213365539452496,8.890230810520666,15.177133655394526,3.0931293612453032,0.7380568974771873,0.20799785292538917
256,35.23215244229737,20.1959205582394,11.265432098765432,5.213365539452496,8.890230810520666,15.163714439076758,3.0931293612453032,0.7380568974771873,0.20799785292538917
257,35.37305421363392,20.1959205582394,11.238593666129898,5.213365539452496,8.836553945249598,15.13016639828234,3.066290928609769,0.7380568974771873,0.20799785292538917
258,35.49382716049383,20.128824476650564,11.198336017176597,5.173107890499195,8.82313472893183,15.170424047235642,3.066290928609769,0.7380568974771873,0.20799785292538917
259,35.48040794417606,20.021470746108427,11.178207192699947,5.173107890499195,8.964036500268385,15.170424047235642,3.066290928609769,0.7380568974771873,0.20799785292538917
