,45,50,51,54,53,55,52,56
0,100.0,,,,,,,
1,95.14895330112721,4.851046698872786,,,,,,
2,95.42404723564144,4.575952764358561,,,,,,
3,94.86044015029522,5.139559849704777,,,,,,
4,92.41143317230274,7.588566827697263,,,,,,
5,90.84809447128288,9.151905528717123,,,,,,
6,84.22571121846484,15.774288781535159,,,,,,
7,84.35990338164251,15.640096618357488,,,,,,
8,81.38083735909822,18.61916264090177,,,,,,
9,70.30998389694042,29.69001610305958,,,,,,
10,70.4441760601181,29.314278046162105,0.24154589371980675,,,,,
11,70.6052066559313,29.1532474503489,0.24154589371980675,,,,,
12,70.77965646806227,28.978797638217927,0.24154589371980675,,,,,
13,71.4573268921095,28.30112721417069,0.24154589371980675,,,,,
14,71.55797101449275,28.20048309178744,0.24154589371980675,,,,,
15,71.67874396135265,27.95222758990875,0.24154589371980675,0.1274825550187869,,,,
16,70.69914117015567,28.931830381105744,0.24154589371980675,0.1274825550187869,,,,
17,69.45115405260333,30.17981749865808,0.24154589371980675,0.1274825550187869,,,,
18,69.59205582393989,30.038915727321523,0.24154589371980675,0.1274825550187869,,,,
19,67.98845947396671,31.642512077294686,0.24154589371980675,0.1274825550187869,,,,
20,48.88620504562534,50.87224906065486,0.24154589371980675,,,,,
21,48.78556092324208,50.97289318303811,0.24154589371980675,,,,,
22,48.87278582930757,50.88566827697262,0.24154589371980675,,,,,
23,48.651368760064415,48.57756307031669,1.724369296833065,,0.9125067096081588,0.13419216317767044,,
24,48.91304347826087,48.329307568438004,1.710950080515298,,0.9125067096081588,0.13419216317767044,,
25,49.14117015566291,48.11460010735373,1.710950080515298,,0.8990874932903918,0.13419216317767044,,
26,48.8593666129898,48.39640365002684,1.710950080515298,,0.8990874932903918,0.13419216317767044,,
27,48.98684916800859,46.00107353730542,1.710950080515298,,0.8990874932903918,2.4020397208803006,,
28,48.70504562533548,44.44444444444444,1.710950080515298,,0.8990874932903918,2.3215244229736984,1.9189479334406871,
29,47.034353193773484,43.78690284487386,1.710950080515298,,0.8990874932903918,2.3215244229736984,4.247181964573269,
30,45.20263016639828,45.61862587224906,1.710950080515298,,0.8990874932903918,2.3215244229736984,4.247181964573269,
31,43.33064949006978,45.269726247987116,1.6438539989264627,,0.8990874932903918,2.3215244229736984,6.535158346752549,
32,43.80032206119163,44.806763285024154,1.6438539989264627,,0.8923778851315083,2.3215244229736984,6.535158346752549,
33,44.18276972624799,43.73993558776167,3.69699409554482,,0.8923778851315083,2.3215244229736984,5.166398282340311,
34,44.26328502415459,43.65942028985507,3.69699409554482,,0.8923778851315083,2.3215244229736984,5.166398282340311,
35,41.84782608695652,44.80005367686527,6.608964036500268,,0.8923778851315083,2.3081052066559313,3.5426731078904994,
36,42.04240472356415,44.60547504025765,6.608964036500268,,0.8923778851315083,2.3081052066559313,3.5426731078904994,
37,42.00214707461084,43.303811057434245,6.608964036500268,,3.079710144927536,1.5163714439076759,3.488996242619431,
38,42.16317767042405,43.19645732689211,6.575415995705851,,3.079710144927536,1.5163714439076759,3.4688674181427803,
39,42.27724100912507,43.14949006977992,6.521739130434782,,3.079710144927536,1.5163714439076759,3.455448201825013,
40,42.371175523349436,43.05555555555556,6.521739130434782,,3.079710144927536,1.5163714439076759,3.455448201825013,
41,42.169887278582934,41.87466451959206,6.400966183574879,2.0665593129361244,3.079710144927536,1.5163714439076759,2.8918411164787976,
42,41.86124530327429,40.713902308105204,6.340579710144928,2.0665593129361244,3.079710144927536,1.5163714439076759,4.42163177670424,
43,41.237251744498124,41.37144390767579,6.327160493827161,2.0531400966183573,3.079710144927536,1.5163714439076759,4.414922168545357,
44,36.802200751476114,32.51476113794954,24.778582930756844,0.020128824476650563,1.9726247987117553,0.6172839506172839,3.294417606011809,
45,36.93639291465379,32.400697799248526,24.758454106280194,0.020128824476650563,1.9726247987117553,0.6172839506172839,3.294417606011809,
46,37.11084272678475,32.25308641975309,24.731615673644658,0.020128824476650563,1.9726247987117553,0.6172839506172839,3.294417606011809,
47,37.245034889962426,32.22624798711755,24.644390767579175,0.020128824476650563,1.9726247987117553,0.6172839506172839,3.2742887815351582,
48,37.35909822866345,32.18599033816425,24.57729468599034,0.020128824476650563,1.9726247987117553,0.6105743424584005,3.2742887815351582,
49,37.31213097155126,30.95813204508857,24.490069779924852,0.020128824476650563,3.33467525496511,0.6105743424584005,3.2742887815351582,
50,34.82957595276436,33.675523349436396,24.255233494363928,0.020128824476650563,3.33467525496511,0.6105743424584005,3.2742887815351582,
51,35.06441223832528,33.467525496511,24.228395061728396,0.020128824476650563,3.33467525496511,0.6105743424584005,3.2742887815351582,
52,35.238862050456255,33.373590982286636,24.154589371980677,0.020128824476650563,3.33467525496511,0.6105743424584005,3.2675791733762747,
53,33.63526570048309,33.61513687600644,24.040526033279658,0.020128824476650563,4.824208266237251,0.6105743424584005,3.2541599570585076,
54,33.756038647343,33.43397745571659,24.10091250670961,0.020128824476650563,4.824208266237251,0.6105743424584005,3.2541599570585076,
55,34.225711218464845,33.05823939881911,22.96027911969941,0.020128824476650563,4.824208266237251,0.6038647342995169,3.227321524422974,1.0802469135802468
56,34.675254965110035,32.910628019323674,22.79253891572732,0.020128824476650563,4.777241009125067,0.6038647342995169,3.1535158346752548,1.06682769726248
57,33.89023081052066,33.89023081052066,22.611379495437465,0.020128824476650563,4.7638217928073,0.6038647342995169,3.1535158346752548,1.06682769726248
58,33.28636607622115,32.98443370907139,24.12104133118626,0.020128824476650563,4.7638217928073,0.6038647342995169,3.1535158346752548,1.06682769726248
59,33.23268921095008,31.93773483628556,23.98684916800859,0.020128824476650563,4.213633923778851,0.1610305958132045,5.481749865807837,0.966183574879227
60,33.68894256575416,31.655931293612454,23.939881910896403,0.020128824476650563,4.213633923778851,0.1610305958132045,5.35426731078905,0.966183574879227
61,33.78958668813741,31.61567364465915,23.765432098765434,0.020128824476650563,4.213633923778851,0.27509393451422437,5.35426731078905,0.966183574879227
62,33.97745571658615,31.528448738593667,23.698336017176597,0.020128824476650563,4.180085882984434,0.27509393451422437,5.35426731078905,0.966183574879227
63,32.75630703166935,32.86366076221149,23.60440150295223,0.020128824476650563,4.159957058507783,0.27509393451422437,5.35426731078905,0.966183574879227
64,32.64224369296833,31.40096618357488,25.241545893719806,0.020128824476650563,4.1129898013955986,0.27509393451422437,5.340848094471283,0.966183574879227
65,32.76301663982824,31.17283950617284,23.919753086419753,0.020128824476650563,4.1129898013955986,0.27509393451422437,5.340848094471283,2.395330112721417
66,33.23268921095008,30.911164787976382,23.825818572195384,0.020128824476650563,4.086151368760064,0.27509393451422437,5.307300053676865,2.341653247450349
67,31.394256575415994,29.911433172302736,27.375201288244767,0.020128824476650563,4.052603327965647,0.13419216317767044,4.770531400966184,2.341653247450349
68,31.112453032742888,27.771068169618893,29.817498658078367,0.020128824476650563,4.052603327965647,0.13419216317767044,4.770531400966184,2.3215244229736984
69,28.20048309178744,29.59608158883521,28.85131508319914,2.073268921095008,4.052603327965647,0.13419216317767044,4.770531400966184,2.3215244229736984
70,27.891841116478798,28.415190552871714,28.710413311862588,2.073268921095008,4.9651100375738055,0.13419216317767044,6.333870101986044,1.4761137949543746
71,28.20048309178744,28.348094471282877,28.482286634460547,2.073268921095008,4.9651100375738055,0.13419216317767044,6.320450885668277,1.4761137949543746
72,28.32125603864734,28.287707997852927,28.455448201825014,2.073268921095008,4.931561996779388,0.13419216317767044,6.320450885668277,1.4761137949543746
73,27.274557165861513,29.70343531937735,27.965646806226516,2.073268921095008,5.072463768115942,0.13419216317767044,6.300322061191626,1.4761137949543746
74,27.616747181964573,29.696725711218466,27.78448738593666,2.073268921095008,5.072463768115942,0.13419216317767044,6.146001073537305,1.4761137949543746
75,27.831454643048847,29.582662372517444,27.68384326355341,2.073268921095008,5.072463768115942,0.13419216317767044,6.146001073537305,1.4761137949543746
76,27.596618357487923,28.29441760601181,29.1129898013956,2.1739130434782608,5.072463768115942,0.13419216317767044,6.139291465378422,1.4761137949543746
77,28.153515834675254,28.193773483628558,28.75738056897477,2.1739130434782608,4.99194847020934,0.13419216317767044,6.125872249060655,1.4694041867954912
78,28.368223295759528,28.059581320450885,28.63660762211487,2.1739130434782608,5.072463768115942,0.13419216317767044,6.085614600107354,1.4694041867954912
79,28.804347826086957,27.871712292002147,28.609769189479334,2.147074610842727,5.018786902844874,0.13419216317767044,6.0654857756307035,1.3486312399355878
80,28.904991948470208,27.730810520665592,28.039452495974235,1.3419216317767042,5.018786902844874,0.13419216317767044,7.501341921631776,1.328502415458937
81,28.992216854535695,27.677133655394524,28.005904455179817,1.3419216317767042,5.018786902844874,0.13419216317767044,7.501341921631776,1.328502415458937
82,29.32769726247987,27.006172839506174,27.81803542673108,1.3083735909822867,5.018786902844874,0.6910896403650026,7.501341921631776,1.328502415458937
83,27.388620504562535,29.851046698872786,26.154052603327965,1.3016639828234031,6.461352657004831,0.6910896403650026,7.474503488996243,0.6776704240472357
84,27.47584541062802,28.59634997316157,27.415458937198068,1.3016639828234031,6.394256575415996,0.6910896403650026,7.474503488996243,0.6508319914117016
85,27.482555018786904,28.73054213633924,27.3215244229737,1.3016639828234031,6.347289318303811,0.6910896403650026,7.474503488996243,0.6508319914117016
86,27.569779924852387,28.670155662909288,27.3215244229737,1.3016639828234031,6.333870101986044,0.6910896403650026,7.461084272678476,0.6508319914117016
87,27.958937198067634,28.56280193236715,27.066559312936125,1.2815351583467525,6.327160493827161,0.6910896403650026,7.461084272678476,0.6508319914117016
88,28.31454643048846,28.435319377348364,26.8719806763285,1.2681159420289856,6.320450885668277,0.6910896403650026,7.461084272678476,0.6374127750939346
89,27.925389157273216,25.5703166935051,28.14009661835749,1.2681159420289856,8.460815888352121,0.5568974771873323,7.440955448201825,0.6374127750939346
90,28.388352120236178,25.5703166935051,28.039452495974235,1.2681159420289856,8.225979602791197,0.5568974771873323,7.333601717659689,0.6172839506172839
91,28.65673644659152,25.5300590445518,27.83816425120773,1.2681159420289856,8.199141170155663,0.5568974771873323,7.333601717659689,0.6172839506172839
92,29.052603327965645,25.44283413848631,27.811325818572197,1.2681159420289856,7.950885668276973,0.5568974771873323,7.300053676865271,0.6172839506172839
93,29.334406870638755,25.328770799785293,27.70397208803006,1.2546967257112185,7.937466451959206,0.5568974771873323,7.266505636070853,0.6172839506172839
94,29.448470209339774,24.288781535158346,28.663446054750402,1.2546967257112185,7.937466451959206,0.5568974771873323,7.232957595276436,0.6172839506172839
95,28.871443907675793,25.140901771336555,28.27428878153516,1.2546967257112185,7.796564680622652,1.0265700483091786,7.018250134192163,0.6172839506172839
96,29.30756843800322,25.06038647342995,28.052871712292003,1.221148684916801,7.796564680622652,1.0265700483091786,6.91760601180891,0.6172839506172839
97,29.542404723564143,24.97987117552335,27.979066022544284,1.2077294685990339,7.776435856146001,1.0265700483091786,6.870638754696726,0.6172839506172839
98,29.676596886741816,24.711486849168008,28.31454643048846,1.2077294685990339,7.742887815351583,1.0265700483091786,6.702898550724638,0.6172839506172839
99,30.26033279656468,24.570585077831456,28.026033279656467,1.1876006441223832,7.742887815351583,1.0265700483091786,6.568706387546968,0.6172839506172839
100,30.683038110574344,24.422973698336016,27.925389157273216,1.1741814278046163,7.695920558239399,1.0265700483091786,6.454643048845948,0.6172839506172839
101,30.837359098228664,24.376006441223833,27.85829307568438,1.3888888888888888,7.648953301127214,1.0265700483091786,6.246645195920558,0.6172839506172839
102,31.17283950617284,24.235104669887278,27.771068169618893,1.3687600644122384,7.62211486849168,1.0265700483091786,6.199677938808374,0.6038647342995169
103,31.890767579173378,23.772141706924316,27.536231884057973,1.3486312399355878,7.62211486849168,1.0265700483091786,6.199677938808374,0.6038647342995169
104,31.682769726247987,24.10091250670961,27.489264626945786,1.3486312399355878,7.548309178743962,1.0265700483091786,6.199677938808374,0.6038647342995169
105,31.42109500805153,23.72517444981213,29.857756307031668,1.1876006441223832,6.971282877079979,1.0265700483091786,5.2066559312936125,0.6038647342995169
106,31.588835212023618,23.64465915190553,29.837627482555018,1.1607622114868492,6.957863660762212,1.0265700483091786,5.179817498658078,0.6038647342995169
107,31.30703166935051,22.50402576489533,27.925389157273216,1.1607622114868492,6.575415995705851,1.0265700483091786,8.896940418679549,0.6038647342995169
108,31.387546967257112,22.497316156736446,27.925389157273216,1.1607622114868492,6.561996779388084,1.0265700483091786,8.836553945249598,0.6038647342995169
109,31.64922168545357,22.356414385399894,27.871712292002147,1.1607622114868492,6.528448738593666,1.0064412238325282,8.82313472893183,0.6038647342995169
110,31.676060118089104,21.973966720343533,28.307836822329577,1.133923778851315,6.528448738593666,1.0064412238325282,8.769457863660762,0.6038647342995169
111,31.769994632313473,21.74584004294149,27.87842190016103,3.012614063338701,6.132581857219538,1.0064412238325282,7.85024154589372,0.6038647342995169
112,31.91760601180891,21.69887278582931,27.83816425120773,2.985775630703167,6.125872249060655,1.0064412238325282,7.85024154589372,0.5770263016639828
113,31.89747718733226,21.061460010735374,27.542941492216855,2.6637144390767578,6.072195383789587,0.9796027911969941,9.205582393988191,0.5770263016639828
114,32.48792270531401,20.90713902308105,27.180622651637144,2.6637144390767578,6.025228126677402,0.9796027911969941,9.178743961352657,0.5770263016639828
115,32.45437466451959,19.639023081052066,26.060118089103597,2.6502952227589907,6.9310252281266775,2.677133655394525,9.01100375738057,0.5770263016639828
116,32.25979602791197,19.290123456790123,25.91921631776704,2.01959205582394,8.279656468062266,2.5161030595813205,9.138486312399356,0.5770263016639828
117,31.17283950617284,18.766774020397207,25.11406333870102,2.01959205582394,8.205850778314547,2.4892646269457863,11.66129898013956,0.5703166935050993
118,31.374127750939344,18.719806763285025,25.10064412238325,2.01959205582394,8.185721953837897,2.462426194310252,11.56736446591519,0.5703166935050993
119,31.374127750939344,18.813741277509394,25.0805152979066,1.9994632313472893,8.185721953837897,2.462426194310252,11.513687600644122,0.5703166935050993
120,32.03166935050993,18.625872249060656,24.838969404186795,1.9994632313472893,8.031400966183575,2.4221685453569513,11.480139559849706,0.5703166935050993
121,31.48148148148148,17.612721417069242,25.234836285560924,1.3687600644122384,8.011272141706923,2.4221685453569513,13.33870101986044,0.5300590445517982
122,31.246645195920557,17.478529253891573,24.879227053140095,1.3687600644122384,9.561191626409018,2.4221685453569513,12.513419216317766,0.5300590445517982
123,30.891035963499732,17.404723564143854,24.422973698336016,1.3687600644122384,9.5276435856146,2.4221685453569513,13.546698872785829,0.41599570585077833
124,31.57541599570585,17.183306494900698,24.20155662909286,1.3419216317767042,9.50751476113795,2.4221685453569513,13.352120236178207,0.41599570585077833
125,31.333870101986044,16.586151368760063,23.785560923242084,1.328502415458937,9.50751476113795,1.7914653784219001,15.250939345142244,0.41599570585077833
126,31.54186795491143,16.55931293612453,23.658078368223297,1.328502415458937,9.50751476113795,1.7914653784219001,15.197262479871176,0.41599570585077833
127,31.246645195920557,16.49892646269458,22.591250670960815,1.328502415458937,9.01100375738057,1.5499194847020934,17.357756307031668,0.41599570585077833
128,31.40096618357488,16.451959205582394,22.50402576489533,1.328502415458937,9.01100375738057,1.5499194847020934,17.337627482555018,0.41599570585077833
129,31.105743424584006,16.183574879227052,22.061191626409016,1.328502415458937,8.99087493290392,1.5499194847020934,18.364197530864196,0.41599570585077833
130,30.293880837359097,15.573000536768653,26.422436929683307,1.328502415458937,7.669082125603865,1.5230810520665594,16.774020397208805,0.41599570585077833
131,30.3743961352657,15.734031132581856,26.39559849704777,1.3217928073000538,7.628824476650563,1.5230810520665594,16.606280193236714,0.41599570585077833
132,31.01851851851852,15.49248523886205,26.301663982823403,1.247987117552335,7.62211486849168,1.5230810520665594,16.378153515834676,0.41599570585077833
133,31.293612453032743,15.425389157273216,26.247987117552334,1.2412775093934514,7.521470746108427,1.5230810520665594,16.33118625872249,0.41599570585077833
134,31.38083735909823,14.922168545356952,26.160762211486848,1.2412775093934514,7.521470746108427,1.5230810520665594,16.834406870638755,0.41599570585077833
135,30.938003220611915,14.74771873322598,26.798174986580783,1.2412775093934514,7.50805152979066,1.5230810520665594,16.82769726247987,0.41599570585077833
136,31.085614600107355,14.734299516908212,26.710950080515296,1.2345679012345678,7.50805152979066,1.5230810520665594,16.78743961352657,0.41599570585077833
137,31.4345142243693,14.55984970477724,26.308373590982285,1.2345679012345678,7.427536231884058,1.9256575415995705,16.6935050993022,0.41599570585077833
138,31.561996779388085,14.452495974235104,26.247987117552334,1.2345679012345678,7.353730542136339,2.086688137412775,16.646537842190018,0.41599570585077833
139,31.80354267310789,14.351851851851851,26.1808910359635,1.2345679012345678,7.2933440687063875,2.086688137412775,16.63311862587225,0.41599570585077833
140,29.958400429414922,25.999731615673646,22.705314009661837,1.2144390767579174,5.8239398819108965,1.596886741814278,12.634192163177671,0.06709608158883522
141,30.226784755770264,25.811862587224905,22.65163714439077,1.2144390767579174,5.8239398819108965,1.596886741814278,12.607353730542137,0.06709608158883522
142,30.441492216854535,25.771604938271604,22.584541062801932,1.2144390767579174,5.8239398819108965,1.596886741814278,12.5,0.06709608158883522
143,30.92458400429415,25.63070316693505,22.309447128287708,1.2144390767579174,5.803811057434245,1.570048309178744,12.47987117552335,0.06709608158883522
144,31.340579710144926,25.429414922168544,22.228931830381107,1.1808910359634996,5.803811057434245,1.570048309178744,12.379227053140097,0.06709608158883522
145,31.702898550724637,25.254965110037574,22.108158883521202,1.1808910359634996,5.790391841116479,1.5633387010198605,12.332259796027913,0.06709608158883522
146,31.904186795491142,25.167740203972087,22.094739667203434,1.1406333870101986,5.790391841116479,1.5633387010198605,12.27187332259796,0.06709608158883522
147,32.367149758454104,25.046967257112186,22.04777241009125,1.1406333870101986,5.522007514761138,1.5633387010198605,12.245034889962426,0.06709608158883522
148,32.628824476650564,24.973161567364468,21.994095544820183,1.1406333870101986,5.434782608695652,1.5365002683843263,12.224906065485776,0.06709608158883522
149,32.9374664519592,24.93961352657005,21.83977455716586,1.1272141706924315,5.407944176060118,1.5365002683843263,12.144390767579173,0.06709608158883522
150,32.326892109500804,24.731615673644658,21.81964573268921,1.1272141706924315,5.152979066022544,1.5365002683843263,13.238056897477188,0.06709608158883522
151,32.55501878690284,24.60413311862587,21.786097691894792,1.1272141706924315,5.152979066022544,1.5163714439076759,13.191089640365004,0.06709608158883522
152,33.05823939881911,24.322329575952764,21.62506709608159,1.1272141706924315,5.152979066022544,1.5163714439076759,13.130703166935051,0.06709608158883522
153,33.48094471282877,23.926462694578635,21.511003757380568,1.3955984970477724,5.132850241545894,1.5163714439076759,12.969672571121846,0.06709608158883522
154,33.58829844337091,23.785560923242084,21.410359634997317,1.3955984970477724,5.132850241545894,1.6505636070853462,12.969672571121846,0.06709608158883522
155,33.7962962962963,23.70504562533548,21.336553945249598,1.3888888888888888,5.394524959742351,1.4492753623188406,12.86231884057971,0.06709608158883522
156,33.964036500268385,23.523886205045624,19.712828770799785,1.3083735909822867,7.125603864734299,1.4492753623188406,12.848899624261943,0.06709608158883522
157,34.35319377348363,23.315888352120236,19.706119162640903,1.3083735909822867,6.971282877079979,1.4492753623188406,12.828770799785293,0.06709608158883522
158,34.574610842726784,23.242082662372518,19.6256038647343,1.3083735909822867,6.971282877079979,1.4492753623188406,12.761674718196458,0.06709608158883522
159,34.74906065485776,23.13472893183038,19.618894256575416,1.3083735909822867,6.971282877079979,1.4492753623188406,12.701288244766506,0.06709608158883522
160,34.76247987117552,22.886473429951693,19.296833064949006,1.2815351583467525,6.971282877079979,1.4492753623188406,13.285024154589372,0.06709608158883522
161,35.0979602791197,22.84621578099839,19.236446591519055,1.2815351583467525,6.971282877079979,1.442565754159957,13.056897477187333,0.06709608158883522
162,35.34621578099839,22.75228126677402,19.14922168545357,1.2748255501878691,6.937734836285561,1.442565754159957,13.030059044551798,0.06709608158883522
163,35.547504025764894,22.65163714439077,19.122383252818036,1.2748255501878691,6.863929146537842,1.442565754159957,13.030059044551798,0.06709608158883522
164,35.87627482555019,22.517444981213096,19.03515834675255,1.2748255501878691,6.830381105743425,1.442565754159957,12.95625335480408,0.06709608158883522
165,36.131239935587764,22.32957595276436,19.008319914117017,1.2748255501878691,6.823671497584541,1.442565754159957,12.922705314009661,0.06709608158883522
166,36.3593666129898,22.208803005904453,18.968062265163713,1.2748255501878691,6.823671497584541,1.442565754159957,12.855609232420827,0.06709608158883522
167,36.090982286634464,21.973966720343533,18.65271068169619,1.2546967257112185,6.823671497584541,1.442565754159957,13.761406333870102,
168,36.44659151905529,21.846484165324746,18.49838969404187,1.2345679012345678,6.823671497584541,1.442565754159957,13.707729468599034,
169,36.64117015566291,21.772678475577028,18.4849704777241,1.2345679012345678,6.823671497584541,1.442565754159957,13.600375738056897,
170,36.89613526570049,21.772678475577028,18.323939881910896,1.2345679012345678,6.810252281266774,1.442565754159957,13.519860440150294,
171,36.922973698336016,21.76596886741814,18.317230273752013,1.221148684916801,6.810252281266774,1.442565754159957,13.519860440150294,
172,37.32555018786903,21.584809447128286,18.209876543209877,1.221148684916801,6.776704240472356,1.442565754159957,13.439345142243694,
173,37.39264626945786,21.155394524959743,18.075684380032207,1.892109500805153,6.776704240472356,1.442565754159957,13.264895330112722,
174,37.67444981213097,20.893719806763286,18.075684380032207,1.892109500805153,6.776704240472356,1.442565754159957,13.24476650563607,
175,37.97638217928073,20.685721953837895,17.74020397208803,2.187332259796028,6.763285024154589,1.415727321524423,13.231347289318304,
176,38.12399355877617,20.605206655931294,17.70665593129361,2.1604938271604937,6.763285024154589,1.4090177133655395,13.231347289318304,
177,34.14519592055824,34.634997316156735,10.426731078904991,2.1403650026838434,5.032206119162641,1.4090177133655395,12.211486849168008,
178,34.91009125067096,34.27938808373591,10.077831454643048,2.120236178207193,4.99194847020934,1.4090177133655395,12.211486849168008,
179,35.18518518518518,34.09822866344606,10.077831454643048,2.033011272141707,4.99194847020934,1.4090177133655395,12.204777241009126,
180,35.279119699409556,34.05797101449275,10.044283413848632,2.033011272141707,4.9718196457326895,1.4090177133655395,12.204777241009126,
181,35.72195383789587,33.823134728931834,9.997316156736447,2.033011272141707,4.938271604938271,1.2815351583467525,12.204777241009126,
182,35.829307568438004,33.73590982286635,9.997316156736447,2.0263016639828235,4.938271604938271,1.2815351583467525,12.191358024691358,
183,35.96349973161568,33.68894256575416,9.950348899624261,2.0263016639828235,4.938271604938271,1.2815351583467525,12.151100375738057,
184,36.191626409017715,33.61513687600644,9.943639291465379,1.9659151905528718,4.911433172302737,1.2815351583467525,12.090713902308105,
185,36.30568974771873,33.61513687600644,9.903381642512077,1.9659151905528718,4.87788513150832,1.2546967257112185,12.077294685990339,
186,36.41304347826087,33.541331186258724,9.88996242619431,1.9659151905528718,4.87788513150832,1.2546967257112185,12.057165861513688,
187,36.28556092324208,32.7361782071927,10.849436392914654,1.9659151905528718,4.871175523349437,1.2546967257112185,12.037037037037036,
188,36.7686527106817,32.447665056360705,10.782340311325818,1.9659151905528718,4.817498658078368,1.247987117552335,11.969940955448202,
189,37.11755233494364,32.27992485238862,10.701825013419215,1.9524959742351047,4.783950617283951,1.247987117552335,11.916264090177133,
190,37.204777241009126,32.23966720343532,10.701825013419215,1.9189479334406871,4.770531400966184,1.247987117552335,11.916264090177133,
191,37.96296296296296,31.816961889425656,10.473698336017177,1.9189479334406871,4.74369296833065,1.2412775093934514,11.842458400429415,
192,38.38566827697262,31.642512077294686,10.406602254428341,1.8384326355340848,4.7168545356951155,1.2412775093934514,11.768652710681696,
193,38.6406333870102,31.4345142243693,10.487117552334944,1.8384326355340848,4.7168545356951155,1.2144390767579174,11.668008588298443,
194,38.499731615673646,30.293880837359097,10.46027911969941,1.8384326355340848,4.7168545356951155,2.563070316693505,11.627750939345143,
195,38.7614063338701,30.12614063338701,10.446859903381643,1.8384326355340848,4.683306494900698,2.563070316693505,11.580783682232958,
196,38.99624261943102,29.851046698872786,10.36634460547504,1.8317230273752012,4.676596886741814,2.7241009125067097,11.553945249597424,
197,39.34514224369297,29.70343531937735,10.319377348362856,1.8183038110574343,4.676596886741814,2.6301663982823404,11.506977992485238,
198,39.59339774557166,29.55582393988191,10.25228126677402,1.8183038110574343,4.656468062265164,2.6301663982823404,11.493558776167472,
199,40.03623188405797,29.388083735909824,10.077831454643048,1.8183038110574343,4.656468062265164,2.563070316693505,11.460010735373054,
200,40.29790660225443,29.220343531937736,9.923510466988727,1.8115942028985508,4.51556629092861,2.5563607085346214,11.674718196457327,
201,40.45893719806763,29.159957058507782,9.923510466988727,1.7914653784219001,4.448470209339774,2.5429414922168547,11.674718196457327,
202,40.633387010198604,29.086151368760063,9.896672034353195,1.7847557702630166,4.414922168545357,2.509393451422437,11.674718196457327,
203,40.98228663446055,28.978797638217927,9.856414385399892,1.7847557702630166,4.388083735909823,2.509393451422437,11.500268384326356,
204,41.22383252818035,28.918411164787976,9.856414385399892,1.751207729468599,4.361245303274289,2.49597423510467,11.392914653784219,
205,41.666666666666664,28.743961352657006,9.789318303811058,1.751207729468599,4.28743961352657,2.428878153515835,11.332528180354267,
206,42.169887278582934,28.44873859366613,9.73564143853999,1.751207729468599,4.1532474503489,2.428878153515835,11.312399355877616,
207,42.579173376274824,28.173644659151904,9.728931830381105,1.751207729468599,4.146537842190016,2.4154589371980677,11.20504562533548,
208,43.12936124530327,27.95222758990875,9.634997316156737,1.751207729468599,4.052603327965647,2.3550724637681157,11.124530327428879,
209,43.484970477724104,27.68384326355341,9.634997316156737,1.751207729468599,3.9049919484702094,2.442297369833602,11.097691894793345,
210,43.77348362855609,27.556360708534623,9.634997316156737,1.751207729468599,3.8311862587224907,2.442297369833602,11.010466988727858,
211,43.84728931830381,27.549651100375737,9.601449275362318,1.751207729468599,3.8311862587224907,2.442297369833602,10.84272678475577,0.13419216317767044
212,44.10225442834138,27.361782071927,9.567901234567902,1.751207729468599,3.8177670424047236,2.442297369833602,10.82259796027912,0.13419216317767044
213,44.26999463231347,27.254428341384862,9.54777241009125,1.751207729468599,3.8043478260869565,2.442297369833602,10.795759527643586,0.13419216317767044
214,43.53864734299517,27.01959205582394,10.587761674718196,1.7444981213097155,3.8043478260869565,2.442297369833602,10.72866344605475,0.13419216317767044
215,43.53864734299517,26.992753623188406,10.681696188942565,1.7444981213097155,3.8043478260869565,2.442297369833602,10.661567364465915,0.13419216317767044
216,42.53220611916264,24.315619967793882,14.231078904991948,1.7444981213097155,3.8043478260869565,2.442297369833602,10.795759527643586,0.13419216317767044
217,42.8341384863124,24.174718196457327,14.143853998926463,1.724369296833065,3.770799785292539,2.442297369833602,10.775630703166936,0.13419216317767044
218,42.921363392377884,24.094202898550726,14.13714439076758,1.724369296833065,3.770799785292539,2.442297369833602,10.775630703166936,0.13419216317767044
219,42.89452495974235,24.033816425120772,14.130434782608695,1.724369296833065,3.770799785292539,2.442297369833602,10.869565217391305,0.13419216317767044
220,43.12265163714439,23.98684916800859,14.049919484702093,1.710950080515298,3.770799785292539,2.442297369833602,10.782340311325818,0.13419216317767044
221,43.27697262479871,23.866076221148685,14.049919484702093,1.710950080515298,3.770799785292539,2.4355877616747184,10.755501878690284,0.13419216317767044
222,42.42485238862051,22.5979602791197,15.848094471282877,4.294149221685454,3.770799785292539,1.1741814278046163,9.75577026301664,0.13419216317767044
223,42.68652710681696,22.457058507783145,15.827965646806227,4.294149221685454,3.7037037037037037,1.3083735909822867,9.588030059044552,0.13419216317767044
224,42.80059044551798,22.356414385399894,15.827965646806227,4.294149221685454,3.6902844873859366,1.3083735909822867,9.588030059044552,0.13419216317767044
225,42.96833064949007,22.249060654857757,15.780998389694043,4.28743961352657,3.6902844873859366,1.3083735909822867,9.581320450885668,0.13419216317767044
226,43.13607085346216,22.134997316156735,15.780998389694043,4.28743961352657,3.6366076221148687,1.3083735909822867,9.581320450885668,0.13419216317767044
227,42.45169082125604,23.832528180354267,13.955984970477724,4.28743961352657,4.690016103059581,1.3083735909822867,9.406870638754697,0.06709608158883522
228,42.69994632313473,23.711755233494365,13.962694578636608,4.253891572732153,4.750402576489533,1.3083735909822867,9.245840042941492,0.06709608158883522
229,43.001878690284485,23.57085346215781,13.962694578636608,4.213633923778851,4.656468062265164,1.3016639828234031,9.225711218464841,0.06709608158883522
230,43.11594202898551,23.49033816425121,13.935856146001074,4.213633923778851,4.656468062265164,1.2949543746645196,9.225711218464841,0.06709608158883522
231,43.283682232957595,23.26892109500805,13.895598497047773,4.186795491143317,4.636339237788513,1.4694041867954912,9.192163177670425,0.06709608158883522
232,43.592324208266234,23.18840579710145,13.768115942028986,4.186795491143317,4.636339237788513,1.4694041867954912,9.091519055287172,0.06709608158883522
233,43.934514224369295,23.013955984970476,13.6406333870102,4.159957058507783,4.636339237788513,1.4559849704777241,9.091519055287172,0.06709608158883522
234,44.14922168545357,22.987117552334944,13.539989264626946,4.159957058507783,4.636339237788513,1.4559849704777241,9.004294149221685,0.06709608158883522
235,44.28341384863124,22.946859903381643,13.47289318303811,4.159957058507783,4.636339237788513,1.4559849704777241,8.977455716586151,0.06709608158883522
236,44.98792270531401,22.517444981213096,13.331991411701557,4.072732152442297,4.636339237788513,1.442565754159957,8.943907675791733,0.06709608158883522
237,44.61218464841653,22.953569511540525,13.271604938271604,4.072732152442297,4.696725711218465,1.4224369296833066,8.903650026838433,0.06709608158883522
238,44.81347289318304,22.785829307568438,13.271604938271604,4.05931293612453,4.690016103059581,1.4224369296833066,8.890230810520666,0.06709608158883522
239,44.860440150295226,22.779119699409556,13.258185721953838,4.05931293612453,4.690016103059581,1.3955984970477724,8.890230810520666,0.06709608158883522
240,45.01476113794954,22.73886205045625,13.211218464841654,4.05931293612453,4.676596886741814,1.3955984970477724,8.836553945249598,0.06709608158883522
241,45.32340311325819,22.57783145464305,13.077026301663983,4.05931293612453,4.676596886741814,1.3955984970477724,8.82313472893183,0.06709608158883522
242,45.4374664519592,22.517444981213096,12.97638217928073,4.05931293612453,4.502147074610843,1.3955984970477724,9.044551798174986,0.06709608158883522
243,45.52469135802469,22.497316156736446,12.969672571121846,4.05931293612453,4.441760601180891,1.3955984970477724,9.044551798174986,0.06709608158883522
244,45.69243156199678,22.41009125067096,12.962962962962964,4.17337627482555,4.3478260869565215,1.3955984970477724,8.950617283950617,0.06709608158883522
245,45.73268921095008,22.396672034353195,12.949543746645196,4.17337627482555,4.3478260869565215,1.3955984970477724,8.93719806763285,0.06709608158883522
246,45.94739667203435,22.25577026301664,12.922705314009661,4.166666666666667,4.3478260869565215,1.3955984970477724,8.896940418679549,0.06709608158883522
247,46.10842726784756,22.16183574879227,12.902576489533011,4.1532474503489,4.3478260869565215,1.3955984970477724,8.863392377885132,0.06709608158883522
248,46.47074610842727,21.900161030595815,12.869028448738593,4.119699409554482,4.3478260869565215,1.3955984970477724,8.829844337090714,0.06709608158883522
249,46.55126140633387,21.87332259796028,12.815351583467525,4.119699409554482,4.3478260869565215,1.3955984970477724,8.829844337090714,0.06709608158883522
250,46.69887278582931,21.85990338164251,12.801932367149758,4.119699409554482,4.3478260869565215,1.3955984970477724,8.709071390230811,0.06709608158883522
251,46.792807300053674,21.826355340848096,12.801932367149758,4.086151368760064,4.3478260869565215,1.3955984970477724,8.682232957595277,0.06709608158883522
252,46.99409554482018,21.74584004294149,12.714707461084272,4.086151368760064,4.3478260869565215,1.3955984970477724,8.648684916800859,0.06709608158883522
253,47.436929683306495,21.537842190016104,12.667740203972087,4.05931293612453,4.2203435319377345,1.3955984970477724,8.61513687600644,0.06709608158883522
254,47.66505636070853,21.32313472893183,12.654320987654321,4.05931293612453,4.2203435319377345,1.3955984970477724,8.61513687600644,0.06709608158883522
255,47.87976382179281,21.316425120772948,12.526838432635534,4.05931293612453,4.2203435319377345,1.3955984970477724,8.53462157809984,0.06709608158883522
256,47.61808910359635,21.081588835212024,13.097155126140633,4.05931293612453,4.200214707461084,1.3955984970477724,8.480944712828771,0.06709608158883522
257,47.24235104669887,20.497852925389157,12.99651100375738,5.481749865807837,4.1532474503489,1.1876006441223832,8.373590982286634,0.06709608158883522
258,46.3768115942029,20.263016639828233,15.143585614600108,5.179817498658078,3.938539989264627,1.1473429951690821,7.883789586688137,0.06709608158883522
259,46.85319377348363,20.209339774557165,14.848362855609233,5.152979066022544,3.938539989264627,1.093666129898014,7.85024154589372,0.05367686527106817
260,46.9068706387547,20.175791733762747,14.828234031132581,5.152979066022544,3.938539989264627,1.093666129898014,7.85024154589372,0.05367686527106817
261,47.0276435856146,20.148953301127214,14.794685990338165,5.12614063338701,3.911701556629093,1.0869565217391304,7.85024154589372,0.05367686527106817
262,47.26247987117552,20.108695652173914,14.680622651637144,5.12614063338701,3.8848631239935587,1.0869565217391304,7.796564680622652,0.05367686527106817
263,47.45034889962426,20.055018786902846,14.573268921095009,5.10601180891036,3.8848631239935587,1.0802469135802468,7.796564680622652,0.05367686527106817
264,47.61808910359635,19.961084272678477,14.55984970477724,5.10601180891036,3.851315083199141,1.0802469135802468,7.769726247987117,0.05367686527106817
265,47.416800858829845,19.94766505636071,14.55984970477724,5.0993022007514766,4.1532474503489,1.0802469135802468,7.689210950080516,0.05367686527106817
266,47.69189479334407,19.81347289318304,14.506172839506172,5.032206119162641,4.1532474503489,1.0802469135802468,7.669082125603865,0.05367686527106817
267,47.85963499731616,19.732957595276435,14.371980676328503,5.139559849704777,4.1129898013955986,1.0802469135802468,7.648953301127214,0.05367686527106817
268,47.94015029522276,19.706119162640903,14.318303811057435,5.139559849704777,4.1129898013955986,1.0802469135802468,7.648953301127214,0.05367686527106817
269,47.094739667203434,19.545088566827697,15.982286634460548,5.059044551798175,3.898282340311326,1.0802469135802468,7.286634460547504,0.05367686527106817
270,47.296027911969944,19.45115405260333,15.92860976918948,5.045625335480408,3.8580246913580245,1.0802469135802468,7.286634460547504,0.05367686527106817
271,47.78582930756844,19.108964036500268,15.83467525496511,5.045625335480408,3.8177670424047236,1.0802469135802468,7.273215244229737,0.05367686527106817
272,48.03408480944713,19.048577563070317,15.68035426731079,5.045625335480408,3.8177670424047236,1.0802469135802468,7.239667203435319,0.05367686527106817
273,48.02066559312936,19.43773483628556,15.505904455179817,4.938271604938271,3.8177670424047236,1.0802469135802468,7.14573268921095,0.05367686527106817
274,48.27563070316693,19.363929146537842,15.385131508319914,4.938271604938271,3.7775093934514223,1.0735373054213635,7.132313472893183,0.05367686527106817
275,48.31588835212023,19.49141170155663,15.291196994095545,4.911433172302737,3.7372517444981215,1.0735373054213635,7.125603864734299,0.05367686527106817
276,48.70504562533548,19.444444444444443,15.217391304347826,4.696725711218465,3.7037037037037037,1.0735373054213635,7.105475040257649,0.05367686527106817
277,47.92002147074611,20.38378958668814,15.217391304347826,4.696725711218465,3.7037037037037037,1.0534084809447128,6.977992485238862,0.04696725711218465
278,47.96027911969941,20.081857219538378,15.479066022544284,4.696725711218465,3.7037037037037037,1.0534084809447128,6.977992485238862,0.04696725711218465
279,48.14143853998927,19.96779388083736,15.425389157273216,4.696725711218465,3.69699409554482,1.0466988727858293,6.977992485238862,0.04696725711218465
280,48.429951690821255,19.93424584004294,15.344873859366613,4.669887278582931,3.6231884057971016,1.0466988727858293,6.904186795491143,0.04696725711218465
281,48.369565217391305,19.840311325818572,15.58641975308642,4.669887278582931,3.5762211486849167,1.0466988727858293,6.863929146537842,0.04696725711218465
282,48.61782071926999,19.753086419753085,15.5126140633387,4.62962962962963,3.535963499731616,1.0466988727858293,6.857219538378959,0.04696725711218465
283,48.752012882447666,19.605475040257648,15.398550724637682,4.62962962962963,3.535963499731616,1.2077294685990339,6.823671497584541,0.04696725711218465
284,48.85265700483092,19.578636607622116,15.344873859366613,4.62962962962963,3.5292538915727323,1.2077294685990339,6.810252281266774,0.04696725711218465
285,49.10762211486849,19.538378958668815,15.136876006441224,4.62962962962963,3.5225442834138487,1.2077294685990339,6.810252281266774,0.04696725711218465
286,49.382716049382715,19.39747718733226,15.103327965646805,4.62962962962963,3.5225442834138487,1.2077294685990339,6.709608158883521,0.04696725711218465
287,49.604133118625874,19.296833064949006,15.049651100375739,4.622920021470746,3.502415458937198,1.2077294685990339,6.66935050993022,0.04696725711218465
