,45,50,55,51,52,54,53,56,57,58,59,60,61
0,91.23054213633924,8.749329039184111,0.020128824476650563,,,,,,,,,,
1,88.7614063338701,11.097691894793345,0.03354804079441761,0.020128824476650563,0.05367686527106817,0.03354804079441761,,,,,,,
2,76.9927536231884,22.84621578099839,0.06709608158883522,0.020128824476650563,0.040257648953301126,0.03354804079441761,,,,,,,
3,73.3695652173913,26.29495437466452,0.17444981213097155,0.04696725711218465,0.05367686527106817,0.06038647342995169,,,,,,,
4,70.63875469672571,28.938539989264626,0.2616747181964573,0.04696725711218465,0.05367686527106817,0.06038647342995169,,,,,,,
5,68.12936124530327,31.407675791733762,0.27509393451422437,0.04696725711218465,0.08051529790660225,0.06038647342995169,,,,,,,
6,64.07004830917874,35.32608695652174,0.38915727321524424,0.07380568974771873,0.08051529790660225,0.06038647342995169,,,,,,,
7,63.868760064412236,35.299248523886206,0.5434782608695652,0.12077294685990338,0.10735373054213634,0.06038647342995169,,,,,,,
8,63.30515297906602,35.73537305421363,0.6374127750939346,0.15432098765432098,0.10735373054213634,0.06038647342995169,,,,,,,
9,61.73510466988728,37.19135802469136,0.7514761137949544,0.15432098765432098,0.10735373054213634,0.06038647342995169,,,,,,,
10,61.47342995169082,37.34567901234568,0.8387010198604401,0.14090177133655393,0.1274825550187869,0.06038647342995169,0.013419216317767043,,,,,,
11,47.52415458937198,49.4699409554482,1.261406333870102,1.583467525496511,0.0939345142243693,0.05367686527106817,0.013419216317767043,,,,,,
12,46.544551798174986,50.0402576489533,1.5901771336553945,1.6237251744498122,0.0939345142243693,0.08051529790660225,0.026838432635534086,,,,,,
13,46.06816961889426,50.295222758990874,1.8115942028985508,1.6170155662909287,0.10064412238325282,0.08051529790660225,0.026838432635534086,,,,,,
14,46.10842726784756,50.067096081588836,1.9592055823939882,1.6505636070853462,0.10064412238325282,0.08051529790660225,0.03354804079441761,,,,,,
15,45.53811057434246,50.34219001610306,1.9927536231884058,1.9122383252818036,0.10064412238325282,0.08051529790660225,0.03354804079441761,,,,,,
16,45.4777241009125,50.18115942028985,2.1739130434782608,1.9256575415995705,0.10064412238325282,0.0939345142243693,0.04696725711218465,,,,,,
17,45.450885668276975,50.1610305958132,2.2074610842726785,1.9256575415995705,0.10064412238325282,0.10735373054213634,0.04696725711218465,,,,,,
18,43.484970477724104,50.12748255501879,2.15378421900161,3.7640901771336552,0.13419216317767044,0.10735373054213634,0.2281266774020397,,,,,,
19,41.337895866881375,51.469404186795494,2.15378421900161,4.53569511540526,0.13419216317767044,0.10735373054213634,0.2616747181964573,,,,,,
20,41.31105743424584,51.24127750939345,2.341653247450349,4.562533548040794,0.14761137949543746,0.10735373054213634,0.2885131508319914,,,,,,
21,38.848631239935585,53.26757917337628,2.703972088030059,4.602791196994096,0.15432098765432098,0.10735373054213634,0.3153515834675255,,,,,,
22,38.93585614600107,52.985775630703166,2.9253891572732154,4.522275899087493,0.17444981213097155,0.10735373054213634,0.3153515834675255,0.020128824476650563,0.013419216317767043,,,,
23,38.58024691358025,53.193773483628554,3.0059044551798175,4.522275899087493,0.1610305958132045,0.14090177133655393,0.36231884057971014,0.020128824476650563,0.013419216317767043,,,,
24,38.43263553408481,52.69726247987118,3.361513687600644,4.810789049919484,0.17444981213097155,0.14090177133655393,0.3488996242619431,0.020128824476650563,0.013419216317767043,,,,
25,37.03703703703704,53.60976918947934,3.8378958668813743,4.74369296833065,0.17444981213097155,0.17444981213097155,0.3757380568974772,0.03354804079441761,0.013419216317767043,,,,
26,37.084004294149224,53.38164251207729,4.005636070853462,4.683306494900698,0.17444981213097155,0.19457863660762212,0.4294149221685454,0.03354804079441761,0.013419216317767043,,,,
27,35.83601717659689,51.590177133655395,4.066022544283414,7.4141170155662905,0.17444981213097155,0.20799785292538917,0.6374127750939346,0.06038647342995169,0.013419216317767043,,,,
28,30.92458400429415,56.696188942565755,3.978797638217928,7.320182501341922,0.1610305958132045,0.1610305958132045,0.6374127750939346,0.10735373054213634,0.013419216317767043,,,,
29,30.48174986580784,57.058507783145465,4.032474503488996,7.306763285024155,0.14761137949543746,0.2214170692431562,0.630703166935051,0.10735373054213634,0.013419216317767043,,,,
30,28.005904455179817,44.887278582930755,2.9253891572732154,23.2085346215781,0.14761137949543746,0.2214170692431562,0.4830917874396135,0.10735373054213634,0.013419216317767043,,,,
31,28.012614063338702,44.89398819108964,2.9589371980676327,23.161567364465917,0.14761137949543746,0.2214170692431562,0.4830917874396135,0.10735373054213634,0.013419216317767043,,,,
32,27.958937198067634,44.95437466451959,3.012614063338701,23.03408480944713,0.15432098765432098,0.2214170692431562,0.47638217928073,0.17444981213097155,0.013419216317767043,,,,
33,25.5703166935051,47.356414385399894,2.8918411164787976,23.067632850241544,0.16774020397208803,0.2281266774020397,0.4428341384863124,0.2616747181964573,0.013419216317767043,,,,
34,24.241814278046164,46.65190552871712,2.898550724637681,25.013419216317768,0.20128824476650564,0.24154589371980675,0.4428341384863124,0.30193236714975846,0.0067096081588835215,,,,
35,24.3894256575416,46.45061728395062,3.052871712292002,24.765163714439076,0.23483628556092323,0.24154589371980675,0.4495437466451959,0.4092860976918948,0.0067096081588835215,,,,
36,23.09447128287708,48.64465915190553,3.166935050993022,23.72517444981213,0.23483628556092323,0.24154589371980675,0.4562533548040794,0.4294149221685454,0.0067096081588835215,,,,
37,21.524422973698336,46.68545356951154,3.2206119162640903,27.18733225979603,0.20799785292538917,0.24154589371980675,0.4562533548040794,0.46967257112184646,0.0067096081588835215,,,,
38,21.511003757380568,46.49087493290392,3.2206119162640903,27.15378421900161,0.24825550187869028,0.3488996242619431,0.5233494363929146,0.49651100375738055,0.0067096081588835215,,,,
39,19.088835212023618,41.19028448738594,2.844873859366613,26.878690284487387,8.581588835212024,0.3488996242619431,0.4495437466451959,0.5971551261406334,0.020128824476650563,,,,
40,19.162640901771336,41.056092324208265,2.999194847020934,24.724906065485776,8.521202361782072,0.32877079978529256,2.509393451422437,0.630703166935051,0.06709608158883522,,,,
41,19.00161030595813,38.83521202361782,2.898550724637681,27.469135802469136,8.266237251744498,0.32877079978529256,2.4691358024691357,0.6642512077294686,0.06709608158883522,,,,
42,19.00161030595813,38.788244766505635,2.85829307568438,27.355072463768117,8.279656468062266,0.38915727321524424,2.536231884057971,0.7112184648416533,0.08051529790660225,,,,
43,19.04186795491143,38.16425120772947,2.945517981749866,27.314814814814813,8.205850778314547,0.9728931830381106,2.522812667740204,0.7246376811594203,0.08722490606548577,0.013419216317767043,0.0067096081588835215,,
44,19.14922168545357,38.036768652710684,2.9790660225442833,27.194041867954912,8.158883521202362,0.9728931830381106,2.536231884057971,0.8319914117015567,0.12077294685990338,0.013419216317767043,0.0067096081588835215,,
45,19.229736983360173,37.915995705850776,2.999194847020934,25.81857219538379,8.165593129361245,1.0064412238325282,3.730542136339238,0.9930220075147611,0.12077294685990338,0.013419216317767043,0.0067096081588835215,,
46,19.176060118089104,37.1309715512614,3.1468062265163717,24.751744498121308,7.977724100912507,1.0466988727858293,5.636070853462158,0.9728931830381106,0.14090177133655393,0.013419216317767043,0.0067096081588835215,,
47,18.592324208266238,36.79549114331723,3.1468062265163717,25.577026301663984,8.004562533548041,1.1003757380568975,5.548845947396672,0.9997316156736447,0.1610305958132045,0.06709608158883522,0.0067096081588835215,,
48,18.243424584004295,35.36634460547504,3.227321524422974,26.778046162104133,7.96430488459474,1.1003757380568975,5.783682232957595,1.2546967257112185,0.17444981213097155,0.10064412238325282,0.0067096081588835215,,
49,17.424852388620504,34.21900161030596,3.2340311325818574,28.502415458937197,7.387278582930757,1.1137949543746646,6.454643048845948,1.3687600644122384,0.1878690284487386,0.10064412238325282,0.0067096081588835215,,
50,17.465110037573805,34.05126140633387,3.3413848631239937,28.187063875469672,7.407407407407407,1.1003757380568975,6.6760601180891035,1.4761137949543746,0.1878690284487386,0.10064412238325282,0.0067096081588835215,,
51,16.814278046162105,42.592592592592595,2.871712292002147,21.752549651100377,4.918142780461621,1.1473429951690821,8.561460010735374,1.093666129898014,0.12077294685990338,0.12077294685990338,0.0067096081588835215,,
52,16.881374127750938,42.44498121309716,2.918679549114332,21.66532474503489,4.944981213097155,1.2144390767579174,8.55475040257649,1.1272141706924315,0.12077294685990338,0.12077294685990338,0.0067096081588835215,,
53,16.894793344068706,42.270531400966185,3.052871712292002,21.672034353193773,4.918142780461621,1.2077294685990339,8.55475040257649,1.1540526033279657,0.14761137949543746,0.12077294685990338,0.0067096081588835215,,
54,17.082662372517444,42.0222758990875,3.140096618357488,21.544551798174986,4.931561996779388,1.2077294685990339,8.501073537305421,1.2412775093934514,0.14761137949543746,0.17444981213097155,0.0067096081588835215,,
55,14.150563607085346,42.67981749865808,3.046162104133119,22.6784755770263,1.5767579173376274,1.2010198604401503,13.39237788513151,1.1003757380568975,0.0939345142243693,0.07380568974771873,0.0067096081588835215,,
56,14.231078904991948,42.49865807836822,3.166935050993022,22.430220075147613,1.6572732152442298,1.1741814278046163,13.318572195383789,1.3016639828234031,0.0939345142243693,0.12077294685990338,0.0067096081588835215,,
57,14.224369296833064,42.290660225442835,3.2742887815351582,22.15512614063339,1.6505636070853462,1.2010198604401503,13.385668276972625,1.4895330112721417,0.0939345142243693,0.2281266774020397,0.0067096081588835215,,
58,13.868760064412239,41.10976918947934,3.207192699946323,23.731884057971016,1.6371443907675791,1.2748255501878691,13.211218464841654,1.4761137949543746,0.0939345142243693,0.3824476650563607,0.0067096081588835215,,
59,13.526570048309178,41.659957058507786,3.3480944712828773,23.32259796027912,1.737788513150832,1.2681159420289856,13.070316693505099,1.5633387010198605,0.0939345142243693,0.4025764895330113,0.0067096081588835215,,
60,13.291733762748256,41.458668813741276,3.3413848631239937,23.429951690821255,1.9793344068706387,1.3217928073000538,12.989801395598498,1.5901771336553945,0.18115942028985507,0.4092860976918948,0.0067096081588835215,,
61,12.318840579710145,36.560654857756305,3.140096618357488,27.241009125067094,2.01959205582394,1.3083735909822867,15.01610305958132,1.6774020397208802,0.1878690284487386,0.48980139559849706,0.040257648953301126,,
62,12.439613526570048,36.38620504562534,3.2004830917874396,27.13365539452496,1.9927536231884058,1.3083735909822867,14.969135802469136,1.8250134192163177,0.1878690284487386,0.5166398282340311,0.040257648953301126,,
63,12.030327428878154,35.225442834138484,3.1199677938808374,28.187063875469672,2.703972088030059,1.288244766505636,14.922168545356952,1.751207729468599,0.14761137949543746,0.5837359098228664,0.040257648953301126,,
64,11.54723564143854,33.63526570048309,2.9790660225442833,30.56897477187332,2.690552871712292,1.2815351583467525,14.667203435319378,1.8451422436929683,0.13419216317767044,0.6105743424584005,0.040257648953301126,,
65,11.688137412775093,33.53462157809984,3.052871712292002,30.394524959742352,2.690552871712292,1.261406333870102,14.626945786366075,1.8988191089640365,0.14761137949543746,0.6642512077294686,0.040257648953301126,,
66,11.372785829307569,32.6959205582394,3.1535158346752548,31.46135265700483,2.703972088030059,1.2144390767579174,14.579978529253891,1.9256575415995705,0.14761137949543746,0.7045088566827697,0.040257648953301126,,
67,11.225174449812132,31.776704240472355,3.4822866344605474,32.30005367686527,2.6502952227589907,1.2546967257112185,14.371980676328503,1.9793344068706387,0.18115942028985507,0.7380568974771873,0.040257648953301126,,
68,11.18491680085883,28.435319377348364,3.3413848631239937,31.199677938808374,2.522812667740204,1.2345679012345678,19.142512077294686,1.9524959742351047,0.1878690284487386,0.7581857219538379,0.040257648953301126,,
69,11.151368760064413,27.20746108427268,3.4151905528717124,30.629361245303276,4.3478260869565215,1.1473429951690821,19.061996779388085,1.9793344068706387,0.2214170692431562,0.798443370907139,0.040257648953301126,,
70,10.997047772410092,26.603596349973163,3.1736446591519054,31.4345142243693,4.374664519592056,1.1406333870101986,19.082125603864736,2.086688137412775,0.2616747181964573,0.7783145464304885,0.06709608158883522,,
71,11.07085346215781,26.536500268384327,3.2004830917874396,30.96484165324745,4.374664519592056,1.1607622114868492,19.176060118089104,2.3886205045625335,0.2616747181964573,0.785024154589372,0.08051529790660225,,
72,11.131239935587761,26.37546967257112,3.3950617283950617,29.824208266237253,5.314009661835748,1.221148684916801,19.108964036500268,2.5161030595813205,0.2616747181964573,0.7716049382716049,0.08051529790660225,,
73,9.306226516371444,31.830381105743424,3.4621578099838968,26.34863123993559,5.233494363929147,1.221148684916801,19.008319914117017,2.475845410628019,0.2616747181964573,0.7716049382716049,0.08051529790660225,,
74,8.205850778314547,29.676596886741816,2.985775630703167,32.27992485238862,4.5960815888352125,1.1272141706924315,17.780461621041333,2.3081052066559313,0.1610305958132045,0.7783145464304885,0.10064412238325282,,
75,8.179012345679013,29.086151368760063,2.8784219001610305,32.23295759527644,4.609500805152979,1.1137949543746646,18.417874396135264,2.3215244229736984,0.1610305958132045,0.8655394524959742,0.13419216317767044,,
76,7.447665056360709,28.589640365002683,2.9589371980676327,33.21926999463231,4.636339237788513,1.1272141706924315,18.230005367686527,2.6637144390767578,0.1610305958132045,0.8454106280193237,0.12077294685990338,,
77,6.159420289855072,48.01395598497048,3.2340311325818574,17.68652710681696,2.6637144390767578,1.093666129898014,18.270263016639827,1.778046162104133,0.14090177133655393,0.8454106280193237,0.11406333870101985,,
78,5.911164787976382,47.40338164251208,3.1870638754696725,17.68652710681696,6.092324208266238,1.0802469135802468,16.1231884057971,1.6841116478797638,0.14090177133655393,0.5770263016639828,0.11406333870101985,,
79,5.904455179817498,46.95383789586688,3.3011272141706924,17.652979066022546,6.092324208266238,1.3754696725711217,16.129898013955984,1.7444981213097155,0.15432098765432098,0.5770263016639828,0.11406333870101985,,
80,5.958132045088567,46.806226516371446,3.2675791733762747,17.52549651100376,6.0587761674718195,3.4151905528717124,14.51959205582394,1.751207729468599,0.10735373054213634,0.46296296296296297,0.1274825550187869,,
81,6.018518518518518,46.63177670424047,3.3950617283950617,17.478529253891573,6.005099302200751,3.374932903918411,14.486044015029522,1.7646269457863661,0.17444981213097155,0.5032206119162641,0.16774020397208803,,
82,6.125872249060655,45.33682232957595,3.4151905528717124,17.357756307031668,7.555018786902845,3.0931293612453032,14.432367149758454,1.8786902844873858,0.20128824476650564,0.47638217928073,0.1274825550187869,,
83,6.199677938808374,45.1959205582394,3.502415458937198,17.236983360171767,7.548309178743962,3.126677402039721,14.351851851851851,1.9457863660762211,0.20128824476650564,0.5636070853462157,0.1274825550187869,,
84,6.213097155126141,43.80703166935051,4.978529253891573,17.156468062265162,7.494632313472893,3.1602254428341383,14.31159420289855,1.9726247987117553,0.2214170692431562,0.5434782608695652,0.14090177133655393,,
85,6.293612453032743,43.59903381642512,5.0858829844337095,16.941760601180892,7.50805152979066,3.1602254428341383,14.278046162104133,2.1940418679549114,0.2214170692431562,0.5770263016639828,0.14090177133655393,,
86,6.3137412775093935,43.46484165324745,5.22007514761138,16.881374127750938,7.461084272678476,3.2206119162640903,14.217659688674182,2.2208803005904456,0.2549651100375738,0.6038647342995169,0.14090177133655393,,
87,6.139291465378422,43.71309715512614,5.193236714975845,16.700214707461082,7.447665056360709,3.180354267310789,14.170692431561998,2.3550724637681157,0.2885131508319914,0.6038647342995169,0.20799785292538917,,
88,6.246645195920558,43.59903381642512,5.233494363929147,16.70692431561997,7.4208266237251745,3.1535158346752548,14.150563607085346,2.3349436392914655,0.3153515834675255,0.630703166935051,0.20799785292538917,,
89,6.125872249060655,42.47181964573269,5.159688674181428,15.01610305958132,10.554213633923778,3.0595813204508855,14.110305958132045,2.2879763821792807,0.3153515834675255,0.644122383252818,0.2549651100375738,,
90,6.152710681696189,41.156736446591516,5.273752012882448,15.022812667740205,10.493827160493828,3.0730005367686526,15.344873859366613,2.254428341384863,0.32877079978529256,0.644122383252818,0.2549651100375738,,
91,6.353998926462695,40.49248523886205,5.803811057434245,15.01610305958132,10.299248523886206,3.140096618357488,15.210681696188942,2.26784755770263,0.4294149221685454,0.6776704240472357,0.2549651100375738,0.05367686527106817,
92,6.353998926462695,40.31132581857219,5.904455179817498,14.989264626945786,10.285829307568438,3.1468062265163717,15.24422973698336,2.3081052066559313,0.47638217928073,0.6709608158883521,0.2549651100375738,0.05367686527106817,
93,6.414385399892646,39.97584541062802,5.998389694041868,14.673913043478262,9.708803005904455,3.2004830917874396,15.780998389694043,2.6435856146001075,0.5636070853462157,0.7045088566827697,0.28180354267310787,0.05367686527106817,
94,6.474771873322598,39.781266774020395,6.280193236714976,14.600107353730541,9.628287707997853,3.2004830917874396,15.673644659151906,2.7106816961889426,0.5904455179817498,0.7380568974771873,0.2683843263553409,0.05367686527106817,
95,6.474771873322598,39.57326892109501,6.260064412238325,14.465915190552872,9.936929683306495,3.180354267310789,15.666935050993022,2.7979066022544283,0.5703166935050993,0.7380568974771873,0.2683843263553409,0.06709608158883522,
96,6.461352657004831,39.38539989264627,6.3070316693505095,14.439076757917338,9.936929683306495,3.240740740740741,15.579710144927537,2.932098765432099,0.5971551261406334,0.785024154589372,0.2683843263553409,0.06709608158883522,
97,6.508319914117015,39.210950080515296,6.454643048845948,14.11701556629093,9.903381642512077,3.321256038647343,15.83467525496511,2.945517981749866,0.630703166935051,0.785024154589372,0.2214170692431562,0.06709608158883522,
98,6.635802469135802,38.788244766505635,6.998121309715513,13.83521202361782,9.903381642512077,3.388352120236178,15.774288781535159,2.945517981749866,0.630703166935051,0.7716049382716049,0.24825550187869028,0.08051529790660225,
99,6.749865807836822,38.66076221148685,7.0450885668276975,13.774825550187868,9.86983360171766,3.3950617283950617,15.754159957058508,2.9589371980676327,0.6642512077294686,0.7783145464304885,0.2683843263553409,0.08051529790660225,
100,6.816961889425658,38.55340848094471,7.004830917874396,13.768115942028986,9.863123993558776,3.44873859366613,15.713902308105206,2.9790660225442833,0.6709608158883521,0.8051529790660226,0.28180354267310787,0.0939345142243693,
101,6.944444444444445,38.29173376274826,7.098765432098766,13.707729468599034,9.883252818035427,3.455448201825013,15.687063875469672,2.952227589908749,0.6709608158883521,0.8789586688137413,0.33548040794417605,0.0939345142243693,
102,6.984702093397746,38.077026301663984,7.1658615136876005,13.70101986044015,9.896672034353195,3.5628019323671496,15.660225442834138,2.952227589908749,0.6709608158883521,0.8789586688137413,0.33548040794417605,0.11406333870101985,
103,6.977992485238862,37.493290391841114,7.380568974771873,14.264626945786366,9.688674181427805,3.549382716049383,15.60654857756307,2.9589371980676327,0.6709608158883521,0.8789586688137413,0.41599570585077833,0.11406333870101985,
104,6.857219538378959,37.35238862050456,7.4141170155662905,14.036500268384327,11.158078368223295,3.5762211486849167,14.40552871712292,2.952227589908749,0.7917337627482555,0.8990874932903918,0.41599570585077833,0.14090177133655393,
105,6.984702093397746,37.17122920021471,7.521470746108427,13.989533011272142,11.131239935587761,3.5292538915727323,14.398819108964037,2.9589371980676327,0.7917337627482555,0.95276435856146,0.4294149221685454,0.14090177133655393,
106,7.004830917874396,37.084004294149224,7.581857219538379,14.029790660225443,11.11111111111111,3.603059581320451,14.378690284487385,2.932098765432099,0.7917337627482555,0.9259259259259259,0.41599570585077833,0.14090177133655393,
107,7.0383789586688135,36.9699409554482,7.521470746108427,14.257917337627482,10.889694041867955,3.629898013955985,14.418947933440688,2.9790660225442833,0.8118625872249061,0.9057971014492754,0.43612453032742887,0.14090177133655393,
108,6.998121309715513,36.3191089640365,7.595276435856146,13.996242619431026,11.943102522812667,3.569511540526033,14.264626945786366,3.0059044551798175,0.8185721953837896,0.9259259259259259,0.4227053140096618,0.14090177133655393,
109,6.991411701556629,35.929951690821255,8.011272141706923,13.962694578636608,11.916264090177133,3.616478797638218,14.217659688674182,3.0193236714975846,0.8185721953837896,0.9259259259259259,0.43612453032742887,0.15432098765432098,
110,7.139023081052066,35.809178743961354,7.991143317230274,13.875469672571121,11.869296833064949,3.5963499731615673,14.237788513150832,3.099838969404187,0.8655394524959742,0.9259259259259259,0.43612453032742887,0.15432098765432098,
111,7.212828770799785,35.668276972624795,8.085077831454644,13.855340848094471,11.694847020933977,3.5963499731615673,14.210950080515298,3.0864197530864197,0.95276435856146,1.0332796564680622,0.4495437466451959,0.15432098765432098,
112,7.333601717659689,35.487117552334944,8.105206655931294,13.741277509393452,11.54723564143854,3.69699409554482,14.244498121309716,3.166935050993022,1.0332796564680622,1.0601180891035964,0.4495437466451959,0.13419216317767044,
113,7.367149758454106,34.88996242619431,8.09849704777241,13.58695652173913,11.486849168008588,4.394793344068707,14.244498121309716,3.2139023081052067,1.06682769726248,1.06682769726248,0.4495437466451959,0.13419216317767044,
114,7.434245840042942,34.574610842726784,8.011272141706923,13.580246913580247,12.057165861513688,4.40150295222759,13.976113794954374,3.2541599570585076,1.0802469135802468,1.0601180891035964,0.4495437466451959,0.12077294685990338,
115,7.474503488996243,34.4873859366613,8.105206655931294,13.479602791196994,11.929683306494901,4.448470209339774,13.92914653784219,3.3413848631239937,1.1607622114868492,1.0601180891035964,0.46296296296296297,0.12077294685990338,
116,7.5281803542673105,34.35990338164251,8.125335480407944,13.479602791196994,11.943102522812667,4.441760601180891,13.895598497047773,3.374932903918411,1.1540526033279657,1.0601180891035964,0.5166398282340311,0.12077294685990338,
117,7.628824476650563,34.326355340848096,8.085077831454644,13.405797101449275,11.869296833064949,4.40150295222759,13.935856146001074,3.361513687600644,1.247987117552335,1.0601180891035964,0.5568974771873323,0.12077294685990338,
118,7.695920558239399,34.20558239398819,8.192431561996779,13.385668276972625,11.876006441223833,4.388083735909823,13.92914653784219,3.33467525496511,1.247987117552335,1.0601180891035964,0.5636070853462157,0.12077294685990338,
119,7.809983896940419,34.14519592055824,8.205850778314547,13.311862587224907,11.876006441223833,4.38137412775094,13.895598497047773,3.3950617283950617,1.2345679012345678,1.0601180891035964,0.5636070853462157,0.12077294685990338,
120,7.924047235641439,33.943907675791735,8.527911969940956,13.271604938271604,11.647879763821793,4.361245303274289,13.88888888888889,3.3950617283950617,1.3217928073000538,1.0399892646269457,0.5434782608695652,0.1274825550187869,0.0067096081588835215
121,7.957595276435856,33.89694041867955,8.527911969940956,13.285024154589372,11.634460547504025,4.394793344068707,13.942565754159958,3.361513687600644,1.3217928073000538,1.0399892646269457,0.5166398282340311,0.11406333870101985,0.0067096081588835215
122,7.991143317230274,33.87010198604401,8.548040794417606,13.271604938271604,11.614331723027375,4.388083735909823,13.915727321524423,3.388352120236178,1.2815351583467525,1.093666129898014,0.5166398282340311,0.11406333870101985,0.0067096081588835215
123,8.064949006977992,33.80971551261406,8.53462157809984,13.271604938271604,11.580783682232958,4.394793344068707,13.969404186795492,3.3548040794417604,1.2748255501878691,1.107085346215781,0.5166398282340311,0.11406333870101985,0.0067096081588835215
124,8.185721953837897,33.581588835212024,8.675523349436393,13.251476113794954,11.621041331186259,4.394793344068707,13.88888888888889,3.3145464304884595,1.2748255501878691,1.1473429951690821,0.5434782608695652,0.11406333870101985,0.0067096081588835215
125,8.279656468062266,33.467525496511,8.695652173913043,13.238056897477188,11.540526033279656,4.508856682769726,13.855340848094471,3.3413848631239937,1.288244766505636,1.1272141706924315,0.5367686527106817,0.11406333870101985,0.0067096081588835215
126,8.420558239398819,33.43397745571659,8.655394524959743,13.238056897477188,11.513687600644122,4.53569511540526,13.768115942028986,3.294417606011809,1.3553408480944713,1.1406333870101986,0.5233494363929146,0.11406333870101985,0.0067096081588835215
127,8.353462157809984,33.25952764358561,8.601717659688674,12.506709608158884,12.553676865271068,4.53569511540526,13.761406333870102,3.1870638754696725,1.3553408480944713,1.1741814278046163,0.5568974771873323,0.14761137949543746,0.0067096081588835215
128,8.279656468062266,32.749597423510465,8.561460010735374,12.47987117552335,12.5,4.750402576489533,14.251207729468598,3.207192699946323,1.3754696725711217,1.133923778851315,0.5568974771873323,0.14761137949543746,0.0067096081588835215
129,8.299785292538916,32.6154052603328,8.749329039184111,12.406065485775631,12.426194310252281,4.736983360171766,14.170692431561998,3.3548040794417604,1.4224369296833066,1.093666129898014,0.5568974771873323,0.1610305958132045,0.0067096081588835215
130,8.313204508856682,32.55501878690284,8.749329039184111,12.392646269457863,12.385936661298981,4.7638217928073,14.15727321524423,3.3816425120772946,1.4559849704777241,1.093666129898014,0.5501878690284487,0.19457863660762212,0.0067096081588835215
131,8.387010198604402,32.427536231884055,8.756038647342995,12.305421363392378,12.265163714439076,4.817498658078368,14.110305958132045,3.4420289855072466,1.5633387010198605,1.1607622114868492,0.5636070853462157,0.19457863660762212,0.0067096081588835215
132,8.460815888352121,32.360440150295226,8.742619431025227,12.298711755233494,12.211486849168008,4.817498658078368,14.130434782608695,3.4822866344605474,1.5901771336553945,1.1272141706924315,0.5770263016639828,0.19457863660762212,0.0067096081588835215
133,8.601717659688674,32.1658615136876,8.836553945249598,12.224906065485776,12.171229200214707,4.918142780461621,14.090177133655395,3.488996242619431,1.6035963499731616,1.1741814278046163,0.5233494363929146,0.19457863660762212,0.0067096081588835215
134,8.333333333333334,28.227321524422972,8.004562533548041,12.151100375738057,12.164519592055823,10.077831454643048,14.036500268384327,3.5091250670960816,1.5767579173376274,1.1674718196457328,0.5501878690284487,0.19457863660762212,0.0067096081588835215
135,8.319914117015566,28.166935050993022,8.024691358024691,12.117552334943639,13.22463768115942,9.77589908749329,13.47289318303811,3.455448201825013,1.5432098765432098,1.2077294685990339,0.48980139559849706,0.19457863660762212,0.0067096081588835215
136,8.380300590445518,27.905260332796566,8.28636607622115,12.057165861513688,13.144122383252817,9.836285560923242,13.358829844337091,3.475577026301664,1.6237251744498122,1.2010198604401503,0.5300590445517982,0.19457863660762212,0.0067096081588835215
137,8.521202361782072,27.81803542673108,8.3064949006978,12.016908212560386,13.144122383252817,9.802737520128824,13.345410628019323,3.515834675254965,1.6438539989264627,1.2010198604401503,0.49651100375738055,0.18115942028985507,0.0067096081588835215
138,8.467525496511003,26.85185185185185,8.279656468062266,11.936392914653783,13.130703166935051,9.77589908749329,14.526301663982823,3.5225442834138487,1.6035963499731616,1.1808910359634996,0.5367686527106817,0.18115942028985507,0.0067096081588835215
139,8.427267847557703,24.704777241009126,7.769726247987117,11.453301127214171,16.586151368760063,9.648416532474503,14.331723027375201,3.4957058507783145,1.583467525496511,1.1741814278046163,0.6374127750939346,0.18115942028985507,0.0067096081588835215
140,8.507783145464305,24.671229200214707,7.769726247987117,11.466720343531938,16.586151368760063,9.614868491680086,14.284755770263017,3.5225442834138487,1.583467525496511,1.1473429951690821,0.6575415995705851,0.18115942028985507,0.0067096081588835215
141,8.588298443370908,24.537037037037038,7.863660762211487,11.466720343531938,16.5727321524423,9.574610842726784,14.251207729468598,3.5091250670960816,1.583467525496511,1.1808910359634996,0.6843800322061192,0.18115942028985507,0.0067096081588835215
142,8.709071390230811,24.516908212560388,7.85024154589372,11.419753086419753,16.51905528717123,9.608158883521202,14.284755770263017,3.455448201825013,1.5633387010198605,1.1808910359634996,0.7045088566827697,0.18115942028985507,0.0067096081588835215
143,8.641975308641975,24.50348899624262,7.87037037037037,11.419753086419753,16.53918411164788,9.198872785829307,14.31159420289855,3.9586688137412773,1.5901771336553945,1.107085346215781,0.6709608158883521,0.18115942028985507,0.0067096081588835215
144,8.59500805152979,24.4699409554482,7.830112721417069,11.366076221148685,16.478797638217927,9.272678475577026,14.378690284487385,4.005636070853462,1.6438539989264627,1.107085346215781,0.6642512077294686,0.18115942028985507,0.0067096081588835215
145,8.82313472893183,24.402844873859365,7.796564680622652,11.245303274288782,16.458668813741276,9.172034353193773,14.418947933440688,4.03918411164788,1.6170155662909287,1.093666129898014,0.7179280730005367,0.20799785292538917,0.0067096081588835215
146,8.246108427267847,23.778851315083198,7.729468599033816,12.835480407944177,16.29092860976919,9.037842190016104,14.351851851851851,4.005636070853462,1.6304347826086956,1.0869565217391304,0.7648953301127214,0.23483628556092323,0.0067096081588835215
147,8.266237251744498,23.66478797638218,7.816693505099302,12.795222758990874,16.29092860976919,9.185453569511541,14.231078904991948,3.9989264626945786,1.5767579173376274,1.0869565217391304,0.8454106280193237,0.23483628556092323,0.0067096081588835215
148,8.252818035426731,23.557434245840042,7.823403113258186,12.815351583467525,16.27750939345142,9.25925925925926,14.217659688674182,3.9855072463768115,1.6438539989264627,1.0534084809447128,0.8722490606548577,0.23483628556092323,0.0067096081588835215
149,8.225979602791197,23.47691894793344,7.9106280193236715,12.761674718196458,16.190284487385938,9.219001610305957,14.217659688674182,4.146537842190016,1.6304347826086956,1.107085346215781,0.8722490606548577,0.23483628556092323,0.0067096081588835215
150,8.252818035426731,23.429951690821255,7.937466451959206,12.741545893719806,16.109769189479334,9.23913043478261,14.163982823403114,4.206924315619967,1.6841116478797638,1.1473429951690821,0.8454106280193237,0.23483628556092323,0.0067096081588835215
151,8.293075684380032,23.181696188942567,7.937466451959206,12.701288244766506,16.31105743424584,9.178743961352657,14.110305958132045,4.253891572732153,1.7042404723564144,1.1741814278046163,0.9125067096081588,0.23483628556092323,0.0067096081588835215
152,8.353462157809984,23.09447128287708,7.957595276435856,12.701288244766506,16.284219001610307,9.104938271604938,14.04320987654321,4.200214707461084,1.8250134192163177,1.2010198604401503,0.9930220075147611,0.23483628556092323,0.0067096081588835215
153,8.400429414922169,23.013955984970476,8.031400966183575,12.627482555018787,16.31105743424584,9.178743961352657,13.969404186795492,4.166666666666667,1.8384326355340848,1.2278582930756843,0.9930220075147611,0.23483628556092323,0.0067096081588835215
154,8.3064949006978,22.873054213633925,8.011272141706923,13.573537305421363,16.14331723027375,9.091519055287172,13.593666129898015,4.166666666666667,1.7713365539452497,1.1741814278046163,1.0332796564680622,0.2549651100375738,0.0067096081588835215
155,8.333333333333334,22.73215244229737,8.064949006977992,13.023349436392914,15.539452495974235,8.917069243156199,15.083199141170155,4.159957058507783,1.6706924315619969,1.2144390767579174,1.0131508319914118,0.24154589371980675,0.0067096081588835215
156,8.440687063875469,22.73215244229737,8.111916264090176,12.962962962962964,15.552871712292003,8.896940418679549,15.029522275899087,4.146537842190016,1.6706924315619969,1.2345679012345678,0.9728931830381106,0.24154589371980675,0.0067096081588835215
157,8.474235104669887,22.644927536231883,8.132045088566828,12.929414922168545,15.385131508319914,9.125067096081589,14.922168545356952,4.106280193236715,1.724369296833065,1.2815351583467525,1.0265700483091786,0.24154589371980675,0.0067096081588835215
158,8.521202361782072,22.463768115942027,8.313204508856682,12.902576489533011,15.371712292002147,9.05126140633387,14.928878153515834,4.119699409554482,1.737788513150832,1.288244766505636,1.0265700483091786,0.2683843263553409,0.0067096081588835215
159,8.474235104669887,22.31615673644659,8.433977455716587,12.895866881374127,15.210681696188942,9.272678475577026,14.814814814814815,4.280730005367687,1.7646269457863661,1.247987117552335,1.0131508319914118,0.2683843263553409,0.0067096081588835215
160,8.588298443370908,22.249060654857757,8.57487922705314,12.882447665056361,15.08990874932904,9.272678475577026,14.78797638217928,4.260601180891036,1.8585614600107354,1.2077294685990339,0.966183574879227,0.2549651100375738,0.0067096081588835215
161,8.407139023081053,22.168545356951153,8.608427267847558,11.782071926999464,17.351046698872786,9.29951690821256,14.506172839506172,3.6768652710681695,1.8048845947396672,1.221148684916801,0.9192163177670424,0.2549651100375738,
162,8.259527643585615,21.812936124530328,8.393719806763285,13.687600644122384,16.445249597423512,9.252549651100376,14.432367149758454,3.656736446591519,1.6639828234031133,1.221148684916801,0.9192163177670424,0.2549651100375738,
163,7.917337627482555,20.78636607622115,9.796027911969942,13.130703166935051,17.814009661835748,9.07139023081052,14.002952227589908,3.549382716049383,1.6035963499731616,1.2815351583467525,0.7648953301127214,0.28180354267310787,
164,7.937466451959206,20.705850778314545,9.883252818035427,13.050187869028449,17.814009661835748,9.125067096081589,13.955984970477724,3.5762211486849167,1.570048309178744,1.3083735909822867,0.7917337627482555,0.28180354267310787,
165,7.467793880837359,19.605475040257648,9.903381642512077,15.901771336553946,17.317498658078367,8.896940418679549,13.533279656468062,3.435319377348363,1.5432098765432098,1.2949543746645196,0.8185721953837896,0.28180354267310787,
166,7.48792270531401,19.57192699946323,9.957058507783145,15.76086956521739,17.20343531937735,8.816425120772946,13.560118089103597,3.549382716049383,1.596886741814278,1.4090177133655395,0.8051529790660226,0.28180354267310787,
167,7.474503488996243,19.558507783145465,9.903381642512077,15.734031132581856,17.12962962962963,8.82313472893183,13.593666129898015,3.549382716049383,1.6975308641975309,1.3955984970477724,0.8454106280193237,0.2952227589908749,
168,7.588566827697263,19.504830917874397,9.88996242619431,15.613258185721953,17.08937198067633,8.856682769726248,13.539989264626946,3.5225442834138487,1.724369296833065,1.4694041867954912,0.8722490606548577,0.32877079978529256,
169,7.648953301127214,19.343800322061192,9.977187332259795,15.58641975308642,17.008856682769725,8.849973161567364,13.56682769726248,3.5762211486849167,1.778046162104133,1.4358561460010735,0.8990874932903918,0.32877079978529256,
170,7.709339774557166,19.202898550724637,9.997316156736447,15.552871712292003,17.002147074610843,8.930488459473967,13.513150831991412,3.629898013955985,1.8048845947396672,1.402308105206656,0.9259259259259259,0.32877079978529256,
171,7.7361782071927,19.182769726247987,9.977187332259795,15.485775630703166,16.948470209339774,8.964036500268385,13.560118089103597,3.6500268384326353,1.8384326355340848,1.402308105206656,0.9259259259259259,0.32877079978529256,
172,7.749597423510467,19.196188942565755,9.923510466988727,15.4723564143854,16.955179817498657,8.99087493290392,13.573537305421363,3.6366076221148687,1.8384326355340848,1.3821792807300053,0.9259259259259259,0.35560923242082665,
173,7.722758990874933,19.0150295222759,10.091250670960816,15.445517981749866,16.961889425657542,9.01100375738057,13.560118089103597,3.683574879227053,1.8384326355340848,1.3888888888888888,0.9259259259259259,0.35560923242082665,
174,7.830112721417069,18.9345142243693,10.104669887278583,15.398550724637682,16.921631776704242,9.037842190016104,13.573537305421363,3.6768652710681695,1.8384326355340848,1.3754696725711217,0.95276435856146,0.35560923242082665,
175,7.863660762211487,18.887546967257112,10.084541062801932,15.385131508319914,16.861245303274288,8.977455716586151,13.539989264626946,3.750670960815888,1.9390767579173376,1.3486312399355878,0.95276435856146,0.4092860976918948,
176,7.709339774557166,18.431293612453032,10.091250670960816,15.24422973698336,16.774020397208805,8.903650026838433,14.298174986580785,3.750670960815888,1.9927536231884058,1.3687600644122384,1.0265700483091786,0.4092860976918948,
177,7.588566827697263,18.431293612453032,10.064412238325282,14.895330112721417,16.888083735909824,9.366612989801396,14.27133655394525,3.629898013955985,2.046430488459474,1.3955984970477724,1.0131508319914118,0.4092860976918948,
178,7.575147611379496,18.209876543209877,9.950348899624261,14.761137949543746,16.867954911433173,9.943639291465379,14.17740203972088,3.6097691894793345,2.086688137412775,1.4090177133655395,0.9997316156736447,0.4092860976918948,
179,7.669082125603865,18.209876543209877,10.00402576489533,14.660493827160494,16.814278046162105,9.876543209876543,14.15727321524423,3.6500268384326353,2.100107353730542,1.4224369296833066,1.0265700483091786,0.4092860976918948,
180,7.6623725174449815,18.189747718733226,10.050993022007514,14.667203435319378,17.008856682769725,9.876543209876543,14.150563607085346,3.6231884057971016,1.8988191089640365,1.4224369296833066,1.0399892646269457,0.4092860976918948,
181,7.742887815351583,18.109232420826622,9.903381642512077,14.606816961889425,17.008856682769725,9.86983360171766,14.123725174449811,3.6097691894793345,1.932367149758454,1.6438539989264627,1.0399892646269457,0.4092860976918948,
182,7.763016639828234,17.907944176060116,10.104669887278583,14.358561460010735,16.894793344068706,9.822866344605474,14.418947933440688,3.7037037037037037,1.9524959742351047,1.6438539989264627,1.0399892646269457,0.38915727321524424,
183,7.75630703166935,17.807300053676865,10.19189479334407,14.325013419216317,16.888083735909824,9.796027911969942,14.42565754159957,3.730542136339238,1.9592055823939882,1.6639828234031133,1.06682769726248,0.38915727321524424,
184,7.830112721417069,17.726784755770264,10.312667740203972,14.15727321524423,16.800858829844337,9.863123993558776,14.36527106816962,3.7775093934514223,2.046430488459474,1.6639828234031133,1.06682769726248,0.38915727321524424,
185,7.75630703166935,17.639559849704778,10.299248523886206,14.070048309178745,16.72705314009662,9.863123993558776,14.660493827160494,3.824476650563607,2.0397208803005906,1.6639828234031133,1.0534084809447128,0.4025764895330113,
186,7.883789586688137,17.619431025228128,10.319377348362856,14.04320987654321,16.75389157273215,9.73564143853999,14.61352657004831,3.8043478260869565,2.033011272141707,1.6505636070853462,1.1406333870101986,0.4025764895330113,
187,7.96430488459474,17.57246376811594,10.299248523886206,13.922436929683306,16.800858829844337,9.77589908749329,14.526301663982823,3.8580246913580245,2.086688137412775,1.6505636070853462,1.1406333870101986,0.4025764895330113,
