,45,50,52,51,53,54,55,56
0,95.2361782071927,4.7638217928073,,,,,,
1,86.86258722490606,13.137412775093935,,,,,,
2,68.55206655931293,31.447933440687063,,,,,,
3,68.6460010735373,31.353998926462694,,,,,,
4,67.40472356414385,32.59527643585615,,,,,,
5,58.293075684380035,40.57300053676865,1.133923778851315,,,,,
6,53.07971014492754,27.87842190016103,15.787707997852925,3.2541599570585076,,,,
7,46.0077831454643,34.66854535695116,15.74074074074074,3.2541599570585076,0.32877079978529256,,,
8,46.323134728931834,34.0378421900161,15.579710144927537,3.2206119162640903,0.6038647342995169,0.23483628556092323,,
9,46.85319377348363,33.72920021470746,15.378421900161031,3.2206119162640903,0.6038647342995169,0.2147074610842727,,
10,46.88674181427805,33.69565217391305,15.378421900161031,3.2206119162640903,0.6038647342995169,0.2147074610842727,,
11,45.209339774557165,33.36688137412775,14.170692431561998,6.508319914117015,0.5300590445517982,0.2147074610842727,,
12,41.257380568974774,40.304616210413315,12.379227053140097,2.7777777777777777,3.066290928609769,0.2147074610842727,,
13,34.62157809983897,52.06655931293612,7.192699946323135,2.7643585614600106,3.066290928609769,0.2885131508319914,,
14,34.46054750402576,46.70558239398819,8.272946859903382,6.119162640901771,4.1532474503489,0.2885131508319914,,
15,29.53569511540526,51.68411164787977,8.272946859903382,6.092324208266238,4.139828234031133,0.27509393451422437,,
16,26.86527106816962,52.9320987654321,7.917337627482555,6.092324208266238,4.119699409554482,2.073268921095008,,
17,25.207997852925388,49.443102522812666,6.863929146537842,12.345679012345679,4.066022544283414,2.073268921095008,,
18,21.36339237788513,53.42860976918948,6.8035426731078905,11.969940955448202,4.066022544283414,2.368491680085883,,
19,15.103327965646805,60.69511540526033,6.0587761674718195,11.969940955448202,3.8043478260869565,2.368491680085883,,
20,15.324745034889963,60.49382716049383,6.0587761674718195,11.949812130971551,3.8043478260869565,2.368491680085883,,
21,13.868760064412239,49.88593666129898,12.788513150831992,17.391304347826086,3.8043478260869565,2.2611379495437465,,
22,12.52012882447665,45.05501878690284,19.008319914117017,17.357756307031668,3.8043478260869565,2.254428341384863,,
23,11.366076221148685,41.136607622114866,18.95464304884595,22.966988727858293,3.7909286097691894,1.6035963499731616,0.18115942028985507,
24,11.305689747718732,36.882716049382715,18.82716049382716,28.529253891572733,2.965646806226516,1.3083735909822867,0.18115942028985507,
25,11.842458400429415,36.553945249597426,18.800322061191626,28.35480407944176,2.965646806226516,1.3016639828234031,0.18115942028985507,
26,12.506709608158884,36.16478797638218,18.78690284487386,28.093129361245303,2.965646806226516,1.3016639828234031,0.18115942028985507,
27,13.009930220075148,35.869565217391305,17.867686527106816,27.596618357487923,2.7442297369833604,2.4825550187869028,0.18115942028985507,0.24825550187869028
28,9.286097691894794,21.584809447128286,17.458400429414922,46.91358024691358,2.7442297369833604,1.5029522275899088,0.2885131508319914,0.2214170692431562
29,8.225979602791197,16.740472356414386,17.438271604938272,53.10654857756307,2.7442297369833604,1.3419216317767042,0.18115942028985507,0.2214170692431562
30,8.091787439613526,16.23725174449812,15.975577026301664,54.8443370907139,2.7308105206655933,1.7176596886741815,0.18115942028985507,0.2214170692431562
31,7.937466451959206,16.15673644659152,15.975577026301664,55.079173376274824,2.7308105206655933,1.7176596886741815,0.18115942028985507,0.2214170692431562
32,8.158883521202362,16.09634997316157,15.975577026301664,54.730273752012884,2.7308105206655933,1.7176596886741815,0.36902844873859364,0.2214170692431562
33,5.347557702630167,36.10440150295223,2.0263016639828235,55.40794417606012,0.23483628556092323,0.3757380568974772,0.28180354267310787,0.2214170692431562
34,5.857487922705314,35.80246913580247,2.0263016639828235,55.19994632313473,0.23483628556092323,0.3757380568974772,0.28180354267310787,0.2214170692431562
35,6.179549114331723,35.299248523886206,2.0263016639828235,55.26033279656468,0.23483628556092323,0.3757380568974772,0.20128824476650564,0.4227053140096618
36,5.6964573268921095,35.238862050456255,2.0263016639828235,55.844068706387546,0.23483628556092323,0.33548040794417605,0.20128824476650564,0.4227053140096618
37,6.0587761674718195,30.280461621041333,2.0263016639828235,53.83118625872249,3.9452495974235107,2.9723564143853998,0.3421900161030596,0.5434782608695652
38,6.535158346752549,30.253623188405797,2.0263016639828235,53.28099838969404,3.9318303811057436,3.0864197530864197,0.3421900161030596,0.5434782608695652
39,5.931293612453032,25.670960815888353,2.804616210413312,54.13311862587225,7.635534084809447,2.9388083735909825,0.3421900161030596,0.5434782608695652
40,6.575415995705851,25.301932367149757,7.454374664519592,52.563070316693505,4.0995705850778315,2.9388083735909825,0.3421900161030596,0.7246376811594203
41,6.6760601180891035,20.363660762211488,17.72007514761138,49.53703703703704,1.7176596886741815,2.918679549114332,0.3421900161030596,0.7246376811594203
42,6.642512077294686,20.25630703166935,23.859366612989803,44.18947933440687,1.402308105206656,2.5831991411701556,0.3421900161030596,0.7246376811594203
43,6.863929146537842,20.088566827697264,23.845947396672035,44.14922168545357,1.402308105206656,2.5831991411701556,0.3421900161030596,0.7246376811594203
44,7.4141170155662905,20.00805152979066,23.718464841653248,43.853998926462694,1.3821792807300053,2.5563607085346214,0.3421900161030596,0.7246376811594203
45,7.716049382716049,19.847020933977454,23.537305421363392,43.41116478797638,1.8988191089640365,2.522812667740204,0.3421900161030596,0.7246376811594203
46,7.997852925389157,19.766505636070853,23.470209339774556,43.4044551798175,1.8988191089640365,2.4020397208803006,0.33548040794417605,0.7246376811594203
47,8.199141170155663,19.612184648416534,25.355609232420825,41.54589371980676,1.8988191089640365,2.328234031132582,0.33548040794417605,0.7246376811594203
48,8.561460010735374,19.444444444444443,25.248255501878692,41.458668813741276,1.8988191089640365,2.328234031132582,0.33548040794417605,0.7246376811594203
49,7.722758990874933,17.21014492753623,32.776435856146,37.88915727321525,1.3687600644122384,2.1940418679549114,0.20128824476650564,0.6374127750939346
50,8.05823939881911,17.10950080515298,32.53488996242619,37.42619431025228,1.3687600644122384,2.328234031132582,0.4562533548040794,0.7179280730005367
51,8.527911969940956,16.78743961352657,32.387278582930755,37.42619431025228,1.3687600644122384,2.328234031132582,0.4562533548040794,0.7179280730005367
52,8.279656468062266,16.438539989264626,22.832796564680624,46.92699946323135,1.328502415458937,3.2742887815351582,0.20128824476650564,0.7179280730005367
53,9.41358024691358,16.284219001610307,22.77241009125067,46.07487922705314,1.328502415458937,3.207192699946323,0.20128824476650564,0.7179280730005367
54,9.64170692431562,15.28448738593666,24.27536231884058,45.249597423510465,1.3217928073000538,3.207192699946323,0.20128824476650564,0.8185721953837896
55,9.265968867418144,14.318303811057435,18.65271068169619,52.61674718196457,1.3150831991411702,3.207192699946323,0.040257648953301126,0.5837359098228664
56,8.964036500268385,14.224369296833064,26.29495437466452,45.21604938271605,1.2815351583467525,3.207192699946323,0.1610305958132045,0.6508319914117016
57,9.05126140633387,14.204240472356414,26.093666129898015,45.21604938271605,1.2815351583467525,3.3413848631239937,0.1610305958132045,0.6508319914117016
58,9.292807300053678,14.190821256038648,25.999731615673646,45.08185721953838,1.2815351583467525,3.3413848631239937,0.1610305958132045,0.6508319914117016
59,9.534353193773484,14.170692431561998,27.4020397208803,43.51180891035963,1.2815351583467525,3.3145464304884595,0.1610305958132045,0.6239935587761675
60,10.010735373054214,14.096886741814279,27.18733225979603,42.50536768652711,1.2144390767579174,3.7640901771336552,0.1610305958132045,1.0601180891035964
61,10.359634997316157,13.45276435856146,28.871443907675793,40.94873859366613,1.2010198604401503,3.5963499731615673,0.38915727321524424,1.1808910359634996
62,10.86285560923242,13.419216317767042,28.743961352657006,40.61996779388084,1.2010198604401503,3.5829307568438002,0.38915727321524424,1.1808910359634996
63,11.41304347826087,13.24476650563607,28.549382716049383,40.45222758990875,1.1876006441223832,3.5829307568438002,0.38915727321524424,1.1808910359634996
64,11.600912506709609,13.170960815888352,28.515834675254965,40.25093934514224,1.1741814278046163,3.5829307568438002,0.38915727321524424,1.3150831991411702
65,12.110842726784755,13.043478260869565,28.421900161030596,40.01610305958132,1.1473429951690821,3.556092324208266,0.38915727321524424,1.3150831991411702
66,12.27187332259796,12.580515297906603,28.187063875469672,40.90848094471283,1.1473429951690821,3.556092324208266,0.36902844873859364,0.9796027911969941
67,12.761674718196458,12.52012882447665,27.95222758990875,40.45222758990875,1.1473429951690821,3.556092324208266,0.630703166935051,0.9796027911969941
68,12.889157273215245,12.52012882447665,27.710681696188942,40.31132581857219,1.415727321524423,3.556092324208266,0.630703166935051,0.966183574879227
69,13.211218464841654,11.60762211486849,26.972624798711756,40.27106816961889,0.7514761137949544,5.589103596349974,0.630703166935051,0.966183574879227
70,13.674181427804616,11.58749329039184,26.637144390767578,40.203972088030056,0.7514761137949544,5.548845947396672,0.630703166935051,0.966183574879227
71,13.24476650563607,10.976918947933441,23.899624261943103,44.95437466451959,0.7514761137949544,4.05931293612453,1.1473429951690821,0.966183574879227
72,13.79495437466452,10.943370907139023,23.825818572195384,44.558507783145465,0.7514761137949544,4.045893719806763,1.1473429951690821,0.9326355340848095
73,12.714707461084272,10.876274825550189,21.28287707997853,48.38298443370907,0.7514761137949544,4.045893719806763,1.107085346215781,0.8387010198604401
74,13.231347289318304,10.748792270531402,21.081588835212024,47.88647342995169,0.7514761137949544,4.045893719806763,1.107085346215781,1.1473429951690821
75,13.781535158346752,10.681696188942565,20.82662372517445,47.66505636070853,0.7514761137949544,4.03918411164788,1.107085346215781,1.1473429951690821
76,14.13714439076758,10.567632850241546,20.571658615136876,47.10144927536232,0.7514761137949544,4.025764895330113,1.6975308641975309,1.1473429951690821
77,14.49946323134729,10.567632850241546,20.41062801932367,46.77938808373591,0.7514761137949544,4.025764895330113,1.8183038110574343,1.1473429951690821
78,14.949006977992486,10.426731078904991,20.202630166398283,46.564680622651636,0.7514761137949544,4.012345679012346,1.8183038110574343,1.2748255501878691
79,14.55984970477724,10.420021470746109,17.431561996779386,49.422973698336016,0.6239935587761675,4.643048845947397,1.6908212560386473,1.2077294685990339
80,14.694041867954912,10.299248523886206,17.12962962962963,47.98040794417606,0.9057971014492754,4.643048845947397,3.388352120236178,0.9594739667203436
81,14.895330112721417,10.111379495437467,16.982018250134193,47.376543209876544,0.9057971014492754,4.602791196994096,4.166666666666667,0.9594739667203436
82,14.895330112721417,9.54777241009125,16.894793344068706,46.2157809983897,2.61003757380569,4.508856682769726,4.367954911433173,0.9594739667203436
83,14.88191089640365,9.54777241009125,16.820987654320987,46.303005904455176,2.61003757380569,4.508856682769726,4.367954911433173,0.9594739667203436
84,15.291196994095545,9.534353193773484,16.760601180891037,46.07487922705314,2.5966183574879227,4.441760601180891,4.341116478797638,0.9594739667203436
85,14.53972088030059,9.514224369296834,19.310252281266774,44.69940955448202,2.4557165861513686,4.435050993022007,4.206924315619967,0.8387010198604401
86,14.600107353730541,9.500805152979066,23.45679012345679,40.64680622651637,2.4557165861513686,4.435050993022007,4.200214707461084,0.7045088566827697
87,15.096618357487923,9.440418679549115,23.30246913580247,40.203972088030056,2.6435856146001075,4.435050993022007,4.17337627482555,0.7045088566827697
88,15.4723564143854,9.380032206119163,23.21524422973698,40.02952227589909,2.6435856146001075,4.40150295222759,4.17337627482555,0.6843800322061192
89,15.72061191626409,9.380032206119163,23.181696188942567,39.76784755770263,2.623456790123457,4.388083735909823,4.253891572732153,0.6843800322061192
90,15.901771336553946,9.339774557165862,23.14814814814815,39.69404186795491,2.623456790123457,4.3545356951154055,4.253891572732153,0.6843800322061192
91,15.962157809983896,8.769457863660762,21.256038647342994,42.40472356414385,1.8786902844873858,4.300858829844337,4.74369296833065,0.6843800322061192
92,16.089640365002683,8.76274825550188,21.101717659688674,42.330917874396135,1.8786902844873858,4.300858829844337,4.74369296833065,0.7917337627482555
93,16.76731078904992,8.722490606548577,20.77294685990338,41.87466451959206,1.8786902844873858,4.300858829844337,4.703435319377348,0.9796027911969941
94,17.59259259259259,8.601717659688674,20.585077831454644,41.358024691358025,1.8786902844873858,4.300858829844337,4.703435319377348,0.9796027911969941
95,17.92807300053677,8.601717659688674,20.128824476650564,41.29092860976919,2.073268921095008,4.300858829844337,4.696725711218465,0.9796027911969941
96,18.303811057434245,8.601717659688674,19.92753623188406,41.015834675254965,2.4154589371980677,4.133118625872249,4.622920021470746,0.9796027911969941
97,18.303811057434245,8.601717659688674,19.920826623725173,40.15700483091788,2.3752012882447664,4.0995705850778315,5.562265163714439,0.9796027911969941
98,18.45813204508857,8.588298443370908,19.840311325818572,39.9020397208803,2.3752012882447664,4.0995705850778315,5.548845947396672,1.1876006441223832
99,18.780193236714975,8.225979602791197,19.75979602791197,39.60681696188943,2.3752012882447664,4.133118625872249,5.931293612453032,1.1876006441223832
100,18.364197530864196,8.225979602791197,22.007514761137948,38.17096081588835,2.281266774020397,4.133118625872249,5.636070853462158,1.1808910359634996
101,18.88083735909823,8.225979602791197,21.77938808373591,38.08373590982286,2.281266774020397,4.133118625872249,5.434782608695652,1.1808910359634996
102,19.048577563070317,8.225979602791197,21.77938808373591,37.96967257112185,2.227589908749329,4.133118625872249,5.434782608695652,1.1808910359634996
103,19.363929146537842,8.225979602791197,21.55126140633387,37.915995705850776,2.227589908749329,4.0995705850778315,5.434782608695652,1.1808910359634996
104,19.685990338164252,7.957595276435856,21.34326355340848,37.65432098765432,2.428878153515835,4.066022544283414,5.407944176060118,1.4559849704777241
105,20.055018786902846,7.890499194847021,21.18894256575416,37.486580783682236,2.5496511003757383,3.9720880300590444,5.401234567901234,1.4559849704777241
106,20.497852925389157,7.890499194847021,21.115136876006442,37.29200214707461,2.522812667740204,4.240472356414386,4.985238862050457,1.4559849704777241
107,20.813204508856682,7.877079978529254,21.101717659688674,37.15780998389694,2.5161030595813205,4.240472356414386,4.8443370907139025,1.4492753623188406
108,21.591519055287172,7.856951154052603,20.625335480407944,36.71497584541063,2.5161030595813205,4.166666666666667,5.12614063338701,1.402308105206656
109,21.77938808373591,7.776435856146001,22.940150295222757,34.614868491680085,2.475845410628019,4.126409017713366,4.891304347826087,1.3955984970477724
110,21.93370907139023,7.75630703166935,22.859634997316157,34.46054750402576,2.475845410628019,4.126409017713366,5.018786902844874,1.3687600644122384
111,22.19538378958669,7.50805152979066,22.52415458937198,33.78958668813741,2.475845410628019,4.1129898013955986,5.669618894256575,1.724369296833065
112,22.450348899624263,7.37385936661299,22.463768115942027,33.55475040257649,2.4490069779924855,4.1129898013955986,5.870907139023081,1.724369296833065
113,22.134997316156735,7.37385936661299,22.29602791196994,32.789855072463766,2.7308105206655933,4.1129898013955986,6.353998926462695,2.2074610842726785
114,22.269189479334408,7.266505636070853,22.04777241009125,32.68250134192163,2.7308105206655933,4.28743961352657,6.508319914117015,2.2074610842726785
115,22.571121846484164,7.25979602791197,21.880032206119164,32.56172839506173,2.7241009125067097,4.206924315619967,6.608964036500268,2.187332259796028
116,23.15485775630703,7.226247987117552,21.62506709608159,32.29334406870639,2.6838432635534084,4.119699409554482,6.709608158883521,2.187332259796028
117,23.396403650026837,7.226247987117552,21.69887278582931,32.139023081052066,2.6637144390767578,4.005636070853462,6.6827697262479875,2.187332259796028
118,23.62453032742888,7.199409554482019,21.35668276972625,31.655931293612454,2.6637144390767578,3.911701556629093,6.6827697262479875,2.9052603327965647
119,23.899624261943103,7.199409554482019,21.16881374127751,31.588835212023618,2.6637144390767578,3.9049919484702094,6.66935050993022,2.9052603327965647
120,24.02710681696189,7.179280730005368,21.068169618894256,31.333870101986044,2.6637144390767578,4.200214707461084,6.622383252818035,2.9052603327965647
121,24.214975845410628,7.004830917874396,21.26274825550188,31.219806763285025,2.6637144390767578,4.17337627482555,6.5552871712292005,2.9052603327965647
122,24.355877616747183,6.984702093397746,21.24932903918411,31.11916264090177,2.657004830917874,4.17337627482555,6.5552871712292005,2.9052603327965647
123,24.698067632850243,6.984702093397746,21.034621578099838,30.756843800322063,2.636876006441224,4.777241009125067,6.233225979602791,2.8784219001610305
124,24.966451959205582,6.977992485238862,20.90042941492217,30.56897477187332,2.636876006441224,4.730273752012883,6.347289318303811,2.871712292002147
125,25.067096081588836,6.951154052603328,20.90042941492217,30.280461621041333,2.5966183574879227,4.663177670424047,6.689479334406871,2.8515834675254963
126,25.13419216317767,6.9243156199677935,20.833333333333332,29.636339237788512,2.522812667740204,4.7638217928073,6.662640901771336,3.5225442834138487
127,23.05421363392378,5.844068706387547,19.47799248523886,36.480139559849704,2.301395598497048,3.3279656468062266,6.367418142780462,3.1468062265163717
128,23.05421363392378,4.864465915190553,19.424315619967793,36.231884057971016,2.301395598497048,3.321256038647343,7.6623725174449815,3.140096618357488
129,23.564143853998928,4.864465915190553,19.11567364465915,35.96349973161568,2.4892646269457863,3.321256038647343,7.541599570585078,3.140096618357488
130,23.805689747718734,4.864465915190553,19.088835212023618,35.77563070316693,2.462426194310252,3.321256038647343,7.541599570585078,3.140096618357488
131,24.094202898550726,4.851046698872786,19.028448738593667,35.64143853998927,2.462426194310252,3.2877079978529253,7.50805152979066,3.126677402039721
132,24.516908212560388,4.851046698872786,19.0150295222759,35.47369833601718,2.462426194310252,3.260869565217391,7.2933440687063875,3.126677402039721
133,22.31615673644659,4.441760601180891,17.398013955984972,40.935319377348364,1.4895330112721417,3.260869565217391,7.112184648416532,3.046162104133119
134,22.33628556092324,4.441760601180891,17.357756307031668,40.78099838969404,1.7981749865807837,3.260869565217391,6.977992485238862,3.046162104133119
135,23.027375201288244,4.428341384863124,17.196725711218466,40.33816425120773,1.7981749865807837,3.2340311325818574,6.9310252281266775,3.046162104133119
136,22.920021470746107,4.428341384863124,17.143048845947398,40.07648953301127,1.7981749865807837,3.7104133118625873,6.9310252281266775,2.9924852388620504
137,22.993827160493826,4.320987654320987,17.07595276435856,40.022812667740205,1.7981749865807837,4.045893719806763,6.763285024154589,2.9790660225442833
138,23.55072463768116,4.28743961352657,16.659957058507782,39.80810520665593,1.7981749865807837,4.045893719806763,6.749865807836822,3.099838969404187
139,24.16129898013956,4.28743961352657,16.458668813741276,39.56655931293612,1.7981749865807837,4.005636070853462,6.66935050993022,3.052871712292002
140,23.879495437466453,4.253891572732153,15.58641975308642,39.86849168008588,2.3215244229736984,4.468599033816425,6.575415995705851,3.046162104133119
141,24.376006441223833,4.2270531400966185,15.573000536768653,39.62023617820719,2.120236178207193,4.461889425657541,6.575415995705851,3.046162104133119
142,24.376006441223833,4.206924315619967,15.901771336553946,39.51959205582394,2.100107353730542,4.461889425657541,6.407675791733762,3.026033279656468
143,24.322329575952764,4.180085882984434,15.901771336553946,39.231078904991946,2.100107353730542,4.676596886741814,6.407675791733762,3.180354267310789
144,24.54374664519592,4.180085882984434,15.727321524422974,39.231078904991946,2.100107353730542,4.656468062265164,6.380837359098229,3.180354267310789
145,23.376274825550187,4.17337627482555,14.55984970477724,42.49865807836822,2.100107353730542,4.3478260869565215,6.333870101986044,2.61003757380569
146,23.66478797638218,4.17337627482555,14.506172839506172,42.29736983360172,1.9793344068706387,4.4820182501341925,6.286902844873859,2.61003757380569
147,23.960010735373054,4.139828234031133,14.27133655394525,42.17659688674181,2.227589908749329,4.468599033816425,6.146001073537305,2.61003757380569
148,24.416264090177133,4.139828234031133,14.15727321524423,41.67337627482555,2.227589908749329,4.388083735909823,6.166129898013956,2.831454643048846
149,23.362855609232422,4.126409017713366,17.55233494363929,40.72061191626409,2.227589908749329,4.388083735909823,5.287171229200215,2.3349436392914655
150,23.845947396672035,3.992216854535695,17.418142780461622,40.41196994095545,2.227589908749329,4.388083735909823,5.233494363929147,2.4825550187869028
151,24.798711755233494,3.9720880300590444,17.344337090713903,39.58668813741278,2.227589908749329,4.388083735909823,5.10601180891036,2.576489533011272
152,25.09393451422437,3.9586688137412773,17.330917874396135,39.34514224369297,2.227589908749329,4.367954911433173,5.0993022007514766,2.576489533011272
153,25.241545893719806,3.92512077294686,17.290660225442835,38.39237788513151,2.227589908749329,5.260332796564681,5.0993022007514766,2.563070316693505
154,25.281803542673106,3.92512077294686,17.290660225442835,38.32528180354267,2.227589908749329,5.3341384863123995,5.052334943639291,2.563070316693505
155,25.63070316693505,3.851315083199141,17.2638217928073,38.10386473429951,2.227589908749329,5.307300053676865,5.052334943639291,2.563070316693505
156,20.356951154052602,3.8378958668813743,24.174718196457327,39.31830381105743,1.8786902844873858,4.2203435319377345,4.428341384863124,1.7847557702630166
157,20.276435856146,3.770799785292539,23.832528180354267,40.042941492216855,1.865271068169619,4.2203435319377345,4.38137412775094,1.6103059581320451
158,20.67230273752013,3.750670960815888,23.691626409017715,39.84836285560923,1.865271068169619,4.2203435319377345,4.341116478797638,1.6103059581320451
159,21.021202361782073,3.750670960815888,23.429951690821255,39.79468599033817,1.865271068169619,4.193505099302201,4.334406870638754,1.6103059581320451
160,21.470746108427267,3.750670960815888,23.10789049919485,39.21765968867418,1.8451422436929683,4.193505099302201,4.804079441760601,1.6103059581320451
161,21.631776704240472,3.743961352657005,22.873054213633925,39.09688674181428,1.8451422436929683,4.166666666666667,4.985238862050457,1.6572732152442298
162,20.705850778314545,3.7037037037037037,28.012614063338702,35.057702630166396,1.8451422436929683,4.0995705850778315,4.958400429414922,1.6170155662909287
163,20.954106280193237,3.7037037037037037,27.851583467525497,34.97047772410091,1.8451422436929683,4.0995705850778315,4.958400429414922,1.6170155662909287
164,21.484165324745035,3.7037037037037037,27.549651100375737,34.75577026301664,1.8384326355340848,4.092860976918948,4.958400429414922,1.6170155662909287
165,21.32313472893183,3.7037037037037037,26.241277509393452,36.11782071926999,2.3886205045625335,4.032474503488996,4.703435319377348,1.4895330112721417
166,21.994095544820183,3.7037037037037037,26.147342995169083,35.628019323671495,2.3886205045625335,3.851315083199141,4.810789049919484,1.4761137949543746
167,22.0276435856146,3.683574879227053,25.95276435856146,35.607890499194845,2.3483628556092326,4.092860976918948,4.810789049919484,1.4761137949543746
168,22.208803005904453,3.683574879227053,25.89237788513151,35.49382716049383,2.3483628556092326,4.092860976918948,4.804079441760601,1.4761137949543746
169,22.799248523886206,3.5829307568438002,25.623993558776167,35.13150831991412,2.3349436392914655,4.327697262479871,4.730273752012883,1.4694041867954912
170,23.101180891035963,3.5762211486849167,25.47638217928073,35.01073537305421,2.3349436392914655,4.327697262479871,4.7101449275362315,1.4626945786366077
171,23.47691894793344,3.515834675254965,25.275093934514224,34.45383789586688,2.214170692431562,4.7168545356951155,4.7101449275362315,1.6371443907675791
172,23.443370907139023,3.515834675254965,23.564143853998928,36.842458400429415,1.9793344068706387,4.549114331723027,4.555823939881911,1.5499194847020934
173,23.872785829307567,3.515834675254965,23.329307568438004,36.71497584541063,1.9659151905528718,4.549114331723027,4.502147074610843,1.5499194847020934
174,21.712292002147073,3.515834675254965,15.08990874932904,44.96779388083736,4.884594739667204,4.300858829844337,4.180085882984434,1.3486312399355878
175,22.33628556092324,3.515834675254965,15.063070316693505,44.67257112184648,4.703435319377348,4.274020397208803,4.159957058507783,1.2748255501878691
176,22.530864197530864,3.515834675254965,15.042941492216855,44.42431561996779,4.643048845947397,4.274020397208803,4.294149221685454,1.2748255501878691
177,23.15485775630703,3.408480944712829,14.949006977992486,44.00831991411702,4.643048845947397,4.26731078904992,4.294149221685454,1.2748255501878691
178,23.450080515297905,3.3950617283950617,14.949006977992486,43.78019323671498,4.609500805152979,4.247181964573269,4.294149221685454,1.2748255501878691
179,23.66478797638218,3.388352120236178,14.821524422973699,43.525228126677405,4.5960815888352125,4.233762748255502,4.49543746645196,1.2748255501878691
180,23.852657004830917,3.388352120236178,14.741009125067096,43.41787439613527,4.5960815888352125,4.233762748255502,4.49543746645196,1.2748255501878691
181,24.033816425120772,3.3413848631239937,14.61352657004831,43.203166935050994,4.911433172302737,4.233762748255502,4.394793344068707,1.2681159420289856
182,23.852657004830917,3.3413848631239937,14.392109500805153,42.901234567901234,5.253623188405797,4.8443370907139025,4.146537842190016,1.2681159420289856
183,23.960010735373054,3.3413848631239937,14.378690284487385,42.89452495974235,5.246913580246914,4.810789049919484,4.106280193236715,1.261406333870102
184,24.644390767579175,3.0193236714975846,14.378690284487385,42.68652710681696,5.246913580246914,4.703435319377348,4.05931293612453,1.261406333870102
185,24.765163714439076,2.7643585614600106,14.378690284487385,42.55904455179817,5.669618894256575,4.636339237788513,3.965378421900161,1.261406333870102
186,25.187869028448738,2.757648953301127,14.36527106816962,42.21685453569511,5.669618894256575,4.5960815888352125,3.9586688137412773,1.247987117552335
187,25.711218464841654,2.7308105206655933,14.278046162104133,41.80756843800322,5.629361245303274,4.683306494900698,3.92512077294686,1.2345679012345678
188,26.01315083199141,2.6637144390767578,14.217659688674182,41.666666666666664,5.615942028985507,4.683306494900698,3.9049919484702094,1.2345679012345678
189,26.247987117552334,2.6301663982823404,14.130434782608695,41.56602254428341,5.917874396135265,4.51556629092861,3.7573805689747717,1.2345679012345678
190,20.605206655931294,1.8518518518518519,8.581588835212024,56.025228126677405,4.51556629092861,2.9589371980676327,4.394793344068707,1.06682769726248
191,21.108427267847556,1.8518518518518519,8.299785292538916,54.99865807836822,4.51556629092861,3.227321524422974,5.052334943639291,0.9460547504025765
192,21.215780998389693,1.7579173376274826,8.293075684380032,54.911433172302736,4.51556629092861,3.166935050993022,5.193236714975845,0.9460547504025765
193,21.732420826623724,1.7579173376274826,8.266237251744498,54.44176060118089,4.508856682769726,3.1535158346752548,5.193236714975845,0.9460547504025765
194,22.309447128287708,1.7579173376274826,8.246108427267847,53.656736446591516,4.508856682769726,3.1333870101986045,5.367686527106817,1.0198604401502953
195,22.69189479334407,1.7444981213097155,8.125335480407944,53.207192699946326,4.4820182501341925,3.1333870101986045,5.595813204508857,1.0198604401502953
196,23.040794417606012,1.737788513150832,8.125335480407944,52.87842190016103,4.4820182501341925,3.1199677938808374,5.595813204508857,1.0198604401502953
197,22.29602791196994,1.724369296833065,7.9106280193236715,50.64412238325282,8.313204508856682,3.1199677938808374,5.032206119162641,0.9594739667203436
198,21.336553945249598,1.724369296833065,7.37385936661299,48.530595813204506,12.02361782071927,3.0327428878153517,5.018786902844874,0.9594739667203436
199,21.866612989801396,1.6639828234031133,9.75577026301664,46.544551798174986,11.936392914653783,3.0327428878153517,4.253891572732153,0.9460547504025765
200,22.517444981213096,1.6304347826086956,9.702093397745571,45.73939881910896,11.83574879227053,3.0327428878153517,4.5960815888352125,0.9460547504025765
201,23.67149758454106,1.6170155662909287,9.655126140633387,44.69940955448202,11.808910359634996,3.0327428878153517,4.582662372517445,0.9326355340848095
202,23.859366612989803,1.6170155662909287,9.5276435856146,44.51154052603328,11.782071926999464,3.012614063338701,4.757112184648417,0.9326355340848095
203,24.053945249597422,1.6170155662909287,9.567901234567902,44.196188942565755,11.735104669887278,3.3145464304884595,4.64975845410628,0.8655394524959742
204,22.61808910359635,1.570048309178744,21.202361782071925,35.547504025764894,11.158078368223295,2.918679549114332,4.3478260869565215,0.6374127750939346
205,22.859634997316157,1.570048309178744,21.155394524959743,35.46027911969941,11.05072463768116,2.918679549114332,4.3478260869565215,0.6374127750939346
206,23.081052066559312,1.5633387010198605,20.41062801932367,38.016639828234034,9.078099838969404,2.8784219001610305,4.334406870638754,0.6374127750939346
207,23.389694041867955,1.5633387010198605,20.37037037037037,37.76838432635534,8.970746108427267,2.85829307568438,4.448470209339774,0.630703166935051
208,23.93317230273752,1.556629092860977,20.28985507246377,37.37251744498121,8.970746108427267,2.8247450348899625,4.448470209339774,0.6038647342995169
209,24.349168008588297,1.556629092860977,20.12211486849168,37.184648416532475,8.964036500268385,2.771068169618894,4.448470209339774,0.6038647342995169
210,24.54374664519592,1.556629092860977,20.068438003220614,37.164519592055825,8.923778851315083,2.690552871712292,4.448470209339774,0.6038647342995169
211,24.805421363392377,1.5432098765432098,19.98792270531401,36.902844873859365,8.923778851315083,2.6502952227589907,4.582662372517445,0.6038647342995169
212,25.6105743424584,1.5230810520665594,19.712828770799785,36.33923778851315,8.57487922705314,2.61003757380569,5.025496511003757,0.6038647342995169
213,25.805152979066023,1.5230810520665594,19.699409554482017,36.2385936661299,8.548040794417606,2.61003757380569,4.9718196457326895,0.6038647342995169
214,26.435856146001072,1.5230810520665594,19.209608158883523,36.13794954374664,8.507783145464305,2.61003757380569,4.9718196457326895,0.6038647342995169
215,27.113526570048307,1.5230810520665594,18.833870101986044,35.39989264626946,8.501073537305421,2.61003757380569,5.501878690284487,0.5166398282340311
216,27.4020397208803,1.5230810520665594,18.719806763285025,35.258990874932906,8.467525496511003,2.61003757380569,5.501878690284487,0.5166398282340311
217,27.871712292002147,1.5230810520665594,18.35077831454643,35.18518518518518,8.467525496511003,2.61003757380569,5.475040257648954,0.5166398282340311
218,27.925389157273216,1.5230810520665594,18.35077831454643,34.99060654857756,8.655394524959743,2.61003757380569,5.428073000536768,0.5166398282340311
219,28.119967793880836,1.5230810520665594,18.337359098228664,34.876543209876544,8.61513687600644,2.5966183574879227,5.414653784219001,0.5166398282340311
220,28.193773483628558,1.5230810520665594,18.303811057434245,34.715512614063336,8.581588835212024,2.5966183574879227,5.5756843800322065,0.5099302200751477
221,28.515834675254965,1.5230810520665594,18.256843800322063,34.554482018250134,8.507783145464305,2.5966183574879227,5.535426731078905,0.5099302200751477
222,28.408480944712828,1.5230810520665594,17.881105743424584,34.21229200214707,8.480944712828771,3.6500268384326353,5.347557702630167,0.49651100375738055
223,28.408480944712828,1.5230810520665594,17.847557702630166,33.72920021470746,8.480944712828771,4.180085882984434,5.3341384863123995,0.49651100375738055
224,28.61647879763822,1.5230810520665594,17.807300053676865,33.60842726784756,8.480944712828771,4.180085882984434,5.287171229200215,0.49651100375738055
225,28.69699409554482,1.5096618357487923,17.431561996779386,33.48765432098765,8.454106280193237,4.4753086419753085,5.448201825013419,0.49651100375738055
226,28.69699409554482,1.5096618357487923,16.901502952227588,33.44068706387547,9.66183574879227,3.730542136339238,5.441492216854535,0.6172839506172839
227,28.79092860976919,1.4761137949543746,16.901502952227588,33.279656468062264,9.621578099838969,3.8714439076757916,5.441492216854535,0.6172839506172839
228,28.891572732152444,1.4761137949543746,16.74718196457327,33.09849704777241,9.621578099838969,4.146537842190016,5.401234567901234,0.6172839506172839
229,27.17391304347826,0.9863123993558777,16.841116478797638,33.55475040257649,10.735373054213634,4.998658078368224,5.092592592592593,0.6172839506172839
230,27.67042404723564,0.95276435856146,16.82769726247987,33.45410628019324,10.735373054213634,4.918142780461621,4.824208266237251,0.6172839506172839
231,27.979066022544284,0.9393451422436929,16.794149221685455,33.299785292538914,10.721953837895867,4.824208266237251,4.824208266237251,0.6172839506172839
232,28.113258185721953,0.9326355340848095,16.170155662909288,33.24610842726785,10.695115405260333,4.824208266237251,4.817498658078368,1.2010198604401503
233,28.442028985507246,0.8990874932903918,16.170155662909288,33.1454643048846,10.628019323671497,4.696725711218465,4.817498658078368,1.2010198604401503
234,28.5829307568438,0.8990874932903918,16.170155662909288,32.67579173376275,10.507246376811594,4.669887278582931,5.293880837359098,1.2010198604401503
235,28.61647879763822,0.8990874932903918,16.13660762211487,32.55501878690284,10.628019323671497,4.669887278582931,5.293880837359098,1.2010198604401503
236,28.743961352657006,0.8990874932903918,16.056092324208265,32.51476113794954,10.628019323671497,4.669887278582931,5.293880837359098,1.1943102522812667
237,29.13311862587225,0.8990874932903918,15.895061728395062,32.33360171765969,10.889694041867955,4.643048845947397,5.052334943639291,1.1540526033279657
238,29.582662372517444,0.8990874932903918,15.794417606011809,32.26650563607085,10.641438539989265,4.616210413311863,5.045625335480408,1.1540526033279657
239,30.018786902844873,0.8990874932903918,15.633387010198604,32.15915190552872,10.59447128287708,4.616210413311863,4.985238862050457,1.093666129898014
240,30.280461621041333,0.8990874932903918,15.505904455179817,31.870638754696724,10.57434245840043,4.87788513150832,4.904723564143854,1.0869565217391304
241,30.56226516371444,0.8990874932903918,15.499194847020934,31.629092860976918,10.540794417606012,4.750402576489533,5.032206119162641,1.0869565217391304
242,30.703166935050994,0.8990874932903918,15.767579173376275,31.42109500805153,10.534084809447128,4.64975845410628,4.938271604938271,1.0869565217391304
243,31.04535695115405,0.8990874932903918,15.599838969404187,31.333870101986044,10.446859903381643,4.64975845410628,4.938271604938271,1.0869565217391304
244,31.07890499194847,0.8990874932903918,15.593129361245303,31.313741277509394,10.44015029522276,4.64975845410628,4.938271604938271,1.0869565217391304
245,31.884057971014492,0.8990874932903918,15.526033279656469,30.931293612453032,10.393183038110575,4.394793344068707,4.884594739667204,1.0869565217391304
246,32.347020933977454,0.8990874932903918,15.438808373590982,30.783682232957595,10.19189479334407,4.394793344068707,4.85775630703167,1.0869565217391304
247,32.54159957058508,0.8990874932903918,15.438808373590982,30.709876543209877,10.0979602791197,4.394793344068707,4.830917874396135,1.0869565217391304
248,31.80354267310789,0.8990874932903918,18.4044551798175,29.757112184648417,9.903381642512077,4.066022544283414,4.200214707461084,0.966183574879227
249,31.99812130971551,0.8990874932903918,18.4044551798175,29.716854535695116,9.903381642512077,4.052603327965647,4.05931293612453,0.966183574879227
250,32.25979602791197,0.8990874932903918,18.35077831454643,29.57595276435856,9.863123993558776,4.052603327965647,4.032474503488996,0.966183574879227
251,32.50805152979066,0.8990874932903918,18.203166935050994,29.51556629092861,9.863123993558776,4.025764895330113,4.019055287171229,0.966183574879227
252,32.72275899087493,0.8990874932903918,18.015297906602253,29.428341384863124,9.943639291465379,4.025764895330113,3.9989264626945786,0.966183574879227
253,32.86366076221149,0.8990874932903918,17.975040257648953,29.347826086956523,9.923510466988727,4.025764895330113,3.9989264626945786,0.966183574879227
254,33.2259796027912,0.8990874932903918,17.887815351583466,29.11969940955448,9.883252818035427,4.025764895330113,3.9989264626945786,0.9594739667203436
255,33.313204508856685,0.8789586688137413,17.860976918947934,28.690284487385938,9.842995169082126,4.025764895330113,4.428341384863124,0.9594739667203436
256,33.54804079441761,0.8789586688137413,17.860976918947934,28.515834675254965,9.802737520128824,4.025764895330113,4.408212560386473,0.9594739667203436
257,33.85668276972625,0.8789586688137413,17.840848094471284,28.395061728395063,9.675254965110037,4.025764895330113,4.367954911433173,0.9594739667203436
258,34.05126140633387,0.8789586688137413,17.800590445517983,28.341384863123995,9.648416532474503,3.9720880300590444,4.3478260869565215,0.9594739667203436
259,34.27938808373591,0.8789586688137413,17.780461621041333,28.14680622651637,9.648416532474503,3.9586688137412773,4.3478260869565215,0.9594739667203436
260,34.84970477724101,0.8789586688137413,17.465110037573805,28.039452495974235,9.567901234567902,3.9586688137412773,4.280730005367687,0.9594739667203436
261,35.11137949543747,0.8789586688137413,17.411433172302736,27.905260332796566,9.561191626409018,3.9318303811057436,4.247181964573269,0.95276435856146
262,35.40660225442834,0.8789586688137413,17.357756307031668,27.717391304347824,9.541062801932368,3.92512077294686,4.2203435319377345,0.95276435856146
263,35.547504025764894,0.8789586688137413,17.290660225442835,27.596618357487923,9.440418679549115,4.086151368760064,4.206924315619967,0.95276435856146
264,35.74208266237252,0.8789586688137413,17.12962962962963,28.166935050993022,9.044551798174986,4.066022544283414,4.019055287171229,0.95276435856146
265,35.990338164251206,0.8789586688137413,16.955179817498657,28.10654857756307,9.03113258185722,4.066022544283414,4.019055287171229,0.95276435856146
266,36.191626409017715,0.8655394524959742,16.948470209339774,28.06629092860977,8.970746108427267,4.019055287171229,3.9855072463768115,0.95276435856146
267,36.35265700483092,0.8655394524959742,16.847826086956523,27.87842190016103,8.756038647342995,4.2270531400966185,4.133118625872249,0.9393451422436929
268,36.553945249597426,0.8655394524959742,16.820987654320987,27.82474503488996,8.641975308641975,4.2270531400966185,4.126409017713366,0.9393451422436929
269,36.67471819645733,0.8655394524959742,16.7337627482555,27.81803542673108,8.641975308641975,4.2270531400966185,4.0995705850778315,0.9393451422436929
270,36.943102522812666,0.8655394524959742,16.646537842190018,27.710681696188942,8.608427267847558,4.2270531400966185,4.05931293612453,0.9393451422436929
271,37.224906065485776,0.8655394524959742,16.606280193236714,27.63016639828234,8.514492753623188,4.206924315619967,4.032474503488996,0.9192163177670424
