,45,50,53,51,52,54,55,57,56
0,95.967525496511,4.032474503488996,,,,,,,
1,92.7536231884058,7.246376811594203,,,,,,,
2,92.7536231884058,7.246376811594203,,,,,,,
3,85.39318303811058,14.606816961889425,,,,,,,
4,81.72973698336017,18.270263016639827,,,,,,,
5,70.00805152979066,27.241009125067094,2.7509393451422435,,,,,,
6,70.02147074610842,27.22758990874933,2.7509393451422435,,,,,,
7,57.340311325818575,40.56629092860977,2.0933977455716586,,,,,,
8,45.269726247987116,47.30273752012882,2.0933977455716586,5.3341384863123995,,,,,
9,44.94095544820183,47.93344068706388,1.7914653784219001,5.3341384863123995,,,,,
10,39.93558776167472,34.97047772410091,1.4224369296833066,19.95437466451959,3.717122920021471,,,,
11,40.23081052066559,34.74906065485776,1.4224369296833066,19.880568974771872,3.717122920021471,,,,
12,35.03086419753087,29.636339237788512,1.4090177133655395,30.20665593129361,3.717122920021471,,,,
13,29.126409017713364,24.44310252281267,1.4090177133655395,34.15190552871712,10.869565217391305,,,,
14,24.476650563607084,33.05823939881911,1.4090177133655395,30.56897477187332,10.487117552334944,,,,
15,23.181696188942567,34.4068706387547,1.4090177133655395,30.52871712292002,10.473698336017177,,,,
16,22.86634460547504,32.326892109500804,1.4090177133655395,30.347557702630166,10.44015029522276,2.4355877616747184,0.17444981213097155,,
17,18.59903381642512,38.93585614600107,,26.86527106816962,14.358561460010735,1.2412775093934514,,,
18,15.11003757380569,23.79898013955985,,50.26167471819646,10.82259796027912,0.0067096081588835215,,,
19,14.325013419216317,24.62426194310252,,49.81213097155126,10.82259796027912,0.0067096081588835215,0.4092860976918948,,
20,14.371980676328503,23.718464841653248,,48.772141706924316,11.486849168008588,0.5367686527106817,1.1137949543746646,,
21,14.351851851851851,23.678207192699947,2.9723564143853998,46.564680622651636,11.2788513150832,0.20128824476650564,0.8051529790660226,0.14761137949543746,
22,14.378690284487385,20.517981749865807,12.298711755233494,40.405260332796566,11.2788513150832,0.16774020397208803,0.8051529790660226,0.14761137949543746,
23,13.955984970477724,14.841653247450349,12.037037037037036,45.450885668276975,12.191358024691358,0.5703166935050993,0.8051529790660226,0.14761137949543746,
24,14.130434782608695,14.801395598497047,12.110842726784755,45.276435856146,12.184648416532475,0.5703166935050993,0.7783145464304885,0.14761137949543746,
25,13.882179280730005,14.78797638217928,16.740472356414386,41.720343531937736,11.372785829307569,0.5703166935050993,0.7783145464304885,0.14761137949543746,
26,13.90901771336554,14.76784755770263,16.7337627482555,41.58615136876006,11.372785829307569,0.5703166935050993,0.7783145464304885,0.14761137949543746,0.13419216317767044
27,14.814814814814815,14.707461084272678,16.398282340311326,41.12989801395599,11.332528180354267,0.5703166935050993,0.7783145464304885,0.13419216317767044,0.13419216317767044
28,14.546430488459475,15.01610305958132,14.687332259796028,43.874127750939344,10.138217928073,0.5703166935050993,0.8990874932903918,0.13419216317767044,0.13419216317767044
29,14.834943639291465,15.002683843263553,14.647074610842727,43.68625872249061,10.091250670960816,0.5703166935050993,0.8990874932903918,0.13419216317767044,0.13419216317767044
30,15.042941492216855,15.002683843263553,14.573268921095009,43.08239398819109,10.064412238325282,0.5703166935050993,1.3955984970477724,0.13419216317767044,0.13419216317767044
31,15.552871712292003,14.579978529253891,14.53972088030059,41.79414922168545,9.722222222222221,0.5703166935050993,2.9723564143853998,0.13419216317767044,0.13419216317767044
32,14.895330112721417,14.512882447665056,11.084272678475577,45.37707997852925,10.997047772410092,,2.8650026838432634,0.13419216317767044,0.13419216317767044
33,15.009393451422437,14.465915190552872,13.546698872785829,42.64626945786366,10.896403650026839,,3.166935050993022,0.13419216317767044,0.13419216317767044
34,15.230810520665592,14.31159420289855,11.634460547504025,42.310789049919485,13.077026301663983,,3.166935050993022,0.13419216317767044,0.13419216317767044
35,8.333333333333334,18.19645732689211,11.117820719269995,45.32340311325819,12.902576489533011,0.6910896403650026,3.166935050993022,0.13419216317767044,0.13419216317767044
36,8.427267847557703,15.96886741814278,11.117820719269995,45.276435856146,15.083199141170155,0.6910896403650026,3.166935050993022,0.13419216317767044,0.13419216317767044
37,8.648684916800859,13.848631239935587,11.09098228663446,45.09527643585615,16.97530864197531,0.6910896403650026,3.3816425120772946,0.13419216317767044,0.13419216317767044
38,8.977455716586151,13.285024154589372,11.09098228663446,44.7866344605475,17.827428878153516,0.38915727321524424,3.3816425120772946,0.13419216317767044,0.1274825550187869
39,9.286097691894794,13.251476113794954,10.950080515297907,44.32367149758454,18.45813204508857,0.38915727321524424,3.079710144927536,0.13419216317767044,0.1274825550187869
40,9.460547504025765,13.16425120772947,10.513955984970478,43.98148148148148,16.57944176060118,2.703972088030059,3.33467525496511,0.13419216317767044,0.1274825550187869
41,9.608158883521202,13.137412775093935,9.923510466988727,43.10923242082662,17.66639828234031,2.703972088030059,3.589640365002684,0.13419216317767044,0.1274825550187869
42,9.86983360171766,13.077026301663983,10.339506172839506,43.042136339237786,17.11621041331186,2.703972088030059,3.589640365002684,0.13419216317767044,0.1274825550187869
43,9.668545356951155,11.05072463768116,10.319377348362856,47.98040794417606,16.31105743424584,0.8252818035426731,3.589640365002684,0.1274825550187869,0.1274825550187869
44,10.607890499194847,10.68840579710145,10.319377348362856,47.30273752012882,16.411701556629094,0.8252818035426731,3.589640365002684,0.1274825550187869,0.1274825550187869
45,10.82259796027912,10.68840579710145,10.319377348362856,47.24235104669887,16.25738056897477,0.8252818035426731,3.589640365002684,0.1274825550187869,0.1274825550187869
46,11.117820719269995,10.446859903381643,9.943639291465379,44.73295759527644,18.23671497584541,0.8252818035426731,3.3011272141706924,0.1274825550187869,1.2681159420289856
47,11.520397208803006,10.426731078904991,10.185185185185185,44.60547504025765,17.847557702630166,0.7179280730005367,3.3011272141706924,0.1274825550187869,1.2681159420289856
48,6.293612453032743,25.577026301663984,8.474235104669887,41.888083735909824,13.211218464841654,0.38915727321524424,2.6167471819645733,0.28180354267310787,1.2681159420289856
49,6.394256575415996,25.577026301663984,8.474235104669887,41.34460547504026,13.211218464841654,0.38915727321524424,2.589908749329039,0.28180354267310787,1.737788513150832
50,6.561996779388084,24.12775093934514,8.21256038647343,45.05501878690284,9.614868491680086,0.38915727321524424,4.019055287171229,0.28180354267310787,1.737788513150832
51,6.575415995705851,24.053945249597422,6.146001073537305,47.24235104669887,9.614868491680086,0.38915727321524424,4.019055287171229,0.28180354267310787,1.6774020397208802
52,6.890767579173376,14.861782071927,5.857487922705314,46.66532474503489,19.545088566827697,0.38915727321524424,3.7573805689747717,0.28180354267310787,1.751207729468599
53,5.844068706387547,13.258185721953838,5.347557702630167,44.558507783145465,24.93961352657005,0.38915727321524424,3.7573805689747717,0.15432098765432098,1.751207729468599
54,6.092324208266238,13.258185721953838,5.347557702630167,44.02173913043478,24.832259796027913,0.38915727321524424,3.730542136339238,0.15432098765432098,2.1739130434782608
55,6.5552871712292005,13.22463768115942,5.072463768115942,43.42458400429415,24.684648416532475,0.9796027911969941,3.730542136339238,0.15432098765432098,2.1739130434782608
56,6.78341384863124,13.177670424047236,5.005367686527107,43.35748792270532,24.651100375738057,0.9796027911969941,3.730542136339238,0.15432098765432098,2.1604938271604937
57,6.89747718733226,13.177670424047236,3.9318303811057436,43.08239398819109,26.01315083199141,0.8856682769726248,3.69699409554482,0.15432098765432098,2.1604938271604937
58,6.340579710144928,11.634460547504025,3.770799785292539,46.812936124530324,24.174718196457327,0.6508319914117016,4.320987654320987,0.15432098765432098,2.1403650026838434
59,6.615673644659152,11.600912506709609,3.770799785292539,46.765968867418145,23.980139559849704,0.6508319914117016,4.320987654320987,0.15432098765432098,2.1403650026838434
60,6.796833064949007,9.876543209876543,3.126677402039721,44.37734836285561,23.993558776167472,3.3816425120772946,6.152710681696189,0.15432098765432098,2.1403650026838434
61,6.320450885668277,9.77589908749329,2.999194847020934,43.75335480407944,23.597691894793343,4.28743961352657,6.971282877079979,0.15432098765432098,2.1403650026838434
62,6.494900697799249,9.742351046698873,2.9589371980676327,43.73322597960279,23.517176596886742,4.28743961352657,6.971282877079979,0.15432098765432098,2.1403650026838434
63,6.702898550724638,9.742351046698873,5.119431025228127,42.35775630703167,23.282340311325818,4.233762748255502,7.407407407407407,0.15432098765432098,0.9997316156736447
64,6.790123456790123,9.742351046698873,5.112721417069243,42.28395061728395,23.275630703166936,4.233762748255502,7.407407407407407,0.15432098765432098,0.9997316156736447
65,6.78341384863124,9.742351046698873,5.112721417069243,41.297638217928075,25.10064412238325,3.7775093934514223,7.407407407407407,0.15432098765432098,0.6239935587761675
66,6.78341384863124,7.856951154052603,5.112721417069243,41.297638217928075,25.033548040794418,3.7775093934514223,9.359903381642512,0.15432098765432098,0.6239935587761675
67,5.226784755770263,6.964573268921095,5.01207729468599,44.89398819108964,24.22168545356951,4.62962962962963,8.400429414922169,0.15432098765432098,0.49651100375738055
68,4.240472356414386,6.6760601180891035,4.609500805152979,54.43505099302201,16.51905528717123,4.582662372517445,8.353462157809984,0.13419216317767044,0.4495437466451959
69,4.146537842190016,3.3480944712828773,4.274020397208803,53.535963499731615,22.463768115942027,4.502147074610843,6.951154052603328,0.13419216317767044,0.644122383252818
70,4.166666666666667,3.2541599570585076,4.274020397208803,53.42860976918948,22.73886205045625,4.502147074610843,6.857219538378959,0.13419216317767044,0.644122383252818
71,4.468599033816425,3.2474503488996245,4.274020397208803,53.03274288781535,20.71256038647343,4.609500805152979,8.876811594202898,0.13419216317767044,0.644122383252818
72,4.374664519592056,3.2474503488996245,4.274020397208803,50.32206119162641,23.013955984970476,4.609500805152979,9.380032206119163,0.13419216317767044,0.644122383252818
73,4.575952764358561,3.2474503488996245,4.274020397208803,50.20799785292539,22.953569511540525,4.609500805152979,9.353193773483628,0.13419216317767044,0.644122383252818
74,4.7101449275362315,3.2004830917874396,4.260601180891036,50.026838432635536,22.86634460547504,4.609500805152979,9.54777241009125,0.13419216317767044,0.644122383252818
75,5.186527106816962,3.2004830917874396,5.676328502415459,48.83923778851315,22.269189479334408,4.609500805152979,9.245840042941492,0.13419216317767044,0.8387010198604401
76,5.756843800322061,3.2004830917874396,5.58239398819109,48.671497584541065,21.34326355340848,4.609500805152979,9.158615136876007,0.8387010198604401,0.8387010198604401
77,6.125872249060655,3.2004830917874396,5.58239398819109,48.42324208266237,21.309715512614062,4.609500805152979,9.07139023081052,0.8387010198604401,0.8387010198604401
78,6.031937734836285,2.3550724637681157,5.2066559312936125,51.731078904991946,19.209608158883523,4.609500805152979,8.93719806763285,0.7045088566827697,1.2144390767579174
79,5.911164787976382,2.3550724637681157,4.891304347826087,49.261943102522814,21.79951690821256,4.562533548040794,9.29951690821256,0.7045088566827697,1.2144390767579174
80,6.152710681696189,2.2208803005904456,4.891304347826087,49.02710681696189,21.79951690821256,4.562533548040794,9.292807300053678,0.7045088566827697,1.3486312399355878
81,6.454643048845948,2.2208803005904456,4.87788513150832,48.75872249060655,21.30300590445518,4.542404723564144,9.292807300053678,1.2010198604401503,1.3486312399355878
82,5.931293612453032,2.2208803005904456,8.353462157809984,47.28931830381106,20.38378958668814,5.065754159957058,8.735909822866345,1.0064412238325282,1.0131508319914118
83,5.132850241545894,2.0128824476650564,7.856951154052603,52.91867954911433,17.726784755770264,4.549114331723027,8.085077831454644,0.7045088566827697,1.0131508319914118
84,5.320719269994632,1.9927536231884058,7.836822329575953,52.824745034889965,17.69994632313473,4.53569511540526,8.07836822329576,0.6977992485238862,1.0131508319914118
85,5.387815351583468,1.9927536231884058,7.702630166398282,52.824745034889965,17.66639828234031,4.53569511540526,8.179012345679013,0.6977992485238862,1.0131508319914118
86,5.622651637144391,1.9457863660762211,7.682501341921632,52.42216854535695,17.612721417069242,4.502147074610843,8.179012345679013,0.6977992485238862,1.3352120236178207
87,5.636070853462158,1.90552871712292,5.656199677938808,54.569243156199676,17.163177670424048,5.025496511003757,8.011272141706923,0.6977992485238862,1.3352120236178207
88,5.844068706387547,1.90552871712292,5.656199677938808,54.40150295222759,17.136339237788512,5.01207729468599,8.011272141706923,0.6977992485238862,1.3352120236178207
89,5.669618894256575,1.402308105206656,5.656199677938808,54.30756843800322,16.955179817498657,6.5552871712292005,7.4208266237251745,0.6977992485238862,1.3352120236178207
90,6.468062265163715,1.402308105206656,5.656199677938808,53.31454643048846,16.935050993022006,6.5552871712292005,7.4208266237251745,0.6977992485238862,1.5499194847020934
91,6.769994632313473,1.3754696725711217,5.656199677938808,53.153515834675254,16.834406870638755,6.5552871712292005,7.407407407407407,0.6977992485238862,1.5499194847020934
92,6.877348362855609,1.3754696725711217,5.656199677938808,52.502683843263554,15.13016639828234,9.104938271604938,7.118894256575416,0.6977992485238862,1.5365002683843263
93,7.152442297369833,1.3754696725711217,5.542136339237788,51.7914653784219,14.99597423510467,10.00402576489533,6.904186795491143,0.6977992485238862,1.5365002683843263
94,7.246376811594203,1.3754696725711217,5.542136339237788,51.64385399892646,14.935587761674718,10.00402576489533,7.03166935050993,0.6843800322061192,1.5365002683843263
95,6.327160493827161,1.1406333870101986,5.092592592592593,54.87788513150832,14.143853998926463,9.339774557165862,6.857219538378959,0.6843800322061192,1.5365002683843263
96,6.937734836285561,1.1406333870101986,5.092592592592593,54.28073000536769,14.13714439076758,9.158615136876007,6.857219538378959,0.6843800322061192,1.710950080515298
97,7.1725711218464845,1.133923778851315,5.092592592592593,54.1532474503489,14.130434782608695,9.084809447128288,6.837090713902308,0.6843800322061192,1.710950080515298
98,7.253086419753086,1.133923778851315,5.092592592592593,54.1129898013956,14.130434782608695,9.044551798174986,6.837090713902308,0.6843800322061192,1.710950080515298
99,6.414385399892646,0.5636070853462157,5.092592592592593,55.522007514761135,21.28287707997853,5.401234567901234,4.186795491143317,,1.5365002683843263
100,6.447933440687064,0.5636070853462157,5.092592592592593,55.49516908212561,21.276167471819647,5.401234567901234,4.186795491143317,,1.5365002683843263
101,6.608964036500268,0.5636070853462157,5.0791733762748255,49.80542136339238,26.959205582393988,5.340848094471283,4.146537842190016,,1.4962426194310252
102,6.837090713902308,0.5636070853462157,5.0791733762748255,49.61755233494364,26.670692431561996,5.340848094471283,4.146537842190016,,1.7444981213097155
103,7.0383789586688135,0.5636070853462157,5.065754159957058,48.8593666129898,26.670692431561996,5.340848094471283,4.139828234031133,,2.3215244229736984
104,7.340311325818572,0.5636070853462157,5.065754159957058,48.752012882447666,26.50295222758991,5.314009661835748,4.139828234031133,,2.3215244229736984
105,7.588566827697263,0.5636070853462157,5.495169082125604,48.54401502952228,25.751476113794954,5.662909286097692,4.072732152442297,,2.3215244229736984
106,8.514492753623188,0.5636070853462157,5.3274288781535155,48.27563070316693,25.32206119162641,5.662909286097692,4.019055287171229,,2.314814814814815
107,8.59500805152979,0.5636070853462157,5.3274288781535155,48.19511540526033,25.32206119162641,5.662909286097692,4.019055287171229,,2.314814814814815
108,8.735909822866345,0.5636070853462157,5.917874396135265,48.13472893183038,24.738325281803544,5.662909286097692,3.9318303811057436,,2.314814814814815
109,8.749329039184111,0.5636070853462157,5.615942028985507,46.866612989801396,24.530327428878152,7.447665056360709,3.911701556629093,,2.314814814814815
110,8.541331186258722,0.5636070853462157,5.615942028985507,47.5979602791197,24.490069779924852,7.4141170155662905,3.4957058507783145,,2.281266774020397
111,8.715780998389693,0.5636070853462157,5.609232420826624,47.46376811594203,24.476650563607084,7.4141170155662905,3.4957058507783145,,2.2611379495437465
112,8.930488459473967,0.5636070853462157,5.595813204508857,47.44363929146538,24.335748792270532,7.4141170155662905,3.455448201825013,,2.2611379495437465
113,8.970746108427267,0.5568974771873323,5.226784755770263,46.4975845410628,25.85882984433709,6.944444444444445,3.683574879227053,,2.2611379495437465
114,9.158615136876007,0.5568974771873323,5.226784755770263,46.30971551261406,25.85882984433709,6.944444444444445,3.683574879227053,,2.2611379495437465
115,9.433709071390231,0.5568974771873323,6.991411701556629,44.50483091787439,25.711218464841654,6.944444444444445,3.683574879227053,,2.1739130434782608
116,9.500805152979066,0.5568974771873323,6.991411701556629,44.437734836285564,25.711218464841654,6.944444444444445,3.683574879227053,,2.1739130434782608
117,9.91009125067096,0.5568974771873323,6.991411701556629,44.34380032206119,25.42270531400966,6.91760601180891,3.683574879227053,,2.1739130434782608
118,10.071121846484166,0.5568974771873323,6.776704240472356,44.04857756307032,25.369028448738593,6.91760601180891,3.683574879227053,,2.576489533011272
119,10.02415458937198,0.5568974771873323,6.615673644659152,45.52469135802469,25.167740203972087,6.052066559312936,3.6231884057971016,,2.4355877616747184
120,10.21202361782072,0.5568974771873323,6.615673644659152,45.3569511540526,25.167740203972087,6.031937734836285,3.6231884057971016,,2.4355877616747184
121,10.312667740203972,0.5568974771873323,6.615673644659152,45.28314546430489,25.026838432635532,6.018518518518518,3.7640901771336552,,2.4221685453569513
122,10.413311862587225,0.5568974771873323,6.615673644659152,45.06172839506173,25.026838432635532,5.991680085882985,3.7640901771336552,,2.5697799248523885
123,9.681964573268921,0.20799785292538917,6.541867954911433,54.710144927536234,18.907675791733762,4.26731078904992,3.4957058507783145,,2.187332259796028
124,8.225979602791197,0.20799785292538917,5.522007514761138,62.513419216317764,15.566290928609769,3.1199677938808374,2.804616210413312,,2.0397208803005906
125,8.158883521202362,0.1274825550187869,5.522007514761138,64.59339774557166,13.90901771336554,3.1199677938808374,2.2946859903381642,,2.2745571658615136
126,8.266237251744498,0.1274825550187869,5.938003220611916,64.14385399892646,13.600375738056897,2.8381642512077296,2.8113258185721954,,2.2745571658615136
127,9.158615136876007,0.1274825550187869,5.938003220611916,62.68115942028985,13.466183574879228,2.8381642512077296,3.515834675254965,,2.2745571658615136
128,9.420289855072463,0.12077294685990338,5.870907139023081,59.286097691894796,16.74718196457327,2.8381642512077296,3.515834675254965,,2.200751476113795
129,9.541062801932368,0.11406333870101985,5.870907139023081,59.05797101449275,16.646537842190018,2.9723564143853998,3.421900161030596,,2.3752012882447664
130,9.842995169082126,0.11406333870101985,5.8239398819108965,58.8768115942029,16.606280193236714,2.9723564143853998,3.388352120236178,,2.3752012882447664
131,8.735909822866345,0.0939345142243693,5.730005367686527,48.369565217391305,28.871443907675793,3.2675791733762747,3.0394524959742353,,1.892109500805153
132,8.749329039184111,0.0939345142243693,5.730005367686527,48.14143853998927,28.663446054750402,3.2675791733762747,3.026033279656468,,2.328234031132582
133,8.004562533548041,0.0939345142243693,5.501878690284487,45.551529790660226,31.816961889425656,3.8580246913580245,2.844873859366613,,2.328234031132582
134,8.132045088566828,0.0939345142243693,5.501878690284487,45.13553408480945,31.790123456790123,3.824476650563607,3.2340311325818574,,2.2879763821792807
135,8.494363929146537,0.0939345142243693,5.501878690284487,44.69269994632314,31.13929146537842,4.072732152442297,3.2340311325818574,,2.771068169618894
136,8.621846484165324,0.0939345142243693,5.475040257648954,44.60547504025765,31.125872249060656,4.072732152442297,3.2340311325818574,,2.771068169618894
137,8.709071390230811,0.0939345142243693,7.608695652173913,44.498121309715515,29.03918411164788,4.072732152442297,3.207192699946323,,2.771068169618894
138,8.474235104669887,0.0939345142243693,10.373054213633925,43.35748792270532,27.30810520665593,4.528985507246377,3.0931293612453032,,2.771068169618894
139,8.628556092324208,0.0939345142243693,10.373054213633925,42.49194847020934,28.06629092860977,4.528985507246377,3.0931293612453032,,2.7241009125067097
140,8.68894256575416,0.0939345142243693,10.34621578099839,42.45840042941492,28.06629092860977,4.528985507246377,3.0931293612453032,,2.7241009125067097
141,8.923778851315083,0.0939345142243693,10.34621578099839,42.36446591519055,27.979066022544284,4.51556629092861,3.0931293612453032,,2.6838432635534084
142,9.044551798174986,0.0939345142243693,10.326086956521738,42.28395061728395,27.979066022544284,4.502147074610843,3.0864197530864197,,2.6838432635534084
143,9.172034353193773,0.0939345142243693,10.513955984970478,42.28395061728395,27.66371443907676,4.502147074610843,3.0864197530864197,,2.6838432635534084
144,9.440418679549115,0.0939345142243693,10.433440687063875,42.270531400966185,27.49597423510467,4.49543746645196,3.0864197530864197,,2.6838432635534084
145,9.286097691894794,0.040257648953301126,10.426731078904991,41.96188942565754,26.898819108964037,4.2270531400966185,4.4753086419753085,,2.6838432635534084
146,9.561191626409018,0.040257648953301126,10.332796564680622,40.98228663446055,26.570048309178745,4.2270531400966185,5.60252281266774,,2.6838432635534084
147,9.762479871175524,0.040257648953301126,10.245571658615138,40.82125603864734,26.100375738056897,4.636339237788513,5.60252281266774,,2.791196994095545
148,9.96376811594203,0.040257648953301126,10.11808910359635,40.68035426731079,26.039989264626946,4.871175523349437,5.535426731078905,,2.7509393451422435
149,10.111379495437467,0.040257648953301126,10.11808910359635,40.64009661835749,25.95276435856146,4.851046698872786,5.535426731078905,,2.7509393451422435
150,10.34621578099839,0.040257648953301126,10.064412238325282,40.60654857756307,25.83870101986044,4.817498658078368,5.535426731078905,,2.7509393451422435
151,10.453569511540525,0.040257648953301126,9.96376811594203,39.700751476113794,26.737788513150832,4.817498658078368,5.535426731078905,,2.7509393451422435
152,10.57434245840043,0.040257648953301126,9.950348899624261,39.68733225979603,26.69753086419753,4.797369833601718,5.522007514761138,,2.7308105206655933
153,10.587761674718196,0.040257648953301126,9.936929683306495,39.68733225979603,26.69753086419753,4.797369833601718,5.522007514761138,,2.7308105206655933
154,10.701825013419215,0.040257648953301126,9.936929683306495,39.62023617820719,26.650563607085346,4.797369833601718,5.522007514761138,,2.7308105206655933
155,10.695115405260333,0.040257648953301126,9.936929683306495,39.48604401502952,26.32850241545894,4.797369833601718,5.984970477724101,,2.7308105206655933
156,10.929951690821255,0.040257648953301126,9.916800858829845,39.472624798711756,26.174181427804616,4.797369833601718,5.984970477724101,,2.6838432635534084
157,11.29898013955985,0.040257648953301126,9.86983360171766,39.36527106816962,26.10708534621578,4.696725711218465,5.938003220611916,,2.6838432635534084
158,11.252012882447666,0.040257648953301126,9.789318303811058,38.85534084809447,26.080246913580247,5.246913580246914,6.213097155126141,,2.522812667740204
159,11.366076221148685,0.040257648953301126,9.782608695652174,38.768115942028984,26.073537305421365,5.246913580246914,6.213097155126141,,2.509393451422437
160,11.52710681696189,0.040257648953301126,9.782608695652174,38.75469672571122,25.959473966720342,5.213365539452496,6.213097155126141,,2.509393451422437
161,11.540526033279656,0.040257648953301126,9.782608695652174,37.265163714439076,25.55689747718733,6.622383252818035,6.146001073537305,,3.046162104133119
162,11.600912506709609,0.040257648953301126,9.749060654857756,36.560654857756305,25.355609232420825,6.622383252818035,7.058507783145465,,3.012614063338701
163,11.641170155662909,0.040257648953301126,9.73564143853999,36.560654857756305,25.34219001610306,6.608964036500268,7.058507783145465,,3.012614063338701
164,11.81561996779388,0.040257648953301126,9.702093397745571,36.52710681696189,25.248255501878692,6.608964036500268,7.0450885668276975,,3.012614063338701
165,11.741814278046162,0.040257648953301126,9.702093397745571,35.50053676865271,26.36876006441224,6.608964036500268,7.024959742351046,,3.012614063338701
166,11.265432098765432,0.03354804079441761,9.608158883521202,36.533816425120776,27.616747181964573,5.387815351583468,6.66935050993022,,2.885131508319914
167,11.366076221148685,0.03354804079441761,10.299248523886206,37.855609232420825,25.85212023617821,5.320719269994632,6.66935050993022,,2.6033279656468062
168,10.19189479334407,0.013419216317767043,10.02415458937198,35.71524422973698,30.09259259259259,4.918142780461621,6.649221685453569,,2.395330112721417
169,10.218733225979603,0.013419216317767043,10.02415458937198,35.42002147074611,30.09259259259259,4.904723564143854,6.649221685453569,,2.677133655394525
170,10.493827160493828,0.013419216317767043,9.950348899624261,35.32608695652174,29.99194847020934,4.898013955984971,6.649221685453569,,2.677133655394525
171,10.493827160493828,0.013419216317767043,8.82313472893183,34.936929683306495,32.00483091787439,4.804079441760601,6.327160493827161,,2.5966183574879227
172,10.681696188942565,0.013419216317767043,8.796296296296296,34.74906065485776,32.00483091787439,4.830917874396135,6.327160493827161,,2.5966183574879227
173,10.88298443370907,0.013419216317767043,8.796296296296296,34.66183574879227,31.97799248523886,4.830917874396135,6.327160493827161,,2.509393451422437
174,11.11111111111111,0.013419216317767043,8.796296296296296,34.58132045088567,31.843800322061192,4.817498658078368,6.327160493827161,,2.509393451422437
175,11.446591519055287,0.013419216317767043,8.769457863660762,34.44041867954911,31.729736983360173,4.7638217928073,6.327160493827161,,2.509393451422437
176,11.969940955448202,0.013419216317767043,8.548040794417606,34.31964573268921,31.5955448201825,4.74369296833065,6.327160493827161,,2.4825550187869028
177,11.956521739130435,0.013419216317767043,8.53462157809984,33.467525496511,32.689210950080515,4.542404723564144,6.3137412775093935,,2.4825550187869028
178,12.338969404186795,0.013419216317767043,8.53462157809984,33.25952764358561,32.55501878690284,4.528985507246377,6.286902844873859,,2.4825550187869028
179,12.5402576489533,0.013419216317767043,8.494363929146537,33.25281803542673,32.400697799248526,4.528985507246377,6.286902844873859,,2.4825550187869028
180,12.661030595813205,0.013419216317767043,9.614868491680086,32.44095544820183,32.26650563607085,4.528985507246377,6.025228126677402,,2.4490069779924855
181,13.009930220075148,0.013419216317767043,9.541062801932368,32.347020933977454,32.15915190552872,4.528985507246377,6.025228126677402,,2.3752012882447664
182,13.150831991411701,0.013419216317767043,9.541062801932368,32.25979602791197,32.139023081052066,4.528985507246377,5.991680085882985,,2.3752012882447664
183,13.264895330112722,0.013419216317767043,9.520933977455716,32.2463768115942,32.11218464841653,4.4820182501341925,5.984970477724101,,2.3752012882447664
184,13.385668276972625,0.013419216317767043,9.494095544820183,32.17928073000537,32.085346215781,4.4820182501341925,5.984970477724101,,2.3752012882447664
185,13.278314546430488,0.013419216317767043,9.494095544820183,32.14573268921095,32.35373054213634,4.455179817498658,5.884326355340848,,2.3752012882447664
186,12.117552334943639,0.013419216317767043,6.729736983360172,38.6406333870102,30.253623188405797,4.374664519592056,5.60252281266774,,2.26784755770263
187,12.04374664519592,0.013419216317767043,6.729736983360172,34.554482018250134,35.11137949543747,3.824476650563607,5.589103596349974,,2.13365539452496
188,12.345679012345679,0.013419216317767043,6.716317767042405,34.46054750402576,34.916800858829845,3.824476650563607,5.589103596349974,,2.13365539452496
189,12.560386473429952,0.013419216317767043,6.716317767042405,34.326355340848096,34.88325281803543,3.784219001610306,5.589103596349974,,2.1269457863660763
190,12.661030595813205,0.013419216317767043,6.716317767042405,34.25925925925926,34.856414385399894,3.7775093934514223,5.589103596349974,,2.1269457863660763
191,12.761674718196458,0.013419216317767043,6.716317767042405,34.15861513687601,34.856414385399894,3.7775093934514223,5.589103596349974,,2.1269457863660763
192,12.895866881374127,0.013419216317767043,6.716317767042405,34.09822866344606,34.82957595276436,3.750670960815888,5.589103596349974,,2.1068169618894257
193,13.16425120772947,0.013419216317767043,6.716317767042405,33.54804079441761,34.66183574879227,3.743961352657005,6.045356951154052,,2.1068169618894257
194,13.358829844337091,0.013419216317767043,6.702898550724638,33.49436392914654,34.54777241009125,3.730542136339238,6.045356951154052,,2.1068169618894257
195,13.821792807300053,0.013419216317767043,6.702898550724638,33.17901234567901,34.41358024691358,3.730542136339238,6.031937734836285,,2.1068169618894257
196,13.855340848094471,0.013419216317767043,6.702898550724638,33.17230273752013,34.41358024691358,3.730542136339238,6.005099302200751,,2.1068169618894257
197,13.976113794954374,0.013419216317767043,6.582125603864735,32.82340311325819,34.41358024691358,3.730542136339238,5.9514224369296835,,2.509393451422437
198,14.371980676328503,0.013419216317767043,6.575415995705851,32.52147074610843,34.35319377348363,3.730542136339238,5.938003220611916,,2.49597423510467
199,14.566559312936125,0.013419216317767043,6.575415995705851,31.99141170155663,34.13848631239936,3.730542136339238,5.938003220611916,,3.046162104133119
200,14.680622651637144,0.013419216317767043,6.575415995705851,31.447933440687063,34.09151905528717,3.730542136339238,6.414385399892646,,3.046162104133119
201,14.955716586151368,0.013419216317767043,6.575415995705851,31.42109500805153,33.843263553408484,3.730542136339238,6.414385399892646,,3.046162104133119
202,15.26435856146001,0.013419216317767043,6.5552871712292005,31.293612453032743,33.682232957595275,3.730542136339238,6.414385399892646,,3.046162104133119
203,15.438808373590982,0.013419216317767043,6.5552871712292005,31.293612453032743,33.5077831454643,3.730542136339238,6.414385399892646,,3.046162104133119
204,15.707192699946322,0.013419216317767043,6.5552871712292005,31.15271068169619,33.400429414922165,3.7104133118625873,6.414385399892646,,3.046162104133119
205,15.814546430488459,0.013419216317767043,6.5552871712292005,31.132581857219538,33.400429414922165,3.6634460547504024,6.374127750939345,,3.046162104133119
206,16.029253891572733,0.013419216317767043,6.535158346752549,30.991680085882983,33.3870101986044,3.6634460547504024,6.333870101986044,,3.046162104133119
207,16.27750939345142,0.013419216317767043,6.515029522275899,30.877616747181964,33.36688137412775,3.589640365002684,6.3137412775093935,,3.046162104133119
208,16.27750939345142,0.013419216317767043,6.515029522275899,31.266774020397207,33.3467525496511,3.5762211486849167,5.991680085882985,,3.012614063338701
209,16.297638217928075,0.013419216317767043,6.515029522275899,31.166129898013956,33.01798174986581,3.5762211486849167,6.400966183574879,,3.012614063338701
210,16.304347826086957,0.013419216317767043,6.501610305958132,30.703166935050994,32.729468599033815,3.5762211486849167,6.78341384863124,,3.388352120236178
211,16.492216854535695,0.013419216317767043,6.374127750939345,30.67632850241546,32.59527643585615,3.5762211486849167,6.769994632313473,0.11406333870101985,3.388352120236178
212,16.51905528717123,0.013419216317767043,6.374127750939345,30.669618894256576,32.58185721953838,3.5762211486849167,6.763285024154589,0.11406333870101985,3.388352120236178
213,16.78743961352657,0.013419216317767043,6.320450885668277,30.48174986580784,32.56843800322061,3.5762211486849167,6.749865807836822,0.11406333870101985,3.388352120236178
214,16.948470209339774,0.013419216317767043,6.273483628556092,30.454911433172303,32.51476113794954,3.5762211486849167,6.736446591519055,0.0939345142243693,3.388352120236178
215,17.28395061728395,0.013419216317767043,6.273483628556092,30.17981749865808,32.50805152979066,3.5762211486849167,6.723027375201288,0.0939345142243693,3.3480944712828773
216,17.444981213097154,0.013419216317767043,6.233225979602791,30.14626945786366,32.32018250134192,3.5762211486849167,6.837090713902308,0.0939345142243693,3.33467525496511
217,17.257112184648417,0.013419216317767043,6.125872249060655,29.683306494900698,33.1454643048846,3.9519592055823938,6.394256575415996,0.0939345142243693,3.33467525496511
218,17.47181964573269,0.013419216317767043,6.125872249060655,29.49543746645196,33.07836822329576,4.1532474503489,6.3070316693505095,0.0939345142243693,3.260869565217391
219,18.23671497584541,0.013419216317767043,6.031937734836285,28.938539989264626,33.031400966183575,4.1532474503489,6.293612453032743,0.0939345142243693,3.207192699946323
220,19.0150295222759,0.013419216317767043,6.031937734836285,28.381642512077295,32.628824476650564,4.1532474503489,6.293612453032743,0.0939345142243693,3.388352120236178
221,19.182769726247987,0.013419216317767043,6.031937734836285,28.361513687600645,32.48121309715513,4.1532474503489,6.293612453032743,0.0939345142243693,3.388352120236178
222,19.390767579173378,0.013419216317767043,6.031937734836285,28.33467525496511,32.33360171765969,4.1532474503489,6.260064412238325,0.0939345142243693,3.388352120236178
223,19.679280730005367,0.013419216317767043,5.971551261406334,28.23403113258186,32.33360171765969,4.032474503488996,6.260064412238325,0.0939345142243693,3.3816425120772946
224,19.860440150295222,0.013419216317767043,5.9447128287707995,28.173644659151904,32.25308641975309,4.019055287171229,6.260064412238325,0.0939345142243693,3.3816425120772946
225,19.994632313472895,0.013419216317767043,5.9447128287707995,28.113258185721953,32.045088566827694,4.1532474503489,6.260064412238325,0.0939345142243693,3.3816425120772946
226,19.16935050993022,0.013419216317767043,5.9447128287707995,30.817230273752013,32.00483091787439,3.3011272141706924,5.649490069779925,0.0939345142243693,3.0059044551798175
227,19.330381105743424,0.013419216317767043,5.917874396135265,30.810520665593128,31.89747718733226,3.3011272141706924,5.649490069779925,0.0939345142243693,2.985775630703167
228,19.061996779388085,0.013419216317767043,5.917874396135265,32.63553408480945,30.340848094471284,3.3011272141706924,5.649490069779925,0.0939345142243693,2.985775630703167
229,19.129092860976918,0.013419216317767043,6.367418142780462,32.407407407407405,30.05233494363929,3.3011272141706924,5.649490069779925,0.0939345142243693,2.985775630703167
230,19.162640901771336,0.013419216317767043,6.367418142780462,32.37385936661299,30.05233494363929,3.3011272141706924,5.649490069779925,0.0939345142243693,2.985775630703167
231,19.14922168545357,0.013419216317767043,6.877348362855609,32.27992485238862,29.696725711218466,3.294417606011809,5.609232420826624,0.0939345142243693,2.985775630703167
232,19.49812130971551,0.0067096081588835215,6.870638754696726,32.15244229736983,29.53569511540526,3.2877079978529253,5.5689747718733225,0.0939345142243693,2.985775630703167
233,17.465110037573805,0.0067096081588835215,6.226516371443908,30.95813204508857,34.80273752012882,3.2541599570585076,4.455179817498658,0.0939345142243693,2.737520128824477
234,17.632850241545892,0.0067096081588835215,6.199677938808374,30.938003220611915,34.68196457326892,3.2541599570585076,4.455179817498658,0.0939345142243693,2.737520128824477
235,17.881105743424584,0.0067096081588835215,6.1862587224906065,30.911164787976382,34.47396672034353,3.2541599570585076,4.455179817498658,0.0939345142243693,2.737520128824477
236,18.115942028985508,0.0067096081588835215,6.179549114331723,30.857487922705314,34.29951690821256,3.2541599570585076,4.455179817498658,0.0939345142243693,2.737520128824477
237,18.323939881910896,0.0067096081588835215,6.179549114331723,30.750134192163177,34.225711218464845,3.2541599570585076,4.428341384863124,0.0939345142243693,2.737520128824477
238,18.67283950617284,0.0067096081588835215,6.139291465378422,30.67632850241546,34.004294149221685,3.240740740740741,4.428341384863124,0.0939345142243693,2.737520128824477
239,18.766774020397207,0.0067096081588835215,6.072195383789587,30.656199677938808,33.8768115942029,3.240740740740741,4.549114331723027,0.0939345142243693,2.737520128824477
240,18.156199677938808,0.0067096081588835215,5.984970477724101,33.581588835212024,32.139023081052066,2.7442297369833604,4.320987654320987,0.0939345142243693,2.9723564143853998
241,18.45813204508857,0.0067096081588835215,5.938003220611916,33.11862587224906,32.078636607622116,2.7442297369833604,4.247181964573269,0.0939345142243693,3.3145464304884595
242,18.706387546967257,0.0067096081588835215,5.938003220611916,33.04482018250134,31.99141170155663,2.7442297369833604,4.247181964573269,0.0939345142243693,3.227321524422974
243,18.59903381642512,0.0067096081588835215,5.770263016639828,32.809983896940416,31.964573268921097,2.7442297369833604,4.790660225442834,0.0939345142243693,3.2206119162640903
244,18.793612453032743,0.0067096081588835215,5.750134192163178,32.749597423510465,31.884057971014492,2.7442297369833604,4.790660225442834,0.0939345142243693,3.1870638754696725
245,19.00161030595813,0.0067096081588835215,5.750134192163178,32.68250134192163,31.863929146537842,2.7442297369833604,4.669887278582931,0.0939345142243693,3.1870638754696725
246,19.276704240472355,0.0067096081588835215,5.709876543209877,32.53488996242619,31.863929146537842,2.6838432635534084,4.643048845947397,0.0939345142243693,3.1870638754696725
247,19.269994632313473,0.0067096081588835215,6.146001073537305,32.387278582930755,31.28690284487386,2.9589371980676327,4.51556629092861,0.0939345142243693,3.33467525496511
248,19.32367149758454,0.0067096081588835215,6.146001073537305,32.038378958668815,30.917874396135264,2.9589371980676327,5.287171229200215,0.0939345142243693,3.227321524422974
249,18.344068706387546,,6.112453032742888,36.131239935587764,28.14009661835749,2.952227589908749,4.468599033816425,0.0939345142243693,3.7573805689747717
250,18.129361245303276,,6.629092860976919,36.11782071926999,27.891841116478798,2.9119699409554483,4.468599033816425,0.0939345142243693,3.7573805689747717
251,17.64626945786366,,6.421095008051529,36.83574879227053,28.012614063338702,2.9119699409554483,4.334406870638754,0.0939345142243693,3.743961352657005
252,17.72007514761138,,6.414385399892646,36.68142780461621,27.992485238862052,2.9119699409554483,4.334406870638754,0.0939345142243693,3.851315083199141
253,18.02871712292002,,6.414385399892646,36.50697799248524,27.58990874932904,2.7979066022544283,4.7168545356951155,0.0939345142243693,3.851315083199141
254,18.189747718733226,,6.407675791733762,36.07756307031669,27.522812667740205,3.207192699946323,4.64975845410628,0.0939345142243693,3.851315083199141
255,18.02200751476114,,6.407675791733762,35.63472893183038,28.5829307568438,2.9723564143853998,4.435050993022007,0.0939345142243693,3.851315083199141
256,18.230005367686527,,6.333870101986044,35.527375201288244,28.556092324208265,2.9723564143853998,4.435050993022007,0.0939345142243693,3.851315083199141
