,45,50,51,56,53,54,57,52,55,59,58,60
0,88.37895866881374,11.621041331186259,,,,,,,,,,
1,82.39398819108965,17.60601180891036,,,,,,,,,,
2,80.15297906602254,10.654857756307031,9.131776704240472,0.06038647342995169,,,,,,,,
3,70.74610842726784,20.075147611379496,9.118357487922705,0.06038647342995169,,,,,,,,
4,68.54535695115405,22.27589908749329,9.091519055287172,0.08722490606548577,,,,,,,,
5,67.69323671497584,20.73268921095008,7.286634460547504,0.07380568974771873,2.898550724637681,1.3150831991411702,,,,,,
6,67.25711218464842,21.182232957595275,7.219538378958669,0.14090177133655393,2.8784219001610305,1.221148684916801,0.10064412238325282,,,,,
7,64.44578636607622,23.221953837895867,6.1929683306494905,0.14090177133655393,2.6033279656468062,1.221148684916801,0.10064412238325282,2.073268921095008,,,,
8,64.11701556629093,22.376543209876544,4.26731078904992,0.14090177133655393,2.6033279656468062,1.1272141706924315,0.10064412238325282,5.132850241545894,0.13419216317767044,,,
9,58.1857219538379,28.099838969404185,4.26731078904992,0.14090177133655393,2.6033279656468062,1.1272141706924315,0.10064412238325282,5.152979066022544,0.322061191626409,,,
10,56.125872249060656,25.825281803542673,8.588298443370908,0.14090177133655393,2.6033279656468062,1.1272141706924315,0.10064412238325282,5.132850241545894,0.35560923242082665,,,
11,52.52952227589909,29.750402576489535,8.3064949006978,0.14090177133655393,2.6033279656468062,1.1272141706924315,0.10064412238325282,4.757112184648417,0.6843800322061192,,,
12,52.39533011272142,29.965110037573805,8.3064949006978,0.14090177133655393,2.6033279656468062,1.0601180891035964,0.10064412238325282,4.74369296833065,0.6843800322061192,,,
13,52.07326892109501,29.64975845410628,8.299785292538916,0.18115942028985507,2.6033279656468062,1.0064412238325282,0.06709608158883522,4.730273752012883,1.328502415458937,0.06038647342995169,,
14,52.03972088030059,29.64975845410628,8.299785292538916,0.18115942028985507,2.636876006441224,1.0064412238325282,0.06709608158883522,4.730273752012883,1.328502415458937,0.06038647342995169,,
15,51.79817498658078,29.817498658078367,8.239398819108963,0.24154589371980675,2.636876006441224,1.0064412238325282,0.06709608158883522,4.804079441760601,1.328502415458937,0.06038647342995169,,
16,48.83923778851315,28.824476650563607,8.440687063875469,0.24154589371980675,2.6301663982823404,1.0064412238325282,0.06709608158883522,8.561460010735374,1.328502415458937,0.06038647342995169,,
17,46.79951690821256,28.27428878153516,8.319914117015566,0.2147074610842727,2.6301663982823404,1.0064412238325282,0.06709608158883522,11.446591519055287,1.1808910359634996,0.06038647342995169,,
18,41.87466451959206,33.47423510466989,8.259527643585615,0.27509393451422437,2.7777777777777777,1.0064412238325282,0.14090177133655393,11.084272678475577,1.0466988727858293,0.06038647342995169,,
19,41.98201825013419,33.20585077831455,8.232689210950081,0.27509393451422437,2.7643585614600106,1.0064412238325282,0.16774020397208803,11.05072463768116,1.2546967257112185,0.06038647342995169,,
20,40.90177133655394,33.8365539452496,8.219269994632313,0.3824476650563607,2.7643585614600106,1.261406333870102,0.19457863660762212,11.124530327428879,1.2546967257112185,0.06038647342995169,,
21,40.23752012882448,33.36688137412775,15.566290928609769,0.2885131508319914,0.24825550187869028,0.2549651100375738,0.10064412238325282,8.78287707997853,1.1540526033279657,,,
22,40.03623188405797,33.32662372517445,15.552871712292003,0.2885131508319914,0.24825550187869028,0.48980139559849706,0.10064412238325282,8.749329039184111,1.2077294685990339,,,
23,38.466183574879224,34.91009125067096,15.398550724637682,0.4294149221685454,0.24825550187869028,0.48980139559849706,0.15432098765432098,8.695652173913043,1.2077294685990339,,,
24,37.07058507783145,35.76221148684917,15.566290928609769,0.4227053140096618,0.24825550187869028,0.644122383252818,0.15432098765432098,8.655394524959743,1.4761137949543746,,,
25,36.52710681696189,35.581052066559316,13.976113794954374,0.4495437466451959,0.2147074610842727,0.644122383252818,0.15432098765432098,11.07085346215781,1.3821792807300053,,,
26,36.2385936661299,35.39318303811057,13.962694578636608,0.4830917874396135,0.48980139559849706,0.644122383252818,0.19457863660762212,11.030595813204508,1.5633387010198605,,,
27,36.37949543746645,34.876543209876544,13.70101986044015,0.6843800322061192,0.48980139559849706,0.798443370907139,0.19457863660762212,11.030595813204508,1.8451422436929683,,,
28,36.22517444981213,35.00402576489533,13.70101986044015,0.6776704240472357,0.48980139559849706,0.798443370907139,0.35560923242082665,11.017176596886742,1.7310789049919484,,,
29,27.536231884057973,44.51154052603328,12.962962962962964,0.6776704240472357,0.30193236714975846,0.798443370907139,0.35560923242082665,10.93666129898014,1.9189479334406871,,,
30,27.22758990874933,43.76677402039721,13.848631239935587,0.6776704240472357,0.30193236714975846,0.7716049382716049,0.35560923242082665,10.909822866344605,2.1403650026838434,,,
31,26.147342995169083,38.7211486849168,13.600375738056897,0.6709608158883521,3.9452495974235107,0.5434782608695652,0.35560923242082665,13.761406333870102,2.254428341384863,,,
32,25.845410628019323,35.77563070316693,16.035963499731615,0.785024154589372,3.978797638217928,0.5434782608695652,0.2281266774020397,13.446054750402576,3.361513687600644,,,
33,25.77831454643049,34.80273752012882,15.633387010198604,1.093666129898014,3.7909286097691894,1.3620504562533549,0.2281266774020397,13.439345142243694,3.8311862587224907,,0.040257648953301126,
34,25.543478260869566,34.876543209876544,15.552871712292003,1.0802469135802468,3.898282340311326,1.4895330112721417,0.2683843263553409,13.39237788513151,3.8580246913580245,,0.040257648953301126,
35,25.597155126140635,34.74235104669887,15.573000536768653,1.3888888888888888,3.9049919484702094,1.583467525496511,0.2549651100375738,12.99651100375738,3.9184111647879765,,0.040257648953301126,
36,25.644122383252817,34.58132045088567,15.297906602254429,1.6639828234031133,3.9049919484702094,1.583467525496511,0.2549651100375738,12.989801395598498,4.03918411164788,,0.040257648953301126,
37,25.55689747718733,34.62157809983897,15.063070316693505,1.9726247987117553,3.844605475040258,1.570048309178744,0.2549651100375738,13.043478260869565,4.072732152442297,,,
38,24.376006441223833,35.83601717659689,15.03623188405797,2.033011272141707,3.8177670424047236,1.5432098765432098,0.35560923242082665,12.942834138486312,4.05931293612453,,,
39,23.49704777241009,36.61433172302738,14.65378421900161,2.3886205045625335,3.7909286097691894,1.6572732152442298,0.35560923242082665,12.875738056897477,4.166666666666667,,,
40,21.329844337090712,37.74154589371981,14.351851851851851,2.3886205045625335,4.032474503488996,2.6502952227589907,0.35560923242082665,12.801932367149758,4.3478260869565215,,,
41,18.80703166935051,31.072195383789587,15.425389157273216,2.1068169618894257,2.2745571658615136,2.536231884057971,0.38915727321524424,23.11460010735373,4.274020397208803,,,
42,18.61916264090177,31.0654857756307,15.539452495974235,2.328234031132582,2.254428341384863,2.536231884057971,0.38915727321524424,23.020665593129362,4.247181964573269,,,
43,18.746645195920557,30.656199677938808,14.694041867954912,2.2946859903381642,2.200751476113795,2.8650026838432634,0.49651100375738055,22.77241009125067,5.22007514761138,,0.05367686527106817,
44,18.49838969404187,29.562533548040793,14.331723027375201,2.5429414922168547,5.850778314546431,2.9924852388620504,0.5300590445517982,20.397208803005906,5.24020397208803,,0.05367686527106817,
45,18.256843800322063,29.448470209339774,14.210950080515298,2.8381642512077296,5.891035963499732,2.932098765432099,0.5837359098228664,20.497852925389157,5.287171229200215,,0.05367686527106817,
46,16.1231884057971,31.15271068169619,14.439076757917338,2.8381642512077296,5.280461621041331,2.932098765432099,0.6575415995705851,20.987654320987655,5.535426731078905,,0.05367686527106817,
47,14.989264626945786,29.770531400966185,17.780461621041333,3.0394524959742353,5.173107890499195,3.0193236714975846,0.6575415995705851,20.034889962426195,5.481749865807837,,0.05367686527106817,
48,14.955716586151368,29.656468062265162,17.941492216854535,3.052871712292002,5.132850241545894,2.844873859366613,0.6776704240472357,19.93424584004294,5.5756843800322065,,0.14090177133655393,0.08722490606548577
49,14.626945786366075,27.811325818572197,19.900697799248523,3.193773483628556,5.0791733762748255,2.918679549114332,0.6776704240472357,19.85373054213634,5.709876543209877,,0.14090177133655393,0.08722490606548577
50,14.029790660225443,26.321792807300053,20.44417606011809,3.1736446591519054,4.7638217928073,3.0394524959742353,0.644122383252818,21.40365002683843,5.891035963499732,0.06038647342995169,0.14090177133655393,0.08722490606548577
51,13.157541599570585,23.98684916800859,23.081052066559312,3.227321524422974,4.750402576489533,3.6231884057971016,0.6105743424584005,21.28287707997853,5.991680085882985,0.06038647342995169,0.14090177133655393,0.08722490606548577
52,13.325281803542673,23.752012882447666,22.966988727858293,3.207192699946323,4.85775630703167,3.260869565217391,0.6105743424584005,21.20907139023081,6.521739130434782,0.06038647342995169,0.14090177133655393,0.08722490606548577
53,13.405797101449275,23.691626409017715,22.758990874932906,3.3480944712828773,4.468599033816425,3.0730005367686526,0.5770263016639828,21.806226516371442,6.582125603864735,0.06038647342995169,0.14090177133655393,0.08722490606548577
54,13.573537305421363,23.59098228663446,22.69189479334407,3.3480944712828773,4.435050993022007,3.052871712292002,0.6172839506172839,21.85990338164251,6.541867954911433,0.06038647342995169,0.14090177133655393,0.08722490606548577
55,13.754696725711218,23.389694041867955,22.644927536231883,3.3413848631239937,4.414922168545357,3.052871712292002,0.6038647342995169,21.108427267847556,7.4006977992485234,0.06038647342995169,0.14090177133655393,0.08722490606548577
56,13.828502415458937,22.96027911969941,20.94068706387547,3.0864197530864197,5.072463768115942,3.0327428878153517,0.6038647342995169,22.758990874932906,7.427536231884058,0.06038647342995169,0.14090177133655393,0.08722490606548577
57,13.479602791196994,23.26892109500805,20.86688137412775,3.0864197530864197,5.065754159957058,3.3011272141706924,0.6038647342995169,22.611379495437465,7.427536231884058,0.06038647342995169,0.14090177133655393,0.08722490606548577
58,11.721685453569512,22.839506172839506,25.986312399355878,2.6435856146001075,5.146269457863661,3.0394524959742353,0.5233494363929146,21.20907139023081,6.662640901771336,,0.14090177133655393,0.08722490606548577
59,11.708266237251744,22.490606548577563,25.979602791196996,2.657004830917874,5.152979066022544,3.0327428878153517,0.7112184648416533,20.893719806763286,7.14573268921095,,0.14090177133655393,0.08722490606548577
60,11.83574879227053,22.269189479334408,25.845410628019323,2.9924852388620504,5.146269457863661,3.0327428878153517,0.7246376811594203,20.78636607622115,7.139023081052066,,0.14090177133655393,0.08722490606548577
61,11.808910359634996,22.363123993558776,25.174449812130973,2.985775630703167,6.072195383789587,2.7509393451422435,0.8722490606548577,20.591787439613526,7.152442297369833,,0.14090177133655393,0.08722490606548577
62,10.721953837895867,15.827965646806227,34.265968867418145,2.932098765432099,5.595813204508857,2.3752012882447664,0.8856682769726248,22.497316156736446,4.656468062265164,0.013419216317767043,0.14090177133655393,0.08722490606548577
63,10.567632850241546,15.593129361245303,33.17230273752013,3.026033279656468,5.5689747718733225,2.38191089640365,0.9460547504025765,24.02710681696189,4.4753086419753085,0.013419216317767043,0.14090177133655393,0.08722490606548577
64,10.601180891035963,15.552871712292003,33.06494900697799,3.0059044551798175,5.5689747718733225,2.428878153515835,0.9460547504025765,23.711755233494365,4.87788513150832,0.013419216317767043,0.14090177133655393,0.08722490606548577
65,10.648148148148149,15.49248523886205,32.82340311325819,2.9924852388620504,5.441492216854535,2.5697799248523885,0.9460547504025765,23.698336017176597,5.146269457863661,0.013419216317767043,0.14090177133655393,0.08722490606548577
66,9.172034353193773,23.027375201288244,29.998658078368223,2.7442297369833604,5.421363392377885,2.26784755770263,0.9930220075147611,22.436929683306495,3.7104133118625873,,0.14090177133655393,0.08722490606548577
67,9.004294149221685,23.007246376811594,29.78395061728395,2.4020397208803006,8.641975308641975,2.227589908749329,0.9192163177670424,19.867149758454108,3.9184111647879765,,0.14090177133655393,0.08722490606548577
68,7.85024154589372,24.65780998389694,29.066022544283413,2.428878153515835,8.581588835212024,2.227589908749329,0.9594739667203436,19.97450348899624,4.025764895330113,,0.14090177133655393,0.08722490606548577
69,7.615405260332796,30.891035963499732,27.34165324745035,2.1604938271604937,6.629092860976919,1.1406333870101986,0.9728931830381106,19.43102522812668,3.7640901771336552,,0.05367686527106817,
70,7.702630166398282,28.972088030059044,27.24771873322598,2.1806226516371443,6.870638754696726,1.1406333870101986,0.9728931830381106,19.269994632313473,5.589103596349974,,0.05367686527106817,
71,7.85024154589372,28.904991948470208,26.959205582393988,2.26784755770263,6.863929146537842,1.1406333870101986,1.0802469135802468,19.0150295222759,5.864197530864198,,0.05367686527106817,
72,8.011272141706923,28.690284487385938,26.78475577026302,2.2879763821792807,6.702898550724638,1.5096618357487923,1.107085346215781,18.894256575415994,5.958132045088567,,0.05367686527106817,
73,8.091787439613526,28.69699409554482,26.623725174449813,2.442297369833602,6.66935050993022,1.5096618357487923,1.221148684916801,18.719806763285025,5.971551261406334,,0.05367686527106817,
74,8.232689210950081,28.341384863123995,26.33521202361782,2.636876006441224,6.454643048845948,1.3754696725711217,1.1943102522812667,19.806763285024154,5.5689747718733225,,0.05367686527106817,
75,8.272946859903382,28.26086956521739,26.288244766505635,2.636876006441224,6.622383252818035,1.3419216317767042,1.247987117552335,19.679280730005367,5.595813204508857,,0.05367686527106817,
76,7.729468599033816,24.20155662909286,32.63553408480945,2.6301663982823404,6.622383252818035,1.3620504562533549,1.328502415458937,18.283682232957595,5.152979066022544,,0.05367686527106817,
77,7.816693505099302,24.295491143317232,32.46779388083736,2.6167471819645733,6.615673644659152,1.4559849704777241,1.328502415458937,18.19645732689211,5.152979066022544,,0.05367686527106817,
78,7.897208803005904,24.14117015566291,32.407407407407405,2.576489533011272,6.615673644659152,1.4559849704777241,1.2949543746645196,18.015297906602253,5.542136339237788,,0.05367686527106817,
79,7.98443370907139,24.14787976382179,32.407407407407405,2.6301663982823404,6.528448738593666,1.4559849704777241,1.2949543746645196,17.961621041331185,5.535426731078905,,0.05367686527106817,
80,7.024959742351046,18.290391841116477,41.1634460547504,2.4825550187869028,6.360708534621578,1.9659151905528718,1.2949543746645196,16.606280193236714,4.757112184648417,,0.05367686527106817,
81,7.25979602791197,17.840848094471284,41.10976918947934,2.5026838432635534,6.293612453032743,1.9659151905528718,1.2815351583467525,16.59286097691895,5.0993022007514766,,0.05367686527106817,
82,7.407407407407407,17.726784755770264,40.92190016103059,2.6435856146001075,6.575415995705851,1.9659151905528718,1.2815351583467525,16.324476650563607,5.0993022007514766,,0.05367686527106817,
83,7.548309178743962,17.69994632313473,40.17042404723564,2.791196994095545,6.508319914117015,3.3279656468062266,1.107085346215781,15.519323671497585,5.273752012882448,,0.05367686527106817,
84,7.682501341921632,17.693236714975846,40.07648953301127,2.844873859366613,6.4412238325281805,3.321256038647343,1.107085346215781,15.505904455179817,5.273752012882448,,0.05367686527106817,
85,7.823403113258186,17.431561996779386,39.781266774020395,2.885131508319914,7.239667203435319,3.1870638754696725,1.1943102522812667,15.069779924852389,5.3341384863123995,,0.05367686527106817,
86,7.360440150295223,15.955448201825014,39.680622651637144,2.657004830917874,7.6623725174449815,2.341653247450349,1.2748255501878691,17.733494363929147,5.280461621041331,,0.05367686527106817,
87,7.320182501341922,15.780998389694043,39.29817498658078,2.6167471819645733,8.299785292538916,2.4221685453569513,1.2278582930756843,17.250402576489535,5.595813204508857,,0.1878690284487386,
88,7.481213097155126,15.747450348899624,39.22436929683307,2.6167471819645733,8.279656468062266,2.4221685453569513,1.2278582930756843,17.24369296833065,5.5689747718733225,,0.1878690284487386,
89,7.601986044015029,15.58641975308642,38.64734299516908,2.6033279656468062,8.252818035426731,2.898550724637681,1.3821792807300053,17.136339237788512,5.703166935050993,,0.1878690284487386,
90,7.065217391304348,12.466451959205582,38.14412238325282,2.636876006441224,8.13875469672571,2.898550724637681,1.3150831991411702,22.088030059044552,5.059044551798175,,0.1878690284487386,
91,7.105475040257649,12.392646269457863,37.92941492216855,2.6033279656468062,8.252818035426731,3.1468062265163717,1.3419216317767042,22.034353193773484,5.005367686527107,,0.1878690284487386,
92,7.226247987117552,12.218196457326892,37.62748255501879,2.5966183574879227,8.219269994632313,3.1468062265163717,1.4090177133655395,21.967257112184647,5.360976918947934,0.040257648953301126,0.1878690284487386,
93,7.4208266237251745,12.110842726784755,37.31213097155126,2.563070316693505,8.21256038647343,3.1468062265163717,1.4761137949543746,22.014224369296834,5.481749865807837,0.040257648953301126,0.2214170692431562,
94,7.481213097155126,12.090713902308105,36.922973698336016,3.0059044551798175,8.21256038647343,3.1468062265163717,1.4761137949543746,21.806226516371442,5.595813204508857,0.040257648953301126,0.2214170692431562,
95,7.595276435856146,11.688137412775093,36.35265700483092,3.0931293612453032,8.387010198604402,3.1468062265163717,1.4761137949543746,22.69860440150295,5.300590445517981,0.040257648953301126,0.2214170692431562,
96,6.743156199677939,8.76274825550188,44.35050993022008,2.9723564143853998,6.816961889425658,4.032474503488996,1.2144390767579174,20.43075684380032,4.448470209339774,0.040257648953301126,0.1878690284487386,
97,6.837090713902308,8.76274825550188,43.96135265700483,3.1333870101986045,6.816961889425658,4.032474503488996,1.2144390767579174,20.43075684380032,4.582662372517445,0.040257648953301126,0.1878690284487386,
98,6.830381105743425,8.682232957595277,43.65271068169619,3.797638217928073,6.6760601180891035,4.394793344068707,1.42914653784219,19.632313472893184,4.676596886741814,0.040257648953301126,0.1878690284487386,
99,7.024959742351046,8.682232957595277,43.39103596349973,3.978797638217928,6.5485775630703165,4.683306494900698,1.4626945786366077,19.243156199677937,4.683306494900698,0.040257648953301126,0.2616747181964573,
100,7.058507783145465,8.588298443370908,40.002683843263554,4.247181964573269,9.366612989801396,4.790660225442834,1.4358561460010735,19.524959742351047,4.683306494900698,0.040257648953301126,0.2616747181964573,
101,6.488191089640365,18.250134192163177,37.567096081588836,3.7775093934514223,9.23913043478261,4.240472356414386,1.261406333870102,15.861513687600644,3.052871712292002,,0.2616747181964573,
102,6.662640901771336,18.075684380032207,37.473161567364464,3.750670960815888,8.319914117015566,3.5628019323671496,1.0265700483091786,17.726784755770264,3.140096618357488,,0.2616747181964573,
103,6.937734836285561,17.67981749865808,37.245034889962426,3.784219001610306,8.192431561996779,3.5628019323671496,0.9796027911969941,17.639559849704778,3.5829307568438002,0.03354804079441761,0.36231884057971014,
104,7.112184648416532,17.54562533548041,36.9699409554482,3.824476650563607,8.132045088566828,3.535963499731616,0.9728931830381106,17.579173376274827,3.864734299516908,0.03354804079441761,0.4294149221685454,
105,7.37385936661299,17.49194847020934,36.86929683306495,3.8177670424047236,8.064949006977992,3.5963499731615673,1.0198604401502953,17.444981213097154,3.8177670424047236,0.03354804079441761,0.46967257112184646,
106,7.407407407407407,17.20343531937735,36.11782071926999,4.045893719806763,8.433977455716587,4.200214707461084,1.0198604401502953,17.297369833601717,3.770799785292539,0.03354804079441761,0.46967257112184646,
107,7.561728395061729,17.196725711218466,35.55421363392378,4.119699409554482,8.400429414922169,4.200214707461084,1.0131508319914118,17.236983360171767,4.213633923778851,0.03354804079441761,0.46967257112184646,
108,7.581857219538379,17.04911433172303,36.218464841653244,4.045893719806763,8.460815888352121,4.334406870638754,1.107085346215781,16.63311862587225,4.045893719806763,0.03354804079441761,0.48980139559849706,
109,7.118894256575416,16.445249597423512,36.90955448201825,3.911701556629093,8.393719806763285,3.9855072463768115,1.107085346215781,17.66639828234031,3.965378421900161,0.0067096081588835215,0.48980139559849706,
110,7.286634460547504,16.438539989264626,36.862587224906065,3.8915727321524423,8.36688137412775,3.9720880300590444,1.107085346215781,17.424852388620504,4.1532474503489,0.0067096081588835215,0.48980139559849706,
111,7.360440150295223,16.337895866881375,35.96349973161568,4.133118625872249,8.11862587224906,3.9720880300590444,1.0802469135802468,17.693236714975846,4.8443370907139025,0.0067096081588835215,0.48980139559849706,
112,7.440955448201825,16.25067096081589,34.715512614063336,4.314278046162104,8.071658615136876,4.186795491143317,1.0802469135802468,17.62614063338701,5.8172302737520125,0.0067096081588835215,0.48980139559849706,
113,7.702630166398282,16.223832528180353,34.252549651100374,4.575952764358561,8.004562533548041,4.186795491143317,1.0802469135802468,17.60601180891036,5.837359098228664,0.040257648953301126,0.48980139559849706,
114,6.816961889425658,15.250939345142244,44.0552871712292,4.327697262479871,7.159151905528717,2.9388083735909825,0.9057971014492754,12.29200214707461,5.6964573268921095,0.040257648953301126,0.5166398282340311,
115,6.9243156199677935,15.022812667740205,43.76006441223833,4.193505099302201,7.333601717659689,2.9388083735909825,0.9057971014492754,12.714707461084272,5.649490069779925,0.040257648953301126,0.5166398282340311,
116,6.977992485238862,14.888620504562533,41.84111647879764,4.656468062265164,7.5281803542673105,4.723564143853999,1.1406333870101986,11.990069779924852,5.649490069779925,0.08722490606548577,0.5166398282340311,
117,7.132313472893183,14.848362855609233,41.6532474503489,4.783950617283951,7.5281803542673105,4.696725711218465,1.1406333870101986,11.990069779924852,5.622651637144391,0.08722490606548577,0.5166398282340311,
118,7.232957595276436,14.801395598497047,41.52576489533011,5.005367686527107,7.5281803542673105,4.696725711218465,1.1406333870101986,11.855877616747183,5.609232420826624,0.08722490606548577,0.5166398282340311,
119,7.25979602791197,14.626945786366075,41.243961352657,5.293880837359098,7.494632313472893,5.065754159957058,1.1406333870101986,11.768652710681696,5.501878690284487,0.08722490606548577,0.5166398282340311,
120,7.5281803542673105,14.626945786366075,41.136607622114866,5.293880837359098,7.367149758454106,5.038915727321524,1.1406333870101986,11.761943102522812,5.501878690284487,0.08722490606548577,0.5166398282340311,
121,7.763016639828234,14.452495974235104,41.056092324208265,5.3341384863123995,7.367149758454106,5.005367686527107,1.1406333870101986,11.668008588298443,5.609232420826624,0.08722490606548577,0.5166398282340311,
122,7.863660762211487,14.432367149758454,40.92190016103059,5.394524959742351,7.380568974771873,5.005367686527107,1.1406333870101986,11.668008588298443,5.589103596349974,0.08722490606548577,0.5166398282340311,
123,7.9039184111647875,14.42565754159957,40.88164251207729,5.475040257648954,7.367149758454106,5.005367686527107,1.1406333870101986,11.60762211486849,5.589103596349974,0.08722490606548577,0.5166398282340311,
124,8.044820182501342,14.345142243692969,40.82125603864734,5.4616210413311865,7.340311325818572,5.005367686527107,1.1406333870101986,11.60762211486849,5.629361245303274,0.08722490606548577,0.5166398282340311,
125,8.36688137412775,14.345142243692969,40.61996779388084,5.481749865807837,7.300053676865271,5.2066559312936125,1.0198604401502953,11.43317230273752,5.622651637144391,0.08722490606548577,0.5166398282340311,
126,8.393719806763285,14.338432635534085,40.49248523886205,5.629361245303274,7.266505636070853,5.2066559312936125,1.06682769726248,11.379495437466453,5.622651637144391,0.08722490606548577,0.5166398282340311,
127,8.427267847557703,14.244498121309716,39.70746108427268,5.810520665593129,8.239398819108963,4.810789049919484,1.0601180891035964,11.332528180354267,5.803811057434245,0.08722490606548577,0.47638217928073,
128,8.313204508856682,14.204240472356414,39.52630166398282,5.763553408480945,9.406870638754697,5.005367686527107,0.7112184648416533,10.554213633923778,5.9514224369296835,0.08722490606548577,0.47638217928073,
129,8.467525496511003,14.204240472356414,39.398819108964034,5.783682232957595,9.386741814278047,4.985238862050457,0.7112184648416533,10.554213633923778,5.9447128287707995,0.08722490606548577,0.47638217928073,
130,8.59500805152979,13.560118089103597,39.31830381105743,5.797101449275362,9.346484165324744,4.985238862050457,0.7648953301127214,10.420021470746109,6.649221685453569,0.08722490606548577,0.47638217928073,
131,8.809715512614064,13.20450885668277,39.24449812130972,5.783682232957595,9.312936124530328,4.978529253891573,0.7648953301127214,10.399892646269459,6.937734836285561,0.08722490606548577,0.47638217928073,
132,9.03113258185722,13.144122383252817,38.84192163177671,5.870907139023081,9.312936124530328,4.9718196457326895,0.7648953301127214,10.38647342995169,7.112184648416532,0.08722490606548577,0.47638217928073,
133,9.151905528717123,12.99651100375738,38.727858293075684,5.83064949006978,9.621578099838969,4.9718196457326895,0.7648953301127214,10.077831454643048,7.2933440687063875,0.08722490606548577,0.47638217928073,
134,8.977455716586151,12.97638217928073,35.61460010735373,5.394524959742351,9.574610842726784,4.9718196457326895,0.7648953301127214,13.83521202361782,7.326892109500805,0.08722490606548577,0.47638217928073,
135,8.890230810520666,12.949543746645196,35.849436392914654,5.407944176060118,8.964036500268385,5.58239398819109,0.8722490606548577,13.627214170692431,7.326892109500805,0.05367686527106817,0.47638217928073,
136,8.930488459473967,12.875738056897477,35.567632850241544,5.387815351583468,8.950617283950617,6.025228126677402,0.8521202361782072,13.506441223832528,7.37385936661299,0.05367686527106817,0.47638217928073,
137,8.635265700483092,12.721417069243156,37.07058507783145,4.985238862050457,8.816425120772946,6.078904991948471,0.8521202361782072,13.45276435856146,6.870638754696726,0.05367686527106817,0.46296296296296297,
138,7.877079978529254,12.453032742887816,43.19645732689211,4.562533548040794,7.461084272678476,5.562265163714439,0.8454106280193237,10.72866344605475,6.850509930220075,0.05367686527106817,0.4092860976918948,
139,7.96430488459474,12.426194310252281,42.619431025228124,4.85775630703167,7.467793880837359,5.783682232957595,0.7716049382716049,10.554213633923778,7.098765432098766,0.05367686527106817,0.4025764895330113,
140,7.9039184111647875,12.412775093934513,40.98899624261943,4.85775630703167,7.454374664519592,5.783682232957595,0.7716049382716049,10.50053676865271,8.816425120772946,0.05367686527106817,0.4025764895330113,0.05367686527106817
141,8.05823939881911,12.298711755233494,40.89506172839506,4.898013955984971,7.48792270531401,5.770263016639828,0.9192163177670424,10.319377348362856,8.84326355340848,0.05367686527106817,0.4025764895330113,0.05367686527106817
142,8.125335480407944,12.245034889962426,40.86822329575953,4.898013955984971,7.48792270531401,5.770263016639828,1.0064412238325282,10.238862050456254,8.849973161567364,0.05367686527106817,0.4025764895330113,0.05367686527106817
143,8.246108427267847,12.06387546967257,40.27777777777778,4.951690821256038,7.447665056360709,6.1929683306494905,1.0399892646269457,10.238862050456254,9.03113258185722,0.05367686527106817,0.4025764895330113,0.05367686527106817
144,8.192431561996779,11.949812130971551,40.002683843263554,4.978529253891573,9.23913043478261,5.562265163714439,0.966183574879227,9.722222222222221,8.903650026838433,0.05367686527106817,0.3421900161030596,0.08722490606548577
145,8.32662372517445,11.721685453569512,39.92887815351583,5.0993022007514766,9.111647879763822,5.897745571658615,0.966183574879227,9.655126140633387,8.809715512614064,0.05367686527106817,0.3421900161030596,0.08722490606548577
146,8.340042941492216,11.614331723027375,39.63365539452496,5.072463768115942,9.111647879763822,5.924584004294149,0.9594739667203436,9.655126140633387,9.205582393988191,0.05367686527106817,0.3421900161030596,0.08722490606548577
147,8.360171765968868,11.614331723027375,39.110305958132045,5.307300053676865,9.098228663446054,5.9447128287707995,0.9594739667203436,9.634997316156737,9.4873859366613,0.05367686527106817,0.3421900161030596,0.08722490606548577
148,8.32662372517445,11.158078368223295,39.01637144390767,5.307300053676865,9.057971014492754,6.78341384863124,0.9594739667203436,9.614868491680086,9.366612989801396,0.05367686527106817,0.2683843263553409,0.08722490606548577
149,8.239398819108963,11.064143853998926,38.6808910359635,5.273752012882448,9.212292002147075,6.716317767042405,0.9796027911969941,10.198604401502953,9.245840042941492,0.05367686527106817,0.24825550187869028,0.08722490606548577
150,8.333333333333334,10.929951690821255,38.32528180354267,5.35426731078905,8.950617283950617,6.984702093397746,1.1943102522812667,10.285829307568438,9.326355340848094,0.05367686527106817,0.17444981213097155,0.08722490606548577
151,8.467525496511003,10.889694041867955,38.056897477187334,5.22007514761138,9.017713365539452,6.991411701556629,1.1943102522812667,10.285829307568438,9.433709071390231,0.05367686527106817,0.30193236714975846,0.08722490606548577
152,8.494363929146537,10.735373054213634,37.493290391841114,5.0993022007514766,9.057971014492754,7.548309178743962,1.1943102522812667,10.312667740203972,9.621578099838969,0.05367686527106817,0.30193236714975846,0.08722490606548577
153,8.668813741277509,10.715244229736983,37.27858293075684,5.132850241545894,8.99087493290392,7.548309178743962,1.2345679012345678,10.272410091250672,9.71551261406334,0.05367686527106817,0.30193236714975846,0.08722490606548577
154,8.863392377885132,10.661567364465915,37.02361782071927,5.092592592592593,8.910359634997317,7.5348899624261945,1.2345679012345678,10.245571658615138,10.00402576489533,0.05367686527106817,0.30193236714975846,0.07380568974771873
155,8.373590982286634,10.279119699409554,34.084809447128286,7.742887815351583,8.722490606548577,6.4345142243692965,1.2345679012345678,13.130703166935051,9.621578099838969,,0.30193236714975846,0.07380568974771873
156,8.59500805152979,10.265700483091788,34.05797101449275,7.769726247987117,8.68894256575416,6.4345142243692965,1.2345679012345678,13.077026301663983,9.500805152979066,,0.30193236714975846,0.07380568974771873
157,8.641975308641975,10.225442834138486,33.823134728931834,7.944176060118089,8.68894256575416,6.595544820182502,1.2345679012345678,13.117283950617283,9.353193773483628,,0.30193236714975846,0.07380568974771873
158,8.373590982286634,9.829575952764358,32.870370370370374,8.024691358024691,8.494363929146537,7.085346215780999,1.2345679012345678,13.573537305421363,10.138217928073,,0.30193236714975846,0.07380568974771873
159,8.3467525496511,9.541062801932368,31.790123456790123,8.017981749865807,9.648416532474503,7.25979602791197,1.261406333870102,13.546698872785829,10.21202361782072,,0.30193236714975846,0.07380568974771873
160,8.293075684380032,9.31964573268921,31.0654857756307,8.11862587224906,9.75577026301664,7.64224369296833,1.2949543746645196,14.31159420289855,9.822866344605474,,0.30193236714975846,0.07380568974771873
161,8.568169618894256,9.198872785829307,30.938003220611915,8.105206655931294,9.688674181427805,7.64224369296833,1.2949543746645196,14.237788513150832,9.91009125067096,,0.30193236714975846,0.11406333870101985
162,8.76274825550188,9.098228663446054,30.897745571658614,7.937466451959206,9.494095544820183,7.883789586688137,1.415727321524423,14.17740203972088,9.916800858829845,,0.30193236714975846,0.11406333870101985
163,8.460815888352121,9.01100375738057,32.27321524422974,7.991143317230274,9.27938808373591,7.716049382716049,1.415727321524423,13.560118089103597,9.876543209876543,,0.30193236714975846,0.11406333870101985
164,8.487654320987655,9.01100375738057,31.87734836285561,7.997852925389157,9.192163177670425,7.87037037037037,1.415727321524423,13.506441223832528,10.225442834138486,,0.30193236714975846,0.11406333870101985
165,8.722490606548577,8.387010198604402,31.76328502415459,7.890499194847021,9.23913043478261,8.111916264090176,1.415727321524423,13.372249060654857,10.681696188942565,,0.30193236714975846,0.11406333870101985
166,8.863392377885132,8.353462157809984,31.736446591519055,7.863660762211487,9.23913043478261,8.111916264090176,1.4559849704777241,13.325281803542673,10.63472893183038,,0.30193236714975846,0.11406333870101985
167,9.111647879763822,8.219269994632313,31.5552871712292,8.742619431025227,8.57487922705314,8.09849704777241,1.482823403113258,13.264895330112722,10.534084809447128,,0.30193236714975846,0.11406333870101985
168,9.312936124530328,8.165593129361245,31.49490069779925,8.76274825550188,8.55475040257649,8.07836822329576,1.482823403113258,13.305152979066023,10.426731078904991,,0.30193236714975846,0.11406333870101985
169,9.366612989801396,8.13875469672571,31.904186795491142,8.272946859903382,8.702361782071927,8.84326355340848,1.5230810520665594,12.432903918411165,10.399892646269459,,0.30193236714975846,0.11406333870101985
170,9.514224369296834,8.13875469672571,31.816961889425656,8.246108427267847,8.675523349436393,8.84326355340848,1.5163714439076759,12.432903918411165,10.399892646269459,,0.30193236714975846,0.11406333870101985
171,9.71551261406334,8.125335480407944,31.696188942565755,8.32662372517445,8.601717659688674,8.628556092324208,1.4895330112721417,12.352388620504563,10.648148148148149,,0.30193236714975846,0.11406333870101985
172,9.809447128287708,8.125335480407944,31.64922168545357,8.32662372517445,8.601717659688674,8.61513687600644,1.4895330112721417,12.352388620504563,10.61460010735373,,0.30193236714975846,0.11406333870101985
173,9.96376811594203,7.937466451959206,31.280193236714975,8.635265700483092,8.903650026838433,8.608427267847558,1.4895330112721417,12.057165861513688,10.7085346215781,,0.30193236714975846,0.11406333870101985
174,10.064412238325282,7.917337627482555,30.66290928609769,8.57487922705314,8.903650026838433,9.71551261406334,1.4895330112721417,11.58749329039184,10.668276972624799,,0.30193236714975846,0.11406333870101985
175,10.104669887278583,7.722758990874933,30.454911433172303,8.507783145464305,9.05126140633387,9.762479871175524,1.4694041867954912,11.513687600644122,10.997047772410092,,0.30193236714975846,0.11406333870101985
176,10.285829307568438,7.689210950080516,30.099302200751477,8.487654320987655,9.024422973698336,9.856414385399892,1.4694041867954912,11.453301127214171,11.191626409017713,,0.30193236714975846,0.14090177133655393
177,10.312667740203972,7.635534084809447,29.723564143854,8.480944712828771,8.970746108427267,9.856414385399892,1.4559849704777241,11.2788513150832,11.869296833064949,,0.30193236714975846,0.11406333870101985
178,10.493827160493828,7.581857219538379,29.542404723564143,8.487654320987655,8.957326892109501,9.930220075147611,1.4559849704777241,11.272141706924316,11.802200751476114,,0.36231884057971014,0.11406333870101985
179,10.547504025764896,7.581857219538379,29.51556629092861,8.474235104669887,8.957326892109501,9.930220075147611,1.4559849704777241,11.272141706924316,11.788781535158346,,0.36231884057971014,0.11406333870101985
180,10.668276972624799,7.581857219538379,28.898282340311326,8.514492753623188,9.453837895866881,9.601449275362318,1.4559849704777241,11.29898013955985,12.050456253354804,,0.36231884057971014,0.11406333870101985
181,10.86285560923242,7.561728395061729,28.683574879227052,8.447396672034353,9.453837895866881,9.842995169082126,1.442565754159957,11.285560923242082,11.943102522812667,,0.36231884057971014,0.11406333870101985
182,10.93666129898014,7.474503488996243,28.23403113258186,8.836553945249598,9.440418679549115,10.030864197530864,1.442565754159957,11.238593666129898,11.902844873859367,,0.36231884057971014,0.10064412238325282
183,11.030595813204508,7.474503488996243,27.999194847020934,8.735909822866345,9.520933977455716,10.185185185185185,1.442565754159957,11.117820719269995,12.030327428878154,,0.36231884057971014,0.10064412238325282
184,11.07085346215781,7.427536231884058,27.938808373590984,8.735909822866345,9.534353193773484,9.534353193773484,1.442565754159957,11.916264090177133,11.936392914653783,,0.36231884057971014,0.10064412238325282
185,11.124530327428879,7.353730542136339,27.79790660225443,8.715780998389693,9.561191626409018,9.5276435856146,1.4694041867954912,11.869296833064949,12.117552334943639,,0.36231884057971014,0.10064412238325282
186,11.16478797638218,7.179280730005368,27.20746108427268,8.76274825550188,9.634997316156737,9.265968867418144,1.5633387010198605,12.352388620504563,12.406065485775631,,0.36231884057971014,0.10064412238325282
187,11.178207192699947,7.1725711218464845,26.516371443907676,8.61513687600644,10.36634460547504,9.252549651100376,1.415727321524423,12.352388620504563,12.667740203972087,,0.36231884057971014,0.10064412238325282
188,11.238593666129898,7.139023081052066,26.50966183574879,8.977455716586151,10.339506172839506,9.118357487922705,1.415727321524423,12.171229200214707,12.627482555018787,,0.36231884057971014,0.10064412238325282
189,11.332528180354267,6.977992485238862,26.422436929683307,8.930488459473967,10.359634997316157,9.118357487922705,1.415727321524423,12.151100375738057,12.828770799785293,,0.36231884057971014,0.10064412238325282
190,11.419753086419753,6.535158346752549,26.113794954374665,8.943907675791733,11.399624261943103,8.816425120772946,1.3553408480944713,12.144390767579173,12.815351583467525,,0.36231884057971014,0.0939345142243693
191,11.453301127214171,6.494900697799249,25.85882984433709,8.903650026838433,11.352657004830919,8.903650026838433,1.3821792807300053,12.278582930756844,12.915995705850777,,0.36231884057971014,0.0939345142243693
192,11.366076221148685,5.984970477724101,25.684380032206118,8.702361782071927,11.325818572195384,10.21202361782072,1.4492753623188406,12.27187332259796,12.546967257112184,,0.36231884057971014,0.0939345142243693
193,11.272141706924316,5.857487922705314,25.99302200751476,8.78287707997853,11.252012882447666,9.695383789586689,1.4358561460010735,12.164519592055823,13.09044551798175,,0.36231884057971014,0.0939345142243693
194,11.29898013955985,5.857487922705314,25.99302200751476,8.78287707997853,11.252012882447666,9.668545356951155,1.4492753623188406,12.151100375738057,13.09044551798175,,0.36231884057971014,0.0939345142243693
195,11.3593666129898,5.83064949006978,25.684380032206118,8.641975308641975,11.782071926999464,9.601449275362318,1.442565754159957,12.104133118625873,12.989801395598498,,0.46967257112184646,0.0939345142243693
196,11.406333870101985,5.83064949006978,25.63070316693505,8.970746108427267,11.748523886205046,9.749060654857756,1.3419216317767042,11.768652710681696,12.989801395598498,,0.46967257112184646,0.0939345142243693
197,11.305689747718732,5.83064949006978,25.268384326355342,8.923778851315083,11.735104669887278,10.050993022007514,1.4492753623188406,11.493558776167472,13.378958668813741,,0.46967257112184646,0.0939345142243693
198,11.426462694578637,5.790391841116479,25.234836285560924,8.809715512614064,11.782071926999464,10.010735373054214,1.4492753623188406,11.486849168008588,13.446054750402576,0.03354804079441761,0.46967257112184646,0.06038647342995169
