,45,50,55,51,52,54,53,56,57,58,60,59,47,61,46
0,95.70585077831454,4.280730005367687,0.013419216317767043,,,,,,,,,,,,
1,92.42485238862051,7.50805152979066,0.040257648953301126,0.013419216317767043,0.013419216317767043,,,,,,,,,,
2,92.10950080515298,7.769726247987117,0.0939345142243693,0.013419216317767043,0.013419216317767043,,,,,,,,,,
3,91.63311862587224,8.219269994632313,0.12077294685990338,0.013419216317767043,0.013419216317767043,,,,,,,,,,
4,91.03596349973162,8.78287707997853,0.12077294685990338,0.013419216317767043,0.013419216317767043,0.03354804079441761,,,,,,,,,
5,90.60654857756307,9.219001610305957,0.11406333870101985,0.013419216317767043,0.013419216317767043,0.03354804079441761,,,,,,,,,
6,90.27777777777777,9.520933977455716,0.11406333870101985,0.040257648953301126,0.013419216317767043,0.03354804079441761,,,,,,,,,
7,35.36634460547504,63.88217928073001,0.5770263016639828,0.013419216317767043,0.0067096081588835215,0.1274825550187869,0.026838432635534086,,,,,,,,
8,35.299248523886206,63.7211486849168,0.8051529790660226,0.013419216317767043,0.0067096081588835215,0.1274825550187869,0.026838432635534086,,,,,,,,
9,34.84970477724101,63.687600644122384,1.0601180891035964,0.2281266774020397,0.0067096081588835215,0.1274825550187869,0.040257648953301126,,,,,,,,
10,34.634997316156735,63.6808910359635,1.1607622114868492,0.2281266774020397,0.0067096081588835215,0.1274825550187869,0.1610305958132045,,,,,,,,
11,32.769726247987116,62.795222758990874,1.3486312399355878,0.2281266774020397,2.2342995169082127,0.1274825550187869,0.06038647342995169,0.43612453032742887,,,,,,,
12,32.669082125603865,62.795222758990874,1.4492753623188406,0.2281266774020397,2.2342995169082127,0.1274825550187869,0.06038647342995169,0.43612453032742887,,,,,,,
13,30.421363392377884,62.104133118625874,1.8115942028985508,2.804616210413312,2.2342995169082127,0.1274825550187869,0.06038647342995169,0.43612453032742887,,,,,,,
14,30.20665593129361,61.68813741277509,2.3550724637681157,2.85829307568438,2.26784755770263,0.1610305958132045,0.026838432635534086,0.43612453032742887,,,,,,,
15,30.233494363929147,61.48684916800859,2.5161030595813205,2.85829307568438,2.254428341384863,0.1878690284487386,0.026838432635534086,0.43612453032742887,,,,,,,
16,30.193236714975846,60.768921095008054,3.307836822329576,2.8247450348899625,2.254428341384863,0.1878690284487386,0.026838432635534086,0.43612453032742887,,,,,,,
17,30.14626945786366,57.51476113794954,6.635802469135802,2.8247450348899625,2.227589908749329,0.1878690284487386,0.026838432635534086,0.4092860976918948,0.026838432635534086,,,,,,
18,27.563070316693505,57.05179817498658,6.743156199677939,5.736714975845411,2.2410091250670963,0.1878690284487386,0.026838432635534086,0.4092860976918948,0.040257648953301126,,,,,,
19,27.435587761674718,51.90552871712292,12.010198604401502,5.6964573268921095,2.2342995169082127,0.1878690284487386,0.026838432635534086,0.4092860976918948,0.05367686527106817,0.040257648953301126,,,,,
20,27.2812667740204,50.214707461084274,13.902308105206655,5.662909286097692,2.2208803005904456,0.1878690284487386,0.026838432635534086,0.4092860976918948,0.05367686527106817,0.040257648953301126,,,,,
21,24.644390767579175,52.33494363929147,14.231078904991948,5.589103596349974,2.0933977455716586,0.28180354267310787,0.14761137949543746,0.4092860976918948,0.1878690284487386,0.040257648953301126,0.040257648953301126,,,,
22,24.590713902308106,50.4898013955985,14.210950080515298,5.555555555555555,2.1604938271604937,2.167203435319377,0.14761137949543746,0.4092860976918948,0.1878690284487386,0.040257648953301126,0.040257648953301126,,,,
23,19.43773483628556,56.31374127750939,14.190821256038648,4.891304347826087,2.13365539452496,2.2745571658615136,0.08051529790660225,0.43612453032742887,0.1878690284487386,0.0067096081588835215,0.04696725711218465,,,,
24,19.216317767042405,52.99919484702093,12.211486849168008,4.522275899087493,4.025764895330113,6.125872249060655,0.0939345142243693,0.5166398282340311,0.1878690284487386,0.0067096081588835215,0.0939345142243693,,,,
25,19.14922168545357,52.81803542673108,12.278582930756844,4.522275899087493,4.025764895330113,6.179549114331723,0.0939345142243693,0.5166398282340311,0.2214170692431562,0.0067096081588835215,0.1274825550187869,0.06038647342995169,,,
26,19.162640901771336,52.274557165861516,12.875738056897477,4.4753086419753085,4.025764895330113,6.078904991948471,0.10064412238325282,0.5099302200751477,0.2214170692431562,0.0067096081588835215,0.1274825550187869,0.14090177133655393,,,
27,19.088835212023618,51.871980676328505,13.117283950617283,4.49543746645196,3.9318303811057436,6.239935587761675,0.10064412238325282,0.6038647342995169,0.24825550187869028,0.0067096081588835215,0.15432098765432098,0.14090177133655393,,,
28,18.23671497584541,47.65163714439077,10.896403650026839,2.6167471819645733,3.603059581320451,6.266774020397209,9.722222222222221,0.4830917874396135,0.18115942028985507,0.0067096081588835215,0.18115942028985507,0.15432098765432098,,,
29,18.230005367686527,47.0679012345679,11.460010735373054,2.6167471819645733,3.603059581320451,6.239935587761675,9.695383789586689,0.4830917874396135,0.2616747181964573,0.0067096081588835215,0.18115942028985507,0.15432098765432098,,,
30,18.303811057434245,46.846484165324746,11.60762211486849,2.6301663982823404,3.569511540526033,6.085614600107354,9.688674181427805,0.4830917874396135,0.2952227589908749,0.013419216317767043,0.18115942028985507,0.2952227589908749,,,
31,18.270263016639827,46.75925925925926,11.728395061728396,2.623456790123457,3.5762211486849167,6.072195383789587,9.675254965110037,0.49651100375738055,0.2952227589908749,0.026838432635534086,0.18115942028985507,0.2952227589908749,,,
32,18.169618894256576,46.60493827160494,11.748523886205046,2.6167471819645733,3.556092324208266,6.3070316693505095,9.621578099838969,0.49651100375738055,0.322061191626409,0.06038647342995169,0.20128824476650564,0.2952227589908749,,,
33,16.76731078904992,44.578636607622116,11.714975845410628,5.931293612453032,3.5829307568438002,6.226516371443908,9.594739667203436,0.49651100375738055,0.3488996242619431,0.19457863660762212,0.24154589371980675,0.322061191626409,,,
34,16.74718196457327,43.12265163714439,11.41304347826087,5.911164787976382,3.6768652710681695,6.159420289855072,11.238593666129898,0.49651100375738055,0.4294149221685454,0.20128824476650564,0.28180354267310787,0.322061191626409,,,
35,16.586151368760063,43.243424584004295,11.446591519055287,5.924584004294149,3.6634460547504024,6.146001073537305,11.158078368223295,0.49651100375738055,0.43612453032742887,0.28180354267310787,0.28180354267310787,0.33548040794417605,,,
36,16.6129898013956,43.001878690284485,11.553945249597424,5.9514224369296835,3.629898013955985,6.146001073537305,10.876274825550189,0.8588298443370908,0.4294149221685454,0.322061191626409,0.28180354267310787,0.33548040794417605,,,
37,16.525764895330113,39.16398282340311,11.3191089640365,5.991680085882985,3.6366076221148687,10.198604401502953,10.856146001073537,0.8588298443370908,0.4562533548040794,0.322061191626409,0.33548040794417605,0.33548040794417605,,,
38,16.53918411164788,39.08346752549651,11.379495437466453,6.011808910359635,3.5225442834138487,10.185185185185185,10.856146001073537,0.8319914117015567,0.5703166935050993,0.33548040794417605,0.33548040794417605,0.3488996242619431,,,
39,11.252012882447666,44.36392914653784,11.453301127214171,5.931293612453032,3.4621578099838968,10.171765968867419,10.782340311325818,0.8319914117015567,0.6508319914117016,0.36902844873859364,0.3757380568974772,0.35560923242082665,,,
40,11.245303274288782,44.26328502415459,11.520397208803006,5.763553408480945,4.334406870638754,10.171765968867419,10.178475577026301,0.7917337627482555,0.6508319914117016,0.3488996242619431,0.3757380568974772,0.35560923242082665,,,
41,7.192699946323135,29.944981213097154,11.312399355877616,24.36929683306495,7.4208266237251745,10.19189479334407,7.541599570585078,0.4495437466451959,0.5166398282340311,0.3153515834675255,0.36231884057971014,0.3824476650563607,,,
42,7.1725711218464845,29.797369833601717,11.392914653784219,24.27536231884058,7.447665056360709,10.225442834138486,7.454374664519592,0.5501878690284487,0.5166398282340311,0.41599570585077833,0.36231884057971014,0.38915727321524424,,,
43,7.232957595276436,29.723564143854,11.460010735373054,24.134460547504027,7.447665056360709,10.165056360708535,7.427536231884058,0.6575415995705851,0.5166398282340311,0.49651100375738055,0.36231884057971014,0.3757380568974772,,,
44,7.300053676865271,29.61621041331186,11.533816425120772,24.08749329039184,7.4208266237251745,10.151637144390767,7.427536231884058,0.6843800322061192,0.5434782608695652,0.49651100375738055,0.36231884057971014,0.3757380568974772,,,
45,7.239667203435319,28.361513687600645,9.333064949006978,24.053945249597422,7.340311325818572,10.111379495437467,11.077563070316694,0.7380568974771873,0.5837359098228664,0.5233494363929146,0.2616747181964573,0.3757380568974772,,,
46,7.353730542136339,28.166935050993022,9.54777241009125,23.980139559849704,7.300053676865271,9.923510466988727,11.030595813204508,0.7380568974771873,0.6172839506172839,0.5434782608695652,0.28180354267310787,0.5166398282340311,,,
47,6.421095008051529,26.684111647879764,9.500805152979066,23.8191089640365,10.86285560923242,9.916800858829845,9.75577026301664,0.8454106280193237,0.7179280730005367,0.6776704240472357,0.28180354267310787,0.5166398282340311,,,
48,6.360708534621578,26.67740203972088,9.567901234567902,23.45679012345679,9.86983360171766,9.86983360171766,10.554213633923778,1.328502415458937,0.8252818035426731,0.6374127750939346,0.33548040794417605,0.5166398282340311,,,
49,6.4412238325281805,26.341921631776703,9.796027911969942,23.470209339774556,9.856414385399892,9.802737520128824,10.554213633923778,1.4090177133655395,0.8387010198604401,0.6374127750939346,0.33548040794417605,0.5166398282340311,,,
50,6.468062265163715,26.25469672571122,9.816156736446592,23.1682769726248,9.836285560923242,9.822866344605474,10.554213633923778,1.6035963499731616,0.8856682769726248,0.7045088566827697,0.36902844873859364,0.5166398282340311,,,
51,6.400966183574879,25.140901771336555,9.883252818035427,24.14787976382179,9.742351046698873,9.789318303811058,10.520665593129362,1.778046162104133,0.9796027911969941,0.7313472893183038,0.36902844873859364,0.5166398282340311,,,
52,6.407675791733762,24.90606548577563,9.923510466988727,24.08749329039184,9.561191626409018,9.863123993558776,10.413311862587225,1.7914653784219001,1.2546967257112185,0.9057971014492754,0.36902844873859364,0.5166398282340311,,,
53,6.360708534621578,21.557971014492754,9.084809447128288,23.97342995169082,9.554482018250134,14.083467525496511,10.352925389157273,1.8719806763285025,1.261406333870102,0.9125067096081588,0.35560923242082665,0.630703166935051,,,
54,6.447933440687064,21.490874932903917,8.997584541062801,23.658078368223297,9.5276435856146,14.04320987654321,10.406602254428341,2.13365539452496,1.2748255501878691,0.9393451422436929,0.4495437466451959,0.630703166935051,,,
55,6.421095008051529,20.67230273752013,8.749329039184111,23.503757380568974,9.373322597960279,15.103327965646805,10.406602254428341,2.2879763821792807,1.3955984970477724,0.9393451422436929,0.4495437466451959,0.6977992485238862,,,
56,6.521739130434782,20.471014492753625,8.749329039184111,23.443370907139023,9.286097691894794,15.13016639828234,10.433440687063875,2.2745571658615136,1.5096618357487923,0.9796027911969941,0.4495437466451959,0.7514761137949544,,,
57,6.649221685453569,20.356951154052602,8.82313472893183,23.21524422973698,9.286097691894794,15.163714439076758,10.326086956521738,2.3886205045625335,1.5096618357487923,1.0534084809447128,0.4495437466451959,0.7783145464304885,,,
58,6.723027375201288,20.242887815351583,8.896940418679549,23.101180891035963,9.145195920558239,15.197262479871176,10.292538915727322,2.5831991411701556,1.5163714439076759,1.0869565217391304,0.4495437466451959,0.7648953301127214,,,
59,6.823671497584541,20.182501341921633,8.709071390230811,23.087761674718198,9.145195920558239,15.183843263553408,10.279119699409554,2.5697799248523885,1.5163714439076759,1.1003757380568975,0.6374127750939346,0.7648953301127214,,,
60,6.790123456790123,20.135534084809446,8.735909822866345,23.047504025764894,9.145195920558239,15.136876006441224,10.25228126677402,2.657004830917874,1.5297906602254427,1.1272141706924315,0.6508319914117016,0.7917337627482555,,,
61,6.944444444444445,20.108695652173914,8.702361782071927,23.040794417606012,9.111647879763822,15.08990874932904,10.178475577026301,2.6435856146001075,1.5499194847020934,1.1406333870101986,0.6776704240472357,0.8118625872249061,,,
62,7.024959742351046,20.075147611379496,8.675523349436393,22.84621578099839,9.084809447128288,15.083199141170155,10.124798711755233,2.8113258185721954,1.5767579173376274,1.1808910359634996,0.6776704240472357,0.8387010198604401,,,
63,7.065217391304348,20.055018786902846,8.621846484165324,22.81266774020397,9.084809447128288,15.056360708534621,10.017444981213098,2.844873859366613,1.6103059581320451,1.3620504562533549,0.630703166935051,0.8387010198604401,,,
64,5.850778314546431,19.0955448201825,8.514492753623188,24.174718196457327,8.621846484165324,16.25067096081589,9.990606548577563,2.985775630703167,1.5901771336553945,1.42914653784219,0.630703166935051,0.8655394524959742,,,
65,5.837359098228664,18.988191089640367,8.581588835212024,24.08749329039184,8.581588835212024,16.17686527106817,10.104669887278583,2.885131508319914,1.6304347826086956,1.4694041867954912,0.630703166935051,1.0265700483091786,,,
66,5.9447128287707995,18.947933440687063,8.581588835212024,23.993558776167472,8.561460010735374,16.14331723027375,10.104669887278583,2.9388083735909825,1.6304347826086956,1.4694041867954912,0.6575415995705851,1.0265700483091786,,,
67,5.870907139023081,18.820450885668276,8.57487922705314,21.806226516371442,8.480944712828771,16.129898013955984,12.788513150831992,2.7509393451422435,1.6438539989264627,1.4694041867954912,0.630703166935051,1.0332796564680622,,,
68,5.803811057434245,18.12265163714439,9.77589908749329,21.40365002683843,8.480944712828771,15.801127214170693,13.063607085346217,2.737520128824477,1.6572732152442298,1.5163714439076759,0.6172839506172839,1.0198604401502953,,,
69,5.904455179817498,18.089103596349972,9.762479871175524,21.162104133118625,8.467525496511003,15.787707997852925,13.050187869028449,2.9253891572732154,1.6572732152442298,1.5297906602254427,0.644122383252818,1.0198604401502953,,,
70,5.850778314546431,17.538915727321523,9.71551261406334,21.155394524959743,8.400429414922169,15.673644659151906,13.92914653784219,2.932098765432099,1.6438539989264627,1.4962426194310252,0.644122383252818,1.0198604401502953,,,
71,5.864197530864198,17.57246376811594,9.749060654857756,21.061460010735374,8.313204508856682,15.599838969404187,13.902308105206655,2.9589371980676327,1.7310789049919484,1.556629092860977,0.644122383252818,1.0466988727858293,,,
72,5.83064949006978,17.579173376274827,9.769189479334408,20.98094471282877,8.299785292538916,15.599838969404187,13.808373590982287,3.1199677938808374,1.7914653784219001,1.5163714439076759,0.644122383252818,1.0601180891035964,,,
73,5.280461621041331,18.927804616210413,9.688674181427805,20.263016639828233,8.192431561996779,15.559581320450885,13.7211486849168,3.1468062265163717,1.9726247987117553,1.5163714439076759,0.6575415995705851,1.0735373054213635,,,
74,5.35426731078905,18.726516371443907,9.608158883521202,20.249597423510465,8.179012345679013,15.767579173376275,13.553408480944713,3.126677402039721,1.9726247987117553,1.6841116478797638,0.6776704240472357,1.1003757380568975,,,
75,5.374396135265701,18.666129898013956,9.621578099838969,20.128824476650564,8.179012345679013,15.707192699946322,13.43263553408481,3.280998389694042,1.9726247987117553,1.6841116478797638,0.7112184648416533,1.2412775093934514,,,
76,5.394524959742351,18.646001073537306,9.655126140633387,19.867149758454108,8.205850778314547,15.646806226516372,13.41250670960816,3.535963499731616,1.9659151905528718,1.6841116478797638,0.7112184648416533,1.2748255501878691,,,
77,5.495169082125604,18.491680085882983,9.614868491680086,19.699409554482017,8.192431561996779,15.579710144927537,13.439345142243694,3.7037037037037037,1.9659151905528718,1.6908212560386473,0.7246376811594203,1.402308105206656,,,
78,5.340848094471283,18.14278046162104,9.520933977455716,18.149490069779926,10.755501878690284,15.539452495974235,13.41250670960816,3.515834675254965,1.724369296833065,1.7444981213097155,0.7581857219538379,1.3955984970477724,,,
79,5.387815351583468,18.095813204508858,9.500805152979066,18.12265163714439,10.742082662372518,15.566290928609769,13.278314546430488,3.569511540526033,1.724369296833065,1.7444981213097155,0.7581857219538379,1.5096618357487923,,,
80,5.475040257648954,17.840848094471284,9.708803005904455,18.055555555555557,10.715244229736983,15.539452495974235,13.22463768115942,3.6231884057971016,1.724369296833065,1.778046162104133,0.7514761137949544,1.5633387010198605,,,
81,5.522007514761138,17.76033279656468,9.782608695652174,17.98174986580784,10.68840579710145,15.445517981749866,13.20450885668277,3.7104133118625873,1.724369296833065,1.8317230273752012,0.7514761137949544,1.596886741814278,,,
82,5.595813204508857,17.56575415995706,9.88996242619431,17.907944176060116,10.661567364465915,15.418679549114332,13.177670424047236,3.750670960815888,1.737788513150832,1.8518518518518519,0.8454106280193237,1.596886741814278,,,
83,5.622651637144391,17.485238862050455,9.96376811594203,16.780730005367687,12.5402576489533,15.35829307568438,12.667740203972087,3.6634460547504024,1.6706924315619969,1.7713365539452497,0.8655394524959742,1.570048309178744,0.0067096081588835215,0.03354804079441761,
84,5.669618894256575,17.398013955984972,10.037573805689748,16.700214707461082,12.385936661298981,15.418679549114332,12.640901771336553,3.6097691894793345,1.8585614600107354,1.7176596886741815,0.8655394524959742,1.6304347826086956,0.0067096081588835215,0.06038647342995169,
85,5.683038110574342,17.250402576489535,10.158346752549651,16.700214707461082,12.332259796027913,15.418679549114332,12.654320987654321,3.603059581320451,1.9390767579173376,1.751207729468599,0.8521202361782072,1.5901771336553945,0.0067096081588835215,0.06038647342995169,
86,5.649490069779925,17.19001610305958,10.151637144390767,16.626409017713364,12.29200214707461,15.49248523886205,12.681159420289855,3.629898013955985,1.9726247987117553,1.751207729468599,0.9057971014492754,1.5901771336553945,0.0067096081588835215,0.06038647342995169,
87,5.636070853462158,17.14975845410628,10.178475577026301,16.5727321524423,12.258454106280194,15.432098765432098,12.654320987654321,3.6634460547504024,2.006172839506173,1.8048845947396672,0.9594739667203436,1.6170155662909287,0.0067096081588835215,0.06038647342995169,
88,5.542136339237788,15.505904455179817,10.225442834138486,16.566022544283413,12.23161567364466,17.257112184648417,12.573805689747719,3.643317230273752,2.0397208803005906,1.8518518518518519,0.8856682769726248,1.6103059581320451,0.0067096081588835215,0.06038647342995169,
89,5.320719269994632,14.566559312936125,11.131239935587761,17.632850241545892,12.184648416532475,16.80756843800322,12.526838432635534,3.549382716049383,1.9592055823939882,1.8451422436929683,0.8387010198604401,1.570048309178744,0.0067096081588835215,0.06038647342995169,
90,5.273752012882448,13.761406333870102,9.66183574879227,16.968599033816425,12.815351583467525,19.47799248523886,12.473161567364466,3.3413848631239937,1.9390767579173376,1.865271068169619,0.785024154589372,1.570048309178744,0.0067096081588835215,0.06038647342995169,
91,5.300590445517981,13.747987117552334,9.856414385399892,16.968599033816425,12.781803542673108,19.310252281266774,12.406065485775631,3.3950617283950617,1.932367149758454,1.8719806763285025,0.8051529790660226,1.556629092860977,0.0067096081588835215,0.06038647342995169,
92,4.998658078368224,12.04374664519592,9.554482018250134,19.404186795491142,12.466451959205582,19.30354267310789,12.325550187869029,3.5829307568438002,1.9659151905528718,1.90552871712292,0.7917337627482555,1.5901771336553945,0.0067096081588835215,0.06038647342995169,
93,5.065754159957058,11.98336017176597,9.695383789586689,19.310252281266774,12.392646269457863,19.088835212023618,12.184648416532475,3.730542136339238,2.1604938271604937,2.01959205582394,0.7581857219538379,1.5499194847020934,,0.06038647342995169,
94,5.119431025228127,11.949812130971551,9.708803005904455,19.249865807836823,12.278582930756844,19.04186795491143,12.177938808373591,3.851315083199141,2.2946859903381642,1.9860440150295222,0.7581857219538379,1.5499194847020934,,0.03354804079441761,
95,5.152979066022544,11.943102522812667,9.708803005904455,19.11567364465915,12.258454106280194,18.90096618357488,12.164519592055823,3.9586688137412773,2.314814814814815,1.9994632313472893,0.7581857219538379,1.6908212560386473,,0.03354804079441761,
96,5.24020397208803,11.929683306494901,9.796027911969942,18.99490069779925,12.224906065485776,18.874127750939344,12.13768115942029,3.8915727321524423,2.368491680085883,2.01959205582394,0.7581857219538379,1.7310789049919484,,0.03354804079441761,
97,5.260332796564681,11.936392914653783,9.98389694041868,18.82716049382716,12.184648416532475,18.65271068169619,11.969940955448202,3.978797638217928,2.4154589371980677,2.1403650026838434,0.7447665056360708,1.8719806763285025,,0.03354804079441761,
98,5.293880837359098,11.855877616747183,10.111379495437467,18.733225979602793,12.184648416532475,18.625872249060656,11.949812130971551,4.032474503488996,2.462426194310252,2.1403650026838434,0.7179280730005367,1.8585614600107354,,0.03354804079441761,
99,5.3274288781535155,11.849168008588299,10.084541062801932,18.491680085882983,12.184648416532475,18.377616747181964,11.829039184111648,4.17337627482555,2.563070316693505,2.368491680085883,0.7313472893183038,1.9860440150295222,,0.03354804079441761,
100,5.4616210413311865,11.79549114331723,10.084541062801932,18.364197530864196,12.177938808373591,18.370907139023082,11.782071926999464,4.253891572732153,2.563070316693505,2.368491680085883,0.7581857219538379,1.9860440150295222,,0.03354804079441761,
101,5.260332796564681,11.486849168008588,8.682232957595277,22.75228126677402,10.21202361782072,18.65271068169619,11.788781535158346,4.1129898013955986,2.214170692431562,2.2410091250670963,0.48980139559849706,2.073268921095008,,0.03354804079441761,
102,4.233762748255502,6.233225979602791,7.347020933977456,34.796027911969944,10.178475577026301,17.92807300053677,9.554482018250134,3.1870638754696725,2.059849704777241,1.9524959742351047,0.46296296296296297,2.033011272141707,,0.03354804079441761,
103,4.28743961352657,6.213097155126141,7.306763285024155,34.655126140633385,10.165056360708535,17.867686527106816,9.554482018250134,3.321256038647343,2.073268921095008,2.0397208803005906,0.4830917874396135,1.9994632313472893,,0.03354804079441761,
104,4.180085882984434,6.078904991948471,7.1725711218464845,34.20558239398819,9.856414385399892,20.873590982286636,7.944176060118089,3.307836822329576,2.1269457863660763,1.710950080515298,0.5166398282340311,1.9927536231884058,,0.03354804079441761,
105,4.206924315619967,6.072195383789587,7.139023081052066,34.084809447128286,9.856414385399892,20.75281803542673,7.930756843800322,3.4420289855072466,2.1269457863660763,1.6774020397208802,0.5501878690284487,2.1269457863660763,,0.03354804079441761,
106,4.032474503488996,5.870907139023081,5.870907139023081,33.80971551261406,13.325281803542673,19.55179817498658,7.454374664519592,3.770799785292539,2.1068169618894257,1.596886741814278,0.3824476650563607,2.187332259796028,,0.040257648953301126,
107,4.1129898013955986,5.797101449275362,5.911164787976382,33.68894256575416,13.291733762748256,19.53166935050993,7.454374664519592,3.8848631239935587,2.1068169618894257,1.583467525496511,0.3824476650563607,2.187332259796028,,0.06709608158883522,
108,4.260601180891036,5.797101449275362,5.884326355340848,33.393719806763286,13.231347289318304,19.35721953837896,7.454374664519592,4.1532474503489,2.100107353730542,1.6035963499731616,0.4092860976918948,2.2879763821792807,,0.06709608158883522,
109,4.300858829844337,5.797101449275362,5.884326355340848,33.2259796027912,13.217928073000536,19.209608158883523,7.440955448201825,4.428341384863124,2.100107353730542,1.6170155662909287,0.4092860976918948,2.301395598497048,,0.06709608158883522,
110,4.367954911433173,5.776972624798712,5.884326355340848,33.111916264090176,13.217928073000536,19.189479334406872,7.440955448201825,4.522275899087493,2.0933977455716586,1.6170155662909287,0.4092860976918948,2.301395598497048,,0.06709608158883522,
111,4.414922168545357,5.790391841116479,5.884326355340848,32.950885668276975,12.795222758990874,19.135802469135804,7.440955448201825,4.64975845410628,2.509393451422437,1.6170155662909287,0.4294149221685454,2.3081052066559313,,0.07380568974771873,
112,4.441760601180891,5.776972624798712,5.884326355340848,32.83682232957595,12.654320987654321,19.07541599570585,7.387278582930757,4.74369296833065,2.6502952227589907,1.6774020397208802,0.4294149221685454,2.368491680085883,,0.07380568974771873,
113,4.4820182501341925,5.763553408480945,6.038647342995169,32.68250134192163,12.5402576489533,19.0150295222759,7.380568974771873,4.8443370907139025,2.6301663982823404,1.724369296833065,0.4294149221685454,2.395330112721417,,0.07380568974771873,
114,4.656468062265164,5.736714975845411,5.998389694041868,32.64224369296833,12.513419216317766,18.96135265700483,7.367149758454106,4.851046698872786,2.703972088030059,1.724369296833065,0.4294149221685454,2.341653247450349,,0.07380568974771873,
115,4.696725711218465,5.71658615136876,6.0654857756307035,32.52818035426731,12.513419216317766,18.793612453032743,7.333601717659689,4.904723564143854,2.703972088030059,1.7646269457863661,0.5300590445517982,2.3752012882447664,,0.07380568974771873,
116,4.703435319377348,5.6964573268921095,6.078904991948471,30.870907139023082,12.526838432635534,18.69296833064949,7.300053676865271,6.528448738593666,2.717391304347826,1.7444981213097155,0.5636070853462157,2.5026838432635534,,0.07380568974771873,
117,4.7101449275362315,5.683038110574342,6.038647342995169,30.817230273752013,12.432903918411165,18.471551261406333,7.159151905528717,6.582125603864735,3.140096618357488,1.7444981213097155,0.5636070853462157,2.5831991411701556,,0.07380568974771873,
118,4.770531400966184,5.676328502415459,6.038647342995169,30.763553408480945,12.432903918411165,18.397745571658614,7.1725711218464845,6.642512077294686,3.126677402039721,1.7444981213097155,0.5770263016639828,2.5831991411701556,,0.07380568974771873,
119,4.086151368760064,4.622920021470746,5.689747718733226,38.91572732152442,9.205582393988191,17.45169082125604,6.608964036500268,5.897745571658615,2.6033279656468062,1.7310789049919484,0.5770263016639828,2.536231884057971,,0.07380568974771873,
120,4.1532474503489,4.508856682769726,5.622651637144391,38.687600644122384,9.16532474503489,17.52549651100376,6.622383252818035,5.984970477724101,2.690552871712292,1.7847557702630166,0.6239935587761675,2.5563607085346214,,0.07380568974771873,
121,4.180085882984434,4.502147074610843,5.71658615136876,38.29844337090714,8.997584541062801,17.485238862050455,6.602254428341385,6.286902844873859,2.8918411164787976,1.8048845947396672,0.6239935587761675,2.536231884057971,,0.07380568974771873,
122,4.253891572732153,4.49543746645196,5.636070853462158,38.056897477187334,8.984165324745035,17.344337090713903,6.655931293612453,6.468062265163715,2.9388083735909825,1.9524959742351047,0.6239935587761675,2.5161030595813205,,0.07380568974771873,
123,4.274020397208803,4.428341384863124,5.636070853462158,35.16505636070853,8.896940418679549,19.940955448201827,6.877348362855609,6.454643048845948,3.0059044551798175,2.086688137412775,0.6239935587761675,2.536231884057971,,0.07380568974771873,
124,4.213633923778851,4.414922168545357,5.71658615136876,34.856414385399894,8.809715512614064,19.90740740740741,6.89747718733226,6.696188942565755,3.166935050993022,2.086688137412775,0.5971551261406334,2.563070316693505,,0.07380568974771873,
125,4.30756843800322,4.414922168545357,5.71658615136876,34.74906065485776,8.695652173913043,19.840311325818572,6.857219538378959,6.870638754696726,3.180354267310789,2.086688137412775,0.5971551261406334,2.61003757380569,,0.07380568974771873,
126,4.414922168545357,4.414922168545357,5.709876543209877,34.64170692431562,8.648684916800859,19.90740740740741,6.857219538378959,6.816961889425658,3.227321524422974,2.073268921095008,0.5971551261406334,2.6167471819645733,,0.07380568974771873,
127,4.461889425657541,4.414922168545357,5.730005367686527,34.60144927536232,8.527911969940956,20.021470746108427,6.850509930220075,6.850509930220075,3.193773483628556,2.073268921095008,0.5703166935050993,2.6301663982823404,,0.07380568974771873,
128,4.200214707461084,3.4420289855072466,5.589103596349974,37.23161567364466,8.527911969940956,19.94766505636071,6.816961889425658,5.797101449275362,3.1468062265163717,2.0531400966183573,0.5703166935050993,2.6033279656468062,,0.07380568974771873,
129,4.320987654320987,3.4420289855072466,5.656199677938808,36.99006977992485,8.521202361782072,19.98792270531401,6.790123456790123,5.83064949006978,3.1468062265163717,2.0397208803005906,0.5703166935050993,2.6301663982823404,,0.07380568974771873,
130,4.38137412775094,3.435319377348363,5.750134192163178,36.79549114331723,8.507783145464305,19.867149758454108,6.89747718733226,5.904455179817498,3.1602254428341383,2.006172839506173,0.6172839506172839,2.6033279656468062,,0.07380568974771873,
131,4.388083735909823,3.4286097691894795,5.709876543209877,36.72168545356951,8.152173913043478,19.85373054213634,7.6623725174449815,6.045356951154052,2.818035426731079,1.892109500805153,0.6172839506172839,2.636876006441224,,0.07380568974771873,
132,4.528985507246377,3.4017713365539453,5.857487922705314,36.50697799248524,8.091787439613526,19.73966720343532,7.588566827697263,6.072195383789587,2.9723564143853998,1.865271068169619,0.6508319914117016,2.6502952227589907,,0.07380568974771873,
133,4.663177670424047,3.4017713365539453,5.891035963499732,36.41975308641975,8.064949006977992,19.6256038647343,7.575147611379496,6.072195383789587,2.9589371980676327,1.932367149758454,0.6843800322061192,2.636876006441224,,0.07380568974771873,
134,4.683306494900698,3.4017713365539453,5.877616747181965,36.25872249060655,8.011272141706923,19.598765432098766,7.548309178743962,6.206387546967257,2.932098765432099,2.073268921095008,0.6843800322061192,2.6502952227589907,,0.07380568974771873,
135,4.676596886741814,3.4017713365539453,6.092324208266238,35.970209339774556,7.96430488459474,19.269994632313473,7.5281803542673105,6.3070316693505095,3.408480944712829,2.0263016639828235,0.6843800322061192,2.5966183574879227,,0.07380568974771873,
136,4.696725711218465,3.3548040794417604,6.105743424584004,35.79575952764358,7.803274288781535,19.155931293612454,7.313472893183038,6.629092860976919,3.5292538915727323,2.254428341384863,0.6709608158883521,2.6167471819645733,,0.07380568974771873,
137,4.7101449275362315,3.3145464304884595,6.099033816425121,35.70182501341922,7.7898550724637685,19.129092860976918,7.306763285024155,6.709608158883521,3.5426731078904994,2.2745571658615136,0.6910896403650026,2.6502952227589907,,0.08051529790660225,
138,4.7168545356951155,3.3011272141706924,6.052066559312936,35.7487922705314,7.695920558239399,19.068706387546968,7.286634460547504,6.736446591519055,3.6634460547504024,2.301395598497048,0.6910896403650026,2.6637144390767578,,0.07380568974771873,
139,4.804079441760601,3.3011272141706924,6.005099302200751,35.09125067096082,7.669082125603865,19.343800322061192,7.132313472893183,7.092055823939882,3.8915727321524423,2.26784755770263,0.6709608158883521,2.6301663982823404,,0.10064412238325282,
140,4.804079441760601,3.227321524422974,6.105743424584004,35.00402576489533,7.6556629092860975,19.343800322061192,7.118894256575416,7.139023081052066,3.9184111647879765,2.254428341384863,0.6709608158883521,2.657004830917874,,0.10064412238325282,
141,4.830917874396135,3.2206119162640903,6.146001073537305,34.96376811594203,7.689210950080516,19.296833064949006,7.078636607622115,7.14573268921095,3.8915727321524423,2.301395598497048,0.6709608158883521,2.6637144390767578,,0.10064412238325282,
142,4.804079441760601,3.2206119162640903,6.219806763285024,34.80273752012882,7.6623725174449815,19.082125603864736,7.085346215780999,7.4141170155662905,3.9049919484702094,2.2611379495437465,0.6709608158883521,2.703972088030059,,0.16774020397208803,
143,4.830917874396135,3.2206119162640903,6.206387546967257,34.64170692431562,7.648953301127214,19.155931293612454,7.058507783145465,7.514761137949543,3.8848631239935587,2.2879763821792807,0.6843800322061192,2.6972624798711755,,0.16774020397208803,
144,4.8443370907139025,3.1736446591519054,6.340579710144928,34.48067632850242,7.6623725174449815,19.11567364465915,6.9310252281266775,7.62211486849168,3.8848631239935587,2.3752012882447664,0.6575415995705851,2.7442297369833604,,0.16774020397208803,
145,4.8443370907139025,3.1199677938808374,6.367418142780462,34.4068706387547,7.682501341921632,19.02173913043478,6.9310252281266775,7.776435856146001,3.9049919484702094,2.3752012882447664,0.6575415995705851,2.7241009125067097,,0.1878690284487386,
146,4.898013955984971,3.1199677938808374,6.340579710144928,34.326355340848096,7.608695652173913,18.927804616210413,6.89747718733226,7.87037037037037,3.938539989264627,2.442297369833602,0.6977992485238862,2.7442297369833604,,0.1878690284487386,
147,5.025496511003757,3.1065485775630703,6.367418142780462,34.21900161030596,7.608695652173913,18.699677938808374,6.863929146537842,7.9106280193236715,4.025764895330113,2.4825550187869028,0.7313472893183038,2.771068169618894,,0.1878690284487386,
148,5.0993022007514766,3.0864197530864197,6.347289318303811,34.11164787976382,7.682501341921632,18.63929146537842,6.702898550724638,8.071658615136876,4.045893719806763,2.5295222758990876,0.7045088566827697,2.791196994095545,,0.1878690284487386,
149,5.0993022007514766,3.0059044551798175,6.3070316693505095,34.01771336553945,7.669082125603865,18.800322061191626,6.696188942565755,8.152173913043478,4.045893719806763,2.5026838432635534,0.7045088566827697,2.8113258185721954,,0.1878690284487386,
150,5.260332796564681,3.0059044551798175,6.226516371443908,33.69565217391305,7.521470746108427,18.78690284487386,6.615673644659152,8.709071390230811,3.9586688137412773,2.4825550187869028,0.7380568974771873,2.8113258185721954,,0.1878690284487386,
151,5.233494363929147,3.0059044551798175,6.367418142780462,33.3467525496511,7.5348899624261945,18.833870101986044,6.541867954911433,8.809715512614064,3.965378421900161,2.475845410628019,0.7648953301127214,2.932098765432099,,0.1878690284487386,
152,5.233494363929147,2.999194847020934,6.481481481481482,33.272946859903385,7.48792270531401,18.67283950617284,6.535158346752549,8.883521202361782,3.978797638217928,2.4557165861513686,0.7648953301127214,3.046162104133119,,0.1878690284487386,
153,5.421363392377885,2.999194847020934,6.568706387546968,33.11862587224906,7.50805152979066,18.605743424584006,6.541867954911433,8.870101986044014,3.9586688137412773,2.4557165861513686,0.7380568974771873,3.0394524959742353,,0.17444981213097155,
154,5.448201825013419,2.999194847020934,6.629092860976919,32.94417606011809,7.48792270531401,18.585614600107355,6.5485775630703165,9.017713365539452,3.9586688137412773,2.4557165861513686,0.7380568974771873,3.012614063338701,,0.17444981213097155,
155,5.495169082125604,3.012614063338701,6.696188942565755,32.90391841116479,7.454374664519592,18.53864734299517,6.575415995705851,8.943907675791733,3.9586688137412773,2.522812667740204,0.7514761137949544,2.9723564143853998,,0.17444981213097155,
156,5.636070853462158,2.9924852388620504,6.749865807836822,32.71604938271605,7.481213097155126,18.53864734299517,6.561996779388084,8.957326892109501,3.992216854535695,2.522812667740204,0.7380568974771873,2.9388083735909825,,0.17444981213097155,
157,5.736714975845411,2.9924852388620504,6.736446591519055,32.50805152979066,7.427536231884058,18.55877616747182,6.535158346752549,9.05126140633387,4.1129898013955986,2.5026838432635534,0.7380568974771873,2.9253891572732154,,0.17444981213097155,
158,5.83064949006978,2.9924852388620504,6.662640901771336,32.400697799248526,7.427536231884058,18.511808910359633,6.66935050993022,8.977455716586151,4.1129898013955986,2.522812667740204,0.7783145464304885,2.9388083735909825,,0.17444981213097155,
159,5.931293612453032,2.952227589908749,6.736446591519055,32.11218464841653,7.440955448201825,18.54535695115405,6.66935050993022,9.138486312399356,4.072732152442297,2.4892646269457863,0.7783145464304885,2.9589371980676327,,0.17444981213097155,
160,6.105743424584004,2.952227589908749,6.843800322061192,31.870638754696724,7.407407407407407,18.344068706387546,6.635802469135802,9.172034353193773,4.0995705850778315,2.5295222758990876,0.7313472893183038,3.1333870101986045,,0.17444981213097155,
161,6.132581857219538,2.952227589908749,7.004830917874396,31.682769726247987,7.306763285024155,18.303811057434245,6.635802469135802,9.306226516371444,4.0995705850778315,2.5496511003757383,0.7246376811594203,3.126677402039721,,0.17444981213097155,
162,6.206387546967257,2.952227589908749,6.984702093397746,31.66935050993022,7.300053676865271,18.377616747181964,6.608964036500268,9.29951690821256,4.072732152442297,2.5831991411701556,0.7179280730005367,3.052871712292002,,0.17444981213097155,
163,6.233225979602791,2.8515834675254963,6.944444444444445,31.32716049382716,7.300053676865271,18.451422436929683,6.615673644659152,9.695383789586689,4.05931293612453,2.589908749329039,0.7045088566827697,3.052871712292002,,0.17444981213097155,
164,6.233225979602791,2.8515834675254963,7.085346215780999,31.112453032742888,7.266505636070853,18.411164787976382,6.635802469135802,9.762479871175524,4.092860976918948,2.589908749329039,0.7179280730005367,3.066290928609769,,0.17444981213097155,
165,6.266774020397209,2.8515834675254963,7.199409554482019,30.92458400429415,7.098765432098766,18.323939881910896,6.454643048845948,9.903381642512077,4.528985507246377,2.5026838432635534,0.7179280730005367,3.052871712292002,,0.17444981213097155,
166,6.280193236714976,2.844873859366613,7.192699946323135,30.71658615136876,7.098765432098766,18.344068706387546,6.474771873322598,9.990606548577563,4.609500805152979,2.5026838432635534,0.7179280730005367,3.052871712292002,,0.17444981213097155,
167,6.340579710144928,2.8381642512077296,7.185990338164252,30.52871712292002,7.071926999463232,18.35077831454643,6.4412238325281805,10.165056360708535,4.696725711218465,2.4691358024691357,0.6910896403650026,3.046162104133119,,0.17444981213097155,
168,6.380837359098229,2.8381642512077296,7.179280730005368,30.48845947396672,7.051798174986581,18.370907139023082,6.468062265163715,10.131508319914117,4.64975845410628,2.5295222758990876,0.6910896403650026,3.046162104133119,,0.17444981213097155,
169,6.468062265163715,2.831454643048846,7.440955448201825,30.233494363929147,7.018250134192163,18.431293612453032,6.468062265163715,10.02415458937198,4.5960815888352125,2.5563607085346214,0.7112184648416533,3.046162104133119,,0.17444981213097155,
170,6.501610305958132,2.831454643048846,7.722758990874933,29.938271604938272,6.964573268921095,18.431293612453032,6.461352657004831,10.071121846484166,4.5893719806763285,2.5697799248523885,0.7112184648416533,3.0327428878153517,,0.17444981213097155,
171,6.494900697799249,2.818035426731079,7.87037037037037,29.74369296833065,7.085346215780999,18.451422436929683,6.454643048845948,10.02415458937198,4.569243156199678,2.576489533011272,0.7112184648416533,3.012614063338701,,0.1878690284487386,
172,6.521739130434782,2.844873859366613,7.7831454643048845,29.643048845947398,7.105475040257649,18.4044551798175,6.729736983360172,9.903381642512077,4.53569511540526,2.5831991411701556,0.7447665056360708,3.046162104133119,,0.15432098765432098,
