,45,50,53,51,54,55,52,56
0,100.0,,,,,,,
1,91.92163177670425,8.07836822329576,,,,,,
2,85.81588835212024,13.553408480944713,0.630703166935051,,,,,
3,85.84272678475577,13.526570048309178,0.630703166935051,,,,,
4,78.7909286097692,20.578368223295758,0.630703166935051,,,,,
5,68.6862587224906,30.683038110574344,0.630703166935051,,,,,
6,58.95061728395062,40.41867954911433,0.630703166935051,,,,,
7,58.63526570048309,37.88915727321525,0.6172839506172839,2.85829307568438,,,,
8,52.824745034889965,46.27616747181965,0.6172839506172839,0.28180354267310787,,,,
9,49.75174449812131,39.02308105206656,0.6172839506172839,10.171765968867419,0.43612453032742887,,,
10,49.75174449812131,39.02308105206656,0.6172839506172839,10.171765968867419,0.43612453032742887,,,
11,48.31588835212023,38.539989264626946,0.6172839506172839,12.090713902308105,0.43612453032742887,,,
12,40.747450348899626,51.1406333870102,,7.796564680622652,0.2683843263553409,0.04696725711218465,,
13,40.49919484702093,49.5907139023081,,7.702630166398282,0.2683843263553409,0.04696725711218465,1.892109500805153,
14,39.93558776167472,48.752012882447666,,9.198872785829307,0.2683843263553409,,1.8451422436929683,
15,33.45410628019324,55.139559849704774,,9.41358024691358,0.020128824476650563,0.1274825550187869,1.8451422436929683,
16,32.25979602791197,53.743961352657,,12.04374664519592,0.020128824476650563,0.1274825550187869,1.8048845947396672,
17,32.74288781535159,53.415190552871714,,11.889425657541599,0.020128824476650563,0.1274825550187869,1.8048845947396672,
18,32.9777241009125,51.590177133655395,,11.889425657541599,0.020128824476650563,1.8115942028985508,1.710950080515298,
19,31.233225979602793,48.490338164251206,,16.935050993022006,0.020128824476650563,1.6103059581320451,1.710950080515298,
20,27.4422973698336,45.471014492753625,2.757648953301127,21.034621578099838,0.14761137949543746,1.4358561460010735,1.710950080515298,
21,25.254965110037574,47.88647342995169,2.757648953301127,20.8064949006978,0.14761137949543746,1.4358561460010735,1.710950080515298,
22,20.135534084809446,53.00590445517982,2.757648953301127,20.8064949006978,0.14761137949543746,1.4358561460010735,1.710950080515298,
23,20.29656468062265,51.51637144390767,4.092860976918948,20.799785292538918,0.14761137949543746,1.4358561460010735,1.710950080515298,
24,20.531400966183575,51.45598497047772,4.092860976918948,20.625335480407944,0.14761137949543746,1.4358561460010735,1.710950080515298,
25,20.73268921095008,51.04669887278583,4.092860976918948,20.833333333333332,0.14761137949543746,1.4358561460010735,1.710950080515298,
26,19.847020933977454,41.2037037037037,4.092860976918948,28.938539989264626,0.14761137949543746,4.05931293612453,1.710950080515298,
27,20.061728395061728,41.04938271604938,5.964841653247451,27.006172839506174,0.14761137949543746,4.05931293612453,1.710950080515298,
28,20.055018786902846,41.0024154589372,6.353998926462695,26.670692431561996,0.14761137949543746,4.05931293612453,1.710950080515298,
29,18.67283950617284,38.31857219538379,6.400966183574879,27.603327965646805,,4.05931293612453,4.944981213097155,
30,18.686258722490606,37.493290391841114,5.8172302737520125,28.99892646269458,,4.05931293612453,4.944981213097155,
31,18.94122383252818,37.151100375738054,5.8172302737520125,28.99892646269458,,4.17337627482555,4.918142780461621,
32,18.4447128287708,36.480139559849704,5.12614063338701,31.374127750939344,,3.656736446591519,4.918142780461621,
33,14.99597423510467,29.716854535695116,3.556092324208266,42.64626945786366,,0.5300590445517982,8.55475040257649,
34,14.237788513150832,28.133387010198604,8.09849704777241,39.14385399892646,,0.27509393451422437,10.111379495437467,
35,13.030059044551798,25.523349436392916,7.179280730005368,41.196994095544824,,0.27509393451422437,12.795222758990874,
36,13.251476113794954,25.489801395598498,7.179280730005368,41.02925389157273,,0.27509393451422437,12.775093934514224,
37,13.305152979066023,25.38244766505636,7.065217391304348,39.34514224369297,1.8585614600107354,0.27509393451422437,12.76838432635534,
38,13.318572195383789,24.932903918411164,7.018250134192163,40.00939345142244,1.8585614600107354,0.27509393451422437,12.587224906065487,
39,13.539989264626946,24.90606548577563,7.018250134192163,39.84836285560923,1.8585614600107354,0.27509393451422437,12.553676865271068,
40,13.157541599570585,24.3894256575416,7.018250134192163,40.747450348899626,1.8585614600107354,0.27509393451422437,12.553676865271068,
41,13.580246913580247,24.355877616747183,5.783682232957595,38.419216317767045,1.8585614600107354,0.27509393451422437,15.727321524422974,
42,13.519860440150294,22.450348899624263,5.783682232957595,38.2313472893183,1.8585614600107354,0.27509393451422437,17.881105743424584,
43,13.56682769726248,22.403381642512077,5.783682232957595,38.2313472893183,1.8585614600107354,0.27509393451422437,17.881105743424584,
44,13.620504562533547,22.38996242619431,5.783682232957595,38.2313472893183,1.8585614600107354,0.27509393451422437,17.840848094471284,
45,13.546698872785829,20.840042941492218,5.783682232957595,37.795222758990874,1.8585614600107354,2.38191089640365,17.793880837359097,
46,13.573537305421363,20.813204508856682,5.783682232957595,37.795222758990874,1.8585614600107354,2.38191089640365,17.793880837359097,
47,13.647342995169081,20.813204508856682,5.783682232957595,37.76167471819646,1.8585614600107354,2.3550724637681157,17.780461621041333,
48,13.694310252281268,19.746376811594203,5.783682232957595,34.346484165324746,1.8384326355340848,1.5096618357487923,23.081052066559312,
49,13.41250670960816,18.290391841116477,6.937734836285561,32.038378958668815,1.415727321524423,1.5096618357487923,26.39559849704777,
50,11.3593666129898,15.60654857756307,6.937734836285561,38.71443907675792,1.415727321524423,1.5096618357487923,24.456521739130434,
51,11.480139559849706,15.546162104133119,6.937734836285561,38.66076221148685,1.415727321524423,1.5096618357487923,24.44981213097155,
52,11.674718196457327,15.432098765432098,6.937734836285561,37.30542136339238,1.415727321524423,1.5096618357487923,25.72463768115942,
53,12.057165861513688,15.24422973698336,9.138486312399356,37.15780998389694,1.415727321524423,1.6908212560386473,23.295759527643586,
54,11.533816425120772,13.6406333870102,9.138486312399356,36.82903918411165,1.415727321524423,1.6908212560386473,25.751476113794954,
55,11.54723564143854,13.6406333870102,9.138486312399356,36.82903918411165,1.415727321524423,1.6908212560386473,25.738056897477186,
56,11.614331723027375,13.607085346215781,9.138486312399356,36.52710681696189,1.415727321524423,1.6908212560386473,25.72463768115942,0.28180354267310787
57,11.641170155662909,13.345410628019323,12.090713902308105,34.45383789586688,1.415727321524423,1.6908212560386473,25.0805152979066,0.28180354267310787
58,11.446591519055287,12.057165861513688,11.406333870101985,39.52630166398282,0.41599570585077833,1.482823403113258,23.382984433709073,0.28180354267310787
59,10.104669887278583,11.245303274288782,10.554213633923778,42.73349436392915,0.28180354267310787,1.3352120236178207,23.463499731615673,0.28180354267310787
60,10.299248523886206,11.225174449812132,10.453569511540525,42.72007514761138,0.28180354267310787,1.3352120236178207,23.403113258185723,0.28180354267310787
61,10.312667740203972,11.218464841653248,10.124798711755233,42.32420826623725,1.0198604401502953,1.3352120236178207,23.382984433709073,0.28180354267310787
62,10.57434245840043,11.084272678475577,10.11808910359635,42.3040794417606,1.0198604401502953,1.3083735909822867,23.309178743961354,0.28180354267310787
63,10.379763821792807,10.735373054213634,7.950885668276973,46.34997316156736,0.644122383252818,0.24825550187869028,23.409822866344605,0.28180354267310787
64,10.601180891035963,10.701825013419215,7.930756843800322,46.323134728931834,0.644122383252818,0.24825550187869028,23.26892109500805,0.28180354267310787
65,10.695115405260333,10.701825013419215,7.930756843800322,46.26945786366076,0.644122383252818,0.24825550187869028,23.22866344605475,0.28180354267310787
66,10.789049919484702,10.701825013419215,7.930756843800322,46.175523349436396,0.644122383252818,0.24825550187869028,23.22866344605475,0.28180354267310787
67,11.030595813204508,10.701825013419215,7.877079978529254,46.061460010735374,0.644122383252818,0.24825550187869028,23.15485775630703,0.28180354267310787
68,11.11111111111111,10.668276972624799,7.877079978529254,46.01449275362319,0.644122383252818,0.24825550187869028,23.15485775630703,0.28180354267310787
69,11.272141706924316,10.668276972624799,7.877079978529254,45.880300590445515,0.644122383252818,0.24825550187869028,23.1280193236715,0.28180354267310787
70,11.399624261943103,10.668276972624799,7.863660762211487,45.819914117015564,0.644122383252818,0.24825550187869028,23.07434245840043,0.28180354267310787
71,9.017713365539452,16.458668813741276,7.890499194847021,45.611916264090176,0.644122383252818,0.24825550187869028,19.847020933977454,0.28180354267310787
72,7.541599570585078,14.97584541062802,6.649221685453569,54.25389157273215,0.2885131508319914,0.24825550187869028,15.76086956521739,0.28180354267310787
73,7.125603864734299,11.11111111111111,10.124798711755233,47.1081588835212,0.2885131508319914,0.24825550187869028,23.369565217391305,0.6239935587761675
74,7.454374664519592,10.943370907139023,10.104669887278583,47.08132045088567,0.2885131508319914,0.24825550187869028,23.255501878690286,0.6239935587761675
75,7.716049382716049,10.943370907139023,9.950348899624261,47.0679012345679,0.2885131508319914,0.24825550187869028,23.161567364465917,0.6239935587761675
76,6.099033816425121,9.272678475577026,7.689210950080516,51.328502415458935,0.2885131508319914,0.24825550187869028,24.44981213097155,0.6239935587761675
77,6.139291465378422,9.272678475577026,7.689210950080516,51.301663982823406,0.2885131508319914,0.24825550187869028,24.436392914653783,0.6239935587761675
78,6.1862587224906065,9.272678475577026,7.689210950080516,51.288244766505635,0.2885131508319914,0.24825550187869028,24.402844873859365,0.6239935587761675
79,6.219806763285024,9.272678475577026,7.689210950080516,51.288244766505635,0.2885131508319914,0.24825550187869028,24.36929683306495,0.6239935587761675
80,6.353998926462695,9.272678475577026,7.689210950080516,50.1610305958132,1.3016639828234031,0.24825550187869028,24.349168008588297,0.6239935587761675
81,6.850509930220075,9.232420826623725,7.689210950080516,50.0,1.3016639828234031,0.24825550187869028,24.053945249597422,0.6239935587761675
82,6.890767579173376,9.232420826623725,7.62211486849168,49.5907139023081,1.3016639828234031,0.24825550187869028,24.053945249597422,1.0601180891035964
83,5.193236714975845,22.067901234567902,7.62211486849168,40.82125603864734,0.8185721953837896,0.24825550187869028,22.33628556092324,0.8923778851315083
84,5.448201825013419,21.866612989801396,7.816693505099302,37.4194847020934,0.8185721953837896,0.24825550187869028,25.489801395598498,0.8923778851315083
85,5.495169082125604,21.85319377348363,7.816693505099302,37.38593666129898,0.8185721953837896,0.24825550187869028,25.489801395598498,0.8923778851315083
86,5.891035963499732,21.85319377348363,7.816693505099302,37.151100375738054,0.8185721953837896,0.4092860976918948,25.174449812130973,0.8856682769726248
87,6.031937734836285,21.85319377348363,7.816693505099302,37.07729468599034,0.8185721953837896,0.4092860976918948,25.107353730542137,0.8856682769726248
88,6.166129898013956,21.83977455716586,7.749597423510467,37.043746645195924,0.8185721953837896,0.4092860976918948,25.087224906065487,0.8856682769726248
89,6.541867954911433,21.81964573268921,7.749597423510467,36.8894256575416,0.8185721953837896,0.4092860976918948,24.88593666129898,0.8856682769726248
90,5.381105743424584,31.266774020397207,7.514761137949543,42.74691358024691,0.36231884057971014,,11.976650563607086,0.7514761137949544
91,5.441492216854535,31.260064412238325,7.50805152979066,42.70665593129361,0.36231884057971014,,11.969940955448202,0.7514761137949544
92,5.609232420826624,28.864734299516908,7.50805152979066,42.579173376274824,2.7844873859366612,,11.902844873859367,0.7514761137949544
93,5.676328502415459,28.85131508319914,7.50805152979066,42.52549651100376,2.7844873859366612,,11.902844873859367,0.7514761137949544
94,5.750134192163178,28.85131508319914,7.461084272678476,42.49865807836822,2.7844873859366612,,11.902844873859367,0.7514761137949544
95,6.3137412775093935,28.75067096081589,7.347020933977456,38.47289318303811,2.7844873859366612,,15.579710144927537,0.7514761137949544
96,6.414385399892646,28.75067096081589,7.347020933977456,38.399087493290395,2.7844873859366612,,15.552871712292003,0.7514761137949544
97,6.588835212023618,28.723832528180353,7.347020933977456,38.28502415458937,2.7844873859366612,,15.519323671497585,0.7514761137949544
98,6.756575415995706,28.710413311862588,7.347020933977456,38.157541599570585,2.7844873859366612,,15.49248523886205,0.7514761137949544
99,6.823671497584541,28.683574879227052,7.347020933977456,38.14412238325282,2.7844873859366612,,15.465646806226516,0.7514761137949544
100,5.770263016639828,24.27536231884058,7.347020933977456,44.04857756307032,2.7844873859366612,,15.022812667740205,0.7514761137949544
101,6.018518518518518,24.235104669887278,7.273215244229737,43.98148148148148,2.7844873859366612,,14.955716586151368,0.7514761137949544
102,6.172839506172839,24.235104669887278,7.273215244229737,43.82716049382716,2.7844873859366612,,14.955716586151368,0.7514761137949544
103,6.588835212023618,23.980139559849704,7.253086419753086,43.68625872249061,2.7844873859366612,,14.955716586151368,0.7514761137949544
104,6.6827697262479875,23.980139559849704,7.226247987117552,43.61916264090177,2.7844873859366612,,14.955716586151368,0.7514761137949544
105,6.743156199677939,23.919753086419753,7.226247987117552,43.323939881910896,2.7844873859366612,,14.955716586151368,1.0466988727858293
106,6.850509930220075,23.886205045625335,7.226247987117552,43.25684380032206,2.7844873859366612,,14.955716586151368,1.0399892646269457
107,7.139023081052066,23.839237788513152,7.139023081052066,43.12265163714439,2.7643585614600106,,14.955716586151368,1.0399892646269457
108,7.159151905528717,23.839237788513152,7.139023081052066,43.11594202898551,2.7643585614600106,,14.942297369833602,1.0399892646269457
109,7.353730542136339,23.59098228663446,7.085346215780999,39.46591519055287,2.7643585614600106,,18.699677938808374,1.0399892646269457
110,7.367149758454106,23.577563070316693,7.085346215780999,39.46591519055287,2.7643585614600106,,18.699677938808374,1.0399892646269457
111,7.608695652173913,23.577563070316693,7.085346215780999,39.24449812130972,2.7643585614600106,,18.679549114331724,1.0399892646269457
112,7.695920558239399,23.577563070316693,7.085346215780999,39.24449812130972,2.7643585614600106,,18.592324208266238,1.0399892646269457
113,7.856951154052603,23.55072463768116,6.977992485238862,39.23778851315083,2.7643585614600106,,18.572195383789587,1.0399892646269457
114,8.038110574342458,23.55072463768116,6.977992485238862,39.06333870101986,2.7643585614600106,,18.5654857756307,1.0399892646269457
115,8.132045088566828,23.49033816425121,6.977992485238862,39.05662909286098,2.7643585614600106,,18.53864734299517,1.0399892646269457
116,8.68894256575416,23.14814814814815,6.971282877079979,39.00295222758991,2.7643585614600106,,18.38432635534085,1.0399892646269457
117,9.225711218464841,22.913311862587225,6.971282877079979,38.7211486849168,2.7643585614600106,,18.370907139023082,1.0332796564680622
118,6.447933440687064,17.324208266237253,5.636070853462158,47.296027911969944,2.7643585614600106,,19.994632313472895,0.5367686527106817
119,6.494900697799249,17.136339237788512,5.636070853462158,47.20209339774557,2.7643585614600106,0.3757380568974772,19.85373054213634,0.5367686527106817
120,6.769994632313473,16.982018250134193,5.636070853462158,47.148416532474506,2.6972624798711755,0.3757380568974772,19.85373054213634,0.5367686527106817
121,6.769994632313473,16.982018250134193,5.636070853462158,47.148416532474506,2.6972624798711755,0.3757380568974772,19.85373054213634,0.5367686527106817
122,6.910896403650026,16.914922168545356,5.636070853462158,47.094739667203434,2.6972624798711755,0.3757380568974772,19.83360171765969,0.5367686527106817
123,6.91760601180891,16.914922168545356,5.636070853462158,47.08803005904455,2.6972624798711755,0.3757380568974772,19.83360171765969,0.5367686527106817
124,7.0450885668276975,16.914922168545356,6.374127750939345,46.57809983896941,2.6972624798711755,0.3757380568974772,19.504830917874397,0.5099302200751477
125,7.219538378958669,16.854535695115406,6.374127750939345,46.43719806763285,2.8515834675254963,0.3757380568974772,19.37734836285561,0.5099302200751477
126,7.27992485238862,16.686795491143318,6.374127750939345,45.893719806763286,4.4753086419753085,0.3757380568974772,18.4044551798175,0.5099302200751477
127,6.353998926462695,13.264895330112722,5.964841653247451,53.52254428341385,4.394793344068707,0.3757380568974772,15.868223295759528,0.2549651100375738
128,6.5485775630703165,13.264895330112722,5.924584004294149,53.36822329575953,4.394793344068707,0.3757380568974772,15.868223295759528,0.2549651100375738
129,6.608964036500268,13.231347289318304,5.911164787976382,53.36822329575953,4.38137412775094,0.3757380568974772,15.868223295759528,0.2549651100375738
130,6.146001073537305,11.231884057971014,5.877616747181965,49.25523349436393,8.038110574342458,0.3757380568974772,18.820450885668276,0.2549651100375738
131,5.71658615136876,11.218464841653248,5.877616747181965,49.00697799248524,8.024691358024691,0.3757380568974772,18.733225979602793,1.0466988727858293
132,5.931293612453032,11.218464841653248,5.877616747181965,48.97342995169082,8.004562533548041,0.3757380568974772,18.572195383789587,1.0466988727858293
133,6.1862587224906065,11.104401502952227,5.877616747181965,48.83252818035427,8.004562533548041,0.3757380568974772,18.572195383789587,1.0466988727858293
134,6.474771873322598,11.104401502952227,5.844068706387547,48.65807836822329,8.004562533548041,0.3757380568974772,18.491680085882983,1.0466988727858293
135,6.769994632313473,11.05072463768116,5.770263016639828,48.51717659688674,8.004562533548041,0.3757380568974772,18.491680085882983,1.0198604401502953
136,6.837090713902308,11.017176596886742,5.756843800322061,48.51717659688674,8.004562533548041,0.3757380568974772,18.471551261406333,1.0198604401502953
137,6.535158346752549,10.272410091250672,9.816156736446592,48.37627482555019,7.997852925389157,,15.982286634460548,1.0198604401502953
138,6.736446591519055,10.272410091250672,9.782608695652174,48.2085346215781,7.997852925389157,,15.982286634460548,1.0198604401502953
139,6.736446591519055,10.272410091250672,9.782608695652174,48.2085346215781,7.997852925389157,,15.982286634460548,1.0198604401502953
140,6.971282877079979,10.272410091250672,9.782608695652174,48.007246376811594,7.96430488459474,,15.982286634460548,1.0198604401502953
141,7.051798174986581,10.265700483091788,9.782608695652174,47.93344068706388,7.96430488459474,,15.982286634460548,1.0198604401502953
142,7.4141170155662905,10.19189479334407,9.742351046698873,47.68518518518518,7.96430488459474,,15.982286634460548,1.0198604401502953
143,7.581857219538379,10.185185185185185,9.742351046698873,47.57112184648417,7.924047235641439,,15.975577026301664,1.0198604401502953
144,7.353730542136339,7.273215244229737,9.71551261406334,56.60225442834138,5.991680085882985,,12.06387546967257,0.9997316156736447
145,7.1658615136876005,7.206119162640902,8.460815888352121,59.77589908749329,5.991680085882985,,10.399892646269459,0.9997316156736447
146,7.548309178743962,7.206119162640902,10.393183038110575,57.1256038647343,5.495169082125604,,11.231884057971014,0.9997316156736447
147,7.763016639828234,7.0450885668276975,10.393183038110575,57.1256038647343,5.495169082125604,,11.178207192699947,0.9997316156736447
148,7.883789586688137,7.0450885668276975,10.393183038110575,57.00483091787439,5.495169082125604,,11.178207192699947,0.9997316156736447
149,7.937466451959206,7.0450885668276975,10.393183038110575,56.957863660762214,5.495169082125604,,11.171497584541063,0.9997316156736447
150,7.937466451959206,6.139291465378422,10.38647342995169,55.81723027375201,7.548309178743962,,11.171497584541063,0.9997316156736447
151,8.085077831454644,6.139291465378422,10.373054213633925,55.683038110574344,7.548309178743962,,11.171497584541063,0.9997316156736447
152,8.340042941492216,6.139291465378422,10.326086956521738,55.360976918947934,7.5348899624261945,,11.137949543746645,1.1607622114868492
153,8.474235104669887,6.139291465378422,10.326086956521738,55.2536231884058,7.50805152979066,,11.137949543746645,1.1607622114868492
154,8.628556092324208,6.139291465378422,10.205314009661835,55.864197530864196,7.501341921631776,,10.50053676865271,1.1607622114868492
155,8.709071390230811,6.112453032742888,10.205314009661835,55.864197530864196,7.474503488996243,,10.473698336017177,1.1607622114868492
156,9.004294149221685,6.112453032742888,10.205314009661835,55.56897477187332,7.474503488996243,,10.473698336017177,1.1607622114868492
157,7.742887815351583,4.461889425657541,7.635534084809447,62.36580783682233,6.977992485238862,,9.655126140633387,1.1607622114868492
158,7.380568974771873,3.9989264626945786,7.615405260332796,54.6430488459474,6.340579710144928,,18.86070853462158,1.1607622114868492
159,7.454374664519592,3.9989264626945786,7.615405260332796,54.59608158883521,6.340579710144928,,18.833870101986044,1.1607622114868492
160,7.702630166398282,3.9989264626945786,7.4208266237251745,54.55582393988191,6.340579710144928,,18.820450885668276,1.1607622114868492
161,7.836822329575953,3.9989264626945786,7.4208266237251745,54.448470209339774,6.340579710144928,,18.793612453032743,1.1607622114868492
162,8.13875469672571,3.9318303811057436,7.4208266237251745,54.02576489533011,6.3070316693505095,,18.686258722490606,1.4895330112721417
163,8.158883521202362,3.9318303811057436,7.4208266237251745,53.72383252818035,6.629092860976919,,18.646001073537306,1.4895330112721417
164,8.246108427267847,3.9318303811057436,7.4208266237251745,53.676865271068166,6.629092860976919,,18.605743424584006,1.4895330112721417
165,8.407139023081053,3.9318303811057436,7.4208266237251745,53.656736446591516,6.575415995705851,,18.51851851851852,1.4895330112721417
166,8.61513687600644,3.911701556629093,7.4141170155662905,53.48899624261943,6.575415995705851,,18.50509930220075,1.4895330112721417
167,8.769457863660762,3.911701556629093,7.4141170155662905,53.37493290391841,6.575415995705851,,18.46484165324745,1.4895330112721417
168,8.903650026838433,3.911701556629093,7.340311325818572,53.37493290391841,6.5485775630703165,,18.431293612453032,1.4895330112721417
169,8.99087493290392,3.878153515834675,7.340311325818572,53.32125603864734,6.5485775630703165,,18.431293612453032,1.4895330112721417
170,9.145195920558239,3.878153515834675,7.340311325818572,53.213902308105204,6.5485775630703165,,18.38432635534085,1.4895330112721417
171,9.433709071390231,3.8311862587224907,7.340311325818572,53.08641975308642,6.5485775630703165,,18.270263016639827,1.4895330112721417
172,9.581320450885668,3.8311862587224907,7.340311325818572,52.95222758990875,6.5485775630703165,,18.256843800322063,1.4895330112721417
173,9.71551261406334,3.8311862587224907,7.340311325818572,52.95222758990875,6.5485775630703165,,18.169618894256576,1.442565754159957
174,9.836285560923242,3.8311862587224907,7.306763285024155,52.885131508319915,6.6827697262479875,,18.015297906602253,1.442565754159957
175,9.883252818035427,3.8311862587224907,7.306763285024155,52.83816425120773,6.6827697262479875,,18.015297906602253,1.442565754159957
176,9.96376811594203,3.4621578099838968,7.306763285024155,52.46913580246913,6.6827697262479875,0.6910896403650026,17.98174986580784,1.442565754159957
177,10.399892646269459,3.4621578099838968,7.306763285024155,52.14707461084273,6.6827697262479875,0.6910896403650026,17.867686527106816,1.442565754159957
178,10.265700483091788,3.066290928609769,7.306763285024155,55.9044551798175,5.045625335480408,0.6910896403650026,16.27750939345142,1.442565754159957
179,10.654857756307031,3.066290928609769,7.2933440687063875,55.81052066559313,5.045625335480408,0.5770263016639828,16.109769189479334,1.442565754159957
180,10.373054213633925,3.052871712292002,7.2933440687063875,58.23939881910896,4.609500805152979,0.5770263016639828,14.439076757917338,1.415727321524423
181,10.44015029522276,3.046162104133119,7.266505636070853,58.20585077831455,4.609500805152979,0.5770263016639828,14.439076757917338,1.415727321524423
182,10.520665593129362,3.046162104133119,7.253086419753086,58.091787439613526,4.978529253891573,0.5770263016639828,14.439076757917338,1.093666129898014
183,10.856146001073537,3.046162104133119,7.232957595276436,57.79656468062265,4.9718196457326895,0.5770263016639828,14.42565754159957,1.093666129898014
184,11.285560923242082,3.046162104133119,7.232957595276436,57.367149758454104,4.9718196457326895,0.5770263016639828,14.42565754159957,1.093666129898014
185,11.392914653784219,3.0327428878153517,7.226247987117552,57.27992485238862,4.9718196457326895,0.5770263016639828,14.42565754159957,1.093666129898014
186,11.392914653784219,3.0327428878153517,7.226247987117552,57.27992485238862,4.9718196457326895,0.5770263016639828,14.42565754159957,1.093666129898014
187,11.540526033279656,2.985775630703167,7.212828770799785,57.23295759527644,4.9718196457326895,0.5770263016639828,14.38539989264627,1.093666129898014
188,11.714975845410628,2.985775630703167,7.058507783145465,57.21282877079979,4.9718196457326895,0.5770263016639828,14.38539989264627,1.093666129898014
189,12.097423510466989,2.985775630703167,7.058507783145465,56.97128287707998,4.944981213097155,0.5770263016639828,14.27133655394525,1.093666129898014
190,12.13768115942029,2.9723564143853998,7.024959742351046,56.87063875469673,4.944981213097155,0.6843800322061192,14.27133655394525,1.093666129898014
191,12.211486849168008,2.9723564143853998,7.024959742351046,56.796833064949006,4.944981213097155,0.6843800322061192,14.27133655394525,1.093666129898014
192,12.365807836822329,2.9723564143853998,7.024959742351046,56.19967793880837,4.944981213097155,1.1272141706924315,14.27133655394525,1.093666129898014
193,12.674449812130971,2.965646806226516,6.971282877079979,55.96484165324745,4.938271604938271,1.1272141706924315,14.264626945786366,1.093666129898014
194,12.808641975308642,2.9388083735909825,6.971282877079979,55.79039184111648,4.938271604938271,1.2412775093934514,14.264626945786366,1.0466988727858293
195,13.01663982823403,2.918679549114332,6.957863660762212,55.36768652710682,4.817498658078368,1.5029522275899088,14.257917337627482,1.1607622114868492
196,13.137412775093935,2.918679549114332,6.957863660762212,55.28717122920021,4.817498658078368,1.5029522275899088,14.217659688674182,1.1607622114868492
197,13.311862587224907,2.918679549114332,6.91760601180891,55.26033279656468,4.810789049919484,1.5029522275899088,14.11701556629093,1.1607622114868492
198,13.439345142243694,2.918679549114332,6.91760601180891,55.17981749865808,4.770531400966184,1.4962426194310252,14.11701556629093,1.1607622114868492
199,13.533279656468062,2.918679549114332,6.884057971014493,55.14626945786366,4.770531400966184,1.4962426194310252,14.090177133655395,1.1607622114868492
200,13.573537305421363,2.918679549114332,6.884057971014493,55.10601180891036,4.770531400966184,1.4962426194310252,14.090177133655395,1.1607622114868492
201,13.79495437466452,2.9052603327965647,6.884057971014493,54.97181964573269,4.74369296833065,1.4626945786366077,14.076757917337627,1.1607622114868492
202,13.81508319914117,2.9052603327965647,6.884057971014493,54.95169082125604,4.74369296833065,1.4626945786366077,14.076757917337627,1.1607622114868492
203,13.88888888888889,2.9052603327965647,6.884057971014493,54.90472356414385,4.74369296833065,1.4626945786366077,14.049919484702093,1.1607622114868492
204,14.11701556629093,2.9052603327965647,6.884057971014493,54.77724100912507,4.74369296833065,1.4626945786366077,13.94927536231884,1.1607622114868492
205,14.284755770263017,2.9052603327965647,6.884057971014493,54.488727858293075,4.74369296833065,1.4626945786366077,13.94927536231884,1.2815351583467525
206,14.586688137412775,2.9052603327965647,6.877348362855609,54.30085882984434,4.7101449275362315,1.4626945786366077,13.88888888888889,1.2681159420289856
207,14.680622651637144,2.9052603327965647,6.843800322061192,54.24047235641439,4.7101449275362315,1.4626945786366077,13.88888888888889,1.2681159420289856
208,14.922168545356952,2.9052603327965647,6.823671497584541,53.837895866881375,5.005367686527107,1.4626945786366077,13.774825550187868,1.2681159420289856
209,15.157004830917874,2.9052603327965647,6.810252281266774,53.656736446591516,5.005367686527107,1.4626945786366077,13.734567901234568,1.2681159420289856
210,15.432098765432098,2.9052603327965647,6.78341384863124,53.36822329575953,4.998658078368224,1.3754696725711217,13.727858293075684,1.4090177133655395
211,15.559581320450885,2.9052603327965647,6.78341384863124,53.30112721417069,4.998658078368224,1.3754696725711217,13.667471819645733,1.4090177133655395
212,15.727321524422974,2.85829307568438,6.655931293612453,53.00590445517982,5.360976918947934,1.3687600644122384,13.620504562533547,1.402308105206656
213,15.848094471282877,2.85829307568438,6.642512077294686,52.824745034889965,5.360976918947934,2.3886205045625335,12.674449812130971,1.402308105206656
214,15.942028985507246,2.85829307568438,6.642512077294686,52.81803542673108,5.35426731078905,2.3886205045625335,12.614063338701019,1.3821792807300053
215,16.022544283413847,2.85829307568438,6.642512077294686,52.77106816961889,5.35426731078905,2.3886205045625335,12.580515297906603,1.3821792807300053
216,16.14331723027375,2.85829307568438,6.622383252818035,52.67713365539453,5.35426731078905,2.4490069779924855,12.513419216317766,1.3821792807300053
217,16.284219001610307,2.85829307568438,6.615673644659152,52.623456790123456,5.300590445517981,2.4221685453569513,12.513419216317766,1.3821792807300053
218,16.5727321524423,2.85829307568438,6.615673644659152,52.502683843263554,5.293880837359098,2.4221685453569513,12.372517444981213,1.3620504562533549
219,16.659957058507782,2.85829307568438,6.615673644659152,52.41545893719807,5.293880837359098,2.4221685453569513,12.372517444981213,1.3620504562533549
220,16.834406870638755,2.85829307568438,6.615673644659152,52.31481481481482,5.267042404723564,2.4020397208803006,12.345679012345679,1.3620504562533549
221,16.740472356414386,2.7777777777777777,6.561996779388084,51.38217928073001,6.575415995705851,2.4020397208803006,12.198067632850242,1.3620504562533549
222,16.284219001610307,2.7777777777777777,6.474771873322598,51.1406333870102,6.447933440687064,2.4020397208803006,13.110574342458401,1.3620504562533549
223,16.42512077294686,2.6704240472356413,6.447933440687064,50.84541062801932,6.447933440687064,2.7241009125067097,13.077026301663983,1.3620504562533549
224,16.478797638217927,2.6704240472356413,6.447933440687064,50.80515297906602,6.447933440687064,2.7241009125067097,13.077026301663983,1.3486312399355878
225,17.01556629092861,2.5697799248523885,6.447933440687064,50.64412238325282,6.447933440687064,2.5563607085346214,12.969672571121846,1.3486312399355878
226,17.136339237788512,2.5697799248523885,6.447933440687064,50.556897477187334,6.447933440687064,2.5563607085346214,12.93612453032743,1.3486312399355878
227,17.28395061728395,2.5697799248523885,6.447933440687064,50.4092860976919,6.447933440687064,2.5563607085346214,12.93612453032743,1.3486312399355878
228,17.438271604938272,2.5697799248523885,6.4345142243692965,50.2012882447665,6.4345142243692965,2.5563607085346214,12.882447665056361,1.482823403113258
229,17.639559849704778,2.5697799248523885,6.427804616210413,50.10064412238325,6.347289318303811,2.5563607085346214,12.875738056897477,1.482823403113258
230,15.787707997852925,10.178475577026301,6.394256575415996,45.69243156199678,5.548845947396672,2.5563607085346214,12.359098228663447,1.482823403113258
231,15.821256038647343,10.178475577026301,6.394256575415996,45.65888352120236,5.548845947396672,2.5563607085346214,12.359098228663447,1.482823403113258
232,16.0829307568438,10.151637144390767,6.380837359098229,45.54482018250134,5.4549114331723025,2.5563607085346214,12.345679012345679,1.482823403113258
233,16.391572732152444,10.037573805689748,6.353998926462695,45.42404723564144,5.441492216854535,2.5563607085346214,12.31213097155126,1.482823403113258
234,16.586151368760063,10.030864197530864,6.353998926462695,45.40391841116479,5.401234567901234,2.5563607085346214,12.184648416532475,1.482823403113258
235,16.57944176060118,10.00402576489533,6.353998926462695,45.09527643585615,5.401234567901234,2.5563607085346214,12.050456253354804,1.9592055823939882
236,16.626409017713364,9.977187332259795,6.353998926462695,45.07514761137949,5.401234567901234,2.5563607085346214,12.050456253354804,1.9592055823939882
237,16.847826086956523,9.977187332259795,6.353998926462695,44.94095544820183,5.401234567901234,2.4691358024691357,12.050456253354804,1.9592055823939882
238,17.06924315619968,9.903381642512077,6.353998926462695,44.887278582930755,5.401234567901234,2.4691358024691357,12.050456253354804,1.865271068169619
239,17.391304347826086,9.903381642512077,6.152710681696189,44.79334406870639,5.394524959742351,2.4691358024691357,12.030327428878154,1.865271068169619
240,17.51207729468599,9.782608695652174,6.152710681696189,44.79334406870639,5.394524959742351,2.4691358024691357,12.030327428878154,1.865271068169619
241,17.54562533548041,9.782608695652174,6.152710681696189,44.79334406870639,5.394524959742351,2.442297369833602,12.030327428878154,1.8585614600107354
242,17.58588298443371,9.782608695652174,6.152710681696189,44.79334406870639,5.394524959742351,2.442297369833602,11.990069779924852,1.8585614600107354
243,17.64626945786366,9.77589908749329,6.152710681696189,44.76650563607085,5.367686527106817,2.442297369833602,11.990069779924852,1.8585614600107354
244,17.867686527106816,9.66183574879227,6.119162640901771,44.7061191626409,5.367686527106817,2.442297369833602,11.976650563607086,1.8585614600107354
245,17.995169082125603,9.66183574879227,6.119162640901771,44.63231347289318,5.367686527106817,2.428878153515835,11.936392914653783,1.8585614600107354
246,18.223295759527645,9.66183574879227,6.119162640901771,44.585346215781,5.3341384863123995,2.4154589371980677,11.802200751476114,1.8585614600107354
247,17.438271604938272,8.964036500268385,8.917069243156199,43.59903381642512,5.24020397208803,2.1806226516371443,11.802200751476114,1.8585614600107354
248,17.612721417069242,8.856682769726248,8.917069243156199,43.53193773483628,5.24020397208803,2.1806226516371443,11.802200751476114,1.8585614600107354
249,17.76033279656468,8.722490606548577,8.917069243156199,43.43800322061192,5.24020397208803,2.3081052066559313,11.75523349436393,1.8585614600107354
250,17.907944176060116,8.608427267847558,8.917069243156199,43.43129361245303,5.24020397208803,2.3081052066559313,11.728395061728396,1.8585614600107354
251,18.055555555555557,8.608427267847558,8.84326355340848,43.39103596349973,5.24020397208803,2.3081052066559313,11.694847020933977,1.8585614600107354
252,18.357487922705314,8.608427267847558,8.749329039184111,43.263553408480945,5.24020397208803,2.3081052066559313,11.634460547504025,1.8384326355340848
253,18.397745571658614,8.608427267847558,8.749329039184111,43.263553408480945,5.24020397208803,2.3081052066559313,11.594202898550725,1.8384326355340848
254,18.397745571658614,8.608427267847558,8.749329039184111,43.263553408480945,5.24020397208803,2.3081052066559313,11.594202898550725,1.8384326355340848
255,18.377616747181964,8.608427267847558,8.749329039184111,43.09581320450886,5.24020397208803,2.49597423510467,11.594202898550725,1.8384326355340848
256,18.511808910359633,8.59500805152979,8.876811594202898,42.98845947396672,5.22007514761138,2.49597423510467,11.473429951690822,1.8384326355340848
257,18.5654857756307,8.568169618894256,8.876811594202898,42.961621041331185,5.22007514761138,2.49597423510467,11.473429951690822,1.8384326355340848
258,18.9747718733226,8.568169618894256,8.749329039184111,42.67981749865808,5.22007514761138,2.49597423510467,11.473429951690822,1.8384326355340848
259,19.00161030595813,8.55475040257649,10.017444981213098,41.438539989264626,5.22007514761138,2.49597423510467,11.43317230273752,1.8384326355340848
260,19.32367149758454,8.454106280193237,9.997316156736447,41.237251744498124,5.22007514761138,2.49597423510467,11.43317230273752,1.8384326355340848
261,19.55179817498658,8.454106280193237,9.876543209876543,41.0426731078905,5.783682232957595,2.086688137412775,11.372785829307569,1.8317230273752012
262,19.732957595276435,8.387010198604402,9.856414385399892,40.9621578099839,5.783682232957595,2.086688137412775,11.3593666129898,1.8317230273752012
263,19.860440150295222,8.387010198604402,9.842995169082126,40.87493290391841,5.783682232957595,2.086688137412775,11.332528180354267,1.8317230273752012
264,20.088566827697264,8.373590982286634,9.822866344605474,40.693773483628554,5.783682232957595,2.086688137412775,11.332528180354267,1.8183038110574343
265,20.135534084809446,8.360171765968868,9.822866344605474,40.56629092860977,6.0587761674718195,2.0128824476650564,11.332528180354267,1.710950080515298
266,20.249597423510465,8.360171765968868,9.802737520128824,40.485775630703166,6.0587761674718195,2.0128824476650564,11.332528180354267,1.6975308641975309
267,20.377079978529252,8.360171765968868,9.749060654857756,40.41196994095545,6.0587761674718195,2.0128824476650564,11.332528180354267,1.6975308641975309
268,20.457595276435857,8.360171765968868,9.749060654857756,40.33145464304884,6.0587761674718195,2.0128824476650564,11.332528180354267,1.6975308641975309
269,20.625335480407944,8.299785292538916,9.749060654857756,40.24422973698336,6.0587761674718195,2.0128824476650564,11.312399355877616,1.6975308641975309
270,20.679012345679013,8.299785292538916,9.742351046698873,40.19726247987118,6.0587761674718195,2.0128824476650564,11.312399355877616,1.6975308641975309
271,20.679012345679013,8.299785292538916,9.742351046698873,40.19726247987118,6.0587761674718195,2.0128824476650564,11.312399355877616,1.6975308641975309
272,20.73268921095008,8.299785292538916,9.742351046698873,40.183843263553406,6.045356951154052,2.0128824476650564,11.285560923242082,1.6975308641975309
273,20.82662372517445,8.299785292538916,9.71551261406334,40.163714439076756,6.011808910359635,1.9994632313472893,11.285560923242082,1.6975308641975309
274,20.94068706387547,8.299785292538916,9.648416532474503,40.11674718196457,6.011808910359635,1.9994632313472893,11.285560923242082,1.6975308641975309
275,20.994363929146537,8.299785292538916,9.648416532474503,40.063070316693505,6.011808910359635,1.9994632313472893,11.285560923242082,1.6975308641975309
276,21.22249060654858,8.299785292538916,9.601449275362318,39.942297369833604,5.9514224369296835,1.9994632313472893,11.285560923242082,1.6975308641975309
277,21.55126140633387,8.219269994632313,9.601449275362318,39.79468599033817,5.924584004294149,1.9994632313472893,11.211755233494364,1.6975308641975309
278,21.967257112184647,8.219269994632313,9.541062801932368,39.2914653784219,5.924584004294149,2.15378421900161,11.20504562533548,1.6975308641975309
279,22.014224369296834,8.199141170155663,9.541062801932368,39.27133655394525,5.924584004294149,2.15378421900161,11.20504562533548,1.6908212560386473
280,22.148416532474503,8.199141170155663,9.420289855072463,39.27133655394525,5.924584004294149,2.147074610842727,11.20504562533548,1.6841116478797638
281,22.510735373054214,8.13875469672571,9.373322597960279,39.08346752549651,5.924584004294149,2.086688137412775,11.20504562533548,1.6774020397208802
282,22.63150831991412,8.13875469672571,9.359903381642512,38.97611379495437,5.924584004294149,2.086688137412775,11.20504562533548,1.6774020397208802
283,22.65163714439077,8.13875469672571,9.339774557165862,38.97611379495437,5.924584004294149,2.086688137412775,11.20504562533548,1.6774020397208802
284,22.725442834138487,8.13875469672571,9.339774557165862,38.90230810520666,5.924584004294149,2.086688137412775,11.20504562533548,1.6774020397208802
