,45,50,53,55,52,51,54,56,58,57
0,100.0,,,,,,,,,
1,96.95383789586688,3.046162104133119,,,,,,,,
2,85.67498658078368,14.325013419216317,,,,,,,,
3,82.80327428878154,16.861245303274288,0.1274825550187869,0.20799785292538917,,,,,,
4,71.77938808373591,27.885131508319915,0.1274825550187869,0.20799785292538917,,,,,,
5,69.85373054213633,29.830917874396135,0.1274825550187869,0.1878690284487386,,,,,,
6,68.39774557165862,30.434782608695652,0.1274825550187869,,1.0399892646269457,,,,,
7,68.51851851851852,30.334138486312398,0.1274825550187869,,1.0198604401502953,,,,,
8,58.01798174986581,38.61379495437466,0.1274825550187869,,3.240740740740741,,,,,
9,55.05904455179817,40.633387010198604,0.1274825550187869,,3.1602254428341383,1.0198604401502953,,,,
10,55.132850241545896,40.4320987654321,0.1274825550187869,0.1274825550187869,3.1602254428341383,1.0198604401502953,,,,
11,55.152979066022546,40.002683843263554,0.1274825550187869,0.5367686527106817,3.1602254428341383,1.0198604401502953,,,,
12,52.71739130434783,41.532474503489,0.1274825550187869,0.5367686527106817,3.140096618357488,1.9457863660762211,,,,
13,52.00617283950617,36.72839506172839,0.2683843263553409,0.5367686527106817,3.140096618357488,5.736714975845411,1.583467525496511,,,
14,43.10923242082662,40.653515834675254,0.2683843263553409,0.2885131508319914,3.280998389694042,12.104133118625873,,0.2952227589908749,,
15,41.0426731078905,42.76033279656468,0.2683843263553409,0.2885131508319914,3.280998389694042,12.06387546967257,,0.2952227589908749,,
16,39.64707461084273,42.03569511540526,0.2683843263553409,0.2885131508319914,3.280998389694042,14.439076757917338,,0.040257648953301126,,
17,38.74127750939345,40.3918411164788,0.2683843263553409,0.2885131508319914,3.280998389694042,16.988727858293075,,0.040257648953301126,,
18,38.67418142780462,40.49919484702093,0.2683843263553409,0.2885131508319914,3.280998389694042,16.948470209339774,,0.040257648953301126,,
19,38.801663982823406,40.33816425120773,0.2683843263553409,0.2885131508319914,3.3480944712828773,16.914922168545356,,0.040257648953301126,,
20,38.94927536231884,40.19726247987118,0.2683843263553409,0.33548040794417605,3.3480944712828773,16.861245303274288,,0.040257648953301126,,
21,39.049919484702095,40.11003757380569,0.2683843263553409,0.33548040794417605,3.3480944712828773,16.847826086956523,,0.040257648953301126,,
22,39.31830381105743,39.942297369833604,0.2683843263553409,0.33548040794417605,3.3145464304884595,16.780730005367687,,0.040257648953301126,,
23,38.67418142780462,39.46591519055287,0.2683843263553409,0.33548040794417605,3.3145464304884595,17.639559849704778,,0.30193236714975846,,
24,39.070048309178745,38.97611379495437,0.2683843263553409,0.5300590445517982,3.260869565217391,17.59259259259259,,0.30193236714975846,,
25,38.499731615673646,39.27804616210413,0.2683843263553409,0.5300590445517982,3.1199677938808374,18.00187869028449,,0.30193236714975846,,
26,37.58722490606549,40.29790660225443,0.2683843263553409,0.5300590445517982,3.1199677938808374,17.894524959742352,,0.30193236714975846,,
27,37.15780998389694,40.58641975308642,0.2683843263553409,0.7246376811594203,3.1199677938808374,17.840848094471284,,0.30193236714975846,,
28,32.347020933977454,45.42404723564144,0.2683843263553409,0.5770263016639828,4.53569511540526,16.55931293612453,,0.2885131508319914,,
29,31.890767579173378,41.666666666666664,0.2683843263553409,0.5770263016639828,6.105743424584004,19.129092860976918,,0.36231884057971014,,
30,32.13231347289318,41.378153515834676,0.2683843263553409,0.5770263016639828,6.105743424584004,19.176060118089104,,0.36231884057971014,,
31,31.48148148148148,39.99597423510467,0.2683843263553409,0.5770263016639828,6.105743424584004,21.20907139023081,,0.36231884057971014,,
32,31.146001073537306,38.41250670960816,1.3419216317767042,0.4830917874396135,6.119162640901771,22.134997316156735,,0.36231884057971014,,
33,31.266774020397207,38.34541062801932,1.3419216317767042,0.4830917874396135,6.099033816425121,22.10144927536232,,0.36231884057971014,,
34,31.19296833064949,36.292270531400966,1.3352120236178207,0.4830917874396135,5.770263016639828,24.570585077831456,,0.35560923242082665,,
35,31.293612453032743,36.2385936661299,1.3352120236178207,0.7917337627482555,5.770263016639828,24.22168545356951,,0.3488996242619431,,
36,31.57541599570585,35.889694041867955,1.3352120236178207,0.9460547504025765,5.750134192163178,24.154589371980677,,0.3488996242619431,,
37,31.199677938808374,34.916800858829845,1.3352120236178207,1.1272141706924315,6.951154052603328,23.792270531400966,0.32877079978529256,0.3488996242619431,,
38,30.770263016639827,34.72222222222222,1.3352120236178207,1.1272141706924315,5.730005367686527,25.637412775093935,0.32877079978529256,0.3488996242619431,,
39,30.112721417069242,34.31964573268921,1.3352120236178207,1.442565754159957,5.730005367686527,26.382179280730007,0.32877079978529256,0.3488996242619431,,
40,30.461621041331185,34.07139023081052,1.288244766505636,1.442565754159957,5.730005367686527,26.32850241545894,0.32877079978529256,0.3488996242619431,,
41,28.073000536768653,36.560654857756305,1.288244766505636,1.442565754159957,5.689747718733226,26.268115942028984,0.32877079978529256,0.3488996242619431,,
42,28.488996242619432,36.2788513150832,1.288244766505636,1.442565754159957,5.642780461621041,26.1808910359635,0.32877079978529256,0.3488996242619431,,
43,28.650026838432634,35.89640365002684,1.4694041867954912,1.42914653784219,5.803811057434245,25.999731615673646,0.4025764895330113,0.3488996242619431,,
44,28.77750939345142,35.80246913580247,1.4694041867954912,1.42914653784219,5.803811057434245,25.966183574879228,0.4025764895330113,0.3488996242619431,,
45,28.951959205582394,35.57434245840043,1.4694041867954912,1.402308105206656,5.776972624798712,25.939345142243692,0.5367686527106817,0.3488996242619431,,
46,29.005636070853463,34.60144927536232,1.4694041867954912,1.3955984970477724,6.716317767042405,25.93263553408481,0.5300590445517982,0.3488996242619431,,
47,29.17337627482555,34.50080515297907,1.42914653784219,1.5297906602254427,6.716317767042405,25.771604938271604,0.5300590445517982,0.3488996242619431,,
48,28.026033279656467,32.749597423510465,1.42914653784219,1.5029522275899088,6.716317767042405,28.723832528180353,0.5032206119162641,0.3488996242619431,,
49,23.416532474503487,42.33762748255502,1.42914653784219,1.42914653784219,6.890767579173376,23.658078368223297,0.5032206119162641,0.33548040794417605,,
50,23.577563070316693,42.1027911969941,1.42914653784219,1.5633387010198605,6.890767579173376,23.597691894793343,0.5032206119162641,0.33548040794417605,,
51,23.637949543746647,40.955448201825014,1.42914653784219,1.5633387010198605,6.850509930220075,23.007246376811594,2.2208803005904456,0.33548040794417605,,
52,23.839237788513152,40.371712292002144,1.3821792807300053,1.5633387010198605,6.964573268921095,22.893183038110575,2.657004830917874,0.32877079978529256,,
53,24.074074074074073,40.01610305958132,1.9457863660762211,1.5901771336553945,6.8035426731078905,22.584541062801932,2.657004830917874,0.32877079978529256,,
54,24.302200751476114,39.93558776167472,1.9457863660762211,1.5901771336553945,6.78341384863124,22.510735373054214,2.623456790123457,0.30864197530864196,,
55,23.09447128287708,40.935319377348364,1.9122383252818036,1.5901771336553945,7.078636607622115,22.457058507783145,2.623456790123457,0.30864197530864196,,
56,22.71202361782072,40.15029522275899,2.2074610842726785,1.7914653784219001,10.017444981213098,20.249597423510465,2.61003757380569,0.2616747181964573,,
57,22.805958132045088,39.96913580246913,2.2074610842726785,1.9256575415995705,9.990606548577563,20.229468599033815,2.61003757380569,0.2616747181964573,,
58,22.940150295222757,39.65378421900161,4.106280193236715,1.9256575415995705,9.722222222222221,18.78690284487386,2.6033279656468062,0.2616747181964573,,
59,23.19511540526033,39.51959205582394,4.106280193236715,1.9256575415995705,9.708803005904455,18.69296833064949,2.589908749329039,0.2616747181964573,,
60,23.369565217391305,39.412238325281805,4.106280193236715,1.9256575415995705,9.655126140633387,18.54535695115405,2.589908749329039,0.39586688137412773,,
61,23.68491680085883,39.19753086419753,4.086151368760064,1.9122383252818036,9.655126140633387,18.47826086956522,2.589908749329039,0.39586688137412773,,
62,23.960010735373054,38.94256575415996,4.086151368760064,1.9927536231884058,9.64170692431562,18.417874396135264,2.563070316693505,0.39586688137412773,,
63,24.114331723027377,38.67418142780462,4.146537842190016,2.059849704777241,9.514224369296834,18.4044551798175,2.690552871712292,0.39586688137412773,,
64,24.255233494363928,38.405797101449274,5.173107890499195,2.2410091250670963,9.514224369296834,17.324208266237253,2.690552871712292,0.39586688137412773,,
65,24.50348899624262,38.14412238325282,5.173107890499195,2.2410091250670963,9.447128287707997,17.411433172302736,2.6838432635534084,0.39586688137412773,,
66,24.704777241009126,38.016639828234034,5.173107890499195,2.2410091250670963,9.426999463231347,17.357756307031668,2.6838432635534084,0.39586688137412773,,
67,24.932903918411164,37.8690284487386,5.199946323134729,2.2342995169082127,9.41358024691358,17.28395061728395,2.6704240472356413,0.39586688137412773,,
68,25.161030595813205,36.34594739667203,5.10601180891036,2.046430488459474,9.366612989801396,18.947933440687063,2.6301663982823404,0.39586688137412773,,
69,25.41599570585078,36.218464841653244,5.072463768115942,2.046430488459474,9.31964573268921,18.90096618357488,2.6301663982823404,0.39586688137412773,,
70,25.140901771336555,36.560654857756305,5.072463768115942,2.046430488459474,9.312936124530328,18.894256575415994,2.576489533011272,0.39586688137412773,,
71,25.241545893719806,36.05072463768116,5.548845947396672,2.033011272141707,9.286097691894794,18.88083735909823,2.563070316693505,0.39586688137412773,,
72,24.000268384326354,35.0979602791197,5.508588298443371,2.281266774020397,9.286097691894794,18.853998926462694,4.575952764358561,0.39586688137412773,,
73,24.06736446591519,35.08454106280193,5.508588298443371,2.26784755770263,9.286097691894794,18.813741277509394,4.575952764358561,0.39586688137412773,,
74,24.168008588298445,34.876543209876544,5.35426731078905,2.254428341384863,9.25925925925926,19.122383252818036,4.569243156199678,0.39586688137412773,,
75,24.268652710681696,34.634997316156735,5.35426731078905,2.254428341384863,9.23913043478261,19.088835212023618,4.64975845410628,0.5099302200751477,,
76,24.48336017176597,34.514224369296834,5.35426731078905,2.254428341384863,9.185453569511541,19.061996779388085,4.636339237788513,0.5099302200751477,,
77,24.738325281803544,34.39345142243693,5.35426731078905,2.301395598497048,9.145195920558239,18.947933440687063,4.609500805152979,0.5099302200751477,,
78,24.282071926999464,33.15888352120236,3.9318303811057436,2.167203435319377,8.28636607622115,22.879763821792807,4.609500805152979,0.6843800322061192,,
79,24.590713902308106,32.88378958668814,3.9318303811057436,2.167203435319377,8.266237251744498,22.879763821792807,4.5960815888352125,0.6843800322061192,,
80,24.838969404186795,32.709339774557165,3.9049919484702094,2.167203435319377,8.454106280193237,22.71202361782072,4.528985507246377,0.6843800322061192,,
81,25.127482555018787,31.52173913043478,3.8311862587224907,2.167203435319377,8.407139023081053,23.752012882447666,4.508856682769726,0.6843800322061192,,
82,25.315351583467525,31.46135265700483,3.8311862587224907,2.167203435319377,8.353462157809984,23.70504562533548,4.4820182501341925,0.6843800322061192,,
83,25.503220611916262,31.13929146537842,3.8311862587224907,2.4020397208803006,8.340042941492216,23.637949543746647,4.4820182501341925,0.6642512077294686,,
84,25.603864734299517,31.085614600107355,3.824476650563607,2.395330112721417,8.32662372517445,23.617820719269993,4.4820182501341925,0.6642512077294686,,
85,25.87895866881374,30.991680085882983,3.81105743424584,2.368491680085883,8.266237251744498,23.537305421363392,4.4820182501341925,0.6642512077294686,,
86,26.019860440150296,30.96484165324745,3.81105743424584,2.368491680085883,8.21256038647343,23.503757380568974,4.455179817498658,0.6642512077294686,,
87,25.999731615673646,30.64278046162104,3.81105743424584,2.475845410628019,9.54777241009125,23.416532474503487,3.4420289855072466,0.6642512077294686,,
88,22.436929683306495,34.312936124530324,6.320450885668277,2.4020397208803006,8.675523349436393,22.134997316156735,3.052871712292002,0.6642512077294686,,
89,22.356414385399894,33.77616747181965,6.320450885668277,3.1199677938808374,8.635265700483092,21.55126140633387,3.5762211486849167,0.6642512077294686,,
90,22.611379495437465,33.72920021470746,6.320450885668277,3.1199677938808374,8.501073537305421,21.477455716586153,3.5762211486849167,0.6642512077294686,,
91,22.67176596886742,33.299785292538914,6.233225979602791,3.502415458937198,8.501073537305421,21.470746108427267,3.5762211486849167,0.6642512077294686,0.08051529790660225,
92,22.82608695652174,33.25281803542673,6.226516371443908,3.569511540526033,8.36688137412775,21.43719806763285,3.5762211486849167,0.6642512077294686,0.08051529790660225,
93,23.007246376811594,33.11862587224906,6.199677938808374,3.549382716049383,8.360171765968868,21.464036500268385,3.556092324208266,0.6642512077294686,0.08051529790660225,
94,23.22866344605475,32.79656468062265,6.152710681696189,3.5091250670960816,8.319914117015566,21.38352120236178,3.864734299516908,0.6642512077294686,0.08051529790660225,
95,23.503757380568974,32.6154052603328,6.125872249060655,3.5091250670960816,8.3064949006978,21.336553945249598,3.864734299516908,0.6575415995705851,0.08051529790660225,
96,23.17498658078368,31.629092860976918,7.749597423510467,3.3816425120772946,8.28636607622115,21.061460010735374,3.864734299516908,0.7716049382716049,0.08051529790660225,
97,23.429951690821255,31.528448738593667,7.360440150295223,3.2139023081052067,8.735909822866345,21.027911969940956,3.864734299516908,0.7581857219538379,0.08051529790660225,
98,23.617820719269993,31.414385399892645,7.454374664519592,3.2004830917874396,8.715780998389693,20.893719806763286,3.864734299516908,0.7581857219538379,0.08051529790660225,
99,23.698336017176597,31.30703166935051,7.454374664519592,3.44873859366613,8.507783145464305,20.88030059044552,3.864734299516908,0.7581857219538379,0.08051529790660225,
100,23.906333870101985,30.95813204508857,7.454374664519592,3.7640901771336552,8.380300590445518,20.833333333333332,3.864734299516908,0.7581857219538379,0.08051529790660225,
101,24.14117015566291,30.837359098228664,7.454374664519592,3.844605475040258,8.319914117015566,20.725979602791195,3.8378958668813743,0.7581857219538379,0.08051529790660225,
102,24.48336017176597,30.656199677938808,7.360440150295223,3.844605475040258,8.3064949006978,20.69243156199678,3.8177670424047236,0.7581857219538379,0.08051529790660225,
103,24.745034889962426,30.50858829844337,7.434245840042942,3.8378958668813743,8.259527643585615,20.558239398819108,3.8177670424047236,0.7581857219538379,0.08051529790660225,
104,24.986580783682232,30.387815351583466,7.4141170155662905,3.8378958668813743,8.21256038647343,20.52469135802469,3.797638217928073,0.7581857219538379,0.08051529790660225,
105,25.127482555018787,30.347557702630166,7.39398819108964,3.8378958668813743,8.192431561996779,20.46430488459474,3.797638217928073,0.7581857219538379,0.08051529790660225,
106,25.201288244766506,30.340848094471284,7.387278582930757,3.8311862587224907,8.179012345679013,20.42404723564144,3.797638217928073,0.7581857219538379,0.08051529790660225,
107,25.308641975308642,30.19994632313473,8.172302737520129,3.8311862587224907,8.13875469672571,19.712828770799785,3.797638217928073,0.7581857219538379,0.08051529790660225,
108,25.583735909822867,30.099302200751477,8.158883521202362,3.784219001610306,8.105206655931294,19.639023081052066,3.7909286097691894,0.7581857219538379,0.08051529790660225,
109,25.805152979066023,30.02549651100376,8.13875469672571,3.7573805689747717,8.105206655931294,19.565217391304348,3.7640901771336552,0.7581857219538379,0.08051529790660225,
110,25.87895866881374,30.01207729468599,8.11862587224906,3.8177670424047236,8.085077831454644,19.49812130971551,3.750670960815888,0.7581857219538379,0.08051529790660225,
111,25.95276435856146,29.97181964573269,8.11862587224906,3.81105743424584,8.085077831454644,19.47128287707998,3.750670960815888,0.7581857219538379,0.08051529790660225,
112,26.06682769726248,29.938271604938272,8.11862587224906,3.784219001610306,8.085077831454644,19.43102522812668,3.750670960815888,0.7447665056360708,0.08051529790660225,
113,26.301663982823403,29.904723564143854,8.051529790660226,3.7640901771336552,8.038110574342458,19.37734836285561,3.7372517444981215,0.7447665056360708,0.08051529790660225,
114,26.50966183574879,29.56924315619968,7.635534084809447,3.7037037037037037,8.796296296296296,19.223027375201287,3.7372517444981215,0.7447665056360708,0.08051529790660225,
115,25.85882984433709,29.24718196457327,7.608695652173913,3.5628019323671496,8.474235104669887,20.685721953837895,3.7372517444981215,0.7447665056360708,0.08051529790660225,
116,26.120504562533547,29.139828234031132,7.575147611379496,3.5628019323671496,8.467525496511003,20.585077831454644,3.7238325281803544,0.7447665056360708,0.08051529790660225,
117,26.247987117552334,29.0727321524423,7.474503488996243,3.5628019323671496,8.548040794417606,20.544820182501343,3.7238325281803544,0.7447665056360708,0.08051529790660225,
118,26.40901771336554,28.99892646269458,7.474503488996243,3.5628019323671496,8.527911969940956,20.477724100912507,3.7238325281803544,0.7447665056360708,0.08051529790660225,
119,26.529790660225444,28.938539989264626,7.615405260332796,3.7238325281803544,8.521202361782072,20.162372517444982,3.6902844873859366,0.7380568974771873,0.08051529790660225,
120,25.999731615673646,26.8317230273752,7.521470746108427,3.670155662909286,11.621041331186259,20.02818035426731,3.5091250670960816,0.7380568974771873,0.08051529790660225,
121,23.2487922705314,33.04482018250134,7.306763285024155,3.6500268384326353,10.245571658615138,18.095813204508858,3.4621578099838968,0.8655394524959742,0.08051529790660225,
122,23.336017176596886,32.95759527643585,7.105475040257649,3.8848631239935587,10.238862050456254,18.06897477187332,3.4621578099838968,0.8655394524959742,0.08051529790660225,
123,23.483628556092324,32.910628019323674,7.092055823939882,3.878153515834675,10.198604401502953,18.055555555555557,3.435319377348363,0.8655394524959742,0.08051529790660225,
124,23.517176596886742,32.420826623725176,7.078636607622115,3.878153515834675,11.392914653784219,17.330917874396135,3.435319377348363,0.8655394524959742,0.08051529790660225,
125,23.778851315083198,32.29334406870639,7.0450885668276975,3.878153515834675,11.3593666129898,17.2638217928073,3.435319377348363,0.8655394524959742,0.08051529790660225,
126,23.97342995169082,32.2463768115942,6.998121309715513,3.878153515834675,11.325818572195384,17.196725711218466,3.435319377348363,0.8655394524959742,0.08051529790660225,
127,24.14117015566291,32.118894256575416,6.964573268921095,3.878153515834675,11.272141706924316,16.921631776704242,3.7573805689747717,0.8655394524959742,0.08051529790660225,
128,24.214975845410628,32.085346215781,6.951154052603328,3.878153515834675,11.272141706924316,16.894793344068706,3.7573805689747717,0.8655394524959742,0.08051529790660225,
129,23.879495437466453,31.884057971014492,6.951154052603328,3.5292538915727323,11.258722490606548,18.243424584004295,3.307836822329576,0.8655394524959742,0.08051529790660225,
130,24.12775093934514,31.810252281266774,6.944444444444445,3.5292538915727323,11.144659151905529,18.21658615136876,3.280998389694042,0.8655394524959742,0.08051529790660225,
131,24.295491143317232,31.723027375201287,6.944444444444445,3.5292538915727323,11.09098228663446,18.189747718733226,3.280998389694042,0.8655394524959742,0.08051529790660225,
132,24.516908212560388,31.662640901771336,6.944444444444445,3.5225442834138487,10.836017176596886,18.075684380032207,3.2541599570585076,0.8655394524959742,0.08051529790660225,0.24154589371980675
133,24.671229200214707,31.52173913043478,6.655931293612453,3.81105743424584,10.601180891035963,18.04884594739667,3.2340311325818574,1.133923778851315,0.08051529790660225,0.24154589371980675
134,24.765163714439076,31.488191089640367,6.655931293612453,3.797638217928073,10.601180891035963,18.02200751476114,3.2206119162640903,1.1272141706924315,0.08051529790660225,0.24154589371980675
135,24.3894256575416,32.2061191626409,6.622383252818035,3.797638217928073,10.299248523886206,18.015297906602253,3.2206119162640903,1.1272141706924315,0.08051529790660225,0.24154589371980675
136,24.4296833064949,31.36070853462158,6.367418142780462,3.643317230273752,11.788781535158346,17.773752012882447,3.1870638754696725,1.1272141706924315,0.08051529790660225,0.24154589371980675
137,24.65780998389694,31.253354804079443,6.353998926462695,3.616478797638218,11.768652710681696,17.713365539452496,3.1870638754696725,1.1272141706924315,0.08051529790660225,0.24154589371980675
138,24.691358024691358,31.146001073537306,7.809983896940419,3.5963499731615673,11.741814278046162,16.297638217928075,3.2675791733762747,1.1272141706924315,0.08051529790660225,0.24154589371980675
139,24.86580783682233,30.938003220611915,7.7831454643048845,3.7037037037037037,11.694847020933977,16.297638217928075,3.2675791733762747,1.1272141706924315,0.08051529790660225,0.24154589371980675
140,24.97987117552335,30.870907139023082,7.75630703166935,3.7037037037037037,11.694847020933977,16.27750939345142,3.2675791733762747,1.1272141706924315,0.08051529790660225,0.24154589371980675
141,24.537037037037038,30.421363392377884,7.7361782071927,3.7037037037037037,11.580783682232958,17.324208266237253,3.2474503488996245,1.1272141706924315,0.08051529790660225,0.24154589371980675
142,24.812130971551262,30.347557702630166,7.675791733762749,3.7037037037037037,11.574074074074074,17.196725711218466,3.193773483628556,1.1741814278046163,0.08051529790660225,0.24154589371980675
143,25.120772946859905,30.246913580246915,7.675791733762749,3.6768652710681695,11.513687600644122,17.082662372517444,3.1870638754696725,1.1741814278046163,0.08051529790660225,0.24154589371980675
144,25.067096081588836,30.24020397208803,7.675791733762749,4.30756843800322,11.272141706924316,16.774020397208805,3.166935050993022,1.1741814278046163,0.08051529790660225,0.24154589371980675
145,25.181159420289855,30.16639828234031,7.675791733762749,4.300858829844337,11.272141706924316,16.774020397208805,3.1333870101986045,1.1741814278046163,0.08051529790660225,0.24154589371980675
146,25.0,30.079173376274827,7.407407407407407,3.7372517444981215,13.727858293075684,15.432098765432098,3.1333870101986045,1.1607622114868492,0.08051529790660225,0.24154589371980675
147,25.026838432635532,30.07246376811594,7.407407407407407,3.7372517444981215,13.727858293075684,15.411969940955448,3.1333870101986045,1.1607622114868492,0.08051529790660225,0.24154589371980675
148,25.187869028448738,29.864465915190554,7.387278582930757,3.9855072463768115,13.607085346215781,15.351583467525497,3.1333870101986045,1.1607622114868492,0.08051529790660225,0.24154589371980675
149,25.295222758990874,29.864465915190554,7.380568974771873,3.9855072463768115,13.56682769726248,15.324745034889963,3.126677402039721,1.1406333870101986,0.08051529790660225,0.23483628556092323
150,25.41599570585078,29.790660225442835,7.360440150295223,3.9720880300590444,13.56682769726248,15.311325818572195,3.126677402039721,1.1406333870101986,0.08051529790660225,0.23483628556092323
151,25.59044551798175,29.683306494900698,7.521470746108427,3.9519592055823938,13.539989264626946,15.136876006441224,3.126677402039721,1.133923778851315,0.08051529790660225,0.23483628556092323
152,25.711218464841654,29.62962962962963,7.50805152979066,3.898282340311326,13.539989264626946,15.136876006441224,3.126677402039721,1.133923778851315,0.08051529790660225,0.23483628556092323
153,25.979602791196996,29.528985507246375,7.50805152979066,3.8848631239935587,13.526570048309178,15.002683843263553,3.126677402039721,1.1272141706924315,0.08051529790660225,0.23483628556092323
154,26.120504562533547,29.488727858293075,7.474503488996243,3.8848631239935587,13.486312399355878,14.97584541062802,3.126677402039721,1.1272141706924315,0.08051529790660225,0.23483628556092323
155,25.93263553408481,28.965378421900162,8.373590982286634,3.8043478260869565,13.419216317767042,14.935587761674718,3.126677402039721,1.1272141706924315,0.08051529790660225,0.23483628556092323
156,26.093666129898015,28.891572732152444,8.266237251744498,4.247181964573269,13.365539452495975,14.579978529253891,3.113258185721954,1.1272141706924315,0.08051529790660225,0.23483628556092323
157,26.31508319914117,28.878153515834676,8.219269994632313,4.2203435319377345,13.291733762748256,14.533011272141707,3.099838969404187,1.1272141706924315,0.08051529790660225,0.23483628556092323
158,26.46940418679549,28.837895866881375,8.252818035426731,4.2203435319377345,13.211218464841654,14.465915190552872,3.099838969404187,1.1272141706924315,0.08051529790660225,0.23483628556092323
159,25.664251207729468,27.395330112721417,8.849973161567364,4.03918411164788,13.043478260869565,16.545893719806763,3.099838969404187,1.1272141706924315,,0.23483628556092323
160,25.865539452495973,27.30810520665593,8.776167471819646,4.03918411164788,13.009930220075148,16.53918411164788,3.099838969404187,1.1272141706924315,,0.23483628556092323
161,26.187600644122384,27.066559312936125,8.76274825550188,4.086151368760064,12.95625335480408,16.478797638217927,3.099838969404187,1.1272141706924315,,0.23483628556092323
162,26.321792807300053,26.952495974235106,8.856682769726248,4.086151368760064,12.889157273215245,16.438539989264626,3.0931293612453032,1.1272141706924315,,0.23483628556092323
163,26.48953301127214,26.757917337627482,8.84326355340848,4.1129898013955986,13.003220611916264,16.337895866881375,3.0931293612453032,1.1272141706924315,,0.23483628556092323
164,26.516371443907676,26.78475577026302,8.84326355340848,4.1129898013955986,12.969672571121846,16.317767042404725,3.0931293612453032,1.1272141706924315,,0.23483628556092323
165,26.650563607085346,26.744498121309714,8.82313472893183,4.086151368760064,12.95625335480408,16.284219001610307,3.0931293612453032,1.1272141706924315,,0.23483628556092323
166,26.50295222758991,26.623725174449813,8.809715512614064,4.052603327965647,13.79495437466452,16.19699409554482,2.657004830917874,1.1272141706924315,,0.23483628556092323
167,25.83870101986044,27.70397208803006,8.769457863660762,4.052603327965647,13.539989264626946,16.15673644659152,2.576489533011272,1.1272141706924315,,0.23483628556092323
168,25.744766505636072,27.435587761674718,8.769457863660762,4.3478260869565215,13.714439076757918,16.06280193236715,2.576489533011272,1.1137949543746646,,0.23483628556092323
169,26.006441223832528,27.375201288244767,8.756038647342995,4.327697262479871,13.6406333870102,15.96886741814278,2.576489533011272,1.1137949543746646,,0.23483628556092323
170,26.060118089103597,27.361782071927,8.749329039184111,4.327697262479871,13.513150831991412,15.908480944712828,2.576489533011272,1.1137949543746646,,0.38915727321524424
171,25.85212023617821,26.549919484702095,8.695652173913043,5.12614063338701,13.191089640365004,16.391572732152444,2.576489533011272,1.1137949543746646,,0.5032206119162641
172,25.207997852925388,25.805152979066023,9.742351046698873,4.8443370907139025,12.084004294149223,18.129361245303276,2.5697799248523885,1.1137949543746646,,0.5032206119162641
173,25.315351583467525,25.764895330112722,9.728931830381105,4.8443370907139025,12.06387546967257,18.12265163714439,2.5496511003757383,1.107085346215781,,0.5032206119162641
174,25.409286097691894,25.731347289318304,9.681964573268921,4.898013955984971,12.010198604401502,18.12265163714439,2.536231884057971,1.107085346215781,,0.5032206119162641
175,25.623993558776167,25.597155126140635,9.681964573268921,4.85775630703167,11.969940955448202,18.12265163714439,2.536231884057971,1.107085346215781,,0.5032206119162641
176,25.805152979066023,25.53676865271068,9.648416532474503,5.038915727321524,11.943102522812667,17.94820182501342,2.536231884057971,1.0399892646269457,,0.5032206119162641
177,25.684380032206118,24.993290391841118,10.312667740203972,5.038915727321524,11.902844873859367,17.94820182501342,2.3550724637681157,1.261406333870102,,0.5032206119162641
178,25.831991411701555,24.94632313472893,10.258990874932904,5.146269457863661,11.876006441223833,17.901234567901234,2.2879763821792807,1.261406333870102,,0.48980139559849706
179,26.080246913580247,24.932903918411164,10.23215244229737,5.132850241545894,11.728395061728396,17.85426731078905,2.2879763821792807,1.261406333870102,,0.48980139559849706
180,26.268115942028984,24.738325281803544,10.198604401502953,5.649490069779925,11.654589371980677,17.3040794417606,2.4355877616747184,1.261406333870102,,0.48980139559849706
181,26.167471819645733,24.416264090177133,10.198604401502953,5.622651637144391,11.654589371980677,17.297369833601717,2.8918411164787976,1.261406333870102,,0.48980139559849706
182,26.247987117552334,24.342458400429415,10.171765968867419,6.011808910359635,11.574074074074074,17.022275899087493,2.8784219001610305,1.261406333870102,,0.48980139559849706
183,26.301663982823403,23.886205045625335,10.923242082662373,5.998389694041868,11.506977992485238,17.008856682769725,2.8784219001610305,1.0064412238325282,,0.48980139559849706
184,26.38888888888889,23.698336017176597,10.681696188942565,5.877616747181965,11.406333870101985,16.97530864197531,3.1870638754696725,1.2949543746645196,,0.48980139559849706
185,26.50966183574879,23.64465915190553,10.681696188942565,5.870907139023081,11.386205045625335,16.955179817498657,3.166935050993022,1.2949543746645196,,0.48980139559849706
186,26.630434782608695,23.59098228663446,10.674986580783683,5.870907139023081,11.386205045625335,16.908212560386474,3.166935050993022,1.2949543746645196,,0.47638217928073
187,26.82501341921632,23.49704777241009,10.668276972624799,5.837359098228664,11.386205045625335,16.847826086956523,3.166935050993022,1.2949543746645196,,0.47638217928073
188,27.033011272141707,23.463499731615673,10.654857756307031,5.83064949006978,11.305689747718732,16.774020397208805,3.099838969404187,1.3620504562533549,,0.47638217928073
189,27.086688137412775,23.289049919484704,10.641438539989265,6.005099302200751,11.272141706924316,16.76731078904992,3.099838969404187,1.3620504562533549,,0.47638217928073
190,27.006172839506174,22.396672034353195,10.607890499194847,5.938003220611916,11.258722490606548,17.85426731078905,3.099838969404187,1.3620504562533549,,0.47638217928073
191,27.167203435319376,22.309447128287708,10.581052066559312,6.125872249060655,11.044015029522276,17.840848094471284,3.099838969404187,1.3553408480944713,,0.47638217928073
192,27.30810520665593,22.376543209876544,10.473698336017177,6.105743424584004,11.044015029522276,17.76033279656468,3.099838969404187,1.3553408480944713,,0.47638217928073
193,27.214170692431562,22.208803005904453,10.829307568438002,6.099033816425121,11.030595813204508,17.639559849704778,3.1468062265163717,1.3553408480944713,,0.47638217928073
194,27.58990874932904,21.980676328502415,10.815888352120236,6.099033816425121,10.93666129898014,17.599302200751477,3.1468062265163717,1.3553408480944713,,0.47638217928073
195,27.958937198067634,21.77938808373591,10.815888352120236,6.099033816425121,10.84272678475577,17.538915727321523,3.1333870101986045,1.3553408480944713,,0.47638217928073
196,27.985775630703166,21.752549651100377,10.795759527643586,6.099033816425121,10.493827160493828,17.411433172302736,3.629898013955985,1.3553408480944713,,0.47638217928073
197,27.945517981749866,21.692163177670423,10.983628556092324,6.0654857756307035,10.721953837895867,17.14975845410628,3.6097691894793345,1.3553408480944713,,0.47638217928073
198,27.78448738593666,21.537842190016104,10.57434245840043,5.850778314546431,10.36634460547504,18.760064412238325,3.294417606011809,1.3553408480944713,,0.47638217928073
199,27.77777777777778,21.3768115942029,10.57434245840043,5.884326355340848,11.09098228663446,18.317230273752013,3.193773483628556,1.3553408480944713,,0.4294149221685454
200,28.133387010198604,21.24932903918411,10.547504025764896,5.844068706387547,11.077563070316694,18.169618894256576,3.193773483628556,1.3553408480944713,,0.4294149221685454
201,28.35480407944176,21.195652173913043,10.473698336017177,5.83064949006978,11.05072463768116,18.12265163714439,3.193773483628556,1.3486312399355878,,0.4294149221685454
202,28.44873859366613,21.175523349436393,10.473698336017177,5.8172302737520125,11.017176596886742,18.12265163714439,3.193773483628556,1.3486312399355878,,0.4025764895330113
203,28.663446054750402,21.07487922705314,10.446859903381643,5.870907139023081,11.017176596886742,17.98174986580784,3.193773483628556,1.3486312399355878,,0.4025764895330113
204,28.817767042404725,21.00107353730542,10.420021470746109,5.844068706387547,10.970209339774557,17.98174986580784,3.2340311325818574,1.328502415458937,,0.4025764895330113
205,28.951959205582394,20.967525496511005,10.352925389157273,5.844068706387547,10.93666129898014,17.98174986580784,3.2340311325818574,1.328502415458937,,0.4025764895330113
206,29.052603327965645,20.94068706387547,10.352925389157273,5.844068706387547,10.86285560923242,17.98174986580784,3.2340311325818574,1.328502415458937,,0.4025764895330113
207,29.166666666666668,20.913848631239937,10.339506172839506,5.8239398819108965,10.84272678475577,17.94820182501342,3.2340311325818574,1.328502415458937,,0.4025764895330113
208,29.28743961352657,20.9272678475577,10.258990874932904,5.797101449275362,10.836017176596886,17.887815351583466,3.2742887815351582,1.328502415458937,,0.4025764895330113
209,29.508856682769725,20.86688137412775,10.171765968867419,5.763553408480945,10.802469135802468,17.881105743424584,3.2742887815351582,1.328502415458937,,0.4025764895330113
210,29.66988727858293,20.813204508856682,10.151637144390767,5.750134192163178,10.802469135802468,17.807300053676865,3.2742887815351582,1.328502415458937,,0.4025764895330113
211,29.78395061728395,20.78636607622115,10.111379495437467,5.971551261406334,10.775630703166936,17.56575415995706,3.2742887815351582,1.328502415458937,,0.4025764895330113
212,29.864465915190554,20.719269994632313,10.19189479334407,5.9514224369296835,10.768921095008052,17.505367686527105,3.2675791733762747,1.328502415458937,,0.4025764895330113
213,30.07246376811594,20.71256038647343,10.111379495437467,5.9514224369296835,10.721953837895867,17.47181964573269,3.227321524422974,1.328502415458937,,0.4025764895330113
214,30.19994632313473,20.652173913043477,10.084541062801932,5.9514224369296835,10.7085346215781,17.465110037573805,3.2139023081052067,1.3217928073000538,,0.4025764895330113
215,30.340848094471284,20.50456253354804,10.292538915727322,5.917874396135265,10.7085346215781,17.45169082125604,3.2139023081052067,1.1674718196457328,,0.4025764895330113
216,30.414653784219002,20.491143317230275,10.285829307568438,5.917874396135265,10.7085346215781,17.398013955984972,3.2139023081052067,1.1674718196457328,,0.4025764895330113
217,30.14626945786366,20.417337627482556,11.399624261943103,5.857487922705314,10.59447128287708,16.686795491143318,3.2139023081052067,1.3016639828234031,,0.3824476650563607
218,30.387815351583466,20.316693505099302,11.332528180354267,5.897745571658615,10.520665593129362,16.6532474503489,3.2139023081052067,1.2949543746645196,,0.3824476650563607
219,30.20665593129361,20.538110574342458,11.3593666129898,5.897745571658615,10.487117552334944,16.61969940955448,3.2139023081052067,1.2949543746645196,,0.3824476650563607
220,30.367686527106816,20.48443370907139,11.345947396672035,5.857487922705314,10.332796564680622,16.51905528717123,3.4151905528717124,1.2949543746645196,,0.3824476650563607
221,30.54884594739667,20.471014492753625,11.292270531400966,5.837359098228664,10.312667740203972,16.465378421900162,3.4017713365539453,1.288244766505636,,0.3824476650563607
222,30.67632850241546,20.437466451959207,11.231884057971014,5.83064949006978,10.279119699409554,16.411701556629094,3.4017713365539453,1.288244766505636,0.06038647342995169,0.3824476650563607
223,30.66290928609769,20.148953301127214,11.231884057971014,6.199677938808374,10.279119699409554,16.344605475040257,3.4017713365539453,1.288244766505636,0.06038647342995169,0.3824476650563607
224,30.703166935050994,20.001341921631777,11.312399355877616,6.320450885668277,10.279119699409554,16.27079978529254,3.3816425120772946,1.288244766505636,0.06038647342995169,0.3824476650563607
225,30.689747718733226,19.80005367686527,11.580783682232958,6.3070316693505095,10.258990874932904,16.17686527106817,3.3816425120772946,1.3620504562533549,0.06038647342995169,0.3824476650563607
226,30.870907139023082,19.746376811594203,11.808910359634996,6.293612453032743,10.151637144390767,15.96886741814278,3.3816425120772946,1.3352120236178207,0.06038647342995169,0.3824476650563607
227,30.9447128287708,19.732957595276435,11.808910359634996,6.293612453032743,10.11808910359635,15.955448201825014,3.3682232957595275,1.3352120236178207,0.06038647342995169,0.3824476650563607
228,31.011808910359633,19.679280730005367,11.75523349436393,6.293612453032743,10.21202361782072,15.915190552871712,3.3682232957595275,1.3217928073000538,0.06038647342995169,0.3824476650563607
229,30.14626945786366,21.598228663446054,11.54723564143854,6.427804616210413,10.151637144390767,14.99597423510467,3.3682232957595275,1.3217928073000538,0.06038647342995169,0.3824476650563607
230,30.159688674181428,21.511003757380568,11.98336017176597,6.414385399892646,10.104669887278583,14.700751476113794,3.361513687600644,1.3217928073000538,0.06038647342995169,0.3824476650563607
231,30.152979066022546,21.497584541062803,11.943102522812667,6.91760601180891,10.084541062801932,14.278046162104133,3.361513687600644,1.3217928073000538,0.06038647342995169,0.3824476650563607
232,30.35426731078905,21.390230810520666,11.916264090177133,6.91760601180891,10.057702630166398,14.237788513150832,3.361513687600644,1.3217928073000538,0.06038647342995169,0.3824476650563607
233,30.454911433172303,21.336553945249598,11.896135265700483,6.91760601180891,10.037573805689748,14.231078904991948,3.361513687600644,1.3217928073000538,0.06038647342995169,0.3824476650563607
234,30.689747718733226,21.22920021470746,11.81561996779388,6.89747718733226,10.02415458937198,14.244498121309716,3.33467525496511,1.3217928073000538,0.06038647342995169,0.3824476650563607
235,30.837359098228664,21.16881374127751,11.81561996779388,6.810252281266774,9.997316156736447,14.210950080515298,3.3950617283950617,1.3217928073000538,0.06038647342995169,0.3824476650563607
236,30.97826086956522,21.115136876006442,11.79549114331723,6.796833064949007,9.96376811594203,14.210950080515298,3.3950617283950617,1.3217928073000538,0.06038647342995169,0.36231884057971014
237,31.179549114331724,21.041331186258724,11.741814278046162,6.796833064949007,9.950348899624261,14.190821256038648,3.3816425120772946,1.3217928073000538,0.06038647342995169,0.33548040794417605
238,31.125872249060656,20.88030059044552,11.654589371980677,6.863929146537842,9.883252818035427,14.15727321524423,3.717122920021471,1.3217928073000538,0.06038647342995169,0.33548040794417605
239,31.253354804079443,20.79307568438003,11.647879763821793,6.89747718733226,9.856414385399892,14.143853998926463,3.69699409554482,1.3150831991411702,0.06038647342995169,0.33548040794417605
240,31.40096618357488,20.75281803542673,11.58749329039184,6.884057971014493,9.842995169082126,14.123725174449811,3.69699409554482,1.3150831991411702,0.06038647342995169,0.33548040794417605
241,31.49490069779925,20.705850778314545,11.580783682232958,6.884057971014493,9.809447128287708,14.123725174449811,3.6902844873859366,1.3150831991411702,0.06038647342995169,0.33548040794417605
242,31.5955448201825,20.699141170155663,11.540526033279656,6.850509930220075,9.809447128287708,14.123725174449811,3.670155662909286,1.3150831991411702,0.06038647342995169,0.33548040794417605
243,31.743156199677937,20.69243156199678,11.52710681696189,6.850509930220075,9.749060654857756,14.090177133655395,3.6366076221148687,1.3150831991411702,0.06038647342995169,0.33548040794417605
