,45,50,55,54,52,53,56,60,51,57,59,58,61,62
0,96.77938808373591,3.2206119162640903,,,,,,,,,,,,
1,85.27911969940955,14.42565754159957,0.2952227589908749,,,,,,,,,,,
2,81.64251207729468,18.035426731078903,0.322061191626409,,,,,,,,,,,
3,81.34057971014492,18.250134192163177,0.4092860976918948,,,,,,,,,,,
4,70.03488996242619,29.260601180891037,0.5837359098228664,0.12077294685990338,,,,,,,,,,
5,69.16264090177134,30.04562533548041,0.6709608158883521,0.12077294685990338,,,,,,,,,,
6,66.6129898013956,28.898282340311326,1.7646269457863661,0.12077294685990338,2.5429414922168547,0.06038647342995169,,,,,,,,
7,66.13660762211487,29.1532474503489,1.8585614600107354,0.12077294685990338,2.509393451422437,0.06038647342995169,0.0939345142243693,0.06709608158883522,,,,,,
8,65.88835212023618,27.643585614600106,3.3548040794417604,0.23483628556092323,2.475845410628019,0.06038647342995169,0.0939345142243693,0.08722490606548577,0.12077294685990338,0.040257648953301126,,,,
9,62.69457863660762,28.495705850778315,3.5426731078904994,0.4092860976918948,4.42163177670424,0.03354804079441761,0.0939345142243693,0.08722490606548577,0.14761137949543746,0.07380568974771873,,,,
10,62.21819645732689,28.992216854535695,3.535963499731616,0.4092860976918948,4.341116478797638,0.03354804079441761,0.0939345142243693,0.08722490606548577,0.14761137949543746,0.14090177133655393,,,,
11,61.03730542136339,29.99194847020934,3.569511540526033,0.5636070853462157,4.341116478797638,0.05367686527106817,0.0939345142243693,0.08722490606548577,0.12077294685990338,0.14090177133655393,,,,
12,59.286097691894796,31.447933440687063,3.844605475040258,0.5636070853462157,4.253891572732153,0.05367686527106817,0.0939345142243693,0.08722490606548577,0.14761137949543746,0.2214170692431562,,,,
13,59.40016103059581,30.891035963499732,3.502415458937198,1.3821792807300053,4.052603327965647,0.08051529790660225,0.0939345142243693,0.08722490606548577,0.17444981213097155,0.33548040794417605,,,,
14,58.8768115942029,30.938003220611915,3.69699409554482,1.4090177133655395,3.9519592055823938,0.2214170692431562,0.03354804079441761,0.08722490606548577,0.3757380568974772,0.4092860976918948,,,,
15,56.32045088566828,29.032474503488995,3.012614063338701,3.515834675254965,3.851315083199141,0.19457863660762212,0.03354804079441761,0.08722490606548577,3.5762211486849167,0.3488996242619431,0.026838432635534086,,,
16,56.32716049382716,28.77750939345142,3.2742887815351582,3.488996242619431,3.878153515834675,0.19457863660762212,0.03354804079441761,0.08722490606548577,3.5628019323671496,0.3488996242619431,0.026838432635534086,,,
17,54.83762748255502,30.159688674181428,3.7640901771336552,3.5963499731615673,3.8714439076757916,0.2214170692431562,0.03354804079441761,0.05367686527106817,2.999194847020934,0.3757380568974772,0.05367686527106817,0.03354804079441761,,
18,52.865002683843265,31.93102522812668,3.7104133118625873,3.7238325281803544,3.878153515834675,0.20799785292538917,0.03354804079441761,0.05367686527106817,3.066290928609769,0.4428341384863124,0.05367686527106817,0.03354804079441761,,
19,52.73752012882448,31.95115405260333,3.911701556629093,3.6768652710681695,3.844605475040258,0.23483628556092323,0.03354804079441761,0.05367686527106817,3.0595813204508855,0.4092860976918948,0.05367686527106817,0.03354804079441761,,
20,52.73752012882448,31.61567364465915,4.233762748255502,3.730542136339238,3.824476650563607,0.23483628556092323,0.03354804079441761,0.05367686527106817,3.0394524959742353,0.4092860976918948,0.05367686527106817,0.03354804079441761,,
21,48.57756307031669,35.68169618894257,4.38137412775094,3.7238325281803544,3.797638217928073,0.23483628556092323,0.03354804079441761,0.05367686527106817,3.012614063338701,0.4092860976918948,0.06038647342995169,0.03354804079441761,,
22,48.060923242082666,35.13150831991412,3.7372517444981215,3.2004830917874396,5.870907139023081,0.322061191626409,0.06709608158883522,0.03354804079441761,3.066290928609769,0.30864197530864196,0.20128824476650564,,,
23,38.91572732152442,44.618894256575416,3.9184111647879765,3.0730005367686526,4.918142780461621,0.35560923242082665,0.06038647342995169,0.03354804079441761,3.5225442834138487,0.23483628556092323,0.3488996242619431,,,
24,38.64734299516908,44.60547504025765,4.025764895330113,3.193773483628556,4.864465915190553,0.35560923242082665,0.06038647342995169,0.04696725711218465,3.515834675254965,0.33548040794417605,0.3488996242619431,,,
25,34.306226516371446,54.119699409554485,2.636876006441224,1.1272141706924315,0.14761137949543746,0.2616747181964573,,,7.387278582930757,,0.013419216317767043,,,
26,32.360440150295226,51.590177133655395,4.656468062265164,3.5762211486849167,0.2683843263553409,0.2549651100375738,0.026838432635534086,,7.226247987117552,,0.040257648953301126,,,
27,30.9849704777241,52.784487385936664,4.85775630703167,3.5292538915727323,0.2885131508319914,0.2281266774020397,0.1610305958132045,0.026838432635534086,7.098765432098766,,0.040257648953301126,,,
28,24.664519592055825,61.513687600644126,4.414922168545357,3.3480944712828773,0.322061191626409,0.2683843263553409,0.19457863660762212,0.026838432635534086,5.179817498658078,,0.040257648953301126,0.026838432635534086,,
29,17.72007514761138,69.0150295222759,4.334406870638754,3.1870638754696725,0.24154589371980675,0.06038647342995169,0.19457863660762212,0.026838432635534086,4.944981213097155,0.04696725711218465,0.20128824476650564,0.026838432635534086,,
30,17.330917874396135,66.14331723027375,4.730273752012883,3.1065485775630703,0.2281266774020397,3.2877079978529253,0.19457863660762212,0.026838432635534086,4.683306494900698,0.04696725711218465,0.19457863660762212,0.026838432635534086,,
31,16.371443907675793,56.38083735909823,3.113258185721954,0.7783145464304885,0.3421900161030596,16.982018250134193,0.026838432635534086,0.020128824476650563,5.857487922705314,0.04696725711218465,,0.08051529790660225,,
32,16.59286097691895,54.669887278582934,4.703435319377348,0.8185721953837896,0.3421900161030596,16.921631776704242,0.026838432635534086,0.020128824476650563,5.776972624798712,0.04696725711218465,,0.08051529790660225,,
33,14.002952227589908,43.96806226516372,4.616210413311863,0.7783145464304885,0.3153515834675255,16.076221148684915,0.20128824476650564,0.020128824476650563,19.786634460547504,0.04696725711218465,,0.1878690284487386,,
34,13.94927536231884,39.01637144390767,3.6902844873859366,0.38915727321524424,0.3153515834675255,12.184648416532475,0.36902844873859364,,29.931561996779386,,,0.15432098765432098,,
35,13.526570048309178,31.052066559312937,3.2206119162640903,0.38915727321524424,0.3153515834675255,5.877616747181965,0.8655394524959742,,44.71953837895867,,,0.03354804079441761,,
36,13.754696725711218,30.817230273752013,3.6902844873859366,0.38915727321524424,0.3153515834675255,5.750134192163178,2.1135265700483092,,42.94820182501342,0.13419216317767044,,0.08722490606548577,,
37,14.11701556629093,30.54213633923779,3.750670960815888,0.3824476650563607,0.3153515834675255,6.481481481481482,2.2879763821792807,,41.94176060118089,0.013419216317767043,,0.16774020397208803,,
38,14.331723027375201,30.099302200751477,4.414922168545357,0.4294149221685454,0.3153515834675255,6.072195383789587,2.7844873859366612,,41.398282340311326,0.013419216317767043,,0.14090177133655393,,
39,14.338432635534085,27.482555018786904,4.367954911433173,3.388352120236178,0.3153515834675255,6.152710681696189,2.791196994095545,,40.975577026301664,0.013419216317767043,0.03354804079441761,0.14090177133655393,,
40,12.365807836822329,18.230005367686527,6.709608158883521,3.280998389694042,0.2885131508319914,4.622920021470746,2.657004830917874,,51.670692431561996,0.013419216317767043,0.03354804079441761,0.1274825550187869,,
41,12.526838432635534,18.364197530864196,6.66935050993022,3.321256038647343,0.30864197530864196,4.602791196994096,3.052871712292002,0.026838432635534086,50.899087493290395,0.013419216317767043,0.08722490606548577,0.1274825550187869,,
42,11.238593666129898,13.801663982823403,4.931561996779388,3.3145464304884595,0.30864197530864196,4.408212560386473,3.260869565217391,0.1274825550187869,58.400429414922165,0.013419216317767043,0.06709608158883522,0.1274825550187869,,
43,11.513687600644122,13.761406333870102,4.898013955984971,3.44873859366613,0.30864197530864196,4.334406870638754,3.603059581320451,0.1274825550187869,57.8166935050993,0.013419216317767043,0.06709608158883522,0.10735373054213634,,
44,11.560654857756306,13.674181427804616,4.663177670424047,3.44873859366613,0.30864197530864196,5.844068706387547,3.683574879227053,0.15432098765432098,56.494900697799245,0.013419216317767043,0.06709608158883522,0.08722490606548577,,
45,11.721685453569512,12.110842726784755,4.582662372517445,3.4957058507783145,0.30864197530864196,7.501341921631776,3.992216854535695,0.18115942028985507,55.89103596349973,0.013419216317767043,0.06709608158883522,0.13419216317767044,,
46,11.225174449812132,10.869565217391305,4.522275899087493,3.488996242619431,0.20799785292538917,7.4141170155662905,4.072732152442297,0.18115942028985507,57.71604938271605,0.013419216317767043,0.06709608158883522,0.2214170692431562,,
47,10.527375201288244,9.675254965110037,4.4753086419753085,3.166935050993022,11.33923778851315,6.602254428341385,3.502415458937198,0.2147074610842727,49.83225979602791,0.2281266774020397,0.06709608158883522,0.36902844873859364,,
48,9.359903381642512,10.715244229736983,3.321256038647343,4.51556629092861,14.110305958132045,6.1929683306494905,3.435319377348363,0.2147074610842727,47.376543209876544,0.322061191626409,0.06709608158883522,0.36902844873859364,,
49,9.91009125067096,10.473698336017177,3.4822866344605474,4.4753086419753085,13.955984970477724,6.1929683306494905,3.6097691894793345,0.2147074610842727,46.812936124530324,0.36902844873859364,0.06709608158883522,0.43612453032742887,,
50,8.521202361782072,9.386741814278047,3.052871712292002,5.280461621041331,10.829307568438002,6.3070316693505095,3.3145464304884595,0.1878690284487386,52.63687600644123,0.08722490606548577,0.04696725711218465,0.3488996242619431,,
51,9.131776704240472,9.306226516371444,3.280998389694042,5.152979066022544,10.560923242082662,6.132581857219538,3.717122920021471,0.1878690284487386,51.650563607085346,0.33548040794417605,0.04696725711218465,0.49651100375738055,,
52,9.554482018250134,9.232420826623725,3.6097691894793345,5.072463768115942,10.48040794417606,6.038647342995169,3.965378421900161,0.1878690284487386,50.84541062801932,0.3421900161030596,0.08051529790660225,0.5904455179817498,,
53,9.997316156736447,9.245840042941492,3.5628019323671496,5.005367686527107,11.849168008588299,5.119431025228127,4.0995705850778315,0.1878690284487386,49.765163714439076,0.49651100375738055,0.08051529790660225,0.5904455179817498,,
54,10.205314009661835,9.172034353193773,3.643317230273752,5.025496511003757,11.788781535158346,5.032206119162641,4.247181964573269,0.1878690284487386,49.322329575952764,0.630703166935051,0.08051529790660225,0.6642512077294686,,
55,9.816156736446592,9.111647879763822,3.180354267310789,4.8376274825550185,11.714975845410628,13.788244766505636,3.0730005367686526,0.1878690284487386,42.78717122920021,0.6508319914117016,0.12077294685990338,0.7313472893183038,,
56,10.413311862587225,8.970746108427267,3.294417606011809,4.777241009125067,11.654589371980677,13.667471819645733,3.1333870101986045,0.1878690284487386,42.411433172302736,0.5703166935050993,0.12077294685990338,0.798443370907139,,
57,10.674986580783683,8.876811594202898,2.871712292002147,4.736983360171766,12.198067632850242,13.600375738056897,3.421900161030596,0.04696725711218465,41.888083735909824,0.7648953301127214,0.10735373054213634,0.8118625872249061,,
58,11.084272678475577,8.568169618894256,2.965646806226516,4.750402576489533,12.090713902308105,14.056629092860977,3.5426731078904994,0.04696725711218465,41.27079978529254,0.7917337627482555,0.10735373054213634,0.7246376811594203,,
59,11.366076221148685,8.467525496511003,3.2742887815351582,7.353730542136339,11.922973698336017,12.070585077831455,3.515834675254965,0.04696725711218465,40.29790660225443,0.8521202361782072,0.10735373054213634,0.7246376811594203,,
60,11.829039184111648,8.501073537305421,3.435319377348363,7.427536231884058,11.822329575952764,11.936392914653783,3.7909286097691894,0.04696725711218465,39.55314009661836,0.798443370907139,0.13419216317767044,0.7246376811594203,,
61,12.265163714439076,8.501073537305421,3.435319377348363,7.440955448201825,11.701556629092861,11.842458400429415,3.938539989264627,0.04696725711218465,39.04320987654321,0.8319914117015567,0.13419216317767044,0.8185721953837896,,
62,12.627482555018787,8.460815888352121,3.488996242619431,7.454374664519592,11.60762211486849,11.674718196457327,4.025764895330113,0.04696725711218465,38.75469672571122,0.8856682769726248,0.13419216317767044,0.8387010198604401,,
63,12.104133118625873,8.360171765968868,3.113258185721954,7.50805152979066,23.47691894793344,11.58749329039184,2.9589371980676327,0.04696725711218465,28.958668813741276,0.9728931830381106,0.13419216317767044,0.7783145464304885,,
64,12.640901771336553,8.32662372517445,3.307836822329576,7.353730542136339,23.027375201288244,11.460010735373054,3.066290928609769,0.04696725711218465,28.44873859366613,1.3821792807300053,0.13419216317767044,0.8051529790660226,,
65,12.224906065485776,7.763016639828234,3.240740740740741,7.37385936661299,22.859634997316157,11.252012882447666,3.0931293612453032,0.04696725711218465,29.777241009125067,1.42914653784219,0.13419216317767044,0.8051529790660226,,
66,12.714707461084272,7.749597423510467,3.3548040794417604,7.4208266237251745,22.463768115942027,11.104401502952227,3.227321524422974,0.04696725711218465,29.26731078904992,1.6706924315619969,0.13419216317767044,0.8454106280193237,,
67,12.889157273215245,7.689210950080516,3.408480944712829,7.555018786902845,22.436929683306495,11.030595813204508,3.294417606011809,0.04696725711218465,29.106280193236714,1.556629092860977,0.13419216317767044,0.8521202361782072,,
68,13.217928073000536,7.608695652173913,3.421900161030596,7.454374664519592,22.134997316156735,10.809178743961352,3.589640365002684,0.07380568974771873,28.650026838432634,1.865271068169619,0.13419216317767044,1.0399892646269457,,
69,13.446054750402576,7.494632313472893,3.717122920021471,7.326892109500805,21.87332259796028,9.688674181427805,3.6768652710681695,0.07380568974771873,29.8040794417606,1.8183038110574343,0.13419216317767044,0.9460547504025765,,
70,13.727858293075684,7.380568974771873,3.978797638217928,7.192699946323135,21.73913043478261,9.554482018250134,3.8915727321524423,0.07380568974771873,29.388083735909824,1.8451422436929683,0.1610305958132045,1.06682769726248,,
71,13.66076221148685,7.353730542136339,3.8177670424047236,7.139023081052066,21.38352120236178,12.218196457326892,3.965378421900161,0.10064412238325282,27.15378421900161,2.01959205582394,0.16774020397208803,1.0198604401502953,,
72,10.426731078904991,5.689747718733226,3.797638217928073,6.870638754696726,11.158078368223295,8.017981749865807,2.9388083735909825,0.10064412238325282,48.21524422973698,1.4962426194310252,0.16774020397208803,1.1205045625335481,,
73,10.836017176596886,5.71658615136876,4.2270531400966185,6.850509930220075,10.990338164251208,7.944176060118089,3.33467525496511,0.07380568974771873,47.24906065485776,1.4895330112721417,0.16774020397208803,1.1205045625335481,,
74,10.909822866344605,5.072463768115942,3.9989264626945786,6.6827697262479875,10.379763821792807,9.836285560923242,3.535963499731616,0.05367686527106817,46.786097691894796,1.4492753623188406,0.16774020397208803,1.1272141706924315,,
75,11.158078368223295,5.01207729468599,4.40150295222759,6.635802469135802,11.171497584541063,9.084809447128288,3.569511540526033,0.05367686527106817,46.11513687600644,1.4626945786366077,0.20799785292538917,1.1272141706924315,,
76,11.81561996779388,4.830917874396135,4.871175523349437,6.454643048845948,10.742082662372518,9.212292002147075,3.9184111647879765,0.05367686527106817,45.330112721417066,1.4559849704777241,0.20799785292538917,1.107085346215781,,
77,12.104133118625873,4.777241009125067,6.508319914117015,6.501610305958132,10.7085346215781,8.957326892109501,3.8915727321524423,0.05367686527106817,43.33064949006978,1.8115942028985508,0.1878690284487386,1.1674718196457328,,
78,11.60762211486849,4.7638217928073,6.837090713902308,9.634997316156737,8.628556092324208,11.54723564143854,3.5091250670960816,0.040257648953301126,40.485775630703166,1.5901771336553945,0.1878690284487386,1.133923778851315,0.03354804079441761,
79,11.3191089640365,4.643048845947397,9.017713365539452,9.198872785829307,5.8172302737520125,11.325818572195384,2.8918411164787976,0.040257648953301126,42.96833064949007,1.3419216317767042,0.1878690284487386,1.2010198604401503,0.04696725711218465,
80,11.681427804616211,4.609500805152979,9.172034353193773,9.145195920558239,5.763553408480945,11.218464841653248,2.9253891572732154,0.040257648953301126,42.60601180891036,1.3754696725711217,0.2147074610842727,1.2010198604401503,0.04696725711218465,
81,11.869296833064949,4.51556629092861,9.25925925925926,10.997047772410092,5.528717122920021,14.130434782608695,3.113258185721954,0.040257648953301126,37.58722490606549,1.4895330112721417,0.2147074610842727,1.2077294685990339,0.04696725711218465,
82,12.385936661298981,4.441760601180891,9.312936124530328,10.909822866344605,5.508588298443371,13.83521202361782,3.4822866344605474,0.040257648953301126,37.0907139023081,1.5096618357487923,0.2147074610842727,1.221148684916801,0.04696725711218465,
83,12.74825550187869,4.441760601180891,9.534353193773484,10.7085346215781,5.374396135265701,13.747987117552334,3.5628019323671496,0.040257648953301126,36.66129898013956,1.6170155662909287,0.2281266774020397,1.288244766505636,0.04696725711218465,
84,12.815351583467525,4.408212560386473,10.587761674718196,9.628287707997853,4.736983360171766,13.499731615673644,6.3070316693505095,0.08051529790660225,34.33977455716586,1.7914653784219001,0.28180354267310787,1.3352120236178207,0.1878690284487386,
85,10.171765968867419,3.374932903918411,5.756843800322061,9.245840042941492,4.4753086419753085,13.170960815888352,4.918142780461621,0.08051529790660225,45.289855072463766,1.7914653784219001,0.3153515834675255,1.3955984970477724,0.013419216317767043,
86,10.621309715512615,3.3548040794417604,5.850778314546431,9.306226516371444,4.4753086419753085,15.754159957058508,5.246913580246914,0.08051529790660225,41.7337627482555,1.8451422436929683,0.3488996242619431,1.3821792807300053,,
87,10.903113258185721,3.3011272141706924,5.984970477724101,9.380032206119163,4.468599033816425,15.640096618357488,5.314009661835748,0.08051529790660225,41.337895866881375,1.8585614600107354,0.3488996242619431,1.3821792807300053,,
88,11.29898013955985,3.3011272141706924,5.998389694041868,9.380032206119163,4.461889425657541,15.271068169618895,7.555018786902845,0.11406333870101985,38.96269457863661,1.9256575415995705,0.3488996242619431,1.3821792807300053,,
89,11.533816425120772,3.2139023081052067,6.031937734836285,10.144927536231885,4.394793344068707,15.177133655394526,7.139023081052066,0.06709608158883522,38.64734299516908,1.9256575415995705,0.33548040794417605,1.3888888888888888,,
90,11.943102522812667,3.2004830917874396,6.031937734836285,9.936929683306495,4.367954911433173,15.13016639828234,7.548309178743962,0.06709608158883522,37.936124530327426,2.0933977455716586,0.33548040794417605,1.4090177133655395,,
91,11.594202898550725,3.0595813204508855,5.904455179817498,9.990606548577563,4.30756843800322,14.318303811057435,7.139023081052066,0.06709608158883522,40.02952227589909,1.932367149758454,0.33548040794417605,1.3217928073000538,,
92,11.869296833064949,2.9253891572732154,6.078904991948471,9.789318303811058,4.294149221685454,14.257917337627482,7.112184648416532,0.06709608158883522,39.58668813741278,2.2208803005904456,0.33548040794417605,1.4626945786366077,,
93,12.399355877616747,2.9253891572732154,6.219806763285024,9.708803005904455,4.260601180891036,14.210950080515298,7.1658615136876005,0.06709608158883522,38.94256575415996,2.314814814814815,0.36902844873859364,1.415727321524423,,
94,12.00348899624262,2.15378421900161,6.085614600107354,9.554482018250134,4.106280193236715,14.184111647879764,7.347020933977456,0.06709608158883522,40.41867954911433,2.314814814814815,0.3824476650563607,1.3821792807300053,,
95,12.050456253354804,1.9457863660762211,6.146001073537305,8.621846484165324,7.239667203435319,13.6406333870102,7.192699946323135,0.06709608158883522,39.472624798711756,2.006172839506173,0.2549651100375738,1.3620504562533549,,
96,12.526838432635534,1.9189479334406871,6.159420289855072,8.548040794417606,7.206119162640902,13.687600644122384,7.447665056360709,0.06709608158883522,38.801663982823406,1.9860440150295222,0.28180354267310787,1.3687600644122384,,
97,13.023349436392914,1.9860440150295222,6.139291465378422,8.420558239398819,7.098765432098766,13.533279656468062,7.575147611379496,0.06709608158883522,38.43263553408481,2.0665593129361244,0.28180354267310787,1.3754696725711217,,
98,13.264895330112722,1.8988191089640365,6.380837359098229,8.514492753623188,6.964573268921095,13.43263553408481,7.769726247987117,0.06709608158883522,37.76838432635534,2.147074610842727,0.28180354267310787,1.5096618357487923,,
99,13.331991411701557,1.8988191089640365,6.568706387546968,8.353462157809984,6.877348362855609,14.714170692431562,7.85024154589372,0.06709608158883522,36.40633387010199,2.120236178207193,0.2885131508319914,1.5096618357487923,0.013419216317767043,
100,13.654052603327965,1.892109500805153,6.407675791733762,8.3467525496511,6.8035426731078905,14.761137949543746,7.87037037037037,0.06709608158883522,36.231884057971016,2.01959205582394,0.3153515834675255,1.6170155662909287,0.013419216317767043,
101,13.499731615673644,1.865271068169619,6.387546967257112,8.333333333333334,6.602254428341385,15.921900161030596,7.682501341921632,0.06709608158883522,35.809178743961354,1.9592055823939882,0.3153515834675255,1.5432098765432098,0.013419216317767043,
102,13.674181427804616,1.865271068169619,6.367418142780462,8.675523349436393,6.360708534621578,15.754159957058508,8.07836822329576,0.06709608158883522,35.39318303811057,1.9189479334406871,0.3153515834675255,1.5163714439076759,0.013419216317767043,
103,13.714439076757918,1.778046162104133,6.380837359098229,8.507783145464305,7.50805152979066,15.318035426731079,8.923778851315083,0.06709608158883522,33.93048845947396,1.865271068169619,0.3153515834675255,1.6774020397208802,0.013419216317767043,
104,14.009661835748792,1.751207729468599,6.508319914117015,8.447396672034353,7.501341921631776,15.13016639828234,9.084809447128288,0.06709608158883522,33.561460010735374,1.865271068169619,0.3153515834675255,1.7444981213097155,0.013419216317767043,
105,14.237788513150832,1.751207729468599,6.655931293612453,8.373590982286634,8.68894256575416,14.626945786366075,9.07139023081052,0.0939345142243693,32.55501878690284,1.8317230273752012,0.2885131508319914,1.8115942028985508,0.013419216317767043,
106,14.231078904991948,1.7042404723564144,6.736446591519055,8.353462157809984,8.467525496511003,14.76784755770263,9.71551261406334,0.0939345142243693,32.09205582393988,1.7042404723564144,0.2683843263553409,1.8518518518518519,0.013419216317767043,
107,14.40552871712292,1.6975308641975309,9.037842190016104,8.293075684380032,8.387010198604402,14.626945786366075,9.567901234567902,0.0939345142243693,29.924852388620504,1.7042404723564144,0.30864197530864196,1.9390767579173376,0.013419216317767043,
108,14.794685990338165,1.6438539989264627,9.03113258185722,8.21256038647343,8.266237251744498,14.445786366076222,9.621578099838969,0.0939345142243693,29.78395061728395,1.932367149758454,0.2616747181964573,1.8786902844873858,0.013419216317767043,0.020128824476650563
109,15.210681696188942,1.6371443907675791,8.964036500268385,8.085077831454644,8.21256038647343,14.40552871712292,9.688674181427805,0.0939345142243693,29.51556629092861,1.9726247987117553,0.2616747181964573,1.9189479334406871,0.013419216317767043,0.020128824476650563
110,15.170424047235642,1.6371443907675791,9.03113258185722,8.091787439613526,8.145464304884594,14.331723027375201,11.694847020933977,0.0939345142243693,27.415458937198068,2.1940418679549114,0.2616747181964573,1.8988191089640365,0.013419216317767043,0.020128824476650563
111,15.391841116478798,1.6371443907675791,9.064680622651638,8.031400966183575,8.044820182501342,14.023081052066559,11.862587224906065,0.0939345142243693,27.200751476113794,2.3550724637681157,0.23483628556092323,2.0263016639828235,0.013419216317767043,0.020128824476650563
112,15.619967793880837,1.5901771336553945,8.836553945249598,10.466988727858293,7.9106280193236715,13.801663982823403,11.627750939345143,0.20799785292538917,25.228126677402038,2.4020397208803006,0.27509393451422437,1.9994632313472893,0.013419216317767043,0.020128824476650563
113,15.881642512077295,1.556629092860977,8.809715512614064,10.534084809447128,7.75630703166935,13.774825550187868,11.768652710681696,0.20799785292538917,25.067096081588836,2.3081052066559313,0.2683843263553409,1.9860440150295222,0.06038647342995169,0.020128824476650563
114,15.754159957058508,1.5432098765432098,8.735909822866345,10.916532474503489,7.575147611379496,12.754965110037574,11.238593666129898,0.18115942028985507,26.422436929683307,2.3483628556092326,0.36902844873859364,2.046430488459474,0.0939345142243693,0.020128824476650563
115,15.861513687600644,1.4358561460010735,8.722490606548577,10.72866344605475,7.474503488996243,13.553408480944713,11.198336017176597,0.18115942028985507,26.194310252281266,2.2208803005904456,0.4025764895330113,1.9122383252818036,0.0939345142243693,0.020128824476650563
116,16.029253891572733,1.4358561460010735,9.084809447128288,10.607890499194847,7.474503488996243,13.553408480944713,11.044015029522276,0.18115942028985507,25.905797101449274,2.2342995169082127,0.4025764895330113,1.8988191089640365,0.1274825550187869,0.020128824476650563
117,16.170155662909288,1.4358561460010735,9.03113258185722,10.547504025764896,7.427536231884058,13.707729468599034,11.117820719269995,0.15432098765432098,25.657541599570585,2.3081052066559313,0.4092860976918948,1.8853998926462694,0.1274825550187869,0.020128824476650563
118,16.150026838432634,1.4224369296833066,8.856682769726248,11.956521739130435,7.313472893183038,13.083735909822867,11.137949543746645,0.17444981213097155,25.11406333870102,2.3483628556092326,0.43612453032742887,1.8585614600107354,0.1274825550187869,0.020128824476650563
119,16.57944176060118,1.4090177133655395,8.829844337090714,11.714975845410628,7.300053676865271,12.969672571121846,11.044015029522276,0.1878690284487386,25.0402576489533,2.328234031132582,0.5434782608695652,1.90552871712292,0.1274825550187869,0.020128824476650563
120,16.53918411164788,1.4090177133655395,9.212292002147075,11.439881910896403,6.850509930220075,15.365002683843263,10.540794417606012,0.2147074610842727,23.483628556092324,2.281266774020397,0.5971551261406334,1.9189479334406871,0.1274825550187869,0.020128824476650563
121,16.552603327965645,1.4090177133655395,9.39345142243693,11.41304347826087,6.649221685453569,15.485775630703166,10.715244229736983,0.18115942028985507,23.2487922705314,2.2611379495437465,0.5971551261406334,1.9592055823939882,0.11406333870101985,0.020128824476650563
122,16.59286097691895,1.4090177133655395,9.5276435856146,11.574074074074074,6.615673644659152,16.304347826086957,9.836285560923242,0.19457863660762212,22.933440687063875,2.1806226516371443,0.5971551261406334,2.120236178207193,0.0939345142243693,0.020128824476650563
123,14.660493827160494,1.402308105206656,8.635265700483092,10.38647342995169,5.998389694041868,11.198336017176597,7.427536231884058,0.16774020397208803,36.04401502952228,1.6639828234031133,0.5703166935050993,1.778046162104133,0.04696725711218465,0.020128824476650563
124,14.915458937198068,1.3821792807300053,8.53462157809984,10.648148148148149,5.9447128287707995,11.057434245840042,7.561728395061729,0.2281266774020397,35.48040794417606,1.7646269457863661,0.5703166935050993,1.8183038110574343,0.07380568974771873,0.020128824476650563
125,15.297906602254429,1.3821792807300053,8.588298443370908,10.57434245840043,5.850778314546431,11.158078368223295,7.595276435856146,0.2281266774020397,35.09125067096082,1.778046162104133,0.5703166935050993,1.7914653784219001,0.07380568974771873,0.020128824476650563
126,15.727321524422974,1.3821792807300053,8.548040794417606,10.38647342995169,5.850778314546431,11.07085346215781,7.796564680622652,0.20128824476650564,34.72222222222222,1.7713365539452497,0.5703166935050993,1.8786902844873858,0.07380568974771873,0.020128824476650563
127,15.942028985507246,1.3821792807300053,8.722490606548577,10.21202361782072,5.736714975845411,11.003757380568974,8.05823939881911,0.20128824476650564,34.19216317767042,1.9122383252818036,0.6843800322061192,1.8585614600107354,0.07380568974771873,0.020128824476650563
128,16.17686527106817,1.3821792807300053,8.735909822866345,10.144927536231885,5.790391841116479,10.768921095008052,8.447396672034353,0.20128824476650564,33.8365539452496,1.892109500805153,0.6709608158883521,1.8585614600107354,0.07380568974771873,0.020128824476650563
129,16.61969940955448,1.3821792807300053,8.78287707997853,10.218733225979603,5.622651637144391,10.701825013419215,8.454106280193237,0.2214170692431562,33.44739667203435,1.9927536231884058,0.6709608158883521,1.7914653784219001,0.07380568974771873,0.020128824476650563
130,16.854535695115406,1.3821792807300053,8.917069243156199,10.131508319914117,5.555555555555555,10.681696188942565,8.548040794417606,0.2214170692431562,33.16559312936125,2.0128824476650564,0.6709608158883521,1.7646269457863661,0.07380568974771873,0.020128824476650563
131,15.901771336553946,1.3486312399355878,8.548040794417606,9.561191626409018,7.601986044015029,10.285829307568438,8.467525496511003,0.20799785292538917,33.44068706387547,2.120236178207193,0.6709608158883521,1.737788513150832,0.07380568974771873,0.03354804079441761
132,16.364734299516908,1.3486312399355878,8.494363929146537,9.420289855072463,7.555018786902845,10.23215244229737,8.756038647342995,0.20799785292538917,32.83682232957595,2.120236178207193,0.7447665056360708,1.8115942028985508,0.07380568974771873,0.03354804079441761
133,16.478797638217927,1.3352120236178207,8.454106280193237,9.621578099838969,7.62211486849168,10.21202361782072,8.675523349436393,0.20799785292538917,32.48792270531401,2.1068169618894257,0.8588298443370908,1.8518518518518519,0.07380568974771873,0.013419216317767043
134,16.109769189479334,1.3352120236178207,8.319914117015566,9.044551798174986,7.467793880837359,9.802737520128824,8.695652173913043,0.20799785292538917,34.31964573268921,2.033011272141707,0.8588298443370908,1.7176596886741815,0.07380568974771873,0.013419216317767043
135,16.33118625872249,1.3352120236178207,8.527911969940956,8.910359634997317,7.467793880837359,9.668545356951155,8.930488459473967,0.20799785292538917,34.01771336553945,2.01959205582394,0.8454106280193237,1.6505636070853462,0.07380568974771873,0.013419216317767043
136,16.6532474503489,1.3352120236178207,8.467525496511003,8.984165324745035,7.313472893183038,9.628287707997853,8.876811594202898,0.20799785292538917,33.87010198604401,2.046430488459474,0.8856682769726248,1.6706924315619969,0.04696725711218465,0.013419216317767043
137,16.968599033816425,1.3083735909822867,8.527911969940956,8.970746108427267,7.132313472893183,9.581320450885668,8.876811594202898,0.20799785292538917,33.61513687600644,2.200751476113795,0.8856682769726248,1.6639828234031133,0.04696725711218465,0.013419216317767043
138,16.445249597423512,1.3083735909822867,7.601986044015029,11.81561996779388,7.118894256575416,9.373322597960279,8.883521202361782,0.1878690284487386,32.50805152979066,2.1739130434782608,0.8588298443370908,1.6639828234031133,0.04696725711218465,0.013419216317767043
139,16.51905528717123,1.3016639828234031,7.615405260332796,11.83574879227053,7.098765432098766,9.386741814278047,8.984165324745035,0.20799785292538917,32.29334406870639,2.15378421900161,0.8856682769726248,1.6572732152442298,0.04696725711218465,0.013419216317767043
140,16.646537842190018,1.247987117552335,7.816693505099302,11.81561996779388,6.977992485238862,9.272678475577026,9.111647879763822,0.20799785292538917,32.058507783145465,2.200751476113795,0.9125067096081588,1.6706924315619969,0.04696725711218465,0.013419216317767043
141,16.76731078904992,1.247987117552335,7.937466451959206,12.795222758990874,6.769994632313473,9.245840042941492,9.272678475577026,0.1878690284487386,30.870907139023082,2.2611379495437465,0.9125067096081588,1.6706924315619969,0.04696725711218465,0.013419216317767043
142,16.982018250134193,1.2412775093934514,8.427267847557703,12.795222758990874,6.602254428341385,9.185453569511541,9.286097691894794,0.18115942028985507,30.407944176060116,2.3081052066559313,0.8789586688137413,1.6438539989264627,0.04696725711218465,0.013419216317767043
143,17.01556629092861,1.2412775093934514,8.507783145464305,12.969672571121846,6.635802469135802,9.118357487922705,9.29951690821256,0.18115942028985507,30.07246376811594,2.3349436392914655,0.8655394524959742,1.6975308641975309,0.04696725711218465,0.013419216317767043
144,17.216854535695116,1.2278582930756843,8.668813741277509,13.036768652710682,6.608964036500268,9.07139023081052,9.353193773483628,0.18115942028985507,29.70343531937735,2.301395598497048,0.8789586688137413,1.6908212560386473,0.04696725711218465,0.013419216317767043
145,17.330917874396135,1.2144390767579174,8.76274825550188,13.110574342458401,6.756575415995706,9.064680622651638,9.39345142243693,0.18115942028985507,29.24718196457327,2.2745571658615136,0.8789586688137413,1.724369296833065,0.04696725711218465,0.013419216317767043
146,17.579173376274827,1.2010198604401503,8.648684916800859,13.258185721953838,6.729736983360172,8.950617283950617,9.39345142243693,0.18115942028985507,29.05931293612453,2.2946859903381642,0.8789586688137413,1.7646269457863661,0.04696725711218465,0.013419216317767043
147,17.74020397208803,1.2010198604401503,8.675523349436393,13.258185721953838,6.702898550724638,8.84326355340848,9.574610842726784,0.18115942028985507,28.683574879227052,2.314814814814815,0.9460547504025765,1.8183038110574343,0.04696725711218465,0.013419216317767043
148,17.59259259259259,1.1943102522812667,8.608427267847558,13.20450885668277,6.642512077294686,10.071121846484166,8.997584541062801,0.16774020397208803,28.29441760601181,2.2946859903381642,0.9796027911969941,1.892109500805153,0.04696725711218465,0.013419216317767043
149,17.72007514761138,1.1808910359634996,8.849973161567364,13.09044551798175,6.769994632313473,9.997316156736447,8.977455716586151,0.24825550187869028,27.999194847020934,2.2745571658615136,0.9326355340848095,1.8988191089640365,0.04696725711218465,0.013419216317767043
150,18.00187869028449,1.133923778851315,8.849973161567364,13.137412775093935,6.743156199677939,9.970477724100913,9.01100375738057,0.24825550187869028,27.77777777777778,2.2208803005904456,0.9393451422436929,1.90552871712292,0.04696725711218465,0.013419216317767043
151,18.089103596349972,1.133923778851315,8.836553945249598,13.271604938271604,6.743156199677939,9.809447128287708,8.883521202361782,0.23483628556092323,27.58990874932904,2.428878153515835,0.9393451422436929,1.9793344068706387,0.04696725711218465,0.013419216317767043
152,17.780461621041333,1.1205045625335481,8.53462157809984,12.922705314009661,6.642512077294686,8.997584541062801,8.668813741277509,0.18115942028985507,30.099302200751477,2.301395598497048,0.9259259259259259,1.7646269457863661,0.04696725711218465,0.013419216317767043
153,17.72007514761138,1.1205045625335481,8.57487922705314,13.499731615673644,6.602254428341385,8.964036500268385,8.856682769726248,0.18115942028985507,29.166666666666668,2.4020397208803006,1.0064412238325282,1.8451422436929683,0.04696725711218465,0.013419216317767043
154,17.820719269994633,1.1003757380568975,8.910359634997317,13.33870101986044,6.595544820182502,8.80300590445518,9.245840042941492,0.18115942028985507,28.576221148684915,2.3550724637681157,1.0399892646269457,1.9726247987117553,0.04696725711218465,0.013419216317767043
155,17.51207729468599,1.0869565217391304,9.004294149221685,12.681159420289855,8.675523349436393,8.3467525496511,9.353193773483628,0.18115942028985507,27.643585614600106,2.475845410628019,1.0601180891035964,1.9189479334406871,0.04696725711218465,0.013419216317767043
156,17.901234567901234,1.0601180891035964,8.930488459473967,12.661030595813205,8.662104133118627,8.299785292538916,9.286097691894794,0.18115942028985507,27.536231884057973,2.4557165861513686,1.093666129898014,1.8719806763285025,0.04696725711218465,0.013419216317767043
157,18.136070853462158,1.0601180891035964,9.091519055287172,12.560386473429952,8.514492753623188,8.28636607622115,9.39345142243693,0.18115942028985507,27.254428341384862,2.5697799248523885,1.0601180891035964,1.8317230273752012,0.04696725711218465,0.013419216317767043
158,18.397745571658614,1.0601180891035964,9.27938808373591,12.553676865271068,8.507783145464305,8.199141170155663,9.27938808373591,0.18115942028985507,26.979334406870638,2.5496511003757383,1.0802469135802468,1.8719806763285025,0.04696725711218465,0.013419216317767043
159,18.780193236714975,1.0534084809447128,9.39345142243693,12.453032742887816,8.454106280193237,8.199141170155663,9.245840042941492,0.18115942028985507,26.818303811057433,2.5026838432635534,1.06682769726248,1.7914653784219001,0.04696725711218465,0.013419216317767043
160,18.813741277509394,1.0534084809447128,9.339774557165862,12.526838432635534,8.380300590445518,8.179012345679013,9.178743961352657,0.18115942028985507,26.717659688674182,2.6704240472356413,1.107085346215781,1.7914653784219001,0.04696725711218465,0.013419216317767043
161,18.391035963499732,0.8521202361782072,9.219001610305957,12.47987117552335,9.789318303811058,8.105206655931294,9.158615136876007,0.18115942028985507,26.25469672571122,2.6704240472356413,1.06682769726248,1.7713365539452497,0.04696725711218465,0.013419216317767043
162,18.659420289855074,0.8521202361782072,9.272678475577026,12.412775093934513,9.73564143853999,8.051529790660226,9.125067096081589,0.20128824476650564,26.100375738056897,2.6704240472356413,1.093666129898014,1.7646269457863661,0.04696725711218465,0.013419216317767043
163,18.95464304884595,0.8521202361782072,9.27938808373591,12.432903918411165,9.762479871175524,8.017981749865807,9.098228663446054,0.20128824476650564,25.89908749329039,2.6435856146001075,1.0735373054213635,1.724369296833065,0.04696725711218465,0.013419216317767043
164,19.189479334406872,0.8521202361782072,9.198872785829307,12.31213097155126,9.802737520128824,7.98443370907139,9.118357487922705,0.1878690284487386,25.738056897477186,2.757648953301127,1.0735373054213635,1.724369296833065,0.04696725711218465,0.013419216317767043
165,19.390767579173378,0.8252818035426731,9.359903381642512,12.171229200214707,9.681964573268921,8.085077831454644,9.225711218464841,0.1878690284487386,25.44283413848631,2.818035426731079,1.0735373054213635,1.6908212560386473,0.03354804079441761,0.013419216317767043
166,19.578636607622116,0.8252818035426731,9.339774557165862,12.278582930756844,9.695383789586689,8.038110574342458,9.440418679549115,0.20128824476650564,25.033548040794418,2.8113258185721954,1.0534084809447128,1.6572732152442298,0.03354804079441761,0.013419216317767043
167,19.79334406870639,0.8252818035426731,9.433709071390231,12.104133118625873,9.554482018250134,8.09849704777241,9.4873859366613,0.20128824476650564,24.84567901234568,2.791196994095545,1.0332796564680622,1.7847557702630166,0.03354804079441761,0.013419216317767043
168,20.075147611379496,0.8252818035426731,9.46725711218465,12.070585077831455,9.4873859366613,8.031400966183575,9.447128287707997,0.20128824476650564,24.758454106280194,2.791196994095545,1.0332796564680622,1.7646269457863661,0.03354804079441761,0.013419216317767043
169,19.98792270531401,0.8252818035426731,9.219001610305957,12.050456253354804,9.31964573268921,7.615405260332796,9.346484165324744,0.19457863660762212,26.073537305421365,2.7777777777777777,0.9930220075147611,1.5499194847020934,0.03354804079441761,0.013419216317767043
