,45,50,51,55,52,53,56,54,58,57
0,99.87251744498121,0.1274825550187869,,,,,,,,
1,78.3749329039184,21.497584541062803,0.1274825550187869,,,,,,,
2,78.34138486312399,20.913848631239937,0.1274825550187869,0.6172839506172839,,,,,,
3,78.455448201825,20.799785292538918,0.1274825550187869,0.6172839506172839,,,,,,
4,56.07890499194847,42.47852925389157,,0.6172839506172839,0.8252818035426731,,,,,
5,53.535963499731615,41.48550724637681,3.556092324208266,0.5971551261406334,0.8252818035426731,,,,,
6,53.676865271068166,41.34460547504026,3.556092324208266,0.5971551261406334,0.8252818035426731,,,,,
7,53.95195920558239,41.06951154052604,3.556092324208266,0.5971551261406334,0.8252818035426731,,,,,
8,53.91170155662909,40.85480407944176,3.6231884057971016,0.785024154589372,0.8252818035426731,,,,,
9,53.52254428341385,41.243961352657,3.6231884057971016,0.785024154589372,0.8252818035426731,,,,,
10,53.743961352657,40.92860976918948,3.6231884057971016,0.8789586688137413,0.8252818035426731,,,,,
11,53.98550724637681,40.55958132045089,3.6231884057971016,1.0064412238325282,0.8252818035426731,,,,,
12,53.898282340311326,40.17713365539453,3.6231884057971016,1.0064412238325282,0.8252818035426731,0.46967257112184646,,,,
13,46.90016103059581,25.845410628019323,23.295759527643586,2.6637144390767578,0.8252818035426731,0.46967257112184646,,,,
14,47.38996242619431,25.771604938271604,22.886473429951693,2.657004830917874,0.8252818035426731,0.46967257112184646,,,,
15,47.61808910359635,25.704508856682768,18.38432635534085,2.657004830917874,0.8252818035426731,0.46967257112184646,4.341116478797638,,,
16,47.47047772410091,25.731347289318304,18.357487922705314,2.6301663982823404,0.7179280730005367,0.46967257112184646,4.314278046162104,0.30864197530864196,,
17,47.819377348362856,25.489801395598498,18.169618894256576,2.737520128824477,0.6910896403650026,0.46967257112184646,4.314278046162104,0.30864197530864196,,
18,48.007246376811594,25.37573805689748,17.807300053676865,2.7308105206655933,0.6910896403650026,0.46967257112184646,4.609500805152979,0.30864197530864196,,
19,47.38996242619431,24.785292538915726,13.553408480944713,2.7308105206655933,7.997852925389157,0.46967257112184646,2.771068169618894,0.30193236714975846,,
20,47.57112184648417,24.248523886205046,10.030864197530864,3.099838969404187,7.635534084809447,0.46967257112184646,2.2745571658615136,4.669887278582931,,
21,47.638217928073,23.752012882447666,10.520665593129362,3.0864197530864197,7.595276435856146,0.46967257112184646,2.2745571658615136,4.663177670424047,,
22,47.537573805689746,21.967257112184647,10.185185185185185,3.0864197530864197,7.4006977992485234,0.46967257112184646,2.24771873322598,7.105475040257649,,
23,42.56575415995706,31.76328502415459,2.9723564143853998,2.7509393451422435,16.438539989264626,0.46967257112184646,0.2549651100375738,2.6301663982823404,0.15432098765432098,
24,34.39345142243693,38.35882984433709,4.3478260869565215,2.690552871712292,16.391572732152444,0.46296296296296297,0.2549651100375738,2.945517981749866,0.15432098765432098,
25,34.6081588835212,38.0703166935051,4.3478260869565215,2.690552871712292,16.586151368760063,0.3421900161030596,0.2549651100375738,2.945517981749866,0.15432098765432098,
26,34.64170692431562,38.21121846484165,4.320987654320987,2.690552871712292,16.438539989264626,0.3421900161030596,0.2549651100375738,2.945517981749866,0.15432098765432098,
27,34.534353193773484,38.35882984433709,4.320987654320987,2.690552871712292,15.814546430488459,0.3421900161030596,0.2549651100375738,2.945517981749866,0.15432098765432098,0.5837359098228664
28,35.05099302200752,37.9092860976919,4.320987654320987,2.690552871712292,15.747450348899624,0.3421900161030596,0.2549651100375738,2.945517981749866,0.15432098765432098,0.5837359098228664
29,35.16505636070853,37.6207729468599,4.213633923778851,2.918679549114332,14.31159420289855,0.3421900161030596,0.2549651100375738,4.455179817498658,0.15432098765432098,0.5636070853462157
30,34.92351046698873,35.79575952764358,3.717122920021471,2.804616210413312,13.130703166935051,0.30864197530864196,0.6910896403650026,7.823403113258186,0.15432098765432098,0.6508319914117016
31,35.08454106280193,35.809178743961354,3.717122920021471,2.804616210413312,13.030059044551798,0.30864197530864196,0.6910896403650026,7.749597423510467,0.15432098765432098,0.6508319914117016
32,35.487117552334944,35.628019323671495,3.717122920021471,2.804616210413312,12.781803542673108,0.4092860976918948,0.6910896403650026,7.689210950080516,0.15432098765432098,0.6374127750939346
33,35.69511540526033,35.57434245840043,3.717122920021471,2.804616210413312,12.600644122383253,0.4092860976918948,0.8722490606548577,7.62211486849168,0.15432098765432098,0.5501878690284487
34,36.07085346215781,35.46027911969941,3.6902844873859366,2.7777777777777777,12.4597423510467,0.4092860976918948,0.8722490606548577,7.555018786902845,0.15432098765432098,0.5501878690284487
35,35.05099302200752,33.76945786366076,3.6902844873859366,2.7509393451422435,15.257648953301127,0.4092860976918948,0.8722490606548577,7.494632313472893,0.15432098765432098,0.5501878690284487
36,33.071658615136876,35.89640365002684,3.6768652710681695,2.7106816961889426,15.190552871712292,0.3824476650563607,0.8722490606548577,7.494632313472893,0.15432098765432098,0.5501878690284487
37,31.112453032742888,37.553676865271065,3.844605475040258,2.8918411164787976,15.143585614600108,0.3824476650563607,0.8722490606548577,7.494632313472893,0.15432098765432098,0.5501878690284487
38,31.5955448201825,37.17793880837359,3.844605475040258,3.046162104133119,14.935587761674718,0.3824476650563607,0.8722490606548577,7.440955448201825,0.15432098765432098,0.5501878690284487
39,31.816961889425656,35.46698872785829,3.844605475040258,2.9253891572732154,16.57944176060118,0.3824476650563607,0.8722490606548577,7.407407407407407,0.15432098765432098,0.5501878690284487
40,32.01154052603328,35.32608695652174,3.797638217928073,2.9253891572732154,16.512345679012345,0.3824476650563607,1.0198604401502953,7.320182501341922,0.15432098765432098,0.5501878690284487
41,30.495169082125603,34.45383789586688,6.327160493827161,2.9253891572732154,16.472088030059044,0.3824476650563607,1.0198604401502953,7.286634460547504,0.15432098765432098,0.4830917874396135
42,30.683038110574344,34.05797101449275,6.3137412775093935,3.0864197530864197,16.445249597423512,0.3824476650563607,1.0198604401502953,7.37385936661299,0.15432098765432098,0.4830917874396135
43,31.052066559312937,33.95061728395062,6.213097155126141,3.0595813204508855,16.384863123993558,0.3824476650563607,1.0064412238325282,7.313472893183038,0.15432098765432098,0.4830917874396135
44,31.186258722490606,34.044551798174986,6.159420289855072,3.0595813204508855,16.210413311862588,0.3824476650563607,1.0064412238325282,7.313472893183038,0.15432098765432098,0.4830917874396135
45,30.414653784219002,31.655931293612454,7.695920558239399,3.0595813204508855,15.995705850778315,0.3824476650563607,0.7581857219538379,9.400161030595813,0.15432098765432098,0.4830917874396135
46,30.971551261406333,31.50161030595813,7.689210950080516,3.099838969404187,15.995705850778315,0.3824476650563607,0.7581857219538379,8.695652173913043,0.15432098765432098,0.7514761137949544
47,30.421363392377884,31.28690284487386,7.669082125603865,3.0864197530864197,15.94873859366613,1.5230810520665594,0.7380568974771873,8.420558239398819,0.15432098765432098,0.7514761137949544
48,30.629361245303276,31.186258722490606,7.6556629092860975,3.0730005367686526,15.901771336553946,1.5230810520665594,0.7179280730005367,8.413848631239935,0.15432098765432098,0.7447665056360708
49,30.991680085882983,31.125872249060656,7.575147611379496,3.026033279656468,15.754159957058508,1.5230810520665594,0.7179280730005367,8.387010198604402,0.15432098765432098,0.7447665056360708
50,31.260064412238325,30.9849704777241,7.286634460547504,2.999194847020934,16.015834675254965,1.2412775093934514,0.966183574879227,8.387010198604402,0.15432098765432098,0.7045088566827697
51,31.28690284487386,30.750134192163177,7.27992485238862,3.2474503488996245,16.015834675254965,1.2412775093934514,0.966183574879227,8.373590982286634,0.15432098765432098,0.6843800322061192
52,30.938003220611915,30.67632850241546,7.25979602791197,3.2474503488996245,16.458668813741276,1.2412775093934514,0.966183574879227,8.373590982286634,0.15432098765432098,0.6843800322061192
53,31.414385399892645,30.159688674181428,7.25979602791197,3.2474503488996245,17.404723564143854,1.2412775093934514,0.966183574879227,7.595276435856146,0.15432098765432098,0.5568974771873323
54,31.528448738593667,29.542404723564143,8.07836822329576,3.2340311325818574,17.09608158883521,0.8454106280193237,1.06682769726248,7.897208803005904,0.15432098765432098,0.5568974771873323
55,31.21309715512614,28.61647879763822,8.246108427267847,2.2074610842726785,17.04911433172303,3.374932903918411,1.06682769726248,7.514761137949543,0.15432098765432098,0.5568974771873323
56,31.85721953837896,28.29441760601181,8.085077831454644,2.1806226516371443,16.914922168545356,3.374932903918411,1.06682769726248,7.514761137949543,0.15432098765432098,0.5568974771873323
57,32.058507783145465,27.905260332796566,8.064949006977992,2.368491680085883,16.854535695115406,2.952227589908749,1.0466988727858293,8.038110574342458,0.15432098765432098,0.5568974771873323
58,32.2061191626409,27.435587761674718,8.064949006977992,2.4490069779924855,16.80756843800322,2.932098765432099,1.0466988727858293,8.3467525496511,0.15432098765432098,0.5568974771873323
59,30.17981749865808,29.374664519592056,10.393183038110575,2.4490069779924855,15.727321524422974,3.3279656468062266,0.9192163177670424,6.91760601180891,0.15432098765432098,0.5568974771873323
60,26.221148684916802,33.82984433709071,10.198604401502953,2.4355877616747184,14.65378421900161,3.717122920021471,1.0466988727858293,7.199409554482019,0.14090177133655393,0.5568974771873323
61,26.38888888888889,33.7157809983897,10.171765968867419,2.7106816961889426,14.264626945786366,3.824476650563607,1.0466988727858293,7.179280730005368,0.14090177133655393,0.5568974771873323
62,26.556629092860977,33.44068706387547,10.0979602791197,2.6435856146001075,14.204240472356414,3.824476650563607,1.0466988727858293,7.48792270531401,0.14090177133655393,0.5568974771873323
63,26.56333870101986,33.3870101986044,10.084541062801932,2.6435856146001075,14.13714439076758,3.824476650563607,1.0466988727858293,7.615405260332796,0.14090177133655393,0.5568974771873323
64,26.939076757917338,32.789855072463766,10.071121846484166,2.9790660225442833,14.056629092860977,3.824476650563607,1.0466988727858293,7.595276435856146,0.14090177133655393,0.5568974771873323
65,27.17391304347826,28.71712292002147,10.037573805689748,2.623456790123457,18.4447128287708,3.770799785292539,1.0466988727858293,7.48792270531401,0.14090177133655393,0.5568974771873323
66,27.274557165861513,28.455448201825014,7.843531937734836,2.8247450348899625,20.685721953837895,3.750670960815888,1.0399892646269457,7.427536231884058,0.14090177133655393,0.5568974771873323
67,27.536231884057973,28.381642512077295,7.7831454643048845,2.8247450348899625,20.618625872249062,3.743961352657005,1.0399892646269457,7.380568974771873,0.14090177133655393,0.5501878690284487
68,27.791196994095547,28.08641975308642,7.7831454643048845,3.0193236714975846,20.43075684380032,3.717122920021471,1.0399892646269457,7.340311325818572,0.14090177133655393,0.6508319914117016
69,27.82474503488996,27.643585614600106,7.541599570585078,4.032474503488996,19.89398819108964,3.717122920021471,1.247987117552335,7.306763285024155,0.14090177133655393,0.6508319914117016
70,27.965646806226516,26.596886741814277,7.4208266237251745,3.8043478260869565,19.685990338164252,5.2066559312936125,1.247987117552335,7.27992485238862,0.14090177133655393,0.6508319914117016
71,27.811325818572197,26.50295222758991,7.380568974771873,4.159957058507783,19.028448738593667,5.186527106816962,1.9122383252818036,7.25979602791197,0.14090177133655393,0.6172839506172839
72,28.06629092860977,26.402308105206657,7.27992485238862,4.341116478797638,19.102254428341386,5.119431025228127,1.892109500805153,7.058507783145465,0.14090177133655393,0.5971551261406334
73,28.25415995705851,26.27482555018787,7.239667203435319,4.408212560386473,19.07541599570585,5.059044551798175,1.892109500805153,7.058507783145465,0.14090177133655393,0.5971551261406334
74,28.61647879763822,26.187600644122384,7.212828770799785,4.361245303274289,19.02173913043478,5.052334943639291,1.892109500805153,7.024959742351046,0.14090177133655393,0.48980139559849706
75,28.99892646269458,25.355609232420825,7.206119162640902,5.213365539452496,18.84728931830381,5.032206119162641,1.7310789049919484,6.991411701556629,0.14090177133655393,0.4830917874396135
76,29.186795491143318,25.47638217928073,7.1725711218464845,5.173107890499195,17.659688674181428,5.01207729468599,1.570048309178744,8.172302737520129,0.14090177133655393,0.43612453032742887
77,27.985775630703166,28.670155662909288,5.293880837359098,5.132850241545894,19.524959742351047,3.2742887815351582,1.570048309178744,7.971014492753623,0.14090177133655393,0.43612453032742887
78,28.529253891572733,28.401771336553946,5.280461621041331,5.112721417069243,19.464573268921097,3.1870638754696725,1.570048309178744,7.890499194847021,0.1274825550187869,0.43612453032742887
79,28.884863123993558,28.247450348899623,5.24020397208803,4.99194847020934,19.444444444444443,3.1870638754696725,1.570048309178744,7.890499194847021,0.1274825550187869,0.41599570585077833
80,28.951959205582394,28.012614063338702,5.24020397208803,4.978529253891573,20.42404723564144,3.1468062265163717,1.570048309178744,7.132313472893183,0.1274825550187869,0.41599570585077833
81,29.643048845947398,27.76435856146001,5.24020397208803,4.9718196457326895,19.96779388083736,3.0931293612453032,1.6706924315619969,7.105475040257649,0.1274825550187869,0.41599570585077833
82,28.75738056897477,26.281535158346752,5.10601180891036,4.012345679012346,21.71900161030596,4.676596886741814,1.8048845947396672,7.098765432098766,0.1274825550187869,0.41599570585077833
83,28.804347826086957,26.31508319914117,5.10601180891036,3.9989264626945786,21.658615136876005,4.5893719806763285,1.8853998926462694,7.098765432098766,0.1274825550187869,0.41599570585077833
84,29.294149221685455,26.147342995169083,5.10601180891036,3.9855072463768115,21.524422973698336,4.5893719806763285,1.8384326355340848,7.071926999463232,0.1274825550187869,0.3153515834675255
85,29.56924315619968,25.91921631776704,5.10601180891036,3.978797638217928,21.349973161567366,4.502147074610843,1.8384326355340848,7.2933440687063875,0.1274825550187869,0.3153515834675255
86,29.918142780461622,25.717928073000536,4.99194847020934,4.079441760601181,21.048040794417606,4.394793344068707,2.1806226516371443,7.226247987117552,0.1274825550187869,0.3153515834675255
87,27.616747181964573,24.16129898013956,12.86231884057971,3.9586688137412773,18.5654857756307,4.072732152442297,1.5633387010198605,6.756575415995706,0.1274825550187869,0.3153515834675255
88,28.012614063338702,24.08078368223296,12.788513150831992,3.9318303811057436,18.511808910359633,3.9519592055823938,1.556629092860977,6.723027375201288,0.1274825550187869,0.3153515834675255
89,28.14680622651637,22.953569511540525,12.439613526570048,3.911701556629093,20.209339774557165,3.7104133118625873,1.5499194847020934,6.635802469135802,0.1274825550187869,0.3153515834675255
90,28.502415458937197,20.725979602791195,12.385936661298981,3.9049919484702094,19.981213097155127,5.904455179817498,1.5499194847020934,6.602254428341385,0.1274825550187869,0.3153515834675255
91,28.817767042404725,20.679012345679013,12.258454106280194,3.8043478260869565,19.867149758454108,6.038647342995169,1.4895330112721417,6.602254428341385,0.1274825550187869,0.3153515834675255
92,29.07944176060118,20.625335480407944,13.177670424047236,3.7775093934514223,18.69296833064949,5.971551261406334,1.724369296833065,6.508319914117015,0.1274825550187869,0.3153515834675255
93,29.448470209339774,20.42404723564144,13.097155126140633,3.7775093934514223,18.632581857219538,5.964841653247451,1.724369296833065,6.488191089640365,0.1274825550187869,0.3153515834675255
94,29.542404723564143,20.41062801932367,13.036768652710682,3.8378958668813743,18.55877616747182,5.958132045088567,1.724369296833065,6.488191089640365,0.1274825550187869,0.3153515834675255
95,29.381374127750938,19.712828770799785,13.003220611916264,3.92512077294686,18.391035963499732,5.770263016639828,1.7176596886741815,7.6556629092860975,0.1274825550187869,0.3153515834675255
96,29.676596886741816,19.410896403650028,12.922705314009661,3.9989264626945786,18.256843800322063,5.763553408480945,1.6304347826086956,7.917337627482555,0.10735373054213634,0.3153515834675255
97,28.951959205582394,17.60601180891036,12.922705314009661,3.8580246913580245,18.16290928609769,5.508588298443371,1.6304347826086956,10.93666129898014,0.10735373054213634,0.3153515834675255
98,29.139828234031132,17.619431025228128,12.855609232420827,3.824476650563607,18.14278046162104,5.508588298443371,1.5499194847020934,10.93666129898014,0.10735373054213634,0.3153515834675255
99,29.408212560386474,17.559044551798173,12.815351583467525,3.8177670424047236,18.06226516371444,5.495169082125604,1.5432098765432098,10.876274825550189,0.10735373054213634,0.3153515834675255
100,29.58937198067633,17.485238862050455,12.754965110037574,3.8177670424047236,17.907944176060116,5.60252281266774,1.5432098765432098,10.876274825550189,0.10735373054213634,0.3153515834675255
101,29.797369833601717,17.45169082125604,12.72812667740204,3.8177670424047236,17.8743961352657,5.60252281266774,1.5230810520665594,10.782340311325818,0.10735373054213634,0.3153515834675255
102,29.55582393988191,16.31105743424584,12.72812667740204,3.8177670424047236,19.55179817498658,5.495169082125604,1.5230810520665594,10.59447128287708,0.10735373054213634,0.3153515834675255
103,29.8040794417606,16.14331723027375,12.72812667740204,3.992216854535695,19.410896403650028,5.387815351583468,1.4626945786366077,10.540794417606012,0.2147074610842727,0.3153515834675255
104,30.280461621041333,15.98899624261943,12.694578636607622,3.9855072463768115,19.209608158883523,5.374396135265701,1.6438539989264627,10.292538915727322,0.2147074610842727,0.3153515834675255
105,30.42807300053677,15.982286634460548,12.694578636607622,3.9855072463768115,19.068706387546968,5.374396135265701,1.6438539989264627,10.292538915727322,0.2147074610842727,0.3153515834675255
106,30.756843800322063,15.881642512077295,12.68786902844874,3.9855072463768115,18.927804616210413,5.320719269994632,1.6371443907675791,10.272410091250672,0.2147074610842727,0.3153515834675255
107,30.97826086956522,15.83467525496511,12.634192163177671,3.9586688137412773,18.874127750939344,5.320719269994632,1.6371443907675791,10.23215244229737,0.2147074610842727,0.3153515834675255
108,31.09903381642512,16.089640365002683,12.634192163177671,3.9184111647879765,18.592324208266238,5.287171229200215,1.583467525496511,10.124798711755233,0.2147074610842727,0.4562533548040794
109,31.387546967257112,16.002415458937197,12.620772946859903,4.032474503488996,18.511808910359633,5.287171229200215,1.583467525496511,9.943639291465379,0.2147074610842727,0.41599570585077833
110,31.66935050993022,15.975577026301664,12.580515297906603,4.032474503488996,18.337359098228664,5.260332796564681,1.570048309178744,9.943639291465379,0.2147074610842727,0.41599570585077833
111,31.87734836285561,15.28448738593666,12.379227053140097,4.904723564143854,18.183038110574344,5.226784755770263,1.6841116478797638,9.829575952764358,0.2147074610842727,0.41599570585077833
112,32.15915190552872,15.250939345142244,12.305421363392378,4.998658078368224,18.02200751476114,5.186527106816962,1.8115942028985508,9.634997316156737,0.2147074610842727,0.41599570585077833
113,28.307836822329577,12.4597423510467,25.201288244766506,2.9723564143853998,15.546162104133119,6.367418142780462,1.2949543746645196,7.320182501341922,0.2147074610842727,0.3153515834675255
114,28.83118625872249,12.365807836822329,25.09393451422437,2.9723564143853998,15.378421900161031,6.260064412238325,1.2949543746645196,7.273215244229737,0.2147074610842727,0.3153515834675255
115,24.48336017176597,27.623456790123456,23.93317230273752,1.9592055823939882,10.205314009661835,5.213365539452496,0.9326355340848095,5.4616210413311865,0.10735373054213634,0.08051529790660225
116,24.698067632850243,27.556360708534623,23.805689747718734,1.90552871712292,10.165056360708535,5.119431025228127,0.9192163177670424,5.642780461621041,0.10735373054213634,0.08051529790660225
117,25.09393451422437,27.536231884057973,23.557434245840042,1.8786902844873858,10.124798711755233,5.059044551798175,0.9192163177670424,5.642780461621041,0.10735373054213634,0.08051529790660225
118,25.369028448738593,27.482555018786904,23.49704777241009,1.8786902844873858,10.0979602791197,4.944981213097155,0.9057971014492754,5.636070853462158,0.10735373054213634,0.08051529790660225
119,24.765163714439076,27.375201288244767,24.3894256575416,1.8786902844873858,10.044283413848632,4.944981213097155,0.9057971014492754,5.508588298443371,0.10735373054213634,0.08051529790660225
120,24.322329575952764,27.200751476113794,24.214975845410628,1.8585614600107354,10.943370907139023,4.931561996779388,0.8990874932903918,5.4549114331723025,0.0939345142243693,0.08051529790660225
121,24.537037037037038,27.200751476113794,24.154589371980677,1.8317230273752012,10.929951690821255,4.8443370907139025,0.8990874932903918,5.428073000536768,0.0939345142243693,0.08051529790660225
122,25.0402576489533,27.066559312936125,23.839237788513152,1.7646269457863661,10.802469135802468,4.810789049919484,1.1003757380568975,5.401234567901234,0.0939345142243693,0.08051529790660225
123,24.114331723027377,28.059581320450885,23.483628556092324,1.7646269457863661,10.768921095008052,4.810789049919484,1.4224369296833066,5.401234567901234,0.0939345142243693,0.08051529790660225
124,24.382716049382715,27.958937198067634,23.2085346215781,1.7646269457863661,10.695115405260333,4.810789049919484,1.596886741814278,5.340848094471283,0.1610305958132045,0.08051529790660225
125,24.63768115942029,27.750939345142243,23.2085346215781,1.7646269457863661,10.681696188942565,4.804079441760601,1.583467525496511,5.3274288781535155,0.1610305958132045,0.08051529790660225
126,24.798711755233494,27.093397745571657,23.067632850241544,2.3349436392914655,10.63472893183038,4.804079441760601,1.583467525496511,5.441492216854535,0.1610305958132045,0.08051529790660225
127,24.879227053140095,26.241277509393452,22.685185185185187,2.301395598497048,11.996779388083736,4.770531400966184,1.583467525496511,5.340848094471283,0.12077294685990338,0.08051529790660225
128,24.93961352657005,26.1808910359635,22.423510466988727,2.301395598497048,11.876006441223833,4.770531400966184,1.8518518518518519,5.3341384863123995,0.12077294685990338,0.20128824476650564
129,25.02012882447665,26.093666129898015,22.383252818035427,2.5831991411701556,11.728395061728396,4.703435319377348,1.8518518518518519,5.314009661835748,0.12077294685990338,0.20128824476650564
130,25.43612453032743,25.939345142243692,22.302737520128826,2.5295222758990876,11.66129898013956,4.663177670424047,1.8384326355340848,5.307300053676865,0.12077294685990338,0.20128824476650564
131,25.63070316693505,25.825281803542673,22.19538378958669,2.522812667740204,11.600912506709609,4.656468062265164,1.8115942028985508,5.434782608695652,0.12077294685990338,0.20128824476650564
132,25.785024154589372,25.617283950617285,22.007514761137948,2.9052603327965647,11.493558776167472,4.656468062265164,1.8115942028985508,5.401234567901234,0.12077294685990338,0.20128824476650564
133,26.362050456253353,25.43612453032743,21.329844337090712,3.4286097691894795,11.453301127214171,4.53569511540526,1.7914653784219001,5.340848094471283,0.12077294685990338,0.20128824476650564
134,26.516371443907676,25.234836285560924,21.450617283950617,3.4286097691894795,11.379495437466453,4.562533548040794,1.7914653784219001,5.314009661835748,0.12077294685990338,0.20128824476650564
135,26.630434782608695,25.09393451422437,21.40365002683843,3.3682232957595275,11.20504562533548,4.562533548040794,1.7914653784219001,5.622651637144391,0.12077294685990338,0.20128824476650564
136,26.8719806763285,25.013419216317768,21.35668276972625,3.3413848631239937,11.178207192699947,4.508856682769726,1.7914653784219001,5.615942028985507,0.12077294685990338,0.20128824476650564
137,26.986044015029524,24.966451959205582,21.182232957595275,3.670155662909286,11.023886205045626,4.508856682769726,1.7713365539452497,5.58239398819109,0.12077294685990338,0.1878690284487386
138,27.30810520665593,24.718196457326894,21.14868491680086,3.670155662909286,11.010466988727858,4.49543746645196,1.7713365539452497,5.5689747718733225,0.12077294685990338,0.1878690284487386
139,27.623456790123456,24.349168008588297,21.095008051529792,3.92512077294686,10.782340311325818,4.49543746645196,1.90552871712292,5.515297906602254,0.12077294685990338,0.1878690284487386
140,27.82474503488996,24.12104133118626,20.913848631239937,3.8915727321524423,10.748792270531402,4.468599033816425,1.8853998926462694,5.837359098228664,0.12077294685990338,0.1878690284487386
141,28.133387010198604,23.906333870101985,20.873590982286636,3.8580246913580245,10.72866344605475,4.703435319377348,1.8853998926462694,5.60252281266774,0.12077294685990338,0.1878690284487386
142,28.287707997852927,23.72517444981213,20.779656468062264,3.844605475040258,10.701825013419215,4.703435319377348,1.8853998926462694,5.763553408480945,0.12077294685990338,0.1878690284487386
143,28.133387010198604,24.013687600644122,20.69243156199678,3.844605475040258,10.63472893183038,4.609500805152979,1.8585614600107354,5.904455179817498,0.12077294685990338,0.1878690284487386
144,28.30112721417069,23.91304347826087,20.658883521202362,3.844605475040258,10.601180891035963,4.609500805152979,1.8585614600107354,5.904455179817498,0.12077294685990338,0.1878690284487386
145,24.63768115942029,22.745571658615138,28.824476650563607,3.8848631239935587,8.964036500268385,3.717122920021471,1.7579173376274826,5.280461621041331,,0.1878690284487386
146,24.36929683306495,19.672571121846484,28.5426731078905,3.8848631239935587,12.406065485775631,3.7037037037037037,1.892109500805153,5.340848094471283,,0.1878690284487386
147,24.94632313472893,19.102254428341386,28.267579173376276,3.8311862587224907,12.392646269457863,4.394793344068707,2.1068169618894257,4.770531400966184,,0.1878690284487386
148,25.181159420289855,19.102254428341386,28.18035426731079,3.81105743424584,12.29200214707461,4.3545356951154055,2.0933977455716586,4.797369833601718,,0.1878690284487386
149,25.489801395598498,18.96135265700483,28.113258185721953,3.7238325281803544,12.104133118625873,4.320987654320987,2.0933977455716586,4.790660225442834,,0.4025764895330113
150,25.623993558776167,18.773483628556093,27.945517981749866,4.086151368760064,12.070585077831455,4.320987654320987,2.0933977455716586,4.683306494900698,,0.4025764895330113
151,25.986312399355878,18.075684380032207,27.831454643048847,4.166666666666667,12.466451959205582,4.320987654320987,2.0799785292538915,4.669887278582931,,0.4025764895330113
152,26.41572732152442,17.894524959742352,27.697262479871174,4.139828234031133,12.379227053140097,4.320987654320987,2.0799785292538915,4.669887278582931,,0.4025764895330113
153,26.684111647879764,17.518786902844873,27.542941492216855,4.49543746645196,12.31213097155126,4.314278046162104,2.0799785292538915,4.669887278582931,,0.3824476650563607
154,26.006441223832528,17.64626945786366,29.857756307031668,4.488727858293076,11.2788513150832,4.314278046162104,2.073268921095008,3.784219001610306,,0.5501878690284487
155,26.462694578636608,17.56575415995706,29.57595276435856,4.435050993022007,11.18491680085883,4.26731078904992,2.187332259796028,3.770799785292539,,0.5501878690284487
156,26.81159420289855,17.398013955984972,29.401502952227588,4.435050993022007,11.20504562533548,4.240472356414386,2.187332259796028,3.770799785292539,,0.5501878690284487
157,22.5577026301664,16.358024691358025,39.80810520665593,4.240472356414386,9.05126140633387,3.717122920021471,1.7310789049919484,2.281266774020397,,0.2549651100375738
158,22.463768115942027,15.646806226516372,37.11084272678475,4.300858829844337,12.439613526570048,3.8311862587224907,1.6706924315619969,2.281266774020397,,0.2549651100375738
159,22.745571658615138,15.60654857756307,36.963231347289316,4.294149221685454,12.412775093934513,3.81105743424584,1.6438539989264627,2.26784755770263,,0.2549651100375738
160,22.450348899624263,15.438808373590982,36.882716049382715,4.461889425657541,12.620772946859903,3.978797638217928,1.6438539989264627,2.26784755770263,,0.2549651100375738
161,22.517444981213096,15.5126140633387,36.78878153515835,4.461889425657541,12.620772946859903,3.9519592055823938,1.6237251744498122,2.26784755770263,,0.2549651100375738
162,22.79253891572732,15.291196994095545,36.66129898013956,4.582662372517445,12.614063338701019,3.9318303811057436,1.6237251744498122,2.24771873322598,,0.2549651100375738
163,22.852925389157274,14.80810520665593,36.533816425120776,5.173107890499195,12.580515297906603,3.92512077294686,1.6237251744498122,2.24771873322598,,0.2549651100375738
164,23.121309715512613,14.700751476113794,36.34594739667203,5.166398282340311,12.580515297906603,3.824476650563607,1.6237251744498122,2.38191089640365,,0.2549651100375738
165,23.51046698872786,14.573268921095009,35.76221148684917,5.300590445517981,12.446323134728932,3.824476650563607,1.9457863660762211,2.38191089640365,,0.2549651100375738
166,23.872785829307567,14.452495974235104,35.581052066559316,5.273752012882448,12.298711755233494,3.81105743424584,1.9390767579173376,2.38191089640365,,0.38915727321524424
167,24.013687600644122,14.452495974235104,35.42002147074611,5.273752012882448,12.23161567364466,3.898282340311326,1.9390767579173376,2.38191089640365,,0.38915727321524424
168,24.9194847020934,14.130434782608695,35.04428341384863,5.052334943639291,12.124261943102523,3.8848631239935587,1.9390767579173376,2.5161030595813205,,0.38915727321524424
169,25.409286097691894,14.11701556629093,34.78260869565217,5.139559849704777,11.701556629092861,3.8848631239935587,1.9390767579173376,2.5161030595813205,,0.5099302200751477
170,25.55689747718733,13.982823403113258,34.6081588835212,5.10601180891036,11.580783682232958,4.1532474503489,1.8853998926462694,2.6167471819645733,,0.5099302200751477
171,25.254965110037574,13.43263553408481,34.42028985507246,5.60252281266774,13.063607085346217,3.280998389694042,1.8183038110574343,2.6167471819645733,,0.5099302200751477
172,25.684380032206118,13.003220611916264,34.31964573268921,5.884326355340848,12.989801395598498,3.227321524422974,1.7646269457863661,2.6167471819645733,,0.5099302200751477
173,25.670960815888353,12.93612453032743,34.064680622651636,5.776972624798712,13.499731615673644,3.0730005367686526,1.7646269457863661,2.703972088030059,,0.5099302200751477
174,26.194310252281266,12.741545893719806,33.61513687600644,5.924584004294149,13.41250670960816,3.180354267310789,1.7176596886741815,2.703972088030059,,0.5099302200751477
175,26.39559849704777,12.714707461084272,33.10520665593129,5.931293612453032,13.33870101986044,3.180354267310789,1.892109500805153,2.932098765432099,,0.5099302200751477
176,26.442565754159958,12.701288244766506,31.45464304884595,5.917874396135265,15.304616210413311,3.166935050993022,1.892109500805153,2.61003757380569,,0.5099302200751477
177,26.818303811057433,12.674449812130971,31.19296833064949,5.897745571658615,15.237520128824476,3.166935050993022,1.892109500805153,2.61003757380569,,0.5099302200751477
178,27.30139559849705,12.640901771336553,31.01851851851852,5.877616747181965,15.056360708534621,3.1468062265163717,1.892109500805153,2.589908749329039,,0.47638217928073
179,27.58990874932904,12.614063338701019,30.776972624798713,5.991680085882985,14.989264626945786,3.0931293612453032,1.8786902844873858,2.589908749329039,,0.47638217928073
180,27.865002683843265,12.614063338701019,30.56897477187332,5.991680085882985,14.97584541062802,3.0595813204508855,1.8719806763285025,2.576489533011272,,0.47638217928073
181,28.193773483628558,12.5402576489533,30.46833064949007,5.938003220611916,14.694041867954912,3.2675791733762747,1.8719806763285025,2.5496511003757383,,0.47638217928073
182,28.5829307568438,12.506709608158884,29.958400429414922,5.891035963499732,14.65378421900161,3.260869565217391,1.8518518518518519,2.818035426731079,,0.47638217928073
183,28.77750939345142,12.359098228663447,29.401502952227588,6.132581857219538,14.61352657004831,3.2877079978529253,2.13365539452496,2.818035426731079,,0.47638217928073
184,27.36849168008588,11.822329575952764,30.005367686527105,6.045356951154052,16.458668813741276,3.2139023081052067,2.13365539452496,2.475845410628019,,0.47638217928073
185,27.160493827160494,11.77536231884058,29.918142780461622,6.018518518518518,16.63311862587225,3.2139023081052067,2.13365539452496,2.6704240472356413,,0.47638217928073
186,27.65029522275899,11.75523349436393,29.622920021470748,6.005099302200751,16.525764895330113,3.1870638754696725,2.1269457863660763,2.6502952227589907,,0.47638217928073
187,28.06629092860977,11.714975845410628,29.401502952227588,5.991680085882985,16.451959205582394,3.1199677938808374,2.1269457863660763,2.6502952227589907,,0.47638217928073
188,28.37493290391841,11.647879763821793,28.18035426731079,5.917874396135265,17.793880837359097,3.066290928609769,1.892109500805153,2.6502952227589907,,0.47638217928073
189,28.5829307568438,11.574074074074074,28.099838969404185,5.8239398819108965,17.297369833601717,3.643317230273752,1.892109500805153,2.61003757380569,,0.47638217928073
190,28.891572732152444,11.574074074074074,27.979066022544284,5.770263016639828,17.16988727858293,3.6097691894793345,1.8719806763285025,2.657004830917874,,0.47638217928073
191,29.11969940955448,11.506977992485238,27.68384326355341,5.991680085882985,17.122920021470748,3.5963499731615673,1.8719806763285025,2.6301663982823404,,0.47638217928073
192,29.26731078904992,11.43317230273752,27.4422973698336,6.206387546967257,17.08937198067633,3.5963499731615673,1.8585614600107354,2.6301663982823404,,0.47638217928073
193,29.542404723564143,11.379495437466453,27.34165324745035,6.206387546967257,16.968599033816425,3.5963499731615673,1.8585614600107354,2.6301663982823404,,0.47638217928073
194,27.274557165861513,9.333064949006978,35.49382716049383,4.361245303274289,15.45222758990875,3.502415458937198,1.7981749865807837,2.395330112721417,,0.38915727321524424
195,27.66371443907676,9.306226516371444,35.03086419753087,4.30756843800322,15.425389157273216,3.488996242619431,2.0397208803005906,2.3752012882447664,,0.36231884057971014
196,27.965646806226516,9.29951690821256,34.735641438539986,4.30756843800322,15.297906602254429,3.488996242619431,2.314814814814815,2.227589908749329,,0.36231884057971014
197,28.401771336553946,9.265968867418144,34.594739667203434,4.106280193236715,14.88191089640365,3.8580246913580245,2.314814814814815,2.214170692431562,,0.36231884057971014
198,28.73054213633924,9.245840042941492,34.47396672034353,4.066022544283414,14.741009125067096,3.8580246913580245,2.3081052066559313,2.214170692431562,,0.36231884057971014
199,29.1129898013956,9.245840042941492,34.23242082662372,4.052603327965647,14.647074610842727,3.8378958668813743,2.3081052066559313,2.200751476113795,,0.36231884057971014
200,29.468599033816425,9.138486312399356,33.99087493290392,4.032474503488996,14.647074610842727,3.8580246913580245,2.301395598497048,2.200751476113795,,0.36231884057971014
201,29.817498658078367,9.07139023081052,33.04482018250134,5.025496511003757,14.553140096618357,3.824476650563607,2.15378421900161,2.147074610842727,,0.36231884057971014
202,30.17981749865808,9.07139023081052,32.88378958668814,5.025496511003757,14.526301663982823,3.770799785292539,2.086688137412775,2.0933977455716586,,0.36231884057971014
203,30.475040257648953,9.044551798174986,32.79656468062265,4.99194847020934,14.472624798711756,3.743961352657005,2.0531400966183573,2.059849704777241,,0.36231884057971014
204,30.649490069779926,9.037842190016104,32.7361782071927,4.99194847020934,14.42565754159957,3.7104133118625873,2.033011272141707,2.0531400966183573,,0.36231884057971014
205,31.01851851851852,8.984165324745035,32.420826623725176,4.978529253891573,14.2914653784219,3.6902844873859366,1.9524959742351047,2.301395598497048,,0.36231884057971014
206,31.273483628556093,8.950617283950617,32.085346215781,4.864465915190553,14.257917337627482,3.978797638217928,1.9256575415995705,2.301395598497048,,0.36231884057971014
207,31.38083735909823,8.950617283950617,31.884057971014492,5.132850241545894,13.982823403113258,3.978797638217928,2.0263016639828235,2.301395598497048,,0.36231884057971014
208,31.45464304884595,8.903650026838433,31.82367149758454,5.0993022007514766,13.848631239935587,3.9720880300590444,1.9659151905528718,2.5697799248523885,,0.36231884057971014
209,31.186258722490606,8.903650026838433,31.468062265163713,5.052334943639291,14.217659688674182,3.9720880300590444,1.9659151905528718,2.9119699409554483,,0.322061191626409
210,31.48148148148148,8.890230810520666,31.333870101986044,5.025496511003757,14.04320987654321,4.025764895330113,1.9659151905528718,2.9119699409554483,,0.322061191626409
211,31.91760601180891,8.876811594202898,31.03864734299517,4.958400429414922,14.002952227589908,4.012345679012346,1.9592055823939882,2.9119699409554483,,0.322061191626409
212,32.18599033816425,8.776167471819646,30.92458400429415,4.958400429414922,13.976113794954374,4.012345679012346,1.9457863660762211,2.898550724637681,,0.322061191626409
213,32.45437466451959,8.776167471819646,30.897745571658614,4.958400429414922,13.882179280730005,4.012345679012346,1.9122383252818036,2.7844873859366612,,0.322061191626409
214,32.75630703166935,8.776167471819646,30.35426731078905,4.958400429414922,13.741277509393452,4.012345679012346,2.301395598497048,2.7777777777777777,,0.322061191626409
215,32.749597423510465,8.776167471819646,30.10601180891036,5.267042404723564,13.687600644122384,4.012345679012346,2.301395598497048,2.7777777777777777,,0.322061191626409
216,32.53488996242619,8.776167471819646,29.918142780461622,5.179817498658078,13.110574342458401,4.9651100375738055,2.2745571658615136,2.918679549114332,,0.322061191626409
217,32.90391841116479,8.769457863660762,29.602791196994094,5.10601180891036,13.103864734299517,4.9651100375738055,2.395330112721417,2.831454643048846,,0.322061191626409
218,32.971014492753625,8.735909822866345,29.24718196457327,5.045625335480408,13.077026301663983,4.958400429414922,2.3752012882447664,3.2675791733762747,,0.322061191626409
219,33.11862587224906,8.735909822866345,28.918411164787976,5.132850241545894,13.01663982823403,4.911433172302737,2.462426194310252,3.3816425120772946,,0.322061191626409
220,33.581588835212024,8.668813741277509,28.764090177133657,5.0993022007514766,12.855609232420827,4.904723564143854,2.4490069779924855,3.3548040794417604,,0.322061191626409
221,33.702361782071925,8.668813741277509,28.703703703703702,5.092592592592593,12.828770799785293,4.904723564143854,2.4355877616747184,3.3413848631239937,,0.322061191626409
222,33.8365539452496,8.628556092324208,28.589640365002683,5.24020397208803,12.775093934514224,4.8376274825550185,2.428878153515835,3.3413848631239937,,0.322061191626409
223,33.82984433709071,8.608427267847558,28.25415995705851,5.038915727321524,12.634192163177671,5.548845947396672,2.428878153515835,3.33467525496511,,0.322061191626409
224,33.923778851315085,8.53462157809984,28.052871712292003,5.038915727321524,12.627482555018787,5.756843800322061,2.428878153515835,3.3145464304884595,,0.322061191626409
225,34.05126140633387,8.514492753623188,27.84487385936661,5.186527106816962,12.446323134728932,5.756843800322061,2.4221685453569513,3.455448201825013,,0.322061191626409
226,34.33977455716586,8.454106280193237,27.710681696188942,5.166398282340311,12.426194310252281,5.723295759527644,2.4221685453569513,3.435319377348363,,0.322061191626409
227,34.554482018250134,8.420558239398819,27.583199141170155,5.0993022007514766,12.426194310252281,5.736714975845411,2.4221685453569513,3.435319377348363,,0.322061191626409
