,45,50,53,52,55,51,54,56,57,58
0,91.7337627482555,8.11862587224906,0.14761137949543746,,,,,,,
1,86.99006977992485,12.86231884057971,0.14761137949543746,,,,,,,
2,85.87627482555018,12.674449812130971,0.14761137949543746,0.7514761137949544,0.5501878690284487,,,,,
3,85.58105206655931,12.983091787439614,0.2885131508319914,0.7380568974771873,0.4092860976918948,,,,,
4,85.37305421363392,13.191089640365004,0.2885131508319914,0.7380568974771873,0.4092860976918948,,,,,
5,84.2055823939882,14.371980676328503,0.2885131508319914,0.7246376811594203,0.4092860976918948,,,,,
6,69.63231347289319,28.488996242619432,0.14090177133655393,0.7246376811594203,0.4092860976918948,0.6038647342995169,,,,
7,69.31696188942566,28.247450348899623,0.14090177133655393,0.7246376811594203,0.4092860976918948,1.1607622114868492,,,,
8,67.52549651100375,30.16639828234031,0.14090177133655393,0.7246376811594203,0.4092860976918948,1.0332796564680622,,,,
9,66.41841116478798,31.13929146537842,0.14090177133655393,0.7246376811594203,0.5434782608695652,1.0332796564680622,,,,
10,63.65405260332797,33.903650026838434,0.14090177133655393,0.7246376811594203,0.5434782608695652,1.0332796564680622,,,,
11,63.6003757380569,33.89694041867955,0.14090177133655393,0.7246376811594203,0.6038647342995169,1.0332796564680622,,,,
12,62.8690284487386,34.42028985507246,0.14090177133655393,0.7246376811594203,0.7045088566827697,1.1406333870101986,,,,
13,55.53542673107891,41.80756843800322,0.14090177133655393,0.7246376811594203,0.6508319914117016,1.1406333870101986,,,,
14,55.562265163714436,41.6935050993022,0.14090177133655393,0.7246376811594203,0.7380568974771873,1.1406333870101986,,,,
15,54.41492216854536,37.60064412238325,0.14090177133655393,0.7246376811594203,0.5703166935050993,6.5485775630703165,,,,
16,53.38164251207729,38.22463768115942,0.14090177133655393,0.7246376811594203,0.7045088566827697,6.823671497584541,,,,
17,53.40848094471283,37.164519592055825,0.14090177133655393,0.7246376811594203,0.7045088566827697,6.823671497584541,1.0332796564680622,,,
18,35.81588835212023,55.139559849704774,0.20799785292538917,0.7246376811594203,0.6642512077294686,6.414385399892646,1.0332796564680622,,,
19,35.869565217391305,54.97181964573269,0.20799785292538917,0.7246376811594203,0.8051529790660226,6.387546967257112,1.0332796564680622,,,
20,35.768921095008054,54.50214707461084,0.20799785292538917,1.1674718196457328,0.9326355340848095,6.387546967257112,1.0332796564680622,,,
21,35.829307568438004,53.88486312399356,0.20799785292538917,1.1674718196457328,0.9997316156736447,6.347289318303811,1.5633387010198605,,,
22,35.319377348362856,52.61003757380569,1.8719806763285025,1.1540526033279657,1.133923778851315,6.347289318303811,1.5633387010198605,,,
23,35.265700483091784,51.590177133655395,1.8719806763285025,1.1540526033279657,2.2208803005904456,6.333870101986044,1.5633387010198605,,,
24,33.69565217391305,53.16022544283414,1.8719806763285025,1.1540526033279657,2.2208803005904456,6.333870101986044,1.5633387010198605,,,
25,31.112453032742888,55.28046162104133,1.8719806763285025,1.1808910359634996,2.281266774020397,6.709608158883521,1.5633387010198605,,,
26,30.857487922705314,55.55555555555556,1.8719806763285025,1.1808910359634996,2.281266774020397,6.709608158883521,1.5432098765432098,,,
27,30.334138486312398,56.07890499194847,1.8719806763285025,1.1808910359634996,2.281266774020397,6.709608158883521,1.5432098765432098,,,
28,30.401234567901234,54.97181964573269,1.8719806763285025,2.2410091250670963,2.281266774020397,6.689479334406871,1.5432098765432098,,,
29,30.50187869028449,54.40150295222759,1.8719806763285025,2.2410091250670963,2.7509393451422435,6.689479334406871,1.5432098765432098,,,
30,30.26033279656468,53.153515834675254,2.314814814814815,2.2342995169082127,2.536231884057971,6.957863660762212,2.5429414922168547,,,
31,30.03220611916264,53.38164251207729,2.314814814814815,2.2342995169082127,2.536231884057971,6.957863660762212,2.5429414922168547,,,
32,30.099302200751477,52.75093934514224,2.932098765432099,2.2342995169082127,2.536231884057971,6.944444444444445,2.5026838432635534,,,
33,29.770531400966185,52.42216854535695,2.8650026838432634,2.2342995169082127,2.576489533011272,6.816961889425658,3.180354267310789,0.13419216317767044,,
34,29.676596886741816,52.200751476113794,2.8650026838432634,2.2342995169082127,2.7979066022544283,6.293612453032743,3.797638217928073,0.13419216317767044,,
35,29.676596886741816,52.03972088030059,2.8650026838432634,2.2342995169082127,2.9589371980676327,6.293612453032743,3.797638217928073,0.13419216317767044,,
36,29.180085882984432,46.11513687600644,2.757648953301127,2.2342995169082127,3.2742887815351582,13.647342995169081,2.657004830917874,0.13419216317767044,,
37,29.2337627482555,46.08829844337091,2.757648953301127,2.2342995169082127,3.2742887815351582,13.620504562533547,2.657004830917874,0.13419216317767044,,
38,29.274020397208805,45.93397745571659,2.757648953301127,2.2342995169082127,3.388352120236178,13.620504562533547,2.657004830917874,0.13419216317767044,,
39,29.401502952227588,45.8064949006978,2.757648953301127,2.2342995169082127,3.388352120236178,13.620504562533547,2.657004830917874,0.13419216317767044,,
40,29.49543746645196,45.491143317230275,2.24771873322598,3.730542136339238,3.388352120236178,12.942834138486312,2.5697799248523885,0.13419216317767044,,
41,29.542404723564143,45.32340311325819,2.368491680085883,3.730542136339238,3.3682232957595275,12.97638217928073,2.5563607085346214,0.13419216317767044,,
42,29.54911433172303,43.585614600107355,2.428878153515835,6.011808910359635,2.965646806226516,12.889157273215245,2.49597423510467,0.07380568974771873,,
43,27.985775630703166,46.846484165324746,1.8048845947396672,4.05931293612453,2.717391304347826,14.888620504562533,1.6237251744498122,0.07380568974771873,,
44,28.079710144927535,46.26945786366076,1.2949543746645196,5.052334943639291,2.717391304347826,14.888620504562533,1.6237251744498122,0.07380568974771873,,
45,27.583199141170155,45.91384863123994,1.2815351583467525,4.8376274825550185,2.804616210413312,15.881642512077295,1.6237251744498122,0.07380568974771873,,
46,27.67042404723564,44.16264090177134,1.710950080515298,4.569243156199678,4.334406870638754,15.72061191626409,1.6237251744498122,0.20799785292538917,,
47,27.851583467525497,43.853998926462694,1.6774020397208802,4.62962962962963,4.5960815888352125,15.4723564143854,1.710950080515298,0.20799785292538917,,
48,27.89855072463768,43.833870101986044,1.6774020397208802,4.62962962962963,4.5960815888352125,15.445517981749866,1.710950080515298,0.20799785292538917,,
49,27.388620504562535,44.28341384863124,1.6774020397208802,4.62962962962963,4.770531400966184,15.331454643048845,1.710950080515298,0.20799785292538917,,
50,27.657004830917874,43.907675791733766,1.9457863660762211,4.62962962962963,5.072463768115942,14.868491680085883,1.710950080515298,0.20799785292538917,,
51,27.771068169618893,43.74664519592056,3.1333870101986045,4.62962962962963,5.132850241545894,13.707729468599034,1.6706924315619969,0.20799785292538917,,
52,28.059581320450885,43.203166935050994,3.1333870101986045,4.42163177670424,5.287171229200215,13.627214170692431,1.9726247987117553,0.20799785292538917,0.08722490606548577,
53,27.76435856146001,42.90794417606012,3.026033279656468,5.414653784219001,5.226784755770263,13.493022007514762,1.8719806763285025,0.20799785292538917,0.08722490606548577,
54,27.932098765432098,42.66639828234031,3.012614063338701,5.407944176060118,5.267042404723564,13.459473966720344,1.9592055823939882,0.20799785292538917,0.08722490606548577,
55,27.999194847020934,42.60601180891036,3.012614063338701,5.407944176060118,5.267042404723564,13.45276435856146,1.9592055823939882,0.20799785292538917,0.08722490606548577,
56,28.153515834675254,42.46511003757381,2.9924852388620504,5.394524959742351,5.401234567901234,13.365539452495975,1.9592055823939882,0.18115942028985507,0.08722490606548577,
57,28.28099838969404,42.19672571121846,2.9790660225442833,5.4616210413311865,5.535426731078905,13.318572195383789,1.9592055823939882,0.18115942028985507,0.08722490606548577,
58,28.227321524422972,41.80085882984434,3.0193236714975846,5.173107890499195,5.6964573268921095,13.734567901234568,2.0799785292538915,0.18115942028985507,0.08722490606548577,
59,28.24074074074074,41.727053140096615,3.1535158346752548,5.173107890499195,5.709876543209877,13.647342995169081,2.0799785292538915,0.18115942028985507,0.08722490606548577,
60,28.26086956521739,41.54589371980676,3.180354267310789,5.132850241545894,5.8172302737520125,13.633923778851315,2.1604938271604937,0.18115942028985507,0.08722490606548577,
61,27.885131508319915,41.8142780461621,3.180354267310789,5.112721417069243,5.770263016639828,13.627214170692431,2.341653247450349,0.18115942028985507,0.08722490606548577,
62,27.61003757380569,42.16317767042405,3.180354267310789,5.0993022007514766,5.770263016639828,13.56682769726248,2.341653247450349,0.18115942028985507,0.08722490606548577,
63,27.01959205582394,40.90177133655394,3.180354267310789,5.0993022007514766,5.770263016639828,15.519323671497585,2.2410091250670963,0.18115942028985507,0.08722490606548577,
64,26.35534084809447,38.26489533011272,3.1602254428341383,4.616210413311863,5.199946323134729,20.517981749865807,1.6170155662909287,0.18115942028985507,0.08722490606548577,
65,26.33521202361782,37.88915727321525,3.1602254428341383,5.528717122920021,5.723295759527644,19.47799248523886,1.6170155662909287,0.18115942028985507,0.08722490606548577,
66,26.482823403113258,37.69457863660762,3.1602254428341383,5.4549114331723025,5.938003220611916,19.384057971014492,1.6170155662909287,0.18115942028985507,0.08722490606548577,
67,26.596886741814277,37.60735373054214,3.1602254428341383,5.4549114331723025,5.938003220611916,19.35721953837896,1.6170155662909287,0.18115942028985507,0.08722490606548577,
68,26.576757917337627,36.56736446591519,6.944444444444445,3.2474503488996245,5.609232420826624,19.256575415995705,1.6170155662909287,0.18115942028985507,,
69,26.46940418679549,36.37949543746645,6.850509930220075,5.139559849704777,5.287171229200215,18.075684380032207,1.6170155662909287,0.18115942028985507,,
70,26.663982823403114,36.178207192699944,6.850509930220075,5.139559849704777,5.394524959742351,17.907944176060116,1.6841116478797638,0.18115942028985507,,
71,26.570048309178745,35.23215244229737,6.850509930220075,5.730005367686527,5.864197530864198,17.330917874396135,2.2410091250670963,0.18115942028985507,,
72,25.99302200751476,33.64868491680086,7.763016639828234,6.944444444444445,5.642780461621041,17.652979066022546,2.1739130434782608,0.18115942028985507,,
73,25.791733762748255,33.467525496511,7.219538378958669,7.50805152979066,5.723295759527644,17.8743961352657,2.1739130434782608,0.24154589371980675,,
74,25.85882984433709,33.45410628019324,7.219538378958669,7.50805152979066,5.723295759527644,17.767042404723565,2.1604938271604937,0.30864197530864196,,
75,25.85882984433709,32.46779388083736,7.219538378958669,7.608695652173913,6.649221685453569,17.726784755770264,2.1604938271604937,0.30864197530864196,,
76,25.959473966720342,32.380568974771876,7.14573268921095,8.742619431025227,6.66935050993022,16.55931293612453,2.1604938271604937,0.30864197530864196,0.07380568974771873,
77,25.758185721953836,32.31347289318304,6.984702093397746,8.735909822866345,6.655931293612453,15.74074074074074,3.4420289855072466,0.1610305958132045,0.20799785292538917,
78,25.785024154589372,32.2463768115942,6.984702093397746,8.722490606548577,6.723027375201288,15.546162104133119,3.4420289855072466,0.3421900161030596,0.20799785292538917,
79,25.845410628019323,31.944444444444443,6.984702093397746,8.722490606548577,6.951154052603328,15.45222758990875,3.4420289855072466,0.4495437466451959,0.20799785292538917,
80,25.89908749329039,31.89747718733226,6.957863660762212,8.695652173913043,6.951154052603328,15.425389157273216,3.515834675254965,0.4495437466451959,0.20799785292538917,
81,26.10708534621578,31.810252281266774,6.957863660762212,8.695652173913043,7.333601717659689,14.922168545356952,3.515834675254965,0.4495437466451959,0.20799785292538917,
82,26.160762211486848,31.756575415995705,6.957863660762212,8.715780998389693,7.407407407407407,14.861782071927,3.5091250670960816,0.4227053140096618,0.20799785292538917,
83,26.261406333870102,31.57541599570585,6.944444444444445,8.836553945249598,7.380568974771873,14.861782071927,3.5091250670960816,0.4227053140096618,0.20799785292538917,
84,26.422436929683307,31.48148148148148,6.9243156199677935,8.836553945249598,7.326892109500805,14.861782071927,3.5762211486849167,0.36231884057971014,0.20799785292538917,
85,25.87895866881374,31.21309715512614,6.884057971014493,9.970477724100913,7.266505636070853,14.640365002683843,3.5762211486849167,0.36231884057971014,0.20799785292538917,
86,25.939345142243692,31.21309715512614,6.857219538378959,9.970477724100913,7.266505636070853,14.606816961889425,3.5762211486849167,0.36231884057971014,0.20799785292538917,
87,26.02657004830918,31.03864734299517,6.857219538378959,10.057702630166398,7.266505636070853,14.553140096618357,3.656736446591519,0.36231884057971014,0.18115942028985507,
88,25.0805152979066,33.47423510466989,6.353998926462695,9.91009125067096,7.266505636070853,13.774825550187868,3.5963499731615673,0.36231884057971014,0.18115942028985507,
89,25.15432098765432,33.333333333333336,6.3070316693505095,9.91009125067096,7.4141170155662905,13.741277509393452,3.5963499731615673,0.36231884057971014,0.18115942028985507,
90,25.583735909822867,33.2259796027912,6.253354804079442,9.802737520128824,7.37385936661299,13.687600644122384,3.5292538915727323,0.36231884057971014,0.18115942028985507,
91,25.717928073000536,33.16559312936125,6.253354804079442,9.77589908749329,7.37385936661299,13.6406333870102,3.5292538915727323,0.36231884057971014,0.18115942028985507,
92,25.85882984433709,33.15888352120236,6.253354804079442,9.749060654857756,7.340311325818572,13.593666129898015,3.502415458937198,0.36231884057971014,0.18115942028985507,
93,25.91250670960816,32.6959205582394,6.253354804079442,9.614868491680086,7.340311325818572,14.13714439076758,3.502415458937198,0.36231884057971014,0.18115942028985507,
94,26.006441223832528,32.628824476650564,6.246645195920558,9.594739667203436,7.347020933977456,13.976113794954374,3.656736446591519,0.36231884057971014,0.18115942028985507,
95,26.133923778851315,32.52147074610843,6.246645195920558,9.561191626409018,7.4141170155662905,13.922436929683306,3.656736446591519,0.36231884057971014,0.18115942028985507,
96,26.32850241545894,32.43424584004294,6.219806763285024,9.534353193773484,7.4141170155662905,13.895598497047773,3.629898013955985,0.36231884057971014,0.18115942028985507,
97,26.308373590982285,31.53515834675255,6.219806763285024,9.520933977455716,8.239398819108963,13.868760064412239,3.7640901771336552,0.36231884057971014,0.18115942028985507,
98,26.234567901234566,31.340579710144926,6.199677938808374,9.520933977455716,8.239398819108963,14.15727321524423,3.7640901771336552,0.36231884057971014,0.18115942028985507,
99,25.644122383252817,30.877616747181964,6.199677938808374,9.440418679549115,8.319914117015566,15.257648953301127,3.717122920021471,0.36231884057971014,0.18115942028985507,
100,25.865539452495973,30.67632850241546,6.266774020397209,9.29951690821256,8.387010198604402,15.24422973698336,3.717122920021471,0.36231884057971014,0.18115942028985507,
101,25.99302200751476,30.56897477187332,6.266774020397209,9.286097691894794,8.360171765968868,15.103327965646805,3.878153515834675,0.36231884057971014,0.18115942028985507,
102,26.06682769726248,30.515297906602253,6.266774020397209,9.286097691894794,8.360171765968868,15.103327965646805,3.8580246913580245,0.36231884057971014,0.18115942028985507,
103,26.133923778851315,30.58239398819109,6.293612453032743,9.366612989801396,8.340042941492216,14.915458937198068,3.824476650563607,0.36231884057971014,0.18115942028985507,
104,26.261406333870102,30.434782608695652,6.293612453032743,9.339774557165862,8.239398819108963,14.9020397208803,3.9855072463768115,0.36231884057971014,0.18115942028985507,
105,26.34863123993559,29.871175523349436,6.293612453032743,8.68894256575416,8.232689210950081,16.049382716049383,3.9720880300590444,0.36231884057971014,0.18115942028985507,
106,25.429414922168544,30.951422436929683,6.286902844873859,8.487654320987655,8.407139023081053,15.94873859366613,3.9452495974235107,0.36231884057971014,0.18115942028985507,
107,25.563607085346217,31.03864734299517,6.266774020397209,8.440687063875469,8.387010198604402,15.908480944712828,3.851315083199141,0.36231884057971014,0.18115942028985507,
108,24.510198604401502,38.506441223832525,6.239935587761675,7.2933440687063875,7.702630166398282,12.050456253354804,3.294417606011809,0.2214170692431562,0.18115942028985507,
109,24.50348899624262,38.34541062801932,6.239935587761675,7.2933440687063875,7.702630166398282,12.016908212560386,3.4957058507783145,0.2214170692431562,0.18115942028985507,
110,21.390230810520666,42.270531400966185,6.199677938808374,6.535158346752549,7.809983896940419,11.83574879227053,3.556092324208266,0.2214170692431562,0.18115942028985507,
111,21.497584541062803,42.21685453569511,6.199677938808374,6.508319914117015,7.809983896940419,11.808910359634996,3.556092324208266,0.2214170692431562,0.18115942028985507,
112,21.490874932903917,41.93505099302201,6.1929683306494905,7.823403113258186,7.716049382716049,11.104401502952227,3.33467525496511,0.2214170692431562,0.18115942028985507,
113,20.974235104669887,41.59286097691895,6.119162640901771,10.7085346215781,7.75630703166935,8.93719806763285,3.388352120236178,0.2147074610842727,0.30864197530864196,
114,20.544820182501343,41.1634460547504,6.112453032742888,10.695115405260333,8.635265700483092,8.93719806763285,3.388352120236178,0.2147074610842727,0.30864197530864196,
115,20.705850778314545,41.10976918947934,6.092324208266238,10.654857756307031,8.61513687600644,8.910359634997317,3.388352120236178,0.2147074610842727,0.30864197530864196,
116,20.658883521202362,41.015834675254965,6.072195383789587,10.641438539989265,8.61513687600644,8.890230810520666,3.5829307568438002,0.2147074610842727,0.30864197530864196,
117,20.759527643585614,40.98228663446055,6.1929683306494905,10.621309715512615,8.507783145464305,8.84326355340848,3.5829307568438002,0.2147074610842727,0.2952227589908749,
118,20.813204508856682,40.935319377348364,6.1862587224906065,10.621309715512615,8.507783145464305,8.84326355340848,3.5829307568438002,0.2147074610842727,0.2952227589908749,
119,20.853462157809982,39.92216854535695,6.407675791733762,10.59447128287708,8.816425120772946,8.82313472893183,4.072732152442297,0.2147074610842727,0.2952227589908749,
120,20.987654320987655,39.9020397208803,6.380837359098229,10.507246376811594,8.816425120772946,8.82313472893183,4.072732152442297,0.2147074610842727,0.2952227589908749,
121,21.256038647342994,39.741009125067094,6.353998926462695,10.50053676865271,8.789586688137414,8.789586688137414,4.05931293612453,0.2147074610842727,0.2952227589908749,
122,21.32313472893183,39.69404186795491,6.5552871712292005,10.493827160493828,8.59500805152979,8.78287707997853,4.045893719806763,0.2147074610842727,0.2952227589908749,
123,21.36339237788513,39.65378421900161,6.5552871712292005,10.36634460547504,8.59500805152979,8.78287707997853,4.045893719806763,0.2147074610842727,0.4227053140096618,
124,19.90740740740741,36.218464841653244,12.31213097155126,10.352925389157273,6.541867954911433,10.426731078904991,3.603059581320451,0.2147074610842727,0.4227053140096618,
125,19.75979602791197,36.15807836822329,11.956521739130435,11.064143853998926,6.347289318303811,10.473698336017177,3.603059581320451,0.2147074610842727,0.4227053140096618,
126,19.706119162640903,35.789049919484704,10.621309715512615,11.05072463768116,6.769994632313473,11.75523349436393,3.603059581320451,0.28180354267310787,0.4227053140096618,
127,19.826892109500804,35.68169618894257,10.641438539989265,10.95679012345679,6.857219538378959,11.728395061728396,3.603059581320451,0.28180354267310787,0.4227053140096618,
128,19.887278582930758,35.63472893183038,10.641438539989265,10.943370907139023,6.870638754696726,11.714975845410628,3.603059581320451,0.28180354267310787,0.4227053140096618,
129,19.47799248523886,34.816156736446594,11.56736446591519,10.929951690821255,6.837090713902308,12.258454106280194,3.502415458937198,0.1878690284487386,0.4227053140096618,
130,18.51851851851852,34.82286634460547,11.768652710681696,11.869296833064949,6.89747718733226,12.090713902308105,3.421900161030596,0.1878690284487386,0.4227053140096618,
131,18.67283950617284,34.5679012345679,11.748523886205046,11.842458400429415,7.051798174986581,12.084004294149223,3.421900161030596,0.1878690284487386,0.4227053140096618,
132,18.84728931830381,34.42028985507246,11.66129898013956,11.862587224906065,7.1725711218464845,12.084004294149223,3.4017713365539453,0.1878690284487386,0.36231884057971014,
133,18.94122383252818,34.41358024691358,11.654589371980677,11.862587224906065,7.118894256575416,12.070585077831455,3.388352120236178,0.1878690284487386,0.36231884057971014,
134,18.95464304884595,34.14519592055824,11.654589371980677,11.855877616747183,7.105475040257649,12.345679012345679,3.388352120236178,0.1878690284487386,0.36231884057971014,
135,18.95464304884595,34.004294149221685,11.647879763821793,11.842458400429415,7.125603864734299,12.486580783682234,3.388352120236178,0.1878690284487386,0.36231884057971014,
136,19.00161030595813,33.97745571658615,11.741814278046162,11.77536231884058,7.125603864734299,12.446323134728932,3.3816425120772946,0.1878690284487386,0.36231884057971014,
137,19.07541599570585,33.8365539452496,11.741814278046162,11.681427804616211,7.206119162640902,12.419484702093397,3.3816425120772946,0.1878690284487386,0.46967257112184646,
138,19.189479334406872,33.8365539452496,11.647879763821793,11.681427804616211,7.185990338164252,12.419484702093397,3.3816425120772946,0.1878690284487386,0.46967257112184646,
139,18.78690284487386,33.28636607622115,11.580783682232958,12.72812667740204,7.226247987117552,12.365807836822329,3.3682232957595275,0.1878690284487386,0.46967257112184646,
140,18.874127750939344,33.2259796027912,11.580783682232958,12.701288244766506,7.226247987117552,12.365807836822329,3.3682232957595275,0.1878690284487386,0.46967257112184646,
141,18.927804616210413,33.19914117015566,11.54723564143854,12.68786902844874,7.226247987117552,12.385936661298981,3.3682232957595275,0.1878690284487386,0.46967257112184646,
142,18.813741277509394,32.2866344605475,11.52710681696189,12.506709608158884,7.266505636070853,12.245034889962426,4.696725711218465,0.1878690284487386,0.46967257112184646,
143,18.88083735909823,32.07192699946323,11.520397208803006,11.352657004830919,8.474235104669887,12.097423510466989,4.830917874396135,0.1878690284487386,0.5837359098228664,
144,18.853998926462694,31.602254428341386,11.43317230273752,11.352657004830919,8.984165324745035,12.057165861513688,4.830917874396135,0.30193236714975846,0.5837359098228664,
145,19.00161030595813,31.427804616210413,11.352657004830919,11.33923778851315,9.078099838969404,12.030327428878154,4.884594739667204,0.30193236714975846,0.5837359098228664,
146,18.88083735909823,30.891035963499732,12.533548040794418,11.218464841653248,8.829844337090714,11.956521739130435,4.810789049919484,0.2952227589908749,0.5837359098228664,
147,18.84728931830381,30.132850241545892,12.27187332259796,12.359098228663447,8.829844337090714,11.782071926999464,4.797369833601718,0.39586688137412773,0.5837359098228664,
148,18.968062265163713,29.938271604938272,12.27187332259796,12.352388620504563,8.890230810520666,11.802200751476114,4.797369833601718,0.39586688137412773,0.5837359098228664,
149,19.135802469135804,29.87788513150832,12.25174449812131,12.31213097155126,8.863392377885132,11.782071926999464,4.797369833601718,0.39586688137412773,0.5837359098228664,
150,19.30354267310789,29.864465915190554,12.359098228663447,12.184648416532475,8.809715512614064,11.714975845410628,4.783950617283951,0.39586688137412773,0.5837359098228664,
151,19.343800322061192,29.830917874396135,12.372517444981213,12.164519592055823,8.809715512614064,11.714975845410628,4.783950617283951,0.39586688137412773,0.5837359098228664,
152,19.47128287707998,29.817498658078367,12.372517444981213,12.117552334943639,8.80300590445518,11.674718196457327,4.783950617283951,0.39586688137412773,0.5636070853462157,
153,19.585346215780998,29.22705314009662,12.372517444981213,12.057165861513688,9.420289855072463,11.614331723027375,4.7638217928073,0.39586688137412773,0.5636070853462157,
154,19.196188942565755,28.556092324208265,12.00348899624262,12.822061191626409,10.225442834138486,11.580783682232958,4.7168545356951155,0.39586688137412773,0.5032206119162641,
155,19.390767579173378,28.556092324208265,12.00348899624262,12.714707461084272,10.225442834138486,11.493558776167472,4.7168545356951155,0.39586688137412773,0.5032206119162641,
156,19.444444444444443,28.341384863123995,12.332259796027913,12.533548040794418,10.198604401502953,11.493558776167472,4.757112184648417,0.39586688137412773,0.5032206119162641,
157,19.840311325818572,28.267579173376276,12.365807836822329,12.318840579710145,10.0979602791197,11.453301127214171,4.757112184648417,0.39586688137412773,0.5032206119162641,
158,20.001341921631777,28.153515834675254,12.365807836822329,12.68786902844874,10.084541062801932,11.426462694578637,4.38137412775094,0.39586688137412773,0.5032206119162641,
159,19.961084272678477,28.14009661835749,12.365807836822329,12.775093934514224,10.064412238325282,11.41304347826087,4.38137412775094,0.39586688137412773,0.5032206119162641,
160,19.940955448201827,27.80461621041331,12.385936661298981,12.627482555018787,10.48040794417606,11.312399355877616,4.394793344068707,0.5501878690284487,0.5032206119162641,
161,20.081857219538378,27.30139559849705,12.298711755233494,12.627482555018787,11.017176596886742,11.238593666129898,4.38137412775094,0.5501878690284487,0.5032206119162641,
162,20.095276435856146,27.006172839506174,12.298711755233494,12.620772946859903,11.426462694578637,11.117820719269995,4.38137412775094,0.5501878690284487,0.5032206119162641,
163,20.162372517444982,26.932367149758456,12.184648416532475,12.775093934514224,11.473429951690822,11.117820719269995,4.300858829844337,0.5501878690284487,0.5032206119162641,
164,20.363660762211488,26.80488459473967,12.164519592055823,12.761674718196458,11.460010735373054,11.097691894793345,4.294149221685454,0.5501878690284487,0.5032206119162641,
165,20.477724100912507,26.7512077294686,12.164519592055823,12.754965110037574,11.446591519055287,11.023886205045626,4.260601180891036,0.6172839506172839,0.5032206119162641,
166,20.79307568438003,26.556629092860977,12.144390767579173,12.754965110037574,11.352657004830919,11.023886205045626,4.260601180891036,0.6105743424584005,0.5032206119162641,
167,20.457595276435857,26.301663982823403,12.191358024691358,12.68786902844874,11.426462694578637,11.52710681696189,4.240472356414386,0.6105743424584005,0.5568974771873323,
168,20.42404723564144,26.288244766505635,11.41304347826087,13.801663982823403,11.426462694578637,11.238593666129898,4.240472356414386,0.6105743424584005,0.5568974771873323,
169,20.43075684380032,26.281535158346752,11.493558776167472,13.620504562533547,11.54723564143854,11.171497584541063,4.240472356414386,0.6575415995705851,0.5568974771873323,
170,20.585077831454644,26.167471819645733,11.460010735373054,13.593666129898015,11.540526033279656,11.198336017176597,4.240472356414386,0.6575415995705851,0.5568974771873323,
171,20.685721953837895,26.133923778851315,11.460010735373054,13.600375738056897,11.513687600644122,11.151368760064413,4.240472356414386,0.6575415995705851,0.5568974771873323,
172,20.759527643585614,25.623993558776167,12.526838432635534,13.285024154589372,11.446591519055287,10.929951690821255,4.213633923778851,0.6575415995705851,0.5568974771873323,
173,20.947396672034355,25.597155126140635,12.406065485775631,13.271604938271604,11.500268384326356,10.849436392914654,4.213633923778851,0.6575415995705851,0.5568974771873323,
174,20.50456253354804,25.147611379495437,12.02361782071927,12.4597423510467,11.513687600644122,13.231347289318304,3.9049919484702094,0.6575415995705851,0.5568974771873323,
175,20.69243156199678,25.0,12.04374664519592,12.399355877616747,11.513687600644122,13.231347289318304,3.9049919484702094,0.6575415995705851,0.5568974771873323,
176,20.7662372517445,24.9597423510467,12.016908212560386,12.359098228663447,11.500268384326356,13.278314546430488,3.9049919484702094,0.6575415995705851,0.5568974771873323,
177,21.007783145464305,24.758454106280194,12.00348899624262,12.278582930756844,11.621041331186259,13.211218464841654,3.9049919484702094,0.6575415995705851,0.5568974771873323,
178,21.041331186258724,24.818840579710145,11.976650563607086,12.278582930756844,11.614331723027375,13.150831991411701,3.9049919484702094,0.6575415995705851,0.5568974771873323,
179,21.195652173913043,24.738325281803544,12.077294685990339,12.090713902308105,11.594202898550725,13.117283950617283,4.045893719806763,0.5837359098228664,0.5568974771873323,
180,21.450617283950617,24.63768115942029,12.030327428878154,12.573805689747719,11.553945249597424,12.473161567364466,4.139828234031133,0.5837359098228664,0.5568974771873323,
181,21.4573268921095,24.349168008588297,11.426462694578637,14.49946323134729,10.856146001073537,12.151100375738057,4.139828234031133,0.5636070853462157,0.5568974771873323,
182,20.538110574342458,25.369028448738593,10.661567364465915,14.036500268384327,10.802469135802468,13.352120236178207,4.119699409554482,0.5636070853462157,0.5568974771873323,
183,20.739398819108963,25.328770799785293,10.661567364465915,13.828502415458937,10.876274825550189,13.325281803542673,4.119699409554482,0.5636070853462157,0.5568974771873323,
184,20.893719806763286,25.221417069243156,10.661567364465915,13.81508319914117,10.963499731615673,13.298443370907139,4.025764895330113,0.5636070853462157,0.5568974771873323,
185,20.779656468062264,25.201288244766506,10.654857756307031,13.868760064412239,10.856146001073537,13.439345142243694,3.9989264626945786,0.6575415995705851,0.5434782608695652,
186,20.8467525496511,25.187869028448738,10.621309715512615,13.868760064412239,10.856146001073537,13.372249060654857,3.992216854535695,0.6575415995705851,0.5971551261406334,
187,21.00107353730542,25.147611379495437,10.272410091250672,13.81508319914117,10.856146001073537,13.613794954374665,3.9855072463768115,0.6575415995705851,0.6508319914117016,
188,20.994363929146537,25.11406333870102,10.393183038110575,13.962694578636608,10.856146001073537,13.385668276972625,3.9855072463768115,0.6575415995705851,0.6508319914117016,
189,20.974235104669887,25.013419216317768,10.393183038110575,13.935856146001074,10.856146001073537,13.298443370907139,4.2203435319377345,0.6575415995705851,0.6508319914117016,
190,21.256038647342994,24.9597423510467,10.352925389157273,13.935856146001074,10.795759527643586,13.258185721953838,4.133118625872249,0.6575415995705851,0.6508319914117016,
191,21.256038647342994,24.953032742887814,10.0979602791197,13.935856146001074,11.171497584541063,13.144122383252817,4.133118625872249,0.6575415995705851,0.6508319914117016,
192,21.443907675791735,24.84567901234568,10.0979602791197,13.882179280730005,11.144659151905529,13.144122383252817,4.133118625872249,0.6575415995705851,0.6508319914117016,
193,21.571390230810522,24.798711755233494,10.077831454643048,13.882179280730005,11.144659151905529,13.09044551798175,4.126409017713366,0.6575415995705851,0.6508319914117016,
194,21.62506709608159,24.718196457326894,10.071121846484166,13.882179280730005,11.178207192699947,13.09044551798175,4.126409017713366,0.6575415995705851,0.6508319914117016,
195,21.62506709608159,24.402844873859365,10.064412238325282,13.882179280730005,11.285560923242082,13.305152979066023,4.126409017713366,0.6575415995705851,0.6508319914117016,
196,21.74584004294149,24.168008588298445,10.030864197530864,13.882179280730005,11.3593666129898,13.305152979066023,4.200214707461084,0.6575415995705851,0.6508319914117016,
197,19.83360171765969,19.135802469135804,8.353462157809984,24.530327428878152,10.84272678475577,12.352388620504563,3.7037037037037037,0.5904455179817498,0.6575415995705851,
198,19.83360171765969,19.129092860976918,8.440687063875469,24.496779388083738,10.84272678475577,12.338969404186795,3.670155662909286,0.5904455179817498,0.6575415995705851,
199,19.75979602791197,19.0955448201825,7.991143317230274,24.4296833064949,10.742082662372518,13.063607085346217,3.670155662909286,0.5904455179817498,0.6575415995705851,
200,19.81347289318304,18.907675791733762,8.407139023081053,24.329039184111647,10.433440687063875,13.01663982823403,3.6634460547504024,0.7716049382716049,0.6575415995705851,
201,19.90740740740741,18.82716049382716,8.407139023081053,24.22168545356951,10.413311862587225,12.93612453032743,3.6634460547504024,0.8990874932903918,0.7246376811594203,
202,20.28985507246377,18.820450885668276,8.380300590445518,23.993558776167472,10.406602254428341,12.848899624261943,3.656736446591519,0.8990874932903918,0.7045088566827697,
203,20.50456253354804,18.739935587761675,8.353462157809984,23.946591519055286,10.406602254428341,12.788513150831992,3.656736446591519,0.8990874932903918,0.7045088566827697,
204,20.618625872249062,18.719806763285025,8.353462157809984,23.67149758454106,10.38647342995169,12.775093934514224,3.6231884057971016,1.0131508319914118,0.8387010198604401,
205,20.705850778314545,18.679549114331724,8.353462157809984,23.637949543746647,10.38647342995169,12.761674718196458,3.6231884057971016,1.0131508319914118,0.8387010198604401,
206,20.853462157809982,18.5654857756307,8.353462157809984,23.60440150295223,10.38647342995169,12.761674718196458,3.6231884057971016,1.0131508319914118,0.8387010198604401,
207,20.45088566827697,19.102254428341386,8.28636607622115,23.537305421363392,10.38647342995169,12.761674718196458,3.6231884057971016,1.0131508319914118,0.8387010198604401,
208,20.578368223295758,18.947933440687063,8.272946859903382,23.470209339774556,10.171765968867419,12.754965110037574,3.743961352657005,1.247987117552335,0.8118625872249061,
209,20.605206655931294,18.471551261406333,8.232689210950081,23.450080515297905,10.19189479334407,12.754965110037574,4.233762748255502,1.247987117552335,0.8118625872249061,
210,20.538110574342458,18.42458400429415,8.494363929146537,23.1280193236715,10.19189479334407,12.815351583467525,4.233762748255502,1.247987117552335,0.9259259259259259,
211,20.638754696725712,18.397745571658614,8.487654320987655,23.027375201288244,10.319377348362856,12.74825550187869,4.233762748255502,1.221148684916801,0.9259259259259259,
212,20.202630166398283,18.364197530864196,8.373590982286634,21.67874396135266,8.205850778314547,17.09608158883521,4.166666666666667,1.2077294685990339,0.7045088566827697,
213,20.377079978529252,18.23671497584541,8.373590982286634,21.64519592055824,8.205850778314547,17.082662372517444,4.166666666666667,1.2077294685990339,0.7045088566827697,
214,20.242887815351583,18.12265163714439,8.3064949006978,21.920289855072465,8.28636607622115,17.04911433172303,4.166666666666667,1.2010198604401503,0.7045088566827697,
215,20.336822329575952,18.08239398819109,8.3064949006978,21.886741814278047,8.266237251744498,17.04911433172303,4.166666666666667,1.2010198604401503,0.7045088566827697,
216,20.37037037037037,18.08239398819109,8.3064949006978,21.846484165324746,8.225979602791197,16.888083735909824,4.314278046162104,1.2010198604401503,0.7045088566827697,0.06038647342995169
217,20.52469135802469,17.98845947396672,8.454106280193237,21.833064949006978,8.185721953837897,16.841116478797638,4.17337627482555,1.247987117552335,0.6910896403650026,0.06038647342995169
218,20.611916264090176,17.975040257648953,8.454106280193237,21.833064949006978,8.125335480407944,16.82769726247987,4.17337627482555,1.247987117552335,0.6910896403650026,0.06038647342995169
219,20.571658615136876,17.934782608695652,8.581588835212024,21.81964573268921,8.11862587224906,16.800858829844337,4.17337627482555,1.247987117552335,0.6910896403650026,0.06038647342995169
220,20.77294685990338,17.55233494363929,8.132045088566828,21.76596886741814,7.843531937734836,16.71363392377885,5.226784755770263,1.2412775093934514,0.6910896403650026,0.06038647342995169
221,20.98094471282877,17.51207729468599,8.091787439613526,21.71900161030596,7.843531937734836,16.63311862587225,5.226784755770263,1.2412775093934514,0.6910896403650026,0.06038647342995169
222,21.095008051529792,17.444981213097154,8.091787439613526,21.584809447128286,7.843531937734836,16.59957058507783,5.226784755770263,1.2412775093934514,0.8118625872249061,0.06038647342995169
223,20.00805152979066,19.45786366076221,7.64224369296833,20.8870101986044,7.541599570585078,17.156468062265162,5.193236714975845,1.2412775093934514,0.8118625872249061,0.06038647342995169
224,20.162372517444982,19.296833064949006,7.628824476650563,20.819914117015568,7.541599570585078,17.122920021470748,5.314009661835748,1.2412775093934514,0.8118625872249061,0.06038647342995169
225,20.28985507246377,19.256575415995705,7.615405260332796,20.67230273752013,7.494632313472893,17.10950080515298,5.314009661835748,1.3754696725711217,0.8118625872249061,0.06038647342995169
226,20.323403113258184,19.256575415995705,7.595276435856146,20.67230273752013,7.494632313472893,17.022275899087493,5.293880837359098,1.482823403113258,0.8118625872249061,0.04696725711218465
227,20.343531937734838,19.088835212023618,7.595276435856146,20.632045088566827,7.742887815351583,17.022275899087493,5.233494363929147,1.482823403113258,0.8118625872249061,0.04696725711218465
228,20.242887815351583,19.008319914117017,7.595276435856146,20.511272141706925,7.742887815351583,17.24369296833065,5.233494363929147,1.482823403113258,0.8923778851315083,0.04696725711218465
229,20.276435856146,19.028448738593667,7.595276435856146,20.497852925389157,7.7361782071927,17.21014492753623,5.233494363929147,1.482823403113258,0.8923778851315083,0.04696725711218465
230,20.33011272141707,19.028448738593667,7.595276435856146,20.497852925389157,7.729468599033816,17.16988727858293,5.226784755770263,1.482823403113258,0.8923778851315083,0.04696725711218465
231,20.41062801932367,19.028448738593667,7.595276435856146,20.48443370907139,7.729468599033816,17.102791196994094,5.226784755770263,1.482823403113258,0.8923778851315083,0.04696725711218465
232,20.33011272141707,19.316961889425656,7.561728395061729,20.377079978529252,7.85024154589372,16.935050993022006,5.2066559312936125,1.482823403113258,0.8923778851315083,0.04696725711218465
233,20.343531937734838,19.316961889425656,7.561728395061729,20.377079978529252,7.836822329575953,16.935050993022006,5.2066559312936125,1.482823403113258,0.8923778851315083,0.04696725711218465
234,20.417337627482556,19.07541599570585,7.6623725174449815,20.40391841116479,8.011272141706923,16.760601180891037,5.273752012882448,1.482823403113258,0.8655394524959742,0.04696725711218465
235,20.457595276435857,18.9345142243693,7.6623725174449815,20.37037037037037,8.011272141706923,16.901502952227588,5.273752012882448,1.4761137949543746,0.8655394524959742,0.04696725711218465
236,20.538110574342458,18.9345142243693,7.64224369296833,20.1959205582394,8.011272141706923,16.901502952227588,5.273752012882448,1.4761137949543746,0.9796027911969941,0.04696725711218465
237,20.679012345679013,18.84728931830381,8.548040794417606,19.92753623188406,7.877079978529254,16.431830381105744,5.267042404723564,1.3955984970477724,0.9796027911969941,0.04696725711218465
238,20.7662372517445,18.833870101986044,8.548040794417606,19.900697799248523,7.830112721417069,16.431830381105744,5.267042404723564,1.3955984970477724,0.9796027911969941,0.04696725711218465
239,20.73268921095008,18.47826086956522,8.682232957595277,19.73966720343532,7.7831454643048845,16.398282340311326,5.649490069779925,1.5096618357487923,0.9796027911969941,0.04696725711218465
240,21.088298443370906,18.357487922705314,8.648684916800859,19.685990338164252,7.6556629092860975,16.391572732152444,5.636070853462158,1.5096618357487923,0.9796027911969941,0.04696725711218465
