,45,50,55,51,52,57,54,53,56,59,60,58
0,99.52361782071927,0.47638217928073,,,,,,,,,,
1,97.04106280193237,2.9589371980676327,,,,,,,,,,
2,93.96806226516371,6.031937734836285,,,,,,,,,,
3,51.27482555018787,46.63848631239936,2.086688137412775,,,,,,,,,
4,49.3491680085883,48.13472893183038,2.5161030595813205,,,,,,,,,
5,48.429951690821255,48.93317230273752,2.636876006441224,,,,,,,,,
6,48.26221148684917,48.7788513150832,2.7777777777777777,0.0939345142243693,0.08722490606548577,,,,,,,
7,45.67230273752013,51.33521202361782,2.8113258185721954,0.0939345142243693,0.08722490606548577,,,,,,,
8,45.3569511540526,51.35534084809447,3.052871712292002,0.12077294685990338,0.08722490606548577,0.026838432635534086,,,,,,
9,42.632850241545896,52.703972088030056,3.307836822329576,0.10735373054213634,0.08722490606548577,0.026838432635534086,1.133923778851315,,,,,
10,42.64626945786366,52.37520128824477,3.6231884057971016,0.10735373054213634,0.08722490606548577,0.026838432635534086,1.133923778851315,,,,,
11,42.230273752012884,50.946054750402574,3.683574879227053,0.10735373054213634,0.08722490606548577,0.026838432635534086,0.7112184648416533,2.2074610842726785,,,,
12,40.371712292002144,52.603327965646805,3.7037037037037037,0.10735373054213634,0.08722490606548577,0.14090177133655393,0.6239935587761675,2.147074610842727,0.15432098765432098,0.06038647342995169,,
13,40.47906602254428,52.31481481481482,3.864734299516908,0.10735373054213634,0.08722490606548577,0.14090177133655393,0.6105743424584005,2.147074610842727,0.15432098765432098,0.06038647342995169,0.03354804079441761,
14,40.465646806226516,52.41545893719807,3.864734299516908,0.10735373054213634,0.08722490606548577,0.14090177133655393,0.6105743424584005,2.0665593129361244,0.15432098765432098,0.05367686527106817,0.03354804079441761,
15,40.53945249597424,49.67122920021471,3.878153515834675,0.1610305958132045,0.08722490606548577,0.14090177133655393,0.8588298443370908,4.42163177670424,0.15432098765432098,0.05367686527106817,0.03354804079441761,
16,40.50590445517982,49.59742351046699,3.878153515834675,0.1610305958132045,0.08722490606548577,0.2281266774020397,0.8319914117015567,4.468599033816425,0.15432098765432098,0.05367686527106817,0.03354804079441761,
17,40.43880837359098,49.20155662909286,4.206924315619967,0.2952227589908749,0.08722490606548577,0.2281266774020397,0.8118625872249061,4.3545356951154055,0.15432098765432098,0.05367686527106817,0.03354804079441761,0.13419216317767044
18,40.01610305958132,45.02818035426731,7.608695652173913,0.2952227589908749,0.08722490606548577,0.2281266774020397,2.15378421900161,4.206924315619967,0.15432098765432098,0.05367686527106817,0.03354804079441761,0.13419216317767044
19,39.89533011272142,44.498121309715515,6.971282877079979,0.2952227589908749,0.08722490606548577,0.2281266774020397,2.046430488459474,5.60252281266774,0.15432098765432098,0.05367686527106817,0.03354804079441761,0.13419216317767044
20,39.83494363929147,43.666129898013956,7.830112721417069,0.2952227589908749,0.08722490606548577,0.2281266774020397,2.046430488459474,5.609232420826624,0.15432098765432098,0.05367686527106817,0.020128824476650563,0.17444981213097155
21,39.82823403113258,43.666129898013956,7.816693505099302,0.2952227589908749,0.08722490606548577,0.2281266774020397,2.1135265700483092,5.562265163714439,0.15432098765432098,0.05367686527106817,0.020128824476650563,0.17444981213097155
22,39.95571658615137,41.84782608695652,9.346484165324744,0.2952227589908749,0.08722490606548577,0.38915727321524424,2.1135265700483092,5.562265163714439,0.15432098765432098,0.05367686527106817,0.020128824476650563,0.17444981213097155
23,39.79468599033817,41.277509393451425,9.192163177670425,0.2952227589908749,0.08722490606548577,0.38915727321524424,2.999194847020934,5.562265163714439,0.15432098765432098,0.05367686527106817,0.020128824476650563,0.17444981213097155
24,39.512882447665056,35.66156736446592,6.018518518518518,0.2952227589908749,0.08722490606548577,0.38915727321524424,13.043478260869565,4.783950617283951,0.15432098765432098,0.03354804079441761,0.020128824476650563,
25,39.14385399892646,35.05099302200752,5.917874396135265,0.2952227589908749,1.1808910359634996,0.38915727321524424,13.030059044551798,4.783950617283951,0.15432098765432098,0.03354804079441761,0.020128824476650563,
26,38.888888888888886,34.896672034353195,5.9447128287707995,0.322061191626409,1.1808910359634996,0.38915727321524424,13.177670424047236,4.918142780461621,0.15432098765432098,0.10735373054213634,0.020128824476650563,
27,38.67418142780462,33.15888352120236,5.797101449275362,0.322061191626409,0.8588298443370908,0.3757380568974772,12.97638217928073,7.333601717659689,0.15432098765432098,0.1878690284487386,0.020128824476650563,0.14090177133655393
28,38.506441223832525,33.25952764358561,5.770263016639828,0.27509393451422437,0.8588298443370908,0.3757380568974772,13.056897477187333,7.39398819108964,0.15432098765432098,0.1878690284487386,0.020128824476650563,0.14090177133655393
29,38.47289318303811,33.09849704777241,5.407944176060118,0.27509393451422437,0.95276435856146,0.1610305958132045,12.734836285560924,8.105206655931294,0.15432098765432098,0.322061191626409,0.020128824476650563,0.2952227589908749
30,38.65405260332797,32.769726247987116,5.475040257648954,0.27509393451422437,0.95276435856146,0.1610305958132045,12.815351583467525,8.105206655931294,0.15432098765432098,0.322061191626409,0.020128824476650563,0.2952227589908749
31,38.63392377885131,31.78341384863124,5.374396135265701,0.2616747181964573,0.9393451422436929,0.19457863660762212,13.828502415458937,8.05823939881911,0.2885131508319914,0.322061191626409,0.020128824476650563,0.2952227589908749
32,36.07085346215781,32.85024154589372,4.461889425657541,0.2616747181964573,0.8521202361782072,0.14761137949543746,14.224369296833064,10.245571658615138,0.2885131508319914,0.322061191626409,0.020128824476650563,0.2549651100375738
33,32.930756843800324,35.158346752549654,3.770799785292539,0.23483628556092323,0.7783145464304885,0.14761137949543746,14.251207729468598,11.829039184111648,0.30193236714975846,0.322061191626409,0.020128824476650563,0.2549651100375738
34,32.74288781535159,35.02415458937198,3.878153515834675,0.33548040794417605,0.8856682769726248,0.2147074610842727,14.318303811057435,11.701556629092861,0.30193236714975846,0.322061191626409,0.020128824476650563,0.2549651100375738
35,32.56172839506173,35.00402576489533,3.938539989264627,0.5233494363929146,0.8856682769726248,0.2147074610842727,14.27133655394525,11.701556629092861,0.30193236714975846,0.322061191626409,0.020128824476650563,0.2549651100375738
36,31.816961889425656,35.76221148684917,3.938539989264627,0.5233494363929146,0.8856682769726248,0.2147074610842727,14.257917337627482,11.701556629092861,0.30193236714975846,0.322061191626409,0.020128824476650563,0.2549651100375738
37,29.857756307031668,34.33977455716586,3.8177670424047236,0.5233494363929146,4.8443370907139025,0.2147074610842727,13.66076221148685,11.627750939345143,0.30193236714975846,0.5367686527106817,0.020128824476650563,0.2549651100375738
38,29.602791196994094,34.447128287708,3.851315083199141,0.5233494363929146,4.8443370907139025,0.2147074610842727,13.553408480944713,11.647879763821793,0.3757380568974772,0.5367686527106817,0.020128824476650563,0.3824476650563607
39,29.643048845947398,34.41358024691358,3.851315083199141,0.5233494363929146,4.8443370907139025,0.2147074610842727,13.553408480944713,11.641170155662909,0.3757380568974772,0.5367686527106817,0.020128824476650563,0.3824476650563607
40,29.602791196994094,34.554482018250134,3.851315083199141,0.5233494363929146,4.783950617283951,0.2147074610842727,13.466183574879228,11.641170155662909,0.3757380568974772,0.5837359098228664,0.020128824476650563,0.3824476650563607
41,29.582662372517444,34.54106280193237,3.8848631239935587,0.5233494363929146,4.783950617283951,0.2147074610842727,13.499731615673644,11.60762211486849,0.3757380568974772,0.5837359098228664,0.020128824476650563,0.3824476650563607
42,29.60950080515298,34.514224369296834,3.8848631239935587,0.5233494363929146,4.783950617283951,0.16774020397208803,13.560118089103597,11.594202898550725,0.3757380568974772,0.5837359098228664,0.020128824476650563,0.3824476650563607
43,27.66371443907676,34.72222222222222,3.69699409554482,2.2611379495437465,7.950885668276973,0.1610305958132045,10.520665593129362,11.392914653784219,0.6105743424584005,0.6172839506172839,0.020128824476650563,0.3824476650563607
44,27.63016639828234,34.004294149221685,3.280998389694042,2.2074610842726785,7.9106280193236715,0.1610305958132045,10.493827160493828,12.714707461084272,0.5971551261406334,0.6172839506172839,,0.3824476650563607
45,26.710950080515296,35.05099302200752,3.421900161030596,2.0531400966183573,7.816693505099302,0.2616747181964573,10.38647342995169,12.714707461084272,0.5971551261406334,0.6172839506172839,,0.36902844873859364
46,26.85185185185185,34.96376811594203,3.455448201825013,2.0531400966183573,7.682501341921632,0.4025764895330113,10.165056360708535,12.620772946859903,0.5837359098228664,0.6172839506172839,,0.6038647342995169
47,26.89210950080515,34.84970477724101,3.5091250670960816,1.9860440150295222,7.682501341921632,0.47638217928073,10.151637144390767,12.553676865271068,0.5837359098228664,0.6172839506172839,,0.6977992485238862
48,21.69887278582931,39.734299516908216,3.603059581320451,2.328234031132582,7.353730542136339,0.47638217928073,10.466988727858293,12.184648416532475,0.5837359098228664,0.6172839506172839,,0.95276435856146
49,21.215780998389693,37.82877079978529,3.3413848631239937,2.328234031132582,16.955179817498657,0.322061191626409,5.3341384863123995,11.084272678475577,0.5837359098228664,0.14090177133655393,,0.8655394524959742
50,21.28287707997853,37.68786902844874,3.7909286097691894,2.328234031132582,16.525764895330113,0.322061191626409,5.387815351583468,11.084272678475577,0.5837359098228664,0.14090177133655393,,0.8655394524959742
51,21.564680622651636,37.31213097155126,3.750670960815888,2.328234031132582,16.49892646269458,0.4495437466451959,5.381105743424584,10.889694041867955,0.5837359098228664,0.3757380568974772,,0.8655394524959742
52,21.128556092324207,29.582662372517444,3.475577026301664,10.547504025764896,16.472088030059044,0.4495437466451959,5.595813204508857,10.86285560923242,0.644122383252818,0.3757380568974772,,0.8655394524959742
53,19.102254428341386,37.533548040794415,3.3480944712828773,5.032206119162641,16.337895866881375,0.4495437466451959,5.562265163714439,10.775630703166936,0.6172839506172839,0.3757380568974772,,0.8655394524959742
54,19.162640901771336,37.493290391841114,3.3480944712828773,5.065754159957058,16.337895866881375,0.4495437466451959,5.548845947396672,10.668276972624799,0.6172839506172839,0.3757380568974772,,0.9326355340848095
55,18.853998926462694,37.05716586151369,3.1736446591519054,4.85775630703167,17.807300053676865,0.4227053140096618,5.776972624798712,10.057702630166398,0.7716049382716049,0.3757380568974772,,0.8454106280193237
56,18.947933440687063,36.85587761674718,3.33467525496511,4.85775630703167,17.807300053676865,0.4227053140096618,5.736714975845411,10.044283413848632,0.7716049382716049,0.3757380568974772,,0.8454106280193237
57,18.9747718733226,36.540526033279654,3.361513687600644,4.810789049919484,17.58588298443371,0.5703166935050993,6.0654857756307035,10.0979602791197,0.7716049382716049,0.3757380568974772,,0.8454106280193237
58,18.5654857756307,35.44015029522276,3.4017713365539453,4.777241009125067,17.579173376274827,0.5703166935050993,7.796564680622652,9.863123993558776,0.7716049382716049,0.38915727321524424,,0.8454106280193237
59,18.5252281266774,34.715512614063336,3.3816425120772946,7.199409554482019,16.23725174449812,0.8319914117015567,7.367149758454106,9.749060654857756,0.7917337627482555,0.38915727321524424,,0.8118625872249061
60,18.55877616747182,34.326355340848096,3.455448201825013,7.239667203435319,16.42512077294686,1.0399892646269457,7.212828770799785,9.749060654857756,0.7917337627482555,0.38915727321524424,,0.8118625872249061
61,18.71309715512614,34.064680622651636,3.629898013955985,7.092055823939882,16.418411164787976,1.1205045625335481,7.185990338164252,9.608158883521202,1.0064412238325282,0.38915727321524424,,0.7716049382716049
62,18.572195383789587,32.50805152979066,3.616478797638218,7.071926999463232,16.51905528717123,1.2144390767579174,7.232957595276436,11.023886205045626,1.0802469135802468,0.38915727321524424,,0.7716049382716049
63,18.612453032742888,32.23295759527644,3.750670960815888,7.0450885668276975,16.545893719806763,1.3217928073000538,7.226247987117552,10.88298443370907,1.0802469135802468,0.38915727321524424,,0.9125067096081588
64,18.38432635534085,31.112453032742888,4.871175523349437,7.0450885668276975,15.593129361245303,1.570048309178744,8.091787439613526,10.836017176596886,1.1943102522812667,0.38915727321524424,,0.9125067096081588
65,18.16290928609769,29.54911433172303,4.824208266237251,9.232420826623725,17.290660225442835,1.6237251744498122,6.038647342995169,10.641438539989265,1.3486312399355878,0.3757380568974772,,0.9125067096081588
66,17.975040257648953,29.05931293612453,4.488727858293076,12.298711755233494,17.143048845947398,1.5163714439076759,5.797101449275362,9.339774557165862,1.2278582930756843,0.35560923242082665,,0.798443370907139
67,17.954911433172303,29.07944176060118,4.461889425657541,12.298711755233494,17.136339237788512,1.556629092860977,5.723295759527644,9.339774557165862,1.3083735909822867,0.35560923242082665,,0.785024154589372
68,18.203166935050994,28.92512077294686,4.502147074610843,12.171229200214707,17.09608158883521,1.6572732152442298,5.669618894256575,9.245840042941492,1.3888888888888888,0.35560923242082665,,0.785024154589372
69,18.438003220611915,26.744498121309714,4.274020397208803,12.130971551261407,16.70692431561997,1.8384326355340848,5.5756843800322065,11.493558776167472,1.5230810520665594,0.4092860976918948,,0.8655394524959742
70,18.55877616747182,25.328770799785293,4.314278046162104,11.869296833064949,16.0426731078905,1.8518518518518519,7.950885668276973,10.970209339774557,1.7176596886741815,0.5300590445517982,,0.8655394524959742
71,18.612453032742888,25.228126677402038,4.300858829844337,11.869296833064949,16.0426731078905,1.8518518518518519,8.011272141706923,10.876274825550189,1.8115942028985508,0.5300590445517982,,0.8655394524959742
72,18.55877616747182,25.07380568974772,4.5960815888352125,11.386205045625335,16.55931293612453,1.8518518518518519,7.977724100912507,10.809178743961352,1.7310789049919484,0.5233494363929146,,0.9326355340848095
73,18.71309715512614,24.530327428878152,4.5893719806763285,11.124530327428879,17.632850241545892,1.9726247987117553,7.454374664519592,10.829307568438002,1.6975308641975309,0.5233494363929146,,0.9326355340848095
74,18.813741277509394,24.436392914653783,4.609500805152979,11.084272678475577,17.632850241545892,1.9726247987117553,7.387278582930757,10.929951690821255,1.6774020397208802,0.5233494363929146,,0.9326355340848095
75,18.95464304884595,24.322329575952764,4.609500805152979,11.104401502952227,17.324208266237253,2.2208803005904456,7.461084272678476,10.896403650026839,1.6774020397208802,0.5233494363929146,,0.9057971014492754
76,18.9747718733226,24.362587224906065,4.690016103059581,11.05072463768116,17.290660225442835,2.254428341384863,7.447665056360709,10.849436392914654,1.6505636070853462,0.5233494363929146,,0.9057971014492754
77,19.048577563070317,24.288781535158346,4.8376274825550185,10.929951690821255,17.257112184648417,2.1739130434782608,7.333601717659689,10.82259796027912,1.7646269457863661,0.6374127750939346,,0.9057971014492754
78,19.290123456790123,24.268652710681696,4.958400429414922,10.82259796027912,17.156468062265162,2.147074610842727,7.14573268921095,10.715244229736983,1.8048845947396672,0.6374127750939346,,1.0534084809447128
79,19.30354267310789,23.89291465378422,5.025496511003757,10.715244229736983,17.11621041331186,2.147074610842727,7.212828770799785,10.950080515297907,1.865271068169619,0.6374127750939346,,1.133923778851315
80,19.276704240472355,24.013687600644122,5.132850241545894,10.715244229736983,16.928341384863124,2.167203435319377,7.179280730005368,11.017176596886742,1.7981749865807837,0.6374127750939346,,1.133923778851315
81,18.840579710144926,22.611379495437465,3.9855072463768115,10.587761674718196,17.223564143854,2.2208803005904456,10.373054213633925,10.695115405260333,1.6975308641975309,0.6374127750939346,,1.1272141706924315
82,18.887546967257112,22.604669887278583,3.9855072463768115,10.493827160493828,17.317498658078367,2.2208803005904456,9.91009125067096,10.641438539989265,1.7646269457863661,1.0466988727858293,,1.1272141706924315
83,18.746645195920557,22.7187332259796,3.965378421900161,10.527375201288244,17.317498658078367,2.2208803005904456,9.88996242619431,10.567632850241546,1.8719806763285025,1.0466988727858293,,1.1272141706924315
84,18.780193236714975,22.638217928073,4.032474503488996,10.547504025764896,17.28395061728395,2.2208803005904456,9.77589908749329,10.560923242082662,1.9457863660762211,1.0869565217391304,,1.1272141706924315
85,18.766774020397207,22.443639291465377,4.139828234031133,10.628019323671497,17.317498658078367,2.187332259796028,9.742351046698873,10.621309715512615,1.9390767579173376,1.0869565217391304,,1.1272141706924315
86,17.270531400966185,19.410896403650028,5.837359098228664,14.016371443907676,17.062533548040793,2.1806226516371443,9.567901234567902,10.305958132045088,2.13365539452496,1.0869565217391304,,1.1272141706924315
87,17.19001610305958,19.33709071390231,5.884326355340848,14.06333870101986,17.04911433172303,2.1806226516371443,9.567901234567902,10.305958132045088,2.2074610842726785,1.0869565217391304,,1.1272141706924315
88,17.257112184648417,19.236446591519055,5.991680085882985,13.935856146001074,17.05582393988191,2.1806226516371443,9.608158883521202,10.165056360708535,2.2946859903381642,1.1540526033279657,,1.1205045625335481
89,17.330917874396135,19.162640901771336,5.971551261406334,13.90901771336554,18.853998926462694,2.2946859903381642,7.843531937734836,10.144927536231885,2.26784755770263,1.1003757380568975,,1.1205045625335481
90,17.753623188405797,19.02173913043478,4.871175523349437,13.613794954374665,19.786634460547504,2.2946859903381642,7.890499194847021,10.138217928073,2.408749329039184,1.1003757380568975,,1.1205045625335481
91,17.216854535695116,18.887546967257112,4.864465915190553,13.902308105206655,21.28287707997853,2.2946859903381642,7.588566827697263,9.386741814278047,2.5966183574879227,0.8923778851315083,,1.0869565217391304
92,17.344337090713903,18.552066559312937,4.616210413311863,13.714439076757918,21.202361782071925,2.254428341384863,7.588566827697263,10.426731078904991,2.5697799248523885,0.7313472893183038,,0.9997316156736447
93,17.391304347826086,18.5252281266774,4.616210413311863,13.741277509393452,21.088298443370906,2.227589908749329,7.521470746108427,10.426731078904991,2.703972088030059,0.7716049382716049,,0.9863123993558777
94,17.310789049919485,18.59903381642512,4.656468062265164,13.727858293075684,20.933977455716587,2.1806226516371443,7.454374664519592,10.420021470746109,2.9052603327965647,0.8252818035426731,,0.9863123993558777
95,17.28395061728395,17.746913580246915,4.42163177670424,13.70101986044015,20.638754696725712,2.3886205045625335,8.480944712828771,10.61460010735373,2.9119699409554483,0.8252818035426731,,0.9863123993558777
96,17.52549651100376,17.726784755770264,4.42163177670424,13.593666129898015,20.544820182501343,2.3886205045625335,8.427267847557703,10.755501878690284,2.804616210413312,0.8252818035426731,,0.9863123993558777
97,17.465110037573805,17.431561996779386,4.622920021470746,13.781535158346752,20.491143317230275,2.3886205045625335,8.521202361782072,10.782340311325818,2.657004830917874,0.8252818035426731,,1.0332796564680622
98,17.424852388620504,17.465110037573805,4.582662372517445,13.674181427804616,20.33011272141707,2.6972624798711755,8.742619431025227,10.59447128287708,2.657004830917874,0.798443370907139,,1.0332796564680622
99,17.72007514761138,17.384594739667204,4.575952764358561,13.466183574879228,20.12211486849168,2.898550724637681,8.682232957595277,10.44015029522276,2.8515834675254963,0.798443370907139,,1.0601180891035964
100,17.753623188405797,17.444981213097154,4.575952764358561,13.466183574879228,20.00805152979066,3.026033279656468,8.635265700483092,10.379763821792807,2.8515834675254963,0.798443370907139,,1.0601180891035964
101,17.66639828234031,17.612721417069242,4.542404723564144,13.39237788513151,19.96779388083736,3.026033279656468,8.709071390230811,10.379763821792807,2.9052603327965647,0.7380568974771873,,1.0601180891035964
102,17.54562533548041,17.250402576489535,4.602791196994096,16.97530864197531,18.927804616210413,2.7643585614600106,8.32662372517445,9.420289855072463,2.61003757380569,0.5300590445517982,,1.0466988727858293
103,17.498658078368223,17.11621041331186,4.690016103059581,16.968599033816425,18.820450885668276,2.831454643048846,8.407139023081053,9.460547504025765,2.657004830917874,0.5300590445517982,,1.0198604401502953
104,16.445249597423512,16.378153515834676,4.367954911433173,21.920289855072465,18.16290928609769,2.589908749329039,7.48792270531401,8.474235104669887,2.690552871712292,0.5300590445517982,,0.95276435856146
105,16.472088030059044,16.378153515834676,4.428341384863124,22.517444981213096,17.894524959742352,2.5496511003757383,7.742887815351583,7.729468599033816,2.844873859366613,0.48980139559849706,,0.95276435856146
106,16.606280193236714,16.324476650563607,4.64975845410628,22.309447128287708,17.773752012882447,2.6704240472356413,7.695920558239399,7.682501341921632,2.844873859366613,0.48980139559849706,,0.95276435856146
107,15.868223295759528,16.09634997316157,5.756843800322061,20.933977455716587,19.290123456790123,2.5966183574879227,7.675791733762749,7.514761137949543,2.8247450348899625,0.48980139559849706,,0.95276435856146
108,15.94873859366613,16.002415458937197,6.374127750939345,20.819914117015568,18.99490069779925,2.5831991411701556,7.675791733762749,7.273215244229737,2.9388083735909825,0.43612453032742887,,0.95276435856146
109,15.995705850778315,15.794417606011809,6.454643048845948,20.625335480407944,18.90096618357488,2.717391304347826,7.809983896940419,7.212828770799785,3.099838969404187,0.43612453032742887,,0.95276435856146
110,16.022544283413847,15.754159957058508,6.615673644659152,20.558239398819108,18.719806763285025,2.7777777777777777,7.722758990874933,7.212828770799785,3.2340311325818574,0.4294149221685454,,0.95276435856146
111,16.09634997316157,15.53274288781535,6.6760601180891035,20.30998389694042,18.397745571658614,2.85829307568438,8.051529790660226,7.1725711218464845,3.4822866344605474,0.4294149221685454,,0.9930220075147611
112,16.15673644659152,15.485775630703166,6.689479334406871,20.202630166398283,18.397745571658614,2.85829307568438,8.152173913043478,7.125603864734299,3.549382716049383,0.4294149221685454,,0.95276435856146
113,16.13660762211487,15.45222758990875,6.66935050993022,20.1959205582394,18.189747718733226,2.952227589908749,8.246108427267847,7.085346215780999,3.6902844873859366,0.4294149221685454,,0.95276435856146
114,16.23054213633924,15.391841116478798,6.66935050993022,20.169082125603865,18.156199677938808,2.844873859366613,8.232689210950081,7.1658615136876005,3.7573805689747717,0.4294149221685454,,0.95276435856146
115,16.465378421900162,15.371712292002147,6.66935050993022,20.108695652173914,18.156199677938808,2.844873859366613,8.232689210950081,7.078636607622115,3.7573805689747717,0.4294149221685454,,0.8856682769726248
116,16.465378421900162,15.271068169618895,6.629092860976919,19.83360171765969,18.04213633923779,2.844873859366613,8.373590982286634,7.078636607622115,4.146537842190016,0.4294149221685454,,0.8856682769726248
117,16.451959205582394,15.069779924852389,6.830381105743425,19.0150295222759,18.65271068169619,2.9924852388620504,8.3467525496511,6.998121309715513,4.274020397208803,0.4294149221685454,,0.9393451422436929
118,16.465378421900162,15.056360708534621,6.944444444444445,18.927804616210413,18.572195383789587,2.9790660225442833,8.225979602791197,6.9243156199677935,4.53569511540526,0.4294149221685454,,0.9393451422436929
119,16.5727321524423,14.942297369833602,6.944444444444445,18.874127750939344,18.451422436929683,3.052871712292002,8.393719806763285,6.89747718733226,4.502147074610843,0.4294149221685454,,0.9393451422436929
120,16.42512077294686,14.841653247450349,6.025228126677402,19.504830917874397,18.16290928609769,3.052871712292002,9.574610842726784,6.501610305958132,4.555823939881911,0.4227053140096618,,0.9326355340848095
121,16.150026838432634,14.80810520665593,5.924584004294149,19.384057971014492,19.384057971014492,2.9119699409554483,9.480676328502415,6.146001073537305,4.455179817498658,0.4227053140096618,,0.9326355340848095
122,15.98899624261943,14.727589908749328,5.407944176060118,19.51154052603328,20.44417606011809,2.831454643048846,9.306226516371444,6.011808910359635,4.42163177670424,0.4227053140096618,,0.9259259259259259
123,16.14331723027375,14.720880300590446,5.622651637144391,19.108964036500268,20.377079978529252,2.831454643048846,9.192163177670425,6.092324208266238,4.562533548040794,0.4227053140096618,,0.9259259259259259
124,16.284219001610307,14.123725174449811,5.515297906602254,19.867149758454108,20.40391841116479,2.7844873859366612,8.957326892109501,6.018518518518518,4.7101449275362315,0.4227053140096618,,0.9125067096081588
125,16.485507246376812,14.06333870101986,5.629361245303274,19.82018250134192,20.336822329575952,2.8918411164787976,8.749329039184111,6.005099302200751,4.683306494900698,0.4227053140096618,,0.9125067096081588
126,16.49892646269458,13.962694578636608,5.743424584004294,19.699409554482017,20.041599570585078,3.0193236714975846,8.917069243156199,5.991680085882985,4.7101449275362315,0.4227053140096618,,0.9930220075147611
127,16.63311862587225,13.79495437466452,5.763553408480945,19.57192699946323,20.101986044015028,3.1468062265163717,8.829844337090714,6.119162640901771,4.622920021470746,0.4227053140096618,,0.9930220075147611
128,16.552603327965645,13.761406333870102,5.870907139023081,20.061728395061728,19.96779388083736,3.3950617283950617,8.61513687600644,5.978260869565218,4.461889425657541,0.3421900161030596,,0.9930220075147611
129,16.800858829844337,13.654052603327965,6.005099302200751,19.860440150295222,19.81347289318304,3.4420289855072466,8.628556092324208,5.938003220611916,4.528985507246377,0.3421900161030596,,0.9863123993558777
130,16.700214707461082,13.553408480944713,6.005099302200751,20.108695652173914,19.773215244229736,3.5091250670960816,8.393719806763285,5.958132045088567,4.609500805152979,0.3153515834675255,,1.0735373054213635
131,16.666666666666668,13.385668276972625,6.005099302200751,19.96779388083736,19.712828770799785,3.5091250670960816,8.21256038647343,6.494900697799249,4.663177670424047,0.30864197530864196,,1.0735373054213635
132,16.71363392377885,13.372249060654857,5.991680085882985,19.83360171765969,19.679280730005367,3.5091250670960816,8.125335480407944,6.729736983360172,4.663177670424047,0.30864197530864196,,1.0735373054213635
133,16.67337627482555,13.331991411701557,6.025228126677402,19.753086419753085,19.612184648416534,3.549382716049383,8.111916264090176,6.649221685453569,4.911433172302737,0.30864197530864196,,1.0735373054213635
134,16.720343531937736,13.123993558776167,6.199677938808374,19.887278582930758,19.504830917874397,3.535963499731616,8.011272141706923,6.729736983360172,4.911433172302737,0.36902844873859364,,1.0064412238325282
135,16.854535695115406,12.969672571121846,6.280193236714976,19.826892109500804,19.229736983360173,3.6902844873859366,8.004562533548041,6.729736983360172,5.045625335480408,0.36231884057971014,,1.0064412238325282
136,16.908212560386474,12.969672571121846,6.421095008051529,19.766505636070853,19.0150295222759,3.6902844873859366,8.004562533548041,6.729736983360172,5.132850241545894,0.36231884057971014,,0.9997316156736447
137,16.955179817498657,12.828770799785293,6.421095008051529,19.585346215780998,18.907675791733762,3.6902844873859366,8.05823939881911,6.904186795491143,5.287171229200215,0.36231884057971014,,0.9997316156736447
138,17.09608158883521,12.754965110037574,6.347289318303811,19.41760601180891,18.370907139023082,3.5762211486849167,8.145464304884594,7.514761137949543,5.421363392377885,0.36231884057971014,,0.9930220075147611
139,16.988727858293075,12.70799785292539,6.333870101986044,19.269994632313473,17.860976918947934,3.717122920021471,8.507783145464305,7.709339774557166,5.548845947396672,0.36231884057971014,,0.9930220075147611
140,17.022275899087493,12.647611379495437,6.333870101986044,19.182769726247987,17.082662372517444,3.6902844873859366,8.393719806763285,8.655394524959743,5.642780461621041,0.36231884057971014,,0.9863123993558777
141,17.176596886741816,12.614063338701019,6.327160493827161,19.122383252818036,17.04911433172303,3.7640901771336552,8.313204508856682,8.641975308641975,5.656199677938808,0.3488996242619431,,0.9863123993558777
142,17.330917874396135,12.546967257112184,6.4345142243692965,19.03515834675255,17.04911433172303,3.7640901771336552,8.353462157809984,8.608427267847558,5.542136339237788,0.3488996242619431,,0.9863123993558777
143,17.28395061728395,12.432903918411165,6.602254428341385,18.800322061191626,17.03569511540526,3.7573805689747717,8.313204508856682,8.923778851315083,5.542136339237788,0.3488996242619431,,0.9594739667203436
144,17.364465915190554,12.359098228663447,6.575415995705851,18.773483628556093,17.042404723564143,3.7573805689747717,8.340042941492216,8.984165324745035,5.495169082125604,0.3488996242619431,,0.9594739667203436
145,17.364465915190554,12.332259796027913,6.689479334406871,18.592324208266238,16.982018250134193,3.7238325281803544,8.340042941492216,9.145195920558239,5.522007514761138,0.3488996242619431,,0.9594739667203436
146,17.51207729468599,12.332259796027913,6.816961889425658,18.431293612453032,16.814278046162105,3.7104133118625873,8.353462157809984,9.212292002147075,5.508588298443371,0.3488996242619431,,0.9594739667203436
147,17.391304347826086,12.52012882447665,7.085346215780999,18.33064949006978,16.626409017713364,3.6500268384326353,8.360171765968868,9.118357487922705,5.609232420826624,0.3488996242619431,,0.9594739667203436
148,17.371175523349436,12.318840579710145,7.132313472893183,18.297101449275363,16.304347826086957,3.4420289855072466,8.225979602791197,10.0979602791197,5.501878690284487,0.3488996242619431,,0.9594739667203436
149,17.28395061728395,12.191358024691358,7.132313472893183,18.00858829844337,16.760601180891037,3.435319377348363,8.192431561996779,10.091250670960816,5.595813204508857,0.3488996242619431,,0.9594739667203436
150,17.404723564143854,12.151100375738057,7.179280730005368,17.673107890499196,16.740472356414386,3.435319377348363,8.192431561996779,10.091250670960816,5.8239398819108965,0.3488996242619431,,0.9594739667203436
151,17.317498658078367,12.097423510466989,7.232957595276436,17.619431025228128,16.566022544283413,3.408480944712829,8.628556092324208,10.071121846484166,5.750134192163178,0.3488996242619431,,0.9594739667203436
152,17.391304347826086,11.949812130971551,7.219538378958669,17.76033279656468,16.552603327965645,3.3950617283950617,8.628556092324208,10.044283413848632,5.750134192163178,0.3488996242619431,,0.9594739667203436
153,17.485238862050455,11.936392914653783,7.03166935050993,18.377616747181964,16.458668813741276,3.374932903918411,8.299785292538916,9.98389694041868,5.743424584004294,0.3488996242619431,,0.9594739667203436
154,17.458400429414922,11.822329575952764,7.004830917874396,18.59903381642512,16.371443907675793,3.374932903918411,8.333333333333334,9.98389694041868,5.743424584004294,0.3488996242619431,,0.9594739667203436
155,16.552603327965645,13.486312399355878,7.1725711218464845,17.881105743424584,16.25738056897477,3.3145464304884595,8.521202361782072,9.66183574879227,5.844068706387547,0.3488996242619431,,0.9594739667203436
156,16.71363392377885,13.486312399355878,7.1725711218464845,17.652979066022546,16.15673644659152,3.2877079978529253,8.507783145464305,9.73564143853999,5.978260869565218,0.3488996242619431,,0.9594739667203436
157,16.686795491143318,13.479602791196994,8.809715512614064,16.908212560386474,15.539452495974235,3.1535158346752548,8.507783145464305,9.594739667203436,5.991680085882985,0.322061191626409,,1.0064412238325282
158,16.982018250134193,13.405797101449275,8.769457863660762,16.820987654320987,15.519323671497585,3.1535158346752548,8.487654320987655,9.554482018250134,5.978260869565218,0.322061191626409,,1.0064412238325282
159,16.51905528717123,13.191089640365004,8.695652173913043,18.800322061191626,15.177133655394526,2.985775630703167,8.387010198604402,9.131776704240472,5.837359098228664,0.322061191626409,,0.95276435856146
160,16.532474503488995,12.99651100375738,8.849973161567364,18.853998926462694,15.163714439076758,2.9052603327965647,8.340042941492216,9.245840042941492,5.837359098228664,0.322061191626409,,0.95276435856146
161,16.378153515834676,13.070316693505099,8.856682769726248,20.665593129361245,14.486044015029522,2.8650026838432634,8.259527643585615,8.373590982286634,5.770263016639828,0.322061191626409,,0.95276435856146
162,16.398282340311326,13.056897477187333,8.836553945249598,20.705850778314545,14.472624798711756,2.8650026838432634,8.259527643585615,8.373590982286634,5.756843800322061,0.322061191626409,,0.95276435856146
163,16.364734299516908,12.902576489533011,8.856682769726248,20.591787439613526,14.55984970477724,2.8650026838432634,8.36688137412775,8.447396672034353,5.770263016639828,0.322061191626409,,0.95276435856146
164,16.525764895330113,12.869028448738593,8.702361782071927,20.397208803005906,14.512882447665056,2.985775630703167,8.400429414922169,8.527911969940956,5.803811057434245,0.322061191626409,,0.95276435856146
165,16.63311862587225,12.929414922168545,8.729200214707461,20.29656468062265,14.439076757917338,2.965646806226516,8.53462157809984,8.494363929146537,5.703166935050993,0.322061191626409,,0.95276435856146
166,16.639828234031132,12.989801395598498,8.829844337090714,20.04830917874396,14.472624798711756,2.932098765432099,8.507783145464305,8.494363929146537,5.810520665593129,0.322061191626409,,0.95276435856146
167,16.438539989264626,12.634192163177671,8.769457863660762,19.82018250134192,15.143585614600108,2.7979066022544283,8.3467525496511,9.01100375738057,5.750134192163178,0.30193236714975846,,0.9863123993558777
168,16.492216854535695,12.526838432635534,8.78287707997853,19.57192699946323,15.170424047235642,2.7979066022544283,8.319914117015566,9.064680622651638,5.984970477724101,0.30193236714975846,,0.9863123993558777
169,16.492216854535695,12.526838432635534,8.78287707997853,19.47799248523886,15.170424047235642,2.7979066022544283,8.319914117015566,9.064680622651638,6.078904991948471,0.30193236714975846,,0.9863123993558777
170,16.59286097691895,12.493290391841116,8.76274825550188,19.35721953837896,15.13016639828234,2.7979066022544283,8.299785292538916,9.078099838969404,6.219806763285024,0.30193236714975846,,0.966183574879227
171,16.57944176060118,11.560654857756306,8.76274825550188,19.236446591519055,16.14331723027375,2.7643585614600106,8.333333333333334,9.037842190016104,6.300322061191626,0.30193236714975846,,0.9796027911969941
172,16.659957058507782,11.560654857756306,8.964036500268385,19.135802469135804,16.1231884057971,2.831454643048846,8.246108427267847,8.917069243156199,6.280193236714976,0.30193236714975846,,0.9796027911969941
173,16.834406870638755,11.480139559849706,8.903650026838433,19.03515834675255,16.11647879763822,2.818035426731079,8.279656468062266,8.903650026838433,6.347289318303811,0.30193236714975846,,0.9796027911969941
174,17.002147074610843,11.446591519055287,8.93719806763285,18.99490069779925,15.94873859366613,2.8247450348899625,8.427267847557703,8.876811594202898,6.300322061191626,0.2616747181964573,,0.9796027911969941
175,16.854535695115406,11.218464841653248,9.29951690821256,18.914385399892645,15.861513687600644,2.8247450348899625,8.796296296296296,8.796296296296296,6.320450885668277,0.2616747181964573,,0.8521202361782072
176,16.961889425657542,11.151368760064413,9.272678475577026,18.82716049382716,15.827965646806227,2.8247450348899625,8.742619431025227,8.84326355340848,6.481481481481482,0.2616747181964573,,0.8051529790660226
177,16.961889425657542,11.124530327428879,9.219001610305957,18.686258722490606,16.022544283413847,2.8247450348899625,8.742619431025227,8.78287707997853,6.582125603864735,0.24825550187869028,,0.8051529790660226
178,15.391841116478798,10.11808910359635,8.957326892109501,22.356414385399894,15.351583467525497,2.818035426731079,8.776167471819646,8.742619431025227,6.4345142243692965,0.24825550187869028,,0.8051529790660226
179,15.210681696188942,10.11808910359635,8.78287707997853,21.276167471819647,17.002147074610843,2.818035426731079,8.756038647342995,8.715780998389693,6.266774020397209,0.24825550187869028,,0.8051529790660226
180,15.318035426731079,10.11808910359635,8.776167471819646,21.22249060654858,16.982018250134193,2.818035426731079,8.735909822866345,8.621846484165324,6.273483628556092,0.24825550187869028,,0.8856682769726248
181,15.365002683843263,9.977187332259795,8.93719806763285,21.128556092324207,16.955179817498657,2.818035426731079,8.78287707997853,8.715780998389693,6.1862587224906065,0.24825550187869028,,0.8856682769726248
182,15.002683843263553,9.863123993558776,8.769457863660762,22.73886205045625,16.894793344068706,2.7979066022544283,8.55475040257649,8.225979602791197,5.978260869565218,0.24825550187869028,,0.9259259259259259
183,15.177133655394526,9.73564143853999,8.76274825550188,22.685185185185187,16.901502952227588,2.7979066022544283,8.601717659688674,8.219269994632313,5.978260869565218,0.24825550187869028,,0.8923778851315083
184,15.438808373590982,9.675254965110037,8.709071390230811,22.5979602791197,16.814278046162105,2.7979066022544283,8.735909822866345,8.185721953837897,5.904455179817498,0.24825550187869028,,0.8923778851315083
185,15.485775630703166,9.614868491680086,8.668813741277509,22.5577026301664,16.874664519592056,2.771068169618894,8.715780998389693,8.179012345679013,5.931293612453032,0.24825550187869028,,0.95276435856146
186,15.49248523886205,9.494095544820183,8.715780998389693,22.48389694041868,16.814278046162105,2.771068169618894,8.876811594202898,8.179012345679013,5.971551261406334,0.24825550187869028,,0.95276435856146
187,15.438808373590982,9.480676328502415,8.668813741277509,22.25577026301664,17.344337090713903,2.677133655394525,8.943907675791733,8.111916264090176,5.877616747181965,0.24825550187869028,,0.95276435856146
188,15.868223295759528,9.480676328502415,8.655394524959743,22.12157809983897,17.05582393988191,2.6502952227589907,8.943907675791733,8.07836822329576,5.9447128287707995,0.24825550187869028,,0.95276435856146
189,15.942028985507246,9.420289855072463,8.849973161567364,22.074610842726784,17.01556629092861,2.771068169618894,8.769457863660762,8.051529790660226,5.904455179817498,0.24825550187869028,,0.95276435856146
190,16.009125067096083,9.39345142243693,9.312936124530328,21.900161030595815,16.800858829844337,2.737520128824477,8.729200214707461,8.024691358024691,5.904455179817498,0.24825550187869028,,0.9393451422436929
191,16.1231884057971,9.406870638754697,9.400161030595813,21.81964573268921,16.800858829844337,2.771068169618894,8.68894256575416,7.944176060118089,5.891035963499732,0.24825550187869028,,0.9057971014492754
192,16.297638217928075,9.366612989801396,9.380032206119163,21.812936124530328,16.720343531937736,2.7777777777777777,8.68894256575416,7.991143317230274,5.857487922705314,0.24825550187869028,,0.8588298443370908
193,16.512345679012345,9.366612989801396,9.286097691894794,21.64519592055824,16.63311862587225,2.7979066022544283,8.769457863660762,7.991143317230274,5.891035963499732,0.24825550187869028,,0.8588298443370908
194,16.364734299516908,9.185453569511541,9.400161030595813,21.85990338164251,16.6129898013956,2.7979066022544283,8.769457863660762,8.031400966183575,5.870907139023081,0.24825550187869028,,0.8588298443370908
