,45,50,54,51,52,55,53,56,58
0,100.0,,,,,,,,
1,100.0,,,,,,,,
2,98.8593666129898,1.1406333870101986,,,,,,,
3,97.59125067096082,2.408749329039184,,,,,,,
4,92.04240472356415,7.957595276435856,,,,,,,
5,84.7289318303811,15.271068169618895,,,,,,,
6,84.62828770799786,14.479334406870638,0.8923778851315083,,,,,,
7,81.85050993022007,16.53918411164788,1.6103059581320451,,,,,,
8,78.67015566290928,19.719538378958667,1.6103059581320451,,,,,,
9,78.18035426731079,19.26328502415459,1.6103059581320451,0.9460547504025765,,,,,
10,77.25442834138487,19.390767579173378,0.8722490606548577,2.4825550187869028,,,,,
11,77.16720343531938,19.47799248523886,0.8722490606548577,2.4825550187869028,,,,,
12,77.07997852925389,19.605475040257648,0.8319914117015567,2.4825550187869028,,,,,
13,77.15378421900161,19.53166935050993,0.8319914117015567,2.4825550187869028,,,,,
14,76.43585614600107,20.249597423510465,0.8319914117015567,2.4825550187869028,,,,,
15,65.5931293612453,31.092324208266238,0.8319914117015567,2.4825550187869028,,,,,
16,65.85480407944176,30.891035963499732,0.7716049382716049,2.4825550187869028,,,,,
17,66.17015566290928,30.575684380032207,0.7716049382716049,2.4825550187869028,,,,,
18,66.23725174449812,30.48845947396672,0.9057971014492754,2.368491680085883,,,,,
19,62.124261943102525,34.60144927536232,0.9057971014492754,2.368491680085883,,,,,
20,60.96349973161568,35.76221148684917,0.9057971014492754,2.368491680085883,,,,,
21,61.3996242619431,35.32608695652174,0.9057971014492754,2.368491680085883,,,,,
22,52.341653247450346,42.579173376274824,0.9057971014492754,2.368491680085883,1.8048845947396672,,,,
23,52.241009125067094,41.82098765432099,0.9057971014492754,2.368491680085883,2.6637144390767578,,,,
24,52.281266774020395,41.78073000536769,0.9057971014492754,2.368491680085883,2.6637144390767578,,,,
25,52.29468599033817,41.76731078904992,0.9057971014492754,2.368491680085883,2.6637144390767578,,,,
26,52.583199141170155,41.47879763821793,0.9057971014492754,2.368491680085883,2.6637144390767578,,,,
27,52.583199141170155,41.47879763821793,0.9057971014492754,2.368491680085883,2.6637144390767578,,,,
28,52.74422973698336,41.337895866881375,0.9057971014492754,2.368491680085883,2.6435856146001075,,,,
29,52.73081052066559,41.35131508319914,0.9057971014492754,2.368491680085883,2.6435856146001075,,,,
30,51.03327965646806,44.14922168545357,0.9125067096081588,2.368491680085883,1.5365002683843263,,,,
31,51.65727321524423,42.632850241545896,0.9125067096081588,2.3349436392914655,1.5365002683843263,0.9259259259259259,,,
32,51.80488459473967,42.250402576489535,0.9125067096081588,2.3349436392914655,1.5365002683843263,1.1607622114868492,,,
33,51.82501341921632,42.230273752012884,0.9125067096081588,2.3349436392914655,1.5365002683843263,1.1607622114868492,,,
34,45.3972088030059,38.419216317767045,1.5297906602254427,12.473161567364466,1.6371443907675791,0.23483628556092323,0.30864197530864196,,
35,44.64573268921095,38.59366612989801,1.5297906602254427,13.050187869028449,1.6371443907675791,0.23483628556092323,0.30864197530864196,,
36,37.72812667740204,42.28395061728395,1.5297906602254427,16.27750939345142,1.6371443907675791,0.23483628556092323,0.30864197530864196,,
37,37.875738056897475,42.190016103059584,1.5297906602254427,16.223832528180353,1.6371443907675791,0.23483628556092323,0.30864197530864196,,
38,34.15190552871712,47.175254965110035,1.5297906602254427,10.057702630166398,6.400966183574879,0.23483628556092323,0.4495437466451959,,
39,34.15190552871712,46.67203435319377,1.5297906602254427,9.789318303811058,6.400966183574879,0.23483628556092323,1.221148684916801,,
40,31.092324208266238,47.24235104669887,1.7646269457863661,14.714170692431562,3.730542136339238,0.23483628556092323,1.221148684916801,,
41,31.253354804079443,45.61862587224906,1.7646269457863661,14.573268921095009,3.6768652710681695,0.23483628556092323,2.8784219001610305,,
42,31.548577563070317,45.430756843800324,1.7646269457863661,14.465915190552872,3.6768652710681695,0.23483628556092323,2.8784219001610305,,
43,31.608964036500268,45.370370370370374,1.7646269457863661,14.465915190552872,3.6768652710681695,0.23483628556092323,2.8784219001610305,,
44,31.716317767042405,45.3569511540526,1.7646269457863661,14.371980676328503,3.6768652710681695,0.23483628556092323,2.8784219001610305,,
45,30.226784755770264,46.96054750402576,1.7646269457863661,14.257917337627482,3.6768652710681695,0.23483628556092323,2.8784219001610305,,
46,30.401234567901234,46.79951690821256,1.7646269457863661,14.096886741814279,3.6768652710681695,0.23483628556092323,2.8784219001610305,0.14761137949543746,
47,30.300590445517983,46.92028985507246,1.7444981213097155,14.096886741814279,3.6768652710681695,0.23483628556092323,2.8784219001610305,0.14761137949543746,
48,30.401234567901234,46.85990338164251,1.7444981213097155,14.056629092860977,3.6768652710681695,0.23483628556092323,2.8784219001610305,0.14761137949543746,
49,29.931561996779386,43.042136339237786,1.7444981213097155,18.00858829844337,4.609500805152979,0.23483628556092323,2.2946859903381642,0.13419216317767044,
50,27.30139559849705,45.7662372517445,1.7444981213097155,17.914653784219002,4.609500805152979,0.23483628556092323,2.2946859903381642,0.13419216317767044,
51,26.221148684916802,49.7987117552335,0.785024154589372,16.968599033816425,3.6768652710681695,,2.4154589371980677,0.13419216317767044,
52,25.758185721953836,44.44444444444444,0.39586688137412773,21.35668276972625,3.5426731078904994,1.9524959742351047,2.4154589371980677,0.13419216317767044,
53,26.20101986044015,44.115673644659154,0.39586688137412773,21.28287707997853,3.535963499731616,1.9457863660762211,2.3886205045625335,0.13419216317767044,
54,25.99302200751476,43.525228126677405,0.39586688137412773,21.28287707997853,4.334406870638754,1.9457863660762211,2.3886205045625335,0.13419216317767044,
55,26.080246913580247,43.49168008588298,0.39586688137412773,21.24932903918411,4.334406870638754,1.9256575415995705,2.3886205045625335,0.13419216317767044,
56,26.25469672571122,43.41787439613527,0.36902844873859364,21.18894256575416,4.334406870638754,1.9256575415995705,2.3752012882447664,0.13419216317767044,
57,22.33628556092324,47.477187332259795,0.32877079978529256,21.088298443370906,4.334406870638754,1.9256575415995705,2.3752012882447664,0.13419216317767044,
58,22.48389694041868,45.26301663982824,0.32877079978529256,23.470209339774556,4.159957058507783,1.7847557702630166,2.3752012882447664,0.13419216317767044,
59,20.42404723564144,40.94202898550725,0.32877079978529256,27.83816425120773,6.172839506172839,1.7847557702630166,2.3752012882447664,0.13419216317767044,
60,20.155662909286097,40.5126140633387,0.32877079978529256,28.213902308105208,6.159420289855072,1.7847557702630166,2.3752012882447664,0.46967257112184646,
61,20.69243156199678,40.21739130434783,0.32877079978529256,28.08641975308642,6.119162640901771,1.7176596886741815,2.368491680085883,0.46967257112184646,
62,19.73966720343532,41.243961352657,0.32877079978529256,28.153515834675254,6.018518518518518,1.7176596886741815,2.328234031132582,0.46967257112184646,
63,18.88083735909823,38.05018786902845,0.3824476650563607,34.4068706387547,5.3274288781535155,0.3488996242619431,2.254428341384863,0.3488996242619431,
64,19.028448738593667,37.92270531400966,0.3824476650563607,34.40016103059581,5.3274288781535155,0.3488996242619431,2.2410091250670963,0.3488996242619431,
65,19.256575415995705,37.07058507783145,0.3824476650563607,34.33977455716586,5.233494363929147,1.1272141706924315,2.2410091250670963,0.3488996242619431,
66,19.129092860976918,36.86929683306495,0.3824476650563607,34.66854535695116,5.233494363929147,1.1272141706924315,2.2410091250670963,0.3488996242619431,
67,19.176060118089104,36.83574879227053,0.3824476650563607,34.655126140633385,5.233494363929147,1.1272141706924315,2.2410091250670963,0.3488996242619431,
68,19.43773483628556,36.72168545356951,1.3217928073000538,33.59500805152979,5.2066559312936125,1.1272141706924315,2.2410091250670963,0.3488996242619431,
69,20.00805152979066,36.540526033279654,1.3217928073000538,32.57514761137949,4.904723564143854,1.1272141706924315,3.1736446591519054,0.3488996242619431,
70,20.081857219538378,36.52710681696189,1.3217928073000538,32.52147074610843,4.898013955984971,1.1272141706924315,3.1736446591519054,0.3488996242619431,
71,20.276435856146,36.3996242619431,1.3217928073000538,32.45437466451959,4.898013955984971,1.1272141706924315,3.1736446591519054,0.3488996242619431,
72,20.068438003220614,34.916800858829845,1.3217928073000538,32.1256038647343,4.898013955984971,1.1272141706924315,5.193236714975845,0.3488996242619431,
73,20.202630166398283,33.25281803542673,1.3217928073000538,31.716317767042405,7.004830917874396,1.1272141706924315,5.193236714975845,0.18115942028985507,
74,20.37037037037037,33.23939881910896,1.3217928073000538,31.561996779388085,7.004830917874396,1.1272141706924315,5.193236714975845,0.18115942028985507,
75,20.531400966183575,33.1857219538379,1.3217928073000538,31.561996779388085,6.977992485238862,1.1272141706924315,5.112721417069243,0.18115942028985507,
76,19.726247987117553,26.81159420289855,0.9997316156736447,42.73349436392915,4.294149221685454,0.3488996242619431,5.072463768115942,0.013419216317767043,
77,20.00805152979066,26.08695652173913,0.9997316156736447,42.47181964573269,4.294149221685454,0.3488996242619431,5.776972624798712,0.013419216317767043,
78,20.263016639828233,26.02657004830918,0.9997316156736447,42.27724100912507,4.294149221685454,0.3488996242619431,5.776972624798712,0.013419216317767043,
79,18.471551261406333,23.523886205045624,0.7380568974771873,47.10144927536232,4.294149221685454,0.3488996242619431,5.508588298443371,0.013419216317767043,
80,18.357487922705314,23.087761674718198,1.4895330112721417,46.92699946323135,4.294149221685454,0.3488996242619431,5.481749865807837,0.013419216317767043,
81,17.05582393988191,20.303274288781534,1.4895330112721417,52.14707461084273,4.260601180891036,,4.730273752012883,0.013419216317767043,
82,17.297369833601717,20.189210950080515,1.4895330112721417,52.01959205582394,4.260601180891036,,4.730273752012883,0.013419216317767043,
83,15.660225442834138,19.155931293612454,1.3754696725711217,54.95169082125604,3.9989264626945786,,4.7168545356951155,0.14090177133655393,
84,15.693773483628556,19.142512077294686,1.3754696725711217,54.95169082125604,3.9989264626945786,,4.696725711218465,0.14090177133655393,
85,15.76086956521739,19.102254428341386,1.3754696725711217,54.92485238862051,3.9989264626945786,,4.696725711218465,0.14090177133655393,
86,15.660225442834138,18.625872249060656,1.1674718196457328,48.671497584541065,3.8915727321524423,,11.842458400429415,0.14090177133655393,
87,15.58641975308642,18.17632850241546,1.1674718196457328,49.22168545356951,3.8915727321524423,,11.842458400429415,0.11406333870101985,
88,15.58641975308642,18.17632850241546,1.1674718196457328,49.22168545356951,3.8915727321524423,,11.842458400429415,0.11406333870101985,
89,15.458937198067632,17.371175523349436,1.1674718196457328,46.30971551261406,7.836822329575953,,11.741814278046162,0.11406333870101985,
90,15.619967793880837,17.20343531937735,1.1674718196457328,44.867149758454104,9.386741814278047,,11.741814278046162,0.013419216317767043,
91,15.908480944712828,17.176596886741816,1.1674718196457328,43.84057971014493,9.265968867418144,0.8856682769726248,11.741814278046162,0.013419216317767043,
92,12.265163714439076,25.234836285560924,1.1406333870101986,39.99597423510467,9.098228663446054,0.8856682769726248,11.366076221148685,0.013419216317767043,
93,12.325550187869029,25.06038647342995,1.1406333870101986,38.31186258722491,10.272410091250672,1.5230810520665594,11.352657004830919,0.013419216317767043,
94,12.453032742887816,25.06038647342995,1.1406333870101986,38.18438003220612,10.272410091250672,1.5230810520665594,11.352657004830919,0.013419216317767043,
95,12.855609232420827,24.94632313472893,1.1406333870101986,37.996511003757384,10.19189479334407,1.5029522275899088,11.352657004830919,0.013419216317767043,
96,10.88298443370907,24.10762211486849,1.107085346215781,43.001878690284485,9.004294149221685,1.5029522275899088,10.379763821792807,0.013419216317767043,
97,8.682232957595277,23.2085346215781,1.107085346215781,49.13446054750403,6.837090713902308,0.6374127750939346,10.379763821792807,0.013419216317767043,
98,9.044551798174986,22.477187332259795,1.8250134192163177,48.92646269457864,6.749865807836822,0.6374127750939346,10.326086956521738,0.013419216317767043,
99,9.400161030595813,22.363123993558776,1.8250134192163177,48.80568974771873,6.749865807836822,0.6374127750939346,10.205314009661835,0.013419216317767043,
100,9.997316156736447,21.202361782071925,1.724369296833065,48.45679012345679,6.468062265163715,1.9390767579173376,10.198604401502953,0.013419216317767043,
101,10.02415458937198,21.235909822866343,1.724369296833065,48.26221148684917,6.461352657004831,1.9390767579173376,10.19189479334407,0.1610305958132045,
102,10.815888352120236,21.115136876006442,1.556629092860977,48.15485775630703,6.461352657004831,1.9390767579173376,9.796027911969942,0.1610305958132045,
103,10.916532474503489,21.068169618894256,1.4962426194310252,47.66505636070853,6.461352657004831,2.4355877616747184,9.796027911969942,0.1610305958132045,
104,10.648148148148149,20.873590982286636,1.4962426194310252,46.51771336553945,8.950617283950617,2.4355877616747184,8.917069243156199,0.1610305958132045,
105,10.983628556092324,20.799785292538918,1.4962426194310252,45.99436392914654,8.923778851315083,2.7241009125067097,8.917069243156199,0.1610305958132045,
106,11.144659151905529,20.79307568438003,1.4962426194310252,45.900429414922165,8.870101986044014,2.7241009125067097,8.910359634997317,0.1610305958132045,
107,10.540794417606012,13.996242619431026,0.9393451422436929,55.71658615136876,8.695652173913043,1.0735373054213635,8.876811594202898,0.1610305958132045,
108,10.88298443370907,13.996242619431026,0.9326355340848095,55.052334943639295,8.588298443370908,2.2946859903381642,8.091787439613526,0.1610305958132045,
109,11.023886205045626,13.996242619431026,0.9326355340848095,54.528985507246375,8.57487922705314,2.7308105206655933,8.051529790660226,0.1610305958132045,
110,11.037305421363392,13.996242619431026,1.247987117552335,54.01234567901235,8.192431561996779,2.7308105206655933,8.051529790660226,0.7313472893183038,
111,11.2788513150832,13.996242619431026,1.247987117552335,53.80434782608695,8.192431561996779,2.7308105206655933,8.051529790660226,0.6977992485238862,
112,11.406333870101985,13.996242619431026,1.247987117552335,53.71041331186259,8.158883521202362,2.7308105206655933,8.051529790660226,0.6977992485238862,
113,11.54723564143854,13.385668276972625,1.247987117552335,52.281266774020395,10.493827160493828,2.6301663982823404,7.716049382716049,0.6977992485238862,
114,11.862587224906065,13.318572195383789,1.2412775093934514,52.05984970477724,10.473698336017177,2.6301663982823404,7.716049382716049,0.6977992485238862,
115,12.27187332259796,13.22463768115942,1.2412775093934514,51.85856146001073,10.359634997316157,2.6301663982823404,7.716049382716049,0.6977992485238862,
116,12.29200214707461,13.117283950617283,1.3754696725711217,49.24852388620504,10.339506172839506,2.7777777777777777,9.386741814278047,1.4626945786366077,
117,12.627482555018787,12.949543746645196,1.3754696725711217,49.000268384326354,10.332796564680622,2.9119699409554483,9.339774557165862,1.4626945786366077,
118,12.828770799785293,12.909286097691895,1.3754696725711217,48.83923778851315,10.332796564680622,2.9119699409554483,9.339774557165862,1.4626945786366077,
119,12.855609232420827,12.909286097691895,1.3754696725711217,48.812399355877616,10.225442834138486,3.0193236714975846,9.339774557165862,1.4626945786366077,
120,13.150831991411701,12.909286097691895,1.3754696725711217,48.70504562533548,10.11808910359635,3.0059044551798175,9.272678475577026,1.4626945786366077,
121,13.33870101986044,12.828770799785293,1.3754696725711217,48.63794954374664,10.11808910359635,3.0059044551798175,9.272678475577026,1.4224369296833066,
122,13.70101986044015,12.815351583467525,1.3754696725711217,48.450080515297905,10.050993022007514,3.0059044551798175,9.178743961352657,1.4224369296833066,
123,13.801663982823403,12.245034889962426,1.3754696725711217,47.497316156736446,10.84272678475577,2.9924852388620504,9.829575952764358,1.415727321524423,
124,14.056629092860977,12.218196457326892,1.3754696725711217,46.95383789586688,11.20504562533548,2.9924852388620504,9.782608695652174,1.415727321524423,
125,14.392109500805153,12.016908212560386,1.3754696725711217,46.175523349436396,11.20504562533548,3.6634460547504024,9.75577026301664,1.415727321524423,
126,14.74771873322598,12.00348899624262,1.3754696725711217,45.249597423510465,11.16478797638218,4.367954911433173,9.688674181427805,1.402308105206656,
127,15.03623188405797,11.98336017176597,1.3754696725711217,45.18250134192163,11.09098228663446,4.367954911433173,9.588030059044552,1.3754696725711217,
128,15.049651100375739,11.976650563607086,1.3754696725711217,45.18250134192163,11.09098228663446,4.367954911433173,9.581320450885668,1.3754696725711217,
129,14.55984970477724,11.325818572195384,1.3754696725711217,46.745840042941495,10.715244229736983,4.320987654320987,9.581320450885668,1.3754696725711217,
130,14.915458937198068,11.064143853998926,1.3419216317767042,46.94041867954911,10.581052066559312,4.300858829844337,9.480676328502415,1.3754696725711217,
131,13.425925925925926,10.88298443370907,1.8719806763285025,50.55018786902845,8.78287707997853,4.300858829844337,8.809715512614064,1.3754696725711217,
132,11.419753086419753,9.957058507783145,1.4694041867954912,58.3870101986044,5.857487922705314,4.193505099302201,7.340311325818572,1.3754696725711217,
133,11.647879763821793,9.923510466988727,1.4694041867954912,58.32662372517445,5.857487922705314,4.193505099302201,7.206119162640902,1.3754696725711217,
134,11.701556629092861,9.923510466988727,1.4694041867954912,58.17230273752013,5.83064949006978,4.166666666666667,7.206119162640902,1.5297906602254427,
135,11.969940955448202,9.863123993558776,1.4694041867954912,57.991143317230275,5.83064949006978,4.166666666666667,7.179280730005368,1.5297906602254427,
136,12.04374664519592,9.849704777241008,1.4694041867954912,57.930756843800324,5.83064949006978,4.166666666666667,7.179280730005368,1.5297906602254427,
137,12.077294685990339,9.849704777241008,1.4694041867954912,57.910628019323674,5.83064949006978,4.166666666666667,7.1658615136876005,1.5297906602254427,
138,11.52710681696189,9.77589908749329,1.4694041867954912,57.024959742351044,7.340311325818572,4.166666666666667,7.1658615136876005,1.5297906602254427,
139,11.761943102522812,9.728931830381105,1.4694041867954912,56.91089640365003,7.2933440687063875,4.166666666666667,7.1658615136876005,1.5029522275899088,
140,11.808910359634996,9.728931830381105,1.4694041867954912,56.78341384863124,7.266505636070853,4.166666666666667,7.132313472893183,1.6438539989264627,
141,11.386205045625335,9.198872785829307,3.180354267310789,53.0126140633387,9.41358024691358,5.152979066022544,7.051798174986581,1.6035963499731616,
142,11.473429951690822,9.198872785829307,3.166935050993022,52.93880837359098,9.41358024691358,5.152979066022544,7.051798174986581,1.6035963499731616,
143,11.292270531400966,9.198872785829307,5.622651637144391,51.44256575415996,9.245840042941492,5.152979066022544,6.4412238325281805,1.6035963499731616,
144,11.426462694578637,9.178743961352657,5.58239398819109,51.328502415458935,9.219001610305957,5.0993022007514766,6.4412238325281805,1.724369296833065,
145,11.52710681696189,9.178743961352657,5.58239398819109,51.29495437466452,9.219001610305957,5.0993022007514766,6.374127750939345,1.724369296833065,
146,11.668008588298443,9.178743961352657,5.58239398819109,51.23456790123457,9.198872785829307,5.0858829844337095,6.327160493827161,1.724369296833065,
147,12.057165861513688,9.178743961352657,5.522007514761138,50.905797101449274,9.198872785829307,5.0858829844337095,6.327160493827161,1.724369296833065,
148,12.157809983896941,9.158615136876007,6.494900697799249,49.85238862050456,9.198872785829307,5.0858829844337095,6.327160493827161,1.724369296833065,
149,12.412775093934513,9.07139023081052,6.494900697799249,49.563875469672574,9.198872785829307,5.2066559312936125,6.327160493827161,1.724369296833065,
150,12.909286097691895,9.07139023081052,6.474771873322598,49.11433172302738,9.198872785829307,5.199946323134729,6.3070316693505095,1.724369296833065,
151,13.117283950617283,9.017713365539452,6.447933440687064,49.053945249597426,9.172034353193773,5.173107890499195,6.3070316693505095,1.710950080515298,
152,13.446054750402576,9.017713365539452,5.501878690284487,49.785292538915726,9.125067096081589,5.253623188405797,6.159420289855072,1.710950080515298,
153,13.539989264626946,8.091787439613526,6.481481481481482,49.6309715512614,9.01100375738057,5.374396135265701,6.159420289855072,1.710950080515298,
154,13.694310252281268,8.091787439613526,6.468062265163715,49.584004294149224,8.984165324745035,5.307300053676865,6.159420289855072,1.710950080515298,
155,13.613794954374665,8.085077831454644,6.468062265163715,49.443102522812666,8.984165324745035,5.186527106816962,6.508319914117015,1.710950080515298,
156,13.942565754159958,8.085077831454644,6.327160493827161,49.261943102522814,8.984165324745035,5.186527106816962,6.508319914117015,1.7042404723564144,
157,14.103596349973161,8.085077831454644,6.327160493827161,49.11433172302738,8.984165324745035,5.186527106816962,6.494900697799249,1.7042404723564144,
158,12.077294685990339,8.004562533548041,6.038647342995169,50.32206119162641,8.09849704777241,4.240472356414386,10.124798711755233,1.093666129898014,
159,12.191358024691358,7.991143317230274,6.528448738593666,50.214707461084274,7.722758990874933,4.240472356414386,10.017444981213098,1.093666129898014,
160,12.392646269457863,7.991143317230274,6.501610305958132,50.15432098765432,7.722758990874933,4.240472356414386,9.903381642512077,1.093666129898014,
161,12.76838432635534,7.87037037037037,6.501610305958132,49.89935587761675,7.722758990874933,4.240472356414386,9.903381642512077,1.093666129898014,
162,12.909286097691895,7.87037037037037,6.501610305958132,49.80542136339238,7.709339774557166,4.240472356414386,9.903381642512077,1.0601180891035964,
163,12.983091787439614,7.87037037037037,6.454643048845948,49.28878153515835,7.695920558239399,4.770531400966184,9.903381642512077,1.0332796564680622,
164,13.110574342458401,7.87037037037037,6.454643048845948,49.19484702093398,7.6623725174449815,4.770531400966184,9.903381642512077,1.0332796564680622,
165,13.177670424047236,7.87037037037037,6.414385399892646,49.094202898550726,7.7361782071927,4.770531400966184,9.903381642512077,1.0332796564680622,
166,13.285024154589372,7.87037037037037,6.400966183574879,48.678207192699944,7.7361782071927,4.770531400966184,9.903381642512077,1.3553408480944713,
167,13.446054750402576,7.803274288781535,6.535158346752549,48.50375738056898,7.682501341921632,4.770531400966184,9.903381642512077,1.3553408480944713,
168,13.123993558776167,7.03166935050993,9.057971014492754,47.074610842726784,7.682501341921632,4.770531400966184,9.903381642512077,1.3553408480944713,
169,13.399087493290391,7.018250134192163,8.99087493290392,46.846484165324746,7.669082125603865,4.74369296833065,9.856414385399892,1.4761137949543746,
170,13.627214170692431,6.904186795491143,8.984165324745035,46.765968867418145,7.669082125603865,4.723564143853999,9.849704777241008,1.4761137949543746,
171,13.841921631776705,6.776704240472356,8.957326892109501,46.725711218464845,7.669082125603865,4.723564143853999,9.849704777241008,1.4559849704777241,
172,13.94927536231884,6.763285024154589,8.816425120772946,46.67874396135266,7.648953301127214,4.723564143853999,9.849704777241008,1.570048309178744,
173,14.231078904991948,6.749865807836822,8.816425120772946,46.57139023081052,7.541599570585078,4.723564143853999,9.796027911969942,1.570048309178744,
174,14.298174986580785,6.749865807836822,8.789586688137414,46.55126140633387,7.5348899624261945,4.7168545356951155,9.796027911969942,1.5633387010198605,
175,14.472624798711756,6.749865807836822,8.789586688137414,46.3768115942029,7.5348899624261945,4.7168545356951155,9.796027911969942,1.5633387010198605,
176,14.418947933440688,6.736446591519055,9.440418679549115,43.887546967257116,7.004830917874396,4.7168545356951155,12.23161567364466,1.5633387010198605,
177,14.566559312936125,6.736446591519055,9.400161030595813,43.86070853462158,6.991411701556629,4.696725711218465,12.184648416532475,1.5633387010198605,
178,14.875201288244767,6.662640901771336,9.373322597960279,43.68625872249061,6.944444444444445,4.824208266237251,12.184648416532475,1.4492753623188406,
179,15.190552871712292,6.454643048845948,9.73564143853999,43.25684380032206,6.9243156199677935,4.804079441760601,12.184648416532475,1.4492753623188406,
180,14.781266774020397,6.072195383789587,9.702093397745571,43.19645732689211,7.85024154589372,4.804079441760601,12.144390767579173,1.4492753623188406,
181,15.029522275899087,6.011808910359635,9.520933977455716,42.914653784219,7.85024154589372,4.804079441760601,12.419484702093397,1.4492753623188406,
182,15.197262479871176,5.984970477724101,9.520933977455716,42.619431025228124,7.816693505099302,4.783950617283951,12.27187332259796,1.6572732152442298,0.14761137949543746
183,15.405260332796564,5.978260869565218,9.440418679549115,42.53891572732152,7.7898550724637685,4.770531400966184,12.27187332259796,1.6572732152442298,0.14761137949543746
184,15.613258185721953,5.978260869565218,9.440418679549115,42.36446591519055,7.7898550724637685,4.770531400966184,12.27187332259796,1.6237251744498122,0.14761137949543746
185,15.821256038647343,5.978260869565218,9.440418679549115,42.16317767042405,7.7898550724637685,4.7638217928073,12.27187332259796,1.6237251744498122,0.14761137949543746
186,16.089640365002683,5.978260869565218,9.440418679549115,41.948470209339774,7.7898550724637685,4.7638217928073,12.245034889962426,1.596886741814278,0.14761137949543746
187,16.31105743424584,5.978260869565218,9.27938808373591,41.93505099302201,7.7898550724637685,4.7168545356951155,12.245034889962426,1.596886741814278,0.14761137949543746
188,16.458668813741276,5.978260869565218,9.27938808373591,41.71363392377885,7.75630703166935,4.864465915190553,12.204777241009126,1.596886741814278,0.14761137949543746
189,16.49892646269458,5.978260869565218,9.27938808373591,41.71363392377885,7.75630703166935,4.8443370907139025,12.184648416532475,1.596886741814278,0.14761137949543746
190,16.458668813741276,5.978260869565218,9.73564143853999,41.4922168545357,7.75630703166935,4.8443370907139025,12.110842726784755,1.4761137949543746,0.14761137949543746
191,16.894793344068706,5.978260869565218,9.722222222222221,41.37144390767579,7.64224369296833,4.8443370907139025,12.084004294149223,1.4626945786366077,
192,16.901502952227588,5.978260869565218,9.722222222222221,41.36473429951691,7.64224369296833,4.8443370907139025,12.084004294149223,1.4626945786366077,
193,17.21014492753623,5.978260869565218,9.628287707997853,41.2037037037037,7.64224369296833,4.8443370907139025,12.030327428878154,1.4626945786366077,
194,17.505367686527105,5.978260869565218,9.554482018250134,41.076221148684915,7.615405260332796,4.8376274825550185,11.969940955448202,1.4626945786366077,
195,17.54562533548041,5.978260869565218,9.554482018250134,40.66022544283414,7.763016639828234,5.0791733762748255,11.956521739130435,1.4626945786366077,
196,17.69994632313473,5.978260869565218,9.541062801932368,40.552871712292,7.729468599033816,5.0791733762748255,11.956521739130435,1.4626945786366077,
197,17.92807300053677,5.9447128287707995,9.541062801932368,40.425389157273216,7.709339774557166,5.0791733762748255,11.90955448201825,1.4626945786366077,
198,17.901234567901234,5.9447128287707995,9.541062801932368,40.33816425120773,7.695920558239399,5.0791733762748255,11.90955448201825,1.5901771336553945,
199,18.169618894256576,5.938003220611916,9.500805152979066,40.163714439076756,7.669082125603865,5.0791733762748255,11.889425657541599,1.5901771336553945,
200,18.183038110574344,5.938003220611916,9.574610842726784,39.97584541062802,7.5348899624261945,5.347557702630167,11.855877616747183,1.5901771336553945,
201,18.411164787976382,5.938003220611916,9.272678475577026,39.88862050456253,7.729468599033816,5.347557702630167,11.822329575952764,1.5901771336553945,
202,18.773483628556093,5.924584004294149,9.25925925925926,39.72758990874933,7.729468599033816,5.173107890499195,11.822329575952764,1.5901771336553945,
203,18.511808910359633,5.683038110574342,8.735909822866345,38.768115942028984,9.950348899624261,5.173107890499195,11.460010735373054,1.583467525496511,0.13419216317767044
204,18.746645195920557,5.676328502415459,8.715780998389693,38.63392377885131,9.936929683306495,5.112721417069243,11.460010735373054,1.583467525496511,0.13419216317767044
205,18.907675791733762,5.662909286097692,8.715780998389693,38.51315083199141,9.936929683306495,5.112721417069243,11.43317230273752,1.583467525496511,0.13419216317767044
206,19.202898550724637,5.636070853462158,8.715780998389693,38.35212023617821,9.923510466988727,5.052334943639291,11.406333870101985,1.5767579173376274,0.13419216317767044
207,19.679280730005367,5.501878690284487,8.635265700483092,38.09044551798175,9.923510466988727,5.052334943639291,11.406333870101985,1.5767579173376274,0.13419216317767044
208,19.766505636070853,5.501878690284487,8.621846484165324,38.09044551798175,9.849704777241008,5.052334943639291,11.406333870101985,1.5767579173376274,0.13419216317767044
209,19.847020933977454,5.501878690284487,8.61513687600644,38.077026301663984,9.816156736446592,5.025496511003757,11.406333870101985,1.5767579173376274,0.13419216317767044
210,20.108695652173914,5.401234567901234,8.61513687600644,37.92270531400966,9.816156736446592,5.018786902844874,11.406333870101985,1.5767579173376274,0.13419216317767044
211,20.135534084809446,5.387815351583468,8.61513687600644,37.92270531400966,9.816156736446592,5.018786902844874,11.392914653784219,1.5767579173376274,0.13419216317767044
212,20.1959205582394,5.387815351583468,8.61513687600644,37.88244766505636,9.816156736446592,5.01207729468599,11.392914653784219,1.5633387010198605,0.13419216317767044
213,20.477724100912507,5.387815351583468,8.413848631239935,37.80193236714976,9.816156736446592,5.01207729468599,11.392914653784219,1.5633387010198605,0.13419216317767044
214,20.645464304884594,5.387815351583468,8.413848631239935,37.66774020397209,9.802737520128824,5.01207729468599,11.372785829307569,1.5633387010198605,0.13419216317767044
215,20.7662372517445,5.387815351583468,8.413848631239935,37.5805152979066,9.802737520128824,4.998658078368224,11.352657004830919,1.5633387010198605,0.13419216317767044
216,20.79307568438003,5.387815351583468,8.13875469672571,36.91626409017714,10.742082662372518,4.9718196457326895,11.352657004830919,1.5633387010198605,0.13419216317767044
217,21.041331186258724,5.381105743424584,8.13875469672571,36.782071926999464,10.63472893183038,4.9718196457326895,11.352657004830919,1.5633387010198605,0.13419216317767044
218,21.16881374127751,5.381105743424584,8.13875469672571,36.70155662909286,10.621309715512615,4.938271604938271,11.352657004830919,1.5633387010198605,0.13419216317767044
219,21.22249060654858,5.226784755770263,8.655394524959743,36.594202898550726,10.567632850241546,4.911433172302737,11.131239935587761,1.556629092860977,0.13419216317767044
220,21.28287707997853,5.12614063338701,8.387010198604402,36.33252818035427,10.38647342995169,4.864465915190553,11.936392914653783,1.5499194847020934,0.13419216317767044
221,21.64519592055824,4.985238862050457,8.3467525496511,36.22517444981213,10.332796564680622,4.8443370907139025,11.936392914653783,1.5499194847020934,0.13419216317767044
222,21.87332259796028,4.864465915190553,8.3467525496511,36.178207192699944,10.332796564680622,4.8443370907139025,11.916264090177133,1.5096618357487923,0.13419216317767044
223,22.000805152979066,4.810789049919484,8.3467525496511,36.12453032742888,10.332796564680622,4.824208266237251,11.916264090177133,1.5096618357487923,0.13419216317767044
224,21.973966720343533,4.770531400966184,8.333333333333334,35.80246913580247,10.305958132045088,4.810789049919484,12.359098228663447,1.5096618357487923,0.13419216317767044
225,22.094739667203434,4.74369296833065,8.266237251744498,35.789049919484704,10.299248523886206,4.804079441760601,12.359098228663447,1.5096618357487923,0.13419216317767044
226,22.20209339774557,4.730273752012883,8.246108427267847,35.768921095008054,10.285829307568438,4.804079441760601,12.318840579710145,1.5096618357487923,0.13419216317767044
227,22.624798711755233,4.730273752012883,8.192431561996779,35.621309715512616,10.158346752549651,4.750402576489533,12.298711755233494,1.4895330112721417,0.13419216317767044
228,22.638217928073,4.730273752012883,8.192431561996779,35.607890499194845,10.158346752549651,4.750402576489533,12.298711755233494,1.4895330112721417,0.13419216317767044
229,22.873054213633925,4.730273752012883,8.085077831454644,35.527375201288244,10.158346752549651,4.730273752012883,12.27187332259796,1.4895330112721417,0.13419216317767044
230,23.14814814814815,4.730273752012883,8.085077831454644,35.36634460547504,10.158346752549651,4.643048845947397,12.245034889962426,1.4895330112721417,0.13419216317767044
231,23.403113258185723,4.730273752012883,8.085077831454644,35.299248523886206,10.11808910359635,4.5893719806763285,12.151100375738057,1.4895330112721417,0.13419216317767044
232,23.718464841653248,4.730273752012883,8.038110574342458,35.11808910359635,10.11808910359635,4.575952764358561,12.077294685990339,1.4895330112721417,0.13419216317767044
233,23.845947396672035,4.669887278582931,8.165593129361245,35.05099302200752,10.00402576489533,4.562533548040794,12.077294685990339,1.4895330112721417,0.13419216317767044
234,24.12104133118626,4.562533548040794,8.09849704777241,35.01073537305421,9.96376811594203,4.542404723564144,12.077294685990339,1.4895330112721417,0.13419216317767044
235,23.98684916800859,4.4820182501341925,7.716049382716049,36.22517444981213,9.440418679549115,4.542404723564144,11.98336017176597,1.4895330112721417,0.13419216317767044
236,24.094202898550726,4.4820182501341925,7.689210950080516,36.16478797638218,9.420289855072463,4.542404723564144,11.98336017176597,1.4895330112721417,0.13419216317767044
237,24.20155662909286,4.4820182501341925,7.689210950080516,36.111111111111114,9.420289855072463,4.488727858293076,11.98336017176597,1.4895330112721417,0.13419216317767044
238,24.214975845410628,4.455179817498658,7.689210950080516,35.990338164251206,9.554482018250134,4.488727858293076,11.98336017176597,1.4895330112721417,0.13419216317767044
239,24.261943102522814,4.455179817498658,7.689210950080516,35.94337090713902,9.554482018250134,4.488727858293076,11.98336017176597,1.4895330112721417,0.13419216317767044
240,24.355877616747183,4.435050993022007,7.689210950080516,35.93666129898014,9.554482018250134,4.488727858293076,11.916264090177133,1.4895330112721417,0.13419216317767044
241,24.302200751476114,4.38137412775094,7.924047235641439,35.70182501341922,9.514224369296834,4.40150295222759,12.151100375738057,1.4895330112721417,0.13419216317767044
242,24.36929683306495,4.38137412775094,7.924047235641439,35.65485775630703,9.494095544820183,4.40150295222759,12.151100375738057,1.4895330112721417,0.13419216317767044
243,24.530327428878152,4.38137412775094,7.924047235641439,35.547504025764894,9.494095544820183,4.388083735909823,12.110842726784755,1.4895330112721417,0.13419216317767044
244,24.664519592055825,4.3545356951154055,7.924047235641439,35.44015029522276,9.494095544820183,4.388083735909823,12.110842726784755,1.4895330112721417,0.13419216317767044
245,24.832259796027913,4.3545356951154055,7.9106280193236715,35.37305421363392,9.406870638754697,4.388083735909823,12.110842726784755,1.4895330112721417,0.13419216317767044
246,24.46323134728932,4.314278046162104,7.4141170155662905,35.53408480944713,11.198336017176597,4.045893719806763,11.721685453569512,1.1741814278046163,0.13419216317767044
247,24.55716586151369,4.314278046162104,7.4141170155662905,35.46698872785829,11.18491680085883,4.032474503488996,11.721685453569512,1.1741814278046163,0.13419216317767044
248,24.63768115942029,4.28743961352657,7.4141170155662905,35.339506172839506,11.144659151905529,4.025764895330113,11.721685453569512,1.2949543746645196,0.13419216317767044
249,24.9597423510467,4.28743961352657,7.39398819108964,35.08454106280193,11.131239935587761,3.992216854535695,11.721685453569512,1.2949543746645196,0.13419216317767044
250,25.201288244766506,4.28743961352657,7.729468599033816,34.5276435856146,11.010466988727858,3.992216854535695,11.621041331186259,1.4962426194310252,0.13419216317767044
251,25.234836285560924,4.28743961352657,7.85024154589372,34.38674181427805,10.95679012345679,3.992216854535695,11.54723564143854,1.6103059581320451,0.13419216317767044
252,24.973161567364468,4.260601180891036,9.930220075147611,33.601717659688674,10.929951690821255,3.0864197530864197,11.533816425120772,1.5499194847020934,0.13419216317767044
253,25.174449812130973,4.253891572732153,9.816156736446592,33.54804079441761,10.903113258185721,3.0864197530864197,11.533816425120772,1.5499194847020934,0.13419216317767044
254,25.234836285560924,4.247181964573269,9.883252818035427,33.50107353730542,10.903113258185721,3.0864197530864197,11.460010735373054,1.5499194847020934,0.13419216317767044
255,25.275093934514224,4.247181964573269,9.883252818035427,33.48765432098765,10.889694041867955,3.012614063338701,11.520397208803006,1.5499194847020934,0.13419216317767044
256,25.288513150831992,4.247181964573269,9.883252818035427,33.47423510466989,10.889694041867955,3.012614063338701,11.520397208803006,1.5499194847020934,0.13419216317767044
257,25.449543746645197,4.247181964573269,9.883252818035427,33.47423510466989,10.72866344605475,3.012614063338701,11.520397208803006,1.5499194847020934,0.13419216317767044
258,25.53676865271068,4.247181964573269,9.883252818035427,33.42055823939882,10.72866344605475,3.012614063338701,11.486849168008588,1.5499194847020934,0.13419216317767044
259,25.85882984433709,4.247181964573269,9.876543209876543,33.3870101986044,10.628019323671497,2.8784219001610305,11.439881910896403,1.5499194847020934,0.13419216317767044
260,26.261406333870102,4.206924315619967,9.789318303811058,33.16559312936125,10.628019323671497,2.8650026838432634,11.406333870101985,1.5432098765432098,0.13419216317767044
261,26.25469672571122,4.206924315619967,9.77589908749329,33.15888352120236,10.628019323671497,2.8650026838432634,11.43317230273752,1.5432098765432098,0.13419216317767044
262,26.25469672571122,4.206924315619967,9.77589908749329,33.15888352120236,10.628019323671497,2.8650026838432634,11.43317230273752,1.5432098765432098,0.13419216317767044
263,26.50295222758991,4.206924315619967,9.749060654857756,33.08507783145464,10.628019323671497,2.85829307568438,11.292270531400966,1.5432098765432098,0.13419216317767044
264,26.583467525496513,4.159957058507783,9.73564143853999,33.07836822329576,10.61460010735373,2.85829307568438,11.292270531400966,1.5432098765432098,0.13419216317767044
265,26.56333870101986,4.159957058507783,9.728931830381105,32.95759527643585,10.61460010735373,2.85829307568438,11.292270531400966,1.6908212560386473,0.13419216317767044
266,26.663982823403114,4.1129898013955986,9.681964573268921,32.80327428878154,10.61460010735373,2.85829307568438,11.292270531400966,1.8384326355340848,0.13419216317767044
267,26.690821256038646,4.1129898013955986,9.655126140633387,32.80327428878154,10.61460010735373,2.85829307568438,11.292270531400966,1.8384326355340848,0.13419216317767044
268,26.69753086419753,4.032474503488996,9.816156736446592,32.68250134192163,10.587761674718196,2.918679549114332,11.292270531400966,1.8384326355340848,0.13419216317767044
269,26.88539989264627,4.032474503488996,9.816156736446592,32.608695652173914,10.567632850241546,2.85829307568438,11.258722490606548,1.8384326355340848,0.13419216317767044
270,26.979334406870638,4.032474503488996,9.77589908749329,32.56843800322061,10.554213633923778,2.85829307568438,11.258722490606548,1.8384326355340848,0.13419216317767044
