,45,50,55,54,52,51,56,53,57
0,95.61191626409018,4.388083735909823,,,,,,,
1,95.564949006978,4.435050993022007,,,,,,,
2,93.15619967793882,6.447933440687064,0.39586688137412773,,,,,,
3,91.94847020933977,7.6556629092860975,0.39586688137412773,,,,,,
4,78.3346752549651,19.28341384863124,0.39586688137412773,1.9860440150295222,,,,,
5,77.19404186795491,20.42404723564144,0.39586688137412773,1.9860440150295222,,,,,
6,68.91438539989265,28.703703703703702,0.39586688137412773,1.9860440150295222,,,,,
7,46.11513687600644,41.156736446591516,0.05367686527106817,0.0067096081588835215,12.667740203972087,,,,
8,46.242619431025226,41.136607622114866,0.05367686527106817,0.0067096081588835215,12.560386473429952,,,,
9,39.08346752549651,41.418411164787976,0.6239935587761675,0.0067096081588835215,12.258454106280194,6.608964036500268,,,
10,38.45276435856146,39.08346752549651,0.5703166935050993,0.0067096081588835215,7.071926999463232,14.814814814814815,,,
11,38.25147611379496,39.21765968867418,0.644122383252818,0.0067096081588835215,7.071926999463232,14.80810520665593,,,
12,38.00322061191626,39.42565754159957,0.7581857219538379,0.0067096081588835215,7.071926999463232,14.734299516908212,,,
13,37.32555018786903,35.849436392914654,0.9326355340848095,0.0067096081588835215,11.580783682232958,14.304884594739667,,,
14,37.33225979602791,29.864465915190554,0.6038647342995169,0.0067096081588835215,7.581857219538379,24.610842726784757,,,
15,37.285292538915726,29.857756307031668,0.6038647342995169,0.48980139559849706,7.1658615136876005,24.59742351046699,,,
16,37.11084272678475,30.12614063338701,0.6776704240472357,0.48980139559849706,7.112184648416532,23.98684916800859,0.49651100375738055,,
17,37.13768115942029,29.810789049919485,1.0265700483091786,0.48980139559849706,7.051798174986581,23.98684916800859,0.49651100375738055,,
18,37.224906065485776,29.777241009125067,1.0265700483091786,0.48980139559849706,6.702898550724638,23.617820719269993,1.1607622114868492,,
19,33.964036500268385,34.18545356951154,1.0265700483091786,0.48980139559849706,6.702898550724638,22.470477724100913,1.1607622114868492,,
20,33.69565217391305,34.5276435856146,1.0265700483091786,0.48980139559849706,6.662640901771336,22.436929683306495,1.1607622114868492,,
21,32.84353193773484,34.80273752012882,1.0265700483091786,0.48980139559849706,7.300053676865271,22.376543209876544,1.1607622114868492,,
22,31.260064412238325,36.99006977992485,1.0332796564680622,0.48980139559849706,7.300053676865271,21.792807300053678,1.133923778851315,,
23,29.200214707461082,35.507246376811594,1.0332796564680622,0.48980139559849706,7.024959742351046,25.523349436392916,1.221148684916801,,
24,27.13365539452496,37.76838432635534,0.9997316156736447,0.48980139559849706,7.011540526033279,25.37573805689748,1.221148684916801,,
25,27.314814814814813,37.19135802469136,1.2815351583467525,0.48980139559849706,6.964573268921095,25.55018786902845,1.2077294685990339,,
26,27.361782071927,37.11755233494364,1.2815351583467525,0.46967257112184646,7.071926999463232,25.489801395598498,1.2077294685990339,,
27,26.96591519055287,33.91035963499731,1.1607622114868492,0.46967257112184646,7.03166935050993,28.918411164787976,1.3150831991411702,0.2281266774020397,
28,19.310252281266774,34.38674181427805,0.8387010198604401,1.0466988727858293,6.535158346752549,35.54079441760601,1.3150831991411702,1.0265700483091786,
29,19.39747718733226,34.35990338164251,0.8387010198604401,1.0466988727858293,6.508319914117015,35.507246376811594,1.3150831991411702,1.0265700483091786,
30,19.51154052603328,31.676060118089104,0.8387010198604401,1.0466988727858293,8.742619431025227,35.84272678475577,1.3150831991411702,1.0265700483091786,
31,19.384057971014492,31.13929146537842,0.7112184648416533,1.0466988727858293,8.729200214707461,36.131239935587764,1.442565754159957,1.415727321524423,
32,16.80756843800322,25.369028448738593,0.9863123993558777,1.5163714439076759,7.883789586688137,45.63875469672571,0.7716049382716049,1.0265700483091786,
33,15.707192699946322,20.417337627482556,0.8655394524959742,1.5163714439076759,7.809983896940419,48.21524422973698,0.7246376811594203,4.74369296833065,
34,15.754159957058508,20.283145464304884,0.9728931830381106,1.402308105206656,7.809983896940419,47.81266774020397,1.221148684916801,4.74369296833065,
35,15.787707997852925,20.2361782071927,1.0466988727858293,1.3687600644122384,7.7898550724637685,46.65190552871712,1.7847557702630166,5.3341384863123995,
36,15.841384863123993,20.175791733762747,1.0466988727858293,1.3687600644122384,7.7831454643048845,45.571658615136876,2.8784219001610305,5.3341384863123995,
37,11.292270531400966,30.9447128287708,1.1607622114868492,1.583467525496511,6.031937734836285,44.276704240472355,2.2745571658615136,2.4355877616747184,
38,10.836017176596886,31.46135265700483,1.2144390767579174,1.583467525496511,6.031937734836285,44.015029522275896,2.4221685453569513,2.4355877616747184,
39,9.554482018250134,29.602791196994094,1.2144390767579174,0.9460547504025765,6.018518518518518,47.16854535695116,2.408749329039184,3.0864197530864197,
40,9.561191626409018,29.47530864197531,1.6572732152442298,1.415727321524423,6.018518518518518,46.443907675791735,2.341653247450349,3.0864197530864197,
41,6.790123456790123,36.86929683306495,1.2144390767579174,0.9057971014492754,5.448201825013419,43.344068706387546,2.341653247450349,3.0864197530864197,
42,6.776704240472356,36.75523349436393,1.2949543746645196,0.9057971014492754,6.0587761674718195,43.183038110574344,2.341653247450349,2.6838432635534084,
43,6.78341384863124,29.54911433172303,1.247987117552335,1.261406333870102,9.05126140633387,48.7385936661299,2.4221685453569513,0.9460547504025765,
44,6.870638754696726,29.508856682769725,1.4694041867954912,1.6572732152442298,9.782608695652174,46.57139023081052,3.193773483628556,0.9460547504025765,
45,6.977992485238862,29.455179817498657,2.0263016639828235,1.6572732152442298,9.681964573268921,46.11513687600644,3.193773483628556,0.8923778851315083,
46,7.159151905528717,29.274020397208805,2.120236178207193,1.6572732152442298,9.681964573268921,46.02791196994095,3.193773483628556,0.8856682769726248,
47,7.360440150295223,29.274020397208805,2.1068169618894257,1.6572732152442298,9.648416532474503,45.900429414922165,3.193773483628556,0.8588298443370908,
48,7.461084272678476,29.166666666666668,2.086688137412775,2.1806226516371443,9.648416532474503,45.40391841116479,3.193773483628556,0.8588298443370908,
49,7.48792270531401,29.166666666666668,2.086688137412775,2.1806226516371443,9.634997316156737,45.26301663982824,3.321256038647343,0.8588298443370908,
50,7.682501341921632,27.75764895330113,2.3752012882447664,3.4420289855072466,11.943102522812667,42.619431025228124,3.321256038647343,0.8588298443370908,
51,7.709339774557166,27.737520128824478,2.3752012882447664,3.8915727321524423,11.681427804616211,42.45840042941492,3.321256038647343,0.8252818035426731,
52,7.843531937734836,27.677133655394524,2.3752012882447664,3.8915727321524423,11.641170155662909,42.25711218464841,3.488996242619431,0.8252818035426731,
53,7.944176060118089,27.643585614600106,2.3752012882447664,3.8915727321524423,11.641170155662909,42.190016103059584,3.488996242619431,0.8252818035426731,
54,7.4006977992485234,22.65163714439077,2.3752012882447664,3.8915727321524423,10.587761674718196,48.7788513150832,3.488996242619431,0.8252818035426731,
55,7.461084272678476,22.463768115942027,2.8515834675254963,3.81105743424584,10.587761674718196,48.510466988727856,3.488996242619431,0.8252818035426731,
56,7.333601717659689,21.511003757380568,2.757648953301127,2.7777777777777777,20.699141170155663,41.176865271068166,2.844873859366613,0.8118625872249061,0.08722490606548577
57,7.474503488996243,21.470746108427267,2.6435856146001075,3.012614063338701,20.665593129361245,40.08990874932904,3.743961352657005,0.8118625872249061,0.08722490606548577
58,7.481213097155126,21.598228663446054,2.6435856146001075,3.012614063338701,20.618625872249062,40.022812667740205,3.743961352657005,0.7917337627482555,0.08722490606548577
59,7.561728395061729,21.584809447128286,2.5966183574879227,3.44873859366613,20.343531937734838,39.56655931293612,3.743961352657005,0.7917337627482555,0.36231884057971014
60,6.085614600107354,16.59957058507783,2.4221685453569513,2.9589371980676327,12.04374664519592,56.53515834675255,2.8784219001610305,0.20128824476650564,0.27509393451422437
61,6.139291465378422,16.59957058507783,2.4221685453569513,2.9589371980676327,12.04374664519592,56.48148148148148,2.8784219001610305,0.20128824476650564,0.27509393451422437
62,6.226516371443908,16.451959205582394,3.0327428878153517,2.9589371980676327,11.600912506709609,56.32045088566828,2.5026838432635534,0.630703166935051,0.27509393451422437
63,6.293612453032743,15.861513687600644,3.475577026301664,2.7241009125067097,11.574074074074074,55.360976918947934,2.4221685453569513,2.0128824476650564,0.27509393451422437
64,6.608964036500268,15.01610305958132,3.475577026301664,2.5429414922168547,11.426462694578637,56.21980676328502,2.4221685453569513,2.0128824476650564,0.27509393451422437
65,6.843800322061192,14.432367149758454,4.274020397208803,2.475845410628019,11.218464841653248,55.95813204508857,2.509393451422437,2.0128824476650564,0.27509393451422437
66,6.957863660762212,14.432367149758454,4.240472356414386,2.475845410628019,11.191626409017713,55.9044551798175,2.509393451422437,2.0128824476650564,0.27509393451422437
67,5.837359098228664,16.29092860976919,4.240472356414386,6.749865807836822,9.923510466988727,52.281266774020395,2.49597423510467,1.90552871712292,0.27509393451422437
68,5.528717122920021,15.083199141170155,4.736983360171766,2.475845410628019,7.716049382716049,59.42699946323135,2.885131508319914,1.8719806763285025,0.27509393451422437
69,5.589103596349974,15.01610305958132,5.320719269994632,2.475845410628019,7.555018786902845,59.01100375738057,2.885131508319914,1.8719806763285025,0.27509393451422437
70,5.656199677938808,15.01610305958132,5.320719269994632,2.475845410628019,7.555018786902845,58.943907675791735,2.885131508319914,1.8719806763285025,0.27509393451422437
71,5.649490069779925,15.163714439076758,5.320719269994632,2.475845410628019,7.514761137949543,58.8768115942029,2.8784219001610305,1.8451422436929683,0.27509393451422437
72,5.636070853462158,14.579978529253891,5.407944176060118,1.8719806763285025,9.292807300053678,58.21256038647343,2.8784219001610305,1.8451422436929683,0.27509393451422437
73,5.870907139023081,14.579978529253891,5.381105743424584,1.8719806763285025,9.292807300053678,57.92404723564144,2.9924852388620504,1.8115942028985508,0.27509393451422437
74,5.347557702630167,13.58695652173913,4.106280193236715,1.0802469135802468,5.636070853462158,66.6935050993022,2.0263016639828235,1.3821792807300053,0.14090177133655393
75,5.515297906602254,13.573537305421363,4.106280193236715,1.0802469135802468,5.636070853462158,66.02254428341385,2.0263016639828235,1.8988191089640365,0.14090177133655393
76,5.743424584004294,13.539989264626946,4.62962962962963,1.0802469135802468,5.528717122920021,65.41196994095544,2.0263016639828235,1.8988191089640365,0.14090177133655393
77,5.857487922705314,13.083735909822867,5.119431025228127,1.0802469135802468,5.488459473966721,65.30461621041331,2.0263016639828235,1.8988191089640365,0.14090177133655393
78,6.1929683306494905,13.01663982823403,5.119431025228127,1.0802469135802468,5.488459473966721,64.96913580246914,2.0933977455716586,1.8988191089640365,0.14090177133655393
79,6.260064412238325,13.003220611916264,7.360440150295223,0.8990874932903918,5.394524959742351,62.56038647342995,2.442297369833602,1.8988191089640365,0.18115942028985507
80,6.394256575415996,12.99651100375738,6.951154052603328,3.3950617283950617,5.394524959742351,60.37305421363392,2.4154589371980677,1.8988191089640365,0.18115942028985507
81,6.367418142780462,12.02361782071927,6.977992485238862,3.9586688137412773,5.656199677938808,58.272946859903385,2.4154589371980677,4.146537842190016,0.18115942028985507
82,6.159420289855072,11.969940955448202,6.380837359098229,3.911701556629093,4.549114331723027,60.65485775630703,2.0665593129361244,4.126409017713366,0.18115942028985507
83,6.273483628556092,11.741814278046162,6.0654857756307035,3.8848631239935587,4.549114331723027,59.66183574879227,2.006172839506173,5.676328502415459,0.14090177133655393
84,6.427804616210413,11.708266237251744,6.031937734836285,3.8848631239935587,9.151905528717123,54.83762748255502,2.086688137412775,5.676328502415459,0.19457863660762212
85,6.273483628556092,11.688137412775093,5.931293612453032,3.193773483628556,8.192431561996779,56.74315619967794,2.1135265700483092,5.669618894256575,0.19457863660762212
86,5.642780461621041,11.674718196457327,5.119431025228127,3.1870638754696725,7.675791733762749,59.19216317767042,2.147074610842727,5.166398282340311,0.19457863660762212
87,5.71658615136876,11.674718196457327,5.119431025228127,3.180354267310789,7.675791733762749,59.01771336553945,2.254428341384863,5.166398282340311,0.19457863660762212
88,6.052066559312936,11.144659151905529,5.904455179817498,3.2340311325818574,7.64224369296833,58.16559312936125,2.314814814814815,5.347557702630167,0.19457863660762212
89,6.119162640901771,11.084272678475577,5.904455179817498,6.951154052603328,7.635534084809447,54.528985507246375,2.2342995169082127,5.347557702630167,0.19457863660762212
90,5.803811057434245,11.030595813204508,5.911164787976382,6.951154052603328,6.870638754696726,54.39479334406871,2.301395598497048,6.387546967257112,0.3488996242619431
91,5.938003220611916,11.030595813204508,6.347289318303811,6.951154052603328,6.857219538378959,53.98550724637681,2.227589908749329,6.3137412775093935,0.3488996242619431
92,6.025228126677402,10.970209339774557,6.333870101986044,7.065217391304348,6.857219538378959,53.858024691358025,2.227589908749329,6.3137412775093935,0.3488996242619431
93,6.159420289855072,10.963499731615673,6.333870101986044,7.300053676865271,6.830381105743425,53.52254428341385,2.227589908749329,6.3137412775093935,0.3488996242619431
94,5.179817498658078,6.863929146537842,3.6097691894793345,6.367418142780462,14.049919484702093,55.38781535158347,1.8786902844873858,6.3137412775093935,0.3488996242619431
95,4.85775630703167,18.54535695115405,2.8650026838432634,4.045893719806763,13.043478260869565,48.40311325818572,1.7579173376274826,6.159420289855072,0.322061191626409
96,4.998658078368224,18.4849704777241,2.8650026838432634,5.01207729468599,13.043478260869565,47.356414385399894,1.7579173376274826,6.159420289855072,0.322061191626409
97,5.253623188405797,18.10252281266774,2.8113258185721954,5.434782608695652,12.949543746645196,46.2962962962963,1.7579173376274826,7.071926999463232,0.322061191626409
98,5.428073000536768,18.06226516371444,2.8113258185721954,5.434782608695652,12.93612453032743,46.175523349436396,1.7579173376274826,7.071926999463232,0.322061191626409
99,5.501878690284487,18.035426731078903,2.8113258185721954,5.421363392377885,12.52012882447665,46.06816961889426,1.7579173376274826,7.0450885668276975,0.8387010198604401
100,5.636070853462158,18.02200751476114,2.737520128824477,5.35426731078905,16.639828234031132,42.3443370907139,1.751207729468599,6.6760601180891035,0.8387010198604401
101,5.112721417069243,17.478529253891573,2.059849704777241,5.35426731078905,16.59957058507783,44.67257112184648,1.0466988727858293,6.837090713902308,0.8387010198604401
102,4.998658078368224,17.391304347826086,2.059849704777241,4.388083735909823,16.512345679012345,46.05475040257649,1.0265700483091786,6.696188942565755,0.8722490606548577
103,5.112721417069243,17.391304347826086,2.059849704777241,4.388083735909823,16.49892646269458,45.95410628019324,1.0265700483091786,6.696188942565755,0.8722490606548577
104,5.186527106816962,17.19001610305958,2.059849704777241,4.388083735909823,16.49892646269458,45.7259796027912,1.415727321524423,6.662640901771336,0.8722490606548577
105,5.394524959742351,17.156468062265162,2.059849704777241,4.388083735909823,16.391572732152444,45.59849704777241,1.556629092860977,6.649221685453569,0.8051529790660226
106,5.488459473966721,17.156468062265162,2.059849704777241,4.4753086419753085,16.358024691358025,45.450885668276975,1.556629092860977,6.649221685453569,0.8051529790660226
107,5.535426731078905,16.720343531937736,2.046430488459474,4.4753086419753085,16.854535695115406,45.30327428878154,1.556629092860977,6.629092860976919,0.8789586688137413
108,5.615942028985507,16.6935050993022,2.01959205582394,4.4753086419753085,16.686795491143318,45.28314546430489,1.6304347826086956,6.595544820182502,0.9997316156736447
109,5.622651637144391,15.854804079441761,2.006172839506173,4.4753086419753085,16.6532474503489,45.14224369296833,1.6304347826086956,7.615405260332796,0.9997316156736447
110,5.488459473966721,14.2914653784219,1.8518518518518519,5.307300053676865,19.94766505636071,42.86768652710682,1.6304347826086956,7.615405260332796,0.9997316156736447
111,5.548845947396672,14.231078904991948,2.5429414922168547,5.307300053676865,19.91411701556629,42.36446591519055,1.6304347826086956,7.461084272678476,0.9997316156736447
112,5.790391841116479,14.217659688674182,2.5429414922168547,5.307300053676865,19.82018250134192,42.24369296833065,1.6304347826086956,7.447665056360709,0.9997316156736447
113,5.911164787976382,14.15727321524423,2.6033279656468062,5.280461621041331,19.73966720343532,42.230273752012884,1.6304347826086956,7.447665056360709,0.9997316156736447
114,6.213097155126141,14.11701556629093,2.5831991411701556,5.280461621041331,19.73966720343532,41.928341384863124,1.6975308641975309,7.440955448201825,0.9997316156736447
115,6.233225979602791,14.083467525496511,2.6435856146001075,4.951690821256038,19.726247987117553,41.89479334406871,1.6975308641975309,7.440955448201825,1.328502415458937
116,6.380837359098229,14.002952227589908,2.6435856146001075,4.938271604938271,19.685990338164252,41.82098765432099,1.7579173376274826,7.440955448201825,1.328502415458937
117,6.662640901771336,13.976113794954374,3.1468062265163717,4.804079441760601,19.33709071390231,41.71363392377885,1.7444981213097155,7.440955448201825,1.1741814278046163
118,6.837090713902308,13.976113794954374,3.1468062265163717,4.783950617283951,19.30354267310789,41.646537842190014,1.7444981213097155,7.440955448201825,1.1205045625335481
119,7.112184648416532,13.92914653784219,3.1468062265163717,4.757112184648417,19.276704240472355,41.47208803005905,1.7444981213097155,7.440955448201825,1.1205045625335481
120,5.5756843800322065,17.37788513150832,3.079710144927536,4.643048845947397,19.249865807836823,40.9621578099839,1.7444981213097155,6.246645195920558,1.1205045625335481
121,5.709876543209877,17.344337090713903,3.066290928609769,4.622920021470746,19.223027375201287,40.92190016103059,1.7444981213097155,6.246645195920558,1.1205045625335481
122,5.723295759527644,16.505636070853463,3.911701556629093,4.528985507246377,20.759527643585614,38.92914653784219,2.2879763821792807,6.239935587761675,1.1137949543746646
123,5.045625335480408,15.841384863123993,3.898282340311326,2.24771873322598,26.321792807300053,37.453032742887814,2.1269457863660763,6.239935587761675,0.8252818035426731
124,4.911433172302737,15.841384863123993,3.3682232957595275,5.83064949006978,24.10091250670961,36.97665056360709,2.1269457863660763,6.239935587761675,0.6038647342995169
125,5.059044551798175,15.827965646806227,3.3548040794417604,5.810520665593129,24.060654857756308,36.91626409017714,2.1269457863660763,6.239935587761675,0.6038647342995169
126,4.656468062265164,14.40552871712292,3.2877079978529253,4.944981213097155,20.853462157809982,42.981749865807835,2.120236178207193,6.239935587761675,0.5099302200751477
127,4.2270531400966185,12.02361782071927,1.6841116478797638,4.851046698872786,20.142243692968332,48.74530327428878,2.059849704777241,5.844068706387547,0.4227053140096618
128,4.367954911433173,12.010198604401502,1.6841116478797638,4.394793344068707,20.12211486849168,48.60440150295223,2.059849704777241,6.333870101986044,0.4227053140096618
129,4.4820182501341925,11.996779388083736,1.6841116478797638,4.394793344068707,20.068438003220614,48.55743424584004,2.059849704777241,6.333870101986044,0.4227053140096618
130,4.62962962962963,11.943102522812667,1.6841116478797638,4.394793344068707,20.068438003220614,48.47691894793344,2.046430488459474,6.333870101986044,0.4227053140096618
131,4.8443370907139025,11.761943102522812,1.6237251744498122,4.53569511540526,19.95437466451959,48.349436392914654,2.1739130434782608,6.333870101986044,0.4227053140096618
132,4.918142780461621,11.761943102522812,1.6237251744498122,4.528985507246377,19.981213097155127,48.268921095008054,2.1739130434782608,6.320450885668277,0.4227053140096618
133,5.005367686527107,11.761943102522812,1.6237251744498122,4.528985507246377,16.834406870638755,51.19431025228127,2.3081052066559313,6.320450885668277,0.4227053140096618
134,4.045893719806763,11.701556629092861,1.3620504562533549,4.341116478797638,15.063070316693505,57.31347289318304,0.8655394524959742,4.569243156199678,0.7380568974771873
135,4.126409017713366,11.701556629092861,1.3620504562533549,4.341116478797638,15.063070316693505,57.23295759527644,0.8655394524959742,4.569243156199678,0.7380568974771873
136,4.247181964573269,11.647879763821793,1.3620504562533549,4.341116478797638,15.049651100375739,57.038378958668815,1.0064412238325282,4.569243156199678,0.7380568974771873
137,4.361245303274289,11.641170155662909,1.3620504562533549,4.341116478797638,14.989264626945786,56.99141170155663,1.0064412238325282,4.569243156199678,0.7380568974771873
138,4.522275899087493,11.627750939345143,1.3620504562533549,4.314278046162104,14.834943639291465,56.92431561996779,1.1406333870101986,4.569243156199678,0.7045088566827697
139,4.64975845410628,11.600912506709609,1.3620504562533549,4.314278046162104,14.78797638217928,56.87063875469673,1.1406333870101986,4.569243156199678,0.7045088566827697
140,4.5893719806763285,11.580783682232958,1.3620504562533549,4.314278046162104,19.665861513687602,52.234299516908216,0.9930220075147611,4.555823939881911,0.7045088566827697
141,4.676596886741814,11.580783682232958,1.3620504562533549,4.314278046162104,19.665861513687602,52.16720343531938,0.9930220075147611,4.53569511540526,0.7045088566827697
142,4.891304347826087,11.580783682232958,1.3620504562533549,4.314278046162104,19.55179817498658,51.992753623188406,1.06682769726248,4.53569511540526,0.7045088566827697
143,4.985238862050457,11.077563070316694,1.865271068169619,4.30756843800322,19.53166935050993,51.939076757917334,1.06682769726248,4.53569511540526,0.6910896403650026
144,5.159688674181428,11.037305421363392,1.865271068169619,4.30756843800322,19.51154052603328,51.851851851851855,1.06682769726248,4.53569511540526,0.6642512077294686
145,5.394524959742351,11.037305421363392,1.865271068169619,4.300858829844337,19.384057971014492,51.76462694578637,1.06682769726248,4.522275899087493,0.6642512077294686
146,5.495169082125604,11.010466988727858,1.865271068169619,3.8915727321524423,21.390230810520666,50.30193236714976,1.2144390767579174,4.3478260869565215,0.4830917874396135
147,5.542136339237788,11.003757380568974,1.865271068169619,3.8915727321524423,21.3768115942029,50.28180354267311,1.2144390767579174,4.341116478797638,0.4830917874396135
148,5.689747718733226,10.983628556092324,2.1403650026838434,3.8915727321524423,21.296296296296298,49.9597423510467,1.2144390767579174,4.341116478797638,0.4830917874396135
149,5.770263016639828,10.950080515297907,2.1403650026838434,3.878153515834675,21.296296296296298,49.43639291465379,1.7042404723564144,4.341116478797638,0.4830917874396135
150,5.8172302737520125,10.950080515297907,2.1403650026838434,3.878153515834675,21.26945786366076,49.4296833064949,1.7042404723564144,4.327697262479871,0.4830917874396135
151,5.884326355340848,10.950080515297907,2.1403650026838434,5.723295759527644,20.987654320987655,48.11460010735373,1.7042404723564144,4.012345679012346,0.4830917874396135
152,5.911164787976382,10.93666129898014,2.1403650026838434,5.6964573268921095,20.98094471282877,47.63150831991412,2.2208803005904456,3.9989264626945786,0.4830917874396135
153,6.072195383789587,10.93666129898014,2.1403650026838434,5.6964573268921095,20.933977455716587,47.517444981213096,2.2208803005904456,3.9989264626945786,0.4830917874396135
154,6.112453032742888,10.929951690821255,2.1403650026838434,5.6964573268921095,20.759527643585614,47.517444981213096,2.2208803005904456,3.9989264626945786,0.6239935587761675
155,6.226516371443908,10.929951690821255,2.1403650026838434,5.6964573268921095,20.73268921095008,47.43022007514761,2.2208803005904456,3.9989264626945786,0.6239935587761675
156,6.3070316693505095,10.88298443370907,2.1403650026838434,5.6964573268921095,20.73268921095008,47.396672034353195,2.2208803005904456,3.9989264626945786,0.6239935587761675
157,6.387546967257112,10.88298443370907,2.1403650026838434,5.6964573268921095,20.69243156199678,47.356414385399894,2.2208803005904456,3.9989264626945786,0.6239935587761675
158,6.5552871712292005,10.782340311325818,2.5966183574879227,5.649490069779925,20.638754696725712,47.20880300590446,2.2208803005904456,3.7238325281803544,0.6239935587761675
159,6.702898550724638,10.748792270531402,2.5966183574879227,5.649490069779925,20.544820182501343,47.0679012345679,2.341653247450349,3.7238325281803544,0.6239935587761675
160,7.03166935050993,10.654857756307031,2.5831991411701556,5.763553408480945,20.38378958668814,46.89345142243693,2.341653247450349,3.7238325281803544,0.6239935587761675
161,7.14573268921095,10.628019323671497,2.5831991411701556,5.750134192163178,20.38378958668814,46.826355340848096,2.3349436392914655,3.7238325281803544,0.6239935587761675
162,7.320182501341922,10.628019323671497,2.5831991411701556,5.723295759527644,20.323403113258184,46.73913043478261,2.3349436392914655,3.7238325281803544,0.6239935587761675
163,7.340311325818572,10.628019323671497,2.5831991411701556,5.723295759527644,20.21604938271605,46.826355340848096,2.3349436392914655,3.7238325281803544,0.6239935587761675
164,7.675791733762749,10.61460010735373,2.576489533011272,5.723295759527644,20.061728395061728,46.222490606548575,2.7777777777777777,3.7238325281803544,0.6239935587761675
165,7.843531937734836,10.61460010735373,2.576489533011272,5.662909286097692,20.014761137949545,46.175523349436396,2.7777777777777777,3.7104133118625873,0.6239935587761675
166,7.883789586688137,10.601180891035963,2.576489533011272,5.662909286097692,19.87385936661299,46.141975308641975,2.7777777777777777,3.7104133118625873,0.7716049382716049
167,7.917337627482555,10.601180891035963,2.576489533011272,5.387815351583468,20.46430488459474,45.8064949006978,2.7643585614600106,3.7104133118625873,0.7716049382716049
168,7.96430488459474,10.540794417606012,2.576489533011272,5.4616210413311865,20.46430488459474,45.74610842726785,2.7643585614600106,3.7104133118625873,0.7716049382716049
169,8.011272141706923,10.540794417606012,2.576489533011272,5.4616210413311865,20.46430488459474,45.65217391304348,2.8113258185721954,3.7104133118625873,0.7716049382716049
170,7.27992485238862,6.642512077294686,2.8650026838432634,5.448201825013419,20.46430488459474,50.925925925925924,2.8918411164787976,2.7106816961889426,0.7716049382716049
171,7.367149758454106,6.642512077294686,2.8650026838432634,5.448201825013419,20.41062801932367,50.89237788513151,2.8918411164787976,2.7106816961889426,0.7716049382716049
172,7.440955448201825,6.642512077294686,2.8650026838432634,5.448201825013419,20.377079978529252,50.85212023617821,2.8918411164787976,2.7106816961889426,0.7716049382716049
173,7.407407407407407,6.642512077294686,2.8650026838432634,5.300590445517981,20.37037037037037,50.3690284487386,2.7643585614600106,3.5091250670960816,0.7716049382716049
174,7.326892109500805,6.588835212023618,3.488996242619431,5.300590445517981,19.77992485238862,50.2012882447665,3.0327428878153517,3.5091250670960816,0.7716049382716049
175,7.427536231884058,6.588835212023618,3.488996242619431,5.300590445517981,19.77992485238862,50.0402576489533,3.0931293612453032,3.5091250670960816,0.7716049382716049
176,7.595276435856146,6.588835212023618,3.488996242619431,5.300590445517981,19.712828770799785,49.85238862050456,3.2139023081052067,3.475577026301664,0.7716049382716049
177,7.769726247987117,6.575415995705851,3.4688674181427803,5.300590445517981,19.685990338164252,49.73832528180354,3.2139023081052067,3.475577026301664,0.7716049382716049
178,7.809983896940419,6.575415995705851,3.4688674181427803,5.300590445517981,19.679280730005367,49.5504562533548,3.3682232957595275,3.475577026301664,0.7716049382716049
179,7.890499194847021,5.864197530864198,3.455448201825013,5.300590445517981,20.74610842726785,49.094202898550726,3.2340311325818574,3.717122920021471,0.6977992485238862
180,8.111916264090176,5.857487922705314,3.455448201825013,5.300590445517981,20.625335480407944,49.033816425120776,3.207192699946323,3.717122920021471,0.6910896403650026
181,8.158883521202362,5.83064949006978,3.455448201825013,4.562533548040794,21.490874932903917,48.8996242619431,3.193773483628556,3.717122920021471,0.6910896403650026
182,8.28636607622115,5.763553408480945,3.7104133118625873,4.555823939881911,21.349973161567366,48.7788513150832,3.193773483628556,3.670155662909286,0.6910896403650026
183,8.3467525496511,5.736714975845411,3.7104133118625873,4.555823939881911,21.316425120772948,48.7788513150832,3.193773483628556,3.670155662909286,0.6910896403650026
184,8.447396672034353,5.736714975845411,3.7104133118625873,4.549114331723027,21.26274825550188,48.7385936661299,3.193773483628556,3.670155662909286,0.6910896403650026
185,8.628556092324208,5.730005367686527,3.69699409554482,4.549114331723027,21.235909822866343,47.758990874932906,4.072732152442297,3.6366076221148687,0.6910896403650026
186,8.635265700483092,5.730005367686527,3.69699409554482,4.51556629092861,22.436929683306495,46.85990338164251,3.797638217928073,3.6366076221148687,0.6910896403650026
187,8.756038647342995,5.730005367686527,3.750670960815888,4.4753086419753085,22.416800858829845,46.745840042941495,3.797638217928073,3.6366076221148687,0.6910896403650026
188,8.856682769726248,5.669618894256575,3.7372517444981215,4.5960815888352125,22.34970477724101,46.71900161030596,3.743961352657005,3.6366076221148687,0.6910896403650026
189,9.091519055287172,5.548845947396672,3.7372517444981215,4.5960815888352125,22.34970477724101,46.67874396135266,3.730542136339238,3.5762211486849167,0.6910896403650026
190,9.23913043478261,5.548845947396672,3.7372517444981215,4.468599033816425,22.309447128287708,46.57809983896941,3.730542136339238,3.5762211486849167,0.8118625872249061
191,9.158615136876007,5.522007514761138,3.535963499731616,5.045625335480408,21.806226516371442,46.00107353730542,3.8580246913580245,4.126409017713366,0.9460547504025765
192,9.185453569511541,5.4549114331723025,3.535963499731616,5.428073000536768,21.450617283950617,45.772946859903385,4.42163177670424,3.8043478260869565,0.9460547504025765
193,9.333064949006978,5.4549114331723025,3.535963499731616,5.428073000536768,21.43719806763285,45.58507783145464,4.488727858293076,3.7909286097691894,0.9460547504025765
194,9.453837895866881,5.4549114331723025,3.535963499731616,5.414653784219001,21.39694041867955,45.52469135802469,4.4820182501341925,3.7909286097691894,0.9460547504025765
195,9.66183574879227,5.4549114331723025,3.5225442834138487,5.414653784219001,21.370101986044016,45.3569511540526,4.4820182501341925,3.7909286097691894,0.9460547504025765
196,9.722222222222221,5.448201825013419,3.5225442834138487,5.374396135265701,21.14868491680086,44.87385936661299,5.173107890499195,3.7909286097691894,0.9460547504025765
197,9.648416532474503,5.448201825013419,3.5225442834138487,5.374396135265701,21.027911969940956,44.22302737520129,6.018518518518518,3.7909286097691894,0.9460547504025765
198,9.769189479334408,5.448201825013419,3.5225442834138487,5.314009661835748,20.974235104669887,44.216317767042405,6.018518518518518,3.7909286097691894,0.9460547504025765
199,9.822866344605474,5.199946323134729,3.4957058507783145,5.669618894256575,20.913848631239937,44.04186795491143,6.119162640901771,3.7909286097691894,0.9460547504025765
200,10.144927536231885,5.166398282340311,3.4957058507783145,5.669618894256575,20.739398819108963,43.927804616210416,6.119162640901771,3.7909286097691894,0.9460547504025765
201,10.279119699409554,5.166398282340311,3.421900161030596,5.656199677938808,20.699141170155663,43.874127750939344,6.119162640901771,3.8378958668813743,0.9460547504025765
202,9.990606548577563,5.166398282340311,3.33467525496511,5.360976918947934,16.445249597423512,49.28878153515835,5.911164787976382,3.8378958668813743,0.6642512077294686
203,10.030864197530864,5.166398282340311,3.33467525496511,5.360976918947934,16.431830381105744,48.72517444981213,6.468062265163715,3.8177670424047236,0.6642512077294686
204,8.729200214707461,5.0858829844337095,3.052871712292002,5.267042404723564,14.700751476113794,53.69028448738594,5.112721417069243,3.69699409554482,0.6642512077294686
205,8.675523349436393,5.0858829844337095,3.026033279656468,4.367954911433173,13.754696725711218,53.34138486312399,5.0791733762748255,6.0587761674718195,0.6105743424584005
206,8.756038647342995,5.0858829844337095,3.026033279656468,4.367954911433173,13.667471819645733,53.28099838969404,5.072463768115942,6.052066559312936,0.6910896403650026
207,8.836553945249598,5.0858829844337095,3.0730005367686526,4.367954911433173,13.6406333870102,53.234031132581855,5.032206119162641,6.045356951154052,0.6843800322061192
208,8.896940418679549,4.985238862050457,3.1736446591519054,4.367954911433173,13.6406333870102,53.173644659151904,5.032206119162641,6.045356951154052,0.6843800322061192
209,8.836553945249598,4.884594739667204,3.44873859366613,4.367954911433173,14.190821256038648,52.53623188405797,5.005367686527107,6.045356951154052,0.6843800322061192
210,9.024422973698336,4.884594739667204,3.5829307568438002,4.260601180891036,14.170692431561998,52.341653247450346,5.005367686527107,6.045356951154052,0.6843800322061192
211,9.07139023081052,4.884594739667204,3.670155662909286,4.260601180891036,14.15727321524423,52.241009125067094,5.005367686527107,6.025228126677402,0.6843800322061192
212,9.111647879763822,4.85775630703167,3.670155662909286,4.260601180891036,14.15727321524423,52.22758990874933,5.005367686527107,6.025228126677402,0.6843800322061192
213,9.138486312399356,4.85775630703167,3.656736446591519,4.260601180891036,14.13714439076758,51.972624798711756,4.851046698872786,6.4412238325281805,0.6843800322061192
214,9.252549651100376,4.85775630703167,3.656736446591519,4.247181964573269,14.11701556629093,51.892109500805155,4.851046698872786,6.4412238325281805,0.6843800322061192
215,9.225711218464841,4.830917874396135,4.958400429414922,4.247181964573269,14.090177133655395,50.878958668813745,4.643048845947397,6.4412238325281805,0.6843800322061192
216,9.514224369296834,4.830917874396135,4.958400429414922,4.247181964573269,14.070048309178745,50.617283950617285,4.636339237788513,6.4412238325281805,0.6843800322061192
217,9.567901234567902,4.830917874396135,4.958400429414922,4.247181964573269,14.070048309178745,50.56360708534621,4.636339237788513,6.4412238325281805,0.6843800322061192
218,9.567901234567902,4.830917874396135,4.958400429414922,5.0791733762748255,13.553408480944713,50.013419216317764,4.87788513150832,6.4345142243692965,0.6843800322061192
219,9.581320450885668,4.830917874396135,4.958400429414922,5.065754159957058,13.553408480944713,50.013419216317764,4.87788513150832,6.4345142243692965,0.6843800322061192
220,9.567901234567902,4.830917874396135,4.904723564143854,5.059044551798175,13.217928073000536,49.745034889962426,4.87788513150832,7.118894256575416,0.6776704240472357
221,9.722222222222221,4.830917874396135,4.904723564143854,5.059044551798175,13.217928073000536,49.6309715512614,4.8376274825550185,7.118894256575416,0.6776704240472357
222,9.75577026301664,4.74369296833065,4.904723564143854,5.293880837359098,13.217928073000536,49.57729468599034,4.8376274825550185,6.991411701556629,0.6776704240472357
223,9.212292002147075,4.74369296833065,4.797369833601718,8.856682769726248,13.217928073000536,46.11513687600644,5.394524959742351,6.984702093397746,0.6776704240472357
224,9.31964573268921,4.736983360171766,4.7638217928073,8.836553945249598,13.217928073000536,46.06816961889426,5.394524959742351,6.984702093397746,0.6776704240472357
225,9.39345142243693,4.730273752012883,4.7638217928073,8.836553945249598,13.211218464841654,45.91384863123994,5.488459473966721,6.984702093397746,0.6776704240472357
226,9.554482018250134,4.730273752012883,4.7638217928073,8.796296296296296,13.170960815888352,45.840042941492214,5.481749865807837,6.984702093397746,0.6776704240472357
227,9.71551261406334,4.730273752012883,4.7638217928073,8.78287707997853,13.103864734299517,45.66559312936125,5.589103596349974,6.984702093397746,0.6642512077294686
228,9.816156736446592,4.730273752012883,4.7638217928073,8.78287707997853,13.083735909822867,45.591787439613526,5.589103596349974,6.984702093397746,0.6575415995705851
229,9.98389694041868,4.730273752012883,4.64975845410628,8.776167471819646,13.083735909822867,45.54482018250134,5.589103596349974,6.984702093397746,0.6575415995705851
230,10.071121846484166,4.730273752012883,4.636339237788513,8.776167471819646,12.983091787439614,45.2361782071927,5.884326355340848,6.957863660762212,0.7246376811594203
231,10.050993022007514,4.730273752012883,4.636339237788513,8.776167471819646,12.76838432635534,45.189210950080515,6.233225979602791,6.957863660762212,0.6575415995705851
232,10.111379495437467,4.7101449275362315,4.636339237788513,8.76274825550188,12.600644122383253,45.00134192163178,6.367418142780462,6.957863660762212,0.8521202361782072
233,10.23215244229737,4.676596886741814,4.636339237788513,8.742619431025227,12.587224906065487,44.947665056360705,6.367418142780462,6.957863660762212,0.8521202361782072
234,10.38647342995169,4.663177670424047,4.636339237788513,8.715780998389693,12.580515297906603,44.867149758454104,6.340579710144928,6.957863660762212,0.8521202361782072
235,10.487117552334944,4.663177670424047,4.757112184648417,8.568169618894256,12.580515297906603,44.72624798711755,6.407675791733762,6.957863660762212,0.8521202361782072
236,10.648148148148149,4.663177670424047,4.757112184648417,8.568169618894256,12.553676865271068,44.59205582393988,6.407675791733762,6.957863660762212,0.8521202361782072
237,10.715244229736983,4.663177670424047,4.757112184648417,8.568169618894256,12.553676865271068,44.524959742351044,6.407675791733762,6.957863660762212,0.8521202361782072
238,10.856146001073537,4.663177670424047,4.757112184648417,8.507783145464305,12.553676865271068,44.47128287707998,6.380837359098229,6.957863660762212,0.8521202361782072
239,11.057434245840042,4.663177670424047,4.757112184648417,8.340042941492216,12.546967257112184,44.44444444444444,6.380837359098229,6.957863660762212,0.8521202361782072
240,10.72866344605475,4.636339237788513,4.750402576489533,8.185721953837897,10.84272678475577,48.389694041867955,6.286902844873859,5.4616210413311865,0.7179280730005367
241,10.809178743961352,4.636339237788513,4.750402576489533,8.185721953837897,10.84272678475577,48.309178743961354,6.286902844873859,5.4616210413311865,0.7179280730005367
242,10.581052066559312,4.562533548040794,5.166398282340311,8.044820182501342,10.84272678475577,47.69189479334407,6.179549114331723,6.139291465378422,0.7917337627482555
243,10.88298443370907,4.562533548040794,5.166398282340311,8.038110574342458,10.789049919484702,47.43022007514761,6.233225979602791,6.105743424584004,0.7917337627482555
244,10.896403650026839,4.562533548040794,5.166398282340311,8.038110574342458,10.72866344605475,47.32286634460547,6.219806763285024,6.293612453032743,0.7716049382716049
245,9.433709071390231,4.052603327965647,4.931561996779388,7.494632313472893,10.299248523886206,52.03301127214171,5.884326355340848,5.0993022007514766,0.7716049382716049
246,9.406870638754697,4.052603327965647,4.931561996779388,7.763016639828234,10.299248523886206,51.7914653784219,5.884326355340848,5.0993022007514766,0.7716049382716049
247,9.447128287707997,4.052603327965647,4.931561996779388,7.763016639828234,10.299248523886206,51.690821256038646,5.9447128287707995,5.0993022007514766,0.7716049382716049
