,45,50,53,55,54,51,52,57,56
0,99.73832528180354,0.2616747181964573,,,,,,,
1,91.98872785829307,8.011272141706923,,,,,,,
2,91.94176060118089,7.87037037037037,0.07380568974771873,0.11406333870101985,,,,,
3,90.14358561460011,9.668545356951155,0.07380568974771873,0.11406333870101985,,,,,
4,89.2512077294686,10.399892646269459,0.1274825550187869,0.2214170692431562,,,,,
5,89.12372517444982,10.527375201288244,0.1274825550187869,0.2214170692431562,,,,,
6,89.14385399892646,10.466988727858293,0.1274825550187869,0.2214170692431562,0.040257648953301126,,,,
7,89.01637144390767,10.48040794417606,0.1274825550187869,0.2214170692431562,0.040257648953301126,0.11406333870101985,,,
8,84.61486849168008,14.9020397208803,0.10735373054213634,0.2214170692431562,0.040257648953301126,0.11406333870101985,,,
9,84.40016103059581,15.049651100375739,0.1878690284487386,0.2214170692431562,0.026838432635534086,0.11406333870101985,,,
10,83.15217391304348,16.297638217928075,0.1878690284487386,0.2214170692431562,0.026838432635534086,0.11406333870101985,,,
11,83.03811057434245,16.411701556629094,0.1878690284487386,0.2214170692431562,0.026838432635534086,0.11406333870101985,,,
12,75.62399355877616,23.839237788513152,0.1878690284487386,0.20799785292538917,0.026838432635534086,0.11406333870101985,,,
13,75.64412238325282,23.8191089640365,0.1878690284487386,0.20799785292538917,0.026838432635534086,0.11406333870101985,,,
14,74.6376811594203,24.825550187869027,0.1878690284487386,0.20799785292538917,0.026838432635534086,0.11406333870101985,,,
15,74.36258722490606,24.986580783682232,0.1878690284487386,0.20799785292538917,0.026838432635534086,0.2281266774020397,,,
16,74.46323134728932,24.88593666129898,0.1878690284487386,0.20799785292538917,0.026838432635534086,0.2281266774020397,,,
17,74.46323134728932,24.88593666129898,0.1878690284487386,0.20799785292538917,0.026838432635534086,0.2281266774020397,,,
18,72.06119162640901,24.818840579710145,0.1878690284487386,0.20799785292538917,0.026838432635534086,2.6972624798711755,,,
19,67.74691358024691,29.032474503488995,0.1878690284487386,0.20799785292538917,0.1274825550187869,2.6972624798711755,,,
20,54.24718196457327,44.457863660762214,0.1878690284487386,0.33548040794417605,0.20799785292538917,0.5636070853462157,,,
21,52.985775630703166,44.45115405260333,0.1878690284487386,1.6035963499731616,0.20799785292538917,0.5636070853462157,,,
22,51.851851851851855,44.256575415995705,0.1878690284487386,1.6035963499731616,1.5365002683843263,0.5636070853462157,,,
23,52.02630166398282,43.90096618357488,0.1878690284487386,1.7847557702630166,1.5365002683843263,0.5636070853462157,,,
24,51.95920558239399,41.29092860976919,0.1878690284487386,1.7847557702630166,1.5297906602254427,0.5636070853462157,2.6838432635534084,,
25,47.58454106280193,45.3166935050993,0.1878690284487386,1.9122383252818036,1.402308105206656,0.5636070853462157,3.0327428878153517,,
26,47.87976382179281,45.13553408480945,0.1878690284487386,1.9122383252818036,1.402308105206656,0.5636070853462157,2.918679549114332,,
27,48.20182501341922,44.860440150295226,0.1878690284487386,1.7914653784219001,1.5230810520665594,0.5300590445517982,2.9052603327965647,,
28,48.148148148148145,44.80005367686527,0.1878690284487386,1.7914653784219001,1.5230810520665594,0.644122383252818,2.9052603327965647,,
29,48.101180891035966,43.994900697799245,0.1610305958132045,1.7914653784219001,1.7847557702630166,1.261406333870102,2.9052603327965647,,
30,47.718733225979605,44.36392914653784,0.1610305958132045,1.7914653784219001,1.9189479334406871,1.1406333870101986,2.9052603327965647,,
31,47.658346752549654,44.20960815888352,0.2885131508319914,1.8988191089640365,1.8988191089640365,1.1406333870101986,2.9052603327965647,,
32,47.678475577026305,43.69296833064949,0.2885131508319914,2.0263016639828235,1.8988191089640365,1.5096618357487923,2.9052603327965647,,
33,46.0077831454643,45.3972088030059,0.2885131508319914,2.0263016639828235,1.865271068169619,1.5096618357487923,2.9052603327965647,,
34,46.43719806763285,44.826892109500804,0.4025764895330113,1.9994632313472893,2.006172839506173,1.4224369296833066,2.9052603327965647,,
35,46.59822866344606,44.53166935050993,0.4025764895330113,2.13365539452496,2.006172839506173,1.4224369296833066,2.9052603327965647,,
36,46.39694041867955,43.45813204508857,0.4025764895330113,2.13365539452496,2.006172839506173,2.187332259796028,3.4151905528717124,,
37,43.45813204508857,46.53113258185722,0.4025764895330113,2.13365539452496,1.9927536231884058,2.0665593129361244,3.4151905528717124,,
38,43.323939881910896,46.69887278582931,0.4025764895330113,2.13365539452496,1.9793344068706387,2.0665593129361244,3.3950617283950617,,
39,42.46511003757381,44.887278582930755,0.39586688137412773,2.395330112721417,1.9122383252818036,3.3011272141706924,4.643048845947397,,
40,42.572463768115945,44.7061191626409,0.39586688137412773,2.3886205045625335,2.033011272141707,3.3011272141706924,4.602791196994096,,
41,42.411433172302736,44.53166935050993,0.39586688137412773,2.3886205045625335,2.15378421900161,3.5292538915727323,4.5893719806763285,,
42,42.330917874396135,44.35050993022008,0.39586688137412773,2.791196994095545,2.0665593129361244,3.475577026301664,4.5893719806763285,,
43,42.54562533548041,43.82716049382716,0.39586688137412773,3.0059044551798175,2.1806226516371443,3.475577026301664,4.569243156199678,,
44,42.80730005367686,43.605743424584006,0.39586688137412773,2.9924852388620504,2.1806226516371443,3.4621578099838968,4.555823939881911,,
45,38.1105743424584,51.62372517444981,0.39586688137412773,2.703972088030059,2.13365539452496,2.0397208803005906,2.9924852388620504,,
46,38.14412238325282,50.0,0.5434782608695652,2.703972088030059,2.13365539452496,1.9793344068706387,4.49543746645196,,
47,38.077026301663984,48.8191089640365,0.5434782608695652,2.703972088030059,3.3950617283950617,1.9793344068706387,4.4820182501341925,,
48,37.52012882447665,47.80595813204509,0.5434782608695652,2.6972624798711755,3.280998389694042,3.7238325281803544,4.30756843800322,0.12077294685990338,
49,37.184648416532475,47.08803005904455,0.3824476650563607,2.6972624798711755,3.2742887815351582,4.944981213097155,4.30756843800322,0.12077294685990338,
50,35.99704777241009,46.846484165324746,0.6239935587761675,2.428878153515835,3.2742887815351582,5.01207729468599,5.6964573268921095,0.12077294685990338,
51,35.12479871175523,47.738862050456255,0.6239935587761675,2.428878153515835,3.2742887815351582,5.01207729468599,5.676328502415459,0.12077294685990338,
52,34.76247987117552,45.967525496511,0.6239935587761675,2.428878153515835,3.2742887815351582,7.467793880837359,5.35426731078905,0.12077294685990338,
53,34.4873859366613,44.887278582930755,0.6239935587761675,2.563070316693505,3.140096618357488,8.863392377885132,5.314009661835748,0.12077294685990338,
54,30.991680085882983,39.412238325281805,0.5501878690284487,2.6435856146001075,2.985775630703167,18.00187869028449,5.226784755770263,0.1878690284487386,
55,31.05877616747182,38.506441223832525,1.6774020397208802,2.6033279656468062,2.844873859366613,17.98845947396672,5.132850241545894,0.1878690284487386,
56,31.105743424584006,38.459473966720346,1.5633387010198605,2.717391304347826,2.831454643048846,17.847557702630166,5.179817498658078,0.1878690284487386,0.10735373054213634
57,31.4345142243693,38.238056897477186,1.5633387010198605,2.717391304347826,2.831454643048846,17.74020397208803,5.179817498658078,0.1878690284487386,0.10735373054213634
58,30.790391841116477,38.91572732152442,1.5633387010198605,2.717391304347826,2.831454643048846,17.70665593129361,5.179817498658078,0.1878690284487386,0.10735373054213634
59,30.9849704777241,38.788244766505635,1.5633387010198605,2.703972088030059,2.818035426731079,17.693236714975846,5.152979066022544,0.1878690284487386,0.10735373054213634
60,30.837359098228664,37.815351583467525,1.6706924315619969,2.703972088030059,2.717391304347826,19.00161030595813,4.958400429414922,0.1878690284487386,0.10735373054213634
61,30.97826086956522,37.486580783682236,1.6706924315619969,2.703972088030059,2.717391304347826,19.068706387546968,5.199946323134729,0.06709608158883522,0.10735373054213634
62,31.031937734836287,37.35909822866345,1.6706924315619969,2.6704240472356413,2.717391304347826,19.102254428341386,5.273752012882448,0.06709608158883522,0.10735373054213634
63,31.21309715512614,37.31884057971015,1.778046162104133,2.563070316693505,2.6637144390767578,19.068706387546968,5.22007514761138,0.06709608158883522,0.10735373054213634
64,30.495169082125603,35.00402576489533,1.7713365539452497,2.5831991411701556,3.549382716049383,20.061728395061728,6.360708534621578,0.06709608158883522,0.10735373054213634
65,30.340848094471284,33.53462157809984,1.7713365539452497,2.5831991411701556,3.643317230273752,21.826355340848096,6.125872249060655,0.06709608158883522,0.10735373054213634
66,30.454911433172303,33.41384863123994,1.9122383252818036,2.475845410628019,3.616478797638218,21.826355340848096,6.125872249060655,0.06709608158883522,0.10735373054213634
67,30.307300053676865,32.71604938271605,1.9122383252818036,2.6033279656468062,3.616478797638218,22.77241009125067,5.897745571658615,0.06709608158883522,0.10735373054213634
68,30.50858829844337,32.47450348899624,1.9122383252818036,2.7106816961889426,3.589640365002684,22.73215244229737,5.897745571658615,0.06709608158883522,0.10735373054213634
69,30.669618894256576,32.26650563607085,1.9122383252818036,2.85829307568438,3.589640365002684,22.665056360708533,5.864197530864198,0.06709608158883522,0.10735373054213634
70,30.750134192163177,32.21282877079979,1.9122383252818036,2.85829307568438,3.589640365002684,22.564412238325282,5.864197530864198,0.06709608158883522,0.18115942028985507
71,31.00509930220075,31.97799248523886,1.9927536231884058,2.844873859366613,3.5292538915727323,22.537573805689746,5.864197530864198,0.06709608158883522,0.18115942028985507
72,31.07890499194847,31.82367149758454,1.9659151905528718,4.019055287171229,3.5292538915727323,21.235909822866343,5.83064949006978,0.06709608158883522,0.4495437466451959
73,30.817230273752013,31.716317767042405,2.167203435319377,5.267042404723564,3.5091250670960816,20.202630166398283,5.803811057434245,0.06709608158883522,0.4495437466451959
74,31.112453032742888,31.508319914117017,2.167203435319377,5.267042404723564,3.4822866344605474,20.142243692968332,5.803811057434245,0.06709608158883522,0.4495437466451959
75,25.5300590445518,39.22436929683307,2.01959205582394,5.24020397208803,3.180354267310789,19.424315619967793,4.864465915190553,0.06709608158883522,0.4495437466451959
76,25.067096081588836,38.888888888888886,2.01959205582394,5.152979066022544,3.0730005367686526,20.437466451959207,4.8443370907139025,0.06709608158883522,0.4495437466451959
77,25.275093934514224,38.75469672571122,2.1068169618894257,5.267042404723564,3.0730005367686526,20.249597423510465,4.757112184648417,0.06709608158883522,0.4495437466451959
78,25.5300590445518,36.33252818035427,1.9860440150295222,5.367686527106817,3.012614063338701,20.101986044015028,7.152442297369833,0.06709608158883522,0.4495437466451959
79,25.214707461084274,35.72195383789587,1.9860440150295222,5.35426731078905,2.9119699409554483,21.18894256575416,7.105475040257649,0.06709608158883522,0.4495437466451959
80,25.39586688137413,35.42002147074611,2.073268921095008,5.475040257648954,3.046162104133119,20.994363929146537,7.078636607622115,0.06709608158883522,0.4495437466451959
81,25.664251207729468,35.10466988727858,2.073268921095008,5.669618894256575,3.0327428878153517,20.8870101986044,7.051798174986581,0.06709608158883522,0.4495437466451959
82,25.959473966720342,34.816156736446594,1.9524959742351047,5.770263016639828,3.0327428878153517,20.799785292538918,7.152442297369833,0.06709608158883522,0.4495437466451959
83,25.83870101986044,34.52093397745572,2.1135265700483092,5.8239398819108965,3.026033279656468,20.77294685990338,7.253086419753086,0.06709608158883522,0.5837359098228664
84,24.55716586151369,36.8894256575416,3.1199677938808374,5.723295759527644,3.026033279656468,18.746645195920557,7.2933440687063875,0.06709608158883522,0.5770263016639828
85,24.644390767579175,36.74852388620504,3.2742887815351582,5.8239398819108965,2.932098765432099,18.63929146537842,7.2933440687063875,0.06709608158883522,0.5770263016639828
86,24.62426194310252,35.89640365002684,3.2742887815351582,5.797101449275362,3.8848631239935587,18.451422436929683,7.2933440687063875,0.06709608158883522,0.7112184648416533
87,24.89935587761675,35.68169618894257,3.2675791733762747,5.709876543209877,3.8848631239935587,18.397745571658614,7.380568974771873,0.06709608158883522,0.7112184648416533
88,25.09393451422437,35.44685990338164,3.240740740740741,5.783682232957595,3.8714439076757916,18.4447128287708,7.340311325818572,0.06709608158883522,0.7112184648416533
89,24.691358024691358,34.47396672034353,2.831454643048846,5.340848094471283,4.180085882984434,20.363660762211488,7.340311325818572,0.06709608158883522,0.7112184648416533
90,24.97987117552335,34.18545356951154,2.831454643048846,5.421363392377885,4.180085882984434,20.29656468062265,7.326892109500805,0.06709608158883522,0.7112184648416533
91,25.348899624261943,33.8365539452496,2.831454643048846,5.421363392377885,4.247181964573269,20.25630703166935,7.27992485238862,0.06709608158883522,0.7112184648416533
92,25.83870101986044,33.77616747181965,2.771068169618894,5.387815351583468,4.233762748255502,19.887278582930758,7.326892109500805,0.06709608158883522,0.7112184648416533
93,25.234836285560924,33.1857219538379,2.7643585614600106,5.448201825013419,4.253891572732153,21.021202361782073,7.313472893183038,0.06709608158883522,0.7112184648416533
94,25.55689747718733,32.99785292538916,2.7643585614600106,5.448201825013419,4.233762748255502,20.994363929146537,7.226247987117552,0.06709608158883522,0.7112184648416533
95,25.85212023617821,32.910628019323674,2.818035426731079,5.381105743424584,4.30756843800322,20.725979602791195,7.226247987117552,0.06709608158883522,0.7112184648416533
96,25.55689747718733,32.769726247987116,2.818035426731079,5.3341384863123995,4.30756843800322,21.20907139023081,7.226247987117552,0.06709608158883522,0.7112184648416533
97,26.02657004830918,32.64224369296833,2.7308105206655933,5.3274288781535155,4.26731078904992,21.121846484165324,7.03166935050993,0.14090177133655393,0.7112184648416533
98,26.529790660225444,32.387278582930755,2.7442297369833604,5.300590445517981,4.3478260869565215,20.90042941492217,6.937734836285561,0.14090177133655393,0.7112184648416533
99,26.207729468599034,31.830381105743424,2.7241009125067097,5.267042404723564,5.005367686527107,20.658883521202362,7.380568974771873,0.12077294685990338,0.8051529790660226
100,26.77133655394525,31.50161030595813,2.7241009125067097,5.267042404723564,5.005367686527107,20.658883521202362,7.14573268921095,0.12077294685990338,0.8051529790660226
101,26.94578636607622,31.38083735909823,2.7241009125067097,5.3341384863123995,5.10601180891036,20.471014492753625,7.065217391304348,0.12077294685990338,0.8521202361782072
102,27.13365539452496,31.239935587761675,2.831454643048846,5.481749865807837,4.958400429414922,20.33011272141707,7.051798174986581,0.12077294685990338,0.8521202361782072
103,27.489264626945786,30.891035963499732,2.831454643048846,5.347557702630167,4.944981213097155,20.585077831454644,6.951154052603328,0.12077294685990338,0.8387010198604401
104,26.8317230273752,30.320719269994633,2.831454643048846,5.347557702630167,4.898013955984971,20.336822329575952,8.57487922705314,0.12077294685990338,0.7380568974771873
105,27.294685990338163,30.07246376811594,2.791196994095545,5.300590445517981,4.978529253891573,20.283145464304884,8.420558239398819,0.12077294685990338,0.7380568974771873
106,27.603327965646805,29.924852388620504,2.7509393451422435,5.381105743424584,4.938271604938271,20.135534084809446,8.407139023081053,0.12077294685990338,0.7380568974771873
107,28.012614063338702,29.8040794417606,2.8650026838432634,5.267042404723564,4.871175523349437,19.92753623188406,8.393719806763285,0.12077294685990338,0.7380568974771873
108,28.14680622651637,29.736983360171767,2.85829307568438,5.226784755770263,5.018786902844874,19.867149758454108,8.28636607622115,0.12077294685990338,0.7380568974771873
109,28.495705850778315,29.58937198067633,2.85829307568438,5.166398282340311,4.99194847020934,19.80005367686527,8.239398819108963,0.12077294685990338,0.7380568974771873
110,28.64331723027375,29.441760601180892,2.85829307568438,5.159688674181428,5.0791733762748255,19.786634460547504,8.172302737520129,0.12077294685990338,0.7380568974771873
111,27.70397208803006,25.429414922168544,6.072195383789587,4.924852388620504,5.065754159957058,22.32957595276436,7.64224369296833,0.0939345142243693,0.7380568974771873
112,28.012614063338702,25.275093934514224,6.172839506172839,4.783950617283951,5.065754159957058,22.08132045088567,7.7831454643048845,0.0939345142243693,0.7313472893183038
113,28.059581320450885,25.161030595813205,6.105743424584004,4.750402576489533,5.059044551798175,21.812936124530328,8.225979602791197,0.0939345142243693,0.7313472893183038
114,26.39559849704777,27.569779924852387,5.958132045088567,4.703435319377348,4.7168545356951155,21.618357487922705,8.085077831454644,0.0939345142243693,0.8588298443370908
115,26.187600644122384,26.7914653784219,6.011808910359635,4.824208266237251,4.8376274825550185,21.73913043478261,8.722490606548577,0.0939345142243693,0.7917337627482555
116,26.556629092860977,26.590177133655395,6.031937734836285,4.810789049919484,4.824208266237251,21.618357487922705,8.682232957595277,0.0939345142243693,0.7917337627482555
117,26.194310252281266,25.32206119162641,6.488191089640365,4.797369833601718,4.508856682769726,20.947396672034355,10.856146001073537,0.0939345142243693,0.7917337627482555
118,26.362050456253353,25.214707461084274,6.488191089640365,4.797369833601718,4.508856682769726,20.90042941492217,10.856146001073537,0.0939345142243693,0.7783145464304885
119,25.946054750402578,24.651100375738057,6.474771873322598,4.931561996779388,4.575952764358561,22.088030059044552,10.46027911969941,0.0939345142243693,0.7783145464304885
120,26.247987117552334,24.52361782071927,6.4412238325281805,5.0791733762748255,4.40150295222759,22.054482018250134,10.379763821792807,0.0939345142243693,0.7783145464304885
121,25.979602791196996,22.27589908749329,7.749597423510467,4.804079441760601,4.240472356414386,24.57729468599034,9.500805152979066,0.0939345142243693,0.7783145464304885
122,26.402308105206657,22.067901234567902,7.7361782071927,4.7638217928073,4.206924315619967,24.46323134728932,9.4873859366613,0.0939345142243693,0.7783145464304885
123,26.617015566290927,22.054482018250134,7.695920558239399,4.730273752012883,4.206924315619967,24.355877616747183,9.46725711218465,0.0939345142243693,0.7783145464304885
124,26.96591519055287,21.886741814278047,7.695920558239399,4.690016103059581,4.126409017713366,24.335748792270532,9.426999463231347,0.0939345142243693,0.7783145464304885
125,27.160493827160494,21.866612989801396,7.481213097155126,4.690016103059581,4.126409017713366,24.16129898013956,9.380032206119163,0.20799785292538917,0.9259259259259259
126,27.22758990874933,21.792807300053678,7.447665056360709,4.777241009125067,4.0995705850778315,24.14117015566291,9.380032206119163,0.20799785292538917,0.9259259259259259
127,27.415458937198068,21.786097691894792,7.387278582930757,4.777241009125067,4.0995705850778315,24.053945249597422,9.346484165324744,0.20799785292538917,0.9259259259259259
128,27.636876006441224,21.71900161030596,7.266505636070853,4.777241009125067,3.911701556629093,23.89291465378422,9.66183574879227,0.20799785292538917,0.9259259259259259
129,27.83816425120773,21.69887278582931,7.206119162640902,4.777241009125067,3.911701556629093,23.812399355877616,9.648416532474503,0.18115942028985507,0.9259259259259259
130,26.650563607085346,19.11567364465915,4.414922168545357,4.468599033816425,4.327697262479871,32.80327428878154,7.4208266237251745,0.020128824476650563,0.7783145464304885
131,26.744498121309714,18.585614600107355,5.58239398819109,4.394793344068707,4.455179817498658,32.085346215781,7.353730542136339,0.020128824476650563,0.7783145464304885
132,26.912238325281802,18.51851851851852,5.5756843800322065,4.468599033816425,4.549114331723027,31.843800322061192,7.333601717659689,0.020128824476650563,0.7783145464304885
133,27.314814814814813,18.451422436929683,5.683038110574342,4.468599033816425,4.549114331723027,31.45464304884595,7.27992485238862,0.020128824476650563,0.7783145464304885
134,27.26113794954375,17.438271604938272,5.683038110574342,4.414922168545357,4.549114331723027,32.447665056360705,7.407407407407407,0.020128824476650563,0.7783145464304885
135,26.992753623188406,17.391304347826086,6.615673644659152,4.17337627482555,4.508856682769726,32.22624798711755,7.2933440687063875,0.020128824476650563,0.7783145464304885
136,27.32823403113258,17.310789049919485,6.608964036500268,4.159957058507783,4.455179817498658,32.045088566827694,7.2933440687063875,0.020128824476650563,0.7783145464304885
137,27.220880300590444,17.344337090713903,6.736446591519055,4.159957058507783,4.455179817498658,32.01154052603328,7.273215244229737,0.020128824476650563,0.7783145464304885
138,27.220880300590444,17.21014492753623,6.736446591519055,4.1532474503489,4.582662372517445,31.76328502415459,7.273215244229737,0.020128824476650563,1.0399892646269457
139,27.066559312936125,17.23027375201288,6.723027375201288,4.1532474503489,4.569243156199678,32.085346215781,7.112184648416532,0.020128824476650563,1.0399892646269457
140,26.29495437466452,16.42512077294686,7.300053676865271,4.213633923778851,4.690016103059581,31.635802469135804,8.380300590445518,0.020128824476650563,1.0399892646269457
141,26.207729468599034,15.74074074074074,10.285829307568438,4.052603327965647,4.28743961352657,30.44820182501342,8.091787439613526,0.020128824476650563,0.8655394524959742
142,25.006709608158882,18.323939881910896,10.11808910359635,4.03918411164788,4.2203435319377345,29.381374127750938,7.85024154589372,0.020128824476650563,1.0399892646269457
143,25.140901771336555,18.297101449275363,10.205314009661835,4.03918411164788,4.17337627482555,29.300858829844337,7.809983896940419,0.020128824476650563,1.0131508319914118
144,25.53676865271068,18.12265163714439,10.138217928073,4.17337627482555,4.17337627482555,29.07944176060118,7.75630703166935,0.020128824476650563,0.9997316156736447
145,25.63070316693505,17.907944176060116,10.104669887278583,4.414922168545357,4.17337627482555,29.005636070853463,7.742887815351583,0.020128824476650563,0.9997316156736447
146,25.6105743424584,17.907944176060116,10.077831454643048,4.40150295222759,4.17337627482555,28.535963499731615,8.272946859903382,0.020128824476650563,0.9997316156736447
147,25.79844337090714,17.894524959742352,9.98389694041868,4.38137412775094,4.133118625872249,28.475577026301664,8.219269994632313,0.020128824476650563,1.093666129898014
148,26.10708534621578,17.827428878153516,9.876543209876543,4.448470209339774,4.133118625872249,28.361513687600645,8.044820182501342,0.020128824476650563,1.1808910359634996
149,26.40901771336554,17.74020397208803,9.802737520128824,4.502147074610843,4.133118625872249,28.193773483628558,8.017981749865807,0.020128824476650563,1.1808910359634996
150,26.67740203972088,17.619431025228128,9.73564143853999,4.502147074610843,4.26731078904992,28.10654857756307,7.9106280193236715,0.020128824476650563,1.1607622114868492
151,26.8719806763285,17.505367686527105,9.695383789586689,4.468599033816425,4.394793344068707,28.435319377348364,7.494632313472893,0.020128824476650563,1.1137949543746646
152,27.086688137412775,17.236983360171767,9.782608695652174,4.62962962962963,4.394793344068707,28.26086956521739,7.474503488996243,0.020128824476650563,1.1137949543746646
153,27.435587761674718,17.156468062265162,9.695383789586689,4.622920021470746,4.522275899087493,28.046162104133117,7.387278582930757,0.020128824476650563,1.1137949543746646
154,27.66371443907676,17.136339237788512,9.782608695652174,4.64975845410628,4.4753086419753085,27.771068169618893,7.387278582930757,0.020128824476650563,1.1137949543746646
155,27.89855072463768,17.09608158883521,9.75577026301664,4.64975845410628,4.441760601180891,27.730810520665592,7.2933440687063875,0.020128824476650563,1.1137949543746646
156,28.16022544283414,17.09608158883521,9.621578099838969,4.64975845410628,4.441760601180891,27.603327965646805,7.2933440687063875,0.020128824476650563,1.1137949543746646
157,28.173644659151904,17.09608158883521,9.621578099838969,4.64975845410628,4.441760601180891,27.58990874932904,7.2933440687063875,0.020128824476650563,1.1137949543746646
158,28.30112721417069,17.08937198067633,9.594739667203436,4.64975845410628,4.441760601180891,27.51610305958132,7.2933440687063875,0.020128824476650563,1.093666129898014
159,28.629898013955984,17.06924315619968,9.534353193773484,4.522275899087493,4.441760601180891,27.314814814814813,7.232957595276436,0.020128824476650563,1.2345679012345678
160,28.30112721417069,16.458668813741276,9.50751476113795,4.441760601180891,4.441760601180891,28.663446054750402,6.9310252281266775,0.020128824476650563,1.2345679012345678
161,28.56280193236715,16.10305958132045,9.621578099838969,4.703435319377348,4.428341384863124,28.455448201825014,6.870638754696726,0.020128824476650563,1.2345679012345678
162,28.804347826086957,15.908480944712828,9.762479871175524,4.643048845947397,4.428341384863124,28.395061728395063,6.8035426731078905,0.020128824476650563,1.2345679012345678
163,29.186795491143318,15.814546430488459,9.809447128287708,4.643048845947397,4.502147074610843,28.032742887815353,6.769994632313473,0.020128824476650563,1.221148684916801
164,29.47530864197531,15.707192699946322,9.66183574879227,4.810789049919484,4.502147074610843,27.80461621041331,6.796833064949007,0.020128824476650563,1.221148684916801
165,29.656468062265162,15.633387010198604,9.66183574879227,4.810789049919484,4.455179817498658,27.75764895330113,6.78341384863124,0.020128824476650563,1.221148684916801
166,29.58937198067633,15.371712292002147,9.655126140633387,4.790660225442834,5.038915727321524,27.74422973698336,6.568706387546968,0.020128824476650563,1.221148684916801
167,29.7638217928073,15.35829307568438,9.453837895866881,4.911433172302737,5.0858829844337095,27.65029522275899,6.535158346752549,0.020128824476650563,1.221148684916801
168,29.683306494900698,15.029522275899087,9.520933977455716,4.830917874396135,5.736714975845411,27.449006977992486,6.515029522275899,0.020128824476650563,1.2144390767579174
169,30.112721417069242,14.962426194310252,9.400161030595813,4.824208266237251,5.736714975845411,27.214170692431562,6.515029522275899,0.020128824476650563,1.2144390767579174
170,30.683038110574344,14.821524422973699,9.245840042941492,4.736983360171766,5.649490069779925,27.126945786366075,6.501610305958132,0.020128824476650563,1.2144390767579174
171,31.13929146537842,14.741009125067096,9.232420826623725,4.797369833601718,5.5689747718733225,26.838432635534083,6.488191089640365,0.020128824476650563,1.1741814278046163
172,30.656199677938808,14.566559312936125,9.145195920558239,4.864465915190553,5.0858829844337095,26.77133655394525,7.96430488459474,0.020128824476650563,0.9259259259259259
173,29.931561996779386,13.855340848094471,9.078099838969404,4.616210413311863,4.703435319377348,29.522275899087493,7.548309178743962,0.013419216317767043,0.7313472893183038
174,30.22007514761138,13.81508319914117,8.99087493290392,4.502147074610843,4.703435319377348,29.47530864197531,7.548309178743962,0.013419216317767043,0.7313472893183038
175,30.367686527106816,13.747987117552334,8.970746108427267,4.502147074610843,4.703435319377348,29.421631776704242,7.541599570585078,0.013419216317767043,0.7313472893183038
176,30.3743961352657,13.747987117552334,9.078099838969404,4.502147074610843,4.656468062265164,29.394793344068706,7.501341921631776,0.013419216317767043,0.7313472893183038
177,30.387815351583466,13.707729468599034,9.078099838969404,4.49543746645196,4.703435319377348,29.428341384863124,7.454374664519592,0.013419216317767043,0.7313472893183038
178,30.723295759527645,13.674181427804616,9.03113258185722,4.408212560386473,4.696725711218465,29.320987654320987,7.4006977992485234,0.013419216317767043,0.7313472893183038
179,30.273752012882447,13.459473966720344,8.756038647342995,4.247181964573269,4.636339237788513,30.750134192163177,7.132313472893183,0.013419216317767043,0.7313472893183038
180,30.381105743424584,13.419216317767042,8.742619431025227,4.247181964573269,4.636339237788513,30.69645732689211,7.132313472893183,0.013419216317767043,0.7313472893183038
181,30.401234567901234,13.419216317767042,8.742619431025227,4.247181964573269,4.636339237788513,30.67632850241546,7.132313472893183,0.013419216317767043,0.7313472893183038
182,30.60252281266774,13.331991411701557,9.078099838969404,4.180085882984434,4.435050993022007,30.52200751476114,7.112184648416532,0.013419216317767043,0.7246376811594203
183,30.683038110574344,13.24476650563607,9.440418679549115,4.260601180891036,4.555823939881911,29.97181964573269,7.112184648416532,0.013419216317767043,0.7179280730005367
184,30.495169082125603,13.056897477187333,9.386741814278047,4.2270531400966185,4.555823939881911,30.56226516371444,6.984702093397746,0.013419216317767043,0.7179280730005367
185,30.649490069779926,12.95625335480408,9.41358024691358,4.448470209339774,4.622920021470746,30.287171229200215,6.890767579173376,0.013419216317767043,0.7179280730005367
186,30.62265163714439,12.855609232420827,9.41358024691358,4.441760601180891,4.770531400966184,30.273752012882447,6.890767579173376,0.013419216317767043,0.7179280730005367
187,30.877616747181964,12.788513150831992,9.286097691894794,4.441760601180891,4.770531400966184,30.226784755770264,6.877348362855609,0.013419216317767043,0.7179280730005367
188,31.239935587761675,12.701288244766506,9.286097691894794,4.40150295222759,4.703435319377348,30.09259259259259,6.843800322061192,0.013419216317767043,0.7179280730005367
189,31.629092860976918,12.701288244766506,9.138486312399356,4.40150295222759,4.703435319377348,29.87788513150832,6.843800322061192,0.013419216317767043,0.6910896403650026
190,31.944444444444443,12.627482555018787,9.118357487922705,4.40150295222759,4.864465915190553,29.643048845947398,6.696188942565755,0.013419216317767043,0.6910896403650026
191,31.91760601180891,12.439613526570048,9.192163177670425,4.40150295222759,4.508856682769726,29.455179817498657,7.380568974771873,0.013419216317767043,0.6910896403650026
192,31.850509930220074,12.419484702093397,9.178743961352657,4.542404723564144,4.508856682769726,29.441760601180892,7.353730542136339,0.013419216317767043,0.6910896403650026
193,32.19940955448202,12.385936661298981,9.125067096081589,4.528985507246377,4.508856682769726,29.20692431561997,7.340311325818572,0.013419216317767043,0.6910896403650026
194,32.52147074610843,12.305421363392378,9.118357487922705,4.528985507246377,4.508856682769726,29.045893719806763,7.273215244229737,0.013419216317767043,0.6843800322061192
195,32.6556629092861,12.258454106280194,9.158615136876007,4.528985507246377,4.508856682769726,28.945249597423512,7.246376811594203,0.013419216317767043,0.6843800322061192
196,32.669082125603865,12.238325281803542,9.453837895866881,4.64975845410628,4.49543746645196,28.495705850778315,7.300053676865271,0.013419216317767043,0.6843800322061192
197,32.62211486849168,12.124261943102523,9.453837895866881,4.62962962962963,4.7101449275362315,28.468867418142782,7.2933440687063875,0.013419216317767043,0.6843800322061192
198,32.85024154589372,12.030327428878154,9.514224369296834,4.62962962962963,4.690016103059581,28.408480944712828,7.179280730005368,0.013419216317767043,0.6843800322061192
199,33.299785292538914,11.976650563607086,9.50751476113795,4.7168545356951155,4.663177670424047,28.079710144927535,7.098765432098766,0.013419216317767043,0.644122383252818
200,33.24610842726785,11.956521739130435,9.73564143853999,4.7101449275362315,4.663177670424047,27.958937198067634,7.071926999463232,0.013419216317767043,0.644122383252818
201,33.3467525496511,11.929683306494901,9.749060654857756,4.804079441760601,4.62962962962963,27.925389157273216,6.957863660762212,0.013419216317767043,0.644122383252818
202,33.64868491680086,11.922973698336017,9.695383789586689,4.804079441760601,4.62962962962963,27.851583467525497,6.790123456790123,0.013419216317767043,0.644122383252818
203,32.991143317230275,12.909286097691895,9.655126140633387,4.804079441760601,4.49543746645196,27.72410091250671,6.763285024154589,0.013419216317767043,0.644122383252818
204,31.95115405260333,12.68786902844874,7.96430488459474,4.622920021470746,4.461889425657541,31.179549114331724,6.723027375201288,0.013419216317767043,0.39586688137412773
205,32.380568974771876,12.5402576489533,7.96430488459474,4.602791196994096,4.461889425657541,31.0252281266774,6.615673644659152,0.013419216317767043,0.39586688137412773
206,32.400697799248526,12.533548040794418,8.05823939881911,4.602791196994096,4.42163177670424,30.97826086956522,6.595544820182502,0.013419216317767043,0.39586688137412773
207,32.72275899087493,12.426194310252281,8.05823939881911,4.555823939881911,4.42163177670424,30.844068706387546,6.561996779388084,0.013419216317767043,0.39586688137412773
208,32.8972088030059,12.338969404186795,8.024691358024691,4.555823939881911,4.502147074610843,30.783682232957595,6.488191089640365,0.013419216317767043,0.39586688137412773
209,33.071658615136876,12.325550187869029,8.024691358024691,4.522275899087493,4.49543746645196,30.66290928609769,6.488191089640365,0.013419216317767043,0.39586688137412773
210,33.19243156199678,12.325550187869029,7.98443370907139,4.522275899087493,4.49543746645196,30.609232420826622,6.461352657004831,0.013419216317767043,0.39586688137412773
211,33.42055823939882,12.238325281803542,8.038110574342458,4.3478260869565215,4.616210413311863,30.475040257648953,6.454643048845948,0.013419216317767043,0.39586688137412773
212,33.08507783145464,11.956521739130435,7.836822329575953,4.133118625872249,4.51556629092861,29.045893719806763,9.017713365539452,0.013419216317767043,0.39586688137412773
213,33.111916264090176,11.956521739130435,7.823403113258186,4.133118625872249,4.51556629092861,29.032474503488995,9.017713365539452,0.013419216317767043,0.39586688137412773
214,32.79656468062265,11.822329575952764,9.004294149221685,4.03918411164788,4.690016103059581,28.535963499731615,8.917069243156199,0.013419216317767043,0.18115942028985507
215,33.15888352120236,11.802200751476114,8.950617283950617,4.032474503488996,4.690016103059581,28.442028985507246,8.729200214707461,0.013419216317767043,0.18115942028985507
216,33.23268921095008,11.802200751476114,8.883521202361782,4.032474503488996,4.683306494900698,28.442028985507246,8.729200214707461,0.013419216317767043,0.18115942028985507
217,33.4272678475577,11.748523886205046,8.849973161567364,4.139828234031133,4.683306494900698,28.039452495974235,8.715780998389693,0.013419216317767043,0.3824476650563607
218,33.675523349436396,11.647879763821793,8.76274825550188,4.126409017713366,4.683306494900698,28.005904455179817,8.702361782071927,0.013419216317767043,0.3824476650563607
219,33.93719806763285,11.453301127214171,8.903650026838433,4.126409017713366,4.549114331723027,27.965646806226516,8.668813741277509,0.013419216317767043,0.3824476650563607
220,34.18545356951154,11.419753086419753,8.903650026838433,4.126409017713366,4.51556629092861,27.791196994095547,8.662104133118627,0.013419216317767043,0.3824476650563607
221,34.574610842726784,11.419753086419753,8.796296296296296,4.126409017713366,4.51556629092861,27.65029522275899,8.521202361782072,0.013419216317767043,0.3824476650563607
222,34.17874396135266,11.312399355877616,8.353462157809984,4.106280193236715,4.441760601180891,28.69699409554482,8.514492753623188,0.013419216317767043,0.3824476650563607
223,34.4068706387547,11.292270531400966,8.246108427267847,4.159957058507783,4.441760601180891,28.556092324208265,8.501073537305421,0.013419216317767043,0.3824476650563607
224,34.56119162640902,11.225174449812132,8.07836822329576,4.086151368760064,4.428341384863124,29.240472356414386,7.98443370907139,0.013419216317767043,0.3824476650563607
225,34.75577026301664,11.124530327428879,8.064949006977992,4.03918411164788,4.428341384863124,29.20692431561997,7.98443370907139,0.013419216317767043,0.3824476650563607
226,34.88325281803543,11.117820719269995,8.064949006977992,4.03918411164788,4.428341384863124,28.985507246376812,7.971014492753623,0.013419216317767043,0.49651100375738055
227,35.19189479334407,10.889694041867955,7.971014492753623,4.133118625872249,4.428341384863124,28.904991948470208,7.971014492753623,0.013419216317767043,0.49651100375738055
228,35.560923242082666,10.721953837895867,7.897208803005904,4.30756843800322,4.549114331723027,28.428609769189478,7.897208803005904,0.013419216317767043,0.6239935587761675
229,35.66156736446592,10.681696188942565,7.843531937734836,4.294149221685454,4.669887278582931,28.327965646806227,7.883789586688137,0.013419216317767043,0.6239935587761675
230,35.72195383789587,10.661567364465915,7.843531937734836,4.294149221685454,4.64975845410628,28.32125603864734,7.87037037037037,0.013419216317767043,0.6239935587761675
231,35.78234031132582,10.61460010735373,7.96430488459474,4.193505099302201,4.643048845947397,28.29441760601181,7.87037037037037,0.013419216317767043,0.6239935587761675
232,35.950080515297905,10.61460010735373,7.944176060118089,4.193505099302201,4.790660225442834,28.06629092860977,7.803274288781535,0.013419216317767043,0.6239935587761675
233,36.010466988727856,10.540794417606012,7.944176060118089,4.193505099302201,4.777241009125067,27.932098765432098,7.96430488459474,0.013419216317767043,0.6239935587761675
234,35.37976382179281,10.446859903381643,7.85024154589372,4.2270531400966185,4.643048845947397,28.83118625872249,8.064949006977992,0.013419216317767043,0.5434782608695652
235,35.258990874932906,10.077831454643048,8.608427267847558,4.213633923778851,4.723564143853999,28.348094471282877,8.132045088566828,0.013419216317767043,0.6239935587761675
236,35.37976382179281,10.02415458937198,8.702361782071927,4.119699409554482,4.723564143853999,28.28099838969404,8.132045088566828,0.013419216317767043,0.6239935587761675
237,35.258990874932906,9.977187332259795,8.675523349436393,4.079441760601181,4.696725711218465,28.703703703703702,7.971014492753623,0.013419216317767043,0.6239935587761675
238,35.258990874932906,9.923510466988727,8.635265700483092,4.200214707461084,4.8376274825550185,28.5426731078905,7.96430488459474,0.013419216317767043,0.6239935587761675
239,35.39989264626946,9.863123993558776,8.742619431025227,4.146537842190016,4.8376274825550185,28.25415995705851,7.87037037037037,0.013419216317767043,0.8722490606548577
240,35.57434245840043,9.856414385399892,8.742619431025227,4.139828234031133,4.8376274825550185,28.093129361245303,7.87037037037037,0.013419216317767043,0.8722490606548577
241,35.79575952764358,9.849704777241008,8.648684916800859,4.139828234031133,4.8376274825550185,27.9723564143854,7.87037037037037,0.013419216317767043,0.8722490606548577
242,35.70182501341922,9.836285560923242,8.789586688137414,4.126409017713366,4.87788513150832,27.95222758990875,7.830112721417069,0.013419216317767043,0.8722490606548577
243,35.42673107890499,9.836285560923242,8.715780998389693,4.092860976918948,4.851046698872786,27.58990874932904,8.655394524959743,0.013419216317767043,0.8185721953837896
244,35.628019323671495,9.836285560923242,8.695652173913043,4.066022544283414,4.851046698872786,27.449006977992486,8.641975308641975,0.013419216317767043,0.8185721953837896
245,35.88298443370907,9.809447128287708,8.55475040257649,4.052603327965647,4.851046698872786,27.408749329039185,8.608427267847558,0.013419216317767043,0.8185721953837896
246,36.00375738056898,9.789318303811058,8.541331186258722,4.03918411164788,4.8443370907139025,27.34165324745035,8.628556092324208,0.013419216317767043,0.798443370907139
247,36.29898013955985,9.77589908749329,8.662104133118627,3.9855072463768115,4.824208266237251,27.066559312936125,8.57487922705314,0.013419216317767043,0.798443370907139
