,45,50,51,52,53,55,54,56,57,58
0,98.41653247450348,1.3352120236178207,0.24825550187869028,,,,,,,
1,98.41653247450348,1.3352120236178207,0.24825550187869028,,,,,,,
2,96.29629629629629,3.455448201825013,0.24825550187869028,,,,,,,
3,96.08158883521202,3.670155662909286,0.24825550187869028,,,,,,,
4,93.69296833064949,6.0587761674718195,0.24825550187869028,,,,,,,
5,93.0756843800322,6.6760601180891035,0.24825550187869028,,,,,,,
6,92.96162104133118,6.790123456790123,0.24825550187869028,,,,,,,
7,92.8341384863124,6.91760601180891,0.24825550187869028,,,,,,,
8,91.31105743424584,8.440687063875469,0.24825550187869028,,,,,,,
9,91.32447665056361,8.440687063875469,0.23483628556092323,,,,,,,
10,89.24449812130972,9.219001610305957,0.23483628556092323,1.3016639828234031,,,,,,
11,88.93585614600107,9.286097691894794,0.47638217928073,1.3016639828234031,,,,,,
12,88.80837359098228,9.41358024691358,0.47638217928073,1.3016639828234031,,,,,,
13,86.82232957595276,11.399624261943103,0.47638217928073,1.3016639828234031,,,,,,
14,86.50026838432636,11.721685453569512,0.47638217928073,1.3016639828234031,,,,,,
15,86.21846484165324,11.98336017176597,0.47638217928073,0.5636070853462157,0.7581857219538379,,,,,
16,79.37466451959206,18.82716049382716,0.47638217928073,0.5636070853462157,0.7581857219538379,,,,,
17,77.8113258185722,20.39049919484702,0.47638217928073,0.5636070853462157,0.7581857219538379,,,,,
18,70.26972624798712,28.166935050993022,0.24154589371980675,0.5636070853462157,0.7581857219538379,,,,,
19,69.29012345679013,29.025764895330113,0.24154589371980675,0.7514761137949544,0.6910896403650026,,,,,
20,67.46511003757381,30.864197530864196,0.24154589371980675,0.7380568974771873,0.6910896403650026,,,,,
21,67.55904455179818,30.394524959742352,0.24154589371980675,0.7380568974771873,0.6910896403650026,0.3757380568974772,,,,
22,65.55958132045089,31.816961889425656,0.8185721953837896,0.7380568974771873,0.6910896403650026,0.3757380568974772,,,,
23,63.91572732152442,32.427536231884055,1.737788513150832,0.8521202361782072,0.6910896403650026,0.3757380568974772,,,,
24,63.98282340311326,32.360440150295226,1.737788513150832,0.8521202361782072,0.6910896403650026,0.3757380568974772,,,,
25,60.54079441760601,34.84970477724101,2.7442297369833604,0.7179280730005367,0.6910896403650026,0.4562533548040794,,,,
26,57.21282877079979,38.177670424047236,2.7442297369833604,0.7179280730005367,0.6910896403650026,0.4562533548040794,,,,
27,57.21953837895867,38.10386473429951,2.8113258185721954,0.7179280730005367,0.6910896403650026,0.4562533548040794,,,,
28,57.1658615136876,37.82877079978529,3.1535158346752548,0.7179280730005367,0.6910896403650026,0.4428341384863124,,,,
29,55.9447128287708,39.049919484702095,3.1535158346752548,0.7179280730005367,0.6910896403650026,0.4428341384863124,,,,
30,55.10601180891036,39.88862050456253,3.1535158346752548,0.7179280730005367,0.6910896403650026,0.4428341384863124,,,,
31,55.17981749865808,39.81481481481482,3.1535158346752548,0.7179280730005367,0.6910896403650026,0.4428341384863124,,,,
32,54.549114331723025,39.12372517444981,4.40150295222759,0.7179280730005367,0.6910896403650026,0.5166398282340311,,,,
33,50.7313472893183,43.484970477724104,4.26731078904992,0.7179280730005367,0.6910896403650026,0.10735373054213634,,,,
34,50.56360708534621,41.96188942565754,4.26731078904992,0.7179280730005367,0.6910896403650026,0.10735373054213634,1.6908212560386473,,,
35,49.932903918411164,40.27106816961889,4.26731078904992,2.4221685453569513,0.6910896403650026,0.7246376811594203,1.6908212560386473,,,
36,45.390499194847024,45.779656468062264,4.2203435319377345,1.7444981213097155,,0.6709608158883521,2.1940418679549114,,,
37,44.457863660762214,46.2962962962963,4.435050993022007,1.9457863660762211,,0.6709608158883521,2.1940418679549114,,,
38,44.26328502415459,46.141975308641975,4.435050993022007,1.9457863660762211,,1.0198604401502953,2.1940418679549114,,,
39,42.86768652710682,46.423778851315085,4.361245303274289,1.9457863660762211,,1.0869565217391304,3.3145464304884595,,,
40,42.36446591519055,46.62506709608159,4.361245303274289,1.9457863660762211,0.30864197530864196,1.0869565217391304,3.307836822329576,,,
41,42.270531400966185,46.09500805152979,4.488727858293076,1.9457863660762211,0.8185721953837896,1.0869565217391304,3.294417606011809,,,
42,41.86795491143317,40.633387010198604,9.688674181427805,2.0531400966183573,1.8719806763285025,0.6709608158883521,3.2139023081052067,,,
43,36.10440150295223,45.779656468062264,10.674986580783683,1.7444981213097155,1.8115942028985508,0.6709608158883521,3.2139023081052067,,,
44,34.936929683306495,46.07487922705314,10.171765968867419,2.6704240472356413,2.033011272141707,0.8990874932903918,3.2139023081052067,,,
45,33.42055823939882,41.680085882984436,14.828234031132581,3.012614063338701,3.1065485775630703,0.8923778851315083,3.0595813204508855,,,
46,33.601717659688674,41.52576489533011,14.801395598497047,3.012614063338701,3.1065485775630703,0.8923778851315083,3.0595813204508855,,,
47,33.44739667203435,40.45893719806763,13.01663982823403,6.031937734836285,3.0931293612453032,0.8923778851315083,3.0595813204508855,,,
48,33.031400966183575,38.30515297906602,16.485507246376812,5.9447128287707995,2.3550724637681157,1.0332796564680622,2.844873859366613,,,
49,33.12533548040794,37.895866881374126,16.458668813741276,5.9447128287707995,2.5697799248523885,1.1607622114868492,2.844873859366613,,,
50,33.1857219538379,37.848899624261946,16.445249597423512,5.9447128287707995,2.5697799248523885,1.1607622114868492,2.844873859366613,,,
51,33.08507783145464,34.94363929146538,19.80005367686527,5.636070853462158,2.536231884057971,1.1540526033279657,2.844873859366613,,,
52,32.991143317230275,34.42028985507246,20.303274288781534,4.146537842190016,4.139828234031133,1.1540526033279657,2.844873859366613,,,
53,32.930756843800324,34.54106280193237,20.26972624798712,4.119699409554482,4.139828234031133,1.1540526033279657,2.844873859366613,,,
54,30.709876543209877,32.407407407407405,25.637412775093935,3.3950617283950617,4.126409017713366,0.8655394524959742,2.703972088030059,0.15432098765432098,,
55,30.649490069779926,31.756575415995705,24.355877616747183,2.9790660225442833,4.7168545356951155,0.8655394524959742,4.522275899087493,0.15432098765432098,,
56,29.166666666666668,33.65539452495974,23.95330112721417,2.965646806226516,4.7168545356951155,0.8655394524959742,4.522275899087493,0.15432098765432098,,
57,29.21363392377885,33.641975308641975,23.93317230273752,2.965646806226516,4.703435319377348,0.8655394524959742,4.522275899087493,0.15432098765432098,,
58,29.314278046162105,33.50107353730542,24.168008588298445,2.791196994095545,4.703435319377348,0.8588298443370908,4.508856682769726,0.15432098765432098,,
59,29.22705314009662,33.66881374127751,24.12104133118626,2.791196994095545,4.676596886741814,0.8521202361782072,4.508856682769726,0.15432098765432098,,
60,29.300858829844337,33.561460010735374,24.02710681696189,2.898550724637681,4.663177670424047,0.8521202361782072,4.542404723564144,0.15432098765432098,,
61,28.83118625872249,29.30756843800322,31.83709071390231,2.0799785292538915,4.643048845947397,1.3620504562533549,1.710950080515298,0.2281266774020397,,
62,28.33467525496511,29.770531400966185,31.769994632313473,2.0799785292538915,4.643048845947397,1.4626945786366077,1.710950080515298,0.2281266774020397,,
63,17.693236714975846,42.981749865807835,29.944981213097154,2.033011272141707,4.012345679012346,1.42914653784219,1.710950080515298,0.19457863660762212,,
64,17.62614063338701,42.01556629092861,29.944981213097154,2.033011272141707,3.9586688137412773,1.42914653784219,2.7979066022544283,0.19457863660762212,,
65,17.042404723564143,42.72007514761138,29.824208266237253,2.033011272141707,3.9586688137412773,1.42914653784219,2.7979066022544283,0.19457863660762212,,
66,17.163177670424048,42.68652710681696,29.7638217928073,2.033011272141707,3.9586688137412773,1.42914653784219,2.7979066022544283,0.16774020397208803,,
67,17.357756307031668,42.250402576489535,29.736983360171767,2.033011272141707,3.8848631239935587,1.7713365539452497,2.7979066022544283,0.16774020397208803,,
68,17.478529253891573,41.988727858293075,28.569511540526033,3.1736446591519054,3.8848631239935587,1.9390767579173376,2.7979066022544283,0.16774020397208803,,
69,17.639559849704778,41.8545356951154,28.5426731078905,3.1736446591519054,3.8848631239935587,1.9390767579173376,2.7979066022544283,0.16774020397208803,,
70,17.76033279656468,41.79414922168545,28.482286634460547,3.1736446591519054,3.8848631239935587,1.9390767579173376,2.7979066022544283,0.16774020397208803,,
71,17.881105743424584,41.6935050993022,28.482286634460547,3.1736446591519054,3.864734299516908,1.9390767579173376,2.7979066022544283,0.16774020397208803,,
72,18.06226516371444,41.6129898013956,28.381642512077295,3.1736446591519054,3.864734299516908,1.9390767579173376,2.7979066022544283,0.16774020397208803,,
73,18.203166935050994,41.52576489533011,28.166935050993022,3.1736446591519054,3.864734299516908,1.9390767579173376,2.7844873859366612,0.3421900161030596,,
74,18.276972624798713,40.45222758990875,28.12667740203972,5.139559849704777,3.844605475040258,2.046430488459474,1.778046162104133,0.33548040794417605,,
75,18.391035963499732,40.41196994095545,28.099838969404185,5.139559849704777,3.797638217928073,2.046430488459474,1.778046162104133,0.33548040794417605,,
76,18.552066559312937,39.30488459473967,28.83118625872249,5.139559849704777,4.05931293612453,2.033011272141707,1.7444981213097155,0.33548040794417605,,
77,18.625872249060656,39.110305958132045,28.985507246376812,5.12614063338701,4.05931293612453,2.0128824476650564,1.7444981213097155,0.33548040794417605,,
78,18.63929146537842,38.90230810520666,28.64331723027375,5.12614063338701,4.05931293612453,1.9927536231884058,2.227589908749329,0.4092860976918948,,
79,18.92109500805153,38.828502415458935,28.488996242619432,5.0993022007514766,4.05931293612453,1.9927536231884058,2.200751476113795,0.4092860976918948,,
80,18.51851851851852,38.55340848094471,29.220343531937736,5.072463768115942,4.032474503488996,1.9927536231884058,2.200751476113795,0.4092860976918948,,
81,18.270263016639827,38.92243692968331,28.951959205582394,5.173107890499195,4.025764895330113,1.9927536231884058,2.187332259796028,0.47638217928073,,
82,18.357487922705314,38.86205045625336,28.92512077294686,5.173107890499195,4.025764895330113,1.9927536231884058,2.187332259796028,0.47638217928073,,
83,18.585614600107355,38.77482555018787,28.837895866881375,5.146269457863661,3.9989264626945786,1.9927536231884058,2.187332259796028,0.47638217928073,,
84,18.337359098228664,37.895866881374126,30.112721417069242,5.146269457863661,3.7104133118625873,2.13365539452496,2.187332259796028,0.47638217928073,,
85,15.915190552871712,45.02147074610843,28.663446054750402,3.435319377348363,3.5292538915727323,1.6103059581320451,1.3486312399355878,0.47638217928073,,
86,16.0829307568438,43.84057971014493,29.70343531937735,3.435319377348363,3.3682232957595275,1.570048309178744,1.3486312399355878,0.6508319914117016,,
87,16.23054213633924,43.72651637144391,29.643048845947398,3.0059044551798175,3.3682232957595275,2.0263016639828235,1.3486312399355878,0.6508319914117016,,
88,15.814546430488459,43.042136339237786,27.67042404723564,2.8784219001610305,5.0791733762748255,2.006172839506173,2.85829307568438,0.6508319914117016,,
89,15.982286634460548,42.96833064949007,27.603327965646805,2.8784219001610305,5.0791733762748255,2.006172839506173,2.831454643048846,0.6508319914117016,,
90,16.1231884057971,42.8341384863124,27.30810520665593,2.871712292002147,5.0791733762748255,2.301395598497048,2.831454643048846,0.6508319914117016,,
91,16.223832528180353,41.08964036500269,26.623725174449813,2.8113258185721954,5.0791733762748255,3.0730005367686526,4.488727858293076,0.6105743424584005,,
92,14.714170692431562,37.265163714439076,31.64922168545357,2.8113258185721954,5.0791733762748255,3.6097691894793345,4.260601180891036,0.6105743424584005,,
93,15.009393451422437,37.084004294149224,31.53515834675255,2.8113258185721954,5.0791733762748255,3.6097691894793345,4.260601180891036,0.6105743424584005,,
94,15.217391304347826,36.963231347289316,31.374127750939344,2.791196994095545,5.0791733762748255,3.5829307568438002,4.260601180891036,0.7313472893183038,,
95,15.237520128824476,35.87627482555019,31.46135265700483,2.623456790123457,5.01207729468599,4.750402576489533,4.213633923778851,0.8252818035426731,,
96,15.425389157273216,35.76221148684917,31.333870101986044,2.6033279656468062,5.01207729468599,4.750402576489533,4.28743961352657,0.8252818035426731,,
97,15.371712292002147,34.35990338164251,31.4345142243693,2.6033279656468062,4.985238862050457,6.132581857219538,4.28743961352657,0.8252818035426731,,
98,15.4723564143854,32.830112721417066,31.414385399892645,2.6033279656468062,4.985238862050457,5.917874396135265,5.958132045088567,0.8185721953837896,,
99,15.60654857756307,32.56172839506173,31.0654857756307,2.6033279656468062,4.931561996779388,6.454643048845948,5.58239398819109,1.1943102522812667,,
100,15.519323671497585,32.058507783145465,30.9044551798175,3.851315083199141,4.461889425657541,6.454643048845948,5.555555555555555,1.1943102522812667,,
101,15.868223295759528,31.97799248523886,30.689747718733226,3.851315083199141,4.461889425657541,6.4345142243692965,5.522007514761138,1.1943102522812667,,
102,15.613258185721953,39.150563607085346,25.355609232420825,3.6634460547504024,3.670155662909286,5.83064949006978,5.522007514761138,1.1943102522812667,,
103,15.868223295759528,39.04320987654321,25.268384326355342,3.6500268384326353,3.670155662909286,5.8172302737520125,5.488459473966721,1.1943102522812667,,
104,16.23725174449812,38.92243692968331,25.07380568974772,3.6500268384326353,3.670155662909286,5.797101449275362,5.4549114331723025,1.1943102522812667,,
105,16.404991948470208,38.92243692968331,24.993290391841118,3.6500268384326353,3.6634460547504024,5.783682232957595,5.253623188405797,1.1607622114868492,0.16774020397208803,
106,16.150026838432634,36.48684916800859,26.301663982823403,3.92512077294686,5.132850241545894,5.783682232957595,4.898013955984971,1.1540526033279657,0.16774020397208803,
107,16.150026838432634,36.39291465378422,26.234567901234566,3.92512077294686,5.3274288781535155,5.783682232957595,4.891304347826087,1.1272141706924315,0.16774020397208803,
108,16.27079978529254,36.218464841653244,26.167471819645733,3.92512077294686,5.320719269994632,5.770263016639828,4.884594739667204,1.2748255501878691,0.16774020397208803,
109,16.13660762211487,34.46725711218465,25.905797101449274,3.92512077294686,5.179817498658078,5.736714975845411,7.206119162640902,1.2748255501878691,0.16774020397208803,
110,16.304347826086957,34.272678475577024,25.758185721953836,3.92512077294686,5.072463768115942,5.736714975845411,7.407407407407407,1.2681159420289856,0.16774020397208803,0.08722490606548577
111,16.794149221685455,34.13177670424047,25.214707461084274,3.92512077294686,5.072463768115942,5.736714975845411,7.39398819108964,1.4761137949543746,0.16774020397208803,0.08722490606548577
112,16.854535695115406,33.943907675791735,25.38244766505636,3.898282340311326,5.01207729468599,5.837359098228664,7.37385936661299,1.442565754159957,0.16774020397208803,0.08722490606548577
113,16.800858829844337,33.20585077831455,24.832259796027913,3.898282340311326,6.447933440687064,5.864197530864198,7.333601717659689,1.3620504562533549,0.16774020397208803,0.08722490606548577
114,16.57944176060118,33.19243156199678,23.60440150295223,3.8580246913580245,8.044820182501342,5.776972624798712,7.333601717659689,1.3620504562533549,0.16774020397208803,0.08051529790660225
115,16.74718196457327,33.04482018250134,23.262211486849168,3.8043478260869565,8.628556092324208,5.662909286097692,7.266505636070853,1.3352120236178207,0.16774020397208803,0.08051529790660225
116,16.639828234031132,32.9777241009125,23.463499731615673,3.7909286097691894,8.621846484165324,5.656199677938808,7.266505636070853,1.3352120236178207,0.16774020397208803,0.08051529790660225
117,16.7337627482555,32.9374664519592,23.45679012345679,3.7909286097691894,8.601717659688674,5.656199677938808,7.239667203435319,1.3352120236178207,0.16774020397208803,0.08051529790660225
118,16.7337627482555,32.51476113794954,23.60440150295223,4.0995705850778315,8.588298443370908,5.656199677938808,7.232957595276436,1.3217928073000538,0.16774020397208803,0.08051529790660225
119,16.97530864197531,32.45437466451959,23.59098228663446,4.0995705850778315,8.447396672034353,5.636070853462158,7.226247987117552,1.3217928073000538,0.16774020397208803,0.08051529790660225
120,17.156468062265162,31.863929146537842,23.564143853998928,4.0995705850778315,8.420558239398819,6.099033816425121,7.226247987117552,1.3217928073000538,0.16774020397208803,0.08051529790660225
121,17.398013955984972,31.76328502415459,23.403113258185723,3.992216854535695,8.420558239398819,6.226516371443908,7.226247987117552,1.3217928073000538,0.16774020397208803,0.08051529790660225
122,17.518786902844873,31.5150295222759,23.376274825550187,3.978797638217928,8.420558239398819,6.461352657004831,7.159151905528717,1.3217928073000538,0.16774020397208803,0.08051529790660225
123,17.163177670424048,31.42109500805153,23.96672034353194,3.978797638217928,8.407139023081053,6.333870101986044,7.159151905528717,1.3217928073000538,0.16774020397208803,0.08051529790660225
124,17.21014492753623,30.938003220611915,25.34219001610306,3.5762211486849167,7.595276435856146,6.608964036500268,7.159151905528717,1.3217928073000538,0.16774020397208803,0.08051529790660225
125,16.59286097691895,35.65485775630703,23.866076221148685,3.3279656468062266,6.213097155126141,5.810520665593129,7.14573268921095,1.1406333870101986,0.16774020397208803,0.08051529790660225
126,16.57944176060118,35.238862050456255,23.79898013955985,3.3279656468062266,6.213097155126141,6.4412238325281805,7.011540526033279,1.1406333870101986,0.16774020397208803,0.08051529790660225
127,16.398282340311326,34.50751476113795,24.738325281803544,3.3279656468062266,6.206387546967257,6.4412238325281805,6.763285024154589,1.3687600644122384,0.16774020397208803,0.08051529790660225
128,15.874932903918411,33.4272678475577,24.644390767579175,5.662909286097692,6.038647342995169,6.018518518518518,6.736446591519055,1.3486312399355878,0.16774020397208803,0.08051529790660225
129,15.955448201825014,33.19243156199678,24.248523886205046,5.508588298443371,6.025228126677402,6.011808910359635,7.588566827697263,1.221148684916801,0.16774020397208803,0.08051529790660225
130,16.002415458937197,32.50805152979066,24.691358024691358,5.508588298443371,6.025228126677402,6.206387546967257,7.588566827697263,1.221148684916801,0.16774020397208803,0.08051529790660225
131,16.129898013955984,32.367149758454104,24.50348899624262,5.488459473966721,5.991680085882985,6.179549114331723,7.763016639828234,1.2546967257112185,0.24154589371980675,0.08051529790660225
132,16.203703703703702,32.340311325818575,24.255233494363928,5.488459473966721,5.964841653247451,6.427804616210413,7.742887815351583,1.2546967257112185,0.24154589371980675,0.08051529790660225
133,16.21712292002147,32.39398819108964,24.214975845410628,5.488459473966721,5.964841653247451,6.400966183574879,7.742887815351583,1.2546967257112185,0.24154589371980675,0.08051529790660225
134,16.089640365002683,31.944444444444443,23.678207192699947,6.622383252818035,5.9447128287707995,6.400966183574879,7.742887815351583,1.2546967257112185,0.24154589371980675,0.08051529790660225
135,16.076221148684915,31.682769726247987,23.64465915190553,6.622383252818035,6.910896403650026,6.327160493827161,7.159151905528717,1.2546967257112185,0.24154589371980675,0.08051529790660225
136,16.089640365002683,31.36070853462158,23.537305421363392,6.3070316693505095,7.232957595276436,6.736446591519055,7.159151905528717,1.2546967257112185,0.24154589371980675,0.08051529790660225
137,15.83467525496511,31.30703166935051,22.148416532474503,6.3070316693505095,8.57487922705314,7.105475040257649,7.159151905528717,1.247987117552335,0.24154589371980675,0.07380568974771873
138,15.901771336553946,31.260064412238325,22.067901234567902,6.293612453032743,8.57487922705314,7.199409554482019,7.139023081052066,1.247987117552335,0.24154589371980675,0.07380568974771873
139,16.11647879763822,30.595813204508858,21.91358024691358,6.286902844873859,8.447396672034353,6.89747718733226,7.716049382716049,1.710950080515298,0.24154589371980675,0.07380568974771873
140,16.371443907675793,30.52200751476114,21.833064949006978,6.286902844873859,8.427267847557703,6.884057971014493,7.6623725174449815,1.6975308641975309,0.24154589371980675,0.07380568974771873
141,16.70692431561997,30.139559849704778,21.72571121846484,6.266774020397209,8.387010198604402,7.139023081052066,7.635534084809447,1.6841116478797638,0.24154589371980675,0.07380568974771873
142,16.780730005367687,30.06575415995706,21.72571121846484,6.266774020397209,8.387010198604402,7.139023081052066,7.635534084809447,1.6841116478797638,0.24154589371980675,0.07380568974771873
143,15.734031132581856,28.75738056897477,26.35534084809447,5.441492216854535,7.125603864734299,6.743156199677939,7.843531937734836,1.6841116478797638,0.24154589371980675,0.07380568974771873
144,15.83467525496511,28.629898013955984,25.194578636607623,5.441492216854535,7.118894256575416,7.991143317230274,7.7898550724637685,1.6841116478797638,0.24154589371980675,0.07380568974771873
145,15.975577026301664,28.475577026301664,25.10064412238325,5.381105743424584,6.984702093397746,7.991143317230274,8.091787439613526,1.6841116478797638,0.24154589371980675,0.07380568974771873
146,16.06280193236715,28.5426731078905,25.046967257112186,5.367686527106817,6.964573268921095,7.957595276435856,8.05823939881911,1.6841116478797638,0.24154589371980675,0.07380568974771873
147,16.431830381105744,28.37493290391841,24.57729468599034,5.360976918947934,6.964573268921095,7.950885668276973,8.340042941492216,1.6841116478797638,0.24154589371980675,0.07380568974771873
148,16.5727321524423,28.35480407944176,24.530327428878152,5.3341384863123995,6.964573268921095,7.9039184111647875,8.340042941492216,1.6841116478797638,0.24154589371980675,0.07380568974771873
149,16.72705314009662,28.307836822329577,24.510198604401502,5.307300053676865,6.964573268921095,7.87037037037037,8.313204508856682,1.6841116478797638,0.24154589371980675,0.07380568974771873
150,16.800858829844337,28.25415995705851,24.315619967793882,5.307300053676865,6.964573268921095,7.87037037037037,8.487654320987655,1.6841116478797638,0.24154589371980675,0.07380568974771873
151,16.908212560386474,28.25415995705851,24.282071926999464,5.307300053676865,6.944444444444445,7.843531937734836,8.460815888352121,1.6841116478797638,0.24154589371980675,0.07380568974771873
152,17.19001610305958,27.140365002683843,23.89291465378422,5.750134192163178,6.837090713902308,8.769457863660762,8.420558239398819,1.6841116478797638,0.24154589371980675,0.07380568974771873
153,17.24369296833065,26.610305958132045,23.53059581320451,5.723295759527644,8.393719806763285,8.440687063875469,8.05823939881911,1.6841116478797638,0.24154589371980675,0.07380568974771873
154,16.928341384863124,25.6105743424584,23.53059581320451,5.723295759527644,8.105206655931294,7.890499194847021,10.21202361782072,1.6841116478797638,0.24154589371980675,0.07380568974771873
155,16.888083735909824,25.41599570585078,23.95330112721417,5.709876543209877,8.105206655931294,7.742887815351583,10.185185185185185,1.6841116478797638,0.24154589371980675,0.07380568974771873
156,16.800858829844337,25.449543746645197,23.74530327428878,5.689747718733226,8.232689210950081,7.930756843800322,10.151637144390767,1.6841116478797638,0.24154589371980675,0.07380568974771873
157,16.800858829844337,24.798711755233494,23.49704777241009,5.998389694041868,9.118357487922705,8.185721953837897,9.634997316156737,1.6841116478797638,0.24154589371980675,0.040257648953301126
158,17.008856682769725,24.63768115942029,23.450080515297905,5.998389694041868,9.118357487922705,8.185721953837897,9.634997316156737,1.6841116478797638,0.24154589371980675,0.040257648953301126
159,17.10950080515298,24.62426194310252,23.517176596886742,5.971551261406334,8.943907675791733,8.11862587224906,9.749060654857756,1.6841116478797638,0.24154589371980675,0.040257648953301126
160,17.23027375201288,24.62426194310252,23.470209339774556,5.958132045088567,8.910359634997317,8.105206655931294,9.73564143853999,1.6841116478797638,0.24154589371980675,0.040257648953301126
161,17.143048845947398,24.550456253354803,23.470209339774556,5.998389694041868,8.910359634997317,8.09849704777241,9.73564143853999,1.8115942028985508,0.24154589371980675,0.040257648953301126
162,17.08937198067633,24.664519592055825,23.43666129898014,5.991680085882985,8.890230810520666,8.09849704777241,9.73564143853999,1.8115942028985508,0.24154589371980675,0.040257648953301126
163,17.12962962962963,24.664519592055825,23.423242082662373,5.991680085882985,8.890230810520666,8.085077831454644,9.722222222222221,1.8115942028985508,0.24154589371980675,0.040257648953301126
164,17.16988727858293,24.060654857756308,23.329307568438004,5.991680085882985,8.890230810520666,8.756038647342995,9.722222222222221,1.7981749865807837,0.24154589371980675,0.040257648953301126
165,17.438271604938272,23.980139559849704,23.007246376811594,5.971551261406334,8.863392377885132,8.99087493290392,9.668545356951155,1.7981749865807837,0.24154589371980675,0.040257648953301126
166,17.424852388620504,23.960010735373054,23.597691894793343,5.971551261406334,8.480944712828771,8.829844337090714,9.655126140633387,1.7981749865807837,0.24154589371980675,0.040257648953301126
167,17.371175523349436,23.67149758454106,23.577563070316693,7.514761137949543,7.481213097155126,8.682232957595277,9.621578099838969,1.7981749865807837,0.24154589371980675,0.040257648953301126
168,17.465110037573805,23.637949543746647,23.450080515297905,7.548309178743962,7.481213097155126,8.648684916800859,9.614868491680086,1.8719806763285025,0.24154589371980675,0.040257648953301126
169,17.23027375201288,23.262211486849168,22.57783145464305,8.957326892109501,7.461084272678476,8.876811594202898,9.480676328502415,1.8719806763285025,0.24154589371980675,0.040257648953301126
170,17.310789049919485,23.22866344605475,22.517444981213096,8.950617283950617,7.434245840042942,8.849973161567364,9.46725711218465,1.9592055823939882,0.24154589371980675,0.040257648953301126
171,17.37788513150832,23.19511540526033,22.363123993558776,8.950617283950617,7.427536231884058,8.84326355340848,9.601449275362318,1.9592055823939882,0.24154589371980675,0.040257648953301126
172,17.102791196994094,22.81266774020397,23.886205045625335,8.313204508856682,7.427536231884058,8.709071390230811,9.581320450885668,1.8853998926462694,0.24154589371980675,0.040257648953301126
173,17.250402576489535,22.805958132045088,23.74530327428878,8.279656468062266,7.427536231884058,8.695652173913043,9.769189479334408,1.7444981213097155,0.24154589371980675,0.040257648953301126
174,17.398013955984972,22.584541062801932,23.691626409017715,8.252818035426731,7.39398819108964,8.890230810520666,9.762479871175524,1.7444981213097155,0.24154589371980675,0.040257648953301126
175,17.54562533548041,22.537573805689746,23.678207192699947,8.21256038647343,7.387278582930757,8.849973161567364,9.762479871175524,1.7444981213097155,0.24154589371980675,0.040257648953301126
176,17.53220611916264,22.517444981213096,23.483628556092324,8.21256038647343,7.326892109500805,9.138486312399356,9.762479871175524,1.7444981213097155,0.24154589371980675,0.040257648953301126
177,17.76033279656468,22.356414385399894,23.470209339774556,7.763016639828234,7.320182501341922,8.910359634997317,10.205314009661835,1.7310789049919484,0.4428341384863124,0.040257648953301126
178,17.94820182501342,22.29602791196994,22.920021470746107,8.460815888352121,7.4006977992485234,8.756038647342995,10.00402576489533,1.7310789049919484,0.4428341384863124,0.040257648953301126
179,17.639559849704778,21.39694041867955,23.101180891035963,8.447396672034353,7.561728395061729,8.749329039184111,10.889694041867955,1.7310789049919484,0.4428341384863124,0.040257648953301126
180,17.773752012882447,21.34326355340848,22.805958132045088,8.433977455716587,7.5348899624261945,9.03113258185722,10.869565217391305,1.7310789049919484,0.43612453032742887,0.040257648953301126
181,17.995169082125603,21.26274825550188,22.638217928073,8.380300590445518,7.722758990874933,8.970746108427267,10.82259796027912,1.7310789049919484,0.43612453032742887,0.040257648953301126
182,18.075684380032207,21.24932903918411,22.584541062801932,8.36688137412775,7.722758990874933,8.970746108427267,10.82259796027912,1.7310789049919484,0.43612453032742887,0.040257648953301126
183,17.364465915190554,20.94068706387547,24.792002147074612,7.360440150295223,7.729468599033816,8.876811594202898,10.748792270531402,1.710950080515298,0.43612453032742887,0.040257648953301126
184,17.652979066022546,20.86688137412775,24.718196457326894,7.360440150295223,7.729468599033816,8.876811594202898,10.641438539989265,1.6774020397208802,0.43612453032742887,0.040257648953301126
185,17.847557702630166,20.7662372517445,24.65780998389694,7.340311325818572,7.716049382716049,9.01100375738057,10.513955984970478,1.6706924315619969,0.43612453032742887,0.040257648953301126
186,17.995169082125603,20.585077831454644,24.63768115942029,7.253086419753086,7.796564680622652,9.118357487922705,10.48040794417606,1.6572732152442298,0.43612453032742887,0.040257648953301126
187,18.109232420826622,20.544820182501343,24.610842726784757,7.253086419753086,7.776435856146001,8.99087493290392,10.581052066559312,1.6572732152442298,0.43612453032742887,0.040257648953301126
188,18.17632850241546,20.517981749865807,24.56387546967257,7.253086419753086,7.776435856146001,8.99087493290392,10.587761674718196,1.6572732152442298,0.43612453032742887,0.040257648953301126
189,18.337359098228664,20.42404723564144,24.550456253354803,7.246376811594203,7.763016639828234,8.964036500268385,10.581052066559312,1.6572732152442298,0.43612453032742887,0.040257648953301126
190,18.5654857756307,20.397208803005906,24.496779388083738,7.300053676865271,7.716049382716049,8.93719806763285,10.46027911969941,1.6505636070853462,0.43612453032742887,0.040257648953301126
191,18.250134192163177,20.242887815351583,23.658078368223297,8.588298443370908,7.682501341921632,8.735909822866345,10.715244229736983,1.6505636070853462,0.43612453032742887,0.040257648953301126
192,18.4044551798175,20.175791733762747,23.637949543746647,8.588298443370908,7.682501341921632,8.641975308641975,10.795759527643586,1.6505636070853462,0.3824476650563607,0.040257648953301126
193,18.54535695115405,20.175791733762747,23.617820719269993,8.55475040257649,7.6556629092860975,8.641975308641975,10.735373054213634,1.6505636070853462,0.3824476650563607,0.040257648953301126
194,18.67283950617284,20.162372517444982,23.577563070316693,8.55475040257649,7.648953301127214,8.608427267847558,10.701825013419215,1.6505636070853462,0.3824476650563607,0.040257648953301126
195,18.51851851851852,20.095276435856146,24.228395061728396,8.541331186258722,7.427536231884058,8.447396672034353,10.681696188942565,1.6371443907675791,0.3824476650563607,0.040257648953301126
196,18.666129898013956,20.068438003220614,24.18142780461621,7.628824476650563,8.36688137412775,8.400429414922169,10.628019323671497,1.6371443907675791,0.3824476650563607,0.040257648953301126
197,18.739935587761675,19.867149758454108,24.12104133118626,8.333333333333334,7.709339774557166,8.3064949006978,10.86285560923242,1.6371443907675791,0.3824476650563607,0.040257648953301126
198,18.46484165324745,19.726247987117553,25.147611379495437,8.185721953837897,7.461084272678476,7.977724100912507,10.976918947933441,1.6371443907675791,0.3824476650563607,0.040257648953301126
199,18.5654857756307,19.699409554482017,25.11406333870102,8.165593129361245,7.440955448201825,7.977724100912507,10.976918947933441,1.6371443907675791,0.3824476650563607,0.040257648953301126
200,18.78690284487386,19.659151905528716,25.013419216317768,8.165593129361245,7.440955448201825,7.924047235641439,10.950080515297907,1.6371443907675791,0.3824476650563607,0.040257648953301126
201,18.927804616210413,19.618894256575416,24.973161567364468,8.165593129361245,7.4208266237251745,7.890499194847021,10.950080515297907,1.6304347826086956,0.3824476650563607,0.040257648953301126
202,19.048577563070317,19.55179817498658,24.9194847020934,8.152173913043478,7.4208266237251745,7.803274288781535,11.05072463768116,1.6304347826086956,0.3824476650563607,0.040257648953301126
203,19.249865807836823,19.49141170155663,24.852388620504563,8.152173913043478,7.407407407407407,7.796564680622652,10.997047772410092,1.6304347826086956,0.3824476650563607,0.040257648953301126
204,19.410896403650028,19.45786366076221,24.825550187869027,8.145464304884594,7.407407407407407,7.729468599033816,10.970209339774557,1.6304347826086956,0.3824476650563607,0.040257648953301126
205,19.51154052603328,19.45115405260333,24.818840579710145,8.145464304884594,7.333601717659689,7.722758990874933,10.963499731615673,1.6304347826086956,0.3824476650563607,0.040257648953301126
206,19.236446591519055,18.719806763285025,24.684648416532475,8.13875469672571,8.433977455716587,7.877079978529254,10.856146001073537,1.6304347826086956,0.3824476650563607,0.040257648953301126
207,19.32367149758454,18.5654857756307,24.61755233494364,8.132045088566828,8.413848631239935,7.877079978529254,11.023886205045626,1.6237251744498122,0.3824476650563607,0.040257648953301126
208,19.209608158883523,18.51851851851852,24.86580783682233,7.924047235641439,8.353462157809984,7.877079978529254,11.225174449812132,1.6035963499731616,0.3824476650563607,0.040257648953301126
209,19.585346215780998,18.4044551798175,24.724906065485776,7.863660762211487,8.340042941492216,7.977724100912507,11.077563070316694,1.6035963499731616,0.3824476650563607,0.040257648953301126
210,19.685990338164252,18.370907139023082,24.65780998389694,7.7831454643048845,8.433977455716587,7.96430488459474,11.077563070316694,1.6035963499731616,0.3824476650563607,0.040257648953301126
211,19.47128287707998,17.04911433172303,24.59742351046699,7.769726247987117,10.245571658615138,7.897208803005904,10.943370907139023,1.6035963499731616,0.3824476650563607,0.040257648953301126
212,19.57192699946323,17.042404723564143,24.570585077831456,7.729468599033816,10.245571658615138,7.877079978529254,10.93666129898014,1.6035963499731616,0.3824476650563607,0.040257648953301126
213,19.672571121846484,17.008856682769725,24.570585077831456,7.702630166398282,10.245571658615138,7.877079978529254,10.896403650026839,1.6035963499731616,0.3824476650563607,0.040257648953301126
214,19.692699946323135,17.008856682769725,24.55716586151369,8.051529790660226,10.091250670960816,7.689210950080516,10.88298443370907,1.6035963499731616,0.3824476650563607,0.040257648953301126
215,19.847020933977454,16.451959205582394,24.44310252281267,8.051529790660226,10.091250670960816,8.266237251744498,10.856146001073537,1.6035963499731616,0.3488996242619431,0.040257648953301126
216,20.00805152979066,16.35131508319914,24.40955448201825,8.051529790660226,10.091250670960816,8.266237251744498,10.829307568438002,1.6035963499731616,0.3488996242619431,0.040257648953301126
217,20.075147611379496,15.982286634460548,24.308910359634996,7.98443370907139,10.091250670960816,8.76274825550188,10.809178743961352,1.596886741814278,0.3488996242619431,0.040257648953301126
218,20.162372517444982,15.96886741814278,24.248523886205046,8.205850778314547,10.091250670960816,8.541331186258722,10.795759527643586,1.596886741814278,0.3488996242619431,0.040257648953301126
219,20.25630703166935,15.921900161030596,24.235104669887278,8.205850778314547,10.077831454643048,8.480944712828771,10.775630703166936,1.6572732152442298,0.3488996242619431,0.040257648953301126
220,20.29656468062265,15.921900161030596,24.235104669887278,8.199141170155663,10.057702630166398,8.480944712828771,10.762211486849168,1.6572732152442298,0.3488996242619431,0.040257648953301126
221,20.263016639828233,15.915190552871712,24.114331723027377,8.199141170155663,10.084541062801932,8.480944712828771,10.997047772410092,1.556629092860977,0.3488996242619431,0.040257648953301126
222,19.632313472893184,14.38539989264627,24.074074074074073,8.165593129361245,10.071121846484166,8.333333333333334,13.39237788513151,1.556629092860977,0.3488996242619431,0.040257648953301126
223,19.538378958668815,14.210950080515298,23.872785829307567,8.13875469672571,10.560923242082662,8.561460010735374,13.251476113794954,1.4761137949543746,0.3488996242619431,0.040257648953301126
224,19.80005367686527,14.210950080515298,23.74530327428878,8.125335480407944,10.68840579710145,8.55475040257649,12.983091787439614,1.415727321524423,0.3488996242619431,0.1274825550187869
225,19.82018250134192,14.056629092860977,23.564143853998928,8.085077831454644,11.258722490606548,8.99087493290392,12.4597423510467,1.415727321524423,0.2214170692431562,0.1274825550187869
226,19.330381105743424,13.33870101986044,23.423242082662373,9.272678475577026,11.198336017176597,9.265968867418144,12.432903918411165,1.3888888888888888,0.2214170692431562,0.1274825550187869
227,19.155931293612454,13.318572195383789,22.98040794417606,9.252549651100376,11.198336017176597,9.225711218464841,13.197799248523886,1.3217928073000538,0.2214170692431562,0.1274825550187869
228,19.41760601180891,13.278314546430488,22.946859903381643,9.252549651100376,11.198336017176597,9.104938271604938,13.130703166935051,1.3217928073000538,0.2214170692431562,0.1274825550187869
229,19.53166935050993,13.211218464841654,22.946859903381643,9.232420826623725,11.178207192699947,9.104938271604938,13.123993558776167,1.3217928073000538,0.2214170692431562,0.1274825550187869
230,19.57192699946323,13.20450885668277,22.920021470746107,9.232420826623725,11.178207192699947,9.098228663446054,13.123993558776167,1.3217928073000538,0.2214170692431562,0.1274825550187869
231,19.6256038647343,13.123993558776167,23.19511540526033,9.037842190016104,11.178207192699947,9.044551798174986,13.123993558776167,1.3217928073000538,0.2214170692431562,0.1274825550187869
232,19.786634460547504,13.123993558776167,23.141438539989263,9.037842190016104,11.151368760064413,9.017713365539452,13.070316693505099,1.3217928073000538,0.2214170692431562,0.1274825550187869
233,19.93424584004294,12.915995705850777,23.060923242082662,9.01100375738057,11.466720343531938,9.017713365539452,12.922705314009661,1.3217928073000538,0.2214170692431562,0.1274825550187869
234,20.001341921631777,12.909286097691895,23.05421363392378,8.997584541062801,11.426462694578637,9.017713365539452,12.922705314009661,1.3217928073000538,0.2214170692431562,0.1274825550187869
235,20.081857219538378,12.895866881374127,22.966988727858293,8.977455716586151,11.506977992485238,8.99087493290392,12.909286097691895,1.3217928073000538,0.2214170692431562,0.1274825550187869
236,20.061728395061728,12.895866881374127,22.852925389157274,8.84326355340848,11.486849168008588,8.984165324745035,12.942834138486312,1.3217928073000538,0.4830917874396135,0.1274825550187869
237,20.169082125603865,12.875738056897477,22.79253891572732,8.84326355340848,11.480139559849706,8.984165324745035,12.922705314009661,1.3217928073000538,0.4830917874396135,0.1274825550187869
238,20.316693505099302,12.828770799785293,22.765700483091788,8.796296296296296,11.513687600644122,8.93719806763285,12.922705314009661,1.3083735909822867,0.4830917874396135,0.1274825550187869
239,20.155662909286097,12.419484702093397,22.745571658615138,8.78287707997853,12.352388620504563,8.76274825550188,12.86231884057971,1.3083735909822867,0.4830917874396135,0.1274825550187869
240,20.209339774557165,12.406065485775631,22.725442834138487,8.78287707997853,12.338969404186795,8.76274825550188,12.855609232420827,1.3083735909822867,0.4830917874396135,0.1274825550187869
241,20.242887815351583,12.258454106280194,22.7187332259796,8.769457863660762,12.338969404186795,8.702361782071927,13.050187869028449,1.3083735909822867,0.4830917874396135,0.1274825550187869
242,20.175791733762747,12.218196457326892,22.638217928073,8.78287707997853,12.305421363392378,8.68894256575416,13.271604938271604,1.3083735909822867,0.4830917874396135,0.1274825550187869
