,45,50,51,52,56,53,54,55,57
0,98.17498658078368,1.8250134192163177,,,,,,,
1,98.17498658078368,1.8250134192163177,,,,,,,
2,98.17498658078368,1.8250134192163177,,,,,,,
3,83.04482018250134,16.955179817498657,,,,,,,
4,79.45517981749866,20.544820182501343,,,,,,,
5,77.59661835748793,15.116747181964573,7.286634460547504,,,,,,
6,76.35534084809447,14.224369296833064,9.420289855072463,,,,,,
7,65.96215780998389,24.664519592055825,9.373322597960279,,,,,,
8,64.15056360708535,26.476113794954376,9.373322597960279,,,,,,
9,61.81561996779388,24.00697799248524,12.305421363392378,1.8719806763285025,,,,,
10,47.85963499731616,29.58937198067633,18.914385399892645,1.8719806763285025,1.7646269457863661,,,,
11,46.61164787976382,30.931293612453032,18.86070853462158,1.8317230273752012,1.7646269457863661,,,,
12,44.37063875469673,33.883521202361784,17.55233494363929,1.7579173376274826,1.3687600644122384,1.06682769726248,,,
13,42.51207729468599,34.225711218464845,19.11567364465915,1.7579173376274826,1.3217928073000538,1.06682769726248,,,
14,42.64626945786366,34.09151905528717,19.11567364465915,1.7579173376274826,1.3217928073000538,1.06682769726248,,,
15,40.72061191626409,36.01717659688674,19.11567364465915,1.7579173376274826,1.3217928073000538,1.06682769726248,,,
16,40.96886741814278,30.669618894256576,24.214975845410628,1.7579173376274826,1.3217928073000538,1.06682769726248,,,
17,36.69484702093398,24.516908212560388,31.52173913043478,4.320987654320987,1.8786902844873858,1.06682769726248,,,
18,34.977187332259795,26.10708534621578,29.716854535695116,4.240472356414386,1.8786902844873858,1.06682769726248,2.0128824476650564,,
19,34.68867418142781,25.758185721953836,30.35426731078905,4.240472356414386,1.8786902844873858,1.06682769726248,2.0128824476650564,,
20,34.72893183038111,25.738056897477186,30.347557702630166,4.2270531400966185,1.8786902844873858,1.06682769726248,2.0128824476650564,,
21,31.642512077294686,27.636876006441224,28.529253891572733,5.810520665593129,0.9192163177670424,3.44873859366613,2.0128824476650564,,
22,29.03918411164788,30.50187869028449,28.28099838969404,5.797101449275362,0.9192163177670424,3.44873859366613,2.0128824476650564,,
23,28.28099838969404,31.17283950617284,28.25415995705851,5.911164787976382,0.9192163177670424,3.44873859366613,2.0128824476650564,,
24,27.140365002683843,30.877616747181964,29.69001610305958,5.911164787976382,0.9192163177670424,3.44873859366613,2.0128824476650564,,
25,26.32850241545894,28.844605475040257,31.53515834675255,5.911164787976382,0.9192163177670424,4.455179817498658,2.006172839506173,,
26,26.435856146001072,28.64331723027375,28.77750939345142,9.406870638754697,0.8990874932903918,3.8311862587224907,2.006172839506173,,
27,25.429414922168544,28.482286634460547,29.918142780461622,9.380032206119163,0.95276435856146,3.8311862587224907,2.006172839506173,,
28,23.121309715512613,29.200214707461082,30.844068706387546,10.131508319914117,0.95276435856146,3.743961352657005,2.006172839506173,,
29,23.067632850241544,27.469135802469136,26.127214170692433,16.23054213633924,2.01959205582394,3.079710144927536,2.006172839506173,,
30,23.396403650026837,27.536231884057973,25.865539452495973,16.09634997316157,2.01959205582394,3.079710144927536,2.006172839506173,,
31,23.21524422973698,26.96591519055287,24.932903918411164,17.53220611916264,2.01959205582394,3.079710144927536,2.006172839506173,0.24825550187869028,
32,23.45679012345679,26.912238325281802,24.778582930756844,17.518786902844873,1.9994632313472893,3.079710144927536,2.006172839506173,0.24825550187869028,
33,23.007246376811594,26.670692431561996,25.36231884057971,17.498658078368223,2.1269457863660763,3.079710144927536,2.006172839506173,0.24825550187869028,
34,20.987654320987655,26.959205582393988,23.62453032742888,20.967525496511005,2.1269457863660763,3.079710144927536,2.006172839506173,0.24825550187869028,
35,21.175523349436393,26.77133655394525,23.62453032742888,20.967525496511005,2.1269457863660763,3.079710144927536,2.006172839506173,0.24825550187869028,
36,21.256038647342994,26.147342995169083,24.684648416532475,20.46430488459474,2.1269457863660763,3.079710144927536,1.9927536231884058,0.24825550187869028,
37,19.887278582930758,25.925925925925927,30.19994632313473,18.92109500805153,1.8518518518518519,2.8247450348899625,0.14090177133655393,0.24825550187869028,
38,20.323403113258184,25.791733762748255,25.026838432635532,18.760064412238325,1.8518518518518519,2.8247450348899625,5.173107890499195,0.24825550187869028,
39,20.618625872249062,25.738056897477186,24.879227053140095,18.572195383789587,1.8518518518518519,2.918679549114332,5.173107890499195,0.24825550187869028,
40,20.578368223295758,25.657541599570585,22.832796564680624,17.800590445517983,1.8518518518518519,3.9049919484702094,7.125603864734299,0.24825550187869028,
41,20.605206655931294,22.906602254428343,27.49597423510467,16.015834675254965,1.8518518518518519,3.9049919484702094,6.971282877079979,0.24825550187869028,
42,19.91411701556629,22.69189479334407,32.400697799248526,14.371980676328503,1.2949543746645196,2.24771873322598,6.830381105743425,0.24825550187869028,
43,20.02818035426731,22.665056360708533,32.306763285024154,14.371980676328503,1.5901771336553945,2.2410091250670963,6.5485775630703165,0.24825550187869028,
44,20.33011272141707,22.497316156736446,32.2463768115942,14.237788513150832,1.7444981213097155,2.2410091250670963,6.454643048845948,0.24825550187869028,
45,20.50456253354804,22.477187332259795,32.23966720343532,14.090177133655395,1.7444981213097155,2.2410091250670963,6.454643048845948,0.24825550187869028,
46,20.189210950080515,22.852925389157274,32.17928073000537,14.090177133655395,1.7444981213097155,2.2410091250670963,6.454643048845948,0.24825550187869028,
47,16.99543746645196,31.910896403650028,27.24771873322598,11.688137412775093,1.7310789049919484,2.1269457863660763,8.051529790660226,0.24825550187869028,
48,17.082662372517444,31.910896403650028,27.24771873322598,11.647879763821793,1.7310789049919484,2.086688137412775,8.044820182501342,0.24825550187869028,
49,17.559044551798173,31.78341384863124,27.033011272141707,11.614331723027375,1.6572732152442298,2.0665593129361244,8.038110574342458,0.24825550187869028,
50,17.632850241545892,31.769994632313473,26.986044015029524,11.600912506709609,1.6572732152442298,2.0665593129361244,8.038110574342458,0.24825550187869028,
51,15.727321524422974,34.56119162640902,26.757917337627482,10.86285560923242,1.6103059581320451,2.2074610842726785,8.024691358024691,0.24825550187869028,
52,15.874932903918411,34.37332259796028,26.623725174449813,10.86285560923242,1.7847557702630166,2.2074610842726785,8.024691358024691,0.24825550187869028,
53,15.365002683843263,33.3467525496511,28.35480407944176,10.742082662372518,1.7847557702630166,2.2074610842726785,7.950885668276973,0.24825550187869028,
54,15.405260332796564,28.435319377348364,26.31508319914117,18.746645195920557,0.6910896403650026,2.2074610842726785,7.950885668276973,0.24825550187869028,
55,15.143585614600108,23.691626409017715,33.20585077831455,16.867954911433173,0.6910896403650026,2.200751476113795,7.950885668276973,0.24825550187869028,
56,15.405260332796564,23.63123993558776,33.11862587224906,16.75389157273215,0.6910896403650026,2.200751476113795,7.950885668276973,0.24825550187869028,
57,15.767579173376275,23.18840579710145,32.91733762748255,16.7337627482555,0.6910896403650026,2.167203435319377,7.950885668276973,0.5837359098228664,
58,15.935319377348362,23.020665593129362,29.07944176060118,16.472088030059044,0.6910896403650026,6.266774020397209,7.950885668276973,0.5837359098228664,
59,14.345142243692969,21.021202361782073,35.09125067096082,17.176596886741816,0.5434782608695652,3.643317230273752,7.7361782071927,0.4428341384863124,
60,12.661030595813205,17.807300053676865,40.08990874932904,16.854535695115406,0.5434782608695652,3.864734299516908,7.7361782071927,0.4428341384863124,
61,12.580515297906603,17.49194847020934,38.51315083199141,18.5252281266774,0.5099302200751477,4.361245303274289,7.588566827697263,0.4294149221685454,
62,12.721417069243156,17.418142780461622,38.486312399355874,18.4849704777241,0.5099302200751477,4.361245303274289,7.588566827697263,0.4294149221685454,
63,12.74825550187869,17.418142780461622,38.459473966720346,18.4849704777241,0.5099302200751477,4.361245303274289,7.588566827697263,0.4294149221685454,
64,11.372785829307569,16.941760601180892,41.015834675254965,17.780461621041333,0.5099302200751477,4.361245303274289,7.588566827697263,0.4294149221685454,
65,11.453301127214171,16.854535695115406,40.13687600644123,19.296833064949006,0.5099302200751477,4.361245303274289,6.957863660762212,0.4294149221685454,
66,11.627750939345143,16.760601180891037,41.378153515834676,18.12265163714439,0.5099302200751477,4.213633923778851,6.957863660762212,0.4294149221685454,
67,11.90955448201825,16.740472356414386,41.18357487922705,18.095813204508858,0.5099302200751477,4.213633923778851,6.91760601180891,0.4294149221685454,
68,8.568169618894256,22.034353193773484,38.91572732152442,18.766774020397207,0.49651100375738055,3.455448201825013,7.333601717659689,0.4294149221685454,
69,8.769457863660762,19.73966720343532,38.49302200751476,20.055018786902846,0.49651100375738055,4.683306494900698,7.333601717659689,0.4294149221685454,
70,8.454106280193237,19.243156199677937,37.19135802469136,20.665593129361245,0.49651100375738055,6.1862587224906065,7.333601717659689,0.4294149221685454,
71,8.675523349436393,19.008319914117017,38.00993022007515,18.5252281266774,0.48980139559849706,7.608695652173913,7.125603864734299,0.5568974771873323,
72,8.984165324745035,18.92109500805153,37.915995705850776,18.42458400429415,0.48980139559849706,7.601986044015029,7.112184648416532,0.5501878690284487,
73,6.776704240472356,17.907944176060116,42.37788513150832,19.310252281266774,0.48980139559849706,5.71658615136876,7.112184648416532,0.30864197530864196,
74,7.0450885668276975,17.257112184648417,42.049114331723025,19.310252281266774,0.4495437466451959,5.032206119162641,7.092055823939882,1.7646269457863661,
75,7.50805152979066,17.136339237788512,41.928341384863124,19.236446591519055,0.4495437466451959,4.884594739667204,7.092055823939882,1.7646269457863661,
76,7.548309178743962,16.847826086956523,39.10359634997316,21.182232957595275,0.4495437466451959,6.011808910359635,7.092055823939882,1.7646269457863661,
77,7.447665056360709,16.80756843800322,37.493290391841114,21.128556092324207,0.4495437466451959,7.836822329575953,7.071926999463232,1.7646269457863661,
78,7.132313472893183,15.418679549114332,39.351851851851855,20.994363929146537,0.4092860976918948,7.749597423510467,7.071926999463232,1.8719806763285025,
79,7.6556629092860975,15.250939345142244,39.30488459473967,20.699141170155663,0.4092860976918948,7.749597423510467,7.058507783145465,1.8719806763285025,
80,7.608695652173913,15.24422973698336,38.0703166935051,20.477724100912507,0.4092860976918948,9.728931830381105,6.588835212023618,1.8719806763285025,
81,7.937466451959206,15.24422973698336,37.92941492216855,20.323403113258184,0.4092860976918948,9.728931830381105,6.588835212023618,1.8384326355340848,
82,8.232689210950081,15.197262479871176,37.8690284487386,20.209339774557165,0.4092860976918948,9.688674181427805,6.575415995705851,1.8183038110574343,
83,7.991143317230274,14.828234031132581,38.157541599570585,19.538378958668815,0.4092860976918948,10.681696188942565,6.575415995705851,1.8183038110574343,
84,8.21256038647343,14.78797638217928,39.398819108964034,19.39747718733226,0.4092860976918948,10.681696188942565,5.293880837359098,1.8183038110574343,
85,8.185721953837897,14.754428341384862,37.29200214707461,21.792807300053678,0.4092860976918948,10.628019323671497,5.253623188405797,1.6841116478797638,
86,8.279656468062266,14.741009125067096,37.23161567364466,21.772678475577028,0.4092860976918948,10.628019323671497,5.253623188405797,1.6841116478797638,
87,8.420558239398819,14.741009125067096,36.95652173913044,21.72571121846484,0.4092860976918948,10.601180891035963,5.4616210413311865,1.6841116478797638,
88,7.7831454643048845,13.036768652710682,34.31964573268921,28.56280193236715,0.4092860976918948,9.138486312399356,5.4549114331723025,1.2949543746645196,
89,7.803274288781535,12.674449812130971,33.77616747181965,27.194041867954912,0.4092860976918948,11.419753086419753,5.4549114331723025,1.2681159420289856,
90,8.158883521202362,12.486580783682234,33.72920021470746,27.100107353730543,0.4092860976918948,11.406333870101985,5.4549114331723025,1.2546967257112185,
91,8.179012345679013,12.486580783682234,33.06494900697799,27.74422973698336,0.4092860976918948,11.406333870101985,5.4549114331723025,1.2546967257112185,
92,8.675523349436393,11.372785829307569,32.669082125603865,28.92512077294686,0.4092860976918948,11.29898013955985,5.4549114331723025,1.1943102522812667,
93,8.695652173913043,11.372785829307569,32.648953301127214,28.92512077294686,0.4092860976918948,11.29898013955985,5.4549114331723025,1.1943102522812667,
94,8.829844337090714,11.372785829307569,32.59527643585615,28.891572732152444,0.4092860976918948,11.265432098765432,5.441492216854535,1.1943102522812667,
95,9.05126140633387,11.372785829307569,32.360440150295226,28.75738056897477,0.5568974771873323,11.265432098765432,5.441492216854535,1.1943102522812667,
96,8.970746108427267,11.3593666129898,30.58239398819109,31.052066559312937,0.5568974771873323,10.84272678475577,5.441492216854535,1.1943102522812667,
97,8.205850778314547,10.064412238325282,33.662104133118625,30.441492216854535,0.5568974771873323,11.513687600644122,4.616210413311863,0.9393451422436929,
98,7.601986044015029,9.936929683306495,42.089371980676326,22.75228126677402,0.5568974771873323,11.513687600644122,4.609500805152979,0.9393451422436929,
99,7.823403113258186,9.809447128287708,42.04240472356415,22.71202361782072,0.5568974771873323,11.506977992485238,4.609500805152979,0.9393451422436929,
100,8.185721953837897,9.64170692431562,41.96188942565754,22.69860440150295,0.5568974771873323,11.486849168008588,4.528985507246377,0.9393451422436929,
101,8.467525496511003,9.245840042941492,40.84809447128288,24.684648416532475,0.5568974771873323,10.876274825550189,4.40150295222759,0.9192163177670424,
102,8.80300590445518,9.185453569511541,40.72061191626409,24.58400429414922,0.5568974771873323,10.829307568438002,4.40150295222759,0.9192163177670424,
103,7.96430488459474,7.615405260332796,44.77321524422974,24.20155662909286,0.5568974771873323,10.829307568438002,3.140096618357488,0.9192163177670424,
104,7.192699946323135,4.609500805152979,42.92807300053677,30.991680085882983,0.3824476650563607,10.768921095008052,2.314814814814815,0.8118625872249061,
105,7.62211486849168,4.508856682769726,42.56575415995706,30.52871712292002,0.3824476650563607,11.2788513150832,2.314814814814815,0.798443370907139,
106,7.98443370907139,4.508856682769726,42.40472356414385,30.495169082125603,0.3824476650563607,11.245303274288782,2.1806226516371443,0.798443370907139,
107,7.709339774557166,4.206924315619967,40.94873859366613,32.930756843800324,0.3824476650563607,10.86285560923242,2.167203435319377,0.7917337627482555,
108,8.252818035426731,4.200214707461084,40.66022544283414,32.82340311325819,0.3824476650563607,10.721953837895867,2.167203435319377,0.7917337627482555,
109,8.28636607622115,4.072732152442297,41.34460547504026,32.347020933977454,0.3824476650563607,10.466988727858293,2.167203435319377,0.9326355340848095,
110,8.709071390230811,4.072732152442297,40.98228663446055,32.32018250134192,0.4830917874396135,10.34621578099839,2.15378421900161,0.9326355340848095,
111,8.849973161567364,3.9184111647879765,40.143585614600106,33.2259796027912,0.4830917874396135,10.151637144390767,2.15378421900161,0.9326355340848095,0.14090177133655393
112,9.078099838969404,3.9049919484702094,40.11003757380569,33.07836822329576,0.4830917874396135,10.11808910359635,2.15378421900161,0.9326355340848095,0.14090177133655393
113,9.359903381642512,3.717122920021471,41.53918411164788,32.91733762748255,0.4830917874396135,8.917069243156199,2.13365539452496,0.7917337627482555,0.14090177133655393
114,9.192163177670425,3.240740740740741,42.51878690284487,32.8166935050993,0.4830917874396135,8.82313472893183,1.9927536231884058,0.7917337627482555,0.14090177133655393
115,8.903650026838433,2.8381642512077296,40.49248523886205,34.16532474503489,0.4830917874396135,10.205314009661835,1.9793344068706387,0.7917337627482555,0.14090177133655393
116,8.99087493290392,2.8381642512077296,40.45222758990875,34.13177670424047,0.4830917874396135,10.19189479334407,1.9793344068706387,0.7917337627482555,0.14090177133655393
117,9.252549651100376,2.8381642512077296,40.25764895330113,34.09822866344606,0.4830917874396135,10.158346752549651,1.9793344068706387,0.7917337627482555,0.14090177133655393
118,9.41358024691358,2.8381642512077296,40.17713365539453,34.064680622651636,0.4830917874396135,10.158346752549651,1.9793344068706387,0.7447665056360708,0.14090177133655393
119,9.567901234567902,2.831454643048846,39.85507246376812,33.581588835212024,0.4830917874396135,10.84272678475577,1.9524959742351047,0.7447665056360708,0.14090177133655393
120,10.292538915727322,2.831454643048846,39.331723027375205,33.49436392914654,0.4830917874396135,10.72866344605475,1.9524959742351047,0.7447665056360708,0.14090177133655393
121,10.473698336017177,2.8247450348899625,38.77482555018787,32.74288781535159,0.4830917874396135,10.61460010735373,3.2004830917874396,0.7447665056360708,0.14090177133655393
122,10.916532474503489,2.771068169618894,38.539989264626946,32.68250134192163,0.46967257112184646,10.534084809447128,3.2004830917874396,0.7447665056360708,0.14090177133655393
123,11.057434245840042,2.771068169618894,38.47289318303811,32.648953301127214,0.46967257112184646,10.493827160493828,3.2004830917874396,0.7447665056360708,0.14090177133655393
124,11.11111111111111,2.771068169618894,39.80810520665593,32.48792270531401,0.46967257112184646,9.05126140633387,3.4151905528717124,0.7447665056360708,0.14090177133655393
125,11.513687600644122,2.757648953301127,39.79468599033817,32.387278582930755,0.46967257112184646,8.776167471819646,3.4151905528717124,0.7447665056360708,0.14090177133655393
126,11.741814278046162,2.7442297369833604,39.70746108427268,32.27321524422974,0.46967257112184646,8.776167471819646,3.4017713365539453,0.7447665056360708,0.14090177133655393
127,11.849168008588299,2.7442297369833604,39.66720343531938,32.2061191626409,0.46967257112184646,8.776167471819646,3.4017713365539453,0.7447665056360708,0.14090177133655393
128,11.822329575952764,2.737520128824477,39.231078904991946,33.56816961889426,0.46967257112184646,8.407139023081053,2.8784219001610305,0.7447665056360708,0.14090177133655393
129,12.02361782071927,2.737520128824477,38.67418142780462,33.28636607622115,0.46967257112184646,8.407139023081053,3.515834675254965,0.7447665056360708,0.14090177133655393
130,12.399355877616747,2.737520128824477,38.35882984433709,33.2259796027912,0.46967257112184646,8.407139023081053,3.515834675254965,0.7447665056360708,0.14090177133655393
131,12.298711755233494,2.6838432635534084,37.25174449812131,34.50751476113795,0.46967257112184646,8.387010198604402,3.515834675254965,0.7447665056360708,0.14090177133655393
132,11.231884057971014,2.1604938271604937,40.995705850778315,32.2866344605475,0.46296296296296297,8.601717659688674,3.374932903918411,0.7447665056360708,0.14090177133655393
133,11.466720343531938,2.1604938271604937,40.61996779388084,32.26650563607085,0.46296296296296297,8.601717659688674,3.374932903918411,0.9057971014492754,0.14090177133655393
134,11.500268384326356,2.15378421900161,39.65378421900161,32.26650563607085,0.46296296296296297,9.541062801932368,3.374932903918411,0.9057971014492754,0.14090177133655393
135,11.688137412775093,2.15378421900161,39.56655931293612,32.23966720343532,0.46296296296296297,9.480676328502415,3.374932903918411,0.8923778851315083,0.14090177133655393
136,11.956521739130435,2.15378421900161,38.52657004830918,33.1454643048846,0.46296296296296297,9.373322597960279,3.3279656468062266,0.9125067096081588,0.14090177133655393
137,11.996779388083736,2.15378421900161,38.30515297906602,34.29951690821256,0.46296296296296297,8.433977455716587,3.294417606011809,0.9125067096081588,0.14090177133655393
138,12.338969404186795,2.13365539452496,38.06360708534621,34.10493827160494,0.46296296296296297,8.400429414922169,3.294417606011809,1.0601180891035964,0.14090177133655393
139,12.808641975308642,2.13365539452496,37.57380568974772,33.73590982286635,0.46296296296296297,8.36688137412775,3.294417606011809,1.482823403113258,0.14090177133655393
140,12.701288244766506,2.13365539452496,41.324476650563604,30.864197530864196,0.3153515834675255,7.944176060118089,3.099838969404187,1.482823403113258,0.13419216317767044
141,13.157541599570585,2.13365539452496,41.02925389157273,30.703166935050994,0.3153515834675255,7.944176060118089,3.099838969404187,1.482823403113258,0.13419216317767044
142,13.331991411701557,2.13365539452496,40.727321524422976,30.669618894256576,0.47638217928073,7.944176060118089,3.099838969404187,1.482823403113258,0.13419216317767044
143,13.667471819645733,2.13365539452496,40.43880837359098,30.629361245303276,0.46967257112184646,7.944176060118089,3.099838969404187,1.482823403113258,0.13419216317767044
144,14.056629092860977,2.13365539452496,40.17042404723564,30.54884594739667,0.46967257112184646,7.9039184111647875,3.099838969404187,1.482823403113258,0.13419216317767044
145,13.895598497047773,2.1269457863660763,43.183038110574344,27.710681696188942,0.46967257112184646,7.897208803005904,3.099838969404187,1.482823403113258,0.13419216317767044
146,13.761406333870102,2.1269457863660763,45.73268921095008,26.476113794954376,0.46967257112184646,6.716317767042405,3.099838969404187,1.482823403113258,0.13419216317767044
147,13.560118089103597,2.120236178207193,46.202361782071925,26.073537305421365,0.46967257112184646,6.649221685453569,3.307836822329576,1.482823403113258,0.13419216317767044
148,13.79495437466452,2.0799785292538915,46.10842726784756,25.758185721953836,0.4495437466451959,7.018250134192163,3.307836822329576,1.482823403113258,
149,11.030595813204508,1.4761137949543746,59.82286634460547,18.65271068169619,0.43612453032742887,3.965378421900161,3.2742887815351582,1.3419216317767042,
150,11.191626409017713,1.4761137949543746,58.12533548040794,18.65271068169619,0.43612453032742887,3.965378421900161,4.85775630703167,1.2949543746645196,
151,11.305689747718732,1.4761137949543746,57.82340311325819,18.947933440687063,0.43612453032742887,3.8580246913580245,4.85775630703167,1.2949543746645196,
152,11.56736446591519,1.4761137949543746,57.628824476650564,18.88083735909823,0.43612453032742887,3.8580246913580245,4.85775630703167,1.2949543746645196,
153,11.761943102522812,1.4694041867954912,57.51476113794954,18.82716049382716,0.43612453032742887,3.8580246913580245,4.8376274825550185,1.2949543746645196,
154,11.81561996779388,1.4694041867954912,57.50134192163178,18.78690284487386,0.43612453032742887,3.8580246913580245,4.8376274825550185,1.2949543746645196,
155,12.25174449812131,1.4694041867954912,57.18599033816425,18.706387546967257,0.43612453032742887,3.8580246913580245,4.797369833601718,1.2949543746645196,
156,12.392646269457863,1.4694041867954912,56.89747718733226,18.706387546967257,0.43612453032742887,3.8580246913580245,4.797369833601718,1.442565754159957,
157,12.533548040794418,1.4694041867954912,56.756575415995705,18.706387546967257,0.43612453032742887,3.8580246913580245,4.797369833601718,1.442565754159957,
158,12.822061191626409,1.4694041867954912,56.64251207729468,18.411164787976382,0.4294149221685454,3.9855072463768115,4.797369833601718,1.442565754159957,
159,12.875738056897477,1.4090177133655395,56.60225442834138,18.35077831454643,0.4294149221685454,3.9720880300590444,4.797369833601718,1.5633387010198605,
160,13.291733762748256,1.4090177133655395,56.27348362855609,18.276972624798713,0.4294149221685454,3.9720880300590444,4.797369833601718,1.5499194847020934,
161,13.385668276972625,1.4090177133655395,56.17954911433172,18.276972624798713,0.4294149221685454,3.9720880300590444,4.797369833601718,1.5499194847020934,
162,13.707729468599034,1.4090177133655395,55.85748792270532,17.96833064949007,0.4294149221685454,3.9519592055823938,4.783950617283951,1.892109500805153,
163,13.996242619431026,1.4090177133655395,55.64949006977992,17.96833064949007,0.3488996242619431,3.9519592055823938,4.783950617283951,1.892109500805153,
164,14.103596349973161,1.4090177133655395,55.57568438003221,17.934782608695652,0.3488996242619431,3.9519592055823938,4.783950617283951,1.892109500805153,
165,14.278046162104133,1.4090177133655395,56.66264090177134,16.59286097691895,0.3488996242619431,3.9452495974235107,4.871175523349437,1.892109500805153,
166,14.452495974235104,1.4090177133655395,56.34057971014493,16.59286097691895,0.3488996242619431,3.9452495974235107,5.018786902844874,1.892109500805153,
167,14.694041867954912,1.4090177133655395,56.09903381642512,16.59286097691895,0.3488996242619431,3.9452495974235107,5.018786902844874,1.892109500805153,
168,15.197262479871176,1.4090177133655395,55.59581320450886,16.59286097691895,0.3488996242619431,3.9452495974235107,5.018786902844874,1.892109500805153,
169,15.479066022544284,1.4090177133655395,55.16639828234031,16.586151368760063,0.3488996242619431,3.8311862587224907,5.287171229200215,1.892109500805153,
170,15.519323671497585,1.4090177133655395,55.12614063338701,16.586151368760063,0.3488996242619431,3.8311862587224907,5.287171229200215,1.892109500805153,
171,15.069779924852389,1.3217928073000538,51.670692431561996,19.202898550724637,0.2952227589908749,5.273752012882448,5.287171229200215,1.8786902844873858,
172,15.103327965646805,1.3217928073000538,50.83199141170156,19.182769726247987,0.2952227589908749,6.112453032742888,5.273752012882448,1.8786902844873858,
173,15.203972088030058,1.3217928073000538,50.48309178743961,18.605743424584006,0.1878690284487386,7.306763285024155,5.01207729468599,1.8786902844873858,
174,15.458937198067632,1.3217928073000538,50.335480407944175,18.50509930220075,0.1878690284487386,7.300053676865271,5.01207729468599,1.8786902844873858,
175,15.734031132581856,1.3217928073000538,50.08722490606549,18.47826086956522,0.1878690284487386,7.300053676865271,5.01207729468599,1.8786902844873858,
176,15.92860976918948,1.3217928073000538,50.006709608158886,18.38432635534085,0.1878690284487386,7.300053676865271,4.99194847020934,1.8786902844873858,
177,16.069511540526033,1.3217928073000538,49.966451959205585,18.283682232957595,0.1878690284487386,7.300053676865271,4.99194847020934,1.8786902844873858,
178,16.431830381105744,1.247987117552335,49.81213097155126,18.189747718733226,0.1878690284487386,7.286634460547504,4.9651100375738055,1.8786902844873858,
179,16.472088030059044,1.247987117552335,49.77187332259796,18.189747718733226,0.1878690284487386,7.286634460547504,4.9651100375738055,1.8786902844873858,
180,16.55931293612453,1.247987117552335,49.24852388620504,18.04884594739667,0.1878690284487386,7.286634460547504,4.9651100375738055,2.4557165861513686,
181,16.29092860976919,1.247987117552335,48.01395598497048,17.96833064949007,0.1878690284487386,7.286634460547504,6.5485775630703165,2.4557165861513686,
182,16.659957058507782,1.247987117552335,47.718733225979605,17.954911433172303,0.18115942028985507,7.286634460547504,6.494900697799249,2.4557165861513686,
183,17.008856682769725,1.247987117552335,47.58454106280193,17.887815351583466,0.18115942028985507,7.286634460547504,6.380837359098229,2.4221685453569513,
184,17.19001610305958,1.247987117552335,47.457058507783145,17.8743961352657,0.18115942028985507,7.286634460547504,6.380837359098229,2.38191089640365,
185,17.317498658078367,1.2345679012345678,46.31642512077295,17.8743961352657,0.16774020397208803,8.3467525496511,6.374127750939345,2.368491680085883,
186,17.418142780461622,1.2345679012345678,44.618894256575416,19.632313472893184,0.16774020397208803,8.185721953837897,6.374127750939345,2.368491680085883,
187,17.458400429414922,1.2345679012345678,44.578636607622116,19.632313472893184,0.16774020397208803,8.185721953837897,6.374127750939345,2.368491680085883,
188,17.330917874396135,1.2345679012345678,43.666129898013956,21.014492753623188,0.16774020397208803,7.843531937734836,6.374127750939345,2.368491680085883,
189,17.881105743424584,1.2010198604401503,43.43129361245303,20.994363929146537,0.16774020397208803,7.742887815351583,6.213097155126141,2.368491680085883,
190,18.00187869028449,1.2010198604401503,43.25684380032206,20.92055823939882,0.16774020397208803,7.716049382716049,6.367418142780462,2.368491680085883,
191,18.16290928609769,1.2010198604401503,43.25684380032206,20.893719806763286,0.16774020397208803,7.595276435856146,6.353998926462695,2.368491680085883,
192,18.364197530864196,1.2010198604401503,43.062265163714436,20.893719806763286,0.16774020397208803,7.595276435856146,6.347289318303811,2.368491680085883,
193,18.438003220611915,1.2010198604401503,42.72007514761138,21.088298443370906,0.16774020397208803,7.588566827697263,6.427804616210413,2.368491680085883,
194,18.80703166935051,1.2010198604401503,42.47181964573269,21.054750402576488,0.16774020397208803,7.501341921631776,6.427804616210413,2.368491680085883,
195,18.99490069779925,1.2010198604401503,41.97530864197531,20.511272141706925,0.16774020397208803,7.4006977992485234,7.380568974771873,2.368491680085883,
196,19.390767579173378,1.2010198604401503,41.79414922168545,20.283145464304884,0.16774020397208803,7.333601717659689,7.353730542136339,2.475845410628019,
197,19.706119162640903,1.1943102522812667,41.74718196457327,20.108695652173914,0.16774020397208803,7.25979602791197,7.340311325818572,2.475845410628019,
198,19.89398819108964,1.1943102522812667,41.606280193236714,20.108695652173914,0.16774020397208803,7.232957595276436,7.320182501341922,2.475845410628019,
199,19.994632313472895,1.1943102522812667,41.57944176060118,20.034889962426195,0.16774020397208803,7.232957595276436,7.320182501341922,2.475845410628019,
200,19.692699946323135,1.1876006441223832,41.71363392377885,19.97450348899624,0.16774020397208803,7.232957595276436,7.555018786902845,2.475845410628019,
201,19.773215244229736,1.1876006441223832,42.47181964573269,19.350509930220074,0.06038647342995169,7.132313472893183,7.548309178743962,2.475845410628019,
202,20.142243692968332,1.1876006441223832,41.8545356951154,19.14922168545357,0.06038647342995169,7.03166935050993,7.541599570585078,3.0327428878153517,
203,19.847020933977454,1.1876006441223832,40.666935050993025,19.03515834675255,0.06038647342995169,8.702361782071927,7.467793880837359,3.0327428878153517,
204,20.189210950080515,1.1876006441223832,40.61325818572195,18.94122383252818,0.06038647342995169,8.55475040257649,7.454374664519592,2.999194847020934,
205,20.44417606011809,1.1876006441223832,40.47906602254428,18.907675791733762,0.06038647342995169,8.467525496511003,7.454374664519592,2.999194847020934,
206,20.551529790660226,1.1876006441223832,40.45893719806763,18.840579710144926,0.06038647342995169,8.467525496511003,7.454374664519592,2.9790660225442833,
207,20.739398819108963,1.133923778851315,40.27777777777778,18.907675791733762,0.06038647342995169,8.333333333333334,7.454374664519592,3.0931293612453032,
208,20.82662372517445,1.133923778851315,40.25764895330113,18.86070853462158,0.06038647342995169,8.313204508856682,7.454374664519592,3.0931293612453032,
209,20.685721953837895,1.133923778851315,39.60010735373054,20.182501341921633,0.06038647342995169,8.28636607622115,7.14573268921095,2.9052603327965647,
210,20.7662372517445,1.133923778851315,39.60010735373054,20.115405260332796,0.06038647342995169,8.272946859903382,7.14573268921095,2.9052603327965647,
211,21.027911969940956,1.133923778851315,39.56655931293612,19.940955448201827,0.06038647342995169,8.239398819108963,7.125603864734299,2.9052603327965647,
212,21.30300590445518,1.133923778851315,39.378690284487384,19.91411701556629,0.06038647342995169,8.09849704777241,7.206119162640902,2.9052603327965647,
213,21.443907675791735,1.133923778851315,39.378690284487384,19.773215244229736,0.06038647342995169,8.09849704777241,7.206119162640902,2.9052603327965647,
214,21.40365002683843,1.133923778851315,38.31857219538379,19.578636607622116,0.05367686527106817,9.534353193773484,7.071926999463232,2.9052603327965647,
215,21.66532474503489,1.107085346215781,38.157541599570585,19.504830917874397,0.05367686527106817,9.534353193773484,7.071926999463232,2.9052603327965647,
216,22.16183574879227,1.107085346215781,37.7012882447665,19.41760601180891,0.322061191626409,9.4873859366613,6.9310252281266775,2.871712292002147,
217,22.423510466988727,1.107085346215781,37.56038647342995,19.296833064949006,0.322061191626409,9.4873859366613,6.9310252281266775,2.871712292002147,
218,22.309447128287708,1.1003757380568975,37.96967257112185,19.28341384863124,0.322061191626409,9.353193773483628,6.89747718733226,2.7643585614600106,
219,22.644927536231883,1.1003757380568975,37.88244766505636,19.243156199677937,0.322061191626409,9.225711218464841,6.823671497584541,2.757648953301127,
220,23.013955984970476,1.1003757380568975,37.62748255501879,19.048577563070317,0.322061191626409,9.145195920558239,6.823671497584541,2.918679549114332,
221,23.09447128287708,1.1003757380568975,37.58722490606549,19.048577563070317,0.322061191626409,9.118357487922705,6.810252281266774,2.918679549114332,
222,23.47691894793344,1.1003757380568975,37.553676865271065,19.0150295222759,0.322061191626409,9.07139023081052,6.6760601180891035,2.7844873859366612,
223,23.49033816425121,1.1003757380568975,37.5402576489533,19.0150295222759,0.322061191626409,9.07139023081052,6.6760601180891035,2.7844873859366612,
224,23.67149758454106,1.1003757380568975,37.526838432635536,18.867418142780462,0.322061191626409,9.05126140633387,6.6760601180891035,2.7844873859366612,
225,23.785560923242084,1.1003757380568975,37.25174449812131,18.867418142780462,0.4830917874396135,9.05126140633387,6.6760601180891035,2.7844873859366612,
226,23.95330112721417,1.1003757380568975,37.19135802469136,18.760064412238325,0.4830917874396135,8.93719806763285,6.790123456790123,2.7844873859366612,
227,24.342458400429415,1.1003757380568975,37.164519592055825,18.431293612453032,0.4830917874396135,8.93719806763285,6.776704240472356,2.7643585614600106,
228,24.54374664519592,1.093666129898014,37.03032742887815,18.397745571658614,0.4830917874396135,8.93719806763285,6.776704240472356,2.737520128824477,
229,24.644390767579175,1.093666129898014,36.9699409554482,18.397745571658614,0.4830917874396135,8.93719806763285,6.756575415995706,2.717391304347826,
230,24.664519592055825,1.093666129898014,36.9699409554482,18.38432635534085,0.4830917874396135,8.93719806763285,6.749865807836822,2.717391304347826,
231,24.758454106280194,1.093666129898014,36.902844873859365,18.357487922705314,0.4830917874396135,8.93719806763285,6.749865807836822,2.717391304347826,
232,24.89935587761675,1.093666129898014,36.81561996779388,18.357487922705314,0.4830917874396135,8.903650026838433,6.729736983360172,2.717391304347826,
233,25.241545893719806,1.093666129898014,36.553945249597426,18.357487922705314,0.4830917874396135,8.903650026838433,6.6760601180891035,2.690552871712292,
234,25.295222758990874,1.093666129898014,36.47342995169082,18.317230273752013,0.4830917874396135,8.903650026838433,6.743156199677939,2.690552871712292,
235,25.315351583467525,1.093666129898014,35.99704777241009,18.290391841116477,0.4830917874396135,8.849973161567364,6.649221685453569,3.321256038647343,
236,25.39586688137413,1.093666129898014,35.51395598497048,18.223295759527645,0.4830917874396135,8.849973161567364,7.118894256575416,3.321256038647343,
237,25.43612453032743,1.093666129898014,35.47369833601718,18.223295759527645,0.4830917874396135,8.849973161567364,7.118894256575416,3.321256038647343,
238,25.59044551798175,1.093666129898014,35.42002147074611,18.223295759527645,0.4830917874396135,8.749329039184111,7.118894256575416,3.321256038647343,
239,25.711218464841654,1.093666129898014,35.33279656468062,18.223295759527645,0.4830917874396135,8.735909822866345,7.098765432098766,3.321256038647343,
240,25.72463768115942,1.093666129898014,35.319377348362856,18.223295759527645,0.4830917874396135,8.735909822866345,7.098765432098766,3.321256038647343,
241,25.731347289318304,1.093666129898014,35.19189479334407,18.223295759527645,0.6172839506172839,8.735909822866345,7.085346215780999,3.321256038647343,
242,25.831991411701555,1.0735373054213635,35.037573805689746,18.035426731078903,0.6172839506172839,8.876811594202898,7.078636607622115,3.44873859366613,
243,26.053408480944714,1.0735373054213635,34.90338164251208,18.00858829844337,0.6172839506172839,8.816425120772946,7.078636607622115,3.44873859366613,
244,26.133923778851315,1.0735373054213635,34.836285560923244,18.00858829844337,0.6172839506172839,8.816425120772946,7.065217391304348,3.44873859366613,
245,25.811862587224905,1.0735373054213635,34.41358024691358,17.07595276435856,0.6172839506172839,8.729200214707461,8.635265700483092,3.643317230273752,
246,25.97289318303811,1.0735373054213635,34.29951690821256,17.06924315619968,0.6172839506172839,8.729200214707461,8.608427267847558,3.629898013955985,
247,26.167471819645733,1.0735373054213635,34.265968867418145,17.028985507246375,0.6172839506172839,8.722490606548577,8.494363929146537,3.629898013955985,
248,26.29495437466452,1.0735373054213635,34.15190552871712,17.028985507246375,0.6172839506172839,8.722490606548577,8.494363929146537,3.616478797638218,
249,25.764895330112722,1.0735373054213635,33.843263553408484,18.21658615136876,0.6172839506172839,8.675523349436393,8.192431561996779,3.616478797638218,
250,25.89908749329039,1.0735373054213635,33.78958668813741,18.21658615136876,0.6172839506172839,8.675523349436393,8.111916264090176,3.616478797638218,
251,26.006441223832528,1.0735373054213635,33.74932903918411,18.21658615136876,0.6172839506172839,8.608427267847558,8.111916264090176,3.616478797638218,
252,26.019860440150296,1.0735373054213635,33.73590982286635,18.21658615136876,0.6172839506172839,8.608427267847558,8.111916264090176,3.616478797638218,
253,26.093666129898015,1.0735373054213635,33.69565217391305,18.209876543209877,0.6172839506172839,8.608427267847558,8.111916264090176,3.589640365002684,
254,26.33521202361782,1.0735373054213635,33.49436392914654,18.753354804079443,0.6172839506172839,8.420558239398819,7.816693505099302,3.488996242619431,
255,26.341921631776703,1.0735373054213635,33.49436392914654,18.746645195920557,0.6172839506172839,8.420558239398819,7.816693505099302,3.488996242619431,
256,26.44927536231884,1.0466988727858293,33.44739667203435,18.746645195920557,0.6172839506172839,8.420558239398819,7.809983896940419,3.4621578099838968,
257,26.878690284487387,1.0466988727858293,33.299785292538914,18.61916264090177,0.6172839506172839,8.266237251744498,7.809983896940419,3.4621578099838968,
258,27.066559312936125,1.0466988727858293,33.1454643048846,18.46484165324745,0.6172839506172839,8.259527643585615,7.7898550724637685,3.6097691894793345,
259,27.167203435319376,1.0466988727858293,33.071658615136876,18.46484165324745,0.6172839506172839,8.252818035426731,7.776435856146001,3.603059581320451,
260,27.690552871712292,1.0466988727858293,32.809983896940416,18.46484165324745,0.5904455179817498,8.246108427267847,7.6556629092860975,3.4957058507783145,
261,27.750939345142243,1.0466988727858293,32.789855072463766,18.46484165324745,0.5904455179817498,8.219269994632313,7.64224369296833,3.4957058507783145,
262,27.992485238862052,0.9997316156736447,32.749597423510465,18.344068706387546,0.5904455179817498,8.185721953837897,7.64224369296833,3.4957058507783145,
263,28.032742887815353,0.9997316156736447,32.729468599033815,18.33064949006978,0.5904455179817498,8.185721953837897,7.635534084809447,3.4957058507783145,
264,28.193773483628558,0.9997316156736447,32.689210950080515,18.290391841116477,0.5904455179817498,8.185721953837897,7.555018786902845,3.4957058507783145,
265,28.408480944712828,0.9997316156736447,32.53488996242619,18.230005367686527,0.5904455179817498,8.185721953837897,7.555018786902845,3.4957058507783145,
266,28.59634997316157,0.9997316156736447,32.44095544820183,18.14278046162104,0.5904455179817498,8.185721953837897,7.548309178743962,3.4957058507783145,
