,45,50,52,53,55,51,57,56,54,58,59
0,86.62775093934515,13.372249060654857,,,,,,,,,
1,81.01180891035963,18.988191089640367,,,,,,,,,
2,80.92458400429415,19.07541599570585,,,,,,,,,
3,69.02844873859367,30.971551261406333,,,,,,,,,
4,64.42565754159958,35.33279656468062,0.24154589371980675,,,,,,,,
5,52.10010735373054,47.658346752549654,0.24154589371980675,,,,,,,,
6,44.14251207729468,54.91814278046162,0.24154589371980675,0.30864197530864196,0.38915727321524424,,,,,,
7,42.3443370907139,55.072463768115945,0.24154589371980675,0.30864197530864196,2.033011272141707,,,,,,
8,28.804347826086957,58.9573268921095,0.24154589371980675,0.30864197530864196,0.3824476650563607,11.305689747718732,,,,,
9,21.732420826623724,58.58829844337091,8.313204508856682,0.30864197530864196,0.3824476650563607,10.674986580783683,,,,,
10,22.14170692431562,56.03193773483628,10.352925389157273,0.30864197530864196,0.3824476650563607,10.641438539989265,0.14090177133655393,,,,
11,21.39694041867955,56.74315619967794,10.305958132045088,0.30864197530864196,0.48980139559849706,10.560923242082662,0.14090177133655393,0.05367686527106817,,,
12,20.90042941492217,56.434514224369295,11.439881910896403,0.30864197530864196,0.48980139559849706,10.23215244229737,0.14090177133655393,0.05367686527106817,,,
13,20.833333333333332,56.34057971014493,11.399624261943103,0.30864197530864196,0.48980139559849706,10.433440687063875,0.14090177133655393,0.05367686527106817,,,
14,20.913848631239937,55.35426731078905,9.50751476113795,3.2474503488996245,0.3824476650563607,10.399892646269459,0.14090177133655393,0.05367686527106817,,,
15,21.034621578099838,54.186795491143315,9.373322597960279,3.2474503488996245,1.5633387010198605,10.399892646269459,0.14090177133655393,0.05367686527106817,,,
16,19.28341384863124,53.05958132045089,9.655126140633387,4.106280193236715,3.3279656468062266,10.373054213633925,0.14090177133655393,0.05367686527106817,,,
17,19.41760601180891,52.985775630703166,9.621578099838969,4.106280193236715,3.3145464304884595,10.359634997316157,0.14090177133655393,0.05367686527106817,,,
18,19.142512077294686,49.81884057971015,7.702630166398282,7.924047235641439,4.502147074610843,10.359634997316157,0.14090177133655393,0.05367686527106817,0.35560923242082665,,
19,16.404991948470208,40.01610305958132,6.816961889425658,9.292807300053678,4.092860976918948,21.980676328502415,0.1274825550187869,0.1274825550187869,1.1406333870101986,,
20,14.63365539452496,39.78797638217928,6.763285024154589,9.292807300053678,3.9989264626945786,23.772141706924316,0.1274825550187869,0.1274825550187869,1.4962426194310252,,
21,14.244498121309716,39.36527106816962,7.474503488996243,9.27938808373591,4.119699409554482,23.34272678475577,0.1274825550187869,0.2281266774020397,1.8183038110574343,,
22,13.607085346215781,38.888888888888886,9.27938808373591,9.27938808373591,4.119699409554482,22.034353193773484,0.0939345142243693,0.17444981213097155,2.522812667740204,,
23,13.499731615673644,35.23215244229737,11.460010735373054,6.005099302200751,4.119699409554482,25.509930220075148,0.0939345142243693,1.5633387010198605,2.5161030595813205,,
24,13.466183574879228,35.279119699409556,11.460010735373054,6.005099302200751,4.106280193236715,25.509930220075148,0.0939345142243693,1.5633387010198605,2.5161030595813205,,
25,13.6406333870102,34.50080515297907,11.292270531400966,5.991680085882985,4.602791196994096,25.05367686527107,0.0939345142243693,1.7310789049919484,3.0931293612453032,,
26,13.754696725711218,34.46054750402576,11.292270531400966,5.9514224369296835,4.602791196994096,25.033548040794418,0.0939345142243693,1.7310789049919484,3.079710144927536,,
27,12.412775093934513,25.07380568974772,23.295759527643586,5.9514224369296835,3.8311862587224907,25.13419216317767,0.0939345142243693,1.724369296833065,2.4825550187869028,,
28,9.333064949006978,22.873054213633925,23.255501878690286,5.9514224369296835,3.797638217928073,30.387815351583466,0.0939345142243693,1.8250134192163177,2.4825550187869028,,
29,8.293075684380032,21.89345142243693,20.377079978529252,4.126409017713366,3.488996242619431,38.75469672571122,,1.7713365539452497,1.2949543746645196,,
30,8.447396672034353,21.89345142243693,20.21604938271605,4.260601180891036,3.488996242619431,38.62721417069243,,1.7713365539452497,1.2949543746645196,,
31,8.225979602791197,20.263016639828233,20.101986044015028,8.044820182501342,2.576489533011272,37.88244766505636,0.11406333870101985,1.7713365539452497,1.0198604401502953,,
32,8.3467525496511,20.169082125603865,20.04830917874396,8.038110574342458,2.5429414922168547,37.82877079978529,0.11406333870101985,1.8115942028985508,1.1003757380568975,,
33,8.413848631239935,20.169082125603865,19.920826623725173,7.883789586688137,2.5429414922168547,37.7012882447665,0.2549651100375738,1.892109500805153,1.221148684916801,,
34,8.279656468062266,17.23027375201288,19.578636607622116,7.0383789586688135,2.5429414922168547,41.378153515834676,0.2549651100375738,1.892109500805153,1.8048845947396672,,
35,7.03166935050993,15.505904455179817,14.720880300590446,6.984702093397746,2.5429414922168547,49.20826623725174,0.2549651100375738,1.892109500805153,1.8048845947396672,0.05367686527106817,
36,6.447933440687064,14.97584541062802,14.13714439076758,3.1333870101986045,2.5161030595813205,56.03193773483628,0.11406333870101985,0.8118625872249061,1.8048845947396672,0.026838432635534086,
37,6.588835212023618,14.97584541062802,14.13714439076758,3.1065485775630703,2.5161030595813205,55.91787439613527,0.11406333870101985,0.8118625872249061,1.8048845947396672,0.026838432635534086,
38,6.66935050993022,14.942297369833602,16.49892646269458,3.1065485775630703,2.5161030595813205,53.39506172839506,0.11406333870101985,0.95276435856146,1.778046162104133,0.026838432635534086,
39,6.635802469135802,11.500268384326356,16.0829307568438,5.10601180891036,1.8384326355340848,55.96484165324745,0.11406333870101985,0.95276435856146,1.778046162104133,0.026838432635534086,
40,6.810252281266774,10.567632850241546,15.559581320450885,5.723295759527644,1.8384326355340848,54.3545356951154,0.11406333870101985,1.1741814278046163,3.8311862587224907,0.026838432635534086,
41,6.870638754696726,10.567632850241546,15.485775630703166,5.6964573268921095,1.8384326355340848,54.00563607085346,0.1610305958132045,1.1741814278046163,4.17337627482555,0.026838432635534086,
42,6.045356951154052,9.668545356951155,16.324476650563607,5.515297906602254,1.8384326355340848,55.01878690284487,0.1610305958132045,1.2278582930756843,4.17337627482555,0.026838432635534086,
43,5.736714975845411,9.406870638754697,15.351583467525497,4.851046698872786,2.5026838432635534,56.676060118089104,0.1610305958132045,1.2748255501878691,4.012345679012346,0.026838432635534086,
44,6.031937734836285,9.346484165324744,15.304616210413311,7.709339774557166,2.5026838432635534,53.5426731078905,0.1610305958132045,1.3620504562533549,4.012345679012346,0.026838432635534086,
45,6.1929683306494905,9.178743961352657,15.304616210413311,7.635534084809447,2.4892646269457863,52.9723564143854,0.1610305958132045,1.3620504562533549,4.676596886741814,0.026838432635534086,
46,3.6366076221148687,5.434782608695652,18.297101449275363,7.588566827697263,2.1403650026838434,57.00483091787439,0.04696725711218465,1.3754696725711217,4.448470209339774,0.026838432635534086,
47,3.6768652710681695,5.428073000536768,13.345410628019323,7.407407407407407,2.1403650026838434,62.21819645732689,0.04696725711218465,1.3754696725711217,4.334406870638754,0.026838432635534086,
48,3.6366076221148687,5.267042404723564,14.257917337627482,7.407407407407407,2.623456790123457,61.010466988727856,0.04696725711218465,1.3888888888888888,4.334406870638754,0.026838432635534086,
49,3.8580246913580245,5.246913580246914,14.257917337627482,7.37385936661299,2.6167471819645733,60.869565217391305,0.04696725711218465,1.3888888888888888,4.314278046162104,0.026838432635534086,
50,3.9720880300590444,5.246913580246914,14.244498121309716,7.347020933977456,2.6167471819645733,60.79575952764358,0.04696725711218465,1.3888888888888888,4.314278046162104,0.026838432635534086,
51,4.206924315619967,5.0993022007514766,14.244498121309716,7.326892109500805,2.771068169618894,60.57434245840043,0.04696725711218465,1.3888888888888888,4.314278046162104,0.026838432635534086,
52,3.8378958668813743,2.9388083735909825,12.399355877616747,5.743424584004294,1.5901771336553945,67.25711218464842,0.04696725711218465,1.3888888888888888,4.770531400966184,0.026838432635534086,
53,3.240740740740741,2.5161030595813205,13.781535158346752,3.140096618357488,0.48980139559849706,71.57139023081052,0.04696725711218465,1.3419216317767042,3.8714439076757916,,
54,3.321256038647343,2.5161030595813205,13.781535158346752,3.140096618357488,0.48980139559849706,71.37010198604402,0.04696725711218465,1.4626945786366077,3.8714439076757916,,
55,3.388352120236178,2.5161030595813205,13.197799248523886,3.140096618357488,1.1943102522812667,71.24261943102523,,1.4492753623188406,3.8714439076757916,,
56,3.4688674181427803,2.5161030595813205,13.197799248523886,3.052871712292002,1.1741814278046163,71.18223295759528,,1.4492753623188406,3.8714439076757916,0.08722490606548577,
57,3.4017713365539453,2.5161030595813205,12.889157273215245,11.735104669887278,0.7045088566827697,63.24476650563607,,1.5901771336553945,3.8311862587224907,0.08722490606548577,
58,3.5426731078904994,2.5161030595813205,13.841921631776705,11.728395061728396,0.7045088566827697,62.184648416532475,,1.5901771336553945,3.8043478260869565,0.08722490606548577,
59,3.1065485775630703,2.4691358024691357,13.620504562533547,11.258722490606548,0.7045088566827697,63.479602791196996,,1.4694041867954912,3.8043478260869565,0.08722490606548577,
60,2.9589371980676327,2.408749329039184,28.60305958132045,10.446859903381643,0.6843800322061192,50.046967257112186,,0.9594739667203436,3.8043478260869565,0.08722490606548577,
61,2.8381642512077296,1.865271068169619,27.3215244229737,9.057971014492754,1.0534084809447128,53.07300053676865,,0.8990874932903918,3.8043478260869565,0.08722490606548577,
62,2.9253891572732154,1.865271068169619,27.28797638217928,9.057971014492754,2.7442297369833604,50.80515297906602,,1.4224369296833066,3.8043478260869565,0.08722490606548577,
63,3.026033279656468,1.865271068169619,26.932367149758456,9.057971014492754,2.771068169618894,50.77831454643049,,1.6908212560386473,3.7909286097691894,0.08722490606548577,
64,3.1468062265163717,1.865271068169619,26.932367149758456,8.668813741277509,2.771068169618894,50.657541599570585,,1.6908212560386473,4.180085882984434,0.08722490606548577,
65,2.85829307568438,1.7847557702630166,27.395330112721417,8.668813741277509,2.3617820719269993,51.57675791733763,,1.288244766505636,3.978797638217928,0.08722490606548577,
66,2.898550724637681,1.7847557702630166,27.395330112721417,8.668813741277509,2.3617820719269993,51.53650026838432,,1.288244766505636,3.978797638217928,0.08722490606548577,
67,3.012614063338701,1.7847557702630166,27.355072463768117,8.668813741277509,2.3617820719269993,51.40230810520666,,1.3687600644122384,3.9586688137412773,0.08722490606548577,
68,3.1065485775630703,1.7847557702630166,27.314814814814813,8.668813741277509,2.3617820719269993,51.348631239935585,,1.3687600644122384,3.9586688137412773,0.08722490606548577,
69,3.260869565217391,1.7847557702630166,27.22758990874933,8.668813741277509,2.3617820719269993,51.281535158346756,,1.3687600644122384,3.9586688137412773,0.08722490606548577,
70,3.3145464304884595,1.7847557702630166,29.87788513150832,8.655394524959743,2.2946859903381642,46.2962962962963,,1.9659151905528718,5.723295759527644,0.08722490606548577,
71,3.569511540526033,1.7847557702630166,29.810789049919485,8.702361782071927,2.2946859903381642,46.10842726784756,,1.9659151905528718,5.676328502415459,0.08722490606548577,
72,3.770799785292539,1.7847557702630166,29.394793344068706,8.61513687600644,2.368491680085883,46.041331186258724,,2.3081052066559313,5.629361245303274,0.08722490606548577,
73,3.878153515834675,1.7713365539452497,29.367954911433173,8.59500805152979,2.368491680085883,45.51798174986581,,2.7844873859366612,5.629361245303274,0.08722490606548577,
74,4.025764895330113,1.7713365539452497,29.334406870638755,8.59500805152979,2.368491680085883,44.927536231884055,,3.2877079978529253,5.60252281266774,0.08722490606548577,
75,4.126409017713366,1.7713365539452497,29.052603327965645,8.923778851315083,2.368491680085883,44.37734836285561,0.14090177133655393,3.1602254428341383,5.991680085882985,0.08722490606548577,
76,4.388083735909823,1.7713365539452497,28.918411164787976,8.923778851315083,2.368491680085883,43.98148148148148,0.14090177133655393,3.44873859366613,5.971551261406334,0.08722490606548577,
77,4.314278046162104,1.7713365539452497,34.957058507783145,6.749865807836822,2.368491680085883,40.324745034889965,0.14090177133655393,3.3145464304884595,5.971551261406334,0.08722490606548577,
78,4.549114331723027,1.7713365539452497,34.95034889962426,6.736446591519055,2.368491680085883,40.11003757380569,0.14090177133655393,3.3145464304884595,5.971551261406334,0.08722490606548577,
79,4.636339237788513,1.7713365539452497,34.91009125067096,6.736446591519055,2.3349436392914655,40.103327965646805,0.14090177133655393,3.3145464304884595,5.964841653247451,0.08722490606548577,
80,4.683306494900698,1.7713365539452497,34.796027911969944,6.716317767042405,2.3349436392914655,40.103327965646805,0.14090177133655393,3.408480944712829,5.958132045088567,0.08722490606548577,
81,4.723564143853999,1.7713365539452497,34.75577026301664,6.716317767042405,2.3349436392914655,40.103327965646805,0.14090177133655393,3.408480944712829,5.958132045088567,0.08722490606548577,
82,4.8376274825550185,1.7713365539452497,34.72893183038111,6.6760601180891035,2.3349436392914655,40.06977992485239,0.1274825550187869,3.408480944712829,5.958132045088567,0.08722490606548577,
83,5.045625335480408,1.7713365539452497,35.66156736446592,6.662640901771336,2.24771873322598,39.14385399892646,0.20799785292538917,3.2139023081052067,5.958132045088567,0.08722490606548577,
84,4.951690821256038,1.7579173376274826,33.279656468062264,6.293612453032743,2.2879763821792807,42.351046698872786,0.20799785292538917,2.8247450348899625,5.958132045088567,0.08722490606548577,
85,5.072463768115942,1.7444981213097155,33.13204508856683,6.293612453032743,2.408749329039184,41.52576489533011,0.20799785292538917,2.8247450348899625,6.702898550724638,0.08722490606548577,
86,5.179817498658078,1.7444981213097155,32.84353193773484,5.978260869565218,2.408749329039184,41.48550724637681,0.7447665056360708,2.8247450348899625,6.702898550724638,0.08722490606548577,
87,4.985238862050457,1.7444981213097155,38.59366612989801,4.51556629092861,2.408749329039184,37.493290391841114,0.7447665056360708,2.757648953301127,6.66935050993022,0.08722490606548577,
88,5.059044551798175,1.6975308641975309,38.55340848094471,4.508856682769726,2.4557165861513686,37.466451959205585,0.7447665056360708,2.757648953301127,6.66935050993022,0.08722490606548577,
89,5.119431025228127,1.6975308641975309,38.51315083199141,4.508856682769726,2.5966183574879227,37.32555018786903,0.7447665056360708,2.737520128824477,6.66935050993022,0.08722490606548577,
90,5.065754159957058,1.6035963499731616,42.914653784219,4.361245303274289,2.5161030595813205,33.051529790660226,0.7447665056360708,3.33467525496511,6.320450885668277,0.08722490606548577,
91,5.119431025228127,1.6035963499731616,42.01556629092861,5.515297906602254,2.5161030595813205,33.011272141706925,0.8387010198604401,3.0193236714975846,6.273483628556092,0.08722490606548577,
92,5.059044551798175,1.6035963499731616,40.042941492216855,10.513955984970478,2.475845410628019,31.132581857219538,0.9125067096081588,3.0193236714975846,5.152979066022544,0.08722490606548577,
93,5.159688674181428,1.6035963499731616,37.446323134728935,10.466988727858293,2.475845410628019,33.72920021470746,0.8856682769726248,2.9924852388620504,5.152979066022544,0.08722490606548577,
94,5.367686527106817,1.6035963499731616,37.084004294149224,10.332796564680622,2.475845410628019,32.71604938271605,0.8856682769726248,4.314278046162104,5.132850241545894,0.08722490606548577,
95,5.542136339237788,1.6035963499731616,37.043746645195924,10.272410091250672,2.475845410628019,32.64224369296833,0.8856682769726248,4.314278046162104,5.132850241545894,0.08722490606548577,
96,5.917874396135265,1.6035963499731616,36.802200751476114,10.238862050456254,2.475845410628019,32.52818035426731,0.8856682769726248,4.327697262479871,5.132850241545894,0.08722490606548577,
97,5.9447128287707995,1.583467525496511,36.70155662909286,10.225442834138486,2.6167471819645733,32.52818035426731,0.8856682769726248,4.320987654320987,5.10601180891036,0.08722490606548577,
98,6.112453032742888,1.583467525496511,35.70182501341922,10.198604401502953,2.6167471819645733,32.25979602791197,1.3419216317767042,5.032206119162641,5.065754159957058,0.08722490606548577,
99,5.776972624798712,1.583467525496511,34.17874396135266,8.776167471819646,2.5831991411701556,36.75523349436393,1.1607622114868492,5.112721417069243,4.072732152442297,,
100,5.743424584004294,1.583467525496511,33.48094471282877,9.601449275362318,2.5831991411701556,36.66800858829844,1.1607622114868492,5.10601180891036,4.072732152442297,,
101,5.904455179817498,1.583467525496511,33.25281803542673,9.594739667203436,2.5831991411701556,36.3996242619431,1.1607622114868492,4.5893719806763285,4.931561996779388,,
102,6.125872249060655,1.583467525496511,33.17230273752013,9.574610842726784,2.5831991411701556,36.32581857219538,1.1406333870101986,4.562533548040794,4.931561996779388,,
103,6.521739130434782,1.5767579173376274,33.340042941492214,9.232420826623725,2.6301663982823404,36.11782071926999,1.1272141706924315,4.562533548040794,4.891304347826087,,
104,6.723027375201288,1.5767579173376274,33.293075684380035,9.232420826623725,2.6301663982823404,35.96349973161568,1.1272141706924315,4.562533548040794,4.891304347826087,,
105,7.024959742351046,1.556629092860977,33.15217391304348,9.205582393988191,2.6301663982823404,35.849436392914654,1.1272141706924315,4.562533548040794,4.891304347826087,,
106,7.078636607622115,1.556629092860977,32.17257112184648,8.635265700483092,2.6301663982823404,37.36580783682233,1.1272141706924315,4.555823939881911,4.87788513150832,,
107,7.185990338164252,1.556629092860977,32.139023081052066,8.628556092324208,2.6167471819645733,37.31213097155126,1.1272141706924315,4.555823939881911,4.87788513150832,,
108,7.353730542136339,1.556629092860977,32.078636607622116,8.628556092324208,2.6167471819645733,37.204777241009126,1.1272141706924315,4.555823939881911,4.87788513150832,,
109,7.514761137949543,1.556629092860977,31.99141170155663,8.548040794417606,2.6167471819645733,37.0504562533548,1.2077294685990339,4.636339237788513,4.87788513150832,,
110,7.682501341921632,1.5432098765432098,31.93773483628556,8.53462157809984,2.6167471819645733,36.963231347289316,1.2077294685990339,4.636339237788513,4.87788513150832,,
111,7.729468599033816,1.5432098765432098,31.863929146537842,8.53462157809984,2.6167471819645733,36.963231347289316,1.261406333870102,4.636339237788513,4.851046698872786,,
112,7.648953301127214,1.5432098765432098,32.99785292538916,8.507783145464305,2.5563607085346214,35.63472893183038,1.261406333870102,4.998658078368224,4.851046698872786,,
113,7.601986044015029,1.5365002683843263,35.63472893183038,8.279656468062266,2.5563607085346214,33.60842726784756,1.2010198604401503,4.7638217928073,4.817498658078368,,
114,7.300053676865271,1.5096618357487923,35.299248523886206,8.272946859903382,2.5563607085346214,34.21229200214707,1.2681159420289856,4.7638217928073,4.817498658078368,,
115,6.837090713902308,1.5096618357487923,31.28690284487386,6.816961889425658,2.7643585614600106,40.163714439076756,1.1943102522812667,4.7638217928073,4.663177670424047,,
116,6.91760601180891,1.5096618357487923,31.07890499194847,6.561996779388084,2.7643585614600106,39.070048309178745,1.1943102522812667,4.7638217928073,5.622651637144391,0.5166398282340311,
117,6.5552871712292005,0.9393451422436929,27.053140096618357,6.501610305958132,2.623456790123457,45.90713902308105,1.1741814278046163,4.49543746645196,4.240472356414386,0.5099302200751477,
118,6.608964036500268,0.9393451422436929,27.033011272141707,6.481481481481482,2.623456790123457,45.772946859903385,1.1741814278046163,4.616210413311863,4.240472356414386,0.5099302200751477,
119,6.6760601180891035,0.9393451422436929,27.01959205582394,6.481481481481482,2.623456790123457,45.7259796027912,1.1741814278046163,4.609500805152979,4.240472356414386,0.5099302200751477,
120,6.884057971014493,0.9393451422436929,26.986044015029524,6.481481481481482,2.804616210413312,45.430756843800324,1.1741814278046163,4.5960815888352125,4.193505099302201,0.5099302200751477,
121,7.065217391304348,0.9393451422436929,26.932367149758456,6.481481481481482,2.804616210413312,45.289855072463766,1.1741814278046163,4.7168545356951155,4.086151368760064,0.5099302200751477,
122,7.273215244229737,0.9393451422436929,26.89210950080515,6.481481481481482,2.791196994095545,45.13553408480945,1.1741814278046163,4.7168545356951155,4.086151368760064,0.5099302200751477,
123,7.4006977992485234,0.9393451422436929,26.88539989264627,6.474771873322598,2.791196994095545,45.04159957058508,1.1741814278046163,4.703435319377348,4.086151368760064,0.5032206119162641,
124,7.561728395061729,0.9393451422436929,26.8719806763285,6.474771873322598,2.757648953301127,44.63231347289318,1.1741814278046163,4.3545356951154055,4.750402576489533,0.4830917874396135,
125,7.689210950080516,0.9393451422436929,26.8317230273752,6.454643048845948,2.757648953301127,44.598765432098766,1.1540526033279657,4.3545356951154055,4.736983360171766,0.4830917874396135,
126,7.716049382716049,0.9393451422436929,26.643853998926463,6.414385399892646,2.9723564143853998,44.545088566827694,1.1540526033279657,4.3478260869565215,4.783950617283951,0.4830917874396135,
127,7.722758990874933,0.9393451422436929,26.516371443907676,6.414385399892646,2.9723564143853998,44.337090713902306,1.1540526033279657,4.683306494900698,4.777241009125067,0.4830917874396135,
128,7.836822329575953,0.9393451422436929,26.33521202361782,6.333870101986044,3.4957058507783145,43.86741814278046,1.1540526033279657,4.777241009125067,4.777241009125067,0.4830917874396135,
129,7.7831454643048845,0.9393451422436929,28.911701556629094,6.1929683306494905,3.3480944712828773,41.76060118089104,1.1540526033279657,4.696725711218465,4.730273752012883,0.4830917874396135,
130,7.9106280193236715,0.9393451422436929,28.28099838969404,6.179549114331723,3.240740740740741,41.02254428341385,1.1540526033279657,5.998389694041868,4.790660225442834,0.4830917874396135,
131,8.064949006977992,0.9393451422436929,28.23403113258186,6.179549114331723,3.3145464304884595,40.89506172839506,1.1540526033279657,5.9447128287707995,4.790660225442834,0.4830917874396135,
132,8.252818035426731,0.9393451422436929,28.187063875469672,6.159420289855072,3.3145464304884595,40.707192699946326,1.1540526033279657,6.011808910359635,4.790660225442834,0.4830917874396135,
133,8.460815888352121,0.9393451422436929,28.032742887815353,6.159420289855072,3.3145464304884595,40.666935050993025,1.1406333870101986,6.011808910359635,4.790660225442834,0.4830917874396135,
134,8.433977455716587,0.9393451422436929,27.65029522275899,6.9243156199677935,3.2340311325818574,40.27777777777778,1.1406333870101986,6.011808910359635,4.904723564143854,0.4830917874396135,
135,8.507783145464305,0.9393451422436929,27.569779924852387,7.226247987117552,2.9924852388620504,40.123456790123456,1.261406333870102,6.078904991948471,4.817498658078368,0.4830917874396135,
136,8.588298443370908,0.9326355340848095,27.556360708534623,7.212828770799785,2.9924852388620504,40.07648953301127,1.261406333870102,6.078904991948471,4.817498658078368,0.4830917874396135,
137,8.682232957595277,0.9326355340848095,27.49597423510467,7.199409554482019,2.985775630703167,40.063070316693505,1.261406333870102,6.078904991948471,4.817498658078368,0.4830917874396135,
138,8.80300590445518,0.9326355340848095,27.415458937198068,7.1658615136876005,2.985775630703167,39.62694578636608,1.2546967257112185,6.213097155126141,5.119431025228127,0.4830917874396135,
139,8.863392377885132,0.9326355340848095,27.053140096618357,7.1658615136876005,3.1065485775630703,39.412238325281805,1.4090177133655395,6.454643048845948,5.119431025228127,0.4830917874396135,
140,9.017713365539452,0.9326355340848095,27.03972088030059,7.1658615136876005,3.1065485775630703,39.27804616210413,1.4090177133655395,6.447933440687064,5.119431025228127,0.4830917874396135,
141,9.23913043478261,0.9326355340848095,27.01959205582394,7.125603864734299,3.0595813204508855,39.16398282340311,1.4090177133655395,6.447933440687064,5.119431025228127,0.4830917874396135,
142,9.138486312399356,0.9326355340848095,26.96591519055287,7.125603864734299,3.0595813204508855,38.89559849704777,1.4090177133655395,6.870638754696726,5.119431025228127,0.4830917874396135,
143,9.339774557165862,0.9326355340848095,26.912238325281802,7.125603864734299,3.0595813204508855,38.828502415458935,1.3955984970477724,6.8035426731078905,5.119431025228127,0.4830917874396135,
144,9.614868491680086,0.9192163177670424,26.878690284487387,7.118894256575416,3.1468062265163717,38.58024691358025,1.3955984970477724,6.743156199677939,5.119431025228127,0.4830917874396135,
145,8.829844337090714,0.9192163177670424,29.03918411164788,6.233225979602791,2.8650026838432634,39.29817498658078,0.9192163177670424,6.756575415995706,5.092592592592593,0.04696725711218465,
146,8.896940418679549,0.9192163177670424,29.126409017713364,6.219806763285024,2.8650026838432634,39.27133655394525,0.8655394524959742,6.642512077294686,5.146269457863661,0.04696725711218465,
147,8.997584541062801,0.9057971014492754,29.126409017713364,6.219806763285024,2.8650026838432634,39.08346752549651,0.8655394524959742,6.743156199677939,5.146269457863661,0.04696725711218465,
148,9.306226516371444,0.9057971014492754,28.911701556629094,6.300322061191626,2.8650026838432634,38.868760064412236,0.9460547504025765,6.702898550724638,5.146269457863661,0.04696725711218465,
149,8.648684916800859,0.9057971014492754,25.650831991411703,2.8515834675254963,2.8650026838432634,46.464036500268385,0.9460547504025765,6.561996779388084,5.072463768115942,0.03354804079441761,
150,8.735909822866345,0.8789586688137413,25.6105743424584,2.8515834675254963,2.8650026838432634,46.443907675791735,0.9460547504025765,6.561996779388084,5.072463768115942,0.03354804079441761,
151,8.84326355340848,0.8789586688137413,25.53676865271068,2.8515834675254963,2.8650026838432634,45.50456253354804,0.9460547504025765,6.561996779388084,5.978260869565218,0.03354804079441761,
152,8.876811594202898,0.8789586688137413,25.369028448738593,2.8515834675254963,2.8650026838432634,45.50456253354804,1.107085346215781,6.535158346752549,5.978260869565218,0.03354804079441761,
153,8.984165324745035,0.8789586688137413,24.778582930756844,2.831454643048846,4.4753086419753085,44.18947933440687,1.107085346215781,6.790123456790123,5.964841653247451,,
154,8.655394524959743,0.8789586688137413,23.58427267847558,8.380300590445518,3.280998389694042,41.89479334406871,1.0332796564680622,6.353998926462695,5.938003220611916,,
155,8.856682769726248,0.8789586688137413,23.403113258185723,8.380300590445518,3.280998389694042,41.30434782608695,1.2144390767579174,6.78341384863124,5.897745571658615,,
156,8.903650026838433,0.8789586688137413,23.389694041867955,8.225979602791197,3.2541599570585076,41.277509393451425,1.2144390767579174,6.823671497584541,6.031937734836285,,
157,8.930488459473967,0.8722490606548577,23.389694041867955,8.225979602791197,3.1602254428341383,41.18357487922705,1.2144390767579174,6.991411701556629,6.031937734836285,,
158,9.05126140633387,0.8722490606548577,23.282340311325818,8.21256038647343,3.475577026301664,40.82796564680623,1.2144390767579174,7.03166935050993,6.031937734836285,,
159,9.158615136876007,0.8722490606548577,23.282340311325818,8.192431561996779,3.44873859366613,40.76757917337628,1.2144390767579174,7.03166935050993,6.031937734836285,,
160,9.561191626409018,0.8722490606548577,23.087761674718198,8.192431561996779,3.44873859366613,40.60654857756307,1.1674718196457328,7.085346215780999,5.978260869565218,,
161,9.655126140633387,0.8454106280193237,22.31615673644659,8.93719806763285,3.4017713365539453,39.85507246376812,1.133923778851315,7.434245840042942,6.421095008051529,,
162,9.433709071390231,0.8454106280193237,22.054482018250134,9.433709071390231,3.3682232957595275,39.660493827160494,1.133923778851315,7.709339774557166,6.360708534621578,,
163,9.500805152979066,0.8454106280193237,22.04777241009125,9.306226516371444,3.3682232957595275,39.58668813741278,1.133923778851315,7.709339774557166,6.501610305958132,,
164,9.588030059044552,0.8454106280193237,21.85990338164251,9.306226516371444,3.3682232957595275,39.53301127214171,1.2748255501878691,7.75630703166935,6.468062265163715,,
165,9.534353193773484,0.8454106280193237,21.611647879763822,9.286097691894794,4.019055287171229,38.49302200751476,1.2748255501878691,7.890499194847021,7.0450885668276975,,
166,9.574610842726784,0.8454106280193237,21.26274825550188,9.192163177670425,4.274020397208803,38.177670424047236,1.2748255501878691,7.7898550724637685,7.608695652173913,,
167,9.480676328502415,0.8454106280193237,23.047504025764894,8.715780998389693,3.824476650563607,37.70799785292539,1.2748255501878691,7.501341921631776,7.601986044015029,,
168,9.621578099838969,0.8252818035426731,22.987117552334944,8.621846484165324,3.824476650563607,37.7012882447665,1.2748255501878691,7.541599570585078,7.601986044015029,,
169,9.849704777241008,0.8252818035426731,22.946859903381643,8.59500805152979,3.824476650563607,37.553676865271065,1.2748255501878691,7.541599570585078,7.588566827697263,,
170,9.957058507783145,0.8252818035426731,22.920021470746107,8.59500805152979,3.824476650563607,37.473161567364464,1.2748255501878691,7.541599570585078,7.588566827697263,,
171,10.017444981213098,0.8118625872249061,22.920021470746107,8.59500805152979,3.824476650563607,37.42619431025228,1.2748255501878691,7.541599570585078,7.588566827697263,,
172,10.23215244229737,0.8118625872249061,22.893183038110575,8.581588835212024,3.7775093934514223,37.2987117552335,1.2748255501878691,7.541599570585078,7.588566827697263,,
173,10.111379495437467,0.798443370907139,24.040526033279658,8.091787439613526,3.7037037037037037,36.862587224906065,1.2748255501878691,7.5281803542673105,7.588566827697263,,
174,10.285829307568438,0.798443370907139,23.906333870101985,8.091787439613526,3.7037037037037037,36.67471819645733,1.2748255501878691,7.702630166398282,7.561728395061729,,
175,9.88996242619431,0.6239935587761675,22.302737520128826,9.158615136876007,3.408480944712829,38.66747181964573,1.2748255501878691,7.6623725174449815,7.011540526033279,,
176,9.762479871175524,0.6239935587761675,22.23564143853999,9.158615136876007,3.408480944712829,36.91626409017714,1.2748255501878691,7.628824476650563,8.99087493290392,,
177,9.863123993558776,0.6239935587761675,22.228931830381107,9.158615136876007,3.408480944712829,36.83574879227053,1.2748255501878691,7.62211486849168,8.984165324745035,,
178,10.00402576489533,0.6239935587761675,22.705314009661837,9.057971014492754,3.0394524959742353,36.782071926999464,1.2748255501878691,7.568438003220612,8.943907675791733,,
179,10.091250670960816,0.6776704240472357,22.665056360708533,9.057971014492754,3.0394524959742353,36.68142780461621,1.2748255501878691,7.568438003220612,8.943907675791733,,
180,9.849704777241008,0.6776704240472357,22.38996242619431,9.057971014492754,3.026033279656468,36.12453032742888,1.1003757380568975,7.407407407407407,10.36634460547504,,
181,10.084541062801932,0.6776704240472357,22.38996242619431,9.03113258185722,3.026033279656468,35.95679012345679,1.1003757380568975,7.367149758454106,10.36634460547504,,
182,10.131508319914117,0.6776704240472357,22.38996242619431,9.004294149221685,3.1333870101986045,35.547504025764894,1.1003757380568975,7.648953301127214,10.36634460547504,,
183,10.171765968867419,0.6776704240472357,22.33628556092324,9.004294149221685,3.294417606011809,35.44685990338164,1.1003757380568975,7.601986044015029,10.36634460547504,,
184,10.104669887278583,0.6776704240472357,22.98040794417606,8.950617283950617,3.294417606011809,35.31266774020397,1.1003757380568975,7.575147611379496,10.00402576489533,,
185,10.151637144390767,0.6776704240472357,22.920021470746107,8.93719806763285,3.294417606011809,35.0979602791197,1.1003757380568975,7.830112721417069,9.990606548577563,,
186,10.339506172839506,0.6776704240472357,22.893183038110575,8.923778851315083,3.294417606011809,34.84970477724101,1.1003757380568975,7.944176060118089,9.977187332259795,,
187,10.587761674718196,0.6776704240472357,22.685185185185187,8.923778851315083,3.207192699946323,34.84299516908212,1.1003757380568975,7.944176060118089,10.030864197530864,,
188,10.775630703166936,0.6776704240472357,22.67176596886742,8.923778851315083,3.3682232957595275,34.594739667203434,1.0735373054213635,7.897208803005904,10.017444981213098,,
189,10.86285560923242,0.6776704240472357,22.65834675254965,8.917069243156199,3.3682232957595275,34.54106280193237,1.0735373054213635,7.897208803005904,10.00402576489533,,
190,10.963499731615673,0.6776704240472357,22.638217928073,8.917069243156199,3.435319377348363,34.46054750402576,1.0735373054213635,7.830112721417069,10.00402576489533,,
191,11.064143853998926,0.6709608158883521,22.591250670960815,8.917069243156199,3.435319377348363,34.41358024691358,1.0735373054213635,7.830112721417069,10.00402576489533,,
192,11.198336017176597,0.644122383252818,22.564412238325282,8.454106280193237,3.435319377348363,34.333064949006975,1.0735373054213635,7.830112721417069,10.466988727858293,,
193,11.292270531400966,0.644122383252818,22.510735373054214,8.433977455716587,3.435319377348363,34.13848631239936,1.0735373054213635,8.017981749865807,10.453569511540525,,
194,11.312399355877616,0.644122383252818,22.510735373054214,8.601717659688674,3.435319377348363,34.05126140633387,1.0735373054213635,8.07836822329576,10.292538915727322,,
195,11.493558776167472,0.644122383252818,22.363123993558776,8.709071390230811,3.3682232957595275,33.9975845410628,1.0735373054213635,8.064949006977992,10.285829307568438,,
196,11.721685453569512,0.644122383252818,22.269189479334408,8.68894256575416,3.3548040794417604,33.52791196994095,1.0601180891035964,8.454106280193237,10.279119699409554,,
197,11.782071926999464,0.644122383252818,22.168545356951153,8.68894256575416,3.3548040794417604,33.44739667203435,1.0601180891035964,8.57487922705314,10.279119699409554,,
198,10.513955984970478,0.06709608158883522,19.424315619967793,7.96430488459474,2.918679549114332,40.324745034889965,1.0064412238325282,8.024691358024691,9.75577026301664,,
199,10.560923242082662,0.06709608158883522,19.350509930220074,7.950885668276973,2.9052603327965647,40.324745034889965,1.0064412238325282,8.004562533548041,9.75577026301664,0.07380568974771873,
200,10.68840579710145,0.06709608158883522,19.290123456790123,7.937466451959206,2.9052603327965647,40.22410091250671,1.0064412238325282,8.105206655931294,9.702093397745571,0.07380568974771873,
201,10.815888352120236,0.06709608158883522,19.0955448201825,7.930756843800322,2.9052603327965647,40.163714439076756,1.0064412238325282,8.239398819108963,9.702093397745571,0.07380568974771873,
202,10.95679012345679,0.06709608158883522,19.0552871712292,7.9106280193236715,2.985775630703167,39.82823403113258,1.0064412238325282,8.252818035426731,9.863123993558776,0.07380568974771873,
203,11.017176596886742,0.06709608158883522,19.0552871712292,7.9106280193236715,2.985775630703167,39.76784755770263,1.0064412238325282,8.340042941492216,9.77589908749329,0.07380568974771873,
204,11.20504562533548,0.06709608158883522,19.0150295222759,7.9106280193236715,3.1333870101986045,39.56655931293612,1.0064412238325282,8.272946859903382,9.762479871175524,0.06038647342995169,
205,11.252012882447666,0.06709608158883522,18.98148148148148,7.9106280193236715,3.1333870101986045,39.55314009661836,1.0064412238325282,8.272946859903382,9.762479871175524,0.06038647342995169,
206,10.856146001073537,0.06709608158883522,18.35077831454643,10.258990874932904,3.113258185721954,38.66747181964573,1.0064412238325282,7.863660762211487,9.75577026301664,0.06038647342995169,
207,11.037305421363392,0.06709608158883522,18.592324208266238,10.225442834138486,3.0730005367686526,38.58695652173913,1.0466988727858293,7.588566827697263,9.722222222222221,0.06038647342995169,
208,11.18491680085883,0.06709608158883522,18.431293612453032,10.131508319914117,3.066290928609769,38.539989264626946,1.0265700483091786,7.64224369296833,9.71551261406334,0.19457863660762212,
209,11.030595813204508,0.06709608158883522,19.83360171765969,9.997316156736447,3.079710144927536,37.66774020397209,0.9997316156736447,7.494632313472893,9.634997316156737,0.19457863660762212,
210,11.117820719269995,0.06709608158883522,19.806763285024154,9.997316156736447,3.079710144927536,37.513419216317764,0.9997316156736447,7.588566827697263,9.634997316156737,0.19457863660762212,
211,11.084272678475577,0.06709608158883522,18.4044551798175,11.574074074074074,3.079710144927536,37.39264626945786,0.9997316156736447,7.561728395061729,9.534353193773484,0.30193236714975846,
212,10.909822866344605,0.06709608158883522,17.954911433172303,13.479602791196994,3.052871712292002,36.68142780461621,0.8856682769726248,7.25979602791197,9.406870638754697,0.30193236714975846,
213,11.117820719269995,0.06709608158883522,17.867686527106816,13.479602791196994,3.0327428878153517,36.50697799248524,0.9863123993558777,7.25979602791197,9.380032206119163,0.30193236714975846,
214,11.258722490606548,0.06709608158883522,17.860976918947934,13.45276435856146,3.0327428878153517,36.43317230273752,0.9863123993558777,7.253086419753086,9.353193773483628,0.30193236714975846,
215,11.238593666129898,0.06709608158883522,17.820719269994633,13.45276435856146,3.0327428878153517,35.96349973161568,0.9863123993558777,7.239667203435319,9.896672034353195,0.30193236714975846,
216,11.332528180354267,0.06709608158883522,17.820719269994633,13.45276435856146,3.0327428878153517,35.92324208266237,0.9863123993558777,7.206119162640902,9.876543209876543,0.30193236714975846,
217,11.473429951690822,0.06709608158883522,17.800590445517983,13.41250670960816,3.0327428878153517,35.61460010735373,0.9863123993558777,7.232957595276436,10.077831454643048,0.30193236714975846,
218,11.668008588298443,0.06709608158883522,17.713365539452496,13.378958668813741,3.0327428878153517,35.581052066559316,0.9863123993558777,7.219538378958669,10.050993022007514,0.30193236714975846,
219,11.654589371980677,0.06709608158883522,17.3040794417606,14.110305958132045,3.0327428878153517,35.43344068706388,0.9728931830381106,7.219538378958669,9.903381642512077,0.30193236714975846,
220,11.688137412775093,0.06709608158883522,17.3040794417606,13.895598497047773,3.3279656468062266,35.20531400966183,0.9728931830381106,7.226247987117552,10.010735373054214,0.30193236714975846,
221,11.936392914653783,0.06709608158883522,17.277241009125067,13.747987117552334,3.3279656468062266,35.178475577026305,0.9393451422436929,7.212828770799785,10.010735373054214,0.30193236714975846,
222,12.110842726784755,0.06709608158883522,17.250402576489535,13.734567901234568,3.797638217928073,34.80944712828771,0.8454106280193237,7.071926999463232,10.010735373054214,0.30193236714975846,
223,12.204777241009126,0.06709608158883522,17.14975845410628,13.694310252281268,3.784219001610306,34.72893183038111,0.8454106280193237,7.132313472893183,10.091250670960816,0.30193236714975846,
224,12.406065485775631,0.06709608158883522,16.99543746645196,13.694310252281268,3.7775093934514223,34.64170692431562,0.8319914117015567,7.118894256575416,10.165056360708535,0.30193236714975846,
225,12.157809983896941,0.06709608158883522,19.585346215780998,13.58695652173913,3.6366076221148687,34.13848631239936,0.7447665056360708,6.427804616210413,9.353193773483628,0.30193236714975846,
226,12.258454106280194,0.06709608158883522,19.558507783145465,13.573537305421363,3.6366076221148687,34.07809983896941,0.7447665056360708,6.427804616210413,9.353193773483628,0.30193236714975846,
