,45,50,53,51,55,52,56,54,57
0,100.0,,,,,,,,
1,79.13311862587224,20.86688137412775,,,,,,,
2,73.64465915190553,26.35534084809447,,,,,,,
3,71.13526570048309,28.864734299516908,,,,,,,
4,71.30971551261406,28.690284487385938,,,,,,,
5,71.22920021470746,28.77079978529254,,,,,,,
6,71.46403650026838,28.535963499731615,,,,,,,
7,71.544551798175,28.455448201825014,,,,,,,
8,71.60493827160494,28.395061728395063,,,,,,,
9,71.89345142243693,28.10654857756307,,,,,,,
10,70.84004294149221,29.159957058507782,,,,,,,
11,67.68652710681697,30.099302200751477,2.214170692431562,,,,,,
12,67.76704240472357,30.018786902844873,2.214170692431562,,,,,,
13,67.90123456790124,29.884594739667204,2.214170692431562,,,,,,
14,67.77375201288245,29.66988727858293,2.214170692431562,0.3421900161030596,,,,,
15,62.40606548577563,34.916800858829845,2.214170692431562,0.3421900161030596,0.12077294685990338,,,,
16,62.21819645732689,30.823939881910896,0.8990874932903918,5.938003220611916,0.12077294685990338,,,,
17,56.072195383789584,36.97665056360709,0.8990874932903918,5.931293612453032,0.12077294685990338,,,,
18,53.193773483628554,38.08373590982286,0.6105743424584005,4.64975845410628,1.6438539989264627,1.596886741814278,0.2214170692431562,,
19,53.20048309178744,38.20450885668277,0.6105743424584005,4.53569511540526,1.6304347826086956,1.596886741814278,0.2214170692431562,,
20,53.44202898550725,38.036768652710684,0.6105743424584005,4.461889425657541,1.6304347826086956,1.596886741814278,0.2214170692431562,,
21,53.48228663446055,36.943102522812666,0.5971551261406334,5.495169082125604,1.7042404723564144,1.556629092860977,0.2214170692431562,,
22,53.455448201825014,36.9699409554482,0.5971551261406334,5.495169082125604,1.7042404723564144,1.556629092860977,0.2214170692431562,,
23,53.81105743424584,36.70155662909286,0.5971551261406334,5.428073000536768,1.6841116478797638,1.556629092860977,0.2214170692431562,,
24,51.308373590982285,37.15780998389694,0.5971551261406334,4.74369296833065,1.6572732152442298,4.341116478797638,0.19457863660762212,,
25,50.88566827697262,34.554482018250134,0.5971551261406334,7.776435856146001,1.5901771336553945,4.40150295222759,0.19457863660762212,,
26,47.18867418142781,38.459473966720346,0.5971551261406334,7.675791733762749,1.5901771336553945,4.294149221685454,0.19457863660762212,,
27,47.336285560923244,38.217928073000536,0.5971551261406334,7.675791733762749,1.5901771336553945,4.388083735909823,0.19457863660762212,,
28,36.86929683306495,50.47638217928073,0.5971551261406334,5.884326355340848,1.5901771336553945,4.388083735909823,0.19457863660762212,,
29,29.676596886741816,57.789855072463766,0.5971551261406334,5.837359098228664,1.5633387010198605,4.341116478797638,0.19457863660762212,,
30,29.924852388620504,57.62211486849168,0.5971551261406334,5.803811057434245,1.5633387010198605,4.294149221685454,0.19457863660762212,,
31,30.005367686527105,54.05931293612453,0.7380568974771873,5.776972624798712,1.6975308641975309,7.5281803542673105,0.19457863660762212,,
32,29.455179817498657,53.34809447128288,0.7380568974771873,7.004830917874396,1.6975308641975309,7.440955448201825,0.19457863660762212,0.12077294685990338,
33,30.04562533548041,52.361782071927,0.7380568974771873,6.884057971014493,1.6975308641975309,7.4006977992485234,0.19457863660762212,0.6776704240472357,
34,30.18652710681696,52.261137949543745,0.7380568974771873,6.843800322061192,1.6975308641975309,7.4006977992485234,0.19457863660762212,0.6776704240472357,
35,29.314278046162105,53.166935050993025,0.7246376811594203,6.763285024154589,1.6975308641975309,7.380568974771873,0.27509393451422437,0.6776704240472357,
36,29.87788513150832,52.871712292002144,0.7246376811594203,6.763285024154589,1.6841116478797638,7.152442297369833,0.27509393451422437,0.6508319914117016,
37,30.56226516371444,52.54965110037574,0.7246376811594203,6.400966183574879,1.6841116478797638,7.152442297369833,0.27509393451422437,0.6508319914117016,
38,30.703166935050994,52.29468599033817,0.9997316156736447,6.380837359098229,1.8384326355340848,6.857219538378959,0.27509393451422437,0.6508319914117016,
39,30.870907139023082,49.946323134728935,1.0802469135802468,6.286902844873859,1.8115942028985508,9.078099838969404,0.27509393451422437,0.6508319914117016,
40,30.891035963499732,50.0402576489533,1.0802469135802468,6.266774020397209,1.8115942028985508,8.984165324745035,0.27509393451422437,0.6508319914117016,
41,31.199677938808374,49.88593666129898,1.0802469135802468,6.266774020397209,1.7914653784219001,8.849973161567364,0.27509393451422437,0.6508319914117016,
42,31.682769726247987,49.563875469672574,1.0802469135802468,6.239935587761675,1.7914653784219001,8.715780998389693,0.27509393451422437,0.6508319914117016,
43,31.95786366076221,49.3894256575416,1.0466988727858293,6.213097155126141,1.7914653784219001,8.675523349436393,0.27509393451422437,0.6508319914117016,
44,32.038378958668815,49.14117015566291,1.1876006441223832,6.1862587224906065,1.710950080515298,8.662104133118627,0.27509393451422437,0.798443370907139,
45,32.59527643585615,48.691626409017715,1.1876006441223832,6.112453032742888,1.710950080515298,8.628556092324208,0.27509393451422437,0.798443370907139,
46,33.091787439613526,48.31588835212023,1.1876006441223832,6.078904991948471,1.710950080515298,8.541331186258722,0.27509393451422437,0.798443370907139,
47,33.43397745571659,48.01395598497048,1.1876006441223832,6.0587761674718195,1.710950080515298,8.521202361782072,0.27509393451422437,0.798443370907139,
48,33.12533548040794,46.4573268921095,1.1607622114868492,6.045356951154052,1.6572732152442298,10.48040794417606,0.27509393451422437,0.798443370907139,
49,33.61513687600644,46.041331186258724,1.1607622114868492,6.011808910359635,1.6572732152442298,10.44015029522276,0.27509393451422437,0.798443370907139,
50,31.796833064949006,50.758185721953836,1.0534084809447128,5.481749865807837,1.583467525496511,8.21256038647343,0.2549651100375738,0.8588298443370908,
51,30.60252281266774,47.30944712828771,4.549114331723027,5.12614063338701,1.7310789049919484,9.594739667203436,0.2549651100375738,0.8319914117015567,
52,31.03864734299517,47.00751476113795,4.455179817498658,5.12614063338701,1.7310789049919484,9.567901234567902,0.2549651100375738,0.8185721953837896,
53,30.54213633923779,46.69887278582931,4.408212560386473,3.361513687600644,0.5568974771873323,13.439345142243694,0.2549651100375738,0.7380568974771873,
54,30.96484165324745,45.97423510466989,4.294149221685454,3.361513687600644,1.0131508319914118,13.264895330112722,0.38915727321524424,0.7380568974771873,
55,30.837359098228664,43.16961889425657,4.280730005367687,3.4688674181427803,0.9997316156736447,16.1231884057971,0.38915727321524424,0.7313472893183038,
56,31.313741277509394,42.66639828234031,4.280730005367687,3.4688674181427803,1.107085346215781,16.0426731078905,0.38915727321524424,0.7313472893183038,
57,31.427804616210413,42.45840042941492,4.26731078904992,3.616478797638218,1.107085346215781,16.002415458937197,0.38915727321524424,0.7313472893183038,
58,32.00483091787439,42.290660225442835,4.253891572732153,3.535963499731616,1.107085346215781,15.687063875469672,0.38915727321524424,0.7313472893183038,
59,31.34728931830381,41.29092860976919,4.200214707461084,3.502415458937198,1.107085346215781,17.465110037573805,0.3824476650563607,0.7045088566827697,
60,31.830381105743424,40.92190016103059,4.17337627482555,3.488996242619431,1.2546967257112185,17.357756307031668,0.3824476650563607,0.5904455179817498,
61,32.17257112184648,40.74074074074074,4.17337627482555,3.488996242619431,1.2546967257112185,17.196725711218466,0.3824476650563607,0.5904455179817498,
62,32.347020933977454,40.653515834675254,4.139828234031133,3.488996242619431,1.247987117552335,17.14975845410628,0.3824476650563607,0.5904455179817498,
63,32.6556629092861,40.4723564143854,4.066022544283414,3.488996242619431,1.328502415458937,17.01556629092861,0.3824476650563607,0.5904455179817498,
64,33.13875469672571,39.97584541062802,4.066022544283414,3.4822866344605474,1.4962426194310252,16.867954911433173,0.3824476650563607,0.5904455179817498,
65,33.01798174986581,39.680622651637144,4.066022544283414,3.9519592055823938,1.4962426194310252,16.814278046162105,0.3824476650563607,0.5904455179817498,
66,33.467525496511,39.09688674181428,4.019055287171229,3.938539989264627,1.737788513150832,16.76731078904992,0.3824476650563607,0.5904455179817498,
67,33.52120236178207,39.02308105206656,4.119699409554482,3.938539989264627,2.0397208803005906,16.25067096081589,0.5166398282340311,0.5904455179817498,
68,33.62855609232421,38.12399355877617,4.193505099302201,5.300590445517981,1.583467525496511,16.06280193236715,0.5166398282340311,0.5904455179817498,
69,33.903650026838434,38.09044551798175,4.17337627482555,5.300590445517981,1.583467525496511,15.868223295759528,0.5166398282340311,0.5636070853462157,
70,34.09822866344606,37.9092860976919,4.106280193236715,5.273752012882448,1.6975308641975309,15.83467525496511,0.5166398282340311,0.5636070853462157,
71,34.272678475577024,37.9495437466452,4.0995705850778315,5.260332796564681,1.6975308641975309,15.646806226516372,0.5099302200751477,0.5636070853462157,
72,34.58132045088567,37.80193236714976,4.0995705850778315,5.260332796564681,1.6505636070853462,15.53274288781535,0.5099302200751477,0.5636070853462157,
73,34.98389694041868,37.506709608158886,4.0995705850778315,5.2066559312936125,1.7042404723564144,15.425389157273216,0.5099302200751477,0.5636070853462157,
74,34.5679012345679,36.99006977992485,4.086151368760064,6.152710681696189,1.8115942028985508,15.331454643048845,0.49651100375738055,0.5636070853462157,
75,34.78931830381106,36.862587224906065,4.052603327965647,6.152710681696189,1.8115942028985508,15.277777777777779,0.49651100375738055,0.5568974771873323,
76,35.017444981213096,36.808910359635,4.092860976918948,6.025228126677402,1.8048845947396672,15.217391304347826,0.49651100375738055,0.5367686527106817,
77,34.306226516371446,35.44015029522276,4.066022544283414,5.964841653247451,1.7981749865807837,17.411433172302736,0.47638217928073,0.5367686527106817,
78,34.534353193773484,35.40660225442834,4.066022544283414,5.924584004294149,1.7310789049919484,17.324208266237253,0.47638217928073,0.5367686527106817,
79,34.66854535695116,35.218733225979605,4.193505099302201,5.924584004294149,1.7042404723564144,17.122920021470748,0.47638217928073,0.6910896403650026,
80,34.896672034353195,35.11137949543747,4.193505099302201,5.864197530864198,1.7042404723564144,17.062533548040793,0.47638217928073,0.6910896403650026,
81,35.13150831991412,34.94363929146538,4.186795491143317,5.864197530864198,1.7042404723564144,17.002147074610843,0.47638217928073,0.6910896403650026,
82,35.52066559312936,34.715512614063336,4.139828234031133,5.850778314546431,1.7042404723564144,16.935050993022006,0.46296296296296297,0.6709608158883521,
83,35.90311325818572,34.49409554482018,4.119699409554482,5.8239398819108965,1.7042404723564144,16.820987654320987,0.46296296296296297,0.6709608158883521,
84,35.82259796027912,34.326355340848096,4.119699409554482,6.146001073537305,1.6774020397208802,16.774020397208805,0.46296296296296297,0.6709608158883521,
85,36.05743424584004,34.13848631239936,4.119699409554482,6.011808910359635,1.8048845947396672,16.7337627482555,0.46296296296296297,0.6709608158883521,
86,35.929951690821255,32.44095544820183,6.112453032742888,6.011808910359635,1.7042404723564144,16.666666666666668,0.46296296296296297,0.6709608158883521,
87,36.05072463768116,32.427536231884055,6.099033816425121,6.011808910359635,1.7042404723564144,16.5727321524423,0.46296296296296297,0.6709608158883521,
88,36.2788513150832,32.29334406870639,6.078904991948471,5.978260869565218,1.6841116478797638,16.586151368760063,0.43612453032742887,0.6642512077294686,
89,36.493558776167475,32.038378958668815,6.246645195920558,5.938003220611916,1.6774020397208802,16.505636070853463,0.43612453032742887,0.6642512077294686,
90,36.67471819645733,31.850509930220074,6.166129898013956,5.810520665593129,1.6774020397208802,16.63311862587225,0.4294149221685454,0.7581857219538379,
91,36.89613526570049,31.810252281266774,6.0587761674718195,5.736714975845411,1.6774020397208802,16.63311862587225,0.4294149221685454,0.7581857219538379,
92,37.245034889962426,31.655931293612454,5.958132045088567,5.709876543209877,1.6774020397208802,16.566022544283413,0.4294149221685454,0.7581857219538379,
93,37.36580783682233,31.528448738593667,5.891035963499732,5.864197530864198,1.6639828234031133,16.525764895330113,0.4025764895330113,0.7581857219538379,
94,37.5,31.159420289855074,5.891035963499732,5.864197530864198,1.9592055823939882,16.465378421900162,0.4025764895330113,0.7581857219538379,
95,37.506709608158886,30.48845947396672,5.891035963499732,6.6760601180891035,1.9592055823939882,16.317767042404725,0.4025764895330113,0.7581857219538379,
96,35.950080515297905,29.066022544283413,5.810520665593129,12.848899624261943,1.9592055823939882,13.33870101986044,0.4025764895330113,0.6239935587761675,
97,36.06414385399893,28.784219001610307,5.763553408480945,12.815351583467525,1.9390767579173376,13.331991411701557,0.4025764895330113,0.8990874932903918,
98,36.54723564143854,28.65673644659152,5.750134192163178,12.607353730542137,1.9122383252818036,13.22463768115942,0.4025764895330113,0.8990874932903918,
99,36.3191089640365,29.012345679012345,5.743424584004294,12.587224906065487,1.9122383252818036,13.130703166935051,0.4025764895330113,0.8923778851315083,
100,36.45330112721417,28.891572732152444,5.743424584004294,12.607353730542137,1.9122383252818036,13.103864734299517,0.39586688137412773,0.8923778851315083,
101,36.72168545356951,28.824476650563607,5.689747718733226,12.52012882447665,1.9122383252818036,12.93612453032743,0.5032206119162641,0.8923778851315083,
102,36.79549114331723,28.61647879763822,5.998389694041868,12.453032742887816,1.90552871712292,12.835480407944177,0.5032206119162641,0.8923778851315083,
103,37.104133118625874,28.247450348899623,5.964841653247451,12.426194310252281,2.0128824476650564,12.5402576489533,0.5032206119162641,0.8789586688137413,0.322061191626409
104,37.33225979602791,28.012614063338702,5.964841653247451,12.426194310252281,2.13365539452496,12.426194310252281,0.5032206119162641,0.8789586688137413,0.322061191626409
105,37.52012882447665,27.985775630703166,5.9514224369296835,12.365807836822329,2.1068169618894257,12.372517444981213,0.5032206119162641,0.8722490606548577,0.322061191626409
106,37.775093934514224,27.891841116478798,5.938003220611916,12.318840579710145,2.0665593129361244,12.345679012345679,0.46967257112184646,0.8722490606548577,0.322061191626409
107,38.0703166935051,27.730810520665592,5.938003220611916,12.298711755233494,2.0665593129361244,12.25174449812131,0.46967257112184646,0.8588298443370908,0.3153515834675255
108,38.39237788513151,27.563070316693505,5.850778314546431,12.278582930756844,2.033011272141707,12.238325281803542,0.46967257112184646,0.8588298443370908,0.3153515834675255
109,38.727858293075684,27.449006977992486,5.8172302737520125,12.13768115942029,2.033011272141707,12.191358024691358,0.46967257112184646,0.8588298443370908,0.3153515834675255
110,39.08346752549651,27.314814814814813,5.723295759527644,12.084004294149223,2.033011272141707,12.164519592055823,0.46967257112184646,0.8118625872249061,0.3153515834675255
111,39.371980676328505,27.274557165861513,5.703166935050993,11.889425657541599,2.033011272141707,12.130971551261407,0.46967257112184646,0.8118625872249061,0.3153515834675255
112,39.62023617820719,27.220880300590444,5.656199677938808,11.83574879227053,1.9592055823939882,12.124261943102523,0.46967257112184646,0.798443370907139,0.3153515834675255
113,39.24449812130972,25.43612453032743,5.656199677938808,11.79549114331723,4.2203435319377345,12.084004294149223,0.46967257112184646,0.7783145464304885,0.3153515834675255
114,39.398819108964034,25.32206119162641,5.649490069779925,11.782071926999464,4.213633923778851,12.070585077831455,0.46967257112184646,0.7783145464304885,0.3153515834675255
115,38.848631239935585,23.906333870101985,8.668813741277509,11.701556629092861,4.025764895330113,11.285560923242082,0.46967257112184646,0.7783145464304885,0.3153515834675255
116,39.04320987654321,23.866076221148685,8.628556092324208,11.701556629092861,4.045893719806763,11.151368760064413,0.46967257112184646,0.7783145464304885,0.3153515834675255
117,39.150563607085346,23.839237788513152,8.561460010735374,11.634460547504025,4.159957058507783,11.09098228663446,0.46967257112184646,0.7783145464304885,0.3153515834675255
118,39.24449812130972,23.79898013955985,8.53462157809984,11.627750939345143,4.159957058507783,11.07085346215781,0.46967257112184646,0.7783145464304885,0.3153515834675255
119,39.47933440687064,23.738593666129898,8.447396672034353,11.58749329039184,4.159957058507783,11.023886205045626,0.46967257112184646,0.7783145464304885,0.3153515834675255
120,39.23778851315083,23.235373054213635,8.433977455716587,11.533816425120772,4.1532474503489,11.044015029522276,0.46967257112184646,1.5767579173376274,0.3153515834675255
121,38.34541062801932,23.11460010735373,8.380300590445518,11.245303274288782,3.844605475040258,12.70799785292539,0.46967257112184646,1.5767579173376274,0.3153515834675255
122,32.92404723564144,21.182232957595275,8.038110574342458,18.337359098228664,3.6366076221148687,13.607085346215781,0.46967257112184646,1.4895330112721417,0.3153515834675255
123,33.04482018250134,21.061460010735374,7.971014492753623,18.203166935050994,3.6366076221148687,13.841921631776705,0.46967257112184646,1.4559849704777241,0.3153515834675255
124,32.85024154589372,20.75281803542673,7.266505636070853,20.725979602791195,3.6097691894793345,12.640901771336553,0.3824476650563607,1.4559849704777241,0.3153515834675255
125,32.30005367686527,19.652442297369834,8.809715512614064,22.805958132045088,3.515834675254965,10.782340311325818,0.3824476650563607,1.4358561460010735,0.3153515834675255
126,32.407407407407405,19.49812130971551,8.675523349436393,22.208803005904453,3.4957058507783145,10.674986580783683,0.322061191626409,2.4020397208803006,0.3153515834675255
127,32.78314546430489,19.330381105743424,8.635265700483092,22.114868491680085,3.4822866344605474,10.648148148148149,0.322061191626409,2.368491680085883,0.3153515834675255
128,29.367954911433173,16.344605475040257,4.408212560386473,38.16425120772947,0.9930220075147611,7.9106280193236715,0.1274825550187869,2.368491680085883,0.3153515834675255
129,28.864734299516908,16.11647879763822,4.294149221685454,39.2914653784219,1.1137949543746646,7.50805152979066,0.1274825550187869,2.368491680085883,0.3153515834675255
130,29.106280193236714,16.076221148684915,4.253891572732153,39.08346752549651,1.1137949543746646,7.474503488996243,0.20799785292538917,2.368491680085883,0.3153515834675255
131,29.341116478797638,15.995705850778315,4.341116478797638,38.888888888888886,1.1137949543746646,7.440955448201825,0.20799785292538917,2.3550724637681157,0.3153515834675255
132,29.736983360171767,15.982286634460548,4.280730005367687,38.687600644122384,1.1137949543746646,7.320182501341922,0.20799785292538917,2.3550724637681157,0.3153515834675255
133,30.099302200751477,15.881642512077295,4.367954911433173,38.499731615673646,1.1137949543746646,7.2933440687063875,0.20799785292538917,2.2208803005904456,0.3153515834675255
134,30.414653784219002,15.83467525496511,4.3478260869565215,38.27831454643049,1.1137949543746646,7.266505636070853,0.20799785292538917,2.2208803005904456,0.3153515834675255
135,30.9447128287708,15.754159957058508,4.320987654320987,37.855609232420825,1.1137949543746646,7.266505636070853,0.20799785292538917,2.2208803005904456,0.3153515834675255
136,31.159420289855074,15.673644659151906,4.320987654320987,37.734836285560924,1.1137949543746646,7.25979602791197,0.20799785292538917,2.214170692431562,0.3153515834675255
137,31.407675791733762,15.619967793880837,4.240472356414386,37.64761137949544,1.1137949543746646,7.232957595276436,0.20799785292538917,2.214170692431562,0.3153515834675255
138,31.05877616747182,15.250939345142244,4.213633923778851,38.459473966720346,1.1137949543746646,7.185990338164252,0.20799785292538917,2.1940418679549114,0.3153515834675255
139,31.394256575415994,15.163714439076758,4.200214707461084,38.2313472893183,1.1137949543746646,7.179280730005368,0.20799785292538917,2.1940418679549114,0.3153515834675255
140,31.488191089640367,15.063070316693505,4.213633923778851,38.20450885668277,1.1137949543746646,7.199409554482019,0.20799785292538917,2.1940418679549114,0.3153515834675255
141,31.5150295222759,14.955716586151368,4.562533548040794,37.855609232420825,1.1137949543746646,6.991411701556629,0.20799785292538917,2.4825550187869028,0.3153515834675255
142,31.850509930220074,14.74771873322598,4.542404723564144,37.775093934514224,1.1137949543746646,6.971282877079979,0.20799785292538917,2.475845410628019,0.3153515834675255
143,32.00483091787439,14.727589908749328,4.528985507246377,37.68786902844874,1.1137949543746646,6.937734836285561,0.20799785292538917,2.475845410628019,0.3153515834675255
144,32.19269994632314,14.687332259796028,4.528985507246377,37.5402576489533,1.1137949543746646,6.937734836285561,0.20799785292538917,2.475845410628019,0.3153515834675255
145,30.575684380032207,13.70101986044015,4.1129898013955986,42.008856682769725,1.0198604401502953,5.8172302737520125,0.5971551261406334,1.8518518518518519,0.3153515834675255
146,30.790391841116477,13.674181427804616,4.1129898013955986,41.49892646269458,0.9930220075147611,5.8172302737520125,0.7112184648416533,2.086688137412775,0.3153515834675255
147,31.17283950617284,13.627214170692431,4.072732152442297,41.06951154052604,0.9930220075147611,5.8172302737520125,0.8454106280193237,2.086688137412775,0.3153515834675255
148,31.54186795491143,13.553408480944713,4.03918411164788,40.66022544283414,1.1473429951690821,5.810520665593129,0.8454106280193237,2.086688137412775,0.3153515834675255
149,31.850509930220074,13.43263553408481,4.03918411164788,40.324745034889965,1.1406333870101986,5.723295759527644,0.9460547504025765,2.227589908749329,0.3153515834675255
150,32.14573268921095,13.425925925925926,4.03918411164788,40.06977992485239,1.1406333870101986,5.723295759527644,0.9125067096081588,2.227589908749329,0.3153515834675255
151,32.60198604401503,13.331991411701557,3.9720880300590444,39.65378421900161,1.261406333870102,5.723295759527644,0.9125067096081588,2.227589908749329,0.3153515834675255
152,32.8569511540526,13.191089640365004,4.032474503488996,39.53301127214171,1.261406333870102,5.723295759527644,0.8856682769726248,2.200751476113795,0.3153515834675255
153,33.340042941492214,13.130703166935051,4.032474503488996,39.20424047235642,1.2546967257112185,5.656199677938808,0.8655394524959742,2.200751476113795,0.3153515834675255
154,30.730005367686527,11.258722490606548,3.978797638217928,43.86070853462158,1.3083735909822867,5.649490069779925,0.6977992485238862,2.200751476113795,0.3153515834675255
155,31.03864734299517,11.117820719269995,3.9519592055823938,43.67283950617284,1.4224369296833066,5.589103596349974,0.6977992485238862,2.1940418679549114,0.3153515834675255
156,30.709876543209877,11.017176596886742,3.616478797638218,43.04884594739667,1.4090177133655395,5.441492216854535,0.6977992485238862,3.743961352657005,0.3153515834675255
157,30.938003220611915,10.950080515297907,3.784219001610306,42.7536231884058,1.4090177133655395,5.407944176060118,0.6977992485238862,3.743961352657005,0.3153515834675255
158,31.266774020397207,10.93666129898014,3.784219001610306,42.36446591519055,1.3888888888888888,5.381105743424584,0.8319914117015567,3.743961352657005,0.30193236714975846
159,31.488191089640367,10.909822866344605,3.717122920021471,42.16317767042405,1.3754696725711217,5.381105743424584,0.9796027911969941,3.683574879227053,0.30193236714975846
160,31.756575415995705,10.88298443370907,3.7037037037037037,42.089371980676326,1.3754696725711217,5.253623188405797,0.9796027911969941,3.656736446591519,0.30193236714975846
161,32.098765432098766,10.849436392914654,3.643317230273752,41.84782608695652,1.3754696725711217,5.253623188405797,0.9728931830381106,3.656736446591519,0.30193236714975846
162,32.447665056360705,10.782340311325818,3.7372517444981215,41.47208803005905,1.3754696725711217,5.253623188405797,0.9728931830381106,3.656736446591519,0.30193236714975846
163,32.628824476650564,10.782340311325818,3.7372517444981215,41.29092860976919,1.3754696725711217,5.253623188405797,0.9728931830381106,3.656736446591519,0.30193236714975846
164,33.00456253354804,10.607890499194847,3.7037037037037037,40.89506172839506,1.328502415458937,5.24020397208803,1.06682769726248,3.8580246913580245,0.2952227589908749
165,32.43424584004294,9.88996242619431,5.615942028985507,40.707192699946326,0.966183574879227,5.226784755770263,1.0601180891035964,3.8043478260869565,0.2952227589908749
166,32.749597423510465,9.86983360171766,5.615942028985507,40.445517981749866,0.966183574879227,5.226784755770263,1.0601180891035964,3.770799785292539,0.2952227589908749
167,33.07836822329576,9.849704777241008,5.60252281266774,40.163714439076756,0.966183574879227,5.22007514761138,1.0601180891035964,3.7640901771336552,0.2952227589908749
168,32.85024154589372,9.4873859366613,5.58239398819109,40.935319377348364,0.966183574879227,5.213365539452496,1.0601180891035964,3.6097691894793345,0.2952227589908749
169,33.15217391304348,9.433709071390231,5.548845947396672,40.754159957058505,0.966183574879227,5.179817498658078,1.0601180891035964,3.6097691894793345,0.2952227589908749
170,33.40713902308105,9.359903381642512,5.776972624798712,40.39855072463768,0.966183574879227,5.166398282340311,1.0601180891035964,3.569511540526033,0.2952227589908749
171,33.722490606548575,9.326355340848094,5.736714975845411,40.183843263553406,0.966183574879227,5.166398282340311,1.0601180891035964,3.5426731078904994,0.2952227589908749
172,33.943907675791735,9.306226516371444,5.709876543209877,40.00939345142244,0.966183574879227,5.166398282340311,1.0601180891035964,3.5426731078904994,0.2952227589908749
173,34.306226516371446,9.23913043478261,5.669618894256575,39.88862050456253,0.966183574879227,5.12614063338701,1.0601180891035964,3.44873859366613,0.2952227589908749
174,34.38003220611916,9.23913043478261,5.656199677938808,39.53972088030059,1.133923778851315,5.112721417069243,1.2010198604401503,3.4420289855072466,0.2952227589908749
175,34.74235104669887,9.225711218464841,5.656199677938808,39.371980676328505,1.133923778851315,4.985238862050457,1.2010198604401503,3.4286097691894795,0.2549651100375738
176,34.75577026301664,9.125067096081589,5.609232420826624,38.85534084809447,1.2412775093934514,5.689747718733226,1.1943102522812667,3.2742887815351582,0.2549651100375738
177,35.34621578099839,9.125067096081589,5.609232420826624,38.378958668813745,1.2278582930756843,5.689747718733226,1.1808910359634996,3.1870638754696725,0.2549651100375738
178,35.7085346215781,9.098228663446054,5.60252281266774,38.097155126140635,1.2144390767579174,5.689747718733226,1.1540526033279657,3.180354267310789,0.2549651100375738
179,35.74208266237252,9.07139023081052,5.5689747718733225,38.05018786902845,1.2144390767579174,5.689747718733226,1.1540526033279657,3.2541599570585076,0.2549651100375738
180,35.92324208266237,9.05126140633387,5.562265163714439,37.94283413848631,1.2144390767579174,5.669618894256575,1.1540526033279657,3.227321524422974,0.2549651100375738
181,36.44659151905529,8.977455716586151,5.508588298443371,37.63419216317767,1.2144390767579174,5.622651637144391,1.1540526033279657,3.1870638754696725,0.2549651100375738
182,36.56736446591519,8.977455716586151,5.508588298443371,37.4597423510467,1.2010198604401503,5.609232420826624,1.1540526033279657,3.2675791733762747,0.2549651100375738
183,37.03703703703704,8.890230810520666,5.3341384863123995,37.29200214707461,1.2010198604401503,5.60252281266774,1.1540526033279657,3.2340311325818574,0.2549651100375738
184,37.32555018786903,8.870101986044014,5.293880837359098,36.983360171765966,1.2815351583467525,5.60252281266774,1.1540526033279657,3.2340311325818574,0.2549651100375738
185,37.0907139023081,8.82313472893183,5.287171229200215,35.238862050456255,3.3145464304884595,5.589103596349974,1.1674718196457328,3.2340311325818574,0.2549651100375738
186,37.27187332259796,8.722490606548577,5.401234567901234,35.07783145464305,3.280998389694042,5.555555555555555,1.093666129898014,3.3413848631239937,0.2549651100375738
187,37.5805152979066,8.655394524959743,5.401234567901234,34.98389694041868,3.280998389694042,5.448201825013419,1.093666129898014,3.3011272141706924,0.2549651100375738
188,37.78180354267311,8.655394524959743,5.401234567901234,34.836285560923244,3.2340311325818574,5.448201825013419,1.093666129898014,3.294417606011809,0.2549651100375738
189,38.24476650563607,8.561460010735374,5.374396135265701,34.56119162640902,3.2340311325818574,5.394524959742351,1.0869565217391304,3.2877079978529253,0.2549651100375738
190,38.70101986044015,8.460815888352121,5.3341384863123995,34.27938808373591,3.180354267310789,5.300590445517981,1.0869565217391304,3.4017713365539453,0.2549651100375738
191,34.90338164251208,8.051529790660226,5.394524959742351,39.774557165861516,2.9790660225442833,4.414922168545357,1.0265700483091786,3.2004830917874396,0.2549651100375738
192,35.12479871175523,8.024691358024691,5.367686527106817,39.64036500268384,2.9790660225442833,4.38137412775094,1.0265700483091786,3.2004830917874396,0.2549651100375738
193,35.39318303811057,8.004562533548041,5.367686527106817,39.439076757917334,2.965646806226516,4.38137412775094,1.0064412238325282,3.1870638754696725,0.2549651100375738
194,35.621309715512616,8.004562533548041,5.280461621041331,39.34514224369297,2.965646806226516,4.38137412775094,0.9997316156736447,3.166935050993022,0.23483628556092323
195,35.869565217391305,7.863660762211487,5.280461621041331,39.049919484702095,3.1065485775630703,4.38137412775094,0.9796027911969941,3.2340311325818574,0.23483628556092323
196,36.191626409017715,7.863660762211487,5.267042404723564,38.747987117552334,3.1065485775630703,4.38137412775094,0.9796027911969941,3.227321524422974,0.23483628556092323
197,36.28556092324208,7.843531937734836,5.193236714975845,37.915995705850776,3.079710144927536,5.374396135265701,0.9796027911969941,3.0931293612453032,0.23483628556092323
198,36.943102522812666,7.769726247987117,5.159688674181428,37.47987117552335,3.0394524959742353,5.307300053676865,0.9728931830381106,3.0931293612453032,0.23483628556092323
199,37.164519592055825,7.716049382716049,5.159688674181428,37.4194847020934,3.0059044551798175,5.253623188405797,0.9728931830381106,3.0730005367686526,0.23483628556092323
200,37.466451959205585,7.615405260332796,5.159688674181428,37.151100375738054,2.999194847020934,5.246913580246914,0.966183574879227,3.1870638754696725,0.20799785292538917
201,37.76838432635534,7.561728395061729,5.10601180891036,37.003488996242616,2.999194847020934,5.233494363929147,0.9594739667203436,3.1602254428341383,0.20799785292538917
202,38.016639828234034,7.561728395061729,5.092592592592593,36.8491680085883,2.9924852388620504,5.233494363929147,0.9594739667203436,3.0864197530864197,0.20799785292538917
203,38.12399355877617,7.561728395061729,5.092592592592593,36.78878153515835,2.9589371980676327,5.22007514761138,0.9594739667203436,3.0864197530864197,0.20799785292538917
204,38.34541062801932,7.5348899624261945,5.092592592592593,36.54723564143854,2.932098765432099,5.199946323134729,1.0534084809447128,3.0864197530864197,0.20799785292538917
205,38.57353730542136,7.521470746108427,5.059044551798175,36.37949543746645,2.918679549114332,5.199946323134729,1.0534084809447128,3.0864197530864197,0.20799785292538917
206,38.75469672571122,7.48792270531401,5.01207729468599,36.2788513150832,2.918679549114332,5.199946323134729,1.0534084809447128,3.0864197530864197,0.20799785292538917
207,38.821792807300056,7.48792270531401,4.99194847020934,35.970209339774556,3.0394524959742353,5.199946323134729,1.1943102522812667,3.0864197530864197,0.20799785292538917
208,39.19753086419753,7.440955448201825,4.99194847020934,35.68840579710145,3.0394524959742353,5.166398282340311,1.1943102522812667,3.0730005367686526,0.20799785292538917
209,38.66076221148685,7.219538378958669,4.99194847020934,34.76247987117552,2.9388083735909825,7.004830917874396,1.288244766505636,2.9253891572732154,0.20799785292538917
210,38.66076221148685,7.2933440687063875,4.99194847020934,34.68867418142781,2.9388083735909825,7.004830917874396,1.288244766505636,2.9253891572732154,0.20799785292538917
211,38.1508319914117,7.25979602791197,4.944981213097155,32.54830917874396,2.9388083735909825,9.75577026301664,1.2681159420289856,2.9253891572732154,0.20799785292538917
212,38.25147611379496,7.25979602791197,4.918142780461621,32.380568974771876,2.9388083735909825,9.75577026301664,1.2345679012345678,3.052871712292002,0.20799785292538917
213,38.38566827697262,7.246376811594203,4.918142780461621,32.25979602791197,2.9388083735909825,9.75577026301664,1.2345679012345678,3.052871712292002,0.20799785292538917
214,38.6003757380569,7.239667203435319,4.898013955984971,32.14573268921095,2.9119699409554483,9.722222222222221,1.2345679012345678,3.0394524959742353,0.20799785292538917
215,38.79495437466452,7.199409554482019,4.871175523349437,31.816961889425656,2.9052603327965647,9.681964573268921,1.5029522275899088,3.0394524959742353,0.1878690284487386
216,38.94927536231884,7.185990338164252,4.944981213097155,31.736446591519055,2.898550724637681,9.601449275362318,1.4962426194310252,2.999194847020934,0.1878690284487386
217,39.22436929683307,7.085346215780999,4.938271604938271,31.54186795491143,2.885131508319914,9.581320450885668,1.4626945786366077,3.0931293612453032,0.1878690284487386
218,39.170692431561996,6.991411701556629,4.938271604938271,31.313741277509394,2.885131508319914,9.534353193773484,1.4626945786366077,3.515834675254965,0.1878690284487386
219,39.392109500805155,6.971282877079979,4.931561996779388,31.11916264090177,2.885131508319914,9.534353193773484,1.4626945786366077,3.515834675254965,0.1878690284487386
220,39.38539989264627,6.843800322061192,4.918142780461621,31.166129898013956,2.885131508319914,9.50751476113795,1.4559849704777241,3.6500268384326353,0.1878690284487386
221,39.51959205582394,6.823671497584541,4.918142780461621,31.0654857756307,2.885131508319914,9.50751476113795,1.4559849704777241,3.6366076221148687,0.1878690284487386
222,39.68733225979603,6.823671497584541,4.918142780461621,30.938003220611915,2.885131508319914,9.473966720343531,1.4559849704777241,3.629898013955985,0.1878690284487386
223,38.99624261943102,6.810252281266774,4.911433172302737,29.716854535695116,2.8113258185721954,11.641170155662909,1.2949543746645196,3.629898013955985,0.1878690284487386
224,39.34514224369297,6.810252281266774,4.911433172302737,29.622920021470748,2.7241009125067097,11.500268384326356,1.2949543746645196,3.603059581320451,0.1878690284487386
225,39.54643048845947,6.763285024154589,4.911433172302737,29.53569511540526,2.703972088030059,11.453301127214171,1.2949543746645196,3.603059581320451,0.1878690284487386
226,39.70746108427268,6.763285024154589,4.911433172302737,29.47530864197531,2.6704240472356413,11.43317230273752,1.2949543746645196,3.5628019323671496,0.18115942028985507
227,39.781266774020395,6.877348362855609,4.891304347826087,29.401502952227588,2.657004830917874,11.366076221148685,1.2949543746645196,3.549382716049383,0.18115942028985507
228,40.002683843263554,6.870638754696726,4.958400429414922,29.361245303274288,2.6435856146001075,11.158078368223295,1.2949543746645196,3.5292538915727323,0.18115942028985507
229,40.13016639828234,6.870638754696726,4.958400429414922,29.300858829844337,2.6167471819645733,11.117820719269995,1.2949543746645196,3.5292538915727323,0.18115942028985507
230,40.50590445517982,6.850509930220075,4.958400429414922,29.0727321524423,2.6033279656468062,11.010466988727858,1.2949543746645196,3.5225442834138487,0.18115942028985507
231,40.54616210413312,6.9310252281266775,4.944981213097155,28.99892646269458,2.6033279656468062,10.976918947933441,1.2949543746645196,3.5225442834138487,0.18115942028985507
232,40.754159957058505,6.9310252281266775,4.918142780461621,28.864734299516908,2.5966183574879227,10.93666129898014,1.2949543746645196,3.5225442834138487,0.18115942028985507
233,40.955448201825014,6.91760601180891,4.911433172302737,28.589640365002683,2.7308105206655933,10.909822866344605,1.2949543746645196,3.5091250670960816,0.18115942028985507
234,41.31105743424584,6.904186795491143,4.851046698872786,28.37493290391841,2.717391304347826,10.856146001073537,1.2949543746645196,3.5091250670960816,0.18115942028985507
235,41.6129898013956,6.890767579173376,4.804079441760601,28.28099838969404,2.717391304347826,10.795759527643586,1.2815351583467525,3.435319377348363,0.18115942028985507
236,41.36473429951691,6.662640901771336,4.730273752012883,27.891841116478798,2.6637144390767578,11.728395061728396,1.2412775093934514,3.535963499731616,0.18115942028985507
237,41.619699409554485,6.649221685453569,4.730273752012883,27.690552871712292,2.6637144390767578,11.728395061728396,1.2345679012345678,3.502415458937198,0.18115942028985507
238,41.78743961352657,6.649221685453569,4.7168545356951155,27.47584541062802,2.7777777777777777,11.694847020933977,1.2345679012345678,3.4957058507783145,0.16774020397208803
239,41.968599033816425,6.649221685453569,4.7168545356951155,27.314814814814813,2.7777777777777777,11.694847020933977,1.221148684916801,3.488996242619431,0.16774020397208803
240,42.109500805152976,6.635802469135802,4.690016103059581,27.234299516908212,2.7777777777777777,11.688137412775093,1.221148684916801,3.475577026301664,0.16774020397208803
241,42.31749865807837,6.595544820182502,4.602791196994096,27.073268921095007,2.7777777777777777,11.621041331186259,1.221148684916801,3.6231884057971016,0.16774020397208803
242,42.47181964573269,6.595544820182502,4.575952764358561,26.979334406870638,2.7442297369833604,11.621041331186259,1.221148684916801,3.6231884057971016,0.16774020397208803
243,42.76033279656468,6.595544820182502,4.549114331723027,26.798174986580783,2.7442297369833604,11.594202898550725,1.221148684916801,3.569511540526033,0.16774020397208803
244,42.93478260869565,6.588835212023618,4.549114331723027,26.65727321524423,2.7442297369833604,11.594202898550725,1.221148684916801,3.5426731078904994,0.16774020397208803
245,43.00858829844337,6.582125603864735,4.549114331723027,26.570048309178745,2.7442297369833604,11.634460547504025,1.2010198604401503,3.5426731078904994,0.16774020397208803
246,43.323939881910896,6.5485775630703165,4.549114331723027,26.402308105206657,2.636876006441224,11.634460547504025,1.2010198604401503,3.535963499731616,0.16774020397208803
247,43.39774557165862,6.494900697799249,4.549114331723027,26.39559849704777,2.636876006441224,11.621041331186259,1.2010198604401503,3.535963499731616,0.16774020397208803
248,43.73322597960279,6.494900697799249,4.49543746645196,26.247987117552334,2.589908749329039,11.533816425120772,1.2010198604401503,3.535963499731616,0.16774020397208803
249,43.853998926462694,6.468062265163715,4.49543746645196,26.194310252281266,2.589908749329039,11.500268384326356,1.1943102522812667,3.535963499731616,0.16774020397208803
250,44.08883521202362,6.380837359098229,4.4820182501341925,26.06682769726248,2.589908749329039,11.500268384326356,1.1943102522812667,3.5292538915727323,0.16774020397208803
251,44.30354267310789,6.374127750939345,4.4820182501341925,25.91250670960816,2.589908749329039,11.446591519055287,1.1943102522812667,3.5292538915727323,0.16774020397208803
252,44.65915190552872,6.374127750939345,4.4820182501341925,25.744766505636072,2.589908749329039,11.265432098765432,1.1876006441223832,3.5292538915727323,0.16774020397208803
253,44.6658615136876,6.374127750939345,4.4753086419753085,25.597155126140635,2.8381642512077296,11.171497584541063,1.1876006441223832,3.5292538915727323,0.1610305958132045
254,44.77992485238862,6.374127750939345,4.4753086419753085,25.41599570585078,3.0193236714975846,11.07085346215781,1.1876006441223832,3.515834675254965,0.1610305958132045
255,44.87385936661299,6.340579710144928,4.4753086419753085,25.348899624261943,3.0193236714975846,11.097691894793345,1.1876006441223832,3.4957058507783145,0.1610305958132045
