,45,50,53,51,55,54,52,56,58,57,59
0,99.94632313472893,0.05367686527106817,,,,,,,,,
1,91.88808373590982,8.111916264090176,,,,,,,,,
2,85.70182501341921,13.667471819645733,0.630703166935051,,,,,,,,
3,85.72866344605475,13.6406333870102,0.630703166935051,,,,,,,,
4,78.5426731078905,20.82662372517445,0.630703166935051,,,,,,,,
5,68.46484165324745,30.9044551798175,0.630703166935051,,,,,,,,
6,58.662104133118625,40.707192699946326,0.630703166935051,,,,,,,,
7,58.25281803542673,38.177670424047236,0.6172839506172839,2.85829307568438,0.0939345142243693,,,,,,
8,52.26784755770263,46.73913043478261,0.6172839506172839,0.28180354267310787,0.0939345142243693,,,,,,
9,49.23510466988728,39.44578636607622,0.6172839506172839,10.171765968867419,0.0939345142243693,0.43612453032742887,,,,,
10,49.18813741277509,39.492753623188406,0.6172839506172839,10.171765968867419,0.0939345142243693,0.43612453032742887,,,,,
11,47.75228126677402,39.009661835748794,0.6172839506172839,12.090713902308105,0.0939345142243693,0.43612453032742887,,,,,
12,40.203972088030056,51.48282340311326,,7.75630703166935,0.14090177133655393,0.2683843263553409,0.14761137949543746,,,,
13,39.741009125067094,49.946323134728935,,7.6623725174449815,0.3421900161030596,0.2683843263553409,2.0397208803005906,,,,
14,39.22436929683307,49.060654857756305,,9.158615136876007,0.2952227589908749,0.2683843263553409,1.9927536231884058,,,,
15,32.48792270531401,55.36768652710682,,9.359903381642512,0.46296296296296297,0.32877079978529256,1.9927536231884058,,,,
16,31.300322061191626,53.91170155662909,,11.990069779924852,0.5166398282340311,0.32877079978529256,1.9524959742351047,,,,
17,31.34728931830381,53.5829307568438,,11.83574879227053,0.95276435856146,0.32877079978529256,1.9524959742351047,,,,
18,31.320450885668276,51.75791733762748,0.2683843263553409,11.829039184111648,2.5429414922168547,0.4227053140096618,1.8585614600107354,,,,
19,29.562533548040793,48.671497584541065,0.2683843263553409,16.874664519592056,2.368491680085883,0.4227053140096618,1.8317230273752012,,,,
20,25.77831454643049,45.69914117015566,2.8918411164787976,20.974235104669887,2.2745571658615136,0.5501878690284487,1.8317230273752012,,,,
21,23.389694041867955,48.11460010735373,2.8918411164787976,20.739398819108963,2.5026838432635534,0.5300590445517982,1.8317230273752012,,,,
22,18.46484165324745,53.187063875469676,2.8918411164787976,20.739398819108963,2.5026838432635534,0.5300590445517982,1.6841116478797638,,,,
23,18.65271068169619,51.670692431561996,4.2270531400966185,20.73268921095008,2.5026838432635534,0.5300590445517982,1.6841116478797638,,,,
24,18.632581857219538,51.610305958132045,4.334406870638754,20.558239398819108,2.5026838432635534,0.5300590445517982,1.6841116478797638,0.14761137949543746,,,
25,18.833870101986044,51.20101986044015,4.334406870638754,20.7662372517445,2.5026838432635534,0.5300590445517982,1.6841116478797638,0.14761137949543746,,,
26,17.96833064949007,41.35131508319914,4.334406870638754,28.858024691358025,5.12614063338701,0.5300590445517982,1.6841116478797638,0.14761137949543746,,,
27,18.16290928609769,41.19028448738594,6.286902844873859,26.8719806763285,5.12614063338701,0.5300590445517982,1.6841116478797638,0.14761137949543746,,,
28,18.270263016639827,41.14331723027375,6.6760601180891035,26.536500268384327,5.12614063338701,0.5300590445517982,1.6841116478797638,0.03354804079441761,,,
29,17.337627482555018,38.45276435856146,6.588835212023618,27.49597423510467,4.736983360171766,0.3824476650563607,4.918142780461621,,0.08722490606548577,,
30,17.351046698872786,37.62748255501879,6.005099302200751,28.891572732152444,4.736983360171766,0.3824476650563607,4.918142780461621,,0.08722490606548577,,
31,17.438271604938272,37.285292538915726,6.005099302200751,28.864734299516908,5.045625335480408,0.3824476650563607,4.891304347826087,,0.08722490606548577,,
32,16.760601180891037,36.58749329039184,5.314009661835748,31.280193236714975,4.602791196994096,0.3824476650563607,4.891304347826087,0.0939345142243693,0.08722490606548577,,
33,13.217928073000536,29.656468062265162,3.743961352657005,42.579173376274824,1.7042404723564144,0.3824476650563607,8.514492753623188,0.20128824476650564,,,
34,12.473161567364466,28.059581320450885,8.28636607622115,39.07675791733763,1.4492753623188406,0.3824476650563607,10.071121846484166,0.20128824476650564,,,
35,11.627750939345143,25.449543746645197,7.300053676865271,41.116478797638216,1.1674718196457328,0.3824476650563607,12.754965110037574,0.20128824476650564,,,
36,11.81561996779388,25.37573805689748,7.300053676865271,40.915190552871714,1.2748255501878691,0.3824476650563607,12.734836285560924,0.20128824476650564,,,
37,11.882716049382717,25.241545893719806,7.185990338164252,39.22436929683307,1.3687600644122384,2.2410091250670963,12.72812667740204,0.1274825550187869,,,
38,11.869296833064949,24.818840579710145,7.139023081052066,39.88862050456253,1.3687600644122384,2.2410091250670963,12.546967257112184,0.1274825550187869,,,
39,11.969940955448202,24.792002147074612,7.125603864734299,39.72758990874933,1.3687600644122384,2.2410091250670963,12.513419216317766,0.2616747181964573,,,
40,11.473429951690822,24.248523886205046,7.125603864734299,40.62667740203972,1.3687600644122384,2.2410091250670963,12.513419216317766,0.4025764895330113,,,
41,11.688137412775093,24.208266237251745,5.998389694041868,38.29173376274826,1.3687600644122384,2.2410091250670963,15.687063875469672,0.4025764895330113,,0.11406333870101985,
42,11.842458400429415,22.282608695652176,6.011808910359635,38.10386473429951,1.2345679012345678,2.147074610842727,17.867686527106816,0.39586688137412773,,0.11406333870101985,
43,11.842458400429415,22.23564143853999,6.011808910359635,38.10386473429951,1.2815351583467525,2.147074610842727,17.867686527106816,0.39586688137412773,,0.11406333870101985,
44,11.869296833064949,22.22222222222222,6.011808910359635,38.14412238325282,1.2815351583467525,2.147074610842727,17.814009661835748,0.39586688137412773,,0.11406333870101985,
45,11.829039184111648,20.699141170155663,6.011808910359635,37.6610305958132,3.321256038647343,2.147074610842727,17.767042404723565,0.4495437466451959,,0.11406333870101985,
46,11.855877616747183,20.67230273752013,6.011808910359635,37.6610305958132,3.321256038647343,2.147074610842727,17.767042404723565,0.4495437466451959,,0.11406333870101985,
47,11.949812130971551,20.67230273752013,6.011808910359635,37.62748255501879,3.2742887815351582,2.147074610842727,17.753623188405797,0.4495437466451959,,0.11406333870101985,
48,12.157809983896941,19.618894256575416,6.011808910359635,34.21229200214707,2.428878153515835,2.1269457863660763,23.047504025764894,0.28180354267310787,,0.11406333870101985,
49,12.070585077831455,18.16290928609769,7.1658615136876005,31.863929146537842,2.428878153515835,1.7042404723564144,26.34863123993559,0.14090177133655393,,0.11406333870101985,
50,10.332796564680622,15.438808373590982,7.1658615136876005,38.539989264626946,2.428878153515835,1.415727321524423,24.422973698336016,0.14090177133655393,,0.11406333870101985,
51,10.466988727858293,15.378421900161031,7.1658615136876005,38.47289318303811,2.428878153515835,1.415727321524423,24.416264090177133,0.14090177133655393,,0.11406333870101985,
52,10.654857756307031,15.26435856146001,7.1658615136876005,37.124261943102525,2.428878153515835,1.415727321524423,25.691089640365004,0.14090177133655393,,0.11406333870101985,
53,10.849436392914654,15.076489533011273,9.366612989801396,36.97665056360709,2.7979066022544283,1.415727321524423,23.262211486849168,0.14090177133655393,,0.11406333870101985,
54,10.762211486849168,13.533279656468062,9.366612989801396,36.64787976382179,2.2208803005904456,1.415727321524423,25.717928073000536,0.2214170692431562,,0.11406333870101985,
55,10.775630703166936,13.533279656468062,9.366612989801396,36.64787976382179,2.2208803005904456,1.415727321524423,25.704508856682768,0.2214170692431562,,0.11406333870101985,
56,10.84272678475577,13.499731615673644,9.366612989801396,36.34594739667203,2.2208803005904456,1.415727321524423,25.691089640365004,0.5032206119162641,,0.11406333870101985,
57,10.909822866344605,13.238056897477188,12.318840579710145,34.286097691894796,2.2208803005904456,1.415727321524423,25.046967257112186,0.5032206119162641,,0.06038647342995169,
58,10.755501878690284,11.956521739130435,11.621041331186259,39.371980676328505,1.9256575415995705,0.41599570585077833,23.349436392914654,0.5434782608695652,,0.06038647342995169,
59,9.39345142243693,11.117820719269995,10.768921095008052,42.579173376274824,1.7646269457863661,0.28180354267310787,23.396403650026837,0.6374127750939346,,0.06038647342995169,
60,9.406870638754697,11.097691894793345,10.668276972624799,42.56575415995706,1.7646269457863661,0.28180354267310787,23.336017176596886,0.8185721953837896,,0.06038647342995169,
61,9.453837895866881,11.09098228663446,10.352925389157273,42.12292002147075,1.7646269457863661,1.0198604401502953,23.315888352120236,0.8185721953837896,,0.06038647342995169,
62,9.5276435856146,10.95679012345679,10.34621578099839,42.1027911969941,1.8719806763285025,1.0198604401502953,23.242082662372518,0.8185721953837896,,0.11406333870101985,
63,9.386741814278047,10.61460010735373,8.179012345679013,46.14868491680086,0.7514761137949544,0.644122383252818,23.356146001073537,0.8051529790660226,,0.11406333870101985,
64,9.64170692431562,10.581052066559312,8.152173913043478,46.121846484165324,0.7514761137949544,0.644122383252818,23.18840579710145,0.8051529790660226,,0.11406333870101985,
65,9.802737520128824,10.581052066559312,8.132045088566828,46.061460010735374,0.7514761137949544,0.644122383252818,23.10789049919485,0.8051529790660226,,0.11406333870101985,
66,9.896672034353195,10.581052066559312,8.132045088566828,45.967525496511,0.7514761137949544,0.644122383252818,23.10789049919485,0.8051529790660226,,0.11406333870101985,
67,10.21202361782072,10.560923242082662,8.064949006977992,45.840042941492214,0.7514761137949544,0.644122383252818,23.007246376811594,0.8051529790660226,,0.11406333870101985,
68,10.279119699409554,10.527375201288244,8.064949006977992,45.772946859903385,0.7514761137949544,0.644122383252818,23.007246376811594,0.8387010198604401,,0.11406333870101985,
69,10.339506172839506,10.59447128287708,8.051529790660226,45.63875469672571,0.7783145464304885,0.644122383252818,22.98040794417606,0.8655394524959742,,0.10735373054213634,
70,10.50053676865271,10.59447128287708,8.038110574342458,45.54482018250134,0.7783145464304885,0.644122383252818,22.926731078904993,0.8655394524959742,,0.10735373054213634,
71,8.024691358024691,16.465378421900162,8.004562533548041,45.24288781535159,0.7783145464304885,0.785024154589372,19.726247987117553,0.8655394524959742,,0.10735373054213634,
72,6.9310252281266775,15.01610305958132,6.763285024154589,53.938539989264626,0.6172839506172839,0.4294149221685454,15.673644659151906,0.5233494363929146,,0.10735373054213634,
73,6.521739130434782,11.151368760064413,10.238862050456254,46.77938808373591,0.6172839506172839,0.4294149221685454,23.289049919484704,0.8655394524959742,,0.10735373054213634,
74,6.696188942565755,10.983628556092324,10.218733225979603,46.73913043478261,0.785024154589372,0.4294149221685454,23.17498658078368,0.8655394524959742,,0.10735373054213634,
75,6.991411701556629,10.983628556092324,10.064412238325282,46.71229200214707,0.785024154589372,0.4294149221685454,23.060923242082662,0.8655394524959742,,0.10735373054213634,
76,5.4549114331723025,9.252549651100376,7.803274288781535,51.019860440150296,0.7313472893183038,0.4294149221685454,24.335748792270532,0.8655394524959742,,0.10735373054213634,
77,5.448201825013419,9.312936124530328,7.803274288781535,50.979602791196996,0.7313472893183038,0.4294149221685454,24.322329575952764,0.8655394524959742,,0.10735373054213634,
78,5.495169082125604,9.312936124530328,7.803274288781535,50.966183574879224,0.7313472893183038,0.4294149221685454,24.288781535158346,0.8655394524959742,,0.10735373054213634,
79,5.542136339237788,9.312936124530328,7.803274288781535,50.95276435856146,0.7313472893183038,0.4294149221685454,24.255233494363928,0.8655394524959742,,0.10735373054213634,
80,5.676328502415459,9.312936124530328,7.803274288781535,49.82555018786903,0.7313472893183038,1.442565754159957,24.235104669887278,0.8655394524959742,,0.10735373054213634,
81,5.958132045088567,9.272678475577026,7.803274288781535,49.651100375738054,0.8722490606548577,1.556629092860977,23.91304347826087,0.8655394524959742,,0.10735373054213634,
82,6.052066559312936,9.272678475577026,7.7361782071927,49.21497584541063,0.8454106280193237,1.556629092860977,23.91304347826087,1.3016639828234031,,0.10735373054213634,
83,4.53569511540526,22.054482018250134,7.7361782071927,40.4723564143854,0.6776704240472357,1.0735373054213635,22.208803005904453,1.133923778851315,,0.10735373054213634,
84,4.508856682769726,21.85319377348363,7.930756843800322,37.07058507783145,0.8454106280193237,1.0735373054213635,25.348899624261943,1.261406333870102,,0.10735373054213634,
85,4.582662372517445,21.826355340848096,7.930756843800322,37.03032742887815,0.8454106280193237,1.0735373054213635,25.34219001610306,1.261406333870102,,0.10735373054213634,
86,4.7101449275362315,21.826355340848096,7.9106280193236715,36.808910359635,1.0869565217391304,1.0735373054213635,25.013419216317768,1.4626945786366077,,0.10735373054213634,
87,4.904723564143854,21.826355340848096,7.9106280193236715,36.70155662909286,1.0869565217391304,1.0735373054213635,24.92619431025228,1.4626945786366077,,0.10735373054213634,
88,5.052334943639291,21.812936124530328,7.830112721417069,36.67471819645733,1.0869565217391304,1.0735373054213635,24.89935587761675,1.4626945786366077,,0.10735373054213634,
89,5.320719269994632,21.792807300053678,7.830112721417069,36.50697799248524,1.0869565217391304,1.0735373054213635,24.698067632850243,1.4626945786366077,,0.2281266774020397,
90,4.133118625872249,31.199677938808374,7.595276435856146,42.45840042941492,0.5367686527106817,0.6172839506172839,11.882716049382717,1.4694041867954912,,0.10735373054213634,
91,4.2203435319377345,31.179549114331724,7.588566827697263,42.40472356414385,0.5367686527106817,0.6172839506172839,11.876006441223833,1.4694041867954912,,0.10735373054213634,
92,4.3478260869565215,28.77750939345142,7.581857219538379,42.270531400966185,0.5032206119162641,3.0394524959742353,11.782071926999464,1.5901771336553945,,0.10735373054213634,
93,4.461889425657541,28.75067096081589,7.581857219538379,42.20343531937735,0.5032206119162641,3.0394524959742353,11.761943102522812,1.5901771336553945,,0.10735373054213634,
94,4.5960815888352125,28.743961352657006,7.501341921631776,42.17659688674181,0.5032206119162641,3.0394524959742353,11.761943102522812,1.5901771336553945,,0.08722490606548577,
95,4.85775630703167,28.61647879763822,7.387278582930757,38.1508319914117,0.6239935587761675,3.0394524959742353,15.418679549114332,1.8183038110574343,,0.08722490606548577,
96,4.817498658078368,28.61647879763822,7.387278582930757,38.077026301663984,0.6239935587761675,3.1333870101986045,15.391841116478798,1.865271068169619,,0.08722490606548577,
97,4.851046698872786,28.683574879227052,7.387278582930757,37.96296296296296,0.6239935587761675,3.1333870101986045,15.35829307568438,1.9122383252818036,,0.08722490606548577,
98,5.0791733762748255,28.64331723027375,7.387278582930757,37.835480407944175,0.6239935587761675,3.1333870101986045,15.318035426731079,1.892109500805153,,0.08722490606548577,
99,5.146269457863661,28.61647879763822,7.387278582930757,37.82206119162641,0.6239935587761675,3.1333870101986045,15.291196994095545,1.892109500805153,,0.08722490606548577,
100,4.3478260869565215,24.12775093934514,7.367149758454106,43.71309715512614,0.6239935587761675,2.9924852388620504,14.848362855609233,1.892109500805153,,0.08722490606548577,
101,4.622920021470746,24.08749329039184,7.2933440687063875,43.61916264090177,0.6239935587761675,2.9924852388620504,14.781266774020397,1.892109500805153,,0.08722490606548577,
102,4.690016103059581,24.08749329039184,7.2933440687063875,43.45142243692968,0.6239935587761675,3.0931293612453032,14.781266774020397,1.892109500805153,,0.08722490606548577,
103,4.958400429414922,23.859366612989803,7.273215244229737,43.31052066559313,0.7447665056360708,3.0931293612453032,14.781266774020397,1.892109500805153,,0.08722490606548577,
104,5.0993022007514766,23.845947396672035,7.246376811594203,43.20987654320987,0.7447665056360708,3.0931293612453032,14.781266774020397,1.892109500805153,,0.08722490606548577,
105,5.159688674181428,23.785560923242084,7.246376811594203,42.914653784219,0.7447665056360708,3.0931293612453032,14.781266774020397,2.187332259796028,,0.08722490606548577,
106,5.287171229200215,23.752012882447666,7.246376811594203,42.82742887815352,0.7447665056360708,3.0931293612453032,14.781266774020397,2.1806226516371443,,0.08722490606548577,
107,5.387815351583468,23.70504562533548,7.159151905528717,42.693236714975846,0.8319914117015567,3.0730005367686526,14.76784755770263,2.2946859903381642,,0.08722490606548577,
108,5.4549114331723025,23.691626409017715,7.159151905528717,42.68652710681696,0.8319914117015567,3.0730005367686526,14.734299516908212,2.281266774020397,,0.08722490606548577,
109,5.448201825013419,23.450080515297905,7.105475040257649,39.01637144390767,1.1406333870101986,3.0730005367686526,18.491680085882983,2.187332259796028,,0.08722490606548577,
110,5.475040257648954,23.43666129898014,7.105475040257649,39.00295222758991,1.1406333870101986,3.0730005367686526,18.491680085882983,2.187332259796028,,0.08722490606548577,
111,5.548845947396672,23.43666129898014,7.105475040257649,38.79495437466452,1.1406333870101986,3.0730005367686526,18.4447128287708,2.368491680085883,,0.08722490606548577,
112,5.636070853462158,23.43666129898014,7.105475040257649,38.79495437466452,1.1406333870101986,3.0730005367686526,18.357487922705314,2.368491680085883,,0.08722490606548577,
113,5.803811057434245,23.409822866344605,6.998121309715513,38.788244766505635,1.1406333870101986,3.0730005367686526,18.337359098228664,2.368491680085883,,0.08051529790660225,
114,6.018518518518518,23.409822866344605,7.03166935050993,38.59366612989801,1.1406333870101986,3.0730005367686526,18.317230273752013,2.3349436392914655,,0.08051529790660225,
115,6.119162640901771,23.349436392914654,7.03166935050993,38.58695652173913,1.1406333870101986,3.0730005367686526,18.283682232957595,2.3349436392914655,,0.08051529790660225,
116,6.394256575415996,23.007246376811594,7.024959742351046,38.53327965646806,1.2681159420289856,3.0730005367686526,18.129361245303276,2.3349436392914655,,0.23483628556092323,
117,6.568706387546968,22.758990874932906,7.024959742351046,38.27160493827161,1.6371443907675791,3.0730005367686526,18.10252281266774,2.328234031132582,,0.23483628556092323,
118,4.448470209339774,17.196725711218466,5.676328502415459,46.85990338164251,1.5163714439076759,2.8650026838432634,19.82018250134192,1.3821792807300053,,0.23483628556092323,
119,4.461889425657541,17.008856682769725,5.676328502415459,46.765968867418145,1.8451422436929683,2.8650026838432634,19.679280730005367,1.3821792807300053,,0.3153515834675255,
120,4.609500805152979,16.854535695115406,5.676328502415459,46.71229200214707,1.9457863660762211,2.7979066022544283,19.652442297369834,1.3687600644122384,,0.3153515834675255,0.06709608158883522
121,4.62962962962963,16.854535695115406,5.676328502415459,46.69216317767042,1.9457863660762211,2.7979066022544283,19.652442297369834,1.3687600644122384,,0.3153515834675255,0.06709608158883522
122,4.797369833601718,16.774020397208805,5.676328502415459,46.63848631239936,1.9457863660762211,2.7979066022544283,19.618894256575416,1.3687600644122384,,0.3153515834675255,0.06709608158883522
123,4.8443370907139025,16.774020397208805,5.676328502415459,46.63177670424047,1.9457863660762211,2.7979066022544283,19.578636607622116,1.3687600644122384,,0.3153515834675255,0.06709608158883522
124,4.87788513150832,16.760601180891037,6.387546967257112,46.12855609232421,2.01959205582394,2.7979066022544283,19.243156199677937,1.2949543746645196,,0.4227053140096618,0.06709608158883522
125,4.911433172302737,16.700214707461082,6.387546967257112,45.98765432098765,2.01959205582394,2.952227589908749,19.11567364465915,1.4358561460010735,,0.4227053140096618,0.06709608158883522
126,4.944981213097155,16.51905528717123,6.387546967257112,45.4374664519592,2.1806226516371443,4.575952764358561,18.136070853462158,1.4358561460010735,,0.3153515834675255,0.06709608158883522
127,4.508856682769726,13.157541599570585,6.025228126677402,53.11325818572195,1.5432098765432098,4.49543746645196,15.626677402039721,1.1473429951690821,,0.3153515834675255,0.06709608158883522
128,4.5893719806763285,13.157541599570585,5.984970477724101,52.925389157273216,1.5432098765432098,4.49543746645196,15.626677402039721,1.2949543746645196,,0.3153515834675255,0.06709608158883522
129,4.669887278582931,13.123993558776167,5.971551261406334,52.905260332796566,1.5432098765432098,4.4820182501341925,15.626677402039721,1.2949543746645196,,0.3153515834675255,0.06709608158883522
130,4.233762748255502,11.151368760064413,5.938003220611916,48.91975308641975,1.4962426194310252,8.152173913043478,18.57890499194847,1.2010198604401503,,0.3153515834675255,0.013419216317767043
131,3.9586688137412773,11.137949543746645,5.917874396135265,48.671497584541065,1.4962426194310252,8.024691358024691,18.471551261406333,1.9927536231884058,,0.3153515834675255,0.013419216317767043
132,4.206924315619967,11.11111111111111,5.917874396135265,48.63794954374664,1.482823403113258,8.004562533548041,18.283682232957595,2.0263016639828235,,0.3153515834675255,0.013419216317767043
133,4.374664519592056,10.997047772410092,5.917874396135265,48.49704777241009,1.5901771336553945,8.004562533548041,18.263553408480945,2.0263016639828235,,0.3153515834675255,0.013419216317767043
134,4.669887278582931,10.997047772410092,5.884326355340848,48.289049919484704,1.5901771336553945,8.004562533548041,18.209876543209877,2.0263016639828235,,0.3153515834675255,0.013419216317767043
135,4.87788513150832,10.943370907139023,5.810520665593129,48.121309715512616,1.7042404723564144,8.004562533548041,18.209876543209877,1.9994632313472893,,0.3153515834675255,0.013419216317767043
136,4.944981213097155,10.909822866344605,5.797101449275362,48.121309715512616,1.7042404723564144,8.004562533548041,18.189747718733226,1.9994632313472893,,0.3153515834675255,0.013419216317767043
137,4.703435319377348,10.165056360708535,9.876543209876543,47.98040794417606,1.2546967257112185,7.997852925389157,15.693773483628556,1.9994632313472893,,0.3153515834675255,0.013419216317767043
138,4.951690821256038,10.144927536231885,9.842995169082126,47.799248523886206,1.2546967257112185,7.997852925389157,15.693773483628556,1.9860440150295222,,0.3153515834675255,0.013419216317767043
139,4.9651100375738055,10.144927536231885,9.842995169082126,47.78582930756844,1.2546967257112185,7.997852925389157,15.693773483628556,1.9860440150295222,,0.3153515834675255,0.013419216317767043
140,5.152979066022544,10.144927536231885,9.842995169082126,47.54428341384863,1.2546967257112185,7.950885668276973,15.693773483628556,2.0933977455716586,,0.30864197530864196,0.013419216317767043
141,5.307300053676865,10.138217928073,9.842995169082126,47.396672034353195,1.2546967257112185,7.950885668276973,15.693773483628556,2.0933977455716586,,0.30864197530864196,0.013419216317767043
142,5.508588298443371,10.064412238325282,9.802737520128824,47.155126140633385,1.2546967257112185,7.950885668276973,15.693773483628556,2.24771873322598,,0.30864197530864196,0.013419216317767043
143,5.642780461621041,10.057702630166398,9.802737520128824,47.014224369296834,1.247987117552335,7.9106280193236715,15.687063875469672,2.314814814814815,,0.30864197530864196,0.013419216317767043
144,5.4549114331723025,7.192699946323135,9.77589908749329,56.025228126677405,1.1205045625335481,5.978260869565218,11.829039184111648,2.281266774020397,0.06709608158883522,0.2616747181964573,0.013419216317767043
145,5.293880837359098,7.125603864734299,8.53462157809984,59.225711218464845,1.1205045625335481,5.978260869565218,10.21202361782072,2.167203435319377,0.06709608158883522,0.2616747181964573,0.013419216317767043
146,5.367686527106817,7.125603864734299,10.466988727858293,56.57541599570585,1.1205045625335481,5.481749865807837,11.044015029522276,2.475845410628019,0.06709608158883522,0.2616747181964573,0.013419216317767043
147,5.609232420826624,6.964573268921095,10.466988727858293,56.56199677938808,1.1205045625335481,5.46833064949007,10.990338164251208,2.475845410628019,0.06709608158883522,0.2616747181964573,0.013419216317767043
148,5.622651637144391,6.964573268921095,10.466988727858293,56.44122383252818,1.1205045625335481,5.46833064949007,10.990338164251208,2.5831991411701556,0.06709608158883522,0.2616747181964573,0.013419216317767043
149,5.622651637144391,6.964573268921095,10.466988727858293,56.394256575415994,1.1205045625335481,5.46833064949007,10.983628556092324,2.636876006441224,0.06709608158883522,0.2616747181964573,0.013419216317767043
150,5.595813204508857,6.072195383789587,10.446859903381643,55.28046162104133,1.1205045625335481,7.521470746108427,10.983628556092324,2.636876006441224,0.06709608158883522,0.2616747181964573,0.013419216317767043
151,5.743424584004294,6.072195383789587,10.433440687063875,55.14626945786366,1.1205045625335481,7.521470746108427,10.983628556092324,2.636876006441224,0.06709608158883522,0.2616747181964573,0.013419216317767043
152,5.998389694041868,6.072195383789587,10.38647342995169,54.82420826623725,1.1205045625335481,7.50805152979066,10.950080515297907,2.7979066022544283,0.06709608158883522,0.2616747181964573,0.013419216317767043
153,6.132581857219538,6.072195383789587,10.38647342995169,54.71685453569511,1.1205045625335481,7.481213097155126,10.950080515297907,2.7979066022544283,0.06709608158883522,0.2616747181964573,0.013419216317767043
154,6.327160493827161,6.072195383789587,10.265700483091788,55.28717122920021,1.1205045625335481,7.474503488996243,10.312667740203972,2.7979066022544283,0.06709608158883522,0.2616747181964573,0.013419216317767043
155,6.407675791733762,6.045356951154052,10.265700483091788,55.28717122920021,1.1205045625335481,7.447665056360709,10.285829307568438,2.7979066022544283,0.06709608158883522,0.2616747181964573,0.013419216317767043
156,6.508319914117015,6.045356951154052,10.265700483091788,54.99194847020934,1.1205045625335481,7.447665056360709,10.285829307568438,2.9924852388620504,0.06709608158883522,0.2616747181964573,0.013419216317767043
157,5.689747718733226,4.394793344068707,7.709339774557166,61.78878153515835,0.5636070853462157,6.951154052603328,9.480676328502415,3.113258185721954,0.06709608158883522,0.2281266774020397,0.013419216317767043
158,5.589103596349974,3.9318303811057436,7.689210950080516,54.06602254428341,0.5568974771873323,6.3137412775093935,18.699677938808374,2.8784219001610305,0.06709608158883522,0.19457863660762212,0.013419216317767043
159,5.662909286097692,3.9318303811057436,7.689210950080516,54.01905528717123,0.5568974771873323,6.3137412775093935,18.67283950617284,2.8784219001610305,0.06709608158883522,0.19457863660762212,0.013419216317767043
160,5.9514224369296835,3.9318303811057436,7.481213097155126,53.95195920558239,0.5568974771873323,6.3137412775093935,18.659420289855074,2.8784219001610305,0.06709608158883522,0.19457863660762212,0.013419216317767043
161,6.112453032742888,3.9318303811057436,7.481213097155126,53.84460547504026,0.5568974771873323,6.3137412775093935,18.605743424584006,2.8784219001610305,0.06709608158883522,0.19457863660762212,0.013419216317767043
162,6.4412238325281805,3.864734299516908,7.467793880837359,53.42860976918948,0.5568974771873323,6.280193236714976,18.49838969404187,3.1870638754696725,0.06709608158883522,0.19457863660762212,0.013419216317767043
163,6.481481481481482,3.864734299516908,7.467793880837359,53.12667740203972,0.5568974771873323,6.602254428341385,18.438003220611915,3.1870638754696725,0.06709608158883522,0.19457863660762212,0.013419216317767043
164,6.575415995705851,3.864734299516908,7.467793880837359,53.052871712292,0.5568974771873323,6.602254428341385,18.397745571658614,3.1870638754696725,0.06709608158883522,0.2147074610842727,0.013419216317767043
165,6.756575415995706,3.864734299516908,7.467793880837359,53.03274288781535,0.5568974771873323,6.5485775630703165,18.290391841116477,3.1870638754696725,0.06709608158883522,0.2147074610842727,0.013419216317767043
166,7.0383789586688135,3.844605475040258,7.461084272678476,52.824745034889965,0.5568974771873323,6.515029522275899,18.276972624798713,3.1870638754696725,0.06709608158883522,0.2147074610842727,0.013419216317767043
167,7.326892109500805,3.8043478260869565,7.4141170155662905,52.71068169618894,0.5568974771873323,6.481481481481482,18.23671497584541,3.1736446591519054,0.06709608158883522,0.2147074610842727,0.013419216317767043
168,7.461084272678476,3.8043478260869565,7.340311325818572,52.71068169618894,0.5568974771873323,6.454643048845948,18.203166935050994,3.1736446591519054,0.06709608158883522,0.2147074610842727,0.013419216317767043
169,7.575147611379496,3.784219001610306,7.340311325818572,52.61674718196457,0.5568974771873323,6.454643048845948,18.203166935050994,3.1736446591519054,0.06709608158883522,0.2147074610842727,0.013419216317767043
170,7.729468599033816,3.784219001610306,7.340311325818572,52.50939345142244,0.5568974771873323,6.454643048845948,18.156199677938808,3.1736446591519054,0.06709608158883522,0.2147074610842727,0.013419216317767043
171,8.07836822329576,3.7372517444981215,7.340311325818572,52.36849168008588,0.5367686527106817,6.454643048845948,18.015297906602253,3.1736446591519054,0.06709608158883522,0.2147074610842727,0.013419216317767043
172,8.239398819108963,3.7372517444981215,7.340311325818572,52.234299516908216,0.5367686527106817,6.454643048845948,18.00187869028449,3.1602254428341383,0.06709608158883522,0.2147074610842727,0.013419216317767043
173,8.373590982286634,3.7372517444981215,7.340311325818572,52.234299516908216,0.5367686527106817,6.454643048845948,17.914653784219002,3.113258185721954,0.06709608158883522,0.2147074610842727,0.013419216317767043
174,8.507783145464305,3.7372517444981215,7.2933440687063875,52.16720343531938,0.5367686527106817,6.588835212023618,17.76033279656468,3.113258185721954,0.06709608158883522,0.2147074610842727,0.013419216317767043
175,8.568169618894256,3.7372517444981215,7.2933440687063875,52.10681696188943,0.5367686527106817,6.588835212023618,17.76033279656468,3.113258185721954,0.06709608158883522,0.2147074610842727,0.013419216317767043
176,8.648684916800859,3.3682232957595275,7.2933440687063875,51.73778851315083,1.2278582930756843,6.588835212023618,17.726784755770264,3.113258185721954,0.06709608158883522,0.2147074610842727,0.013419216317767043
177,8.896940418679549,3.3682232957595275,7.2933440687063875,51.43585614600107,1.2278582930756843,6.588835212023618,17.612721417069242,3.2004830917874396,0.06709608158883522,0.2952227589908749,0.013419216317767043
178,8.668813741277509,2.9723564143853998,7.25979602791197,55.193236714975846,1.2278582930756843,4.951690821256038,16.049382716049383,3.2004830917874396,0.06709608158883522,0.4092860976918948,
179,8.943907675791733,2.9723564143853998,7.253086419753086,55.08588298443371,1.1137949543746646,4.944981213097155,15.868223295759528,3.2004830917874396,0.06709608158883522,0.5501878690284487,
180,8.662104133118627,2.9589371980676327,7.253086419753086,57.52147074610843,1.1137949543746646,4.508856682769726,14.231078904991948,3.1333870101986045,0.06709608158883522,0.5501878690284487,
181,8.709071390230811,2.952227589908749,7.226247987117552,57.48121309715513,1.1607622114868492,4.508856682769726,14.210950080515298,3.1333870101986045,0.06709608158883522,0.5501878690284487,
182,8.796296296296296,2.952227589908749,7.212828770799785,57.360440150295226,1.1607622114868492,4.87788513150832,14.210950080515298,2.8113258185721954,0.06709608158883522,0.5501878690284487,
183,8.984165324745035,2.952227589908749,7.192699946323135,57.058507783145465,1.2345679012345678,4.871175523349437,14.197530864197532,2.8918411164787976,0.06709608158883522,0.5501878690284487,
184,9.098228663446054,2.952227589908749,7.192699946323135,56.60225442834138,1.2345679012345678,4.871175523349437,14.197530864197532,3.2340311325818574,0.06709608158883522,0.5501878690284487,
185,9.205582393988191,2.9388083735909825,7.185990338164252,56.515029522275896,1.2345679012345678,4.871175523349437,14.197530864197532,3.2340311325818574,0.06709608158883522,0.5501878690284487,
186,9.245840042941492,2.9388083735909825,7.185990338164252,56.50161030595813,1.2077294685990339,4.871175523349437,14.197530864197532,3.2340311325818574,0.06709608158883522,0.5501878690284487,
187,9.380032206119163,2.8918411164787976,7.1725711218464845,56.46806226516372,1.2077294685990339,4.871175523349437,14.15727321524423,3.2340311325818574,0.06709608158883522,0.5501878690284487,
188,9.426999463231347,2.885131508319914,7.018250134192163,56.44122383252818,1.2077294685990339,4.871175523349437,14.15727321524423,3.2340311325818574,0.06709608158883522,0.6910896403650026,
189,9.574610842726784,2.885131508319914,7.018250134192163,56.19967793880837,1.2077294685990339,4.8443370907139025,14.04320987654321,3.361513687600644,0.06709608158883522,0.798443370907139,
190,9.567901234567902,2.871712292002147,6.984702093397746,56.105743424584006,1.3687600644122384,4.8443370907139025,14.029790660225443,3.361513687600644,0.06709608158883522,0.798443370907139,
191,9.648416532474503,2.871712292002147,6.984702093397746,56.025228126677405,1.3687600644122384,4.8443370907139025,14.029790660225443,3.361513687600644,0.06709608158883522,0.798443370907139,
192,9.695383789586689,2.871712292002147,6.984702093397746,55.43478260869565,1.8115942028985508,4.8443370907139025,14.016371443907676,3.475577026301664,0.06709608158883522,0.798443370907139,
193,10.037573805689748,2.8650026838432634,6.9310252281266775,55.16639828234031,1.8115942028985508,4.8376274825550185,14.009661835748792,3.475577026301664,0.06709608158883522,0.798443370907139,
194,10.205314009661835,2.8381642512077296,6.9310252281266775,54.99194847020934,1.90552871712292,4.8376274825550185,14.009661835748792,3.421900161030596,0.06709608158883522,0.7917337627482555,
195,10.433440687063875,2.818035426731079,6.91760601180891,54.58266237251745,2.167203435319377,4.7168545356951155,14.002952227589908,3.502415458937198,0.06709608158883522,0.7917337627482555,
196,10.567632850241546,2.818035426731079,7.004830917874396,54.50214707461084,2.167203435319377,4.7168545356951155,13.94927536231884,3.4151905528717124,0.06709608158883522,0.7917337627482555,
197,10.63472893183038,2.818035426731079,6.964573268921095,54.47530864197531,2.167203435319377,4.817498658078368,13.848631239935587,3.4151905528717124,0.06709608158883522,0.7917337627482555,
198,10.674986580783683,2.818035426731079,6.964573268921095,54.39479334406871,2.1604938271604937,4.884594739667204,13.848631239935587,3.3950617283950617,0.06709608158883522,0.7917337627482555,
199,10.789049919484702,2.818035426731079,6.9310252281266775,54.34111647879764,2.1604938271604937,4.884594739667204,13.821792807300053,3.3950617283950617,0.06709608158883522,0.7917337627482555,
200,10.829307568438002,2.818035426731079,6.9310252281266775,54.30085882984434,2.1604938271604937,4.884594739667204,13.821792807300053,3.3950617283950617,0.06709608158883522,0.7917337627482555,
201,11.017176596886742,2.804616210413312,6.9310252281266775,54.166666666666664,2.1806226516371443,4.85775630703167,13.808373590982287,3.374932903918411,0.06709608158883522,0.7917337627482555,
202,11.037305421363392,2.804616210413312,6.9310252281266775,54.146537842190014,2.1806226516371443,4.85775630703167,13.808373590982287,3.374932903918411,0.06709608158883522,0.7917337627482555,
203,11.131239935587761,2.804616210413312,6.9310252281266775,54.07944176060118,2.1806226516371443,4.85775630703167,13.781535158346752,3.374932903918411,0.06709608158883522,0.7917337627482555,
204,11.386205045625335,2.804616210413312,6.9310252281266775,53.92512077294686,2.1806226516371443,4.85775630703167,13.6808910359635,3.374932903918411,0.06709608158883522,0.7917337627482555,
205,11.56736446591519,2.804616210413312,6.9310252281266775,53.636607622114866,2.1806226516371443,4.85775630703167,13.667471819645733,3.4957058507783145,0.06709608158883522,0.7917337627482555,
206,11.808910359634996,2.804616210413312,6.9243156199677935,53.38164251207729,2.1806226516371443,4.824208266237251,13.607085346215781,3.6097691894793345,0.06709608158883522,0.7917337627482555,
207,11.902844873859367,2.804616210413312,6.890767579173376,53.32125603864734,2.1806226516371443,4.824208266237251,13.607085346215781,3.6097691894793345,0.06709608158883522,0.7917337627482555,
208,12.090713902308105,2.804616210413312,6.870638754696726,52.91867954911433,2.15378421900161,5.119431025228127,13.479602791196994,3.589640365002684,0.06709608158883522,0.9057971014492754,
209,12.184648416532475,2.804616210413312,6.857219538378959,52.71739130434783,2.2879763821792807,5.119431025228127,13.45276435856146,3.603059581320451,0.06709608158883522,0.9057971014492754,
210,12.372517444981213,2.804616210413312,6.830381105743425,52.41545893719807,2.200751476113795,5.10601180891036,13.439345142243694,3.8580246913580245,0.06709608158883522,0.9057971014492754,
211,12.392646269457863,2.804616210413312,6.830381105743425,52.32823403113258,2.200751476113795,5.233494363929147,13.378958668813741,3.8580246913580245,0.06709608158883522,0.9057971014492754,
212,12.5,2.757648953301127,6.696188942565755,52.04643048845947,2.0531400966183573,5.58239398819109,13.318572195383789,4.072732152442297,0.06709608158883522,0.9057971014492754,
213,12.587224906065487,2.757648953301127,6.6827697262479875,51.83843263553408,3.0730005367686526,5.58239398819109,12.385936661298981,4.072732152442297,0.06709608158883522,0.95276435856146,
214,12.68786902844874,2.757648953301127,6.6827697262479875,51.831723027375205,3.0730005367686526,5.5756843800322065,12.318840579710145,4.052603327965647,0.06709608158883522,0.95276435856146,
215,12.795222758990874,2.757648953301127,6.6827697262479875,51.7512077294686,3.1199677938808374,5.5756843800322065,12.265163714439076,4.032474503488996,0.06709608158883522,0.95276435856146,
216,12.869028448738593,2.757648953301127,6.662640901771336,51.65727321524423,3.180354267310789,5.5756843800322065,12.198067632850242,4.086151368760064,0.06709608158883522,0.9460547504025765,
217,13.023349436392914,2.757648953301127,6.655931293612453,51.61701556629093,3.1535158346752548,5.522007514761138,12.198067632850242,4.05931293612453,0.06709608158883522,0.9460547504025765,
218,13.063607085346217,2.757648953301127,6.655931293612453,51.509661835748794,3.1535158346752548,5.522007514761138,12.057165861513688,4.274020397208803,0.06709608158883522,0.9393451422436929,
219,13.20450885668277,2.757648953301127,6.655931293612453,51.368760064412236,3.1535158346752548,5.522007514761138,12.057165861513688,4.274020397208803,0.06709608158883522,0.9393451422436929,
220,13.365539452495975,2.757648953301127,6.655931293612453,51.268115942028984,3.1333870101986045,5.508588298443371,12.030327428878154,4.274020397208803,0.06709608158883522,0.9393451422436929,
221,13.285024154589372,2.677133655394525,6.602254428341385,50.32877079978529,3.0327428878153517,6.816961889425658,11.902844873859367,4.3478260869565215,0.06709608158883522,0.9393451422436929,
222,13.030059044551798,2.677133655394525,6.515029522275899,50.08722490606549,3.0059044551798175,6.662640901771336,12.835480407944177,4.253891572732153,0.06709608158883522,0.8655394524959742,
223,13.123993558776167,2.576489533011272,6.508319914117015,49.7987117552335,3.3548040794417604,6.662640901771336,12.795222758990874,4.253891572732153,0.06709608158883522,0.8588298443370908,
224,13.217928073000536,2.576489533011272,6.508319914117015,49.71819645732689,3.3548040794417604,6.662640901771336,12.795222758990874,4.240472356414386,0.06709608158883522,0.8588298443370908,
225,13.177670424047236,2.4892646269457863,6.508319914117015,49.5504562533548,3.616478797638218,6.662640901771336,12.68786902844874,4.38137412775094,0.06709608158883522,0.8588298443370908,
