,45,50,55,52,54,57,51,53,56,59,58,61,60,62,46,63,47
0,94.5450885668277,5.4549114331723025,,,,,,,,,,,,,,,
1,53.46886741814278,46.363392377885134,0.16774020397208803,,,,,,,,,,,,,,
2,45.531400966183575,52.14707461084273,0.5971551261406334,1.724369296833065,,,,,,,,,,,,,
3,45.52469135802469,52.07326892109501,0.6776704240472357,1.724369296833065,,,,,,,,,,,,,
4,45.17579173376275,52.26784755770263,0.6709608158883521,1.724369296833065,0.1610305958132045,,,,,,,,,,,,
5,44.639023081052066,52.623456790123456,0.8521202361782072,1.724369296833065,0.1610305958132045,,,,,,,,,,,,
6,44.53166935050993,52.47584541062802,1.42914653784219,1.3486312399355878,0.1610305958132045,0.05367686527106817,,,,,,,,,,,
7,44.41089640365003,52.36849168008588,1.6304347826086956,1.3754696725711217,0.1610305958132045,0.05367686527106817,,,,,,,,,,,
8,39.85507246376812,32.118894256575416,0.9728931830381106,7.716049382716049,1.9524959742351047,0.03354804079441761,13.47289318303811,3.6902844873859366,0.1878690284487386,,,,,,,,
9,39.78797638217928,30.287171229200215,3.6902844873859366,6.944444444444445,1.8585614600107354,0.06038647342995169,13.459473966720344,3.6902844873859366,0.20128824476650564,0.020128824476650563,,,,,,,
10,38.58024691358025,27.66371443907676,3.8378958668813743,11.225174449812132,1.8585614600107354,0.07380568974771873,12.828770799785293,3.6902844873859366,0.2214170692431562,0.020128824476650563,,,,,,,
11,36.89613526570049,29.186795491143318,3.8177670424047236,14.13714439076758,1.8585614600107354,0.18115942028985507,10.111379495437467,3.6634460547504024,0.06709608158883522,0.020128824476650563,0.026838432635534086,0.03354804079441761,,,,,
12,36.35265700483092,29.59608158883521,3.8915727321524423,14.096886741814279,1.8585614600107354,0.20799785292538917,10.144927536231885,3.6231884057971016,0.08722490606548577,0.020128824476650563,0.08722490606548577,0.03354804079441761,,,,,
13,35.63472893183038,29.837627482555018,3.9452495974235107,14.056629092860977,1.9189479334406871,0.2549651100375738,10.453569511540525,3.6231884057971016,0.13419216317767044,0.020128824476650563,0.08722490606548577,0.03354804079441761,,,,,
14,29.958400429414922,27.314814814814813,3.5762211486849167,13.935856146001074,2.38191089640365,0.2549651100375738,16.31105743424584,5.984970477724101,0.14090177133655393,0.0067096081588835215,0.10064412238325282,0.03354804079441761,,,,,
15,27.87842190016103,29.314278046162105,3.643317230273752,13.855340848094471,2.4154589371980677,0.33548040794417605,16.27750939345142,5.984970477724101,0.15432098765432098,0.0067096081588835215,0.10064412238325282,0.03354804079441761,,,,,
16,24.60413311862587,32.54830917874396,3.6500268384326353,13.734567901234568,3.8378958668813743,0.4562533548040794,14.875201288244767,5.9514224369296835,0.16774020397208803,0.0067096081588835215,0.13419216317767044,0.03354804079441761,,,,,
17,24.295491143317232,31.80354267310789,3.898282340311326,13.922436929683306,3.3682232957595275,0.46967257112184646,14.472624798711756,7.353730542136339,0.24154589371980675,0.03354804079441761,0.10735373054213634,0.03354804079441761,,,,,
18,24.322329575952764,31.769994632313473,3.9452495974235107,13.882179280730005,3.3279656468062266,0.5032206119162641,14.472624798711756,7.313472893183038,0.24154589371980675,0.03354804079441761,0.13419216317767044,0.03354804079441761,0.020128824476650563,,,,
19,22.98040794417606,31.850509930220074,4.53569511540526,13.43263553408481,3.3950617283950617,0.5032206119162641,15.53274288781535,7.253086419753086,0.2616747181964573,0.03354804079441761,0.16774020397208803,0.03354804079441761,0.020128824476650563,,,,
20,22.906602254428343,31.53515834675255,4.730273752012883,13.425925925925926,3.5091250670960816,0.5032206119162641,15.546162104133119,7.253086419753086,0.33548040794417605,0.03354804079441761,0.16774020397208803,0.03354804079441761,0.020128824476650563,,,,
21,22.86634460547504,31.40096618357488,4.830917874396135,13.41250670960816,3.4822866344605474,0.5166398282340311,15.566290928609769,7.273215244229737,0.3488996242619431,0.03354804079441761,0.18115942028985507,0.03354804079441761,0.05367686527106817,,,,
22,22.805958132045088,31.333870101986044,4.8376274825550185,13.20450885668277,4.730273752012883,0.6910896403650026,14.257917337627482,7.25979602791197,0.5300590445517982,0.03354804079441761,0.18115942028985507,0.03354804079441761,0.10064412238325282,,,,
23,22.302737520128826,30.005367686527105,4.817498658078368,13.137412775093935,4.730273752012883,0.6910896403650026,16.022544283413847,7.253086419753086,0.6105743424584005,0.03354804079441761,0.24825550187869028,0.03354804079441761,0.11406333870101985,,,,
24,22.18196457326892,30.05233494363929,4.8376274825550185,13.036768652710682,4.636339237788513,0.6776704240472357,16.035963499731615,7.226247987117552,0.8118625872249061,0.03354804079441761,0.27509393451422437,0.03354804079441761,0.1610305958132045,,,,
25,21.81964573268921,28.026033279656467,4.9718196457326895,12.949543746645196,4.636339237788513,0.7581857219538379,18.250134192163177,7.179280730005368,0.8722490606548577,0.03354804079441761,0.28180354267310787,0.03354804079441761,0.1878690284487386,,,,
26,21.806226516371442,27.84487385936661,4.998658078368224,9.816156736446592,10.279119699409554,0.6172839506172839,16.27750939345142,7.1658615136876005,0.6575415995705851,0.03354804079441761,0.28180354267310787,0.03354804079441761,0.1878690284487386,,,,
27,21.77938808373591,27.435587761674718,5.159688674181428,9.977187332259795,8.883521202361782,0.644122383252818,15.861513687600644,8.977455716586151,0.6575415995705851,0.05367686527106817,0.3488996242619431,0.03354804079441761,0.1878690284487386,,,,
28,21.826355340848096,27.355072463768117,5.159688674181428,9.950348899624261,8.876811594202898,0.6642512077294686,15.687063875469672,9.07139023081052,0.7246376811594203,0.07380568974771873,0.38915727321524424,0.03354804079441761,0.1878690284487386,,,,
29,15.190552871712292,40.4723564143854,7.6623725174449815,7.333601717659689,8.507783145464305,0.6843800322061192,9.728931830381105,9.044551798174986,0.644122383252818,0.0939345142243693,0.41599570585077833,0.03354804079441761,0.1878690284487386,,,,
30,15.136876006441224,38.96269457863661,7.179280730005368,5.441492216854535,10.48040794417606,0.49651100375738055,9.520933977455716,11.426462694578637,0.630703166935051,0.0939345142243693,0.43612453032742887,0.03354804079441761,0.1610305958132045,,,,
31,15.190552871712292,38.81508319914117,7.253086419753086,5.428073000536768,10.493827160493828,0.5099302200751477,9.494095544820183,11.426462694578637,0.6575415995705851,0.0939345142243693,0.43612453032742887,0.03354804079441761,0.16774020397208803,,,,
32,15.143585614600108,34.024422973698336,4.522275899087493,4.441760601180891,7.326892109500805,0.46296296296296297,24.84567901234568,8.11862587224906,0.49651100375738055,0.12077294685990338,0.2885131508319914,0.040257648953301126,0.16774020397208803,,,,
33,15.056360708534621,33.7962962962963,4.616210413311863,4.414922168545357,7.326892109500805,0.48980139559849706,25.087224906065487,8.044820182501342,0.5233494363929146,0.12077294685990338,0.2885131508319914,0.040257648953301126,0.19457863660762212,,,,
34,14.720880300590446,31.830381105743424,4.616210413311863,6.877348362855609,7.313472893183038,0.5233494363929146,24.90606548577563,8.024691358024691,0.5367686527106817,0.12077294685990338,0.2952227589908749,0.040257648953301126,0.19457863660762212,,,,
35,14.761137949543746,31.790123456790123,4.643048845947397,6.863929146537842,7.326892109500805,0.5636070853462157,24.771873322597962,7.9039184111647875,0.6172839506172839,0.0939345142243693,0.41599570585077833,0.040257648953301126,0.20799785292538917,,,,
36,14.734299516908212,31.769994632313473,4.690016103059581,6.816961889425658,7.326892109500805,0.5636070853462157,24.751744498121308,7.856951154052603,0.6374127750939346,0.0939345142243693,0.5099302200751477,0.040257648953301126,0.20799785292538917,,,,
37,14.714170692431562,31.28690284487386,4.790660225442834,8.313204508856682,6.729736983360172,0.5770263016639828,24.65780998389694,7.501341921631776,0.6374127750939346,0.06709608158883522,0.47638217928073,0.040257648953301126,0.20799785292538917,,,,
38,13.754696725711218,30.99838969404187,5.22007514761138,9.554482018250134,6.723027375201288,0.5032206119162641,24.27536231884058,7.48792270531401,0.6910896403650026,0.06709608158883522,0.47638217928073,0.040257648953301126,0.20799785292538917,,,,
39,13.747987117552334,30.9447128287708,5.146269457863661,9.426999463231347,6.702898550724638,0.6508319914117016,24.18142780461621,7.48792270531401,0.8185721953837896,0.07380568974771873,0.5032206119162641,0.040257648953301126,0.27509393451422437,,,,
40,13.117283950617283,29.334406870638755,5.260332796564681,11.225174449812132,5.394524959742351,0.48980139559849706,25.865539452495973,7.48792270531401,0.8923778851315083,0.08722490606548577,0.5032206119162641,0.040257648953301126,0.30193236714975846,,,,
41,13.036768652710682,28.992216854535695,5.260332796564681,11.131239935587761,6.454643048845948,0.5367686527106817,23.101180891035963,9.681964573268921,0.8722490606548577,0.08722490606548577,0.5032206119162641,0.040257648953301126,0.30193236714975846,,,,
42,13.023349436392914,28.945249597423512,5.300590445517981,11.017176596886742,5.434782608695652,0.6508319914117016,21.524422973698336,11.963231347289318,1.1674718196457328,0.08722490606548577,0.5434782608695652,0.040257648953301126,0.30193236714975846,,,,
43,13.01663982823403,28.20048309178744,5.199946323134729,12.949543746645196,4.448470209339774,0.6642512077294686,20.618625872249062,12.902576489533011,1.1137949543746646,0.10064412238325282,0.46296296296296297,0.040257648953301126,0.28180354267310787,,,,
44,12.915995705850777,26.40901771336554,7.011540526033279,9.829575952764358,5.4549114331723025,0.5233494363929146,23.718464841653248,11.862587224906065,1.2077294685990339,0.10064412238325282,0.5770263016639828,0.040257648953301126,0.3488996242619431,,,,
45,12.895866881374127,26.281535158346752,6.219806763285024,11.574074074074074,5.045625335480408,0.4830917874396135,23.68491680085883,11.842458400429415,1.1406333870101986,0.08722490606548577,0.4428341384863124,,0.30193236714975846,,,,
46,12.922705314009661,25.684380032206118,6.166129898013956,11.52710681696189,5.032206119162641,0.4830917874396135,23.62453032742888,12.432903918411165,1.2546967257112185,0.08722490606548577,0.46967257112184646,,0.3153515834675255,,,,
47,12.848899624261943,25.201288244766506,6.3070316693505095,11.513687600644122,5.387815351583468,0.4830917874396135,23.463499731615673,12.426194310252281,1.415727321524423,0.08722490606548577,0.47638217928073,,0.38915727321524424,,,,
48,4.166666666666667,50.214707461084274,6.005099302200751,12.432903918411165,3.9519592055823938,0.5032206119162641,13.781535158346752,7.2933440687063875,1.06682769726248,0.06038647342995169,0.13419216317767044,,0.38915727321524424,,,,
49,4.119699409554482,50.14761137949544,6.152710681696189,12.432903918411165,3.9519592055823938,0.5032206119162641,13.741277509393452,7.2933440687063875,1.1003757380568975,0.06038647342995169,0.13419216317767044,,0.36231884057971014,,,,
50,2.475845410628019,42.1833064949007,4.851046698872786,9.728931830381105,3.8714439076757916,0.5568974771873323,27.47584541062802,7.246376811594203,1.1003757380568975,0.06038647342995169,0.12077294685990338,,0.32877079978529256,,,,
51,2.509393451422437,42.04240472356415,4.9718196457326895,9.728931830381105,3.730542136339238,0.5568974771873323,27.449006977992486,7.246376811594203,1.2546967257112185,0.07380568974771873,0.12077294685990338,,0.3153515834675255,,,,
52,2.5295222758990876,41.86795491143317,5.24020397208803,9.708803005904455,3.7037037037037037,0.5703166935050993,27.28797638217928,7.212828770799785,1.2815351583467525,0.07380568974771873,0.1610305958132045,,0.36231884057971014,,,,
53,2.6167471819645733,41.56602254428341,5.35426731078905,9.695383789586689,4.30756843800322,0.5971551261406334,26.78475577026302,7.192699946323135,1.3150831991411702,0.07380568974771873,0.16774020397208803,,0.32877079978529256,,,,
54,2.61003757380569,41.42512077294686,5.421363392377885,10.507246376811594,4.05931293612453,0.5501878690284487,26.704240472356414,6.78341384863124,1.2949543746645196,0.16774020397208803,0.16774020397208803,,0.30864197530864196,,,,
55,2.61003757380569,41.23054213633924,5.615942028985507,10.507246376811594,4.045893719806763,0.5837359098228664,26.663982823403114,6.756575415995706,1.3352120236178207,0.13419216317767044,0.19457863660762212,,0.322061191626409,,,,
56,2.5966183574879227,41.2037037037037,5.656199677938808,10.46027911969941,4.072732152442297,0.630703166935051,26.529790660225444,6.702898550724638,1.4626945786366077,0.13419216317767044,0.2281266774020397,,0.322061191626409,,,,
57,2.636876006441224,41.06951154052604,5.83064949006978,10.446859903381643,4.133118625872249,0.6776704240472357,26.462694578636608,6.615673644659152,1.4358561460010735,0.14090177133655393,0.2616747181964573,,0.2885131508319914,,,,
58,2.6502952227589907,40.82796564680623,5.924584004294149,8.641975308641975,4.1129898013955986,0.6508319914117016,28.75738056897477,6.615673644659152,1.1205045625335481,0.15432098765432098,0.2616747181964573,,0.28180354267310787,,,,
59,2.6972624798711755,38.056897477187334,5.924584004294149,8.628556092324208,4.126409017713366,0.6776704240472357,28.69699409554482,9.265968867418144,1.107085346215781,0.15432098765432098,0.36902844873859364,,0.28180354267310787,0.013419216317767043,,,
60,1.9927536231884058,32.018250134192165,5.797101449275362,16.25738056897477,4.126409017713366,0.6575415995705851,28.18035426731079,8.997584541062801,1.1406333870101986,0.15432098765432098,0.36902844873859364,,0.2952227589908749,0.013419216317767043,,,
61,2.01959205582394,31.99141170155663,5.844068706387547,16.210413311862588,4.126409017713366,0.6910896403650026,28.14680622651637,8.99087493290392,1.133923778851315,0.15432098765432098,0.3824476650563607,,0.2952227589908749,0.013419216317767043,,,
62,2.033011272141707,31.93773483628556,5.911164787976382,15.318035426731079,5.065754159957058,0.6575415995705851,27.999194847020934,8.977455716586151,1.2412775093934514,0.15432098765432098,0.39586688137412773,,0.2952227589908749,0.013419216317767043,,,
63,2.0799785292538915,31.87734836285561,6.005099302200751,15.28448738593666,5.065754159957058,0.6910896403650026,27.87842190016103,8.957326892109501,1.2949543746645196,0.14761137949543746,0.4092860976918948,,0.2952227589908749,0.013419216317767043,,,
64,2.1403650026838434,31.769994632313473,6.112453032742888,15.28448738593666,5.032206119162641,0.7045088566827697,27.636876006441224,8.943907675791733,1.482823403113258,0.15432098765432098,0.4092860976918948,0.020128824476650563,0.2952227589908749,0.013419216317767043,,,
65,2.15378421900161,31.66935050993022,5.971551261406334,14.888620504562533,5.260332796564681,0.7716049382716049,26.77133655394525,9.494095544820183,2.073268921095008,0.15432098765432098,0.4227053140096618,0.04696725711218465,0.30864197530864196,0.013419216317767043,,,
66,2.2342995169082127,31.588835212023618,6.132581857219538,14.861782071927,5.260332796564681,0.7716049382716049,26.52308105206656,9.494095544820183,2.167203435319377,0.15432098765432098,0.46967257112184646,0.04696725711218465,0.28180354267310787,0.013419216317767043,,,
67,2.227589908749329,31.588835212023618,6.132581857219538,14.741009125067096,5.267042404723564,0.8990874932903918,26.482823403113258,9.494095544820183,2.200751476113795,0.15432098765432098,0.46967257112184646,0.04696725711218465,0.28180354267310787,0.013419216317767043,,,
68,2.227589908749329,31.53515834675255,6.213097155126141,13.915727321524423,5.260332796564681,0.8923778851315083,26.221148684916802,9.997316156736447,2.7844873859366612,0.15432098765432098,0.4562533548040794,0.04696725711218465,0.28180354267310787,0.013419216317767043,,,
69,2.2410091250670963,31.414385399892645,6.5552871712292005,13.882179280730005,5.253623188405797,0.9057971014492754,25.979602791196996,9.943639291465379,2.804616210413312,0.1610305958132045,0.5166398282340311,0.04696725711218465,0.28180354267310787,0.013419216317767043,,,
70,2.2208803005904456,31.280193236714975,6.870638754696726,14.834943639291465,4.320987654320987,0.8856682769726248,25.771604938271604,9.943639291465379,2.8381642512077296,0.17444981213097155,0.5166398282340311,0.04696725711218465,0.28180354267310787,0.013419216317767043,,,
71,2.1940418679549114,31.226516371443907,6.877348362855609,16.888083735909824,4.320987654320987,0.8655394524959742,22.477187332259795,11.231884057971014,2.831454643048846,0.17444981213097155,0.5703166935050993,0.04696725711218465,0.28180354267310787,0.013419216317767043,,,
72,1.8853998926462694,40.57971014492754,5.971551261406334,14.432367149758454,2.3215244229736984,0.630703166935051,22.416800858829845,9.386741814278047,1.778046162104133,0.17444981213097155,0.30864197530864196,,0.11406333870101985,,,,
73,1.8317230273752012,40.49248523886205,5.857487922705314,15.150295222758992,3.5762211486849167,0.6642512077294686,21.309715512614062,8.655394524959743,1.8250134192163177,0.17444981213097155,0.322061191626409,,0.14090177133655393,,,,
74,1.8585614600107354,40.41867954911433,5.917874396135265,15.13016639828234,3.5762211486849167,0.644122383252818,21.276167471819647,8.682232957595277,1.8585614600107354,0.17444981213097155,0.322061191626409,,0.14090177133655393,,,,
75,1.8451422436929683,40.08990874932904,6.132581857219538,15.08990874932904,3.9049919484702094,0.6575415995705851,21.26274825550188,8.507783145464305,1.8988191089640365,0.16774020397208803,0.30864197530864196,,0.13419216317767044,,,,
76,1.8853998926462694,39.26462694578637,6.763285024154589,16.17686527106817,4.03918411164788,0.6910896403650026,21.24932903918411,7.27992485238862,2.033011272141707,0.16774020397208803,0.27509393451422437,,0.17444981213097155,,,,
77,1.8183038110574343,35.44685990338164,7.306763285024155,14.834943639291465,3.4151905528717124,0.6642512077294686,26.684111647879764,7.253086419753086,1.8988191089640365,0.20128824476650564,0.30193236714975846,,0.17444981213097155,,,,
78,1.6505636070853462,25.268384326355342,5.609232420826624,14.257917337627482,2.3081052066559313,0.6374127750939346,42.78717122920021,5.870907139023081,1.2077294685990339,0.17444981213097155,0.19457863660762212,,0.03354804079441761,,,,
79,1.6170155662909287,24.416264090177133,5.562265163714439,14.090177133655395,2.2745571658615136,0.7246376811594203,42.619431025228124,7.092055823939882,1.2010198604401503,0.17444981213097155,0.19457863660762212,,0.03354804079441761,,,,
80,1.6572732152442298,24.329039184111647,5.656199677938808,14.023081052066559,2.2745571658615136,0.8051529790660226,42.46511003757381,7.071926999463232,1.3150831991411702,0.17444981213097155,0.19457863660762212,,0.03354804079441761,,,,
81,1.6304347826086956,24.094202898550726,7.018250134192163,13.989533011272142,2.2745571658615136,0.8722490606548577,41.56602254428341,6.796833064949007,1.3419216317767042,0.17444981213097155,0.19457863660762212,,0.04696725711218465,,,,
82,1.5767579173376274,23.03408480944713,6.374127750939345,15.411969940955448,2.2745571658615136,0.8722490606548577,41.17015566290929,7.494632313472893,1.4090177133655395,0.17444981213097155,0.1610305958132045,,0.04696725711218465,,,,
83,1.6505636070853462,20.779656468062264,6.233225979602791,15.35829307568438,10.359634997316157,0.8789586688137413,34.68196457326892,8.111916264090176,1.3821792807300053,0.30864197530864196,0.1610305958132045,0.020128824476650563,0.07380568974771873,,,,
84,1.6505636070853462,19.860440150295222,7.1725711218464845,13.633923778851315,10.272410091250672,0.8722490606548577,34.594739667203434,9.809447128287708,1.4694041867954912,0.4092860976918948,0.1610305958132045,0.020128824476650563,0.07380568974771873,,,,
85,0.9728931830381106,19.243156199677937,6.796833064949007,11.272141706924316,10.138217928073,0.8655394524959742,39.15727321524423,8.957326892109501,1.892109500805153,0.43612453032742887,0.1610305958132045,0.03354804079441761,0.07380568974771873,,,,
86,0.9997316156736447,19.202898550724637,6.6760601180891035,11.225174449812132,10.104669887278583,0.8789586688137413,39.06333870101986,8.923778851315083,2.147074610842727,0.49651100375738055,0.19457863660762212,0.03354804079441761,0.05367686527106817,,,,
87,0.9796027911969941,18.59903381642512,7.353730542136339,11.245303274288782,10.084541062801932,0.8588298443370908,38.94256575415996,8.896940418679549,2.214170692431562,0.5434782608695652,0.19457863660762212,0.03354804079441761,0.05367686527106817,,,,
88,0.9930220075147611,18.552066559312937,7.380568974771873,11.20504562533548,10.11808910359635,0.8722490606548577,38.888888888888886,8.856682769726248,2.2611379495437465,0.5434782608695652,0.24154589371980675,0.03354804079441761,0.05367686527106817,,,,
89,1.0064412238325282,18.169618894256576,7.836822329575953,11.198336017176597,10.11808910359635,0.8722490606548577,38.77482555018787,8.84326355340848,2.3081052066559313,0.5434782608695652,0.24154589371980675,0.03354804079441761,0.05367686527106817,,,,
90,1.0131508319914118,18.075684380032207,7.917337627482555,13.144122383252817,10.044283413848632,0.9460547504025765,36.77536231884058,8.729200214707461,2.408749329039184,0.6172839506172839,0.24154589371980675,0.03354804079441761,0.05367686527106817,,,,
91,1.0332796564680622,16.75389157273215,6.588835212023618,12.915995705850777,9.970477724100913,1.0534084809447128,36.594202898550726,11.654589371980677,2.4825550187869028,0.6239935587761675,0.24154589371980675,0.03354804079441761,0.05367686527106817,,,,
92,1.0466988727858293,16.74718196457327,6.602254428341385,12.902576489533011,9.970477724100913,1.1003757380568975,36.533816425120776,11.332528180354267,2.4825550187869028,0.6374127750939346,0.5568974771873323,0.03354804079441761,0.05367686527106817,,,,
93,1.0265700483091786,16.6935050993022,6.608964036500268,12.882447665056361,9.802737520128824,1.107085346215781,36.41304347826087,11.3191089640365,2.623456790123457,0.7246376811594203,0.6776704240472357,0.03354804079441761,0.08722490606548577,,,,
94,1.0802469135802468,16.49892646269458,6.810252281266774,12.855609232420827,9.842995169082126,1.1205045625335481,36.2385936661299,11.225174449812132,2.7509393451422435,0.7246376811594203,0.7313472893183038,0.03354804079441761,0.08722490606548577,,,,
95,1.107085346215781,16.485507246376812,6.837090713902308,12.801932367149758,9.789318303811058,1.1607622114868492,36.090982286634464,11.191626409017713,2.85829307568438,0.8118625872249061,0.7313472893183038,0.04696725711218465,0.08722490606548577,,,,
96,1.133923778851315,16.451959205582394,6.810252281266774,15.526033279656469,7.306763285024155,1.1808910359634996,35.90311325818572,11.151368760064413,3.0059044551798175,0.7447665056360708,0.6508319914117016,0.04696725711218465,0.08722490606548577,,,,
97,1.1607622114868492,16.445249597423512,6.877348362855609,15.465646806226516,7.313472893183038,1.221148684916801,35.83601717659689,11.137949543746645,2.999194847020934,0.7447665056360708,0.6642512077294686,0.04696725711218465,0.08722490606548577,,,,
98,1.1808910359634996,16.398282340311326,7.024959742351046,15.438808373590982,7.37385936661299,1.2412775093934514,35.668276972624795,11.144659151905529,2.985775630703167,0.7447665056360708,0.6642512077294686,0.04696725711218465,0.08722490606548577,,,,
99,1.1607622114868492,16.391572732152444,6.951154052603328,15.096618357487923,7.340311325818572,1.261406333870102,35.547504025764894,11.178207192699947,3.4688674181427803,0.7783145464304885,0.6642512077294686,0.04696725711218465,0.11406333870101985,,,,
100,1.1808910359634996,16.378153515834676,6.937734836285561,15.096618357487923,7.320182501341922,1.261406333870102,35.42673107890499,11.131239935587761,3.5762211486849167,0.7917337627482555,0.7380568974771873,0.04696725711218465,0.11406333870101985,,,,
101,1.1943102522812667,16.129898013955984,6.998121309715513,14.97584541062802,9.359903381642512,1.2412775093934514,33.73590982286635,10.970209339774557,3.6366076221148687,0.7917337627482555,0.8051529790660226,0.04696725711218465,0.11406333870101985,,,,
102,1.1943102522812667,15.841384863123993,7.051798174986581,15.868223295759528,9.359903381642512,1.261406333870102,33.61513687600644,10.420021470746109,3.629898013955985,0.7917337627482555,0.7716049382716049,0.04696725711218465,0.14761137949543746,,,,
103,1.1943102522812667,15.83467525496511,7.877079978529254,15.331454643048845,9.4873859366613,1.2681159420289856,33.23268921095008,10.258990874932904,3.717122920021471,0.8051529790660226,0.785024154589372,0.06038647342995169,0.14761137949543746,,,,
104,1.247987117552335,15.827965646806227,7.809983896940419,15.250939345142244,9.380032206119163,1.3217928073000538,33.1454643048846,10.265700483091788,3.770799785292539,0.966183574879227,0.785024154589372,0.06038647342995169,0.16774020397208803,,,,
105,1.1876006441223832,15.271068169618895,7.957595276435856,15.217391304347826,9.373322597960279,1.3486312399355878,33.071658615136876,10.775630703166936,3.824476650563607,0.9594739667203436,0.785024154589372,0.06038647342995169,0.16774020397208803,,,,
106,1.1876006441223832,15.190552871712292,7.836822329575953,15.096618357487923,9.695383789586689,1.4559849704777241,32.890499194847024,10.7085346215781,3.9318303811057436,0.9460547504025765,0.8521202361782072,0.06038647342995169,0.14761137949543746,,,,
107,1.2144390767579174,14.955716586151368,7.87037037037037,15.002683843263553,9.648416532474503,1.4559849704777241,32.58185721953838,10.648148148148149,4.508856682769726,1.0399892646269457,0.8655394524959742,0.06038647342995169,0.14761137949543746,,,,
108,1.2412775093934514,14.80810520665593,7.897208803005904,15.01610305958132,10.010735373054214,1.4626945786366077,32.038378958668815,10.326086956521738,4.99194847020934,1.107085346215781,0.8655394524959742,0.06038647342995169,0.17444981213097155,,,,
109,1.2345679012345678,14.412238325281804,8.353462157809984,15.01610305958132,10.00402576489533,1.4626945786366077,31.944444444444443,10.326086956521738,5.038915727321524,1.107085346215781,0.8655394524959742,0.06038647342995169,0.17444981213097155,,,,
110,1.2345679012345678,14.358561460010735,8.199141170155663,14.439076757917338,10.044283413848632,1.415727321524423,31.61567364465915,11.325818572195384,5.139559849704777,1.0802469135802468,0.9125067096081588,0.06038647342995169,0.17444981213097155,,,,
111,1.2278582930756843,12.5,7.139023081052066,18.364197530864196,10.017444981213098,1.442565754159957,31.488191089640367,10.36634460547504,5.246913580246914,1.0802469135802468,0.9326355340848095,0.06038647342995169,0.13419216317767044,,,,
112,1.2345679012345678,12.486580783682234,7.1658615136876005,18.35077831454643,9.950348899624261,1.4962426194310252,31.414385399892645,10.339506172839506,5.280461621041331,1.1674718196457328,0.9192163177670424,0.06038647342995169,0.13419216317767044,,,,
113,1.2345679012345678,12.47987117552335,9.41358024691358,18.136070853462158,9.77589908749329,1.5096618357487923,29.314278046162105,10.238862050456254,5.562265163714439,1.221148684916801,0.9192163177670424,0.06038647342995169,0.13419216317767044,,,,
114,1.2748255501878691,12.473161567364466,9.406870638754697,18.109232420826622,9.73564143853999,1.4962426194310252,29.21363392377885,10.265700483091788,5.649490069779925,1.2278582930756843,0.95276435856146,0.06038647342995169,0.13419216317767044,,,,
115,1.2412775093934514,12.104133118625873,9.426999463231347,18.089103596349972,9.433709071390231,1.482823403113258,29.17337627482555,10.997047772410092,5.736714975845411,1.2278582930756843,0.8923778851315083,0.06038647342995169,0.13419216317767044,,,,
116,1.2412775093934514,12.070585077831455,9.46725711218465,17.901234567901234,9.41358024691358,1.6774020397208802,29.13311862587225,10.997047772410092,5.776972624798712,1.221148684916801,0.8923778851315083,0.06038647342995169,0.14761137949543746,,,,
117,1.2278582930756843,11.90955448201825,9.460547504025765,17.767042404723565,9.25925925925926,1.8115942028985508,28.073000536768653,11.09098228663446,6.991411701556629,1.2681159420289856,0.8789586688137413,0.08722490606548577,0.17444981213097155,,,,
118,1.2278582930756843,11.882716049382717,9.4873859366613,17.673107890499196,9.212292002147075,1.90552871712292,27.965646806226516,11.05072463768116,7.085346215780999,1.328502415458937,0.9192163177670424,0.08722490606548577,0.17444981213097155,,,,
119,1.2748255501878691,11.876006441223833,9.460547504025765,17.619431025228128,9.151905528717123,1.865271068169619,27.938808373590984,11.688137412775093,6.488191089640365,1.3553408480944713,1.0332796564680622,0.07380568974771873,0.17444981213097155,,,,
120,1.2949543746645196,11.869296833064949,9.453837895866881,17.57246376811594,9.111647879763822,1.865271068169619,27.77777777777778,11.674718196457327,6.689479334406871,1.3955984970477724,1.0466988727858293,0.07380568974771873,0.17444981213097155,,,,
121,1.2748255501878691,11.366076221148685,9.232420826623725,17.24369296833065,9.084809447128288,1.8250134192163177,27.100107353730543,13.352120236178207,6.863929146537842,1.402308105206656,1.0064412238325282,0.07380568974771873,0.17444981213097155,,,,
122,1.2681159420289856,11.292270531400966,8.829844337090714,19.994632313472895,8.3064949006978,1.7981749865807837,25.764895330112722,13.352120236178207,6.790123456790123,1.3217928073000538,0.966183574879227,0.14090177133655393,0.17444981213097155,,,,
123,1.3150831991411702,11.20504562533548,9.749060654857756,19.860440150295222,7.991143317230274,1.8518518518518519,25.254965110037574,13.305152979066023,6.843800322061192,1.3419216317767042,0.9796027911969941,0.1274825550187869,0.17444981213097155,,,,
124,1.3150831991411702,11.178207192699947,9.66183574879227,19.343800322061192,7.977724100912507,2.368491680085883,25.174449812130973,13.298443370907139,6.91760601180891,1.42914653784219,0.966183574879227,0.16774020397208803,0.1878690284487386,,0.013419216317767043,,
125,1.328502415458937,11.064143853998926,9.762479871175524,19.32367149758454,7.96430488459474,2.38191089640365,24.993290391841118,13.33870101986044,7.098765432098766,1.4090177133655395,0.966183574879227,0.16774020397208803,0.1878690284487386,,0.013419216317767043,,
126,1.3620504562533549,10.493827160493828,10.721953837895867,19.04186795491143,7.944176060118089,2.395330112721417,24.745034889962426,13.311862587224907,7.112184648416532,1.4492753623188406,1.0534084809447128,0.16774020397208803,0.1878690284487386,,0.013419216317767043,,
127,1.3955984970477724,10.48040794417606,10.7085346215781,19.028448738593667,7.96430488459474,2.3886205045625335,24.67793880837359,13.217928073000536,7.206119162640902,1.5096618357487923,1.0534084809447128,0.16774020397208803,0.1878690284487386,,0.013419216317767043,,
128,1.3888888888888888,10.413311862587225,10.836017176596886,19.02173913043478,7.96430488459474,2.3349436392914655,24.56387546967257,13.217928073000536,7.300053676865271,1.570048309178744,1.0332796564680622,0.16774020397208803,0.17444981213097155,,0.013419216317767043,,
129,1.402308105206656,10.399892646269459,10.849436392914654,18.988191089640367,7.96430488459474,2.3617820719269993,24.54374664519592,13.197799248523886,7.320182501341922,1.570048309178744,1.0466988727858293,0.16774020397208803,0.17444981213097155,,0.013419216317767043,,
130,1.4224369296833066,10.359634997316157,10.903113258185721,18.907675791733762,8.32662372517445,2.3617820719269993,24.396135265700483,12.95625335480408,7.347020933977456,1.5633387010198605,1.1003757380568975,0.16774020397208803,0.17444981213097155,,0.013419216317767043,,
131,1.4224369296833066,10.332796564680622,10.84272678475577,18.874127750939344,8.246108427267847,2.3886205045625335,24.18142780461621,13.378958668813741,7.1725711218464845,1.6170155662909287,1.1473429951690821,0.20799785292538917,0.17444981213097155,,0.013419216317767043,,
132,1.4694041867954912,10.332796564680622,10.755501878690284,17.619431025228128,8.239398819108963,2.3617820719269993,24.114331723027377,13.39237788513151,8.467525496511003,1.6572732152442298,1.1674718196457328,0.23483628556092323,0.17444981213097155,,0.013419216317767043,,
133,1.4694041867954912,10.332796564680622,10.809178743961352,17.58588298443371,8.205850778314547,2.3886205045625335,24.094202898550726,13.358829844337091,8.427267847557703,1.6908212560386473,1.1876006441223832,0.2616747181964573,0.17444981213097155,,0.013419216317767043,,
134,1.4761137949543746,10.319377348362856,10.789049919484702,17.505367686527105,8.239398819108963,2.4691358024691357,24.053945249597422,13.271604938271604,8.487654320987655,1.6975308641975309,1.2412775093934514,0.2616747181964573,0.17444981213097155,,0.013419216317767043,,
135,1.4895330112721417,10.292538915727322,10.856146001073537,17.478529253891573,8.225979602791197,2.49597423510467,23.993558776167472,13.251476113794954,8.521202361782072,1.7042404723564144,1.2412775093934514,0.2683843263553409,0.16774020397208803,,0.013419216317767043,,
136,1.4895330112721417,10.292538915727322,10.815888352120236,17.290660225442835,8.796296296296296,2.4691358024691357,23.658078368223297,13.231347289318304,8.548040794417606,1.7042404723564144,1.2412775093934514,0.2885131508319914,0.1610305958132045,,0.013419216317767043,,
137,1.5096618357487923,10.238862050456254,10.809178743961352,17.16988727858293,8.82313472893183,2.563070316693505,23.59098228663446,13.231347289318304,8.548040794417606,1.7042404723564144,1.2681159420289856,0.36902844873859364,0.1610305958132045,,0.013419216317767043,,
138,1.4895330112721417,10.198604401502953,10.789049919484702,17.122920021470748,8.870101986044014,2.6167471819645733,23.517176596886742,13.238056897477188,8.59500805152979,1.737788513150832,1.2815351583467525,0.36902844873859364,0.1610305958132045,,0.013419216317767043,,
139,1.5365002683843263,10.198604401502953,10.789049919484702,17.05582393988191,8.84326355340848,2.6502952227589907,23.45679012345679,13.24476650563607,8.601717659688674,1.737788513150832,1.3419216317767042,0.36902844873859364,0.1610305958132045,,0.013419216317767043,,
140,1.5767579173376274,10.185185185185185,10.809178743961352,17.05582393988191,8.870101986044014,2.6502952227589907,23.26892109500805,13.22463768115942,8.735909822866345,1.737788513150832,1.3419216317767042,0.36902844873859364,0.1610305958132045,,0.013419216317767043,,
141,1.5767579173376274,10.144927536231885,10.903113258185721,17.022275899087493,8.816425120772946,2.6838432635534084,23.242082662372518,13.22463768115942,8.722490606548577,1.7646269457863661,1.3419216317767042,0.3824476650563607,0.1610305958132045,,0.013419216317767043,,
142,1.6035963499731616,10.144927536231885,11.05072463768116,17.840848094471284,9.333064949006978,2.636876006441224,23.181696188942567,12.620772946859903,7.9106280193236715,1.778046162104133,1.3419216317767042,0.3824476650563607,0.1610305958132045,,0.013419216317767043,,
143,1.7042404723564144,10.071121846484166,11.003757380568974,20.705850778314545,9.306226516371444,2.6301663982823404,21.135265700483092,12.5,7.226247987117552,1.7847557702630166,1.3821792807300053,0.38915727321524424,0.14761137949543746,,0.013419216317767043,,
144,1.7042404723564144,10.071121846484166,11.003757380568974,20.69243156199678,9.145195920558239,2.9119699409554483,20.947396672034355,12.573805689747719,7.340311325818572,1.7176596886741815,1.3419216317767042,0.38915727321524424,0.14761137949543746,,0.013419216317767043,,
145,1.596886741814278,9.762479871175524,11.332528180354267,20.169082125603865,9.453837895866881,2.462426194310252,21.162104133118625,12.265163714439076,8.246108427267847,1.6841116478797638,1.3016639828234031,0.4025764895330113,0.14761137949543746,,0.013419216317767043,,
146,1.6170155662909287,9.675254965110037,11.352657004830919,19.98792270531401,9.447128287707997,2.49597423510467,20.96081588835212,12.72812667740204,8.246108427267847,1.6572732152442298,1.3016639828234031,0.4025764895330113,0.11406333870101985,,0.013419216317767043,,
147,1.6170155662909287,9.634997316156737,11.252012882447666,19.89398819108964,9.380032206119163,2.589908749329039,20.658883521202362,12.808641975308642,8.635265700483092,1.6706924315619969,1.328502415458937,0.4025764895330113,0.11406333870101985,,0.013419216317767043,,
148,1.6371443907675791,9.594739667203436,10.923242082662373,22.17525496511004,9.125067096081589,2.589908749329039,19.679280730005367,12.265163714439076,8.507783145464305,1.6706924315619969,1.3352120236178207,0.4025764895330113,0.08051529790660225,,0.013419216317767043,,
149,1.6438539989264627,9.520933977455716,10.849436392914654,22.29602791196994,9.23913043478261,2.4020397208803006,19.43102522812668,12.406065485775631,8.621846484165324,1.6438539989264627,1.4492753623188406,0.4025764895330113,0.08051529790660225,,0.013419216317767043,,
150,1.6103059581320451,9.46725711218465,10.077831454643048,22.436929683306495,9.225711218464841,2.408749329039184,18.99490069779925,13.882179280730005,8.28636607622115,1.6371443907675791,1.5230810520665594,0.35560923242082665,0.08051529790660225,,0.013419216317767043,,
151,1.6639828234031133,9.400161030595813,10.131508319914117,22.27589908749329,9.118357487922705,2.4154589371980677,18.760064412238325,14.55984970477724,8.011272141706923,1.710950080515298,1.5029522275899088,0.35560923242082665,0.08051529790660225,,0.013419216317767043,,
152,1.6908212560386473,9.386741814278047,10.238862050456254,21.987385936661298,9.104938271604938,2.428878153515835,18.699677938808374,14.761137949543746,8.031400966183575,1.7042404723564144,1.5029522275899088,0.35560923242082665,0.0939345142243693,,0.013419216317767043,,
153,1.6908212560386473,9.366612989801396,10.326086956521738,21.833064949006978,9.151905528717123,2.589908749329039,18.612453032742888,14.667203435319378,7.98443370907139,1.7646269457863661,1.5499194847020934,0.35560923242082665,0.0939345142243693,,0.013419216317767043,,
154,1.724369296833065,9.272678475577026,10.352925389157273,21.792807300053678,9.286097691894794,2.576489533011272,18.53864734299517,14.667203435319378,8.024691358024691,1.737788513150832,1.556629092860977,0.35560923242082665,0.0939345142243693,0.0067096081588835215,0.013419216317767043,,
155,1.7713365539452497,9.272678475577026,10.131508319914117,21.76596886741814,8.903650026838433,2.536231884057971,18.02200751476114,15.942028985507246,7.796564680622652,1.778046162104133,1.6505636070853462,0.35560923242082665,0.05367686527106817,0.0067096081588835215,0.013419216317767043,,
156,1.7981749865807837,9.252549651100376,10.010735373054214,21.70558239398819,9.017713365539452,2.5563607085346214,17.96833064949007,15.921900161030596,7.863660762211487,1.778046162104133,1.6975308641975309,0.35560923242082665,0.05367686527106817,0.0067096081588835215,0.013419216317767043,,
157,1.7981749865807837,9.245840042941492,10.02415458937198,21.70558239398819,9.057971014492754,2.5161030595813205,17.961621041331185,15.888352120236178,7.856951154052603,1.8048845947396672,1.6975308641975309,0.35560923242082665,0.06709608158883522,0.0067096081588835215,0.013419216317767043,,
158,1.7981749865807837,8.796296296296296,9.903381642512077,21.67874396135266,9.037842190016104,2.5161030595813205,19.806763285024154,14.875201288244767,7.843531937734836,1.8115942028985508,1.4962426194310252,0.3488996242619431,0.06709608158883522,0.0067096081588835215,0.013419216317767043,,
159,1.8183038110574343,8.796296296296296,9.88996242619431,21.62506709608159,9.07139023081052,2.4825550187869028,19.79334406870639,14.888620504562533,7.863660762211487,1.7914653784219001,1.5365002683843263,0.35560923242082665,0.06709608158883522,0.0067096081588835215,0.013419216317767043,,
160,1.8853998926462694,8.776167471819646,9.876543209876543,21.537842190016104,9.057971014492754,2.5429414922168547,19.665861513687602,14.848362855609233,7.991143317230274,1.8183038110574343,1.556629092860977,0.35560923242082665,0.06709608158883522,0.0067096081588835215,0.013419216317767043,,
161,1.90552871712292,8.668813741277509,10.017444981213098,21.517713365539453,9.084809447128288,2.49597423510467,19.652442297369834,14.828234031132581,8.017981749865807,1.8250134192163177,1.583467525496511,0.33548040794417605,0.04696725711218465,0.0067096081588835215,0.013419216317767043,,
