,45,50,51,52,54,56,55,53,60,58,59,57,61,46,62,48
0,98.44337090713903,1.556629092860977,,,,,,,,,,,,,,
1,98.19511540526034,1.8048845947396672,,,,,,,,,,,,,,
2,97.71202361782072,2.2879763821792807,,,,,,,,,,,,,,
3,95.34353193773484,4.656468062265164,,,,,,,,,,,,,,
4,94.9476650563607,5.052334943639291,,,,,,,,,,,,,,
5,93.99490069779925,4.582662372517445,1.4224369296833066,,,,,,,,,,,,,
6,90.76757917337628,7.776435856146001,1.42914653784219,0.026838432635534086,,,,,,,,,,,,
7,90.50590445517982,7.997852925389157,1.42914653784219,0.06709608158883522,,,,,,,,,,,,
8,86.60762211486849,11.869296833064949,1.415727321524423,0.06709608158883522,0.026838432635534086,0.013419216317767043,,,,,,,,,,
9,85.67498658078368,12.801932367149758,1.415727321524423,0.06709608158883522,0.026838432635534086,0.013419216317767043,,,,,,,,,,
10,85.54079441760601,12.909286097691895,1.415727321524423,0.0939345142243693,0.026838432635534086,0.013419216317767043,,,,,,,,,,
11,85.38647342995169,12.969672571121846,1.4626945786366077,0.0939345142243693,0.026838432635534086,0.013419216317767043,0.04696725711218465,,,,,,,,,
12,82.09205582393989,16.25738056897477,1.4626945786366077,0.0939345142243693,0.026838432635534086,0.013419216317767043,0.05367686527106817,,,,,,,,,
13,81.81025228126677,16.505636070853463,1.4626945786366077,0.0939345142243693,0.026838432635534086,0.013419216317767043,0.08722490606548577,,,,,,,,,
14,73.42995169082126,25.785024154589372,0.5837359098228664,0.06709608158883522,,0.013419216317767043,0.12077294685990338,,,,,,,,,
15,73.16156736446591,25.905797101449274,0.5837359098228664,0.06709608158883522,,0.013419216317767043,0.2683843263553409,,,,,,,,,
16,72.78582930756843,26.281535158346752,0.5837359098228664,0.06709608158883522,,0.013419216317767043,0.2683843263553409,,,,,,,,,
17,72.57112184648416,26.442565754159958,0.6105743424584005,0.06709608158883522,,0.013419216317767043,0.2683843263553409,0.026838432635534086,,,,,,,,
18,72.0679012345679,26.02657004830918,0.5703166935050993,0.8856682769726248,0.10735373054213634,0.013419216317767043,0.30193236714975846,0.026838432635534086,,,,,,,,
19,71.79280730005368,26.08695652173913,0.5703166935050993,0.8856682769726248,0.2549651100375738,0.013419216317767043,0.36902844873859364,0.026838432635534086,,,,,,,,
20,71.57139023081052,24.335748792270532,0.6843800322061192,0.8856682769726248,0.2549651100375738,0.013419216317767043,2.227589908749329,0.026838432635534086,,,,,,,,
21,71.25603864734299,24.490069779924852,0.6977992485238862,1.0064412238325282,0.2549651100375738,0.013419216317767043,2.254428341384863,0.026838432635534086,,,,,,,,
22,71.09500805152979,24.651100375738057,0.6977992485238862,1.0064412238325282,0.2549651100375738,0.013419216317767043,2.254428341384863,0.026838432635534086,,,,,,,,
23,69.06870638754697,23.577563070316693,3.8177670424047236,1.0198604401502953,0.2549651100375738,0.013419216317767043,2.2208803005904456,0.026838432635534086,,,,,,,,
24,65.56629092860977,27.086688137412775,3.8177670424047236,1.0198604401502953,0.2549651100375738,0.013419216317767043,2.214170692431562,0.026838432635534086,,,,,,,,
25,64.92216854535695,26.979334406870638,3.5091250670960816,1.9860440150295222,0.33548040794417605,0.013419216317767043,2.227589908749329,0.026838432635534086,,,,,,,,
26,54.59608158883521,37.64090177133655,3.4286097691894795,1.9860440150295222,0.08051529790660225,0.013419216317767043,2.227589908749329,0.026838432635534086,,,,,,,,
27,54.5222758990875,37.62748255501879,3.4286097691894795,1.9860440150295222,0.10064412238325282,0.013419216317767043,2.254428341384863,0.06709608158883522,,,,,,,,
28,53.95195920558239,37.70799785292539,3.8848631239935587,1.9860440150295222,0.10064412238325282,0.013419216317767043,2.26784755770263,0.08722490606548577,,,,,,,,
29,53.777509393451425,37.67444981213097,3.8848631239935587,2.006172839506173,0.23483628556092323,0.013419216317767043,2.3215244229736984,0.08722490606548577,,,,,,,,
30,53.48228663446055,37.88915727321525,3.9049919484702094,2.006172839506173,0.2549651100375738,0.013419216317767043,2.3483628556092326,0.10064412238325282,,,,,,,,
31,50.60386473429951,40.78770799785293,3.8580246913580245,2.006172839506173,0.2549651100375738,0.013419216317767043,2.3752012882447664,0.10064412238325282,,,,,,,,
32,50.48309178743961,40.88164251207729,3.797638217928073,2.006172839506173,0.2549651100375738,0.013419216317767043,2.3483628556092326,0.1878690284487386,0.026838432635534086,,,,,,,
33,50.32877079978529,40.98228663446055,3.7909286097691894,1.9994632313472893,0.2549651100375738,0.013419216317767043,2.4020397208803006,0.1878690284487386,0.040257648953301126,,,,,,,
34,49.84567901234568,41.40499194847021,3.7909286097691894,1.9994632313472893,0.2549651100375738,0.013419216317767043,2.4490069779924855,0.20128824476650564,0.040257648953301126,,,,,,,
35,49.624261943102525,41.217122920021474,3.455448201825013,2.918679549114332,0.17444981213097155,0.013419216317767043,2.328234031132582,0.13419216317767044,0.040257648953301126,0.0939345142243693,,,,,,
36,47.78582930756844,38.71443907675792,8.05823939881911,2.5966183574879227,0.17444981213097155,0.013419216317767043,2.3617820719269993,0.13419216317767044,0.040257648953301126,0.0939345142243693,0.026838432635534086,,,,,
37,46.88003220611916,33.8365539452496,8.011272141706923,8.3064949006978,0.1878690284487386,0.013419216317767043,2.4154589371980677,0.1610305958132045,0.040257648953301126,0.0939345142243693,0.026838432635534086,0.026838432635534086,,,,
38,46.85990338164251,33.76945786366076,8.038110574342458,8.266237251744498,0.1878690284487386,0.013419216317767043,2.5026838432635534,0.1610305958132045,0.040257648953301126,0.0939345142243693,0.026838432635534086,0.040257648953301126,,,,
39,46.71229200214707,33.87010198604401,8.085077831454644,8.266237251744498,0.1878690284487386,0.013419216317767043,2.5026838432635534,0.1610305958132045,0.040257648953301126,0.0939345142243693,0.026838432635534086,0.040257648953301126,,,,
40,44.77321524422974,35.00402576489533,8.071658615136876,8.266237251744498,0.1878690284487386,0.013419216317767043,2.677133655394525,0.8051529790660226,0.040257648953301126,0.0939345142243693,0.026838432635534086,0.040257648953301126,,,,
41,44.67928073000537,35.037573805689746,8.085077831454644,8.266237251744498,0.20128824476650564,0.013419216317767043,2.7106816961889426,0.8051529790660226,0.040257648953301126,0.0939345142243693,0.026838432635534086,0.040257648953301126,,,,
42,41.40499194847021,30.99838969404187,16.97530864197531,7.206119162640902,0.20128824476650564,0.026838432635534086,2.3349436392914655,0.6508319914117016,0.040257648953301126,0.0939345142243693,0.026838432635534086,0.040257648953301126,,,,
43,40.935319377348364,31.239935587761675,16.935050993022006,7.37385936661299,0.20128824476650564,0.026838432635534086,2.4221685453569513,0.6508319914117016,0.040257648953301126,0.0939345142243693,0.026838432635534086,0.05367686527106817,,,,
44,38.177670424047236,33.702361782071925,16.867954911433173,7.568438003220612,0.20128824476650564,0.040257648953301126,2.4490069779924855,0.7648953301127214,0.040257648953301126,0.0939345142243693,0.026838432635534086,0.06709608158883522,,,,
45,37.05716586151369,34.05797101449275,16.659957058507782,8.259527643585615,0.30864197530864196,0.040257648953301126,2.636876006441224,0.7514761137949544,0.040257648953301126,0.0939345142243693,0.026838432635534086,0.06709608158883522,,,,
46,36.741814278046164,34.15190552871712,16.5727321524423,8.259527643585615,0.4227053140096618,0.06038647342995169,2.831454643048846,0.7313472893183038,0.040257648953301126,0.0939345142243693,0.026838432635534086,0.06709608158883522,,,,
47,36.500268384326354,34.39345142243693,16.458668813741276,8.259527643585615,0.4092860976918948,0.13419216317767044,2.885131508319914,0.7313472893183038,0.040257648953301126,0.0939345142243693,0.026838432635534086,0.06709608158883522,,,,
48,34.0378421900161,36.77536231884058,16.451959205582394,8.172302737520129,0.5434782608695652,0.19457863660762212,2.85829307568438,0.7380568974771873,0.040257648953301126,0.0939345142243693,0.026838432635534086,0.06709608158883522,,,,
49,33.923778851315085,36.87600644122383,16.451959205582394,8.145464304884594,0.5770263016639828,0.19457863660762212,2.8113258185721954,0.7380568974771873,0.040257648953301126,0.0939345142243693,0.026838432635534086,0.12077294685990338,,,,
50,33.76945786366076,35.81588835212023,16.358024691358025,9.265968867418144,0.5770263016639828,0.2147074610842727,2.9790660225442833,0.7380568974771873,0.040257648953301126,0.0939345142243693,0.026838432635534086,0.12077294685990338,,,,
51,33.56816961889426,35.668276972624795,16.25067096081589,9.25925925925926,0.8185721953837896,0.19457863660762212,3.126677402039721,0.8051529790660226,0.040257648953301126,0.12077294685990338,0.026838432635534086,0.12077294685990338,,,,
52,32.326892109500804,36.86929683306495,16.183574879227052,9.198872785829307,0.7112184648416533,0.19457863660762212,3.2139023081052067,0.9192163177670424,0.040257648953301126,0.18115942028985507,0.026838432635534086,0.13419216317767044,,,,
53,32.326892109500804,36.8491680085883,16.163446054750402,9.198872785829307,0.7112184648416533,0.19457863660762212,3.2340311325818574,0.9393451422436929,0.040257648953301126,0.18115942028985507,0.026838432635534086,0.13419216317767044,,,,
54,31.769994632313473,35.98362855609233,18.290391841116477,8.756038647342995,0.5501878690284487,0.1878690284487386,3.3145464304884595,0.8319914117015567,0.040257648953301126,0.12077294685990338,0.026838432635534086,0.1274825550187869,,,,
55,31.662640901771336,35.849436392914654,17.887815351583466,9.534353193773484,0.5501878690284487,0.1878690284487386,3.180354267310789,0.8319914117015567,0.040257648953301126,0.12077294685990338,0.026838432635534086,0.1274825550187869,,,,
56,31.52173913043478,34.14519592055824,17.881105743424584,9.534353193773484,2.8918411164787976,0.1878690284487386,2.4557165861513686,1.2412775093934514,,0.040257648953301126,,0.10064412238325282,,,,
57,23.577563070316693,42.47181964573269,17.518786902844873,9.4873859366613,2.918679549114332,0.18115942028985507,2.5026838432635534,1.1808910359634996,,0.040257648953301126,0.020128824476650563,0.10064412238325282,,,,
58,23.101180891035963,39.392109500805155,21.604938271604937,9.145195920558239,2.8515834675254963,0.1878690284487386,2.3617820719269993,1.1808910359634996,,0.040257648953301126,0.020128824476650563,0.11406333870101985,,,,
59,23.11460010735373,36.64117015566291,21.604938271604937,9.131776704240472,2.85829307568438,0.1878690284487386,2.3886205045625335,3.898282340311326,,0.040257648953301126,0.020128824476650563,0.11406333870101985,,,,
60,20.75281803542673,46.63848631239936,17.54562533548041,8.232689210950081,2.7442297369833604,0.20799785292538917,2.509393451422437,1.1674718196457328,,0.040257648953301126,0.020128824476650563,0.14090177133655393,,,,
61,20.75281803542673,46.45061728395062,17.54562533548041,8.232689210950081,2.9052603327965647,0.20799785292538917,2.536231884057971,1.1674718196457328,,0.040257648953301126,0.020128824476650563,0.14090177133655393,,,,
62,20.263016639828233,46.92028985507246,17.498658078368223,8.192431561996779,2.9052603327965647,0.24154589371980675,2.589908749329039,1.1674718196457328,,0.040257648953301126,0.020128824476650563,0.1610305958132045,,,,
63,19.692699946323135,45.860171765968865,19.57192699946323,8.192431561996779,2.7442297369833604,0.28180354267310787,2.5429414922168547,0.8923778851315083,,0.040257648953301126,0.020128824476650563,0.1610305958132045,,,,
64,19.692699946323135,45.813204508856685,19.49141170155663,8.219269994632313,2.7442297369833604,0.28180354267310787,2.623456790123457,0.9125067096081588,,0.040257648953301126,0.020128824476650563,0.1610305958132045,,,,
65,19.51154052603328,45.02147074610843,19.343800322061192,8.219269994632313,2.7442297369833604,0.4025764895330113,2.6972624798711755,1.8384326355340848,,0.040257648953301126,0.020128824476650563,0.1610305958132045,,,,
66,19.33709071390231,45.04830917874396,19.35721953837896,7.387278582930757,3.488996242619431,0.4025764895330113,2.8247450348899625,1.8518518518518519,,0.040257648953301126,0.020128824476650563,0.24154589371980675,,,,
67,19.061996779388085,45.06172839506173,19.202898550724637,7.615405260332796,3.4822866344605474,0.41599570585077833,2.9790660225442833,1.8786902844873858,,0.040257648953301126,0.020128824476650563,0.24154589371980675,,,,
68,19.00161030595813,44.907407407407405,19.196188942565755,7.494632313472893,3.502415458937198,0.4428341384863124,3.166935050993022,1.8518518518518519,,0.040257648953301126,0.020128824476650563,0.3757380568974772,,,,
69,18.98148148148148,44.87385936661299,19.11567364465915,7.494632313472893,3.4688674181427803,0.5568974771873323,3.1736446591519054,1.865271068169619,0.03354804079441761,0.040257648953301126,0.020128824476650563,0.3757380568974772,,,,
70,18.760064412238325,44.57192699946323,19.35721953837896,7.494632313472893,3.4957058507783145,0.5904455179817498,3.3413848631239937,1.892109500805153,0.03354804079441761,0.040257648953301126,0.020128824476650563,0.4025764895330113,,,,
71,18.726516371443907,44.57192699946323,19.343800322061192,7.494632313472893,3.4957058507783145,0.5904455179817498,3.388352120236178,1.892109500805153,0.03354804079441761,0.040257648953301126,0.020128824476650563,0.4025764895330113,,,,
72,18.679549114331724,44.42431561996779,15.727321524422974,11.379495437466453,3.5426731078904994,0.5636070853462157,3.294417606011809,1.892109500805153,0.03354804079441761,0.040257648953301126,0.020128824476650563,0.4025764895330113,,,,
73,18.69296833064949,44.37063875469673,15.727321524422974,11.379495437466453,3.5426731078904994,0.5636070853462157,3.33467525496511,1.892109500805153,0.03354804079441761,0.040257648953301126,0.020128824476650563,0.4025764895330113,,,,
74,18.585614600107355,44.196188942565755,13.197799248523886,14.143853998926463,3.670155662909286,0.38915727321524424,3.44873859366613,1.8719806763285025,0.03354804079441761,0.040257648953301126,0.020128824476650563,0.4025764895330113,,,,
75,18.592324208266238,44.10225442834138,13.18438003220612,13.935856146001074,3.670155662909286,0.4495437466451959,3.502415458937198,1.865271068169619,0.03354804079441761,0.040257648953301126,0.026838432635534086,0.5971551261406334,,,,
76,18.59903381642512,44.06199677938808,13.150831991411701,13.915727321524423,3.670155662909286,0.4495437466451959,3.535963499731616,1.865271068169619,0.03354804079441761,0.040257648953301126,0.026838432635534086,0.6508319914117016,,,,
77,18.55877616747182,43.585614600107355,13.137412775093935,13.935856146001074,3.8043478260869565,0.4495437466451959,3.8848631239935587,1.8585614600107354,0.03354804079441761,0.07380568974771873,0.026838432635534086,0.6508319914117016,,,,
78,18.04213633923779,44.08212560386473,13.050187869028449,13.922436929683306,3.851315083199141,0.4495437466451959,3.9452495974235107,1.8585614600107354,0.03354804079441761,0.07380568974771873,0.026838432635534086,0.6642512077294686,,,,
79,18.02200751476114,44.0552871712292,13.050187869028449,13.90901771336554,3.851315083199141,0.4495437466451959,3.9720880300590444,1.8585614600107354,0.03354804079441761,0.07380568974771873,0.026838432635534086,0.6977992485238862,,,,
80,17.881105743424584,43.88083735909823,12.99651100375738,13.90901771336554,3.851315083199141,0.47638217928073,4.314278046162104,1.8585614600107354,0.03354804079441761,0.07380568974771873,0.026838432635534086,0.6977992485238862,,,,
81,16.458668813741276,45.833333333333336,12.640901771336553,13.459473966720344,3.851315083199141,0.5434782608695652,4.51556629092861,1.8317230273752012,0.03354804079441761,0.07380568974771873,0.026838432635534086,0.7313472893183038,,,,
82,16.337895866881375,45.571658615136876,12.560386473429952,13.43263553408481,3.851315083199141,0.5703166935050993,5.01207729468599,1.8048845947396672,0.03354804079441761,0.040257648953301126,0.026838432635534086,0.7581857219538379,,,,
83,14.439076757917338,37.96967257112185,28.710413311862588,8.13875469672571,3.8043478260869565,0.4830917874396135,3.938539989264627,1.7914653784219001,0.03354804079441761,0.040257648953301126,0.026838432635534086,0.6239935587761675,,,,
84,14.318303811057435,37.996511003757384,28.683574879227052,8.13875469672571,3.8043478260869565,0.5032206119162641,4.03918411164788,1.7914653784219001,0.03354804079441761,0.040257648953301126,0.026838432635534086,0.6239935587761675,,,,
85,14.284755770263017,37.754965110037574,28.569511540526033,8.13875469672571,3.8043478260869565,0.5032206119162641,4.388083735909823,1.8317230273752012,0.03354804079441761,0.040257648953301126,0.026838432635534086,0.6239935587761675,,,,
86,13.170960815888352,43.062265163714436,27.3215244229737,5.360976918947934,3.7104133118625873,0.5099302200751477,4.569243156199678,1.7310789049919484,0.03354804079441761,0.05367686527106817,0.026838432635534086,0.4495437466451959,,,,
87,13.18438003220612,42.88781535158347,27.194041867954912,5.360976918947934,3.7104133118625873,0.5367686527106817,4.830917874396135,1.7310789049919484,0.03354804079441761,0.05367686527106817,0.026838432635534086,0.4495437466451959,,,,
88,12.030327428878154,42.13633923778851,29.106280193236714,5.300590445517981,3.683574879227053,0.5367686527106817,4.891304347826087,1.724369296833065,0.03354804079441761,0.05367686527106817,0.026838432635534086,0.47638217928073,,,,
89,12.010198604401502,41.92163177670424,28.985507246376812,5.293880837359098,3.6500268384326353,0.6105743424584005,5.179817498658078,1.724369296833065,0.03354804079441761,0.05367686527106817,0.06709608158883522,0.46967257112184646,,,,
90,12.010198604401502,41.84111647879764,28.837895866881375,5.267042404723564,3.6500268384326353,0.6105743424584005,5.4549114331723025,1.710950080515298,0.03354804079441761,0.05367686527106817,0.06709608158883522,0.46296296296296297,,,,
91,11.990069779924852,41.56602254428341,28.77079978529254,5.267042404723564,3.643317230273752,0.6105743424584005,5.8172302737520125,1.6975308641975309,0.04696725711218465,0.05367686527106817,0.07380568974771873,0.46296296296296297,,,,
92,11.996779388083736,41.2842190016103,28.629898013955984,5.246913580246914,3.643317230273752,0.6843800322061192,6.1862587224906065,1.6706924315619969,0.04696725711218465,0.05367686527106817,0.07380568974771873,0.4830917874396135,,,,
93,11.98336017176597,41.18357487922705,28.609769189479334,5.24020397208803,3.643317230273752,0.6843800322061192,6.327160493827161,1.6706924315619969,0.04696725711218465,0.05367686527106817,0.07380568974771873,0.4830917874396135,,,,
94,11.98336017176597,40.975577026301664,28.56280193236715,5.24020397208803,3.643317230273752,0.7246376811594203,6.541867954911433,1.6706924315619969,0.04696725711218465,0.05367686527106817,0.07380568974771873,0.4830917874396135,,,,
95,11.81561996779388,40.89506172839506,28.509125067096083,5.24020397208803,3.643317230273752,0.7246376811594203,6.810252281266774,1.6706924315619969,0.04696725711218465,0.05367686527106817,0.07380568974771873,0.5166398282340311,,,,
96,11.654589371980677,40.485775630703166,29.045893719806763,5.24020397208803,3.643317230273752,0.7514761137949544,6.796833064949007,1.6706924315619969,0.03354804079441761,0.05367686527106817,0.07380568974771873,0.5501878690284487,,,,
97,11.66129898013956,40.445517981749866,29.045893719806763,5.24020397208803,3.643317230273752,0.7514761137949544,6.830381105743425,1.6706924315619969,0.03354804079441761,0.05367686527106817,0.07380568974771873,0.5501878690284487,,,,
98,11.674718196457327,40.29119699409554,29.086151368760063,5.2066559312936125,3.643317230273752,0.7648953301127214,6.910896403650026,1.6706924315619969,0.03354804079441761,0.05367686527106817,0.07380568974771873,0.5904455179817498,,,,
99,11.681427804616211,39.841653247450346,28.898282340311326,5.226784755770263,3.69699409554482,0.7917337627482555,7.4208266237251745,1.7042404723564144,0.03354804079441761,0.05367686527106817,0.07380568974771873,0.5770263016639828,,,,
100,11.668008588298443,38.94256575415996,28.871443907675793,5.173107890499195,3.69699409554482,0.7917337627482555,8.199141170155663,1.865271068169619,0.03354804079441761,0.05367686527106817,0.07380568974771873,0.630703166935051,,,,
101,11.674718196457327,38.848631239935585,28.844605475040257,5.173107890499195,3.69699409554482,0.7514761137949544,8.353462157809984,1.865271068169619,0.03354804079441761,0.05367686527106817,0.07380568974771873,0.630703166935051,,,,
102,11.621041331186259,38.62721417069243,28.844605475040257,5.173107890499195,3.878153515834675,0.7514761137949544,8.360171765968868,1.9524959742351047,0.03354804079441761,0.05367686527106817,0.07380568974771873,0.630703166935051,,,,
103,11.366076221148685,38.31857219538379,29.066022544283413,5.186527106816962,3.9049919484702094,0.7514761137949544,8.527911969940956,2.086688137412775,0.03354804079441761,0.05367686527106817,0.07380568974771873,0.630703166935051,,,,
104,11.18491680085883,35.50053676865271,29.066022544283413,7.997852925389157,4.414922168545357,0.7447665056360708,8.246108427267847,2.0531400966183573,0.03354804079441761,0.05367686527106817,0.07380568974771873,0.630703166935051,,,,
105,11.144659151905529,35.42002147074611,28.85131508319914,8.064949006977992,4.414922168545357,0.7447665056360708,8.514492753623188,2.0531400966183573,0.03354804079441761,0.05367686527106817,0.07380568974771873,0.630703166935051,,,,
106,11.064143853998926,35.48040794417606,28.79092860976919,7.997852925389157,4.40150295222759,0.7447665056360708,8.527911969940956,2.13365539452496,0.03354804079441761,0.05367686527106817,0.07380568974771873,0.6977992485238862,,,,
107,10.876274825550189,33.742619431025226,28.052871712292003,8.239398819108963,4.361245303274289,0.7313472893183038,9.232420826623725,3.8177670424047236,0.03354804079441761,0.05367686527106817,0.1610305958132045,0.6977992485238862,,,,
108,10.916532474503489,33.28636607622115,27.750939345142243,8.21256038647343,4.3545356951154055,0.8118625872249061,9.601449275362318,3.8311862587224907,0.03354804079441761,0.05367686527106817,0.1610305958132045,0.9863123993558777,,,,
109,10.84272678475577,33.23268921095008,27.58990874932904,8.319914117015566,4.3545356951154055,0.8722490606548577,9.762479871175524,3.8311862587224907,0.03354804079441761,0.05367686527106817,0.12077294685990338,0.9863123993558777,,,,
110,10.802469135802468,33.15217391304348,27.596618357487923,8.319914117015566,4.327697262479871,0.8588298443370908,9.829575952764358,3.911701556629093,0.03354804079441761,0.05367686527106817,0.14761137949543746,0.966183574879227,,,,
111,10.84272678475577,33.051529790660226,27.542941492216855,8.293075684380032,4.327697262479871,0.8990874932903918,9.802737520128824,3.9855072463768115,0.04696725711218465,0.06709608158883522,0.14761137949543746,0.9930220075147611,,,,
112,10.795759527643586,32.8972088030059,27.234299516908212,8.259527643585615,4.817498658078368,0.9460547504025765,9.796027911969942,3.9855072463768115,0.04696725711218465,0.06709608158883522,0.14761137949543746,1.0064412238325282,,,,
113,10.420021470746109,31.944444444444443,28.23403113258186,7.9106280193236715,4.804079441760601,0.9460547504025765,9.86983360171766,4.5893719806763285,0.04696725711218465,0.08051529790660225,0.14761137949543746,1.0064412238325282,,,,
114,10.399892646269459,31.964573268921097,28.23403113258186,7.9106280193236715,4.817498658078368,0.9460547504025765,9.86983360171766,4.5893719806763285,0.03354804079441761,0.08051529790660225,0.14761137949543746,1.0064412238325282,,,,
115,10.399892646269459,31.964573268921097,28.14680622651637,7.9106280193236715,4.797369833601718,0.9460547504025765,9.923510466988727,4.622920021470746,0.03354804079441761,0.08051529790660225,0.16774020397208803,1.0064412238325282,,,,
116,10.218733225979603,31.97799248523886,28.032742887815353,7.830112721417069,4.770531400966184,1.06682769726248,10.138217928073,4.616210413311863,0.08051529790660225,0.08051529790660225,0.19457863660762212,0.9930220075147611,,,,
117,10.171765968867419,30.394524959742352,27.84487385936661,11.386205045625335,4.4753086419753085,1.0064412238325282,9.520933977455716,3.8378958668813743,0.08051529790660225,0.0939345142243693,0.19457863660762212,0.9930220075147611,,,,
118,10.205314009661835,30.320719269994633,27.81803542673108,11.3593666129898,5.032206119162641,1.0064412238325282,9.588030059044552,3.307836822329576,0.08051529790660225,0.06709608158883522,0.19457863660762212,1.0198604401502953,,,,
119,10.198604401502953,30.152979066022546,27.717391304347824,11.3593666129898,5.12614063338701,1.0064412238325282,9.722222222222221,3.2675791733762747,0.08051529790660225,0.15432098765432098,0.19457863660762212,1.0198604401502953,,,,
120,10.198604401502953,29.99194847020934,27.34836285560923,11.312399355877616,5.12614063338701,1.2345679012345678,10.071121846484166,3.2474503488996245,0.08051529790660225,0.14090177133655393,0.2147074610842727,1.0332796564680622,,,,
121,9.722222222222221,29.28743961352657,27.140365002683843,13.003220611916264,5.12614063338701,1.2681159420289856,9.762479871175524,3.2206119162640903,0.08051529790660225,0.14090177133655393,0.2147074610842727,1.0332796564680622,,,,
122,9.66183574879227,29.341116478797638,26.979334406870638,12.969672571121846,5.12614063338701,1.288244766505636,9.916800858829845,3.2340311325818574,0.08051529790660225,0.14090177133655393,0.2147074610842727,1.0466988727858293,,,,
123,9.634997316156737,29.025764895330113,26.90552871712292,12.949543746645196,5.166398282340311,1.3419216317767042,10.299248523886206,3.1602254428341383,0.08051529790660225,0.14090177133655393,0.2616747181964573,1.0332796564680622,,,,
124,9.54777241009125,29.066022544283413,26.838432635534083,12.909286097691895,5.132850241545894,1.3419216317767042,10.420021470746109,3.1602254428341383,0.08051529790660225,0.14090177133655393,0.3153515834675255,1.0466988727858293,,,,
125,9.54777241009125,29.03918411164788,26.73107890499195,12.902576489533011,5.213365539452496,1.3553408480944713,10.446859903381643,3.180354267310789,0.08051529790660225,0.14090177133655393,0.3153515834675255,1.0466988727858293,,,,
126,9.541062801932368,28.784219001610307,26.610305958132045,12.902576489533011,5.340848094471283,1.2345679012345678,10.654857756307031,3.3480944712828773,0.08051529790660225,0.14090177133655393,0.3153515834675255,1.0466988727858293,,,,
127,9.561191626409018,28.33467525496511,26.54320987654321,12.902576489533011,5.186527106816962,1.2144390767579174,10.621309715512615,4.045893719806763,0.08051529790660225,0.14761137949543746,0.3153515834675255,1.0466988727858293,,,,
128,9.588030059044552,28.29441760601181,26.52308105206656,12.902576489533011,5.22007514761138,1.1876006441223832,10.648148148148149,4.045893719806763,0.08051529790660225,0.14761137949543746,0.3153515834675255,1.0466988727858293,,,,
129,9.554482018250134,28.22061191626409,26.402308105206657,12.895866881374127,5.253623188405797,1.2144390767579174,10.82259796027912,4.045893719806763,0.08051529790660225,0.14761137949543746,0.3153515834675255,1.0466988727858293,,,,
130,9.581320450885668,28.20048309178744,26.321792807300053,12.600644122383253,5.548845947396672,1.1876006441223832,10.836017176596886,3.965378421900161,0.08051529790660225,0.24154589371980675,0.3824476650563607,1.0534084809447128,,,,
131,9.581320450885668,28.227321524422972,26.20101986044015,12.627482555018787,5.636070853462158,1.1876006441223832,10.869565217391305,3.92512077294686,0.08051529790660225,0.2683843263553409,0.2952227589908749,1.1003757380568975,,,,
132,9.54777241009125,28.059581320450885,26.127214170692433,12.614063338701019,5.656199677938808,1.1741814278046163,11.084272678475577,3.9855072463768115,0.08051529790660225,0.2549651100375738,0.2885131508319914,1.1272141706924315,,,,
133,9.4873859366613,27.791196994095547,26.174181427804616,12.560386473429952,5.8239398819108965,1.1607622114868492,11.272141706924316,3.978797638217928,0.08051529790660225,0.2549651100375738,0.2885131508319914,1.1272141706924315,,,,
134,9.447128287707997,27.76435856146001,26.120504562533547,12.426194310252281,5.911164787976382,1.1607622114868492,11.258722490606548,3.978797638217928,0.08051529790660225,0.2549651100375738,0.30193236714975846,1.2949543746645196,,,,
135,9.473966720343531,27.710681696188942,26.06682769726248,12.204777241009126,5.884326355340848,1.2077294685990339,11.332528180354267,4.005636070853462,0.08051529790660225,0.2549651100375738,0.30193236714975846,1.4761137949543746,,,,
136,9.406870638754697,27.77777777777778,25.979602791196996,12.204777241009126,5.857487922705314,1.2077294685990339,11.426462694578637,4.025764895330113,0.08051529790660225,0.2549651100375738,0.30193236714975846,1.4761137949543746,,,,
137,9.406870638754697,27.710681696188942,25.93263553408481,12.204777241009126,5.891035963499732,1.2278582930756843,11.486849168008588,4.025764895330113,0.08051529790660225,0.2549651100375738,0.30193236714975846,1.4761137949543746,,,,
138,9.380032206119163,27.737520128824478,25.845410628019323,12.171229200214707,5.891035963499732,1.2278582930756843,11.688137412775093,3.911701556629093,0.08051529790660225,0.2549651100375738,0.30193236714975846,1.5096618357487923,,,,
139,8.957326892109501,27.415458937198068,26.529790660225444,12.06387546967257,5.884326355340848,1.2748255501878691,11.829039184111648,3.911701556629093,0.08051529790660225,0.2549651100375738,0.30193236714975846,1.4962426194310252,,,,
140,8.970746108427267,27.388620504562535,26.50966183574879,12.037037037037036,5.870907139023081,1.288244766505636,11.876006441223833,3.911701556629093,0.08051529790660225,0.2683843263553409,0.3153515834675255,1.482823403113258,,,,
141,8.970746108427267,27.106816961889425,26.234567901234566,11.996779388083736,5.870907139023081,1.4626945786366077,12.265163714439076,3.9318303811057436,0.08051529790660225,0.2683843263553409,0.3153515834675255,1.4962426194310252,,,,
142,8.997584541062801,27.033011272141707,26.133923778851315,11.876006441223833,5.897745571658615,1.6103059581320451,12.406065485775631,3.898282340311326,0.08051529790660225,0.2683843263553409,0.3153515834675255,1.482823403113258,,,,
143,8.984165324745035,26.986044015029524,25.38244766505636,11.460010735373054,5.763553408480945,1.6103059581320451,12.392646269457863,5.340848094471283,0.08051529790660225,0.2683843263553409,0.3421900161030596,1.3888888888888888,,,,
144,8.970746108427267,26.952495974235106,25.06038647342995,11.58749329039184,5.709876543209877,1.6103059581320451,12.439613526570048,5.555555555555555,0.08051529790660225,0.2683843263553409,0.39586688137412773,1.3687600644122384,,,,
145,8.970746108427267,26.952495974235106,25.026838432635532,11.58749329039184,5.709876543209877,1.6103059581320451,12.439613526570048,5.555555555555555,0.08051529790660225,0.2683843263553409,0.4294149221685454,1.3687600644122384,,,,
146,8.93719806763285,26.96591519055287,24.698067632850243,11.56736446591519,5.750134192163178,1.710950080515298,12.674449812130971,5.5689747718733225,0.08051529790660225,0.24825550187869028,0.4294149221685454,1.3687600644122384,,,,
147,8.957326892109501,26.89210950080515,24.436392914653783,11.540526033279656,5.837359098228664,1.737788513150832,12.828770799785293,5.5689747718733225,0.08051529790660225,0.24825550187869028,0.4495437466451959,1.4224369296833066,,,,
148,8.957326892109501,26.82501341921632,24.302200751476114,11.513687600644122,5.958132045088567,1.778046162104133,12.902576489533011,5.5756843800322065,0.08051529790660225,0.24825550187869028,0.4495437466451959,1.4090177133655395,,,,
149,8.964036500268385,26.78475577026302,24.295491143317232,11.43317230273752,5.978260869565218,1.778046162104133,12.875738056897477,5.5756843800322065,0.08051529790660225,0.24825550187869028,0.46296296296296297,1.5230810520665594,,,,
150,9.004294149221685,26.140633387010197,23.980139559849704,11.325818572195384,6.226516371443908,1.7646269457863661,13.526570048309178,5.515297906602254,0.10735373054213634,0.24825550187869028,0.5032206119162641,1.6572732152442298,,,,
151,8.796296296296296,25.805152979066023,24.382716049382715,11.211755233494364,6.300322061191626,1.7847557702630166,13.83521202361782,5.414653784219001,0.07380568974771873,0.23483628556092323,0.5032206119162641,1.6572732152442298,,,,
152,8.668813741277509,25.885668276972623,24.322329575952764,11.11111111111111,6.3070316693505095,1.9927536231884058,13.902308105206655,5.414653784219001,0.07380568974771873,0.2214170692431562,0.49651100375738055,1.6035963499731616,,,,
153,8.682232957595277,25.805152979066023,24.302200751476114,11.11111111111111,6.3070316693505095,2.0799785292538915,13.88888888888889,5.428073000536768,0.07380568974771873,0.2214170692431562,0.49651100375738055,1.6035963499731616,,,,
154,8.68894256575416,25.738056897477186,24.18142780461621,11.11111111111111,6.340579710144928,2.0799785292538915,14.036500268384327,5.428073000536768,0.07380568974771873,0.2214170692431562,0.49651100375738055,1.6035963499731616,,,,
155,8.53462157809984,25.228126677402038,24.00697799248524,11.480139559849706,6.380837359098229,2.3886205045625335,14.150563607085346,5.441492216854535,0.07380568974771873,0.24825550187869028,0.4830917874396135,1.583467525496511,,,,
156,8.568169618894256,25.181159420289855,23.926462694578635,11.392914653784219,6.367418142780462,2.3550724637681157,14.210950080515298,5.501878690284487,0.07380568974771873,0.24825550187869028,0.4830917874396135,1.6908212560386473,,,,
157,8.568169618894256,25.120772946859905,23.859366612989803,11.325818572195384,6.367418142780462,2.442297369833602,14.31159420289855,5.501878690284487,0.07380568974771873,0.24825550187869028,0.4830917874396135,1.6975308641975309,,,,
158,8.581588835212024,24.892646269457863,23.839237788513152,11.325818572195384,6.347289318303811,2.442297369833602,14.553140096618357,5.46833064949007,0.07380568974771873,0.2549651100375738,0.5233494363929146,1.6975308641975309,,,,
159,8.568169618894256,24.268652710681696,23.66478797638218,11.285560923242082,7.5348899624261945,2.6033279656468062,14.036500268384327,5.528717122920021,0.07380568974771873,0.2549651100375738,0.4428341384863124,1.737788513150832,,,,
160,8.53462157809984,24.235104669887278,23.416532474503487,11.641170155662909,7.541599570585078,2.576489533011272,14.056629092860977,5.508588298443371,0.0939345142243693,0.2549651100375738,0.4428341384863124,1.6975308641975309,,,,
161,8.467525496511003,24.040526033279658,23.09447128287708,11.641170155662909,7.7361782071927,2.7308105206655933,14.27133655394525,5.508588298443371,0.11406333870101985,0.2549651100375738,0.4562533548040794,1.6841116478797638,,,,
162,8.467525496511003,23.63123993558776,23.03408480944713,11.634460547504025,8.521202361782072,2.737520128824477,13.935856146001074,5.508588298443371,0.11406333870101985,0.2549651100375738,0.47638217928073,1.6841116478797638,,,,
163,8.400429414922169,22.282608695652176,23.027375201288244,13.24476650563607,8.57487922705314,2.7442297369833604,13.633923778851315,5.495169082125604,0.11406333870101985,0.2549651100375738,0.47638217928073,1.751207729468599,,,,
164,8.387010198604402,22.148416532474503,22.893183038110575,13.238056897477188,8.541331186258722,2.7308105206655933,13.935856146001074,5.495169082125604,0.11406333870101985,0.2549651100375738,0.48980139559849706,1.7713365539452497,,,,
165,8.387010198604402,22.134997316156735,22.65834675254965,13.191089640365004,8.59500805152979,2.804616210413312,14.090177133655395,5.441492216854535,0.1274825550187869,0.30864197530864196,0.48980139559849706,1.7713365539452497,,,,
166,8.380300590445518,22.128287707997853,22.591250670960815,13.191089640365004,8.655394524959743,2.7777777777777777,14.15727321524423,5.414653784219001,0.1274825550187869,0.2952227589908749,0.5099302200751477,1.7713365539452497,,,,
167,8.380300590445518,21.64519592055824,22.571121846484164,12.815351583467525,8.601717659688674,2.6972624798711755,14.17740203972088,6.166129898013956,0.1274825550187869,0.4294149221685454,0.5099302200751477,1.8786902844873858,,,,
168,8.400429414922169,21.571390230810522,22.5577026301664,12.815351583467525,8.628556092324208,2.8515834675254963,14.251207729468598,6.011808910359635,0.1274825550187869,0.4294149221685454,0.47638217928073,1.8786902844873858,,,,
169,8.319914117015566,21.524422973698336,22.530864197530864,12.929414922168545,8.61513687600644,2.8515834675254963,14.264626945786366,6.045356951154052,0.1274825550187869,0.4227053140096618,0.47638217928073,1.892109500805153,,,,
170,8.32662372517445,21.390230810520666,22.477187332259795,12.929414922168545,8.957326892109501,2.7979066022544283,14.15727321524423,6.0587761674718195,0.1274825550187869,0.4227053140096618,0.46296296296296297,1.892109500805153,,,,
171,8.3467525496511,21.36339237788513,22.383252818035427,12.915995705850777,8.930488459473967,2.9052603327965647,14.090177133655395,6.038647342995169,0.1274825550187869,0.4227053140096618,0.46296296296296297,2.0128824476650564,,,,
172,8.205850778314547,21.22920021470746,22.497316156736446,12.895866881374127,8.997584541062801,2.932098765432099,14.070048309178745,6.025228126677402,0.23483628556092323,0.43612453032742887,0.46296296296296297,2.0128824476650564,,,,
173,8.158883521202362,19.87385936661299,24.691358024691358,12.848899624261943,8.923778851315083,2.999194847020934,13.768115942028986,5.555555555555555,0.23483628556092323,0.43612453032742887,0.46296296296296297,2.046430488459474,,,,
174,8.125335480407944,19.90740740740741,24.691358024691358,12.714707461084272,8.93719806763285,2.999194847020934,13.754696725711218,5.555555555555555,0.23483628556092323,0.43612453032742887,0.46296296296296297,2.1806226516371443,,,,
175,7.96430488459474,20.068438003220614,24.63768115942029,12.627482555018787,8.957326892109501,2.9790660225442833,13.788244766505636,5.555555555555555,0.23483628556092323,0.43612453032742887,0.46296296296296297,2.2879763821792807,,,,
176,7.62211486849168,20.021470746108427,25.026838432635532,12.627482555018787,8.957326892109501,2.999194847020934,13.781535158346752,5.401234567901234,0.23483628556092323,0.5837359098228664,0.4562533548040794,2.2879763821792807,,,,
177,7.494632313472893,19.81347289318304,24.986580783682232,12.580515297906603,8.99087493290392,3.0931293612453032,13.788244766505636,5.5689747718733225,0.23483628556092323,0.5837359098228664,0.5233494363929146,2.341653247450349,,,,
178,7.434245840042942,19.81347289318304,24.9194847020934,12.486580783682234,8.514492753623188,3.079710144927536,13.593666129898015,6.494900697799249,0.23483628556092323,0.5837359098228664,0.5099302200751477,2.3349436392914655,,,,
179,7.440955448201825,19.746376811594203,24.65780998389694,12.486580783682234,8.588298443370908,3.0864197530864197,13.741277509393452,6.588835212023618,0.23483628556092323,0.5837359098228664,0.5099302200751477,2.3349436392914655,,,,
180,7.380568974771873,19.80005367686527,24.610842726784757,12.47987117552335,8.61513687600644,3.046162104133119,13.781535158346752,6.588835212023618,0.2616747181964573,0.5837359098228664,0.5233494363929146,2.328234031132582,,,,
181,7.380568974771873,19.77992485238862,24.510198604401502,12.47987117552335,8.621846484165324,3.046162104133119,13.895598497047773,6.575415995705851,0.2616747181964573,0.5971551261406334,0.5233494363929146,2.328234031132582,,,,
182,7.353730542136339,19.732957595276435,24.402844873859365,12.446323134728932,8.756038647342995,3.079710144927536,14.002952227589908,6.515029522275899,0.2616747181964573,0.5971551261406334,0.5233494363929146,2.328234031132582,,,,
183,7.25979602791197,18.49838969404187,29.643048845947398,11.936392914653783,7.608695652173913,2.945517981749866,12.533548040794418,5.931293612453032,0.2616747181964573,0.5971551261406334,0.5367686527106817,2.24771873322598,,,,
184,7.27992485238862,18.491680085882983,29.54911433172303,11.922973698336017,7.595276435856146,2.999194847020934,12.573805689747719,5.931293612453032,0.2616747181964573,0.5971551261406334,0.5501878690284487,2.24771873322598,,,,
185,7.286634460547504,18.491680085882983,29.482018250134193,11.90955448201825,7.595276435856146,3.012614063338701,12.52012882447665,6.025228126677402,0.2616747181964573,0.6038647342995169,0.5501878690284487,2.2611379495437465,,,,
