,45,50,54,51,53,55,52,56,57,58
0,89.24449812130972,10.755501878690284,,,,,,,,
1,88.54669887278583,11.453301127214171,,,,,,,,
2,87.94283413848632,12.057165861513688,,,,,,,,
3,75.50993022007515,24.14117015566291,0.3488996242619431,,,,,,,
4,63.1105743424584,36.87600644122383,0.013419216317767043,,,,,,,
5,47.49060654857756,41.23054213633924,0.013419216317767043,11.265432098765432,,,,,,
6,45.611916264090176,36.02388620504563,0.013419216317767043,18.35077831454643,,,,,,
7,33.81642512077295,47.60466988727858,0.013419216317767043,18.136070853462158,0.2885131508319914,0.14090177133655393,,,,
8,33.84997316156736,47.49060654857756,0.013419216317767043,18.21658615136876,0.2885131508319914,0.14090177133655393,,,,
9,30.54213633923779,52.17391304347826,0.2147074610842727,16.6935050993022,,0.3757380568974772,,,,
10,29.2337627482555,47.12157809983897,0.013419216317767043,22.48389694041868,,0.6977992485238862,0.4495437466451959,,,
11,27.569779924852387,46.61835748792271,0.013419216317767043,24.90606548577563,,0.6776704240472357,0.2147074610842727,,,
12,27.9723564143854,43.73993558776167,0.013419216317767043,24.751744498121308,2.1604938271604937,0.8118625872249061,0.41599570585077833,0.13419216317767044,,
13,27.925389157273216,40.86822329575953,0.0067096081588835215,26.637144390767578,2.1604938271604937,1.0131508319914118,1.2546967257112185,0.13419216317767044,,
14,25.885668276972623,38.81508319914117,0.0067096081588835215,30.629361245303276,2.1604938271604937,1.2546967257112185,1.1137949543746646,0.13419216317767044,,
15,26.187600644122384,38.69431025228127,0.0067096081588835215,30.02549651100376,2.13365539452496,1.4626945786366077,1.1137949543746646,0.3757380568974772,,
16,26.268115942028984,38.63392377885131,0.0067096081588835215,30.005367686527105,2.13365539452496,1.4626945786366077,1.1137949543746646,0.3757380568974772,,
17,26.617015566290927,38.466183574879224,0.0067096081588835215,29.824208266237253,2.13365539452496,1.4626945786366077,1.1137949543746646,0.3757380568974772,,
18,26.94578636607622,38.05018786902845,0.3757380568974772,29.55582393988191,2.13365539452496,1.4559849704777241,1.1137949543746646,0.36902844873859364,,
19,23.872785829307567,34.74235104669887,0.3757380568974772,34.93022007514761,2.13365539452496,1.3754696725711217,2.2074610842726785,0.36231884057971014,,
20,24.36929683306495,34.45383789586688,0.3757380568974772,34.72222222222222,2.13365539452496,1.3754696725711217,2.2074610842726785,0.36231884057971014,,
21,24.456521739130434,34.52093397745572,0.3757380568974772,34.46054750402576,2.281266774020397,1.3352120236178207,2.2074610842726785,0.36231884057971014,,
22,24.08749329039184,31.64922168545357,0.0067096081588835215,37.754965110037574,2.4020397208803006,1.5432098765432098,2.1940418679549114,0.36231884057971014,,
23,22.725442834138487,30.381105743424584,0.0067096081588835215,40.063070316693505,2.4020397208803006,1.9726247987117553,2.1806226516371443,0.2683843263553409,,
24,20.873590982286636,29.8040794417606,0.0067096081588835215,42.21685453569511,2.898550724637681,1.751207729468599,2.1806226516371443,0.2683843263553409,,
25,17.559044551798173,34.21229200214707,0.0067096081588835215,40.123456790123456,2.2879763821792807,1.8786902844873858,2.2410091250670963,1.6908212560386473,,
26,17.196725711218466,29.220343531937736,,45.62533548040794,2.147074610842727,1.8786902844873858,2.2410091250670963,1.6908212560386473,,
27,17.652979066022546,28.891572732152444,,45.51798174986581,2.147074610842727,1.8585614600107354,2.2410091250670963,1.6908212560386473,,
28,16.800858829844337,26.01315083199141,0.20799785292538917,49.14117015566291,2.147074610842727,1.7579173376274826,2.2410091250670963,1.6908212560386473,,
29,17.2638217928073,25.845410628019323,0.20799785292538917,48.90633387010199,2.086688137412775,1.7579173376274826,2.2410091250670963,1.6908212560386473,,
30,17.216854535695116,24.013687600644122,0.7648953301127214,46.35668276972625,2.086688137412775,1.7310789049919484,6.139291465378422,1.6908212560386473,,
31,17.894524959742352,23.946591519055286,0.7648953301127214,45.49785292538916,2.086688137412775,1.7310789049919484,5.991680085882985,2.086688137412775,,
32,18.169618894256576,23.866076221148685,0.7648953301127214,45.20263016639828,2.086688137412775,1.8317230273752012,5.991680085882985,2.086688137412775,,
33,17.975040257648953,22.188674181427803,0.7648953301127214,43.592324208266234,2.086688137412775,1.9793344068706387,9.426999463231347,1.9860440150295222,,
34,17.57246376811594,18.833870101986044,0.7648953301127214,47.28931830381106,2.086688137412775,2.314814814814815,9.151905528717123,1.9860440150295222,,
35,16.72705314009662,21.329844337090712,0.8923778851315083,45.95410628019324,2.086688137412775,2.536231884057971,8.507783145464305,1.9659151905528718,,
36,13.170960815888352,29.488727858293075,0.8923778851315083,41.52576489533011,2.0531400966183573,2.7442297369833604,8.28636607622115,1.8384326355340848,,
37,13.41250670960816,29.280730005367687,0.8454106280193237,38.84192163177671,2.0531400966183573,2.623456790123457,11.117820719269995,1.8250134192163177,,
38,14.103596349973161,29.052603327965645,0.8454106280193237,38.56682769726248,1.9994632313472893,2.5966183574879227,11.010466988727858,1.8250134192163177,,
39,14.351851851851851,28.898282340311326,0.8454106280193237,38.506441223832525,1.9994632313472893,2.5966183574879227,10.976918947933441,1.8250134192163177,,
40,14.459205582393988,28.5829307568438,0.8454106280193237,39.2914653784219,2.281266774020397,2.7844873859366612,9.957058507783145,1.7981749865807837,,
41,12.68786902844874,31.91760601180891,0.8454106280193237,37.714707461084274,2.4020397208803006,2.804616210413312,9.950348899624261,1.6774020397208802,,
42,11.33923778851315,27.012882447665056,0.8454106280193237,46.45061728395062,1.9726247987117553,2.428878153515835,8.474235104669887,1.4761137949543746,,
43,10.493827160493828,25.81857219538379,0.8454106280193237,48.03408480944713,1.9726247987117553,2.952227589908749,8.407139023081053,1.4761137949543746,,
44,10.621309715512615,25.731347289318304,0.3488996242619431,48.8996242619431,1.8988191089640365,2.952227589908749,7.87037037037037,1.6774020397208802,,
45,11.252012882447666,25.509930220075148,0.3488996242619431,48.752012882447666,1.8250134192163177,2.6972624798711755,7.87037037037037,1.7444981213097155,,
46,11.56736446591519,25.409286097691894,0.3488996242619431,48.53730542136339,1.8250134192163177,2.6972624798711755,7.87037037037037,1.7444981213097155,,
47,10.279119699409554,22.685185185185187,0.3421900161030596,43.592324208266234,1.8250134192163177,4.186795491143317,16.163446054750402,0.9259259259259259,,
48,10.554213633923778,22.497316156736446,0.3421900161030596,43.49838969404187,1.932367149758454,4.186795491143317,16.06280193236715,0.9259259259259259,,
49,10.93666129898014,22.423510466988727,0.3421900161030596,43.25684380032206,1.9122383252818036,4.186795491143317,16.015834675254965,0.9259259259259259,,
50,11.272141706924316,22.289318303811058,0.3421900161030596,43.08239398819109,1.9122383252818036,4.300858829844337,15.874932903918411,0.9259259259259259,,
51,11.41304347826087,22.24235104669887,0.3421900161030596,43.001878690284485,1.9122383252818036,4.502147074610843,15.660225442834138,0.9259259259259259,,
52,11.855877616747183,22.04777241009125,0.4562533548040794,42.693236714975846,1.9122383252818036,4.502147074610843,15.60654857756307,0.9259259259259259,,
53,12.338969404186795,22.041062801932366,0.4562533548040794,42.32420826623725,1.9122383252818036,4.502147074610843,15.499194847020934,0.9259259259259259,,
54,12.218196457326892,21.772678475577028,0.4562533548040794,44.7866344605475,1.9122383252818036,5.032206119162641,12.895866881374127,0.9259259259259259,,
55,11.77536231884058,21.26945786366076,0.4562533548040794,49.75174449812131,1.7914653784219001,4.609500805152979,9.514224369296834,0.8319914117015567,,
56,11.252012882447666,20.75281803542673,0.4562533548040794,51.878690284487384,1.7914653784219001,5.233494363929147,7.669082125603865,0.8319914117015567,0.13419216317767044,
57,11.272141706924316,18.968062265163713,0.4562533548040794,51.45598497047772,2.3886205045625335,4.7101449275362315,9.829575952764358,0.785024154589372,0.13419216317767044,
58,10.352925389157273,14.720880300590446,0.6172839506172839,56.15942028985507,2.200751476113795,3.2675791733762747,11.560654857756306,0.9863123993558777,0.13419216317767044,
59,9.514224369296834,11.829039184111648,0.30864197530864196,59.13848631239936,1.1473429951690821,2.9589371980676327,14.197530864197532,0.7716049382716049,0.13419216317767044,
60,10.144927536231885,11.822329575952764,0.30864197530864196,53.71041331186259,1.1473429951690821,2.9253891572732154,19.088835212023618,0.7179280730005367,0.13419216317767044,
61,9.782608695652174,11.721685453569512,0.30864197530864196,48.087761674718195,1.1473429951690821,3.026033279656468,25.53676865271068,0.2549651100375738,0.13419216317767044,
62,10.02415458937198,11.688137412775093,0.30864197530864196,47.799248523886206,1.2345679012345678,3.026033279656468,25.5300590445518,0.2549651100375738,0.13419216317767044,
63,10.265700483091788,11.688137412775093,0.30864197530864196,47.57112184648417,1.2345679012345678,3.026033279656468,25.429414922168544,0.35560923242082665,0.12077294685990338,
64,10.809178743961352,11.540526033279656,0.30864197530864196,47.356414385399894,1.2345679012345678,2.9119699409554483,25.36231884057971,0.35560923242082665,0.12077294685990338,
65,10.990338164251208,11.379495437466453,0.30864197530864196,44.115673644659154,1.2345679012345678,3.180354267310789,28.35480407944176,0.3153515834675255,0.12077294685990338,
66,11.480139559849706,11.305689747718732,0.30864197530864196,43.82716049382716,1.1943102522812667,3.180354267310789,28.267579173376276,0.3153515834675255,0.12077294685990338,
67,10.171765968867419,10.554213633923778,1.3888888888888888,49.033816425120776,0.9192163177670424,3.207192699946323,24.342458400429415,0.2616747181964573,0.12077294685990338,
68,10.272410091250672,7.709339774557166,6.843800322061192,47.69189479334407,0.9192163177670424,2.885131508319914,23.295759527643586,0.2616747181964573,0.12077294685990338,
69,10.621309715512615,7.709339774557166,6.769994632313473,47.396672034353195,1.8786902844873858,2.85829307568438,22.383252818035427,0.2616747181964573,0.12077294685990338,
70,10.762211486849168,7.575147611379496,6.769994632313473,46.59822866344606,1.8384326355340848,2.831454643048846,22.5979602791197,0.7917337627482555,0.23483628556092323,
71,10.466988727858293,6.286902844873859,9.702093397745571,42.619431025228124,1.8250134192163177,2.8784219001610305,24.92619431025228,1.0601180891035964,0.23483628556092323,
72,10.795759527643586,6.273483628556092,9.702093397745571,40.465646806226516,3.8848631239935587,2.8784219001610305,24.704777241009126,1.0601180891035964,0.23483628556092323,
73,10.976918947933441,6.233225979602791,9.997316156736447,39.45920558239399,3.8848631239935587,3.502415458937198,24.651100375738057,1.0601180891035964,0.23483628556092323,
74,11.312399355877616,6.233225979602791,9.997316156736447,39.36527106816962,3.8848631239935587,3.44873859366613,24.46323134728932,1.0601180891035964,0.23483628556092323,
75,11.81561996779388,6.219806763285024,9.936929683306495,39.04320987654321,3.8580246913580245,3.5963499731615673,24.154589371980677,1.1406333870101986,0.23483628556092323,
76,12.285292538915728,6.219806763285024,9.816156736446592,38.87546967257112,3.8580246913580245,3.5963499731615673,24.033816425120772,1.0802469135802468,0.23483628556092323,
77,11.345947396672035,6.0587761674718195,10.983628556092324,45.44417606011809,3.844605475040258,3.569511540526033,17.619431025228128,0.9997316156736447,0.13419216317767044,
78,11.312399355877616,6.025228126677402,10.970209339774557,44.840311325818575,3.938539989264627,3.9586688137412773,17.538915727321523,1.1741814278046163,0.24154589371980675,
79,11.352657004830919,6.018518518518518,8.923778851315083,40.33816425120773,8.715780998389693,3.4957058507783145,19.598765432098766,1.3150831991411702,0.24154589371980675,
80,12.117552334943639,5.870907139023081,9.03113258185722,40.04965110037574,8.668813741277509,3.4957058507783145,19.223027375201287,1.3016639828234031,0.24154589371980675,
81,9.688674181427805,3.4688674181427803,8.715780998389693,47.85963499731616,7.917337627482555,2.932098765432099,18.223295759527645,0.95276435856146,0.24154589371980675,
82,9.46725711218465,3.4420289855072466,6.823671497584541,50.717928073000536,7.890499194847021,2.932098765432099,17.431561996779386,1.0534084809447128,0.24154589371980675,
83,10.151637144390767,3.3950617283950617,7.105475040257649,49.946323134728935,7.635534084809447,3.1535158346752548,16.955179817498657,1.3083735909822867,0.3488996242619431,
84,9.863123993558776,3.3950617283950617,6.971282877079979,54.408212560386474,6.535158346752549,3.515834675254965,14.056629092860977,0.9057971014492754,0.3488996242619431,
85,10.258990874932904,3.3950617283950617,6.689479334406871,57.024959742351044,4.998658078368224,3.408480944712829,13.077026301663983,0.9057971014492754,0.24154589371980675,
86,10.57434245840043,3.3950617283950617,6.655931293612453,56.655931293612454,4.985238862050457,3.3950617283950617,13.050187869028449,1.0466988727858293,0.24154589371980675,
87,9.426999463231347,3.113258185721954,6.293612453032743,65.68035426731079,3.978797638217928,3.0394524959742353,7.058507783145465,1.2815351583467525,0.1274825550187869,
88,9.66183574879227,3.099838969404187,6.233225979602791,65.39855072463769,3.978797638217928,3.1602254428341383,7.058507783145465,1.2815351583467525,0.1274825550187869,
89,6.6760601180891035,2.6637144390767578,5.589103596349974,70.13553408480945,3.8378958668813743,2.522812667740204,7.058507783145465,1.3888888888888888,0.1274825550187869,
90,6.723027375201288,2.6637144390767578,5.689747718733226,70.02147074610842,3.8378958668813743,2.4892646269457863,7.058507783145465,1.3888888888888888,0.1274825550187869,
91,6.816961889425658,2.6637144390767578,5.8172302737520125,69.72624798711755,3.8378958668813743,2.4892646269457863,6.998121309715513,1.5230810520665594,0.1274825550187869,
92,6.89747718733226,2.6637144390767578,5.8172302737520125,67.9951690821256,3.7372517444981215,2.4892646269457863,8.749329039184111,1.5230810520665594,0.1274825550187869,
93,7.286634460547504,2.6167471819645733,5.622651637144391,67.44498121309715,3.878153515834675,2.6167471819645733,8.749329039184111,1.6572732152442298,0.1274825550187869,
94,7.62211486849168,2.6167471819645733,5.595813204508857,67.223564143854,3.878153515834675,2.6167471819645733,8.662104133118627,1.6572732152442298,0.1274825550187869,
95,8.017981749865807,2.563070316693505,5.562265163714439,66.72705314009661,3.878153515834675,2.589908749329039,8.655394524959743,1.8786902844873858,0.1274825550187869,
96,8.259527643585615,2.563070316693505,5.542136339237788,66.54589371980677,3.878153515834675,2.589908749329039,8.61513687600644,1.8786902844873858,0.1274825550187869,
97,8.433977455716587,2.522812667740204,5.542136339237788,66.31105743424584,3.8378958668813743,2.589908749329039,8.588298443370908,2.046430488459474,0.1274825550187869,
98,8.756038647342995,2.49597423510467,5.542136339237788,65.98899624261944,3.8378958668813743,2.589908749329039,8.494363929146537,2.167203435319377,0.1274825550187869,
99,9.500805152979066,2.49597423510467,5.360976918947934,65.60654857756307,3.8043478260869565,2.677133655394525,8.272946859903382,2.15378421900161,0.1274825550187869,
100,9.957058507783145,2.3886205045625335,5.441492216854535,65.09661835748793,3.8043478260869565,2.7979066022544283,8.13875469672571,2.24771873322598,0.1274825550187869,
101,10.178475577026301,2.3617820719269993,5.441492216854535,64.9020397208803,3.8043478260869565,2.7979066022544283,8.13875469672571,2.24771873322598,0.1274825550187869,
102,9.688674181427805,2.3617820719269993,5.508588298443371,55.91787439613527,2.757648953301127,2.7844873859366612,18.887546967257112,1.9659151905528718,0.1274825550187869,
103,9.50751476113795,2.3617820719269993,5.756843800322061,56.085614600107355,2.757648953301127,2.7777777777777777,18.666129898013956,1.9592055823939882,0.1274825550187869,
104,10.030864197530864,2.3081052066559313,5.723295759527644,55.75684380032206,2.717391304347826,2.7106816961889426,18.666129898013956,1.9592055823939882,0.1274825550187869,
105,10.292538915727322,2.3081052066559313,5.723295759527644,55.61594202898551,2.717391304347826,2.7106816961889426,18.54535695115405,1.9592055823939882,0.1274825550187869,
106,10.493827160493828,2.2879763821792807,5.669618894256575,55.46833064949007,2.717391304347826,2.7106816961889426,18.317230273752013,1.9592055823939882,0.3757380568974772,
107,10.802469135802468,2.2879763821792807,5.589103596349974,55.06575415995706,2.6502952227589907,2.7106816961889426,18.317230273752013,2.200751476113795,0.3757380568974772,
108,11.386205045625335,2.2879763821792807,5.508588298443371,54.40150295222759,2.6502952227589907,2.8247450348899625,18.169618894256576,2.395330112721417,0.3757380568974772,
109,11.513687600644122,2.2879763821792807,5.508588298443371,54.28743961352657,2.6502952227589907,2.8247450348899625,18.156199677938808,2.395330112721417,0.3757380568974772,
110,11.533816425120772,2.281266774020397,5.508588298443371,54.79736983360172,2.6502952227589907,2.509393451422437,18.055555555555557,2.3081052066559313,0.35560923242082665,
111,11.969940955448202,2.2745571658615136,5.421363392377885,54.528985507246375,2.7241009125067097,2.475845410628019,17.934782608695652,2.314814814814815,0.35560923242082665,
112,12.634192163177671,2.1940418679549114,5.656199677938808,53.85131508319914,2.7241009125067097,2.677133655394525,17.69994632313473,2.281266774020397,0.28180354267310787,
113,10.742082662372518,1.8853998926462694,5.441492216854535,55.23349436392915,1.9592055823939882,2.3215244229736984,19.89398819108964,2.328234031132582,0.19457863660762212,
114,10.929951690821255,1.8853998926462694,5.320719269994632,54.810789049919485,1.9390767579173376,2.6972624798711755,19.712828770799785,2.509393451422437,0.19457863660762212,
115,11.453301127214171,1.8853998926462694,5.320719269994632,54.146537842190014,2.368491680085883,2.6972624798711755,19.363929146537842,2.5697799248523885,0.19457863660762212,
116,11.688137412775093,1.8853998926462694,5.320719269994632,53.958668813741276,2.368491680085883,2.6838432635534084,19.343800322061192,2.5563607085346214,0.19457863660762212,
117,11.117820719269995,1.865271068169619,5.280461621041331,55.60252281266774,2.368491680085883,2.100107353730542,18.98148148148148,2.4892646269457863,0.19457863660762212,
118,9.98389694041868,1.7981749865807837,2.8515834675254963,65.25764895330113,2.200751476113795,1.8786902844873858,13.627214170692431,2.2074610842726785,0.19457863660762212,
119,10.473698336017177,1.778046162104133,2.8515834675254963,64.573268921095,2.200751476113795,1.8786902844873858,13.47289318303811,2.576489533011272,0.19457863660762212,
120,9.809447128287708,1.751207729468599,2.6167471819645733,65.53945249597423,2.200751476113795,5.911164787976382,9.473966720343531,2.509393451422437,0.1878690284487386,
121,8.279656468062266,1.093666129898014,2.2342995169082127,72.4771873322598,0.9259259259259259,5.072463768115942,7.595276435856146,2.1739130434782608,0.14761137949543746,
122,8.641975308641975,1.093666129898014,2.2342995169082127,71.947128287708,1.0466988727858293,5.072463768115942,7.575147611379496,2.3215244229736984,0.06709608158883522,
123,9.29951690821256,1.093666129898014,2.2342995169082127,71.32313472893183,1.0399892646269457,5.072463768115942,7.575147611379496,2.301395598497048,0.06038647342995169,
124,9.359903381642512,1.093666129898014,2.2342995169082127,70.24288781535158,1.0399892646269457,5.072463768115942,7.575147611379496,3.321256038647343,0.06038647342995169,
125,9.802737520128824,1.093666129898014,2.2342995169082127,69.63902308105207,1.0399892646269457,5.166398282340311,7.575147611379496,3.388352120236178,0.06038647342995169,
126,10.111379495437467,1.093666129898014,2.227589908749329,69.33709071390231,1.0399892646269457,5.166398282340311,7.575147611379496,3.388352120236178,0.06038647342995169,
127,10.520665593129362,1.093666129898014,2.227589908749329,69.02844873859367,1.0399892646269457,5.132850241545894,7.326892109500805,3.475577026301664,0.15432098765432098,
128,11.010466988727858,1.0869565217391304,2.227589908749329,67.98845947396671,1.0399892646269457,5.730005367686527,7.286634460547504,3.475577026301664,0.15432098765432098,
129,9.473966720343531,0.8521202361782072,1.107085346215781,74.24852388620505,0.9259259259259259,5.870907139023081,4.696725711218465,2.7308105206655933,0.0939345142243693,
130,9.655126140633387,0.8521202361782072,1.107085346215781,74.12775093934515,0.9259259259259259,5.810520665593129,4.696725711218465,2.7308105206655933,0.0939345142243693,
131,10.057702630166398,0.8521202361782072,1.107085346215781,73.24208266237251,0.9259259259259259,5.971551261406334,4.690016103059581,3.0595813204508855,0.0939345142243693,
132,10.466988727858293,0.8521202361782072,1.2144390767579174,72.73886205045625,0.8185721953837896,5.971551261406334,4.669887278582931,3.1736446591519054,0.0939345142243693,
133,10.809178743961352,0.8521202361782072,1.2144390767579174,72.41009125067096,0.8185721953837896,5.971551261406334,4.656468062265164,3.1736446591519054,0.0939345142243693,
134,10.93666129898014,0.8521202361782072,1.2077294685990339,68.80703166935051,4.3478260869565215,5.971551261406334,4.569243156199678,3.240740740740741,0.06709608158883522,
135,11.292270531400966,0.8521202361782072,1.1943102522812667,68.34406870638755,4.26731078904992,6.219806763285024,4.522275899087493,3.240740740740741,0.06709608158883522,
136,11.533816425120772,0.8521202361782072,1.1943102522812667,68.13607085346216,4.1532474503489,6.333870101986044,4.488727858293076,3.240740740740741,0.06709608158883522,
137,11.761943102522812,0.8521202361782072,1.1943102522812667,67.37788513150832,4.1129898013955986,6.233225979602791,4.488727858293076,3.911701556629093,0.06709608158883522,
138,11.949812130971551,0.8319914117015567,1.1943102522812667,67.19672571121846,4.005636070853462,6.353998926462695,4.488727858293076,3.911701556629093,0.06709608158883522,
139,11.084272678475577,0.8319914117015567,1.1943102522812667,68.62587224906065,4.005636070853462,6.353998926462695,4.139828234031133,3.69699409554482,0.06709608158883522,
140,11.480139559849706,0.8319914117015567,1.1943102522812667,67.92807300053677,4.005636070853462,6.353998926462695,4.126409017713366,4.012345679012346,0.06709608158883522,
141,11.916264090177133,0.8319914117015567,1.1943102522812667,67.42485238862051,4.005636070853462,6.353998926462695,4.126409017713366,4.079441760601181,0.06709608158883522,
142,12.338969404186795,0.8319914117015567,1.1943102522812667,67.12962962962963,4.086151368760064,6.206387546967257,4.05931293612453,4.086151368760064,0.06709608158883522,
143,12.567096081588835,0.8319914117015567,1.1943102522812667,67.00885668276973,4.086151368760064,6.206387546967257,4.05931293612453,3.978797638217928,0.06709608158883522,
144,12.915995705850777,0.8319914117015567,2.0263016639828235,65.69377348362856,4.045893719806763,6.018518518518518,4.05931293612453,4.341116478797638,0.06709608158883522,
145,13.130703166935051,0.8319914117015567,2.0263016639828235,65.552871712292,3.9452495974235107,6.005099302200751,4.05931293612453,4.38137412775094,0.06709608158883522,
146,13.741277509393452,0.8319914117015567,2.0263016639828235,64.87520128824477,3.9184111647879765,5.958132045088567,4.05931293612453,4.522275899087493,0.06709608158883522,
147,13.962694578636608,0.8319914117015567,2.0263016639828235,64.60010735373054,3.9184111647879765,6.072195383789587,4.019055287171229,4.502147074610843,0.06709608158883522,
148,14.492753623188406,0.8319914117015567,2.0263016639828235,64.1304347826087,3.784219001610306,6.206387546967257,3.9586688137412773,4.502147074610843,0.06709608158883522,
149,14.801395598497047,0.8319914117015567,2.0263016639828235,63.66747181964573,3.784219001610306,6.206387546967257,3.9586688137412773,4.656468062265164,0.06709608158883522,
150,14.955716586151368,0.785024154589372,2.0263016639828235,63.29173376274826,3.784219001610306,6.206387546967257,3.9586688137412773,4.924852388620504,0.06709608158883522,
151,14.9020397208803,0.7380568974771873,2.0263016639828235,61.09769189479334,3.784219001610306,6.320450885668277,6.387546967257112,4.676596886741814,0.06709608158883522,
152,13.499731615673644,0.7380568974771873,1.9994632313472893,55.28046162104133,11.788781535158346,6.568706387546968,5.662909286097692,4.394793344068707,0.06709608158883522,
153,13.754696725711218,0.7380568974771873,1.9994632313472893,54.58266237251745,11.52710681696189,6.723027375201288,5.615942028985507,4.99194847020934,0.06709608158883522,
154,14.231078904991948,0.7380568974771873,1.9994632313472893,54.38137412775094,11.513687600644122,6.541867954911433,5.535426731078905,4.99194847020934,0.06709608158883522,
155,14.512882447665056,0.7179280730005367,1.9994632313472893,54.17337627482555,11.493558776167472,6.535158346752549,5.535426731078905,4.9651100375738055,0.06709608158883522,
156,14.935587761674718,0.7179280730005367,1.9592055823939882,53.60976918947934,11.312399355877616,6.776704240472356,5.501878690284487,5.119431025228127,0.06709608158883522,
157,15.096618357487923,0.7179280730005367,2.059849704777241,53.36822329575953,11.312399355877616,6.776704240472356,5.481749865807837,5.119431025228127,0.06709608158883522,
158,15.271068169618895,0.7179280730005367,2.059849704777241,53.20048309178744,11.312399355877616,6.776704240472356,5.481749865807837,5.112721417069243,0.06709608158883522,
159,15.405260332796564,0.7179280730005367,1.9927536231884058,53.09983896940419,11.272141706924316,6.850509930220075,5.481749865807837,5.112721417069243,0.06709608158883522,
160,15.210681696188942,0.7179280730005367,3.824476650563607,51.58346752549651,11.265432098765432,6.850509930220075,5.481749865807837,4.998658078368224,0.06709608158883522,
161,15.45222758990875,0.7179280730005367,3.7775093934514223,51.40230810520666,11.238593666129898,6.877348362855609,5.46833064949007,4.998658078368224,0.06709608158883522,
162,15.827965646806227,0.7179280730005367,3.7775093934514223,50.979602791196996,11.131239935587761,6.937734836285561,5.414653784219001,5.146269457863661,0.06709608158883522,
163,16.31105743424584,0.7179280730005367,3.6768652710681695,50.1610305958132,11.11111111111111,6.904186795491143,5.522007514761138,5.394524959742351,0.20128824476650564,
164,16.59286097691895,0.7179280730005367,3.6500268384326353,49.8792270531401,11.198336017176597,6.964573268921095,5.522007514761138,5.273752012882448,0.20128824476650564,
165,16.941760601180892,0.7179280730005367,3.6500268384326353,49.79200214707461,11.097691894793345,6.937734836285561,5.522007514761138,5.22007514761138,0.12077294685990338,
166,17.270531400966185,0.7112184648416533,3.44873859366613,49.51690821256039,11.09098228663446,6.937734836285561,5.508588298443371,5.394524959742351,0.12077294685990338,
167,17.76033279656468,0.7112184648416533,3.435319377348363,48.83252818035427,11.003757380568974,7.14573268921095,5.401234567901234,5.488459473966721,0.2214170692431562,
168,17.954911433172303,0.7112184648416533,3.435319377348363,48.107890499194845,11.003757380568974,7.132313472893183,5.401234567901234,6.031937734836285,0.2214170692431562,
169,18.015297906602253,0.7112184648416533,3.2004830917874396,47.61808910359635,12.090713902308105,7.112184648416532,5.374396135265701,5.656199677938808,0.2214170692431562,
170,18.51851851851852,0.7112184648416533,3.180354267310789,47.26247987117552,12.090713902308105,7.078636607622115,5.3274288781535155,5.609232420826624,0.2214170692431562,
171,13.841921631776705,0.2281266774020397,2.7106816961889426,37.265163714439076,11.849168008588299,6.018518518518518,23.09447128287708,4.770531400966184,0.2214170692431562,
172,14.056629092860977,0.2281266774020397,3.0931293612453032,36.983360171765966,11.75523349436393,6.018518518518518,22.873054213633925,4.770531400966184,0.2214170692431562,
173,14.244498121309716,0.2281266774020397,3.0931293612453032,36.862587224906065,11.654589371980677,6.099033816425121,22.873054213633925,4.723564143853999,0.2214170692431562,
174,14.2914653784219,0.2281266774020397,3.1333870101986045,36.28556092324208,11.654589371980677,6.608964036500268,22.86634460547504,4.7101449275362315,0.2214170692431562,
175,14.479334406870638,0.2281266774020397,3.1333870101986045,36.090982286634464,11.782071926999464,6.568706387546968,22.785829307568438,4.7101449275362315,0.2214170692431562,
176,14.338432635534085,0.2281266774020397,1.9592055823939882,40.063070316693505,11.77536231884058,4.757112184648417,22.282608695652176,4.428341384863124,0.16774020397208803,
177,14.53972088030059,0.2281266774020397,1.8183038110574343,39.9020397208803,11.741814278046162,4.87788513150832,22.22222222222222,4.502147074610843,0.16774020397208803,
178,14.942297369833602,0.2281266774020397,1.8183038110574343,39.55984970477724,11.741814278046162,4.9651100375738055,22.168545356951153,4.408212560386473,0.16774020397208803,
179,15.297906602254429,0.2281266774020397,1.8183038110574343,39.30488459473967,11.688137412775093,4.958400429414922,22.128287707997853,4.408212560386473,0.16774020397208803,
180,16.11647879763822,0.2281266774020397,1.8183038110574343,38.67418142780462,11.688137412775093,4.891304347826087,22.0276435856146,4.388083735909823,0.16774020397208803,
181,16.794149221685455,0.2281266774020397,1.8183038110574343,38.157541599570585,11.688137412775093,4.891304347826087,21.77938808373591,4.388083735909823,0.2549651100375738,
182,17.250402576489535,0.2281266774020397,1.8183038110574343,38.016639828234034,11.574074074074074,4.864465915190553,21.638486312399355,4.3545356951154055,0.2549651100375738,
183,17.478529253891573,0.2281266774020397,1.8183038110574343,37.815351583467525,11.54723564143854,4.864465915190553,21.598228663446054,4.394793344068707,0.2549651100375738,
184,16.465378421900162,0.2281266774020397,1.778046162104133,44.00831991411702,9.957058507783145,5.213365539452496,17.599302200751477,4.49543746645196,0.2549651100375738,
185,16.586151368760063,0.2281266774020397,1.778046162104133,43.71980676328502,9.957058507783145,5.3341384863123995,17.518786902844873,4.622920021470746,0.2549651100375738,
186,16.74718196457327,0.2281266774020397,1.778046162104133,43.4447128287708,9.957058507783145,5.307300053676865,17.518786902844873,4.7638217928073,0.2549651100375738,
187,17.082662372517444,0.2281266774020397,2.1403650026838434,43.042136339237786,9.916800858829845,5.226784755770263,17.391304347826086,4.723564143853999,0.24825550187869028,
188,17.136339237788512,0.2281266774020397,2.1403650026838434,42.53891572732152,9.91009125067096,5.347557702630167,17.371175523349436,5.0791733762748255,0.24825550187869028,
189,17.941492216854535,0.2147074610842727,2.5026838432635534,41.96188942565754,9.91009125067096,5.340848094471283,17.12962962962963,4.750402576489533,0.24825550187869028,
190,18.270263016639827,0.2147074610842727,2.4892646269457863,41.51905528717123,9.621578099838969,5.629361245303274,17.12962962962963,4.736983360171766,0.24825550187869028,0.14090177133655393
191,18.370907139023082,0.2147074610842727,2.4892646269457863,41.15002683843264,9.601449275362318,5.629361245303274,17.03569511540526,5.119431025228127,0.24825550187869028,0.14090177133655393
192,17.941492216854535,0.2147074610842727,2.4892646269457863,39.25791733762748,9.460547504025765,5.622651637144391,19.73966720343532,4.884594739667204,0.24825550187869028,0.14090177133655393
193,17.98845947396672,0.2147074610842727,2.4892646269457863,38.45276435856146,9.460547504025765,6.078904991948471,19.706119162640903,5.22007514761138,0.24825550187869028,0.14090177133655393
194,18.169618894256576,0.2147074610842727,2.4154589371980677,38.439345142243695,9.447128287707997,6.078904991948471,19.6256038647343,5.22007514761138,0.24825550187869028,0.14090177133655393
195,18.51851851851852,0.2147074610842727,2.4154589371980677,38.08373590982286,9.433709071390231,6.139291465378422,19.585346215780998,5.22007514761138,0.24825550187869028,0.14090177133655393
196,18.793612453032743,0.2147074610842727,2.4154589371980677,37.84219001610306,9.433709071390231,6.099033816425121,19.612184648416534,5.199946323134729,0.24825550187869028,0.14090177133655393
197,19.176060118089104,0.2147074610842727,2.4020397208803006,37.52012882447665,9.433709071390231,6.099033816425121,19.605475040257648,5.159688674181428,0.24825550187869028,0.14090177133655393
198,19.806763285024154,0.2147074610842727,2.4020397208803006,37.204777241009126,9.339774557165862,6.085614600107354,19.404186795491142,5.152979066022544,0.24825550187869028,0.14090177133655393
199,20.034889962426195,0.2147074610842727,2.4020397208803006,36.922973698336016,9.31964573268921,6.085614600107354,19.33709071390231,5.293880837359098,0.24825550187869028,0.14090177133655393
200,20.46430488459474,0.2147074610842727,2.4020397208803006,36.480139559849704,9.292807300053678,6.1862587224906065,19.296833064949006,5.273752012882448,0.24825550187869028,0.14090177133655393
201,20.377079978529252,0.2147074610842727,4.119699409554482,35.18518518518518,9.286097691894794,6.528448738593666,19.00161030595813,4.898013955984971,0.24825550187869028,0.14090177133655393
202,20.685721953837895,0.2147074610842727,4.106280193236715,34.628287707997856,9.078099838969404,7.125603864734299,18.86070853462158,4.911433172302737,0.24825550187869028,0.14090177133655393
203,20.96081588835212,0.2147074610842727,4.092860976918948,34.44041867954911,9.05126140633387,7.125603864734299,18.840579710144926,4.884594739667204,0.24825550187869028,0.14090177133655393
204,21.014492753623188,0.2147074610842727,4.072732152442297,34.35319377348363,9.037842190016104,7.226247987117552,18.80703166935051,4.884594739667204,0.24825550187869028,0.14090177133655393
205,21.182232957595275,0.2147074610842727,4.072732152442297,34.19216317767042,9.037842190016104,7.219538378958669,18.80703166935051,4.884594739667204,0.24825550187869028,0.14090177133655393
206,21.390230810520666,0.2147074610842727,4.4820182501341925,33.89023081052066,9.312936124530328,7.011540526033279,18.46484165324745,4.8443370907139025,0.24825550187869028,0.14090177133655393
207,21.93370907139023,0.2147074610842727,4.4820182501341925,33.36688137412775,9.292807300053678,6.998121309715513,18.4447128287708,4.87788513150832,0.24825550187869028,0.14090177133655393
208,22.289318303811058,0.2147074610842727,4.4820182501341925,33.1454643048846,9.232420826623725,6.998121309715513,18.38432635534085,4.864465915190553,0.24825550187869028,0.14090177133655393
209,22.41009125067096,0.2147074610842727,4.455179817498658,33.04482018250134,9.138486312399356,7.39398819108964,17.961621041331185,4.99194847020934,0.24825550187869028,0.14090177133655393
210,22.644927536231883,0.2147074610842727,4.455179817498658,32.91733762748255,8.964036500268385,7.347020933977456,17.961621041331185,4.99194847020934,0.36231884057971014,0.14090177133655393
211,22.537573805689746,0.2147074610842727,4.455179817498658,32.03166935050993,7.481213097155126,6.944444444444445,20.819914117015568,5.01207729468599,0.36231884057971014,0.14090177133655393
212,22.7187332259796,0.2147074610842727,4.562533548040794,31.76328502415459,7.461084272678476,7.011540526033279,20.7662372517445,4.998658078368224,0.36231884057971014,0.14090177133655393
213,23.221953837895867,0.20128824476650564,4.616210413311863,31.387546967257112,7.541599570585078,6.89747718733226,20.725979602791195,4.904723564143854,0.36231884057971014,0.14090177133655393
214,23.403113258185723,0.20128824476650564,4.703435319377348,31.36070853462158,7.37385936661299,6.89747718733226,20.665593129361245,4.904723564143854,0.36231884057971014,0.1274825550187869
215,22.249060654857757,0.20128824476650564,4.636339237788513,40.4320987654321,2.4020397208803006,6.515029522275899,18.50509930220075,4.810789049919484,0.24825550187869028,
216,22.36983360171766,0.20128824476650564,4.636339237788513,40.304616210413315,2.4020397208803006,6.501610305958132,18.364197530864196,4.9718196457326895,0.24825550187869028,
217,22.725442834138487,0.20128824476650564,4.636339237788513,40.103327965646805,2.4020397208803006,6.394256575415996,18.276972624798713,5.12614063338701,0.13419216317767044,
218,22.86634460547504,0.20128824476650564,4.636339237788513,39.70746108427268,2.3886205045625335,6.380837359098229,18.209876543209877,5.475040257648954,0.13419216317767044,
219,23.235373054213635,0.20128824476650564,4.5893719806763285,39.57326892109501,2.3886205045625335,6.353998926462695,18.075684380032207,5.448201825013419,0.13419216317767044,
220,23.53059581320451,0.20128824476650564,4.300858829844337,39.00295222758991,3.0595813204508855,6.3070316693505095,18.04213633923779,5.421363392377885,0.13419216317767044,
221,23.49033816425121,0.20128824476650564,4.448470209339774,38.781535158346756,3.0595813204508855,6.300322061191626,18.04213633923779,5.542136339237788,0.13419216317767044,
222,23.64465915190553,0.20128824476650564,4.441760601180891,38.727858293075684,3.0595813204508855,6.380837359098229,17.961621041331185,5.448201825013419,0.13419216317767044,
223,23.926462694578635,0.20128824476650564,4.320987654320987,38.62050456253355,3.0595813204508855,6.367418142780462,17.934782608695652,5.434782608695652,0.13419216317767044,
224,24.12775093934514,0.20128824476650564,4.247181964573269,38.399087493290395,3.0595813204508855,6.481481481481482,17.914653784219002,5.434782608695652,0.13419216317767044,
225,24.355877616747183,0.20128824476650564,4.247181964573269,38.22463768115942,3.0595813204508855,6.447933440687064,17.881105743424584,5.448201825013419,0.13419216317767044,
226,24.610842726784757,0.20128824476650564,4.361245303274289,38.00322061191626,2.999194847020934,6.629092860976919,17.67981749865808,5.387815351583468,0.1274825550187869,
227,24.92619431025228,0.20128824476650564,4.327697262479871,37.78851315083199,2.999194847020934,6.622383252818035,17.67981749865808,5.3274288781535155,0.1274825550187869,
228,25.0805152979066,0.20128824476650564,4.327697262479871,37.714707461084274,2.999194847020934,6.622383252818035,17.62614063338701,5.300590445517981,0.1274825550187869,
229,25.523349436392916,0.20128824476650564,4.327697262479871,37.57380568974772,2.999194847020934,6.535158346752549,17.411433172302736,5.300590445517981,0.1274825550187869,
230,25.670960815888353,0.20128824476650564,4.327697262479871,37.486580783682236,2.999194847020934,6.521739130434782,17.411433172302736,5.253623188405797,0.1274825550187869,
231,25.805152979066023,0.20128824476650564,4.327697262479871,37.41277509393451,2.999194847020934,6.481481481481482,17.391304347826086,5.253623188405797,0.1274825550187869,
232,26.01315083199141,0.20128824476650564,4.468599033816425,37.29200214707461,2.999194847020934,6.481481481481482,17.223564143854,5.193236714975845,0.1274825550187869,
233,26.080246913580247,0.20128824476650564,4.414922168545357,37.17122920021471,3.140096618357488,6.541867954911433,17.21014492753623,5.112721417069243,0.1274825550187869,
234,25.147611379495437,0.20128824476650564,4.2270531400966185,41.97530864197531,2.7442297369833604,6.320450885668277,14.868491680085883,4.388083735909823,0.1274825550187869,
235,25.194578636607623,0.20128824476650564,4.2270531400966185,41.928341384863124,2.7442297369833604,6.320450885668277,14.868491680085883,4.388083735909823,0.1274825550187869,
236,25.489801395598498,0.20128824476650564,4.139828234031133,41.8545356951154,2.7442297369833604,6.300322061191626,14.694041867954912,4.3545356951154055,0.2214170692431562,
237,25.664251207729468,0.20128824476650564,4.213633923778851,41.63311862587225,2.818035426731079,6.213097155126141,14.36527106816962,4.669887278582931,0.2214170692431562,
238,25.93263553408481,0.20128824476650564,4.213633923778851,41.47208803005905,2.818035426731079,6.1862587224906065,14.150563607085346,4.804079441760601,0.2214170692431562,
239,26.06682769726248,0.20128824476650564,4.180085882984434,41.30434782608695,3.166935050993022,6.011808910359635,14.103596349973161,4.74369296833065,0.2214170692431562,
