,45,50,54,55,51,53,52,56
0,88.21792807300054,11.782071926999464,,,,,,
1,83.53462157809984,16.465378421900162,,,,,,
2,82.26650563607086,17.733494363929147,,,,,,
3,79.93827160493827,20.061728395061728,,,,,,
4,80.11943102522812,19.249865807836823,0.630703166935051,,,,,
5,80.17981749865808,19.189479334406872,0.630703166935051,,,,,
6,79.3947933440687,19.97450348899624,0.630703166935051,,,,,
7,56.515029522275896,42.62614063338701,0.630703166935051,0.2281266774020397,,,,
8,56.756575415995705,41.324476650563604,0.630703166935051,0.2281266774020397,1.0601180891035964,,,
9,57.078636607622116,41.02254428341385,0.630703166935051,0.2281266774020397,1.0399892646269457,,,
10,54.91814278046162,42.21685453569511,0.630703166935051,0.2281266774020397,1.0399892646269457,0.966183574879227,,
11,54.609500805152976,42.619431025228124,0.5770263016639828,0.2147074610842727,1.0399892646269457,0.9393451422436929,,
12,50.38244766505636,46.91358024691358,0.5770263016639828,0.2147074610842727,1.0265700483091786,0.8856682769726248,,
13,49.966451959205585,47.38996242619431,0.5770263016639828,0.20799785292538917,0.9997316156736447,0.8588298443370908,,
14,48.72517444981213,48.329307568438004,0.8856682769726248,0.20799785292538917,0.9997316156736447,0.8521202361782072,,
15,48.97342995169082,48.081052066559316,0.8856682769726248,0.20799785292538917,0.9997316156736447,0.8521202361782072,,
16,49.14117015566291,47.59125067096082,0.8856682769726248,0.20799785292538917,1.1473429951690821,1.0265700483091786,,
17,49.33574879227053,47.14170692431562,0.8655394524959742,0.20799785292538917,1.4358561460010735,1.0131508319914118,,
18,44.927536231884055,50.06038647342995,2.3752012882447664,0.20799785292538917,1.4358561460010735,0.9930220075147611,,
19,43.874127750939344,51.11379495437466,2.3752012882447664,0.20799785292538917,1.4358561460010735,0.9930220075147611,,
20,44.02173913043478,50.40257648953301,2.3617820719269993,0.20799785292538917,1.4358561460010735,0.4092860976918948,1.1607622114868492,
21,42.43827160493827,51.570048309178745,2.3081052066559313,0.6776704240472357,1.4358561460010735,0.4092860976918948,1.1607622114868492,
22,40.22410091250671,54.159957058507786,2.2410091250670963,0.6776704240472357,1.4358561460010735,0.27509393451422437,0.9863123993558777,
23,37.9898013955985,56.28690284487386,2.2410091250670963,0.6776704240472357,1.4358561460010735,0.3824476650563607,0.9863123993558777,
24,38.14412238325282,53.797638217928075,2.01959205582394,0.6776704240472357,1.4358561460010735,0.2952227589908749,3.629898013955985,
25,38.499731615673646,53.475577026301664,2.01959205582394,0.6776704240472357,1.4358561460010735,0.2952227589908749,3.5963499731615673,
26,38.727858293075684,51.33521202361782,3.549382716049383,1.328502415458937,1.3955984970477724,0.2952227589908749,3.3682232957595275,
27,38.506441223832525,49.8792270531401,3.5426731078904994,2.1806226516371443,2.2410091250670963,0.28180354267310787,3.3682232957595275,
28,38.54669887278583,48.62453032742888,3.6902844873859366,2.1068169618894257,3.3950617283950617,0.28180354267310787,3.3548040794417604,
29,37.19806763285024,46.61164787976382,3.656736446591519,2.0933977455716586,4.126409017713366,2.9723564143853998,3.3413848631239937,
30,37.52012882447665,46.403650026838434,3.6231884057971016,2.046430488459474,4.126409017713366,2.945517981749866,3.33467525496511,
31,38.18438003220612,44.867149758454104,3.5963499731615673,1.8988191089640365,4.092860976918948,4.133118625872249,3.227321524422974,
32,37.815351583467525,44.08212560386473,3.5762211486849167,1.8988191089640365,4.025764895330113,4.126409017713366,4.4753086419753085,
33,38.29844337090714,43.71309715512614,3.5292538915727323,1.8786902844873858,3.9989264626945786,4.1129898013955986,4.468599033816425,
34,38.29844337090714,41.7337627482555,3.5292538915727323,1.8786902844873858,6.052066559312936,4.079441760601181,4.428341384863124,
35,37.88915727321525,40.60654857756307,3.5292538915727323,1.865271068169619,7.018250134192163,4.7101449275362315,4.38137412775094,
36,37.03032742887815,40.915190552871714,3.0864197530864197,1.865271068169619,6.9310252281266775,4.683306494900698,5.488459473966721,
37,34.52093397745572,44.457863660762214,3.052871712292002,2.0531400966183573,5.8239398819108965,4.683306494900698,5.407944176060118,
38,34.72222222222222,43.23671497584541,2.85829307568438,2.0531400966183573,5.8172302737520125,4.656468062265164,6.655931293612453,
39,35.17176596886742,42.85426731078905,2.85829307568438,2.0397208803005906,5.8172302737520125,4.616210413311863,6.642512077294686,
40,35.23215244229737,41.908212560386474,2.8381642512077296,2.1806226516371443,6.689479334406871,4.575952764358561,6.575415995705851,
41,32.98443370907139,44.79334406870639,2.804616210413312,2.1739130434782608,6.642512077294686,4.636339237788513,5.964841653247451,
42,32.830112721417066,43.94122383252818,2.7844873859366612,2.167203435319377,7.7898550724637685,4.609500805152979,5.877616747181965,
43,31.890767579173378,42.12292002147075,2.1269457863660763,2.167203435319377,9.836285560923242,5.555555555555555,6.300322061191626,
44,32.407407407407405,41.659957058507786,2.100107353730542,2.1403650026838434,9.789318303811058,5.4616210413311865,6.4412238325281805,
45,32.83682232957595,41.36473429951691,2.100107353730542,2.1068169618894257,9.728931830381105,5.434782608695652,6.427804616210413,
46,32.67579173376275,40.4320987654321,2.5429414922168547,2.1068169618894257,10.50053676865271,5.35426731078905,6.387546967257112,
47,30.64278046162104,36.580783682232955,2.509393451422437,3.9184111647879765,14.928878153515834,5.273752012882448,6.146001073537305,
48,31.05877616747182,36.34594739667203,2.4490069779924855,3.864734299516908,14.928878153515834,5.24020397208803,6.112453032742888,
49,30.69645732689211,37.05716586151369,2.4490069779924855,3.851315083199141,14.9020397208803,5.193236714975845,5.850778314546431,
50,31.246645195920557,36.761943102522814,2.4221685453569513,3.797638217928073,14.794685990338165,5.152979066022544,5.8239398819108965,
51,31.4747718733226,35.73537305421363,2.408749329039184,3.9720880300590444,16.089640365002683,4.508856682769726,5.810520665593129,
52,31.642512077294686,35.487117552334944,2.408749329039184,4.079441760601181,16.06280193236715,4.508856682769726,5.810520665593129,
53,30.92458400429415,37.35909822866345,2.408749329039184,4.052603327965647,14.298174986580785,5.146269457863661,5.810520665593129,
54,30.857487922705314,36.191626409017715,2.0531400966183573,3.69699409554482,14.15727321524423,7.273215244229737,5.770263016639828,
55,31.146001073537306,36.00375738056898,2.046430488459474,3.0595813204508855,14.06333870101986,7.930756843800322,5.750134192163178,
56,30.636070853462158,34.655126140633385,1.9860440150295222,3.0595813204508855,16.14331723027375,7.769726247987117,5.750134192163178,
57,31.05877616747182,34.4068706387547,1.932367149758454,3.046162104133119,16.076221148684915,7.75630703166935,5.723295759527644,
58,30.9849704777241,34.72893183038111,1.8988191089640365,3.0394524959742353,15.888352120236178,7.75630703166935,5.703166935050993,
59,31.092324208266238,34.265968867418145,2.6167471819645733,3.026033279656468,16.076221148684915,7.6556629092860975,5.267042404723564,
60,31.387546967257112,34.09822866344606,2.6167471819645733,3.012614063338701,16.015834675254965,7.601986044015029,5.267042404723564,
61,31.199677938808374,33.60842726784756,2.6033279656468062,3.012614063338701,16.80756843800322,7.568438003220612,5.199946323134729,
62,31.42109500805153,33.52791196994095,2.589908749329039,3.6634460547504024,16.6935050993022,6.9310252281266775,5.173107890499195,
63,31.910896403650028,33.319914117015564,2.576489533011272,3.6634460547504024,16.545893719806763,6.857219538378959,5.12614063338701,
64,32.14573268921095,33.17230273752013,2.576489533011272,3.643317230273752,16.485507246376812,6.850509930220075,5.12614063338701,
65,32.380568974771876,32.407407407407405,2.576489533011272,4.334406870638754,16.364734299516908,6.830381105743425,5.10601180891036,
66,32.6556629092861,32.2866344605475,2.576489533011272,4.300858829844337,16.297638217928075,6.8035426731078905,5.0791733762748255,
67,33.17230273752013,31.97128287707998,2.576489533011272,4.280730005367687,16.190284487385938,6.763285024154589,5.045625335480408,
68,33.641975308641975,31.407675791733762,2.563070316693505,4.213633923778851,15.794417606011809,6.642512077294686,5.736714975845411,
69,34.07809983896941,31.052066559312937,2.6972624798711755,4.334406870638754,15.49248523886205,6.615673644659152,5.730005367686527,
70,34.09822866344606,30.71658615136876,2.690552871712292,4.186795491143317,15.069779924852389,7.434245840042942,5.662909286097692,0.14090177133655393
71,34.614868491680085,30.475040257648953,2.690552871712292,4.1532474503489,14.989264626945786,7.313472893183038,5.622651637144391,0.14090177133655393
72,34.594739667203434,30.367686527106816,2.6435856146001075,4.139828234031133,16.411701556629094,6.078904991948471,5.622651637144391,0.14090177133655393
73,34.94363929146538,30.159688674181428,2.5966183574879227,4.139828234031133,16.337895866881375,6.072195383789587,5.609232420826624,0.14090177133655393
74,32.54830917874396,33.16559312936125,2.5966183574879227,4.139828234031133,15.76086956521739,6.038647342995169,5.609232420826624,0.14090177133655393
75,31.702898550724637,32.41411701556629,2.5831991411701556,3.589640365002684,15.673644659151906,5.46833064949007,8.568169618894256,
76,31.87734836285561,32.326892109500804,2.576489533011272,3.589640365002684,15.646806226516372,5.46833064949007,8.514492753623188,
77,28.99892646269458,28.29441760601181,2.2879763821792807,2.5161030595813205,27.74422973698336,3.6902844873859366,6.468062265163715,
78,29.69001610305958,28.052871712292003,2.2611379495437465,2.475845410628019,27.469135802469136,3.6097691894793345,6.4412238325281805,
79,29.931561996779386,27.623456790123456,2.24771873322598,2.475845410628019,24.315619967793882,6.964573268921095,6.4412238325281805,
80,30.112721417069242,27.294685990338163,2.5026838432635534,2.475845410628019,24.241814278046164,6.951154052603328,6.421095008051529,
81,29.716854535695116,26.08695652173913,2.5026838432635534,2.4557165861513686,25.946054750402578,6.890767579173376,6.400966183574879,
82,29.898013955984972,25.89237788513151,2.8113258185721954,2.4557165861513686,25.47638217928073,7.078636607622115,6.387546967257112,
83,30.300590445517983,25.677670424047236,2.7844873859366612,2.301395598497048,23.95330112721417,8.655394524959743,6.327160493827161,
84,29.918142780461622,24.778582930756844,2.7777777777777777,2.301395598497048,25.32206119162641,8.635265700483092,6.266774020397209,
85,30.10601180891036,24.63768115942029,2.9052603327965647,2.301395598497048,25.241545893719806,8.541331186258722,6.266774020397209,
86,30.636070853462158,24.516908212560388,2.8784219001610305,2.301395598497048,25.006709608158882,8.474235104669887,6.1862587224906065,
87,31.092324208266238,24.46323134728932,2.844873859366613,2.2946859903381642,24.932903918411164,8.219269994632313,6.152710681696189,
88,31.28690284487386,23.812399355877616,2.844873859366613,2.8918411164787976,24.684648416532475,8.199141170155663,6.152710681696189,0.1274825550187869
89,31.568706387546968,23.637949543746647,2.844873859366613,2.999194847020934,24.422973698336016,8.105206655931294,6.293612453032743,0.1274825550187869
90,30.555555555555557,22.24235104669887,2.5697799248523885,2.4892646269457863,27.91867954911433,9.252549651100376,4.8443370907139025,0.1274825550187869
91,30.04562533548041,21.93370907139023,1.7444981213097155,2.3752012882447664,27.737520128824478,8.09849704777241,7.937466451959206,0.1274825550187869
92,30.367686527106816,21.846484165324746,1.7310789049919484,2.3617820719269993,27.61003757380569,8.071658615136876,7.883789586688137,0.1274825550187869
93,30.589103596349972,21.752549651100377,1.7310789049919484,2.3483628556092326,27.38191089640365,8.185721953837897,7.883789586688137,0.1274825550187869
94,28.468867418142782,23.121309715512613,1.7176596886741815,2.475845410628019,27.03972088030059,8.038110574342458,9.01100375738057,0.1274825550187869
95,28.844605475040257,23.007246376811594,1.7176596886741815,2.475845410628019,26.979334406870638,7.9106280193236715,8.93719806763285,0.1274825550187869
96,28.468867418142782,22.282608695652176,1.6975308641975309,2.49597423510467,26.40901771336554,7.313472893183038,11.305689747718732,0.026838432635534086
97,28.884863123993558,22.22222222222222,1.6975308641975309,2.49597423510467,26.100375738056897,7.313472893183038,11.258722490606548,0.026838432635534086
98,29.126409017713364,22.041062801932366,1.6908212560386473,2.49597423510467,25.597155126140635,7.313472893183038,11.708266237251744,0.026838432635534086
99,29.361245303274288,21.980676328502415,1.6908212560386473,2.4825550187869028,24.255233494363928,7.300053676865271,11.668008588298443,1.261406333870102
100,26.84514224369297,20.531400966183575,1.6572732152442298,2.3617820719269993,30.810520665593128,5.676328502415459,10.88298443370907,1.2345679012345678
101,26.96591519055287,20.397208803005906,1.8183038110574343,2.3617820719269993,30.58239398819109,5.676328502415459,10.815888352120236,1.3821792807300053
102,27.36849168008588,20.343531937734838,1.7981749865807837,2.3617820719269993,30.360976918947934,5.5756843800322065,10.809178743961352,1.3821792807300053
103,27.72410091250671,20.21604938271605,1.7914653784219001,2.314814814814815,30.24020397208803,5.5689747718733225,10.762211486849168,1.3821792807300053
104,27.905260332796566,20.209339774557165,1.7914653784219001,2.314814814814815,30.119431025228128,5.528717122920021,10.748792270531402,1.3821792807300053
105,28.401771336553946,20.12211486849168,1.7914653784219001,2.314814814814815,29.864465915190554,5.401234567901234,10.748792270531402,1.3553408480944713
106,28.63660762211487,20.081857219538378,1.7914653784219001,2.314814814814815,29.770531400966185,5.401234567901234,10.648148148148149,1.3553408480944713
107,28.073000536768653,19.53166935050993,1.5432098765432098,2.945517981749866,30.62265163714439,5.360976918947934,10.567632850241546,1.3553408480944713
108,27.623456790123456,18.364197530864196,1.3687600644122384,2.945517981749866,32.83682232957595,5.287171229200215,10.292538915727322,1.2815351583467525
109,27.9723564143854,18.33064949006978,1.3687600644122384,2.945517981749866,31.45464304884595,6.394256575415996,10.25228126677402,1.2815351583467525
110,27.147074610842726,23.289049919484704,1.3620504562533549,2.871712292002147,27.677133655394524,6.273483628556092,10.0979602791197,1.2815351583467525
111,27.49597423510467,23.2085346215781,1.2949543746645196,2.871712292002147,27.603327965646805,6.213097155126141,10.050993022007514,1.261406333870102
112,27.76435856146001,23.161567364465917,1.2949543746645196,2.871712292002147,27.449006977992486,6.213097155126141,9.98389694041868,1.261406333870102
113,28.026033279656467,23.067632850241544,1.2949543746645196,2.8650026838432634,27.30810520665593,6.206387546967257,9.970477724100913,1.261406333870102
114,28.388352120236178,23.141438539989263,1.2278582930756843,2.8113258185721954,27.106816961889425,6.152710681696189,9.91009125067096,1.261406333870102
115,28.79092860976919,22.993827160493826,1.2278582930756843,2.8113258185721954,26.8719806763285,6.132581857219538,9.91009125067096,1.261406333870102
116,29.03918411164788,22.96027911969941,1.221148684916801,2.8113258185721954,26.7512077294686,6.132581857219538,9.849704777241008,1.2345679012345678
117,28.35480407944176,22.168545356951153,1.2144390767579174,3.9519592055823938,26.127214170692433,6.0587761674718195,10.889694041867955,1.2345679012345678
118,26.7512077294686,19.90740740740741,1.1137949543746646,3.911701556629093,31.125872249060656,5.6964573268921095,10.265700483091788,1.2278582930756843
119,27.194041867954912,19.726247987117553,1.1137949543746646,3.851315083199141,31.00509930220075,5.8239398819108965,10.057702630166398,1.2278582930756843
120,27.388620504562535,19.47128287707998,1.1137949543746646,3.7909286097691894,30.18652710681696,5.797101449275362,11.023886205045626,1.2278582930756843
121,27.91867954911433,19.316961889425656,1.1137949543746646,3.784219001610306,29.944981213097154,5.790391841116479,10.916532474503489,1.2144390767579174
122,28.401771336553946,19.11567364465915,1.1137949543746646,3.770799785292539,29.864465915190554,5.770263016639828,10.748792270531402,1.2144390767579174
123,28.951959205582394,19.03515834675255,1.1137949543746646,3.730542136339238,29.522275899087493,5.750134192163178,10.681696188942565,1.2144390767579174
124,29.2337627482555,18.927804616210413,1.3955984970477724,3.717122920021471,28.468867418142782,5.723295759527644,11.3191089640365,1.2144390767579174
125,29.64975845410628,18.800322061191626,1.3821792807300053,3.717122920021471,28.28099838969404,5.656199677938808,11.312399355877616,1.2010198604401503
126,29.663177670424048,18.65271068169619,1.3821792807300053,6.239935587761675,26.476113794954376,5.4549114331723025,11.258722490606548,0.8722490606548577
127,30.005367686527105,18.572195383789587,1.3754696725711217,6.213097155126141,26.29495437466452,5.428073000536768,11.238593666129898,0.8722490606548577
128,30.17981749865808,18.572195383789587,1.3754696725711217,6.199677938808374,26.160762211486848,5.407944176060118,11.231884057971014,0.8722490606548577
129,30.401234567901234,18.491680085882983,1.3754696725711217,6.166129898013956,25.91921631776704,5.71658615136876,11.057434245840042,0.8722490606548577
130,30.52200751476114,18.431293612453032,1.3553408480944713,6.166129898013956,25.597155126140635,5.6964573268921095,11.3593666129898,0.8722490606548577
131,30.730005367686527,18.51851851851852,1.3352120236178207,6.139291465378422,25.45625335480408,5.662909286097692,11.285560923242082,0.8722490606548577
132,30.991680085882983,18.471551261406333,1.3083735909822867,6.139291465378422,25.308641975308642,5.649490069779925,11.258722490606548,0.8722490606548577
133,30.837359098228664,17.780461621041333,1.3083735909822867,6.085614600107354,25.281803542673106,6.635802469135802,11.198336017176597,0.8722490606548577
134,29.73027375201288,19.598765432098766,1.3083735909822867,6.072195383789587,24.651100375738057,6.608964036500268,11.158078368223295,0.8722490606548577
135,29.482018250134193,19.39747718733226,1.3083735909822867,6.729736983360172,24.758454106280194,6.494900697799249,10.95679012345679,0.8722490606548577
136,29.354535695115406,19.350509930220074,1.3083735909822867,6.615673644659152,25.91921631776704,5.810520665593129,10.768921095008052,0.8722490606548577
137,29.736983360171767,19.189479334406872,1.2949543746645196,6.568706387546968,25.771604938271604,5.810520665593129,10.755501878690284,0.8722490606548577
138,30.038915727321523,19.108964036500268,1.2949543746645196,6.561996779388084,25.63070316693505,5.770263016639828,10.721953837895867,0.8722490606548577
139,30.401234567901234,18.98148148148148,1.2949543746645196,6.515029522275899,25.5300590445518,5.750134192163178,10.654857756307031,0.8722490606548577
140,30.83064949006978,18.793612453032743,1.288244766505636,6.4412238325281805,25.41599570585078,5.736714975845411,10.63472893183038,0.8588298443370908
141,30.421363392377884,18.55877616747182,2.073268921095008,6.508319914117015,24.22168545356951,5.669618894256575,11.688137412775093,0.8588298443370908
142,30.401234567901234,18.431293612453032,1.9994632313472893,6.407675791733762,24.785292538915726,5.669618894256575,11.446591519055287,0.8588298443370908
143,30.783682232957595,18.397745571658614,1.9994632313472893,6.340579710144928,24.610842726784757,5.649490069779925,11.3593666129898,0.8588298443370908
144,31.11916264090177,18.377616747181964,2.3617820719269993,6.226516371443908,24.46323134728932,5.622651637144391,10.970209339774557,0.8588298443370908
145,31.488191089640367,18.317230273752013,2.3617820719269993,6.219806763285024,24.241814278046164,5.615942028985507,10.923242082662373,0.8319914117015567
146,31.723027375201287,18.035426731078903,2.341653247450349,6.219806763285024,24.060654857756308,5.60252281266774,11.18491680085883,0.8319914117015567
147,31.76328502415459,17.881105743424584,2.1940418679549114,6.1862587224906065,24.490069779924852,5.589103596349974,11.064143853998926,0.8319914117015567
148,31.5552871712292,17.250402576489535,2.0531400966183573,6.172839506172839,25.369028448738593,5.522007514761138,11.245303274288782,0.8319914117015567
149,30.770263016639827,17.008856682769725,2.046430488459474,5.595813204508857,27.079978529253893,5.475040257648954,11.191626409017713,0.8319914117015567
150,30.267042404723565,16.029253891572733,2.046430488459474,5.595813204508857,29.938271604938272,5.401234567901234,9.88996242619431,0.8319914117015567
151,30.609232420826622,15.780998389694043,2.046430488459474,5.589103596349974,29.87788513150832,5.394524959742351,9.86983360171766,0.8319914117015567
152,30.756843800322063,15.774288781535159,2.046430488459474,5.589103596349974,29.750402576489535,5.394524959742351,9.856414385399892,0.8319914117015567
153,31.13929146537842,15.70048309178744,2.0128824476650564,5.58239398819109,29.58937198067633,5.367686527106817,9.77589908749329,0.8319914117015567
154,31.260064412238325,15.673644659151906,3.046162104133119,5.555555555555555,29.106280193236714,5.307300053676865,9.71551261406334,0.33548040794417605
155,31.427804616210413,15.646806226516372,3.046162104133119,5.542136339237788,29.012345679012345,5.307300053676865,9.681964573268921,0.33548040794417605
156,31.97128287707998,15.479066022544284,2.985775630703167,5.542136339237788,28.83118625872249,5.287171229200215,9.567901234567902,0.33548040794417605
157,31.863929146537842,15.418679549114332,2.952227589908749,5.495169082125604,29.61621041331186,5.065754159957058,9.252549651100376,0.33548040794417605
158,32.03166935050993,15.331454643048845,2.945517981749866,5.495169082125604,29.57595276435856,5.065754159957058,9.219001610305957,0.33548040794417605
159,31.904186795491142,15.304616210413311,2.932098765432099,5.46833064949007,28.5829307568438,4.938271604938271,10.534084809447128,0.33548040794417605
160,32.038378958668815,15.28448738593666,2.8515834675254963,5.448201825013419,28.113258185721953,5.649490069779925,10.279119699409554,0.33548040794417605
161,32.46779388083736,15.183843263553408,2.8515834675254963,5.441492216854535,27.851583467525497,5.622651637144391,10.245571658615138,0.33548040794417605
162,32.41411701556629,15.170424047235642,2.8113258185721954,6.461352657004831,27.053140096618357,5.609232420826624,10.19189479334407,0.2885131508319914
163,32.53488996242619,15.063070316693505,2.8113258185721954,7.461084272678476,26.08695652173913,5.595813204508857,10.185185185185185,0.2616747181964573
164,32.045088566827694,14.969135802469136,2.804616210413312,7.427536231884058,27.200751476113794,5.595813204508857,9.695383789586689,0.2616747181964573
165,31.924315619967793,14.74771873322598,3.515834675254965,7.37385936661299,27.033011272141707,5.5689747718733225,9.574610842726784,0.2616747181964573
166,32.23295759527644,14.647074610842727,3.515834675254965,7.286634460547504,26.96591519055287,5.522007514761138,9.567901234567902,0.2616747181964573
167,32.608695652173914,14.459205582393988,3.743961352657005,7.246376811594203,26.838432635534083,5.481749865807837,9.359903381642512,0.2616747181964573
168,32.71604938271605,14.439076757917338,3.743961352657005,7.246376811594203,26.798174986580783,5.4616210413311865,9.333064949006978,0.2616747181964573
169,32.92404723564144,14.412238325281804,3.743961352657005,7.179280730005368,26.78475577026302,5.448201825013419,9.286097691894794,0.2214170692431562
170,32.50134192163178,14.432367149758454,3.69699409554482,7.1658615136876005,27.38191089640365,5.347557702630167,9.252549651100376,0.2214170692431562
171,32.79656468062265,14.42565754159957,3.69699409554482,7.152442297369833,27.18733225979603,5.307300053676865,9.212292002147075,0.2214170692431562
172,33.13204508856683,14.38539989264627,3.69699409554482,7.058507783145465,27.066559312936125,5.293880837359098,9.145195920558239,0.2214170692431562
173,32.971014492753625,14.351851851851851,3.361513687600644,6.9243156199677935,26.65727321524423,6.655931293612453,8.856682769726248,0.2214170692431562
174,33.299785292538914,14.304884594739667,3.33467525496511,6.870638754696726,26.556629092860977,6.6827697262479875,8.729200214707461,0.2214170692431562
175,33.641975308641975,14.163982823403114,3.5091250670960816,6.796833064949007,26.093666129898015,6.964573268921095,8.628556092324208,0.20128824476650564
176,33.9170692431562,14.13714439076758,3.488996242619431,6.790123456790123,25.93263553408481,6.9243156199677935,8.608427267847558,0.20128824476650564
177,34.292807300053674,14.103596349973161,3.435319377348363,6.776704240472356,25.717928073000536,6.9243156199677935,8.548040794417606,0.20128824476650564
178,34.48067632850242,14.029790660225443,3.4286097691894795,6.776704240472356,25.644122383252817,6.890767579173376,8.548040794417606,0.20128824476650564
179,34.655126140633385,13.962694578636608,3.388352120236178,6.776704240472356,25.603864734299517,6.863929146537842,8.548040794417606,0.20128824476650564
180,34.86312399355877,13.935856146001074,3.3548040794417604,6.723027375201288,25.583735909822867,6.863929146537842,8.474235104669887,0.20128824476650564
181,35.04428341384863,13.83521202361782,3.3548040794417604,6.723027375201288,25.44283413848631,6.736446591519055,8.662104133118627,0.20128824476650564
182,34.876543209876544,13.788244766505636,3.307836822329576,6.561996779388084,24.97987117552335,7.682501341921632,8.601717659688674,0.20128824476650564
183,35.258990874932906,13.647342995169081,3.2675791733762747,6.561996779388084,24.879227053140095,7.669082125603865,8.514492753623188,0.20128824476650564
184,35.158346752549654,13.325281803542673,3.9720880300590444,6.528448738593666,24.731615673644658,7.615405260332796,8.507783145464305,0.1610305958132045
185,35.299248523886206,13.144122383252817,3.9720880300590444,5.8172302737520125,24.664519592055825,7.595276435856146,9.346484165324744,0.1610305958132045
186,32.6154052603328,21.55126140633387,3.4017713365539453,5.730005367686527,20.26972624798712,7.541599570585078,8.729200214707461,0.1610305958132045
187,32.950885668276975,20.45088566827697,3.3548040794417604,6.796833064949007,20.088566827697264,7.467793880837359,8.729200214707461,0.1610305958132045
188,33.13875469672571,20.41062801932367,3.3548040794417604,6.723027375201288,20.041599570585078,7.454374664519592,8.715780998389693,0.1610305958132045
189,31.629092860976918,20.04830917874396,3.280998389694042,6.092324208266238,17.85426731078905,7.440955448201825,13.513150831991412,0.14090177133655393
190,31.561996779388085,19.880568974771872,3.2474503488996245,6.6827697262479875,17.223564143854,8.185721953837897,13.077026301663983,0.14090177133655393
191,31.66935050993022,19.64573268921095,3.2004830917874396,6.649221685453569,18.035426731078903,8.038110574342458,12.620772946859903,0.14090177133655393
192,32.01154052603328,19.28341384863124,3.1602254428341383,6.5552871712292005,17.53220611916264,8.930488459473967,12.385936661298981,0.14090177133655393
193,32.380568974771876,19.249865807836823,3.1535158346752548,6.501610305958132,17.37788513150832,8.836553945249598,12.359098228663447,0.14090177133655393
194,32.67579173376275,18.99490069779925,3.1199677938808374,6.649221685453569,17.028985507246375,8.829844337090714,12.560386473429952,0.14090177133655393
195,33.16559312936125,18.947933440687063,3.0864197530864197,6.5485775630703165,16.961889425657542,8.80300590445518,12.345679012345679,0.14090177133655393
196,33.48765432098765,18.947933440687063,3.079710144927536,6.541867954911433,16.78743961352657,8.715780998389693,12.298711755233494,0.14090177133655393
197,33.76945786366076,18.927804616210413,3.079710144927536,6.541867954911433,16.720343531937736,8.682232957595277,12.13768115942029,0.14090177133655393
198,34.064680622651636,18.82716049382716,3.079710144927536,6.515029522275899,16.586151368760063,8.648684916800859,12.13768115942029,0.14090177133655393
199,34.37332259796028,18.739935587761675,3.052871712292002,6.461352657004831,16.505636070853463,8.628556092324208,12.097423510466989,0.14090177133655393
200,34.816156736446594,18.659420289855074,3.0394524959742353,6.4345142243692965,16.391572732152444,8.541331186258722,11.976650563607086,0.14090177133655393
201,34.35990338164251,18.49838969404187,2.999194847020934,6.6827697262479875,15.143585614600108,8.266237251744498,13.90901771336554,0.14090177133655393
202,34.447128287708,18.451422436929683,2.999194847020934,6.427804616210413,15.123456790123457,8.561460010735374,13.875469672571121,0.11406333870101985
203,34.896672034353195,18.203166935050994,2.999194847020934,6.353998926462695,15.042941492216855,8.527911969940956,13.862050456253355,0.11406333870101985
204,35.258990874932906,18.08239398819109,2.9723564143853998,6.1862587224906065,15.042941492216855,8.487654320987655,13.855340848094471,0.11406333870101985
205,35.49382716049383,17.975040257648953,3.113258185721954,6.092324208266238,14.97584541062802,8.487654320987655,13.747987117552334,0.11406333870101985
206,35.66156736446592,17.914653784219002,3.1065485775630703,6.092324208266238,14.928878153515834,8.467525496511003,13.714439076757918,0.11406333870101985
207,35.87627482555019,17.840848094471284,2.985775630703167,6.072195383789587,14.895330112721417,8.480944712828771,13.734567901234568,0.11406333870101985
208,36.07085346215781,17.807300053676865,2.9790660225442833,6.038647342995169,14.841653247450349,8.480944712828771,13.667471819645733,0.11406333870101985
209,36.30568974771873,17.753623188405797,2.9790660225442833,6.005099302200751,14.80810520665593,8.420558239398819,13.613794954374665,0.11406333870101985
210,36.00375738056898,17.673107890499196,2.9790660225442833,5.978260869565218,14.492753623188406,8.400429414922169,14.358561460010735,0.11406333870101985
211,36.513687600644126,17.632850241545892,2.952227589908749,5.924584004294149,14.472624798711756,8.32662372517445,14.06333870101986,0.11406333870101985
212,35.74208266237252,16.740472356414386,2.8918411164787976,5.924584004294149,15.83467525496511,8.13875469672571,14.61352657004831,0.11406333870101985
213,36.030595813204506,16.71363392377885,2.8918411164787976,5.850778314546431,15.814546430488459,8.085077831454644,14.49946323134729,0.11406333870101985
214,35.85614600107354,16.61969940955448,2.8918411164787976,5.810520665593129,15.505904455179817,9.185453569511541,14.016371443907676,0.11406333870101985
215,36.41975308641975,16.445249597423512,2.690552871712292,5.797101449275362,15.33816425120773,9.16532474503489,13.922436929683306,0.2214170692431562
216,35.929951690821255,16.25067096081589,2.6637144390767578,5.783682232957595,15.848094471282877,9.5276435856146,13.774825550187868,0.2214170692431562
217,36.06414385399893,16.210413311862588,2.7979066022544283,5.763553408480945,15.747450348899624,9.520933977455716,13.674181427804616,0.2214170692431562
218,35.23215244229737,16.002415458937197,2.7777777777777777,5.629361245303274,15.774288781535159,9.500805152979066,14.861782071927,0.2214170692431562
219,35.48040794417606,15.962157809983896,2.7777777777777777,5.629361245303274,15.70048309178744,9.447128287707997,14.781266774020397,0.2214170692431562
220,35.7085346215781,15.895061728395062,2.7777777777777777,5.60252281266774,15.646806226516372,9.406870638754697,14.741009125067096,0.2214170692431562
221,36.090982286634464,15.801127214170693,2.7442297369833604,5.562265163714439,15.60654857756307,9.366612989801396,14.606816961889425,0.2214170692431562
222,36.3191089640365,15.713902308105206,2.7442297369833604,5.562265163714439,15.566290928609769,9.29951690821256,14.573268921095009,0.2214170692431562
223,36.252012882447666,15.68035426731079,2.7442297369833604,5.542136339237788,14.928878153515834,9.265968867418144,15.365002683843263,0.2214170692431562
224,36.37949543746645,15.666935050993022,2.8784219001610305,5.421363392377885,14.895330112721417,9.225711218464841,15.311325818572195,0.2214170692431562
225,36.218464841653244,15.485775630703166,2.9253891572732154,5.401234567901234,14.660493827160494,9.205582393988191,15.881642512077295,0.2214170692431562
226,36.42646269457864,15.371712292002147,2.9253891572732154,5.401234567901234,14.606816961889425,9.205582393988191,15.841384863123993,0.2214170692431562
227,36.540526033279654,15.351583467525497,2.871712292002147,5.35426731078905,14.606816961889425,9.420289855072463,15.633387010198604,0.2214170692431562
228,36.99006977992485,15.03623188405797,2.8113258185721954,5.622651637144391,14.546430488459475,9.406870638754697,15.365002683843263,0.2214170692431562
229,37.32555018786903,14.915458937198068,2.7979066022544283,5.622651637144391,14.445786366076222,9.353193773483628,15.318035426731079,0.2214170692431562
230,37.74154589371981,14.774557165861514,2.7844873859366612,5.615942028985507,14.27133655394525,9.292807300053678,15.297906602254429,0.2214170692431562
231,38.02334943639291,14.63365539452496,2.9119699409554483,5.736714975845411,14.251207729468598,9.272678475577026,14.949006977992486,0.2214170692431562
232,38.22463768115942,14.593397745571659,2.885131508319914,5.703166935050993,14.184111647879764,9.265968867418144,14.922168545356952,0.2214170692431562
233,38.399087493290395,14.566559312936125,2.945517981749866,5.629361245303274,14.130434782608695,9.265968867418144,14.841653247450349,0.2214170692431562
234,36.83574879227053,14.224369296833064,2.932098765432099,5.35426731078905,17.887815351583466,8.601717659688674,13.942565754159958,0.2214170692431562
235,37.11755233494364,14.15727321524423,2.932098765432099,5.340848094471283,17.787171229200215,8.568169618894256,13.875469672571121,0.2214170692431562
236,37.31213097155126,14.11701556629093,2.885131508319914,5.24020397208803,17.767042404723565,8.695652173913043,13.761406333870102,0.2214170692431562
237,37.88244766505636,14.029790660225443,2.8515834675254963,5.2066559312936125,17.478529253891573,8.621846484165324,13.707729468599034,0.2214170692431562
238,38.217928073000536,13.94927536231884,2.8515834675254963,5.179817498658078,17.384594739667204,8.601717659688674,13.593666129898015,0.2214170692431562
239,38.17096081588835,13.902308105206655,3.0394524959742353,5.152979066022544,18.370907139023082,8.588298443370908,12.553676865271068,0.2214170692431562
240,38.43263553408481,13.882179280730005,3.0394524959742353,5.146269457863661,18.357487922705314,8.440687063875469,12.47987117552335,0.2214170692431562
241,37.915995705850776,13.318572195383789,2.9388083735909825,5.0993022007514766,20.088566827697264,8.380300590445518,12.037037037037036,0.2214170692431562
242,38.21121846484165,13.217928073000536,2.9388083735909825,5.0993022007514766,20.02818035426731,8.333333333333334,11.949812130971551,0.2214170692431562
243,38.54669887278583,13.097155126140633,2.932098765432099,5.018786902844874,19.961084272678477,8.319914117015566,11.902844873859367,0.2214170692431562
244,39.06333870101986,13.070316693505099,2.9253891572732154,5.018786902844874,19.85373054213634,8.044820182501342,11.802200751476114,0.2214170692431562
245,39.170692431561996,13.050187869028449,2.918679549114332,5.018786902844874,19.82018250134192,8.017981749865807,11.782071926999464,0.2214170692431562
246,39.27804616210413,13.030059044551798,2.918679549114332,5.018786902844874,19.753086419753085,8.004562533548041,11.77536231884058,0.2214170692431562
247,39.62023617820719,12.909286097691895,2.918679549114332,5.005367686527107,19.685990338164252,7.977724100912507,11.66129898013956,0.2214170692431562
248,39.84836285560923,12.86231884057971,2.9052603327965647,4.978529253891573,19.57192699946323,7.96430488459474,11.647879763821793,0.2214170692431562
249,40.103327965646805,12.795222758990874,2.9052603327965647,4.978529253891573,19.484702093397747,7.87037037037037,11.641170155662909,0.2214170692431562
250,40.33145464304884,12.754965110037574,2.9052603327965647,5.199946323134729,19.108964036500268,7.85024154589372,11.627750939345143,0.2214170692431562
251,40.59983896940419,12.734836285560924,2.9052603327965647,5.112721417069243,19.008319914117017,7.816693505099302,11.600912506709609,0.2214170692431562
252,40.82125603864734,12.721417069243156,2.9052603327965647,5.112721417069243,18.88083735909823,7.7898550724637685,11.54723564143854,0.2214170692431562
253,41.035963499731615,12.647611379495437,2.8918411164787976,5.112721417069243,18.813741277509394,7.769726247987117,11.506977992485238,0.2214170692431562
254,41.34460547504026,12.587224906065487,2.8918411164787976,5.10601180891036,18.706387546967257,7.716049382716049,11.426462694578637,0.2214170692431562
255,41.6129898013956,12.47987117552335,2.844873859366613,5.072463768115942,18.38432635534085,8.004562533548041,11.379495437466453,0.2214170692431562
256,41.87466451959206,12.365807836822329,2.8247450348899625,5.038915727321524,18.35077831454643,7.957595276435856,11.366076221148685,0.2214170692431562
257,42.23698336017176,12.211486849168008,2.8247450348899625,5.025496511003757,18.337359098228664,7.930756843800322,11.218464841653248,0.2147074610842727
258,42.351046698872786,12.198067632850242,2.818035426731079,5.005367686527107,18.276972624798713,7.930756843800322,11.20504562533548,0.2147074610842727
259,42.48523886205046,12.110842726784755,2.7979066022544283,4.9718196457326895,18.19645732689211,8.051529790660226,11.171497584541063,0.2147074610842727
260,42.639559849704774,12.070585077831455,2.7844873859366612,4.9718196457326895,18.156199677938808,8.024691358024691,11.137949543746645,0.2147074610842727
261,43.02871712292002,12.030327428878154,2.7844873859366612,4.958400429414922,17.98845947396672,7.971014492753623,11.030595813204508,0.20799785292538917
262,43.35748792270532,12.010198604401502,2.7308105206655933,4.904723564143854,17.901234567901234,7.917337627482555,10.970209339774557,0.20799785292538917
263,43.43129361245303,11.976650563607086,2.7308105206655933,4.884594739667204,17.881105743424584,7.917337627482555,10.970209339774557,0.20799785292538917
264,43.73322597960279,11.889425657541599,2.7308105206655933,4.884594739667204,17.807300053676865,7.863660762211487,10.88298443370907,0.20799785292538917
265,43.954643048845945,11.761943102522812,2.7308105206655933,4.978529253891573,17.70665593129361,7.863660762211487,10.795759527643586,0.20799785292538917
266,43.914385399892645,11.714975845410628,2.6435856146001075,4.978529253891573,17.351046698872786,8.407139023081053,10.782340311325818,0.20799785292538917
267,43.98819108964037,11.681427804616211,2.522812667740204,4.978529253891573,17.28395061728395,8.353462157809984,10.990338164251208,0.20128824476650564
268,44.20289855072464,11.668008588298443,2.49597423510467,4.918142780461621,17.196725711218466,8.293075684380032,11.023886205045626,0.20128824476650564
269,44.337090713902306,11.621041331186259,2.49597423510467,4.904723564143854,17.14975845410628,8.272946859903382,11.017176596886742,0.20128824476650564
270,44.47128287707998,11.594202898550725,2.462426194310252,4.891304347826087,17.143048845947398,8.172302737520129,11.077563070316694,0.1878690284487386
271,44.12238325281803,11.56736446591519,2.4557165861513686,4.891304347826087,17.612721417069242,8.111916264090176,11.05072463768116,0.1878690284487386
272,44.37734836285561,11.520397208803006,2.7844873859366612,4.891304347826087,17.59259259259259,8.111916264090176,10.534084809447128,0.1878690284487386
273,44.316961889425656,11.493558776167472,2.7777777777777777,4.871175523349437,17.847557702630166,7.991143317230274,10.513955984970478,0.1878690284487386
274,43.907675791733766,10.963499731615673,3.911701556629093,4.871175523349437,17.753623188405797,7.890499194847021,10.513955984970478,0.1878690284487386
275,44.10896403650027,10.943370907139023,3.8848631239935587,4.830917874396135,17.652979066022546,7.890499194847021,10.50053676865271,0.1878690284487386
276,44.437734836285564,10.903113258185721,4.1129898013955986,4.783950617283951,17.357756307031668,7.890499194847021,10.326086956521738,0.1878690284487386
277,44.65915190552872,10.856146001073537,4.106280193236715,4.783950617283951,17.297369833601717,7.863660762211487,10.245571658615138,0.1878690284487386
