,45,50,54,51,55,53,52,57,56,58
0,98.91304347826087,1.0869565217391304,,,,,,,,
1,97.94685990338164,2.0531400966183573,,,,,,,,
2,90.98228663446055,8.756038647342995,0.2616747181964573,,,,,,,
3,90.16371443907676,9.574610842726784,0.2616747181964573,,,,,,,
4,89.17740203972087,10.560923242082662,0.2616747181964573,,,,,,,
5,71.65190552871712,28.08641975308642,0.2616747181964573,,,,,,,
6,71.63848631239935,27.636876006441224,0.20799785292538917,0.5166398282340311,,,,,,
7,71.41035963499732,27.865002683843265,0.20799785292538917,0.5166398282340311,,,,,,
8,70.89371980676329,25.07380568974772,0.20799785292538917,3.824476650563607,,,,,,
9,65.61325818572196,28.77750939345142,0.20799785292538917,5.059044551798175,0.3421900161030596,,,,,
10,65.78770799785292,28.207192699946322,0.20799785292538917,5.059044551798175,0.3421900161030596,0.39586688137412773,,,,
11,63.27160493827161,29.944981213097154,0.20799785292538917,5.649490069779925,0.3421900161030596,0.39586688137412773,0.1878690284487386,,,
12,63.43263553408481,29.87788513150832,0.20799785292538917,5.562265163714439,0.3421900161030596,0.38915727321524424,0.1878690284487386,,,
13,58.883521202361784,34.56119162640902,0.20799785292538917,5.669618894256575,0.12077294685990338,0.36902844873859364,0.1878690284487386,,,
14,57.66237251744498,35.50053676865271,0.48980139559849706,5.589103596349974,0.20128824476650564,0.36902844873859364,0.1878690284487386,,,
15,57.32018250134192,35.21202361782072,1.1674718196457328,5.548845947396672,0.20128824476650564,0.36902844873859364,0.18115942028985507,,,
16,57.347020933977454,35.057702630166396,1.1674718196457328,5.683038110574342,0.20128824476650564,0.36231884057971014,0.18115942028985507,,,
17,43.39774557165862,49.18813741277509,1.1674718196457328,5.367686527106817,0.33548040794417605,0.36231884057971014,0.18115942028985507,,,
18,42.50536768652711,49.308910359635,0.9997316156736447,5.3341384863123995,0.33548040794417605,1.0399892646269457,0.47638217928073,,,
19,41.6532474503489,49.953032742887814,1.3419216317767042,5.226784755770263,0.33548040794417605,1.0399892646269457,0.4495437466451959,,,
20,41.92163177670424,49.73161567364466,1.3150831991411702,5.226784755770263,0.33548040794417605,1.0198604401502953,0.4495437466451959,,,
21,41.89479334406871,49.382716049382715,1.3150831991411702,4.911433172302737,0.33548040794417605,1.3486312399355878,0.8118625872249061,,,
22,41.89479334406871,49.422973698336016,1.2748255501878691,4.911433172302737,0.33548040794417605,1.3486312399355878,0.8118625872249061,,,
23,42.20343531937735,49.13446054750403,1.261406333870102,4.810789049919484,0.33548040794417605,1.442565754159957,0.8118625872249061,,,
24,42.45169082125604,48.88620504562534,1.261406333870102,4.810789049919484,0.33548040794417605,1.442565754159957,0.8118625872249061,,,
25,41.646537842190014,48.671497584541065,2.314814814814815,4.797369833601718,0.3153515834675255,1.442565754159957,0.8118625872249061,,,
26,41.82769726247987,47.90660225442834,2.301395598497048,4.797369833601718,0.3153515834675255,2.0397208803005906,0.8118625872249061,,,
27,41.035963499731615,44.82018250134192,2.301395598497048,8.333333333333334,0.785024154589372,1.7847557702630166,0.9393451422436929,,,
28,38.768115942028984,49.81884057971015,2.2745571658615136,5.528717122920021,0.6575415995705851,2.0128824476650564,0.9393451422436929,,,
29,38.39237788513151,49.52361782071927,2.314814814814815,5.475040257648954,0.6575415995705851,1.8585614600107354,1.778046162104133,,,
30,38.66747181964573,48.83252818035427,2.314814814814815,5.434782608695652,1.4090177133655395,1.8585614600107354,1.482823403113258,,,
31,38.49302200751476,48.74530327428878,2.314814814814815,5.387815351583468,1.3754696725711217,1.8585614600107354,1.8250134192163177,,,
32,37.82877079978529,46.343263553408484,4.38137412775094,5.589103596349974,1.8048845947396672,1.8585614600107354,2.1940418679549114,,,
33,37.848899624261946,45.59849704777241,4.38137412775094,6.166129898013956,1.9524959742351047,1.8585614600107354,2.1940418679549114,,,
34,37.204777241009126,44.60547504025765,4.448470209339774,7.776435856146001,1.9524959742351047,1.7914653784219001,2.2208803005904456,,,
35,37.4194847020934,44.196188942565755,4.448470209339774,7.702630166398282,2.2208803005904456,1.7914653784219001,2.2208803005904456,,,
36,35.849436392914654,45.53811057434246,4.42163177670424,8.044820182501342,2.2879763821792807,1.7914653784219001,2.0665593129361244,,,
37,34.40016103059581,47.175254965110035,4.394793344068707,7.454374664519592,2.791196994095545,1.7914653784219001,1.9927536231884058,,,
38,35.017444981213096,46.745840042941495,4.361245303274289,7.367149758454106,2.8113258185721954,1.737788513150832,1.9592055823939882,,,
39,33.19243156199678,48.15485775630703,4.414922168545357,6.944444444444445,2.7777777777777777,2.563070316693505,1.9524959742351047,,,
40,33.682232957595275,47.725442834138484,4.414922168545357,6.857219538378959,2.8515834675254963,2.563070316693505,1.90552871712292,,,
41,33.97074610842727,47.457058507783145,4.320987654320987,6.830381105743425,2.9589371980676327,2.563070316693505,1.8988191089640365,,,
42,34.044551798174986,47.16854535695116,4.320987654320987,6.830381105743425,2.9119699409554483,2.8247450348899625,1.8988191089640365,,,
43,29.78395061728395,52.19404186795491,3.938539989264627,6.488191089640365,3.0327428878153517,2.717391304347826,1.8451422436929683,,,
44,29.260601180891037,48.671497584541065,3.7372517444981215,11.037305421363392,3.0059044551798175,2.4557165861513686,1.8317230273752012,,,
45,24.792002147074612,59.78931830381106,3.670155662909286,7.689210950080516,2.2611379495437465,0.38915727321524424,1.4090177133655395,,,
46,24.496779388083738,58.36688137412775,3.556092324208266,9.366612989801396,2.38191089640365,0.38915727321524424,1.442565754159957,,,
47,24.88593666129898,58.01798174986581,3.556092324208266,9.333064949006978,2.38191089640365,0.38915727321524424,1.4358561460010735,,,
48,24.838969404186795,57.90391841116479,3.5292538915727323,9.27938808373591,2.5966183574879227,0.4495437466451959,1.402308105206656,,,
49,24.973161567364468,55.763553408480945,3.4420289855072466,8.333333333333334,3.0864197530864197,0.33548040794417605,4.066022544283414,,,
50,24.94632313472893,52.985775630703166,3.4420289855072466,11.238593666129898,3.052871712292002,0.33548040794417605,3.9989264626945786,,,
51,25.268384326355342,52.81803542673108,3.4151905528717124,11.218464841653248,2.985775630703167,0.33548040794417605,3.9586688137412773,,,
52,25.577026301663984,51.75791733762748,3.4151905528717124,11.158078368223295,3.8311862587224907,0.33548040794417605,3.92512077294686,,,
53,25.939345142243692,51.02657004830918,3.4151905528717124,11.084272678475577,4.274020397208803,0.33548040794417605,3.92512077294686,,,
54,25.946054750402578,46.504294149221685,6.749865807836822,10.654857756307031,5.917874396135265,0.33548040794417605,3.8915727321524423,,,
55,26.039989264626946,44.96779388083736,6.749865807836822,10.554213633923778,7.065217391304348,0.7380568974771873,3.8848631239935587,,,
56,26.241277509393452,44.826892109500804,6.709608158883521,10.540794417606012,7.065217391304348,0.7380568974771873,3.878153515834675,,,
57,26.603596349973163,44.176060118089104,6.709608158883521,10.426731078904991,6.957863660762212,0.7380568974771873,4.388083735909823,,,
58,26.932367149758456,43.853998926462694,6.729736983360172,10.601180891035963,6.91760601180891,0.7246376811594203,4.240472356414386,,,
59,27.106816961889425,43.41116478797638,6.689479334406871,10.57434245840043,7.306763285024155,0.7045088566827697,4.206924315619967,,,
60,27.28797638217928,41.06951154052604,6.233225979602791,10.513955984970478,6.642512077294686,1.3016639828234031,6.951154052603328,,,
61,27.375201288244767,40.52603327965647,6.629092860976919,10.272410091250672,7.051798174986581,1.2144390767579174,6.9310252281266775,,,
62,27.72410091250671,40.31803542673108,6.602254428341385,10.21202361782072,7.011540526033279,1.2144390767579174,6.91760601180891,,,
63,25.966183574879228,42.28395061728395,6.5552871712292005,10.0979602791197,7.011540526033279,1.2144390767579174,6.870638754696726,,,
64,26.006441223832528,42.01556629092861,6.763285024154589,10.057702630166398,6.843800322061192,1.2144390767579174,7.098765432098766,,,
65,24.282071926999464,41.88137412775094,7.105475040257649,11.721685453569512,6.414385399892646,1.2144390767579174,7.380568974771873,,,
66,24.56387546967257,41.418411164787976,7.092055823939882,11.621041331186259,6.635802469135802,1.402308105206656,7.266505636070853,,,
67,24.90606548577563,41.237251744498124,7.092055823939882,11.54723564143854,6.635802469135802,1.4626945786366077,7.118894256575416,,,
68,24.84567901234568,40.633387010198604,7.139023081052066,11.500268384326356,6.723027375201288,1.8048845947396672,7.353730542136339,,,
69,25.288513150831992,40.35829307568438,7.065217391304348,11.439881910896403,6.702898550724638,1.8048845947396672,7.340311325818572,,,
70,23.47691894793344,41.686795491143315,7.4208266237251745,11.272141706924316,7.2933440687063875,1.6841116478797638,7.1658615136876005,,,
71,22.779119699409556,40.13016639828234,6.736446591519055,16.70692431561997,7.051798174986581,1.6170155662909287,4.978529253891573,,,
72,23.11460010735373,39.28475577026302,7.481213097155126,16.51905528717123,6.588835212023618,1.8250134192163177,5.186527106816962,,,
73,23.49704777241009,39.09688674181428,7.434245840042942,16.431830381105744,6.5552871712292005,1.8250134192163177,5.159688674181428,,,
74,23.63123993558776,39.03650026838432,7.380568974771873,16.109769189479334,6.5552871712292005,2.1269457863660763,5.159688674181428,,,
75,22.993827160493826,36.191626409017715,7.306763285024155,16.6935050993022,9.574610842726784,2.0799785292538915,5.159688674181428,,,
76,23.262211486849168,35.648148148148145,7.273215244229737,16.680085882984432,9.91009125067096,2.1068169618894257,5.119431025228127,,,
77,23.067632850241544,34.306226516371446,6.602254428341385,22.5979602791197,6.119162640901771,2.0933977455716586,5.059044551798175,0.15432098765432098,,
78,23.275630703166936,33.05823939881911,6.582125603864735,22.148416532474503,6.353998926462695,2.8247450348899625,5.60252281266774,0.15432098765432098,,
79,23.61111111111111,32.930756843800324,6.561996779388084,22.088030059044552,6.239935587761675,2.8113258185721954,5.60252281266774,0.15432098765432098,,
80,23.537305421363392,32.118894256575416,6.280193236714976,21.812936124530328,5.656199677938808,2.85829307568438,7.581857219538379,0.15432098765432098,,
81,24.16129898013956,31.729736983360173,6.622383252818035,21.40365002683843,5.555555555555555,2.844873859366613,7.5281803542673105,0.15432098765432098,,
82,24.691358024691358,31.508319914117017,6.615673644659152,21.135265700483092,5.481749865807837,2.804616210413312,7.608695652173913,0.15432098765432098,,
83,25.046967257112186,31.353998926462694,6.535158346752549,20.77294685990338,5.797101449275362,2.7777777777777777,7.340311325818572,0.15432098765432098,0.2214170692431562,
84,24.691358024691358,30.50858829844337,6.763285024154589,20.128824476650564,5.636070853462158,2.8515834675254963,8.917069243156199,0.15432098765432098,0.3488996242619431,
85,24.490069779924852,29.51556629092861,6.763285024154589,20.021470746108427,5.4616210413311865,4.42163177670424,8.82313472893183,0.15432098765432098,0.3488996242619431,
86,24.88593666129898,29.448470209339774,6.702898550724638,19.860440150295222,5.421363392377885,4.42163177670424,8.756038647342995,0.15432098765432098,0.3488996242619431,
87,24.731615673644658,29.20692431561997,6.696188942565755,19.806763285024154,5.421363392377885,4.253891572732153,9.380032206119163,0.15432098765432098,0.3488996242619431,
88,24.832259796027913,28.784219001610307,6.427804616210413,19.538378958668815,5.730005367686527,4.8376274825550185,9.346484165324744,0.15432098765432098,0.3488996242619431,
89,25.07380568974772,28.455448201825014,6.427804616210413,19.51825013419216,5.636070853462158,5.186527106816962,9.138486312399356,0.2147074610842727,0.3488996242619431,
90,24.644390767579175,30.35426731078905,6.635802469135802,17.975040257648953,5.622651637144391,5.0993022007514766,9.104938271604938,0.2147074610842727,0.3488996242619431,
91,25.0,30.293880837359097,6.602254428341385,17.921363392377884,5.622651637144391,5.0993022007514766,8.930488459473967,0.2147074610842727,0.3153515834675255,
92,25.161030595813205,30.09259259259259,6.494900697799249,18.02200751476114,5.562265163714439,5.367686527106817,8.796296296296296,0.2147074610842727,0.2885131508319914,
93,24.228395061728396,28.629898013955984,6.588835212023618,17.64626945786366,5.723295759527644,5.4616210413311865,11.16478797638218,0.2147074610842727,0.2885131508319914,0.05367686527106817
94,23.658078368223297,27.623456790123456,6.568706387546968,20.38378958668814,5.562265163714439,5.146269457863661,10.50053676865271,0.2147074610842727,0.2885131508319914,0.05367686527106817
95,22.725442834138487,27.160493827160494,6.481481481481482,21.967257112184647,5.555555555555555,5.10601180891036,10.446859903381643,0.2147074610842727,0.2885131508319914,0.05367686527106817
96,23.03408480944713,26.959205582393988,6.447933440687064,21.692163177670423,5.555555555555555,5.877616747181965,9.876543209876543,0.2147074610842727,0.2885131508319914,0.05367686527106817
97,23.1280193236715,26.617015566290927,6.266774020397209,20.242887815351583,5.421363392377885,5.360976918947934,12.4597423510467,0.2147074610842727,0.2885131508319914,
98,21.866612989801396,31.910896403650028,6.125872249060655,16.935050993022006,5.300590445517981,5.045625335480408,12.31213097155126,0.2147074610842727,0.2885131508319914,
99,21.32313472893183,31.78341384863124,6.078904991948471,14.727589908749328,8.447396672034353,4.985238862050457,12.191358024691358,0.2147074610842727,0.24825550187869028,
100,21.531132581857218,31.66935050993022,6.528448738593666,14.465915190552872,8.373590982286634,4.9718196457326895,11.996779388083736,0.2147074610842727,0.24825550187869028,
101,21.72571121846484,31.629092860976918,6.508319914117015,14.231078904991948,8.3467525496511,4.958400429414922,11.896135265700483,0.2147074610842727,0.48980139559849706,
102,21.85319377348363,31.548577563070317,6.481481481481482,14.224369296833064,8.387010198604402,4.958400429414922,11.842458400429415,0.2147074610842727,0.48980139559849706,
103,22.108158883521202,30.52200751476114,7.239667203435319,14.150563607085346,8.279656468062266,4.944981213097155,12.050456253354804,0.2147074610842727,0.48980139559849706,
104,22.376543209876544,30.394524959742352,7.239667203435319,14.083467525496511,8.266237251744498,4.904723564143854,12.030327428878154,0.2147074610842727,0.48980139559849706,
105,22.134997316156735,29.851046698872786,6.977992485238862,15.385131508319914,8.387010198604402,4.904723564143854,11.681427804616211,0.2147074610842727,0.46296296296296297,
106,22.342995169082126,29.817498658078367,6.937734836285561,15.163714439076758,8.340042941492216,4.904723564143854,11.466720343531938,0.5636070853462157,0.46296296296296297,
107,21.497584541062803,27.811325818572197,10.11808910359635,15.197262479871176,8.145464304884594,4.804079441760601,11.292270531400966,0.6776704240472357,0.4562533548040794,
108,21.584809447128286,27.274557165861513,10.554213633923778,15.069779924852389,8.085077831454644,4.777241009125067,11.265432098765432,0.6776704240472357,0.7112184648416533,
109,21.980676328502415,27.194041867954912,10.513955984970478,15.002683843263553,7.843531937734836,4.74369296833065,11.238593666129898,0.6709608158883521,0.8118625872249061,
110,22.403381642512077,27.046430488459475,10.473698336017177,14.88191089640365,7.816693505099302,4.7101449275362315,11.18491680085883,0.6709608158883521,0.8118625872249061,
111,22.7187332259796,26.992753623188406,10.426731078904991,14.841653247450349,7.776435856146001,4.7101449275362315,11.05072463768116,0.6709608158883521,0.8118625872249061,
112,23.007246376811594,26.764626945786365,10.909822866344605,14.412238325281804,7.776435856146001,4.683306494900698,10.970209339774557,0.6642512077294686,0.8118625872249061,
113,22.973698336017176,26.241277509393452,10.084541062801932,15.559581320450885,8.205850778314547,4.602791196994096,10.88298443370907,0.6642512077294686,0.785024154589372,
114,23.18840579710145,25.85212023617821,9.762479871175524,15.458937198067632,8.28636607622115,5.300590445517981,10.701825013419215,0.6642512077294686,0.785024154589372,
115,23.242082662372518,25.717928073000536,9.896672034353195,15.425389157273216,8.440687063875469,5.280461621041331,10.547504025764896,0.6642512077294686,0.785024154589372,
116,21.604938271604937,19.880568974771872,10.138217928073,23.960010735373054,7.776435856146001,5.032206119162641,9.990606548577563,0.6575415995705851,0.9594739667203436,
117,21.994095544820183,19.659151905528716,10.084541062801932,23.95330112721417,7.75630703166935,5.005367686527107,9.957058507783145,0.6575415995705851,0.9326355340848095,
118,22.436929683306495,19.592055823939884,9.990606548577563,23.752012882447666,7.722758990874933,4.9651100375738055,9.950348899624261,0.6575415995705851,0.9326355340848095,
119,22.69189479334407,19.484702093397747,9.977187332259795,23.63123993558776,7.796564680622652,4.958400429414922,9.876543209876543,0.6575415995705851,0.9259259259259259,
120,22.953569511540525,19.43102522812668,9.91009125067096,23.58427267847558,7.769726247987117,4.958400429414922,9.809447128287708,0.6575415995705851,0.9259259259259259,
121,23.537305421363392,19.223027375201287,9.809447128287708,23.389694041867955,7.722758990874933,4.958400429414922,9.789318303811058,0.6575415995705851,0.9125067096081588,
122,23.879495437466453,19.14922168545357,9.73564143853999,22.893183038110575,7.7361782071927,4.871175523349437,9.728931830381105,0.6575415995705851,1.3486312399355878,
123,24.349168008588297,19.11567364465915,9.46725711218465,22.805958132045088,7.709339774557166,4.85775630703167,9.71551261406334,0.6575415995705851,1.3217928073000538,
124,24.818840579710145,19.068706387546968,9.41358024691358,22.450348899624263,7.675791733762749,4.8376274825550185,9.71551261406334,0.6575415995705851,1.3620504562533549,
125,24.872517444981213,19.0552871712292,9.01100375738057,22.403381642512077,7.675791733762749,4.871175523349437,9.702093397745571,1.0466988727858293,1.3620504562533549,
126,25.120772946859905,19.00161030595813,8.964036500268385,22.32957595276436,7.675791733762749,4.830917874396135,9.668545356951155,1.0466988727858293,1.3620504562533549,
127,25.033548040794418,18.69296833064949,9.091519055287172,23.60440150295223,7.588566827697263,4.582662372517445,8.997584541062801,1.0466988727858293,1.3620504562533549,
128,25.087224906065487,18.59903381642512,9.091519055287172,24.516908212560388,7.501341921631776,4.582662372517445,8.21256038647343,1.0466988727858293,1.3620504562533549,
129,25.268384326355342,18.50509930220075,9.017713365539452,24.691358024691358,7.494632313472893,4.461889425657541,8.152173913043478,1.0466988727858293,1.3620504562533549,
130,25.42270531400966,18.411164787976382,8.984165324745035,24.214975845410628,7.454374664519592,4.884594739667204,8.232689210950081,1.0466988727858293,1.3486312399355878,
131,25.59044551798175,18.397745571658614,8.930488459473967,24.14787976382179,7.434245840042942,4.884594739667204,8.219269994632313,1.0466988727858293,1.3486312399355878,
132,25.93263553408481,18.364197530864196,8.82313472893183,24.060654857756308,7.407407407407407,4.871175523349437,8.145464304884594,1.0466988727858293,1.3486312399355878,
133,26.187600644122384,18.344068706387546,8.769457863660762,23.899624261943103,7.380568974771873,4.864465915190553,8.085077831454644,0.9863123993558777,1.482823403113258,
134,26.35534084809447,18.12265163714439,8.729200214707461,23.752012882447666,7.367149758454106,5.139559849704777,8.07836822329576,0.9728931830381106,1.482823403113258,
135,26.529790660225444,18.095813204508858,8.722490606548577,23.658078368223297,7.353730542136339,5.132850241545894,8.05823939881911,0.966183574879227,1.482823403113258,
136,26.120504562533547,18.02200751476114,8.662104133118627,22.363123993558776,6.66935050993022,5.10601180891036,10.775630703166936,0.95276435856146,1.328502415458937,
137,26.25469672571122,17.961621041331185,8.648684916800859,22.31615673644659,6.66935050993022,5.0993022007514766,10.171765968867419,0.95276435856146,1.9256575415995705,
138,26.281535158346752,17.45169082125604,9.39345142243693,22.25577026301664,6.535158346752549,5.092592592592593,10.138217928073,0.9259259259259259,1.9256575415995705,
139,26.113794954374665,17.03569511540526,9.359903381642512,22.067901234567902,6.327160493827161,5.092592592592593,11.43317230273752,0.8923778851315083,1.6774020397208802,
140,26.20101986044015,17.01556629092861,9.292807300053678,22.014224369296834,5.810520665593129,5.924584004294149,11.245303274288782,0.8923778851315083,1.6035963499731616,
141,26.40901771336554,16.921631776704242,9.03113258185722,21.3768115942029,5.810520665593129,6.655931293612453,11.3191089640365,0.8923778851315083,1.583467525496511,
142,26.281535158346752,16.6532474503489,8.903650026838433,22.007514761137948,5.783682232957595,6.582125603864735,11.312399355877616,0.8923778851315083,1.583467525496511,
143,26.37546967257112,16.606280193236714,8.876811594202898,21.410359634997317,5.783682232957595,6.582125603864735,11.292270531400966,0.8923778851315083,2.1806226516371443,
144,26.684111647879764,16.418411164787976,8.856682769726248,21.26274825550188,5.756843800322061,6.763285024154589,11.16478797638218,0.9594739667203436,2.13365539452496,
145,26.7914653784219,15.74074074074074,8.84326355340848,22.04777241009125,5.756843800322061,6.635802469135802,11.104401502952227,0.9460547504025765,2.13365539452496,
146,27.03972088030059,15.660225442834138,8.917069243156199,21.926999463231347,5.730005367686527,6.595544820182502,11.084272678475577,0.9460547504025765,2.100107353730542,
147,27.20746108427268,15.60654857756307,8.870101986044014,21.900161030595815,5.730005367686527,6.407675791733762,11.231884057971014,0.9460547504025765,2.100107353730542,
148,27.522812667740205,15.33816425120773,9.091519055287172,21.74584004294149,5.689747718733226,6.374127750939345,11.191626409017713,0.9460547504025765,2.100107353730542,
149,27.67042404723564,15.24422973698336,9.017713365539452,21.68545356951154,5.5756843800322065,6.602254428341385,11.18491680085883,0.9460547504025765,2.073268921095008,
150,27.871712292002147,15.183843263553408,9.111647879763822,21.651905528717123,5.562265163714439,6.582125603864735,11.131239935587761,0.9460547504025765,1.9592055823939882,
151,27.885131508319915,15.083199141170155,8.856682769726248,21.604938271604937,5.428073000536768,6.810252281266774,11.466720343531938,0.9057971014492754,1.9592055823939882,
152,28.395061728395063,14.922168545356952,8.796296296296296,21.531132581857218,5.407944176060118,6.709608158883521,11.386205045625335,0.9057971014492754,1.9457863660762211,
153,27.74422973698336,13.66076221148685,8.641975308641975,20.873590982286636,5.407944176060118,6.112453032742888,14.888620504562533,0.9057971014492754,1.7646269457863661,
154,27.911969940955448,13.627214170692431,8.601717659688674,20.82662372517445,5.407944176060118,6.112453032742888,14.855072463768115,0.9057971014492754,1.751207729468599,
155,28.207192699946322,13.613794954374665,8.635265700483092,20.645464304884594,5.394524959742351,6.011808910359635,14.841653247450349,0.8990874932903918,1.751207729468599,
156,28.408480944712828,13.513150831991412,8.628556092324208,20.625335480407944,5.394524959742351,5.978260869565218,14.841653247450349,0.8990874932903918,1.710950080515298,
157,28.529253891572733,13.486312399355878,8.628556092324208,20.578368223295758,5.381105743424584,5.978260869565218,14.821524422973699,0.8990874932903918,1.6975308641975309,
158,28.6231884057971,13.405797101449275,8.601717659688674,20.316693505099302,5.387815351583468,6.3137412775093935,14.78797638217928,0.8923778851315083,1.6706924315619969,
159,28.858024691358025,13.298443370907139,8.507783145464305,20.21604938271605,5.273752012882448,7.024959742351046,14.27133655394525,0.8789586688137413,1.6706924315619969,
160,28.65673644659152,12.681159420289855,9.4873859366613,20.101986044015028,5.24020397208803,7.065217391304348,14.217659688674182,0.8789586688137413,1.6706924315619969,
161,28.858024691358025,12.546967257112184,9.145195920558239,20.014761137949545,5.226784755770263,7.501341921631776,14.15727321524423,0.8789586688137413,1.6706924315619969,
162,28.690284487385938,12.526838432635534,9.125067096081589,20.28985507246377,5.226784755770263,7.481213097155126,14.110305958132045,0.8789586688137413,1.6706924315619969,
163,29.09286097691895,12.392646269457863,9.03113258185722,20.189210950080515,5.3274288781535155,7.39398819108964,13.942565754159958,0.8655394524959742,1.7646269457863661,
164,29.186795491143318,12.23161567364466,9.400161030595813,20.014761137949545,5.253623188405797,7.39398819108964,13.88888888888889,0.8655394524959742,1.7646269457863661,
165,29.354535695115406,12.117552334943639,9.453837895866881,19.887278582930758,5.199946323134729,7.347020933977456,14.009661835748792,0.8655394524959742,1.7646269457863661,
166,29.58937198067633,11.969940955448202,9.426999463231347,19.746376811594203,5.347557702630167,7.326892109500805,13.962694578636608,0.8655394524959742,1.7646269457863661,
167,29.958400429414922,11.949812130971551,9.426999463231347,19.679280730005367,5.287171229200215,7.132313472893183,13.935856146001074,0.8655394524959742,1.7646269457863661,
168,29.844337090713903,11.77536231884058,9.27938808373591,19.605475040257648,5.226784755770263,7.105475040257649,14.53972088030059,0.8655394524959742,1.7579173376274826,
169,30.04562533548041,11.77536231884058,9.252549651100376,19.33709071390231,5.226784755770263,6.837090713902308,14.9020397208803,0.8655394524959742,1.7579173376274826,
170,30.24020397208803,11.741814278046162,9.373322597960279,19.122383252818036,5.199946323134729,6.8035426731078905,14.895330112721417,0.8655394524959742,1.7579173376274826,
171,30.132850241545892,11.694847020933977,9.326355340848094,18.646001073537306,5.179817498658078,6.595544820182502,15.801127214170693,0.8655394524959742,1.7579173376274826,
172,30.293880837359097,11.674718196457327,9.29951690821256,18.59903381642512,5.179817498658078,6.595544820182502,15.74074074074074,0.8655394524959742,1.751207729468599,
173,30.495169082125603,11.654589371980677,9.158615136876007,18.511808910359633,5.293880837359098,6.353998926462695,15.861513687600644,0.8655394524959742,1.724369296833065,0.08051529790660225
174,30.615942028985508,11.540526033279656,9.044551798174986,18.47826086956522,5.0858829844337095,6.689479334406871,15.874932903918411,0.8655394524959742,1.724369296833065,0.08051529790660225
175,30.730005367686527,11.446591519055287,9.024422973698336,18.223295759527645,5.159688674181428,6.6760601180891035,16.069511540526033,0.8655394524959742,1.724369296833065,0.08051529790660225
176,30.951422436929683,11.392914653784219,8.93719806763285,18.19645732689211,5.072463768115942,6.763285024154589,16.015834675254965,0.8655394524959742,1.724369296833065,0.08051529790660225
177,31.233225979602793,11.392914653784219,8.930488459473967,18.06897477187332,5.072463768115942,6.709608158883521,15.94873859366613,0.8655394524959742,1.6975308641975309,0.08051529790660225
178,31.561996779388085,11.325818572195384,8.964036500268385,17.894524959742352,5.065754159957058,6.689479334406871,15.874932903918411,0.8655394524959742,1.6774020397208802,0.08051529790660225
179,31.682769726247987,11.265432098765432,8.769457863660762,17.612721417069242,4.938271604938271,6.810252281266774,16.304347826086957,0.8655394524959742,1.6706924315619969,0.08051529790660225
180,31.80354267310789,11.258722490606548,8.756038647342995,17.498658078368223,4.924852388620504,6.769994632313473,16.371443907675793,0.8655394524959742,1.6706924315619969,0.08051529790660225
181,31.91760601180891,11.312399355877616,8.756038647342995,17.45169082125604,4.904723564143854,6.729736983360172,16.317767042404725,0.8655394524959742,1.6639828234031133,0.08051529790660225
182,32.1256038647343,11.252012882447666,8.735909822866345,17.37788513150832,4.898013955984971,6.615673644659152,16.418411164787976,0.8655394524959742,1.6304347826086956,0.08051529790660225
183,31.76328502415459,11.077563070316694,8.729200214707461,18.61916264090177,4.891304347826087,6.588835212023618,15.814546430488459,0.8655394524959742,1.570048309178744,0.08051529790660225
184,31.87734836285561,11.044015029522276,8.568169618894256,18.5654857756307,5.045625335480408,6.582125603864735,15.74074074074074,0.785024154589372,1.710950080515298,0.08051529790660225
185,31.99812130971551,11.010466988727858,8.561460010735374,18.51851851851852,5.045625335480408,6.568706387546968,15.727321524422974,0.785024154589372,1.7042404723564144,0.08051529790660225
186,32.29334406870639,11.003757380568974,8.527911969940956,18.4447128287708,5.01207729468599,6.521739130434782,15.626677402039721,0.785024154589372,1.7042404723564144,0.08051529790660225
187,32.420826623725176,10.93666129898014,8.507783145464305,18.431293612453032,4.9651100375738055,6.521739130434782,15.579710144927537,0.8521202361782072,1.7042404723564144,0.08051529790660225
188,32.21953837895867,10.57434245840043,8.501073537305421,18.33064949006978,4.455179817498658,5.837359098228664,17.478529253891573,0.8521202361782072,1.6706924315619969,0.08051529790660225
189,32.46108427267848,10.534084809447128,8.641975308641975,18.04213633923779,4.455179817498658,5.8239398819108965,17.478529253891573,0.8521202361782072,1.6304347826086956,0.08051529790660225
190,29.636339237788512,10.23215244229737,8.199141170155663,27.47584541062802,3.066290928609769,4.824208266237251,15.177133655394526,0.24825550187869028,1.0601180891035964,0.08051529790660225
191,29.70343531937735,9.943639291465379,8.13875469672571,27.36849168008588,3.5762211486849167,4.804079441760601,15.076489533011273,0.24825550187869028,1.0601180891035964,0.08051529790660225
192,29.851046698872786,9.762479871175524,8.111916264090176,27.220880300590444,3.6500268384326353,4.783950617283951,15.230810520665592,0.24825550187869028,1.0601180891035964,0.08051529790660225
193,29.844337090713903,9.50751476113795,8.172302737520129,27.51610305958132,3.6231884057971016,4.911433172302737,15.049651100375739,0.24825550187869028,1.0466988727858293,0.08051529790660225
194,30.07246376811594,9.473966720343531,8.071658615136876,27.4020397208803,3.7104133118625873,4.87788513150832,15.01610305958132,0.24825550187869028,1.0466988727858293,0.08051529790660225
195,30.17981749865808,9.27938808373591,8.729200214707461,27.059849704777243,3.69699409554482,4.87788513150832,14.821524422973699,0.2281266774020397,1.0466988727858293,0.08051529790660225
196,30.287171229200215,9.158615136876007,8.930488459473967,26.918947933440688,3.69699409554482,4.871175523349437,14.781266774020397,0.2281266774020397,1.0466988727858293,0.08051529790660225
197,30.629361245303276,9.07139023081052,8.373590982286634,26.435856146001072,3.69699409554482,4.871175523349437,15.566290928609769,0.2281266774020397,1.0466988727858293,0.08051529790660225
198,30.360976918947934,9.668545356951155,8.353462157809984,26.214439076757916,3.6500268384326353,4.851046698872786,15.418679549114332,0.2281266774020397,1.1741814278046163,0.08051529790660225
199,30.407944176060116,9.628287707997853,8.407139023081053,25.657541599570585,4.092860976918948,5.005367686527107,15.331454643048845,0.2281266774020397,1.1607622114868492,0.08051529790660225
200,30.575684380032207,9.588030059044552,8.407139023081053,25.583735909822867,4.092860976918948,5.005367686527107,15.277777777777779,0.2281266774020397,1.1607622114868492,0.08051529790660225
201,30.750134192163177,9.588030059044552,8.380300590445518,25.489801395598498,4.079441760601181,4.904723564143854,15.33816425120773,0.2281266774020397,1.1607622114868492,0.08051529790660225
202,30.683038110574344,9.588030059044552,8.353462157809984,25.6105743424584,4.079441760601181,4.904723564143854,15.311325818572195,0.2281266774020397,1.1607622114868492,0.08051529790660225
203,30.9044551798175,9.541062801932368,8.3467525496511,25.563607085346217,4.079441760601181,4.884594739667204,15.210681696188942,0.2281266774020397,1.1607622114868492,0.08051529790660225
204,31.01851851851852,9.5276435856146,8.380300590445518,25.523349436392916,4.025764895330113,4.85775630703167,15.197262479871176,0.2281266774020397,1.1607622114868492,0.08051529790660225
205,30.810520665593128,9.245840042941492,8.28636607622115,24.879227053140095,3.92512077294686,4.736983360171766,16.5727321524423,0.2281266774020397,1.2345679012345678,0.08051529790660225
206,31.04535695115405,9.198872785829307,8.252818035426731,24.751744498121308,3.92512077294686,4.656468062265164,16.626409017713364,0.2281266774020397,1.2345679012345678,0.08051529790660225
207,31.052066559312937,9.125067096081589,8.232689210950081,25.013419216317768,3.8848631239935587,4.5960815888352125,16.6129898013956,0.2281266774020397,1.1741814278046163,0.08051529790660225
208,31.199677938808374,9.091519055287172,8.333333333333334,24.912775093934513,3.8580246913580245,4.53569511540526,16.586151368760063,0.2281266774020397,1.1741814278046163,0.08051529790660225
209,31.447933440687063,9.064680622651638,8.333333333333334,24.785292538915726,3.8043478260869565,4.51556629092861,16.566022544283413,0.2281266774020397,1.1741814278046163,0.08051529790660225
210,31.91760601180891,9.044551798174986,8.28636607622115,24.62426194310252,3.7775093934514223,4.4820182501341925,16.411701556629094,0.2281266774020397,1.1473429951690821,0.08051529790660225
211,32.03166935050993,9.03113258185722,8.279656468062266,24.55716586151369,3.7775093934514223,4.4820182501341925,16.384863123993558,0.2281266774020397,1.1473429951690821,0.08051529790660225
212,32.17928073000537,9.03113258185722,8.232689210950081,24.22168545356951,4.086151368760064,4.435050993022007,16.358024691358025,0.2281266774020397,1.1473429951690821,0.08051529790660225
213,32.09205582393988,8.896940418679549,8.420558239398819,23.899624261943103,4.012345679012346,4.582662372517445,16.324476650563607,0.2281266774020397,1.4626945786366077,0.08051529790660225
214,32.19940955448202,8.82313472893183,8.480944712828771,23.691626409017715,4.126409017713366,4.64975845410628,16.25738056897477,0.2281266774020397,1.4626945786366077,0.08051529790660225
215,32.41411701556629,8.796296296296296,8.433977455716587,23.66478797638218,4.119699409554482,4.64975845410628,16.150026838432634,0.2281266774020397,1.4626945786366077,0.08051529790660225
216,32.72275899087493,8.729200214707461,8.413848631239935,23.32259796027912,4.441760601180891,4.643048845947397,16.109769189479334,0.2281266774020397,1.3083735909822867,0.08051529790660225
217,32.76301663982824,8.675523349436393,8.28636607622115,23.101180891035963,4.26731078904992,5.260332796564681,16.056092324208265,0.2281266774020397,1.288244766505636,0.07380568974771873
218,32.729468599033815,8.581588835212024,8.259527643585615,23.027375201288244,4.26731078904992,5.24020397208803,16.304347826086957,0.2281266774020397,1.288244766505636,0.07380568974771873
219,32.90391841116479,8.581588835212024,8.185721953837897,22.67176596886742,4.260601180891036,5.4549114331723025,16.210413311862588,0.2281266774020397,1.42914653784219,0.07380568974771873
220,33.091787439613526,8.55475040257649,8.165593129361245,22.50402576489533,4.260601180891036,5.448201825013419,16.015834675254965,0.2214170692431562,1.6639828234031133,0.07380568974771873
221,33.21256038647343,8.55475040257649,8.487654320987655,22.249060654857757,4.394793344068707,5.448201825013419,15.693773483628556,0.2214170692431562,1.6639828234031133,0.07380568974771873
222,33.16559312936125,8.53462157809984,8.467525496511003,21.940418679549115,4.3545356951154055,5.367686527106817,16.210413311862588,0.2214170692431562,1.6639828234031133,0.07380568974771873
223,33.28636607622115,8.527911969940956,8.427267847557703,21.772678475577028,4.468599033816425,5.139559849704777,16.418411164787976,0.2214170692431562,1.6639828234031133,0.07380568974771873
224,33.313204508856685,8.185721953837897,8.132045088566828,21.651905528717123,4.428341384863124,5.978260869565218,16.35131508319914,0.2214170692431562,1.6639828234031133,0.07380568974771873
225,33.25952764358561,8.05823939881911,8.447396672034353,21.77938808373591,4.408212560386473,5.736714975845411,16.364734299516908,0.2214170692431562,1.6505636070853462,0.07380568974771873
226,33.48765432098765,8.024691358024691,8.36688137412775,21.604938271604937,4.361245303274289,6.468062265163715,15.754159957058508,0.20799785292538917,1.6505636070853462,0.07380568974771873
227,33.641975308641975,8.024691358024691,8.3467525496511,21.517713365539453,4.3478260869565215,6.461352657004831,15.727321524422974,0.20799785292538917,1.6505636070853462,0.07380568974771873
228,33.883521202361784,8.024691358024691,8.3064949006978,21.443907675791735,4.3478260869565215,6.407675791733762,15.660225442834138,0.20799785292538917,1.6438539989264627,0.07380568974771873
229,33.9170692431562,7.971014492753623,8.259527643585615,21.4170692431562,4.334406870638754,6.541867954911433,15.633387010198604,0.20799785292538917,1.6438539989264627,0.07380568974771873
230,34.17874396135266,7.957595276435856,8.232689210950081,21.329844337090712,4.334406870638754,6.488191089640365,15.552871712292003,0.20799785292538917,1.6438539989264627,0.07380568974771873
231,34.50080515297907,7.957595276435856,8.219269994632313,21.16881374127751,4.334406870638754,6.427804616210413,15.465646806226516,0.20799785292538917,1.6438539989264627,0.07380568974771873
232,34.21229200214707,7.950885668276973,8.185721953837897,20.92055823939882,4.300858829844337,6.427804616210413,16.076221148684915,0.20799785292538917,1.6438539989264627,0.07380568974771873
233,34.19216317767042,7.917337627482555,8.158883521202362,21.4573268921095,4.320987654320987,6.380837359098229,15.646806226516372,0.20799785292538917,1.6438539989264627,0.07380568974771873
234,34.312936124530324,7.883789586688137,8.11862587224906,21.36339237788513,4.394793344068707,6.380837359098229,15.619967793880837,0.20799785292538917,1.6438539989264627,0.07380568974771873
235,34.38003220611916,7.816693505099302,8.064949006977992,21.235909822866343,4.367954911433173,6.528448738593666,15.304616210413311,0.20799785292538917,2.01959205582394,0.07380568974771873
236,34.594739667203434,7.7831454643048845,8.051529790660226,21.16881374127751,4.361245303274289,6.474771873322598,15.26435856146001,0.20799785292538917,2.01959205582394,0.07380568974771873
237,34.76247987117552,7.6623725174449815,7.997852925389157,20.987654320987655,4.361245303274289,6.6760601180891035,15.250939345142244,0.20799785292538917,2.01959205582394,0.07380568974771873
238,34.99060654857756,7.648953301127214,7.997852925389157,20.873590982286636,4.341116478797638,6.622383252818035,15.22410091250671,0.20799785292538917,2.01959205582394,0.07380568974771873
239,35.14492753623188,7.548309178743962,7.950885668276973,20.813204508856682,4.213633923778851,6.9310252281266775,15.150295222758992,0.17444981213097155,1.9994632313472893,0.07380568974771873
240,35.279119699409556,7.5281803542673105,7.944176060118089,20.73268921095008,4.213633923778851,6.9310252281266775,15.150295222758992,0.17444981213097155,1.9726247987117553,0.07380568974771873
241,35.560923242082666,7.501341921631776,7.9106280193236715,20.061728395061728,4.790660225442834,6.870638754696726,15.103327965646805,0.17444981213097155,1.9524959742351047,0.07380568974771873
242,35.668276972624795,7.501341921631776,7.877079978529254,20.001341921631777,4.790660225442834,6.863929146537842,15.13016639828234,0.17444981213097155,1.9189479334406871,0.07380568974771873
243,35.69511540526033,7.481213097155126,7.836822329575953,19.981213097155127,5.059044551798175,6.89747718733226,14.888620504562533,0.17444981213097155,1.9122383252818036,0.07380568974771873
244,35.970209339774556,7.39398819108964,7.803274288781535,19.89398819108964,5.045625335480408,6.89747718733226,14.861782071927,0.17444981213097155,1.8853998926462694,0.07380568974771873
