,45,50,55,52,53,51,56,54,57,58
0,97.16183574879227,2.8381642512077296,,,,,,,,
1,96.96725711218465,3.0327428878153517,,,,,,,,
2,82.13902308105207,17.619431025228128,0.24154589371980675,,,,,,,
3,78.87815351583467,20.88030059044552,0.24154589371980675,,,,,,,
4,77.41545893719807,22.342995169082126,0.24154589371980675,,,,,,,
5,77.54965110037574,22.208803005904453,0.24154589371980675,,,,,,,
6,72.73886205045625,27.01959205582394,0.24154589371980675,,,,,,,
7,72.08803005904456,27.67042404723564,0.24154589371980675,,,,,,,
8,71.1688137412775,28.589640365002683,0.24154589371980675,,,,,,,
9,71.17552334943639,28.5829307568438,0.24154589371980675,,,,,,,
10,71.30971551261406,28.44873859366613,0.24154589371980675,,,,,,,
11,70.8870101986044,28.871443907675793,0.24154589371980675,,,,,,,
12,71.11513687600645,28.64331723027375,0.24154589371980675,,,,,,,
13,70.57836822329575,27.355072463768117,0.10064412238325282,1.4090177133655395,0.5568974771873323,,,,,
14,68.08239398819109,29.47530864197531,0.2147074610842727,0.14090177133655393,0.5568974771873323,1.5297906602254427,,,,
15,68.16961889425657,29.388083735909824,0.2147074610842727,0.14090177133655393,0.5568974771873323,1.5297906602254427,,,,
16,63.60708534621578,22.61808910359635,0.30864197530864196,0.14090177133655393,,13.325281803542673,,,,
17,61.11782071926999,25.288513150831992,0.30864197530864196,0.14090177133655393,,13.144122383252817,,,,
18,59.936929683306495,26.556629092860977,0.30864197530864196,0.14090177133655393,,13.056897477187333,,,,
19,54.98523886205046,29.09286097691895,1.3754696725711217,0.20128824476650564,,14.264626945786366,0.08051529790660225,,,
20,50.946054750402574,27.83816425120773,1.3754696725711217,0.20128824476650564,,19.558507783145465,0.08051529790660225,,,
21,40.87493290391841,37.97638217928073,1.3486312399355878,1.7042404723564144,,18.015297906602253,0.08051529790660225,,,
22,41.196994095544824,37.31213097155126,1.4895330112721417,1.7042404723564144,0.27509393451422437,17.827428878153516,0.08051529790660225,0.11406333870101985,,
23,41.317767042404725,37.19135802469136,1.4559849704777241,1.6774020397208802,0.27509393451422437,17.887815351583466,0.08051529790660225,0.11406333870101985,,
24,41.67337627482555,36.70826623725174,1.6304347826086956,1.6774020397208802,0.27509393451422437,17.840848094471284,0.08051529790660225,0.11406333870101985,,
25,40.673644659151904,33.49436392914654,1.6774020397208802,1.6774020397208802,0.27509393451422437,19.49141170155663,0.08051529790660225,2.6301663982823404,,
26,40.975577026301664,33.333333333333336,1.6505636070853462,1.6774020397208802,0.2683843263553409,19.410896403650028,0.08051529790660225,2.6033279656468062,,
27,40.485775630703166,33.883521202361784,1.724369296833065,1.6774020397208802,0.2683843263553409,19.088835212023618,0.2952227589908749,2.576489533011272,,
28,39.2512077294686,32.53488996242619,1.6841116478797638,1.6371443907675791,0.2683843263553409,21.806226516371442,0.2885131508319914,2.5295222758990876,,
29,39.48604401502952,32.44095544820183,1.6841116478797638,1.6371443907675791,0.2683843263553409,21.73913043478261,0.2885131508319914,2.4557165861513686,,
30,40.03623188405797,32.2061191626409,1.6841116478797638,1.6237251744498122,0.5501878690284487,21.182232957595275,0.2885131508319914,2.428878153515835,,
31,40.103327965646805,35.02415458937198,2.1806226516371443,1.5230810520665594,0.5636070853462157,17.98174986580784,0.2147074610842727,2.408749329039184,,
32,40.31132581857219,33.393719806763286,2.0933977455716586,3.079710144927536,0.5636070853462157,17.934782608695652,0.2147074610842727,2.408749329039184,,
33,39.33843263553408,34.614868491680085,2.0799785292538915,2.985775630703167,0.5636070853462157,17.793880837359097,0.2147074610842727,2.408749329039184,,
34,39.49946323134729,34.39345142243693,2.26784755770263,2.985775630703167,0.5636070853462157,17.66639828234031,0.2147074610842727,2.408749329039184,,
35,39.45920558239399,34.50080515297907,2.2410091250670963,3.026033279656468,0.5636070853462157,17.60601180891036,0.2147074610842727,2.3886205045625335,,
36,39.76784755770263,33.903650026838434,2.2208803005904456,2.999194847020934,0.5099302200751477,18.00858829844337,0.2147074610842727,2.3752012882447664,,
37,40.01610305958132,33.400429414922165,2.4557165861513686,2.999194847020934,0.5099302200751477,18.08239398819109,0.2147074610842727,2.3215244229736984,,
38,39.86849168008588,33.15888352120236,2.4557165861513686,2.9924852388620504,0.5099302200751477,18.491680085882983,0.2147074610842727,2.3081052066559313,,
39,40.24422973698336,32.769726247987116,2.4557165861513686,2.9589371980676327,0.6709608158883521,18.377616747181964,0.2147074610842727,2.3081052066559313,,
40,40.45222758990875,32.62211486849168,2.4557165861513686,2.7308105206655933,0.6709608158883521,18.317230273752013,0.2147074610842727,2.536231884057971,,
41,40.68035426731079,30.629361245303276,2.4490069779924855,4.549114331723027,0.6709608158883521,17.995169082125603,0.2147074610842727,2.8113258185721954,,
42,30.12614063338701,58.2662372517445,2.7979066022544283,2.5563607085346214,0.3757380568974772,3.374932903918411,,2.5026838432635534,,
43,25.95276435856146,53.636607622114866,2.791196994095545,2.214170692431562,0.3757380568974772,12.392646269457863,0.13419216317767044,2.5026838432635534,,
44,26.227858293075684,53.11996779388084,3.1333870101986045,2.214170692431562,0.3757380568974772,12.298711755233494,0.13419216317767044,2.49597423510467,,
45,24.08078368223296,48.39640365002684,1.6371443907675791,2.818035426731079,0.3757380568974772,20.303274288781534,0.13419216317767044,2.254428341384863,,
46,23.731884057971016,43.833870101986044,1.9122383252818036,2.791196994095545,0.3757380568974772,20.283145464304884,0.13419216317767044,6.937734836285561,,
47,22.920021470746107,40.25764895330113,3.717122920021471,8.440687063875469,0.3757380568974772,17.223564143854,0.1274825550187869,6.937734836285561,,
48,23.181696188942567,39.51959205582394,3.7238325281803544,9.306226516371444,0.3757380568974772,16.82769726247987,0.1274825550187869,6.937734836285561,,
49,23.63123993558776,39.27133655394525,3.7238325281803544,9.27938808373591,0.3757380568974772,16.71363392377885,0.1274825550187869,6.877348362855609,,
50,23.792270531400966,37.513419216317764,4.9651100375738055,9.158615136876007,1.0399892646269457,16.55931293612453,0.1274825550187869,6.843800322061192,,
51,24.060654857756308,37.493290391841114,5.320719269994632,9.004294149221685,1.0399892646269457,16.438539989264626,0.1274825550187869,6.515029522275899,,
52,23.98684916800859,39.2512077294686,5.367686527106817,7.843531937734836,0.9930220075147611,15.942028985507246,0.1274825550187869,6.488191089640365,,
53,23.58427267847558,35.29253891572732,5.186527106816962,16.901502952227588,1.6170155662909287,11.010466988727858,,6.407675791733762,,
54,24.00697799248524,34.796027911969944,5.166398282340311,16.814278046162105,1.5767579173376274,10.963499731615673,,6.6760601180891035,,
55,23.376274825550187,34.12506709608159,5.038915727321524,16.42512077294686,1.570048309178744,12.842190016103059,,6.622383252818035,,
56,23.221953837895867,28.08641975308642,3.026033279656468,26.67740203972088,1.570048309178744,12.70799785292539,,4.5893719806763285,0.12077294685990338,
57,23.463499731615673,27.710681696188942,2.999194847020934,26.737788513150832,1.556629092860977,12.714707461084272,,4.696725711218465,0.12077294685990338,
58,20.779656468062264,22.457058507783145,3.3011272141706924,26.38888888888889,1.3620504562533549,20.860171765968868,,4.730273752012883,0.12077294685990338,
59,21.289586688137412,22.396672034353195,3.294417606011809,26.10708534621578,1.3620504562533549,20.33011272141707,0.38915727321524424,4.7101449275362315,0.12077294685990338,
60,19.612184648416534,23.57085346215781,4.334406870638754,25.53676865271068,1.3217928073000538,20.1959205582394,0.5501878690284487,4.676596886741814,0.20128824476650564,
61,19.85373054213634,23.32259796027912,4.274020397208803,26.670692431561996,1.3217928073000538,18.57890499194847,0.5501878690284487,5.226784755770263,0.20128824476650564,
62,20.263016639828233,23.242082662372518,4.213633923778851,26.247987117552334,1.3217928073000538,18.511808910359633,0.785024154589372,5.213365539452496,0.20128824476650564,
63,20.517981749865807,22.302737520128826,4.200214707461084,26.764626945786365,1.3217928073000538,18.42458400429415,0.785024154589372,5.193236714975845,0.48980139559849706,
64,21.07487922705314,22.17525496511004,4.166666666666667,26.50966183574879,1.3150831991411702,18.4044551798175,0.785024154589372,5.0791733762748255,0.48980139559849706,
65,21.26274825550188,21.014492753623188,4.260601180891036,25.986312399355878,1.1272141706924315,19.93424584004294,0.785024154589372,5.052334943639291,0.5770263016639828,
66,21.55126140633387,20.860171765968868,4.233762748255502,25.939345142243692,1.1272141706924315,19.887278582930758,0.785024154589372,5.038915727321524,0.5770263016639828,
67,21.89345142243693,20.75281803542673,4.300858829844337,25.811862587224905,1.1137949543746646,19.77992485238862,0.785024154589372,4.99194847020934,0.5703166935050993,
68,20.947396672034355,19.04186795491143,4.62962962962963,15.767579173376275,1.3754696725711217,30.334138486312398,2.5831991411701556,4.978529253891573,0.3421900161030596,
69,20.128824476650564,17.881105743424584,4.414922168545357,15.58641975308642,4.508856682769726,30.173107890499196,2.24771873322598,4.7168545356951155,0.3421900161030596,
70,20.44417606011809,17.72007514761138,4.40150295222759,15.539452495974235,4.528985507246377,28.73725174449812,2.13365539452496,6.179549114331723,0.3153515834675255,
71,19.384057971014492,16.867954911433173,4.260601180891036,13.150831991411701,5.837359098228664,31.582125603864736,2.281266774020397,6.179549114331723,0.4562533548040794,
72,19.43102522812668,16.049382716049383,4.253891572732153,11.668008588298443,9.4873859366613,30.475040257648953,1.9592055823939882,6.092324208266238,0.41599570585077833,0.16774020397208803
73,19.89398819108964,15.935319377348362,4.247181964573269,11.238593666129898,9.4873859366613,30.213365539452496,1.9524959742351047,6.0654857756307035,0.798443370907139,0.16774020397208803
74,20.397208803005906,16.035963499731615,4.17337627482555,10.997047772410092,9.460547504025765,29.958400429414922,1.9524959742351047,6.159420289855072,0.6977992485238862,0.16774020397208803
75,20.699141170155663,15.915190552871712,4.159957058507783,10.876274825550189,10.225442834138486,29.28743961352657,1.932367149758454,6.038647342995169,0.6977992485238862,0.16774020397208803
76,20.725979602791195,15.747450348899624,4.1129898013955986,10.621309715512615,10.185185185185185,29.8040794417606,1.932367149758454,6.005099302200751,0.6977992485238862,0.16774020397208803
77,21.38352120236178,15.70048309178744,4.025764895330113,10.507246376811594,10.151637144390767,29.448470209339774,1.932367149758454,5.984970477724101,0.6977992485238862,0.16774020397208803
78,21.752549651100377,15.599838969404187,3.978797638217928,10.420021470746109,10.171765968867419,29.21363392377885,1.8988191089640365,6.099033816425121,0.6977992485238862,0.16774020397208803
79,21.89345142243693,15.465646806226516,3.9318303811057436,10.768921095008052,9.574610842726784,28.99892646269458,1.892109500805153,6.494900697799249,0.8118625872249061,0.16774020397208803
80,22.014224369296834,15.411969940955448,3.8580246913580245,10.735373054213634,10.547504025764896,28.864734299516908,1.892109500805153,5.723295759527644,0.785024154589372,0.16774020397208803
81,22.396672034353195,15.398550724637682,3.8580246913580245,10.654857756307031,10.466988727858293,28.395061728395063,2.200751476113795,5.676328502415459,0.785024154589372,0.16774020397208803
82,22.765700483091788,15.304616210413311,3.8311862587224907,10.607890499194847,10.7085346215781,28.113258185721953,2.1604938271604937,5.649490069779925,0.6910896403650026,0.16774020397208803
83,22.65834675254965,13.982823403113258,3.3816425120772946,10.359634997316157,13.18438003220612,27.89855072463768,2.0933977455716586,5.58239398819109,0.6910896403650026,0.16774020397208803
84,22.644927536231883,13.882179280730005,3.5091250670960816,10.990338164251208,12.754965110037574,27.58990874932904,2.368491680085883,5.481749865807837,0.6105743424584005,0.16774020397208803
85,20.645464304884594,26.650563607085346,4.871175523349437,7.716049382716049,9.77589908749329,24.416264090177133,1.2546967257112185,3.978797638217928,0.5233494363929146,0.16774020397208803
86,20.531400966183575,24.550456253354803,4.87788513150832,7.722758990874933,8.09849704777241,27.314814814814813,1.247987117552335,4.9651100375738055,0.5233494363929146,0.16774020397208803
87,20.48443370907139,24.261943102522814,4.777241009125067,7.648953301127214,8.742619431025227,27.160493827160494,1.288244766505636,4.944981213097155,0.5233494363929146,0.16774020397208803
88,21.081588835212024,24.134460547504027,4.64975845410628,7.62211486849168,8.68894256575416,26.92565754159957,1.2815351583467525,4.924852388620504,0.5233494363929146,0.16774020397208803
89,21.296296296296298,24.06736446591519,4.522275899087493,7.50805152979066,8.648684916800859,26.81159420289855,1.2815351583467525,5.173107890499195,0.5233494363929146,0.16774020397208803
90,21.316425120772948,23.64465915190553,4.508856682769726,7.467793880837359,8.635265700483092,26.670692431561996,1.2815351583467525,5.783682232957595,0.5233494363929146,0.16774020397208803
91,21.24932903918411,22.920021470746107,6.0654857756307035,7.4006977992485234,8.3467525496511,24.97987117552335,2.13365539452496,6.213097155126141,0.5233494363929146,0.16774020397208803
92,21.336553945249598,22.477187332259795,6.521739130434782,8.454106280193237,8.051529790660226,24.490069779924852,2.1269457863660763,5.850778314546431,0.5233494363929146,0.16774020397208803
93,21.651905528717123,22.15512614063339,6.5552871712292005,7.823403113258186,8.3064949006978,23.812399355877616,2.26784755770263,6.736446591519055,0.5233494363929146,0.16774020397208803
94,22.088030059044552,21.906870638754697,6.541867954911433,7.957595276435856,8.387010198604402,23.63123993558776,2.26784755770263,6.528448738593666,0.5233494363929146,0.16774020397208803
95,22.544283413848632,21.69887278582931,6.427804616210413,7.883789586688137,8.373590982286634,22.859634997316157,2.999194847020934,6.521739130434782,0.5233494363929146,0.16774020397208803
96,22.913311862587225,21.484165324745035,6.521739130434782,7.823403113258186,8.360171765968868,22.638217928073,2.9723564143853998,6.595544820182502,0.5233494363929146,0.16774020397208803
97,20.8064949006978,19.618894256575416,6.233225979602791,7.9106280193236715,7.461084272678476,29.13311862587225,1.6237251744498122,6.528448738593666,0.5166398282340311,0.16774020397208803
98,21.235909822866343,19.538378958668815,6.172839506172839,7.803274288781535,7.440955448201825,28.972088030059044,1.6237251744498122,6.528448738593666,0.5166398282340311,0.16774020397208803
99,21.772678475577028,19.47799248523886,6.052066559312936,7.588566827697263,7.326892109500805,28.844605475040257,1.7713365539452497,6.481481481481482,0.5166398282340311,0.16774020397208803
100,22.269189479334408,19.00161030595813,6.622383252818035,7.481213097155126,7.313472893183038,25.63070316693505,4.636339237788513,6.360708534621578,0.5166398282340311,0.16774020397208803
101,20.511272141706925,16.23054213633924,6.367418142780462,6.9310252281266775,6.387546967257112,33.3064949006978,4.233762748255502,5.683038110574342,0.18115942028985507,0.16774020397208803
102,21.135265700483092,16.09634997316157,6.360708534621578,6.890767579173376,6.3070316693505095,33.011272141706925,4.213633923778851,5.656199677938808,0.17444981213097155,0.15432098765432098
103,21.490874932903917,16.035963499731615,6.360708534621578,6.823671497584541,6.4412238325281805,32.55501878690284,4.314278046162104,5.649490069779925,0.17444981213097155,0.15432098765432098
104,19.155931293612454,14.42565754159957,5.938003220611916,6.702898550724638,4.7101449275362315,40.85480407944176,2.5966183574879227,5.340848094471283,0.12077294685990338,0.15432098765432098
105,19.524959742351047,14.338432635534085,5.904455179817498,6.655931293612453,4.931561996779388,40.385131508319915,2.5966183574879227,5.340848094471283,0.18115942028985507,0.14090177133655393
106,20.021470746108427,14.231078904991948,6.494900697799249,6.629092860976919,4.931561996779388,39.56655931293612,2.5295222758990876,5.300590445517981,0.18115942028985507,0.11406333870101985
107,20.44417606011809,13.969404186795492,7.0383789586688135,6.622383252818035,4.904723564143854,39.02308105206656,2.462426194310252,5.24020397208803,0.18115942028985507,0.11406333870101985
108,20.94068706387547,13.962694578636608,6.971282877079979,6.595544820182502,4.87788513150832,38.70101986044015,2.4154589371980677,5.24020397208803,0.18115942028985507,0.11406333870101985
109,21.470746108427267,13.848631239935587,6.870638754696726,6.575415995705851,4.871175523349437,38.446054750402574,2.408749329039184,5.226784755770263,0.16774020397208803,0.11406333870101985
110,19.920826623725173,15.881642512077295,6.944444444444445,6.790123456790123,5.038915727321524,37.526838432635536,2.408749329039184,5.2066559312936125,0.16774020397208803,0.11406333870101985
111,20.37037037037037,15.827965646806227,6.870638754696726,6.769994632313473,4.99194847020934,37.29200214707461,2.395330112721417,5.199946323134729,0.16774020397208803,0.11406333870101985
112,20.42404723564144,15.801127214170693,6.830381105743425,6.763285024154589,4.99194847020934,35.869565217391305,2.395330112721417,6.642512077294686,0.16774020397208803,0.11406333870101985
113,20.638754696725712,15.747450348899624,6.723027375201288,6.857219538378959,4.985238862050457,34.92351046698873,3.2541599570585076,6.588835212023618,0.16774020397208803,0.11406333870101985
114,20.92055823939882,15.713902308105206,6.66935050993022,6.810252281266774,4.938271604938271,34.78260869565217,3.2541599570585076,6.629092860976919,0.16774020397208803,0.11406333870101985
115,21.34326355340848,15.579710144927537,6.595544820182502,6.776704240472356,4.924852388620504,34.62157809983897,3.3145464304884595,6.561996779388084,0.16774020397208803,0.11406333870101985
116,21.477455716586153,15.573000536768653,6.582125603864735,6.769994632313473,4.904723564143854,34.44041867954911,3.3011272141706924,6.736446591519055,0.10064412238325282,0.11406333870101985
117,22.18196457326892,15.53274288781535,6.521739130434782,6.602254428341385,4.904723564143854,34.01771336553945,3.2675791733762747,6.756575415995706,0.10064412238325282,0.11406333870101985
118,22.7187332259796,15.01610305958132,6.233225979602791,6.515029522275899,4.9651100375738055,33.55475040257649,3.455448201825013,7.326892109500805,0.10064412238325282,0.11406333870101985
119,23.17498658078368,14.942297369833602,6.206387546967257,6.535158346752549,4.958400429414922,33.20585077831455,3.549382716049383,7.212828770799785,0.10064412238325282,0.11406333870101985
120,23.62453032742888,14.80810520665593,6.206387546967257,6.501610305958132,4.911433172302737,33.00456253354804,3.5225442834138487,7.206119162640902,0.10064412238325282,0.11406333870101985
121,23.678207192699947,14.579978529253891,6.0654857756307035,6.474771873322598,4.42163177670424,32.776435856146,3.488996242619431,8.387010198604402,0.05367686527106817,0.07380568974771873
122,23.772141706924316,14.318303811057435,5.508588298443371,7.809983896940419,4.3478260869565215,32.63553408480945,3.4822866344605474,7.997852925389157,0.05367686527106817,0.07380568974771873
123,24.040526033279658,14.284755770263017,5.763553408480945,7.749597423510467,4.320987654320987,32.25979602791197,3.4822866344605474,7.971014492753623,0.05367686527106817,0.07380568974771873
124,24.376006441223833,14.197530864197532,5.743424584004294,7.716049382716049,4.300858829844337,32.098765432098766,3.4822866344605474,7.957595276435856,0.05367686527106817,0.07380568974771873
125,24.993290391841118,14.076757917337627,5.790391841116479,7.6556629092860975,4.180085882984434,31.850509930220074,3.4688674181427803,7.856951154052603,0.05367686527106817,0.07380568974771873
126,24.134460547504027,13.211218464841654,5.750134192163178,7.615405260332796,7.890499194847021,30.971551261406333,2.509393451422437,7.7898550724637685,0.05367686527106817,0.07380568974771873
127,23.993558776167472,13.211218464841654,5.730005367686527,8.259527643585615,7.716049382716049,30.42807300053677,2.509393451422437,8.024691358024691,0.05367686527106817,0.07380568974771873
128,24.268652710681696,13.177670424047236,5.71658615136876,8.232689210950081,7.682501341921632,30.132850241545892,2.6972624798711755,7.96430488459474,0.05367686527106817,0.07380568974771873
129,24.154589371980677,13.056897477187333,7.226247987117552,8.28636607622115,7.722758990874933,28.576221148684915,2.898550724637681,7.950885668276973,0.05367686527106817,0.07380568974771873
130,24.456521739130434,12.949543746645196,7.212828770799785,8.205850778314547,7.6623725174449815,28.509125067096083,2.898550724637681,7.977724100912507,0.05367686527106817,0.07380568974771873
131,24.214975845410628,12.822061191626409,6.769994632313473,8.749329039184111,7.763016639828234,27.66371443907676,2.8650026838432634,9.024422973698336,0.05367686527106817,0.07380568974771873
132,24.691358024691358,12.795222758990874,6.689479334406871,8.709071390230811,7.702630166398282,27.489264626945786,2.804616210413312,8.99087493290392,0.05367686527106817,0.07380568974771873
133,24.48336017176597,11.896135265700483,6.213097155126141,8.702361782071927,7.6556629092860975,27.30139559849705,2.771068169618894,10.7085346215781,0.05367686527106817,0.2147074610842727
134,25.006709608158882,11.849168008588299,6.172839506172839,8.655394524959743,7.568438003220612,27.079978529253893,2.7643585614600106,10.63472893183038,0.05367686527106817,0.2147074610842727
135,25.51663982823403,11.60762211486849,6.125872249060655,8.59500805152979,7.481213097155126,26.92565754159957,2.9723564143853998,10.520665593129362,0.040257648953301126,0.2147074610842727
136,25.785024154589372,11.399624261943103,6.300322061191626,8.57487922705314,7.440955448201825,26.81159420289855,2.9723564143853998,10.46027911969941,0.040257648953301126,0.2147074610842727
137,26.35534084809447,11.18491680085883,6.387546967257112,8.413848631239935,7.434245840042942,26.38888888888889,2.9723564143853998,10.607890499194847,0.040257648953301126,0.2147074610842727
138,26.82501341921632,11.104401502952227,6.447933440687064,8.641975308641975,7.4006977992485234,25.845410628019323,2.9589371980676327,10.520665593129362,0.040257648953301126,0.2147074610842727
139,27.274557165861513,11.064143853998926,6.394256575415996,8.55475040257649,7.340311325818572,25.704508856682768,2.952227589908749,10.46027911969941,0.040257648953301126,0.2147074610842727
140,27.2812667740204,10.815888352120236,6.280193236714976,8.53462157809984,8.353462157809984,25.509930220075148,2.952227589908749,10.017444981213098,0.040257648953301126,0.2147074610842727
141,27.489264626945786,10.789049919484702,6.206387546967257,8.413848631239935,8.3064949006978,25.05367686527107,2.8918411164787976,10.607890499194847,0.026838432635534086,0.2147074610842727
142,27.791196994095547,10.755501878690284,6.273483628556092,8.380300590445518,8.28636607622115,24.18142780461621,2.844873859366613,11.245303274288782,0.026838432635534086,0.2147074610842727
143,24.422973698336016,8.57487922705314,4.441760601180891,8.319914117015566,8.259527643585615,35.53408480944713,1.90552871712292,8.440687063875469,0.026838432635534086,0.07380568974771873
144,24.859098228663445,8.454106280193237,4.374664519592056,8.205850778314547,8.21256038647343,35.35963499731616,1.90552871712292,8.527911969940956,0.026838432635534086,0.07380568974771873
145,24.973161567364468,8.205850778314547,4.341116478797638,7.7361782071927,8.890230810520666,35.225442834138484,1.8786902844873858,8.648684916800859,0.026838432635534086,0.07380568974771873
146,25.05367686527107,8.185721953837897,4.42163177670424,7.333601717659689,9.494095544820183,35.02415458937198,1.8786902844873858,8.507783145464305,0.026838432635534086,0.07380568974771873
147,25.72463768115942,8.031400966183575,4.455179817498658,7.286634460547504,9.386741814278047,34.735641438539986,1.8786902844873858,8.400429414922169,0.026838432635534086,0.07380568974771873
148,26.100375738056897,7.890499194847021,4.663177670424047,7.232957595276436,9.373322597960279,34.4873859366613,1.8451422436929683,8.3064949006978,0.026838432635534086,0.07380568974771873
149,25.751476113794954,7.50805152979066,4.4753086419753085,6.602254428341385,11.406333870101985,34.29951690821256,1.7444981213097155,8.111916264090176,0.026838432635534086,0.07380568974771873
150,25.99302200751476,7.494632313472893,4.461889425657541,6.588835212023618,11.352657004830919,34.16532474503489,1.7444981213097155,8.09849704777241,0.026838432635534086,0.07380568974771873
151,26.140633387010197,7.454374664519592,4.2203435319377345,7.239667203435319,11.332528180354267,33.73590982286635,1.9927536231884058,7.7831454643048845,0.026838432635534086,0.07380568974771873
152,26.04669887278583,7.447665056360709,4.2203435319377345,7.239667203435319,11.097691894793345,32.407407407407405,1.9927536231884058,9.447128287707997,0.026838432635534086,0.07380568974771873
153,26.44927536231884,7.447665056360709,4.206924315619967,7.232957595276436,11.003757380568974,32.19940955448202,1.9927536231884058,9.366612989801396,0.026838432635534086,0.07380568974771873
154,26.81159420289855,7.434245840042942,4.247181964573269,7.185990338164252,11.151368760064413,31.61567364465915,2.1403650026838434,9.312936124530328,0.026838432635534086,0.07380568974771873
155,27.194041867954912,7.434245840042942,4.2270531400966185,7.253086419753086,10.990338164251208,31.528448738593667,2.120236178207193,9.151905528717123,0.026838432635534086,0.07380568974771873
156,27.529522275899087,7.340311325818572,4.086151368760064,7.206119162640902,11.16478797638218,31.320450885668276,2.033011272141707,9.219001610305957,0.026838432635534086,0.07380568974771873
157,27.938808373590984,7.266505636070853,4.05931293612453,7.206119162640902,11.124530327428879,31.00509930220075,2.1403650026838434,9.158615136876007,0.026838432635534086,0.07380568974771873
158,27.85829307568438,7.25979602791197,4.05931293612453,7.139023081052066,11.882716049382717,30.535426731078903,2.1269457863660763,9.037842190016104,0.026838432635534086,0.07380568974771873
159,28.307836822329577,7.192699946323135,4.1129898013955986,7.018250134192163,11.842458400429415,30.360976918947934,2.1269457863660763,8.93719806763285,0.026838432635534086,0.07380568974771873
160,28.569511540526033,7.1658615136876005,4.106280193236715,7.004830917874396,11.761943102522812,30.287171229200215,2.120236178207193,8.883521202361782,0.026838432635534086,0.07380568974771873
161,27.214170692431562,7.071926999463232,3.851315083199141,6.0654857756307035,11.144659151905529,33.662104133118625,2.0263016639828235,8.863392377885132,0.026838432635534086,0.07380568974771873
162,27.100107353730543,6.984702093397746,3.844605475040258,6.052066559312936,10.929951690821255,33.803005904455176,2.341653247450349,8.84326355340848,0.026838432635534086,0.07380568974771873
163,27.42216854535695,6.957863660762212,4.025764895330113,6.146001073537305,10.762211486849168,32.41411701556629,2.341653247450349,9.829575952764358,0.026838432635534086,0.07380568974771873
164,27.542941492216855,6.863929146537842,4.146537842190016,6.146001073537305,10.755501878690284,32.2061191626409,2.4490069779924855,9.789318303811058,0.026838432635534086,0.07380568974771873
165,26.78475577026302,6.843800322061192,4.119699409554482,13.030059044551798,10.50053676865271,27.334943639291467,2.536231884057971,8.76274825550188,0.013419216317767043,0.07380568974771873
166,26.992753623188406,6.816961889425658,4.106280193236715,12.949543746645196,10.507246376811594,27.28797638217928,2.5295222758990876,8.722490606548577,0.013419216317767043,0.07380568974771873
167,27.408749329039185,6.749865807836822,4.200214707461084,12.882447665056361,10.420021470746109,27.033011272141707,2.5295222758990876,8.68894256575416,0.013419216317767043,0.07380568974771873
168,27.79790660225443,6.6827697262479875,4.200214707461084,12.734836285560924,10.654857756307031,26.778046162104133,2.5295222758990876,8.53462157809984,0.013419216317767043,0.07380568974771873
169,19.51154052603328,4.334406870638754,1.7444981213097155,11.305689747718732,13.144122383252817,41.438539989264626,1.7310789049919484,6.776704240472356,0.013419216317767043,
170,19.98792270531401,4.327697262479871,1.7444981213097155,11.33923778851315,13.077026301663983,41.04938271604938,1.7310789049919484,6.729736983360172,0.013419216317767043,
171,20.497852925389157,4.247181964573269,1.8988191089640365,11.252012882447666,12.969672571121846,40.76757917337628,1.7310789049919484,6.622383252818035,0.013419216317767043,
172,21.027911969940956,4.206924315619967,1.8585614600107354,11.18491680085883,12.93612453032743,40.385131508319915,1.6706924315619969,6.649221685453569,0.08051529790660225,
173,21.557971014492754,4.180085882984434,1.8585614600107354,11.124530327428879,12.822061191626409,40.11003757380569,1.6706924315619969,6.595544820182502,0.08051529790660225,
174,20.90713902308105,3.92512077294686,1.8115942028985508,10.829307568438002,11.560654857756306,41.398282340311326,3.0931293612453032,6.394256575415996,0.08051529790660225,
175,20.947396672034355,3.92512077294686,1.8115942028985508,10.61460010735373,12.305421363392378,41.0024154589372,3.079710144927536,6.052066559312936,0.2616747181964573,
176,20.913848631239937,4.783950617283951,1.8115942028985508,10.560923242082662,12.030327428878154,40.53274288781535,3.0730005367686526,6.045356951154052,0.24825550187869028,
177,21.182232957595275,4.783950617283951,1.8115942028985508,10.621309715512615,11.916264090177133,40.304616210413315,3.180354267310789,5.9514224369296835,0.24825550187869028,
178,21.55126140633387,4.757112184648417,1.8719806763285025,10.567632850241546,11.956521739130435,39.962426194310254,3.1602254428341383,5.924584004294149,0.24825550187869028,
179,22.014224369296834,4.74369296833065,2.006172839506173,10.534084809447128,11.822329575952764,39.55984970477724,3.1602254428341383,5.911164787976382,0.24825550187869028,
180,21.973966720343533,4.730273752012883,2.3483628556092326,10.238862050456254,11.714975845410628,39.754428341384866,3.2340311325818574,5.756843800322061,0.24825550187869028,
181,22.20209339774557,4.730273752012883,2.3483628556092326,10.19189479334407,11.66129898013956,39.67391304347826,3.2004830917874396,5.743424584004294,0.24825550187869028,
182,22.510735373054214,4.723564143853999,2.462426194310252,9.957058507783145,11.614331723027375,39.42565754159957,3.2004830917874396,5.656199677938808,0.4495437466451959,
183,22.993827160493826,4.696725711218465,2.3550724637681157,9.856414385399892,11.480139559849706,39.11701556629093,3.2004830917874396,5.850778314546431,0.4495437466451959,
184,23.013955984970476,4.656468062265164,2.6033279656468062,10.560923242082662,11.419753086419753,38.7614063338701,3.1870638754696725,5.347557702630167,0.4495437466451959,
185,22.73215244229737,4.643048845947397,5.0791733762748255,10.554213633923778,11.366076221148685,37.124261943102525,2.8918411164787976,5.166398282340311,0.4428341384863124,
186,22.906602254428343,4.643048845947397,5.005367686527107,10.339506172839506,11.292270531400966,36.41975308641975,2.6637144390767578,6.286902844873859,0.4428341384863124,
187,23.34272678475577,4.609500805152979,4.998658078368224,10.38647342995169,11.191626409017713,36.10440150295223,2.6502952227589907,6.273483628556092,0.4428341384863124,
188,23.483628556092324,4.602791196994096,4.911433172302737,10.312667740203972,11.533816425120772,35.83601717659689,2.636876006441224,6.239935587761675,0.4428341384863124,
189,23.93317230273752,4.555823939881911,4.891304347826087,10.285829307568438,11.506977992485238,35.42673107890499,2.7643585614600106,6.206387546967257,0.4294149221685454,
190,24.188137412775095,4.394793344068707,4.864465915190553,10.238862050456254,11.460010735373054,35.28582930756844,2.7241009125067097,6.427804616210413,0.41599570585077833,
191,24.456521739130434,4.394793344068707,4.824208266237251,10.36634460547504,11.43317230273752,35.15163714439077,2.690552871712292,6.280193236714976,0.4025764895330113,
192,24.55716586151369,4.394793344068707,4.757112184648417,10.352925389157273,11.419753086419753,34.95034889962426,2.6838432635534084,6.481481481481482,0.4025764895330113,
193,25.0805152979066,4.374664519592056,4.730273752012883,10.265700483091788,11.252012882447666,34.634997316156735,2.804616210413312,6.468062265163715,0.38915727321524424,
194,25.697799248523886,4.367954911433173,4.730273752012883,10.19189479334407,11.124530327428879,34.306226516371446,2.7777777777777777,6.414385399892646,0.38915727321524424,
195,26.04669887278583,4.28743961352657,4.884594739667204,10.165056360708535,10.929951690821255,33.9975845410628,2.9119699409554483,6.387546967257112,0.38915727321524424,
196,26.06682769726248,4.274020397208803,6.4345142243692965,10.057702630166398,10.88298443370907,32.56843800322061,2.871712292002147,6.454643048845948,0.38915727321524424,
197,26.227858293075684,4.066022544283414,6.233225979602791,10.7085346215781,10.815888352120236,32.29334406870639,2.85829307568438,6.407675791733762,0.38915727321524424,
198,26.596886741814277,3.9318303811057436,6.172839506172839,10.393183038110575,10.802469135802468,32.06521739130435,2.9589371980676327,6.353998926462695,0.7246376811594203,
199,26.939076757917338,3.92512077294686,6.172839506172839,10.34621578099839,10.762211486849168,31.91760601180891,2.9589371980676327,6.280193236714976,0.6977992485238862,
200,27.38191089640365,3.9184111647879765,6.206387546967257,10.332796564680622,10.513955984970478,31.61567364465915,3.0730005367686526,6.260064412238325,0.6977992485238862,
201,27.63016639828234,3.9049919484702094,6.146001073537305,10.272410091250672,10.59447128287708,31.427804616210413,3.0730005367686526,6.253354804079442,0.6977992485238862,
202,27.563070316693505,3.7372517444981215,6.052066559312936,10.19189479334407,11.882716049382717,30.66290928609769,3.0730005367686526,6.146001073537305,0.6910896403650026,
203,28.08641975308642,3.730542136339238,6.011808910359635,10.0979602791197,11.75523349436393,30.434782608695652,3.0730005367686526,6.119162640901771,0.6910896403650026,
204,28.529253891572733,3.730542136339238,6.011808910359635,10.057702630166398,11.688137412775093,30.213365539452496,3.026033279656468,6.052066559312936,0.6910896403650026,
205,28.83118625872249,3.7238325281803544,5.991680085882985,10.00402576489533,11.842458400429415,30.05233494363929,3.012614063338701,5.864197530864198,0.6776704240472357,
206,29.07944176060118,3.7037037037037037,5.971551261406334,9.977187332259795,11.79549114331723,29.790660225442835,3.1468062265163717,5.857487922705314,0.6776704240472357,
207,29.388083735909824,3.656736446591519,5.964841653247451,9.782608695652174,11.829039184111648,29.62962962962963,3.1468062265163717,5.810520665593129,0.7917337627482555,
208,29.354535695115406,3.6097691894793345,5.931293612453032,9.77589908749329,11.822329575952764,29.428341384863124,3.240740740740741,6.045356951154052,0.7917337627482555,
209,29.830917874396135,3.5829307568438002,5.850778314546431,9.728931830381105,11.77536231884058,29.186795491143318,3.240740740740741,6.011808910359635,0.7917337627482555,
210,30.267042404723565,3.5762211486849167,5.837359098228664,9.66183574879227,11.735104669887278,28.958668813741276,3.193773483628556,5.978260869565218,0.7917337627482555,
211,30.52200751476114,3.556092324208266,5.8172302737520125,9.50751476113795,11.694847020933977,28.83118625872249,3.3011272141706924,5.978260869565218,0.7917337627482555,
212,30.10601180891036,3.5426731078904994,5.776972624798712,10.218733225979603,11.574074074074074,28.576221148684915,3.388352120236178,6.025228126677402,0.7917337627482555,
213,29.904723564143854,3.488996242619431,5.790391841116479,10.030864197530864,13.741277509393452,27.100107353730543,3.0864197530864197,6.078904991948471,0.7783145464304885,
214,30.22007514761138,3.361513687600644,5.978260869565218,9.990606548577563,13.627214170692431,26.898819108964037,3.066290928609769,6.078904991948471,0.7783145464304885,
215,30.535426731078903,3.361513687600644,5.9514224369296835,9.957058507783145,13.573537305421363,26.77133655394525,3.066290928609769,6.011808910359635,0.7716049382716049,
216,30.911164787976382,3.3548040794417604,5.9514224369296835,9.943639291465379,13.446054750402576,26.56333870101986,3.066290928609769,5.991680085882985,0.7716049382716049,
217,30.991680085882983,3.3548040794417604,5.904455179817498,10.185185185185185,13.311862587224907,26.133923778851315,3.166935050993022,6.239935587761675,0.7112184648416533,
218,31.253354804079443,3.3548040794417604,5.877616747181965,10.144927536231885,13.43263553408481,25.93263553408481,3.166935050993022,6.125872249060655,0.7112184648416533,
219,31.374127750939344,3.3548040794417604,5.857487922705314,9.782608695652174,14.06333870101986,25.751476113794954,3.0327428878153517,6.099033816425121,0.6843800322061192,
220,31.642512077294686,3.3548040794417604,5.810520665593129,9.749060654857756,13.935856146001074,25.72463768115942,3.0327428878153517,6.0654857756307035,0.6843800322061192,
221,31.870638754696724,3.3548040794417604,5.803811057434245,9.742351046698873,13.83521202361782,25.617283950617285,3.0327428878153517,6.0587761674718195,0.6843800322061192,
222,32.045088566827694,3.3279656468062266,5.803811057434245,9.688674181427805,13.808373590982287,25.55018786902845,3.0327428878153517,6.0587761674718195,0.6843800322061192,
223,32.25308641975309,3.3145464304884595,5.857487922705314,9.950348899624261,13.66076221148685,25.369028448738593,3.026033279656468,5.884326355340848,0.6843800322061192,
224,31.97128287707998,3.294417606011809,6.125872249060655,9.896672034353195,14.076757917337627,25.147611379495437,2.9924852388620504,5.810520665593129,0.6843800322061192,
225,32.33360171765969,3.0059044551798175,6.0654857756307035,9.789318303811058,13.714439076757918,25.006709608158882,3.2340311325818574,6.172839506172839,0.6776704240472357,
226,32.367149758454104,3.0059044551798175,5.8239398819108965,9.75577026301664,14.512882447665056,24.46323134728932,3.2206119162640903,6.172839506172839,0.6776704240472357,
227,32.51476113794954,3.0059044551798175,5.924584004294149,9.614868491680086,14.264626945786366,24.094202898550726,3.629898013955985,6.105743424584004,0.8454106280193237,
228,32.971014492753625,2.9924852388620504,5.917874396135265,9.54777241009125,14.103596349973161,23.95330112721417,3.603059581320451,6.072195383789587,0.8387010198604401,
229,33.5077831454643,2.9790660225442833,5.870907139023081,9.494095544820183,14.009661835748792,23.678207192699947,3.589640365002684,6.052066559312936,0.8185721953837896,
230,33.675523349436396,2.945517981749866,5.9447128287707995,9.796027911969942,13.808373590982287,23.523886205045624,3.569511540526033,5.917874396135265,0.8185721953837896,
231,33.93719806763285,2.9253891572732154,5.9447128287707995,9.77589908749329,13.781535158346752,23.403113258185723,3.515834675254965,5.897745571658615,0.8185721953837896,
232,34.366612989801396,2.8515834675254963,5.9447128287707995,9.681964573268921,13.6406333870102,23.32259796027912,3.502415458937198,5.870907139023081,0.8185721953837896,
233,34.64170692431562,2.831454643048846,5.917874396135265,9.668545356951155,13.607085346215781,23.275630703166936,3.475577026301664,5.810520665593129,0.7716049382716049,
234,34.95034889962426,2.831454643048846,5.917874396135265,9.614868491680086,13.305152979066023,23.17498658078368,3.4688674181427803,5.803811057434245,0.9326355340848095,
235,35.11808910359635,2.818035426731079,5.897745571658615,9.574610842726784,13.036768652710682,23.047504025764894,3.8177670424047236,5.756843800322061,0.9326355340848095,
236,35.29253891572732,2.8113258185721954,6.038647342995169,9.608158883521202,12.97638217928073,22.84621578099839,3.8177670424047236,5.676328502415459,0.9326355340848095,
237,35.55421363392378,2.8113258185721954,6.038647342995169,9.5276435856146,12.93612453032743,22.758990874932906,3.797638217928073,5.662909286097692,0.9125067096081588,
