,45,50,51,55,53,52,54,57,58,56,59
0,99.71148684916801,0.2885131508319914,,,,,,,,,
1,57.870370370370374,38.92914653784219,3.126677402039721,0.07380568974771873,,,,,,,
2,57.709339774557165,39.04320987654321,3.126677402039721,0.12077294685990338,,,,,,,
3,50.758185721953836,45.813204508856685,3.1736446591519054,0.2549651100375738,,,,,,,
4,50.32206119162641,43.183038110574344,3.1602254428341383,0.5032206119162641,2.831454643048846,,,,,,
5,47.356414385399894,45.34353193773484,3.2675791733762747,0.5032206119162641,2.831454643048846,0.644122383252818,0.05367686527106817,,,,
6,46.846484165324746,45.853462157809986,3.2675791733762747,0.5032206119162641,2.831454643048846,0.644122383252818,0.05367686527106817,,,,
7,39.741009125067094,52.38191089640365,3.240740740740741,0.48980139559849706,2.831454643048846,0.644122383252818,0.6709608158883521,,,,
8,39.88191089640365,51.81830381105743,3.240740740740741,0.9125067096081588,2.831454643048846,0.644122383252818,0.6709608158883521,,,,
9,35.78234031132582,57.2866344605475,3.240740740740741,0.8185721953837896,2.8113258185721954,0.020128824476650563,0.040257648953301126,,,,
10,32.15244229736983,60.80246913580247,3.240740740740741,0.9326355340848095,2.8113258185721954,0.020128824476650563,0.040257648953301126,,,,
11,25.107353730542137,65.9151905528717,3.3816425120772946,2.38191089640365,2.4691358024691357,0.020128824476650563,0.040257648953301126,0.5636070853462157,0.12077294685990338,,
12,25.315351583467525,65.50590445517982,3.3816425120772946,2.61003757380569,2.4691358024691357,0.020128824476650563,0.040257648953301126,0.5367686527106817,0.12077294685990338,,
13,25.02012882447665,64.87520128824477,3.5963499731615673,2.5697799248523885,2.4691358024691357,0.7716049382716049,0.040257648953301126,0.5367686527106817,0.12077294685990338,,
14,24.711486849168008,62.68115942028985,4.019055287171229,4.53569511540526,2.4691358024691357,0.7716049382716049,0.15432098765432098,0.5367686527106817,0.12077294685990338,,
15,24.765163714439076,62.42619431025228,4.019055287171229,4.53569511540526,2.61003757380569,0.7716049382716049,0.24154589371980675,0.5099302200751477,0.12077294685990338,,
16,25.288513150831992,61.131239935587764,4.019055287171229,5.448201825013419,2.4691358024691357,0.7716049382716049,0.24154589371980675,0.5099302200751477,0.12077294685990338,,
17,25.348899624261943,60.889694041867955,4.019055287171229,5.562265163714439,2.4557165861513686,0.7716049382716049,0.322061191626409,0.5099302200751477,0.12077294685990338,,
18,24.349168008588297,56.92431561996779,8.984165324745035,5.562265163714439,2.4557165861513686,0.7716049382716049,0.322061191626409,0.5099302200751477,0.12077294685990338,,
19,24.476650563607084,54.13311862587225,8.668813741277509,8.541331186258722,2.4557165861513686,0.7716049382716049,0.322061191626409,0.5099302200751477,0.12077294685990338,,
20,22.81266774020397,45.55823939881911,19.692699946323135,8.145464304884594,2.3617820719269993,0.47638217928073,0.322061191626409,0.5099302200751477,0.12077294685990338,,
21,22.920021470746107,45.35024154589372,19.249865807836823,8.232689210950081,2.3617820719269993,0.47638217928073,0.322061191626409,0.5099302200751477,0.12077294685990338,0.4562533548040794,
22,22.309447128287708,38.35882984433709,19.196188942565755,6.629092860976919,2.3617820719269993,9.816156736446592,0.28180354267310787,0.46967257112184646,0.12077294685990338,0.4562533548040794,
23,22.31615673644659,38.52657004830918,19.07541599570585,6.629092860976919,2.3617820719269993,9.64170692431562,0.28180354267310787,0.46967257112184646,0.12077294685990338,0.5770263016639828,
24,21.410359634997317,36.68142780461621,22.564412238325282,6.716317767042405,2.301395598497048,9.16532474503489,0.28180354267310787,0.46967257112184646,0.17444981213097155,0.23483628556092323,
25,21.443907675791735,36.460010735373054,22.289318303811058,7.078636607622115,2.3349436392914655,9.004294149221685,0.28180354267310787,0.6977992485238862,0.17444981213097155,0.23483628556092323,
26,12.506709608158884,52.234299516908216,18.256843800322063,5.776972624798712,1.2010198604401503,9.004294149221685,0.10735373054213634,0.5904455179817498,0.12077294685990338,0.20128824476650564,
27,12.486580783682234,49.932903918411164,21.68545356951154,4.790660225442834,1.2010198604401503,8.890230810520666,0.10735373054213634,0.7045088566827697,0.12077294685990338,0.08051529790660225,
28,12.681159420289855,49.79200214707461,21.511003757380568,4.790660225442834,1.2010198604401503,8.890230810520666,0.10735373054213634,0.7045088566827697,0.12077294685990338,0.20128824476650564,
29,12.795222758990874,49.71148684916801,21.450617283950617,4.790660225442834,1.2010198604401503,8.299785292538916,0.10735373054213634,1.2949543746645196,0.12077294685990338,0.2281266774020397,
30,11.634460547504025,47.698604401502955,23.79898013955985,5.609232420826624,1.2010198604401503,8.299785292538916,0.24825550187869028,1.2815351583467525,0.12077294685990338,0.10735373054213634,
31,11.75523349436393,47.54428341384863,23.772141706924316,5.6964573268921095,1.2010198604401503,8.272946859903382,0.24825550187869028,1.2815351583467525,0.12077294685990338,0.10735373054213634,
32,12.077294685990339,47.22222222222222,23.66478797638218,5.6964573268921095,1.2010198604401503,8.246108427267847,0.24825550187869028,1.415727321524423,0.12077294685990338,0.10735373054213634,
33,12.144390767579173,44.34380032206119,23.65136876006441,5.6964573268921095,1.2010198604401503,8.246108427267847,3.0730005367686526,1.415727321524423,0.12077294685990338,0.10735373054213634,
34,8.514492753623188,32.33360171765969,40.002683843263554,4.797369833601718,1.1540526033279657,8.454106280193237,2.965646806226516,1.3553408480944713,0.12077294685990338,0.2147074610842727,0.08722490606548577
35,8.648684916800859,32.19940955448202,39.774557165861516,4.797369833601718,1.1540526033279657,8.427267847557703,2.965646806226516,1.3553408480944713,0.12077294685990338,0.46967257112184646,0.08722490606548577
36,8.863392377885132,30.810520665593128,36.30568974771873,4.797369833601718,5.911164787976382,8.393719806763285,2.965646806226516,1.2815351583467525,0.12077294685990338,0.46296296296296297,0.08722490606548577
37,9.111647879763822,30.58239398819109,35.99704777241009,4.7101449275362315,5.857487922705314,8.28636607622115,3.2340311325818574,1.2815351583467525,0.12077294685990338,0.7313472893183038,0.08722490606548577
38,9.4873859366613,30.555555555555557,35.72866344605475,4.696725711218465,5.964841653247451,8.232689210950081,3.113258185721954,1.2815351583467525,0.12077294685990338,0.7313472893183038,0.08722490606548577
39,9.675254965110037,30.246913580246915,35.668276972624795,4.911433172302737,5.964841653247451,8.225979602791197,3.113258185721954,1.2546967257112185,0.12077294685990338,0.7313472893183038,0.08722490606548577
40,9.782608695652174,25.5703166935051,35.31266774020397,5.971551261406334,11.66129898013956,8.225979602791197,1.2815351583467525,1.2546967257112185,0.12077294685990338,0.8185721953837896,
41,8.735909822866345,24.349168008588297,45.56494900697799,4.1532474503489,11.493558776167472,3.1870638754696725,1.247987117552335,0.4294149221685454,0.12077294685990338,0.7179280730005367,
42,9.01100375738057,23.89291465378422,45.34353193773484,4.64975845410628,11.41304347826087,3.1736446591519054,1.247987117552335,0.4294149221685454,0.12077294685990338,0.7179280730005367,
43,8.917069243156199,23.89291465378422,44.87385936661299,5.615942028985507,11.20504562533548,3.1736446591519054,1.247987117552335,0.28180354267310787,0.07380568974771873,0.7179280730005367,
44,9.01100375738057,20.88030059044552,44.69940955448202,5.535426731078905,11.010466988727858,6.4412238325281805,1.247987117552335,0.28180354267310787,0.07380568974771873,0.8185721953837896,
45,9.145195920558239,20.699141170155663,41.5727321524423,5.669618894256575,10.581052066559312,8.970746108427267,1.247987117552335,0.4227053140096618,0.07380568974771873,1.6170155662909287,
46,9.762479871175524,19.840311325818572,41.2037037037037,6.387546967257112,10.534084809447128,8.789586688137414,1.247987117552335,0.4227053140096618,0.07380568974771873,1.737788513150832,
47,9.91009125067096,19.840311325818572,41.10305958132045,6.333870101986044,10.473698336017177,8.776167471819646,1.247987117552335,0.4227053140096618,0.15432098765432098,1.737788513150832,
48,10.091250670960816,19.685990338164252,40.89506172839506,6.595544820182502,10.473698336017177,8.695652173913043,1.247987117552335,0.4227053140096618,0.15432098765432098,1.737788513150832,
49,9.39345142243693,19.162640901771336,38.90230810520666,6.595544820182502,7.313472893183038,14.31159420289855,1.402308105206656,0.4227053140096618,0.15432098765432098,2.341653247450349,
50,9.131776704240472,17.954911433172303,36.78878153515835,6.541867954911433,7.25979602791197,18.00858829844337,1.3955984970477724,0.4227053140096618,0.15432098765432098,2.341653247450349,
51,9.27938808373591,17.66639828234031,35.94337090713902,6.360708534621578,7.152442297369833,17.867686527106816,2.7844873859366612,0.46967257112184646,0.15432098765432098,2.3215244229736984,
52,9.353193773483628,17.66639828234031,36.312399355877616,6.360708534621578,7.14573268921095,17.746913580246915,2.7844873859366612,0.46967257112184646,0.15432098765432098,2.006172839506173,
53,9.212292002147075,15.01610305958132,33.279656468062264,6.025228126677402,14.096886741814279,16.99543746645196,2.8784219001610305,0.46967257112184646,0.15432098765432098,1.8719806763285025,
54,9.353193773483628,14.97584541062802,33.17230273752013,6.025228126677402,11.90955448201825,19.732957595276435,2.2410091250670963,0.4562533548040794,0.15432098765432098,1.9793344068706387,
55,9.561191626409018,14.962426194310252,33.04482018250134,6.018518518518518,11.90955448201825,19.685990338164252,2.227589908749329,0.4562533548040794,0.15432098765432098,1.9793344068706387,
56,9.73564143853999,14.962426194310252,32.87707997852925,6.1862587224906065,11.889425657541599,19.330381105743424,2.227589908749329,0.5703166935050993,0.15432098765432098,2.0665593129361244,
57,9.829575952764358,14.318303811057435,32.8166935050993,5.475040257648954,11.493558776167472,19.142512077294686,3.5762211486849167,1.06682769726248,0.15432098765432098,2.1269457863660763,
58,10.21202361782072,14.318303811057435,32.749597423510465,5.4616210413311865,11.594202898550725,18.88083735909823,3.5426731078904994,1.06682769726248,0.15432098765432098,2.01959205582394,
59,9.608158883521202,14.143853998926463,29.066022544283413,5.367686527106817,11.506977992485238,23.564143853998928,3.7238325281803544,1.06682769726248,0.15432098765432098,1.7981749865807837,
60,9.930220075147611,14.06333870101986,28.743961352657006,5.642780461621041,11.399624261943103,23.369565217391305,3.7238325281803544,1.1876006441223832,0.15432098765432098,1.7847557702630166,
61,9.916800858829845,14.04320987654321,34.675254965110035,5.642780461621041,11.285560923242082,16.680085882984432,3.7037037037037037,1.4694041867954912,0.15432098765432098,2.428878153515835,
62,9.359903381642512,12.325550187869029,31.28690284487386,4.891304347826087,8.205850778314547,27.91867954911433,2.7509393451422435,1.3955984970477724,0.15432098765432098,1.710950080515298,
63,9.420289855072463,12.318840579710145,31.233225979602793,4.85775630703167,8.185721953837897,27.89855072463768,2.8247450348899625,1.3955984970477724,0.15432098765432098,1.710950080515298,
64,9.561191626409018,12.097423510466989,31.0252281266774,5.367686527106817,8.125335480407944,27.690552871712292,2.804616210413312,1.2815351583467525,0.2549651100375738,1.7914653784219001,
65,9.822866344605474,12.077294685990339,30.92458400429415,5.347557702630167,8.105206655931294,27.58990874932904,2.804616210413312,1.2815351583467525,0.2549651100375738,1.7914653784219001,
66,9.675254965110037,12.144390767579173,31.414385399892645,5.60252281266774,7.749597423510467,26.69753086419753,2.804616210413312,1.3352120236178207,0.2549651100375738,2.3215244229736984,
67,10.084541062801932,12.144390767579173,31.36070853462158,5.60252281266774,7.6623725174449815,26.42914653784219,2.804616210413312,1.3352120236178207,0.2549651100375738,2.3215244229736984,
68,10.72866344605475,12.117552334943639,31.186258722490606,5.589103596349974,7.6623725174449815,26.060118089103597,2.7979066022544283,1.328502415458937,0.2549651100375738,2.2745571658615136,
69,9.695383789586689,7.722758990874933,30.05233494363929,4.8443370907139025,6.91760601180891,34.90338164251208,2.7106816961889426,0.7045088566827697,0.17444981213097155,2.2745571658615136,
70,9.73564143853999,7.716049382716049,26.48953301127214,5.501878690284487,10.312667740203972,33.93048845947396,2.6838432635534084,1.0399892646269457,0.17444981213097155,2.4154589371980677,
71,9.520933977455716,7.199409554482019,26.41572732152442,5.562265163714439,11.285560923242082,33.742619431025226,2.6435856146001075,1.0399892646269457,0.17444981213097155,2.4154589371980677,
72,9.789318303811058,7.199409554482019,26.241277509393452,5.562265163714439,11.225174449812132,33.57487922705314,2.6435856146001075,1.0399892646269457,0.23483628556092323,2.4892646269457863,
73,9.970477724100913,7.199409554482019,26.019860440150296,5.562265163714439,11.16478797638218,33.561460010735374,2.6435856146001075,1.0399892646269457,0.23483628556092323,2.6033279656468062,
74,10.165056360708535,7.199409554482019,25.87895866881374,5.562265163714439,11.137949543746645,33.54804079441761,2.6435856146001075,1.0399892646269457,0.23483628556092323,2.589908749329039,
75,10.332796564680622,7.199409554482019,25.637412775093935,5.683038110574342,11.124530327428879,33.51449275362319,2.6435856146001075,1.0399892646269457,0.23483628556092323,2.589908749329039,
76,10.587761674718196,7.192699946323135,24.718196457326894,5.5689747718733225,11.399624261943103,32.59527643585615,4.052603327965647,0.9796027911969941,0.23483628556092323,2.6704240472356413,
77,10.326086956521738,6.830381105743425,20.78636607622115,5.233494363929147,8.07836822329576,40.92190016103059,3.938539989264627,0.8655394524959742,0.23483628556092323,2.7844873859366612,
78,10.473698336017177,6.776704240472356,20.779656468062264,5.287171229200215,8.07836822329576,40.84809447128288,3.938539989264627,0.8521202361782072,0.23483628556092323,2.7308105206655933,
79,10.72866344605475,6.749865807836822,20.69243156199678,5.287171229200215,8.05823939881911,40.58641975308642,3.938539989264627,0.8521202361782072,0.23483628556092323,2.871712292002147,
80,10.849436392914654,6.729736983360172,20.69243156199678,5.488459473966721,7.937466451959206,40.405260332796566,4.045893719806763,0.8521202361782072,0.23483628556092323,2.7643585614600106,
81,11.18491680085883,6.702898550724638,20.585077831454644,5.488459473966721,7.937466451959206,40.08990874932904,4.045893719806763,0.966183574879227,0.23483628556092323,2.7643585614600106,
82,11.533816425120772,6.702898550724638,20.491143317230275,5.475040257648954,8.55475040257649,39.04320987654321,4.045893719806763,1.1540526033279657,0.23483628556092323,2.7643585614600106,
83,11.178207192699947,6.166129898013956,24.44981213097155,5.555555555555555,8.55475040257649,36.09769189479334,4.032474503488996,1.0198604401502953,0.23483628556092323,2.7106816961889426,
84,11.480139559849706,6.246645195920558,24.214975845410628,5.555555555555555,8.55475040257649,35.601180891035966,4.032474503488996,1.2681159420289856,0.23483628556092323,2.8113258185721954,
85,11.654589371980677,6.226516371443908,23.95330112721417,5.542136339237788,8.548040794417606,35.218733225979605,3.965378421900161,1.4895330112721417,0.23483628556092323,3.166935050993022,
86,11.77536231884058,6.226516371443908,23.53059581320451,5.629361245303274,8.541331186258722,35.0979602791197,3.9586688137412773,1.4761137949543746,0.23483628556092323,3.5292538915727323,
87,11.79549114331723,6.179549114331723,23.255501878690286,5.83064949006978,9.426999463231347,34.11835748792271,3.9586688137412773,1.570048309178744,0.23483628556092323,3.629898013955985,
88,11.990069779924852,6.052066559312936,22.34970477724101,5.964841653247451,9.373322597960279,34.05126140633387,3.9586688137412773,1.570048309178744,0.23483628556092323,4.455179817498658,
89,12.130971551261407,6.052066559312936,22.34970477724101,5.917874396135265,9.433709071390231,34.024422973698336,3.851315083199141,1.570048309178744,0.23483628556092323,4.435050993022007,
90,12.466451959205582,5.958132045088567,22.25577026301664,5.938003220611916,9.346484165324744,33.863392377885134,3.851315083199141,1.6639828234031133,0.23483628556092323,4.42163177670424,
91,11.533816425120772,5.756843800322061,30.897745571658614,5.320719269994632,8.57487922705314,28.30112721417069,3.8714439076757916,1.2546967257112185,0.23483628556092323,4.253891572732153,
92,11.681427804616211,5.522007514761138,30.48845947396672,5.273752012882448,8.57487922705314,28.844605475040257,3.730542136339238,1.3955984970477724,0.23483628556092323,4.253891572732153,
93,11.976650563607086,5.441492216854535,30.340848094471284,5.273752012882448,8.561460010735374,28.844605475040257,3.717122920021471,1.3955984970477724,0.23483628556092323,4.213633923778851,
94,12.097423510466989,5.401234567901234,30.17981749865808,5.273752012882448,8.561460010735374,28.817767042404725,3.717122920021471,1.3955984970477724,0.23483628556092323,4.320987654320987,
95,12.104133118625873,5.35426731078905,30.099302200751477,5.495169082125604,8.55475040257649,28.690284487385938,3.7037037037037037,1.3754696725711217,0.23483628556092323,4.388083735909823,
96,12.4597423510467,5.300590445517981,29.757112184648417,5.495169082125604,8.548040794417606,28.690284487385938,3.7037037037037037,1.3754696725711217,0.23483628556092323,4.435050993022007,
97,12.23161567364466,5.253623188405797,35.50053676865271,5.293880837359098,8.407139023081053,24.20155662909286,3.6634460547504024,1.2546967257112185,0.23483628556092323,3.9586688137412773,
98,12.426194310252281,5.213365539452496,35.30595813204509,5.280461621041331,8.3467525496511,24.040526033279658,3.965378421900161,1.3821792807300053,0.23483628556092323,3.8043478260869565,
99,12.614063338701019,5.0993022007514766,35.08454106280193,5.723295759527644,8.091787439613526,23.906333870101985,3.9586688137412773,1.3754696725711217,0.46967257112184646,3.6768652710681695,
100,12.835480407944177,5.072463768115942,34.88325281803543,5.656199677938808,8.031400966183575,23.711755233494365,4.180085882984434,1.3620504562533549,0.39586688137412773,3.8714439076757916,
101,12.989801395598498,5.072463768115942,34.45383789586688,5.656199677938808,8.031400966183575,23.68491680085883,4.119699409554482,1.3620504562533549,0.39586688137412773,4.233762748255502,
102,13.24476650563607,5.072463768115942,33.53462157809984,5.810520665593129,8.031400966183575,23.658078368223297,4.1129898013955986,1.3620504562533549,0.39586688137412773,4.777241009125067,
103,13.56682769726248,5.072463768115942,33.319914117015564,5.763553408480945,8.031400966183575,23.49704777241009,4.0995705850778315,1.3620504562533549,0.39586688137412773,4.891304347826087,
104,13.734567901234568,5.052334943639291,33.15888352120236,5.763553408480945,7.977724100912507,23.2487922705314,4.0995705850778315,1.4626945786366077,0.39586688137412773,5.10601180891036,
105,13.18438003220612,4.757112184648417,32.30005367686527,5.662909286097692,7.977724100912507,25.44283413848631,4.388083735909823,1.3888888888888888,0.39586688137412773,4.502147074610843,
106,13.399087493290391,4.502147074610843,31.984702093397747,5.448201825013419,7.877079978529254,25.214707461084274,5.2066559312936125,1.4962426194310252,0.39586688137412773,4.4753086419753085,
107,13.573537305421363,4.448470209339774,31.95115405260333,5.515297906602254,7.863660762211487,25.194578636607623,5.119431025228127,1.482823403113258,0.39586688137412773,4.455179817498658,
108,13.627214170692431,4.448470209339774,31.924315619967793,5.501878690284487,7.863660762211487,25.181159420289855,5.119431025228127,1.482823403113258,0.39586688137412773,4.455179817498658,
109,13.862050456253355,4.441760601180891,31.696188942565755,5.58239398819109,7.729468599033816,25.06038647342995,5.119431025228127,1.4694041867954912,0.39586688137412773,4.643048845947397,
110,14.103596349973161,4.441760601180891,31.5150295222759,5.649490069779925,7.729468599033816,24.859098228663445,5.119431025228127,1.442565754159957,0.39586688137412773,4.74369296833065,
111,14.15727321524423,4.408212560386473,31.28690284487386,5.6964573268921095,7.514761137949543,24.778582930756844,5.193236714975845,1.442565754159957,0.5367686527106817,4.985238862050457,
112,14.103596349973161,4.361245303274289,29.918142780461622,5.797101449275362,7.37385936661299,26.382179280730007,5.193236714975845,1.556629092860977,0.6038647342995169,4.7101449275362315,
113,14.143853998926463,4.30756843800322,24.771873322597962,5.723295759527644,13.050187869028449,26.362050456253353,5.233494363929147,1.5365002683843263,0.6038647342995169,4.26731078904992,
114,13.94927536231884,3.4420289855072466,24.664519592055825,5.870907139023081,15.559581320450885,25.107353730542137,5.0993022007514766,1.5163714439076759,0.6038647342995169,4.186795491143317,
115,14.184111647879764,3.4286097691894795,24.537037037037038,5.870907139023081,15.49248523886205,24.966451959205582,5.0993022007514766,1.5029522275899088,0.6038647342995169,4.314278046162104,
116,14.17740203972088,3.421900161030596,24.060654857756308,5.776972624798712,15.546162104133119,24.416264090177133,5.0993022007514766,1.583467525496511,0.6038647342995169,5.314009661835748,
117,13.935856146001074,3.421900161030596,23.96672034353194,5.656199677938808,16.324476650563607,23.95330112721417,5.092592592592593,1.5633387010198605,0.6709608158883521,5.414653784219001,
118,14.083467525496511,3.4151905528717124,24.04723564143854,5.629361245303274,16.27079978529254,23.785560923242084,5.038915727321524,1.5633387010198605,0.6709608158883521,5.495169082125604,
119,14.264626945786366,3.3950617283950617,23.96672034353194,5.629361245303274,16.25738056897477,23.718464841653248,5.038915727321524,1.5633387010198605,0.6709608158883521,5.495169082125604,
120,14.459205582393988,3.3950617283950617,23.805689747718734,5.542136339237788,16.243961352657006,23.698336017176597,5.132850241545894,1.5633387010198605,0.6709608158883521,5.488459473966721,
121,14.969135802469136,3.3950617283950617,22.839506172839506,6.347289318303811,16.183574879227052,23.517176596886742,5.052334943639291,1.556629092860977,0.6709608158883521,5.387815351583468,0.08051529790660225
122,15.096618357487923,3.307836822329576,22.725442834138487,6.333870101986044,16.11647879763822,23.34272678475577,5.052334943639291,1.7981749865807837,0.644122383252818,5.501878690284487,0.08051529790660225
123,15.203972088030058,3.2675791733762747,22.074610842726784,6.387546967257112,17.72007514761138,23.255501878690286,3.9519592055823938,1.865271068169619,0.644122383252818,5.434782608695652,0.19457863660762212
124,15.297906602254429,3.2675791733762747,22.061191626409016,6.387546967257112,17.673107890499196,23.1682769726248,3.9519592055823938,1.865271068169619,0.6977992485238862,5.434782608695652,0.19457863660762212
125,15.405260332796564,3.2474503488996245,22.034353193773484,6.360708534621578,17.56575415995706,22.953569511540525,3.9519592055823938,2.033011272141707,0.8185721953837896,5.434782608695652,0.19457863660762212
126,15.26435856146001,3.2474503488996245,21.83977455716586,6.333870101986044,17.49194847020934,22.913311862587225,4.441760601180891,2.0263016639828235,0.8118625872249061,5.434782608695652,0.19457863660762212
127,14.781266774020397,3.9586688137412773,21.77938808373591,6.266774020397209,17.485238862050455,22.69189479334407,4.414922168545357,2.0128824476650564,0.8118625872249061,5.60252281266774,0.19457863660762212
128,15.01610305958132,3.9586688137412773,21.544551798174986,6.266774020397209,17.411433172302736,22.805958132045088,4.414922168545357,2.0128824476650564,0.8118625872249061,5.60252281266774,0.15432098765432098
129,15.157004830917874,3.911701556629093,21.544551798174986,6.219806763285024,17.163177670424048,22.805958132045088,4.461889425657541,1.9659151905528718,1.0332796564680622,5.58239398819109,0.15432098765432098
130,14.579978529253891,3.7573805689747717,23.617820719269993,6.045356951154052,17.19001610305958,21.906870638754697,4.320987654320987,1.9592055823939882,1.0332796564680622,5.434782608695652,0.15432098765432098
131,13.331991411701557,3.6902844873859366,32.90391841116479,5.9447128287707995,16.438539989264626,16.67337627482555,4.072732152442297,1.6841116478797638,1.0601180891035964,4.045893719806763,0.15432098765432098
132,13.425925925925926,3.670155662909286,31.816961889425656,5.83064949006978,17.357756307031668,16.545893719806763,4.072732152442297,1.6841116478797638,1.0601180891035964,4.38137412775094,0.15432098765432098
133,13.16425120772947,3.5762211486849167,32.11218464841653,5.810520665593129,17.317498658078367,16.42512077294686,4.126409017713366,1.6841116478797638,1.0601180891035964,4.569243156199678,0.15432098765432098
134,13.399087493290391,3.5762211486849167,31.76328502415459,5.783682232957595,17.14975845410628,16.358024691358025,4.126409017713366,1.7444981213097155,1.0601180891035964,4.884594739667204,0.15432098765432098
135,13.667471819645733,3.5762211486849167,31.588835212023618,5.783682232957595,17.14975845410628,16.317767042404725,4.092860976918948,1.7444981213097155,1.0601180891035964,4.871175523349437,0.14761137949543746
136,13.023349436392914,2.844873859366613,41.324476650563604,4.817498658078368,12.855609232420827,14.2914653784219,4.005636070853462,1.442565754159957,0.4562533548040794,4.797369833601718,0.14090177133655393
137,13.238056897477188,2.844873859366613,41.015834675254965,4.723564143853999,12.761674718196458,14.197530864197532,4.159957058507783,1.4358561460010735,0.4562533548040794,5.025496511003757,0.14090177133655393
138,13.439345142243694,2.844873859366613,40.92860976918948,4.7101449275362315,12.647611379495437,14.298174986580785,4.072732152442297,1.4358561460010735,0.4562533548040794,5.025496511003757,0.14090177133655393
139,13.560118089103597,2.8247450348899625,40.707192699946326,4.978529253891573,12.647611379495437,14.163982823403114,4.012345679012346,1.5499194847020934,0.4562533548040794,4.958400429414922,0.14090177133655393
140,13.466183574879228,2.7643585614600106,40.123456790123456,5.12614063338701,12.640901771336553,13.801663982823403,4.824208266237251,1.5499194847020934,0.4562533548040794,5.10601180891036,0.14090177133655393
141,13.88888888888889,2.7643585614600106,39.85507246376812,5.112721417069243,12.640901771336553,13.66076221148685,4.824208266237251,1.5499194847020934,0.4562533548040794,5.10601180891036,0.14090177133655393
142,13.922436929683306,2.7643585614600106,39.74771873322598,5.24020397208803,12.640901771336553,13.620504562533547,4.824208266237251,1.5499194847020934,0.4562533548040794,5.092592592592593,0.14090177133655393
143,13.955984970477724,2.7643585614600106,39.90874932903918,5.253623188405797,12.667740203972087,13.533279656468062,4.7101449275362315,1.5499194847020934,0.4562533548040794,5.0858829844337095,0.11406333870101985
144,13.848631239935587,2.4020397208803006,37.92941492216855,5.166398282340311,12.5,16.680085882984432,4.26731078904992,1.4224369296833066,0.4562533548040794,5.24020397208803,0.08722490606548577
145,14.023081052066559,2.4020397208803006,37.76838432635534,5.072463768115942,12.285292538915728,16.780730005367687,4.26731078904992,1.4895330112721417,0.4428341384863124,5.381105743424584,0.08722490606548577
146,14.163982823403114,2.4020397208803006,37.446323134728935,4.9718196457326895,12.385936661298981,16.6532474503489,4.253891572732153,1.6103059581320451,0.4428341384863124,5.58239398819109,0.08722490606548577
147,14.338432635534085,2.4020397208803006,37.37251744498121,4.9651100375738055,12.285292538915728,16.55931293612453,4.17337627482555,1.5767579173376274,0.5568974771873323,5.683038110574342,0.08722490606548577
148,14.553140096618357,2.328234031132582,37.265163714439076,4.944981213097155,12.285292538915728,16.545893719806763,4.17337627482555,1.5767579173376274,0.5568974771873323,5.683038110574342,0.08722490606548577
149,14.707461084272678,2.2745571658615136,36.99006977992485,5.01207729468599,12.211486849168008,16.51905528717123,4.17337627482555,1.5767579173376274,0.5568974771873323,5.891035963499732,0.08722490606548577
150,14.861782071927,2.2745571658615136,36.87600644122383,5.01207729468599,12.191358024691358,16.51905528717123,4.1532474503489,1.5767579173376274,0.5568974771873323,5.891035963499732,0.08722490606548577
151,15.049651100375739,2.2745571658615136,36.78878153515835,4.898013955984971,12.117552334943639,16.51905528717123,4.1532474503489,1.5767579173376274,0.5568974771873323,5.978260869565218,0.08722490606548577
152,15.331454643048845,2.073268921095008,36.533816425120776,4.609500805152979,12.117552334943639,16.451959205582394,4.736983360171766,1.5230810520665594,0.5568974771873323,5.978260869565218,0.08722490606548577
153,15.734031132581856,2.059849704777241,36.211755233494365,4.5960815888352125,12.04374664519592,16.284219001610307,4.730273752012883,1.4962426194310252,0.5568974771873323,6.199677938808374,0.08722490606548577
154,15.96886741814278,2.059849704777241,35.929951690821255,4.549114331723027,12.02361782071927,16.14331723027375,4.730273752012883,1.4962426194310252,0.5568974771873323,6.454643048845948,0.08722490606548577
155,16.150026838432634,2.059849704777241,34.534353193773484,4.549114331723027,11.896135265700483,16.14331723027375,6.1929683306494905,1.5096618357487923,0.5568974771873323,6.320450885668277,0.08722490606548577
156,16.150026838432634,2.046430488459474,33.63526570048309,5.280461621041331,11.896135265700483,15.613258185721953,6.213097155126141,1.5096618357487923,0.5568974771873323,7.011540526033279,0.08722490606548577
157,16.337895866881375,2.033011272141707,33.50107353730542,5.280461621041331,11.614331723027375,15.559581320450885,6.273483628556092,1.5029522275899088,0.6508319914117016,7.159151905528717,0.08722490606548577
158,15.841384863123993,1.8853998926462694,32.420826623725176,5.193236714975845,10.795759527643586,18.5654857756307,6.132581857219538,1.4895330112721417,0.6508319914117016,6.937734836285561,0.08722490606548577
159,15.854804079441761,1.8786902844873858,32.139023081052066,5.193236714975845,10.715244229736983,18.364197530864196,6.132581857219538,1.4895330112721417,0.6508319914117016,7.494632313472893,0.08722490606548577
160,16.10305958132045,1.8786902844873858,31.884057971014492,5.112721417069243,10.433440687063875,18.337359098228664,6.374127750939345,1.5499194847020934,0.6172839506172839,7.62211486849168,0.08722490606548577
161,16.183574879227052,1.8786902844873858,31.796833064949006,5.10601180891036,10.433440687063875,18.290391841116477,6.374127750939345,1.5432098765432098,0.6172839506172839,7.689210950080516,0.08722490606548577
162,15.921900161030596,1.865271068169619,35.970209339774556,4.367954911433173,10.111379495437467,15.908480944712828,6.280193236714976,1.4224369296833066,0.6172839506172839,7.447665056360709,0.08722490606548577
163,16.015834675254965,1.865271068169619,34.46054750402576,4.3545356951154055,10.82259796027912,15.727321524422974,5.850778314546431,1.4224369296833066,0.5971551261406334,8.796296296296296,0.08722490606548577
164,16.21712292002147,1.8518518518518519,34.312936124530324,4.327697262479871,10.762211486849168,15.70048309178744,5.850778314546431,1.4224369296833066,0.5971551261406334,8.870101986044014,0.08722490606548577
165,16.404991948470208,1.8250134192163177,34.10493827160494,4.2203435319377345,10.983628556092324,15.673644659151906,5.850778314546431,1.4224369296833066,0.5971551261406334,8.829844337090714,0.08722490606548577
166,16.49892646269458,1.8250134192163177,33.91035963499731,4.49543746645196,10.916532474503489,15.593129361245303,5.837359098228664,1.4224369296833066,0.5971551261406334,8.816425120772946,0.08722490606548577
167,16.80756843800322,1.8250134192163177,33.756038647343,4.562533548040794,10.82259796027912,15.633387010198604,5.709876543209877,1.4224369296833066,0.5971551261406334,8.776167471819646,0.08722490606548577
168,17.01556629092861,1.8250134192163177,33.53462157809984,4.636339237788513,10.809178743961352,15.613258185721953,5.709876543209877,1.4224369296833066,0.5971551261406334,8.749329039184111,0.08722490606548577
169,16.894793344068706,1.8250134192163177,33.52120236178207,4.770531400966184,10.809178743961352,15.559581320450885,5.803811057434245,1.402308105206656,0.5971551261406334,8.729200214707461,0.08722490606548577
170,17.337627482555018,1.8250134192163177,33.28636607622115,4.891304347826087,10.748792270531402,15.331454643048845,5.723295759527644,1.402308105206656,0.5971551261406334,8.769457863660762,0.08722490606548577
171,17.102791196994094,1.8115942028985508,32.340311325818575,4.790660225442834,10.621309715512615,17.236983360171767,5.35426731078905,1.402308105206656,0.5971551261406334,8.655394524959743,0.08722490606548577
172,17.518786902844873,1.8115942028985508,32.045088566827694,4.777241009125067,10.560923242082662,17.07595276435856,5.314009661835748,1.402308105206656,0.5971551261406334,8.809715512614064,0.08722490606548577
173,17.122920021470748,1.7981749865807837,31.353998926462694,4.824208266237251,7.494632313472893,20.665593129361245,5.307300053676865,1.3352120236178207,0.5032206119162641,9.50751476113795,0.08722490606548577
174,17.310789049919485,1.7981749865807837,31.233225979602793,4.904723564143854,7.494632313472893,20.316693505099302,5.307300053676865,1.3352120236178207,0.5032206119162641,9.708803005904455,0.08722490606548577
175,17.56575415995706,1.7914653784219001,31.166129898013956,4.904723564143854,7.4208266237251745,20.283145464304884,5.287171229200215,1.3352120236178207,0.5032206119162641,9.655126140633387,0.08722490606548577
176,17.56575415995706,1.7914653784219001,31.07890499194847,5.71658615136876,7.326892109500805,19.57192699946323,5.287171229200215,1.4224369296833066,0.5032206119162641,9.648416532474503,0.08722490606548577
177,17.746913580246915,1.7914653784219001,30.877616747181964,5.71658615136876,7.286634460547504,19.538378958668815,5.273752012882448,1.4224369296833066,0.5032206119162641,9.75577026301664,0.08722490606548577
178,17.753623188405797,1.7914653784219001,30.689747718733226,6.300322061191626,7.239667203435319,19.129092860976918,5.307300053676865,1.482823403113258,0.5032206119162641,9.71551261406334,0.08722490606548577
179,18.317230273752013,1.7914653784219001,30.334138486312398,6.132581857219538,7.6556629092860975,18.92109500805153,5.414653784219001,1.4761137949543746,0.5032206119162641,9.366612989801396,0.08722490606548577
180,18.344068706387546,1.778046162104133,30.17981749865808,6.052066559312936,7.917337627482555,18.51851851851852,6.172839506172839,1.4761137949543746,0.5032206119162641,8.970746108427267,0.08722490606548577
181,18.45813204508857,1.778046162104133,30.07246376811594,6.045356951154052,7.897208803005904,18.511808910359633,6.172839506172839,1.5230810520665594,0.5032206119162641,8.950617283950617,0.08722490606548577
182,18.874127750939344,1.778046162104133,29.790660225442835,6.159420289855072,7.796564680622652,18.417874396135264,6.085614600107354,1.4962426194310252,0.5032206119162641,9.01100375738057,0.08722490606548577
183,18.887546967257112,1.778046162104133,29.696725711218466,6.226516371443908,7.796564680622652,18.337359098228664,6.246645195920558,1.4962426194310252,0.5032206119162641,8.943907675791733,0.08722490606548577
184,19.14922168545357,1.778046162104133,29.59608158883521,6.233225979602791,8.011272141706923,18.00187869028449,6.286902844873859,1.4962426194310252,0.48980139559849706,8.870101986044014,0.08722490606548577
185,19.129092860976918,1.778046162104133,29.49543746645196,6.387546967257112,7.971014492753623,17.840848094471284,6.280193236714976,1.5499194847020934,0.48980139559849706,8.99087493290392,0.08722490606548577
186,19.316961889425656,1.7646269457863661,29.200214707461082,6.749865807836822,7.87037037037037,17.693236714975846,6.340579710144928,1.5230810520665594,0.4562533548040794,8.997584541062801,0.08722490606548577
187,19.30354267310789,1.7646269457863661,28.938539989264626,7.071926999463232,7.87037037037037,17.693236714975846,6.246645195920558,1.5230810520665594,0.4562533548040794,8.964036500268385,0.16774020397208803
188,18.035426731078903,1.7646269457863661,28.08641975308642,6.944444444444445,7.890499194847021,21.591519055287172,5.347557702630167,1.4559849704777241,0.4562533548040794,8.259527643585615,0.16774020397208803
189,17.881105743424584,1.7646269457863661,26.590177133655395,6.937734836285561,7.890499194847021,23.926462694578635,5.347557702630167,1.4559849704777241,0.4562533548040794,7.581857219538379,0.16774020397208803
190,18.19645732689211,1.7646269457863661,26.455984970477726,6.904186795491143,7.890499194847021,23.778851315083198,5.320719269994632,1.4559849704777241,0.4562533548040794,7.608695652173913,0.16774020397208803
191,18.38432635534085,1.7646269457863661,26.39559849704777,6.843800322061192,7.890499194847021,23.778851315083198,5.320719269994632,1.4559849704777241,0.4562533548040794,7.541599570585078,0.16774020397208803
192,18.57890499194847,1.7646269457863661,26.31508319914117,6.843800322061192,7.843531937734836,23.738593666129898,5.320719269994632,1.4358561460010735,0.4562533548040794,7.5348899624261945,0.16774020397208803
193,18.90096618357488,1.751207729468599,26.20101986044015,6.776704240472356,7.830112721417069,23.47691894793344,5.320719269994632,1.482823403113258,0.4562533548040794,7.635534084809447,0.16774020397208803
194,19.02173913043478,1.751207729468599,25.946054750402578,6.769994632313473,7.729468599033816,23.443370907139023,5.401234567901234,1.6841116478797638,0.4562533548040794,7.628824476650563,0.16774020397208803
195,19.330381105743424,1.7444981213097155,25.85212023617821,6.8035426731078905,7.695920558239399,23.081052066559312,5.589103596349974,1.8115942028985508,0.4428341384863124,7.481213097155126,0.16774020397208803
196,19.672571121846484,1.7444981213097155,25.140901771336555,6.884057971014493,7.7361782071927,22.913311862587225,5.589103596349974,1.6774020397208802,0.4428341384863124,8.031400966183575,0.16774020397208803
197,19.900697799248523,1.7444981213097155,25.07380568974772,6.857219538378959,7.75630703166935,22.873054213633925,5.475040257648954,1.6774020397208802,0.4428341384863124,8.031400966183575,0.16774020397208803
198,20.202630166398283,1.7444981213097155,24.188137412775095,7.856951154052603,7.669082125603865,22.77241009125067,5.394524959742351,1.6505636070853462,0.4294149221685454,7.924047235641439,0.16774020397208803
199,20.263016639828233,1.7444981213097155,23.91304347826087,8.158883521202362,7.648953301127214,22.75228126677402,5.414653784219001,1.6170155662909287,0.4294149221685454,7.890499194847021,0.16774020397208803
200,20.551529790660226,1.7444981213097155,23.852657004830917,8.145464304884594,7.648953301127214,22.544283413848632,5.414653784219001,1.6103059581320451,0.4294149221685454,7.890499194847021,0.16774020397208803
201,20.578368223295758,1.7444981213097155,23.825818572195384,8.145464304884594,7.648953301127214,22.544283413848632,5.414653784219001,1.6103059581320451,0.4294149221685454,7.890499194847021,0.16774020397208803
202,20.44417606011809,1.7444981213097155,23.409822866344605,7.877079978529254,6.884057971014493,24.18142780461621,5.4616210413311865,1.5096618357487923,0.4294149221685454,7.890499194847021,0.16774020397208803
203,20.779656468062264,1.7444981213097155,23.262211486849168,7.803274288781535,6.944444444444445,24.04723564143854,5.4616210413311865,1.5096618357487923,0.4294149221685454,7.85024154589372,0.16774020397208803
204,20.90042941492217,1.724369296833065,23.03408480944713,7.890499194847021,6.944444444444445,23.872785829307567,5.4616210413311865,1.5096618357487923,0.4294149221685454,8.064949006977992,0.16774020397208803
205,20.9272678475577,1.724369296833065,23.09447128287708,7.863660762211487,6.944444444444445,23.872785829307567,5.421363392377885,1.5096618357487923,0.4294149221685454,8.044820182501342,0.16774020397208803
