,45,50,54,55,52,51,53,56,57,58,59
0,99.76516371443908,0.23483628556092323,,,,,,,,,
1,95.42404723564144,4.575952764358561,,,,,,,,,
2,94.22973698336017,5.770263016639828,,,,,,,,,
3,90.25093934514224,9.749060654857756,,,,,,,,,
4,77.70397208803006,22.29602791196994,,,,,,,,,
5,77.76435856146001,21.973966720343533,0.2616747181964573,,,,,,,,
6,77.73752012882447,21.886741814278047,0.2616747181964573,0.11406333870101985,,,,,,,
7,76.79817498658079,22.7187332259796,0.2616747181964573,0.11406333870101985,0.10735373054213634,,,,,,
8,68.96135265700484,30.340848094471284,0.2616747181964573,0.11406333870101985,0.1878690284487386,0.13419216317767044,,,,,
9,68.53864734299516,26.96591519055287,0.3421900161030596,0.10735373054213634,0.2683843263553409,2.49597423510467,1.2815351583467525,,,,
10,66.72705314009661,28.77750939345142,0.4830917874396135,0.10735373054213634,0.2683843263553409,2.3550724637681157,1.2815351583467525,,,,
11,66.76731078904992,28.73725174449812,0.4830917874396135,0.10735373054213634,0.2683843263553409,2.3550724637681157,1.2815351583467525,,,,
12,66.70692431561997,26.52308105206656,0.47638217928073,0.05367686527106817,0.2683843263553409,4.549114331723027,1.2681159420289856,0.15432098765432098,,,
13,61.07085346215781,32.045088566827694,0.630703166935051,0.05367686527106817,0.24154589371980675,4.549114331723027,1.2681159420289856,0.14090177133655393,,,
14,60.11137949543747,30.441492216854535,0.7246376811594203,0.05367686527106817,0.24154589371980675,7.286634460547504,0.9997316156736447,0.14090177133655393,,,
15,59.72222222222222,30.9044551798175,0.7246376811594203,0.05367686527106817,0.24154589371980675,7.246376811594203,0.966183574879227,0.14090177133655393,,,
16,57.669082125603865,30.683038110574344,0.9997316156736447,0.05367686527106817,2.6502952227589907,6.877348362855609,0.9259259259259259,0.14090177133655393,,,
17,54.95840042941492,31.850509930220074,0.9997316156736447,0.05367686527106817,2.6502952227589907,8.09849704777241,1.247987117552335,0.14090177133655393,,,
18,54.710144927536234,31.769994632313473,1.1137949543746646,0.27509393451422437,2.6502952227589907,8.091787439613526,1.247987117552335,0.14090177133655393,,,
19,43.954643048845945,40.41196994095545,0.5166398282340311,0.322061191626409,8.132045088566828,5.414653784219001,1.0399892646269457,0.14090177133655393,0.06709608158883522,,
20,44.135802469135804,40.01610305958132,0.6977992485238862,0.322061191626409,8.192431561996779,5.394524959742351,1.0332796564680622,0.14090177133655393,0.06709608158883522,,
21,43.63258185721954,39.65378421900161,0.6977992485238862,0.322061191626409,9.16532474503489,5.35426731078905,1.0332796564680622,0.14090177133655393,,,
22,38.61379495437466,44.10896403650027,0.9728931830381106,0.4562533548040794,9.339774557165862,5.3341384863123995,1.0332796564680622,0.14090177133655393,,,
23,38.66747181964573,40.66022544283414,1.3150831991411702,0.7648953301127214,9.252549651100376,5.3341384863123995,3.864734299516908,0.14090177133655393,,,
24,39.01637144390767,40.465646806226516,1.3150831991411702,0.7648953301127214,9.098228663446054,5.3341384863123995,3.864734299516908,0.14090177133655393,,,
25,28.864734299516908,46.18894256575416,0.8722490606548577,0.5233494363929146,12.130971551261407,7.595276435856146,3.683574879227053,0.14090177133655393,,,
26,28.985507246376812,42.941492216854535,0.8722490606548577,0.5904455179817498,15.291196994095545,7.5281803542673105,3.6500268384326353,0.14090177133655393,,,
27,29.20692431561997,42.914653784219,0.9594739667203436,0.5904455179817498,15.170424047235642,7.380568974771873,3.6366076221148687,0.14090177133655393,,,
28,29.32769726247987,42.74691358024691,1.0869565217391304,0.5904455179817498,15.116747181964573,7.353730542136339,3.6366076221148687,0.14090177133655393,,,
29,29.69001610305958,42.50536768652711,1.0869565217391304,0.6843800322061192,14.949006977992486,7.300053676865271,3.5829307568438002,0.14090177133655393,0.06038647342995169,,
30,29.656468062265162,39.25791733762748,1.0869565217391304,0.7447665056360708,11.77536231884058,15.5126140633387,1.5230810520665594,0.24825550187869028,0.14090177133655393,0.05367686527106817,
31,25.281803542673106,30.059044551798173,1.0265700483091786,2.0665593129361244,10.520665593129362,28.69699409554482,1.4090177133655395,0.8051529790660226,0.08051529790660225,0.05367686527106817,
32,24.282071926999464,31.219806763285025,1.0265700483091786,2.5161030595813205,10.151637144390767,28.462157809983896,1.402308105206656,0.8051529790660226,0.08051529790660225,0.05367686527106817,
33,23.523886205045624,32.13231347289318,1.0265700483091786,2.5563607085346214,10.02415458937198,28.16022544283414,1.402308105206656,1.0399892646269457,0.08051529790660225,0.05367686527106817,
34,23.32259796027912,30.555555555555557,0.7179280730005367,2.5563607085346214,9.970477724100913,30.24020397208803,1.402308105206656,1.0399892646269457,0.14761137949543746,0.04696725711218465,
35,23.72517444981213,30.132850241545892,0.7179280730005367,2.7777777777777777,9.943639291465379,29.696725711218466,1.402308105206656,1.4090177133655395,0.14761137949543746,0.04696725711218465,
36,24.248523886205046,29.99194847020934,0.7179280730005367,2.7442297369833604,9.762479871175524,29.341116478797638,1.402308105206656,1.6639828234031133,0.08051529790660225,0.04696725711218465,
37,24.738325281803544,29.71014492753623,0.8387010198604401,2.7308105206655933,9.648416532474503,29.139828234031132,1.402308105206656,1.6639828234031133,0.08051529790660225,0.04696725711218465,
38,19.43102522812668,46.282877079978526,0.8252818035426731,3.193773483628556,9.447128287707997,18.4849704777241,1.3620504562533549,0.8454106280193237,0.08051529790660225,0.04696725711218465,
39,17.022275899087493,40.88835212023618,1.42914653784219,2.9388083735909825,8.816425120772946,27.49597423510467,0.43612453032742887,0.8454106280193237,0.08051529790660225,0.04696725711218465,
40,17.183306494900698,40.754159957058505,1.42914653784219,2.9388083735909825,8.816425120772946,26.798174986580783,0.41599570585077833,1.5365002683843263,0.08051529790660225,0.04696725711218465,
41,17.52549651100376,40.5931293612453,1.3687600644122384,2.932098765432099,8.769457863660762,26.73107890499195,0.41599570585077833,1.5365002683843263,0.08051529790660225,0.04696725711218465,
42,17.74020397208803,40.445517981749866,1.9927536231884058,3.0193236714975846,8.715780998389693,25.95276435856146,0.41599570585077833,1.5901771336553945,0.08051529790660225,0.04696725711218465,
43,18.19645732689211,39.60010735373054,2.13365539452496,3.475577026301664,8.608427267847558,25.771604938271604,0.41599570585077833,1.570048309178744,0.18115942028985507,0.04696725711218465,
44,18.833870101986044,39.170692431561996,2.120236178207193,3.5225442834138487,8.59500805152979,25.53676865271068,0.46967257112184646,1.5230810520665594,0.18115942028985507,0.04696725711218465,
45,19.363929146537842,36.9699409554482,2.677133655394525,3.3413848631239937,8.561460010735374,24.738325281803544,2.5966183574879227,1.5230810520665594,0.18115942028985507,0.04696725711218465,
46,19.692699946323135,36.66800858829844,2.7643585614600106,3.3682232957595275,8.561460010735374,24.62426194310252,2.5697799248523885,1.5230810520665594,0.18115942028985507,0.04696725711218465,
47,20.02818035426731,36.33252818035427,2.7643585614600106,3.5762211486849167,8.447396672034353,24.496779388083738,2.5295222758990876,1.5230810520665594,0.18115942028985507,0.12077294685990338,
48,20.739398819108963,36.151368760064415,2.7241009125067097,3.603059581320451,8.28636607622115,24.14787976382179,2.5295222758990876,1.5230810520665594,0.17444981213097155,0.12077294685990338,
49,20.33011272141707,33.04482018250134,2.771068169618894,5.542136339237788,8.017981749865807,25.791733762748255,2.5295222758990876,1.6774020397208802,0.17444981213097155,0.12077294685990338,
50,20.645464304884594,32.588566827697264,2.6502952227589907,6.105743424584004,6.816961889425658,25.43612453032743,3.7573805689747717,1.7042404723564144,0.17444981213097155,0.12077294685990338,
51,20.967525496511005,32.22624798711755,2.8515834675254963,6.146001073537305,6.790123456790123,24.46323134728932,3.4621578099838968,2.7979066022544283,0.17444981213097155,0.12077294685990338,
52,20.189210950080515,32.76301663982824,2.8515834675254963,6.300322061191626,6.763285024154589,24.58400429414922,3.455448201825013,2.7979066022544283,0.17444981213097155,0.12077294685990338,
53,20.43075684380032,32.53488996242619,2.8515834675254963,6.360708534621578,6.843800322061192,24.315619967793882,3.44873859366613,2.918679549114332,0.17444981213097155,0.12077294685990338,
54,20.068438003220614,32.367149758454104,2.8515834675254963,6.608964036500268,7.615405260332796,24.000268384326354,3.180354267310789,3.012614063338701,0.17444981213097155,0.12077294685990338,
55,18.94122383252818,28.348094471282877,2.8247450348899625,5.683038110574342,5.401234567901234,32.420826623725176,3.1535158346752548,3.1333870101986045,0.0939345142243693,,
56,19.598765432098766,28.14009661835749,2.8247450348899625,5.810520665593129,5.347557702630167,31.984702093397747,2.932098765432099,3.1199677938808374,0.24154589371980675,,
57,20.001341921631777,27.938808373590984,2.8247450348899625,5.83064949006978,5.347557702630167,31.682769726247987,2.8515834675254963,3.2206119162640903,0.24154589371980675,,0.06038647342995169
58,20.25630703166935,27.657004830917874,2.8113258185721954,6.078904991948471,5.347557702630167,31.508319914117017,2.8515834675254963,3.1870638754696725,0.24154589371980675,,0.06038647342995169
59,20.652173913043477,27.536231884057973,2.965646806226516,8.319914117015566,5.3341384863123995,28.824476650563607,2.7777777777777777,3.294417606011809,0.23483628556092323,,0.06038647342995169
60,19.92753623188406,28.44873859366613,3.1065485775630703,8.53462157809984,5.320719269994632,28.5829307568438,2.6435856146001075,3.140096618357488,0.23483628556092323,,0.06038647342995169
61,20.558239398819108,28.25415995705851,3.066290928609769,8.53462157809984,5.320719269994632,28.032742887815353,2.623456790123457,3.321256038647343,0.2281266774020397,,0.06038647342995169
62,20.77294685990338,27.885131508319915,3.140096618357488,8.957326892109501,5.320719269994632,27.569779924852387,2.3752012882447664,3.6902844873859366,0.2281266774020397,,0.06038647342995169
63,21.256038647342994,27.26784755770263,3.2474503488996245,8.863392377885132,5.320719269994632,27.47584541062802,2.5161030595813205,3.683574879227053,0.2281266774020397,0.08051529790660225,0.06038647342995169
64,17.64626945786366,23.879495437466453,3.193773483628556,7.514761137949543,11.735104669887278,30.763553408480945,2.395330112721417,2.7106816961889426,0.12077294685990338,,0.040257648953301126
65,17.8743961352657,23.866076221148685,3.1468062265163717,7.105475040257649,13.506441223832528,29.240472356414386,2.395330112721417,2.703972088030059,0.12077294685990338,,0.040257648953301126
66,18.297101449275363,23.832528180354267,3.1468062265163717,7.018250134192163,13.372249060654857,29.09957058507783,2.368491680085883,2.703972088030059,0.12077294685990338,,0.040257648953301126
67,18.813741277509394,23.64465915190553,3.0730005367686526,6.977992485238862,13.291733762748256,28.931830381105744,2.341653247450349,2.7643585614600106,0.12077294685990338,,0.040257648953301126
68,18.82716049382716,22.638217928073,4.314278046162104,6.91760601180891,13.278314546430488,28.81105743424584,2.3349436392914655,2.717391304347826,0.12077294685990338,,0.040257648953301126
69,18.894256575415994,21.470746108427267,4.294149221685454,6.877348362855609,13.191089640365004,28.569511540526033,3.8378958668813743,2.703972088030059,0.12077294685990338,,0.040257648953301126
70,18.726516371443907,20.531400966183575,4.092860976918948,5.253623188405797,10.963499731615673,33.621846484165324,3.8378958668813743,2.703972088030059,0.2281266774020397,,0.040257648953301126
71,19.0150295222759,20.33011272141707,4.079441760601181,5.233494363929147,10.929951690821255,33.467525496511,3.978797638217928,2.6972624798711755,0.2281266774020397,,0.040257648953301126
72,19.45115405260333,20.061728395061728,4.193505099302201,5.233494363929147,10.903113258185721,33.15888352120236,3.938539989264627,2.791196994095545,0.2281266774020397,,0.040257648953301126
73,20.055018786902846,19.961084272678477,4.126409017713366,5.233494363929147,10.735373054213634,32.94417606011809,3.898282340311326,2.7777777777777777,0.2281266774020397,,0.040257648953301126
74,20.625335480407944,19.73966720343532,4.119699409554482,5.146269457863661,10.68840579710145,32.68250134192163,3.9720880300590444,2.757648953301127,0.2281266774020397,,0.040257648953301126
75,19.410896403650028,16.525764895330113,4.180085882984434,5.0791733762748255,16.63311862587225,31.736446591519055,3.408480944712829,2.757648953301127,0.2281266774020397,,0.040257648953301126
76,20.04830917874396,16.364734299516908,4.072732152442297,5.072463768115942,16.57944176060118,31.447933440687063,3.388352120236178,2.757648953301127,0.2281266774020397,,0.040257648953301126
77,20.336822329575952,16.35131508319914,4.032474503488996,5.038915727321524,16.53918411164788,31.293612453032743,3.388352120236178,2.7509393451422435,0.2281266774020397,,0.040257648953301126
78,19.806763285024154,15.713902308105206,3.7775093934514223,4.804079441760601,19.444444444444443,30.038915727321523,3.374932903918411,2.703972088030059,0.2952227589908749,,0.040257648953301126
79,19.90740740740741,15.693773483628556,3.656736446591519,4.690016103059581,19.410896403650028,30.340848094471284,3.2877079978529253,2.677133655394525,0.2952227589908749,,0.040257648953301126
80,19.639023081052066,15.546162104133119,3.388352120236178,4.8443370907139025,18.733225979602793,31.333870101986044,3.2877079978529253,2.8247450348899625,0.36231884057971014,,0.040257648953301126
81,18.874127750939344,13.647342995169081,2.737520128824477,4.636339237788513,17.485238862050455,36.16478797638218,3.280998389694042,2.771068169618894,0.36231884057971014,,0.040257648953301126
82,17.894524959742352,22.906602254428343,2.442297369833602,4.5960815888352125,17.310789049919485,28.884863123993558,3.2675791733762747,2.2946859903381642,0.36231884057971014,,0.040257648953301126
83,17.98174986580784,22.819377348362856,2.442297369833602,4.944981213097155,16.99543746645196,28.6231884057971,3.227321524422974,2.4221685453569513,0.5032206119162641,,0.040257648953301126
84,18.438003220611915,22.517444981213096,2.442297369833602,5.146269457863661,16.820987654320987,28.287707997852927,3.3816425120772946,2.4221685453569513,0.5032206119162641,,0.040257648953301126
85,18.833870101986044,22.423510466988727,2.442297369833602,5.059044551798175,16.70692431561997,28.20048309178744,3.3682232957595275,2.4221685453569513,0.5032206119162641,,0.040257648953301126
86,18.5252281266774,21.24932903918411,2.3483628556092326,4.918142780461621,20.02818035426731,26.623725174449813,3.3682232957595275,2.214170692431562,0.6843800322061192,,0.040257648953301126
87,19.202898550724637,21.061460010735374,2.3483628556092326,4.87788513150832,19.685990338164252,26.41572732152442,3.3548040794417604,2.328234031132582,0.6843800322061192,,0.040257648953301126
88,19.424315619967793,19.03515834675255,2.3483628556092326,4.864465915190553,19.41760601180891,26.261406333870102,5.595813204508857,2.328234031132582,0.6843800322061192,,0.040257648953301126
89,19.79334406870639,18.726516371443907,2.4557165861513686,4.884594739667204,19.182769726247987,25.979602791196996,5.535426731078905,2.717391304347826,0.6843800322061192,,0.040257648953301126
90,20.155662909286097,18.605743424584006,2.4490069779924855,4.958400429414922,19.082125603864736,25.811862587224905,5.515297906602254,2.717391304347826,0.6642512077294686,,0.040257648953301126
91,20.034889962426195,17.814009661835748,2.5295222758990876,5.233494363929147,21.64519592055824,23.825818572195384,5.495169082125604,2.717391304347826,0.6642512077294686,,0.040257648953301126
92,20.276435856146,17.632850241545892,2.5295222758990876,5.736714975845411,21.484165324745035,23.55072463768116,5.246913580246914,2.8381642512077296,0.6642512077294686,,0.040257648953301126
93,19.269994632313473,16.881374127750938,2.4221685453569513,5.434782608695652,21.014492753623188,25.315351583467525,6.112453032742888,2.8784219001610305,0.630703166935051,,0.040257648953301126
94,19.80005367686527,16.740472356414386,2.368491680085883,5.428073000536768,20.598497047772412,25.033548040794418,6.1862587224906065,2.965646806226516,0.8387010198604401,,0.040257648953301126
95,20.162372517444982,16.720343531937736,2.475845410628019,5.428073000536768,20.43075684380032,24.90606548577563,6.119162640901771,2.8784219001610305,0.8387010198604401,,0.040257648953301126
96,19.565217391304348,16.210413311862588,2.589908749329039,5.052334943639291,21.611647879763822,23.98684916800859,7.347020933977456,2.757648953301127,0.8387010198604401,,0.040257648953301126
97,19.826892109500804,16.17686527106817,2.589908749329039,5.052334943639291,21.464036500268385,23.866076221148685,7.4006977992485234,2.7442297369833604,0.8387010198604401,,0.040257648953301126
98,20.101986044015028,16.10305958132045,2.5563607085346214,5.038915727321524,21.32313472893183,22.987117552334944,8.071658615136876,2.9388083735909825,0.8387010198604401,,0.040257648953301126
99,20.46430488459474,15.874932903918411,2.690552871712292,5.0993022007514766,21.135265700483092,22.906602254428343,8.051529790660226,2.898550724637681,0.8387010198604401,,0.040257648953301126
100,20.571658615136876,15.821256038647343,2.6637144390767578,5.5756843800322065,21.007783145464305,22.530864197530864,8.051529790660226,2.898550724637681,0.8387010198604401,,0.040257648953301126
101,20.665593129361245,16.035963499731615,2.771068169618894,5.5756843800322065,20.8467525496511,22.363123993558776,8.024691358024691,2.8381642512077296,0.8387010198604401,,0.040257648953301126
102,20.611916264090176,15.868223295759528,4.38137412775094,5.622651637144391,19.73966720343532,22.18196457326892,7.890499194847021,2.8247450348899625,0.8387010198604401,,0.040257648953301126
103,20.69243156199678,15.794417606011809,4.314278046162104,5.83064949006978,19.652442297369834,21.93370907139023,7.877079978529254,3.0327428878153517,0.8319914117015567,,0.040257648953301126
104,21.108427267847556,15.633387010198604,4.314278046162104,5.964841653247451,19.45786366076221,21.812936124530328,7.816693505099302,3.0327428878153517,0.8185721953837896,,0.040257648953301126
105,21.289586688137412,15.217391304347826,4.300858829844337,5.9447128287707995,19.249865807836823,22.21551261406334,7.7361782071927,2.965646806226516,0.9594739667203436,0.08051529790660225,0.040257648953301126
106,21.537842190016104,15.136876006441224,4.300858829844337,5.924584004294149,19.082125603864736,22.18196457326892,7.7361782071927,2.965646806226516,1.0131508319914118,0.08051529790660225,0.040257648953301126
107,21.70558239398819,15.116747181964573,4.300858829844337,5.924584004294149,18.9747718733226,21.973966720343533,7.7361782071927,3.1333870101986045,1.0131508319914118,0.08051529790660225,0.040257648953301126
108,21.920289855072465,14.99597423510467,4.274020397208803,5.864197530864198,18.666129898013956,22.23564143853999,7.6556629092860975,3.2742887815351582,0.9930220075147611,0.08051529790660225,0.040257648953301126
109,22.29602791196994,14.761137949543746,4.911433172302737,5.877616747181965,18.659420289855074,22.12157809983897,6.998121309715513,3.260869565217391,0.9930220075147611,0.08051529790660225,0.040257648953301126
110,21.732420826623724,14.325013419216317,4.790660225442834,5.260332796564681,20.538110574342458,22.088030059044552,6.964573268921095,3.180354267310789,0.9997316156736447,0.08051529790660225,0.040257648953301126
111,22.15512614063339,13.989533011272142,4.7638217928073,5.307300053676865,20.45088566827697,21.83977455716586,7.219538378958669,3.1535158346752548,0.9997316156736447,0.08051529790660225,0.040257648953301126
112,22.0276435856146,13.58695652173913,4.830917874396135,5.374396135265701,19.840311325818572,23.503757380568974,6.655931293612453,3.026033279656468,1.0332796564680622,0.08051529790660225,0.040257648953301126
113,21.66532474503489,13.466183574879228,3.670155662909286,5.374396135265701,19.26328502415459,25.865539452495973,6.635802469135802,2.9052603327965647,1.0332796564680622,0.08051529790660225,0.040257648953301126
114,21.947128287707997,13.352120236178207,3.656736446591519,5.4549114331723025,19.209608158883523,25.771604938271604,6.575415995705851,2.8784219001610305,1.0332796564680622,0.08051529790660225,0.040257648953301126
115,21.806226516371442,12.942834138486312,3.81105743424584,5.8239398819108965,18.907675791733762,25.248255501878692,7.407407407407407,2.7509393451422435,1.1808910359634996,0.08051529790660225,0.040257648953301126
116,21.095008051529792,12.895866881374127,3.683574879227053,5.8239398819108965,15.499194847020934,30.07246376811594,7.39398819108964,2.4825550187869028,0.9728931830381106,0.08051529790660225,
117,21.4573268921095,12.721417069243156,3.683574879227053,5.810520665593129,15.378421900161031,29.864465915190554,7.37385936661299,2.657004830917874,0.9728931830381106,0.08051529790660225,
118,21.450617283950617,12.365807836822329,3.549382716049383,5.998389694041868,15.042941492216855,30.515297906602253,7.333601717659689,2.690552871712292,0.9728931830381106,0.08051529790660225,
119,21.349973161567366,12.318840579710145,4.911433172302737,5.9447128287707995,14.949006977992486,29.58937198067633,7.179280730005368,2.7509393451422435,0.9728931830381106,0.03354804079441761,
120,21.578099838969404,12.164519592055823,4.8376274825550185,6.146001073537305,14.331723027375201,30.10601180891036,7.092055823939882,2.737520128824477,0.9728931830381106,0.03354804079441761,
121,21.973966720343533,12.104133118625873,4.810789049919484,6.1862587224906065,14.204240472356414,29.884594739667204,6.937734836285561,2.8918411164787976,0.9728931830381106,0.03354804079441761,
122,22.188674181427803,12.050456253354804,4.810789049919484,6.1862587224906065,14.002952227589908,29.837627482555018,6.910896403650026,2.8784219001610305,1.1003757380568975,0.03354804079441761,
123,22.48389694041868,12.02361782071927,4.7638217928073,6.796833064949007,13.902308105206655,29.126409017713364,6.89747718733226,2.8784219001610305,1.093666129898014,0.03354804079441761,
124,22.79253891572732,11.996779388083736,4.824208266237251,6.8035426731078905,13.875469672571121,28.79092860976919,6.830381105743425,2.9790660225442833,1.0735373054213635,0.03354804079441761,
125,22.65163714439077,11.768652710681696,4.582662372517445,6.172839506172839,16.284219001610307,27.536231884057973,6.769994632313473,3.052871712292002,1.1473429951690821,0.03354804079441761,
126,22.604669887278583,11.735104669887278,4.4820182501341925,6.501610305958132,16.210413311862588,27.529522275899087,6.642512077294686,3.052871712292002,1.2077294685990339,0.03354804079441761,
127,22.913311862587225,11.701556629092861,4.770531400966184,6.374127750939345,15.995705850778315,27.428878153515836,6.642512077294686,2.952227589908749,1.1876006441223832,0.03354804079441761,
128,22.7187332259796,11.621041331186259,6.689479334406871,6.266774020397209,15.92860976918948,26.50966183574879,5.984970477724101,2.952227589908749,1.1808910359634996,0.14761137949543746,
129,23.05421363392378,11.419753086419753,6.6827697262479875,6.253354804079442,15.881642512077295,26.33521202361782,6.092324208266238,2.952227589908749,1.1808910359634996,0.14761137949543746,
130,22.69860440150295,10.889694041867955,6.541867954911433,6.253354804079442,17.753623188405797,26.019860440150296,5.978260869565218,2.6972624798711755,1.0198604401502953,0.14761137949543746,
131,23.141438539989263,10.554213633923778,5.790391841116479,6.0587761674718195,17.538915727321523,25.744766505636072,7.360440150295223,2.6502952227589907,1.0131508319914118,0.14761137949543746,
132,23.362855609232422,10.513955984970478,5.917874396135265,6.146001073537305,17.840848094471284,25.41599570585078,7.105475040257649,2.563070316693505,0.9863123993558777,0.14761137949543746,
133,23.483628556092324,10.473698336017177,5.917874396135265,6.286902844873859,17.767042404723565,25.241545893719806,7.098765432098766,2.563070316693505,0.9460547504025765,0.2214170692431562,
134,23.859366612989803,10.279119699409554,5.984970477724101,6.233225979602791,17.881105743424584,25.187869028448738,6.877348362855609,2.5563607085346214,0.9192163177670424,0.2214170692431562,
135,23.960010735373054,10.225442834138486,5.984970477724101,6.380837359098229,17.814009661835748,24.510198604401502,6.843800322061192,3.140096618357488,0.9192163177670424,0.2214170692431562,
136,24.14117015566291,9.480676328502415,5.897745571658615,6.407675791733762,17.53220611916264,25.59044551798175,6.608964036500268,3.240740740740741,0.8789586688137413,0.2214170692431562,
137,24.530327428878152,9.480676328502415,5.837359098228664,6.394256575415996,17.28395061728395,25.55018786902845,6.608964036500268,3.2139023081052067,0.8789586688137413,0.2214170692431562,
138,24.832259796027913,9.373322597960279,5.810520665593129,6.380837359098229,17.196725711218466,25.523349436392916,6.568706387546968,3.2139023081052067,0.8789586688137413,0.2214170692431562,
139,24.912775093934513,9.333064949006978,6.226516371443908,6.353998926462695,16.867954911433173,25.483091787439612,6.541867954911433,3.180354267310789,0.8789586688137413,0.2214170692431562,
140,25.187869028448738,9.292807300053678,6.206387546967257,6.447933440687064,16.80756843800322,25.187869028448738,6.541867954911433,3.227321524422974,0.8789586688137413,0.2214170692431562,
141,25.449543746645197,9.286097691894794,6.132581857219538,6.6760601180891035,16.686795491143318,25.05367686527107,6.400966183574879,3.2139023081052067,0.8789586688137413,0.2214170692431562,
142,25.939345142243692,9.286097691894794,6.092324208266238,6.736446591519055,16.53918411164788,24.771873322597962,6.253354804079442,3.280998389694042,0.8789586688137413,0.2214170692431562,
143,26.207729468599034,9.245840042941492,6.052066559312936,6.723027375201288,17.619431025228128,23.470209339774556,6.380837359098229,3.2742887815351582,0.8387010198604401,0.1878690284487386,
144,26.27482555018787,9.205582393988191,6.038647342995169,6.696188942565755,17.37788513150832,23.356146001073537,6.662640901771336,3.361513687600644,0.8387010198604401,0.1878690284487386,
145,26.46940418679549,9.098228663446054,6.213097155126141,6.910896403650026,17.37788513150832,23.040794417606012,6.5552871712292005,3.3279656468062266,0.8319914117015567,0.17444981213097155,
146,26.90552871712292,9.078099838969404,6.139291465378422,6.951154052603328,17.12962962962963,22.893183038110575,6.521739130434782,3.455448201825013,0.7514761137949544,0.17444981213097155,
147,27.200751476113794,9.07139023081052,6.112453032742888,6.9310252281266775,17.102791196994094,22.745571658615138,6.407675791733762,3.408480944712829,0.7514761137949544,0.2683843263553409,
148,26.241277509393452,7.575147611379496,5.984970477724101,9.205582393988191,16.14331723027375,24.000268384326354,6.541867954911433,3.2877079978529253,0.7514761137949544,0.2683843263553409,
149,26.50295222758991,7.4006977992485234,6.045356951154052,9.373322597960279,16.002415458937197,23.74530327428878,6.427804616210413,3.3682232957595275,0.8789586688137413,0.2549651100375738,
150,26.462694578636608,7.306763285024155,5.998389694041868,9.373322597960279,16.659957058507782,23.409822866344605,6.300322061191626,3.3682232957595275,0.8655394524959742,0.2549651100375738,
151,25.751476113794954,6.769994632313473,5.850778314546431,7.514761137949543,14.533011272141707,27.811325818572197,7.407407407407407,3.3682232957595275,0.798443370907139,0.19457863660762212,
152,26.34863123993559,6.756575415995706,5.763553408480945,7.62211486849168,14.351851851851851,27.361782071927,7.4006977992485234,3.4151905528717124,0.785024154589372,0.19457863660762212,
153,25.99302200751476,6.756575415995706,5.669618894256575,7.132313472893183,16.545893719806763,26.187600644122384,7.4208266237251745,3.3145464304884595,0.785024154589372,0.19457863660762212,
154,24.684648416532475,6.642512077294686,5.35426731078905,6.904186795491143,17.619431025228128,28.368223295759528,6.427804616210413,3.052871712292002,0.7514761137949544,0.19457863660762212,
155,25.09393451422437,6.508319914117015,5.421363392377885,6.837090713902308,17.56575415995706,28.16022544283414,6.367418142780462,3.099838969404187,0.7514761137949544,0.19457863660762212,
156,25.32206119162641,6.508319914117015,5.421363392377885,6.837090713902308,17.56575415995706,27.945517981749866,6.353998926462695,3.099838969404187,0.7514761137949544,0.19457863660762212,
157,25.37573805689748,6.481481481481482,5.387815351583468,6.937734836285561,17.45169082125604,27.791196994095547,6.5485775630703165,3.0931293612453032,0.7380568974771873,0.19457863660762212,
158,25.63070316693505,6.468062265163715,5.414653784219001,6.910896403650026,17.317498658078367,27.771068169618893,6.474771873322598,3.0931293612453032,0.7380568974771873,0.18115942028985507,
159,26.100375738056897,6.427804616210413,5.414653784219001,6.837090713902308,17.102791196994094,27.415458937198068,6.575415995705851,3.207192699946323,0.7380568974771873,0.18115942028985507,
160,26.10708534621578,6.266774020397209,5.407944176060118,6.9310252281266775,20.517981749865807,24.40955448201825,6.575415995705851,2.8650026838432634,0.7380568974771873,0.18115942028985507,
161,26.48953301127214,6.112453032742888,5.401234567901234,7.024959742351046,20.229468599033815,24.288781535158346,6.568706387546968,2.965646806226516,0.7380568974771873,0.18115942028985507,
162,26.65727321524423,6.085614600107354,5.381105743424584,7.085346215780999,20.108695652173914,24.194847020933977,6.602254428341385,2.965646806226516,0.7380568974771873,0.18115942028985507,
163,27.17391304347826,6.078904991948471,5.381105743424584,7.004830917874396,19.91411701556629,23.98684916800859,6.575415995705851,2.965646806226516,0.7380568974771873,0.18115942028985507,
164,27.355072463768117,6.052066559312936,5.35426731078905,7.2933440687063875,19.659151905528716,23.919753086419753,6.561996779388084,2.9253891572732154,0.6977992485238862,0.18115942028985507,
165,27.489264626945786,6.038647342995169,5.300590445517981,7.139023081052066,19.605475040257648,23.832528180354267,6.615673644659152,3.099838969404187,0.6977992485238862,0.18115942028985507,
166,27.4422973698336,6.031937734836285,5.669618894256575,7.098765432098766,19.49812130971551,23.68491680085883,6.521739130434782,3.2004830917874396,0.6977992485238862,0.15432098765432098,
167,27.569779924852387,5.877616747181965,5.615942028985507,7.313472893183038,19.363929146537842,23.597691894793343,6.635802469135802,3.193773483628556,0.6977992485238862,0.13419216317767044,
168,27.395330112721417,5.750134192163178,5.723295759527644,7.300053676865271,20.014761137949545,23.503757380568974,6.3137412775093935,3.166935050993022,0.6977992485238862,0.13419216317767044,
169,27.885131508319915,5.71658615136876,5.609232420826624,7.286634460547504,19.95437466451959,23.235373054213635,6.233225979602791,3.2474503488996245,0.6977992485238862,0.13419216317767044,
170,28.381642512077295,5.689747718733226,5.595813204508857,7.27992485238862,19.753086419753085,22.973698336017176,6.266774020397209,3.227321524422974,0.6977992485238862,0.13419216317767044,
171,28.59634997316157,5.629361245303274,5.783682232957595,7.219538378958669,19.592055823939884,22.893183038110575,6.239935587761675,3.227321524422974,0.6843800322061192,0.13419216317767044,
172,28.683574879227052,5.60252281266774,5.642780461621041,7.467793880837359,19.49141170155663,22.550993022007514,6.454643048845948,3.2206119162640903,0.7514761137949544,0.13419216317767044,
173,29.066022544283413,5.60252281266774,5.662909286097692,7.447665056360709,19.30354267310789,22.363123993558776,6.454643048845948,3.2206119162640903,0.7447665056360708,0.13419216317767044,
174,29.26731078904992,5.5756843800322065,5.555555555555555,7.5348899624261945,19.028448738593667,22.21551261406334,6.629092860976919,3.3145464304884595,0.7447665056360708,0.13419216317767044,
175,29.200214707461082,5.199946323134729,5.609232420826624,6.951154052603328,18.686258722490606,22.034353193773484,8.152173913043478,3.2877079978529253,0.7447665056360708,0.13419216317767044,
176,29.045893719806763,4.918142780461621,5.481749865807837,7.266505636070853,18.96135265700483,22.020933977455716,8.004562533548041,3.421900161030596,0.7447665056360708,0.13419216317767044,
177,29.334406870638755,4.918142780461621,5.481749865807837,7.25979602791197,18.686258722490606,21.920289855072465,7.930756843800322,3.589640365002684,0.7447665056360708,0.13419216317767044,
178,29.636339237788512,4.884594739667204,5.481749865807837,7.25979602791197,18.632581857219538,21.79951690821256,7.836822329575953,3.589640365002684,0.7447665056360708,0.13419216317767044,
179,30.038915727321523,4.8376274825550185,5.622651637144391,7.098765432098766,18.370907139023082,21.67874396135266,7.769726247987117,3.7104133118625873,0.7380568974771873,0.13419216317767044,
180,30.07246376811594,4.824208266237251,6.005099302200751,6.971282877079979,18.297101449275363,21.450617283950617,7.863660762211487,3.643317230273752,0.7380568974771873,0.13419216317767044,
181,30.327428878153516,4.783950617283951,5.958132045088567,7.024959742351046,18.203166935050994,21.34326355340848,7.843531937734836,3.643317230273752,0.7380568974771873,0.13419216317767044,
182,30.44820182501342,4.770531400966184,5.998389694041868,7.152442297369833,18.12265163714439,21.068169618894256,7.843531937734836,3.7238325281803544,0.7380568974771873,0.13419216317767044,
183,30.64278046162104,4.7101449275362315,6.219806763285024,7.071926999463232,17.961621041331185,20.893719806763286,7.937466451959206,3.69699409554482,0.7313472893183038,0.13419216317767044,
184,31.125872249060656,4.683306494900698,6.159420289855072,7.0383789586688135,18.00858829844337,20.699141170155663,7.729468599033816,3.6902844873859366,0.7313472893183038,0.13419216317767044,
185,31.199677938808374,4.622920021470746,6.159420289855072,6.5485775630703165,18.98148148148148,20.625335480407944,7.306763285024155,3.6902844873859366,0.7313472893183038,0.13419216317767044,
186,31.21309715512614,4.602791196994096,6.132581857219538,6.494900697799249,18.92109500805153,20.229468599033815,7.863660762211487,3.6768652710681695,0.7313472893183038,0.13419216317767044,
187,28.710413311862588,3.421900161030596,6.031937734836285,5.320719269994632,17.66639828234031,28.348094471282877,6.736446591519055,3.3413848631239937,0.4227053140096618,,
188,28.878153515834676,3.408480944712829,6.005099302200751,5.441492216854535,17.64626945786366,28.193773483628558,6.696188942565755,3.307836822329576,0.4227053140096618,,
189,29.09286097691895,3.408480944712829,6.005099302200751,5.381105743424584,17.52549651100376,27.999194847020934,6.78341384863124,3.307836822329576,0.49651100375738055,,
190,28.985507246376812,3.2206119162640903,5.884326355340848,5.340848094471283,16.961889425657542,26.704240472356414,8.903650026838433,3.5091250670960816,0.48980139559849706,,
191,29.166666666666668,3.2206119162640903,5.877616747181965,5.320719269994632,16.78743961352657,26.52308105206656,8.883521202361782,3.730542136339238,0.48980139559849706,,
192,28.052871712292003,3.1535158346752548,5.495169082125604,5.260332796564681,13.177670424047236,32.910628019323674,8.044820182501342,3.502415458937198,0.4025764895330113,,
193,28.368223295759528,3.1535158346752548,5.595813204508857,5.387815351583468,13.123993558776167,32.41411701556629,7.997852925389157,3.556092324208266,0.4025764895330113,,
194,26.34863123993559,9.406870638754697,5.139559849704777,5.0791733762748255,12.76838432635534,30.589103596349972,7.380568974771873,2.8918411164787976,0.39586688137412773,,
195,26.556629092860977,9.386741814278047,5.12614063338701,5.3274288781535155,12.667740203972087,30.173107890499196,7.380568974771873,2.985775630703167,0.39586688137412773,,
196,26.080246913580247,9.333064949006978,5.12614063338701,5.260332796564681,12.305421363392378,31.260064412238325,7.092055823939882,3.1602254428341383,0.3824476650563607,,
197,26.27482555018787,9.286097691894794,5.065754159957058,5.622651637144391,12.04374664519592,30.837359098228664,7.4208266237251745,3.066290928609769,0.3824476650563607,,
198,26.603596349973163,9.286097691894794,5.032206119162641,5.5756843800322065,11.98336017176597,30.723295759527645,7.37385936661299,3.0394524959742353,0.3824476650563607,,
199,26.99946323134729,9.232420826623725,5.166398282340311,5.535426731078905,11.77536231884058,30.50858829844337,7.360440150295223,3.0394524959742353,0.3824476650563607,,
200,27.24771873322598,9.172034353193773,5.495169082125604,5.71658615136876,11.647879763821793,30.01207729468599,7.1725711218464845,3.1535158346752548,0.3824476650563607,,
201,27.51610305958132,8.863392377885132,5.528717122920021,6.018518518518518,11.641170155662909,29.824208266237253,7.071926999463232,3.1535158346752548,0.3824476650563607,,
202,27.9723564143854,8.816425120772946,5.475040257648954,6.018518518518518,11.52710681696189,29.582662372517444,7.071926999463232,3.2004830917874396,0.33548040794417605,,
203,28.30112721417069,8.715780998389693,5.407944176060118,5.964841653247451,11.694847020933977,29.334406870638755,7.024959742351046,3.2206119162640903,0.33548040794417605,,
204,28.25415995705851,8.61513687600644,5.622651637144391,5.9447128287707995,11.849168008588299,29.146537842190018,7.011540526033279,3.2206119162640903,0.33548040794417605,,
205,28.710413311862588,8.527911969940956,5.495169082125604,5.991680085882985,11.674718196457327,29.0727321524423,6.977992485238862,3.2139023081052067,0.33548040794417605,,
206,28.904991948470208,8.527911969940956,5.367686527106817,6.072195383789587,11.647879763821793,28.992216854535695,6.944444444444445,3.207192699946323,0.33548040794417605,,
207,29.032474503488995,8.467525496511003,5.381105743424584,6.072195383789587,11.688137412775093,28.918411164787976,6.910896403650026,3.193773483628556,0.33548040794417605,,
208,29.300858829844337,8.433977455716587,5.320719269994632,6.112453032742888,11.553945249597424,28.59634997316157,6.810252281266774,3.44873859366613,0.4227053140096618,,
209,29.488727858293075,7.648953301127214,5.407944176060118,6.951154052603328,11.533816425120772,28.421900161030596,6.702898550724638,3.421900161030596,0.4227053140096618,,
210,29.78395061728395,7.474503488996243,5.387815351583468,7.058507783145465,11.460010735373054,28.33467525496511,6.655931293612453,3.421900161030596,0.4227053140096618,,
211,29.797369833601717,7.467793880837359,5.35426731078905,7.709339774557166,11.325818572195384,27.85829307568438,6.649221685453569,3.4151905528717124,0.4227053140096618,,
212,29.931561996779386,7.461084272678476,5.112721417069243,7.971014492753623,11.2788513150832,27.65029522275899,6.850509930220075,3.3279656468062266,0.41599570585077833,,
213,30.20665593129361,7.447665056360709,5.0993022007514766,8.13875469672571,11.158078368223295,27.4020397208803,6.863929146537842,3.2675791733762747,0.41599570585077833,,
214,30.50187869028449,7.387278582930757,5.166398282340311,8.373590982286634,11.144659151905529,27.106816961889425,6.689479334406871,3.2139023081052067,0.41599570585077833,,
215,30.823939881910896,7.1658615136876005,5.186527106816962,8.454106280193237,11.064143853998926,26.86527106816962,6.823671497584541,3.2004830917874396,0.41599570585077833,,
216,31.092324208266238,7.14573268921095,5.186527106816962,8.427267847557703,11.010466988727858,26.73107890499195,6.796833064949007,3.193773483628556,0.41599570585077833,,
217,31.04535695115405,7.14573268921095,5.273752012882448,8.548040794417606,10.990338164251208,26.596886741814277,6.8035426731078905,3.180354267310789,0.41599570585077833,,
218,31.085614600107355,7.118894256575416,5.300590445517981,8.675523349436393,10.950080515297907,26.46940418679549,6.763285024154589,3.2206119162640903,0.41599570585077833,,
219,30.83064949006978,7.024959742351046,5.065754159957058,8.588298443370908,12.184648416532475,25.99302200751476,6.689479334406871,3.207192699946323,0.41599570585077833,,
220,31.132581857219538,6.984702093397746,5.052334943639291,8.581588835212024,12.057165861513688,25.83870101986044,6.655931293612453,3.280998389694042,0.41599570585077833,,
