,45,50,51,52,53,55,56,54,57
0,99.72490606548577,0.27509393451422437,,,,,,,
1,99.72490606548577,0.27509393451422437,,,,,,,
2,95.98094471282877,4.019055287171229,,,,,,,
3,96.01449275362319,3.9855072463768115,,,,,,,
4,87.75496511003757,12.245034889962426,,,,,,,
5,84.74235104669887,15.257648953301127,,,,,,,
6,84.74235104669887,15.257648953301127,,,,,,,
7,76.03998926462694,22.7187332259796,1.2412775093934514,,,,,,
8,73.48362855609233,24.61755233494364,1.2412775093934514,0.6575415995705851,,,,,
9,70.1086956521739,27.992485238862052,1.2412775093934514,0.6575415995705851,,,,,
10,70.1086956521739,27.992485238862052,1.2412775093934514,0.6575415995705851,,,,,
11,49.724906065485776,50.14090177133655,,0.13419216317767044,,,,,
12,49.785292538915726,50.0805152979066,,0.13419216317767044,,,,,
13,47.134997316156735,49.16129898013956,,0.13419216317767044,3.1736446591519054,0.39586688137412773,,,
14,47.134997316156735,49.16129898013956,,0.13419216317767044,3.1736446591519054,0.39586688137412773,,,
15,47.134997316156735,49.16129898013956,,0.13419216317767044,3.1736446591519054,0.39586688137412773,,,
16,47.134997316156735,49.16129898013956,,0.13419216317767044,3.1736446591519054,0.39586688137412773,,,
17,44.24986580783682,52.11352657004831,,0.06709608158883522,3.1736446591519054,0.39586688137412773,,,
18,44.24986580783682,52.11352657004831,,0.06709608158883522,3.1736446591519054,0.39586688137412773,,,
19,43.09581320450886,53.26757917337628,,0.06709608158883522,3.1736446591519054,0.39586688137412773,,,
20,42.954911433172306,50.4898013955985,2.3886205045625335,0.06709608158883522,3.1736446591519054,0.9259259259259259,,,
21,43.12265163714439,50.19457863660762,2.3886205045625335,0.06709608158883522,3.1736446591519054,1.0534084809447128,,,
22,43.29039184111648,50.026838432635536,2.3886205045625335,0.06709608158883522,3.1736446591519054,1.0534084809447128,,,
23,41.666666666666664,46.765968867418145,4.918142780461621,2.2879763821792807,3.1736446591519054,1.0534084809447128,0.13419216317767044,,
24,38.217928073000536,50.07380568974772,4.783950617283951,2.6972624798711755,3.1736446591519054,1.0534084809447128,,,
25,35.621309715512616,49.18142780461621,8.272946859903382,2.6972624798711755,3.1736446591519054,1.0534084809447128,,,
26,33.722490606548575,51.11379495437466,8.272946859903382,2.6637144390767578,3.1736446591519054,1.0534084809447128,,,
27,32.82340311325819,48.450080515297905,11.064143853998926,2.6637144390767578,3.1736446591519054,1.8250134192163177,,,
28,32.890499194847024,48.41653247450349,11.030595813204508,2.6637144390767578,3.1736446591519054,1.8250134192163177,,,
29,32.910628019323674,48.39640365002684,11.030595813204508,2.6637144390767578,3.1736446591519054,1.8250134192163177,,,
30,32.9374664519592,48.39640365002684,11.030595813204508,2.636876006441224,3.1736446591519054,1.8250134192163177,,,
31,33.09849704777241,48.309178743961354,10.990338164251208,2.636876006441224,3.140096618357488,1.8250134192163177,,,
32,33.2259796027912,45.967525496511,9.73564143853999,5.414653784219001,3.140096618357488,2.5161030595813205,,,
33,33.1454643048846,42.74691358024691,9.73564143853999,8.715780998389693,3.140096618357488,2.5161030595813205,,,
34,32.709339774557165,39.80810520665593,9.73564143853999,8.641975308641975,3.140096618357488,2.5161030595813205,,3.44873859366613,
35,32.60198604401503,39.31830381105743,8.132045088566828,10.856146001073537,3.126677402039721,2.5161030595813205,,3.44873859366613,
36,31.011808910359633,36.842458400429415,7.4208266237251745,17.773752012882447,3.0193236714975846,0.4830917874396135,,3.44873859366613,
37,30.689747718733226,36.493558776167475,7.4208266237251745,18.4447128287708,3.0193236714975846,0.4830917874396135,,3.44873859366613,
38,28.864734299516908,38.21121846484165,6.776704240472356,18.4447128287708,3.0193236714975846,1.2345679012345678,,3.44873859366613,
39,26.268115942028984,34.49409554482018,14.04320987654321,16.800858829844337,3.9989264626945786,0.9460547504025765,,3.44873859366613,
40,25.677670424047236,30.73671497584541,13.895598497047773,16.203703703703702,7.132313472893183,0.8521202361782072,,5.501878690284487,
41,25.187869028448738,30.320719269994633,14.687332259796028,16.203703703703702,7.4141170155662905,0.8521202361782072,,5.3341384863123995,
42,25.301932367149757,30.233494363929147,14.687332259796028,16.17686527106817,7.4141170155662905,0.8521202361782072,,5.3341384863123995,
43,25.469672571121848,30.10601180891036,14.53972088030059,16.170155662909288,7.4141170155662905,0.8521202361782072,0.11406333870101985,5.3341384863123995,
44,24.134460547504027,31.696188942565755,14.452495974235104,16.14331723027375,7.4141170155662905,0.8521202361782072,0.11406333870101985,5.193236714975845,
45,22.262479871175522,39.18411164787977,11.178207192699947,15.767579173376275,5.4549114331723025,0.8521202361782072,0.11406333870101985,5.186527106816962,
46,22.262479871175522,39.14385399892646,12.701288244766506,15.767579173376275,5.280461621041331,0.8521202361782072,0.11406333870101985,3.878153515834675,
47,22.289318303811058,37.29200214707461,16.72705314009662,13.828502415458937,5.280461621041331,0.5904455179817498,0.11406333870101985,3.878153515834675,
48,22.041062801932366,37.58722490606549,16.680085882984432,13.828502415458937,5.280461621041331,0.5904455179817498,0.11406333870101985,3.878153515834675,
49,22.550993022007514,37.151100375738054,16.646537842190018,13.801663982823403,5.267042404723564,0.5904455179817498,0.11406333870101985,3.878153515834675,
50,22.604669887278583,36.963231347289316,18.46484165324745,12.117552334943639,5.267042404723564,0.5904455179817498,0.11406333870101985,3.878153515834675,
51,19.732957595276435,39.97584541062802,18.46484165324745,11.976650563607086,5.267042404723564,0.5904455179817498,0.11406333870101985,3.878153515834675,
52,19.578636607622116,39.12372517444981,20.538110574342458,10.466988727858293,6.052066559312936,0.5904455179817498,0.11406333870101985,3.535963499731616,
53,19.578636607622116,39.12372517444981,20.538110574342458,10.466988727858293,6.052066559312936,0.5904455179817498,0.11406333870101985,3.535963499731616,
54,19.632313472893184,39.09688674181428,20.538110574342458,10.44015029522276,6.052066559312936,0.5904455179817498,0.11406333870101985,3.535963499731616,
55,19.189479334406872,37.52012882447665,20.52469135802469,10.44015029522276,8.085077831454644,0.5904455179817498,0.11406333870101985,3.535963499731616,
56,18.699677938808374,23.926462694578635,35.929951690821255,9.863123993558776,7.7898550724637685,3.113258185721954,0.11406333870101985,0.5636070853462157,
57,18.471551261406333,23.926462694578635,35.12479871175523,10.7085346215781,7.7898550724637685,3.0931293612453032,0.322061191626409,0.5636070853462157,
58,17.53220611916264,21.953837895866883,38.10386473429951,10.695115405260333,7.7361782071927,3.0931293612453032,0.322061191626409,0.5636070853462157,
59,15.74074074074074,17.47181964573269,40.50590445517982,10.641438539989265,11.466720343531938,3.2877079978529253,0.322061191626409,0.5636070853462157,
60,15.841384863123993,17.465110037573805,40.425389157273216,10.641438539989265,11.453301127214171,3.2877079978529253,0.322061191626409,0.5636070853462157,
61,16.284219001610307,17.09608158883521,42.90794417606012,8.246108427267847,11.446591519055287,3.1333870101986045,0.322061191626409,0.5636070853462157,
62,16.10305958132045,16.223832528180353,40.86822329575953,11.500268384326356,11.285560923242082,3.1333870101986045,0.322061191626409,0.5636070853462157,
63,16.10305958132045,16.223832528180353,40.86822329575953,11.500268384326356,11.285560923242082,3.1333870101986045,0.322061191626409,0.5636070853462157,
64,16.029253891572733,15.827965646806227,44.0552871712292,11.480139559849706,8.635265700483092,3.0864197530864197,0.322061191626409,0.5636070853462157,
65,16.009125067096083,15.780998389694043,44.02173913043478,11.480139559849706,9.534353193773484,2.2879763821792807,0.322061191626409,0.5636070853462157,
66,16.029253891572733,15.767579173376275,44.015029522275896,11.480139559849706,9.534353193773484,2.2879763821792807,0.322061191626409,0.5636070853462157,
67,16.223832528180353,15.72061191626409,43.94122383252818,11.480139559849706,9.460547504025765,2.2879763821792807,0.322061191626409,0.5636070853462157,
68,16.27750939345142,15.673644659151906,43.927804616210416,11.33923778851315,9.25925925925926,2.2879763821792807,0.322061191626409,0.9125067096081588,
69,16.384863123993558,15.660225442834138,43.88083735909823,11.3191089640365,9.232420826623725,2.2879763821792807,0.322061191626409,0.9125067096081588,
70,16.525764895330113,15.660225442834138,43.86741814278046,11.252012882447666,9.198872785829307,2.2611379495437465,0.322061191626409,0.9125067096081588,
71,16.606280193236714,15.660225442834138,43.81374127750939,11.252012882447666,9.172034353193773,2.2611379495437465,0.322061191626409,0.9125067096081588,
72,16.63311862587225,14.714170692431562,47.094739667203434,11.218464841653248,7.971014492753623,1.133923778851315,0.322061191626409,0.9125067096081588,
73,16.74718196457327,14.707461084272678,47.02093397745572,11.218464841653248,7.937466451959206,1.133923778851315,0.322061191626409,0.9125067096081588,
74,16.935050993022006,14.65378421900161,46.96725711218465,11.18491680085883,7.937466451959206,1.133923778851315,0.322061191626409,0.8655394524959742,
75,16.888083735909824,14.640365002683843,48.91975308641975,11.18491680085883,6.052066559312936,1.1272141706924315,0.322061191626409,0.8655394524959742,
76,17.04911433172303,14.579978529253891,48.83252818035427,11.171497584541063,6.052066559312936,1.1272141706924315,0.322061191626409,0.8655394524959742,
77,16.854535695115406,14.459205582393988,43.04884594739667,14.31159420289855,6.052066559312936,4.086151368760064,0.322061191626409,0.8655394524959742,
78,16.59286097691895,14.170692431561998,42.96833064949007,16.297638217928075,4.703435319377348,4.086151368760064,0.322061191626409,0.8588298443370908,
79,16.6935050993022,13.982823403113258,41.438539989264626,15.136876006441224,7.675791733762749,3.8915727321524423,0.322061191626409,0.8588298443370908,
80,16.841116478797638,13.976113794954374,41.438539989264626,15.123456790123457,7.548309178743962,3.8915727321524423,0.322061191626409,0.8588298443370908,
81,17.022275899087493,13.976113794954374,41.35131508319914,15.083199141170155,7.521470746108427,3.8915727321524423,0.2952227589908749,0.8588298443370908,
82,17.16988727858293,13.855340848094471,40.653515834675254,15.083199141170155,7.521470746108427,4.562533548040794,0.2952227589908749,0.8588298443370908,
83,17.28395061728395,13.855340848094471,40.53945249597424,15.083199141170155,7.521470746108427,4.562533548040794,0.2952227589908749,0.8588298443370908,
84,17.498658078368223,13.855340848094471,40.50590445517982,14.949006977992486,7.481213097155126,4.555823939881911,0.2952227589908749,0.8588298443370908,
85,16.13660762211487,15.318035426731079,40.45222758990875,14.915458937198068,7.467793880837359,4.555823939881911,0.2952227589908749,0.8588298443370908,
86,12.157809983896941,46.18894256575416,25.49651100375738,7.628824476650563,4.804079441760601,3.33467525496511,0.10064412238325282,0.2885131508319914,
87,12.204777241009126,46.02120236178207,25.49651100375738,7.628824476650563,4.804079441760601,3.455448201825013,0.10064412238325282,0.2885131508319914,
88,12.352388620504563,45.9272678475577,25.44283413848631,7.628824476650563,4.804079441760601,3.455448201825013,0.10064412238325282,0.2885131508319914,
89,12.47987117552335,45.289855072463766,27.596618357487923,5.991680085882985,4.804079441760601,3.44873859366613,0.10064412238325282,0.2885131508319914,
90,12.647611379495437,45.17579173376275,27.542941492216855,5.991680085882985,4.804079441760601,3.44873859366613,0.10064412238325282,0.2885131508319914,
91,12.781803542673108,45.06172839506173,27.522812667740205,5.991680085882985,4.804079441760601,3.44873859366613,0.10064412238325282,0.2885131508319914,
92,12.822061191626409,45.06172839506173,27.482555018786904,5.991680085882985,4.804079441760601,3.44873859366613,0.10064412238325282,0.2885131508319914,
93,12.392646269457863,44.585346215781,29.22705314009662,5.991680085882985,3.965378421900161,3.44873859366613,0.10064412238325282,0.2885131508319914,
94,12.895866881374127,44.457863660762214,28.85131508319914,5.991680085882985,3.965378421900161,3.44873859366613,0.10064412238325282,0.2885131508319914,
95,12.895866881374127,44.457863660762214,28.85131508319914,5.991680085882985,3.965378421900161,3.44873859366613,0.10064412238325282,0.2885131508319914,
96,12.795222758990874,44.02844873859367,27.771068169618893,8.185721953837897,3.9519592055823938,2.8784219001610305,0.10064412238325282,0.2885131508319914,
97,12.808641975308642,44.02173913043478,27.76435856146001,8.185721953837897,3.9519592055823938,2.8784219001610305,0.10064412238325282,0.2885131508319914,
98,12.882447665056361,43.947933440687066,27.76435856146001,8.185721953837897,3.9519592055823938,2.8784219001610305,0.10064412238325282,0.2885131508319914,
99,12.788513150831992,38.94927536231884,27.737520128824478,8.185721953837897,3.9519592055823938,7.997852925389157,0.10064412238325282,0.2885131508319914,
100,12.869028448738593,38.92243692968331,27.690552871712292,8.185721953837897,3.9519592055823938,7.991143317230274,0.10064412238325282,0.2885131508319914,
101,13.09044551798175,38.747987117552334,27.643585614600106,8.185721953837897,3.9519592055823938,7.25979602791197,0.10064412238325282,1.0198604401502953,
102,13.305152979066023,38.707729468599034,27.63016639828234,8.185721953837897,3.9519592055823938,7.105475040257649,0.10064412238325282,1.0131508319914118,
103,13.43263553408481,38.6808910359635,27.63016639828234,8.085077831454644,3.9519592055823938,7.105475040257649,0.10064412238325282,1.0131508319914118,
104,13.446054750402576,37.96967257112185,27.388620504562535,8.085077831454644,3.9519592055823938,8.044820182501342,0.10064412238325282,1.0131508319914118,
105,13.734567901234568,37.92941492216855,27.274557165861513,7.950885668276973,3.9519592055823938,8.044820182501342,0.10064412238325282,1.0131508319914118,
106,13.841921631776705,37.84219001610306,27.254428341384862,7.950885668276973,3.9519592055823938,8.044820182501342,0.10064412238325282,1.0131508319914118,
107,13.754696725711218,32.49463231347289,27.214170692431562,7.924047235641439,3.9519592055823938,13.546698872785829,0.10064412238325282,1.0131508319914118,
108,13.855340848094471,32.47450348899624,27.180622651637144,7.924047235641439,3.9519592055823938,13.499731615673644,0.10064412238325282,1.0131508319914118,
109,13.996242619431026,32.44095544820183,27.140365002683843,7.917337627482555,3.92512077294686,13.466183574879228,0.10064412238325282,1.0131508319914118,
110,14.224369296833064,32.400697799248526,26.979334406870638,7.917337627482555,3.92512077294686,13.439345142243694,0.10064412238325282,1.0131508319914118,
111,13.459473966720344,32.55501878690284,25.087224906065487,7.87037037037037,7.024959742351046,13.137412775093935,0.10064412238325282,0.7648953301127214,
112,13.506441223832528,31.95115405260333,24.832259796027913,7.87037037037037,7.024959742351046,12.93612453032743,0.10064412238325282,1.778046162104133,
113,13.539989264626946,31.91760601180891,24.832259796027913,7.87037037037037,7.024959742351046,12.93612453032743,0.10064412238325282,1.778046162104133,
114,13.707729468599034,31.796833064949006,24.818840579710145,7.87037037037037,6.991411701556629,12.93612453032743,0.10064412238325282,1.778046162104133,
115,13.821792807300053,31.233225979602793,24.738325281803544,11.889425657541599,6.991411701556629,9.447128287707997,0.10064412238325282,1.778046162104133,
116,13.976113794954374,31.072195383789587,24.590713902308106,11.889425657541599,6.977992485238862,9.614868491680086,0.10064412238325282,1.778046162104133,
117,14.036500268384327,31.072195383789587,24.590713902308106,11.855877616747183,6.977992485238862,9.588030059044552,0.10064412238325282,1.778046162104133,
118,14.06333870101986,31.072195383789587,24.590713902308106,11.829039184111648,6.977992485238862,9.588030059044552,0.10064412238325282,1.778046162104133,
119,14.184111647879764,29.663177670424048,24.114331723027377,13.560118089103597,10.373054213633925,6.951154052603328,0.10064412238325282,1.0534084809447128,
120,13.425925925925926,30.689747718733226,23.698336017176597,13.533279656468062,10.279119699409554,7.219538378958669,0.10064412238325282,1.0534084809447128,
121,13.593666129898015,30.649490069779926,23.658078368223297,13.506441223832528,10.218733225979603,7.219538378958669,0.10064412238325282,1.0534084809447128,
122,13.600375738056897,30.64278046162104,23.658078368223297,13.506441223832528,10.218733225979603,7.219538378958669,0.10064412238325282,1.0534084809447128,
123,13.654052603327965,30.629361245303276,23.64465915190553,13.479602791196994,10.218733225979603,7.219538378958669,0.10064412238325282,1.0534084809447128,
124,13.895598497047773,30.46833064949007,23.63123993558776,13.41250670960816,10.218733225979603,7.219538378958669,0.10064412238325282,1.0534084809447128,
125,14.103596349973161,30.273752012882447,23.63123993558776,13.41250670960816,10.205314009661835,7.219538378958669,0.10064412238325282,1.0534084809447128,
126,14.130434782608695,30.273752012882447,23.55072463768116,13.385668276972625,10.178475577026301,7.219538378958669,0.10064412238325282,1.0534084809447128,0.10735373054213634
127,14.2914653784219,30.22007514761138,23.470209339774556,13.385668276972625,10.178475577026301,7.192699946323135,0.10064412238325282,1.0534084809447128,0.10735373054213634
128,14.331723027375201,30.193236714975846,23.45679012345679,13.385668276972625,10.178475577026301,7.192699946323135,0.10064412238325282,1.0534084809447128,0.10735373054213634
129,14.40552871712292,30.193236714975846,23.409822866344605,13.385668276972625,10.151637144390767,7.192699946323135,0.10064412238325282,1.0534084809447128,0.10735373054213634
130,14.465915190552872,29.770531400966185,22.77241009125067,13.345410628019323,10.144927536231885,8.239398819108963,0.10064412238325282,1.0534084809447128,0.10735373054213634
131,14.526301663982823,29.757112184648417,22.73886205045625,13.345410628019323,10.131508319914117,8.239398819108963,0.10064412238325282,1.0534084809447128,0.10735373054213634
132,14.63365539452496,28.972088030059044,22.50402576489533,13.345410628019323,11.044015029522276,8.239398819108963,0.10064412238325282,1.0534084809447128,0.10735373054213634
133,14.680622651637144,28.965378421900162,22.41009125067096,13.345410628019323,11.023886205045626,8.239398819108963,0.24825550187869028,0.9796027911969941,0.10735373054213634
134,15.063070316693505,28.73725174449812,22.403381642512077,13.318572195383789,10.903113258185721,8.239398819108963,0.24825550187869028,0.9796027911969941,0.10735373054213634
135,15.076489533011273,28.710413311862588,22.148416532474503,13.318572195383789,11.198336017176597,8.21256038647343,0.24825550187869028,0.9796027911969941,0.10735373054213634
136,15.197262479871176,28.67686527106817,22.108158883521202,13.305152979066023,11.16478797638218,8.21256038647343,0.24825550187869028,0.9796027911969941,0.10735373054213634
137,15.103327965646805,28.495705850778315,21.77938808373591,13.305152979066023,11.16478797638218,8.816425120772946,0.24825550187869028,0.9796027911969941,0.10735373054213634
138,15.257648953301127,28.415190552871714,21.76596886741814,13.264895330112722,11.16478797638218,8.809715512614064,0.23483628556092323,0.9796027911969941,0.10735373054213634
139,15.257648953301127,27.549651100375737,21.752549651100377,11.641170155662909,14.801395598497047,7.675791733762749,0.23483628556092323,0.9796027911969941,0.10735373054213634
140,15.311325818572195,27.542941492216855,21.72571121846484,11.627750939345143,14.801395598497047,7.669082125603865,0.23483628556092323,0.9796027911969941,0.10735373054213634
141,15.445517981749866,27.408749329039185,21.598228663446054,11.426462694578637,15.143585614600108,7.6556629092860975,0.23483628556092323,0.9796027911969941,0.10735373054213634
142,15.237520128824476,26.529790660225444,21.591519055287172,12.52012882447665,15.143585614600108,7.6556629092860975,0.23483628556092323,0.9796027911969941,0.10735373054213634
143,15.398550724637682,26.50966183574879,21.564680622651636,12.426194310252281,15.143585614600108,7.635534084809447,0.23483628556092323,0.9796027911969941,0.10735373054213634
144,15.4723564143854,26.50966183574879,21.557971014492754,12.399355877616747,15.103327965646805,7.635534084809447,0.23483628556092323,0.9796027911969941,0.10735373054213634
145,15.566290928609769,26.321792807300053,21.557971014492754,12.372517444981213,15.076489533011273,7.7831454643048845,0.23483628556092323,0.9796027911969941,0.10735373054213634
146,15.136876006441224,26.89210950080515,21.511003757380568,12.372517444981213,15.01610305958132,7.7831454643048845,0.23483628556092323,0.9796027911969941,0.07380568974771873
147,15.177133655394526,26.89210950080515,21.511003757380568,12.332259796027913,15.01610305958132,7.7831454643048845,0.23483628556092323,0.9796027911969941,0.07380568974771873
148,15.58641975308642,26.86527106816962,21.289586688137412,12.191358024691358,15.002683843263553,7.776435856146001,0.23483628556092323,0.9796027911969941,0.07380568974771873
149,15.640096618357488,26.838432635534083,21.289586688137412,12.164519592055823,15.002683843263553,7.776435856146001,0.23483628556092323,0.9796027911969941,0.07380568974771873
150,16.324476650563607,26.288244766505635,21.22249060654858,12.151100375738057,14.962426194310252,7.763016639828234,0.23483628556092323,0.9796027911969941,0.07380568974771873
151,15.552871712292003,25.731347289318304,20.034889962426195,12.030327428878154,17.733494363929147,7.628824476650563,0.23483628556092323,0.9796027911969941,0.07380568974771873
152,15.60654857756307,25.523349436392916,20.034889962426195,12.030327428878154,17.68652710681696,7.830112721417069,0.23483628556092323,0.9796027911969941,0.07380568974771873
153,15.68035426731079,25.523349436392916,20.021470746108427,12.634192163177671,17.05582393988191,7.830112721417069,0.2281266774020397,0.95276435856146,0.07380568974771873
154,15.96886741814278,25.503220611916262,20.00805152979066,12.533548040794418,17.028985507246375,7.702630166398282,0.2281266774020397,0.95276435856146,0.07380568974771873
155,16.183574879227052,25.275093934514224,19.92753623188406,12.506709608158884,17.028985507246375,7.823403113258186,0.2281266774020397,0.95276435856146,0.07380568974771873
156,16.163446054750402,25.234836285560924,19.296833064949006,12.506709608158884,17.028985507246375,7.823403113258186,0.9393451422436929,0.9326355340848095,0.07380568974771873
157,16.27079978529254,25.234836285560924,19.26328502415459,12.432903918411165,17.028985507246375,7.823403113258186,0.9393451422436929,0.9326355340848095,0.07380568974771873
158,16.371443907675793,24.966451959205582,19.26328502415459,12.432903918411165,17.002147074610843,8.017981749865807,0.9393451422436929,0.9326355340848095,0.07380568974771873
159,16.492216854535695,24.852388620504563,19.243156199677937,12.392646269457863,16.961889425657542,8.111916264090176,0.9393451422436929,0.9326355340848095,0.07380568974771873
160,16.304347826086957,23.792270531400966,17.559044551798173,14.465915190552872,16.881374127750938,6.078904991948471,0.9393451422436929,3.9049919484702094,0.07380568974771873
161,16.358024691358025,23.738593666129898,17.559044551798173,14.465915190552872,16.881374127750938,6.078904991948471,0.9393451422436929,3.9049919484702094,0.07380568974771873
162,16.606280193236714,23.738593666129898,17.458400429414922,14.318303811057435,16.881374127750938,6.078904991948471,0.9393451422436929,3.9049919484702094,0.07380568974771873
163,16.27750939345142,21.74584004294149,17.384594739667204,18.5654857756307,15.74074074074074,5.367686527106817,0.9393451422436929,3.9049919484702094,0.07380568974771873
164,16.33118625872249,21.69887278582931,17.384594739667204,18.5654857756307,15.74074074074074,5.360976918947934,0.9393451422436929,3.9049919484702094,0.07380568974771873
165,16.391572732152444,21.68545356951154,17.357756307031668,18.552066559312937,15.74074074074074,5.35426731078905,0.9393451422436929,3.9049919484702094,0.07380568974771873
166,16.63311862587225,21.544551798174986,17.290660225442835,18.5252281266774,15.841384863123993,5.260332796564681,0.9393451422436929,3.8915727321524423,0.07380568974771873
167,16.74718196457327,21.511003757380568,17.002147074610843,18.5252281266774,15.827965646806227,5.22007514761138,1.2010198604401503,3.8915727321524423,0.07380568974771873
168,16.297638217928075,21.28287707997853,20.25630703166935,18.089103596349972,13.687600644122384,5.22007514761138,1.2010198604401503,3.8915727321524423,0.07380568974771873
169,16.458668813741276,21.28287707997853,20.25630703166935,17.92807300053677,13.687600644122384,5.22007514761138,1.2010198604401503,3.8915727321524423,0.07380568974771873
170,16.505636070853463,21.276167471819647,20.25630703166935,17.887815351583466,13.687600644122384,5.22007514761138,1.2010198604401503,3.8915727321524423,0.07380568974771873
171,16.586151368760063,21.276167471819647,20.222758990874933,17.8743961352657,13.654052603327965,5.22007514761138,1.2010198604401503,3.8915727321524423,0.07380568974771873
172,17.290660225442835,20.658883521202362,20.222758990874933,17.860976918947934,13.6406333870102,5.045625335480408,1.3150831991411702,3.8915727321524423,0.07380568974771873
173,17.330917874396135,20.632045088566827,20.222758990874933,17.847557702630166,13.6406333870102,5.045625335480408,1.3150831991411702,3.8915727321524423,0.07380568974771873
174,17.498658078368223,20.564949006977994,20.175791733762747,17.773752012882447,13.43263553408481,5.045625335480408,1.5432098765432098,3.8915727321524423,0.07380568974771873
175,17.67981749865808,20.538110574342458,20.108695652173914,17.767042404723565,13.378958668813741,5.018786902844874,1.5432098765432098,3.8915727321524423,0.07380568974771873
176,17.773752012882447,20.538110574342458,20.075147611379496,17.733494363929147,13.378958668813741,5.018786902844874,1.5163714439076759,3.8915727321524423,0.07380568974771873
177,17.847557702630166,20.538110574342458,20.055018786902846,17.67981749865808,13.378958668813741,5.018786902844874,1.5163714439076759,3.8915727321524423,0.07380568974771873
178,17.8743961352657,20.531400966183575,20.034889962426195,17.67981749865808,13.378958668813741,5.018786902844874,1.5163714439076759,3.8915727321524423,0.07380568974771873
179,17.92807300053677,20.531400966183575,20.02818035426731,17.639559849704778,13.372249060654857,5.018786902844874,1.5163714439076759,3.8915727321524423,0.07380568974771873
180,18.109232420826622,20.531400966183575,19.900697799248523,17.639559849704778,13.372249060654857,4.9651100375738055,1.5163714439076759,3.8915727321524423,0.07380568974771873
181,18.209876543209877,20.531400966183575,19.867149758454108,17.639559849704778,13.372249060654857,4.9651100375738055,1.5096618357487923,3.8311862587224907,0.07380568974771873
182,18.46484165324745,20.50456253354804,19.847020933977454,17.632850241545892,13.170960815888352,4.9651100375738055,1.5096618357487923,3.8311862587224907,0.07380568974771873
183,18.572195383789587,20.48443370907139,19.82018250134192,17.632850241545892,13.150831991411701,4.924852388620504,1.5096618357487923,3.8311862587224907,0.07380568974771873
184,18.5252281266774,20.46430488459474,19.64573268921095,17.58588298443371,13.714439076757918,4.87788513150832,1.2815351583467525,3.8311862587224907,0.07380568974771873
185,18.572195383789587,20.44417606011809,19.6256038647343,17.45169082125604,13.714439076757918,4.87788513150832,1.4090177133655395,3.8311862587224907,0.07380568974771873
186,18.894256575415994,20.343531937734838,19.6256038647343,17.398013955984972,13.573537305421363,4.851046698872786,1.4090177133655395,3.8311862587224907,0.07380568974771873
187,19.061996779388085,20.336822329575952,19.578636607622116,17.371175523349436,13.519860440150294,4.817498658078368,1.4090177133655395,3.8311862587224907,0.07380568974771873
188,18.45813204508857,20.175791733762747,20.73268921095008,17.07595276435856,13.506441223832528,4.736983360171766,1.4090177133655395,3.8311862587224907,0.07380568974771873
189,18.84728931830381,20.055018786902846,20.719269994632313,16.961889425657542,13.459473966720344,4.676596886741814,1.4090177133655395,3.797638217928073,0.07380568974771873
190,18.98148148148148,20.041599570585078,20.719269994632313,16.901502952227588,13.399087493290391,4.676596886741814,1.4090177133655395,3.797638217928073,0.07380568974771873
191,19.03515834675255,20.00805152979066,20.719269994632313,16.901502952227588,13.378958668813741,4.676596886741814,1.4090177133655395,3.797638217928073,0.07380568974771873
192,19.068706387546968,19.994632313472895,20.517981749865807,16.901502952227588,13.365539452495975,4.676596886741814,1.4090177133655395,3.992216854535695,0.07380568974771873
193,19.196188942565755,19.994632313472895,20.46430488459474,16.901502952227588,13.291733762748256,4.676596886741814,1.4090177133655395,3.992216854535695,0.07380568974771873
194,19.424315619967793,19.91411701556629,20.44417606011809,16.901502952227588,13.170960815888352,4.669887278582931,1.4090177133655395,3.992216854535695,0.07380568974771873
195,19.57192699946323,19.91411701556629,20.417337627482556,16.861245303274288,13.117283950617283,4.669887278582931,1.3821792807300053,3.992216854535695,0.07380568974771873
196,19.51154052603328,19.290123456790123,20.417337627482556,14.479334406870638,16.317767042404725,4.53569511540526,1.3821792807300053,3.992216854535695,0.07380568974771873
197,19.57192699946323,19.28341384863124,20.38378958668814,14.479334406870638,16.297638217928075,4.53569511540526,1.3821792807300053,3.992216854535695,0.07380568974771873
198,19.91411701556629,19.229736983360173,20.29656468062265,14.459205582393988,16.14331723027375,4.53569511540526,1.3821792807300053,3.965378421900161,0.07380568974771873
199,19.746376811594203,18.605743424584006,20.041599570585078,14.42565754159957,17.324208266237253,4.435050993022007,1.3821792807300053,3.965378421900161,0.07380568974771873
200,20.02818035426731,18.552066559312937,19.826892109500804,14.412238325281804,17.324208266237253,4.435050993022007,1.3821792807300053,3.965378421900161,0.07380568974771873
201,20.041599570585078,18.552066559312937,19.826892109500804,14.412238325281804,17.310789049919485,4.435050993022007,1.3821792807300053,3.965378421900161,0.07380568974771873
202,20.209339774557165,18.49838969404187,19.826892109500804,14.378690284487385,17.270531400966185,4.435050993022007,1.3821792807300053,3.92512077294686,0.07380568974771873
203,20.30998389694042,18.49838969404187,19.75979602791197,14.378690284487385,17.270531400966185,4.435050993022007,1.3486312399355878,3.92512077294686,0.07380568974771873
204,20.088566827697264,18.726516371443907,19.679280730005367,14.378690284487385,17.20343531937735,4.575952764358561,1.3486312399355878,3.92512077294686,0.07380568974771873
205,20.041599570585078,18.54535695115405,19.659151905528716,14.626945786366075,17.20343531937735,4.575952764358561,1.3486312399355878,3.92512077294686,0.07380568974771873
206,20.108695652173914,18.511808910359633,19.64573268921095,14.626945786366075,17.183306494900698,4.575952764358561,1.3486312399355878,3.92512077294686,0.07380568974771873
207,20.148953301127214,18.511808910359633,19.64573268921095,14.626945786366075,17.14975845410628,4.575952764358561,1.3486312399355878,3.9184111647879765,0.07380568974771873
208,20.37037037037037,18.491680085882983,19.64573268921095,14.479334406870638,17.09608158883521,4.575952764358561,1.3486312399355878,3.9184111647879765,0.07380568974771873
209,20.67230273752013,18.417874396135264,19.592055823939884,14.479334406870638,16.968599033816425,4.528985507246377,1.3486312399355878,3.9184111647879765,0.07380568974771873
210,20.759527643585614,18.391035963499732,19.592055823939884,14.445786366076222,16.941760601180892,4.528985507246377,1.3486312399355878,3.9184111647879765,0.07380568974771873
211,20.873590982286636,18.377616747181964,19.363929146537842,14.398819108964037,16.935050993022006,4.7101449275362315,1.3486312399355878,3.9184111647879765,0.07380568974771873
212,20.813204508856682,18.377616747181964,19.363929146537842,14.398819108964037,16.99543746645196,4.7101449275362315,1.3486312399355878,3.9184111647879765,0.07380568974771873
213,21.034621578099838,18.377616747181964,19.363929146537842,14.298174986580785,16.97530864197531,4.643048845947397,1.3486312399355878,3.8848631239935587,0.07380568974771873
214,21.135265700483092,18.35077831454643,19.363929146537842,14.257917337627482,16.97530864197531,4.643048845947397,1.3486312399355878,3.851315083199141,0.07380568974771873
215,21.215780998389693,18.109232420826622,18.988191089640367,14.915458937198068,16.955179817498657,4.602791196994096,1.3486312399355878,3.7909286097691894,0.07380568974771873
216,21.544551798174986,18.04213633923779,18.726516371443907,14.915458937198068,16.955179817498657,4.602791196994096,1.3486312399355878,3.7909286097691894,0.07380568974771873
217,21.618357487922705,18.02200751476114,18.71309715512614,14.915458937198068,16.955179817498657,4.5893719806763285,1.3486312399355878,3.7640901771336552,0.07380568974771873
218,21.71900161030596,18.015297906602253,18.679549114331724,14.908749329039184,16.914922168545356,4.582662372517445,1.3419216317767042,3.7640901771336552,0.07380568974771873
219,21.72571121846484,18.015297906602253,18.679549114331724,14.908749329039184,16.908212560386474,4.582662372517445,1.3419216317767042,3.7640901771336552,0.07380568974771873
220,21.72571121846484,18.015297906602253,18.679549114331724,14.908749329039184,16.908212560386474,4.582662372517445,1.3419216317767042,3.7640901771336552,0.07380568974771873
221,21.973966720343533,17.975040257648953,18.5252281266774,14.888620504562533,16.740472356414386,4.53569511540526,1.3419216317767042,3.9452495974235107,0.07380568974771873
222,22.034353193773484,17.961621041331185,18.50509930220075,14.861782071927,16.740472356414386,4.53569511540526,1.3419216317767042,3.9452495974235107,0.07380568974771873
223,21.81964573268921,17.767042404723565,19.108964036500268,14.801395598497047,16.71363392377885,4.428341384863124,1.3419216317767042,3.9452495974235107,0.07380568974771873
224,21.833064949006978,17.767042404723565,19.108964036500268,14.801395598497047,16.700214707461082,4.428341384863124,1.3419216317767042,3.9452495974235107,0.07380568974771873
225,22.12157809983897,17.652979066022546,19.108964036500268,14.673913043478262,16.6532474503489,4.428341384863124,1.3419216317767042,3.9452495974235107,0.07380568974771873
226,22.04777241009125,17.37788513150832,19.088835212023618,15.049651100375739,16.6532474503489,4.42163177670424,1.3419216317767042,3.9452495974235107,0.07380568974771873
227,22.04777241009125,17.37788513150832,19.088835212023618,15.049651100375739,16.6532474503489,4.42163177670424,1.3419216317767042,3.9452495974235107,0.07380568974771873
228,22.067901234567902,17.236983360171767,19.216317767042405,15.049651100375739,16.646537842190018,4.42163177670424,1.3419216317767042,3.9452495974235107,0.07380568974771873
229,22.108158883521202,17.236983360171767,19.216317767042405,15.029522275899087,16.626409017713364,4.42163177670424,1.3419216317767042,3.9452495974235107,0.07380568974771873
230,22.34970477724101,17.236983360171767,19.216317767042405,14.962426194310252,16.451959205582394,4.42163177670424,1.3419216317767042,3.9452495974235107,0.07380568974771873
231,21.806226516371442,16.61969940955448,19.0552871712292,17.28395061728395,15.499194847020934,4.414922168545357,1.3419216317767042,3.9049919484702094,0.07380568974771873
232,21.960547504025765,16.552603327965645,19.028448738593667,17.277241009125067,15.465646806226516,4.408212560386473,1.3419216317767042,3.8915727321524423,0.07380568974771873
233,22.000805152979066,16.552603327965645,19.0150295222759,17.277241009125067,15.465646806226516,4.38137412775094,1.3419216317767042,3.8915727321524423,0.07380568974771873
234,22.114868491680085,16.532474503488995,19.0150295222759,17.236983360171767,15.418679549114332,4.374664519592056,1.3419216317767042,3.8915727321524423,0.07380568974771873
235,22.29602791196994,16.532474503488995,18.99490069779925,17.136339237788512,15.365002683843263,4.367954911433173,1.3419216317767042,3.8915727321524423,0.07380568974771873
236,22.443639291465377,16.51905528717123,18.947933440687063,17.082662372517444,15.331454643048845,4.367954911433173,1.3419216317767042,3.8915727321524423,0.07380568974771873
237,22.624798711755233,16.418411164787976,18.914385399892645,16.97530864197531,15.291196994095545,4.468599033816425,1.3419216317767042,3.8915727321524423,0.07380568974771873
238,22.65834675254965,16.418411164787976,18.88083735909823,16.97530864197531,15.291196994095545,4.468599033816425,1.3419216317767042,3.8915727321524423,0.07380568974771873
239,22.65834675254965,16.418411164787976,18.88083735909823,16.97530864197531,15.291196994095545,4.468599033816425,1.3419216317767042,3.8915727321524423,0.07380568974771873
240,22.779119699409556,16.418411164787976,18.84728931830381,16.948470209339774,15.230810520665592,4.468599033816425,1.3419216317767042,3.8915727321524423,0.07380568974771873
241,22.940150295222757,16.404991948470208,18.69296833064949,16.888083735909824,14.801395598497047,4.461889425657541,1.3419216317767042,4.394793344068707,0.07380568974771873
242,23.101180891035963,16.371443907675793,18.686258722490606,16.881374127750938,14.700751476113794,4.461889425657541,1.328502415458937,4.394793344068707,0.07380568974771873
243,23.13472893183038,16.337895866881375,18.686258722490606,16.881374127750938,14.700751476113794,4.461889425657541,1.328502415458937,4.394793344068707,0.07380568974771873
244,23.14814814814815,16.337895866881375,18.67283950617284,16.881374127750938,14.700751476113794,4.461889425657541,1.328502415458937,4.394793344068707,0.07380568974771873
245,23.32259796027912,16.337895866881375,18.511808910359633,16.874664519592056,14.700751476113794,4.461889425657541,1.3217928073000538,4.394793344068707,0.07380568974771873
246,23.62453032742888,16.324476650563607,18.417874396135264,16.841116478797638,14.593397745571659,4.448470209339774,1.3217928073000538,4.3545356951154055,0.07380568974771873
247,23.57085346215781,16.056092324208265,18.337359098228664,16.774020397208805,14.875201288244767,4.461889425657541,1.3217928073000538,4.528985507246377,0.07380568974771873
248,23.637949543746647,15.888352120236178,18.337359098228664,16.774020397208805,14.875201288244767,4.562533548040794,1.3217928073000538,4.528985507246377,0.07380568974771873
249,23.825818572195384,15.747450348899624,18.270263016639827,16.639828234031132,14.834943639291465,4.757112184648417,1.3217928073000538,4.528985507246377,0.07380568974771873
250,23.731884057971016,15.505904455179817,18.706387546967257,16.639828234031132,14.734299516908212,4.757112184648417,1.3217928073000538,4.528985507246377,0.07380568974771873
251,23.731884057971016,15.505904455179817,18.706387546967257,16.639828234031132,14.734299516908212,4.757112184648417,1.3217928073000538,4.528985507246377,0.07380568974771873
252,23.765432098765434,15.438808373590982,18.10252281266774,17.277241009125067,14.734299516908212,4.757112184648417,1.3217928073000538,4.528985507246377,0.07380568974771873
253,23.845947396672035,15.385131508319914,18.10252281266774,17.250402576489535,14.734299516908212,4.757112184648417,1.3217928073000538,4.528985507246377,0.07380568974771873
254,23.879495437466453,15.378421900161031,17.632850241545892,17.787171229200215,14.640365002683843,4.757112184648417,1.3217928073000538,4.528985507246377,0.07380568974771873
255,24.013687600644122,15.33816425120773,17.612721417069242,17.767042404723565,14.251207729468598,4.757112184648417,1.3217928073000538,4.864465915190553,0.07380568974771873
256,24.053945249597422,15.183843263553408,17.58588298443371,17.767042404723565,14.251207729468598,4.898013955984971,1.3217928073000538,4.864465915190553,0.07380568974771873
257,23.832528180354267,15.03623188405797,17.767042404723565,17.76033279656468,14.04320987654321,4.830917874396135,1.3217928073000538,5.3341384863123995,0.07380568974771873
