,45,50,51,55,52,53,54,56,57
0,96.64519592055824,3.3548040794417604,,,,,,,
1,96.64519592055824,3.3548040794417604,,,,,,,
2,84.75577026301664,15.24422973698336,,,,,,,
3,61.560654857756305,38.439345142243695,,,,,,,
4,61.62775093934514,38.37224906065486,,,,,,,
5,60.65485775630703,33.561460010735374,5.783682232957595,,,,,,
6,60.65485775630703,33.561460010735374,5.783682232957595,,,,,,
7,60.65485775630703,31.508319914117017,5.783682232957595,2.0531400966183573,,,,,
8,60.89640365002684,31.32716049382716,5.723295759527644,2.0531400966183573,,,,,
9,52.53623188405797,29.528985507246375,13.580246913580247,2.0531400966183573,2.301395598497048,,,,
10,50.046967257112186,33.12533548040794,12.842190016103059,0.9125067096081588,3.0730005367686526,,,,
11,50.1610305958132,33.011272141706925,12.842190016103059,0.9125067096081588,3.0730005367686526,,,,
12,47.57783145464305,32.809983896940416,13.942565754159958,0.9125067096081588,0.8990874932903918,3.569511540526033,0.2885131508319914,,
13,47.28260869565217,31.07890499194847,16.478797638217927,0.4025764895330113,0.8990874932903918,3.569511540526033,0.2885131508319914,,
14,40.43880837359098,31.146001073537306,22.906602254428343,0.5300590445517982,0.8990874932903918,3.556092324208266,0.5233494363929146,,
15,38.969404186795494,26.442565754159958,29.025764895330113,0.5300590445517982,0.8990874932903918,3.455448201825013,0.6776704240472357,,
16,38.92914653784219,25.43612453032743,31.964573268921097,0.5300590445517982,0.49651100375738055,2.4892646269457863,0.15432098765432098,,
17,36.600912506709605,23.49704777241009,38.43263553408481,0.5300590445517982,0.49651100375738055,0.2885131508319914,0.15432098765432098,,
18,36.64787976382179,22.779119699409556,36.00375738056898,0.36902844873859364,3.7573805689747717,0.2885131508319914,0.15432098765432098,,
19,29.51556629092861,26.878690284487387,38.74127750939345,0.36902844873859364,3.730542136339238,0.2885131508319914,0.47638217928073,,
20,24.792002147074612,21.370101986044016,49.27536231884058,0.2147074610842727,3.730542136339238,0.2885131508319914,0.32877079978529256,,
21,24.731615673644658,21.484165324745035,49.22168545356951,0.2147074610842727,3.730542136339238,0.2885131508319914,0.32877079978529256,,
22,24.738325281803544,21.484165324745035,48.97342995169082,0.4562533548040794,3.730542136339238,0.2885131508319914,0.32877079978529256,,
23,23.121309715512613,21.423778851315085,50.6508319914117,0.4562533548040794,3.730542136339238,0.2885131508319914,0.32877079978529256,,
24,20.222758990874933,17.914653784219002,57.53488996242619,0.4562533548040794,3.2541599570585076,0.2885131508319914,0.32877079978529256,,
25,20.71256038647343,17.67981749865808,57.52147074610843,0.2147074610842727,3.2541599570585076,0.2885131508319914,0.32877079978529256,,
26,16.418411164787976,7.702630166398282,72.71202361782072,0.2147074610842727,2.341653247450349,0.2885131508319914,0.322061191626409,,
27,16.465378421900162,7.702630166398282,72.66505636070853,0.2147074610842727,2.341653247450349,0.2885131508319914,0.322061191626409,,
28,16.337895866881375,7.494632313472893,72.77911969940955,0.2147074610842727,2.341653247450349,0.2885131508319914,0.322061191626409,0.2214170692431562,
29,16.404991948470208,7.494632313472893,72.71202361782072,0.2147074610842727,2.341653247450349,0.2885131508319914,0.322061191626409,0.2214170692431562,
30,12.526838432635534,6.977992485238862,68.15619967793882,0.2147074610842727,7.87037037037037,4.019055287171229,0.013419216317767043,0.2214170692431562,
31,12.74825550187869,6.850509930220075,67.02898550724638,0.2147074610842727,7.87037037037037,4.019055287171229,0.013419216317767043,1.2546967257112185,
32,12.607353730542137,6.830381105743425,66.10976918947934,0.2147074610842727,7.50805152979066,4.019055287171229,1.4559849704777241,1.2546967257112185,
33,12.808641975308642,6.78341384863124,65.955448201825,0.2147074610842727,7.50805152979066,4.019055287171229,1.4559849704777241,1.2546967257112185,
34,10.44015029522276,29.28743961352657,45.6454643048846,0.040257648953301126,6.501610305958132,7.2933440687063875,0.5703166935050993,0.2214170692431562,
35,10.513955984970478,29.240472356414386,45.61862587224906,0.040257648953301126,6.501610305958132,7.2933440687063875,0.5703166935050993,0.2214170692431562,
36,10.601180891035963,29.186795491143318,45.58507783145464,0.040257648953301126,6.501610305958132,7.2933440687063875,0.5703166935050993,0.2214170692431562,
37,10.72866344605475,29.05931293612453,45.58507783145464,0.040257648953301126,6.501610305958132,7.2933440687063875,0.5703166935050993,0.2214170692431562,
38,10.84272678475577,28.992216854535695,45.53811057434246,0.040257648953301126,6.501610305958132,7.2933440687063875,0.5703166935050993,0.2214170692431562,
39,11.117820719269995,27.596618357487923,45.1154052603328,1.4358561460010735,5.005367686527107,7.2933440687063875,2.214170692431562,0.2214170692431562,
40,10.802469135802468,27.375201288244767,51.892109500805155,1.4358561460010735,1.3083735909822867,6.629092860976919,0.5568974771873323,,
41,8.93719806763285,24.02710681696189,57.10547504025765,1.4358561460010735,1.3083735909822867,6.629092860976919,0.5568974771873323,,
42,8.970746108427267,22.054482018250134,60.909822866344605,1.4358561460010735,1.3083735909822867,5.320719269994632,,,
43,9.104938271604938,22.054482018250134,57.48792270531401,1.4358561460010735,4.5960815888352125,5.320719269994632,,,
44,9.084809447128288,22.054482018250134,59.15861513687601,1.4358561460010735,2.945517981749866,5.320719269994632,,,
45,9.25925925925926,22.0276435856146,59.07139023081052,1.4358561460010735,2.945517981749866,5.260332796564681,,,
46,9.292807300053678,20.79307568438003,58.99087493290392,2.717391304347826,2.945517981749866,5.260332796564681,,,
47,9.373322597960279,20.74610842726785,58.99087493290392,2.6838432635534084,2.945517981749866,5.260332796564681,,,
48,9.426999463231347,20.719269994632313,58.99087493290392,2.6838432635534084,2.945517981749866,5.233494363929147,,,
49,9.480676328502415,20.719269994632313,58.9573268921095,2.6838432635534084,2.945517981749866,5.213365539452496,,,
50,9.668545356951155,20.705850778314545,58.823134728931834,2.657004830917874,2.932098765432099,5.213365539452496,,,
51,9.655126140633387,16.150026838432634,58.742619431025226,1.4358561460010735,8.82313472893183,5.193236714975845,,,
52,9.326355340848094,16.069511540526033,59.15190552871712,1.4358561460010735,8.82313472893183,5.193236714975845,,,
53,9.453837895866881,16.069511540526033,59.0378421900161,1.4358561460010735,8.809715512614064,5.193236714975845,,,
54,9.77589908749329,16.06280193236715,58.863392377885134,1.4358561460010735,8.78287707997853,5.0791733762748255,,,
55,10.044283413848632,16.056092324208265,57.6154052603328,1.4358561460010735,8.668813741277509,6.179549114331723,,,
56,10.077831454643048,16.022544283413847,57.6154052603328,1.4358561460010735,8.668813741277509,6.179549114331723,,,
57,10.205314009661835,15.975577026301664,57.55501878690284,1.4358561460010735,8.668813741277509,6.159420289855072,,,
58,10.077831454643048,15.975577026301664,57.68250134192163,1.4358561460010735,8.668813741277509,6.159420289855072,,,
59,10.218733225979603,15.96886741814278,57.56843800322061,1.4358561460010735,8.668813741277509,6.139291465378422,,,
60,10.466988727858293,15.754159957058508,56.58883521202362,1.6371443907675791,8.668813741277509,6.085614600107354,,0.798443370907139,
61,10.755501878690284,15.754159957058508,56.374127750939344,1.6371443907675791,8.655394524959743,6.025228126677402,,0.798443370907139,
62,10.856146001073537,15.70048309178744,56.36070853462158,1.6371443907675791,8.628556092324208,6.018518518518518,,0.798443370907139,
63,10.929951690821255,15.68035426731079,56.30703166935051,1.6371443907675791,8.628556092324208,6.018518518518518,,0.798443370907139,
64,10.983628556092324,15.68035426731079,56.28019323671498,1.6371443907675791,8.628556092324208,5.991680085882985,,0.798443370907139,
65,11.057434245840042,15.4723564143854,54.5222758990875,1.7310789049919484,7.729468599033816,8.68894256575416,,0.798443370907139,
66,11.399624261943103,15.4723564143854,54.33440687063875,1.7310789049919484,7.601986044015029,8.68894256575416,,0.7716049382716049,
67,11.735104669887278,15.4723564143854,54.1532474503489,1.7310789049919484,7.548309178743962,8.588298443370908,,0.7716049382716049,
68,11.782071926999464,15.163714439076758,54.09286097691895,1.7310789049919484,7.87037037037037,8.588298443370908,,0.7716049382716049,
69,11.963231347289318,15.103327965646805,54.0727321524423,1.7310789049919484,7.769726247987117,8.588298443370908,,0.7716049382716049,
70,12.305421363392378,15.103327965646805,53.89157273215244,1.7310789049919484,7.769726247987117,8.427267847557703,,0.7716049382716049,
71,12.332259796027913,15.002683843263553,51.227858293075684,1.7310789049919484,7.581857219538379,11.352657004830919,,0.7716049382716049,
72,12.144390767579173,15.002683843263553,50.95276435856146,1.7310789049919484,8.051529790660226,11.345947396672035,,0.7716049382716049,
73,12.31213097155126,15.002683843263553,50.87224906065486,1.7310789049919484,8.051529790660226,11.258722490606548,,0.7716049382716049,
74,12.406065485775631,14.989264626945786,50.80515297906602,1.7310789049919484,8.051529790660226,11.245303274288782,,0.7716049382716049,
75,12.600644122383253,14.834943639291465,50.46296296296296,1.8853998926462694,8.051529790660226,11.245303274288782,,0.9192163177670424,
76,12.86231884057971,14.794685990338165,50.28180354267311,1.8853998926462694,8.038110574342458,11.218464841653248,,0.9192163177670424,
77,8.21256038647343,13.170960815888352,57.10547504025765,1.8853998926462694,7.48792270531401,11.218464841653248,,0.9192163177670424,
78,8.568169618894256,13.023349436392914,56.96457326892109,1.8853998926462694,7.48792270531401,11.151368760064413,,0.9192163177670424,
79,8.82313472893183,13.023349436392914,56.74986580783682,1.8853998926462694,7.447665056360709,11.151368760064413,,0.9192163177670424,
80,9.31964573268921,13.009930220075148,56.28019323671498,1.8853998926462694,7.447665056360709,11.137949543746645,,0.9192163177670424,
81,8.3467525496511,12.848899624261943,57.44095544820183,1.8853998926462694,7.434245840042942,11.137949543746645,,0.9057971014492754,
82,8.360171765968868,12.848899624261943,57.427536231884055,1.8853998926462694,7.434245840042942,11.137949543746645,,0.9057971014492754,
83,8.568169618894256,12.741545893719806,57.427536231884055,1.8853998926462694,7.434245840042942,11.037305421363392,,0.9057971014492754,
84,8.601717659688674,12.741545893719806,57.27321524422974,2.006172839506173,7.434245840042942,11.037305421363392,,0.9057971014492754,
85,5.0993022007514766,32.8166935050993,43.907675791733766,1.9659151905528718,6.199677938808374,8.970746108427267,,1.0399892646269457,
86,5.267042404723564,30.790391841116477,43.68625872249061,4.092860976918948,6.152710681696189,8.970746108427267,,1.0399892646269457,
87,5.065754159957058,23.678207192699947,43.39774557165862,3.797638217928073,14.123725174449811,8.896940418679549,,1.0399892646269457,
88,4.985238862050457,23.389694041867955,42.24369296833065,3.797638217928073,14.123725174449811,8.829844337090714,1.5901771336553945,1.0399892646269457,
89,5.025496511003757,23.349436392914654,42.24369296833065,3.797638217928073,14.123725174449811,8.829844337090714,1.5901771336553945,1.0399892646269457,
90,5.186527106816962,23.22866344605475,42.24369296833065,3.784219001610306,14.096886741814279,8.829844337090714,1.5901771336553945,1.0399892646269457,
91,5.293880837359098,23.22866344605475,42.17659688674181,3.784219001610306,14.096886741814279,8.789586688137414,1.5901771336553945,1.0399892646269457,
92,5.381105743424584,23.22866344605475,42.14975845410628,3.784219001610306,14.096886741814279,8.729200214707461,1.5901771336553945,1.0399892646269457,
93,5.475040257648954,23.22866344605475,42.069243156199676,3.784219001610306,14.083467525496511,8.729200214707461,1.5901771336553945,1.0399892646269457,
94,5.515297906602254,23.15485775630703,41.5727321524423,3.784219001610306,14.009661835748792,8.648684916800859,1.5901771336553945,1.724369296833065,
95,4.555823939881911,19.182769726247987,35.81588835212023,3.784219001610306,14.009661835748792,19.32367149758454,1.5901771336553945,1.737788513150832,
96,4.616210413311863,19.182769726247987,35.78234031132582,3.770799785292539,13.996242619431026,19.32367149758454,1.5901771336553945,1.737788513150832,
97,4.8443370907139025,19.182769726247987,35.601180891035966,3.770799785292539,13.996242619431026,19.276704240472355,1.5901771336553945,1.737788513150832,
98,4.958400429414922,19.182769726247987,35.41331186258722,3.770799785292539,13.862050456253355,19.189479334406872,1.8853998926462694,1.737788513150832,
99,5.12614063338701,19.16935050993022,35.23215244229737,3.911701556629093,13.808373590982287,19.176060118089104,1.8853998926462694,1.6908212560386473,
100,5.199946323134729,19.135802469135804,35.218733225979605,5.12614063338701,13.781535158346752,17.961621041331185,1.8853998926462694,1.6908212560386473,
101,5.3341384863123995,19.135802469135804,35.19189479334407,5.12614063338701,13.774825550187868,17.901234567901234,1.8451422436929683,1.6908212560386473,
102,5.434782608695652,19.135802469135804,35.15163714439077,5.12614063338701,13.714439076757918,17.901234567901234,1.8451422436929683,1.6908212560386473,
103,5.548845947396672,19.108964036500268,35.08454106280193,5.12614063338701,13.70101986044015,17.901234567901234,1.8451422436929683,1.6841116478797638,
104,4.636339237788513,19.068706387546968,39.00295222758991,5.12614063338701,13.6406333870102,15.136876006441224,1.8451422436929683,1.5432098765432098,
105,4.736983360171766,19.04186795491143,38.969404186795494,5.12614063338701,13.6406333870102,15.096618357487923,1.8451422436929683,1.5432098765432098,
106,4.931561996779388,18.19645732689211,38.79495437466452,5.991680085882985,13.291733762748256,15.096618357487923,1.8451422436929683,1.5096618357487923,0.3421900161030596
107,5.179817498658078,18.169618894256576,38.74127750939345,5.964841653247451,13.291733762748256,14.97584541062802,1.8250134192163177,1.5096618357487923,0.3421900161030596
108,5.776972624798712,17.834138486312398,38.58024691358025,5.3274288781535155,14.143853998926463,14.761137949543746,1.8250134192163177,1.4090177133655395,0.3421900161030596
109,4.998658078368224,15.230810520665592,39.05662909286098,4.730273752012883,18.02871712292002,14.761137949543746,1.5767579173376274,1.2748255501878691,0.3421900161030596
110,5.186527106816962,15.116747181964573,39.009661835748794,4.730273752012883,18.02871712292002,14.734299516908212,1.5767579173376274,1.2748255501878691,0.3421900161030596
111,5.287171229200215,15.056360708534621,39.009661835748794,4.7168545356951155,18.00187869028449,14.734299516908212,1.5767579173376274,1.2748255501878691,0.3421900161030596
112,5.045625335480408,13.727858293075684,48.97342995169082,4.146537842190016,17.995169082125603,6.91760601180891,1.5767579173376274,1.2748255501878691,0.3421900161030596
113,5.119431025228127,13.727858293075684,48.8996242619431,4.146537842190016,17.995169082125603,6.91760601180891,1.5767579173376274,1.2748255501878691,0.3421900161030596
114,5.253623188405797,13.727858293075684,48.86607622114869,4.133118625872249,17.954911433172303,6.884057971014493,1.5767579173376274,1.261406333870102,0.3421900161030596
115,5.287171229200215,13.727858293075684,48.86607622114869,4.0995705850778315,17.954911433172303,6.884057971014493,1.5767579173376274,1.261406333870102,0.3421900161030596
116,5.360976918947934,13.714439076757918,48.80568974771873,4.0995705850778315,17.954911433172303,6.884057971014493,1.5767579173376274,1.261406333870102,0.3421900161030596
117,5.381105743424584,13.385668276972625,46.24932903918411,4.0995705850778315,20.82662372517445,6.877348362855609,1.5767579173376274,1.261406333870102,0.3421900161030596
118,5.360976918947934,11.674718196457327,46.101717659688674,6.166129898013956,20.699141170155663,6.816961889425658,1.5767579173376274,1.261406333870102,0.3421900161030596
119,5.428073000536768,11.647879763821793,42.27724100912507,6.166129898013956,20.699141170155663,6.736446591519055,5.441492216854535,1.261406333870102,0.3421900161030596
120,5.60252281266774,11.647879763821793,42.2638217928073,6.146001073537305,20.578368223295758,6.736446591519055,5.421363392377885,1.261406333870102,0.3421900161030596
121,5.676328502415459,11.647879763821793,42.190016103059584,6.146001073537305,20.578368223295758,6.736446591519055,5.421363392377885,1.261406333870102,0.3421900161030596
122,5.783682232957595,11.634460547504025,42.190016103059584,6.146001073537305,20.48443370907139,6.736446591519055,5.421363392377885,1.261406333870102,0.3421900161030596
123,5.877616747181965,11.600912506709609,42.190016103059584,6.139291465378422,20.457595276435857,6.709608158883521,5.421363392377885,1.261406333870102,0.3421900161030596
124,5.998389694041868,11.600912506709609,42.1833064949007,6.132581857219538,20.35024154589372,6.709608158883521,5.421363392377885,1.261406333870102,0.3421900161030596
125,6.219806763285024,11.600912506709609,42.1430488459474,6.099033816425121,20.202630166398283,6.709608158883521,5.421363392377885,1.261406333870102,0.3421900161030596
126,6.360708534621578,11.553945249597424,42.1027911969941,6.045356951154052,20.202630166398283,6.709608158883521,5.421363392377885,1.261406333870102,0.3421900161030596
127,6.454643048845948,11.553945249597424,42.028985507246375,6.045356951154052,20.182501341921633,6.709608158883521,5.421363392377885,1.261406333870102,0.3421900161030596
128,6.629092860976919,11.486849168008588,41.948470209339774,6.045356951154052,20.155662909286097,6.709608158883521,5.421363392377885,1.261406333870102,0.3421900161030596
129,6.723027375201288,11.486849168008588,41.908212560386474,6.005099302200751,20.142243692968332,6.709608158883521,5.421363392377885,1.261406333870102,0.3421900161030596
130,6.763285024154589,11.486849168008588,41.86795491143317,6.005099302200751,19.860440150295222,6.709608158883521,5.421363392377885,1.261406333870102,0.6239935587761675
131,6.837090713902308,11.486849168008588,41.79414922168545,6.005099302200751,19.860440150295222,6.709608158883521,5.421363392377885,1.261406333870102,0.6239935587761675
132,7.139023081052066,11.439881910896403,41.76060118089104,6.005099302200751,19.73966720343532,6.608964036500268,5.421363392377885,1.261406333870102,0.6239935587761675
133,7.206119162640902,11.41304347826087,41.727053140096615,6.005099302200751,19.732957595276435,6.608964036500268,5.421363392377885,1.261406333870102,0.6239935587761675
134,7.058507783145465,10.399892646269459,41.43183038110574,5.642780461621041,18.5252281266774,8.635265700483092,5.421363392377885,2.576489533011272,0.30864197530864196
135,6.320450885668277,7.87037037037037,41.43183038110574,4.26731078904992,23.658078368223297,8.635265700483092,5.421363392377885,2.086688137412775,0.30864197530864196
136,6.709608158883521,7.836822329575953,41.33118625872249,4.26731078904992,23.564143853998928,8.494363929146537,5.421363392377885,2.0665593129361244,0.30864197530864196
137,6.810252281266774,7.716049382716049,41.25067096081589,4.26731078904992,23.161567364465917,8.494363929146537,5.421363392377885,2.5697799248523885,0.30864197530864196
138,6.642512077294686,6.977992485238862,45.65888352120236,4.703435319377348,22.685185185185187,6.4345142243692965,4.019055287171229,2.5697799248523885,0.30864197530864196
139,6.696188942565755,6.964573268921095,45.61862587224906,4.703435319377348,22.685185185185187,6.4345142243692965,4.019055287171229,2.5697799248523885,0.30864197530864196
140,6.964573268921095,6.957863660762212,45.53811057434246,4.703435319377348,22.50402576489533,6.4345142243692965,4.019055287171229,2.5697799248523885,0.30864197530864196
141,7.011540526033279,6.957863660762212,41.27079978529254,4.703435319377348,26.798174986580783,6.360708534621578,4.019055287171229,2.5697799248523885,0.30864197530864196
142,7.065217391304348,6.937734836285561,41.27079978529254,4.696725711218465,26.77133655394525,6.360708534621578,4.019055287171229,2.5697799248523885,0.30864197530864196
143,7.226247987117552,6.904186795491143,41.217122920021474,4.696725711218465,26.717659688674182,6.347289318303811,4.019055287171229,2.5697799248523885,0.30193236714975846
144,7.112184648416532,6.904186795491143,41.156736446591516,5.629361245303274,25.959473966720342,6.347289318303811,4.019055287171229,2.5697799248523885,0.30193236714975846
145,7.051798174986581,6.541867954911433,40.07648953301127,4.361245303274289,28.73054213633924,6.347289318303811,4.019055287171229,2.5697799248523885,0.30193236714975846
146,7.125603864734299,6.541867954911433,40.00939345142244,4.361245303274289,28.73054213633924,6.340579710144928,4.019055287171229,2.5697799248523885,0.30193236714975846
147,7.125603864734299,6.541867954911433,40.00939345142244,4.361245303274289,28.73054213633924,6.340579710144928,4.019055287171229,2.5697799248523885,0.30193236714975846
148,7.266505636070853,6.541867954911433,39.90874932903918,4.361245303274289,28.690284487385938,6.340579710144928,4.019055287171229,2.5697799248523885,0.30193236714975846
149,7.212828770799785,6.541867954911433,36.8894256575416,4.3545356951154055,31.568706387546968,6.333870101986044,4.019055287171229,2.7777777777777777,0.30193236714975846
150,7.306763285024155,6.508319914117015,36.85587761674718,4.3545356951154055,31.54186795491143,6.333870101986044,4.019055287171229,2.7777777777777777,0.30193236714975846
151,7.407407407407407,6.508319914117015,36.842458400429415,4.3545356951154055,31.45464304884595,6.333870101986044,4.019055287171229,2.7777777777777777,0.30193236714975846
152,7.776435856146001,6.508319914117015,36.802200751476114,4.3478260869565215,31.40096618357488,6.333870101986044,3.750670960815888,2.7777777777777777,0.30193236714975846
153,7.930756843800322,6.508319914117015,36.7686527106817,4.3478260869565215,31.280193236714975,6.333870101986044,3.750670960815888,2.7777777777777777,0.30193236714975846
154,7.997852925389157,6.468062265163715,36.64117015566291,4.3478260869565215,31.21309715512614,6.300322061191626,3.7372517444981215,2.9924852388620504,0.30193236714975846
155,8.05823939881911,6.468062265163715,36.580783682232955,4.30756843800322,30.26033279656468,6.300322061191626,4.730273752012883,2.9924852388620504,0.30193236714975846
156,8.105206655931294,6.468062265163715,36.580783682232955,4.30756843800322,30.213365539452496,6.300322061191626,4.730273752012883,2.9924852388620504,0.30193236714975846
157,8.199141170155663,6.414385399892646,36.553945249597426,4.30756843800322,30.19994632313473,6.300322061191626,4.730273752012883,2.9924852388620504,0.30193236714975846
158,8.467525496511003,6.340579710144928,36.48684916800859,4.2270531400966185,30.152979066022546,6.300322061191626,4.730273752012883,2.9924852388620504,0.30193236714975846
159,8.105206655931294,5.3274288781535155,36.48684916800859,3.4151905528717124,32.41411701556629,6.300322061191626,4.730273752012883,2.918679549114332,0.30193236714975846
160,8.21256038647343,5.3274288781535155,36.41975308641975,3.4151905528717124,32.37385936661299,6.300322061191626,4.730273752012883,2.918679549114332,0.30193236714975846
161,8.319914117015566,5.3274288781535155,36.3996242619431,3.4151905528717124,32.31347289318304,6.300322061191626,4.730273752012883,2.8918411164787976,0.30193236714975846
162,7.635534084809447,5.287171229200215,38.888888888888886,3.4151905528717124,31.890767579173378,5.226784755770263,4.5893719806763285,2.7643585614600106,0.30193236714975846
163,7.816693505099302,5.287171229200215,38.85534084809447,3.4151905528717124,31.890767579173378,5.226784755770263,4.5893719806763285,2.6167471819645733,0.30193236714975846
164,8.011272141706923,5.287171229200215,38.79495437466452,3.4151905528717124,31.890767579173378,5.112721417069243,4.569243156199678,2.6167471819645733,0.30193236714975846
165,8.219269994632313,5.260332796564681,38.7614063338701,3.4151905528717124,31.66935050993022,5.112721417069243,4.643048845947397,2.6167471819645733,0.30193236714975846
166,8.876811594202898,5.260332796564681,38.57353730542136,3.1065485775630703,31.508319914117017,5.112721417069243,4.643048845947397,2.6167471819645733,0.30193236714975846
167,9.057971014492754,5.260332796564681,38.39237788513151,3.1065485775630703,31.508319914117017,5.112721417069243,4.643048845947397,2.6167471819645733,0.30193236714975846
168,9.131776704240472,5.253623188405797,38.37224906065486,3.1065485775630703,31.508319914117017,5.112721417069243,4.622920021470746,2.589908749329039,0.30193236714975846
169,9.306226516371444,5.253623188405797,38.217928073000536,3.1065485775630703,31.488191089640367,5.112721417069243,4.622920021470746,2.589908749329039,0.30193236714975846
170,9.333064949006978,5.213365539452496,38.06360708534621,3.1065485775630703,31.488191089640367,5.072463768115942,4.622920021470746,2.7979066022544283,0.30193236714975846
171,9.380032206119163,5.213365539452496,38.06360708534621,3.1065485775630703,31.468062265163713,5.059044551798175,4.622920021470746,2.7844873859366612,0.30193236714975846
172,9.4873859366613,5.213365539452496,38.02334943639291,3.1065485775630703,31.44122383252818,5.018786902844874,4.622920021470746,2.7844873859366612,0.30193236714975846
173,9.601449275362318,5.213365539452496,36.77536231884058,4.294149221685454,31.387546967257112,5.018786902844874,4.622920021470746,2.7844873859366612,0.30193236714975846
174,9.608158883521202,5.213365539452496,36.77536231884058,4.294149221685454,31.38083735909823,5.018786902844874,4.622920021470746,2.7844873859366612,0.30193236714975846
175,9.809447128287708,5.213365539452496,36.64117015566291,4.294149221685454,31.34728931830381,5.005367686527107,4.602791196994096,2.7844873859366612,0.30193236714975846
176,9.829575952764358,5.213365539452496,36.621041331186255,4.294149221685454,31.34728931830381,5.005367686527107,4.602791196994096,2.7844873859366612,0.30193236714975846
177,9.943639291465379,5.213365539452496,36.58749329039184,4.294149221685454,31.32716049382716,4.944981213097155,4.602791196994096,2.7844873859366612,0.30193236714975846
178,10.131508319914117,5.213365539452496,36.574074074074076,4.294149221685454,31.166129898013956,4.944981213097155,4.5893719806763285,2.7844873859366612,0.30193236714975846
179,10.540794417606012,5.213365539452496,36.513687600644126,4.294149221685454,30.96484165324745,4.87788513150832,4.5893719806763285,2.703972088030059,0.30193236714975846
180,10.560923242082662,5.213365539452496,36.493558776167475,4.294149221685454,30.96484165324745,4.87788513150832,4.5893719806763285,2.703972088030059,0.30193236714975846
181,10.795759527643586,5.213365539452496,36.42646269457864,4.280730005367687,30.823939881910896,4.87788513150832,4.5893719806763285,2.690552871712292,0.30193236714975846
182,10.466988727858293,5.193236714975845,35.42002147074611,4.280730005367687,30.723295759527645,5.891035963499732,5.052334943639291,2.5697799248523885,0.4025764895330113
183,10.628019323671497,5.193236714975845,35.339506172839506,4.200214707461084,30.723295759527645,5.891035963499732,5.052334943639291,2.5697799248523885,0.4025764895330113
184,10.997047772410092,5.179817498658078,35.238862050456255,4.200214707461084,30.703166935050994,5.891035963499732,5.052334943639291,2.3349436392914655,0.4025764895330113
185,11.084272678475577,5.10601180891036,35.11137949543747,4.200214707461084,30.54213633923779,5.891035963499732,5.052334943639291,2.61003757380569,0.4025764895330113
186,11.292270531400966,5.10601180891036,35.08454106280193,4.17337627482555,30.387815351583466,5.891035963499732,5.052334943639291,2.61003757380569,0.4025764895330113
187,11.33923778851315,5.10601180891036,35.057702630166396,4.17337627482555,30.367686527106816,5.891035963499732,5.052334943639291,2.61003757380569,0.4025764895330113
188,11.54723564143854,5.0791733762748255,35.057702630166396,4.17337627482555,30.24020397208803,5.891035963499732,5.052334943639291,2.5563607085346214,0.4025764895330113
189,11.023886205045626,5.0791733762748255,33.99087493290392,4.17337627482555,30.24020397208803,7.977724100912507,4.703435319377348,2.408749329039184,0.4025764895330113
190,10.782340311325818,4.978529253891573,32.21953837895867,4.019055287171229,29.857756307031668,7.977724100912507,7.37385936661299,2.3886205045625335,0.4025764895330113
191,10.869565217391305,4.978529253891573,32.18599033816425,4.019055287171229,29.817498658078367,7.96430488459474,7.37385936661299,2.3886205045625335,0.4025764895330113
192,10.795759527643586,4.978529253891573,31.870638754696724,4.461889425657541,29.78395061728395,7.96430488459474,7.360440150295223,2.38191089640365,0.4025764895330113
193,10.82259796027912,4.978529253891573,31.870638754696724,4.461889425657541,29.757112184648417,7.96430488459474,7.360440150295223,2.38191089640365,0.4025764895330113
194,10.923242082662373,4.978529253891573,31.83709071390231,4.448470209339774,29.70343531937735,7.96430488459474,7.360440150295223,2.38191089640365,0.4025764895330113
195,11.124530327428879,4.898013955984971,31.83709071390231,4.435050993022007,29.59608158883521,7.96430488459474,7.360440150295223,2.38191089640365,0.4025764895330113
196,11.419753086419753,4.85775630703167,31.743156199677937,4.435050993022007,29.468599033816425,7.96430488459474,7.326892109500805,2.38191089640365,0.4025764895330113
197,11.439881910896403,4.85775630703167,31.743156199677937,4.435050993022007,29.468599033816425,7.944176060118089,7.326892109500805,2.38191089640365,0.4025764895330113
198,11.500268384326356,4.8376274825550185,31.702898550724637,4.435050993022007,29.468599033816425,7.944176060118089,7.326892109500805,2.38191089640365,0.4025764895330113
199,11.272141706924316,4.8376274825550185,30.152979066022546,4.28743961352657,29.461889425657542,9.903381642512077,7.326892109500805,2.3550724637681157,0.4025764895330113
200,11.419753086419753,4.8376274825550185,30.02549651100376,4.26731078904992,29.367954911433173,9.88996242619431,7.326892109500805,2.462426194310252,0.4025764895330113
201,11.600912506709609,4.8376274825550185,29.891304347826086,4.26731078904992,29.367954911433173,9.842995169082126,7.326892109500805,2.462426194310252,0.4025764895330113
202,11.66129898013956,4.8376274825550185,29.871175523349436,4.26731078904992,29.32769726247987,9.842995169082126,7.326892109500805,2.462426194310252,0.4025764895330113
203,11.654589371980677,4.723564143853999,29.857756307031668,4.233762748255502,29.240472356414386,9.842995169082126,7.326892109500805,2.717391304347826,0.4025764895330113
204,11.855877616747183,4.723564143853999,29.8040794417606,4.233762748255502,29.11969940955448,9.816156736446592,7.326892109500805,2.717391304347826,0.4025764895330113
205,11.90955448201825,4.616210413311863,29.770531400966185,4.361245303274289,29.07944176060118,9.816156736446592,7.326892109500805,2.717391304347826,0.4025764895330113
206,12.00348899624262,4.609500805152979,29.73027375201288,4.361245303274289,29.032474503488995,9.816156736446592,7.326892109500805,2.717391304347826,0.4025764895330113
207,12.02361782071927,4.582662372517445,29.696725711218466,4.341116478797638,28.92512077294686,9.816156736446592,7.326892109500805,2.885131508319914,0.4025764895330113
208,11.976650563607086,4.582662372517445,29.13311862587225,5.864197530864198,28.12667740203972,9.802737520128824,7.226247987117552,2.885131508319914,0.4025764895330113
209,12.097423510466989,4.582662372517445,29.11969940955448,5.864197530864198,28.10654857756307,9.73564143853999,7.219538378958669,2.871712292002147,0.4025764895330113
210,11.902844873859367,4.119699409554482,29.03918411164788,5.589103596349974,25.315351583467525,9.970477724100913,11.030595813204508,2.7308105206655933,0.30193236714975846
211,12.04374664519592,4.119699409554482,28.911701556629094,5.528717122920021,23.91304347826087,11.030595813204508,11.017176596886742,3.1333870101986045,0.30193236714975846
212,12.090713902308105,4.119699409554482,28.898282340311326,5.528717122920021,23.91304347826087,10.997047772410092,11.017176596886742,3.1333870101986045,0.30193236714975846
213,12.164519592055823,4.119699409554482,28.864734299516908,5.528717122920021,23.886205045625335,10.997047772410092,11.003757380568974,3.1333870101986045,0.30193236714975846
214,12.097423510466989,4.119699409554482,26.44927536231884,5.528717122920021,23.785560923242084,13.66076221148685,10.929951690821255,3.126677402039721,0.30193236714975846
215,12.25174449812131,4.119699409554482,26.422436929683307,5.528717122920021,23.70504562533548,13.66076221148685,10.88298443370907,3.126677402039721,0.30193236714975846
216,12.486580783682234,4.119699409554482,26.301663982823403,5.488459473966721,23.658078368223297,13.654052603327965,10.86285560923242,3.126677402039721,0.30193236714975846
217,12.5402576489533,4.119699409554482,26.268115942028984,5.488459473966721,23.65136876006441,13.654052603327965,10.849436392914654,3.126677402039721,0.30193236714975846
218,12.567096081588835,4.119699409554482,26.268115942028984,5.488459473966721,23.65136876006441,13.647342995169081,10.829307568438002,3.126677402039721,0.30193236714975846
219,12.593934514224369,4.119699409554482,26.25469672571122,5.488459473966721,23.65136876006441,13.633923778851315,10.829307568438002,3.126677402039721,0.30193236714975846
220,12.667740203972087,4.086151368760064,26.241277509393452,5.488459473966721,23.65136876006441,13.607085346215781,10.829307568438002,3.126677402039721,0.30193236714975846
221,12.875738056897477,4.086151368760064,26.221148684916802,5.488459473966721,23.61111111111111,13.493022007514762,10.795759527643586,3.126677402039721,0.30193236714975846
222,12.93612453032743,4.052603327965647,26.221148684916802,5.488459473966721,23.61111111111111,13.493022007514762,10.768921095008052,3.126677402039721,0.30193236714975846
223,12.969672571121846,4.052603327965647,26.221148684916802,5.46833064949007,23.61111111111111,13.493022007514762,10.768921095008052,3.113258185721954,0.30193236714975846
224,13.009930220075148,4.052603327965647,26.207729468599034,5.46833064949007,23.14814814814815,13.47289318303811,11.285560923242082,3.099838969404187,0.2549651100375738
225,13.231347289318304,4.052603327965647,26.01315083199141,5.293880837359098,23.00053676865271,13.47289318303811,11.580783682232958,3.099838969404187,0.2549651100375738
226,13.479602791196994,4.045893719806763,25.99302200751476,5.260332796564681,22.879763821792807,13.446054750402576,11.540526033279656,3.099838969404187,0.2549651100375738
227,13.506441223832528,4.045893719806763,25.825281803542673,5.434782608695652,22.879763821792807,13.425925925925926,11.52710681696189,3.099838969404187,0.2549651100375738
228,13.654052603327965,4.045893719806763,25.758185721953836,5.434782608695652,22.832796564680624,13.425925925925926,11.493558776167472,3.099838969404187,0.2549651100375738
229,13.801663982823403,4.032474503488996,25.744766505636072,5.434782608695652,22.71202361782072,13.425925925925926,11.493558776167472,3.099838969404187,0.2549651100375738
230,13.580246913580247,4.032474503488996,25.711218464841654,5.434782608695652,21.70558239398819,13.425925925925926,12.808641975308642,3.046162104133119,0.2549651100375738
231,13.620504562533547,4.032474503488996,25.711218464841654,5.434782608695652,21.67874396135266,13.425925925925926,12.795222758990874,3.046162104133119,0.2549651100375738
232,13.654052603327965,4.032474503488996,25.691089640365004,5.434782608695652,21.618357487922705,13.365539452495975,12.795222758990874,3.1535158346752548,0.2549651100375738
233,13.727858293075684,4.032474503488996,25.650831991411703,5.434782608695652,21.618357487922705,13.358829844337091,12.76838432635534,3.1535158346752548,0.2549651100375738
234,13.694310252281268,4.032474503488996,25.43612453032743,5.743424584004294,21.578099838969404,13.358829844337091,12.74825550187869,3.1535158346752548,0.2549651100375738
235,13.808373590982287,4.032474503488996,25.42270531400966,5.743424584004294,21.672034353193773,13.358829844337091,12.667740203972087,3.0394524959742353,0.2549651100375738
236,13.868760064412239,4.032474503488996,25.42270531400966,5.683038110574342,21.672034353193773,13.358829844337091,12.667740203972087,3.0394524959742353,0.2549651100375738
237,14.023081052066559,4.012345679012346,25.42270531400966,5.683038110574342,21.578099838969404,13.358829844337091,12.654320987654321,3.012614063338701,0.2549651100375738
238,13.969404186795492,4.012345679012346,25.261674718196456,5.958132045088567,21.571390230810522,13.311862587224907,12.647611379495437,3.012614063338701,0.2549651100375738
239,14.056629092860977,4.012345679012346,25.201288244766506,5.958132045088567,21.544551798174986,13.311862587224907,12.647611379495437,3.012614063338701,0.2549651100375738
240,14.090177133655395,4.012345679012346,25.201288244766506,5.958132045088567,21.531132581857218,13.311862587224907,12.627482555018787,3.012614063338701,0.2549651100375738
241,14.251207729468598,4.012345679012346,25.067096081588836,5.958132045088567,21.531132581857218,13.311862587224907,12.600644122383253,3.012614063338701,0.2549651100375738
242,14.31159420289855,4.012345679012346,25.046967257112186,5.958132045088567,21.504294149221685,13.298443370907139,12.600644122383253,3.012614063338701,0.2549651100375738
243,14.42565754159957,4.012345679012346,25.013419216317768,5.958132045088567,21.477455716586153,13.271604938271604,12.573805689747719,3.012614063338701,0.2549651100375738
244,14.486044015029522,4.012345679012346,24.986580783682232,5.958132045088567,21.443907675791735,13.271604938271604,12.573805689747719,3.012614063338701,0.2549651100375738
245,14.626945786366075,3.9049919484702094,24.953032742887814,5.958132045088567,21.443907675791735,13.271604938271604,12.573805689747719,3.012614063338701,0.2549651100375738
246,14.74771873322598,3.9049919484702094,24.953032742887814,5.958132045088567,21.40365002683843,13.271604938271604,12.493290391841116,3.012614063338701,0.2549651100375738
247,14.935587761674718,3.9049919484702094,24.86580783682233,5.958132045088567,21.3768115942029,13.271604938271604,12.419484702093397,3.012614063338701,0.2549651100375738
248,15.076489533011273,3.898282340311326,24.86580783682233,5.958132045088567,21.3768115942029,13.238056897477188,12.318840579710145,3.012614063338701,0.2549651100375738
249,15.150295222758992,3.898282340311326,24.84567901234568,5.958132045088567,21.3768115942029,13.197799248523886,12.305421363392378,3.012614063338701,0.2549651100375738
250,15.277777777777779,3.898282340311326,24.825550187869027,5.904455179817498,21.349973161567366,13.170960815888352,12.305421363392378,3.012614063338701,0.2549651100375738
251,15.371712292002147,3.898282340311326,24.825550187869027,5.904455179817498,21.30300590445518,13.123993558776167,12.305421363392378,3.012614063338701,0.2549651100375738
252,15.445517981749866,3.898282340311326,24.778582930756844,5.904455179817498,21.289586688137412,13.123993558776167,12.305421363392378,2.999194847020934,0.2549651100375738
253,15.499194847020934,3.898282340311326,24.778582930756844,5.870907139023081,21.26945786366076,13.123993558776167,12.305421363392378,2.999194847020934,0.2549651100375738
254,15.552871712292003,3.898282340311326,24.751744498121308,5.870907139023081,21.24261943102523,13.123993558776167,12.305421363392378,2.999194847020934,0.2549651100375738
255,15.747450348899624,3.898282340311326,24.671229200214707,5.870907139023081,21.16881374127751,13.083735909822867,12.305421363392378,2.999194847020934,0.2549651100375738
256,15.747450348899624,3.898282340311326,24.671229200214707,5.870907139023081,21.16881374127751,13.083735909822867,12.305421363392378,2.999194847020934,0.2549651100375738
257,16.002415458937197,3.8714439076757916,24.664519592055825,5.870907139023081,21.068169618894256,13.070316693505099,12.198067632850242,2.999194847020934,0.2549651100375738
258,16.009125067096083,3.8714439076757916,24.65780998389694,5.870907139023081,21.068169618894256,13.070316693505099,12.198067632850242,2.999194847020934,0.2549651100375738
259,16.069511540526033,3.8714439076757916,24.62426194310252,5.870907139023081,21.054750402576488,13.056897477187333,12.198067632850242,2.999194847020934,0.2549651100375738
