,45,50,55,51,53,59,54,56,52,58,57,60,61,46,62
0,93.10252281266774,6.89747718733226,,,,,,,,,,,,,
1,87.76838432635535,12.23161567364466,,,,,,,,,,,,,
2,83.04482018250134,16.948470209339774,0.0067096081588835215,,,,,,,,,,,,
3,73.1682769726248,23.805689747718734,0.10064412238325282,1.4962426194310252,1.42914653784219,,,,,,,,,,
4,72.08132045088567,24.879227053140095,0.11406333870101985,1.4962426194310252,1.402308105206656,0.026838432635534086,,,,,,,,,
5,68.25684380032206,24.308910359634996,0.14090177133655393,5.730005367686527,1.402308105206656,0.026838432635534086,0.13419216317767044,,,,,,,,
6,64.62694578636608,27.17391304347826,0.24154589371980675,5.8239398819108965,1.932367149758454,0.026838432635534086,0.13419216317767044,0.040257648953301126,,,,,,,
7,47.40338164251208,44.22302737520129,0.3757380568974772,6.582125603864735,1.2144390767579174,0.026838432635534086,0.13419216317767044,0.040257648953301126,,,,,,,
8,43.001878690284485,46.45061728395062,0.3757380568974772,6.850509930220075,1.2144390767579174,0.026838432635534086,0.13419216317767044,0.040257648953301126,1.90552871712292,,,,,,
9,40.673644659151904,45.02147074610843,0.6038647342995169,10.299248523886206,1.2144390767579174,0.026838432635534086,0.1610305958132045,0.14761137949543746,1.8518518518518519,,,,,,
10,40.673644659151904,44.867149758454104,0.7581857219538379,10.23215244229737,1.2144390767579174,0.026838432635534086,0.1610305958132045,0.2147074610842727,1.8518518518518519,,,,,,
11,40.203972088030056,45.24288781535159,0.8185721953837896,10.245571658615138,1.2144390767579174,0.026838432635534086,0.1610305958132045,0.23483628556092323,1.8518518518518519,,,,,,
12,39.2914653784219,46.323134728931834,0.9192163177670424,9.950348899624261,1.2144390767579174,0.026838432635534086,0.1610305958132045,0.2616747181964573,1.8518518518518519,,,,,,
13,38.117283950617285,45.249597423510465,0.9796027911969941,10.896403650026839,2.3617820719269993,0.026838432635534086,0.1610305958132045,0.2616747181964573,1.9122383252818036,0.03354804079441761,,,,,
14,38.0300590445518,45.128824476650564,1.1003757380568975,10.809178743961352,2.341653247450349,0.026838432635534086,0.2683843263553409,0.28180354267310787,1.90552871712292,0.05367686527106817,0.05367686527106817,,,,
15,32.29334406870639,42.50536768652711,1.0399892646269457,18.659420289855074,2.3349436392914655,0.03354804079441761,0.8588298443370908,0.27509393451422437,1.8719806763285025,0.05367686527106817,0.07380568974771873,,,,
16,32.29334406870639,42.47181964573269,1.0332796564680622,18.63929146537842,2.3349436392914655,0.03354804079441761,0.8588298443370908,0.33548040794417605,1.8451422436929683,0.05367686527106817,0.10064412238325282,,,,
17,32.19269994632314,42.35775630703167,1.0735373054213635,16.27079978529254,2.3349436392914655,0.03354804079441761,0.8185721953837896,0.3488996242619431,4.38137412775094,0.05367686527106817,0.13419216317767044,,,,
18,29.87788513150832,42.612721417069245,1.0131508319914118,15.780998389694043,4.918142780461621,0.03354804079441761,0.8588298443370908,0.3488996242619431,4.367954911433173,0.05367686527106817,0.13419216317767044,,,,
19,29.59608158883521,42.78717122920021,1.1205045625335481,15.754159957058508,4.918142780461621,0.03354804079441761,0.8588298443370908,0.3757380568974772,4.300858829844337,0.05367686527106817,0.20128824476650564,,,,
20,28.77079978529254,42.639559849704774,1.2077294685990339,16.854535695115406,4.918142780461621,0.03354804079441761,0.6374127750939346,0.3757380568974772,4.294149221685454,0.05367686527106817,0.2147074610842727,,,,
21,26.100375738056897,45.48443370907139,1.0534084809447128,16.820987654320987,4.931561996779388,0.03354804079441761,0.6374127750939346,0.39586688137412773,4.274020397208803,0.05367686527106817,0.2147074610842727,,,,
22,24.10762211486849,47.86634460547504,1.1205045625335481,16.740472356414386,4.455179817498658,0.03354804079441761,0.6374127750939346,0.4428341384863124,4.274020397208803,0.05367686527106817,0.2683843263553409,,,,
23,24.074074074074073,47.62479871175523,1.1473429951690821,16.740472356414386,4.428341384863124,0.06038647342995169,0.8856682769726248,0.4428341384863124,4.274020397208803,0.05367686527106817,0.2683843263553409,,,,
24,18.61916264090177,53.9922168545357,1.1272141706924315,15.94873859366613,4.428341384863124,0.06038647342995169,0.8856682769726248,0.3757380568974772,4.240472356414386,0.05367686527106817,0.2683843263553409,,,,
25,18.290391841116477,53.11996779388084,1.3083735909822867,16.908212560386474,4.314278046162104,0.06038647342995169,0.9930220075147611,0.38915727321524424,4.294149221685454,0.05367686527106817,0.2683843263553409,,,,
26,18.243424584004295,49.993290391841114,2.3886205045625335,15.378421900161031,4.314278046162104,0.06038647342995169,0.9997316156736447,0.4227053140096618,7.856951154052603,0.05367686527106817,0.2885131508319914,,,,
27,17.438271604938272,44.97450348899624,2.408749329039184,20.477724100912507,4.314278046162104,0.06038647342995169,1.0131508319914118,0.5568974771873323,8.387010198604402,0.05367686527106817,0.3153515834675255,,,,
28,12.781803542673108,49.28878153515835,3.992216854535695,21.477455716586153,4.314278046162104,0.06038647342995169,0.9057971014492754,0.5904455179817498,6.353998926462695,0.05367686527106817,0.18115942028985507,,,,
29,12.5402576489533,45.44417606011809,3.8915727321524423,27.42216854535695,4.300858829844337,0.06038647342995169,0.95276435856146,0.5501878690284487,4.7168545356951155,0.040257648953301126,0.08051529790660225,,,,
30,12.573805689747719,45.22275899087493,4.079441760601181,27.3215244229737,4.233762748255502,0.1274825550187869,0.95276435856146,0.6508319914117016,4.7168545356951155,0.040257648953301126,0.08051529790660225,,,,
31,12.560386473429952,44.69269994632314,4.602791196994096,27.30139559849705,4.233762748255502,0.15432098765432098,0.95276435856146,0.6642512077294686,4.690016103059581,0.040257648953301126,0.10735373054213634,,,,
32,11.869296833064949,42.09608158883521,4.139828234031133,28.388352120236178,4.2270531400966185,0.14761137949543746,0.9728931830381106,0.7179280730005367,7.2933440687063875,0.040257648953301126,0.10735373054213634,,,,
33,11.520397208803006,41.7740203972088,4.025764895330113,26.684111647879764,4.522275899087493,0.18115942028985507,0.9728931830381106,0.7112184648416533,9.39345142243693,0.06709608158883522,0.14761137949543746,,,,
34,10.68840579710145,37.21819645732689,4.05931293612453,33.373590982286636,2.15378421900161,0.06709608158883522,0.9728931830381106,1.2144390767579174,9.990606548577563,0.06709608158883522,0.19457863660762212,,,,
35,10.661567364465915,37.07729468599034,4.17337627482555,32.30005367686527,2.0665593129361244,0.06709608158883522,0.9728931830381106,1.3016639828234031,11.117820719269995,0.06709608158883522,0.19457863660762212,,,,
36,10.668276972624799,36.93639291465379,4.30756843800322,32.14573268921095,2.059849704777241,0.06709608158883522,1.0131508319914118,1.4090177133655395,11.09098228663446,0.06709608158883522,0.23483628556092323,,,,
37,10.7085346215781,36.87600644122383,4.327697262479871,32.11218464841653,2.059849704777241,0.06709608158883522,1.0131508319914118,1.442565754159957,11.09098228663446,0.06709608158883522,0.23483628556092323,,,,
38,9.145195920558239,41.86124530327429,5.199946323134729,27.334943639291467,1.8585614600107354,0.06709608158883522,1.0466988727858293,1.247987117552335,12.077294685990339,0.06709608158883522,0.0939345142243693,,,,
39,7.648953301127214,30.387815351583466,5.159688674181428,37.02361782071927,6.655931293612453,0.06709608158883522,1.4895330112721417,1.0332796564680622,10.406602254428341,0.06709608158883522,0.06038647342995169,,,,
40,7.112184648416532,29.159957058507782,4.824208266237251,36.8894256575416,6.615673644659152,0.06709608158883522,2.536231884057971,1.1741814278046163,11.392914653784219,0.0939345142243693,0.13419216317767044,,,,
41,7.132313472893183,29.1129898013956,4.884594739667204,36.822329575952764,6.602254428341385,0.06709608158883522,2.5161030595813205,1.2077294685990339,11.231884057971014,0.10735373054213634,0.3153515834675255,,,,
42,7.139023081052066,29.09957058507783,4.891304347826087,36.560654857756305,6.568706387546968,0.07380568974771873,2.4825550187869028,1.4895330112721417,11.231884057971014,0.1274825550187869,0.33548040794417605,,,,
43,7.085346215780999,28.79092860976919,5.414653784219001,35.72195383789587,7.454374664519592,0.07380568974771873,2.4355877616747184,1.5499194847020934,11.010466988727858,0.1274825550187869,0.33548040794417605,,,,
44,4.17337627482555,32.55501878690284,5.314009661835748,36.02388620504563,7.6556629092860975,0.07380568974771873,2.0665593129361244,1.6975308641975309,9.863123993558776,0.10735373054213634,0.46967257112184646,,,,
45,4.186795491143317,32.47450348899624,4.898013955984971,38.29844337090714,5.622651637144391,0.07380568974771873,2.1068169618894257,2.046430488459474,9.863123993558776,0.0939345142243693,0.33548040794417605,,,,
46,4.186795491143317,32.400697799248526,5.10601180891036,38.29844337090714,5.589103596349974,0.07380568974771873,2.120236178207193,2.006172839506173,9.742351046698873,0.15432098765432098,0.322061191626409,,,,
47,4.086151368760064,31.91760601180891,4.327697262479871,34.796027911969944,11.43317230273752,0.06709608158883522,1.7579173376274826,2.033011272141707,9.131776704240472,0.18115942028985507,0.2683843263553409,,,,
48,3.6634460547504024,24.62426194310252,3.9720880300590444,40.304616210413315,11.104401502952227,0.06709608158883522,1.415727321524423,1.4962426194310252,12.929414922168545,0.18115942028985507,0.24154589371980675,,,,
49,3.643317230273752,24.355877616747183,3.8580246913580245,41.10976918947934,10.963499731615673,0.06709608158883522,3.3145464304884595,1.3016639828234031,11.003757380568974,0.20799785292538917,0.17444981213097155,,,,
50,3.535963499731616,23.597691894793343,3.502415458937198,40.29119699409554,11.849168008588299,0.08722490606548577,4.40150295222759,1.3419216317767042,10.95679012345679,0.23483628556092323,0.20128824476650564,,,,
51,3.5091250670960816,23.2487922705314,3.69699409554482,37.56038647342995,11.79549114331723,0.08722490606548577,4.38137412775094,1.261406333870102,13.90901771336554,0.23483628556092323,0.3153515834675255,,,,
52,3.535963499731616,22.873054213633925,4.119699409554482,37.27187332259796,11.782071926999464,0.10064412238325282,4.30756843800322,1.6908212560386473,13.734567901234568,0.23483628556092323,0.3488996242619431,,,,
53,3.5829307568438002,22.873054213633925,4.119699409554482,37.21819645732689,11.748523886205046,0.10064412238325282,4.30756843800322,1.7042404723564144,13.627214170692431,0.2616747181964573,0.4562533548040794,,,,
54,2.703972088030059,20.2361782071927,3.3682232957595275,43.42458400429415,9.406870638754697,0.07380568974771873,4.8443370907139025,1.4358561460010735,13.922436929683306,0.20799785292538917,0.3757380568974772,,,,
55,2.7442297369833604,20.115405260332796,3.455448201825013,42.69994632313473,9.406870638754697,0.07380568974771873,4.851046698872786,2.1739130434782608,13.895598497047773,0.20799785292538917,0.3757380568974772,,,,
56,2.7509393451422435,19.92753623188406,3.535963499731616,42.60601180891036,9.380032206119163,0.07380568974771873,4.87788513150832,2.3617820719269993,13.902308105206655,0.20799785292538917,0.3757380568974772,,,,
57,2.717391304347826,19.732957595276435,3.7238325281803544,41.53918411164788,9.353193773483628,0.07380568974771873,5.9447128287707995,2.428878153515835,13.714439076757918,0.2281266774020397,0.5434782608695652,,,,
58,2.717391304347826,18.659420289855074,4.139828234031133,39.14385399892646,12.338969404186795,0.07380568974771873,5.884326355340848,2.576489533011272,13.654052603327965,0.23483628556092323,0.5770263016639828,,,,
59,2.717391304347826,18.59903381642512,4.2270531400966185,38.90230810520666,12.305421363392378,0.10064412238325282,5.877616747181965,2.804616210413312,13.654052603327965,0.23483628556092323,0.5770263016639828,,,,
60,2.7308105206655933,18.54535695115405,4.253891572732153,38.79495437466452,12.31213097155126,0.10064412238325282,5.870907139023081,2.9253891572732154,13.466183574879228,0.24154589371980675,0.7581857219538379,,,,
61,2.7308105206655933,18.491680085882983,4.28743961352657,38.75469672571122,12.285292538915728,0.17444981213097155,5.8172302737520125,2.965646806226516,13.39237788513151,0.2616747181964573,0.8387010198604401,,,,
62,2.7509393451422435,18.438003220611915,4.341116478797638,38.64734299516908,12.224906065485776,0.17444981213097155,5.8172302737520125,3.0595813204508855,13.385668276972625,0.322061191626409,0.8387010198604401,,,,
63,2.7777777777777777,18.4044551798175,4.374664519592056,38.399087493290395,12.224906065485776,0.17444981213097155,5.810520665593129,3.2877079978529253,13.385668276972625,0.322061191626409,0.8387010198604401,,,,
64,2.8247450348899625,18.38432635534085,4.341116478797638,38.29173376274826,12.204777241009126,0.20128824476650564,5.844068706387547,3.3816425120772946,13.331991411701557,0.322061191626409,0.8655394524959742,0.0067096081588835215,,,
65,2.8247450348899625,18.21658615136876,4.455179817498658,36.48684916800859,12.097423510466989,0.20128824476650564,5.756843800322061,3.321256038647343,15.24422973698336,0.3488996242619431,1.0399892646269457,0.0067096081588835215,,,
66,2.2342995169082127,17.894524959742352,4.4753086419753085,36.030595813204506,11.520397208803006,0.14761137949543746,5.756843800322061,3.3682232957595275,17.156468062265162,0.3488996242619431,1.0534084809447128,0.0067096081588835215,0.0067096081588835215,,
67,2.1739130434782608,17.954911433172303,4.508856682769726,35.95679012345679,11.486849168008588,0.18115942028985507,5.756843800322061,3.3950617283950617,17.12962962962963,0.3488996242619431,1.093666129898014,0.0067096081588835215,0.0067096081588835215,,
68,2.187332259796028,17.887815351583466,4.562533548040794,35.809178743961354,11.486849168008588,0.20799785292538917,5.736714975845411,3.4822866344605474,17.08937198067633,0.322061191626409,1.2144390767579174,0.0067096081588835215,0.0067096081588835215,,
69,2.0799785292538915,16.914922168545356,4.414922168545357,41.727053140096615,10.748792270531402,0.20799785292538917,4.99194847020934,3.3413848631239937,14.11701556629093,0.30864197530864196,1.133923778851315,0.0067096081588835215,0.0067096081588835215,,
70,2.086688137412775,16.404991948470208,5.132850241545894,40.88835212023618,11.506977992485238,0.20799785292538917,4.958400429414922,3.408480944712829,13.90901771336554,0.30864197530864196,1.1607622114868492,0.020128824476650563,0.0067096081588835215,,
71,2.120236178207193,16.371443907675793,5.159688674181428,40.78099838969404,11.43317230273752,0.19457863660762212,4.958400429414922,3.4957058507783145,13.875469672571121,0.3824476650563607,1.2010198604401503,0.020128824476650563,0.0067096081588835215,,
72,2.147074610842727,16.324476650563607,5.22007514761138,40.4320987654321,11.419753086419753,0.19457863660762212,4.958400429414922,4.300858829844337,13.425925925925926,0.3824476650563607,1.1674718196457328,0.020128824476650563,0.0067096081588835215,,
73,2.1604938271604937,16.129898013955984,5.401234567901234,40.22410091250671,11.43317230273752,0.19457863660762212,4.9718196457326895,4.488727858293076,13.419216317767042,0.4092860976918948,1.133923778851315,0.026838432635534086,0.0067096081588835215,,
74,2.1739130434782608,16.09634997316157,5.407944176060118,40.143585614600106,11.43317230273752,0.19457863660762212,5.025496511003757,4.549114331723027,13.372249060654857,0.4092860976918948,1.1607622114868492,0.026838432635534086,0.0067096081588835215,,
75,2.147074610842727,14.459205582393988,5.434782608695652,40.05636070853462,13.16425120772947,0.19457863660762212,5.166398282340311,4.488727858293076,13.157541599570585,0.4025764895330113,1.2949543746645196,0.026838432635534086,0.0067096081588835215,,
76,2.1604938271604937,14.278046162104133,5.387815351583468,39.69404186795491,13.264895330112722,0.19457863660762212,5.22007514761138,4.582662372517445,13.613794954374665,0.4428341384863124,1.1272141706924315,0.026838432635534086,0.0067096081588835215,,
77,2.1739130434782608,14.231078904991948,5.401234567901234,39.53972088030059,13.20450885668277,0.19457863660762212,5.22007514761138,4.703435319377348,13.620504562533547,0.48980139559849706,1.1607622114868492,0.026838432635534086,0.03354804079441761,,
78,2.1940418679549114,14.197530864197532,5.428073000536768,39.50617283950617,13.197799248523886,0.20799785292538917,5.2066559312936125,4.851046698872786,13.499731615673644,0.5233494363929146,1.1272141706924315,0.026838432635534086,0.03354804079441761,,
79,2.15378421900161,12.553676865271068,5.092592592592593,39.150563607085346,12.741545893719806,0.24825550187869028,5.166398282340311,4.904723564143854,16.190284487385938,0.49651100375738055,1.2412775093934514,0.026838432635534086,0.03354804079441761,,
80,2.1135265700483092,10.077831454643048,4.5893719806763285,38.39237788513151,12.130971551261407,0.2281266774020397,4.461889425657541,4.817498658078368,21.423778851315085,0.5166398282340311,1.1876006441223832,0.026838432635534086,0.03354804079441761,,
81,2.15378421900161,10.077831454643048,4.616210413311863,38.33870101986044,12.117552334943639,0.2281266774020397,4.455179817498658,4.817498658078368,21.410359634997317,0.5166398282340311,1.2010198604401503,0.03354804079441761,0.03354804079441761,,
82,2.167203435319377,10.037573805689748,4.643048845947397,38.30515297906602,13.90901771336554,0.2281266774020397,4.461889425657541,4.8443370907139025,19.605475040257648,0.5166398282340311,1.2077294685990339,0.040257648953301126,0.03354804079441761,,
83,1.3352120236178207,7.494632313472893,5.434782608695652,34.49409554482018,13.191089640365004,0.2281266774020397,3.8915727321524423,4.508856682769726,27.75764895330113,0.5300590445517982,1.0601180891035964,0.040257648953301126,0.03354804079441761,,
84,1.1540526033279657,22.21551261406334,4.851046698872786,30.293880837359097,8.460815888352121,0.1610305958132045,2.328234031132582,3.5628019323671496,25.6105743424584,0.3153515834675255,0.9594739667203436,0.05367686527106817,0.03354804079441761,,
85,1.1808910359634996,22.21551261406334,4.944981213097155,32.709339774557165,7.467793880837359,0.1610305958132045,2.328234031132582,3.589640365002684,23.906333870101985,0.32877079978529256,1.0802469135802468,0.05367686527106817,0.03354804079441761,,
86,1.1674718196457328,21.14868491680086,6.367418142780462,32.46108427267848,7.300053676865271,0.1610305958132045,2.341653247450349,3.6902844873859366,23.778851315083198,0.35560923242082665,1.1406333870101986,0.05367686527106817,0.03354804079441761,,
87,1.1876006441223832,21.061460010735374,6.421095008051529,32.43424584004294,7.273215244229737,0.1610305958132045,2.3550724637681157,3.7037037037037037,23.785560923242084,0.38915727321524424,1.1406333870101986,0.05367686527106817,0.03354804079441761,,
88,1.2077294685990339,21.061460010735374,6.468062265163715,32.387278582930755,7.273215244229737,0.1610305958132045,2.3886205045625335,3.743961352657005,23.678207192699947,0.36902844873859364,1.1741814278046163,0.05367686527106817,0.03354804079441761,,
89,1.2077294685990339,18.531937734836287,6.481481481481482,35.487117552334944,7.226247987117552,0.1610305958132045,3.6500268384326353,3.455448201825013,22.363123993558776,0.2616747181964573,1.0869565217391304,0.05367686527106817,0.03354804079441761,,
90,1.1808910359634996,18.16290928609769,5.683038110574342,43.37090713902308,7.25979602791197,0.1610305958132045,3.2675791733762747,3.026033279656468,16.74718196457327,0.2549651100375738,0.8454106280193237,0.040257648953301126,,,
91,1.2412775093934514,18.149490069779926,5.662909286097692,43.31052066559313,7.253086419753086,0.1610305958132045,3.260869565217391,3.066290928609769,16.6532474503489,0.2549651100375738,0.9125067096081588,0.07380568974771873,,,
92,1.221148684916801,17.277241009125067,5.589103596349974,35.909822866344605,7.118894256575416,0.1610305958132045,3.2474503488996245,3.079710144927536,25.13419216317767,0.2281266774020397,0.9594739667203436,0.07380568974771873,,,
93,1.2345679012345678,17.136339237788512,5.689747718733226,35.90311325818572,7.118894256575416,0.17444981213097155,3.2474503488996245,3.099838969404187,25.07380568974772,0.2281266774020397,0.9863123993558777,0.10735373054213634,,,
94,1.1741814278046163,17.008856682769725,4.656468062265164,38.22463768115942,7.098765432098766,0.17444981213097155,3.2206119162640903,2.771068169618894,24.376006441223833,0.24825550187869028,0.9326355340848095,0.11406333870101985,,,
95,1.2345679012345678,16.961889425657542,4.690016103059581,38.1105743424584,7.098765432098766,0.2147074610842727,3.180354267310789,2.85829307568438,24.349168008588297,0.24825550187869028,0.9393451422436929,0.11406333870101985,,,
96,1.2345679012345678,16.881374127750938,4.730273752012883,37.9092860976919,7.098765432098766,0.2147074610842727,4.851046698872786,3.052871712292002,22.6784755770263,0.24825550187869028,0.9863123993558777,0.11406333870101985,,,
97,1.2681159420289856,16.794149221685455,4.777241009125067,37.567096081588836,7.004830917874396,0.2147074610842727,4.851046698872786,3.180354267310789,22.987117552334944,0.24825550187869028,0.9930220075147611,0.11406333870101985,,,
98,1.3016639828234031,16.75389157273215,4.750402576489533,37.446323134728935,6.984702093397746,0.23483628556092323,4.918142780461621,3.2675791733762747,22.987117552334944,0.24825550187869028,0.9930220075147611,0.11406333870101985,,,
99,1.3217928073000538,16.75389157273215,4.723564143853999,37.25845410628019,6.984702093397746,0.23483628556092323,4.87788513150832,3.4688674181427803,22.819377348362856,0.24825550187869028,1.1943102522812667,0.11406333870101985,,,
100,1.3217928073000538,16.6935050993022,4.770531400966184,37.25174449812131,7.024959742351046,0.23483628556092323,4.891304347826087,3.435319377348363,22.785829307568438,0.24825550187869028,1.2278582930756843,0.11406333870101985,,,
101,1.3419216317767042,16.512345679012345,4.951690821256038,37.1309715512614,7.051798174986581,0.23483628556092323,4.891304347826087,3.5091250670960816,22.75228126677402,0.24825550187869028,1.261406333870102,0.11406333870101985,,,
102,1.3016639828234031,16.51905528717123,4.891304347826087,40.05636070853462,5.703166935050993,0.23483628556092323,4.918142780461621,3.475577026301664,21.202361782071925,0.23483628556092323,1.3352120236178207,0.11406333870101985,0.013419216317767043,,
103,1.2278582930756843,7.112184648416532,3.965378421900161,38.09044551798175,19.108964036500268,0.1610305958132045,4.019055287171229,3.5426731078904994,21.108427267847556,0.2549651100375738,1.3150831991411702,0.08051529790660225,0.013419216317767043,,
104,1.2278582930756843,6.837090713902308,3.938539989264627,36.943102522812666,19.068706387546968,0.1610305958132045,4.019055287171229,3.455448201825013,22.65163714439077,0.23483628556092323,1.3419216317767042,0.08051529790660225,0.040257648953301126,,
105,1.1943102522812667,6.622383252818035,3.7909286097691894,38.1508319914117,18.357487922705314,0.1610305958132045,3.8714439076757916,3.012614063338701,23.10789049919485,0.28180354267310787,1.3553408480944713,0.08051529790660225,,0.013419216317767043,
106,1.06682769726248,6.541867954911433,3.717122920021471,40.62667740203972,18.276972624798713,0.17444981213097155,3.569511540526033,3.0931293612453032,21.081588835212024,0.30864197530864196,1.4492753623188406,0.08051529790660225,,0.013419216317767043,
107,1.0399892646269457,5.877616747181965,3.8311862587224907,50.0805152979066,15.579710144927537,0.08051529790660225,3.240740740740741,2.61003757380569,15.74074074074074,0.4025764895330113,1.4492753623188406,0.05367686527106817,,0.013419216317767043,
108,1.06682769726248,5.870907139023081,3.8580246913580245,50.013419216317764,15.519323671497585,0.10735373054213634,3.2139023081052067,2.703972088030059,15.666935050993022,0.46296296296296297,1.4492753623188406,0.05367686527106817,,0.013419216317767043,
109,0.6977992485238862,3.4151905528717124,3.7238325281803544,55.36768652710682,14.15727321524423,0.10735373054213634,2.9052603327965647,2.757648953301127,14.9020397208803,0.4495437466451959,1.4358561460010735,0.05367686527106817,0.013419216317767043,0.013419216317767043,
110,0.6977992485238862,3.321256038647343,3.616478797638218,57.340311325818575,14.016371443907676,0.10735373054213634,2.871712292002147,2.690552871712292,13.654052603327965,0.4294149221685454,1.1741814278046163,0.05367686527106817,0.013419216317767043,0.013419216317767043,
111,0.6977992485238862,3.3145464304884595,3.616478797638218,57.27992485238862,13.875469672571121,0.10735373054213634,2.871712292002147,2.871712292002147,13.439345142243694,0.47638217928073,1.3687600644122384,0.05367686527106817,0.013419216317767043,0.013419216317767043,
112,0.6910896403650026,3.3145464304884595,3.2340311325818574,58.762748255501876,13.707729468599034,0.06038647342995169,2.462426194310252,2.2879763821792807,13.365539452495975,0.48980139559849706,1.570048309178744,0.040257648953301126,,0.013419216317767043,
113,0.6977992485238862,3.3145464304884595,3.2742887815351582,58.51449275362319,13.6808910359635,0.06038647342995169,2.4557165861513686,2.804616210413312,13.083735909822867,0.5032206119162641,1.556629092860977,0.040257648953301126,,0.013419216317767043,
114,0.7246376811594203,3.3145464304884595,3.408480944712829,58.360171765968865,13.573537305421363,0.06709608158883522,2.4490069779924855,2.8918411164787976,13.070316693505099,0.5300590445517982,1.556629092860977,0.040257648953301126,,0.013419216317767043,
115,0.7447665056360708,3.294417606011809,3.4420289855072466,58.25952764358561,13.560118089103597,0.06709608158883522,2.49597423510467,2.9119699409554483,13.030059044551798,0.5837359098228664,1.570048309178744,0.040257648953301126,,,
116,0.7447665056360708,3.280998389694042,3.569511540526033,56.87063875469673,13.526570048309178,0.08722490606548577,3.227321524422974,3.603059581320451,12.869028448738593,0.6172839506172839,1.5633387010198605,0.040257648953301126,,,
117,0.7581857219538379,3.280998389694042,3.5426731078904994,51.99946323134729,13.506441223832528,0.08722490606548577,2.791196994095545,3.683574879227053,18.06226516371444,0.6172839506172839,1.6304347826086956,0.040257648953301126,,,
118,0.7514761137949544,3.280998389694042,3.556092324208266,51.84514224369297,13.56682769726248,0.06038647342995169,2.7979066022544283,3.81105743424584,18.00858829844337,0.5837359098228664,1.6975308641975309,0.040257648953301126,,,
119,0.6642512077294686,3.260869565217391,3.5628019323671496,52.34836285560923,13.962694578636608,0.06038647342995169,2.7979066022544283,3.240740740740741,17.726784755770264,0.6038647342995169,1.7310789049919484,0.040257648953301126,,,
120,0.6910896403650026,3.260869565217391,3.569511540526033,52.241009125067094,13.935856146001074,0.07380568974771873,2.804616210413312,3.2675791733762747,17.726784755770264,0.630703166935051,1.724369296833065,0.040257648953301126,0.03354804079441761,,
121,0.5904455179817498,2.2342995169082127,3.3816425120772946,57.06521739130435,12.701288244766506,0.08051529790660225,2.576489533011272,3.079710144927536,16.163446054750402,0.4495437466451959,1.6035963499731616,0.040257648953301126,0.03354804079441761,,
122,0.5837359098228664,2.2342995169082127,3.4688674181427803,56.78341384863124,12.68786902844874,0.08722490606548577,2.5563607085346214,3.280998389694042,16.14331723027375,0.46296296296296297,1.6371443907675791,0.040257648953301126,0.03354804079441761,,
123,0.5703166935050993,2.2342995169082127,3.488996242619431,56.5552871712292,12.68786902844874,0.08722490606548577,2.536231884057971,3.408480944712829,16.056092324208265,0.49651100375738055,1.8048845947396672,0.040257648953301126,0.03354804079441761,,
124,0.5971551261406334,2.2342995169082127,3.643317230273752,56.31374127750939,12.68786902844874,0.08722490606548577,2.536231884057971,3.488996242619431,16.0426731078905,0.49651100375738055,1.7981749865807837,0.040257648953301126,0.03354804079441761,,
125,0.6239935587761675,2.2342995169082127,3.643317230273752,56.17283950617284,12.5402576489533,0.08722490606548577,2.536231884057971,3.7037037037037037,15.92860976918948,0.644122383252818,1.8115942028985508,0.040257648953301126,0.03354804079441761,,
126,0.6374127750939346,2.2342995169082127,3.643317230273752,56.085614600107355,12.493290391841116,0.08722490606548577,2.5429414922168547,3.7775093934514223,15.901771336553946,0.6910896403650026,1.8317230273752012,0.040257648953301126,0.03354804079441761,,
127,0.7045088566827697,2.2342995169082127,3.7238325281803544,55.89103596349973,12.493290391841116,0.08722490606548577,2.5429414922168547,3.851315083199141,15.874932903918411,0.6910896403650026,1.8317230273752012,0.040257648953301126,0.03354804079441761,,
128,0.7246376811594203,2.2342995169082127,3.797638217928073,55.75684380032206,12.466451959205582,0.08722490606548577,2.5429414922168547,3.8915727321524423,15.83467525496511,0.7179280730005367,1.8719806763285025,0.040257648953301126,0.03354804079441761,,
129,0.7313472893183038,2.15378421900161,3.784219001610306,54.77724100912507,12.412775093934513,0.08722490606548577,3.784219001610306,3.938539989264627,15.68035426731079,0.7179280730005367,1.8451422436929683,0.040257648953301126,0.04696725711218465,,
130,0.7447665056360708,2.15378421900161,3.851315083199141,54.6027911969941,12.412775093934513,0.08722490606548577,3.784219001610306,4.072732152442297,15.626677402039721,0.7179280730005367,1.8585614600107354,0.040257648953301126,0.04696725711218465,,
131,0.785024154589372,2.15378421900161,3.8714439076757916,54.36124530327429,12.399355877616747,0.08722490606548577,3.8043478260869565,4.274020397208803,15.613258185721953,0.6709608158883521,1.8719806763285025,0.06038647342995169,0.04696725711218465,,
132,0.8319914117015567,2.15378421900161,3.9452495974235107,53.79092860976919,12.385936661298981,0.08722490606548577,5.173107890499195,4.180085882984434,14.828234031132581,0.6709608158883521,1.865271068169619,0.06038647342995169,0.026838432635534086,,
133,0.8252818035426731,2.059849704777241,4.609500805152979,53.247450348899626,12.218196457326892,0.08722490606548577,5.179817498658078,4.320987654320987,14.801395598497047,0.6709608158883521,1.892109500805153,0.06038647342995169,0.026838432635534086,,
134,0.7246376811594203,1.0198604401502953,4.62962962962963,63.62721417069243,8.064949006977992,0.08722490606548577,4.817498658078368,4.240472356414386,10.701825013419215,0.49651100375738055,1.5163714439076759,0.06038647342995169,0.013419216317767043,,
135,0.7447665056360708,0.6977992485238862,5.179817498658078,63.506441223832525,8.071658615136876,0.10064412238325282,4.817498658078368,4.314278046162104,10.466988727858293,0.49651100375738055,1.5297906602254427,0.06038647342995169,0.013419216317767043,,
136,0.785024154589372,0.6977992485238862,5.2066559312936125,63.33870101986044,8.105206655931294,0.10064412238325282,4.757112184648417,4.388083735909823,10.453569511540525,0.49651100375738055,1.570048309178744,0.08722490606548577,0.013419216317767043,,
137,0.7514761137949544,0.4025764895330113,4.5893719806763285,64.67391304347827,9.359903381642512,0.07380568974771873,4.159957058507783,4.488727858293076,9.41358024691358,0.4830917874396135,1.5029522275899088,0.08722490606548577,0.013419216317767043,,
138,0.7716049382716049,0.4025764895330113,4.616210413311863,63.57353730542136,10.44015029522276,0.10064412238325282,4.133118625872249,4.4753086419753085,9.353193773483628,0.4830917874396135,1.5499194847020934,0.08722490606548577,0.013419216317767043,,
139,0.7648953301127214,0.4025764895330113,4.435050993022007,62.1309715512614,11.896135265700483,0.12077294685990338,4.119699409554482,4.643048845947397,9.353193773483628,0.4830917874396135,1.5499194847020934,0.08722490606548577,0.013419216317767043,,
140,0.785024154589372,0.4025764895330113,4.690016103059581,61.761943102522814,11.882716049382717,0.12077294685990338,4.079441760601181,4.703435319377348,9.272678475577026,0.47638217928073,1.724369296833065,0.08722490606548577,0.013419216317767043,,
141,0.798443370907139,0.3824476650563607,4.690016103059581,59.97047772410091,11.876006441223833,0.12077294685990338,4.663177670424047,5.924584004294149,9.23913043478261,0.47638217928073,1.7579173376274826,0.08722490606548577,0.013419216317767043,,
142,0.8118625872249061,0.36902844873859364,4.757112184648417,65.80783682232958,11.849168008588299,0.08051529790660225,3.180354267310789,5.743424584004294,5.213365539452496,0.46967257112184646,1.6170155662909287,0.08722490606548577,0.013419216317767043,,
143,0.8319914117015567,0.36902844873859364,4.74369296833065,65.44551798174986,11.822329575952764,0.08051529790660225,3.193773483628556,6.0654857756307035,5.2066559312936125,0.49651100375738055,1.6170155662909287,0.10064412238325282,0.026838432635534086,,
144,0.8655394524959742,0.36902844873859364,4.736983360171766,65.27777777777777,11.822329575952764,0.0939345142243693,3.1736446591519054,6.146001073537305,5.199946323134729,0.5233494363929146,1.6639828234031133,0.10064412238325282,0.026838432635534086,,
145,0.8789586688137413,0.36902844873859364,4.696725711218465,64.97584541062803,11.782071926999464,0.0939345142243693,3.207192699946323,6.427804616210413,5.199946323134729,0.5770263016639828,1.6639828234031133,0.10064412238325282,0.026838432635534086,,
146,0.9192163177670424,0.36902844873859364,4.213633923778851,64.42565754159958,12.70799785292539,0.08051529790660225,3.2206119162640903,6.696188942565755,4.998658078368224,0.5770263016639828,1.7176596886741815,0.04696725711218465,0.026838432635534086,,
147,0.9460547504025765,0.36902844873859364,4.280730005367687,64.27133655394525,12.674449812130971,0.08051529790660225,3.260869565217391,6.756575415995706,4.99194847020934,0.6105743424584005,1.6841116478797638,0.04696725711218465,0.026838432635534086,,
148,0.9125067096081588,0.36902844873859364,5.662909286097692,62.78180354267311,12.674449812130971,0.08051529790660225,3.2541599570585076,6.904186795491143,4.99194847020934,0.6105743424584005,1.6841116478797638,0.04696725711218465,0.026838432635534086,,
149,0.9326355340848095,0.36902844873859364,5.770263016639828,62.39935587761675,12.714707461084272,0.08051529790660225,3.280998389694042,7.105475040257649,4.985238862050457,0.6105743424584005,1.6639828234031133,0.04696725711218465,0.040257648953301126,,
150,0.9125067096081588,0.36902844873859364,6.521739130434782,59.35990338164251,12.721417069243156,0.06709608158883522,3.488996242619431,6.951154052603328,7.219538378958669,0.6105743424584005,1.6841116478797638,0.04696725711218465,0.04696725711218465,,
151,0.9192163177670424,0.36902844873859364,7.669082125603865,57.038378958668815,11.399624261943103,0.06709608158883522,3.475577026301664,6.957863660762212,9.73564143853999,0.644122383252818,1.6304347826086956,0.04696725711218465,0.04696725711218465,,
152,0.8923778851315083,0.36902844873859364,7.702630166398282,57.709339774557165,11.3191089640365,0.06038647342995169,3.0394524959742353,6.870638754696726,9.621578099838969,0.7246376811594203,1.6103059581320451,0.020128824476650563,0.06038647342995169,,
153,0.8923778851315083,0.35560923242082665,8.467525496511003,56.91089640365003,11.3191089640365,0.06038647342995169,3.079710144927536,6.877348362855609,9.588030059044552,0.7246376811594203,1.6438539989264627,0.020128824476650563,0.06038647342995169,,
154,0.9125067096081588,0.35560923242082665,8.427267847557703,56.736446591519055,11.332528180354267,0.06038647342995169,3.079710144927536,7.004830917874396,9.554482018250134,0.7246376811594203,1.7310789049919484,0.020128824476650563,0.06038647342995169,,
155,0.8990874932903918,0.35560923242082665,8.487654320987655,56.62238325281803,11.305689747718732,0.06038647342995169,3.079710144927536,7.058507783145465,9.534353193773484,0.7514761137949544,1.7646269457863661,0.020128824476650563,0.06038647342995169,,
156,0.8990874932903918,0.3488996242619431,8.527911969940956,56.515029522275896,11.3191089640365,0.06038647342995169,3.066290928609769,7.14573268921095,9.500805152979066,0.7648953301127214,1.7713365539452497,0.020128824476650563,0.06038647342995169,,
157,0.8923778851315083,0.3488996242619431,8.474235104669887,56.394256575415994,11.3593666129898,0.06038647342995169,3.0931293612453032,7.25979602791197,9.473966720343531,0.7648953301127214,1.7713365539452497,0.020128824476650563,0.08722490606548577,,
158,0.9057971014492754,0.3488996242619431,8.467525496511003,56.17283950617284,11.3191089640365,0.06038647342995169,3.079710144927536,7.467793880837359,9.473966720343531,0.8252818035426731,1.7713365539452497,0.020128824476650563,0.08722490606548577,,
159,0.9259259259259259,0.3488996242619431,8.266237251744498,53.173644659151904,10.50053676865271,0.06038647342995169,2.475845410628019,7.326892109500805,14.264626945786366,0.8387010198604401,1.710950080515298,0.020128824476650563,0.08722490606548577,,
160,0.9460547504025765,0.3488996242619431,8.272946859903382,53.05958132045089,10.453569511540525,0.0939345142243693,2.5026838432635534,7.380568974771873,14.15727321524423,0.8588298443370908,1.8183038110574343,0.020128824476650563,0.08722490606548577,,
161,0.9460547504025765,0.3488996242619431,8.3467525496511,52.9723564143854,10.225442834138486,0.10064412238325282,2.4355877616747184,7.39398819108964,14.626945786366075,0.798443370907139,1.6975308641975309,0.020128824476650563,0.08722490606548577,,
162,0.9863123993558777,0.3488996242619431,8.299785292538916,52.844873859366615,10.198604401502953,0.10064412238325282,2.4355877616747184,7.501341921631776,14.553140096618357,0.8521202361782072,1.7713365539452497,0.020128824476650563,0.08722490606548577,,
163,1.0265700483091786,0.3488996242619431,8.28636607622115,52.69726247987118,10.198604401502953,0.1274825550187869,2.4355877616747184,7.581857219538379,14.53972088030059,0.8521202361782072,1.7847557702630166,0.020128824476650563,0.10064412238325282,,
164,0.95276435856146,0.3488996242619431,5.213365539452496,51.47611379495437,9.406870638754697,0.10064412238325282,2.1068169618894257,6.776704240472356,20.819914117015568,0.8722490606548577,1.8451422436929683,0.020128824476650563,0.06038647342995169,,
165,0.9259259259259259,0.3488996242619431,5.226784755770263,51.0601180891036,10.72866344605475,0.08722490606548577,2.1403650026838434,6.870638754696726,19.706119162640903,0.8722490606548577,1.9457863660762211,0.026838432635534086,0.06038647342995169,,
166,0.9326355340848095,0.3421900161030596,5.119431025228127,50.0,11.77536231884058,0.08722490606548577,2.1403650026838434,6.890767579173376,19.639023081052066,0.8789586688137413,1.9927536231884058,0.14090177133655393,0.06038647342995169,,
167,0.9863123993558777,0.32877079978529256,5.052334943639291,49.5504562533548,12.27187332259796,0.08722490606548577,2.1269457863660763,6.890767579173376,19.558507783145465,0.8990874932903918,2.046430488459474,0.14090177133655393,0.06038647342995169,,
168,1.0332796564680622,0.32877079978529256,5.132850241545894,49.302200751476114,12.245034889962426,0.08722490606548577,2.13365539452496,7.1658615136876005,19.39747718733226,0.9259259259259259,2.046430488459474,0.14090177133655393,0.06038647342995169,,
169,1.0534084809447128,0.32877079978529256,5.159688674181428,49.16129898013956,12.258454106280194,0.08722490606548577,2.13365539452496,7.27992485238862,19.350509930220074,0.9259259259259259,2.059849704777241,0.14090177133655393,0.06038647342995169,,
170,1.0399892646269457,0.32877079978529256,5.186527106816962,48.94659151905529,12.25174449812131,0.08722490606548577,2.13365539452496,7.447665056360709,19.276704240472355,0.966183574879227,2.13365539452496,0.14090177133655393,0.06038647342995169,,
171,1.0601180891035964,0.32877079978529256,5.199946323134729,48.8191089640365,12.171229200214707,0.08722490606548577,2.147074610842727,7.548309178743962,19.26328502415459,1.0332796564680622,2.1403650026838434,0.14090177133655393,0.06038647342995169,,
172,1.0735373054213635,0.32877079978529256,5.199946323134729,48.731884057971016,12.097423510466989,0.08722490606548577,2.147074610842727,7.601986044015029,19.189479334406872,1.093666129898014,2.2342995169082127,0.14090177133655393,0.07380568974771873,,
