,45,50,52,55,51,54,53,56,57,60,58,59,62,61,63,66
0,93.73322597960279,6.266774020397209,,,,,,,,,,,,,,
1,93.47826086956522,6.340579710144928,0.1274825550187869,0.05367686527106817,,,,,,,,,,,,
2,91.55260332796564,8.252818035426731,0.14090177133655393,0.05367686527106817,,,,,,,,,,,,
3,89.37869028448739,10.413311862587225,0.14090177133655393,0.06709608158883522,,,,,,,,,,,,
4,88.90230810520666,10.889694041867955,0.14090177133655393,0.06709608158883522,,,,,,,,,,,,
5,87.19806763285024,12.285292538915728,0.14090177133655393,0.3421900161030596,0.03354804079441761,,,,,,,,,,,
6,66.54589371980677,33.21256038647343,0.10064412238325282,0.14090177133655393,,,,,,,,,,,,
7,66.41841116478798,33.3064949006978,0.10064412238325282,0.17444981213097155,,,,,,,,,,,,
8,56.19296833064949,43.49838969404187,0.10064412238325282,0.19457863660762212,,0.013419216317767043,,,,,,,,,,
9,56.03193773483628,43.592324208266234,0.10064412238325282,0.2616747181964573,,0.013419216317767043,,,,,,,,,,
10,55.743424584004295,43.86741814278046,0.11406333870101985,0.2616747181964573,,0.013419216317767043,,,,,,,,,,
11,55.38781535158347,44.135802469135804,0.12077294685990338,0.3421900161030596,,0.013419216317767043,,,,,,,,,,
12,55.23349436392915,44.216317767042405,0.12077294685990338,0.41599570585077833,,0.013419216317767043,,,,,,,,,,
13,49.75845410628019,39.57997852925389,0.10735373054213634,0.32877079978529256,10.11808910359635,0.10735373054213634,,,,,,,,,,
14,49.49677938808374,39.72758990874933,0.10735373054213634,0.41599570585077833,10.11808910359635,0.13419216317767044,,,,,,,,,,
15,46.85990338164251,40.58641975308642,0.05367686527106817,0.9594739667203436,11.406333870101985,0.13419216317767044,,,,,,,,,,
16,44.77321524422974,42.579173376274824,0.05367686527106817,0.9863123993558777,11.406333870101985,0.13419216317767044,0.06709608158883522,,,,,,,,,
17,44.578636607622116,42.69994632313473,0.05367686527106817,1.0601180891035964,11.3593666129898,0.13419216317767044,0.06709608158883522,0.04696725711218465,,,,,,,,
18,44.49141170155663,42.39801395598497,0.05367686527106817,1.4492753623188406,11.3593666129898,0.13419216317767044,0.06709608158883522,0.04696725711218465,,,,,,,,
19,44.20960815888352,42.659688674181425,0.05367686527106817,1.4626945786366077,11.2788513150832,0.13419216317767044,0.06709608158883522,0.13419216317767044,,,,,,,,
20,43.35748792270532,43.31723027375201,0.06709608158883522,1.6438539989264627,11.258722490606548,0.13419216317767044,0.06709608158883522,0.15432098765432098,,,,,,,,
21,43.20987654320987,43.08910359634997,0.06709608158883522,1.778046162104133,11.20504562533548,0.4294149221685454,0.06709608158883522,0.15432098765432098,,,,,,,,
22,42.860976918947934,43.19645732689211,0.07380568974771873,1.7713365539452497,11.198336017176597,0.644122383252818,0.06709608158883522,0.1878690284487386,,,,,,,,
23,42.80730005367686,43.08910359634997,0.19457863660762212,1.8115942028985508,11.198336017176597,0.644122383252818,0.06709608158883522,0.1878690284487386,,,,,,,,
24,41.06951154052604,44.72624798711755,0.2281266774020397,1.8183038110574343,11.225174449812132,0.6776704240472357,0.06709608158883522,0.1878690284487386,,,,,,,,
25,41.02254428341385,44.71282877079979,0.2281266774020397,1.8786902844873858,11.225174449812132,0.6776704240472357,0.06709608158883522,0.1878690284487386,,,,,,,,
26,40.042941492216855,45.3569511540526,0.2281266774020397,2.2342995169082127,11.198336017176597,0.6776704240472357,0.06709608158883522,0.19457863660762212,,,,,,,,
27,38.87546967257112,46.19565217391305,0.24154589371980675,2.5496511003757383,11.198336017176597,0.6776704240472357,0.06709608158883522,0.19457863660762212,,,,,,,,
28,38.727858293075684,45.95410628019324,0.24154589371980675,2.8784219001610305,10.916532474503489,0.7380568974771873,0.06709608158883522,0.47638217928073,,,,,,,,
29,36.56736446591519,47.987117552334944,0.20799785292538917,3.046162104133119,10.641438539989265,0.7246376811594203,0.07380568974771873,0.7514761137949544,,,,,,,,
30,35.83601717659689,45.967525496511,2.8381642512077296,3.0394524959742353,9.634997316156737,0.7246376811594203,1.1808910359634996,0.7783145464304885,,,,,,,,
31,34.715512614063336,46.9873859366613,2.8381642512077296,3.052871712292002,9.628287707997853,0.8118625872249061,1.1808910359634996,0.785024154589372,,,,,,,,
32,34.574610842726784,43.974771873322595,2.8381642512077296,6.219806763285024,9.614868491680086,0.8118625872249061,1.1808910359634996,0.785024154589372,,,,,,,,
33,34.17203435319377,42.82071926999463,4.85775630703167,5.756843800322061,9.574610842726784,0.8118625872249061,1.1808910359634996,0.8252818035426731,,,,,,,,
34,33.97745571658615,42.84755770263017,4.8443370907139025,5.9447128287707995,9.541062801932368,0.8118625872249061,1.1808910359634996,0.8387010198604401,0.013419216317767043,,,,,,,
35,33.76945786366076,42.351046698872786,4.750402576489533,5.844068706387547,9.01100375738057,2.1940418679549114,1.2144390767579174,0.7581857219538379,0.10735373054213634,,,,,,,
36,31.159420289855074,45.25630703166935,4.750402576489533,5.884326355340848,9.480676328502415,2.1940418679549114,0.4294149221685454,0.7246376811594203,0.12077294685990338,,,,,,,
37,29.904723564143854,46.5378421900161,4.736983360171766,5.83064949006978,9.453837895866881,2.1940418679549114,0.4294149221685454,0.7514761137949544,0.13419216317767044,0.026838432635534086,,,,,,
38,29.441760601180892,46.96725711218465,4.723564143853999,5.864197530864198,9.453837895866881,2.1940418679549114,0.4294149221685454,0.7514761137949544,0.14761137949543746,0.026838432635534086,,,,,,
39,28.67686527106817,45.289855072463766,4.723564143853999,6.011808910359635,11.721685453569512,2.1940418679549114,0.4294149221685454,0.7783145464304885,0.14761137949543746,0.026838432635534086,,,,,,
40,28.59634997316157,45.330112721417066,4.723564143853999,6.025228126677402,9.903381642512077,4.2270531400966185,0.4294149221685454,0.5636070853462157,0.14761137949543746,0.05367686527106817,,,,,,
41,28.462157809983896,45.3972088030059,4.723564143853999,6.092324208266238,9.903381642512077,4.2270531400966185,0.4294149221685454,0.5636070853462157,0.14761137949543746,0.05367686527106817,,,,,,
42,28.442028985507246,45.38378958668814,4.74369296833065,6.038647342995169,9.916800858829845,4.2203435319377345,0.4294149221685454,0.5904455179817498,0.14761137949543746,0.08051529790660225,0.0067096081588835215,,,,,
43,28.421900161030596,44.44444444444444,4.683306494900698,7.004830917874396,9.836285560923242,4.2203435319377345,0.3488996242619431,0.6374127750939346,0.2885131508319914,0.10735373054213634,0.0067096081588835215,,,,,
44,28.30112721417069,44.06199677938808,5.139559849704777,7.159151905528717,9.681964573268921,4.2203435319377345,0.36231884057971014,0.6374127750939346,0.30864197530864196,0.10735373054213634,0.0067096081588835215,0.013419216317767043,,,,
45,28.30112721417069,44.04186795491143,5.139559849704777,7.159151905528717,9.702093397745571,4.2203435319377345,0.36231884057971014,0.6374127750939346,0.30864197530864196,0.10735373054213634,0.0067096081588835215,0.013419216317767043,,,,
46,27.435587761674718,42.08266237251745,7.709339774557166,7.185990338164252,9.608158883521202,4.4820182501341925,0.36231884057971014,0.644122383252818,0.33548040794417605,0.11406333870101985,0.026838432635534086,0.013419216317767043,,,,
47,27.32823403113258,41.74718196457327,7.709339774557166,7.253086419753086,9.594739667203436,4.85775630703167,0.36231884057971014,0.6575415995705851,0.33548040794417605,0.11406333870101985,0.026838432635534086,0.013419216317767043,,,,
48,27.24771873322598,41.700214707461086,7.709339774557166,7.273215244229737,9.440418679549115,4.85775630703167,0.5904455179817498,0.6910896403650026,0.33548040794417605,0.11406333870101985,0.026838432635534086,0.013419216317767043,,,,
49,27.200751476113794,41.6935050993022,7.689210950080516,7.326892109500805,9.433709071390231,4.85775630703167,0.5904455179817498,0.6843800322061192,0.35560923242082665,0.11406333870101985,0.040257648953301126,0.013419216317767043,,,,
50,27.100107353730543,40.94873859366613,7.689210950080516,8.13875469672571,9.380032206119163,4.911433172302737,0.6239935587761675,0.6843800322061192,0.35560923242082665,0.11406333870101985,0.040257648953301126,0.013419216317767043,,,,
51,26.583467525496513,40.22410091250671,7.5281803542673105,8.172302737520129,10.59447128287708,5.119431025228127,0.5568974771873323,0.6843800322061192,0.36902844873859364,0.11406333870101985,0.040257648953301126,0.013419216317767043,,,,
52,26.52308105206656,40.06977992485239,7.5281803542673105,8.266237251744498,10.581052066559312,5.226784755770263,0.5568974771873323,0.7112184648416533,0.36902844873859364,0.11406333870101985,0.040257648953301126,0.013419216317767043,,,,
53,26.402308105206657,39.21765968867418,7.514761137949543,7.997852925389157,10.379763821792807,6.588835212023618,0.5434782608695652,0.7179280730005367,0.3824476650563607,0.11406333870101985,0.10064412238325282,0.040257648953301126,,,,
54,26.402308105206657,39.01637144390767,7.514761137949543,7.897208803005904,10.379763821792807,6.884057971014493,0.5501878690284487,0.7179280730005367,0.3824476650563607,0.11406333870101985,0.10064412238325282,0.040257648953301126,,,,
55,26.36876006441224,38.7614063338701,7.387278582930757,8.05823939881911,10.379763821792807,6.843800322061192,0.5501878690284487,1.0198604401502953,0.36902844873859364,0.12077294685990338,0.10064412238325282,0.040257648953301126,,,,
56,26.154052603327965,37.94283413848631,7.387278582930757,8.205850778314547,11.399624261943103,6.857219538378959,0.4025764895330113,1.0198604401502953,0.36902844873859364,0.12077294685990338,0.10064412238325282,0.040257648953301126,,,,
57,26.127214170692433,37.9092860976919,7.092055823939882,8.232689210950081,11.43317230273752,6.837090713902308,0.6709608158883521,1.0198604401502953,0.39586688137412773,0.12077294685990338,0.10064412238325282,0.06038647342995169,,,,
58,26.073537305421365,37.90257648953301,7.078636607622115,8.152173913043478,11.453301127214171,6.830381105743425,0.6709608158883521,1.0265700483091786,0.39586688137412773,0.12077294685990338,0.10064412238325282,0.19457863660762212,,,,
59,26.03327965646806,37.734836285560924,7.071926999463232,8.219269994632313,11.43317230273752,6.696188942565755,0.6709608158883521,1.328502415458937,0.39586688137412773,0.12077294685990338,0.10064412238325282,0.19457863660762212,,,,
60,25.999731615673646,37.64761137949544,7.071926999463232,8.205850778314547,11.43317230273752,6.830381105743425,0.6709608158883521,1.328502415458937,0.39586688137412773,0.12077294685990338,0.10064412238325282,0.19457863660762212,,,,
61,25.986312399355878,37.285292538915726,6.776704240472356,8.57487922705314,11.41304347826087,6.837090713902308,0.6709608158883521,1.3486312399355878,0.6910896403650026,0.12077294685990338,0.10064412238325282,0.19457863660762212,,,,
62,25.959473966720342,35.7487922705314,6.776704240472356,8.641975308641975,11.41304347826087,6.816961889425658,2.13365539452496,1.3486312399355878,0.6910896403650026,0.14761137949543746,0.10064412238325282,0.2214170692431562,,,,
63,25.95276435856146,35.7085346215781,6.749865807836822,8.641975308641975,11.41304347826087,6.810252281266774,2.1604938271604937,1.3486312399355878,0.7447665056360708,0.14761137949543746,0.10064412238325282,0.2214170692431562,,,,
64,25.93263553408481,35.48040794417606,6.595544820182502,8.55475040257649,11.41304347826087,6.837090713902308,2.442297369833602,1.3486312399355878,0.8990874932903918,0.17444981213097155,0.10064412238325282,0.2214170692431562,,,,
65,25.509930220075148,35.869565217391305,6.749865807836822,8.662104133118627,11.2788513150832,6.723027375201288,2.4154589371980677,1.3486312399355878,0.8990874932903918,0.19457863660762212,0.10064412238325282,0.24825550187869028,,,,
66,25.45625335480408,35.527375201288244,5.8172302737520125,8.272946859903382,11.272141706924316,8.668813741277509,2.4490069779924855,1.06682769726248,0.7045088566827697,0.19457863660762212,0.322061191626409,0.24825550187869028,,,,
67,25.281803542673106,35.581052066559316,5.844068706387547,8.3467525496511,11.231884057971014,8.715780998389693,2.4490069779924855,1.0802469135802468,0.7045088566827697,0.19457863660762212,0.322061191626409,0.24825550187869028,,,,
68,25.275093934514224,35.547504025764894,5.844068706387547,8.373590982286634,10.990338164251208,8.675523349436393,2.4691358024691357,1.3217928073000538,0.7045088566827697,0.19457863660762212,0.322061191626409,0.28180354267310787,,,,
69,25.275093934514224,35.39318303811057,5.857487922705314,8.172302737520129,10.829307568438002,9.017713365539452,2.4691358024691357,1.482823403113258,0.7045088566827697,0.19457863660762212,0.322061191626409,0.28180354267310787,,,,
70,23.97342995169082,36.66800858829844,5.844068706387547,8.21256038647343,10.829307568438002,9.017713365539452,2.4691358024691357,1.482823403113258,0.7045088566827697,0.19457863660762212,0.322061191626409,0.28180354267310787,,,,
71,23.95330112721417,36.540526033279654,5.857487922705314,8.279656468062266,10.836017176596886,9.078099838969404,2.462426194310252,1.482823403113258,0.7045088566827697,0.19457863660762212,0.322061191626409,0.2885131508319914,,,,
72,23.805689747718734,36.540526033279654,5.877616747181965,8.09849704777241,9.5276435856146,9.078099838969404,4.200214707461084,1.3486312399355878,0.7045088566827697,0.20799785292538917,0.322061191626409,0.2885131508319914,,,,
73,23.805689747718734,36.50697799248524,5.877616747181965,8.11862587224906,9.494095544820183,9.078099838969404,4.200214707461084,1.3821792807300053,0.7045088566827697,0.20799785292538917,0.322061191626409,0.30193236714975846,,,,
74,23.79898013955985,36.37278582930757,5.877616747181965,8.172302737520129,9.473966720343531,9.07139023081052,4.17337627482555,1.4962426194310252,0.7045088566827697,0.23483628556092323,0.322061191626409,0.30193236714975846,,,,
75,23.731884057971016,36.151368760064415,5.870907139023081,8.393719806763285,9.326355340848094,9.098228663446054,4.193505099302201,1.6975308641975309,0.6776704240472357,0.23483628556092323,0.322061191626409,0.30193236714975846,,,,
76,23.544015029522274,35.70182501341922,5.837359098228664,8.923778851315083,9.41358024691358,9.091519055287172,4.193505099302201,1.7444981213097155,0.6709608158883521,0.2549651100375738,0.322061191626409,0.30193236714975846,,,,
77,23.356146001073537,35.87627482555019,5.837359098228664,8.93719806763285,9.406870638754697,8.917069243156199,4.193505099302201,1.751207729468599,0.8454106280193237,0.2549651100375738,0.322061191626409,0.30193236714975846,,,,
78,23.356146001073537,35.829307568438004,5.877616747181965,8.943907675791733,9.380032206119163,8.917069243156199,4.180085882984434,1.751207729468599,0.8856682769726248,0.2549651100375738,0.322061191626409,0.30193236714975846,,,,
79,23.356146001073537,35.66156736446592,5.763553408480945,9.03113258185722,9.380032206119163,9.098228663446054,4.200214707461084,1.778046162104133,0.8521202361782072,0.2549651100375738,0.322061191626409,0.30193236714975846,,,,
80,23.141438539989263,35.64143853998927,5.864197530864198,9.03113258185722,9.172034353193773,9.091519055287172,4.522275899087493,1.778046162104133,0.8789586688137413,0.2549651100375738,0.322061191626409,0.30193236714975846,,,,
81,22.98040794417606,32.99785292538916,10.976918947933441,7.139023081052066,9.172034353193773,8.82313472893183,4.508856682769726,1.7310789049919484,0.8789586688137413,0.18115942028985507,0.322061191626409,0.2885131508319914,,,,
82,18.65271068169619,37.21819645732689,10.896403650026839,7.125603864734299,9.225711218464841,8.662104133118627,4.7101449275362315,1.7914653784219001,0.9125067096081588,0.18115942028985507,0.322061191626409,0.30193236714975846,,,,
83,18.625872249060656,37.104133118625874,10.86285560923242,7.320182501341922,9.198872785829307,8.655394524959743,4.7101449275362315,1.7713365539452497,0.9460547504025765,0.18115942028985507,0.322061191626409,0.30193236714975846,,,,
84,18.431293612453032,36.37278582930757,10.836017176596886,7.03166935050993,9.198872785829307,8.709071390230811,5.877616747181965,1.7713365539452497,0.9594739667203436,0.18115942028985507,0.32877079978529256,0.30193236714975846,,,,
85,18.14278046162104,36.42646269457864,10.856146001073537,7.051798174986581,9.39345142243693,8.682232957595277,5.870907139023081,1.8048845947396672,0.9594739667203436,0.18115942028985507,0.32877079978529256,0.30193236714975846,,,,
86,18.12265163714439,36.08427267847558,10.809178743961352,7.306763285024155,9.366612989801396,8.950617283950617,5.703166935050993,1.8384326355340848,0.9796027911969941,0.18115942028985507,0.35560923242082665,0.30193236714975846,,,,
87,18.04884594739667,35.21202361782072,10.641438539989265,7.326892109500805,9.541062801932368,9.681964573268921,5.703166935050993,1.865271068169619,1.1674718196457328,0.15432098765432098,0.35560923242082665,0.30193236714975846,,,,
88,17.907944176060116,35.25228126677402,10.668276972624799,7.380568974771873,9.561191626409018,9.675254965110037,5.689747718733226,1.865271068169619,1.1674718196457328,0.1610305958132045,0.36902844873859364,0.30193236714975846,,,,
89,17.733494363929147,35.42002147074611,10.668276972624799,7.37385936661299,9.561191626409018,9.675254965110037,5.689747718733226,1.865271068169619,1.1674718196457328,0.1610305958132045,0.3824476650563607,0.30193236714975846,,,,
90,17.60601180891036,35.49382716049383,10.554213633923778,7.4006977992485234,9.574610842726784,9.675254965110037,5.8172302737520125,1.865271068169619,1.1674718196457328,0.1610305958132045,0.3824476650563607,0.30193236714975846,,,,
91,17.559044551798173,35.487117552334944,10.554213633923778,7.454374664519592,9.561191626409018,9.675254965110037,5.8172302737520125,1.8988191089640365,1.1473429951690821,0.1610305958132045,0.3824476650563607,0.30193236714975846,,,,
92,17.09608158883521,34.896672034353195,12.151100375738057,7.407407407407407,9.5276435856146,9.668545356951155,5.367686527106817,1.9256575415995705,1.1473429951690821,0.1610305958132045,0.3824476650563607,0.2683843263553409,,,,
93,16.82769726247987,35.06441223832528,12.13768115942029,7.347020933977456,9.5276435856146,9.842995169082126,5.367686527106817,1.9256575415995705,1.1473429951690821,0.1610305958132045,0.3824476650563607,0.2683843263553409,,,,
94,16.82769726247987,34.46054750402576,11.493558776167472,7.25979602791197,9.514224369296834,11.332528180354267,5.146269457863661,1.9390767579173376,1.1808910359634996,0.17444981213097155,0.3824476650563607,0.2885131508319914,,,,
95,16.74718196457327,34.31964573268921,11.480139559849706,7.192699946323135,9.675254965110037,11.41304347826087,5.10601180891036,1.9457863660762211,1.2278582930756843,0.1878690284487386,0.41599570585077833,0.2885131508319914,,,,
96,16.6935050993022,34.19216317767042,11.453301127214171,7.185990338164252,9.675254965110037,11.426462694578637,5.314009661835748,1.9256575415995705,1.2412775093934514,0.1878690284487386,0.41599570585077833,0.2885131508319914,,,,
97,16.492216854535695,34.286097691894796,11.446591519055287,7.058507783145465,9.675254965110037,11.688137412775093,5.287171229200215,1.8719806763285025,1.2278582930756843,0.2214170692431562,0.4562533548040794,0.2885131508319914,,,,
98,16.404991948470208,34.23242082662372,11.56736446591519,7.098765432098766,9.534353193773484,11.681427804616211,5.287171229200215,1.9726247987117553,1.2278582930756843,0.2214170692431562,0.4562533548040794,0.3153515834675255,,,,
99,16.31105743424584,34.11164787976382,11.594202898550725,7.1658615136876005,9.534353193773484,11.721685453569512,5.340848094471283,1.9726247987117553,1.2546967257112185,0.2214170692431562,0.4562533548040794,0.3153515834675255,,,,
100,16.31105743424584,33.55475040257649,11.60762211486849,7.440955448201825,9.46725711218465,12.037037037037036,5.340848094471283,2.006172839506173,1.2546967257112185,0.2214170692431562,0.4562533548040794,0.30193236714975846,,,,
101,16.029253891572733,32.54159957058508,12.795222758990874,7.514761137949543,9.420289855072463,12.037037037037036,5.340848094471283,2.046430488459474,1.2681159420289856,0.24154589371980675,0.4562533548040794,0.30864197530864196,,,,
102,16.015834675254965,32.54830917874396,12.781803542673108,7.521470746108427,9.420289855072463,12.030327428878154,5.340848094471283,2.033011272141707,1.2815351583467525,0.24154589371980675,0.4562533548040794,0.32877079978529256,,,,
103,15.210681696188942,33.3870101986044,12.72812667740204,7.501341921631776,9.198872785829307,12.070585077831455,5.3274288781535155,2.3215244229736984,1.2949543746645196,0.2281266774020397,0.4227053140096618,0.30864197530864196,,,,
104,15.183843263553408,33.393719806763286,12.734836285560924,7.501341921631776,9.172034353193773,11.882716049382717,5.3274288781535155,2.536231884057971,1.3083735909822867,0.2549651100375738,0.38915727321524424,0.3153515834675255,,,,
105,15.116747181964573,31.676060118089104,12.661030595813205,7.353730542136339,9.118357487922705,13.92914653784219,5.300590445517981,2.536231884057971,1.3083735909822867,0.2683843263553409,0.41599570585077833,0.3153515834675255,,,,
106,15.096618357487923,31.635802469135804,12.661030595813205,7.39398819108964,9.111647879763822,13.902308105206655,5.300590445517981,2.563070316693505,1.3083735909822867,0.2683843263553409,0.41599570585077833,0.3421900161030596,,,,
107,15.069779924852389,31.4747718733226,12.647611379495437,7.326892109500805,9.111647879763822,13.90901771336554,5.300590445517981,2.85829307568438,1.2748255501878691,0.2683843263553409,0.41599570585077833,0.3421900161030596,,,,
108,15.069779924852389,31.40096618357488,12.647611379495437,7.4006977992485234,9.111647879763822,13.90901771336554,5.300590445517981,2.85829307568438,1.2748255501878691,0.2683843263553409,0.41599570585077833,0.3421900161030596,,,,
109,15.049651100375739,31.206387546967257,12.647611379495437,7.4141170155662905,9.125067096081589,14.083467525496511,5.300590445517981,2.871712292002147,1.2748255501878691,0.28180354267310787,0.4025764895330113,0.3421900161030596,,,,
110,14.915458937198068,31.226516371443907,12.607353730542137,7.5348899624261945,9.037842190016104,14.049919484702093,5.186527106816962,3.1065485775630703,1.2748255501878691,0.28180354267310787,0.4025764895330113,0.3757380568974772,,,,
111,14.714170692431562,31.233225979602793,13.063607085346217,7.568438003220612,9.017713365539452,13.7211486849168,5.173107890499195,3.126677402039721,1.288244766505636,0.28180354267310787,0.4025764895330113,0.4092860976918948,,,,
112,14.626945786366075,31.085614600107355,13.130703166935051,7.7898550724637685,9.017713365539452,13.647342995169081,5.152979066022544,3.113258185721954,1.288244766505636,0.2952227589908749,0.41599570585077833,0.43612453032742887,,,,
113,14.626945786366075,31.01851851851852,13.123993558776167,7.816693505099302,9.017713365539452,13.647342995169081,5.132850241545894,3.140096618357488,1.3150831991411702,0.2952227589908749,0.4294149221685454,0.43612453032742887,,,,
114,14.593397745571659,30.99838969404187,13.110574342458401,7.809983896940419,9.044551798174986,13.66076221148685,5.146269457863661,3.140096618357488,1.3083735909822867,0.2952227589908749,0.43612453032742887,0.4562533548040794,,,,
115,14.593397745571659,30.9849704777241,12.640901771336553,7.796564680622652,9.004294149221685,14.143853998926463,5.132850241545894,3.180354267310789,1.3150831991411702,0.2952227589908749,0.43612453032742887,0.47638217928073,,,,
116,14.418947933440688,30.864197530864196,12.640901771336553,7.836822329575953,9.272678475577026,14.110305958132045,5.119431025228127,3.1736446591519054,1.3150831991411702,0.2952227589908749,0.47638217928073,0.47638217928073,,,,
117,14.40552871712292,30.407944176060116,13.560118089103597,7.575147611379496,9.4873859366613,13.801663982823403,5.119431025228127,3.1468062265163717,1.247987117552335,0.2952227589908749,0.47638217928073,0.46967257112184646,0.0067096081588835215,,,
118,11.540526033279656,34.695383789586685,12.352388620504563,7.541599570585078,9.359903381642512,13.707729468599034,4.938271604938271,3.3413848631239937,1.247987117552335,0.2952227589908749,0.47638217928073,0.49651100375738055,0.0067096081588835215,,,
119,11.540526033279656,34.66854535695116,12.258454106280194,7.776435856146001,9.212292002147075,13.687600644122384,4.911433172302737,3.3413848631239937,1.2815351583467525,0.3153515834675255,0.5032206119162641,0.49651100375738055,0.0067096081588835215,,,
120,11.500268384326356,34.5679012345679,12.04374664519592,7.816693505099302,8.977455716586151,13.654052603327965,5.146269457863661,3.5628019323671496,1.3083735909822867,0.3153515834675255,0.47638217928073,0.6239935587761675,0.0067096081588835215,,,
121,11.500268384326356,33.903650026838434,12.030327428878154,7.803274288781535,9.728931830381105,13.519860440150294,5.159688674181428,3.5762211486849167,1.3352120236178207,0.3153515834675255,0.49651100375738055,0.6239935587761675,0.0067096081588835215,,,
122,11.473429951690822,33.89694041867955,11.922973698336017,7.742887815351583,9.742351046698873,13.6406333870102,5.186527106816962,3.589640365002684,1.3419216317767042,0.33548040794417605,0.49651100375738055,0.6239935587761675,0.0067096081588835215,,,
123,11.104401502952227,31.76328502415459,11.81561996779388,6.951154052603328,20.7662372517445,9.916800858829845,3.5963499731615673,1.90552871712292,1.0399892646269457,0.2683843263553409,0.4025764895330113,0.46296296296296297,0.0067096081588835215,,,
124,11.104401502952227,31.76328502415459,11.802200751476114,6.951154052603328,20.7662372517445,9.923510466988727,3.5963499731615673,1.90552871712292,1.0466988727858293,0.2683843263553409,0.4025764895330113,0.46296296296296297,0.0067096081588835215,,,
125,11.057434245840042,31.716317767042405,11.802200751476114,6.957863660762212,20.833333333333332,9.903381642512077,3.5963499731615673,1.90552871712292,1.0802469135802468,0.2683843263553409,0.4025764895330113,0.46967257112184646,0.0067096081588835215,,,
126,11.044015029522276,31.64922168545357,11.83574879227053,7.0450885668276975,20.860171765968868,9.88996242619431,3.5628019323671496,1.8853998926462694,1.0802469135802468,0.2683843263553409,0.4025764895330113,0.46967257112184646,0.0067096081588835215,,,
127,11.044015029522276,31.629092860976918,11.808910359634996,7.011540526033279,20.860171765968868,9.842995169082126,3.556092324208266,1.8853998926462694,1.1674718196457328,0.2683843263553409,0.41599570585077833,0.5032206119162641,0.0067096081588835215,,,
128,11.017176596886742,31.64922168545357,11.77536231884058,7.085346215780999,20.779656468062264,9.816156736446592,3.556092324208266,1.8853998926462694,1.2077294685990339,0.27509393451422437,0.41599570585077833,0.5300590445517982,0.0067096081588835215,,,
129,11.017176596886742,31.608964036500268,11.688137412775093,7.185990338164252,20.719269994632313,9.816156736446592,3.556092324208266,2.0263016639828235,1.1540526033279657,0.27509393451422437,0.41599570585077833,0.5300590445517982,0.0067096081588835215,,,
130,10.782340311325818,31.816961889425656,11.574074074074074,7.266505636070853,20.638754696725712,9.816156736446592,3.569511540526033,2.0397208803005906,1.2681159420289856,0.27509393451422437,0.41599570585077833,0.5300590445517982,0.0067096081588835215,,,
131,10.782340311325818,31.756575415995705,11.574074074074074,7.340311325818572,20.558239398819108,9.916800858829845,3.5829307568438002,1.9994632313472893,1.2681159420289856,0.27509393451422437,0.41599570585077833,0.5300590445517982,,,,
132,10.775630703166936,31.716317767042405,11.553945249597424,7.561728395061729,20.38378958668814,9.96376811594203,3.5762211486849167,1.9927536231884058,1.247987117552335,0.27509393451422437,0.4227053140096618,0.5300590445517982,,,,
133,10.768921095008052,31.682769726247987,11.439881910896403,7.548309178743962,20.356951154052602,9.977187332259795,3.5963499731615673,2.0128824476650564,1.3821792807300053,0.27509393451422437,0.4227053140096618,0.5367686527106817,,,,
134,10.762211486849168,31.635802469135804,11.439881910896403,7.924047235641439,20.001341921631777,9.977187332259795,3.6097691894793345,2.033011272141707,1.3955984970477724,0.27509393451422437,0.4092860976918948,0.5367686527106817,,,,
135,10.762211486849168,31.52173913043478,11.439881910896403,8.038110574342458,20.001341921631777,9.950348899624261,3.5963499731615673,2.059849704777241,1.4090177133655395,0.27509393451422437,0.4092860976918948,0.5367686527106817,,,,
136,10.762211486849168,31.199677938808374,11.43317230273752,8.36688137412775,19.96779388083736,9.816156736446592,3.5963499731615673,2.254428341384863,1.3687600644122384,0.27509393451422437,0.4092860976918948,0.5501878690284487,,,,
137,10.695115405260333,31.092324208266238,11.453301127214171,8.387010198604402,19.91411701556629,9.789318303811058,3.81105743424584,2.254428341384863,1.3687600644122384,0.27509393451422437,0.4092860976918948,0.5501878690284487,,,,
138,10.68840579710145,31.04535695115405,11.453301127214171,8.440687063875469,19.91411701556629,9.789318303811058,3.81105743424584,2.254428341384863,1.3687600644122384,0.27509393451422437,0.4092860976918948,0.5501878690284487,,,,
139,10.661567364465915,31.03864734299517,11.392914653784219,8.467525496511003,19.91411701556629,9.849704777241008,3.797638217928073,2.254428341384863,1.3888888888888888,0.27509393451422437,0.4092860976918948,0.5501878690284487,,,,
140,10.61460010735373,30.991680085882983,11.366076221148685,8.581588835212024,19.87385936661299,9.836285560923242,3.797638217928073,2.254428341384863,1.42914653784219,0.28180354267310787,0.4227053140096618,0.5501878690284487,,,,
141,10.57434245840043,30.159688674181428,13.58695652173913,8.11862587224906,19.49812130971551,9.373322597960279,3.7775093934514223,2.341653247450349,1.3083735909822867,0.2616747181964573,0.41599570585077833,0.5837359098228664,,,,
142,10.507246376811594,30.06575415995706,13.553408480944713,8.252818035426731,19.47799248523886,9.359903381642512,3.7909286097691894,2.3886205045625335,1.328502415458937,0.2616747181964573,0.4294149221685454,0.5837359098228664,,,,
143,10.50053676865271,29.904723564143854,13.546698872785829,8.420558239398819,19.37734836285561,9.380032206119163,3.8043478260869565,2.408749329039184,1.3888888888888888,0.2616747181964573,0.4227053140096618,0.5837359098228664,,,,
144,10.037573805689748,30.495169082125603,13.546698872785829,8.527911969940956,19.142512077294686,9.292807300053678,3.8043478260869565,2.49597423510467,1.3888888888888888,0.2616747181964573,0.4227053140096618,0.5837359098228664,,,,
145,10.037573805689748,30.421363392377884,13.627214170692431,8.521202361782072,19.142512077294686,9.252549651100376,3.824476650563607,2.49597423510467,1.3955984970477724,0.2616747181964573,0.4227053140096618,0.5837359098228664,,0.013419216317767043,,
146,9.96376811594203,30.421363392377884,13.526570048309178,10.198604401502953,17.62614063338701,9.286097691894794,3.7909286097691894,2.49597423510467,1.3955984970477724,0.27509393451422437,0.4227053140096618,0.5837359098228664,,0.013419216317767043,,
147,9.96376811594203,30.414653784219002,13.493022007514762,10.205314009661835,17.62614063338701,9.286097691894794,3.7909286097691894,2.49597423510467,1.42914653784219,0.27509393451422437,0.4227053140096618,0.5837359098228664,,0.013419216317767043,,
148,9.950348899624261,30.3743961352657,13.633923778851315,10.19189479334407,17.45169082125604,9.286097691894794,3.8177670424047236,2.49597423510467,1.4761137949543746,0.27509393451422437,0.4495437466451959,0.5837359098228664,,0.013419216317767043,,
149,9.950348899624261,29.770531400966185,13.747987117552334,10.668276972624799,17.45169082125604,9.286097691894794,3.8043478260869565,2.49597423510467,1.4761137949543746,0.30193236714975846,0.4495437466451959,0.5837359098228664,,0.013419216317767043,,
150,9.950348899624261,29.522275899087493,13.7211486849168,10.587761674718196,17.438271604938272,9.614868491680086,3.8177670424047236,2.49597423510467,1.5029522275899088,0.30193236714975846,0.4495437466451959,0.5837359098228664,,0.013419216317767043,,
151,9.950348899624261,29.468599033816425,13.83521202361782,10.621309715512615,17.431561996779386,9.46725711218465,3.8177670424047236,2.5295222758990876,1.5365002683843263,0.30193236714975846,0.4495437466451959,0.5703166935050993,,0.020128824476650563,,
152,9.789318303811058,29.32769726247987,13.499731615673644,10.339506172839506,18.54535695115405,9.245840042941492,3.92512077294686,2.5026838432635534,1.482823403113258,0.30193236714975846,0.4495437466451959,0.5703166935050993,,0.020128824476650563,,
153,9.554482018250134,29.54911433172303,13.486312399355878,10.373054213633925,18.4849704777241,9.23913043478261,3.9452495974235107,2.4825550187869028,1.5499194847020934,0.2952227589908749,0.4495437466451959,0.5703166935050993,,0.020128824476650563,,
154,9.554482018250134,29.54911433172303,13.486312399355878,10.352925389157273,18.4849704777241,9.245840042941492,3.9452495974235107,2.49597423510467,1.5499194847020934,0.2952227589908749,0.4495437466451959,0.5703166935050993,,0.020128824476650563,,
155,9.460547504025765,29.502147074610843,13.486312399355878,10.36634460547504,18.59903381642512,9.205582393988191,3.9452495974235107,2.509393451422437,1.5499194847020934,0.2952227589908749,0.4495437466451959,0.6105743424584005,,0.020128824476650563,,
156,9.460547504025765,29.388083735909824,13.486312399355878,10.292538915727322,18.59903381642512,9.39345142243693,3.9452495974235107,2.509393451422437,1.5499194847020934,0.2952227589908749,0.4495437466451959,0.6105743424584005,,0.020128824476650563,,
157,9.460547504025765,29.32769726247987,13.486312399355878,10.352925389157273,18.572195383789587,9.380032206119163,3.9586688137412773,2.536231884057971,1.5365002683843263,0.30193236714975846,0.4495437466451959,0.6172839506172839,,0.020128824476650563,,
158,9.460547504025765,29.300858829844337,13.647342995169081,10.151637144390767,18.55877616747182,9.151905528717123,4.233762748255502,2.5563607085346214,1.556629092860977,0.2885131508319914,0.43612453032742887,0.6172839506172839,,0.040257648953301126,,
159,9.426999463231347,29.300858829844337,13.627214170692431,10.171765968867419,18.5252281266774,9.131776704240472,4.253891572732153,2.5831991411701556,1.5767579173376274,0.2885131508319914,0.43612453032742887,0.6374127750939346,,0.040257648953301126,,
160,9.426999463231347,29.05931293612453,13.627214170692431,10.279119699409554,18.511808910359633,9.178743961352657,4.461889425657541,2.509393451422437,1.5767579173376274,0.30864197530864196,0.4092860976918948,0.6105743424584005,,0.040257648953301126,,
161,9.426999463231347,29.025764895330113,13.613794954374665,10.272410091250672,18.511808910359633,9.219001610305957,4.4753086419753085,2.509393451422437,1.5767579173376274,0.30864197530864196,0.4092860976918948,0.6105743424584005,,0.040257648953301126,,
162,9.426999463231347,28.992216854535695,13.58695652173913,10.305958132045088,18.4849704777241,9.23913043478261,4.4753086419753085,2.509393451422437,1.6103059581320451,0.30864197530864196,0.3824476650563607,0.6374127750939346,,0.040257648953301126,,
163,9.333064949006978,29.07944176060118,13.318572195383789,10.352925389157273,18.4044551798175,9.27938808373591,4.502147074610843,2.49597423510467,1.8719806763285025,0.30864197530864196,0.3824476650563607,0.630703166935051,,0.040257648953301126,,
164,9.326355340848094,29.025764895330113,13.197799248523886,10.359634997316157,18.377616747181964,9.178743961352657,4.8376274825550185,2.4691358024691357,1.8719806763285025,0.3488996242619431,0.3824476650563607,0.5837359098228664,,0.040257648953301126,,
165,9.326355340848094,29.025764895330113,12.962962962962964,10.339506172839506,18.377616747181964,9.400161030595813,4.817498658078368,2.4892646269457863,1.8853998926462694,0.3488996242619431,0.4025764895330113,0.5837359098228664,,0.040257648953301126,,
166,9.306226516371444,28.878153515834676,12.875738056897477,10.46027911969941,18.323939881910896,9.500805152979066,4.8376274825550185,2.4892646269457863,1.9524959742351047,0.3488996242619431,0.4025764895330113,0.5837359098228664,,0.040257648953301126,,
167,9.29951690821256,28.871443907675793,12.842190016103059,10.473698336017177,18.310520665593128,9.480676328502415,4.8376274825550185,2.4892646269457863,1.9860440150295222,0.36902844873859364,0.4025764895330113,0.5837359098228664,,0.05367686527106817,,
168,9.29951690821256,28.482286634460547,12.815351583467525,10.38647342995169,18.270263016639827,10.124798711755233,4.683306494900698,2.5429414922168547,1.9659151905528718,0.38915727321524424,0.4025764895330113,0.5837359098228664,,0.05367686527106817,,
169,9.23913043478261,28.341384863123995,12.593934514224369,10.50053676865271,18.16290928609769,10.466988727858293,4.851046698872786,2.536231884057971,1.8786902844873858,0.38915727321524424,0.4025764895330113,0.5837359098228664,,0.05367686527106817,,
170,9.212292002147075,26.637144390767578,14.600107353730541,10.144927536231885,20.189210950080515,9.219001610305957,4.736983360171766,2.214170692431562,1.7310789049919484,0.322061191626409,0.43612453032742887,0.5032206119162641,,0.05367686527106817,,
171,9.145195920558239,26.637144390767578,14.600107353730541,10.185185185185185,20.169082125603865,9.16532474503489,4.736983360171766,2.2611379495437465,1.7646269457863661,0.322061191626409,0.43612453032742887,0.5233494363929146,,0.05367686527106817,,
172,9.125067096081589,26.462694578636608,14.445786366076222,10.379763821792807,20.169082125603865,9.400161030595813,4.730273752012883,2.1604938271604937,1.778046162104133,0.32877079978529256,0.4428341384863124,0.5233494363929146,,0.05367686527106817,,
173,9.104938271604938,26.46940418679549,14.432367149758454,10.406602254428341,20.12211486849168,9.447128287707997,4.7168545356951155,2.1806226516371443,1.7579173376274826,0.3421900161030596,0.4428341384863124,0.5233494363929146,,0.05367686527106817,,
174,9.104938271604938,26.46940418679549,14.418947933440688,10.373054213633925,20.115405260332796,9.386741814278047,4.7638217928073,2.214170692431562,1.7646269457863661,0.36231884057971014,0.47638217928073,0.49651100375738055,,0.05367686527106817,,
175,9.104938271604938,26.455984970477726,14.40552871712292,10.36634460547504,20.088566827697264,9.386741814278047,4.7638217928073,2.254428341384863,1.7847557702630166,0.36231884057971014,0.47638217928073,0.49651100375738055,,0.05367686527106817,,
176,9.024422973698336,26.140633387010197,14.204240472356414,10.661567364465915,20.283145464304884,9.326355340848094,4.736983360171766,2.254428341384863,1.932367149758454,0.38915727321524424,0.47638217928073,0.5166398282340311,,0.05367686527106817,,
177,9.024422973698336,26.127214170692433,14.13714439076758,10.648148148148149,20.1959205582394,9.500805152979066,4.723564143853999,2.24771873322598,1.9457863660762211,0.4025764895330113,0.47638217928073,0.5166398282340311,,0.05367686527106817,,
178,9.024422973698336,26.10708534621578,14.110305958132045,10.674986580783683,20.182501341921633,9.520933977455716,4.7101449275362315,2.2745571658615136,1.9592055823939882,0.4025764895330113,0.47638217928073,0.5032206119162641,,0.05367686527106817,,
179,9.024422973698336,26.039989264626946,14.110305958132045,10.68840579710145,20.182501341921633,9.54777241009125,4.7638217928073,2.24771873322598,1.9592055823939882,0.4025764895330113,0.47638217928073,0.5032206119162641,,0.05367686527106817,,
180,9.024422973698336,25.87895866881374,14.110305958132045,10.856146001073537,20.169082125603865,9.514224369296834,4.7638217928073,2.254428341384863,1.9592055823939882,0.4025764895330113,0.5099302200751477,0.5032206119162641,,0.05367686527106817,,
181,8.923778851315083,25.966183574879228,14.103596349973161,10.869565217391305,20.169082125603865,9.520933977455716,4.7638217928073,2.254428341384863,1.9592055823939882,0.4025764895330113,0.5099302200751477,0.5032206119162641,,0.05367686527106817,,
182,8.910359634997317,25.785024154589372,14.123725174449811,11.010466988727858,20.202630166398283,9.50751476113795,4.757112184648417,2.254428341384863,1.9592055823939882,0.4025764895330113,0.5166398282340311,0.5166398282340311,,0.05367686527106817,,
183,8.903650026838433,25.738056897477186,14.06333870101986,11.05072463768116,20.182501341921633,9.46725711218465,4.7638217928073,2.3215244229736984,2.0397208803005906,0.4025764895330113,0.5233494363929146,0.48980139559849706,,0.05367686527106817,,
