,45,50,52,55,51,54,53,56
0,100.0,,,,,,,
1,90.15700483091787,9.514224369296834,0.32877079978529256,,,,,
2,81.25335480407944,18.417874396135264,0.32877079978529256,,,,,
3,81.12587224906065,18.54535695115405,0.32877079978529256,,,,,
4,81.04535695115405,18.203166935050994,0.7514761137949544,,,,,
5,71.75254965110038,27.3215244229737,0.7514761137949544,0.17444981213097155,,,,
6,71.68545356951154,27.388620504562535,0.7514761137949544,0.17444981213097155,,,,
7,71.61835748792271,27.455716586151368,0.7514761137949544,0.17444981213097155,,,,
8,65.80112721417069,32.360440150295226,0.7514761137949544,0.17444981213097155,0.9125067096081588,,,
9,64.27804616210413,33.883521202361784,0.7514761137949544,0.17444981213097155,0.9125067096081588,,,
10,63.848631239935585,33.17901234567901,0.7514761137949544,1.3083735909822867,0.9125067096081588,,,
11,63.14412238325282,33.319914117015564,0.7514761137949544,1.2815351583467525,0.9125067096081588,0.5904455179817498,,
12,63.22463768115942,33.23939881910896,0.7514761137949544,1.2815351583467525,0.9125067096081588,0.5904455179817498,,
13,63.17096081588835,33.293075684380035,0.7514761137949544,1.2815351583467525,0.9125067096081588,0.5904455179817498,,
14,63.22463768115942,32.90391841116479,0.7514761137949544,1.2815351583467525,0.9125067096081588,0.9259259259259259,,
15,63.29844337090714,32.870370370370374,0.7514761137949544,1.2815351583467525,0.9125067096081588,0.8856682769726248,,
16,63.43263553408481,32.7361782071927,0.7514761137949544,1.2815351583467525,0.9125067096081588,0.8856682769726248,,
17,63.54669887278583,32.62211486849168,0.7514761137949544,1.2815351583467525,0.9125067096081588,0.8856682769726248,,
18,63.57353730542136,32.59527643585615,0.7514761137949544,1.2815351583467525,0.9125067096081588,0.8856682769726248,,
19,63.1508319914117,33.04482018250134,0.7514761137949544,1.2546967257112185,0.9125067096081588,0.8856682769726248,,
20,61.73510466988728,34.21900161030596,0.7380568974771873,1.2546967257112185,1.1674718196457328,0.8856682769726248,,
21,61.761943102522814,34.19216317767042,0.7380568974771873,1.2546967257112185,1.1674718196457328,0.8856682769726248,,
22,58.66881374127751,37.30542136339238,0.7380568974771873,1.2546967257112185,1.1473429951690821,0.8856682769726248,,
23,58.52120236178207,37.473161567364464,0.7380568974771873,1.2345679012345678,1.1473429951690821,0.8856682769726248,,
24,58.45410628019324,37.5402576489533,0.7380568974771873,1.2345679012345678,1.1473429951690821,0.8856682769726248,,
25,56.82367149758454,38.84192163177671,0.7380568974771873,1.5633387010198605,1.1473429951690821,0.8856682769726248,,
26,53.84460547504026,38.34541062801932,0.32877079978529256,1.5365002683843263,5.12614063338701,0.8185721953837896,,
27,51.08024691358025,39.95571658615137,0.32877079978529256,1.4559849704777241,5.12614063338701,2.0531400966183573,,
28,51.1003757380569,39.700751476113794,0.32877079978529256,1.4559849704777241,5.24020397208803,2.0531400966183573,0.12077294685990338,
29,51.34192163177671,39.31159420289855,0.32877079978529256,1.4559849704777241,5.226784755770263,2.214170692431562,0.12077294685990338,
30,48.993558776167475,41.6129898013956,0.32877079978529256,1.6237251744498122,5.10601180891036,2.214170692431562,0.12077294685990338,
31,49.28878153515835,40.995705850778315,0.32877079978529256,1.9457863660762211,5.10601180891036,2.214170692431562,0.12077294685990338,
32,49.29549114331723,40.37842190016103,0.32877079978529256,1.9457863660762211,5.10601180891036,2.214170692431562,0.7313472893183038,
33,43.08239398819109,47.16183574879227,0.32877079978529256,1.6237251744498122,4.757112184648417,2.214170692431562,0.8319914117015567,
34,42.07595276435856,48.168276972624795,0.32877079978529256,1.6237251744498122,4.757112184648417,2.214170692431562,0.8319914117015567,
35,41.619699409554485,47.66505636070853,0.32877079978529256,1.6237251744498122,5.71658615136876,2.214170692431562,0.8319914117015567,
36,41.27079978529254,48.40311325818572,0.32877079978529256,1.6237251744498122,5.71658615136876,2.214170692431562,0.4428341384863124,
37,41.30434782608695,48.121309715512616,0.32877079978529256,1.6237251744498122,5.71658615136876,2.462426194310252,0.4428341384863124,
38,40.08990874932904,48.993558776167475,0.322061191626409,1.7713365539452497,5.931293612453032,2.4490069779924855,0.4428341384863124,
39,40.02952227589909,48.22195383789587,0.322061191626409,1.7713365539452497,6.139291465378422,2.4490069779924855,1.06682769726248,
40,39.21765968867418,49.033816425120776,0.322061191626409,1.7713365539452497,6.139291465378422,2.4490069779924855,1.06682769726248,
41,39.31830381105743,48.993558776167475,0.322061191626409,1.7713365539452497,6.092324208266238,2.4355877616747184,1.06682769726248,
42,39.56655931293612,48.611111111111114,0.322061191626409,1.90552871712292,6.092324208266238,2.4355877616747184,1.06682769726248,
43,36.30568974771873,50.456253354804076,0.322061191626409,1.7176596886741815,7.96430488459474,2.167203435319377,1.06682769726248,
44,36.42646269457864,50.348899624261946,0.322061191626409,1.7176596886741815,7.950885668276973,2.167203435319377,1.06682769726248,
45,36.75523349436393,50.0402576489533,0.322061191626409,1.7176596886741815,7.930756843800322,2.167203435319377,1.06682769726248,
46,36.72839506172839,50.006709608158886,0.322061191626409,1.7176596886741815,7.749597423510467,2.408749329039184,1.06682769726248,
47,37.204777241009126,49.584004294149224,0.322061191626409,1.7176596886741815,7.695920558239399,2.408749329039184,1.06682769726248,
48,34.40016103059581,52.38862050456253,0.322061191626409,1.7176596886741815,7.695920558239399,2.408749329039184,1.06682769726248,
49,33.69565217391305,50.657541599570585,0.6910896403650026,1.6103059581320451,9.990606548577563,2.3483628556092326,1.0064412238325282,
50,33.63526570048309,50.20799785292539,0.6910896403650026,1.5767579173376274,9.990606548577563,2.8918411164787976,1.0064412238325282,
51,30.46833064949007,42.210144927536234,1.710950080515298,1.133923778851315,20.860171765968868,2.636876006441224,0.9796027911969941,
52,31.0654857756307,41.686795491143315,1.710950080515298,1.0198604401502953,20.33011272141707,2.4355877616747184,1.751207729468599,
53,31.709608158883523,41.243961352657,1.710950080515298,1.0198604401502953,18.733225979602793,2.341653247450349,3.240740740740741,
54,31.99141170155663,41.015834675254965,1.710950080515298,1.0198604401502953,18.719806763285025,2.341653247450349,3.2004830917874396,
55,32.058507783145465,40.98228663446055,1.710950080515298,1.0198604401502953,18.686258722490606,2.341653247450349,3.2004830917874396,
56,32.2866344605475,40.92190016103059,1.710950080515298,1.0198604401502953,18.51851851851852,2.341653247450349,3.2004830917874396,
57,32.360440150295226,40.84809447128288,1.710950080515298,1.0198604401502953,18.51851851851852,2.341653247450349,3.2004830917874396,
58,32.776435856146,40.713902308105204,1.710950080515298,1.0198604401502953,18.4044551798175,2.1739130434782608,3.2004830917874396,
59,32.88378958668814,40.66022544283414,1.710950080515298,1.0198604401502953,18.357487922705314,2.167203435319377,3.2004830917874396,
60,32.19940955448202,39.9020397208803,1.7042404723564144,1.0131508319914118,19.81347289318304,2.167203435319377,3.2004830917874396,
61,32.56172839506173,39.52630166398282,1.8786902844873858,1.0131508319914118,19.652442297369834,2.167203435319377,3.2004830917874396,
62,32.1256038647343,39.982555018786904,1.8786902844873858,1.0131508319914118,19.632313472893184,2.167203435319377,3.2004830917874396,
63,32.25308641975309,39.9020397208803,1.8786902844873858,1.0131508319914118,19.632313472893184,2.120236178207193,3.2004830917874396,
64,32.326892109500804,39.87520128824477,1.8786902844873858,1.0131508319914118,19.585346215780998,2.120236178207193,3.2004830917874396,
65,32.306763285024154,39.231078904991946,1.8719806763285025,1.0131508319914118,18.54535695115405,3.8311862587224907,3.2004830917874396,
66,32.59527643585615,39.13714439076758,1.8317230273752012,1.0131508319914118,18.4044551798175,3.8177670424047236,3.2004830917874396,
67,32.6154052603328,38.93585614600107,5.038915727321524,1.0131508319914118,15.519323671497585,3.8177670424047236,3.0595813204508855,
68,32.05179817498658,38.781535158346756,4.830917874396135,1.0131508319914118,16.478797638217927,3.784219001610306,3.0595813204508855,
69,30.50187869028449,38.191089640365,7.226247987117552,0.9997316156736447,16.478797638217927,3.5426731078904994,3.0595813204508855,
70,30.770263016639827,38.09044551798175,7.118894256575416,0.9997316156736447,16.451959205582394,3.5426731078904994,3.026033279656468,
71,30.844068706387546,37.936124530327426,7.333601717659689,0.9997316156736447,16.223832528180353,3.6366076221148687,3.026033279656468,
72,30.917874396135264,37.86231884057971,7.333601717659689,0.9997316156736447,16.223832528180353,3.6366076221148687,3.026033279656468,
73,28.133387010198604,41.6129898013956,6.870638754696726,0.9997316156736447,16.15673644659152,3.515834675254965,2.7106816961889426,
74,27.22758990874933,39.67391304347826,6.870638754696726,1.1406333870101986,18.90096618357488,3.475577026301664,2.7106816961889426,
75,27.334943639291467,39.57326892109501,6.575415995705851,1.1272141706924315,18.63929146537842,3.475577026301664,3.2742887815351582,
76,27.710681696188942,39.33843263553408,6.575415995705851,1.1272141706924315,18.49838969404187,3.475577026301664,3.2742887815351582,
77,27.549651100375737,38.06360708534621,6.575415995705851,1.1272141706924315,18.109232420826622,3.475577026301664,5.0993022007514766,
78,27.717391304347824,37.815351583467525,6.575415995705851,1.1272141706924315,18.109232420826622,3.166935050993022,5.488459473966721,
79,27.851583467525497,35.83601717659689,6.353998926462695,1.3620504562533549,19.940955448201827,3.166935050993022,5.488459473966721,
80,27.66371443907676,35.768921095008054,6.951154052603328,1.3620504562533549,19.6256038647343,3.166935050993022,5.4616210413311865,
81,28.113258185721953,35.768921095008054,6.790123456790123,1.3620504562533549,19.350509930220074,3.1535158346752548,5.4616210413311865,
82,28.213902308105208,35.53408480944713,7.078636607622115,1.3620504562533549,19.296833064949006,3.126677402039721,5.387815351583468,
83,28.83118625872249,34.92351046698873,7.185990338164252,1.3620504562533549,19.182769726247987,3.126677402039721,5.387815351583468,
84,29.166666666666668,34.68196457326892,7.118894256575416,1.3620504562533549,18.96135265700483,3.321256038647343,5.387815351583468,
85,29.045893719806763,34.92351046698873,7.118894256575416,1.3620504562533549,18.853998926462694,3.307836822329576,5.387815351583468,
86,29.32769726247987,34.68867418142781,7.118894256575416,1.3620504562533549,18.820450885668276,3.307836822329576,5.374396135265701,
87,29.488727858293075,34.628287707997856,7.058507783145465,1.3620504562533549,18.780193236714975,3.307836822329576,5.374396135265701,
88,29.57595276435856,34.41358024691358,7.575147611379496,1.3620504562533549,18.51851851851852,3.1870638754696725,5.367686527106817,
89,29.74369296833065,34.17203435319377,7.548309178743962,1.596886741814278,18.51851851851852,3.0730005367686526,5.347557702630167,
90,29.918142780461622,34.05797101449275,7.548309178743962,1.5499194847020934,18.51851851851852,3.0730005367686526,5.3341384863123995,
91,30.14626945786366,33.923778851315085,7.514761137949543,1.5499194847020934,18.50509930220075,3.0730005367686526,5.287171229200215,
92,30.14626945786366,33.762748255501876,6.521739130434782,2.7308105206655933,18.47826086956522,3.0730005367686526,5.287171229200215,
93,30.233494363929147,33.675523349436396,6.521739130434782,3.193773483628556,18.015297906602253,3.0730005367686526,5.287171229200215,
94,30.454911433172303,33.64868491680086,6.461352657004831,3.193773483628556,17.901234567901234,3.0730005367686526,5.267042404723564,
95,30.52200751476114,33.467525496511,6.461352657004831,3.3480944712828773,17.860976918947934,3.0730005367686526,5.267042404723564,
96,30.877616747181964,33.293075684380035,6.494900697799249,3.3480944712828773,17.67981749865808,3.066290928609769,5.24020397208803,
97,30.96484165324745,33.28636607622115,6.4412238325281805,3.3480944712828773,17.652979066022546,3.066290928609769,5.24020397208803,
98,29.656468062265162,31.11916264090177,6.179549114331723,3.1736446591519054,21.66532474503489,2.9790660225442833,5.226784755770263,
99,29.57595276435856,30.360976918947934,7.749597423510467,3.3682232957595275,20.7662372517445,2.9790660225442833,5.199946323134729,
100,27.549651100375737,26.623725174449813,6.353998926462695,3.3682232957595275,26.84514224369297,2.9790660225442833,6.280193236714976,
101,27.965646806226516,26.583467525496513,6.353998926462695,3.3682232957595275,26.596886741814277,2.9790660225442833,6.152710681696189,
102,27.932098765432098,26.52308105206656,6.333870101986044,4.186795491143317,26.140633387010197,2.9790660225442833,5.904455179817498,
103,28.093129361245303,26.39559849704777,6.3070316693505095,4.300858829844337,26.019860440150296,2.9790660225442833,5.904455179817498,
104,28.327965646806227,26.37546967257112,6.3070316693505095,4.26731078904992,25.83870101986044,2.9790660225442833,5.904455179817498,
105,28.5426731078905,25.791733762748255,6.3070316693505095,4.2203435319377345,25.764895330112722,2.9790660225442833,6.394256575415996,
106,28.60305958132045,25.791733762748255,6.293612453032743,4.2203435319377345,25.72463768115942,2.9790660225442833,6.387546967257112,
107,28.797638217928075,25.744766505636072,6.273483628556092,4.206924315619967,25.657541599570585,2.9790660225442833,6.340579710144928,
108,27.891841116478798,23.939881910896403,6.038647342995169,4.280730005367687,28.75738056897477,3.3011272141706924,5.790391841116479,
109,28.046162104133117,23.939881910896403,6.011808910359635,4.280730005367687,28.650026838432634,3.3011272141706924,5.770263016639828,
110,28.187063875469672,23.866076221148685,6.011808910359635,4.280730005367687,28.589640365002683,3.294417606011809,5.770263016639828,
111,28.348094471282877,23.785560923242084,5.958132045088567,4.26731078904992,28.576221148684915,3.294417606011809,5.770263016639828,
112,28.468867418142782,23.62453032742888,6.105743424584004,4.26731078904992,28.5426731078905,3.2206119162640903,5.770263016639828,
113,28.609769189479334,23.537305421363392,6.105743424584004,4.26731078904992,28.502415458937197,3.207192699946323,5.770263016639828,
114,28.65673644659152,23.443370907139023,6.078904991948471,4.26731078904992,28.14680622651637,3.207192699946323,6.005099302200751,0.19457863660762212
115,28.83118625872249,23.262211486849168,6.072195383789587,4.03918411164788,28.06629092860977,3.5292538915727323,6.005099302200751,0.19457863660762212
116,28.958668813741276,23.21524422973698,6.038647342995169,4.03918411164788,28.032742887815353,3.5292538915727323,5.991680085882985,0.19457863660762212
117,29.01905528717123,23.201825013419217,6.038647342995169,4.03918411164788,27.985775630703166,3.5292538915727323,5.991680085882985,0.19457863660762212
118,29.1129898013956,23.201825013419217,6.011808910359635,4.03918411164788,27.938808373590984,3.5292538915727323,5.971551261406334,0.19457863660762212
119,29.435050993022006,23.05421363392378,5.971551261406334,4.03918411164788,27.690552871712292,3.3480944712828773,6.266774020397209,0.19457863660762212
120,29.663177670424048,22.79253891572732,6.152710681696189,4.03918411164788,27.549651100375737,3.3413848631239937,6.266774020397209,0.19457863660762212
121,29.7638217928073,22.79253891572732,6.146001073537305,4.019055287171229,27.47584541062802,3.3413848631239937,6.266774020397209,0.19457863660762212
122,29.965110037573805,22.765700483091788,6.132581857219538,4.019055287171229,27.314814814814813,3.3413848631239937,6.266774020397209,0.19457863660762212
123,29.64975845410628,21.531132581857218,9.178743961352657,3.938539989264627,26.90552871712292,3.0193236714975846,5.58239398819109,0.19457863660762212
124,30.04562533548041,21.4573268921095,9.037842190016104,3.938539989264627,26.724369296833064,3.0193236714975846,5.58239398819109,0.19457863660762212
125,30.06575415995706,21.4573268921095,9.037842190016104,3.938539989264627,26.717659688674182,3.0193236714975846,5.5689747718733225,0.19457863660762212
126,30.16639828234031,21.450617283950617,8.997584541062801,3.938539989264627,26.663982823403114,3.0193236714975846,5.5689747718733225,0.19457863660762212
127,27.83816425120773,25.013419216317768,8.984165324745035,3.7104133118625873,26.154052603327965,3.0193236714975846,5.0858829844337095,0.19457863660762212
128,28.173644659151904,24.94632313472893,8.856682769726248,3.7104133118625873,26.01315083199141,3.0193236714975846,5.0858829844337095,0.19457863660762212
129,28.327965646806227,24.805421363392377,8.856682769726248,3.69699409554482,26.01315083199141,3.0193236714975846,5.0858829844337095,0.19457863660762212
130,28.348094471282877,24.711486849168008,8.856682769726248,3.69699409554482,26.08695652173913,3.0193236714975846,5.0858829844337095,0.19457863660762212
131,28.764090177133657,24.55716586151369,8.709071390230811,3.6634460547504024,25.89908749329039,3.126677402039721,5.0858829844337095,0.19457863660762212
132,28.898282340311326,24.4296833064949,8.709071390230811,3.6500268384326353,25.831991411701555,3.0595813204508855,5.226784755770263,0.19457863660762212
133,28.965378421900162,24.376006441223833,9.004294149221685,3.4688674181427803,25.711218464841654,3.0595813204508855,5.22007514761138,0.19457863660762212
134,29.17337627482555,24.355877616747183,9.004294149221685,3.4688674181427803,25.543478260869566,3.052871712292002,5.2066559312936125,0.19457863660762212
135,29.69001610305958,23.906333870101985,8.896940418679549,3.4151905528717124,25.268384326355342,3.3011272141706924,5.3274288781535155,0.19457863660762212
136,29.891304347826086,23.879495437466453,8.80300590445518,3.4151905528717124,25.261674718196456,3.227321524422974,5.3274288781535155,0.19457863660762212
137,29.978529253891573,23.879495437466453,8.80300590445518,3.9184111647879765,24.711486849168008,3.227321524422974,5.287171229200215,0.19457863660762212
138,26.42914653784219,36.04401502952228,7.078636607622115,2.200751476113795,20.8064949006978,2.6972624798711755,4.549114331723027,0.19457863660762212
139,26.529790660225444,35.84272678475577,7.058507783145465,2.3215244229736984,20.8064949006978,2.6972624798711755,4.549114331723027,0.19457863660762212
140,26.81159420289855,35.581052066559316,7.0383789586688135,2.3215244229736984,20.8064949006978,2.6972624798711755,4.549114331723027,0.19457863660762212
141,25.95276435856146,35.11137949543747,9.574610842726784,2.3215244229736984,19.746376811594203,2.6167471819645733,4.4820182501341925,0.19457863660762212
142,26.113794954374665,35.09125067096082,9.574610842726784,2.2946859903381642,19.632313472893184,2.6167471819645733,4.4820182501341925,0.19457863660762212
143,26.29495437466452,34.936929683306495,9.574610842726784,2.26784755770263,19.632313472893184,2.6167471819645733,4.4820182501341925,0.19457863660762212
144,26.261406333870102,33.89694041867955,9.480676328502415,2.522812667740204,19.43773483628556,2.6167471819645733,5.589103596349974,0.19457863660762212
145,26.663982823403114,33.561460010735374,9.447128287707997,2.6435856146001075,19.424315619967793,2.6167471819645733,5.448201825013419,0.19457863660762212
146,27.026301663982824,33.24610842726785,9.447128287707997,2.6435856146001075,19.37734836285561,2.6167471819645733,5.448201825013419,0.19457863660762212
147,27.563070316693505,33.00456253354804,9.386741814278047,2.6435856146001075,19.196188942565755,2.563070316693505,5.448201825013419,0.19457863660762212
148,27.63016639828234,32.87707997852925,9.386741814278047,2.9052603327965647,19.028448738593667,2.5563607085346214,5.421363392377885,0.19457863660762212
149,27.979066022544284,32.72275899087493,9.339774557165862,2.8515834675254963,18.968062265163713,2.522812667740204,5.421363392377885,0.19457863660762212
150,28.073000536768653,32.709339774557165,9.306226516371444,2.8515834675254963,18.92109500805153,2.522812667740204,5.421363392377885,0.19457863660762212
151,28.227321524422972,32.608695652173914,9.225711218464841,2.8515834675254963,18.833870101986044,2.49597423510467,5.562265163714439,0.19457863660762212
152,28.37493290391841,32.50805152979066,9.225711218464841,2.8515834675254963,18.813741277509394,2.49597423510467,5.535426731078905,0.19457863660762212
153,28.529253891572733,32.43424584004294,9.225711218464841,2.8515834675254963,18.733225979602793,2.49597423510467,5.535426731078905,0.19457863660762212
154,27.91867954911433,32.86366076221149,9.225711218464841,3.0327428878153517,18.733225979602793,2.49597423510467,5.535426731078905,0.19457863660762212
155,27.945517981749866,32.6154052603328,9.225711218464841,3.2541599570585076,18.733225979602793,2.49597423510467,5.535426731078905,0.19457863660762212
156,27.28797638217928,31.944444444444443,11.151368760064413,3.1535158346752548,18.719806763285025,2.059849704777241,5.488459473966721,0.19457863660762212
157,27.334943639291467,31.850509930220074,11.2788513150832,3.1535158346752548,18.63929146537842,2.059849704777241,5.488459473966721,0.19457863660762212
158,27.529522275899087,31.796833064949006,11.245303274288782,3.1535158346752548,18.531937734836287,2.059849704777241,5.488459473966721,0.19457863660762212
159,27.737520128824478,31.508319914117017,11.245303274288782,3.140096618357488,18.625872249060656,2.059849704777241,5.488459473966721,0.19457863660762212
160,27.82474503488996,31.4345142243693,11.231884057971014,3.140096618357488,18.625872249060656,2.059849704777241,5.488459473966721,0.19457863660762212
161,27.992485238862052,31.30703166935051,11.225174449812132,3.126677402039721,18.605743424584006,2.059849704777241,5.488459473966721,0.19457863660762212
162,28.153515834675254,31.21309715512614,11.225174449812132,3.126677402039721,18.53864734299517,2.059849704777241,5.488459473966721,0.19457863660762212
163,28.368223295759528,30.756843800322063,11.124530327428879,3.4286097691894795,18.57890499194847,2.059849704777241,5.488459473966721,0.19457863660762212
164,28.24074074074074,30.629361245303276,11.144659151905529,3.4286097691894795,18.49838969404187,2.059849704777241,5.803811057434245,0.19457863660762212
165,28.64331723027375,30.48845947396672,11.137949543746645,3.4151905528717124,18.370907139023082,2.046430488459474,5.703166935050993,0.19457863660762212
166,29.086151368760063,30.213365539452496,11.097691894793345,3.4017713365539453,18.370907139023082,2.046430488459474,5.589103596349974,0.19457863660762212
167,28.703703703703702,29.32769726247987,12.506709608158884,3.3413848631239937,18.370907139023082,2.01959205582394,5.535426731078905,0.19457863660762212
168,29.1935050993022,29.260601180891037,12.412775093934513,3.3413848631239937,18.203166935050994,2.01959205582394,5.374396135265701,0.19457863660762212
169,29.220343531937736,29.260601180891037,12.385936661298981,3.3413848631239937,18.203166935050994,2.01959205582394,5.374396135265701,0.19457863660762212
170,29.26731078904992,29.240472356414386,12.359098228663447,3.3413848631239937,18.203166935050994,2.01959205582394,5.374396135265701,0.19457863660762212
171,29.26731078904992,29.240472356414386,12.359098228663447,3.3413848631239937,18.203166935050994,2.01959205582394,5.374396135265701,0.19457863660762212
172,29.421631776704242,27.985775630703166,12.325550187869029,4.555823939881911,18.149490069779926,2.01959205582394,5.347557702630167,0.19457863660762212
173,29.528985507246375,27.85829307568438,12.258454106280194,4.367954911433173,18.149490069779926,2.2946859903381642,5.347557702630167,0.19457863660762212
174,29.864465915190554,27.74422973698336,12.090713902308105,4.361245303274289,18.243424584004295,2.2946859903381642,5.2066559312936125,0.19457863660762212
175,29.528985507246375,28.12667740203972,12.090713902308105,4.361245303274289,18.19645732689211,2.2946859903381642,5.2066559312936125,0.19457863660762212
176,29.64975845410628,27.979066022544284,12.016908212560386,4.341116478797638,18.183038110574344,2.428878153515835,5.2066559312936125,0.19457863660762212
177,29.55582393988191,27.965646806226516,12.164519592055823,4.341116478797638,18.183038110574344,2.4154589371980677,5.179817498658078,0.19457863660762212
178,29.582662372517444,27.905260332796566,12.144390767579173,4.2270531400966185,18.17632850241546,2.589908749329039,5.179817498658078,0.19457863660762212
179,29.60950080515298,27.89855072463768,12.13768115942029,4.2203435319377345,18.169618894256576,2.589908749329039,5.179817498658078,0.19457863660762212
180,29.636339237788512,27.885131508319915,12.13768115942029,4.2203435319377345,18.156199677938808,2.589908749329039,5.179817498658078,0.19457863660762212
181,29.676596886741816,27.885131508319915,12.130971551261407,4.2203435319377345,18.156199677938808,2.589908749329039,5.146269457863661,0.19457863660762212
182,30.226784755770264,27.469135802469136,12.090713902308105,4.2203435319377345,18.089103596349972,2.589908749329039,5.119431025228127,0.19457863660762212
183,30.293880837359097,27.469135802469136,12.057165861513688,4.2203435319377345,17.45169082125604,3.2541599570585076,5.119431025228127,0.13419216317767044
184,30.401234567901234,27.4422973698336,12.016908212560386,4.2203435319377345,17.438271604938272,3.2340311325818574,5.112721417069243,0.13419216317767044
185,30.703166935050994,26.8719806763285,12.04374664519592,4.508856682769726,17.297369833601717,3.3413848631239937,5.0993022007514766,0.13419216317767044
186,30.46833064949007,26.717659688674182,11.98336017176597,4.40150295222759,18.169618894256576,3.079710144927536,5.045625335480408,0.13419216317767044
187,30.535426731078903,26.69753086419753,11.969940955448202,4.40150295222759,18.169618894256576,3.0595813204508855,5.032206119162641,0.13419216317767044
188,30.656199677938808,26.617015566290927,11.902844873859367,4.40150295222759,18.223295759527645,3.0595813204508855,5.005367686527107,0.13419216317767044
189,30.48845947396672,26.583467525496513,11.876006441223833,4.40150295222759,18.19645732689211,3.3145464304884595,5.005367686527107,0.13419216317767044
190,30.951422436929683,26.382179280730007,11.855877616747183,4.40150295222759,18.02871712292002,3.3548040794417604,4.891304347826087,0.13419216317767044
191,30.99838969404187,26.33521202361782,11.855877616747183,4.40150295222759,18.02871712292002,3.3548040794417604,4.891304347826087,0.13419216317767044
192,31.199677938808374,26.167471819645733,11.855877616747183,4.40150295222759,17.995169082125603,3.3548040794417604,4.891304347826087,0.13419216317767044
193,31.353998926462694,26.167471819645733,11.855877616747183,4.40150295222759,17.840848094471284,3.3548040794417604,4.891304347826087,0.13419216317767044
194,31.313741277509394,26.080246913580247,11.808910359634996,4.30756843800322,18.109232420826622,3.3548040794417604,4.891304347826087,0.13419216317767044
195,31.273483628556093,25.228126677402038,11.627750939345143,4.3478260869565215,17.961621041331185,3.556092324208266,5.870907139023081,0.13419216317767044
196,31.260064412238325,25.05367686527107,11.627750939345143,4.26731078904992,17.961621041331185,3.851315083199141,5.844068706387547,0.13419216317767044
197,31.45464304884595,24.953032742887814,11.627750939345143,4.26731078904992,17.867686527106816,3.851315083199141,5.844068706387547,0.13419216317767044
198,31.642512077294686,24.852388620504563,11.735104669887278,4.26731078904992,17.834138486312398,3.824476650563607,5.709876543209877,0.13419216317767044
199,30.42807300053677,24.168008588298445,11.735104669887278,4.146537842190016,20.135534084809446,3.824476650563607,5.428073000536768,0.13419216317767044
200,30.756843800322063,24.060654857756308,11.714975845410628,4.119699409554482,20.081857219538378,3.7573805689747717,5.374396135265701,0.13419216317767044
201,30.85077831454643,24.013687600644122,11.701556629092861,4.119699409554482,20.081857219538378,3.7573805689747717,5.340848094471283,0.13419216317767044
202,30.971551261406333,23.97342995169082,11.701556629092861,4.119699409554482,20.001341921631777,3.7573805689747717,5.340848094471283,0.13419216317767044
203,30.810520665593128,23.66478797638218,12.412775093934513,4.03918411164788,19.887278582930758,3.9318303811057436,5.119431025228127,0.13419216317767044
204,30.96484165324745,23.62453032742888,12.345679012345679,4.012345679012346,19.867149758454108,3.9318303811057436,5.119431025228127,0.13419216317767044
205,31.072195383789587,23.59098228663446,12.345679012345679,4.005636070853462,19.80005367686527,3.9318303811057436,5.119431025228127,0.13419216317767044
206,30.917874396135264,23.26892109500805,12.560386473429952,3.9855072463768115,19.618894256575416,4.508856682769726,5.005367686527107,0.13419216317767044
207,31.052066559312937,23.235373054213635,12.560386473429952,3.978797638217928,19.578636607622116,4.455179817498658,5.005367686527107,0.13419216317767044
208,31.85721953837896,23.121309715512613,12.560386473429952,3.6902844873859366,19.545088566827697,4.247181964573269,4.8443370907139025,0.13419216317767044
209,32.27992485238862,22.73886205045625,12.560386473429952,3.7640901771336552,19.343800322061192,4.247181964573269,4.944981213097155,0.12077294685990338
210,32.48121309715513,22.5979602791197,12.466451959205582,3.7372517444981215,19.43773483628556,4.213633923778851,4.944981213097155,0.12077294685990338
211,32.62211486849168,22.262479871175522,12.392646269457863,3.730542136339238,19.424315619967793,4.502147074610843,4.944981213097155,0.12077294685990338
212,31.904186795491142,21.89345142243693,12.392646269457863,4.045893719806763,20.21604938271605,4.49543746645196,4.931561996779388,0.12077294685990338
213,31.984702093397747,21.89345142243693,12.392646269457863,4.045893719806763,20.202630166398283,4.488727858293076,4.871175523349437,0.12077294685990338
214,32.01154052603328,21.89345142243693,12.392646269457863,4.045893719806763,20.175791733762747,4.488727858293076,4.871175523349437,0.12077294685990338
215,31.99812130971551,21.812936124530328,12.667740203972087,4.045893719806763,20.135534084809446,4.4753086419753085,4.74369296833065,0.12077294685990338
216,32.11218464841653,21.732420826623724,12.808641975308642,4.045893719806763,19.994632313472895,4.441760601180891,4.74369296833065,0.12077294685990338
217,32.326892109500804,21.598228663446054,12.795222758990874,4.005636070853462,19.97450348899624,4.435050993022007,4.74369296833065,0.12077294685990338
218,32.25308641975309,21.66532474503489,12.795222758990874,4.005636070853462,19.83360171765969,4.582662372517445,4.74369296833065,0.12077294685990338
219,32.62211486849168,21.544551798174986,12.781803542673108,3.8915727321524423,19.80005367686527,4.582662372517445,4.656468062265164,0.12077294685990338
220,32.80327428878154,21.39694041867955,12.661030595813205,4.052603327965647,19.75979602791197,4.555823939881911,4.64975845410628,0.12077294685990338
221,33.09849704777241,21.296296296296298,12.654320987654321,4.052603327965647,19.719538378958667,4.522275899087493,4.53569511540526,0.12077294685990338
222,33.46081588835212,21.24932903918411,12.654320987654321,3.8378958668813743,19.685990338164252,4.522275899087493,4.468599033816425,0.12077294685990338
223,33.59500805152979,21.141975308641975,12.654320987654321,3.824476650563607,19.685990338164252,4.522275899087493,4.455179817498658,0.12077294685990338
224,33.883521202361784,21.027911969940956,12.600644122383253,3.770799785292539,19.685990338164252,4.522275899087493,4.388083735909823,0.12077294685990338
225,34.10493827160494,20.705850778314545,12.600644122383253,3.770799785292539,19.672571121846484,4.643048845947397,4.38137412775094,0.12077294685990338
226,34.225711218464845,20.551529790660226,12.587224906065487,3.9184111647879765,19.605475040257648,4.643048845947397,4.3478260869565215,0.12077294685990338
227,33.373590982286636,19.82018250134192,12.573805689747719,3.9184111647879765,21.235909822866343,4.609500805152979,4.3478260869565215,0.12077294685990338
228,33.52791196994095,19.806763285024154,12.486580783682234,3.9184111647879765,21.202361782071925,4.609500805152979,4.327697262479871,0.12077294685990338
229,33.621846484165324,19.806763285024154,12.473161567364466,3.9184111647879765,21.18894256575416,4.542404723564144,4.327697262479871,0.12077294685990338
230,33.77616747181965,19.706119162640903,12.473161567364466,3.878153515834675,21.18894256575416,4.528985507246377,4.327697262479871,0.12077294685990338
231,33.9975845410628,19.665861513687602,12.399355877616747,3.878153515834675,21.121846484165324,4.502147074610843,4.314278046162104,0.12077294685990338
232,34.084809447128286,19.665861513687602,12.359098228663447,3.878153515834675,21.081588835212024,4.502147074610843,4.30756843800322,0.12077294685990338
233,34.25925925925926,19.652442297369834,12.285292538915728,3.878153515834675,21.007783145464305,4.488727858293076,4.30756843800322,0.12077294685990338
234,34.447128287708,19.350509930220074,12.204777241009126,4.1532474503489,20.9272678475577,4.488727858293076,4.30756843800322,0.12077294685990338
235,34.634997316156735,19.256575415995705,12.157809983896941,4.1532474503489,20.90713902308105,4.488727858293076,4.280730005367687,0.12077294685990338
236,34.75577026301664,19.243156199677937,12.097423510466989,4.146537842190016,20.819914117015568,4.5893719806763285,4.2270531400966185,0.12077294685990338
237,34.66854535695116,18.94122383252818,12.077294685990339,4.5893719806763285,20.813204508856682,4.562533548040794,4.2270531400966185,0.12077294685990338
238,35.18518518518518,18.833870101986044,11.761943102522812,4.53569511540526,20.779656468062264,4.562533548040794,4.2203435319377345,0.12077294685990338
239,35.339506172839506,18.733225979602793,11.748523886205046,4.636339237788513,20.638754696725712,4.562533548040794,4.2203435319377345,0.12077294685990338
240,35.36634460547504,18.733225979602793,11.735104669887278,4.636339237788513,20.638754696725712,4.562533548040794,4.206924315619967,0.12077294685990338
241,35.45356951154053,18.679549114331724,11.735104669887278,4.636339237788513,20.605206655931294,4.562533548040794,4.206924315619967,0.12077294685990338
242,35.48040794417606,18.679549114331724,11.714975845410628,4.636339237788513,20.598497047772412,4.562533548040794,4.206924315619967,0.12077294685990338
243,35.16505636070853,18.4447128287708,12.889157273215245,4.636339237788513,20.37037037037037,4.30756843800322,4.066022544283414,0.12077294685990338
244,35.238862050456255,18.438003220611915,12.889157273215245,4.5893719806763285,20.37037037037037,4.30756843800322,4.045893719806763,0.12077294685990338
245,35.39989264626946,18.364197530864196,12.801932367149758,4.5893719806763285,20.40391841116479,4.30756843800322,4.012345679012346,0.12077294685990338
246,35.648148148148145,18.357487922705314,12.788513150831992,4.542404723564144,20.303274288781534,4.274020397208803,3.965378421900161,0.12077294685990338
247,35.57434245840043,18.297101449275363,12.76838432635534,4.542404723564144,20.48443370907139,4.247181964573269,3.965378421900161,0.12077294685990338
248,35.74208266237252,18.230005367686527,12.74825550187869,4.528985507246377,20.42404723564144,4.247181964573269,3.9586688137412773,0.12077294685990338
249,35.76221148684917,18.230005367686527,12.74825550187869,4.522275899087493,20.41062801932367,4.247181964573269,3.9586688137412773,0.12077294685990338
250,35.970209339774556,18.209876543209877,12.640901771336553,4.522275899087493,20.33011272141707,4.247181964573269,3.9586688137412773,0.12077294685990338
251,35.889694041867955,17.847557702630166,12.640901771336553,4.488727858293076,20.40391841116479,4.64975845410628,3.9586688137412773,0.12077294685990338
252,35.909822866344605,17.800590445517983,12.640901771336553,4.488727858293076,20.155662909286097,4.609500805152979,4.274020397208803,0.12077294685990338
253,36.24530327428878,17.767042404723565,12.352388620504563,4.488727858293076,19.826892109500804,4.5960815888352125,4.602791196994096,0.12077294685990338
254,36.62775093934514,17.66639828234031,12.31213097155126,4.441760601180891,19.699409554482017,4.5960815888352125,4.53569511540526,0.12077294685990338
255,36.75523349436393,17.60601180891036,12.285292538915728,4.441760601180891,19.659151905528716,4.5960815888352125,4.53569511540526,0.12077294685990338
256,37.0504562533548,17.59259259259259,12.13768115942029,4.441760601180891,19.558507783145465,4.569243156199678,4.528985507246377,0.12077294685990338
257,37.084004294149224,17.579173376274827,12.124261943102523,4.441760601180891,19.55179817498658,4.569243156199678,4.528985507246377,0.12077294685990338
258,37.151100375738054,17.53220611916264,12.037037037037036,4.643048845947397,19.41760601180891,4.569243156199678,4.528985507246377,0.12077294685990338
259,37.29200214707461,17.478529253891573,12.037037037037036,4.643048845947397,19.384057971014492,4.542404723564144,4.502147074610843,0.12077294685990338
260,37.27858293075684,17.364465915190554,12.030327428878154,4.87788513150832,19.310252281266774,4.542404723564144,4.4753086419753085,0.12077294685990338
261,37.64090177133655,17.06924315619968,11.98336017176597,4.810789049919484,19.384057971014492,4.542404723564144,4.448470209339774,0.12077294685990338
262,37.68115942028985,16.961889425657542,11.936392914653783,4.810789049919484,19.343800322061192,4.542404723564144,4.602791196994096,0.12077294685990338
263,38.117283950617285,16.67337627482555,12.473161567364466,4.74369296833065,18.95464304884595,4.502147074610843,4.414922168545357,0.12077294685990338
264,38.16425120772947,16.6532474503489,12.446323134728932,5.045625335480408,18.65271068169619,4.502147074610843,4.414922168545357,0.12077294685990338
265,38.016639828234034,16.06280193236715,12.084004294149223,5.045625335480408,18.5654857756307,5.622651637144391,4.414922168545357,0.1878690284487386
266,38.0703166935051,16.06280193236715,12.325550187869029,5.045625335480408,18.33064949006978,5.622651637144391,4.3545356951154055,0.1878690284487386
267,38.16425120772947,15.995705850778315,12.325550187869029,5.032206119162641,18.33064949006978,5.609232420826624,4.3545356951154055,0.1878690284487386
268,38.17096081588835,15.92860976918948,12.573805689747719,4.998658078368224,18.209876543209877,5.589103596349974,4.341116478797638,0.1878690284487386
269,38.29173376274826,15.888352120236178,12.392646269457863,4.998658078368224,18.183038110574344,5.589103596349974,4.468599033816425,0.1878690284487386
270,38.38566827697262,15.68035426731079,12.385936661298981,4.924852388620504,18.14278046162104,5.8239398819108965,4.468599033816425,0.1878690284487386
271,38.378958668813745,15.666935050993022,12.345679012345679,4.911433172302737,18.129361245303276,5.931293612453032,4.448470209339774,0.1878690284487386
272,38.53327965646806,15.458937198067632,12.345679012345679,5.059044551798175,18.035426731078903,5.931293612453032,4.448470209339774,0.1878690284487386
273,38.58695652173913,15.666935050993022,12.305421363392378,4.9651100375738055,17.921363392377884,5.917874396135265,4.448470209339774,0.1878690284487386
274,38.7211486849168,15.660225442834138,12.25174449812131,4.9651100375738055,17.847557702630166,5.917874396135265,4.448470209339774,0.1878690284487386
275,39.02308105206656,15.499194847020934,12.110842726784755,4.9651100375738055,17.847557702630166,5.917874396135265,4.448470209339774,0.1878690284487386
276,39.20424047235642,15.499194847020934,12.110842726784755,4.824208266237251,17.807300053676865,5.917874396135265,4.448470209339774,0.1878690284487386
277,39.54643048845947,15.445517981749866,12.050456253354804,4.777241009125067,17.66639828234031,5.904455179817498,4.42163177670424,0.1878690284487386
278,38.6808910359635,15.177133655394526,13.419216317767042,4.777241009125067,17.431561996779386,5.904455179817498,4.42163177670424,0.1878690284487386
279,38.6406333870102,15.076489533011273,13.419216317767042,4.736983360171766,17.612721417069242,5.904455179817498,4.42163177670424,0.1878690284487386
280,38.747987117552334,15.076489533011273,13.419216317767042,4.736983360171766,17.518786902844873,5.904455179817498,4.408212560386473,0.1878690284487386
281,38.828502415458935,15.03623188405797,13.405797101449275,4.736983360171766,17.49194847020934,5.904455179817498,4.408212560386473,0.1878690284487386
