,45,50,54,51,52,55,53,56,58
0,100.0,,,,,,,,
1,100.0,,,,,,,,
2,99.15458937198068,0.8454106280193237,,,,,,,
3,97.88647342995169,2.1135265700483092,,,,,,,
4,92.33762748255502,7.6623725174449815,,,,,,,
5,85.0174449812131,14.982555018786902,,,,,,,
6,84.91680085882984,14.190821256038648,0.8923778851315083,,,,,,
7,82.13902308105207,16.25067096081589,1.6103059581320451,,,,,,
8,78.95866881374128,19.43102522812668,1.6103059581320451,,,,,,
9,78.39506172839506,19.048577563070317,1.6103059581320451,0.9460547504025765,,,,,
10,77.46913580246914,19.176060118089104,0.8722490606548577,2.4825550187869028,,,,,
11,77.48926462694578,19.155931293612454,0.8722490606548577,2.4825550187869028,,,,,
12,77.4020397208803,19.28341384863124,0.8319914117015567,2.4825550187869028,,,,,
13,77.44900697799248,19.236446591519055,0.8319914117015567,2.4825550187869028,,,,,
14,76.73107890499195,19.95437466451959,0.8319914117015567,2.4825550187869028,,,,,
15,65.88835212023618,30.797101449275363,0.8319914117015567,2.4825550187869028,,,,,
16,66.15002683843264,30.595813204508858,0.7716049382716049,2.4825550187869028,,,,,
17,66.46537842190016,30.280461621041333,0.7716049382716049,2.4825550187869028,,,,,
18,66.50563607085346,30.22007514761138,0.9057971014492754,2.368491680085883,,,,,
19,62.39264626945786,34.333064949006975,0.9057971014492754,2.368491680085883,,,,,
20,61.231884057971016,35.49382716049383,0.9057971014492754,2.368491680085883,,,,,
21,61.66800858829844,35.057702630166396,0.9057971014492754,2.368491680085883,,,,,
22,52.61003757380569,42.310789049919485,0.9057971014492754,2.368491680085883,1.8048845947396672,,,,
23,52.50939345142244,41.55260332796565,0.9057971014492754,2.368491680085883,2.6637144390767578,,,,
24,52.54965110037574,41.51234567901235,0.9057971014492754,2.368491680085883,2.6637144390767578,,,,
25,52.563070316693505,41.49892646269458,0.9057971014492754,2.368491680085883,2.6637144390767578,,,,
26,52.804616210413315,41.257380568974774,0.9057971014492754,2.368491680085883,2.6637144390767578,,,,
27,52.804616210413315,41.257380568974774,0.9057971014492754,2.368491680085883,2.6637144390767578,,,,
28,52.965646806226516,41.116478797638216,0.9057971014492754,2.368491680085883,2.6435856146001075,,,,
29,52.95222758990875,41.12989801395599,0.9057971014492754,2.368491680085883,2.6435856146001075,,,,
30,51.281535158346756,43.90096618357488,0.9125067096081588,2.368491680085883,1.5365002683843263,,,,
31,51.90552871712292,42.3845947396672,0.9125067096081588,2.3349436392914655,1.5365002683843263,0.9259259259259259,,,
32,52.05314009661836,42.00214707461084,0.9125067096081588,2.3349436392914655,1.5365002683843263,1.1607622114868492,,,
33,52.07326892109501,41.98201825013419,0.9125067096081588,2.3349436392914655,1.5365002683843263,1.1607622114868492,,,
34,45.430756843800324,38.38566827697262,1.5297906602254427,12.473161567364466,1.6371443907675791,0.23483628556092323,0.30864197530864196,,
35,44.65244229736983,38.5601180891036,1.5297906602254427,13.077026301663983,1.6371443907675791,0.23483628556092323,0.30864197530864196,,
36,37.72812667740204,42.25711218464841,1.5297906602254427,16.304347826086957,1.6371443907675791,0.23483628556092323,0.30864197530864196,,
37,37.875738056897475,42.16317767042405,1.5297906602254427,16.25067096081589,1.6371443907675791,0.23483628556092323,0.30864197530864196,,
38,34.16532474503489,47.148416532474506,1.5297906602254427,10.071121846484166,6.400966183574879,0.23483628556092323,0.4495437466451959,,
39,34.16532474503489,46.64519592055824,1.5297906602254427,9.802737520128824,6.400966183574879,0.23483628556092323,1.221148684916801,,
40,31.13929146537842,47.18196457326892,1.7646269457863661,14.727589908749328,3.730542136339238,0.23483628556092323,1.221148684916801,,
41,31.273483628556093,45.58507783145464,1.7646269457863661,14.586688137412775,3.6768652710681695,0.23483628556092323,2.8784219001610305,,
42,31.548577563070317,45.40391841116479,1.7646269457863661,14.492753623188406,3.6768652710681695,0.23483628556092323,2.8784219001610305,,
43,31.608964036500268,45.34353193773484,1.7646269457863661,14.492753623188406,3.6768652710681695,0.23483628556092323,2.8784219001610305,,
44,31.702898550724637,45.34353193773484,1.7646269457863661,14.398819108964037,3.6768652710681695,0.23483628556092323,2.8784219001610305,,
45,30.226784755770264,46.93370907139023,1.7646269457863661,14.284755770263017,3.6768652710681695,0.23483628556092323,2.8784219001610305,,
46,30.401234567901234,46.772678475577024,1.7646269457863661,14.123725174449811,3.6768652710681695,0.23483628556092323,2.8784219001610305,0.14761137949543746,
47,30.300590445517983,46.89345142243693,1.7444981213097155,14.123725174449811,3.6768652710681695,0.23483628556092323,2.8784219001610305,0.14761137949543746,
48,30.401234567901234,46.833064949006975,1.7444981213097155,14.083467525496511,3.6768652710681695,0.23483628556092323,2.8784219001610305,0.14761137949543746,
49,29.871175523349436,43.01529790660226,1.7444981213097155,18.08239398819109,4.609500805152979,0.23483628556092323,2.2946859903381642,0.14761137949543746,
50,27.180622651637144,45.799785292538914,1.7444981213097155,17.98845947396672,4.609500805152979,0.23483628556092323,2.2946859903381642,0.14761137949543746,
51,26.100375738056897,49.83225979602791,0.785024154589372,17.042404723564143,3.6768652710681695,,2.4154589371980677,0.14761137949543746,
52,25.684380032206118,44.44444444444444,0.39586688137412773,21.4170692431562,3.5426731078904994,1.9524959742351047,2.4154589371980677,0.14761137949543746,
53,26.127214170692433,44.115673644659154,0.39586688137412773,21.34326355340848,3.535963499731616,1.9457863660762211,2.3886205045625335,0.14761137949543746,
54,25.91921631776704,43.525228126677405,0.39586688137412773,21.34326355340848,4.334406870638754,1.9457863660762211,2.3886205045625335,0.14761137949543746,
55,25.986312399355878,43.49168008588298,0.39586688137412773,21.329844337090712,4.334406870638754,1.9256575415995705,2.3886205045625335,0.14761137949543746,
56,26.154052603327965,43.42458400429415,0.36902844873859364,21.26945786366076,4.334406870638754,1.9256575415995705,2.3752012882447664,0.14761137949543746,
57,22.23564143853999,47.48389694041868,0.32877079978529256,21.16881374127751,4.334406870638754,1.9256575415995705,2.3752012882447664,0.14761137949543746,
58,22.403381642512077,45.269726247987116,0.32877079978529256,23.53059581320451,4.159957058507783,1.7847557702630166,2.3752012882447664,0.14761137949543746,
59,20.363660762211488,40.92860976918948,0.32877079978529256,27.89855072463768,6.172839506172839,1.7847557702630166,2.3752012882447664,0.14761137949543746,
60,20.095276435856146,40.49919484702093,0.32877079978529256,28.27428878153516,6.159420289855072,1.7847557702630166,2.3752012882447664,0.4830917874396135,
61,20.632045088566827,40.203972088030056,0.32877079978529256,28.14680622651637,6.119162640901771,1.7176596886741815,2.368491680085883,0.4830917874396135,
62,19.679280730005367,41.23054213633924,0.32877079978529256,28.213902308105208,6.018518518518518,1.7176596886741815,2.328234031132582,0.4830917874396135,
63,18.867418142780462,38.06360708534621,0.3824476650563607,34.4068706387547,5.3274288781535155,0.3488996242619431,2.254428341384863,0.3488996242619431,
64,19.0150295222759,37.936124530327426,0.3824476650563607,34.40016103059581,5.3274288781535155,0.3488996242619431,2.2410091250670963,0.3488996242619431,
65,19.243156199677937,37.084004294149224,0.3824476650563607,34.33977455716586,5.233494363929147,1.1272141706924315,2.2410091250670963,0.3488996242619431,
66,19.11567364465915,36.882716049382715,0.3824476650563607,34.66854535695116,5.233494363929147,1.1272141706924315,2.2410091250670963,0.3488996242619431,
67,19.14922168545357,36.862587224906065,0.3824476650563607,34.655126140633385,5.233494363929147,1.1272141706924315,2.2410091250670963,0.3488996242619431,
68,19.410896403650028,36.74852388620504,1.3217928073000538,33.59500805152979,5.2066559312936125,1.1272141706924315,2.2410091250670963,0.3488996242619431,
69,19.940955448201827,36.594202898550726,1.3217928073000538,32.588566827697264,4.904723564143854,1.1272141706924315,3.1736446591519054,0.3488996242619431,
70,20.014761137949545,36.580783682232955,1.3217928073000538,32.53488996242619,4.898013955984971,1.1272141706924315,3.1736446591519054,0.3488996242619431,
71,20.209339774557165,36.45330112721417,1.3217928073000538,32.46779388083736,4.898013955984971,1.1272141706924315,3.1736446591519054,0.3488996242619431,
72,20.001341921631777,34.97047772410091,1.3217928073000538,32.139023081052066,4.898013955984971,1.1272141706924315,5.193236714975845,0.3488996242619431,
73,20.135534084809446,33.3064949006978,1.3217928073000538,31.729736983360173,7.004830917874396,1.1272141706924315,5.193236714975845,0.18115942028985507,
74,20.303274288781534,33.293075684380035,1.3217928073000538,31.57541599570585,7.004830917874396,1.1272141706924315,5.193236714975845,0.18115942028985507,
75,20.46430488459474,33.23939881910896,1.3217928073000538,31.57541599570585,6.977992485238862,1.1272141706924315,5.112721417069243,0.18115942028985507,
76,19.659151905528716,26.86527106816962,0.9997316156736447,42.74691358024691,4.294149221685454,0.3488996242619431,5.072463768115942,0.013419216317767043,
77,19.93424584004294,26.113794954374665,0.9997316156736447,42.51878690284487,4.294149221685454,0.3488996242619431,5.776972624798712,0.013419216317767043,
78,20.162372517444982,26.053408480944714,0.9997316156736447,42.351046698872786,4.294149221685454,0.3488996242619431,5.776972624798712,0.013419216317767043,
79,18.391035963499732,23.53059581320451,0.7380568974771873,47.175254965110035,4.294149221685454,0.3488996242619431,5.508588298443371,0.013419216317767043,
80,18.276972624798713,23.09447128287708,1.4895330112721417,47.00080515297907,4.294149221685454,0.3488996242619431,5.481749865807837,0.013419216317767043,
81,17.022275899087493,20.29656468062265,1.4895330112721417,52.18733225979603,4.260601180891036,,4.730273752012883,0.013419216317767043,
82,17.2638217928073,20.182501341921633,1.4895330112721417,52.05984970477724,4.260601180891036,,4.730273752012883,0.013419216317767043,
83,15.754159957058508,19.14922168545357,1.3754696725711217,54.99194847020934,3.9989264626945786,,4.7168545356951155,0.013419216317767043,
84,15.787707997852925,19.135802469135804,1.3754696725711217,54.99194847020934,3.9989264626945786,,4.696725711218465,0.013419216317767043,
85,15.854804079441761,19.0955448201825,1.3754696725711217,54.96511003757381,3.9989264626945786,,4.696725711218465,0.013419216317767043,
86,15.707192699946322,18.666129898013956,1.1674718196457328,48.711755233494365,3.8915727321524423,,11.842458400429415,0.013419216317767043,
87,15.599838969404187,18.223295759527645,1.1674718196457328,49.261943102522814,3.8915727321524423,,11.842458400429415,0.013419216317767043,
88,15.599838969404187,18.223295759527645,1.1674718196457328,49.261943102522814,3.8915727321524423,,11.842458400429415,0.013419216317767043,
89,15.4723564143854,17.418142780461622,1.1674718196457328,46.34997316156736,7.836822329575953,,11.741814278046162,0.013419216317767043,
90,15.53274288781535,17.250402576489535,1.1674718196457328,44.907407407407405,9.386741814278047,,11.741814278046162,0.013419216317767043,
91,15.807836822329575,17.223564143854,1.1674718196457328,43.88083735909823,9.27938808373591,0.8856682769726248,11.741814278046162,0.013419216317767043,
92,12.191358024691358,25.254965110037574,1.1406333870101986,40.03623188405797,9.111647879763822,0.8856682769726248,11.366076221148685,0.013419216317767043,
93,12.25174449812131,25.0805152979066,1.1406333870101986,38.35212023617821,10.285829307568438,1.5230810520665594,11.352657004830919,0.013419216317767043,
94,12.379227053140097,25.0805152979066,1.1406333870101986,38.22463768115942,10.285829307568438,1.5230810520665594,11.352657004830919,0.013419216317767043,
95,12.76838432635534,24.966451959205582,1.1406333870101986,38.05018786902845,10.205314009661835,1.5029522275899088,11.352657004830919,0.013419216317767043,
96,10.795759527643586,24.12775093934514,1.107085346215781,43.05555555555556,9.017713365539452,1.5029522275899088,10.379763821792807,0.013419216317767043,
97,8.59500805152979,23.242082662372518,1.107085346215781,49.18813741277509,6.837090713902308,0.6374127750939346,10.379763821792807,0.013419216317767043,
98,8.930488459473967,22.517444981213096,1.8250134192163177,49.000268384326354,6.749865807836822,0.6374127750939346,10.326086956521738,0.013419216317767043,
99,9.286097691894794,22.403381642512077,1.8250134192163177,48.87949543746645,6.749865807836822,0.6374127750939346,10.205314009661835,0.013419216317767043,
100,9.863123993558776,21.24261943102523,1.724369296833065,48.54401502952228,6.468062265163715,1.9390767579173376,10.205314009661835,0.013419216317767043,
101,9.970477724100913,21.175523349436393,1.724369296833065,48.369565217391305,6.461352657004831,1.9390767579173376,10.198604401502953,0.1610305958132045,
102,10.762211486849168,21.054750402576488,1.556629092860977,48.26221148684917,6.461352657004831,1.9390767579173376,9.802737520128824,0.1610305958132045,
103,10.86285560923242,21.007783145464305,1.4962426194310252,47.77241009125067,6.461352657004831,2.4355877616747184,9.802737520128824,0.1610305958132045,
104,10.59447128287708,20.813204508856682,1.4962426194310252,46.62506709608159,8.950617283950617,2.4355877616747184,8.923778851315083,0.1610305958132045,
105,10.929951690821255,20.739398819108963,1.4962426194310252,46.101717659688674,8.923778851315083,2.7241009125067097,8.923778851315083,0.1610305958132045,
106,11.09098228663446,20.73268921095008,1.4962426194310252,46.0077831454643,8.870101986044014,2.7241009125067097,8.917069243156199,0.1610305958132045,
107,10.493827160493828,13.92914653784219,0.9393451422436929,55.823939881910896,8.695652173913043,1.0735373054213635,8.883521202361782,0.1610305958132045,
108,10.856146001073537,13.90901771336554,0.9326355340848095,55.159688674181425,8.588298443370908,2.2946859903381642,8.09849704777241,0.1610305958132045,
109,11.392914653784219,13.90901771336554,0.9326355340848095,54.63633923778851,8.57487922705314,2.2946859903381642,8.09849704777241,0.1610305958132045,
110,11.406333870101985,13.90901771336554,1.247987117552335,54.119699409554485,8.192431561996779,2.2946859903381642,8.09849704777241,0.7313472893183038,
111,11.641170155662909,13.90901771336554,1.247987117552335,53.918411164787976,8.192431561996779,2.2946859903381642,8.09849704777241,0.6977992485238862,
112,11.721685453569512,13.90901771336554,1.247987117552335,53.858024691358025,8.172302737520129,2.2946859903381642,8.09849704777241,0.6977992485238862,
113,11.862587224906065,13.298443370907139,1.247987117552335,52.42887815351583,10.507246376811594,2.1940418679549114,7.763016639828234,0.6977992485238862,
114,12.177938808373591,13.231347289318304,1.2412775093934514,52.20746108427268,10.487117552334944,2.1940418679549114,7.763016639828234,0.6977992485238862,
115,12.587224906065487,13.137412775093935,1.2412775093934514,52.00617283950617,10.373054213633925,2.1940418679549114,7.763016639828234,0.6977992485238862,
116,12.734836285560924,13.023349436392914,1.3754696725711217,49.422973698336016,10.352925389157273,2.1940418679549114,9.433709071390231,1.4626945786366077,
117,13.036768652710682,12.855609232420827,1.3754696725711217,49.17471819645733,10.34621578099839,2.328234031132582,9.420289855072463,1.4626945786366077,
118,13.238056897477188,12.815351583467525,1.3754696725711217,49.013687600644126,10.34621578099839,2.328234031132582,9.420289855072463,1.4626945786366077,
119,13.264895330112722,12.815351583467525,1.3754696725711217,48.98684916800859,10.238862050456254,2.4355877616747184,9.420289855072463,1.4626945786366077,
120,13.560118089103597,12.815351583467525,1.3754696725711217,48.87949543746645,10.131508319914117,2.4221685453569513,9.353193773483628,1.4626945786366077,
121,13.707729468599034,12.734836285560924,1.3754696725711217,48.85265700483092,10.131508319914117,2.4221685453569513,9.353193773483628,1.4224369296833066,
122,14.056629092860977,12.721417069243156,1.3754696725711217,48.678207192699944,10.064412238325282,2.4221685453569513,9.25925925925926,1.4224369296833066,
123,14.143853998926463,12.151100375738057,1.3754696725711217,47.725442834138484,10.856146001073537,2.4221685453569513,9.91009125067096,1.415727321524423,
124,14.398819108964037,12.124261943102523,1.3754696725711217,47.18196457326892,11.218464841653248,2.4221685453569513,9.863123993558776,1.415727321524423,
125,14.660493827160494,11.996779388083736,1.3754696725711217,46.403650026838434,11.218464841653248,3.0931293612453032,9.836285560923242,1.415727321524423,
126,15.01610305958132,11.98336017176597,1.3754696725711217,45.4777241009125,11.178207192699947,3.797638217928073,9.769189479334408,1.402308105206656,
127,15.304616210413311,11.963231347289318,1.3754696725711217,45.410628019323674,11.104401502952227,3.797638217928073,9.668545356951155,1.3754696725711217,
128,15.311325818572195,11.956521739130435,1.3754696725711217,45.410628019323674,11.104401502952227,3.797638217928073,9.668545356951155,1.3754696725711217,
129,14.78797638217928,11.305689747718732,1.3754696725711217,47.00751476113795,10.72866344605475,3.750670960815888,9.668545356951155,1.3754696725711217,
130,15.13016639828234,11.044015029522276,1.3419216317767042,47.20209339774557,10.59447128287708,3.730542136339238,9.581320450885668,1.3754696725711217,
131,13.7211486849168,10.849436392914654,1.8719806763285025,50.74476650563607,8.796296296296296,3.730542136339238,8.910359634997317,1.3754696725711217,
132,11.714975845410628,9.936929683306495,1.4694041867954912,58.56816961889426,5.870907139023081,3.6231884057971016,7.440955448201825,1.3754696725711217,
133,11.943102522812667,9.903381642512077,1.4694041867954912,58.5077831454643,5.870907139023081,3.6231884057971016,7.306763285024155,1.3754696725711217,
134,11.969940955448202,9.903381642512077,1.4694041867954912,58.353462157809986,5.870907139023081,3.5963499731615673,7.306763285024155,1.5297906602254427,
135,12.238325281803542,9.842995169082126,1.4694041867954912,58.17230273752013,5.870907139023081,3.5963499731615673,7.27992485238862,1.5297906602254427,
136,12.31213097155126,9.829575952764358,1.4694041867954912,58.111916264090176,5.870907139023081,3.5963499731615673,7.27992485238862,1.5297906602254427,
137,12.345679012345679,9.829575952764358,1.4694041867954912,58.091787439613526,5.870907139023081,3.5963499731615673,7.266505636070853,1.5297906602254427,
138,11.79549114331723,9.75577026301664,1.4694041867954912,57.2061191626409,7.380568974771873,3.5963499731615673,7.266505636070853,1.5297906602254427,
139,12.030327428878154,9.708803005904455,1.4694041867954912,57.09205582393988,7.333601717659689,3.5963499731615673,7.266505636070853,1.5029522275899088,
140,12.218196457326892,9.708803005904455,1.4694041867954912,56.96457326892109,7.306763285024155,3.5963499731615673,7.232957595276436,1.5029522275899088,
141,11.822329575952764,9.178743961352657,3.180354267310789,53.173644659151904,9.453837895866881,4.582662372517445,7.14573268921095,1.4626945786366077,
142,11.896135265700483,9.178743961352657,3.166935050993022,53.11325818572195,9.453837895866881,4.582662372517445,7.14573268921095,1.4626945786366077,
143,11.748523886205046,9.178743961352657,5.622651637144391,51.590177133655395,9.286097691894794,4.582662372517445,6.528448738593666,1.4626945786366077,
144,11.855877616747183,9.158615136876007,5.58239398819109,51.47611379495437,9.286097691894794,4.528985507246377,6.528448738593666,1.583467525496511,
145,11.956521739130435,9.158615136876007,5.58239398819109,51.44256575415996,9.286097691894794,4.528985507246377,6.461352657004831,1.583467525496511,
146,12.097423510466989,9.158615136876007,5.58239398819109,51.38217928073001,9.265968867418144,4.51556629092861,6.414385399892646,1.583467525496511,
147,12.486580783682234,9.158615136876007,5.522007514761138,51.05340848094471,9.265968867418144,4.51556629092861,6.414385399892646,1.583467525496511,
148,12.587224906065487,9.138486312399356,6.494900697799249,50.0,9.265968867418144,4.51556629092861,6.414385399892646,1.583467525496511,
149,12.962962962962964,9.05126140633387,6.494900697799249,49.71148684916801,9.265968867418144,4.51556629092861,6.414385399892646,1.583467525496511,
150,13.459473966720344,9.05126140633387,6.474771873322598,49.261943102522814,9.265968867418144,4.508856682769726,6.394256575415996,1.583467525496511,
151,13.667471819645733,8.997584541062801,6.447933440687064,49.20155662909286,9.23913043478261,4.4820182501341925,6.394256575415996,1.570048309178744,
152,13.848631239935587,8.997584541062801,5.501878690284487,49.932903918411164,9.192163177670425,4.7101449275362315,6.246645195920558,1.570048309178744,
153,13.942565754159958,8.071658615136876,6.481481481481482,49.77858293075684,9.078099838969404,4.830917874396135,6.246645195920558,1.570048309178744,
154,14.096886741814279,8.071658615136876,6.468062265163715,49.73161567364466,9.05126140633387,4.7638217928073,6.246645195920558,1.570048309178744,
155,14.009661835748792,8.071658615136876,6.468062265163715,49.5907139023081,9.05126140633387,4.643048845947397,6.595544820182502,1.570048309178744,
156,14.325013419216317,8.071658615136876,6.327160493827161,49.422973698336016,9.05126140633387,4.643048845947397,6.595544820182502,1.5633387010198605,
157,14.486044015029522,8.071658615136876,6.327160493827161,49.27536231884058,9.05126140633387,4.643048845947397,6.582125603864735,1.5633387010198605,
158,12.466451959205582,7.991143317230274,6.038647342995169,50.42270531400966,8.165593129361245,3.750670960815888,10.21202361782072,0.95276435856146,
159,12.607353730542137,7.98443370907139,6.528448738593666,50.315351583467525,7.7898550724637685,3.750670960815888,10.071121846484166,0.95276435856146,
160,12.808641975308642,7.98443370907139,6.501610305958132,50.254965110037574,7.7898550724637685,3.750670960815888,9.957058507783145,0.95276435856146,
161,13.157541599570585,7.863660762211487,6.501610305958132,50.026838432635536,7.7898550724637685,3.750670960815888,9.957058507783145,0.95276435856146,
162,13.298443370907139,7.863660762211487,6.501610305958132,49.932903918411164,7.776435856146001,3.750670960815888,9.957058507783145,0.9192163177670424,
163,13.372249060654857,7.863660762211487,6.454643048845948,49.41626409017714,7.763016639828234,4.280730005367687,9.957058507783145,0.8923778851315083,
164,13.499731615673644,7.863660762211487,6.454643048845948,49.322329575952764,7.729468599033816,4.280730005367687,9.957058507783145,0.8923778851315083,
165,13.56682769726248,7.863660762211487,6.414385399892646,49.22168545356951,7.803274288781535,4.280730005367687,9.957058507783145,0.8923778851315083,
166,13.633923778851315,7.863660762211487,6.414385399892646,48.83252818035427,7.803274288781535,4.280730005367687,9.957058507783145,1.2144390767579174,
167,13.79495437466452,7.796564680622652,6.5485775630703165,48.65807836822329,7.749597423510467,4.280730005367687,9.957058507783145,1.2144390767579174,
168,13.493022007514762,7.024959742351046,9.07139023081052,47.20880300590446,7.749597423510467,4.280730005367687,9.957058507783145,1.2144390767579174,
169,13.875469672571121,7.024959742351046,9.004294149221685,46.98067632850242,7.7361782071927,4.253891572732153,9.91009125067096,1.2144390767579174,
170,14.049919484702093,6.910896403650026,8.997584541062801,46.93370907139023,7.7361782071927,4.253891572732153,9.903381642512077,1.2144390767579174,
171,14.231078904991948,6.78341384863124,8.970746108427267,46.9068706387547,7.7361782071927,4.253891572732153,9.903381642512077,1.2144390767579174,
172,14.452495974235104,6.769994632313473,8.829844337090714,46.85990338164251,7.716049382716049,4.253891572732153,9.903381642512077,1.2144390767579174,
173,14.694041867954912,6.769994632313473,8.829844337090714,46.77938808373591,7.608695652173913,4.253891572732153,9.849704777241008,1.2144390767579174,
174,14.761137949543746,6.769994632313473,8.80300590445518,46.75925925925926,7.601986044015029,4.247181964573269,9.849704777241008,1.2077294685990339,
175,14.942297369833602,6.769994632313473,8.80300590445518,46.57809983896941,7.601986044015029,4.247181964573269,9.849704777241008,1.2077294685990339,
176,14.888620504562533,6.756575415995706,9.453837895866881,44.08883521202362,7.071926999463232,4.247181964573269,12.285292538915728,1.2077294685990339,
177,15.03623188405797,6.756575415995706,9.41358024691358,44.06199677938808,7.058507783145465,4.2270531400966185,12.238325281803542,1.2077294685990339,
178,15.217391304347826,6.6827697262479875,9.400161030595813,43.887546967257116,7.011540526033279,4.3545356951154055,12.238325281803542,1.2077294685990339,
179,15.519323671497585,6.468062265163715,9.762479871175524,43.45813204508857,6.991411701556629,4.3545356951154055,12.238325281803542,1.2077294685990339,
180,15.11003757380569,6.085614600107354,9.728931830381105,43.39774557165862,7.917337627482555,4.3545356951154055,12.198067632850242,1.2077294685990339,
181,15.35829307568438,6.025228126677402,9.54777241009125,43.11594202898551,7.917337627482555,4.3545356951154055,12.473161567364466,1.2077294685990339,
182,15.53274288781535,5.998389694041868,9.54777241009125,42.81400966183575,7.883789586688137,4.334406870638754,12.325550187869029,1.415727321524423,0.14761137949543746
183,15.707192699946322,5.991680085882985,9.480676328502415,42.73349436392915,7.863660762211487,4.334406870638754,12.325550187869029,1.415727321524423,0.14761137949543746
184,15.915190552871712,5.991680085882985,9.480676328502415,42.55904455179817,7.863660762211487,4.334406870638754,12.325550187869029,1.3821792807300053,0.14761137949543746
185,16.089640365002683,5.991680085882985,9.480676328502415,42.3845947396672,7.863660762211487,4.334406870638754,12.325550187869029,1.3821792807300053,0.14761137949543746
186,16.358024691358025,5.991680085882985,9.480676328502415,42.169887278582934,7.863660762211487,4.334406870638754,12.298711755233494,1.3553408480944713,0.14761137949543746
187,16.57944176060118,5.991680085882985,9.31964573268921,42.15646806226516,7.863660762211487,4.28743961352657,12.298711755233494,1.3553408480944713,0.14761137949543746
188,16.82769726247987,5.991680085882985,9.31964573268921,41.948470209339774,7.830112721417069,4.320987654320987,12.258454106280194,1.3553408480944713,0.14761137949543746
189,16.867954911433173,5.991680085882985,9.31964573268921,41.948470209339774,7.830112721417069,4.300858829844337,12.238325281803542,1.3553408480944713,0.14761137949543746
190,16.70692431561997,5.991680085882985,9.77589908749329,41.727053140096615,7.830112721417069,4.300858829844337,12.164519592055823,1.3553408480944713,0.14761137949543746
191,17.143048845947398,5.991680085882985,9.762479871175524,41.606280193236714,7.716049382716049,4.300858829844337,12.13768115942029,1.3419216317767042,
192,17.14975845410628,5.991680085882985,9.762479871175524,41.599570585077835,7.716049382716049,4.300858829844337,12.13768115942029,1.3419216317767042,
193,17.458400429414922,5.991680085882985,9.668545356951155,41.438539989264626,7.716049382716049,4.300858829844337,12.084004294149223,1.3419216317767042,
194,17.753623188405797,5.991680085882985,9.594739667203436,41.31105743424584,7.689210950080516,4.294149221685454,12.02361782071927,1.3419216317767042,
195,17.793880837359097,5.991680085882985,9.594739667203436,40.89506172839506,7.836822329575953,4.53569511540526,12.010198604401502,1.3419216317767042,
196,17.94820182501342,5.991680085882985,9.581320450885668,40.78770799785293,7.803274288781535,4.53569511540526,12.010198604401502,1.3419216317767042,
197,18.12265163714439,5.991680085882985,9.581320450885668,40.66022544283414,7.803274288781535,4.53569511540526,11.963231347289318,1.3419216317767042,
198,18.250134192163177,5.991680085882985,9.581320450885668,40.54616210413312,7.7898550724637685,4.53569511540526,11.963231347289318,1.3419216317767042,
199,18.491680085882983,5.984970477724101,9.541062801932368,40.371712292002144,7.7898550724637685,4.53569511540526,11.943102522812667,1.3419216317767042,
200,18.592324208266238,5.984970477724101,9.514224369296834,40.183843263553406,7.6556629092860975,4.804079441760601,11.922973698336017,1.3419216317767042,
201,18.820450885668276,5.984970477724101,9.212292002147075,40.09661835748792,7.85024154589372,4.804079441760601,11.889425657541599,1.3419216317767042,
202,19.16935050993022,5.984970477724101,9.198872785829307,39.93558776167472,7.85024154589372,4.62962962962963,11.889425657541599,1.3419216317767042,
203,18.887546967257112,5.743424584004294,8.675523349436393,38.99624261943102,10.071121846484166,4.62962962962963,11.52710681696189,1.3352120236178207,0.13419216317767044
204,19.122383252818036,5.736714975845411,8.655394524959743,38.86205045625336,10.057702630166398,4.569243156199678,11.52710681696189,1.3352120236178207,0.13419216317767044
205,19.236446591519055,5.723295759527644,8.655394524959743,38.79495437466452,10.057702630166398,4.569243156199678,11.493558776167472,1.3352120236178207,0.13419216317767044
206,19.51825013419216,5.6964573268921095,8.655394524959743,38.63392377885131,10.057702630166398,4.508856682769726,11.466720343531938,1.328502415458937,0.13419216317767044
207,19.96779388083736,5.562265163714439,8.57487922705314,38.399087493290395,10.057702630166398,4.508856682769726,11.466720343531938,1.328502415458937,0.13419216317767044
208,20.068438003220614,5.562265163714439,8.561460010735374,38.399087493290395,9.970477724100913,4.508856682769726,11.466720343531938,1.328502415458937,0.13419216317767044
209,20.148953301127214,5.562265163714439,8.55475040257649,38.38566827697262,9.936929683306495,4.4820182501341925,11.466720343531938,1.328502415458937,0.13419216317767044
210,20.41062801932367,5.4616210413311865,8.55475040257649,38.2313472893183,9.936929683306495,4.4753086419753085,11.466720343531938,1.328502415458937,0.13419216317767044
211,20.437466451959207,5.448201825013419,8.55475040257649,38.2313472893183,9.936929683306495,4.4753086419753085,11.453301127214171,1.328502415458937,0.13419216317767044
212,20.497852925389157,5.448201825013419,8.55475040257649,38.191089640365,9.936929683306495,4.468599033816425,11.453301127214171,1.3150831991411702,0.13419216317767044
213,20.79307568438003,5.448201825013419,8.340042941492216,38.1105743424584,9.936929683306495,4.468599033816425,11.453301127214171,1.3150831991411702,0.13419216317767044
214,20.96081588835212,5.448201825013419,8.340042941492216,37.97638217928073,9.923510466988727,4.468599033816425,11.43317230273752,1.3150831991411702,0.13419216317767044
215,21.081588835212024,5.448201825013419,8.340042941492216,37.88915727321525,9.923510466988727,4.455179817498658,11.41304347826087,1.3150831991411702,0.13419216317767044
216,21.135265700483092,5.448201825013419,8.064949006977992,37.19135802469136,10.86285560923242,4.435050993022007,11.41304347826087,1.3150831991411702,0.13419216317767044
217,21.38352120236178,5.441492216854535,8.064949006977992,37.05716586151369,10.755501878690284,4.435050993022007,11.41304347826087,1.3150831991411702,0.13419216317767044
218,21.490874932903917,5.441492216854535,8.064949006977992,36.97665056360709,10.742082662372518,4.42163177670424,11.41304347826087,1.3150831991411702,0.13419216317767044
219,21.537842190016104,5.287171229200215,8.581588835212024,36.87600644122383,10.68840579710145,4.394793344068707,11.191626409017713,1.3083735909822867,0.13419216317767044
220,21.64519592055824,5.186527106816962,8.313204508856682,36.600912506709605,10.534084809447128,4.394793344068707,11.882716049382717,1.3083735909822867,0.13419216317767044
221,21.987385936661298,5.045625335480408,8.272946859903382,36.493558776167475,10.48040794417606,4.394793344068707,11.882716049382717,1.3083735909822867,0.13419216317767044
222,22.188674181427803,4.924852388620504,8.272946859903382,36.47342995169082,10.48040794417606,4.394793344068707,11.862587224906065,1.2681159420289856,0.13419216317767044
223,22.31615673644659,4.871175523349437,8.272946859903382,36.41975308641975,10.48040794417606,4.374664519592056,11.862587224906065,1.2681159420289856,0.13419216317767044
224,22.262479871175522,4.830917874396135,8.259527643585615,36.09769189479334,10.48040794417606,4.361245303274289,12.305421363392378,1.2681159420289856,0.13419216317767044
225,22.36983360171766,4.817498658078368,8.192431561996779,36.08427267847558,10.473698336017177,4.3545356951154055,12.305421363392378,1.2681159420289856,0.13419216317767044
226,22.450348899624263,4.804079441760601,8.185721953837897,36.06414385399893,10.473698336017177,4.3545356951154055,12.265163714439076,1.2681159420289856,0.13419216317767044
227,22.886473429951693,4.804079441760601,8.132045088566828,35.91653247450349,10.332796564680622,4.300858829844337,12.245034889962426,1.247987117552335,0.13419216317767044
228,22.899892646269457,4.804079441760601,8.132045088566828,35.90311325818572,10.332796564680622,4.300858829844337,12.245034889962426,1.247987117552335,0.13419216317767044
229,23.141438539989263,4.804079441760601,7.997852925389157,35.82259796027912,10.332796564680622,4.300858829844337,12.218196457326892,1.247987117552335,0.13419216317767044
230,23.423242082662373,4.804079441760601,7.997852925389157,35.65485775630703,10.332796564680622,4.213633923778851,12.191358024691358,1.247987117552335,0.13419216317767044
231,23.678207192699947,4.804079441760601,7.997852925389157,35.587761674718195,10.292538915727322,4.159957058507783,12.097423510466989,1.247987117552335,0.13419216317767044
232,23.993558776167472,4.804079441760601,7.950885668276973,35.40660225442834,10.292538915727322,4.146537842190016,12.02361782071927,1.247987117552335,0.13419216317767044
233,24.12104133118626,4.74369296833065,8.07836822329576,35.339506172839506,10.178475577026301,4.133118625872249,12.02361782071927,1.247987117552335,0.13419216317767044
234,24.376006441223833,4.636339237788513,8.011272141706923,35.299248523886206,10.138217928073,4.133118625872249,12.02361782071927,1.247987117552335,0.13419216317767044
235,24.295491143317232,4.522275899087493,7.628824476650563,36.513687600644126,9.594739667203436,4.133118625872249,11.929683306494901,1.247987117552335,0.13419216317767044
236,24.376006441223833,4.522275899087493,7.628824476650563,36.45330112721417,9.574610842726784,4.133118625872249,11.929683306494901,1.247987117552335,0.13419216317767044
237,24.44981213097155,4.522275899087493,7.628824476650563,36.3996242619431,9.574610842726784,4.1129898013955986,11.929683306494901,1.247987117552335,0.13419216317767044
238,24.46323134728932,4.49543746645196,7.628824476650563,36.2788513150832,9.708803005904455,4.1129898013955986,11.929683306494901,1.247987117552335,0.13419216317767044
239,24.510198604401502,4.49543746645196,7.628824476650563,36.231884057971016,9.708803005904455,4.1129898013955986,11.929683306494901,1.247987117552335,0.13419216317767044
240,24.60413311862587,4.4753086419753085,7.628824476650563,36.22517444981213,9.708803005904455,4.1129898013955986,11.862587224906065,1.247987117552335,0.13419216317767044
241,24.550456253354803,4.42163177670424,7.863660762211487,35.990338164251206,9.668545356951155,4.025764895330113,12.097423510466989,1.247987117552335,0.13419216317767044
242,24.61755233494364,4.42163177670424,7.863660762211487,35.94337090713902,9.648416532474503,4.025764895330113,12.097423510466989,1.247987117552335,0.13419216317767044
243,24.778582930756844,4.42163177670424,7.863660762211487,35.83601717659689,9.648416532474503,4.012345679012346,12.057165861513688,1.247987117552335,0.13419216317767044
244,24.912775093934513,4.394793344068707,7.863660762211487,35.72866344605475,9.648416532474503,4.012345679012346,12.057165861513688,1.247987117552335,0.13419216317767044
245,25.0805152979066,4.394793344068707,7.85024154589372,35.66156736446592,9.561191626409018,4.012345679012346,12.057165861513688,1.247987117552335,0.13419216317767044
246,24.912775093934513,4.3545356951154055,7.353730542136339,35.809178743961354,11.352657004830919,3.670155662909286,11.668008588298443,0.7447665056360708,0.13419216317767044
247,24.97987117552335,4.3545356951154055,7.353730542136339,35.74208266237252,11.352657004830919,3.670155662909286,11.668008588298443,0.7447665056360708,0.13419216317767044
248,25.09393451422437,4.327697262479871,7.353730542136339,35.587761674718195,11.312399355877616,3.656736446591519,11.668008588298443,0.8655394524959742,0.13419216317767044
249,25.40257648953301,4.327697262479871,7.333601717659689,35.34621578099839,11.29898013955985,3.6231884057971016,11.668008588298443,0.8655394524959742,0.13419216317767044
250,25.670960815888353,4.327697262479871,7.749597423510467,34.77589908749329,11.178207192699947,3.6231884057971016,11.560654857756306,0.9796027911969941,0.13419216317767044
251,25.717928073000536,4.327697262479871,7.87037037037037,34.634997316156735,11.11111111111111,3.6231884057971016,11.486849168008588,1.093666129898014,0.13419216317767044
252,25.234836285560924,4.28743961352657,9.950348899624261,33.883521202361784,11.084272678475577,2.918679549114332,11.473429951690822,1.0332796564680622,0.13419216317767044
253,25.41599570585078,4.280730005367687,9.856414385399892,33.82984433709071,11.057434245840042,2.918679549114332,11.473429951690822,1.0332796564680622,0.13419216317767044
254,25.59044551798175,4.274020397208803,9.809447128287708,33.782877079978526,11.057434245840042,2.918679549114332,11.399624261943103,1.0332796564680622,0.13419216317767044
255,25.87895866881374,4.274020397208803,9.809447128287708,33.756038647343,11.044015029522276,2.844873859366613,11.225174449812132,1.0332796564680622,0.13419216317767044
256,25.89237788513151,4.274020397208803,9.809447128287708,33.742619431025226,11.044015029522276,2.844873859366613,11.225174449812132,1.0332796564680622,0.13419216317767044
257,26.053408480944714,4.274020397208803,9.809447128287708,33.742619431025226,10.88298443370907,2.844873859366613,11.225174449812132,1.0332796564680622,0.13419216317767044
258,26.140633387010197,4.274020397208803,9.809447128287708,33.68894256575416,10.88298443370907,2.844873859366613,11.191626409017713,1.0332796564680622,0.13419216317767044
259,26.455984970477726,4.274020397208803,9.802737520128824,33.662104133118625,10.782340311325818,2.7106816961889426,11.144659151905529,1.0332796564680622,0.13419216317767044
260,26.78475577026302,4.233762748255502,9.71551261406334,33.49436392914654,10.782340311325818,2.7106816961889426,11.11111111111111,1.0332796564680622,0.13419216317767044
261,26.778046162104133,4.233762748255502,9.702093397745571,33.48765432098765,10.782340311325818,2.7106816961889426,11.137949543746645,1.0332796564680622,0.13419216317767044
262,26.778046162104133,4.233762748255502,9.702093397745571,33.48765432098765,10.782340311325818,2.7106816961889426,11.137949543746645,1.0332796564680622,0.13419216317767044
263,27.026301663982824,4.233762748255502,9.675254965110037,33.41384863123994,10.782340311325818,2.703972088030059,10.997047772410092,1.0332796564680622,0.13419216317767044
264,27.106816961889425,4.186795491143317,9.66183574879227,33.40713902308105,10.768921095008052,2.703972088030059,10.997047772410092,1.0332796564680622,0.13419216317767044
265,27.086688137412775,4.186795491143317,9.655126140633387,33.28636607622115,10.768921095008052,2.703972088030059,10.997047772410092,1.1808910359634996,0.13419216317767044
266,27.3215244229737,4.139828234031133,9.608158883521202,33.1454643048846,10.768921095008052,2.703972088030059,10.997047772410092,1.1808910359634996,0.13419216317767044
267,27.34836285560923,4.139828234031133,9.581320450885668,33.1454643048846,10.768921095008052,2.703972088030059,10.997047772410092,1.1808910359634996,0.13419216317767044
268,27.603327965646805,4.045893719806763,9.581320450885668,33.011272141706925,10.742082662372518,2.703972088030059,10.997047772410092,1.1808910359634996,0.13419216317767044
269,27.82474503488996,4.045893719806763,9.581320450885668,32.90391841116479,10.721953837895867,2.6435856146001075,10.963499731615673,1.1808910359634996,0.13419216317767044
270,27.91867954911433,4.045893719806763,9.541062801932368,32.86366076221149,10.7085346215781,2.6435856146001075,10.963499731615673,1.1808910359634996,0.13419216317767044
