,45,50,55,51,53,52,54,59,46,60,56,58,57,61,47,62,63
0,86.53381642512078,13.358829844337091,0.10735373054213634,,,,,,,,,,,,,,
1,85.10466988727859,14.734299516908212,0.13419216317767044,0.026838432635534086,,,,,,,,,,,,,
2,76.21443907675791,23.362855609232422,0.35560923242082665,0.06038647342995169,0.0067096081588835215,,,,,,,,,,,,
3,75.49651100375738,23.906333870101985,0.49651100375738055,0.06709608158883522,0.0067096081588835215,0.026838432635534086,,,,,,,,,,,
4,75.1610305958132,20.343531937734838,0.5770263016639828,0.08722490606548577,0.0067096081588835215,0.026838432635534086,3.797638217928073,,,,,,,,,,
5,73.63794954374664,20.685721953837895,0.6910896403650026,0.11406333870101985,1.0198604401502953,0.05367686527106817,3.770799785292539,0.026838432635534086,,,,,,,,,
6,73.07434245840042,20.79307568438003,1.0802469135802468,0.15432098765432098,1.0198604401502953,0.05367686527106817,3.770799785292539,,0.026838432635534086,0.026838432635534086,,,,,,,
7,72.43022007514762,21.30300590445518,1.1943102522812667,0.14090177133655393,1.0198604401502953,0.05367686527106817,3.750670960815888,0.020128824476650563,0.026838432635534086,0.026838432635534086,0.03354804079441761,,,,,,
8,71.85990338164251,20.947396672034355,1.261406333870102,0.20128824476650564,1.0064412238325282,0.05367686527106817,4.549114331723027,0.020128824476650563,0.026838432635534086,0.026838432635534086,0.03354804079441761,0.013419216317767043,,,,,
9,56.716317767042405,29.441760601180892,1.4559849704777241,6.535158346752549,1.0064412238325282,0.10735373054213634,4.53569511540526,0.020128824476650563,0.026838432635534086,0.026838432635534086,0.11406333870101985,0.013419216317767043,,,,,
10,54.79736983360172,31.052066559312937,1.556629092860977,6.561996779388084,0.9796027911969941,0.16774020397208803,4.575952764358561,0.026838432635534086,0.026838432635534086,0.026838432635534086,0.15432098765432098,0.040257648953301126,0.03354804079441761,,,,
11,52.522812667740205,33.05823939881911,1.7646269457863661,6.367418142780462,1.0131508319914118,0.3153515834675255,4.602791196994096,0.05367686527106817,0.026838432635534086,0.026838432635534086,0.17444981213097155,0.040257648953301126,0.03354804079441761,,,,
12,52.180622651637144,32.07192699946323,2.9119699409554483,6.447933440687064,0.9997316156736447,0.3488996242619431,4.602791196994096,0.05367686527106817,0.026838432635534086,0.026838432635534086,0.17444981213097155,0.12077294685990338,0.03354804079441761,,,,
13,51.80488459473967,32.19269994632314,2.9924852388620504,6.4412238325281805,1.093666129898014,0.36231884057971014,4.64975845410628,0.10064412238325282,0.026838432635534086,0.026838432635534086,0.17444981213097155,0.10064412238325282,0.03354804079441761,,,,
14,50.758185721953836,32.6556629092861,3.0394524959742353,6.66935050993022,1.1205045625335481,0.39586688137412773,4.74369296833065,0.1610305958132045,0.026838432635534086,0.06709608158883522,0.19457863660762212,0.13419216317767044,0.03354804079441761,,,,
15,50.4092860976919,32.47450348899624,3.2742887815351582,6.588835212023618,1.2278582930756843,0.5770263016639828,4.669887278582931,0.2147074610842727,0.026838432635534086,0.06709608158883522,0.322061191626409,0.11406333870101985,0.03354804079441761,,,,
16,38.92914653784219,47.054482018250134,1.6639828234031133,7.333601717659689,0.2281266774020397,4.139828234031133,0.32877079978529256,,,0.026838432635534086,0.2885131508319914,0.0067096081588835215,,,,,
17,38.74127750939345,44.46457326892109,1.9390767579173376,7.4141170155662905,2.61003757380569,4.0995705850778315,0.35560923242082665,0.0067096081588835215,,0.026838432635534086,0.2885131508319914,0.0067096081588835215,0.04696725711218465,,,,
18,38.446054750402574,44.22302737520129,2.2611379495437465,7.407407407407407,2.636876006441224,4.133118625872249,0.39586688137412773,0.0067096081588835215,,0.026838432635534086,0.36902844873859364,0.0067096081588835215,0.08722490606548577,,,,
19,37.88244766505636,44.40418679549114,2.5026838432635534,7.4141170155662905,2.6301663982823404,4.133118625872249,0.4830917874396135,0.013419216317767043,,0.026838432635534086,0.38915727321524424,0.0067096081588835215,0.11406333870101985,,,,
20,36.79549114331723,43.001878690284485,2.818035426731079,6.367418142780462,2.717391304347826,7.192699946323135,0.5166398282340311,0.020128824476650563,,0.026838432635534086,0.38915727321524424,0.0067096081588835215,0.14761137949543746,,,,
21,36.65458937198068,42.69994632313473,3.0864197530864197,6.360708534621578,2.7308105206655933,7.132313472893183,0.6374127750939346,0.020128824476650563,,0.026838432635534086,0.43612453032742887,0.0067096081588835215,0.20799785292538917,,,,
22,36.22517444981213,42.74691358024691,3.307836822329576,6.468062265163715,2.7844873859366612,7.105475040257649,0.6374127750939346,0.020128824476650563,,0.026838432635534086,0.43612453032742887,0.0067096081588835215,0.23483628556092323,,,,
23,36.13794954374664,42.62614063338701,3.6231884057971016,6.461352657004831,2.657004830917874,7.018250134192163,0.6575415995705851,0.020128824476650563,,0.026838432635534086,0.4562533548040794,0.0067096081588835215,0.30864197530864196,,,,
24,32.71604938271605,42.599302200751474,3.6768652710681695,6.461352657004831,3.9519592055823938,8.917069243156199,0.6508319914117016,0.020128824476650563,,0.026838432635534086,0.4227053140096618,0.0067096081588835215,0.5501878690284487,,,,
25,31.588835212023618,42.07595276435856,4.052603327965647,5.884326355340848,3.9049919484702094,10.34621578099839,0.6642512077294686,0.020128824476650563,,0.026838432635534086,0.8387010198604401,0.03354804079441761,0.5636070853462157,,,,
26,30.629361245303276,41.96188942565754,4.1532474503489,5.904455179817498,3.8714439076757916,10.929951690821255,0.8252818035426731,0.07380568974771873,,0.026838432635534086,0.9125067096081588,0.03354804079441761,0.6776704240472357,,,,
27,30.347557702630166,41.7740203972088,4.461889425657541,5.938003220611916,3.9049919484702094,10.856146001073537,0.8454106280193237,0.0939345142243693,,0.026838432635534086,0.9796027911969941,0.03354804079441761,0.7380568974771873,,,,
28,30.05233494363929,41.1231884057971,4.810789049919484,6.702898550724638,3.8848631239935587,10.63472893183038,0.7917337627482555,0.07380568974771873,,0.026838432635534086,1.0534084809447128,0.04696725711218465,0.798443370907139,,,,
29,29.220343531937736,39.97584541062802,4.85775630703167,9.494095544820183,3.8580246913580245,9.762479871175524,0.785024154589372,0.07380568974771873,,0.026838432635534086,1.0869565217391304,0.04696725711218465,0.7917337627482555,0.020128824476650563,,,
30,29.052603327965645,39.70746108427268,4.891304347826087,9.796027911969942,3.9049919484702094,9.702093397745571,0.785024154589372,0.14761137949543746,,0.026838432635534086,1.1137949543746646,0.05367686527106817,0.798443370907139,0.020128824476650563,,,
31,28.35480407944176,40.304616210413315,5.22007514761138,10.25228126677402,3.3480944712828773,9.581320450885668,0.8051529790660226,0.14761137949543746,,0.026838432635534086,1.1272141706924315,0.03354804079441761,0.7783145464304885,0.020128824476650563,,,
32,28.166935050993022,38.61379495437466,6.696188942565755,10.245571658615138,3.455448201825013,9.816156736446592,0.8387010198604401,0.14761137949543746,,0.026838432635534086,1.0869565217391304,0.05367686527106817,0.8319914117015567,0.020128824476650563,,,
33,27.180622651637144,36.513687600644126,6.702898550724638,10.044283413848632,3.361513687600644,13.311862587224907,0.6508319914117016,0.14761137949543746,,0.026838432635534086,1.133923778851315,0.05367686527106817,0.8521202361782072,0.020128824476650563,,,
34,18.592324208266238,56.34057971014493,4.978529253891573,7.273215244229737,2.7844873859366612,7.601986044015029,0.5568974771873323,0.14761137949543746,,0.026838432635534086,0.9997316156736447,0.020128824476650563,0.6575415995705851,0.020128824476650563,,,
35,18.51851851851852,56.045356951154055,5.260332796564681,7.212828770799785,2.8247450348899625,7.5348899624261945,0.6105743424584005,0.14761137949543746,,0.026838432635534086,1.0534084809447128,0.020128824476650563,0.7246376811594203,0.020128824476650563,,,
36,18.42458400429415,52.12023617820719,5.736714975845411,7.0450885668276975,6.474771873322598,7.514761137949543,0.6038647342995169,0.17444981213097155,,0.040257648953301126,1.1137949543746646,0.020128824476650563,0.7112184648416533,0.020128824476650563,,,
37,18.370907139023082,51.731078904991946,6.031937734836285,7.004830917874396,6.494900697799249,7.595276435856146,0.6508319914117016,0.17444981213097155,,0.040257648953301126,1.1272141706924315,0.04696725711218465,0.7112184648416533,0.020128824476650563,,,
38,18.317230273752013,51.33521202361782,6.575415995705851,6.984702093397746,6.253354804079442,7.628824476650563,0.6508319914117016,0.17444981213097155,,0.040257648953301126,1.1674718196457328,0.03354804079441761,0.8185721953837896,0.020128824476650563,,,
39,18.290391841116477,50.88566827697262,6.857219538378959,6.964573268921095,6.239935587761675,7.568438003220612,0.7783145464304885,0.20799785292538917,,0.040257648953301126,1.2546967257112185,0.03354804079441761,0.8454106280193237,0.03354804079441761,,,
40,16.834406870638755,46.75925925925926,6.756575415995706,12.620772946859903,6.159420289855072,7.48792270531401,0.8252818035426731,0.3153515834675255,,0.040257648953301126,1.3217928073000538,0.040257648953301126,0.8252818035426731,0.013419216317767043,,,
41,16.948470209339774,43.954643048845945,6.957863660762212,12.25174449812131,6.146001073537305,9.896672034353195,0.95276435856146,0.322061191626409,,0.040257648953301126,1.6371443907675791,0.05367686527106817,0.8252818035426731,0.013419216317767043,,,
42,16.82769726247987,43.907675791733766,7.105475040257649,12.27187332259796,6.125872249060655,9.849704777241008,0.9326355340848095,0.2683843263553409,,0.05367686527106817,1.6371443907675791,0.07380568974771873,0.9326355340848095,0.013419216317767043,,,
43,15.5126140633387,45.09527643585615,7.25979602791197,12.164519592055823,6.199677938808374,9.742351046698873,0.9326355340848095,0.2683843263553409,,0.05367686527106817,1.6774020397208802,0.07380568974771873,1.0064412238325282,0.013419216317767043,,,
44,15.344873859366613,41.92163177670424,6.327160493827161,11.896135265700483,6.152710681696189,13.513150831991412,1.5767579173376274,0.3488996242619431,,0.013419216317767043,1.751207729468599,0.10064412238325282,1.0399892646269457,0.013419216317767043,,,
45,14.754428341384862,41.10305958132045,6.347289318303811,15.304616210413311,6.1862587224906065,11.345947396672035,1.583467525496511,0.36902844873859364,,0.013419216317767043,1.8853998926462694,0.10064412238325282,0.9930220075147611,0.013419216317767043,,,
46,13.6808910359635,38.29844337090714,6.595544820182502,16.545893719806763,6.3070316693505095,13.123993558776167,1.6706924315619969,0.35560923242082665,,0.013419216317767043,2.0933977455716586,0.07380568974771873,1.2278582930756843,0.013419216317767043,,,
47,12.5,38.55340848094471,7.568438003220612,16.337895866881375,6.3137412775093935,13.01663982823403,1.7579173376274826,0.35560923242082665,,0.013419216317767043,2.147074610842727,0.08722490606548577,1.3352120236178207,0.013419216317767043,,,
48,11.902844873859367,38.33199141170156,7.709339774557166,17.98174986580784,6.260064412238325,12.02361782071927,1.7310789049919484,0.3757380568974772,,0.026838432635534086,2.147074610842727,0.11406333870101985,1.3821792807300053,0.013419216317767043,,,
49,11.976650563607086,38.06360708534621,7.877079978529254,17.834138486312398,6.246645195920558,11.748523886205046,1.737788513150832,0.36902844873859364,,0.026838432635534086,2.522812667740204,0.14761137949543746,1.4358561460010735,0.013419216317767043,,,
50,11.956521739130435,37.5805152979066,8.360171765968868,17.807300053676865,6.246645195920558,11.735104669887278,1.7981749865807837,0.36902844873859364,,0.026838432635534086,2.5295222758990876,0.16774020397208803,1.4090177133655395,0.013419216317767043,,,
51,11.929683306494901,37.11084272678475,9.03113258185722,17.70665593129361,6.199677938808374,11.345947396672035,1.8451422436929683,0.3757380568974772,,0.026838432635534086,2.589908749329039,0.23483628556092323,1.596886741814278,0.0067096081588835215,,,
52,11.963231347289318,36.8894256575416,9.27938808373591,17.47181964573269,6.152710681696189,11.325818572195384,1.9122383252818036,0.4025764895330113,,0.05367686527106817,2.657004830917874,0.2616747181964573,1.6237251744498122,0.0067096081588835215,,,
53,11.90955448201825,36.26543209876543,9.346484165324744,16.70692431561997,7.266505636070853,11.265432098765432,1.9994632313472893,0.4025764895330113,,0.08051529790660225,2.898550724637681,0.2616747181964573,1.5901771336553945,0.0067096081588835215,,,
54,11.09098228663446,37.61406333870102,9.219001610305957,15.801127214170693,7.206119162640902,11.191626409017713,1.9927536231884058,0.3757380568974772,,0.11406333870101985,3.3145464304884595,0.322061191626409,1.751207729468599,0.0067096081588835215,,,
55,11.077563070316694,37.33225979602791,9.265968867418144,15.901771336553946,7.266505636070853,11.077563070316694,2.0397208803005906,0.3757380568974772,,0.1274825550187869,3.374932903918411,0.322061191626409,1.8317230273752012,0.0067096081588835215,,,
56,11.09098228663446,37.01690821256039,9.39345142243693,15.995705850778315,7.206119162640902,11.09098228663446,2.0397208803005906,0.39586688137412773,,0.1274825550187869,3.408480944712829,0.36231884057971014,1.865271068169619,0.0067096081588835215,,,
57,11.124530327428879,36.78878153515835,9.440418679549115,15.895061728395062,7.286634460547504,11.09098228663446,2.086688137412775,0.36902844873859364,,0.1274825550187869,3.5292538915727323,0.36231884057971014,1.892109500805153,0.0067096081588835215,,,
58,11.057434245840042,36.24530327428878,9.796027911969942,15.673644659151906,7.595276435856146,11.023886205045626,2.2410091250670963,0.36902844873859364,,0.14090177133655393,3.4420289855072466,0.39586688137412773,2.0128824476650564,0.0067096081588835215,,,
59,10.775630703166936,36.33923778851315,9.829575952764358,15.552871712292003,7.588566827697263,10.997047772410092,2.368491680085883,0.39586688137412773,,0.14090177133655393,3.549382716049383,0.4294149221685454,2.0263016639828235,0.0067096081588835215,,,
60,10.82259796027912,35.86285560923242,10.131508319914117,15.432098765432098,7.64224369296833,10.990338164251208,2.462426194310252,0.4428341384863124,,0.16774020397208803,3.589640365002684,0.4294149221685454,2.01959205582394,0.0067096081588835215,,,
61,10.198604401502953,34.98389694041868,9.655126140633387,14.586688137412775,7.50805152979066,13.667471819645733,2.509393451422437,0.4428341384863124,,0.23483628556092323,3.6902844873859366,0.4830917874396135,2.033011272141707,0.0067096081588835215,,,
62,10.050993022007514,34.01771336553945,9.98389694041868,14.056629092860977,8.091787439613526,14.761137949543746,2.4020397208803006,0.4428341384863124,,0.2616747181964573,3.3413848631239937,0.49651100375738055,2.0933977455716586,,,,
63,10.017444981213098,33.82984433709071,9.997316156736447,13.962694578636608,8.044820182501342,14.761137949543746,2.522812667740204,0.4562533548040794,,0.2952227589908749,3.455448201825013,0.5703166935050993,2.086688137412775,,,,
64,9.836285560923242,33.76945786366076,10.144927536231885,13.848631239935587,8.266237251744498,14.680622651637144,2.5496511003757383,0.4562533548040794,,0.2952227589908749,3.4822866344605474,0.5904455179817498,2.0799785292538915,,,,
65,9.876543209876543,33.662104133118625,10.165056360708535,13.613794954374665,8.333333333333334,14.63365539452496,2.6033279656468062,0.47638217928073,,0.2952227589908749,3.6768652710681695,0.5703166935050993,2.0933977455716586,,,,
66,9.876543209876543,33.299785292538914,10.426731078904991,13.486312399355878,8.3467525496511,14.566559312936125,2.6502952227589907,0.5099302200751477,,0.322061191626409,3.7238325281803544,0.5904455179817498,2.200751476113795,,,,
67,9.782608695652174,32.90391841116479,10.513955984970478,13.358829844337091,8.340042941492216,14.814814814814815,3.1065485775630703,0.5300590445517982,,0.322061191626409,3.6768652710681695,0.630703166935051,2.01959205582394,,,,
68,9.198872785829307,30.575684380032207,9.896672034353195,19.102254428341386,7.581857219538379,13.580246913580247,2.8918411164787976,0.5434782608695652,,0.322061191626409,3.6500268384326353,0.49651100375738055,2.1604938271604937,,,,
69,9.145195920558239,29.488727858293075,10.997047772410092,18.99490069779925,7.568438003220612,13.546698872785829,2.918679549114332,0.5434782608695652,,0.322061191626409,3.743961352657005,0.5636070853462157,2.167203435319377,,,,
70,9.219001610305957,29.21363392377885,10.876274825550189,18.907675791733762,7.675791733762749,13.479602791196994,3.099838969404187,0.48980139559849706,,0.322061191626409,3.898282340311326,0.5568974771873323,2.2611379495437465,,,,
71,9.219001610305957,29.11969940955448,11.023886205045626,18.666129898013956,7.695920558239399,13.439345142243694,3.2340311325818574,0.47638217928073,,0.2952227589908749,3.9586688137412773,0.6105743424584005,2.2611379495437465,,,,
72,9.265968867418144,28.918411164787976,11.392914653784219,18.63929146537842,7.803274288781535,13.231347289318304,3.193773483628556,0.47638217928073,,0.2616747181964573,3.938539989264627,0.630703166935051,2.24771873322598,,,,
73,9.198872785829307,25.711218464841654,13.271604938271604,18.51851851851852,7.521470746108427,12.983091787439614,5.025496511003757,0.4495437466451959,,0.2616747181964573,4.092860976918948,0.7045088566827697,2.2611379495437465,,,,
74,9.232420826623725,25.597155126140635,13.144122383252817,18.38432635534085,7.6556629092860975,13.023349436392914,5.018786902844874,0.5032206119162641,,0.2885131508319914,4.133118625872249,0.7045088566827697,2.314814814814815,,,,
75,9.25925925925926,25.509930220075148,13.056897477187333,18.310520665593128,7.763016639828234,13.036768652710682,5.045625335480408,0.47638217928073,,0.32877079978529256,4.193505099302201,0.6843800322061192,2.3349436392914655,,,,
76,8.628556092324208,24.58400429414922,12.842190016103059,20.33011272141707,7.5348899624261945,13.01663982823403,5.052334943639291,0.5166398282340311,,0.32877079978529256,4.159957058507783,0.7045088566827697,2.301395598497048,,,,
77,8.55475040257649,24.416264090177133,12.808641975308642,20.229468599033815,7.494632313472893,12.983091787439614,5.12614063338701,0.5166398282340311,,0.3421900161030596,4.40150295222759,0.7112184648416533,2.4154589371980677,,,,
78,8.548040794417606,23.067632850241544,9.916800858829845,20.135534084809446,7.454374664519592,17.632850241545892,5.038915727321524,0.46296296296296297,,0.18115942028985507,4.435050993022007,0.6709608158883521,2.4557165861513686,,,,
79,8.447396672034353,23.007246376811594,9.930220075147611,20.101986044015028,7.427536231884058,17.51207729468599,5.166398282340311,0.49651100375738055,,0.19457863660762212,4.502147074610843,0.6776704240472357,2.536231884057971,,,,
80,8.433977455716587,22.785829307568438,9.970477724100913,19.98792270531401,7.581857219538379,17.478529253891573,5.0993022007514766,0.5434782608695652,,0.19457863660762212,4.643048845947397,0.6910896403650026,2.589908749329039,,,,
81,8.433977455716587,22.450348899624263,11.533816425120772,18.61916264090177,7.595276435856146,17.183306494900698,5.428073000536768,0.5434782608695652,,0.2214170692431562,4.62962962962963,0.6910896403650026,2.636876006441224,0.03354804079441761,,,
82,8.353462157809984,20.947396672034355,10.72866344605475,18.572195383789587,7.27992485238862,20.363660762211488,4.938271604938271,0.4092860976918948,,0.2214170692431562,4.683306494900698,0.6776704240472357,2.791196994095545,0.03354804079441761,,,
83,8.319914117015566,20.819914117015568,10.849436392914654,18.357487922705314,7.48792270531401,20.316693505099302,4.951690821256038,0.4227053140096618,,0.20799785292538917,4.7638217928073,0.6575415995705851,2.8113258185721954,0.03354804079441761,,,
84,8.225979602791197,20.74610842726785,10.909822866344605,18.270263016639827,7.548309178743962,20.40391841116479,5.025496511003757,0.43612453032742887,,0.2214170692431562,4.683306494900698,0.6575415995705851,2.8381642512077296,0.03354804079441761,,,
85,8.165593129361245,20.7662372517445,12.573805689747719,16.935050993022006,7.541599570585078,20.142243692968332,4.985238862050457,0.46296296296296297,,0.24825550187869028,4.528985507246377,0.7045088566827697,2.9119699409554483,0.03354804079441761,,,
86,8.132045088566828,20.779656468062264,12.372517444981213,16.867954911433173,7.695920558239399,19.91411701556629,5.213365539452496,0.46296296296296297,,0.27509393451422437,4.5960815888352125,0.7246376811594203,2.932098765432099,0.03354804079441761,,,
87,8.011272141706923,19.444444444444443,12.02361782071927,16.6935050993022,9.31964573268921,19.773215244229736,5.481749865807837,0.47638217928073,,0.27509393451422437,4.730273752012883,0.7783145464304885,2.9589371980676327,0.03354804079441761,,,
88,8.004562533548041,18.344068706387546,10.326086956521738,19.41760601180891,9.312936124530328,20.222758990874933,5.347557702630167,0.5032206119162641,,0.16774020397208803,4.74369296833065,0.7313472893183038,2.844873859366613,0.03354804079441761,,,
89,8.031400966183575,18.323939881910896,10.11808910359635,19.310252281266774,9.31964573268921,20.397208803005906,5.340848094471283,0.5032206119162641,,0.16774020397208803,4.797369833601718,0.7380568974771873,2.918679549114332,0.03354804079441761,,,
90,8.085077831454644,17.840848094471284,9.950348899624261,18.887546967257112,10.292538915727322,20.25630703166935,5.642780461621041,0.5837359098228664,,0.20799785292538917,4.575952764358561,0.7514761137949544,2.885131508319914,0.040257648953301126,,,
91,8.071658615136876,17.800590445517983,9.883252818035427,18.69296833064949,10.628019323671497,19.96779388083736,5.703166935050993,0.5568974771873323,,0.19457863660762212,4.676596886741814,0.7447665056360708,3.012614063338701,0.06709608158883522,,,
92,8.071658615136876,17.726784755770264,9.836285560923242,18.337359098228664,10.59447128287708,20.148953301127214,5.756843800322061,0.5703166935050993,,0.19457863660762212,4.911433172302737,0.6843800322061192,3.099838969404187,0.06709608158883522,,,
93,8.05823939881911,17.62614063338701,9.802737520128824,18.303811057434245,10.487117552334944,19.92753623188406,5.736714975845411,0.5770263016639828,,0.23483628556092323,5.179817498658078,0.6709608158883521,3.3279656468062266,0.06709608158883522,,,
94,7.957595276435856,17.351046698872786,9.863123993558776,18.169618894256576,10.520665593129362,20.28985507246377,5.662909286097692,0.5703166935050993,,0.20128824476650564,5.253623188405797,0.6709608158883521,3.421900161030596,0.06709608158883522,,,
95,7.917337627482555,17.223564143854,9.842995169082126,17.787171229200215,10.86285560923242,20.21604938271605,5.884326355340848,0.5770263016639828,,0.1878690284487386,5.267042404723564,0.6575415995705851,3.4822866344605474,0.0939345142243693,,,
96,8.024691358024691,17.183306494900698,9.762479871175524,17.68652710681696,11.017176596886742,20.108695652173914,5.844068706387547,0.5770263016639828,,0.17444981213097155,5.307300053676865,0.644122383252818,3.556092324208266,0.11406333870101985,,,
97,7.991143317230274,16.666666666666668,9.688674181427805,17.391304347826086,10.909822866344605,20.37037037037037,6.4345142243692965,0.5568974771873323,,0.17444981213097155,5.488459473966721,0.6508319914117016,3.5426731078904994,0.13419216317767044,,,
98,7.581857219538379,16.774020397208805,9.198872785829307,16.82769726247987,15.378421900161031,18.23671497584541,6.119162640901771,0.4830917874396135,,0.1610305958132045,5.226784755770263,0.5837359098228664,3.2877079978529253,0.14090177133655393,,,
99,7.514761137949543,15.908480944712828,8.930488459473967,16.09634997316157,15.076489533011273,21.014492753623188,5.904455179817498,0.5099302200751477,,0.14761137949543746,4.87788513150832,0.7112184648416533,3.2206119162640903,0.08722490606548577,,,
100,7.4208266237251745,15.432098765432098,8.608427267847558,16.15673644659152,14.97584541062802,20.813204508856682,7.092055823939882,0.49651100375738055,,0.1610305958132045,4.898013955984971,0.6843800322061192,3.193773483628556,0.06709608158883522,,,
101,7.407407407407407,15.398550724637682,8.581588835212024,16.170155662909288,14.888620504562533,20.78636607622115,7.199409554482019,0.49651100375738055,,0.1610305958132045,4.938271604938271,0.6977992485238862,3.1736446591519054,0.10064412238325282,,,
102,7.387278582930757,15.26435856146001,8.59500805152979,15.767579173376275,15.4723564143854,20.477724100912507,7.246376811594203,0.46967257112184646,,0.16774020397208803,4.851046698872786,0.7380568974771873,3.4621578099838968,0.10064412238325282,,,
103,7.360440150295223,15.136876006441224,8.514492753623188,15.687063875469672,15.371712292002147,20.417337627482556,7.326892109500805,0.46296296296296297,,0.16774020397208803,5.173107890499195,0.8454106280193237,3.435319377348363,0.10064412238325282,,,
104,7.306763285024155,15.103327965646805,8.57487922705314,15.579710144927537,15.203972088030058,20.437466451959207,7.588566827697263,0.4495437466451959,,0.16774020397208803,5.199946323134729,0.9057971014492754,3.388352120236178,0.0939345142243693,,,
105,7.454374664519592,14.875201288244767,8.581588835212024,15.526033279656469,15.183843263553408,20.40391841116479,7.695920558239399,0.4428341384863124,0.026838432635534086,0.1878690284487386,5.199946323134729,0.9125067096081588,3.4151905528717124,0.0939345142243693,,,
106,7.481213097155126,14.801395598497047,8.742619431025227,15.398550724637682,15.291196994095545,20.1959205582394,7.675791733762749,0.4562533548040794,0.026838432635534086,0.2147074610842727,5.287171229200215,0.8990874932903918,3.435319377348363,0.0939345142243693,,,
107,7.555018786902845,14.727589908749328,8.682232957595277,15.250939345142244,15.573000536768653,19.95437466451959,7.7831454643048845,0.4562533548040794,0.026838432635534086,0.2147074610842727,5.300590445517981,1.0131508319914118,3.3682232957595275,0.0939345142243693,,,
108,7.588566827697263,14.566559312936125,8.76274825550188,15.183843263553408,15.53274288781535,20.021470746108427,7.763016639828234,0.4495437466451959,0.026838432635534086,0.2147074610842727,5.340848094471283,1.0735373054213635,3.3816425120772946,0.0939345142243693,,,
109,7.575147611379496,14.398819108964037,8.68894256575416,15.103327965646805,15.385131508319914,20.229468599033815,7.883789586688137,0.4495437466451959,0.020128824476650563,0.19457863660762212,5.522007514761138,1.0601180891035964,3.3950617283950617,0.0939345142243693,,,
110,7.62211486849168,14.351851851851851,8.722490606548577,15.11003757380569,15.13016639828234,19.994632313472895,7.9106280193236715,0.4830917874396135,0.020128824476650563,0.16774020397208803,5.837359098228664,1.2010198604401503,3.3548040794417604,0.0939345142243693,,,
111,7.555018786902845,14.278046162104133,8.977455716586151,15.03623188405797,15.083199141170155,19.940955448201827,7.977724100912507,0.5166398282340311,0.020128824476650563,0.15432098765432098,5.797101449275362,1.221148684916801,3.3480944712828773,0.0939345142243693,,,
112,7.434245840042942,14.231078904991948,9.447128287707997,14.88191089640365,15.056360708534621,19.92753623188406,7.991143317230274,0.5568974771873323,0.020128824476650563,0.15432098765432098,5.736714975845411,1.1607622114868492,3.307836822329576,0.0939345142243693,,,
113,7.494632313472893,14.11701556629093,9.668545356951155,14.855072463768115,14.74771873322598,19.880568974771872,8.11862587224906,0.5501878690284487,0.020128824476650563,0.15432098765432098,5.770263016639828,1.1808910359634996,3.3480944712828773,0.0939345142243693,,,
114,7.501341921631776,14.076757917337627,9.675254965110037,14.694041867954912,14.700751476113794,19.773215244229736,8.259527643585615,0.5233494363929146,0.020128824476650563,0.15432098765432098,5.917874396135265,1.2144390767579174,3.3950617283950617,0.0939345142243693,,,
115,7.50805152979066,13.895598497047773,9.769189479334408,14.626945786366075,14.65378421900161,19.585346215780998,8.548040794417606,0.5233494363929146,0.020128824476650563,0.1274825550187869,5.9447128287707995,1.2345679012345678,3.4688674181427803,0.0939345142243693,,,
116,7.427536231884058,13.915727321524423,9.648416532474503,14.626945786366075,14.673913043478262,19.49141170155663,8.53462157809984,0.5971551261406334,0.020128824476650563,0.14090177133655393,5.984970477724101,1.3352120236178207,3.4822866344605474,0.12077294685990338,,,
117,3.0327428878153517,80.68303811057434,1.556629092860977,4.562533548040794,3.2877079978529253,3.4957058507783145,1.6170155662909287,,,,0.95276435856146,0.27509393451422437,0.5367686527106817,,,,
118,3.079710144927536,73.57085346215781,8.440687063875469,4.562533548040794,3.3011272141706924,3.515834675254965,1.6438539989264627,,,,1.0332796564680622,0.2885131508319914,0.5367686527106817,0.026838432635534086,,,
119,3.2004830917874396,72.7589908749329,9.057971014492754,4.555823939881911,3.3413848631239937,3.502415458937198,1.6438539989264627,0.020128824476650563,,0.020128824476650563,1.0332796564680622,0.2885131508319914,0.5367686527106817,0.040257648953301126,,,
120,3.180354267310789,68.59903381642512,9.420289855072463,4.542404723564144,6.971282877079979,3.515834675254965,1.6438539989264627,0.13419216317767044,,0.040257648953301126,1.06682769726248,0.2885131508319914,0.5300590445517982,0.06709608158883522,,,
121,3.2742887815351582,67.66639828234031,10.11808910359635,4.528985507246377,6.937734836285561,3.556092324208266,1.6639828234031133,0.13419216317767044,,0.040257648953301126,1.1137949543746646,0.3153515834675255,0.5300590445517982,0.12077294685990338,,,
122,3.3413848631239937,66.99543746645196,10.59447128287708,4.569243156199678,6.904186795491143,3.549382716049383,1.6841116478797638,0.13419216317767044,,0.07380568974771873,1.1607622114868492,0.32877079978529256,0.5300590445517982,0.13419216317767044,,,
123,3.3816425120772946,65.57300053676865,11.869296833064949,4.53569511540526,6.843800322061192,3.5762211486849167,1.6841116478797638,0.13419216317767044,,0.12077294685990338,1.2345679012345678,0.32877079978529256,0.5904455179817498,0.1274825550187869,,,
124,3.4420289855072466,63.57353730542136,12.801932367149758,4.49543746645196,6.602254428341385,3.589640365002684,1.7176596886741815,0.13419216317767044,,0.1610305958132045,2.38191089640365,0.36902844873859364,0.5904455179817498,0.14090177133655393,,,
125,3.421900161030596,59.78931830381106,16.27750939345142,4.508856682769726,6.595544820182502,3.643317230273752,1.7981749865807837,0.13419216317767044,,0.1610305958132045,2.3617820719269993,0.5099302200751477,0.630703166935051,0.16774020397208803,,,
126,3.4957058507783145,59.09822866344606,16.59286097691895,4.643048845947397,6.615673644659152,3.616478797638218,1.8451422436929683,0.17444981213097155,,0.1610305958132045,2.3886205045625335,0.5434782608695652,0.630703166935051,0.19457863660762212,,,
127,3.4957058507783145,55.62265163714439,16.505636070853463,4.656468062265164,6.608964036500268,3.5829307568438002,5.287171229200215,0.20128824476650564,,0.2281266774020397,2.38191089640365,0.5703166935050993,0.630703166935051,0.2281266774020397,,,
128,3.670155662909286,55.16639828234031,16.626409017713364,4.636339237788513,6.6760601180891035,3.589640365002684,5.293880837359098,0.2281266774020397,,0.2549651100375738,2.395330112721417,0.5703166935050993,0.630703166935051,0.2616747181964573,,,
129,3.683574879227053,54.91814278046162,16.874664519592056,4.528985507246377,6.528448738593666,3.643317230273752,5.267042404723564,0.2281266774020397,,0.2952227589908749,2.341653247450349,0.785024154589372,0.644122383252818,0.2616747181964573,,,
130,3.750670960815888,54.48201825013419,17.12962962962963,4.508856682769726,6.521739130434782,3.6366076221148687,5.374396135265701,0.2214170692431562,,0.33548040794417605,2.3081052066559313,0.798443370907139,0.644122383252818,0.2885131508319914,,,
131,3.770799785292539,53.84460547504026,17.60601180891036,4.468599033816425,6.447933440687064,3.6366076221148687,5.481749865807837,0.23483628556092323,,0.3488996242619431,2.4557165861513686,0.8118625872249061,0.6038647342995169,0.2885131508319914,,,
132,3.643317230273752,50.6508319914117,20.71256038647343,4.4753086419753085,6.427804616210413,3.6097691894793345,5.5689747718733225,0.2214170692431562,,0.4294149221685454,2.4490069779924855,0.9057971014492754,0.630703166935051,0.27509393451422437,,,
133,3.589640365002684,50.22141706924316,20.632045088566827,5.535426731078905,6.1862587224906065,3.3413848631239937,5.4549114331723025,0.20799785292538917,,0.4830917874396135,2.49597423510467,0.9594739667203436,0.6038647342995169,0.2885131508319914,,,
134,3.717122920021471,49.785292538915726,20.819914117015568,5.515297906602254,6.152710681696189,3.3145464304884595,5.515297906602254,0.2214170692431562,,0.5233494363929146,2.509393451422437,1.0332796564680622,0.5904455179817498,0.30193236714975846,,,
135,3.7573805689747717,48.70504562533548,21.43719806763285,5.501878690284487,6.1862587224906065,3.294417606011809,5.864197530864198,0.2214170692431562,,0.5099302200751477,2.5161030595813205,1.0265700483091786,0.644122383252818,0.33548040794417605,,,
136,3.864734299516908,48.05421363392378,21.886741814278047,5.501878690284487,6.206387546967257,3.1736446591519054,5.877616747181965,0.28180354267310787,,0.6575415995705851,2.49597423510467,1.0265700483091786,0.6642512077294686,0.30864197530864196,,,
137,3.9519592055823938,47.779119699409556,21.812936124530328,5.515297906602254,6.266774020397209,3.1736446591519054,5.911164787976382,0.28180354267310787,,0.7716049382716049,2.509393451422437,0.9796027911969941,0.7380568974771873,0.30864197530864196,,,
138,3.938539989264627,47.316156736446594,21.947128287707997,5.535426731078905,6.3137412775093935,3.166935050993022,5.938003220611916,0.30864197530864196,,0.8588298443370908,2.5697799248523885,0.9796027911969941,0.8185721953837896,0.30864197530864196,,,
139,3.9720880300590444,45.65888352120236,21.578099838969404,7.6623725174449815,6.239935587761675,3.0730005367686526,5.984970477724101,0.30864197530864196,,0.8789586688137413,2.563070316693505,0.9728931830381106,0.8185721953837896,0.2885131508319914,,,
140,3.9720880300590444,45.06172839506173,21.953837895866883,7.62211486849168,6.246645195920558,3.1065485775630703,6.072195383789587,0.2952227589908749,,0.8588298443370908,2.6637144390767578,1.0064412238325282,0.8521202361782072,0.2885131508319914,,,
141,4.03918411164788,44.47128287707998,22.376543209876544,7.581857219538379,6.333870101986044,3.0864197530864197,6.038647342995169,0.28180354267310787,,0.9057971014492754,2.7106816961889426,1.0198604401502953,0.8319914117015567,0.322061191626409,,,
142,4.0995705850778315,42.99516908212561,23.752012882447666,7.48792270531401,6.206387546967257,3.066290928609769,6.132581857219538,0.3153515834675255,,0.9728931830381106,2.6301663982823404,1.0131508319914118,0.9460547504025765,0.3824476650563607,,,
143,3.9318303811057436,42.31749865807837,24.255233494363928,9.138486312399356,6.119162640901771,2.033011272141707,5.897745571658615,0.4092860976918948,,0.9930220075147611,2.5697799248523885,1.0735373054213635,0.8521202361782072,0.4092860976918948,,,
144,4.012345679012346,41.988727858293075,24.114331723027377,9.138486312399356,6.146001073537305,2.0933977455716586,5.911164787976382,0.4495437466451959,,1.0399892646269457,2.5161030595813205,1.0534084809447128,1.1003757380568975,0.43612453032742887,,,
145,4.072732152442297,41.646537842190014,24.053945249597422,9.05126140633387,6.1929683306494905,2.100107353730542,5.9514224369296835,0.5971551261406334,,1.1003757380568975,2.5697799248523885,1.0802469135802468,1.1272141706924315,0.4562533548040794,,,
146,4.086151368760064,41.25067096081589,24.261943102522814,8.970746108427267,6.293612453032743,2.13365539452496,5.958132045088567,0.630703166935051,,1.1406333870101986,2.5966183574879227,1.1003757380568975,1.1272141706924315,0.4227053140096618,0.026838432635534086,,
147,4.032474503488996,40.13016639828234,24.892646269457863,9.131776704240472,6.474771873322598,2.120236178207193,6.018518518518518,0.5971551261406334,,1.06682769726248,2.898550724637681,1.0735373054213635,1.1137949543746646,0.4227053140096618,0.026838432635534086,,
148,3.9318303811057436,39.680622651637144,25.11406333870102,8.923778851315083,6.468062265163715,2.1068169618894257,6.273483628556092,0.630703166935051,,1.0869565217391304,2.9924852388620504,1.1272141706924315,1.1741814278046163,0.46296296296296297,0.026838432635534086,,
149,3.9586688137412773,39.53301127214171,25.046967257112186,8.890230810520666,6.474771873322598,2.120236178207193,6.380837359098229,0.6172839506172839,,1.1473429951690821,3.0059044551798175,1.107085346215781,1.247987117552335,0.4428341384863124,0.026838432635534086,,
150,3.9452495974235107,39.10359634997316,25.181159420289855,8.82313472893183,6.535158346752549,2.100107353730542,6.427804616210413,0.6239935587761675,,1.1540526033279657,3.0864197530864197,1.3016639828234031,1.247987117552335,0.4428341384863124,0.026838432635534086,,
151,3.9184111647879765,37.86231884057971,26.03327965646806,8.80300590445518,6.494900697799249,2.1403650026838434,6.796833064949007,0.6508319914117016,,1.1808910359634996,2.9790660225442833,1.3553408480944713,1.328502415458937,0.4294149221685454,0.026838432635534086,,
152,3.911701556629093,37.60735373054214,25.87895866881374,8.756038647342995,6.508319914117015,2.1604938271604937,6.78341384863124,0.6776704240472357,,1.221148684916801,2.985775630703167,1.402308105206656,1.6505636070853462,0.4294149221685454,0.026838432635534086,,
153,3.81105743424584,37.25174449812131,25.946054750402578,8.668813741277509,6.575415995705851,2.6301663982823404,6.723027375201288,0.7045088566827697,,1.2278582930756843,2.965646806226516,1.4224369296833066,1.6304347826086956,0.41599570585077833,0.026838432635534086,,
154,3.864734299516908,37.104133118625874,25.93263553408481,8.608427267847558,6.575415995705851,2.6502952227589907,6.709608158883521,0.6776704240472357,,1.2681159420289856,2.9924852388620504,1.42914653784219,1.7444981213097155,0.4025764895330113,0.040257648953301126,,
155,3.878153515834675,36.90955448201825,26.006441223832528,8.407139023081053,6.541867954911433,2.6972624798711755,6.91760601180891,0.7045088566827697,,1.2681159420289856,2.932098765432099,1.4962426194310252,1.7981749865807837,0.4025764895330113,0.040257648953301126,,
156,3.9049919484702094,36.621041331186255,26.160762211486848,8.407139023081053,6.582125603864735,2.657004830917874,6.984702093397746,0.7179280730005367,,1.2546967257112185,2.985775630703167,1.482823403113258,1.7981749865807837,0.4025764895330113,0.040257648953301126,,
157,3.938539989264627,36.45330112721417,26.167471819645733,8.400429414922169,6.515029522275899,2.657004830917874,7.004830917874396,0.7648953301127214,0.026838432635534086,1.3150831991411702,2.999194847020934,1.4895330112721417,1.8115942028985508,0.41599570585077833,0.040257648953301126,,
158,3.898282340311326,36.01717659688674,26.288244766505635,8.413848631239935,6.541867954911433,2.657004830917874,7.14573268921095,0.8387010198604401,0.026838432635534086,1.3150831991411702,3.046162104133119,1.482823403113258,1.8451422436929683,0.4428341384863124,0.040257648953301126,,
159,3.898282340311326,35.86285560923242,26.281535158346752,8.333333333333334,6.602254428341385,2.703972088030059,7.112184648416532,0.8252818035426731,0.026838432635534086,1.3553408480944713,3.193773483628556,1.415727321524423,1.9189479334406871,0.4428341384863124,0.026838432635534086,,
160,3.9049919484702094,35.648148148148145,26.35534084809447,8.272946859903382,6.615673644659152,2.7777777777777777,7.132313472893183,0.8387010198604401,0.026838432635534086,1.3955984970477724,3.227321524422974,1.442565754159957,1.9189479334406871,0.41599570585077833,0.026838432635534086,,
161,3.9519592055823938,35.42673107890499,26.818303811057433,8.031400966183575,6.568706387546968,2.6838432635534084,7.212828770799785,0.8588298443370908,0.026838432635534086,1.415727321524423,3.207192699946323,1.4358561460010735,1.9189479334406871,0.41599570585077833,0.026838432635534086,,
