,45,50,51,54,56,53,52,55,57
0,96.87332259796028,3.126677402039721,,,,,,,
1,94.14922168545357,5.850778314546431,,,,,,,
2,73.63794954374664,26.362050456253353,,,,,,,
3,73.63794954374664,26.362050456253353,,,,,,,
4,68.35077831454643,29.126409017713364,2.522812667740204,,,,,,
5,55.783682232957595,29.414922168545356,14.231078904991948,0.5703166935050993,,,,,
6,50.18115942028985,35.017444981213096,14.231078904991948,0.5703166935050993,,,,,
7,48.87278582930757,35.68169618894257,14.741009125067096,0.7045088566827697,,,,,
8,48.9398819108964,35.65485775630703,14.700751476113794,0.7045088566827697,,,,,
9,49.08749329039184,35.507246376811594,14.700751476113794,0.7045088566827697,,,,,
10,48.711755233494365,35.89640365002684,14.687332259796028,0.7045088566827697,,,,,
11,46.51100375738057,35.98362855609233,14.378690284487385,2.999194847020934,0.1274825550187869,,,,
12,46.62506709608159,35.44015029522276,14.378690284487385,2.999194847020934,0.1274825550187869,0.4294149221685454,,,
13,46.67874396135266,35.39318303811057,14.371980676328503,2.999194847020934,0.1274825550187869,0.4294149221685454,,,
14,46.772678475577024,35.33279656468062,14.371980676328503,2.965646806226516,0.1274825550187869,0.4294149221685454,,,
15,43.63929146537842,36.29898013955985,14.345142243692969,2.965646806226516,0.1274825550187869,0.4294149221685454,2.1940418679549114,,
16,43.73993558776167,36.22517444981213,14.345142243692969,2.9388083735909825,0.1274825550187869,0.4294149221685454,2.1940418679549114,,
17,43.545356951154055,36.41975308641975,14.345142243692969,2.9388083735909825,0.1274825550187869,0.4294149221685454,2.1940418679549114,,
18,42.81400966183575,37.30542136339238,14.325013419216317,2.804616210413312,0.1274825550187869,0.4294149221685454,2.1940418679549114,,
19,41.626409017713364,38.1508319914117,14.2914653784219,2.804616210413312,0.1274825550187869,0.4294149221685454,2.1940418679549114,0.3757380568974772,
20,39.9020397208803,39.512882447665056,15.009393451422437,2.4490069779924855,0.1274825550187869,0.4294149221685454,2.1940418679549114,0.3757380568974772,
21,35.67498658078368,44.08883521202362,13.88888888888889,3.066290928609769,0.1274825550187869,0.9594739667203436,2.1940418679549114,,
22,35.73537305421363,44.0552871712292,13.88888888888889,3.066290928609769,0.1274825550187869,0.9594739667203436,2.167203435319377,,
23,35.849436392914654,44.015029522275896,13.848631239935587,3.0327428878153517,0.1274825550187869,0.9594739667203436,2.167203435319377,,
24,35.339506172839506,41.646537842190014,13.45276435856146,1.5163714439076759,0.1274825550187869,0.9594739667203436,6.957863660762212,,
25,34.62157809983897,36.50697799248524,18.189747718733226,1.5163714439076759,0.1274825550187869,0.6709608158883521,8.36688137412775,,
26,34.62157809983897,36.50697799248524,18.189747718733226,1.5163714439076759,0.1274825550187869,0.6709608158883521,8.36688137412775,,
27,32.01154052603328,38.57353730542136,18.115942028985508,1.5163714439076759,0.1274825550187869,0.798443370907139,8.36688137412775,0.48980139559849706,
28,27.059849704777243,44.41760601180891,18.109232420826622,1.4626945786366077,0.1274825550187869,0.798443370907139,7.5348899624261945,0.48980139559849706,
29,25.583735909822867,40.002683843263554,24.362587224906065,1.4626945786366077,0.1274825550187869,1.2412775093934514,6.729736983360172,0.48980139559849706,
30,25.751476113794954,39.40552871712292,23.295759527643586,1.4626945786366077,0.1274825550187869,1.2010198604401503,8.266237251744498,0.48980139559849706,
31,23.1280193236715,33.41384863123994,24.06736446591519,0.9594739667203436,0.1274825550187869,1.2010198604401503,16.6129898013956,0.48980139559849706,
32,23.15485775630703,33.23268921095008,23.872785829307567,0.9594739667203436,0.1274825550187869,1.7847557702630166,16.378153515834676,0.48980139559849706,
33,23.221953837895867,33.17230273752013,23.866076221148685,0.9594739667203436,0.1274825550187869,1.7847557702630166,16.378153515834676,0.48980139559849706,
34,23.040794417606012,33.09849704777241,22.7187332259796,0.36231884057971014,0.1274825550187869,3.6366076221148687,16.525764895330113,0.48980139559849706,
35,21.806226516371442,32.420826623725176,22.69189479334407,0.36231884057971014,0.5166398282340311,5.844068706387547,15.868223295759528,0.48980139559849706,
36,21.43719806763285,32.25979602791197,23.242082662372518,0.36231884057971014,0.5166398282340311,5.844068706387547,15.848094471282877,0.48980139559849706,
37,21.76596886741814,31.57541599570585,23.1682769726248,0.36231884057971014,0.5166398282340311,6.3070316693505095,15.814546430488459,0.48980139559849706,
38,21.926999463231347,31.280193236714975,23.409822866344605,0.36231884057971014,0.5166398282340311,6.3070316693505095,15.707192699946322,0.48980139559849706,
39,21.72571121846484,30.152979066022546,24.738325281803544,0.36231884057971014,0.5166398282340311,6.528448738593666,15.485775630703166,0.48980139559849706,
40,21.30300590445518,28.918411164787976,19.94766505636071,0.9393451422436929,0.46967257112184646,6.380837359098229,21.591519055287172,0.4495437466451959,
41,21.316425120772948,28.85131508319914,20.075147611379496,0.9393451422436929,0.46967257112184646,6.380837359098229,21.517713365539453,0.4495437466451959,
42,21.38352120236178,28.85131508319914,20.075147611379496,0.9393451422436929,0.46967257112184646,6.353998926462695,21.477455716586153,0.4495437466451959,
43,21.410359634997317,28.488996242619432,20.075147611379496,1.9189479334406871,0.46967257112184646,6.327160493827161,20.860171765968868,0.4495437466451959,
44,21.557971014492754,28.247450348899623,20.061728395061728,2.428878153515835,0.46967257112184646,6.327160493827161,20.457595276435857,0.4495437466451959,
45,21.141975308641975,25.711218464841654,23.93317230273752,2.428878153515835,0.46967257112184646,5.83064949006978,20.034889962426195,0.4495437466451959,
46,21.34326355340848,25.34219001610306,23.792270531400966,2.4020397208803006,0.46967257112184646,5.83064949006978,20.37037037037037,0.4495437466451959,
47,21.35668276972625,24.738325281803544,25.959473966720342,2.3081052066559313,0.46967257112184646,5.810520665593129,18.907675791733762,0.4495437466451959,
48,21.410359634997317,24.738325281803544,25.93263553408481,2.3081052066559313,0.46967257112184646,5.810520665593129,18.88083735909823,0.4495437466451959,
49,21.55126140633387,24.59742351046699,25.93263553408481,1.8451422436929683,0.46967257112184646,5.810520665593129,19.343800322061192,0.4495437466451959,
50,21.38352120236178,23.362855609232422,24.671229200214707,1.8451422436929683,0.46967257112184646,5.810520665593129,22.007514761137948,0.4495437466451959,
51,21.329844337090712,23.349436392914654,24.241814278046164,2.2879763821792807,0.46967257112184646,5.810520665593129,21.91358024691358,0.5971551261406334,
52,21.631776704240472,23.349436392914654,23.939881910896403,2.2879763821792807,0.46967257112184646,5.810520665593129,21.91358024691358,0.5971551261406334,
53,21.68545356951154,23.349436392914654,23.939881910896403,2.2879763821792807,0.46967257112184646,5.756843800322061,21.91358024691358,0.5971551261406334,
54,21.43719806763285,23.221953837895867,23.778851315083198,2.2879763821792807,0.46967257112184646,5.703166935050993,22.50402576489533,0.5971551261406334,
55,21.215780998389693,22.5979602791197,25.02012882447665,2.2879763821792807,0.46967257112184646,5.642780461621041,22.168545356951153,0.5971551261406334,
56,21.72571121846484,22.38996242619431,24.993290391841118,2.2879763821792807,0.46967257112184646,5.642780461621041,21.89345142243693,0.5971551261406334,
57,22.128287707997853,22.38996242619431,24.684648416532475,2.2879763821792807,0.46967257112184646,5.642780461621041,21.79951690821256,0.5971551261406334,
58,20.840042941492218,23.14814814814815,26.40901771336554,1.6639828234031133,0.46967257112184646,5.642780461621041,21.22920021470746,0.5971551261406334,
59,20.92055823939882,23.14814814814815,26.382179280730007,1.6639828234031133,0.46967257112184646,5.615942028985507,21.202361782071925,0.5971551261406334,
60,21.00107353730542,23.09447128287708,26.36876006441224,1.6639828234031133,0.46967257112184646,5.615942028985507,21.18894256575416,0.5971551261406334,
61,20.497852925389157,19.900697799248523,31.253354804079443,1.5096618357487923,0.46967257112184646,5.615942028985507,20.155662909286097,0.5971551261406334,
62,20.8870101986044,19.80005367686527,31.233225979602793,1.5096618357487923,0.46967257112184646,5.615942028985507,19.887278582930758,0.5971551261406334,
63,20.625335480407944,19.57192699946323,34.514224369296834,1.5096618357487923,0.46967257112184646,6.052066559312936,16.659957058507782,0.5971551261406334,
64,20.075147611379496,19.269994632313473,36.2385936661299,1.9189479334406871,0.46967257112184646,6.052066559312936,15.378421900161031,0.5971551261406334,
65,19.80005367686527,19.04186795491143,35.67498658078368,1.9189479334406871,0.46967257112184646,5.273752012882448,17.223564143854,0.5971551261406334,
66,19.753086419753085,19.0150295222759,34.024422973698336,1.9189479334406871,0.41599570585077833,7.051798174986581,17.223564143854,0.5971551261406334,
67,19.732957595276435,18.867418142780462,36.06414385399893,1.9189479334406871,0.41599570585077833,7.011540526033279,15.391841116478798,0.5971551261406334,
68,19.786634460547504,18.813741277509394,36.06414385399893,1.9189479334406871,0.41599570585077833,7.011540526033279,15.391841116478798,0.5971551261406334,
69,20.04830917874396,18.760064412238325,36.05072463768116,1.9189479334406871,0.41599570585077833,6.837090713902308,15.371712292002147,0.5971551261406334,
70,20.571658615136876,18.552066559312937,36.47342995169082,1.9189479334406871,0.41599570585077833,6.380837359098229,15.08990874932904,0.5971551261406334,
71,19.98792270531401,18.38432635534085,37.31884057971015,1.9189479334406871,0.3421900161030596,6.380837359098229,14.9020397208803,0.7648953301127214,
72,20.135534084809446,18.38432635534085,37.063875469672574,1.9189479334406871,0.32877079978529256,6.863929146537842,14.53972088030059,0.7648953301127214,
73,20.511272141706925,18.12265163714439,36.761943102522814,1.9189479334406871,0.32877079978529256,6.6760601180891035,14.915458937198068,0.7648953301127214,
74,20.544820182501343,18.12265163714439,36.72839506172839,1.9189479334406871,0.32877079978529256,6.6760601180891035,14.915458937198068,0.7648953301127214,
75,20.101986044015028,18.095813204508858,37.25845410628019,1.8585614600107354,0.32877079978529256,6.6760601180891035,14.915458937198068,0.7648953301127214,
76,20.242887815351583,18.089103596349972,37.15780998389694,1.8585614600107354,0.32877079978529256,6.6760601180891035,14.88191089640365,0.7648953301127214,
77,20.101986044015028,17.176596886741816,37.58722490606549,1.8585614600107354,0.32877079978529256,6.6760601180891035,14.88191089640365,1.3888888888888888,
78,20.135534084809446,17.176596886741816,37.553676865271065,1.8585614600107354,0.32877079978529256,6.6760601180891035,14.88191089640365,1.3888888888888888,
79,20.135534084809446,17.136339237788512,37.09742351046699,2.7442297369833604,0.32877079978529256,6.3137412775093935,14.855072463768115,1.3888888888888888,
80,19.223027375201287,16.465378421900162,40.042941492216855,2.589908749329039,0.026838432635534086,6.3137412775093935,13.996242619431026,1.3419216317767042,
81,19.290123456790123,16.465378421900162,40.042941492216855,2.3886205045625335,0.026838432635534086,6.588835212023618,13.855340848094471,1.3419216317767042,
82,17.14975845410628,12.869028448738593,45.819914117015564,2.3886205045625335,0.026838432635534086,6.588835212023618,13.81508319914117,1.3419216317767042,
83,17.270531400966185,12.828770799785293,45.50456253354804,2.3886205045625335,0.026838432635534086,6.588835212023618,13.808373590982287,1.583467525496511,
84,17.223564143854,12.801932367149758,45.61862587224906,2.3886205045625335,0.026838432635534086,6.588835212023618,13.801663982823403,1.5499194847020934,
85,17.384594739667204,12.795222758990874,45.511272141706925,2.3886205045625335,0.026838432635534086,6.588835212023618,13.754696725711218,1.5499194847020934,
86,17.538915727321523,12.795222758990874,45.45759527643585,2.3886205045625335,0.026838432635534086,6.588835212023618,13.694310252281268,1.5096618357487923,
87,17.58588298443371,12.74825550187869,46.3768115942029,2.38191089640365,0.026838432635534086,6.588835212023618,12.654320987654321,1.6371443907675791,
88,16.941760601180892,11.54723564143854,45.03488996242619,2.38191089640365,0.026838432635534086,6.568706387546968,15.861513687600644,1.6371443907675791,
89,17.20343531937735,11.520397208803006,43.19645732689211,2.38191089640365,0.026838432635534086,8.279656468062266,15.754159957058508,1.6371443907675791,
90,16.847826086956523,12.00348899624262,43.06897477187332,2.38191089640365,0.026838432635534086,8.279656468062266,15.754159957058508,1.6371443907675791,
91,16.935050993022006,12.00348899624262,42.99516908212561,2.38191089640365,0.026838432635534086,8.279656468062266,15.74074074074074,1.6371443907675791,
92,17.236983360171767,12.00348899624262,42.70665593129361,2.38191089640365,0.026838432635534086,8.279656468062266,15.727321524422974,1.6371443907675791,
93,17.008856682769725,11.849168008588299,40.47906602254428,2.38191089640365,0.026838432635534086,10.889694041867955,15.727321524422974,1.6371443907675791,
94,17.136339237788512,11.77536231884058,40.31132581857219,2.38191089640365,0.026838432635534086,10.889694041867955,15.250939345142244,2.227589908749329,
95,17.2638217928073,11.77536231884058,40.063070316693505,2.5295222758990876,0.026838432635534086,10.869565217391305,15.24422973698336,2.227589908749329,
96,16.586151368760063,12.815351583467525,39.33843263553408,2.4825550187869028,0.026838432635534086,10.869565217391305,15.177133655394526,2.703972088030059,
97,16.720343531937736,12.647611379495437,41.40499194847021,2.4825550187869028,0.026838432635534086,10.165056360708535,13.855340848094471,2.6972624798711755,
98,16.76731078904992,12.647611379495437,41.37144390767579,2.4825550187869028,0.026838432635534086,10.165056360708535,13.855340848094471,2.6838432635534084,
99,16.74718196457327,12.634192163177671,41.116478797638216,2.4825550187869028,0.2549651100375738,10.165056360708535,14.358561460010735,2.2410091250670963,
100,16.814278046162105,12.634192163177671,41.096349973161566,2.4825550187869028,0.2549651100375738,10.11808910359635,14.358561460010735,2.2410091250670963,
101,16.780730005367687,12.218196457326892,40.774288781535155,2.4825550187869028,0.2549651100375738,10.104669887278583,15.143585614600108,2.2410091250670963,
102,17.09608158883521,12.218196457326892,39.392109500805155,2.3349436392914655,0.026838432635534086,11.553945249597424,15.143585614600108,2.2342995169082127,
103,17.28395061728395,12.198067632850242,39.29817498658078,2.3349436392914655,0.026838432635534086,11.52710681696189,15.096618357487923,2.2342995169082127,
104,17.062533548040793,12.171229200214707,38.727858293075684,2.328234031132582,0.026838432635534086,11.486849168008588,15.962157809983896,2.2342995169082127,
105,17.122920021470748,12.144390767579173,38.69431025228127,2.328234031132582,0.026838432635534086,11.486849168008588,15.962157809983896,2.2342995169082127,
106,17.002147074610843,12.057165861513688,39.14385399892646,2.086688137412775,0.026838432635534086,11.741814278046162,15.707192699946322,2.2342995169082127,
107,17.47181964573269,12.04374664519592,38.83521202361782,2.033011272141707,0.026838432635534086,11.741814278046162,15.613258185721953,2.2342995169082127,
108,17.498658078368223,12.04374664519592,38.808373590982285,2.033011272141707,0.026838432635534086,11.741814278046162,15.613258185721953,2.2342995169082127,
109,17.49194847020934,12.04374664519592,38.768115942028984,2.475845410628019,0.026838432635534086,11.741814278046162,15.217391304347826,2.2342995169082127,
110,17.726784755770264,12.04374664519592,38.768115942028984,2.475845410628019,0.026838432635534086,11.721685453569512,15.03623188405797,2.200751476113795,
111,17.424852388620504,11.990069779924852,39.398819108964034,2.475845410628019,0.026838432635534086,11.627750939345143,14.855072463768115,2.200751476113795,
112,17.58588298443371,11.990069779924852,39.35856146001073,2.475845410628019,0.026838432635534086,11.520397208803006,14.855072463768115,2.187332259796028,
113,16.700214707461082,11.990069779924852,40.3918411164788,2.3349436392914655,0.026838432635534086,11.520397208803006,14.848362855609233,2.187332259796028,
114,16.15673644659152,10.795759527643586,45.06843800322061,2.3349436392914655,0.026838432635534086,9.534353193773484,13.895598497047773,2.187332259796028,
115,16.15673644659152,10.795759527643586,45.06843800322061,2.3349436392914655,0.026838432635534086,9.534353193773484,13.895598497047773,2.187332259796028,
116,16.23054213633924,10.795759527643586,44.98792270531401,2.3215244229736984,0.026838432635534086,9.534353193773484,13.922436929683306,2.1806226516371443,
117,16.210413311862588,10.57434245840043,43.162909286097694,2.314814814814815,0.026838432635534086,11.83574879227053,13.694310252281268,2.1806226516371443,
118,15.385131508319914,8.99087493290392,44.880568974771876,1.8988191089640365,0.013419216317767043,11.701556629092861,15.042941492216855,2.086688137412775,
119,15.499194847020934,8.99087493290392,44.85373054213634,1.8988191089640365,0.013419216317767043,11.614331723027375,15.042941492216855,2.086688137412775,
120,15.660225442834138,8.903650026838433,44.77992485238862,1.8988191089640365,0.013419216317767043,11.614331723027375,15.042941492216855,2.086688137412775,
121,15.237520128824476,8.252818035426731,44.77992485238862,2.690552871712292,0.013419216317767043,11.714975845410628,14.928878153515834,2.38191089640365,
122,15.458937198067632,8.125335480407944,44.72624798711755,2.677133655394525,0.013419216317767043,11.694847020933977,14.922168545356952,2.38191089640365,
123,15.4723564143854,7.997852925389157,44.71953837895867,2.677133655394525,0.013419216317767043,10.628019323671497,16.109769189479334,2.38191089640365,
124,15.566290928609769,7.991143317230274,44.68599033816425,2.677133655394525,0.013419216317767043,10.57434245840043,16.109769189479334,2.38191089640365,
125,14.834943639291465,7.809983896940419,45.60520665593129,2.677133655394525,0.013419216317767043,10.567632850241546,16.109769189479334,2.38191089640365,
126,14.707461084272678,7.326892109500805,44.59205582393988,2.677133655394525,0.013419216317767043,11.486849168008588,16.867954911433173,2.328234031132582,
127,15.13016639828234,7.313472893183038,44.44444444444444,2.6704240472356413,0.013419216317767043,11.721685453569512,16.378153515834676,2.328234031132582,
128,15.405260332796564,7.306763285024155,44.236446591519055,2.6704240472356413,0.013419216317767043,11.66129898013956,16.378153515834676,2.328234031132582,
129,15.458937198067632,7.286634460547504,44.236446591519055,2.6704240472356413,0.013419216317767043,11.66129898013956,16.344605475040257,2.328234031132582,
130,15.505904455179817,7.286634460547504,43.887546967257116,3.079710144927536,0.013419216317767043,11.66129898013956,16.23725174449812,2.328234031132582,
131,15.83467525496511,7.286634460547504,43.833870101986044,3.079710144927536,0.013419216317767043,11.386205045625335,16.23725174449812,2.328234031132582,
132,15.888352120236178,7.286634460547504,43.81374127750939,3.079710144927536,0.013419216317767043,11.372785829307569,16.21712292002147,2.328234031132582,
133,16.049382716049383,7.286634460547504,43.68625872249061,3.079710144927536,0.013419216317767043,11.372785829307569,16.203703703703702,2.3081052066559313,
134,15.217391304347826,7.139023081052066,46.66532474503489,2.7509393451422435,0.013419216317767043,11.117820719269995,14.78797638217928,2.3081052066559313,
135,15.619967793880837,7.139023081052066,46.26945786366076,2.7509393451422435,0.013419216317767043,11.117820719269995,14.781266774020397,2.3081052066559313,
136,15.646806226516372,7.139023081052066,46.242619431025226,2.7509393451422435,0.013419216317767043,11.117820719269995,14.781266774020397,2.3081052066559313,
137,15.566290928609769,7.139023081052066,45.900429414922165,2.7509393451422435,0.013419216317767043,11.057434245840042,15.26435856146001,2.3081052066559313,
138,15.653515834675256,7.112184648416532,45.86688137412775,2.7241009125067097,0.013419216317767043,11.057434245840042,15.26435856146001,2.3081052066559313,
139,15.49248523886205,7.078636607622115,45.33682232957595,2.7241009125067097,0.013419216317767043,11.057434245840042,15.519323671497585,2.7777777777777777,
140,15.22410091250671,14.009661835748792,42.33762748255502,2.7241009125067097,0.013419216317767043,9.064680622651638,14.264626945786366,2.3617820719269993,
141,15.304616210413311,14.009661835748792,42.31749865807837,2.7241009125067097,0.013419216317767043,9.01100375738057,14.257917337627482,2.3617820719269993,
142,15.398550724637682,13.969404186795492,42.31749865807837,2.7241009125067097,0.013419216317767043,9.01100375738057,14.204240472356414,2.3617820719269993,
143,15.425389157273216,13.969404186795492,42.3040794417606,2.7106816961889426,0.013419216317767043,9.01100375738057,14.204240472356414,2.3617820719269993,
144,15.438808373590982,13.969404186795492,42.290660225442835,2.7106816961889426,0.013419216317767043,9.01100375738057,14.204240472356414,2.3617820719269993,
145,15.465646806226516,13.969404186795492,42.28395061728395,2.690552871712292,0.013419216317767043,9.01100375738057,14.204240472356414,2.3617820719269993,
146,15.519323671497585,13.969404186795492,42.230273752012884,2.690552871712292,0.013419216317767043,9.01100375738057,14.204240472356414,2.3617820719269993,
147,15.579710144927537,13.942565754159958,41.29092860976919,2.8918411164787976,0.013419216317767043,9.896672034353195,14.023081052066559,2.3617820719269993,
148,15.619967793880837,13.942565754159958,41.25067096081589,2.8918411164787976,0.013419216317767043,9.896672034353195,14.023081052066559,2.3617820719269993,
149,15.22410091250671,13.895598497047773,41.55931293612453,2.8918411164787976,0.013419216317767043,8.729200214707461,15.324745034889963,2.3617820719269993,
150,15.33816425120773,13.855340848094471,41.55931293612453,2.8918411164787976,0.013419216317767043,8.722490606548577,15.257648953301127,2.3617820719269993,
151,12.278582930756844,23.060923242082662,37.74825550187869,1.9457863660762211,0.013419216317767043,8.085077831454644,14.9020397208803,1.9659151905528718,
152,12.332259796027913,23.22866344605475,37.61406333870102,1.9457863660762211,0.013419216317767043,8.635265700483092,14.264626945786366,1.9659151905528718,
153,12.432903918411165,23.201825013419217,37.5402576489533,1.9457863660762211,0.013419216317767043,8.635265700483092,14.264626945786366,1.9659151905528718,
154,12.432903918411165,23.201825013419217,37.5402576489533,1.9457863660762211,0.013419216317767043,8.635265700483092,14.264626945786366,1.9659151905528718,
155,12.466451959205582,23.201825013419217,37.5402576489533,1.9457863660762211,0.013419216317767043,8.635265700483092,14.231078904991948,1.9659151905528718,
156,12.627482555018787,23.201825013419217,37.52012882447665,1.9457863660762211,0.013419216317767043,8.59500805152979,14.130434782608695,1.9659151905528718,
157,12.593934514224369,23.17498658078368,35.33279656468062,1.9457863660762211,0.013419216317767043,10.782340311325818,14.016371443907676,2.1403650026838434,
158,11.225174449812132,22.356414385399894,36.47342995169082,1.9457863660762211,0.013419216317767043,10.02415458937198,15.821256038647343,2.1403650026838434,
159,11.372785829307569,22.309447128287708,36.45330112721417,1.9256575415995705,0.013419216317767043,10.017444981213098,15.767579173376275,2.1403650026838434,
160,11.399624261943103,22.309447128287708,36.42646269457864,1.9256575415995705,0.013419216317767043,10.017444981213098,15.767579173376275,2.1403650026838434,
161,11.560654857756306,22.289318303811058,36.10440150295223,1.9256575415995705,0.013419216317767043,10.21202361782072,15.754159957058508,2.1403650026838434,
162,11.694847020933977,22.208803005904453,36.10440150295223,1.9256575415995705,0.013419216317767043,10.21202361782072,15.70048309178744,2.1403650026838434,
163,11.77536231884058,22.208803005904453,36.030595813204506,1.9256575415995705,0.013419216317767043,10.205314009661835,15.70048309178744,2.1403650026838434,
164,11.956521739130435,22.061191626409016,36.030595813204506,1.9256575415995705,0.013419216317767043,10.171765968867419,15.70048309178744,2.1403650026838434,
165,11.943102522812667,22.04777241009125,35.38647342995169,1.9256575415995705,0.013419216317767043,10.091250670960816,16.31105743424584,2.281266774020397,
166,11.963231347289318,22.0276435856146,35.299248523886206,2.1806226516371443,0.013419216317767043,10.064412238325282,16.31105743424584,2.1403650026838434,
167,12.057165861513688,22.014224369296834,35.19189479334407,2.147074610842727,0.013419216317767043,9.695383789586689,16.740472356414386,2.1403650026838434,
168,12.13768115942029,22.000805152979066,35.03086419753087,2.1403650026838434,0.013419216317767043,10.02415458937198,16.512345679012345,2.1403650026838434,
169,9.158615136876007,35.017444981213096,27.334943639291467,1.9390767579173376,0.013419216317767043,9.749060654857756,15.324745034889963,1.4626945786366077,
170,9.265968867418144,34.42028985507246,27.2812667740204,1.9390767579173376,0.013419216317767043,9.73564143853999,15.324745034889963,2.01959205582394,
171,9.25925925925926,27.979066022544284,26.50295222758991,1.9390767579173376,0.013419216317767043,17.713365539452496,14.935587761674718,1.6572732152442298,
172,9.29951690821256,27.95222758990875,26.48953301127214,1.9390767579173376,0.013419216317767043,17.713365539452496,14.935587761674718,1.6572732152442298,
173,9.46725711218465,27.81803542673108,26.476113794954376,1.9390767579173376,0.013419216317767043,17.713365539452496,14.915458937198068,1.6572732152442298,
174,9.675254965110037,27.80461621041331,26.37546967257112,1.9390767579173376,0.013419216317767043,17.68652710681696,14.848362855609233,1.6572732152442298,
175,9.675254965110037,27.80461621041331,26.37546967257112,1.9390767579173376,0.013419216317767043,17.68652710681696,14.848362855609233,1.6572732152442298,
176,9.728931830381105,27.78448738593666,26.341921631776703,1.9390767579173376,0.013419216317767043,17.68652710681696,14.848362855609233,1.6572732152442298,
177,9.695383789586689,27.549651100375737,26.29495437466452,1.9390767579173376,0.013419216317767043,16.586151368760063,16.264090177133657,1.6572732152442298,
178,9.876543209876543,27.20746108427268,26.073537305421365,1.9189479334406871,0.4227053140096618,16.700214707461082,16.264090177133657,1.5365002683843263,
179,10.091250670960816,27.126945786366075,25.95276435856146,1.9189479334406871,0.4227053140096618,16.686795491143318,16.264090177133657,1.5365002683843263,
180,9.353193773483628,22.21551261406334,25.785024154589372,1.9189479334406871,0.4227053140096618,16.5727321524423,22.19538378958669,1.5365002683843263,
181,9.460547504025765,22.208803005904453,25.785024154589372,1.9189479334406871,0.4227053140096618,16.532474503488995,22.134997316156735,1.5365002683843263,
182,9.668545356951155,21.672034353193773,25.771604938271604,1.9189479334406871,0.4227053140096618,16.532474503488995,22.477187332259795,1.5365002683843263,
183,9.789318303811058,21.578099838969404,25.758185721953836,1.9189479334406871,0.4227053140096618,16.532474503488995,22.463768115942027,1.5365002683843263,
184,10.017444981213098,21.511003757380568,25.677670424047236,1.90552871712292,0.4227053140096618,16.49892646269458,22.430220075147613,1.5365002683843263,
185,10.064412238325282,21.28287707997853,24.188137412775095,1.90552871712292,0.35560923242082665,17.887815351583466,22.262479871175522,2.0531400966183573,
186,10.138217928073,20.833333333333332,24.14787976382179,1.8719806763285025,0.35560923242082665,17.887815351583466,22.262479871175522,2.5026838432635534,
187,10.19189479334407,20.833333333333332,24.14117015566291,1.865271068169619,0.35560923242082665,17.867686527106816,22.24235104669887,2.5026838432635534,
188,10.399892646269459,20.799785292538918,24.00697799248524,1.865271068169619,0.35560923242082665,17.840848094471284,22.228931830381107,2.5026838432635534,
189,10.601180891035963,20.74610842726785,23.960010735373054,1.865271068169619,0.35560923242082665,17.800590445517983,22.168545356951153,2.5026838432635534,
190,10.520665593129362,20.73268921095008,23.960010735373054,1.865271068169619,0.35560923242082665,18.760064412238325,21.30300590445518,2.5026838432635534,
191,10.762211486849168,20.645464304884594,23.872785829307567,1.865271068169619,0.35560923242082665,18.746645195920557,21.256038647342994,2.49597423510467,
192,10.983628556092324,20.632045088566827,23.859366612989803,1.865271068169619,0.35560923242082665,18.552066559312937,21.256038647342994,2.49597423510467,
193,11.137949543746645,20.50456253354804,23.859366612989803,1.8451422436929683,0.35560923242082665,18.54535695115405,21.256038647342994,2.49597423510467,
194,11.151368760064413,20.50456253354804,23.852657004830917,1.8451422436929683,0.35560923242082665,18.53864734299517,21.256038647342994,2.49597423510467,
195,11.218464841653248,20.50456253354804,23.805689747718734,1.8451422436929683,0.35560923242082665,18.531937734836287,21.24261943102523,2.49597423510467,
196,11.265432098765432,20.471014492753625,23.805689747718734,1.8451422436929683,0.35560923242082665,18.531937734836287,21.22920021470746,2.49597423510467,
197,11.419753086419753,20.417337627482556,23.74530327428878,1.8451422436929683,0.35560923242082665,18.51851851851852,21.22920021470746,2.4691358024691357,
198,11.654589371980677,20.39049919484702,23.68491680085883,1.8317230273752012,0.35560923242082665,18.411164787976382,21.202361782071925,2.4691358024691357,
199,11.761943102522812,20.39049919484702,23.58427267847558,1.8317230273752012,0.35560923242082665,18.00187869028449,21.604938271604937,2.4691358024691357,
200,12.204777241009126,20.37037037037037,23.58427267847558,1.8317230273752012,0.35560923242082665,17.58588298443371,21.604938271604937,2.462426194310252,
201,12.27187332259796,20.37037037037037,23.544015029522274,1.8317230273752012,0.35560923242082665,17.58588298443371,21.578099838969404,2.462426194310252,
202,11.258722490606548,19.048577563070317,25.328770799785293,2.771068169618894,0.35560923242082665,17.062533548040793,21.906870638754697,2.26784755770263,
203,11.54723564143854,19.02173913043478,25.288513150831992,2.046430488459474,0.35560923242082665,17.62614063338701,21.846484165324746,2.26784755770263,
204,11.822329575952764,19.02173913043478,25.087224906065487,2.046430488459474,0.35560923242082665,17.58588298443371,21.812936124530328,2.26784755770263,
205,12.245034889962426,18.840579710144926,25.07380568974772,2.046430488459474,0.35560923242082665,17.58588298443371,21.584809447128286,2.26784755770263,
206,12.245034889962426,18.840579710144926,25.07380568974772,2.046430488459474,0.35560923242082665,17.58588298443371,21.584809447128286,2.26784755770263,
207,12.318840579710145,18.82716049382716,25.07380568974772,2.2879763821792807,0.35560923242082665,17.49194847020934,21.3768115942029,2.26784755770263,
208,12.379227053140097,18.780193236714975,25.067096081588836,2.2879763821792807,0.35560923242082665,17.49194847020934,21.370101986044016,2.26784755770263,
209,12.379227053140097,18.780193236714975,25.067096081588836,2.2879763821792807,0.35560923242082665,17.49194847020934,21.370101986044016,2.26784755770263,
210,12.473161567364466,18.753354804079443,25.033548040794418,2.2879763821792807,0.35560923242082665,17.465110037573805,21.36339237788513,2.26784755770263,
211,12.5,18.511808910359633,24.818840579710145,2.2745571658615136,0.35560923242082665,17.465110037573805,21.35668276972625,2.717391304347826,
212,12.52012882447665,18.471551261406333,24.537037037037038,2.8515834675254963,0.3488996242619431,16.847826086956523,21.336553945249598,3.0864197530864197,
213,12.593934514224369,18.4447128287708,24.510198604401502,2.8515834675254963,0.3488996242619431,17.082662372517444,21.081588835212024,3.0864197530864197,
214,12.667740203972087,18.417874396135264,24.46323134728932,2.8515834675254963,0.3488996242619431,17.082662372517444,21.081588835212024,3.0864197530864197,
215,12.70799785292539,18.397745571658614,24.416264090177133,3.227321524422974,0.3488996242619431,17.082662372517444,20.75281803542673,3.066290928609769,
216,12.895866881374127,18.397745571658614,24.349168008588297,3.2206119162640903,0.3488996242619431,17.042404723564143,20.679012345679013,3.066290928609769,
217,13.023349436392914,18.370907139023082,24.27536231884058,3.2004830917874396,0.3488996242619431,17.03569511540526,20.679012345679013,3.066290928609769,
218,13.20450885668277,18.370907139023082,24.27536231884058,3.2004830917874396,0.3488996242619431,17.03569511540526,20.538110574342458,3.026033279656468,
219,13.278314546430488,18.33064949006978,24.27536231884058,3.2004830917874396,0.3488996242619431,17.03569511540526,20.50456253354804,3.026033279656468,
220,13.345410628019323,18.303811057434245,24.27536231884058,3.2004830917874396,0.3488996242619431,16.99543746645196,20.50456253354804,3.026033279656468,
221,13.56682769726248,18.243424584004295,24.27536231884058,3.2004830917874396,0.3488996242619431,16.99543746645196,20.343531937734838,3.026033279656468,
222,13.6406333870102,18.189747718733226,24.255233494363928,3.2004830917874396,0.3488996242619431,16.99543746645196,20.343531937734838,3.026033279656468,
223,13.714439076757918,17.68652710681696,24.16129898013956,3.2004830917874396,0.3488996242619431,16.99543746645196,20.343531937734838,3.549382716049383,
224,14.143853998926463,17.632850241545892,24.08749329039184,3.2004830917874396,0.3488996242619431,16.75389157273215,20.283145464304884,3.549382716049383,
225,14.398819108964037,17.59259259259259,24.040526033279658,3.180354267310789,0.3488996242619431,16.606280193236714,20.283145464304884,3.549382716049383,
226,14.42565754159957,17.59259259259259,24.013687600644122,3.180354267310789,0.3488996242619431,16.606280193236714,20.283145464304884,3.549382716049383,
227,14.700751476113794,17.324208266237253,24.00697799248524,3.180354267310789,0.3488996242619431,16.606280193236714,20.283145464304884,3.549382716049383,
228,15.049651100375739,17.324208266237253,23.859366612989803,3.180354267310789,0.3488996242619431,16.606280193236714,20.081857219538378,3.549382716049383,
229,15.116747181964573,17.324208266237253,23.792270531400966,3.180354267310789,0.3488996242619431,16.606280193236714,20.081857219538378,3.549382716049383,
230,15.250939345142244,17.324208266237253,23.72517444981213,3.180354267310789,0.3488996242619431,16.53918411164788,20.081857219538378,3.549382716049383,
231,15.08990874932904,16.304347826086957,23.101180891035963,4.824208266237251,0.7783145464304885,16.606280193236714,20.075147611379496,3.2206119162640903,
232,15.24422973698336,16.304347826086957,23.07434245840043,4.824208266237251,0.7783145464304885,16.525764895330113,20.02818035426731,3.2206119162640903,
233,15.217391304347826,16.27079978529254,23.05421363392378,4.770531400966184,0.7783145464304885,16.894793344068706,19.79334406870639,3.2206119162640903,
234,15.217391304347826,16.27079978529254,23.05421363392378,4.770531400966184,0.7783145464304885,16.894793344068706,19.79334406870639,3.2206119162640903,
235,15.009393451422437,16.27079978529254,22.450348899624263,4.904723564143854,0.7581857219538379,16.881374127750938,20.12211486849168,3.603059581320451,
236,14.110305958132045,14.942297369833602,21.72571121846484,2.8113258185721954,1.2278582930756843,17.317498658078367,24.684648416532475,3.180354267310789,
237,14.150563607085346,14.942297369833602,21.72571121846484,2.791196994095545,1.2278582930756843,17.297369833601717,24.684648416532475,3.180354267310789,
238,14.190821256038648,14.942297369833602,21.72571121846484,2.791196994095545,1.2278582930756843,17.290660225442835,24.65780998389694,3.1736446591519054,
239,14.31159420289855,14.942297369833602,21.598228663446054,2.791196994095545,1.2278582930756843,17.518786902844873,24.456521739130434,3.1535158346752548,
240,14.371980676328503,14.942297369833602,21.598228663446054,2.791196994095545,1.4761137949543746,17.404723564143854,24.302200751476114,3.113258185721954,
241,14.533011272141707,14.915458937198068,21.557971014492754,2.791196994095545,1.4761137949543746,17.404723564143854,24.208266237251745,3.113258185721954,
242,14.65378421900161,14.915458937198068,21.537842190016104,2.771068169618894,1.4626945786366077,17.337627482555018,24.208266237251745,3.113258185721954,
243,14.640365002683843,14.915458937198068,21.517713365539453,2.771068169618894,1.4626945786366077,17.337627482555018,23.89291465378422,3.113258185721954,0.3488996242619431
244,14.660493827160494,14.915458937198068,21.517713365539453,2.771068169618894,1.4626945786366077,17.330917874396135,23.89291465378422,3.099838969404187,0.3488996242619431
245,14.667203435319378,14.821524422973699,21.182232957595275,2.7442297369833604,1.4626945786366077,17.330917874396135,24.342458400429415,3.099838969404187,0.3488996242619431
246,14.727589908749328,14.801395598497047,21.155394524959743,2.7442297369833604,1.4626945786366077,17.330917874396135,24.329039184111647,3.099838969404187,0.3488996242619431
247,14.895330112721417,14.781266774020397,21.135265700483092,2.7442297369833604,1.4626945786366077,17.297369833601717,24.235104669887278,3.099838969404187,0.3488996242619431
248,14.935587761674718,14.781266774020397,21.108427267847556,2.7442297369833604,1.4626945786366077,17.28395061728395,24.235104669887278,3.099838969404187,0.3488996242619431
249,14.969135802469136,14.74771873322598,20.625335480407944,3.240740740740741,1.4626945786366077,17.270531400966185,24.235104669887278,3.099838969404187,0.3488996242619431
250,15.029522275899087,14.74771873322598,20.625335480407944,3.240740740740741,1.4626945786366077,17.21014492753623,24.235104669887278,3.099838969404187,0.3488996242619431
251,15.250939345142244,14.74771873322598,20.477724100912507,3.240740740740741,1.4626945786366077,17.21014492753623,24.16129898013956,3.099838969404187,0.3488996242619431
252,15.438808373590982,14.660493827160494,20.477724100912507,3.240740740740741,1.4626945786366077,17.10950080515298,24.16129898013956,3.099838969404187,0.3488996242619431
253,15.546162104133119,14.647074610842727,20.437466451959207,3.240740740740741,1.4626945786366077,17.10950080515298,24.10762211486849,3.099838969404187,0.3488996242619431
254,15.83467525496511,14.647074610842727,20.437466451959207,3.240740740740741,1.42914653784219,16.881374127750938,24.08078368223296,3.099838969404187,0.3488996242619431
255,15.83467525496511,14.647074610842727,20.437466451959207,3.240740740740741,1.42914653784219,16.881374127750938,24.08078368223296,3.099838969404187,0.3488996242619431
256,16.129898013955984,14.647074610842727,20.437466451959207,3.126677402039721,1.42914653784219,16.874664519592056,23.906333870101985,3.099838969404187,0.3488996242619431
257,16.21712292002147,14.61352657004831,20.42404723564144,3.126677402039721,1.42914653784219,16.874664519592056,23.866076221148685,3.099838969404187,0.3488996242619431
258,16.27079978529254,14.512882447665056,20.35024154589372,3.0864197530864197,1.8384326355340848,16.740472356414386,23.59098228663446,3.260869565217391,0.3488996242619431
259,16.404991948470208,14.512882447665056,20.316693505099302,3.629898013955985,1.7646269457863661,16.203703703703702,23.557434245840042,3.260869565217391,0.3488996242619431
260,16.505636070853463,14.479334406870638,20.30998389694042,3.629898013955985,1.7444981213097155,16.27750939345142,23.557434245840042,3.1468062265163717,0.3488996242619431
261,16.75389157273215,14.479334406870638,20.249597423510465,3.629898013955985,1.7310789049919484,16.264090177133657,23.416532474503487,3.126677402039721,0.3488996242619431
262,16.794149221685455,14.479334406870638,20.21604938271605,3.629898013955985,1.7310789049919484,16.264090177133657,23.409822866344605,3.126677402039721,0.3488996242619431
263,16.955179817498657,14.345142243692969,20.189210950080515,3.629898013955985,1.7310789049919484,16.264090177133657,23.409822866344605,3.126677402039721,0.3488996242619431
