,45,50,51,53,54,55,52,57,56
0,96.06816961889426,3.9318303811057436,,,,,,,
1,92.49865807836822,7.501341921631776,,,,,,,
2,91.67337627482556,8.32662372517445,,,,,,,
3,91.63311862587224,8.36688137412775,,,,,,,
4,91.57944176060118,8.420558239398819,,,,,,,
5,87.82877079978529,11.513687600644122,0.5636070853462157,0.0939345142243693,,,,,
6,87.84219001610306,11.500268384326356,0.5636070853462157,0.0939345142243693,,,,,
7,84.86312399355877,14.479334406870638,0.5636070853462157,0.0939345142243693,,,,,
8,65.77428878153516,32.57514761137949,0.5636070853462157,0.0939345142243693,0.9930220075147611,,,,
9,66.09634997316157,32.25308641975309,0.5636070853462157,0.0939345142243693,0.9930220075147611,,,,
10,63.197799248523886,35.18518518518518,0.5300590445517982,0.0939345142243693,0.9930220075147611,,,,
11,60.809178743961354,37.34567901234568,0.5300590445517982,0.322061191626409,0.9930220075147611,,,,
12,60.94337090713902,37.21148684916801,0.5300590445517982,0.322061191626409,0.9930220075147611,,,,
13,60.68840579710145,37.486580783682236,0.5300590445517982,0.322061191626409,0.9728931830381106,,,,
14,61.00375738056898,37.11084272678475,0.5300590445517982,0.322061191626409,0.9460547504025765,0.08722490606548577,,,
15,56.87734836285561,41.196994095544824,0.5300590445517982,0.322061191626409,0.9460547504025765,0.1274825550187869,,,
16,57.2463768115942,40.754159957058505,0.5300590445517982,0.4294149221685454,0.9125067096081588,0.1274825550187869,,,
17,57.49463231347289,40.53274288781535,0.5166398282340311,0.41599570585077833,0.9125067096081588,0.1274825550187869,,,
18,55.61594202898551,32.79656468062265,0.5166398282340311,0.39586688137412773,,0.1274825550187869,10.547504025764896,,
19,55.662909286097694,32.48121309715513,0.5166398282340311,0.4830917874396135,1.3955984970477724,0.36902844873859364,9.091519055287172,,
20,56.05877616747182,31.964573268921097,0.4830917874396135,0.4830917874396135,1.3955984970477724,0.46296296296296297,9.151905528717123,,
21,51.33521202361782,33.45410628019324,0.4830917874396135,4.086151368760064,1.3955984970477724,0.14090177133655393,9.104938271604938,,
22,51.70424047235642,33.25952764358561,0.4830917874396135,4.032474503488996,1.3955984970477724,0.14090177133655393,8.923778851315083,0.06038647342995169,
23,52.160493827160494,32.950885668276975,0.4830917874396135,3.992216854535695,1.3821792807300053,0.14090177133655393,8.829844337090714,0.06038647342995169,
24,50.925925925925924,33.1857219538379,1.5633387010198605,3.9519592055823938,1.3821792807300053,0.14090177133655393,8.789586688137414,0.06038647342995169,
25,51.247987117552334,32.890499194847024,1.556629092860977,3.878153515834675,1.3419216317767042,0.2549651100375738,8.796296296296296,0.03354804079441761,
26,49.82555018786903,34.54777241009125,1.556629092860977,3.307836822329576,1.3419216317767042,0.7313472893183038,8.655394524959743,0.03354804079441761,
27,48.23537305421363,36.12453032742888,1.556629092860977,3.294417606011809,1.3419216317767042,0.7716049382716049,8.641975308641975,0.03354804079441761,
28,48.268921095008054,33.28636607622115,1.556629092860977,4.703435319377348,1.3419216317767042,0.7716049382716049,10.037573805689748,0.03354804079441761,
29,48.8191089640365,32.94417606011809,1.5230810520665594,4.636339237788513,1.3419216317767042,0.7716049382716049,9.930220075147611,0.03354804079441761,
30,48.28234031132582,33.58829844337091,1.5230810520665594,5.870907139023081,0.966183574879227,0.7716049382716049,8.964036500268385,0.03354804079441761,
31,48.24208266237252,33.76945786366076,1.4895330112721417,5.783682232957595,0.9594739667203436,0.7716049382716049,8.950617283950617,0.03354804079441761,
32,48.812399355877616,33.42055823939882,1.4895330112721417,5.6964573268921095,0.9594739667203436,0.7716049382716049,8.816425120772946,0.03354804079441761,
33,47.55099302200752,34.46725711218465,1.9189479334406871,5.629361245303274,0.9594739667203436,0.7716049382716049,8.668813741277509,0.03354804079441761,
34,47.95356951154053,34.225711218464845,1.9122383252818036,5.535426731078905,0.9594739667203436,0.7716049382716049,8.608427267847558,0.03354804079441761,
35,47.64492753623188,33.662104133118625,2.703972088030059,5.495169082125604,0.6374127750939346,0.7716049382716049,9.05126140633387,0.03354804079441761,
36,37.05716586151369,44.860440150295226,2.2208803005904456,5.320719269994632,0.7313472893183038,0.7716049382716049,9.004294149221685,0.03354804079441761,
37,37.39935587761675,44.39747718733226,2.2074610842726785,5.320719269994632,0.7313472893183038,0.9393451422436929,8.970746108427267,0.03354804079441761,
38,37.9092860976919,43.55877616747182,2.2074610842726785,5.360976918947934,0.7246376811594203,1.3083735909822867,8.896940418679549,0.03354804079441761,
39,38.0703166935051,32.729468599033815,13.747987117552334,5.287171229200215,0.7246376811594203,0.7447665056360708,8.662104133118627,0.03354804079441761,
40,37.80864197530864,32.058507783145465,14.814814814814815,5.273752012882448,0.7246376811594203,0.7246376811594203,8.561460010735374,0.03354804079441761,
41,38.097155126140635,31.78341384863124,14.734299516908212,5.260332796564681,0.7246376811594203,0.8588298443370908,8.507783145464305,0.03354804079441761,
42,38.57353730542136,31.5955448201825,14.533011272141707,5.253623188405797,0.7246376811594203,0.8588298443370908,8.427267847557703,0.03354804079441761,
43,38.888888888888886,31.132581857219538,12.76838432635534,5.253623188405797,0.7045088566827697,2.6301663982823404,8.588298443370908,0.03354804079441761,
44,37.64761137949544,31.34728931830381,13.056897477187333,6.796833064949007,0.630703166935051,1.6706924315619969,8.769457863660762,0.08051529790660225,
45,35.54079441760601,31.36070853462158,19.310252281266774,6.649221685453569,0.5300590445517982,1.6706924315619969,4.85775630703167,0.08051529790660225,
46,35.889694041867955,31.19296833064949,19.243156199677937,6.608964036500268,0.5233494363929146,1.6572732152442298,4.804079441760601,0.08051529790660225,
47,35.581052066559316,30.46833064949007,20.356951154052602,6.582125603864735,0.49651100375738055,1.6572732152442298,4.777241009125067,0.08051529790660225,
48,35.950080515297905,30.193236714975846,20.088566827697264,5.35426731078905,0.39586688137412773,1.6170155662909287,6.246645195920558,0.08051529790660225,0.07380568974771873
49,36.252012882447666,30.099302200751477,19.685990338164252,4.247181964573269,0.39586688137412773,2.9388083735909825,6.226516371443908,0.08051529790660225,0.07380568974771873
50,36.533816425120776,29.97181964573269,19.612184648416534,4.247181964573269,0.39586688137412773,2.871712292002147,6.213097155126141,0.08051529790660225,0.07380568974771873
51,35.08454106280193,31.219806763285025,19.404186795491142,4.005636070853462,0.39586688137412773,2.898550724637681,6.837090713902308,0.08051529790660225,0.07380568974771873
52,35.35292538915727,31.07890499194847,19.290123456790123,3.9519592055823938,0.39586688137412773,1.570048309178744,8.205850778314547,0.08051529790660225,0.07380568974771873
53,35.265700483091784,31.44122383252818,19.176060118089104,3.911701556629093,0.39586688137412773,1.570048309178744,8.11862587224906,0.08051529790660225,0.040257648953301126
54,33.57487922705314,29.320987654320987,29.59608158883521,2.6972624798711755,,1.288244766505636,3.435319377348363,0.04696725711218465,0.040257648953301126
55,33.49436392914654,28.207192699946322,30.649490069779926,3.0059044551798175,,1.247987117552335,3.0864197530864197,0.1610305958132045,0.14761137949543746
56,33.72920021470746,27.999194847020934,29.757112184648417,3.1199677938808374,,1.3083735909822867,3.0864197530864197,0.1610305958132045,0.8387010198604401
57,34.11835748792271,27.81803542673108,29.59608158883521,3.099838969404187,,1.288244766505636,3.079710144927536,0.1610305958132045,0.8387010198604401
58,34.15861513687601,27.100107353730543,30.367686527106816,3.0595813204508855,,1.261406333870102,3.052871712292002,0.1610305958132045,0.8387010198604401
59,34.574610842726784,26.918947933440688,30.139559849704778,3.0595813204508855,,1.2546967257112185,3.052871712292002,0.1610305958132045,0.8387010198604401
60,34.93022007514761,26.7512077294686,29.958400429414922,3.0595813204508855,,1.247987117552335,3.052871712292002,0.1610305958132045,0.8387010198604401
61,35.40660225442834,26.73107890499195,29.58937198067633,3.052871712292002,,1.2345679012345678,2.985775630703167,0.1610305958132045,0.8387010198604401
62,34.47396672034353,25.39586688137413,31.890767579173378,3.052871712292002,,1.2278582930756843,2.9723564143853998,0.1610305958132045,0.8252818035426731
63,34.534353193773484,25.409286097691894,31.749865807836823,3.026033279656468,,1.2546967257112185,2.9723564143853998,0.1610305958132045,0.8923778851315083
64,33.380300590445515,26.65727321524423,30.99838969404187,3.026033279656468,,1.2546967257112185,3.629898013955985,0.1610305958132045,0.8923778851315083
65,33.675523349436396,25.644122383252817,31.662640901771336,3.012614063338701,,1.2815351583467525,3.5762211486849167,0.1610305958132045,0.9863123993558777
66,34.09822866344606,25.51663982823403,31.32716049382716,3.012614063338701,0.06709608158883522,1.2815351583467525,3.549382716049383,0.1610305958132045,0.9863123993558777
67,34.66183574879227,25.201288244766506,30.99838969404187,2.918679549114332,0.06709608158883522,1.3553408480944713,3.6634460547504024,0.14761137949543746,0.9863123993558777
68,33.2259796027912,27.945517981749866,30.273752012882447,2.7979066022544283,0.06709608158883522,1.3150831991411702,3.3548040794417604,0.14761137949543746,0.8722490606548577
69,33.19914117015566,26.663982823403114,29.965110037573805,2.7979066022544283,0.17444981213097155,1.442565754159957,4.736983360171766,0.14761137949543746,0.8722490606548577
70,33.56816961889426,26.32850241545894,26.442565754159958,2.7844873859366612,0.24154589371980675,1.4358561460010735,8.655394524959743,0.10735373054213634,0.43612453032742887
71,34.17203435319377,26.154052603327965,26.33521202361782,2.7844873859366612,0.2281266774020397,1.4358561460010735,8.024691358024691,0.43612453032742887,0.4294149221685454
72,34.735641438539986,25.91250670960816,26.113794954374665,2.757648953301127,0.2281266774020397,1.42914653784219,8.004562533548041,0.4294149221685454,0.38915727321524424
73,34.977187332259795,25.597155126140635,26.04669887278583,3.012614063338701,0.2281266774020397,1.4224369296833066,7.897208803005904,0.4294149221685454,0.38915727321524424
74,32.68250134192163,24.08078368223296,33.81642512077295,2.9119699409554483,0.20128824476650564,1.3083735909822867,4.582662372517445,0.10735373054213634,0.30864197530864196
75,32.8569511540526,23.778851315083198,32.07192699946323,4.817498658078368,0.20128824476650564,1.3016639828234031,4.555823939881911,0.10735373054213634,0.30864197530864196
76,33.32662372517445,23.698336017176597,31.749865807836823,4.783950617283951,0.20128824476650564,1.3016639828234031,4.53569511540526,0.0939345142243693,0.30864197530864196
77,33.54804079441761,23.49033816425121,29.388083735909824,4.74369296833065,1.6304347826086956,2.536231884057971,4.260601180891036,0.0939345142243693,0.30864197530864196
78,33.97074610842727,23.409822866344605,29.0727321524423,4.696725711218465,1.596886741814278,2.6033279656468062,4.247181964573269,0.0939345142243693,0.30864197530864196
79,34.333064949006975,23.315888352120236,28.951959205582394,4.683306494900698,1.5901771336553945,2.536231884057971,4.186795491143317,0.0939345142243693,0.30864197530864196
80,34.816156736446594,23.101180891035963,28.75067096081589,4.636339237788513,1.5767579173376274,2.536231884057971,4.180085882984434,0.0939345142243693,0.30864197530864196
81,35.138217928073,22.81266774020397,28.18035426731079,4.723564143853999,1.5767579173376274,3.0394524959742353,4.133118625872249,0.0939345142243693,0.30193236714975846
82,34.715512614063336,23.275630703166936,28.052871712292003,4.7101449275362315,1.5432098765432098,3.012614063338701,4.052603327965647,0.0939345142243693,0.5434782608695652
83,33.762748255501876,24.308910359634996,27.375201288244767,4.7101449275362315,1.5432098765432098,3.6500268384326353,4.052603327965647,0.0939345142243693,0.5032206119162641
84,34.23913043478261,24.08749329039184,27.15378421900161,4.441760601180891,1.7176596886741815,3.6231884057971016,4.03918411164788,0.07380568974771873,0.6239935587761675
85,34.447128287708,23.443370907139023,27.073268921095007,4.441760601180891,1.7176596886741815,3.5963499731615673,4.582662372517445,0.07380568974771873,0.6239935587761675
86,34.876543209876544,22.725442834138487,26.838432635534083,4.441760601180891,1.9524959742351047,3.9855072463768115,4.49543746645196,0.07380568974771873,0.6105743424584005
87,33.011272141706925,22.396672034353195,22.933440687063875,4.012345679012346,1.7444981213097155,3.3548040794417604,12.084004294149223,0.07380568974771873,0.38915727321524424
88,32.9777241009125,21.604938271604937,23.74530327428878,3.9519592055823938,1.8518518518518519,3.408480944712829,11.996779388083736,0.07380568974771873,0.38915727321524424
89,33.293075684380035,21.443907675791735,23.658078368223297,3.9519592055823938,1.8451422436929683,3.408480944712829,11.936392914653783,0.07380568974771873,0.38915727321524424
90,33.72920021470746,21.22920021470746,22.624798711755233,3.797638217928073,3.113258185721954,3.307836822329576,11.735104669887278,0.07380568974771873,0.38915727321524424
91,33.1857219538379,20.001341921631777,24.771873322597962,3.784219001610306,3.113258185721954,3.421900161030596,11.20504562533548,0.1274825550187869,0.38915727321524424
92,33.53462157809984,19.85373054213634,24.65780998389694,3.730542136339238,3.113258185721954,3.4151905528717124,11.097691894793345,0.20799785292538917,0.38915727321524424
93,34.09822866344606,19.652442297369834,24.54374664519592,3.6366076221148687,3.046162104133119,3.515834675254965,10.909822866344605,0.20799785292538917,0.38915727321524424
94,34.306226516371446,19.592055823939884,24.362587224906065,3.603059581320451,3.046162104133119,3.488996242619431,10.815888352120236,0.20799785292538917,0.5770263016639828
95,34.72893183038111,19.43773483628556,24.10762211486849,3.629898013955985,3.0394524959742353,3.488996242619431,10.782340311325818,0.20799785292538917,0.5770263016639828
96,33.19914117015566,18.317230273752013,27.241009125067094,3.6366076221148687,3.026033279656468,3.1468062265163717,10.648148148148149,0.20799785292538917,0.5770263016639828
97,32.46108427267848,16.512345679012345,26.35534084809447,3.535963499731616,2.999194847020934,3.1870638754696725,13.935856146001074,0.20799785292538917,0.8051529790660226
98,32.44095544820183,16.404991948470208,24.731615673644658,3.535963499731616,3.1602254428341383,4.8376274825550185,13.875469672571121,0.20799785292538917,0.8051529790660226
99,32.90391841116479,16.337895866881375,24.56387546967257,3.5292538915727323,3.180354267310789,4.750402576489533,13.627214170692431,0.30193236714975846,0.8051529790660226
100,33.03811057434246,16.190284487385938,24.651100375738057,3.4957058507783145,3.140096618357488,4.750402576489533,13.58695652173913,0.30193236714975846,0.8454106280193237
101,33.279656468062264,16.11647879763822,24.302200751476114,3.488996242619431,3.5829307568438002,4.616210413311863,13.466183574879228,0.30193236714975846,0.8454106280193237
102,33.53462157809984,15.827965646806227,24.12104133118626,3.455448201825013,3.9049919484702094,4.5893719806763285,13.419216317767042,0.30193236714975846,0.8454106280193237
103,33.19243156199678,15.056360708534621,25.738056897477186,3.3950617283950617,3.824476650563607,4.4753086419753085,13.177670424047236,0.30193236714975846,0.8387010198604401
104,33.78958668813741,14.908749329039184,25.623993558776167,3.260869565217391,3.7775093934514223,4.461889425657541,13.103864734299517,0.2885131508319914,0.785024154589372
105,34.05126140633387,14.834943639291465,25.597155126140635,3.1870638754696725,3.730542136339238,4.468599033816425,13.070316693505099,0.27509393451422437,0.785024154589372
106,34.13848631239936,14.720880300590446,25.81857219538379,3.1535158346752548,3.69699409554482,4.408212560386473,13.003220611916264,0.27509393451422437,0.785024154589372
107,34.5276435856146,14.579978529253891,25.6105743424584,3.1535158346752548,3.6768652710681695,4.38137412775094,12.72812667740204,0.5568974771873323,0.785024154589372
108,34.50751476113795,14.533011272141707,25.684380032206118,3.140096618357488,4.159957058507783,4.367954911433173,12.426194310252281,0.41599570585077833,0.7648953301127214
109,34.648416532474506,14.63365539452496,25.335480407944175,3.1199677938808374,4.334406870638754,4.361245303274289,12.385936661298981,0.41599570585077833,0.7648953301127214
110,34.997316156736446,14.53972088030059,25.228126677402038,3.1065485775630703,4.26731078904992,4.334406870638754,12.345679012345679,0.41599570585077833,0.7648953301127214
111,35.15163714439077,14.398819108964037,24.966451959205582,3.1870638754696725,4.435050993022007,4.4820182501341925,12.218196457326892,0.41599570585077833,0.7447665056360708
112,35.560923242082666,14.210950080515298,24.812130971551262,3.1736446591519054,4.508856682769726,4.461889425657541,12.117552334943639,0.41599570585077833,0.7380568974771873
113,35.44685990338164,14.096886741814279,23.812399355877616,3.1736446591519054,5.750134192163178,4.461889425657541,12.104133118625873,0.41599570585077833,0.7380568974771873
114,35.829307568438004,13.962694578636608,23.731884057971016,3.1535158346752548,5.750134192163178,4.394793344068707,12.037037037037036,0.4025764895330113,0.7380568974771873
115,36.41975308641975,13.855340848094471,23.47691894793344,3.140096618357488,5.689747718733226,4.374664519592056,11.916264090177133,0.4025764895330113,0.7246376811594203
116,36.69484702093398,13.828502415458937,23.26892109500805,3.1065485775630703,5.6964573268921095,4.468599033816425,11.822329575952764,0.4025764895330113,0.7112184648416533
117,36.94981213097155,13.821792807300053,23.10789049919485,3.1065485775630703,5.6964573268921095,4.468599033816425,11.748523886205046,0.4025764895330113,0.6977992485238862
118,37.245034889962426,13.774825550187868,22.893183038110575,3.140096618357488,5.669618894256575,4.448470209339774,11.728395061728396,0.4025764895330113,0.6977992485238862
119,37.34567901234568,13.741277509393452,22.624798711755233,3.140096618357488,5.562265163714439,5.555555555555555,10.93666129898014,0.39586688137412773,0.6977992485238862
120,37.64761137949544,13.714439076757918,22.443639291465377,3.140096618357488,5.562265163714439,5.522007514761138,10.876274825550189,0.39586688137412773,0.6977992485238862
121,36.943102522812666,13.197799248523886,23.537305421363392,3.140096618357488,6.380837359098229,5.508588298443371,10.326086956521738,0.2683843263553409,0.6977992485238862
122,36.93639291465379,13.16425120772947,22.57783145464305,3.1333870101986045,6.353998926462695,6.642512077294686,10.238862050456254,0.2683843263553409,0.6843800322061192
123,36.70155662909286,13.063607085346217,22.168545356951153,3.166935050993022,6.541867954911433,6.1929683306494905,11.225174449812132,0.2549651100375738,0.6843800322061192
124,35.84272678475577,12.895866881374127,22.04777241009125,3.1065485775630703,6.474771873322598,7.548309178743962,11.09098228663446,0.3153515834675255,0.6776704240472357
125,36.178207192699944,12.801932367149758,21.906870638754697,3.1065485775630703,6.461352657004831,7.5348899624261945,11.017176596886742,0.3153515834675255,0.6776704240472357
126,36.39291465378422,12.754965110037574,21.672034353193773,3.1065485775630703,6.447933440687064,7.769726247987117,10.876274825550189,0.3153515834675255,0.6642512077294686
127,36.621041331186255,12.714707461084272,21.638486312399355,3.1065485775630703,6.414385399892646,7.682501341921632,10.84272678475577,0.3153515834675255,0.6642512077294686
128,35.88298443370907,12.345679012345679,23.040794417606012,2.965646806226516,6.608964036500268,7.5281803542673105,10.648148148148149,0.3153515834675255,0.6642512077294686
129,36.20504562533548,12.27187332259796,22.899892646269457,2.952227589908749,6.575415995705851,7.481213097155126,10.63472893183038,0.3153515834675255,0.6642512077294686
130,35.66156736446592,11.761943102522812,23.32259796027912,3.8848631239935587,6.595544820182502,7.1658615136876005,10.560923242082662,0.4092860976918948,0.6374127750939346
131,35.909822866344605,11.714975845410628,23.2085346215781,3.878153515834675,6.561996779388084,7.139023081052066,10.554213633923778,0.4092860976918948,0.6239935587761675
132,36.15807836822329,11.694847020933977,23.11460010735373,3.851315083199141,6.454643048845948,7.266505636070853,10.352925389157273,0.4092860976918948,0.6977992485238862
133,36.35265700483092,11.621041331186259,23.262211486849168,3.7640901771336552,6.367418142780462,7.266505636070853,10.265700483091788,0.4092860976918948,0.6910896403650026
134,36.18491680085883,11.600912506709609,23.517176596886742,3.730542136339238,6.327160493827161,7.2933440687063875,10.245571658615138,0.4092860976918948,0.6910896403650026
135,36.500268384326354,11.574074074074074,23.369565217391305,3.69699409554482,6.327160493827161,7.199409554482019,10.23215244229737,0.4092860976918948,0.6910896403650026
136,36.600912506709605,11.822329575952764,23.22866344605475,3.6634460547504024,6.3137412775093935,7.14573268921095,10.131508319914117,0.4092860976918948,0.6843800322061192
137,36.95652173913044,11.60762211486849,23.03408480944713,3.6097691894793345,6.246645195920558,7.320182501341922,9.957058507783145,0.3824476650563607,0.8856682769726248
138,36.94981213097155,11.60762211486849,22.98040794417606,3.6097691894793345,6.199677938808374,7.206119162640902,10.178475577026301,0.3824476650563607,0.8856682769726248
139,36.808910359635,11.044015029522276,22.79253891572732,5.340848094471283,5.83064949006978,7.098765432098766,9.829575952764358,0.3824476650563607,0.8722490606548577
140,37.07058507783145,10.970209339774557,22.604669887278583,5.508588298443371,5.790391841116479,7.0383789586688135,9.762479871175524,0.3824476650563607,0.8722490606548577
141,37.03703703703704,10.970209339774557,21.477455716586153,5.475040257648954,5.844068706387547,7.078636607622115,10.86285560923242,0.3824476650563607,0.8722490606548577
142,37.453032742887814,10.970209339774557,21.370101986044016,5.414653784219001,5.790391841116479,6.998121309715513,10.789049919484702,0.3824476650563607,0.8319914117015567
143,37.92270531400966,10.896403650026839,21.14868491680086,5.401234567901234,5.750134192163178,6.9310252281266775,10.742082662372518,0.3824476650563607,0.8252818035426731
144,37.5402576489533,10.59447128287708,22.376543209876544,5.293880837359098,5.6964573268921095,6.91760601180891,10.379763821792807,0.3824476650563607,0.8185721953837896
145,37.80193236714976,10.520665593129362,22.309447128287708,5.287171229200215,5.6964573268921095,6.89747718733226,10.312667740203972,0.3824476650563607,0.7917337627482555
146,38.10386473429951,10.473698336017177,22.148416532474503,5.287171229200215,5.683038110574342,6.857219538378959,10.218733225979603,0.3824476650563607,0.8454106280193237
147,38.459473966720346,10.466988727858293,21.980676328502415,5.253623188405797,5.662909286097692,6.790123456790123,10.185185185185185,0.3824476650563607,0.8185721953837896
148,39.03650026838432,10.420021470746109,21.85990338164251,5.193236714975845,5.515297906602254,6.763285024154589,10.050993022007514,0.3824476650563607,0.7783145464304885
149,39.36527106816962,10.399892646269459,21.79951690821256,5.159688674181428,5.421363392377885,6.662640901771336,10.030864197530864,0.3824476650563607,0.7783145464304885
150,39.452495974235106,10.379763821792807,21.658615136876005,5.10601180891036,4.951690821256038,6.655931293612453,10.63472893183038,0.3824476650563607,0.7783145464304885
151,39.76784755770263,10.279119699409554,21.4170692431562,5.173107890499195,4.938271604938271,6.729736983360172,10.534084809447128,0.3824476650563607,0.7783145464304885
152,39.96913580246913,10.279119699409554,21.22249060654858,5.173107890499195,5.025496511003757,6.66935050993022,10.453569511540525,0.3824476650563607,0.8252818035426731
153,40.371712292002144,10.19189479334407,21.115136876006442,5.152979066022544,5.005367686527107,6.642512077294686,10.319377348362856,0.3824476650563607,0.8185721953837896
154,39.92887815351583,10.406602254428341,21.027911969940956,5.984970477724101,4.797369833601718,6.4345142243692965,10.238862050456254,0.36231884057971014,0.8185721953837896
155,40.29119699409554,10.352925389157273,20.92055823939882,5.911164787976382,4.736983360171766,6.421095008051529,10.225442834138486,0.36231884057971014,0.7783145464304885
156,40.57300053676865,10.299248523886206,20.79307568438003,5.884326355340848,4.669887278582931,6.394256575415996,10.272410091250672,0.3421900161030596,0.7716049382716049
157,40.21739130434783,9.75577026301664,22.685185185185187,5.10601180891036,4.53569511540526,6.3137412775093935,10.272410091250672,0.3421900161030596,0.7716049382716049
158,39.89533011272142,9.098228663446054,23.805689747718734,5.0858829844337095,4.51556629092861,6.266774020397209,10.218733225979603,0.3421900161030596,0.7716049382716049
159,39.9020397208803,9.037842190016104,23.523886205045624,5.072463768115942,4.502147074610843,6.233225979602791,10.138217928073,0.3421900161030596,1.247987117552335
160,40.17042404723564,9.01100375738057,23.45679012345679,5.045625335480408,4.4820182501341925,6.085614600107354,10.084541062801932,0.3421900161030596,1.3217928073000538
161,39.841653247450346,8.977455716586151,24.282071926999464,5.038915727321524,4.025764895330113,6.038647342995169,10.064412238325282,0.3421900161030596,1.3888888888888888
162,39.9020397208803,8.957326892109501,24.188137412775095,6.078904991948471,4.025764895330113,6.025228126677402,9.091519055287172,0.3421900161030596,1.3888888888888888
163,40.15029522275899,8.917069243156199,24.020397208803004,6.045356951154052,4.019055287171229,5.984970477724101,9.064680622651638,0.3421900161030596,1.4559849704777241
164,40.50590445517982,8.917069243156199,23.825818572195384,6.018518518518518,4.012345679012346,5.904455179817498,9.044551798174986,0.3421900161030596,1.42914653784219
165,40.774288781535155,8.896940418679549,23.72517444981213,5.978260869565218,4.1129898013955986,5.897745571658615,8.84326355340848,0.3421900161030596,1.42914653784219
166,40.94202898550725,8.876811594202898,23.66478797638218,5.964841653247451,4.03918411164788,5.958132045088567,8.78287707997853,0.3421900161030596,1.42914653784219
167,41.08964036500269,8.863392377885132,23.597691894793343,5.931293612453032,4.032474503488996,5.958132045088567,8.756038647342995,0.3421900161030596,1.42914653784219
168,41.39157273215244,8.769457863660762,23.49033816425121,5.877616747181965,4.032474503488996,5.924584004294149,8.742619431025227,0.3421900161030596,1.42914653784219
169,41.55260332796565,8.729200214707461,23.43666129898014,5.844068706387547,4.005636070853462,5.904455179817498,8.655394524959743,0.3421900161030596,1.5297906602254427
170,41.49892646269458,8.635265700483092,23.362855609232422,6.166129898013956,3.992216854535695,5.877616747181965,8.641975308641975,0.3421900161030596,1.482823403113258
171,41.700214707461086,8.548040794417606,23.275630703166936,6.213097155126141,3.9586688137412773,5.8239398819108965,8.548040794417606,0.3421900161030596,1.5901771336553945
172,41.727053140096615,8.53462157809984,22.893183038110575,6.112453032742888,3.9452495974235107,6.246645195920558,8.621846484165324,0.3421900161030596,1.5767579173376274
173,41.87466451959206,8.628556092324208,22.799248523886206,6.038647342995169,3.8580246913580245,6.226516371443908,8.487654320987655,0.30864197530864196,1.778046162104133
174,42.049114331723025,8.568169618894256,22.745571658615138,6.031937734836285,3.8580246913580245,6.206387546967257,8.454106280193237,0.30864197530864196,1.778046162104133
175,42.15646806226516,8.548040794417606,22.852925389157274,5.998389694041868,3.92512077294686,6.139291465378422,8.319914117015566,0.30864197530864196,1.751207729468599
176,42.41814278046162,8.494363929146537,22.785829307568438,5.924584004294149,3.898282340311326,6.125872249060655,8.293075684380032,0.30864197530864196,1.751207729468599
177,42.64626945786366,8.494363929146537,22.65163714439077,5.904455179817498,3.8714439076757916,6.105743424584004,8.28636607622115,0.30193236714975846,1.737788513150832
178,42.954911433172306,8.460815888352121,22.48389694041868,5.837359098228664,3.8580246913580245,6.105743424584004,8.279656468062266,0.30193236714975846,1.7176596886741815
179,43.27697262479871,8.440687063875469,22.23564143853999,5.810520665593129,3.9049919484702094,6.092324208266238,8.239398819108963,0.30193236714975846,1.6975308641975309
180,43.323939881910896,8.360171765968868,22.128287707997853,5.9514224369296835,3.9519592055823938,6.052066559312936,8.172302737520129,0.30193236714975846,1.7579173376274826
181,43.605743424584006,8.3467525496511,21.994095544820183,5.891035963499732,3.9184111647879765,6.045356951154052,8.152173913043478,0.2885131508319914,1.7579173376274826
182,43.86741814278046,8.3467525496511,21.79951690821256,5.891035963499732,3.9184111647879765,5.998389694041868,8.132045088566828,0.2885131508319914,1.7579173376274826
183,43.90096618357488,8.360171765968868,21.886741814278047,5.850778314546431,3.9049919484702094,5.958132045088567,8.091787439613526,0.2885131508319914,1.7579173376274826
184,44.0552871712292,8.32662372517445,21.833064949006978,5.83064949006978,3.9049919484702094,5.931293612453032,8.071658615136876,0.2885131508319914,1.7579173376274826
185,43.344068706387546,8.105206655931294,22.879763821792807,5.797101449275362,3.9049919484702094,6.025228126677402,7.897208803005904,0.2885131508319914,1.7579173376274826
186,43.162909286097694,7.776435856146001,22.31615673644659,5.676328502415459,4.019055287171229,5.984970477724101,8.93719806763285,0.2885131508319914,1.8384326355340848
187,43.323939881910896,7.7361782071927,22.19538378958669,5.662909286097692,3.9855072463768115,5.9514224369296835,9.024422973698336,0.2885131508319914,1.8317230273752012
188,43.47155126140633,7.7361782071927,22.15512614063339,5.642780461621041,3.9720880300590444,5.938003220611916,8.997584541062801,0.2885131508319914,1.7981749865807837
189,43.73322597960279,7.7361782071927,22.04777241009125,5.609232420826624,3.9519592055823938,5.931293612453032,8.943907675791733,0.2885131508319914,1.7579173376274826
190,43.15619967793881,8.903650026838433,21.631776704240472,5.60252281266774,3.9989264626945786,5.931293612453032,8.796296296296296,0.27509393451422437,1.7042404723564144
191,43.43129361245303,8.561460010735374,21.732420826623724,5.6964573268921095,3.9720880300590444,5.924584004294149,8.722490606548577,0.2683843263553409,1.6908212560386473
192,36.68813741277509,23.235373054213635,16.97530864197531,4.5960815888352125,3.3413848631239937,5.542136339237788,7.682501341921632,0.2683843263553409,1.6706924315619969
193,36.943102522812666,23.05421363392378,16.968599033816425,4.582662372517445,3.33467525496511,5.535426731078905,7.6556629092860975,0.2683843263553409,1.6572732152442298
194,37.25845410628019,22.779119699409556,16.935050993022006,4.582662372517445,3.33467525496511,5.562265163714439,7.62211486849168,0.2683843263553409,1.6572732152442298
195,36.65458937198068,22.14170692431562,16.867954911433173,4.569243156199678,4.871175523349437,5.374396135265701,7.62211486849168,0.2683843263553409,1.6304347826086956
196,36.943102522812666,21.980676328502415,16.814278046162105,4.549114331723027,4.871175523349437,5.374396135265701,7.568438003220612,0.2683843263553409,1.6304347826086956
197,37.25845410628019,21.806226516371442,16.72705314009662,4.542404723564144,4.730273752012883,5.495169082125604,7.555018786902845,0.2683843263553409,1.6170155662909287
198,37.66774020397209,21.651905528717123,16.626409017713364,4.522275899087493,4.663177670424047,5.4616210413311865,7.521470746108427,0.2683843263553409,1.6170155662909287
199,37.956253354804076,21.517713365539453,16.53918411164788,4.549114331723027,4.656468062265164,5.4549114331723025,7.461084272678476,0.2683843263553409,1.596886741814278
200,38.27831454643049,21.410359634997317,16.451959205582394,4.549114331723027,4.62962962962963,5.421363392377885,7.39398819108964,0.2683843263553409,1.596886741814278
201,38.486312399355874,21.3768115942029,16.418411164787976,4.502147074610843,4.5960815888352125,5.414653784219001,7.367149758454106,0.2549651100375738,1.583467525496511
202,39.070048309178745,21.20907139023081,16.15673644659152,4.502147074610843,4.522275899087493,5.367686527106817,7.333601717659689,0.2549651100375738,1.583467525496511
203,39.38539989264627,21.088298443370906,16.049382716049383,4.4753086419753085,4.663177670424047,5.347557702630167,7.179280730005368,0.2549651100375738,1.556629092860977
204,39.59339774557166,21.007783145464305,15.868223295759528,4.42163177670424,4.64975845410628,5.441492216854535,7.253086419753086,0.2549651100375738,1.5096618357487923
205,39.92887815351583,20.705850778314545,15.787707997852925,4.42163177670424,4.696725711218465,5.508588298443371,7.199409554482019,0.2549651100375738,1.4962426194310252
206,39.49946323134729,19.585346215780998,15.72061191626409,5.475040257648954,4.435050993022007,5.421363392377885,8.158883521202362,0.2549651100375738,1.4492753623188406
207,39.79468599033817,19.384057971014492,15.673644659151906,5.475040257648954,4.414922168545357,5.394524959742351,8.158883521202362,0.2549651100375738,1.4492753623188406
208,39.92887815351583,19.30354267310789,15.60654857756307,5.615942028985507,4.240472356414386,5.387815351583468,8.071658615136876,0.2549651100375738,1.5901771336553945
209,40.15029522275899,19.16935050993022,15.60654857756307,5.609232420826624,4.200214707461084,5.347557702630167,8.071658615136876,0.2549651100375738,1.5901771336553945
210,40.425389157273216,18.84728931830381,15.566290928609769,5.562265163714439,4.166666666666667,5.562265163714439,8.051529790660226,0.2549651100375738,1.5633387010198605
211,40.83467525496511,18.699677938808374,15.5126140633387,5.548845947396672,4.079441760601181,5.522007514761138,7.997852925389157,0.2549651100375738,1.5499194847020934
212,40.35829307568438,19.47128287707998,15.324745034889963,5.495169082125604,4.052603327965647,5.522007514761138,7.997852925389157,0.2281266774020397,1.5499194847020934
213,39.64707461084273,19.28341384863124,16.451959205582394,5.381105743424584,3.9720880300590444,5.495169082125604,7.991143317230274,0.2281266774020397,1.5499194847020934
214,39.90874932903918,19.142512077294686,16.42512077294686,5.381105743424584,3.938539989264627,5.4616210413311865,7.96430488459474,0.2281266774020397,1.5499194847020934
215,40.05636070853462,19.0150295222759,16.364734299516908,5.314009661835748,4.159957058507783,5.448201825013419,7.883789586688137,0.2281266774020397,1.5297906602254427
216,40.41867954911433,18.867418142780462,16.33118625872249,5.267042404723564,4.079441760601181,5.421363392377885,7.863660762211487,0.2281266774020397,1.5230810520665594
217,40.13016639828234,18.344068706387546,16.223832528180353,5.179817498658078,4.079441760601181,5.24020397208803,9.05126140633387,0.2281266774020397,1.5230810520665594
218,40.43880837359098,18.169618894256576,16.203703703703702,5.139559849704777,4.05931293612453,5.24020397208803,9.004294149221685,0.2281266774020397,1.5163714439076759
219,40.72061191626409,18.109232420826622,16.17686527106817,5.0993022007514766,4.005636070853462,5.24020397208803,8.903650026838433,0.2281266774020397,1.5163714439076759
220,40.88835212023618,18.02200751476114,16.06280193236715,5.052334943639291,4.005636070853462,5.374396135265701,8.82313472893183,0.2885131508319914,1.482823403113258
221,41.2037037037037,17.733494363929147,15.901771336553946,4.730273752012883,3.9989264626945786,5.428073000536768,9.111647879763822,0.2885131508319914,1.6035963499731616
222,41.35131508319914,17.518786902844873,15.660225442834138,5.092592592592593,3.992216854535695,5.381105743424584,9.111647879763822,0.2885131508319914,1.6035963499731616
223,40.673644659151904,17.431561996779386,16.72705314009662,5.059044551798175,3.965378421900161,5.508588298443371,8.756038647342995,0.2885131508319914,1.5901771336553945
224,39.23778851315083,17.317498658078367,17.250402576489535,6.635802469135802,3.844605475040258,5.689747718733226,8.185721953837897,0.2885131508319914,1.5499194847020934
225,39.44578636607622,17.24369296833065,17.176596886741816,6.595544820182502,3.824476650563607,5.689747718733226,8.185721953837897,0.2885131508319914,1.5499194847020934
226,39.76784755770263,17.183306494900698,17.002147074610843,6.575415995705851,3.8177670424047236,5.669618894256575,8.145464304884594,0.2885131508319914,1.5499194847020934
227,39.982555018786904,17.14975845410628,16.867954911433173,6.568706387546968,3.81105743424584,5.669618894256575,8.111916264090176,0.2885131508319914,1.5499194847020934
228,40.17713365539453,17.062533548040793,16.861245303274288,6.508319914117015,3.81105743424584,5.669618894256575,8.07836822329576,0.2885131508319914,1.5432098765432098
229,40.33816425120773,17.022275899087493,16.7337627482555,6.582125603864735,3.784219001610306,5.669618894256575,8.051529790660226,0.2885131508319914,1.5297906602254427
230,40.351583467525494,16.881374127750938,16.6532474503489,6.521739130434782,3.6902844873859366,5.642780461621041,8.440687063875469,0.2885131508319914,1.5297906602254427
231,40.64680622651637,16.75389157273215,16.67337627482555,6.521739130434782,3.643317230273752,5.609232420826624,8.393719806763285,0.2885131508319914,1.4694041867954912
232,40.17713365539453,16.23054213633924,17.136339237788512,6.461352657004831,3.4688674181427803,6.4345142243692965,8.333333333333334,0.2885131508319914,1.4694041867954912
233,40.19726247987118,16.23054213633924,17.002147074610843,6.508319914117015,3.4688674181427803,6.427804616210413,8.420558239398819,0.2885131508319914,1.4559849704777241
234,40.49248523886205,16.150026838432634,16.820987654320987,6.494900697799249,3.5225442834138487,6.407675791733762,8.36688137412775,0.2885131508319914,1.4559849704777241
235,40.62667740203972,15.995705850778315,16.61969940955448,5.770263016639828,3.5963499731615673,6.347289318303811,9.29951690821256,0.2885131508319914,1.4559849704777241
236,40.76757917337628,15.895061728395062,16.6532474503489,5.756843800322061,3.5963499731615673,6.3137412775093935,9.272678475577026,0.2885131508319914,1.4559849704777241
237,40.94202898550725,15.74074074074074,16.606280193236714,5.736714975845411,3.556092324208266,6.461352657004831,9.225711218464841,0.27509393451422437,1.4559849704777241
238,41.257380568974774,15.666935050993022,16.525764895330113,5.5756843800322065,3.643317230273752,6.461352657004831,9.145195920558239,0.27509393451422437,1.4492753623188406
239,41.46537842190016,15.552871712292003,16.472088030059044,5.562265163714439,3.670155662909286,6.421095008051529,9.138486312399356,0.27509393451422437,1.442565754159957
240,41.378153515834676,15.53274288781535,16.760601180891037,5.434782608695652,3.6634460547504024,6.427804616210413,9.084809447128288,0.27509393451422437,1.442565754159957
241,41.71363392377885,15.438808373590982,16.6532474503489,5.428073000536768,3.656736446591519,6.387546967257112,9.01100375738057,0.27509393451422437,1.4358561460010735
242,42.25711218464841,15.24422973698336,16.431830381105744,5.360976918947934,3.7372517444981215,6.360708534621578,8.903650026838433,0.27509393451422437,1.42914653784219
243,42.33762748255502,15.217391304347826,16.680085882984432,5.347557702630167,3.717122920021471,6.3070316693505095,8.68894256575416,0.27509393451422437,1.42914653784219
244,42.37788513150832,15.063070316693505,16.445249597423512,5.548845947396672,4.086151368760064,6.260064412238325,8.407139023081053,0.27509393451422437,1.5365002683843263
245,42.592592592592595,15.056360708534621,16.371443907675793,5.501878690284487,4.066022544283414,6.172839506172839,8.427267847557703,0.27509393451422437,1.5365002683843263
246,42.8341384863124,14.942297369833602,16.324476650563607,5.555555555555555,4.05931293612453,6.172839506172839,8.373590982286634,0.27509393451422437,1.4626945786366077
247,43.10252281266774,14.928878153515834,16.129898013955984,5.401234567901234,4.052603327965647,6.099033816425121,8.561460010735374,0.27509393451422437,1.4492753623188406
