,45,50,55,52,51,54,53,56
0,99.77187332259795,0.2281266774020397,,,,,,
1,93.84057971014492,6.159420289855072,,,,,,
2,93.73993558776168,6.260064412238325,,,,,,
3,90.03623188405797,9.916800858829845,0.04696725711218465,,,,,
4,90.03623188405797,9.916800858829845,0.04696725711218465,,,,,
5,89.7812667740204,10.171765968867419,0.04696725711218465,,,,,
6,89.6604938271605,10.292538915727322,0.04696725711218465,,,,,
7,86.92297369833602,13.030059044551798,0.04696725711218465,,,,,
8,86.83574879227054,13.117283950617283,0.04696725711218465,,,,,
9,86.75523349436394,13.197799248523886,0.04696725711218465,,,,,
10,86.79549114331724,12.848899624261943,0.04696725711218465,0.30864197530864196,,,,
11,85.60789049919485,14.049919484702093,0.04696725711218465,0.2952227589908749,,,,
12,85.54079441760601,14.11701556629093,0.04696725711218465,0.2952227589908749,,,,
13,85.5475040257649,14.110305958132045,0.04696725711218465,0.2952227589908749,,,,
14,85.07783145464305,14.579978529253891,0.04696725711218465,0.2952227589908749,,,,
15,71.29629629629629,28.408480944712828,,0.2952227589908749,,,,
16,71.30300590445518,28.401771336553946,,0.2952227589908749,,,,
17,71.18894256575416,28.421900161030596,0.0939345142243693,0.2952227589908749,,,,
18,71.14868491680086,28.368223295759528,0.0939345142243693,0.2952227589908749,0.0939345142243693,,,
19,71.36339237788513,28.046162104133117,0.20128824476650564,0.2952227589908749,0.0939345142243693,,,
20,71.1688137412775,28.14680622651637,0.2952227589908749,0.2952227589908749,0.0939345142243693,,,
21,69.00161030595814,30.314009661835748,0.2952227589908749,0.2952227589908749,0.0939345142243693,,,
22,68.86070853462158,30.293880837359097,0.4562533548040794,0.2952227589908749,0.0939345142243693,,,
23,68.46484165324745,30.689747718733226,0.4562533548040794,0.2952227589908749,0.0939345142243693,,,
24,68.25684380032206,30.683038110574344,0.6709608158883521,0.2952227589908749,0.0939345142243693,,,
25,68.30381105743425,30.636070853462158,0.6709608158883521,0.2952227589908749,0.0939345142243693,,,
26,68.25013419216317,30.555555555555557,0.8051529790660226,0.2952227589908749,0.0939345142243693,,,
27,67.77375201288245,30.95813204508857,0.8789586688137413,0.2952227589908749,0.0939345142243693,,,
28,67.90794417606011,30.817230273752013,0.7716049382716049,0.4092860976918948,0.0939345142243693,,,
29,67.914653784219,30.810520665593128,0.7716049382716049,0.4092860976918948,0.0939345142243693,,,
30,67.85426731078906,30.783682232957595,0.8588298443370908,0.4092860976918948,0.0939345142243693,,,
31,64.83494363929147,24.402844873859365,0.4830917874396135,0.4092860976918948,9.86983360171766,,,
32,64.62694578636608,24.282071926999464,0.7648953301127214,0.9192163177670424,9.406870638754697,,,
33,64.22436929683306,24.832259796027913,0.9057971014492754,0.9192163177670424,9.118357487922705,,,
34,64.2914653784219,24.765163714439076,0.9057971014492754,0.9192163177670424,9.118357487922705,,,
35,64.3317230273752,24.751744498121308,0.9057971014492754,0.9192163177670424,9.091519055287172,,,
36,63.6808910359635,25.40257648953301,0.9057971014492754,0.8856682769726248,9.125067096081589,,,
37,63.506441223832525,25.43612453032743,0.9057971014492754,0.8856682769726248,9.125067096081589,0.14090177133655393,,
38,63.47289318303811,25.503220611916262,0.8252818035426731,0.8588298443370908,9.064680622651638,0.27509393451422437,,
39,59.84299516908212,29.1935050993022,0.8185721953837896,0.8588298443370908,9.01100375738057,0.27509393451422437,,
40,59.95034889962426,28.958668813741276,0.8185721953837896,0.8454106280193237,9.01100375738057,0.41599570585077833,,
41,59.91009125067096,29.139828234031132,0.8118625872249061,0.8454106280193237,8.876811594202898,0.41599570585077833,,
42,59.33977455716586,29.723564143854,0.8118625872249061,0.8454106280193237,8.863392377885132,0.41599570585077833,,
43,59.554482018250134,29.602791196994094,0.8521202361782072,0.8454106280193237,8.648684916800859,0.49651100375738055,,
44,59.29951690821256,29.844337090713903,0.9594739667203436,0.9326355340848095,8.467525496511003,0.49651100375738055,,
45,59.326355340848096,29.817498658078367,0.9594739667203436,0.9326355340848095,8.467525496511003,0.49651100375738055,,
46,59.76918947933441,29.280730005367687,0.966183574879227,0.9326355340848095,8.199141170155663,0.8521202361782072,,
47,56.48148148148148,32.75630703166935,0.966183574879227,0.9326355340848095,8.011272141706923,0.8521202361782072,,
48,56.62909286097692,32.608695652173914,0.966183574879227,0.9326355340848095,8.011272141706923,0.8521202361782072,,
49,56.57541599570585,32.66237251744498,0.966183574879227,0.9326355340848095,8.011272141706923,0.8521202361782072,,
50,56.89076757917338,32.33360171765969,1.0869565217391304,0.9326355340848095,7.9039184111647875,0.8521202361782072,,
51,57.085346215781,32.22624798711755,0.9997316156736447,0.9326355340848095,7.9039184111647875,0.8521202361782072,,
52,51.55662909286098,37.76838432635534,0.9863123993558777,0.9326355340848095,7.9039184111647875,0.8521202361782072,,
53,51.79817498658078,37.05716586151369,0.9863123993558777,0.9326355340848095,7.9039184111647875,1.2144390767579174,0.10735373054213634,
54,51.871980676328505,37.03032742887815,0.9997316156736447,0.9326355340848095,7.843531937734836,1.2144390767579174,0.10735373054213634,
55,51.48282340311326,33.77616747181965,1.556629092860977,0.9326355340848095,10.963499731615673,1.2144390767579174,0.07380568974771873,
56,51.16076221148685,33.87010198604401,1.6639828234031133,0.9326355340848095,10.950080515297907,1.3486312399355878,0.07380568974771873,
57,51.2211486849168,33.73590982286635,1.751207729468599,0.9326355340848095,10.93666129898014,1.3486312399355878,0.07380568974771873,
58,51.35534084809447,33.48765432098765,1.8250134192163177,0.9326355340848095,10.976918947933441,1.3486312399355878,0.07380568974771873,
59,51.46269457863661,33.4272678475577,1.8250134192163177,0.9326355340848095,10.929951690821255,1.3486312399355878,0.07380568974771873,
60,50.966183574879224,32.9777241009125,1.1137949543746646,0.9125067096081588,9.158615136876007,4.797369833601718,0.07380568974771873,
61,47.175254965110035,36.46672034353194,1.1137949543746646,0.8990874932903918,9.064680622651638,5.2066559312936125,0.07380568974771873,
62,47.014224369296834,36.560654857756305,1.1137949543746646,0.8990874932903918,9.131776704240472,5.2066559312936125,0.07380568974771873,
63,47.195383789586685,36.45330112721417,1.1741814278046163,0.8789586688137413,9.084809447128288,5.139559849704777,0.07380568974771873,
64,47.316156736446594,36.34594739667203,1.221148684916801,0.8789586688137413,9.024422973698336,5.139559849704777,0.07380568974771873,
65,47.376543209876544,35.89640365002684,1.221148684916801,0.8789586688137413,8.80300590445518,5.139559849704777,0.6843800322061192,
66,47.38996242619431,35.889694041867955,1.221148684916801,0.8789586688137413,8.80300590445518,5.132850241545894,0.6843800322061192,
67,46.866612989801396,34.91009125067096,1.3352120236178207,1.8451422436929683,9.078099838969404,5.280461621041331,0.6843800322061192,
68,46.09500805152979,33.682232957595275,1.3352120236178207,1.8451422436929683,11.272141706924316,5.280461621041331,0.48980139559849706,
69,46.14868491680086,33.66881374127751,1.3083735909822867,1.710950080515298,11.272141706924316,5.401234567901234,0.48980139559849706,
70,46.423778851315085,33.53462157809984,1.3083735909822867,1.710950080515298,11.258722490606548,5.260332796564681,0.5032206119162641,
71,46.51771336553945,33.06494900697799,1.4090177133655395,1.6975308641975309,11.352657004830919,5.4549114331723025,0.5032206119162641,
72,45.3166935050993,34.38003220611916,1.3821792807300053,1.6975308641975309,11.265432098765432,5.4549114331723025,0.5032206119162641,
73,44.77321524422974,34.31964573268921,1.3553408480944713,1.261406333870102,12.27187332259796,5.428073000536768,0.5904455179817498,
74,44.36392914653784,33.883521202361784,1.3486312399355878,1.1741814278046163,13.298443370907139,5.340848094471283,0.5904455179817498,
75,44.73295759527644,33.64868491680086,1.3016639828234031,1.1741814278046163,13.197799248523886,5.35426731078905,0.5904455179817498,
76,44.585346215781,32.84353193773484,1.3016639828234031,1.1741814278046163,14.150563607085346,5.35426731078905,0.5904455179817498,
77,44.900697799248526,32.6154052603328,1.3016639828234031,1.1741814278046163,14.130434782608695,5.287171229200215,0.5904455179817498,
78,44.98121309715513,32.54159957058508,1.3016639828234031,1.1272141706924315,14.130434782608695,5.179817498658078,0.7380568974771873,
79,45.03488996242619,32.49463231347289,1.4358561460010735,1.1272141706924315,14.123725174449811,5.045625335480408,0.7380568974771873,
80,45.16237251744498,32.49463231347289,1.583467525496511,1.0802469135802468,13.862050456253355,4.99194847020934,0.8252818035426731,
81,45.269726247987116,32.50805152979066,1.583467525496511,1.0802469135802468,13.781535158346752,4.951690821256038,0.8252818035426731,
82,42.975040257648956,34.90338164251208,1.6841116478797638,1.0802469135802468,13.66076221148685,4.871175523349437,0.8252818035426731,
83,43.27697262479871,34.76247987117552,1.8048845947396672,0.9930220075147611,13.446054750402576,4.891304347826087,0.8252818035426731,
84,43.80703166935051,34.35319377348363,1.7981749865807837,0.9930220075147611,13.238056897477188,4.891304347826087,0.9192163177670424,
85,43.78019323671498,34.044551798174986,1.7981749865807837,0.9930220075147611,13.573537305421363,4.891304347826087,0.9192163177670424,
86,43.894256575415994,33.8365539452496,1.7847557702630166,1.2815351583467525,13.41250670960816,4.871175523349437,0.9192163177670424,
87,44.24315619967794,33.48094471282877,1.7847557702630166,1.2815351583467525,13.358829844337091,4.99194847020934,0.8588298443370908,
88,44.477992485238865,33.353462157809986,1.7713365539452497,1.2681159420289856,13.278314546430488,4.99194847020934,0.8588298443370908,
89,44.477992485238865,33.32662372517445,1.8853998926462694,1.2681159420289856,13.191089640365004,4.99194847020934,0.8588298443370908,
90,44.35050993022008,33.01798174986581,2.033011272141707,1.1741814278046163,13.258185721953838,5.307300053676865,0.8588298443370908,
91,44.55179817498658,32.90391841116479,2.033011272141707,1.1741814278046163,13.18438003220612,5.293880837359098,0.8588298443370908,
92,43.572195383789584,31.085614600107355,2.033011272141707,1.2681159420289856,16.002415458937197,5.293880837359098,0.7447665056360708,
93,43.592324208266234,31.0654857756307,2.033011272141707,1.2681159420289856,16.002415458937197,5.293880837359098,0.7447665056360708,
94,43.545356951154055,31.00509930220075,2.033011272141707,1.3888888888888888,16.002415458937197,5.280461621041331,0.7447665056360708,
95,43.70638754696726,30.810520665593128,2.2879763821792807,1.3888888888888888,15.801127214170693,5.260332796564681,0.7447665056360708,
96,43.4447128287708,30.99838969404187,2.2879763821792807,1.3888888888888888,15.874932903918411,5.260332796564681,0.7447665056360708,
97,43.86070853462158,30.776972624798713,2.2879763821792807,1.3888888888888888,15.801127214170693,5.139559849704777,0.7447665056360708,
98,43.29039184111648,30.911164787976382,2.2879763821792807,1.3888888888888888,16.23725174449812,5.139559849704777,0.7447665056360708,
99,43.15619967793881,30.267042404723565,2.395330112721417,1.3888888888888888,16.71363392377885,5.139559849704777,0.8454106280193237,0.0939345142243693
100,43.17632850241546,30.05233494363929,2.395330112721417,1.3888888888888888,16.914922168545356,5.152979066022544,0.8252818035426731,0.0939345142243693
101,43.43800322061192,29.53569511540526,2.254428341384863,1.3888888888888888,16.814278046162105,5.152979066022544,1.3217928073000538,0.0939345142243693
102,43.57890499194847,29.28743961352657,2.2410091250670963,1.3754696725711217,17.028985507246375,5.072463768115942,1.3217928073000538,0.0939345142243693
103,43.73993558776167,29.22705314009662,2.2410091250670963,1.3754696725711217,16.935050993022006,5.065754159957058,1.3217928073000538,0.0939345142243693
104,44.06870638754697,28.878153515834676,2.2410091250670963,1.5230810520665594,16.894793344068706,5.038915727321524,1.261406333870102,0.0939345142243693
105,44.18947933440687,28.898282340311326,2.4221685453569513,1.6438539989264627,16.458668813741276,5.032206119162641,1.261406333870102,0.0939345142243693
106,44.26328502415459,28.703703703703702,2.7241009125067097,1.6438539989264627,16.203703703703702,5.032206119162641,1.3352120236178207,0.0939345142243693
107,44.44444444444444,28.5829307568438,2.717391304347826,1.6438539989264627,16.163446054750402,5.018786902844874,1.3352120236178207,0.0939345142243693
108,44.598765432098766,28.327965646806227,2.8515834675254963,1.6438539989264627,16.129898013955984,5.018786902844874,1.3352120236178207,0.0939345142243693
109,44.14922168545357,28.099838969404185,2.8381642512077296,1.6438539989264627,16.914922168545356,4.924852388620504,1.3352120236178207,0.0939345142243693
110,44.0955448201825,27.945517981749866,2.9790660225442833,1.7579173376274826,16.867954911433173,4.924852388620504,1.3352120236178207,0.0939345142243693
111,42.98845947396672,26.56333870101986,2.9790660225442833,1.6505636070853462,19.753086419753085,4.723564143853999,1.247987117552335,0.0939345142243693
112,43.07568438003221,26.496242619431026,2.9790660225442833,1.6371443907675791,19.545088566827697,4.723564143853999,1.4492753623188406,0.0939345142243693
113,43.33735909822866,26.36876006441224,2.965646806226516,1.6170155662909287,19.49812130971551,4.7101449275362315,1.4090177133655395,0.0939345142243693
114,43.29039184111648,26.140633387010197,2.952227589908749,1.6170155662909287,19.43773483628556,4.951690821256038,1.5163714439076759,0.0939345142243693
115,43.505099302200755,25.925925925925927,2.952227589908749,1.6103059581320451,19.424315619967793,4.824208266237251,1.6639828234031133,0.0939345142243693
116,43.82716049382716,25.63070316693505,3.0059044551798175,1.6103059581320451,19.37734836285561,4.790660225442834,1.6639828234031133,0.0939345142243693
117,43.954643048845945,25.5703166935051,2.9723564143853998,1.6103059581320451,19.370638754696724,4.7638217928073,1.6639828234031133,0.0939345142243693
118,44.16935050993022,25.389157273215243,2.898550724637681,1.6103059581320451,19.33709071390231,4.8376274825550185,1.6639828234031133,0.0939345142243693
119,42.881105743424584,24.718196457326894,2.8113258185721954,1.556629092860977,21.504294149221685,4.830917874396135,1.6035963499731616,0.0939345142243693
120,42.975040257648956,24.718196457326894,2.8113258185721954,1.556629092860977,21.443907675791735,4.830917874396135,1.570048309178744,0.0939345142243693
121,42.49194847020934,24.188137412775095,2.7979066022544283,1.556629092860977,22.470477724100913,4.830917874396135,1.570048309178744,0.0939345142243693
122,42.51207729468599,24.261943102522814,2.791196994095545,1.6237251744498122,22.383252818035427,4.830917874396135,1.5029522275899088,0.0939345142243693
123,42.7536231884058,23.839237788513152,2.7643585614600106,1.6237251744498122,22.34970477724101,5.072463768115942,1.5029522275899088,0.0939345142243693
124,43.03542673107891,23.64465915190553,2.7643585614600106,1.7176596886741815,22.168545356951153,5.072463768115942,1.5029522275899088,0.0939345142243693
125,42.619431025228124,24.248523886205046,2.7442297369833604,1.7176596886741815,22.0276435856146,5.045625335480408,1.5029522275899088,0.0939345142243693
126,42.81400966183575,24.188137412775095,2.7442297369833604,1.7176596886741815,21.79951690821256,5.139559849704777,1.5029522275899088,0.0939345142243693
127,42.96833064949007,24.053945249597422,2.804616210413312,1.7176596886741815,21.578099838969404,5.280461621041331,1.5029522275899088,0.0939345142243693
128,42.954911433172306,24.013687600644122,2.804616210413312,1.7176596886741815,21.631776704240472,5.280461621041331,1.5029522275899088,0.0939345142243693
129,42.01556629092861,25.181159420289855,2.771068169618894,1.710950080515298,21.35668276972625,5.253623188405797,1.6170155662909287,0.0939345142243693
130,42.47181964573269,25.10064412238325,2.757648953301127,1.710950080515298,21.20907139023081,5.038915727321524,1.6170155662909287,0.0939345142243693
131,42.46511003757381,24.92619431025228,2.757648953301127,1.710950080515298,21.128556092324207,5.307300053676865,1.6170155662909287,0.08722490606548577
132,42.74020397208803,24.852388620504563,2.657004830917874,1.710950080515298,20.987654320987655,5.347557702630167,1.6170155662909287,0.08722490606548577
133,42.8341384863124,24.838969404186795,2.6435856146001075,1.710950080515298,20.860171765968868,5.287171229200215,1.737788513150832,0.08722490606548577
134,43.062265163714436,24.61755233494364,2.771068169618894,1.6505636070853462,20.618625872249062,5.280461621041331,1.9122383252818036,0.08722490606548577
135,43.162909286097694,24.691358024691358,2.771068169618894,1.6505636070853462,20.511272141706925,5.213365539452496,1.9122383252818036,0.08722490606548577
136,43.572195383789584,24.59742351046699,2.717391304347826,1.6170155662909287,20.283145464304884,5.213365539452496,1.9122383252818036,0.08722490606548577
137,41.82098765432099,26.50295222758991,2.49597423510467,1.6170155662909287,20.26972624798712,5.293880837359098,1.9122383252818036,0.08722490606548577
138,42.089371980676326,26.41572732152442,2.4825550187869028,1.6170155662909287,20.101986044015028,5.293880837359098,1.9122383252818036,0.08722490606548577
139,42.25711218464841,26.127214170692433,2.4825550187869028,1.6170155662909287,20.095276435856146,5.381105743424584,1.9524959742351047,0.08722490606548577
140,42.47852925389157,26.093666129898015,2.442297369833602,1.8183038110574343,19.773215244229736,5.381105743424584,1.9256575415995705,0.08722490606548577
141,42.45169082125604,26.02657004830918,2.4221685453569513,1.8183038110574343,19.692699946323135,5.495169082125604,2.006172839506173,0.08722490606548577
142,42.47852925389157,25.91250670960816,2.5161030595813205,1.8183038110574343,19.343800322061192,5.837359098228664,2.006172839506173,0.08722490606548577
143,42.46511003757381,26.019860440150296,2.6167471819645733,1.8183038110574343,19.182769726247987,5.803811057434245,2.006172839506173,0.08722490606548577
144,42.619431025228124,25.657541599570585,2.6033279656468062,1.8048845947396672,19.290123456790123,5.931293612453032,2.006172839506173,0.08722490606548577
145,42.51878690284487,25.38244766505636,2.677133655394525,1.8048845947396672,19.256575415995705,5.958132045088567,2.314814814814815,0.08722490606548577
146,42.74691358024691,25.308641975308642,2.6704240472356413,1.8048845947396672,19.16935050993022,5.931293612453032,2.281266774020397,0.08722490606548577
147,42.76033279656468,25.281803542673106,2.6704240472356413,1.8048845947396672,19.04186795491143,5.8239398819108965,2.5295222758990876,0.08722490606548577
148,43.01529790660226,25.147611379495437,2.6704240472356413,1.8048845947396672,18.927804616210413,5.8172302737520125,2.5295222758990876,0.08722490606548577
149,43.33064949006978,24.879227053140095,3.052871712292002,1.932367149758454,18.47826086956522,5.709876543209877,2.5295222758990876,0.08722490606548577
150,43.57890499194847,24.751744498121308,3.026033279656468,1.932367149758454,18.38432635534085,5.709876543209877,2.5295222758990876,0.08722490606548577
151,43.853998926462694,24.4699409554482,3.0059044551798175,1.8451422436929683,18.33064949006978,5.783682232957595,2.623456790123457,0.08722490606548577
152,43.71980676328502,24.308910359634996,2.985775630703167,1.9256575415995705,18.23671497584541,5.783682232957595,2.952227589908749,0.08722490606548577
153,43.72651637144391,24.168008588298445,2.985775630703167,1.9122383252818036,18.08239398819109,5.9514224369296835,3.0864197530864197,0.08722490606548577
154,43.67283950617284,23.812399355877616,3.2004830917874396,1.9524959742351047,18.075684380032207,6.099033816425121,3.099838969404187,0.08722490606548577
155,43.874127750939344,23.74530327428878,3.2004830917874396,1.9524959742351047,17.860976918947934,6.213097155126141,3.066290928609769,0.08722490606548577
156,43.914385399892645,23.711755233494365,3.2004830917874396,1.9524959742351047,17.793880837359097,6.213097155126141,3.126677402039721,0.08722490606548577
157,43.974771873322595,23.564143853998928,3.2004830917874396,1.9726247987117553,17.726784755770264,6.213097155126141,3.260869565217391,0.08722490606548577
158,43.525228126677405,23.483628556092324,3.2675791733762747,1.9726247987117553,18.411164787976382,6.1862587224906065,3.066290928609769,0.08722490606548577
159,43.605743424584006,23.483628556092324,3.2675791733762747,1.9726247987117553,18.303811057434245,6.1862587224906065,3.1602254428341383,0.020128824476650563
160,43.86070853462158,23.235373054213635,3.2541599570585076,1.9726247987117553,18.23671497584541,6.286902844873859,3.1333870101986045,0.020128824476650563
161,43.96806226516372,23.22866344605475,3.2340311325818574,1.9726247987117553,18.183038110574344,6.260064412238325,3.1333870101986045,0.020128824476650563
162,44.26328502415459,23.027375201288244,3.2340311325818574,1.9726247987117553,17.98845947396672,6.360708534621578,3.1333870101986045,0.020128824476650563
163,43.71980676328502,22.69189479334407,3.052871712292002,1.9726247987117553,18.71309715512614,6.273483628556092,3.556092324208266,0.020128824476650563
164,43.90096618357488,22.611379495437465,3.052871712292002,1.9659151905528718,18.69296833064949,6.199677938808374,3.556092324208266,0.020128824476650563
165,44.0552871712292,22.262479871175522,3.1870638754696725,1.9659151905528718,18.632581857219538,6.1862587224906065,3.6902844873859366,0.020128824476650563
166,44.216317767042405,22.17525496511004,3.180354267310789,1.9256575415995705,18.531937734836287,6.266774020397209,3.683574879227053,0.020128824476650563
167,44.35050993022008,22.014224369296834,3.180354267310789,1.9122383252818036,18.49838969404187,6.260064412238325,3.7640901771336552,0.020128824476650563
168,44.60547504025765,21.973966720343533,3.113258185721954,1.9122383252818036,18.471551261406333,6.166129898013956,3.7372517444981215,0.020128824476650563
169,44.68599033816425,20.913848631239937,2.9589371980676327,3.260869565217391,18.303811057434245,6.166129898013956,3.6902844873859366,0.020128824476650563
170,44.6256038647343,21.068169618894256,2.9589371980676327,3.260869565217391,18.209876543209877,6.166129898013956,3.6902844873859366,0.020128824476650563
171,44.69269994632314,21.34326355340848,2.9589371980676327,3.227321524422974,17.827428878153516,6.139291465378422,3.7909286097691894,0.020128824476650563
172,44.36392914653784,20.705850778314545,2.9589371980676327,3.227321524422974,18.59903381642512,6.213097155126141,3.911701556629093,0.020128824476650563
173,44.53166935050993,20.531400966183575,3.099838969404187,3.227321524422974,18.391035963499732,6.300322061191626,3.898282340311326,0.020128824476650563
174,44.85373054213634,20.48443370907139,3.0394524959742353,3.227321524422974,18.276972624798713,6.246645195920558,3.851315083199141,0.020128824476650563
175,44.115673644659154,19.545088566827697,2.818035426731079,3.2139023081052067,19.81347289318304,6.468062265163715,4.005636070853462,0.020128824476650563
176,43.887546967257116,19.43773483628556,2.8113258185721954,3.2206119162640903,19.81347289318304,6.528448738593666,4.300858829844337,
177,43.42458400429415,19.37734836285561,2.8113258185721954,3.361513687600644,19.390767579173378,7.367149758454106,4.26731078904992,
178,43.612453032742884,19.236446591519055,2.8113258185721954,3.455448201825013,19.28341384863124,7.367149758454106,4.233762748255502,
179,43.90096618357488,19.04186795491143,2.7442297369833604,3.4286097691894795,19.176060118089104,7.367149758454106,4.341116478797638,
180,44.02173913043478,18.914385399892645,2.7442297369833604,3.549382716049383,19.162640901771336,7.266505636070853,4.341116478797638,
181,44.316961889425656,18.666129898013956,2.791196994095545,3.535963499731616,19.108964036500268,7.239667203435319,4.341116478797638,
182,44.578636607622116,18.585614600107355,2.791196994095545,3.535963499731616,19.061996779388085,7.273215244229737,4.17337627482555,
183,44.64573268921095,18.53864734299517,2.791196994095545,3.629898013955985,18.95464304884595,7.266505636070853,4.17337627482555,
184,44.6256038647343,18.511808910359633,2.791196994095545,3.6097691894793345,19.02173913043478,7.266505636070853,4.17337627482555,
185,44.42431561996779,18.263553408480945,2.791196994095545,3.5963499731615673,19.330381105743424,7.427536231884058,4.166666666666667,
186,44.498121309715515,18.115942028985508,2.791196994095545,3.6902844873859366,19.249865807836823,7.4006977992485234,4.253891572732153,
187,44.35050993022008,17.96833064949007,2.791196994095545,3.770799785292539,19.316961889425656,7.461084272678476,4.341116478797638,
188,43.77348362855609,19.0955448201825,2.791196994095545,3.8580246913580245,18.753354804079443,7.427536231884058,4.300858829844337,
189,43.84728931830381,18.9747718733226,2.791196994095545,3.8915727321524423,18.71309715512614,7.407407407407407,4.374664519592056,
190,44.14922168545357,18.63929146537842,2.771068169618894,3.9720880300590444,18.753354804079443,7.407407407407407,4.30756843800322,
191,44.216317767042405,18.612453032742888,2.7643585614600106,3.9586688137412773,18.726516371443907,7.2933440687063875,4.428341384863124,
192,44.518250134192165,18.397745571658614,2.85829307568438,3.9586688137412773,18.632581857219538,7.239667203435319,4.394793344068707,
193,44.6256038647343,18.45813204508857,2.9723564143853998,3.878153515834675,18.46484165324745,7.226247987117552,4.374664519592056,
194,40.82796564680623,27.053140096618357,2.831454643048846,3.7573805689747717,14.573268921095009,7.139023081052066,3.8177670424047236,
195,41.1634460547504,26.932367149758456,2.818035426731079,3.750670960815888,14.38539989264627,7.132313472893183,3.8177670424047236,
196,41.41170155662909,26.7914653784219,2.818035426731079,3.7372517444981215,14.284755770263017,6.951154052603328,4.005636070853462,
197,40.713902308105204,27.75764895330113,2.818035426731079,3.69699409554482,14.056629092860977,6.951154052603328,4.005636070853462,
198,40.58641975308642,27.576489533011273,2.623456790123457,5.092592592592593,13.915727321524423,6.353998926462695,3.851315083199141,
199,40.70048309178744,27.4422973698336,2.623456790123457,5.199946323134729,13.942565754159958,6.239935587761675,3.851315083199141,
200,41.1231884057971,27.234299516908212,2.5563607085346214,5.199946323134729,13.922436929683306,6.179549114331723,3.784219001610306,
201,41.17015566290929,27.140365002683843,2.6167471819645733,5.152979066022544,13.902308105206655,6.233225979602791,3.784219001610306,
202,41.23054213633924,27.086688137412775,2.6033279656468062,5.152979066022544,13.922436929683306,6.219806763285024,3.784219001610306,
203,41.317767042404725,27.026301663982824,2.6033279656468062,5.287171229200215,13.768115942028986,6.213097155126141,3.784219001610306,
204,41.2842190016103,26.798174986580783,2.536231884057971,5.407944176060118,13.560118089103597,6.629092860976919,3.784219001610306,
205,41.680085882984436,26.67740203972088,2.536231884057971,5.401234567901234,13.439345142243694,6.535158346752549,3.730542136339238,
206,41.94176060118089,26.288244766505635,2.536231884057971,5.401234567901234,13.58695652173913,6.515029522275899,3.730542136339238,
207,42.36446591519055,26.120504562533547,2.536231884057971,5.374396135265701,13.493022007514762,6.421095008051529,3.6902844873859366,
208,42.43827160493827,25.95276435856146,2.536231884057971,5.35426731078905,13.607085346215781,6.421095008051529,3.6902844873859366,
209,42.7938808373591,25.825281803542673,2.536231884057971,5.35426731078905,13.506441223832528,6.374127750939345,3.6097691894793345,
210,42.89452495974235,25.751476113794954,2.536231884057971,5.35426731078905,13.479602791196994,6.374127750939345,3.6097691894793345,
211,42.74691358024691,25.885668276972623,2.428878153515835,5.501878690284487,13.45276435856146,6.293612453032743,3.6902844873859366,
212,42.94820182501342,25.83870101986044,2.428878153515835,5.475040257648954,13.419216317767042,6.219806763285024,3.670155662909286,
213,43.183038110574344,25.670960815888353,2.3886205045625335,5.475040257648954,13.39237788513151,6.219806763285024,3.670155662909286,
214,43.43129361245303,25.63070316693505,2.3617820719269993,5.475040257648954,13.238056897477188,6.072195383789587,3.7909286097691894,
215,43.49838969404187,25.32206119162641,2.5161030595813205,5.475040257648954,13.378958668813741,6.045356951154052,3.7640901771336552,
216,43.69967793880837,25.234836285560924,2.5026838432635534,5.475040257648954,13.318572195383789,6.045356951154052,3.7238325281803544,
217,43.73322597960279,25.207997852925388,2.5026838432635534,5.46833064949007,13.378958668813741,6.045356951154052,3.6634460547504024,
218,43.77348362855609,25.194578636607623,2.5026838432635534,5.46833064949007,13.378958668813741,6.018518518518518,3.6634460547504024,
219,43.80032206119163,24.86580783682233,2.5831991411701556,5.340848094471283,13.298443370907139,5.998389694041868,4.1129898013955986,
220,43.887546967257116,24.60413311862587,2.4557165861513686,5.6964573268921095,13.251476113794954,6.031937734836285,4.072732152442297,
221,43.96806226516372,24.59742351046699,2.442297369833602,5.662909286097692,13.271604938271604,5.984970477724101,4.072732152442297,
222,44.32367149758454,24.530327428878152,2.3752012882447664,5.649490069779925,13.258185721953838,5.9514224369296835,3.911701556629093,
223,44.337090713902306,24.44310252281267,2.5161030595813205,5.649490069779925,13.231347289318304,5.924584004294149,3.898282340311326,
224,44.37063875469673,24.416264090177133,2.5161030595813205,5.58239398819109,13.325281803542673,5.917874396135265,3.8714439076757916,
225,44.37734836285561,24.214975845410628,2.4892646269457863,5.58239398819109,13.231347289318304,6.246645195920558,3.8580246913580245,
226,44.39747718733226,24.20155662909286,2.475845410628019,5.548845947396672,13.311862587224907,6.206387546967257,3.8580246913580245,
227,44.6658615136876,24.00697799248524,2.4490069779924855,5.562265163714439,13.305152979066023,6.152710681696189,3.8580246913580245,
228,44.56521739130435,23.872785829307567,2.442297369833602,5.535426731078905,13.446054750402576,6.199677938808374,3.938539989264627,
229,44.57192699946323,23.58427267847558,2.4355877616747184,5.522007514761138,13.539989264626946,6.1929683306494905,4.1532474503489,
230,44.639023081052066,23.57085346215781,2.4355877616747184,5.522007514761138,13.526570048309178,6.1929683306494905,4.1129898013955986,
231,44.76650563607085,23.409822866344605,2.4221685453569513,5.629361245303274,13.466183574879228,6.1929683306494905,4.1129898013955986,
232,45.108695652173914,23.2487922705314,2.4154589371980677,5.629361245303274,13.365539452495975,6.159420289855072,4.072732152442297,
233,45.08185721953838,23.007246376811594,2.771068169618894,5.629361245303274,13.278314546430488,6.159420289855072,4.072732152442297,
234,44.99463231347289,22.98040794417606,2.7241009125067097,5.676328502415459,13.39237788513151,6.159420289855072,4.072732152442297,
235,45.128824476650564,22.873054213633925,2.690552871712292,5.676328502415459,13.378958668813741,6.199677938808374,4.052603327965647,
236,45.34353193773484,22.638217928073,2.9119699409554483,5.501878690284487,13.378958668813741,6.1862587224906065,4.03918411164788,
237,45.32340311325819,22.5577026301664,2.9119699409554483,5.488459473966721,13.24476650563607,6.320450885668277,4.1532474503489,
238,45.32340311325819,22.27589908749329,3.026033279656468,5.528717122920021,13.24476650563607,6.447933440687064,4.1532474503489,
239,45.450885668276975,22.22222222222222,3.026033279656468,5.515297906602254,13.197799248523886,6.447933440687064,4.139828234031133,
240,45.37707997852925,22.22222222222222,3.026033279656468,5.797101449275362,13.036768652710682,6.421095008051529,4.119699409554482,
241,45.59849704777241,22.061191626409016,2.965646806226516,5.931293612453032,12.989801395598498,6.394256575415996,4.05931293612453,
242,45.8467525496511,21.960547504025765,2.85829307568438,5.931293612453032,12.949543746645196,6.394256575415996,4.05931293612453,
243,45.880300590445515,21.886741814278047,2.8381642512077296,6.025228126677402,12.983091787439614,6.347289318303811,4.03918411164788,
244,45.66559312936125,21.638486312399355,2.8381642512077296,6.005099302200751,13.385668276972625,6.4412238325281805,4.025764895330113,
245,45.8064949006978,21.557971014492754,2.831454643048846,6.139291465378422,13.24476650563607,6.394256575415996,4.025764895330113,
246,45.94068706387547,21.43719806763285,2.831454643048846,6.078904991948471,13.305152979066023,6.380837359098229,4.025764895330113,
247,46.2962962962963,21.24261943102523,2.8247450348899625,5.958132045088567,13.405797101449275,6.3070316693505095,3.965378421900161,
248,46.443907675791735,21.135265700483092,2.8247450348899625,5.958132045088567,13.405797101449275,6.3070316693505095,3.92512077294686,
249,46.5378421900161,21.054750402576488,2.804616210413312,5.917874396135265,13.345410628019323,6.3070316693505095,4.032474503488996,
250,46.67203435319377,21.048040794417606,2.8515834675254963,5.891035963499732,13.238056897477188,6.3070316693505095,3.992216854535695,
251,47.356414385399894,20.739398819108963,2.8515834675254963,5.763553408480945,13.103864734299517,6.293612453032743,3.8915727321524423,
252,47.60466988727858,20.685721953837895,2.844873859366613,5.756843800322061,13.056897477187333,6.260064412238325,3.7909286097691894,
253,47.54428341384863,20.645464304884594,2.791196994095545,5.609232420826624,13.405797101449275,6.206387546967257,3.797638217928073,
254,47.88647342995169,20.41062801932367,2.7777777777777777,5.609232420826624,13.345410628019323,6.1862587224906065,3.784219001610306,
255,48.067632850241544,20.2361782071927,2.7777777777777777,5.810520665593129,13.191089640365004,6.152710681696189,3.7640901771336552,
256,48.48362855609233,19.994632313472895,2.8247450348899625,5.790391841116479,12.95625335480408,6.099033816425121,3.851315083199141,
257,48.590982286634464,19.867149758454108,2.7844873859366612,5.783682232957595,12.909286097691895,6.072195383789587,3.992216854535695,
258,48.812399355877616,19.77992485238862,2.771068169618894,5.750134192163178,12.775093934514224,6.119162640901771,3.992216854535695,
259,48.8191089640365,19.64573268921095,2.771068169618894,5.750134192163178,12.902576489533011,6.119162640901771,3.992216854535695,
260,48.01395598497048,19.598765432098766,2.771068169618894,5.743424584004294,13.801663982823403,6.078904991948471,3.992216854535695,
261,48.060923242082666,19.55179817498658,2.771068169618894,5.736714975845411,13.801663982823403,5.958132045088567,4.119699409554482,
262,48.27563070316693,19.49812130971551,2.771068169618894,5.736714975845411,13.654052603327965,5.958132045088567,4.106280193236715,
263,48.41653247450349,19.424315619967793,2.757648953301127,5.736714975845411,13.674181427804616,5.884326355340848,4.106280193236715,
264,48.490338164251206,19.424315619967793,2.737520128824477,5.803811057434245,13.627214170692431,5.810520665593129,4.106280193236715,
265,48.78556092324208,19.350509930220074,2.737520128824477,5.797101449275362,13.560118089103597,5.723295759527644,4.045893719806763,
266,48.97342995169082,19.236446591519055,2.6167471819645733,5.797101449275362,13.560118089103597,5.629361245303274,4.186795491143317,
267,49.020397208803004,19.135802469135804,2.6167471819645733,6.146001073537305,13.365539452495975,5.528717122920021,4.186795491143317,
268,48.02066559312936,18.45813204508857,2.5295222758990876,6.025228126677402,15.378421900161031,5.414653784219001,4.17337627482555,
269,48.121309715512616,18.357487922705314,2.5295222758990876,6.025228126677402,15.378421900161031,5.414653784219001,4.17337627482555,
270,47.92673107890499,18.109232420826622,2.5026838432635534,6.66935050993022,15.33816425120773,5.293880837359098,4.159957058507783,
271,48.2085346215781,18.04884594739667,2.4154589371980677,6.749865807836822,15.190552871712292,5.226784755770263,4.159957058507783,
272,47.79253891572732,17.713365539452496,2.536231884057971,6.863929146537842,15.505904455179817,5.213365539452496,4.374664519592056,
273,47.557702630166396,16.71363392377885,2.4557165861513686,8.185721953837897,15.458937198067632,5.367686527106817,4.260601180891036,
274,47.64492753623188,16.586151368760063,2.4557165861513686,8.185721953837897,15.559581320450885,5.3341384863123995,4.233762748255502,
275,47.63150831991412,16.566022544283413,2.4557165861513686,8.179012345679013,15.60654857756307,5.3274288781535155,4.233762748255502,
276,47.758990874932906,16.532474503488995,2.4221685453569513,8.293075684380032,15.546162104133119,5.213365539452496,4.233762748255502,
277,47.88647342995169,16.344605475040257,2.4020397208803006,7.971014492753623,15.53274288781535,5.166398282340311,4.696725711218465,
278,48.081052066559316,16.069511540526033,2.4020397208803006,7.950885668276973,15.633387010198604,5.166398282340311,4.696725711218465,
279,48.20182501341922,16.0426731078905,2.4020397208803006,8.044820182501342,15.53274288781535,5.166398282340311,4.609500805152979,
280,48.28234031132582,15.98899624261943,2.3886205045625335,8.09849704777241,15.458937198067632,5.159688674181428,4.622920021470746,
281,48.25550187869028,15.713902308105206,2.368491680085883,8.695652173913043,15.22410091250671,5.01207729468599,4.730273752012883,
282,48.42324208266237,15.70048309178744,2.368491680085883,8.641975308641975,15.163714439076758,4.998658078368224,4.703435319377348,
283,47.658346752549654,15.687063875469672,2.24771873322598,9.561191626409018,15.177133655394526,4.414922168545357,5.253623188405797,
284,47.77241009125067,15.599838969404187,2.24771873322598,9.561191626409018,15.157004830917874,4.42163177670424,5.24020397208803,
285,48.060923242082666,15.45222758990875,2.24771873322598,9.561191626409018,15.01610305958132,4.42163177670424,5.24020397208803,
286,48.24208266237252,15.378421900161031,2.227589908749329,9.41358024691358,15.11003757380569,4.42163177670424,5.2066559312936125,
287,48.35614600107354,15.24422973698336,2.2611379495437465,9.406870638754697,15.103327965646805,4.42163177670424,5.2066559312936125,
288,48.530595813204506,15.190552871712292,2.254428341384863,9.373322597960279,15.049651100375739,4.42163177670424,5.179817498658078,
289,48.812399355877616,15.116747181964573,2.254428341384863,9.272678475577026,14.868491680085883,4.42163177670424,5.173107890499195,0.08051529790660225
290,48.91304347826087,15.069779924852389,2.254428341384863,9.252549651100376,14.868491680085883,4.42163177670424,5.139559849704777,0.08051529790660225
291,49.15458937198068,14.969135802469136,2.254428341384863,9.138486312399356,14.855072463768115,4.408212560386473,5.139559849704777,0.08051529790660225
292,49.21497584541063,14.955716586151368,2.200751476113795,9.205582393988191,14.828234031132581,4.388083735909823,5.12614063338701,0.08051529790660225
293,49.49006977992485,14.915458937198068,2.1269457863660763,9.16532474503489,14.855072463768115,4.26731078904992,5.0993022007514766,0.08051529790660225
294,49.785292538915726,14.88191089640365,2.1135265700483092,9.125067096081589,14.78797638217928,4.139828234031133,5.0858829844337095,0.08051529790660225
295,49.382716049382715,14.720880300590446,2.0799785292538915,9.802737520128824,14.821524422973699,4.052603327965647,5.059044551798175,0.08051529790660225
296,49.463231347289316,14.694041867954912,2.0799785292538915,9.903381642512077,14.694041867954912,4.052603327965647,5.032206119162641,0.08051529790660225
297,49.724906065485776,14.492753623188406,2.15378421900161,9.816156736446592,14.566559312936125,4.213633923778851,4.951690821256038,0.08051529790660225
298,49.932903918411164,14.358561460010735,2.15378421900161,9.896672034353195,14.418947933440688,4.213633923778851,4.944981213097155,0.08051529790660225
299,50.0402576489533,14.231078904991948,2.2342995169082127,9.896672034353195,14.284755770263017,4.200214707461084,5.032206119162641,0.08051529790660225
300,50.14090177133655,14.070048309178745,2.2208803005904456,9.829575952764358,14.143853998926463,4.200214707461084,5.314009661835748,0.08051529790660225
301,50.046967257112186,14.029790660225443,2.2208803005904456,9.73564143853999,14.090177133655395,4.40150295222759,5.394524959742351,0.08051529790660225
