,45,50,55,52,53,51,54,57,56,59,60,58
0,98.84594739667203,1.1540526033279657,,,,,,,,,,
1,97.1886741814278,2.8113258185721954,,,,,,,,,,
2,92.69323671497584,7.306763285024155,,,,,,,,,,
3,87.66774020397209,12.191358024691358,0.14090177133655393,,,,,,,,,
4,85.73537305421364,14.123725174449811,0.14090177133655393,,,,,,,,,
5,82.97101449275362,15.619967793880837,0.10064412238325282,1.3083735909822867,,,,,,,,
6,80.60252281266774,17.800590445517983,0.16774020397208803,1.3083735909822867,0.12077294685990338,,,,,,,
7,78.48228663446055,19.85373054213634,0.2147074610842727,1.3083735909822867,0.12077294685990338,0.020128824476650563,,,,,,
8,75.01341921631777,23.32259796027912,0.2147074610842727,1.3083735909822867,0.12077294685990338,0.020128824476650563,,,,,,
9,74.32232957595276,24.013687600644122,0.2147074610842727,1.3083735909822867,0.12077294685990338,0.020128824476650563,,,,,,
10,74.15458937198068,24.12775093934514,0.2683843263553409,1.3083735909822867,0.12077294685990338,0.020128824476650563,,,,,,
11,67.57917337627482,30.703166935050994,0.2683843263553409,1.3083735909822867,0.12077294685990338,0.020128824476650563,,,,,,
12,65.07648953301127,33.20585077831455,0.2683843263553409,1.3083735909822867,0.12077294685990338,0.020128824476650563,,,,,,
13,64.94900697799248,33.17901234567901,0.4227053140096618,1.3083735909822867,0.12077294685990338,0.020128824476650563,,,,,,
14,64.55984970477724,33.56816961889426,0.4227053140096618,1.3083735909822867,0.12077294685990338,0.020128824476650563,,,,,,
15,64.63365539452496,33.467525496511,0.4495437466451959,1.3083735909822867,0.12077294685990338,0.020128824476650563,,,,,,
16,50.1610305958132,44.176060118089104,0.46967257112184646,1.3083735909822867,0.12077294685990338,3.7238325281803544,0.040257648953301126,,,,,
17,50.30864197530864,43.994900697799245,0.5032206119162641,1.3083735909822867,0.12077294685990338,3.7238325281803544,0.040257648953301126,,,,,
18,50.42941492216855,43.77348362855609,0.630703166935051,1.2815351583467525,0.12077294685990338,3.7238325281803544,0.040257648953301126,,,,,
19,50.348899624261946,43.73993558776167,0.7447665056360708,1.2815351583467525,0.12077294685990338,3.7238325281803544,0.040257648953301126,,,,,
20,26.006441223832528,69.10896403650027,0.5904455179817498,1.2815351583467525,0.14761137949543746,2.717391304347826,0.14761137949543746,,,,,
21,25.85212023617821,67.58588298443371,0.7380568974771873,2.5429414922168547,0.27509393451422437,2.0799785292538915,0.9259259259259259,,,,,
22,25.5703166935051,65.15029522275898,1.2546967257112185,2.5295222758990876,2.5563607085346214,2.0128824476650564,0.9259259259259259,,,,,
23,25.563607085346217,64.43907675791733,1.583467525496511,2.5295222758990876,2.5563607085346214,2.0128824476650564,1.3150831991411702,,,,,
24,25.738056897477186,64.04320987654322,1.7847557702630166,2.5496511003757383,2.5563607085346214,2.0128824476650564,1.3150831991411702,,,,,
25,23.32259796027912,65.6333870101986,1.8786902844873858,2.5496511003757383,2.5831991411701556,2.0128824476650564,2.01959205582394,,,,,
26,23.1682769726248,63.12399355877617,4.146537842190016,2.536231884057971,2.5831991411701556,2.4221685453569513,2.01959205582394,,,,,
27,23.309178743961354,62.835480407944175,4.300858829844337,2.536231884057971,2.576489533011272,2.4221685453569513,2.01959205582394,,,,,
28,23.376274825550187,62.19135802469136,4.87788513150832,2.536231884057971,2.576489533011272,2.4221685453569513,2.01959205582394,,,,,
29,23.362855609232422,61.36607622114869,5.71658615136876,2.536231884057971,2.576489533011272,2.328234031132582,2.1135265700483092,,,,,
30,23.409822866344605,61.13794954374664,5.911164787976382,2.536231884057971,2.576489533011272,2.328234031132582,2.100107353730542,,,,,
31,17.438271604938272,67.4315619967794,5.770263016639828,2.522812667740204,1.4626945786366077,3.2474503488996245,2.100107353730542,0.026838432635534086,,,,
32,17.56575415995706,66.84111647879764,6.246645195920558,2.522812667740204,1.4626945786366077,3.2340311325818574,2.100107353730542,0.026838432635534086,,,,
33,15.22410091250671,64.50617283950618,6.246645195920558,1.133923778851315,4.341116478797638,6.421095008051529,2.100107353730542,0.026838432635534086,,,,
34,15.35829307568438,63.439345142243695,6.1929683306494905,1.133923778851315,3.6500268384326353,8.07836822329576,2.120236178207193,0.026838432635534086,,,,
35,15.4723564143854,61.211755233494365,6.132581857219538,1.133923778851315,5.595813204508857,8.07836822329576,2.3483628556092326,0.026838432635534086,,,,
36,15.619967793880837,60.89640365002684,6.300322061191626,1.133923778851315,5.5689747718733225,7.944176060118089,2.3483628556092326,0.026838432635534086,0.13419216317767044,0.026838432635534086,,
37,15.479066022544284,60.218733225979605,6.293612453032743,1.133923778851315,6.280193236714976,8.064949006977992,2.341653247450349,0.026838432635534086,0.13419216317767044,0.026838432635534086,,
38,15.566290928609769,59.272678475577024,6.072195383789587,1.133923778851315,7.246376811594203,8.051529790660226,2.341653247450349,0.026838432635534086,0.13419216317767044,0.026838432635534086,0.1274825550187869,
39,15.687063875469672,58.803005904455176,6.5485775630703165,1.133923778851315,7.105475040257649,8.071658615136876,2.3349436392914655,0.026838432635534086,0.13419216317767044,0.026838432635534086,0.1274825550187869,
40,15.848094471282877,58.65539452495974,6.568706387546968,1.133923778851315,7.125603864734299,8.024691358024691,2.328234031132582,0.026838432635534086,0.13419216317767044,0.026838432635534086,0.1274825550187869,
41,12.983091787439614,56.56199677938808,6.582125603864735,0.08722490606548577,4.119699409554482,17.391304347826086,1.9592055823939882,0.026838432635534086,0.13419216317767044,0.026838432635534086,0.1274825550187869,
42,13.063607085346217,55.96484165324745,6.91760601180891,0.08722490606548577,4.045893719806763,17.324208266237253,2.086688137412775,0.026838432635534086,0.32877079978529256,0.026838432635534086,0.1274825550187869,
43,13.110574342458401,55.66961889425657,7.1658615136876005,0.08722490606548577,4.012345679012346,17.324208266237253,2.086688137412775,0.026838432635534086,0.32877079978529256,0.026838432635534086,0.1274825550187869,0.03354804079441761
44,13.097155126140633,55.723295759527645,7.132313472893183,0.08722490606548577,4.005636070853462,17.324208266237253,2.086688137412775,0.026838432635534086,0.32877079978529256,0.026838432635534086,0.1274825550187869,0.03354804079441761
45,13.24476650563607,55.30730005367686,7.427536231884058,0.08722490606548577,4.005636070853462,17.24369296833065,2.086688137412775,0.026838432635534086,0.3824476650563607,0.026838432635534086,0.1274825550187869,0.03354804079441761
46,11.084272678475577,62.42619431025228,7.219538378958669,0.06709608158883522,7.763016639828234,8.742619431025227,1.9592055823939882,0.026838432635534086,0.4562533548040794,0.026838432635534086,0.1274825550187869,0.10064412238325282
47,9.648416532474503,63.54669887278583,7.326892109500805,,7.749597423510467,7.575147611379496,3.4151905528717124,0.026838432635534086,0.4562533548040794,0.026838432635534086,0.1274825550187869,0.10064412238325282
48,9.64170692431562,61.842458400429415,7.4006977992485234,,7.722758990874933,7.541599570585078,5.112721417069243,0.026838432635534086,0.4562533548040794,0.026838432635534086,0.1274825550187869,0.10064412238325282
49,9.75577026301664,60.507246376811594,6.977992485238862,0.07380568974771873,9.31964573268921,7.514761137949543,5.112721417069243,0.026838432635534086,0.4562533548040794,0.026838432635534086,0.1274825550187869,0.10064412238325282
50,10.071121846484166,59.88996242619431,7.192699946323135,0.04696725711218465,9.406870638754697,7.48792270531401,5.166398282340311,0.026838432635534086,0.4562533548040794,0.026838432635534086,0.1274825550187869,0.10064412238325282
51,9.802737520128824,51.227858293075684,7.501341921631776,0.04696725711218465,18.679549114331724,6.937734836285561,5.092592592592593,,0.4562533548040794,0.026838432635534086,0.1274825550187869,0.10064412238325282
52,9.876543209876543,51.1003757380569,7.555018786902845,0.04696725711218465,18.65271068169619,6.528448738593666,5.381105743424584,,0.5837359098228664,0.026838432635534086,0.1274825550187869,0.12077294685990338
53,9.916800858829845,50.87224906065486,7.669082125603865,0.04696725711218465,18.46484165324745,6.394256575415996,5.58239398819109,0.14761137949543746,0.5837359098228664,0.026838432635534086,0.1274825550187869,0.16774020397208803
54,9.977187332259795,50.60386473429951,7.890499194847021,0.04696725711218465,18.451422436929683,6.394256575415996,5.58239398819109,0.14761137949543746,0.5837359098228664,0.026838432635534086,0.1274825550187869,0.16774020397208803
55,9.708803005904455,46.772678475577024,7.709339774557166,12.02361782071927,10.768921095008052,6.367418142780462,5.542136339237788,0.23483628556092323,0.5837359098228664,0.026838432635534086,0.1274825550187869,0.13419216317767044
56,9.762479871175524,46.71900161030596,7.675791733762749,11.916264090177133,10.742082662372518,6.3137412775093935,5.589103596349974,0.3421900161030596,0.6508319914117016,0.026838432635534086,0.1274825550187869,0.13419216317767044
57,9.688674181427805,45.4777241009125,7.776435856146001,11.916264090177133,11.668008588298443,6.3137412775093935,5.589103596349974,0.4428341384863124,0.6508319914117016,0.026838432635534086,0.1274825550187869,0.322061191626409
58,9.742351046698873,45.38378958668814,7.7361782071927,11.77536231884058,11.668008588298443,6.226516371443908,5.649490069779925,0.5837359098228664,0.7581857219538379,0.026838432635534086,0.1274825550187869,0.322061191626409
59,9.688674181427805,44.71282877079979,5.971551261406334,11.922973698336017,14.251207729468598,6.226516371443908,5.636070853462158,0.5703166935050993,0.6038647342995169,0.026838432635534086,,0.38915727321524424
60,9.71551261406334,44.50483091787439,5.998389694041868,11.922973698336017,15.042941492216855,5.589103596349974,5.636070853462158,0.5703166935050993,0.6038647342995169,0.026838432635534086,,0.38915727321524424
61,9.762479871175524,43.63929146537842,5.850778314546431,11.124530327428879,16.183574879227052,5.501878690284487,5.542136339237788,1.2949543746645196,0.6843800322061192,0.026838432635534086,,0.38915727321524424
62,8.507783145464305,39.62023617820719,5.703166935050993,11.084272678475577,14.2914653784219,13.372249060654857,4.683306494900698,1.724369296833065,0.6709608158883521,0.026838432635534086,,0.3153515834675255
63,7.924047235641439,37.63419216317767,5.709876543209877,11.037305421363392,14.190821256038648,13.311862587224907,7.360440150295223,1.724369296833065,0.6709608158883521,0.026838432635534086,,0.4092860976918948
64,7.9039184111647875,36.252012882447666,5.783682232957595,13.942565754159958,13.741277509393452,12.882447665056361,6.481481481481482,1.8048845947396672,0.6709608158883521,0.026838432635534086,,0.5099302200751477
65,8.011272141706923,36.07085346215781,5.709876543209877,13.902308105206655,13.79495437466452,12.842190016103059,6.629092860976919,1.8048845947396672,0.6709608158883521,0.026838432635534086,,0.5367686527106817
66,8.031400966183575,35.86285560923242,6.199677938808374,14.593397745571659,13.070316693505099,12.560386473429952,6.608964036500268,1.7914653784219001,0.7514761137949544,0.026838432635534086,,0.5032206119162641
67,8.004562533548041,35.05099302200752,7.212828770799785,14.573268921095009,13.050187869028449,12.412775093934513,6.588835212023618,1.7914653784219001,0.8655394524959742,0.026838432635534086,,0.4227053140096618
68,8.105206655931294,33.803005904455176,6.884057971014493,18.21658615136876,11.16478797638218,12.305421363392378,6.575415995705851,1.6841116478797638,0.8655394524959742,0.026838432635534086,,0.36902844873859364
69,8.440687063875469,33.561460010735374,6.9243156199677935,18.089103596349972,11.16478797638218,12.298711755233494,6.575415995705851,1.6841116478797638,0.8655394524959742,0.026838432635534086,,0.36902844873859364
70,8.621846484165324,33.54804079441761,6.890767579173376,17.907944176060116,11.117820719269995,12.224906065485776,6.575415995705851,1.8451422436929683,0.8252818035426731,0.026838432635534086,,0.41599570585077833
71,8.702361782071927,33.2259796027912,7.159151905528717,17.907944176060116,11.030595813204508,12.070585077831455,6.6760601180891035,1.8451422436929683,0.8521202361782072,0.026838432635534086,,0.5032206119162641
72,8.742619431025227,33.03811057434246,7.347020933977456,17.887815351583466,11.003757380568974,11.976650563607086,6.790123456790123,1.8317230273752012,0.8521202361782072,0.026838432635534086,,0.5032206119162641
73,8.870101986044014,32.9374664519592,7.340311325818572,17.64626945786366,10.997047772410092,11.976650563607086,6.944444444444445,1.90552871712292,0.8521202361782072,0.026838432635534086,,0.5032206119162641
74,8.742619431025227,29.777241009125067,7.360440150295223,23.95330112721417,8.28636607622115,11.976650563607086,6.729736983360172,1.9793344068706387,0.8185721953837896,0.026838432635534086,,0.3488996242619431
75,8.836553945249598,29.70343531937735,7.494632313472893,23.752012882447666,8.252818035426731,11.855877616747183,6.816961889425658,2.0933977455716586,0.8185721953837896,0.026838432635534086,,0.3488996242619431
76,8.896940418679549,29.7638217928073,7.494632313472893,23.711755233494365,8.252818035426731,11.808910359634996,6.78341384863124,2.0933977455716586,0.8185721953837896,0.026838432635534086,,0.3488996242619431
77,9.091519055287172,29.455179817498657,7.628824476650563,23.63123993558776,7.709339774557166,12.432903918411165,6.78341384863124,2.0263016639828235,0.8588298443370908,0.026838432635534086,,0.35560923242082665
78,9.23913043478261,29.408212560386474,7.648953301127214,23.382984433709073,8.816425120772946,11.238593666129898,6.769994632313473,2.254428341384863,0.8588298443370908,0.026838432635534086,,0.35560923242082665
79,9.39345142243693,28.764090177133657,7.575147611379496,23.423242082662373,9.01100375738057,11.16478797638218,7.078636607622115,2.254428341384863,0.95276435856146,0.026838432635534086,,0.35560923242082665
80,9.50751476113795,28.71712292002147,7.568438003220612,23.2085346215781,8.943907675791733,11.117820719269995,7.078636607622115,2.4020397208803006,1.0399892646269457,0.026838432635534086,,0.38915727321524424
81,9.648416532474503,28.576221148684915,7.830112721417069,23.15485775630703,8.917069243156199,10.93666129898014,7.078636607622115,2.4020397208803006,1.0399892646269457,0.026838432635534086,,0.38915727321524424
82,9.212292002147075,31.863929146537842,7.246376811594203,22.96027911969941,8.507783145464305,10.775630703166936,5.501878690284487,2.314814814814815,1.0399892646269457,0.026838432635534086,,0.5501878690284487
83,9.306226516371444,30.971551261406333,8.11862587224906,22.591250670960815,8.440687063875469,10.762211486849168,5.515297906602254,2.6435856146001075,1.1137949543746646,0.026838432635534086,,0.5099302200751477
84,9.29951690821256,30.763553408480945,8.13875469672571,21.490874932903917,9.970477724100913,10.721953837895867,5.508588298443371,2.5429414922168547,1.0265700483091786,0.026838432635534086,,0.5099302200751477
85,8.849973161567364,29.55582393988191,8.13875469672571,21.349973161567366,9.802737520128824,11.453301127214171,6.635802469135802,2.6502952227589907,1.0265700483091786,0.026838432635534086,,0.5099302200751477
86,8.017981749865807,24.852388620504563,7.320182501341922,17.485238862050455,8.373590982286634,24.168008588298445,6.360708534621578,2.1604938271604937,0.7581857219538379,0.026838432635534086,,0.47638217928073
87,7.669082125603865,24.308910359634996,7.313472893183038,18.149490069779926,8.340042941492216,24.16129898013956,6.474771873322598,2.2879763821792807,0.7917337627482555,0.026838432635534086,,0.47638217928073
88,7.716049382716049,23.65136876006441,7.232957595276436,18.169618894256576,9.078099838969404,24.114331723027377,6.474771873322598,2.2879763821792807,0.7716049382716049,0.026838432635534086,,0.47638217928073
89,7.716049382716049,23.470209339774556,6.3070316693505095,18.095813204508858,11.245303274288782,23.45679012345679,6.340579710144928,2.1940418679549114,0.7447665056360708,0.026838432635534086,,0.4025764895330113
90,7.9106280193236715,23.34272678475577,6.4412238325281805,18.035426731078903,11.218464841653248,23.289049919484704,6.3137412775093935,2.1940418679549114,0.798443370907139,0.026838432635534086,,0.4294149221685454
91,7.997852925389157,23.34272678475577,6.4412238325281805,17.954911433172303,11.218464841653248,23.03408480944713,6.300322061191626,2.314814814814815,0.9393451422436929,0.026838432635534086,,0.4294149221685454
92,8.05823939881911,23.242082662372518,6.541867954911433,17.914653784219002,11.218464841653248,22.987117552334944,6.139291465378422,2.3550724637681157,0.9393451422436929,0.026838432635534086,,0.5770263016639828
93,8.259527643585615,23.181696188942567,6.461352657004831,17.840848094471284,11.285560923242082,22.933440687063875,6.139291465378422,2.3550724637681157,0.9393451422436929,0.026838432635534086,,0.5770263016639828
94,8.319914117015566,21.423778851315085,6.219806763285024,16.82769726247987,10.762211486849168,26.39559849704777,6.112453032742888,2.395330112721417,0.9393451422436929,0.026838432635534086,,0.5770263016639828
95,8.474235104669887,21.390230810520666,6.219806763285024,16.800858829844337,10.762211486849168,26.25469672571122,6.0587761674718195,2.3886205045625335,1.0466988727858293,0.026838432635534086,,0.5770263016639828
96,8.387010198604402,21.443907675791735,6.394256575415996,16.780730005367687,10.762211486849168,26.006441223832528,6.045356951154052,2.3752012882447664,1.2010198604401503,0.026838432635534086,,0.5770263016639828
97,8.454106280193237,21.4170692431562,6.327160493827161,16.75389157273215,10.762211486849168,25.97289318303811,6.045356951154052,2.4020397208803006,1.2010198604401503,0.026838432635534086,,0.6374127750939346
98,8.541331186258722,21.390230810520666,6.300322061191626,16.666666666666668,10.628019323671497,25.825281803542673,6.031937734836285,2.5966183574879227,1.3419216317767042,0.040257648953301126,,0.6374127750939346
99,8.59500805152979,21.256038647342994,6.4345142243692965,16.512345679012345,10.601180891035963,25.704508856682768,6.031937734836285,2.7509393451422435,1.4358561460010735,0.040257648953301126,,0.6374127750939346
100,8.735909822866345,21.155394524959743,6.4345142243692965,16.384863123993558,10.554213633923778,25.664251207729468,6.119162640901771,2.844873859366613,1.42914653784219,0.040257648953301126,,0.6374127750939346
101,8.769457863660762,21.14868491680086,6.528448738593666,16.183574879227052,10.379763821792807,25.51663982823403,6.146001073537305,2.8918411164787976,1.6706924315619969,0.040257648953301126,,0.7246376811594203
102,8.849973161567364,20.994363929146537,7.266505636070853,16.183574879227052,10.305958132045088,24.84567901234568,6.166129898013956,2.8918411164787976,1.6706924315619969,0.040257648953301126,,0.785024154589372
103,8.729200214707461,20.75281803542673,7.226247987117552,16.740472356414386,10.305958132045088,24.792002147074612,6.099033816425121,2.8918411164787976,1.6371443907675791,0.040257648953301126,,0.785024154589372
104,8.608427267847558,19.618894256575416,7.306763285024155,19.612184648416534,8.970746108427267,24.731615673644658,5.776972624798712,2.8918411164787976,1.7444981213097155,0.040257648953301126,,0.6977992485238862
105,8.756038647342995,19.51154052603328,7.25979602791197,19.363929146537842,8.970746108427267,24.60413311862587,5.750134192163178,2.9924852388620504,1.9860440150295222,0.06709608158883522,,0.7380568974771873
106,8.903650026838433,19.45786366076221,7.139023081052066,19.30354267310789,8.930488459473967,24.57729468599034,5.978260869565218,2.9924852388620504,1.9122383252818036,0.06709608158883522,,0.7380568974771873
107,9.044551798174986,19.26328502415459,7.266505636070853,19.269994632313473,8.910359634997317,24.52361782071927,5.964841653247451,2.9924852388620504,1.9390767579173376,0.06709608158883522,,0.7581857219538379
108,9.131776704240472,19.256575415995705,7.25979602791197,19.243156199677937,8.910359634997317,24.496779388083738,5.9514224369296835,2.9924852388620504,1.9390767579173376,0.06709608158883522,,0.7514761137949544
109,9.057971014492754,19.243156199677937,7.1658615136876005,19.75979602791197,8.896940418679549,24.476650563607084,5.9514224369296835,2.5831991411701556,2.046430488459474,0.06709608158883522,,0.7514761137949544
110,9.07139023081052,19.243156199677937,7.286634460547504,19.75979602791197,8.890230810520666,24.329039184111647,5.984970477724101,2.5697799248523885,2.046430488459474,0.06709608158883522,,0.7514761137949544
111,8.849973161567364,17.371175523349436,8.501073537305421,18.625872249060656,11.668008588298443,24.053945249597422,5.71658615136876,2.2074610842726785,2.1940418679549114,0.06709608158883522,,0.7447665056360708
112,9.01100375738057,17.270531400966185,8.480944712828771,18.625872249060656,11.54723564143854,24.02710681696189,5.709876543209877,2.3215244229736984,2.1940418679549114,0.06709608158883522,,0.7447665056360708
113,9.064680622651638,17.196725711218466,8.568169618894256,18.61916264090177,11.600912506709609,24.000268384326354,5.703166935050993,2.2611379495437465,2.1739130434782608,0.06709608158883522,,0.7447665056360708
114,9.225711218464841,17.143048845947398,8.59500805152979,18.59903381642512,11.58749329039184,23.886205045625335,5.676328502415459,2.24771873322598,2.2342995169082127,0.06709608158883522,,0.7380568974771873
115,9.078099838969404,16.76731078904992,8.628556092324208,19.196188942565755,11.466720343531938,23.886205045625335,5.676328502415459,2.24771873322598,2.2342995169082127,0.06709608158883522,0.013419216317767043,0.7380568974771873
116,9.091519055287172,16.76731078904992,8.628556092324208,19.155931293612454,11.466720343531938,23.852657004830917,5.709876543209877,2.2745571658615136,2.2342995169082127,0.06709608158883522,0.013419216317767043,0.7380568974771873
117,7.930756843800322,14.338432635534085,8.011272141706923,17.767042404723565,10.265700483091788,31.320450885668276,5.045625335480408,2.2410091250670963,2.2745571658615136,0.06709608158883522,0.013419216317767043,0.7246376811594203
118,8.13875469672571,14.210950080515298,8.011272141706923,17.693236714975846,10.205314009661835,31.280193236714975,5.059044551798175,2.281266774020397,2.2745571658615136,0.06709608158883522,0.013419216317767043,0.7648953301127214
119,8.145464304884594,14.023081052066559,7.843531937734836,18.04213633923779,10.178475577026301,30.911164787976382,5.179817498658078,2.281266774020397,2.5496511003757383,0.06709608158883522,0.013419216317767043,0.7648953301127214
120,8.279656468062266,13.989533011272142,7.729468599033816,17.8743961352657,10.279119699409554,30.636070853462158,5.320719269994632,2.4154589371980677,2.657004830917874,0.040257648953301126,0.013419216317767043,0.7648953301127214
121,8.279656468062266,13.841921631776705,7.843531937734836,17.807300053676865,10.279119699409554,30.649490069779926,5.314009661835748,2.462426194310252,2.703972088030059,0.040257648953301126,0.013419216317767043,0.7648953301127214
122,8.28636607622115,13.81508319914117,8.433977455716587,17.74020397208803,10.258990874932904,29.938271604938272,5.273752012882448,2.5295222758990876,2.9052603327965647,0.040257648953301126,0.013419216317767043,0.7648953301127214
123,8.527911969940956,13.593666129898015,8.480944712828771,17.733494363929147,10.359634997316157,29.911433172302736,5.146269457863661,2.5295222758990876,2.898550724637681,0.040257648953301126,0.013419216317767043,0.7648953301127214
124,8.433977455716587,13.513150831991412,8.514492753623188,16.55931293612453,14.922168545356952,27.24771873322598,4.931561996779388,2.4221685453569513,2.5697799248523885,0.040257648953301126,0.013419216317767043,0.8319914117015567
125,8.440687063875469,13.513150831991412,9.151905528717123,16.23054213633924,14.801395598497047,26.992753623188406,4.931561996779388,2.2879763821792807,2.7643585614600106,0.040257648953301126,0.013419216317767043,0.8319914117015567
126,8.487654320987655,13.499731615673644,9.198872785829307,16.23054213633924,14.801395598497047,26.73107890499195,5.10601180891036,2.2879763821792807,2.7979066022544283,0.040257648953301126,0.013419216317767043,0.8051529790660226
127,7.843531937734836,13.694310252281268,8.387010198604402,16.19699409554482,14.331723027375201,28.5426731078905,5.2066559312936125,2.15378421900161,2.7844873859366612,0.040257648953301126,0.013419216317767043,0.8051529790660226
128,7.883789586688137,13.6808910359635,8.387010198604402,16.170155662909288,14.331723027375201,28.5426731078905,5.2066559312936125,2.15378421900161,2.7844873859366612,0.040257648953301126,0.013419216317767043,0.8051529790660226
129,7.957595276435856,13.633923778851315,8.420558239398819,16.15673644659152,14.2914653784219,28.509125067096083,5.2066559312936125,2.147074610842727,2.818035426731079,0.040257648953301126,0.013419216317767043,0.8051529790660226
130,7.977724100912507,13.600375738056897,8.514492753623188,16.076221148684915,14.304884594739667,28.267579173376276,5.186527106816962,2.2074610842726785,3.0059044551798175,0.040257648953301126,0.013419216317767043,0.8051529790660226
131,8.192431561996779,13.47289318303811,8.635265700483092,15.975577026301664,14.237788513150832,28.059581320450885,5.186527106816962,2.1940418679549114,3.126677402039721,0.040257648953301126,0.013419216317767043,0.8655394524959742
132,8.199141170155663,13.439345142243694,8.480944712828771,15.921900161030596,14.465915190552872,27.891841116478798,5.0791733762748255,2.254428341384863,3.2541599570585076,0.040257648953301126,0.013419216317767043,0.9594739667203436
133,8.266237251744498,13.365539452495975,8.521202361782072,15.908480944712828,14.593397745571659,27.74422973698336,4.99194847020934,2.254428341384863,3.3413848631239937,0.040257648953301126,0.013419216317767043,0.9594739667203436
134,8.387010198604402,13.365539452495975,8.521202361782072,15.908480944712828,14.593397745571659,27.556360708534623,4.99194847020934,2.254428341384863,3.408480944712829,0.040257648953301126,0.013419216317767043,0.9594739667203436
135,8.313204508856682,13.177670424047236,8.816425120772946,15.727321524422974,15.076489533011273,27.415458937198068,4.804079441760601,2.254428341384863,3.4017713365539453,0.040257648953301126,0.013419216317767043,0.9594739667203436
136,8.373590982286634,13.070316693505099,8.883521202361782,15.579710144927537,15.042941492216855,27.408749329039185,4.918142780461621,2.2745571658615136,3.435319377348363,0.040257648953301126,0.013419216317767043,0.9594739667203436
137,8.474235104669887,13.043478260869565,8.856682769726248,15.579710144927537,14.969135802469136,27.408749329039185,4.918142780461621,2.301395598497048,3.435319377348363,0.040257648953301126,0.013419216317767043,0.9594739667203436
138,8.588298443370908,12.962962962962964,8.923778851315083,15.53274288781535,14.922168545356952,27.18733225979603,5.005367686527107,2.2946859903381642,3.569511540526033,0.040257648953301126,0.013419216317767043,0.9594739667203436
139,8.668813741277509,12.949543746645196,9.118357487922705,15.519323671497585,14.875201288244767,26.939076757917338,4.985238862050457,2.2946859903381642,3.603059581320451,0.040257648953301126,0.013419216317767043,0.9930220075147611
140,8.628556092324208,12.600644122383253,8.460815888352121,15.331454643048845,14.828234031132581,26.898819108964037,6.246645195920558,2.281266774020397,3.6768652710681695,0.040257648953301126,0.013419216317767043,0.9930220075147611
141,8.729200214707461,12.560386473429952,8.413848631239935,15.331454643048845,14.828234031132581,26.88539989264627,6.246645195920558,2.281266774020397,3.6768652710681695,0.040257648953301126,0.013419216317767043,0.9930220075147611
142,8.695652173913043,12.506709608158884,8.460815888352121,15.257648953301127,14.895330112721417,26.88539989264627,6.246645195920558,2.328234031132582,3.6768652710681695,0.040257648953301126,0.013419216317767043,0.9930220075147611
143,8.769457863660762,12.506709608158884,8.433977455716587,15.257648953301127,14.875201288244767,26.8317230273752,6.246645195920558,2.328234031132582,3.7104133118625873,0.040257648953301126,0.013419216317767043,0.9863123993558777
144,8.776167471819646,12.493290391841116,8.380300590445518,15.230810520665592,14.774557165861514,25.509930220075148,6.233225979602791,2.3550724637681157,5.2066559312936125,0.040257648953301126,0.013419216317767043,0.9863123993558777
145,8.870101986044014,12.399355877616747,8.55475040257649,15.190552871712292,14.74771873322598,25.288513150831992,6.233225979602791,2.3550724637681157,5.320719269994632,0.040257648953301126,0.013419216317767043,0.9863123993558777
146,8.863392377885132,12.399355877616747,8.55475040257649,15.177133655394526,14.694041867954912,25.181159420289855,6.260064412238325,2.341653247450349,5.4549114331723025,0.040257648953301126,0.013419216317767043,1.0198604401502953
147,8.890230810520666,12.359098228663447,8.59500805152979,15.170424047235642,14.694041867954912,25.174449812130973,6.260064412238325,2.3483628556092326,5.434782608695652,0.040257648953301126,0.013419216317767043,1.0198604401502953
148,8.950617283950617,12.345679012345679,8.635265700483092,15.13016639828234,14.626945786366075,24.18142780461621,6.239935587761675,2.3483628556092326,6.400966183574879,0.040257648953301126,0.013419216317767043,1.0869565217391304
149,9.01100375738057,12.218196457326892,8.668813741277509,15.123456790123457,14.593397745571659,24.053945249597422,6.333870101986044,2.3483628556092326,6.508319914117015,0.040257648953301126,0.013419216317767043,1.0869565217391304
150,9.225711218464841,12.124261943102523,8.702361782071927,15.123456790123457,14.51959205582394,24.040526033279658,6.286902844873859,2.3483628556092326,6.488191089640365,0.040257648953301126,0.013419216317767043,1.0869565217391304
151,8.964036500268385,11.83574879227053,8.977455716586151,13.056897477187333,13.7211486849168,28.153515834675254,5.810520665593129,2.1940418679549114,6.293612453032743,0.040257648953301126,0.013419216317767043,0.9393451422436929
152,8.299785292538916,11.178207192699947,8.53462157809984,11.285560923242082,12.795222758990874,33.393719806763286,5.562265163714439,1.8585614600107354,6.172839506172839,0.040257648953301126,0.013419216317767043,0.8655394524959742
153,8.3064949006978,11.16478797638218,8.53462157809984,11.285560923242082,12.74825550187869,33.340042941492214,5.562265163714439,1.8585614600107354,6.280193236714976,0.040257648953301126,0.013419216317767043,0.8655394524959742
154,8.373590982286634,11.151368760064413,8.53462157809984,11.265432098765432,12.694578636607622,33.319914117015564,5.629361245303274,1.8250134192163177,6.286902844873859,0.040257648953301126,0.013419216317767043,0.8655394524959742
155,8.400429414922169,11.11111111111111,8.487654320987655,11.225174449812132,12.640901771336553,33.319914117015564,5.783682232957595,1.8250134192163177,6.286902844873859,0.040257648953301126,0.013419216317767043,0.8655394524959742
156,8.340042941492216,11.037305421363392,9.822866344605474,10.88298443370907,12.607353730542137,32.950885668276975,5.770263016639828,1.4090177133655395,6.260064412238325,0.040257648953301126,0.013419216317767043,0.8655394524959742
157,8.55475040257649,11.037305421363392,9.836285560923242,10.695115405260333,12.466451959205582,32.83682232957595,5.844068706387547,1.5901771336553945,6.260064412238325,0.040257648953301126,0.013419216317767043,0.8252818035426731
158,8.36688137412775,10.272410091250672,9.75577026301664,10.654857756307031,12.144390767579173,31.924315619967793,8.011272141706923,1.5767579173376274,6.454643048845948,0.03354804079441761,0.013419216317767043,0.7917337627482555
159,8.447396672034353,10.185185185185185,9.675254965110037,10.326086956521738,12.72812667740204,31.66935050993022,7.98443370907139,1.5901771336553945,6.575415995705851,0.03354804079441761,0.013419216317767043,0.7716049382716049
160,8.460815888352121,10.084541062801932,9.749060654857756,10.326086956521738,12.815351583467525,31.468062265163713,7.950885668276973,1.6237251744498122,6.702898550724638,0.03354804079441761,0.013419216317767043,0.7716049382716049
161,8.76274825550188,10.084541062801932,9.749060654857756,10.245571658615138,12.781803542673108,31.260064412238325,7.877079978529254,1.6170155662909287,6.776704240472356,0.03354804079441761,0.013419216317767043,0.798443370907139
162,8.796296296296296,9.923510466988727,9.742351046698873,10.225442834138486,12.734836285560924,31.226516371443907,7.890499194847021,1.6908212560386473,6.863929146537842,0.03354804079441761,0.013419216317767043,0.8588298443370908
163,8.836553945249598,9.809447128287708,9.849704777241008,10.185185185185185,12.627482555018787,31.01851851851852,7.924047235641439,1.8384326355340848,7.004830917874396,0.03354804079441761,0.013419216317767043,0.8588298443370908
164,8.923778851315083,9.796027911969942,9.883252818035427,10.185185185185185,12.620772946859903,30.790391841116477,7.917337627482555,1.9457863660762211,7.0450885668276975,0.03354804079441761,0.013419216317767043,0.8454106280193237
165,9.05126140633387,9.742351046698873,9.883252818035427,10.185185185185185,12.620772946859903,30.60252281266774,7.9106280193236715,1.9457863660762211,7.1658615136876005,0.03354804079441761,0.013419216317767043,0.8454106280193237
166,9.057971014492754,9.822866344605474,9.883252818035427,10.124798711755233,12.620772946859903,30.575684380032207,7.9106280193236715,1.9457863660762211,7.1658615136876005,0.03354804079441761,0.013419216317767043,0.8454106280193237
167,9.017713365539452,9.31964573268921,9.25925925925926,10.111379495437467,14.65378421900161,30.387815351583466,7.253086419753086,1.8384326355340848,7.306763285024155,0.03354804079441761,0.013419216317767043,0.8051529790660226
168,8.917069243156199,9.245840042941492,9.514224369296834,10.044283413848632,14.707461084272678,30.327428878153516,7.232957595276436,1.8384326355340848,7.320182501341922,0.03354804079441761,0.013419216317767043,0.8051529790660226
169,8.93719806763285,9.245840042941492,9.514224369296834,10.7085346215781,14.190821256038648,30.307300053676865,7.232957595276436,1.7042404723564144,7.320182501341922,0.03354804079441761,0.013419216317767043,0.7917337627482555
170,8.279656468062266,8.68894256575416,9.346484165324744,10.520665593129362,13.264895330112722,32.62211486849168,7.890499194847021,1.6572732152442298,6.984702093397746,0.0067096081588835215,0.013419216317767043,0.7246376811594203
171,8.313204508856682,8.601717659688674,9.66183574879227,10.520665593129362,13.217928073000536,32.26650563607085,7.924047235641439,1.6572732152442298,7.092055823939882,0.0067096081588835215,0.013419216317767043,0.7246376811594203
172,8.28636607622115,8.588298443370908,9.77589908749329,10.393183038110575,13.895598497047773,31.561996779388085,7.897208803005904,1.6572732152442298,7.199409554482019,0.0067096081588835215,0.013419216317767043,0.7246376811594203
173,8.3064949006978,8.514492753623188,9.77589908749329,10.393183038110575,13.399087493290391,31.0252281266774,8.890230810520666,1.6572732152442298,7.320182501341922,0.0067096081588835215,0.013419216317767043,0.6977992485238862
174,8.494363929146537,8.32662372517445,9.708803005904455,10.393183038110575,13.385668276972625,30.971551261406333,8.970746108427267,1.6572732152442298,7.37385936661299,0.0067096081588835215,0.013419216317767043,0.6977992485238862
175,8.601717659688674,8.32662372517445,9.708803005904455,10.393183038110575,13.466183574879228,30.9044551798175,8.715780998389693,1.7981749865807837,7.367149758454106,0.0067096081588835215,0.013419216317767043,0.6977992485238862
176,8.80300590445518,8.299785292538916,9.695383789586689,10.373054213633925,13.425925925925926,30.85077831454643,8.715780998389693,1.7981749865807837,7.320182501341922,0.0067096081588835215,0.013419216317767043,0.6977992485238862
177,8.870101986044014,8.259527643585615,9.77589908749329,10.373054213633925,13.479602791196994,30.844068706387546,8.561460010735374,1.7981749865807837,7.320182501341922,0.0067096081588835215,0.013419216317767043,0.6977992485238862
178,9.01100375738057,8.205850778314547,9.829575952764358,10.373054213633925,13.439345142243694,30.669618894256576,8.548040794417606,1.7981749865807837,7.4141170155662905,0.0067096081588835215,0.013419216317767043,0.6910896403650026
179,9.098228663446054,8.13875469672571,9.950348899624261,9.923510466988727,13.45276435856146,30.360976918947934,8.59500805152979,1.778046162104133,7.9106280193236715,0.0067096081588835215,0.013419216317767043,0.7716049382716049
180,9.138486312399356,8.105206655931294,9.936929683306495,9.86983360171766,13.43263553408481,30.320719269994633,8.59500805152979,1.778046162104133,8.044820182501342,0.0067096081588835215,0.013419216317767043,0.7581857219538379
181,9.172034353193773,8.105206655931294,9.782608695652174,9.86983360171766,13.486312399355878,30.273752012882447,8.59500805152979,1.8988191089640365,8.038110574342458,0.0067096081588835215,0.013419216317767043,0.7581857219538379
182,8.99087493290392,8.105206655931294,9.809447128287708,9.762479871175524,14.828234031132581,29.455179817498657,8.541331186258722,1.9524959742351047,7.776435856146001,0.0067096081588835215,0.013419216317767043,0.7581857219538379
183,9.05126140633387,8.011272141706923,9.73564143853999,9.702093397745571,14.982555018786902,29.421631776704242,8.514492753623188,2.046430488459474,7.769726247987117,0.0067096081588835215,0.013419216317767043,0.7447665056360708
184,9.078099838969404,8.011272141706923,9.863123993558776,9.608158883521202,14.928878153515834,29.26731078904992,8.55475040257649,2.15378421900161,7.769726247987117,0.0067096081588835215,0.013419216317767043,0.7447665056360708
185,9.131776704240472,7.991143317230274,9.842995169082126,9.608158883521202,15.01610305958132,29.240472356414386,8.313204508856682,2.38191089640365,7.763016639828234,0.0067096081588835215,0.013419216317767043,0.6910896403650026
186,9.292807300053678,7.977724100912507,9.923510466988727,9.608158883521202,14.99597423510467,29.05931293612453,8.293075684380032,2.38191089640365,7.75630703166935,0.0067096081588835215,0.013419216317767043,0.6910896403650026
187,9.366612989801396,7.950885668276973,9.903381642512077,9.608158883521202,15.150295222758992,28.938539989264626,8.165593129361245,2.38191089640365,7.843531937734836,0.0067096081588835215,0.013419216317767043,0.6709608158883521
188,9.480676328502415,7.944176060118089,9.970477724100913,9.608158883521202,15.183843263553408,28.824476650563607,8.179012345679013,2.38191089640365,7.7361782071927,0.0067096081588835215,0.013419216317767043,0.6709608158883521
189,9.54777241009125,7.944176060118089,9.957058507783145,9.608158883521202,15.116747181964573,28.743961352657006,8.172302737520129,2.4825550187869028,7.7361782071927,0.0067096081588835215,0.013419216317767043,0.6709608158883521
190,9.27938808373591,7.749597423510467,9.930220075147611,10.923242082662373,14.828234031132581,28.515834675254965,8.091787439613526,2.395330112721417,7.601986044015029,0.0067096081588835215,0.013419216317767043,0.6642512077294686
191,9.31964573268921,7.648953301127214,10.00402576489533,10.82259796027912,14.908749329039184,28.421900161030596,8.044820182501342,2.395330112721417,7.615405260332796,0.0067096081588835215,0.013419216317767043,0.798443370907139
192,9.23913043478261,7.548309178743962,9.433709071390231,12.157809983896941,15.519323671497585,27.85829307568438,7.4006977992485234,2.589908749329039,7.581857219538379,0.0067096081588835215,0.013419216317767043,0.6508319914117016
193,9.359903381642512,7.548309178743962,9.98389694041868,12.144390767579173,15.210681696188942,27.489264626945786,7.206119162640902,2.844873859366613,7.541599570585078,0.0067096081588835215,0.013419216317767043,0.6508319914117016
194,9.426999463231347,7.5348899624261945,9.950348899624261,12.144390767579173,15.183843263553408,27.415458937198068,7.1658615136876005,2.985775630703167,7.521470746108427,0.0067096081588835215,0.013419216317767043,0.6508319914117016
195,9.326355340848094,7.4208266237251745,11.158078368223295,12.077294685990339,15.646806226516372,26.32850241545894,6.998121309715513,2.952227589908749,7.447665056360709,0.0067096081588835215,0.013419216317767043,0.6239935587761675
