,45,50,52,54,55,51,53,56,57,58,59,60,62,46
0,93.92109500805152,6.038647342995169,0.040257648953301126,,,,,,,,,,,
1,93.4849704777241,6.3137412775093935,0.040257648953301126,0.14761137949543746,0.013419216317767043,,,,,,,,,
2,84.07139023081052,13.855340848094471,0.040257648953301126,0.14761137949543746,0.013419216317767043,1.8719806763285025,,,,,,,,
3,75.57702630166398,22.14170692431562,0.03354804079441761,0.14761137949543746,0.040257648953301126,1.8719806763285025,0.1878690284487386,,,,,,,
4,75.30864197530865,21.041331186258724,0.03354804079441761,0.14761137949543746,0.13419216317767044,3.079710144927536,0.2281266774020397,0.026838432635534086,,,,,,
5,73.37627482555018,22.893183038110575,0.03354804079441761,0.1878690284487386,0.17444981213097155,3.066290928609769,0.2281266774020397,0.040257648953301126,,,,,,
6,71.75254965110038,24.50348899624262,0.03354804079441761,0.1878690284487386,0.1878690284487386,3.066290928609769,0.2281266774020397,0.040257648953301126,,,,,,
7,68.894256575416,27.34836285560923,0.03354804079441761,0.1878690284487386,0.24154589371980675,3.066290928609769,0.1878690284487386,0.040257648953301126,,,,,,
8,68.47826086956522,22.208803005904453,4.555823939881911,0.1878690284487386,0.1878690284487386,3.079710144927536,1.261406333870102,0.040257648953301126,,,,,,
9,64.56655931293612,25.771604938271604,4.609500805152979,0.1878690284487386,0.4495437466451959,3.079710144927536,1.2949543746645196,0.040257648953301126,,,,,,
10,62.58722490606549,27.556360708534623,4.656468062265164,0.1878690284487386,0.5501878690284487,3.126677402039721,1.2949543746645196,0.040257648953301126,,,,,,
11,58.360171765968865,31.743156199677937,4.656468062265164,0.1878690284487386,0.5904455179817498,3.126677402039721,1.2949543746645196,0.040257648953301126,,,,,,
12,57.910628019323674,31.97128287707998,4.616210413311863,0.1878690284487386,0.6977992485238862,3.126677402039721,1.2949543746645196,0.19457863660762212,,,,,,
13,56.333870101986044,33.16559312936125,4.49543746645196,0.2616747181964573,0.9930220075147611,3.126677402039721,1.2681159420289856,0.19457863660762212,0.1610305958132045,,,,,
14,51.98604401502952,37.39264626945786,4.40150295222759,0.2616747181964573,1.093666129898014,3.126677402039721,1.328502415458937,0.19457863660762212,0.2147074610842727,,,,,
15,51.570048309178745,37.25174449812131,5.703166935050993,0.6038647342995169,1.3217928073000538,1.7579173376274826,1.3352120236178207,0.19457863660762212,0.2616747181964573,,,,,
16,49.20826623725174,38.6808910359635,6.099033816425121,0.6038647342995169,1.6438539989264627,1.9726247987117553,1.2748255501878691,0.19457863660762212,0.2616747181964573,0.06038647342995169,,,,
17,48.95330112721417,38.848631239935585,6.025228126677402,0.6038647342995169,1.8183038110574343,1.892109500805153,1.2748255501878691,0.1878690284487386,0.33548040794417605,0.06038647342995169,,,,
18,47.71202361782072,40.15700483091788,6.025228126677402,0.6038647342995169,1.751207729468599,1.892109500805153,1.2748255501878691,0.1878690284487386,0.33548040794417605,0.06038647342995169,,,,
19,43.12265163714439,44.95437466451959,5.897745571658615,0.8252818035426731,1.4090177133655395,1.932367149758454,1.2748255501878691,0.1878690284487386,0.33548040794417605,0.06038647342995169,,,,
20,41.136607622114866,45.189210950080515,5.8239398819108965,0.7514761137949544,1.5499194847020934,1.9457863660762211,2.9790660225442833,0.07380568974771873,0.4428341384863124,0.10735373054213634,,,,
21,40.693773483628554,45.28314546430489,5.850778314546431,0.7514761137949544,1.8317230273752012,2.033011272141707,2.9589371980676327,0.07380568974771873,0.49651100375738055,0.026838432635534086,,,,
22,39.60010735373054,44.06870638754697,5.8239398819108965,0.8923778851315083,1.90552871712292,3.9855072463768115,2.9589371980676327,0.07380568974771873,0.6642512077294686,0.026838432635534086,,,,
23,39.22436929683307,43.84057971014493,5.683038110574342,0.8923778851315083,2.214170692431562,4.193505099302201,3.046162104133119,0.07380568974771873,0.8051529790660226,0.026838432635534086,,,,
24,36.943102522812666,46.202361782071925,5.642780461621041,0.8521202361782072,2.214170692431562,4.193505099302201,3.046162104133119,0.07380568974771873,0.8051529790660226,0.026838432635534086,,,,
25,35.66156736446592,43.07568438003221,5.636070853462158,1.0601180891035964,2.4020397208803006,8.13875469672571,3.1199677938808374,0.07380568974771873,0.8051529790660226,0.026838432635534086,,,,
26,35.279119699409556,43.323939881910896,5.636070853462158,1.1943102522812667,2.4020397208803006,8.091787439613526,3.1199677938808374,0.12077294685990338,0.8051529790660226,0.026838432635534086,,,,
27,34.816156736446594,43.565485775630705,5.649490069779925,1.1943102522812667,2.6301663982823404,8.051529790660226,3.1199677938808374,0.12077294685990338,0.8252818035426731,0.026838432635534086,,,,
28,32.27321524422974,39.210950080515296,5.555555555555555,0.8923778851315083,2.5295222758990876,15.304616210413311,3.1468062265163717,0.20799785292538917,0.8252818035426731,0.026838432635534086,0.026838432635534086,,,
29,28.858024691358025,39.761137949543745,5.347557702630167,0.95276435856146,2.6435856146001075,18.12265163714439,3.1468062265163717,0.20799785292538917,0.9057971014492754,0.026838432635534086,0.026838432635534086,,,
30,28.629898013955984,39.33843263553408,5.347557702630167,0.9930220075147611,2.9253891572732154,18.310520665593128,3.207192699946323,0.24825550187869028,0.9460547504025765,0.026838432635534086,0.026838432635534086,,,
31,28.026033279656467,37.875738056897475,5.448201825013419,1.107085346215781,2.8784219001610305,20.148953301127214,3.1602254428341383,0.35560923242082665,0.9460547504025765,0.026838432635534086,0.026838432635534086,,,
32,27.78448738593666,37.96967257112185,5.4616210413311865,1.1473429951690821,2.932098765432099,20.148953301127214,3.1602254428341383,0.39586688137412773,0.9460547504025765,0.026838432635534086,0.026838432635534086,,,
33,27.361782071927,32.367149758454104,5.35426731078905,1.0198604401502953,2.6704240472356413,24.194847020933977,5.522007514761138,0.5099302200751477,0.9460547504025765,0.026838432635534086,0.026838432635534086,,,
34,27.28797638217928,32.35373054213634,5.347557702630167,1.0399892646269457,2.7241009125067097,23.899624261943103,5.662909286097692,0.7112184648416533,0.9460547504025765,0.026838432635534086,,,,
35,25.650831991411703,31.052066559312937,5.3341384863123995,1.0399892646269457,3.3145464304884595,26.29495437466452,5.629361245303274,0.7112184648416533,0.9460547504025765,0.026838432635534086,,,,
36,25.221417069243156,40.707192699946326,1.8250134192163177,0.27509393451422437,2.7979066022544283,25.275093934514224,2.8918411164787976,0.7514761137949544,0.08722490606548577,0.16774020397208803,,,,
37,23.544015029522274,41.6129898013956,1.8183038110574343,0.27509393451422437,2.7308105206655933,23.960010735373054,4.99194847020934,0.8118625872249061,0.08722490606548577,0.16774020397208803,,,,
38,23.21524422973698,41.606280193236714,1.8183038110574343,0.3824476650563607,2.9790660225442833,23.825818572195384,4.904723564143854,0.9460547504025765,0.08722490606548577,0.23483628556092323,,,,
39,23.21524422973698,41.43183038110574,1.8183038110574343,0.5233494363929146,3.166935050993022,23.55072463768116,4.891304347826087,1.0802469135802468,0.08722490606548577,0.23483628556092323,,,,
40,22.188674181427803,42.27724100912507,1.8183038110574343,0.5233494363929146,3.475577026301664,23.17498658078368,4.891304347826087,1.328502415458937,0.08722490606548577,0.23483628556092323,,,,
41,20.853462157809982,40.693773483628554,1.724369296833065,0.5233494363929146,3.6634460547504024,23.30246913580247,7.601986044015029,1.328502415458937,0.07380568974771873,0.23483628556092323,,,,
42,20.558239398819108,38.83521202361782,0.9728931830381106,0.5233494363929146,4.106280193236715,24.88593666129898,8.340042941492216,1.5365002683843263,0.0067096081588835215,0.23483628556092323,,,,
43,20.45088566827697,37.848899624261946,1.1205045625335481,0.6239935587761675,3.7573805689747717,24.590713902308106,10.037573805689748,1.328502415458937,0.0067096081588835215,0.23483628556092323,,,,
44,20.40391841116479,37.63419216317767,1.1205045625335481,0.6843800322061192,3.898282340311326,24.496779388083738,9.923510466988727,1.3687600644122384,0.12077294685990338,0.3488996242619431,,,,
45,20.417337627482556,37.35909822866345,1.1205045625335481,0.9057971014492754,3.8915727321524423,25.831991411701555,8.608427267847558,1.3821792807300053,0.10735373054213634,0.3757380568974772,,,,
46,20.209339774557165,37.15780998389694,1.2010198604401503,0.9863123993558777,3.81105743424584,26.50966183574879,8.28636607622115,1.3553408480944713,0.10735373054213634,0.3757380568974772,,,,
47,20.162372517444982,37.05716586151369,1.221148684916801,0.9863123993558777,3.878153515834675,26.34863123993559,8.400429414922169,1.4626945786366077,0.10735373054213634,0.3757380568974772,,,,
48,19.95437466451959,37.17793880837359,1.221148684916801,0.9863123993558777,4.032474503488996,26.227858293075684,8.319914117015566,1.482823403113258,0.10735373054213634,0.48980139559849706,,,,
49,8.588298443370908,79.90472356414385,0.38915727321524424,0.43612453032742887,1.3150831991411702,7.14573268921095,1.9189479334406871,0.2952227589908749,0.0067096081588835215,,,,,
50,8.635265700483092,79.34111647879764,0.38915727321524424,0.36902844873859364,1.865271068169619,6.991411701556629,1.9860440150295222,0.41599570585077833,0.0067096081588835215,,,,,
51,8.501073537305421,79.01905528717123,0.38915727321524424,0.36902844873859364,2.0665593129361244,7.192699946323135,1.9726247987117553,0.4830917874396135,0.0067096081588835215,,,,,
52,8.474235104669887,77.5228126677402,0.38915727321524424,0.4294149221685454,3.4957058507783145,7.159151905528717,1.9726247987117553,0.5501878690284487,0.0067096081588835215,,,,,
53,7.729468599033816,78.16022544283413,0.4294149221685454,0.4294149221685454,3.8177670424047236,6.904186795491143,1.9726247987117553,0.5501878690284487,0.0067096081588835215,,,,,
54,7.7361782071927,77.42216854535695,0.4294149221685454,0.46296296296296297,4.51556629092861,6.904186795491143,1.9726247987117553,0.5501878690284487,0.0067096081588835215,,,,,
55,6.508319914117015,78.2944176060118,0.4294149221685454,0.5300590445517982,4.851046698872786,6.857219538378959,1.9726247987117553,0.5501878690284487,0.0067096081588835215,,,,,
56,6.528448738593666,77.36849168008588,1.5365002683843263,0.5300590445517982,4.683306494900698,6.702898550724638,1.9524959742351047,0.6105743424584005,0.0067096081588835215,,,0.08051529790660225,,
57,6.541867954911433,76.80488459473966,1.5365002683843263,0.5300590445517982,5.166398282340311,6.702898550724638,1.9256575415995705,0.7179280730005367,0.0067096081588835215,,,0.06709608158883522,,
58,6.333870101986044,75.44283413848632,1.5163714439076759,0.7380568974771873,5.320719269994632,6.501610305958132,3.2675791733762747,0.798443370907139,0.0067096081588835215,0.0067096081588835215,,0.06709608158883522,,
59,6.320450885668277,71.77267847557702,1.5163714439076759,2.4892646269457863,7.514761137949543,6.253354804079442,3.260869565217391,0.798443370907139,,0.0067096081588835215,,0.06709608158883522,,
60,6.353998926462695,70.01476113794955,1.5163714439076759,2.4892646269457863,9.078099838969404,6.253354804079442,3.260869565217391,0.798443370907139,0.08051529790660225,0.0067096081588835215,,0.14761137949543746,,
61,6.367418142780462,69.48470209339774,1.5163714439076759,2.4490069779924855,9.473966720343531,6.213097155126141,3.4822866344605474,0.7783145464304885,0.08051529790660225,0.0067096081588835215,,0.14761137949543746,,
62,6.333870101986044,69.45115405260333,1.5163714439076759,2.4154589371980677,9.541062801932368,6.152710681696189,3.4822866344605474,0.8722490606548577,0.08051529790660225,0.0067096081588835215,,0.14761137949543746,,
63,6.119162640901771,62.245034889962426,1.5163714439076759,2.2745571658615136,8.608427267847558,15.08990874932904,3.4286097691894795,0.644122383252818,,0.0067096081588835215,,0.06709608158883522,,
64,6.125872249060655,59.31964573268921,1.5163714439076759,5.005367686527107,8.796296296296296,15.03623188405797,3.421900161030596,0.6843800322061192,0.020128824476650563,0.0067096081588835215,,0.06709608158883522,,
65,6.0654857756307035,57.21282877079979,2.4355877616747184,7.924047235641439,8.259527643585615,14.351851851851851,3.1736446591519054,0.5099302200751477,,,,0.06709608158883522,,
66,5.984970477724101,56.95115405260333,2.536231884057971,8.031400966183575,8.460815888352121,14.170692431561998,3.0595813204508855,0.5032206119162641,0.20128824476650564,,0.03354804079441761,0.06709608158883522,,
67,5.911164787976382,54.77724100912507,2.24771873322598,7.830112721417069,8.964036500268385,16.378153515834676,3.0327428878153517,0.5568974771873323,0.20128824476650564,,0.03354804079441761,0.06709608158883522,,
68,5.917874396135265,53.03945249597424,2.4020397208803006,7.7831454643048845,10.413311862587225,16.33118625872249,3.0059044551798175,0.7112184648416533,0.20128824476650564,,0.10064412238325282,0.0939345142243693,,
69,5.374396135265701,51.892109500805155,2.4020397208803006,7.75630703166935,9.930220075147611,17.92807300053677,3.549382716049383,0.8789586688137413,0.0939345142243693,,0.1274825550187869,0.06709608158883522,,
70,5.381105743424584,49.89935587761675,2.4020397208803006,7.716049382716049,11.876006441223833,17.92807300053677,3.549382716049383,0.8789586688137413,0.0939345142243693,,0.1274825550187869,0.14761137949543746,,
71,5.320719269994632,49.49006977992485,2.5161030595813205,7.669082125603865,12.04374664519592,17.431561996779386,3.5762211486849167,1.3821792807300053,0.2281266774020397,,0.16774020397208803,0.17444981213097155,,
72,5.320719269994632,49.20155662909286,2.5161030595813205,7.669082125603865,12.285292538915728,17.478529253891573,3.5762211486849167,1.3821792807300053,0.2281266774020397,,0.16774020397208803,0.17444981213097155,,
73,5.287171229200215,48.731884057971016,2.5161030595813205,7.836822329575953,12.593934514224369,17.478529253891573,3.5225442834138487,1.3821792807300053,0.24154589371980675,,0.16774020397208803,0.24154589371980675,,
74,5.273752012882448,48.03408480944713,2.5161030595813205,7.856951154052603,12.895866881374127,17.337627482555018,3.5225442834138487,1.6103059581320451,0.39586688137412773,0.14761137949543746,0.16774020397208803,0.24154589371980675,,
75,5.314009661835748,47.88647342995169,2.5161030595813205,7.803274288781535,12.969672571121846,17.28395061728395,3.475577026301664,1.6505636070853462,0.39586688137412773,0.14761137949543746,0.27509393451422437,0.28180354267310787,,
76,5.22007514761138,46.92699946323135,2.4490069779924855,7.595276435856146,13.231347289318304,18.243424584004295,3.421900161030596,1.7579173376274826,0.39586688137412773,0.20128824476650564,0.27509393451422437,0.28180354267310787,,
77,5.253623188405797,46.63177670424047,2.4490069779924855,7.682501341921632,13.519860440150294,18.136070853462158,3.421900161030596,1.751207729468599,0.39586688137412773,0.20128824476650564,0.27509393451422437,0.28180354267310787,,
78,5.3274288781535155,46.30971551261406,2.4020397208803006,7.575147611379496,13.821792807300053,18.136070853462158,3.4151905528717124,1.751207729468599,0.3824476650563607,0.1878690284487386,0.4092860976918948,0.28180354267310787,,
79,5.360976918947934,46.081588835212024,2.4020397208803006,7.6556629092860975,14.023081052066559,17.92807300053677,3.4151905528717124,1.8250134192163177,0.3824476650563607,0.1878690284487386,0.4092860976918948,0.32877079978529256,,
80,4.998658078368224,41.2842190016103,0.5233494363929146,7.39398819108964,12.808641975308642,27.462426194310254,3.079710144927536,1.1473429951690821,0.2885131508319914,0.1878690284487386,0.4092860976918948,0.41599570585077833,,
81,4.9718196457326895,40.56629092860977,0.5233494363929146,8.071658615136876,12.701288244766506,25.509930220075148,4.898013955984971,1.2949543746645196,0.2885131508319914,0.1878690284487386,0.5233494363929146,0.46296296296296297,,
82,4.985238862050457,40.063070316693505,0.5233494363929146,8.648684916800859,12.667740203972087,25.369028448738593,4.898013955984971,1.4358561460010735,0.2885131508319914,0.1878690284487386,0.4830917874396135,0.4495437466451959,,
83,5.025496511003757,39.93558776167472,0.49651100375738055,8.648684916800859,12.788513150831992,24.986580783682232,4.924852388620504,1.7847557702630166,0.2885131508319914,0.1878690284487386,0.4830917874396135,0.4495437466451959,,
84,4.99194847020934,38.92243692968331,0.49651100375738055,10.560923242082662,11.802200751476114,24.751744498121308,4.938271604938271,2.086688137412775,0.2885131508319914,0.1878690284487386,0.4830917874396135,0.48980139559849706,,
85,4.3545356951154055,40.53945249597424,1.5633387010198605,10.57434245840043,11.990069779924852,23.336017176596886,3.8915727321524423,2.2745571658615136,0.2885131508319914,0.1878690284487386,0.4830917874396135,0.5166398282340311,,
86,4.367954911433173,40.445517981749866,1.5633387010198605,10.61460010735373,11.922973698336017,23.275630703166936,3.8848631239935587,2.509393451422437,0.24825550187869028,0.1878690284487386,0.5099302200751477,0.46967257112184646,,
87,4.374664519592056,40.351583467525494,1.5633387010198605,10.789049919484702,11.862587224906065,23.17498658078368,3.864734299516908,2.6033279656468062,0.24825550187869028,0.1878690284487386,0.5099302200751477,0.46967257112184646,,
88,4.361245303274289,38.499731615673646,3.4151905528717124,10.7085346215781,13.573537305421363,21.511003757380568,3.9318303811057436,2.576489533011272,0.2549651100375738,0.1878690284487386,0.5099302200751477,0.46967257112184646,,
89,4.3545356951154055,38.31186258722491,3.4151905528717124,10.681696188942565,13.714439076757918,21.316425120772948,3.9184111647879765,2.7509393451422435,0.3421900161030596,0.1878690284487386,0.5099302200751477,0.49651100375738055,,
90,4.40150295222759,36.983360171765966,4.622920021470746,9.473966720343531,12.204777241009126,21.20907139023081,7.152442297369833,2.8381642512077296,0.20799785292538917,0.040257648953301126,0.4428341384863124,0.4227053140096618,,
91,4.374664519592056,36.74852388620504,4.622920021470746,9.39345142243693,12.238325281803542,20.987654320987655,7.454374664519592,3.0595813204508855,0.20799785292538917,,0.48980139559849706,0.4227053140096618,,
92,4.159957058507783,36.24530327428878,4.38137412775094,9.232420826623725,12.345679012345679,21.85319377348363,7.454374664519592,3.2206119162640903,0.20799785292538917,,0.48980139559849706,0.4092860976918948,,
93,4.133118625872249,35.75550187869028,4.38137412775094,9.574610842726784,12.607353730542137,21.85319377348363,7.48792270531401,3.126677402039721,0.20799785292538917,,0.48980139559849706,0.3824476650563607,,
94,4.119699409554482,34.225711218464845,6.796833064949007,9.131776704240472,12.144390767579173,21.64519592055824,7.367149758454106,3.3682232957595275,0.20799785292538917,0.12077294685990338,0.48980139559849706,0.3824476650563607,,
95,3.978797638217928,34.35319377348363,6.796833064949007,9.024422973698336,12.097423510466989,21.39694041867955,7.4006977992485234,3.69699409554482,0.20799785292538917,0.12077294685990338,0.48980139559849706,0.43612453032742887,,
96,3.978797638217928,34.11835748792271,6.642512077294686,9.017713365539452,12.332259796027913,21.135265700483092,7.4006977992485234,3.938539989264627,0.23483628556092323,0.27509393451422437,0.48980139559849706,0.43612453032742887,,
97,3.824476650563607,34.084809447128286,6.521739130434782,8.99087493290392,12.573805689747719,20.954106280193237,7.380568974771873,4.045893719806763,0.23483628556092323,0.39586688137412773,0.5636070853462157,0.4227053140096618,0.0067096081588835215,
98,3.8177670424047236,34.044551798174986,6.521739130434782,8.957326892109501,12.754965110037574,20.759527643585614,7.273215244229737,4.106280193236715,0.23483628556092323,0.5367686527106817,0.5636070853462157,0.4227053140096618,0.0067096081588835215,
99,3.844605475040258,33.85668276972625,6.521739130434782,9.01100375738057,12.95625335480408,20.457595276435857,7.185990338164252,4.253891572732153,0.23483628556092323,0.6843800322061192,0.5636070853462157,0.4227053140096618,0.0067096081588835215,
100,3.6902844873859366,33.1454643048846,6.736446591519055,8.930488459473967,12.969672571121846,19.55179817498658,8.923778851315083,3.911701556629093,0.32877079978529256,0.785024154589372,0.5501878690284487,0.46967257112184646,0.0067096081588835215,
101,3.6902844873859366,32.9777241009125,6.66935050993022,8.930488459473967,13.050187869028449,19.484702093397747,8.930488459473967,4.045893719806763,0.4092860976918948,0.785024154589372,0.5501878690284487,0.46967257112184646,0.0067096081588835215,
102,3.7037037037037037,32.769726247987116,6.769994632313473,8.896940418679549,13.177670424047236,19.384057971014492,8.997584541062801,4.045893719806763,0.4092860976918948,0.785024154589372,0.5837359098228664,0.46967257112184646,0.0067096081588835215,
103,3.4688674181427803,32.709339774557165,6.649221685453569,9.185453569511541,13.077026301663983,19.216317767042405,8.923778851315083,4.260601180891036,0.5568974771873323,0.8387010198604401,0.6105743424584005,0.49651100375738055,0.0067096081588835215,
104,3.488996242619431,32.56172839506173,6.481481481481482,9.145195920558239,13.117283950617283,19.182769726247987,8.923778851315083,4.3545356951154055,0.7112184648416533,0.8387010198604401,0.6105743424584005,0.5770263016639828,0.0067096081588835215,
105,3.321256038647343,32.407407407407405,6.588835212023618,9.084809447128288,13.177670424047236,19.00161030595813,9.07139023081052,4.602791196994096,0.7112184648416533,0.8387010198604401,0.6105743424584005,0.5770263016639828,0.0067096081588835215,
106,3.33467525496511,32.058507783145465,6.635802469135802,9.064680622651638,13.533279656468062,18.92109500805153,9.017713365539452,4.602791196994096,0.7112184648416533,0.9259259259259259,0.6105743424584005,0.5770263016639828,0.0067096081588835215,
107,3.3480944712828773,31.608964036500268,6.635802469135802,7.9039184111647875,13.600375738056897,18.59903381642512,10.755501878690284,4.703435319377348,0.785024154589372,0.9259259259259259,0.5501878690284487,0.5770263016639828,0.0067096081588835215,
108,3.361513687600644,31.488191089640367,6.568706387546968,7.890499194847021,13.533279656468062,18.317230273752013,10.748792270531402,5.065754159957058,0.8387010198604401,0.9259259259259259,0.6776704240472357,0.5770263016639828,0.0067096081588835215,
109,3.488996242619431,31.159420289855074,6.568706387546968,7.7831454643048845,13.88888888888889,18.089103596349972,10.84272678475577,5.146269457863661,0.8387010198604401,0.966183574879227,0.644122383252818,0.5770263016639828,0.0067096081588835215,
110,3.4822866344605474,30.83064949006978,6.582125603864735,7.7831454643048845,14.204240472356414,17.995169082125603,10.889694041867955,5.0993022007514766,0.8387010198604401,0.966183574879227,0.644122383252818,0.6776704240472357,0.0067096081588835215,
111,3.616478797638218,30.776972624798713,6.582125603864735,7.7831454643048845,14.15727321524423,17.98845947396672,10.61460010735373,5.260332796564681,0.8387010198604401,1.0534084809447128,0.644122383252818,0.6776704240472357,0.0067096081588835215,
112,3.656736446591519,30.48174986580784,6.501610305958132,8.024691358024691,14.197530864197532,17.834138486312398,10.520665593129362,5.414653784219001,0.8923778851315083,1.1473429951690821,0.644122383252818,0.6776704240472357,0.0067096081588835215,
113,3.7640901771336552,30.280461621041333,6.461352657004831,7.843531937734836,14.42565754159957,17.834138486312398,10.319377348362856,5.374396135265701,1.0265700483091786,1.3419216317767042,0.644122383252818,0.6776704240472357,0.0067096081588835215,
114,3.7573805689747717,29.676596886741816,6.3137412775093935,8.038110574342458,15.150295222758992,17.69994632313473,9.970477724100913,5.394524959742351,1.1674718196457328,1.5297906602254427,0.6172839506172839,0.6776704240472357,0.0067096081588835215,
115,3.7909286097691894,29.468599033816425,6.3070316693505095,7.98443370907139,15.28448738593666,17.64626945786366,9.96376811594203,5.441492216854535,1.1674718196457328,1.5297906602254427,0.6172839506172839,0.7917337627482555,0.0067096081588835215,
116,3.8043478260869565,28.985507246376812,6.226516371443908,7.98443370907139,15.60654857756307,17.424852388620504,9.96376811594203,5.730005367686527,1.3620504562533549,1.5096618357487923,0.6172839506172839,0.7783145464304885,0.0067096081588835215,
117,3.8311862587224907,28.911701556629094,6.1929683306494905,7.890499194847021,15.646806226516372,17.391304347826086,9.930220075147611,5.750134192163178,1.4626945786366077,1.5767579173376274,0.6508319914117016,0.7581857219538379,0.0067096081588835215,
118,3.730542136339238,28.743961352657006,6.1862587224906065,8.427267847557703,15.485775630703166,17.384594739667204,9.681964573268921,5.884326355340848,1.482823403113258,1.5767579173376274,0.6508319914117016,0.7581857219538379,0.0067096081588835215,
119,3.4017713365539453,28.005904455179817,6.025228126677402,8.387010198604402,15.351583467525497,18.370907139023082,9.695383789586689,6.085614600107354,1.556629092860977,1.7042404723564144,0.6508319914117016,0.7581857219538379,0.0067096081588835215,
120,3.3682232957595275,27.569779924852387,6.025228126677402,8.387010198604402,16.029253891572733,18.189747718733226,9.695383789586689,6.005099302200751,1.556629092860977,1.7042404723564144,0.7045088566827697,0.7581857219538379,0.0067096081588835215,
121,3.4151905528717124,27.482555018786904,6.018518518518518,8.340042941492216,16.076221148684915,18.149490069779926,9.608158883521202,6.011808910359635,1.6572732152442298,1.7713365539452497,0.7045088566827697,0.7581857219538379,0.0067096081588835215,
122,3.408480944712829,26.898819108964037,5.501878690284487,9.688674181427805,15.888352120236178,18.08239398819109,9.581320450885668,6.005099302200751,1.7042404723564144,1.7713365539452497,0.7045088566827697,0.7581857219538379,0.0067096081588835215,
123,3.280998389694042,26.556629092860977,5.434782608695652,9.514224369296834,16.029253891572733,17.934782608695652,10.399892646269459,6.005099302200751,1.583467525496511,1.7914653784219001,0.7045088566827697,0.7581857219538379,0.0067096081588835215,
124,3.2675791733762747,26.38888888888889,5.475040257648954,9.73564143853999,16.0829307568438,17.92807300053677,10.225442834138486,6.105743424584004,1.583467525496511,1.737788513150832,0.7045088566827697,0.7581857219538379,0.0067096081588835215,
125,3.2474503488996245,26.03327965646806,5.421363392377885,9.695383789586689,16.183574879227052,17.820719269994633,10.38647342995169,6.286902844873859,1.6572732152442298,1.7579173376274826,0.7447665056360708,0.7581857219538379,0.0067096081588835215,
126,3.240740740740741,25.751476113794954,5.381105743424584,10.265700483091788,15.935319377348362,17.652979066022546,10.38647342995169,6.4345142243692965,1.6841116478797638,1.7579173376274826,0.7447665056360708,0.7581857219538379,0.0067096081588835215,
127,3.2474503488996245,25.697799248523886,5.260332796564681,10.265700483091788,15.96886741814278,17.619431025228128,10.399892646269459,6.515029522275899,1.7579173376274826,1.7579173376274826,0.7447665056360708,0.7581857219538379,0.0067096081588835215,
128,3.2474503488996245,25.617283950617285,5.260332796564681,10.520665593129362,15.962157809983896,17.411433172302736,10.57434245840043,6.374127750939345,1.7579173376274826,1.737788513150832,0.7716049382716049,0.7581857219538379,0.0067096081588835215,
129,3.2139023081052067,25.32206119162641,6.810252281266774,10.534084809447128,15.975577026301664,17.143048845947398,9.809447128287708,6.360708534621578,1.8183038110574343,1.4761137949543746,0.7716049382716049,0.7581857219538379,0.0067096081588835215,
130,3.2474503488996245,24.953032742887814,6.810252281266774,10.534084809447128,16.411701556629094,17.143048845947398,9.71551261406334,6.347289318303811,1.8183038110574343,1.482823403113258,0.7716049382716049,0.7581857219538379,0.0067096081588835215,
131,3.2675791733762747,24.892646269457863,6.810252281266774,10.836017176596886,16.324476650563607,17.022275899087493,9.675254965110037,6.273483628556092,1.8183038110574343,1.5432098765432098,0.7716049382716049,0.7581857219538379,0.0067096081588835215,
132,3.2877079978529253,24.798711755233494,6.769994632313473,11.520397208803006,16.512345679012345,16.485507246376812,9.634997316156737,6.179549114331723,1.7847557702630166,1.5432098765432098,0.7716049382716049,0.7045088566827697,0.0067096081588835215,
133,3.294417606011809,23.812399355877616,6.830381105743425,11.460010735373054,17.673107890499196,16.19699409554482,9.769189479334408,6.260064412238325,1.6908212560386473,1.5297906602254427,0.7716049382716049,0.7045088566827697,0.0067096081588835215,
134,3.1065485775630703,23.382984433709073,6.78341384863124,11.500268384326356,17.72007514761138,16.774020397208805,9.73564143853999,6.280193236714976,1.7176596886741815,1.5297906602254427,0.7716049382716049,0.6910896403650026,0.0067096081588835215,
135,3.193773483628556,23.362855609232422,6.716317767042405,11.54723564143854,17.59259259259259,16.59957058507783,9.594739667203436,6.4412238325281805,1.8384326355340848,1.5297906602254427,0.8252818035426731,0.7514761137949544,0.0067096081588835215,
136,3.2139023081052067,23.11460010735373,6.66935050993022,11.79549114331723,17.66639828234031,16.478797638217927,9.588030059044552,6.468062265163715,1.8786902844873858,1.5297906602254427,0.8252818035426731,0.7648953301127214,0.0067096081588835215,
137,3.2004830917874396,23.00053676865271,6.66935050993022,11.822329575952764,17.767042404723565,16.190284487385938,9.514224369296834,6.743156199677939,1.9659151905528718,1.5297906602254427,0.8252818035426731,0.7648953301127214,0.0067096081588835215,
138,3.1870638754696725,22.926731078904993,6.649221685453569,11.768652710681696,17.975040257648953,16.129898013955984,9.426999463231347,6.790123456790123,1.9524959742351047,1.5297906602254427,0.8923778851315083,0.7648953301127214,0.0067096081588835215,
139,3.227321524422974,22.913311862587225,6.273483628556092,12.23161567364466,18.035426731078903,16.049382716049383,9.39345142243693,6.816961889425658,1.9189479334406871,1.4895330112721417,0.8923778851315083,0.7514761137949544,0.0067096081588835215,
140,3.240740740740741,22.75228126677402,6.3137412775093935,12.171229200214707,17.995169082125603,15.942028985507246,9.4873859366613,7.0450885668276975,1.8518518518518519,1.4895330112721417,0.95276435856146,0.7514761137949544,0.0067096081588835215,
141,2.8650026838432634,22.383252818035427,6.199677938808374,12.184648416532475,18.10252281266774,16.7337627482555,9.373322597960279,7.018250134192163,1.9390767579173376,1.4895330112721417,0.95276435856146,0.7514761137949544,0.0067096081588835215,
142,2.8650026838432634,22.269189479334408,6.199677938808374,12.144390767579173,18.223295759527645,16.53918411164788,9.232420826623725,7.152442297369833,2.046430488459474,1.6103059581320451,1.0064412238325282,0.7045088566827697,0.0067096081588835215,
143,2.85829307568438,22.134997316156735,6.340579710144928,12.29200214707461,19.008319914117017,16.25067096081589,8.849973161567364,6.904186795491143,1.9994632313472893,1.4962426194310252,1.0064412238325282,0.8521202361782072,0.0067096081588835215,
144,2.918679549114332,22.04777241009125,6.300322061191626,12.27187332259796,19.129092860976918,16.089640365002683,8.84326355340848,6.998121309715513,1.9994632313472893,1.4962426194310252,0.9997316156736447,0.8990874932903918,0.0067096081588835215,
145,2.885131508319914,21.973966720343533,6.125872249060655,12.5,19.061996779388085,15.995705850778315,9.05126140633387,6.850509930220075,1.9524959742351047,1.6035963499731616,0.9997316156736447,0.9930220075147611,0.0067096081588835215,
146,2.871712292002147,21.89345142243693,6.125872249060655,12.647611379495437,19.061996779388085,15.881642512077295,9.017713365539452,6.977992485238862,1.9390767579173376,1.596886741814278,0.9997316156736447,0.9796027911969941,0.0067096081588835215,
147,2.945517981749866,21.75925925925926,5.9447128287707995,12.734836285560924,19.16935050993022,15.814546430488459,8.917069243156199,7.024959742351046,2.073268921095008,1.6304347826086956,0.9997316156736447,0.9796027911969941,0.0067096081588835215,
148,2.9253891572732154,21.792807300053678,6.072195383789587,12.546967257112184,19.290123456790123,15.707192699946322,8.883521202361782,7.0383789586688135,2.0933977455716586,1.6639828234031133,0.9997316156736447,0.9796027911969941,0.0067096081588835215,
149,2.9119699409554483,21.430488459473967,6.125872249060655,12.560386473429952,19.53166935050993,15.801127214170693,8.581588835212024,7.092055823939882,2.1806226516371443,1.710950080515298,1.1137949543746646,0.95276435856146,0.0067096081588835215,
150,2.8918411164787976,21.30300590445518,6.125872249060655,12.580515297906603,19.41760601180891,15.774288781535159,8.789586688137414,7.152442297369833,2.1806226516371443,1.710950080515298,1.1137949543746646,0.95276435856146,0.0067096081588835215,
151,2.8784219001610305,20.182501341921633,6.125872249060655,12.177938808373591,20.94068706387547,15.734031132581856,8.68894256575416,7.152442297369833,2.26784755770263,1.778046162104133,1.1137949543746646,0.95276435856146,0.0067096081588835215,
152,2.85829307568438,19.981213097155127,6.005099302200751,12.52012882447665,20.893719806763286,15.646806226516372,8.568169618894256,7.266505636070853,2.3752012882447664,1.8384326355340848,1.1137949543746646,0.9259259259259259,0.0067096081588835215,
153,2.9052603327965647,20.001341921631777,5.978260869565218,12.681159420289855,20.719269994632313,15.526033279656469,8.635265700483092,7.253086419753086,2.4020397208803006,1.8384326355340848,1.1137949543746646,0.9393451422436929,0.0067096081588835215,
154,2.9388083735909825,19.93424584004294,5.978260869565218,12.68786902844874,20.75281803542673,15.465646806226516,8.635265700483092,7.320182501341922,2.38191089640365,1.8384326355340848,1.0735373054213635,0.9863123993558777,0.0067096081588835215,
155,2.871712292002147,19.51825013419216,5.904455179817498,12.815351583467525,20.74610842726785,15.365002683843263,9.286097691894794,7.25979602791197,2.462426194310252,1.724369296833065,1.0534084809447128,0.9863123993558777,0.0067096081588835215,
156,2.9119699409554483,19.350509930220074,5.709876543209877,12.674449812130971,21.014492753623188,15.26435856146001,9.245840042941492,7.555018786902845,2.5429414922168547,1.7176596886741815,1.0198604401502953,0.9863123993558777,0.0067096081588835215,
157,2.898550724637681,19.256575415995705,5.703166935050993,12.573805689747719,21.108427267847556,15.163714439076758,9.339774557165862,7.635534084809447,2.623456790123457,1.7176596886741815,0.9863123993558777,0.9863123993558777,0.0067096081588835215,
158,2.804616210413312,19.28341384863124,5.656199677938808,12.560386473429952,21.021202361782073,15.042941492216855,9.54777241009125,7.803274288781535,2.6838432635534084,1.7176596886741815,0.9863123993558777,0.8856682769726248,0.0067096081588835215,
159,2.804616210413312,19.28341384863124,5.656199677938808,12.560386473429952,20.893719806763286,15.042941492216855,9.588030059044552,7.803274288781535,2.6838432635534084,1.7176596886741815,0.9863123993558777,0.9728931830381106,0.0067096081588835215,
160,2.8381642512077296,19.16935050993022,5.723295759527644,12.587224906065487,20.913848631239937,14.99597423510467,9.628287707997853,7.7361782071927,2.6301663982823404,1.7713365539452497,1.0131508319914118,0.9863123993558777,0.0067096081588835215,
161,2.8381642512077296,19.16935050993022,5.723295759527644,12.587224906065487,20.853462157809982,14.955716586151368,9.73564143853999,7.669082125603865,2.6301663982823404,1.8317230273752012,1.0131508319914118,0.9863123993558777,0.0067096081588835215,
162,2.757648953301127,18.46484165324745,5.562265163714439,13.030059044551798,20.303274288781534,14.841653247450349,11.29898013955985,7.601986044015029,2.428878153515835,1.7310789049919484,0.9594739667203436,1.0131508319914118,0.0067096081588835215,
163,2.7509393451422435,18.183038110574344,6.709608158883521,12.754965110037574,20.202630166398283,14.828234031132581,10.48040794417606,7.716049382716049,2.3886205045625335,1.9390767579173376,1.0064412238325282,1.0332796564680622,0.0067096081588835215,
164,2.757648953301127,17.975040257648953,7.179280730005368,12.52012882447665,19.92753623188406,14.720880300590446,10.373054213633925,7.682501341921632,2.636876006441224,2.0397208803005906,1.1540526033279657,1.0332796564680622,,
165,2.7509393451422435,17.391304347826086,7.085346215780999,14.04320987654321,19.444444444444443,14.533011272141707,10.111379495437467,7.62211486849168,2.7979066022544283,2.059849704777241,1.1272141706924315,1.0332796564680622,,
166,2.677133655394525,17.384594739667204,7.071926999463232,14.029790660225443,19.202898550724637,13.647342995169081,11.761943102522812,7.206119162640902,2.7979066022544283,2.059849704777241,1.1272141706924315,1.0332796564680622,,
167,2.6167471819645733,17.337627482555018,7.051798174986581,13.868760064412239,19.276704240472355,13.33870101986044,12.151100375738057,7.1725711218464845,2.945517981749866,2.059849704777241,1.1272141706924315,1.0534084809447128,,
168,2.636876006441224,17.28395061728395,7.0383789586688135,13.828502415458937,19.196188942565755,13.291733762748256,12.084004294149223,7.440955448201825,2.985775630703167,2.033011272141707,1.1272141706924315,1.0534084809447128,,
169,2.6637144390767578,16.5727321524423,6.790123456790123,14.110305958132045,18.42458400429415,13.258185721953838,13.647342995169081,7.494632313472893,2.932098765432099,1.9189479334406871,1.1272141706924315,1.0601180891035964,,
170,2.6972624798711755,16.53918411164788,6.655931293612453,14.237788513150832,18.57890499194847,13.123993558776167,13.58695652173913,7.434245840042942,2.8784219001610305,2.006172839506173,1.1272141706924315,1.133923778851315,,
171,2.7241009125067097,16.478797638217927,6.642512077294686,14.439076757917338,18.5252281266774,13.130703166935051,13.47289318303811,7.454374664519592,2.8784219001610305,2.006172839506173,1.1137949543746646,1.133923778851315,,
172,2.7643585614600106,16.371443907675793,6.615673644659152,14.546430488459475,18.47826086956522,13.130703166935051,13.285024154589372,7.4006977992485234,2.9052603327965647,2.2611379495437465,1.1205045625335481,1.1205045625335481,,
173,2.791196994095545,16.10305958132045,6.575415995705851,14.74771873322598,18.33064949006978,13.130703166935051,13.278314546430488,7.434245840042942,3.066290928609769,2.301395598497048,1.1205045625335481,1.1205045625335481,,
174,2.85829307568438,16.002415458937197,6.608964036500268,15.056360708534621,18.47826086956522,12.781803542673108,13.20450885668277,7.561728395061729,2.999194847020934,2.1940418679549114,1.1473429951690821,1.107085346215781,,
175,2.818035426731079,15.995705850778315,6.5552871712292005,15.210681696188942,18.397745571658614,12.734836285560924,13.103864734299517,7.561728395061729,3.1468062265163717,2.24771873322598,1.1473429951690821,1.0802469135802468,,
176,2.844873859366613,15.901771336553946,6.5552871712292005,15.197262479871176,18.417874396135264,12.714707461084272,13.22463768115942,7.474503488996243,3.1535158346752548,2.2879763821792807,1.1473429951690821,1.0802469135802468,,
177,2.804616210413312,15.74074074074074,6.5552871712292005,15.210681696188942,18.50509930220075,12.634192163177671,13.291733762748256,7.5281803542673105,3.1870638754696725,2.2879763821792807,1.1741814278046163,1.0802469135802468,,
178,2.791196994095545,15.693773483628556,6.521739130434782,15.13016639828234,18.4447128287708,12.587224906065487,13.506441223832528,7.521470746108427,3.2742887815351582,2.2745571658615136,1.1741814278046163,1.0802469135802468,,
179,2.804616210413312,15.123456790123457,6.528448738593666,16.398282340311326,17.941492216854535,12.573805689747719,13.425925925925926,7.440955448201825,3.260869565217391,2.2611379495437465,1.1741814278046163,1.06682769726248,,
180,2.804616210413312,14.949006977992486,8.82313472893183,15.92860976918948,17.840848094471284,12.365807836822329,12.23161567364466,7.387278582930757,3.1199677938808374,2.3215244229736984,1.1607622114868492,1.06682769726248,,
