,45,50,52,51,53,55,54,57,56,58
0,100.0,,,,,,,,,
1,73.14814814814815,26.85185185185185,,,,,,,,
2,59.80944712828771,39.97584541062802,0.2147074610842727,,,,,,,
3,54.1532474503489,45.63204508856683,0.2147074610842727,,,,,,,
4,53.9922168545357,41.06280193236715,0.2147074610842727,4.730273752012883,,,,,,
5,37.43961352657005,58.293075684380035,0.2147074610842727,4.052603327965647,,,,,,
6,36.171497584541065,46.464036500268385,0.2147074610842727,17.14975845410628,,,,,,
7,34.40016103059581,47.094739667203434,1.4224369296833066,17.082662372517444,,,,,,
8,29.62962962962963,51.86527106816962,1.4224369296833066,17.082662372517444,,,,,,
9,29.461889425657542,43.894256575415994,1.4224369296833066,14.036500268384327,11.18491680085883,,,,,
10,29.683306494900698,43.565485775630705,1.4224369296833066,14.016371443907676,11.178207192699947,0.13419216317767044,,,,
11,29.898013955984972,43.35077831454643,1.4224369296833066,14.016371443907676,11.178207192699947,0.13419216317767044,,,,
12,29.99194847020934,42.43827160493827,1.4224369296833066,14.009661835748792,11.16478797638218,0.4562533548040794,0.5166398282340311,,,
13,25.315351583467525,40.57300053676865,2.8650026838432634,19.444444444444443,11.16478797638218,0.4227053140096618,0.2147074610842727,,,
14,21.464036500268385,38.707729468599034,2.8650026838432634,30.817230273752013,5.5756843800322065,0.35560923242082665,0.2147074610842727,,,
15,21.557971014492754,38.61379495437466,2.8650026838432634,30.817230273752013,5.5756843800322065,0.35560923242082665,0.2147074610842727,,,
16,20.517981749865807,31.468062265163713,13.285024154589372,27.925389157273216,4.797369833601718,1.5096618357487923,,0.49651100375738055,,
17,19.746376811594203,23.429951690821255,13.285024154589372,36.73510466988728,4.797369833601718,1.5096618357487923,,0.49651100375738055,,
18,17.297369833601717,26.093666129898015,13.170960815888352,36.68142780461621,4.750402576489533,1.5096618357487923,,0.49651100375738055,,
19,17.297369833601717,26.093666129898015,13.170960815888352,36.68142780461621,4.750402576489533,1.5096618357487923,,0.49651100375738055,,
20,17.371175523349436,26.093666129898015,13.137412775093935,36.64117015566291,4.750402576489533,1.5096618357487923,,0.49651100375738055,,
21,17.56575415995706,26.019860440150296,13.137412775093935,36.3996242619431,4.683306494900698,1.5096618357487923,,0.49651100375738055,0.1878690284487386,
22,17.53220611916264,25.301932367149757,13.117283950617283,36.3191089640365,4.683306494900698,1.5096618357487923,0.8789586688137413,0.46967257112184646,0.1878690284487386,
23,16.70692431561997,17.002147074610843,13.077026301663983,48.711755233494365,2.1269457863660763,1.221148684916801,0.8789586688137413,0.08722490606548577,0.1878690284487386,
24,16.70692431561997,17.002147074610843,13.077026301663983,47.92002147074611,2.1269457863660763,2.0128824476650564,0.8789586688137413,0.08722490606548577,0.1878690284487386,
25,16.961889425657542,16.921631776704242,13.077026301663983,47.75228126677402,2.1269457863660763,2.0128824476650564,0.8722490606548577,0.08722490606548577,0.1878690284487386,
26,16.914922168545356,16.908212560386474,12.902576489533011,47.215512614063336,2.1135265700483092,2.0128824476650564,0.8722490606548577,0.08722490606548577,0.9728931830381106,
27,16.035963499731615,14.982555018786902,25.34219001610306,38.21121846484165,2.1135265700483092,1.221148684916801,0.8722490606548577,0.08722490606548577,1.133923778851315,
28,16.150026838432634,14.962426194310252,25.288513150831992,38.17096081588835,2.1135265700483092,1.221148684916801,0.8722490606548577,0.08722490606548577,1.133923778851315,
29,14.647074610842727,14.620236178207193,24.416264090177133,40.88835212023618,2.1135265700483092,1.221148684916801,0.8722490606548577,0.08722490606548577,1.133923778851315,
30,14.794685990338165,14.593397745571659,24.3894256575416,40.79441760601181,2.1135265700483092,1.221148684916801,0.8722490606548577,0.08722490606548577,1.133923778851315,
31,14.942297369833602,14.304884594739667,21.544551798174986,42.07595276435856,3.1468062265163717,2.2410091250670963,0.8722490606548577,0.08722490606548577,0.785024154589372,
32,15.324745034889963,14.304884594739667,21.4573268921095,41.78073000536769,3.1468062265163717,2.2410091250670963,0.8722490606548577,0.08722490606548577,0.785024154589372,
33,14.76784755770263,12.419484702093397,18.323939881910896,47.65163714439077,3.7573805689747717,2.0263016639828235,0.8722490606548577,0.08722490606548577,0.0939345142243693,
34,14.99597423510467,12.385936661298981,18.310520665593128,46.92028985507246,3.7573805689747717,2.006172839506173,0.9728931830381106,0.08722490606548577,0.5636070853462157,
35,15.096618357487923,12.379227053140097,18.297101449275363,46.57809983896941,3.7573805689747717,2.006172839506173,0.9728931830381106,0.08722490606548577,0.8252818035426731,
36,14.63365539452496,12.379227053140097,18.793612453032743,47.63150831991412,1.90552871712292,2.965646806226516,0.9728931830381106,0.08722490606548577,0.630703166935051,
37,8.031400966183575,17.19001610305958,22.510735373054214,45.70585077831455,1.90552871712292,2.965646806226516,0.9728931830381106,0.08722490606548577,0.630703166935051,
38,8.125335480407944,17.01556629092861,22.282608695652176,45.169082125603865,2.6838432635534084,2.690552871712292,1.3150831991411702,0.08722490606548577,0.630703166935051,
39,8.219269994632313,17.01556629092861,22.282608695652176,45.10198604401503,2.657004830917874,2.690552871712292,1.3150831991411702,0.08722490606548577,0.630703166935051,
40,8.105206655931294,16.968599033816425,19.77992485238862,45.3972088030059,5.032206119162641,2.690552871712292,1.3083735909822867,0.08722490606548577,0.630703166935051,
41,8.017981749865807,16.666666666666668,14.606816961889425,51.49624261943102,4.549114331723027,2.428878153515835,1.3083735909822867,0.08722490606548577,0.8387010198604401,
42,8.091787439613526,16.6129898013956,18.337359098228664,47.95356951154053,4.549114331723027,2.428878153515835,1.3083735909822867,0.08722490606548577,0.630703166935051,
43,8.13875469672571,16.59286097691895,18.310520665593128,47.95356951154053,4.549114331723027,2.428878153515835,1.3083735909822867,0.08722490606548577,0.630703166935051,
44,8.219269994632313,16.5727321524423,18.310520665593128,47.89318303811057,4.549114331723027,2.428878153515835,1.3083735909822867,0.08722490606548577,0.630703166935051,
45,8.447396672034353,16.55931293612453,18.21658615136876,47.779119699409556,4.549114331723027,2.428878153515835,1.3083735909822867,0.08722490606548577,0.6239935587761675,
46,8.440687063875469,16.358024691358025,17.921363392377884,47.65163714439077,4.441760601180891,2.428878153515835,1.751207729468599,0.08722490606548577,0.9192163177670424,
47,8.494363929146537,16.33118625872249,17.921363392377884,47.62479871175523,4.441760601180891,2.428878153515835,1.751207729468599,0.08722490606548577,0.9192163177670424,
48,8.447396672034353,16.33118625872249,17.10950080515298,45.36366076221149,7.749597423510467,2.3215244229736984,1.751207729468599,0.08722490606548577,0.8387010198604401,
49,8.635265700483092,16.223832528180353,17.062533548040793,45.330112721417066,7.749597423510467,2.3215244229736984,1.751207729468599,0.08722490606548577,0.8387010198604401,
50,8.541331186258722,16.163446054750402,14.74771873322598,48.39640365002684,7.27992485238862,2.4825550187869028,1.751207729468599,0.08722490606548577,0.5501878690284487,
51,8.433977455716587,16.0829307568438,17.498658078368223,45.63204508856683,7.25979602791197,2.563070316693505,1.751207729468599,0.2281266774020397,0.5501878690284487,
52,8.393719806763285,16.069511540526033,14.969135802469136,48.24208266237252,7.25979602791197,2.5429414922168547,1.751207729468599,0.2281266774020397,0.5434782608695652,
53,8.393719806763285,16.069511540526033,11.855877616747183,52.21417069243156,6.582125603864735,2.26784755770263,1.751207729468599,0.08722490606548577,0.7783145464304885,
54,8.440687063875469,16.069511540526033,11.855877616747183,52.16720343531938,6.582125603864735,2.26784755770263,1.751207729468599,0.08722490606548577,0.7783145464304885,
55,8.064949006977992,15.029522275899087,10.487117552334944,54.89801395598497,6.125872249060655,2.4020397208803006,2.1269457863660763,0.08722490606548577,0.7783145464304885,
56,8.125335480407944,14.989264626945786,10.487117552334944,54.7638217928073,6.125872249060655,2.4020397208803006,2.1269457863660763,0.08722490606548577,0.8923778851315083,
57,8.380300590445518,14.647074610842727,10.38647342995169,54.47530864197531,6.125872249060655,2.4020397208803006,2.61003757380569,0.08722490606548577,0.8856682769726248,
58,8.474235104669887,14.63365539452496,10.38647342995169,53.58964036500269,6.125872249060655,2.4020397208803006,2.61003757380569,0.08722490606548577,1.6908212560386473,
59,8.380300590445518,14.606816961889425,22.537573805689746,43.592324208266234,5.173107890499195,1.6975308641975309,2.2342995169082127,0.08722490606548577,1.6908212560386473,
60,8.433977455716587,14.593397745571659,22.537573805689746,43.552066559312934,5.173107890499195,1.6975308641975309,2.2342995169082127,0.08722490606548577,1.6908212560386473,
61,8.57487922705314,14.593397745571659,22.50402576489533,43.46484165324745,5.152979066022544,1.6975308641975309,2.2342995169082127,0.08722490606548577,1.6908212560386473,
62,8.387010198604402,13.962694578636608,32.15244229736983,36.151368760064415,3.965378421900161,1.5633387010198605,2.2342995169082127,0.08722490606548577,1.4962426194310252,
63,8.474235104669887,13.962694578636608,32.15244229736983,36.151368760064415,3.965378421900161,1.4962426194310252,2.214170692431562,0.08722490606548577,1.4962426194310252,
64,8.527911969940956,13.90901771336554,32.15244229736983,36.151368760064415,3.965378421900161,1.4962426194310252,2.214170692431562,0.08722490606548577,1.4962426194310252,
65,8.239398819108963,13.895598497047773,35.238862050456255,33.742619431025226,3.965378421900161,1.4962426194310252,2.214170692431562,0.08722490606548577,1.1205045625335481,
66,8.044820182501342,13.788244766505636,34.62157809983897,32.00483091787439,6.790123456790123,1.3620504562533549,2.1806226516371443,0.08722490606548577,1.1205045625335481,
67,8.071658615136876,13.774825550187868,34.62157809983897,32.00483091787439,6.790123456790123,1.3620504562533549,2.167203435319377,0.08722490606548577,1.1205045625335481,
68,8.132045088566828,13.774825550187868,34.50751476113795,29.857756307031668,8.99087493290392,1.3620504562533549,2.167203435319377,0.08722490606548577,1.1205045625335481,
69,8.279656468062266,13.774825550187868,34.46054750402576,29.7638217928073,8.99087493290392,1.3620504562533549,2.1604938271604937,0.08722490606548577,1.1205045625335481,
70,7.823403113258186,13.607085346215781,34.93022007514761,29.73027375201288,9.4873859366613,1.093666129898014,2.120236178207193,0.08722490606548577,1.1205045625335481,
71,7.957595276435856,13.580246913580247,34.88325281803543,29.696725711218466,9.4873859366613,1.093666129898014,2.0933977455716586,0.08722490606548577,1.1205045625335481,
72,8.219269994632313,12.808641975308642,34.62157809983897,29.643048845947398,10.312667740203972,1.093666129898014,2.0933977455716586,0.08722490606548577,1.1205045625335481,
73,8.219269994632313,12.157809983896941,34.6081588835212,29.636339237788512,10.299248523886206,1.778046162104133,2.0933977455716586,0.08722490606548577,1.1205045625335481,
74,8.165593129361245,12.02361782071927,34.58803005904455,28.556092324208265,10.299248523886206,1.9256575415995705,3.2340311325818574,0.08722490606548577,1.1205045625335481,
75,8.299785292538916,11.889425657541599,34.312936124530324,28.166935050993022,10.299248523886206,1.9256575415995705,3.388352120236178,0.08722490606548577,1.6304347826086956,
76,8.413848631239935,11.889425657541599,34.225711218464845,28.14009661835749,10.299248523886206,1.9256575415995705,3.388352120236178,0.08722490606548577,1.6304347826086956,
77,8.480944712828771,11.862587224906065,34.19216317767042,28.14009661835749,10.292538915727322,1.9256575415995705,3.388352120236178,0.08722490606548577,1.6304347826086956,
78,8.380300590445518,11.634460547504025,34.19216317767042,28.026033279656467,10.762211486849168,1.9256575415995705,3.388352120236178,0.08722490606548577,1.6035963499731616,
79,7.62211486849168,11.540526033279656,25.328770799785293,39.439076757917334,9.225711218464841,2.1940418679549114,3.3682232957595275,0.08722490606548577,1.1943102522812667,
80,7.702630166398282,11.520397208803006,25.328770799785293,39.06333870101986,9.219001610305957,2.1940418679549114,3.3682232957595275,0.08722490606548577,1.5163714439076759,
81,7.85024154589372,11.520397208803006,25.288513150831992,38.801663982823406,9.219001610305957,2.1940418679549114,3.33467525496511,0.08722490606548577,1.7042404723564144,
82,7.9106280193236715,11.513687600644122,25.207997852925388,38.75469672571122,9.219001610305957,2.1940418679549114,3.33467525496511,0.1610305958132045,1.7042404723564144,
83,7.830112721417069,11.473429951690822,25.657541599570585,38.439345142243695,9.205582393988191,2.1940418679549114,3.33467525496511,0.1610305958132045,1.7042404723564144,
84,8.038110574342458,11.453301127214171,25.623993558776167,38.28502415458937,9.205582393988191,2.1940418679549114,3.33467525496511,0.1610305958132045,1.7042404723564144,
85,8.272946859903382,11.453301127214171,25.295222758990874,38.05018786902845,9.205582393988191,2.1940418679549114,3.33467525496511,0.1610305958132045,2.033011272141707,
86,7.7361782071927,22.946859903381643,19.008319914117017,35.23215244229737,8.655394524959743,2.1739130434782608,3.33467525496511,0.1610305958132045,0.7514761137949544,
87,8.011272141706923,22.34970477724101,18.887546967257112,35.23215244229737,8.641975308641975,1.9592055823939882,4.005636070853462,0.1610305958132045,0.7514761137949544,
88,7.997852925389157,22.094739667203434,18.887546967257112,35.158346752549654,8.641975308641975,2.301395598497048,4.005636070853462,0.1610305958132045,0.7514761137949544,
89,7.971014492753623,22.061191626409016,31.528448738593667,22.84621578099839,8.695652173913043,2.0933977455716586,3.8915727321524423,0.1610305958132045,0.7514761137949544,
90,8.111916264090176,21.973966720343533,31.46135265700483,22.69189479334407,8.668813741277509,2.2946859903381642,3.8848631239935587,0.1610305958132045,0.7514761137949544,
91,8.152173913043478,21.960547504025765,31.159420289855074,22.69189479334407,8.668813741277509,2.5697799248523885,3.8848631239935587,0.1610305958132045,0.7514761137949544,
92,8.272946859903382,21.960547504025765,30.92458400429415,22.228931830381107,8.662104133118627,2.5697799248523885,3.8848631239935587,0.30193236714975846,1.1943102522812667,
93,7.991143317230274,21.4170692431562,32.789855072463766,21.880032206119164,8.662104133118627,2.5697799248523885,3.193773483628556,0.30193236714975846,1.1943102522812667,
94,7.380568974771873,21.410359634997317,22.282608695652176,33.353462157809986,8.662104133118627,2.227589908749329,3.193773483628556,0.24154589371980675,1.247987117552335,
95,7.64224369296833,21.35668276972625,22.000805152979066,33.24610842726785,8.662104133118627,2.227589908749329,3.193773483628556,0.4227053140096618,1.247987117552335,
96,7.7361782071927,21.35668276972625,21.973966720343533,33.17901234567901,8.662104133118627,2.227589908749329,3.193773483628556,0.4227053140096618,1.247987117552335,
97,7.769726247987117,21.32313472893183,21.973966720343533,33.17901234567901,8.662104133118627,2.227589908749329,3.193773483628556,0.4227053140096618,1.247987117552335,
98,7.9039184111647875,21.30300590445518,21.947128287707997,33.10520665593129,8.662104133118627,2.227589908749329,3.193773483628556,0.4092860976918948,1.247987117552335,
99,7.991143317230274,21.289586688137412,21.85990338164251,30.09259259259259,8.662104133118627,2.227589908749329,6.119162640901771,0.4092860976918948,1.3486312399355878,
100,8.031400966183575,21.182232957595275,21.85990338164251,30.06575415995706,8.648684916800859,2.3349436392914655,6.119162640901771,0.4092860976918948,1.3486312399355878,
101,7.991143317230274,20.8467525496511,21.76596886741814,30.059044551798173,8.628556092324208,2.328234031132582,6.622383252818035,0.4092860976918948,1.3486312399355878,
102,8.246108427267847,20.819914117015568,22.282608695652176,29.904723564143854,8.380300590445518,1.9860440150295222,6.622383252818035,0.4092860976918948,1.3486312399355878,
103,8.09849704777241,20.759527643585614,20.014761137949545,29.394793344068706,11.366076221148685,1.9860440150295222,6.622383252818035,0.4092860976918948,1.3486312399355878,
104,8.28636607622115,20.725979602791195,20.014761137949545,29.28743961352657,11.366076221148685,1.9793344068706387,6.582125603864735,0.4092860976918948,1.3486312399355878,
105,8.467525496511003,20.699141170155663,19.91411701556629,29.22705314009662,11.513687600644122,1.9793344068706387,6.582125603864735,0.2683843263553409,1.3486312399355878,
106,8.742619431025227,20.665593129361245,19.887278582930758,28.509125067096083,11.43317230273752,1.9793344068706387,6.582125603864735,0.2616747181964573,1.9390767579173376,
107,8.76274825550188,20.665593129361245,19.887278582930758,28.488996242619432,11.43317230273752,1.9793344068706387,6.582125603864735,0.2616747181964573,1.9390767579173376,
108,8.863392377885132,20.652173913043477,19.887278582930758,28.428609769189478,11.43317230273752,1.9793344068706387,6.5552871712292005,0.2616747181964573,1.9390767579173376,
109,9.024422973698336,20.578368223295758,19.826892109500804,28.133387010198604,11.43317230273752,2.24771873322598,6.454643048845948,0.2616747181964573,2.0397208803005906,
110,9.151905528717123,20.578368223295758,19.79334406870639,28.052871712292003,11.419753086419753,2.24771873322598,6.454643048845948,0.2616747181964573,2.0397208803005906,
111,9.312936124530328,20.544820182501343,19.766505636070853,27.95222758990875,11.419753086419753,2.24771873322598,6.454643048845948,0.2616747181964573,2.0397208803005906,
112,9.333064949006978,20.38378958668814,19.524959742351047,27.697262479871174,11.372785829307569,2.932098765432099,6.454643048845948,0.2616747181964573,2.0397208803005906,
113,9.41358024691358,20.38378958668814,19.524959742351047,27.65029522275899,11.3593666129898,2.932098765432099,6.4345142243692965,0.2616747181964573,2.0397208803005906,
114,9.534353193773484,20.377079978529252,19.51825013419216,27.542941492216855,11.3593666129898,2.932098765432099,6.4345142243692965,0.2616747181964573,2.0397208803005906,
115,10.111379495437467,20.336822329575952,19.51825013419216,27.34836285560923,11.017176596886742,2.932098765432099,6.4345142243692965,0.2616747181964573,2.0397208803005906,
116,10.044283413848632,20.417337627482556,19.51154052603328,27.34836285560923,11.010466988727858,2.932098765432099,6.4345142243692965,0.2616747181964573,2.0397208803005906,
117,10.077831454643048,20.397208803005906,19.49812130971551,27.34836285560923,11.010466988727858,2.932098765432099,6.4345142243692965,0.2616747181964573,2.0397208803005906,
118,10.144927536231885,20.175791733762747,18.50509930220075,27.140365002683843,12.191358024691358,3.1065485775630703,6.4345142243692965,0.2616747181964573,2.0397208803005906,
119,9.923510466988727,13.459473966720344,18.095813204508858,26.442565754159958,20.41062801932367,3.1065485775630703,6.4345142243692965,0.2616747181964573,1.865271068169619,
120,10.050993022007514,13.459473966720344,18.075684380032207,26.36876006441224,20.41062801932367,3.0730005367686526,6.4345142243692965,0.2616747181964573,1.865271068169619,
121,10.171765968867419,13.459473966720344,18.04884594739667,26.341921631776703,20.343531937734838,3.0730005367686526,6.4345142243692965,0.2616747181964573,1.865271068169619,
122,10.25228126677402,13.459473966720344,18.035426731078903,26.301663982823403,20.316693505099302,3.0730005367686526,6.4345142243692965,0.2616747181964573,1.865271068169619,
123,10.104669887278583,13.372249060654857,16.069511540526033,29.200214707461082,20.061728395061728,3.0730005367686526,6.105743424584004,0.14761137949543746,1.865271068169619,
124,10.171765968867419,13.365539452495975,16.069511540526033,29.139828234031132,20.061728395061728,3.0730005367686526,6.105743424584004,0.14761137949543746,1.865271068169619,
125,10.312667740203972,13.352120236178207,15.98899624261943,29.126409017713364,20.02818035426731,3.0730005367686526,6.105743424584004,0.14761137949543746,1.865271068169619,
126,10.312667740203972,13.056897477187333,15.92860976918948,29.126409017713364,19.95437466451959,3.0730005367686526,6.535158346752549,0.14761137949543746,1.865271068169619,
127,10.326086956521738,13.036768652710682,15.539452495974235,29.1129898013956,19.940955448201827,3.0730005367686526,6.729736983360172,0.14761137949543746,2.0933977455716586,
128,9.997316156736447,13.036768652710682,15.331454643048845,26.46940418679549,23.859366612989803,2.965646806226516,6.568706387546968,0.06709608158883522,1.7042404723564144,
129,10.144927536231885,13.036768652710682,15.331454643048845,26.42914653784219,23.852657004830917,2.9388083735909825,6.494900697799249,0.06709608158883522,1.7042404723564144,
130,10.185185185185185,13.036768652710682,14.741009125067096,26.40901771336554,23.852657004830917,3.515834675254965,6.494900697799249,0.06709608158883522,1.6975308641975309,
131,10.185185185185185,13.036768652710682,14.741009125067096,26.40901771336554,23.852657004830917,3.515834675254965,6.494900697799249,0.06709608158883522,1.6975308641975309,
132,9.883252818035427,12.895866881374127,15.72061191626409,26.10708534621578,23.711755233494365,3.515834675254965,6.494900697799249,0.06709608158883522,1.4962426194310252,0.10735373054213634
133,9.950348899624261,12.895866881374127,15.70048309178744,26.080246913580247,23.691626409017715,3.515834675254965,6.494900697799249,0.06709608158883522,1.4962426194310252,0.10735373054213634
134,8.943907675791733,12.513419216317766,12.560386473429952,33.70907139023081,23.564143853998928,3.307836822329576,4.05931293612453,0.06709608158883522,1.1674718196457328,0.10735373054213634
135,8.977455716586151,12.5,12.204777241009126,31.19296833064949,23.53059581320451,3.307836822329576,6.944444444444445,0.06709608158883522,1.1674718196457328,0.10735373054213634
136,9.064680622651638,12.5,12.204777241009126,31.166129898013956,23.483628556092324,3.294417606011809,6.944444444444445,0.06709608158883522,1.1674718196457328,0.10735373054213634
137,8.682232957595277,11.627750939345143,11.352657004830919,35.560923242082666,22.15512614063339,3.0864197530864197,6.1929683306494905,0.06709608158883522,1.1674718196457328,0.10735373054213634
138,8.896940418679549,11.627750939345143,11.352657004830919,35.42002147074611,22.114868491680085,3.0864197530864197,6.159420289855072,0.06709608158883522,1.1674718196457328,0.10735373054213634
139,8.943907675791733,11.614331723027375,11.352657004830919,35.42002147074611,22.08132045088567,3.0864197530864197,6.159420289855072,0.06709608158883522,1.1674718196457328,0.10735373054213634
140,9.01100375738057,11.614331723027375,11.352657004830919,34.93022007514761,22.041062801932366,3.549382716049383,6.159420289855072,0.06709608158883522,1.1674718196457328,0.10735373054213634
141,9.084809447128288,11.614331723027375,11.3191089640365,34.88996242619431,22.041062801932366,3.549382716049383,6.159420289855072,0.06709608158883522,1.1674718196457328,0.10735373054213634
142,9.41358024691358,11.614331723027375,10.997047772410092,34.88996242619431,22.034353193773484,3.549382716049383,6.159420289855072,0.06709608158883522,1.1674718196457328,0.10735373054213634
143,9.07139023081052,11.09098228663446,12.580515297906603,34.5679012345679,21.806226516371442,3.3816425120772946,6.159420289855072,0.06709608158883522,1.1674718196457328,0.10735373054213634
144,9.473966720343531,10.970209339774557,12.5,34.29951690821256,21.73913043478261,3.6902844873859366,6.092324208266238,0.06709608158883522,1.0601180891035964,0.10735373054213634
145,9.588030059044552,10.963499731615673,12.5,34.23913043478261,21.72571121846484,3.6902844873859366,6.0587761674718195,0.06709608158883522,1.0601180891035964,0.10735373054213634
146,9.702093397745571,10.963499731615673,12.446323134728932,34.23913043478261,21.66532474503489,3.6902844873859366,6.0587761674718195,0.06709608158883522,1.0601180891035964,0.10735373054213634
147,9.936929683306495,10.923242082662373,12.439613526570048,34.044551798174986,21.604938271604937,3.6902844873859366,6.005099302200751,0.06709608158883522,1.1808910359634996,0.10735373054213634
148,9.950348899624261,10.923242082662373,12.439613526570048,34.044551798174986,21.591519055287172,3.6902844873859366,6.005099302200751,0.06709608158883522,1.1808910359634996,0.10735373054213634
149,10.030864197530864,10.923242082662373,12.426194310252281,34.03113258185722,21.537842190016104,3.6902844873859366,6.005099302200751,0.06709608158883522,1.1808910359634996,0.10735373054213634
150,9.916800858829845,10.628019323671497,12.399355877616747,34.01771336553945,20.108695652173914,5.4549114331723025,5.991680085882985,0.06709608158883522,1.3083735909822867,0.10735373054213634
151,10.071121846484166,10.581052066559312,12.318840579710145,34.14519592055824,20.068438003220614,5.407944176060118,5.924584004294149,0.06709608158883522,1.3083735909822867,0.10735373054213634
152,10.0979602791197,10.581052066559312,12.31213097155126,34.14519592055824,20.04830917874396,5.407944176060118,5.924584004294149,0.06709608158883522,1.3083735909822867,0.10735373054213634
153,10.198604401502953,10.554213633923778,12.305421363392378,34.11835748792271,20.00805152979066,5.407944176060118,5.924584004294149,0.06709608158883522,1.3083735909822867,0.10735373054213634
154,10.279119699409554,10.520665593129362,12.305421363392378,34.084809447128286,20.00805152979066,5.407944176060118,5.924584004294149,0.06709608158883522,1.2949543746645196,0.10735373054213634
155,10.34621578099839,10.520665593129362,12.298711755233494,33.97074610842727,19.940955448201827,5.387815351583468,5.924584004294149,0.11406333870101985,1.3888888888888888,0.10735373054213634
156,10.48040794417606,10.520665593129362,12.23161567364466,33.91035963499731,19.93424584004294,5.387815351583468,5.924584004294149,0.11406333870101985,1.3888888888888888,0.10735373054213634
157,10.258990874932904,10.48040794417606,10.11808910359635,33.333333333333336,22.98040794417606,5.387815351583468,5.924584004294149,0.11406333870101985,1.2949543746645196,0.10735373054213634
158,10.265700483091788,10.48040794417606,10.11808910359635,33.333333333333336,22.973698336017176,5.387815351583468,5.924584004294149,0.11406333870101985,1.2949543746645196,0.10735373054213634
159,10.359634997316157,10.48040794417606,10.11808910359635,32.930756843800324,22.899892646269457,5.381105743424584,5.924584004294149,0.11406333870101985,1.6841116478797638,0.10735373054213634
160,10.446859903381643,10.473698336017177,10.11808910359635,32.930756843800324,22.852925389157274,5.360976918947934,5.911164787976382,0.11406333870101985,1.6841116478797638,0.10735373054213634
161,10.527375201288244,10.473698336017177,10.11808910359635,32.85024154589372,22.852925389157274,5.360976918947934,5.911164787976382,0.11406333870101985,1.6841116478797638,0.10735373054213634
162,10.601180891035963,10.473698336017177,10.11808910359635,32.82340311325819,22.852925389157274,5.347557702630167,5.877616747181965,0.11406333870101985,1.6841116478797638,0.10735373054213634
163,10.466988727858293,10.305958132045088,12.95625335480408,32.30005367686527,21.135265700483092,5.280461621041331,5.71658615136876,0.11406333870101985,1.6170155662909287,0.10735373054213634
164,10.520665593129362,10.225442834138486,12.95625335480408,31.66935050993022,21.101717659688674,6.125872249060655,5.562265163714439,0.11406333870101985,1.6170155662909287,0.10735373054213634
165,10.59447128287708,10.205314009661835,12.942834138486312,31.629092860976918,21.101717659688674,6.125872249060655,5.562265163714439,0.11406333870101985,1.6170155662909287,0.10735373054213634
166,10.7085346215781,10.205314009661835,12.902576489533011,31.568706387546968,21.088298443370906,6.125872249060655,5.562265163714439,0.11406333870101985,1.6170155662909287,0.10735373054213634
167,10.809178743961352,10.185185185185185,12.889157273215245,31.17283950617284,21.068169618894256,6.125872249060655,5.548845947396672,0.11406333870101985,1.9793344068706387,0.10735373054213634
168,10.909822866344605,10.138217928073,12.889157273215245,31.13929146537842,21.048040794417606,6.125872249060655,5.548845947396672,0.11406333870101985,1.9793344068706387,0.10735373054213634
169,11.003757380568974,10.138217928073,12.889157273215245,31.07890499194847,21.014492753623188,6.125872249060655,5.548845947396672,0.11406333870101985,1.9793344068706387,0.10735373054213634
170,11.07085346215781,10.124798711755233,12.889157273215245,31.0252281266774,21.014492753623188,6.125872249060655,5.548845947396672,0.11406333870101985,1.9793344068706387,0.10735373054213634
171,11.191626409017713,10.124798711755233,12.889157273215245,30.9849704777241,21.014492753623188,6.125872249060655,5.542136339237788,0.11406333870101985,1.90552871712292,0.10735373054213634
172,11.285560923242082,10.111379495437467,12.86231884057971,30.931293612453032,21.014492753623188,6.125872249060655,5.542136339237788,0.11406333870101985,1.90552871712292,0.10735373054213634
173,11.406333870101985,10.050993022007514,12.714707461084272,30.703166935050994,21.014492753623188,6.072195383789587,5.683038110574342,0.11406333870101985,2.13365539452496,0.10735373054213634
174,11.600912506709609,10.030864197530864,12.701288244766506,30.515297906602253,20.967525496511005,6.072195383789587,5.683038110574342,0.11406333870101985,2.2074610842726785,0.10735373054213634
175,11.641170155662909,10.030864197530864,12.694578636607622,30.50187869028449,20.967525496511005,6.052066559312936,5.683038110574342,0.11406333870101985,2.2074610842726785,0.10735373054213634
176,11.647879763821793,10.00402576489533,12.640901771336553,29.87788513150832,20.94068706387547,6.052066559312936,6.494900697799249,0.11406333870101985,2.120236178207193,0.10735373054213634
177,11.647879763821793,10.00402576489533,12.640901771336553,29.87788513150832,20.94068706387547,6.052066559312936,6.494900697799249,0.11406333870101985,2.120236178207193,0.10735373054213634
178,11.580783682232958,9.044551798174986,12.640901771336553,29.830917874396135,22.50402576489533,5.636070853462158,6.421095008051529,0.11406333870101985,2.120236178207193,0.10735373054213634
179,11.493558776167472,9.037842190016104,12.754965110037574,29.30756843800322,23.74530327428878,5.615942028985507,6.011808910359635,0.11406333870101985,1.8115942028985508,0.10735373054213634
180,11.714975845410628,8.923778851315083,12.47987117552335,29.28743961352657,24.06736446591519,5.535426731078905,5.958132045088567,0.11406333870101985,1.8115942028985508,0.10735373054213634
181,11.694847020933977,8.883521202361782,13.533279656468062,29.126409017713364,23.62453032742888,5.535426731078905,5.5689747718733225,0.11406333870101985,1.8115942028985508,0.10735373054213634
182,11.896135265700483,8.883521202361782,13.533279656468062,28.918411164787976,23.61111111111111,5.595813204508857,5.528717122920021,0.11406333870101985,1.8115942028985508,0.10735373054213634
183,11.943102522812667,8.883521202361782,13.506441223832528,28.911701556629094,23.47691894793344,5.595813204508857,5.528717122920021,0.11406333870101985,1.932367149758454,0.10735373054213634
184,12.077294685990339,8.883521202361782,13.506441223832528,28.911701556629094,23.34272678475577,5.595813204508857,5.528717122920021,0.11406333870101985,1.932367149758454,0.10735373054213634
185,12.124261943102523,8.883521202361782,13.486312399355878,28.911701556629094,23.34272678475577,5.595813204508857,5.501878690284487,0.11406333870101985,1.932367149758454,0.10735373054213634
186,12.218196457326892,8.883521202361782,13.486312399355878,28.844605475040257,23.315888352120236,5.595813204508857,5.501878690284487,0.11406333870101985,1.932367149758454,0.10735373054213634
187,12.258454106280194,8.883521202361782,13.47289318303811,28.844605475040257,23.289049919484704,5.595813204508857,5.501878690284487,0.11406333870101985,1.932367149758454,0.10735373054213634
188,12.359098228663447,8.84326355340848,13.466183574879228,28.81105743424584,23.19511540526033,5.595813204508857,5.501878690284487,0.11406333870101985,1.90552871712292,0.20799785292538917
189,10.017444981213098,5.562265163714439,12.5402576489533,37.5805152979066,22.363123993558776,4.616210413311863,4.911433172302737,0.11406333870101985,2.086688137412775,0.20799785292538917
190,10.11808910359635,5.562265163714439,12.513419216317766,37.506709608158886,22.363123993558776,4.616210413311863,4.911433172302737,0.11406333870101985,2.086688137412775,0.20799785292538917
191,10.292538915727322,5.562265163714439,12.5,37.506709608158886,22.20209339774557,4.616210413311863,4.911433172302737,0.11406333870101985,2.086688137412775,0.20799785292538917
192,10.46027911969941,5.562265163714439,12.359098228663447,37.32555018786903,21.79951690821256,4.616210413311863,5.488459473966721,0.11406333870101985,2.0665593129361244,0.20799785292538917
193,10.46027911969941,5.562265163714439,12.359098228663447,37.32555018786903,21.79951690821256,4.616210413311863,5.488459473966721,0.11406333870101985,2.0665593129361244,0.20799785292538917
194,10.7085346215781,5.542136339237788,12.345679012345679,37.1309715512614,21.79951690821256,4.616210413311863,5.46833064949007,0.11406333870101985,2.0665593129361244,0.20799785292538917
195,10.896403650026839,5.542136339237788,12.325550187869029,37.03703703703704,21.79951690821256,4.582662372517445,5.441492216854535,0.10735373054213634,2.059849704777241,0.20799785292538917
196,10.909822866344605,5.448201825013419,13.217928073000536,37.02361782071927,21.014492753623188,4.314278046162104,5.6964573268921095,0.10735373054213634,2.059849704777241,0.20799785292538917
197,10.950080515297907,5.448201825013419,13.191089640365004,37.02361782071927,21.014492753623188,4.314278046162104,5.683038110574342,0.10735373054213634,2.059849704777241,0.20799785292538917
198,10.95679012345679,5.448201825013419,13.191089640365004,37.02361782071927,21.007783145464305,4.314278046162104,5.683038110574342,0.10735373054213634,2.059849704777241,0.20799785292538917
199,11.077563070316694,5.448201825013419,13.157541599570585,36.94981213097155,20.994363929146537,4.314278046162104,5.683038110574342,0.10735373054213634,2.059849704777241,0.20799785292538917
200,11.171497584541063,5.448201825013419,13.137412775093935,36.922973698336016,20.947396672034355,4.314278046162104,5.683038110574342,0.10735373054213634,2.059849704777241,0.20799785292538917
201,11.560654857756306,5.448201825013419,13.103864734299517,36.86929683306495,20.947396672034355,4.314278046162104,5.381105743424584,0.10735373054213634,2.059849704777241,0.20799785292538917
202,11.66129898013956,5.414653784219001,13.103864734299517,36.802200751476114,20.947396672034355,4.314278046162104,5.381105743424584,0.10735373054213634,2.059849704777241,0.20799785292538917
203,11.439881910896403,5.414653784219001,13.09044551798175,36.00375738056898,21.598228663446054,4.314278046162104,5.233494363929147,0.10735373054213634,2.589908749329039,0.20799785292538917
204,11.75523349436393,5.414653784219001,12.969672571121846,35.93666129898014,21.470746108427267,4.314278046162104,5.233494363929147,0.10735373054213634,2.589908749329039,0.20799785292538917
205,10.768921095008052,5.407944176060118,12.942834138486312,42.51207729468599,18.095813204508858,4.213633923778851,3.2541599570585076,0.10735373054213634,2.589908749329039,0.10735373054213634
206,10.802469135802468,5.407944176060118,12.909286097691895,42.51207729468599,18.095813204508858,4.213633923778851,3.2541599570585076,0.10735373054213634,2.589908749329039,0.10735373054213634
207,10.88298443370907,5.501878690284487,12.895866881374127,42.43827160493827,18.035426731078903,4.213633923778851,3.2541599570585076,0.10735373054213634,2.563070316693505,0.10735373054213634
208,10.93666129898014,5.501878690284487,12.875738056897477,42.3845947396672,18.00858829844337,4.213633923778851,3.2541599570585076,0.10735373054213634,2.61003757380569,0.10735373054213634
209,11.144659151905529,5.475040257648954,12.835480407944177,42.330917874396135,17.975040257648953,4.193505099302201,3.2340311325818574,0.10735373054213634,2.5966183574879227,0.10735373054213634
210,11.178207192699947,5.475040257648954,12.815351583467525,42.330917874396135,17.961621041331185,4.193505099302201,3.2340311325818574,0.10735373054213634,2.5966183574879227,0.10735373054213634
211,11.218464841653248,5.421363392377885,12.815351583467525,42.330917874396135,17.94820182501342,4.2203435319377345,3.2340311325818574,0.10735373054213634,2.5966183574879227,0.10735373054213634
212,11.379495437466453,5.421363392377885,12.815351583467525,41.948470209339774,17.914653784219002,4.2203435319377345,3.2340311325818574,0.10735373054213634,2.8515834675254963,0.10735373054213634
213,11.406333870101985,5.421363392377885,12.795222758990874,41.948470209339774,17.907944176060116,4.2203435319377345,3.2340311325818574,0.10735373054213634,2.8515834675254963,0.10735373054213634
214,11.43317230273752,5.421363392377885,12.788513150831992,41.928341384863124,17.907944176060116,4.2203435319377345,3.2340311325818574,0.10735373054213634,2.8515834675254963,0.10735373054213634
215,11.453301127214171,5.421363392377885,12.446323134728932,41.29092860976919,18.391035963499732,4.2203435319377345,3.2340311325818574,0.10735373054213634,3.3279656468062266,0.10735373054213634
216,11.748523886205046,5.307300053676865,12.439613526570048,41.217122920021474,18.290391841116477,4.2203435319377345,3.2340311325818574,0.10735373054213634,3.3279656468062266,0.10735373054213634
217,11.788781535158346,5.307300053676865,12.419484702093397,41.196994095544824,18.290391841116477,4.2203435319377345,3.2340311325818574,0.10735373054213634,3.3279656468062266,0.10735373054213634
218,11.842458400429415,5.307300053676865,12.419484702093397,41.18357487922705,18.250134192163177,4.2203435319377345,3.2340311325818574,0.10735373054213634,3.3279656468062266,0.10735373054213634
219,11.956521739130435,5.260332796564681,12.419484702093397,41.14331723027375,18.223295759527645,4.2203435319377345,3.2340311325818574,0.10735373054213634,3.3279656468062266,0.10735373054213634
220,11.98336017176597,5.260332796564681,12.406065485775631,40.92190016103059,18.223295759527645,4.441760601180891,3.2206119162640903,0.10735373054213634,3.3279656468062266,0.10735373054213634
221,12.077294685990339,5.246913580246914,12.406065485775631,40.84138486312399,18.223295759527645,4.441760601180891,3.2206119162640903,0.10735373054213634,3.3279656468062266,0.10735373054213634
222,12.016908212560386,5.246913580246914,12.385936661298981,40.52603327965647,18.075684380032207,5.005367686527107,3.2206119162640903,0.08722490606548577,3.3279656468062266,0.10735373054213634
223,12.050456253354804,5.246913580246914,12.372517444981213,40.50590445517982,18.075684380032207,5.005367686527107,3.2206119162640903,0.08722490606548577,3.3279656468062266,0.10735373054213634
224,12.084004294149223,5.246913580246914,12.359098228663447,40.27106816961889,18.075684380032207,5.112721417069243,3.113258185721954,0.08722490606548577,3.5426731078904994,0.10735373054213634
225,12.191358024691358,5.24020397208803,12.359098228663447,40.203972088030056,18.04884594739667,5.10601180891036,3.113258185721954,0.08722490606548577,3.5426731078904994,0.10735373054213634
226,12.27187332259796,5.24020397208803,12.359098228663447,40.123456790123456,18.04884594739667,5.10601180891036,3.113258185721954,0.08722490606548577,3.5426731078904994,0.10735373054213634
227,12.332259796027913,5.24020397208803,12.359098228663447,40.083199141170155,18.04884594739667,5.10601180891036,3.113258185721954,0.08722490606548577,3.5225442834138487,0.10735373054213634
228,12.546967257112184,4.985238862050457,12.359098228663447,40.25093934514224,18.02871712292002,5.0791733762748255,3.113258185721954,0.08722490606548577,3.4420289855072466,0.10735373054213634
229,12.667740203972087,4.938271604938271,12.345679012345679,40.19726247987118,18.02200751476114,5.0791733762748255,3.113258185721954,0.08722490606548577,3.4420289855072466,0.10735373054213634
