,45,50,53,55,51,56,54,52,57
0,99.53703703703704,0.46296296296296297,,,,,,,
1,99.55045625335481,0.4495437466451959,,,,,,,
2,97.0276435856146,2.9723564143853998,,,,,,,
3,97.04106280193237,2.9589371980676327,,,,,,,
4,97.04777241009126,2.952227589908749,,,,,,,
5,83.78287707997853,16.21712292002147,,,,,,,
6,83.03140096618357,16.968599033816425,,,,,,,
7,82.50805152979066,17.49194847020934,,,,,,,
8,82.07863660762212,17.807300053676865,0.11406333870101985,,,,,,
9,79.26731078904992,20.46430488459474,0.11406333870101985,0.15432098765432098,,,,,
10,79.36795491143317,20.363660762211488,0.11406333870101985,0.15432098765432098,,,,,
11,79.48872785829307,20.276435856146,0.11406333870101985,0.12077294685990338,,,,,
12,76.670692431562,23.09447128287708,0.11406333870101985,0.12077294685990338,,,,,
13,76.86527106816962,22.899892646269457,0.11406333870101985,0.12077294685990338,,,,,
14,76.9122383252818,22.852925389157274,0.11406333870101985,0.12077294685990338,,,,,
15,77.08668813741278,22.6784755770263,0.11406333870101985,0.12077294685990338,,,,,
16,77.14036500268384,22.624798711755233,0.11406333870101985,0.12077294685990338,,,,,
17,75.15432098765432,12.084004294149223,0.11406333870101985,0.05367686527106817,12.593934514224369,,,,
18,75.03354804079441,12.332259796027913,0.08051529790660225,0.05367686527106817,12.5,,,,
19,69.72624798711755,16.59957058507783,2.13365539452496,0.05367686527106817,11.486849168008588,,,,
20,69.71282877079979,15.35829307568438,3.4286097691894795,0.040257648953301126,11.460010735373054,,,,
21,69.7866344605475,15.250939345142244,3.4286097691894795,0.12077294685990338,11.41304347826087,,,,
22,70.24959742351047,14.969135802469136,3.3011272141706924,0.12077294685990338,11.3593666129898,,,,
23,70.51798174986581,14.761137949543746,3.3011272141706924,0.12077294685990338,11.29898013955985,,,,
24,65.96886741814278,19.49812130971551,3.2742887815351582,0.12077294685990338,11.137949543746645,,,,
25,66.08964036500268,19.290123456790123,3.2742887815351582,0.12077294685990338,11.225174449812132,,,,
26,65.09661835748793,17.01556629092861,3.2474503488996245,0.12077294685990338,14.51959205582394,,,,
27,65.16371443907676,17.122920021470748,3.207192699946323,0.12077294685990338,14.38539989264627,,,,
28,65.31803542673107,17.008856682769725,3.207192699946323,0.10735373054213634,14.358561460010735,,,,
29,59.936929683306495,19.45115405260333,3.207192699946323,0.10735373054213634,16.80756843800322,0.48980139559849706,,,
30,60.11137949543747,19.290123456790123,3.193773483628556,0.10735373054213634,16.80756843800322,0.48980139559849706,,,
31,50.22812667740204,29.461889425657542,3.193773483628556,0.10735373054213634,16.51905528717123,0.48980139559849706,,,
32,49.61084272678475,30.14626945786366,3.1535158346752548,0.10735373054213634,16.49892646269458,0.4830917874396135,,,
33,47.25577026301664,28.938539989264626,3.5963499731615673,0.10735373054213634,19.618894256575416,0.4830917874396135,,,
34,47.41009125067096,28.878153515834676,3.5829307568438002,0.19457863660762212,19.45115405260333,0.4830917874396135,,,
35,47.84621578099839,28.63660762211487,3.569511540526033,0.1878690284487386,19.276704240472355,0.4830917874396135,,,
36,45.4374664519592,28.556092324208265,1.8719806763285025,0.1878690284487386,23.463499731615673,0.4830917874396135,,,
37,45.772946859903385,28.482286634460547,1.8719806763285025,0.1878690284487386,23.201825013419217,0.4830917874396135,,,
38,45.92055823939882,27.885131508319915,1.1272141706924315,0.1878690284487386,21.93370907139023,0.4830917874396135,2.462426194310252,,
39,46.162104133118625,27.77777777777778,1.1272141706924315,0.1878690284487386,21.81964573268921,0.4830917874396135,2.442297369833602,,
40,46.343263553408484,27.677133655394524,1.1272141706924315,0.1878690284487386,21.73913043478261,0.4830917874396135,2.442297369833602,,
41,46.98067632850242,27.428878153515836,1.1272141706924315,0.1878690284487386,21.3768115942029,0.4830917874396135,2.4154589371980677,,
42,47.36312399355877,27.066559312936125,1.1205045625335481,0.1878690284487386,21.041331186258724,0.4830917874396135,2.341653247450349,0.39586688137412773,
43,47.75228126677402,26.932367149758456,1.1205045625335481,0.1878690284487386,20.8467525496511,0.4830917874396135,2.314814814814815,0.36231884057971014,
44,47.92673107890499,26.912238325281802,1.1205045625335481,0.1878690284487386,20.705850778314545,0.4830917874396135,2.301395598497048,0.36231884057971014,
45,48.09447128287708,26.972624798711756,1.1205045625335481,0.1878690284487386,20.477724100912507,0.4830917874396135,2.301395598497048,0.36231884057971014,
46,48.58427267847558,26.818303811057433,1.0601180891035964,0.1878690284487386,20.37037037037037,0.46296296296296297,2.15378421900161,0.36231884057971014,
47,47.296027911969944,28.133387010198604,1.0534084809447128,0.2683843263553409,20.303274288781534,0.46296296296296297,2.120236178207193,0.36231884057971014,
48,47.215512614063336,26.85185185185185,1.0399892646269457,0.2683843263553409,20.249597423510465,0.46296296296296297,3.549382716049383,0.36231884057971014,
49,47.34299516908212,26.46940418679549,1.0399892646269457,0.2683843263553409,20.04830917874396,0.46296296296296297,4.005636070853462,0.36231884057971014,
50,47.58454106280193,26.35534084809447,1.0399892646269457,0.2683843263553409,19.93424584004294,0.46296296296296297,3.992216854535695,0.36231884057971014,
51,47.86634460547504,26.207729468599034,1.0399892646269457,0.2683843263553409,19.826892109500804,0.46296296296296297,3.9720880300590444,0.35560923242082665,
52,48.027375201288244,26.060118089103597,1.0399892646269457,0.2683843263553409,19.81347289318304,0.46296296296296297,3.9720880300590444,0.35560923242082665,
53,48.22195383789587,25.664251207729468,1.0399892646269457,0.2616747181964573,19.404186795491142,0.46296296296296297,4.5893719806763285,0.35560923242082665,
54,46.47074610842727,27.455716586151368,1.0399892646269457,0.2616747181964573,19.37734836285561,0.46296296296296297,4.575952764358561,0.35560923242082665,
55,46.62506709608159,27.395330112721417,1.0399892646269457,0.3421900161030596,19.202898550724637,0.46296296296296297,4.575952764358561,0.35560923242082665,
56,46.95383789586688,27.26784755770263,1.0399892646269457,0.3421900161030596,19.03515834675255,0.46296296296296297,4.542404723564144,0.35560923242082665,
57,47.16183574879227,27.15378421900161,1.0131508319914118,0.3421900161030596,18.9747718733226,0.46296296296296297,4.53569511540526,0.35560923242082665,
58,47.02093397745572,24.114331723027377,4.53569511540526,0.3421900161030596,18.894256575415994,0.46296296296296297,4.274020397208803,0.35560923242082665,
59,47.148416532474506,24.134460547504027,4.53569511540526,0.3421900161030596,18.820450885668276,0.46296296296296297,4.200214707461084,0.35560923242082665,
60,47.38996242619431,23.993558776167472,4.502147074610843,0.3421900161030596,18.753354804079443,0.46296296296296297,4.200214707461084,0.35560923242082665,
61,45.189210950080515,26.952495974235106,4.361245303274289,0.322061191626409,18.511808910359633,0.46296296296296297,3.421900161030596,0.7783145464304885,
62,44.96108427267848,26.704240472356414,4.3478260869565215,0.3153515834675255,18.92109500805153,0.46296296296296297,3.421900161030596,0.8655394524959742,
63,41.08964036500269,21.28287707997853,1.0332796564680622,0.3153515834675255,31.340579710144926,0.2147074610842727,3.8580246913580245,0.8655394524959742,
64,41.532474503489,21.22249060654858,1.0332796564680622,0.23483628556092323,30.95813204508857,0.2147074610842727,3.8580246913580245,0.9460547504025765,
65,42.08266237251745,21.00107353730542,1.0332796564680622,0.23483628556092323,30.66290928609769,0.2147074610842727,3.8311862587224907,0.9393451422436929,
66,42.36446591519055,20.90713902308105,1.0332796564680622,0.2281266774020397,30.515297906602253,0.2147074610842727,3.8177670424047236,0.9192163177670424,
67,42.08266237251745,19.370638754696724,1.0198604401502953,0.27509393451422437,29.441760601180892,0.2147074610842727,3.7775093934514223,3.8177670424047236,
68,40.94202898550725,20.893719806763286,1.0198604401502953,0.27509393451422437,29.139828234031132,0.2147074610842727,3.69699409554482,3.8177670424047236,
69,40.87493290391841,21.115136876006442,1.0198604401502953,0.27509393451422437,29.012345679012345,0.2147074610842727,3.683574879227053,3.8043478260869565,
70,41.25067096081589,20.987654320987655,1.0198604401502953,0.27509393451422437,28.844605475040257,0.2147074610842727,3.629898013955985,3.7775093934514223,
71,40.60654857756307,20.813204508856682,1.0198604401502953,0.20128824476650564,30.18652710681696,0.2147074610842727,3.603059581320451,3.3548040794417604,
72,40.82796564680623,20.739398819108963,1.0198604401502953,0.20128824476650564,30.05233494363929,0.2147074610842727,3.589640365002684,3.3548040794417604,
73,41.23054213633924,20.591787439613526,1.0064412238325282,0.20128824476650564,29.830917874396135,0.19457863660762212,3.589640365002684,3.3548040794417604,
74,39.29817498658078,23.181696188942567,2.13365539452496,0.4562533548040794,27.750939345142243,0.19457863660762212,3.589640365002684,3.3950617283950617,
75,39.48604401502952,23.17498658078368,2.1068169618894257,0.4562533548040794,27.616747181964573,0.19457863660762212,3.569511540526033,3.3950617283950617,
76,39.81481481481482,23.060923242082662,2.1068169618894257,0.4562533548040794,27.42216854535695,0.19457863660762212,3.569511540526033,3.374932903918411,
77,40.183843263553406,22.913311862587225,2.2342995169082127,0.6172839506172839,26.99946323134729,0.19457863660762212,3.488996242619431,3.3682232957595275,
78,40.33145464304884,22.84621578099839,2.2074610842726785,0.6172839506172839,26.952495974235106,0.19457863660762212,3.4822866344605474,3.3682232957595275,
79,40.713902308105204,22.69189479334407,2.1806226516371443,0.6105743424584005,26.757917337627482,0.19457863660762212,3.4822866344605474,3.3682232957595275,
80,40.58641975308642,22.933440687063875,2.1739130434782608,0.8319914117015567,26.46940418679549,0.19457863660762212,3.4420289855072466,3.3682232957595275,
81,40.653515834675254,21.618357487922705,4.320987654320987,0.8319914117015567,25.637412775093935,0.19457863660762212,3.4420289855072466,3.3011272141706924,
82,40.88164251207729,21.591519055287172,4.294149221685454,0.8319914117015567,25.462962962962962,0.19457863660762212,3.4420289855072466,3.3011272141706924,
83,39.38539989264627,23.362855609232422,4.280730005367687,0.8252818035426731,25.207997852925388,0.19457863660762212,3.4420289855072466,3.3011272141706924,
84,36.63446054750403,20.068438003220614,4.079441760601181,0.7045088566827697,22.007514761137948,0.14761137949543746,1.7042404723564144,14.65378421900161,
85,36.79549114331723,19.464573268921097,4.05931293612453,0.7045088566827697,21.960547504025765,0.14761137949543746,1.6774020397208802,15.190552871712292,
86,37.19135802469136,19.41760601180891,3.9989264626945786,0.7045088566827697,21.826355340848096,0.14761137949543746,1.6371443907675791,15.076489533011273,
87,35.88298443370907,18.377616747181964,3.9586688137412773,0.6910896403650026,24.490069779924852,0.14761137949543746,1.583467525496511,14.868491680085883,
88,36.32581857219538,18.203166935050994,3.851315083199141,0.6910896403650026,24.355877616747183,0.14761137949543746,1.556629092860977,14.868491680085883,
89,36.79549114331723,18.10252281266774,3.7573805689747717,0.6910896403650026,24.194847020933977,0.14761137949543746,1.556629092860977,14.754428341384862,
90,37.0504562533548,18.055555555555557,3.717122920021471,0.9930220075147611,23.785560923242084,0.14761137949543746,1.556629092860977,14.694041867954912,
91,37.37251744498121,17.914653784219002,3.7104133118625873,0.9930220075147611,23.64465915190553,0.14761137949543746,1.556629092860977,14.660493827160494,
92,37.64090177133655,17.820719269994633,3.7104133118625873,0.9863123993558777,23.537305421363392,0.2952227589908749,1.5499194847020934,14.459205582393988,
93,35.40660225442834,20.135534084809446,3.69699409554482,0.9863123993558777,23.49704777241009,0.2952227589908749,1.5499194847020934,14.432367149758454,
94,35.04428341384863,19.753086419753085,2.7308105206655933,0.9863123993558777,25.39586688137413,0.2952227589908749,1.5365002683843263,14.257917337627482,
95,34.68867418142781,19.142512077294686,4.8443370907139025,0.95276435856146,24.4296833064949,0.2952227589908749,1.5365002683843263,14.110305958132045,
96,35.32608695652174,19.00161030595813,4.750402576489533,1.093666129898014,24.14117015566291,0.28180354267310787,1.5029522275899088,13.902308105206655,
97,35.72195383789587,18.86070853462158,4.703435319377348,1.0601180891035964,24.040526033279658,0.28180354267310787,1.4761137949543746,13.855340848094471,
98,36.191626409017715,18.605743424584006,4.696725711218465,1.1808910359634996,23.859366612989803,0.28180354267310787,1.4761137949543746,13.707729468599034,
99,36.41304347826087,18.572195383789587,4.656468062265164,1.1473429951690821,23.825818572195384,0.28180354267310787,1.4626945786366077,13.6406333870102,
100,36.52710681696189,18.438003220611915,4.643048845947397,1.5163714439076759,23.637949543746647,0.28180354267310787,1.4626945786366077,13.493022007514762,
101,36.312399355877616,18.095813204508858,4.5893719806763285,1.5163714439076759,24.315619967793882,0.28180354267310787,1.4492753623188406,13.439345142243694,
102,36.560654857756305,17.907944176060116,4.542404723564144,1.5163714439076759,24.36929683306495,0.28180354267310787,1.4492753623188406,13.372249060654857,
103,36.822329575952764,17.860976918947934,4.502147074610843,1.5096618357487923,24.261943102522814,0.2549651100375738,1.4492753623188406,13.33870101986044,
104,37.084004294149224,17.807300053676865,4.468599033816425,1.6438539989264627,24.000268384326354,0.2549651100375738,1.4492753623188406,13.291733762748256,
105,36.500268384326354,18.82716049382716,4.448470209339774,1.6438539989264627,23.64465915190553,0.2549651100375738,1.4224369296833066,13.258185721953838,
106,36.63446054750403,18.853998926462694,4.448470209339774,1.6371443907675791,23.577563070316693,0.2549651100375738,1.4224369296833066,13.170960815888352,
107,36.882716049382715,18.800322061191626,4.448470209339774,1.6371443907675791,23.43666129898014,0.2549651100375738,1.3821792807300053,13.09044551798175,0.06709608158883522
108,37.07058507783145,18.706387546967257,4.448470209339774,1.6035963499731616,23.382984433709073,0.2549651100375738,1.3821792807300053,13.083735909822867,0.06709608158883522
109,36.82903918411165,18.189747718733226,6.300322061191626,1.5901771336553945,22.416800858829845,0.2549651100375738,1.3821792807300053,12.969672571121846,0.06709608158883522
110,36.292270531400966,17.847557702630166,6.286902844873859,1.6572732152442298,23.349436392914654,0.2549651100375738,1.3821792807300053,12.86231884057971,0.06709608158883522
111,32.84353193773484,13.197799248523886,6.78341384863124,1.7310789049919484,31.414385399892645,0.2549651100375738,1.3553408480944713,12.204777241009126,0.2147074610842727
112,31.49490069779925,15.807836822329575,6.769994632313473,1.724369296833065,30.589103596349972,0.2549651100375738,1.3553408480944713,11.788781535158346,0.2147074610842727
113,31.776704240472355,15.780998389694043,6.756575415995706,1.724369296833065,30.44820182501342,0.2549651100375738,1.3553408480944713,11.688137412775093,0.2147074610842727
114,31.95786366076221,15.98899624261943,6.635802469135802,1.6908212560386473,30.267042404723565,0.2549651100375738,1.3553408480944713,11.634460547504025,0.2147074610842727
115,31.85721953837896,16.324476650563607,6.635802469135802,1.6908212560386473,30.119431025228128,0.2549651100375738,1.3553408480944713,11.54723564143854,0.2147074610842727
116,32.340311325818575,16.27079978529254,6.5552871712292005,1.6505636070853462,29.70343531937735,0.2549651100375738,1.5767579173376274,11.43317230273752,0.2147074610842727
117,31.561996779388085,15.26435856146001,6.501610305958132,1.570048309178744,31.57541599570585,0.2549651100375738,1.6639828234031133,11.392914653784219,0.2147074610842727
118,32.03166935050993,15.183843263553408,6.447933440687064,1.4358561460010735,31.427804616210413,0.2549651100375738,1.6505636070853462,11.352657004830919,0.2147074610842727
119,32.1658615136876,15.123456790123457,6.447933440687064,1.4358561460010735,31.340579710144926,0.46967257112184646,1.6438539989264627,11.158078368223295,0.2147074610842727
120,31.723027375201287,15.03623188405797,6.427804616210413,1.6170155662909287,31.790123456790123,0.46967257112184646,1.6170155662909287,11.104401502952227,0.2147074610842727
121,32.018250134192165,14.97584541062802,6.400966183574879,1.596886741814278,31.313741277509394,0.46967257112184646,1.6170155662909287,11.392914653784219,0.2147074610842727
122,32.17928073000537,14.928878153515834,6.400966183574879,1.596886741814278,31.199677938808374,0.46967257112184646,1.6170155662909287,11.258722490606548,0.3488996242619431
123,32.340311325818575,14.861782071927,6.380837359098229,2.2410091250670963,30.52200751476114,0.46967257112184646,1.6103059581320451,11.225174449812132,0.3488996242619431
124,31.810252281266774,14.217659688674182,8.769457863660762,2.1068169618894257,30.381105743424584,0.46967257112184646,1.556629092860977,10.258990874932904,0.4294149221685454
125,32.085346215781,14.217659688674182,8.68894256575416,2.086688137412775,30.246913580246915,0.46967257112184646,1.556629092860977,10.218733225979603,0.4294149221685454
126,29.663177670424048,13.479602791196994,6.991411701556629,1.0869565217391304,36.15807836822329,0.46967257112184646,1.556629092860977,10.165056360708535,0.4294149221685454
127,29.985238862050455,13.419216317767042,6.964573268921095,1.0735373054213635,36.00375738056898,0.46967257112184646,1.5297906602254427,10.124798711755233,0.4294149221685454
128,30.347557702630166,13.385668276972625,6.91760601180891,1.0735373054213635,35.75550187869028,0.46967257112184646,1.5163714439076759,10.104669887278583,0.4294149221685454
129,30.9849704777241,13.331991411701557,6.850509930220075,1.1406333870101986,35.238862050456255,0.46967257112184646,1.6304347826086956,9.923510466988727,0.4294149221685454
130,31.30703166935051,13.291733762748256,6.837090713902308,1.1406333870101986,35.017444981213096,0.4495437466451959,1.6304347826086956,9.896672034353195,0.4294149221685454
131,31.52173913043478,13.211218464841654,7.246376811594203,1.107085346215781,34.5276435856146,0.4495437466451959,1.6304347826086956,9.876543209876543,0.4294149221685454
132,31.890767579173378,13.144122383252817,7.239667203435319,1.107085346215781,34.286097691894796,0.4495437466451959,1.6304347826086956,9.822866344605474,0.4294149221685454
133,32.23295759527644,13.070316693505099,7.27992485238862,1.107085346215781,34.024422973698336,0.4495437466451959,1.6170155662909287,9.789318303811058,0.4294149221685454
134,32.52818035426731,12.902576489533011,7.266505636070853,1.107085346215781,33.55475040257649,0.8051529790660226,1.6170155662909287,9.789318303811058,0.4294149221685454
135,32.68250134192163,12.882447665056361,7.266505636070853,1.0802469135802468,33.5077831454643,0.8051529790660226,1.6103059581320451,9.73564143853999,0.4294149221685454
136,33.03811057434246,12.842190016103059,7.219538378958669,1.0802469135802468,33.353462157809986,0.8051529790660226,1.5901771336553945,9.64170692431562,0.4294149221685454
137,33.319914117015564,12.795222758990874,7.192699946323135,1.0735373054213635,33.16559312936125,0.7917337627482555,1.5901771336553945,9.64170692431562,0.4294149221685454
138,33.53462157809984,12.70799785292539,7.14573268921095,1.0735373054213635,33.09849704777241,0.7917337627482555,1.5901771336553945,9.628287707997853,0.4294149221685454
139,33.7962962962963,12.674449812130971,7.14573268921095,1.0735373054213635,32.88378958668814,0.7917337627482555,1.5901771336553945,9.614868491680086,0.4294149221685454
140,33.95061728395062,12.674449812130971,7.139023081052066,1.06682769726248,32.75630703166935,0.7917337627482555,1.5901771336553945,9.601449275362318,0.4294149221685454
141,34.19216317767042,12.647611379495437,7.118894256575416,1.06682769726248,32.63553408480945,0.7917337627482555,1.5901771336553945,9.5276435856146,0.4294149221685454
142,33.91035963499731,12.426194310252281,5.60252281266774,1.06682769726248,32.2866344605475,0.7917337627482555,1.5901771336553945,11.896135265700483,0.4294149221685454
143,34.29951690821256,12.359098228663447,5.589103596349974,1.0332796564680622,32.09205582393988,0.7917337627482555,1.5901771336553945,11.81561996779388,0.4294149221685454
144,34.74235104669887,12.31213097155126,5.515297906602254,1.0265700483091786,31.850509930220074,0.7581857219538379,1.5901771336553945,11.77536231884058,0.4294149221685454
145,34.916800858829845,12.245034889962426,5.501878690284487,1.0265700483091786,31.80354267310789,0.7581857219538379,1.5901771336553945,11.728395061728396,0.4294149221685454
146,35.04428341384863,12.204777241009126,5.4549114331723025,1.1473429951690821,31.749865807836823,0.7581857219538379,1.4962426194310252,11.714975845410628,0.4294149221685454
147,35.46698872785829,12.050456253354804,5.542136339237788,1.1473429951690821,31.568706387546968,0.7581857219538379,1.4962426194310252,11.540526033279656,0.4294149221685454
148,35.57434245840043,12.00348899624262,5.515297906602254,1.1473429951690821,31.568706387546968,0.7581857219538379,1.4895330112721417,11.513687600644122,0.4294149221685454
149,35.628019323671495,12.164519592055823,5.4549114331723025,1.2144390767579174,31.40096618357488,0.7581857219538379,1.4895330112721417,11.460010735373054,0.4294149221685454
150,35.81588835212023,12.130971551261407,5.421363392377885,1.2144390767579174,31.112453032742888,0.9259259259259259,1.4895330112721417,11.460010735373054,0.4294149221685454
151,36.01717659688674,12.130971551261407,5.407944176060118,1.1808910359634996,31.00509930220075,0.9259259259259259,1.4895330112721417,11.41304347826087,0.4294149221685454
152,36.41304347826087,12.057165861513688,5.394524959742351,1.1808910359634996,30.803811057434245,0.9259259259259259,1.4626945786366077,11.332528180354267,0.4294149221685454
153,36.72839506172839,12.00348899624262,5.199946323134729,1.1674718196457328,30.515297906602253,0.9259259259259259,1.5901771336553945,11.439881910896403,0.4294149221685454
154,37.0101986044015,11.996779388083736,5.199946323134729,1.2681159420289856,30.253623188405797,0.8856682769726248,1.5901771336553945,11.379495437466453,0.41599570585077833
155,37.37251744498121,11.90955448201825,5.146269457863661,1.2681159420289856,30.132850241545892,0.8588298443370908,1.5901771336553945,11.305689747718732,0.41599570585077833
156,37.52012882447665,11.896135265700483,5.139559849704777,1.2681159420289856,30.059044551798173,0.8588298443370908,1.5901771336553945,11.252012882447666,0.41599570585077833
157,37.82877079978529,11.842458400429415,5.0858829844337095,1.2681159420289856,29.64975845410628,0.8588298443370908,1.5901771336553945,11.460010735373054,0.41599570585077833
158,37.956253354804076,11.761943102522812,4.9651100375738055,1.5096618357487923,29.502147074610843,0.8588298443370908,1.5901771336553945,11.439881910896403,0.41599570585077833
159,37.895866881374126,11.969940955448202,4.9651100375738055,1.5096618357487923,29.381374127750938,0.8588298443370908,1.5901771336553945,11.426462694578637,0.4025764895330113
160,38.00322061191626,11.936392914653783,4.9651100375738055,1.5096618357487923,29.320987654320987,0.8588298443370908,1.5901771336553945,11.41304347826087,0.4025764895330113
161,37.956253354804076,11.902844873859367,4.9651100375738055,1.4626945786366077,28.837895866881375,0.9125067096081588,1.7847557702630166,11.77536231884058,0.4025764895330113
162,37.67444981213097,11.842458400429415,4.797369833601718,1.4626945786366077,28.495705850778315,0.9125067096081588,1.8786902844873858,12.533548040794418,0.4025764895330113
163,38.00322061191626,11.75523349436393,4.777241009125067,1.4492753623188406,28.327965646806227,0.8923778851315083,1.8786902844873858,12.513419216317766,0.4025764895330113
164,38.13070316693505,11.741814278046162,4.777241009125067,1.4492753623188406,28.267579173376276,0.8923778851315083,1.8585614600107354,12.47987117552335,0.4025764895330113
165,38.43263553408481,11.66129898013956,4.676596886741814,1.4492753623188406,27.945517981749866,0.8923778851315083,2.100107353730542,12.439613526570048,0.4025764895330113
166,38.519860440150296,11.540526033279656,4.663177670424047,1.4492753623188406,27.885131508319915,0.8722490606548577,2.0933977455716586,12.573805689747719,0.4025764895330113
167,38.7614063338701,11.540526033279656,4.64975845410628,1.4492753623188406,27.697262479871174,0.8722490606548577,2.0799785292538915,12.546967257112184,0.4025764895330113
168,39.19753086419753,11.480139559849706,4.569243156199678,1.596886741814278,27.34165324745035,0.8722490606548577,2.0799785292538915,12.4597423510467,0.4025764895330113
169,39.31159420289855,11.33923778851315,4.542404723564144,1.9726247987117553,26.92565754159957,0.9863123993558777,2.0799785292538915,12.453032742887816,0.38915727321524424
170,39.65378421900161,11.29898013955985,4.542404723564144,1.9524959742351047,26.80488459473967,0.9863123993558777,2.0263016639828235,12.345679012345679,0.38915727321524424
171,40.042941492216855,11.2788513150832,4.4820182501341925,1.8518518518518519,26.670692431561996,0.9863123993558777,2.0263016639828235,12.27187332259796,0.38915727321524424
172,40.304616210413315,11.238593666129898,4.468599033816425,1.9256575415995705,26.462694578636608,0.9796027911969941,2.0263016639828235,12.204777241009126,0.38915727321524424
173,40.49248523886205,11.20504562533548,4.441760601180891,1.9256575415995705,26.34863123993559,0.9796027911969941,2.0263016639828235,12.191358024691358,0.38915727321524424
174,40.673644659151904,11.171497584541063,4.441760601180891,1.9122383252818036,26.20101986044015,0.9796027911969941,2.227589908749329,12.00348899624262,0.38915727321524424
175,41.1634460547504,11.044015029522276,4.374664519592056,2.0263016639828235,26.113794954374665,0.9796027911969941,2.200751476113795,11.708266237251744,0.38915727321524424
176,41.438539989264626,11.017176596886742,4.334406870638754,1.9994632313472893,25.966183574879228,0.966183574879227,2.200751476113795,11.688137412775093,0.38915727321524424
177,41.659957058507786,11.010466988727858,4.314278046162104,1.9994632313472893,25.865539452495973,0.9460547504025765,2.200751476113795,11.614331723027375,0.38915727321524424
178,41.78743961352657,10.929951690821255,4.314278046162104,1.9994632313472893,25.885668276972623,0.9393451422436929,2.187332259796028,11.56736446591519,0.38915727321524424
179,42.049114331723025,10.876274825550189,4.280730005367687,1.9927536231884058,25.77831454643049,0.9393451422436929,2.187332259796028,11.506977992485238,0.38915727321524424
180,42.230273752012884,10.809178743961352,4.280730005367687,1.9927536231884058,25.650831991411703,1.1205045625335481,2.187332259796028,11.33923778851315,0.38915727321524424
181,40.79441760601181,10.795759527643586,4.240472356414386,4.944981213097155,24.852388620504563,0.9997316156736447,1.8988191089640365,11.084272678475577,0.38915727321524424
182,41.18357487922705,10.674986580783683,4.2270531400966185,4.891304347826087,24.792002147074612,0.9997316156736447,1.8988191089640365,10.943370907139023,0.38915727321524424
183,41.54589371980676,10.641438539989265,4.159957058507783,4.891304347826087,24.570585077831456,0.9930220075147611,1.9994632313472893,10.809178743961352,0.38915727321524424
184,41.74047235641439,10.607890499194847,4.119699409554482,4.85775630703167,24.376006441223833,0.9930220075147611,2.1269457863660763,10.789049919484702,0.38915727321524424
185,42.069243156199676,10.581052066559312,4.045893719806763,4.8376274825550185,24.241814278046164,0.9930220075147611,2.1269457863660763,10.715244229736983,0.38915727321524424
186,42.270531400966185,10.567632850241546,4.03918411164788,4.898013955984971,24.12775093934514,0.9930220075147611,2.1135265700483092,10.601180891035963,0.38915727321524424
187,41.49892646269458,10.547504025764896,4.03918411164788,4.871175523349437,26.89210950080515,0.9930220075147611,2.1135265700483092,8.655394524959743,0.38915727321524424
188,41.86124530327429,10.466988727858293,4.03918411164788,4.830917874396135,26.7512077294686,0.9796027911969941,2.1135265700483092,8.588298443370908,0.36902844873859364
189,42.223564143854,10.413311862587225,4.03918411164788,4.830917874396135,26.54320987654321,0.9796027911969941,2.100107353730542,8.501073537305421,0.36902844873859364
190,42.46511003757381,10.373054213633925,4.03918411164788,4.810789049919484,26.442565754159958,0.9796027911969941,2.0397208803005906,8.480944712828771,0.36902844873859364
191,42.619431025228124,10.36634460547504,4.025764895330113,4.958400429414922,26.31508319914117,0.9796027911969941,2.0397208803005906,8.353462157809984,0.3421900161030596
192,42.860976918947934,10.339506172839506,4.025764895330113,4.924852388620504,26.1808910359635,0.9728931830381106,2.0397208803005906,8.313204508856682,0.3421900161030596
193,43.12265163714439,10.339506172839506,4.005636070853462,4.924852388620504,25.99302200751476,0.9728931830381106,2.0128824476650564,8.28636607622115,0.3421900161030596
194,43.20987654320987,10.339506172839506,4.005636070853462,4.924852388620504,25.966183574879228,0.9728931830381106,2.0128824476650564,8.225979602791197,0.3421900161030596
195,43.29039184111648,10.332796564680622,4.005636070853462,4.911433172302737,25.91921631776704,0.9728931830381106,2.0128824476650564,8.21256038647343,0.3421900161030596
196,43.612453032742884,10.305958132045088,3.978797638217928,4.904723564143854,25.697799248523886,0.9728931830381106,1.9927536231884058,8.192431561996779,0.3421900161030596
197,43.874127750939344,10.285829307568438,3.965378421900161,4.998658078368224,25.449543746645197,0.95276435856146,1.9659151905528718,8.165593129361245,0.3421900161030596
198,42.914653784219,10.285829307568438,3.629898013955985,5.0791733762748255,24.18142780461621,0.6038647342995169,4.851046698872786,8.111916264090176,0.3421900161030596
199,43.12936124530327,10.272410091250672,3.535963499731616,5.22007514761138,23.96672034353194,0.6038647342995169,4.817498658078368,8.111916264090176,0.3421900161030596
200,43.16961889425657,10.171765968867419,3.535963499731616,5.367686527106817,23.919753086419753,0.6038647342995169,4.797369833601718,8.091787439613526,0.3421900161030596
201,43.4447128287708,10.091250670960816,3.535963499731616,5.347557702630167,23.8191089640365,0.6038647342995169,4.777241009125067,8.064949006977992,0.3153515834675255
202,43.71980676328502,9.990606548577563,3.535963499731616,5.193236714975845,23.711755233494365,0.7380568974771873,4.777241009125067,8.017981749865807,0.3153515834675255
203,43.41787439613527,9.769189479334408,3.5225442834138487,5.159688674181428,23.17498658078368,0.7246376811594203,4.7638217928073,9.151905528717123,0.3153515834675255
204,43.39103596349973,9.749060654857756,3.3480944712828773,5.146269457863661,22.873054213633925,0.6977992485238862,4.7638217928073,9.71551261406334,0.3153515834675255
205,42.579173376274824,9.708803005904455,3.3480944712828773,5.132850241545894,24.993290391841118,0.6038647342995169,4.757112184648417,8.57487922705314,0.30193236714975846
206,42.82742887815352,9.695383789586689,3.3413848631239937,5.12614063338701,24.879227053140095,0.6038647342995169,4.736983360171766,8.487654320987655,0.30193236714975846
207,42.14975845410628,9.668545356951155,3.294417606011809,5.119431025228127,26.341921631776703,0.6038647342995169,4.528985507246377,7.991143317230274,0.30193236714975846
208,42.47852925389157,9.628287707997853,3.260869565217391,5.092592592592593,26.227858293075684,0.6038647342995169,4.51556629092861,7.890499194847021,0.30193236714975846
209,42.619431025228124,9.628287707997853,3.2206119162640903,5.072463768115942,26.207729468599034,0.6910896403650026,4.448470209339774,7.809983896940419,0.30193236714975846
210,42.84084809447128,9.628287707997853,3.207192699946323,5.032206119162641,26.120504562533547,0.6910896403650026,4.414922168545357,7.763016639828234,0.30193236714975846
211,42.0222758990875,9.500805152979066,5.730005367686527,4.898013955984971,24.90606548577563,0.6910896403650026,4.280730005367687,7.669082125603865,0.30193236714975846
212,42.3040794417606,9.480676328502415,5.669618894256575,4.817498658078368,24.785292538915726,0.6910896403650026,4.280730005367687,7.669082125603865,0.30193236714975846
213,42.51207729468599,9.460547504025765,5.622651637144391,4.817498658078368,24.691358024691358,0.6910896403650026,4.280730005367687,7.62211486849168,0.30193236714975846
214,42.7133655394525,9.41358024691358,5.609232420826624,4.783950617283951,24.644390767579175,0.6910896403650026,4.253891572732153,7.588566827697263,0.30193236714975846
215,42.88781535158347,9.41358024691358,5.609232420826624,4.730273752012883,24.537037037037038,0.6910896403650026,4.253891572732153,7.575147611379496,0.30193236714975846
216,43.14949006977992,9.39345142243693,5.5756843800322065,4.636339237788513,24.496779388083738,0.6910896403650026,4.253891572732153,7.501341921631776,0.30193236714975846
217,43.37761674718197,9.353193773483628,5.542136339237788,4.636339237788513,24.436392914653783,0.6910896403650026,4.253891572732153,7.407407407407407,0.30193236714975846
218,43.505099302200755,9.292807300053678,5.515297906602254,4.636339237788513,24.422973698336016,0.6910896403650026,4.28743961352657,7.347020933977456,0.30193236714975846
219,43.592324208266234,9.118357487922705,5.508588298443371,4.622920021470746,24.60413311862587,0.6910896403650026,4.26731078904992,7.2933440687063875,0.30193236714975846
220,43.70638754696726,9.118357487922705,5.4616210413311865,4.609500805152979,24.550456253354803,0.6910896403650026,4.26731078904992,7.2933440687063875,0.30193236714975846
221,43.98148148148148,9.078099838969404,5.441492216854535,4.549114331723027,24.48336017176597,0.6776704240472357,4.206924315619967,7.27992485238862,0.30193236714975846
222,44.16935050993022,9.044551798174986,5.421363392377885,4.542404723564144,24.382716049382715,0.6776704240472357,4.180085882984434,7.27992485238862,0.30193236714975846
223,42.7133655394525,8.648684916800859,5.421363392377885,4.528985507246377,26.382179280730007,0.6776704240472357,4.166666666666667,7.159151905528717,0.30193236714975846
224,43.03542673107891,8.628556092324208,5.3341384863123995,4.528985507246377,26.207729468599034,0.6776704240472357,4.2203435319377345,7.092055823939882,0.27509393451422437
225,43.29710144927536,8.568169618894256,5.300590445517981,4.522275899087493,26.10708534621578,0.6776704240472357,4.213633923778851,7.0383789586688135,0.27509393451422437
226,43.545356951154055,8.514492753623188,5.273752012882448,4.4820182501341925,25.91921631776704,0.6776704240472357,4.280730005367687,7.03166935050993,0.27509393451422437
227,43.76006441223833,8.507783145464305,5.246913580246914,4.455179817498658,25.805152979066023,0.6776704240472357,4.274020397208803,6.998121309715513,0.27509393451422437
228,43.894256575415994,8.507783145464305,5.246913580246914,4.428341384863124,25.697799248523886,0.6776704240472357,4.274020397208803,6.998121309715513,0.27509393451422437
229,44.16935050993022,8.507783145464305,5.226784755770263,4.341116478797638,25.617283950617285,0.644122383252818,4.274020397208803,6.944444444444445,0.27509393451422437
230,44.43102522812668,8.501073537305421,5.213365539452496,4.280730005367687,25.509930220075148,0.6374127750939346,4.240472356414386,6.910896403650026,0.27509393451422437
231,44.585346215781,8.501073537305421,5.213365539452496,4.260601180891036,25.462962962962962,0.6239935587761675,4.193505099302201,6.884057971014493,0.27509393451422437
232,44.69269994632314,8.480944712828771,5.193236714975845,4.260601180891036,25.39586688137413,0.6239935587761675,4.193505099302201,6.884057971014493,0.27509393451422437
233,44.900697799248526,8.474235104669887,5.146269457863661,4.260601180891036,25.32206119162641,0.6239935587761675,4.139828234031133,6.857219538378959,0.27509393451422437
234,45.09527643585615,8.467525496511003,5.112721417069243,4.260601180891036,25.207997852925388,0.6239935587761675,4.139828234031133,6.816961889425658,0.27509393451422437
235,45.21604938271605,8.467525496511003,5.0791733762748255,4.260601180891036,25.147611379495437,0.6239935587761675,4.1129898013955986,6.816961889425658,0.27509393451422437
236,45.370370370370374,8.447396672034353,5.072463768115942,4.247181964573269,25.07380568974772,0.6239935587761675,4.072732152442297,6.816961889425658,0.27509393451422437
237,45.4777241009125,8.413848631239935,5.038915727321524,4.247181964573269,24.852388620504563,0.6239935587761675,4.05931293612453,7.011540526033279,0.27509393451422437
238,45.67230273752013,8.400429414922169,5.038915727321524,4.240472356414386,24.731615673644658,0.6239935587761675,4.03918411164788,6.977992485238862,0.27509393451422437
239,45.58507783145464,8.393719806763285,5.287171229200215,4.240472356414386,24.57729468599034,0.6239935587761675,4.03918411164788,6.977992485238862,0.27509393451422437
240,45.65888352120236,8.393719806763285,5.273752012882448,4.240472356414386,24.516908212560388,0.6239935587761675,4.03918411164788,6.977992485238862,0.27509393451422437
241,45.772946859903385,8.380300590445518,5.233494363929147,4.2270531400966185,24.496779388083738,0.6239935587761675,4.03918411164788,6.951154052603328,0.27509393451422437
242,45.860171765968865,8.353462157809984,5.199946323134729,4.2270531400966185,24.476650563607084,0.6239935587761675,4.03918411164788,6.944444444444445,0.27509393451422437
243,45.32340311325819,9.500805152979066,5.10601180891036,4.213633923778851,24.168008588298445,0.6239935587761675,4.032474503488996,6.756575415995706,0.27509393451422437
244,45.52469135802469,9.420289855072463,5.092592592592593,4.213633923778851,24.06736446591519,0.6239935587761675,4.025764895330113,6.756575415995706,0.27509393451422437
245,45.6857219538379,9.41358024691358,5.0791733762748255,4.213633923778851,24.00697799248524,0.6239935587761675,4.079441760601181,6.622383252818035,0.27509393451422437
246,45.893719806763286,9.380032206119163,5.052334943639291,4.186795491143317,23.765432098765434,0.6239935587761675,4.126409017713366,6.696188942565755,0.27509393451422437
247,45.73939881910896,9.380032206119163,5.615942028985507,4.186795491143317,23.537305421363392,0.6239935587761675,4.072732152442297,6.568706387546968,0.27509393451422437
248,45.92055823939882,9.339774557165862,5.615942028985507,4.186795491143317,23.423242082662373,0.6239935587761675,4.066022544283414,6.5485775630703165,0.27509393451422437
249,46.162104133118625,9.272678475577026,5.615942028985507,4.159957058507783,23.295759527643586,0.6239935587761675,4.066022544283414,6.528448738593666,0.27509393451422437
250,46.43719806763285,9.158615136876007,5.589103596349974,4.1532474503489,23.18840579710145,0.6239935587761675,4.045893719806763,6.528448738593666,0.27509393451422437
251,46.806226516371446,9.131776704240472,5.589103596349974,4.146537842190016,22.886473429951693,0.6239935587761675,4.019055287171229,6.521739130434782,0.27509393451422437
252,46.39023081052066,9.769189479334408,5.5689747718733225,4.126409017713366,22.71202361782072,0.6239935587761675,4.012345679012346,6.521739130434782,0.27509393451422437
253,46.4573268921095,9.762479871175524,5.595813204508857,4.126409017713366,22.665056360708533,0.6239935587761675,4.005636070853462,6.488191089640365,0.27509393451422437
254,46.69216317767042,9.728931830381105,5.562265163714439,4.119699409554482,22.5577026301664,0.6239935587761675,3.9855072463768115,6.454643048845948,0.27509393451422437
255,47.0679012345679,9.695383789586689,5.562265163714439,4.066022544283414,22.19538378958669,0.6239935587761675,4.072732152442297,6.4412238325281805,0.27509393451422437
256,47.08132045088567,9.634997316156737,5.535426731078905,4.05931293612453,22.094739667203434,0.6239935587761675,4.146537842190016,6.5485775630703165,0.27509393451422437
257,47.22893183038111,9.601449275362318,5.535426731078905,4.032474503488996,22.041062801932366,0.6239935587761675,4.1129898013955986,6.5485775630703165,0.27509393451422437
258,47.477187332259795,9.581320450885668,5.515297906602254,4.019055287171229,21.89345142243693,0.6105743424584005,4.079441760601181,6.5485775630703165,0.27509393451422437
