,45,50,52,55,51,53,54,56,57,58
0,99.53703703703704,0.46296296296296297,,,,,,,,
1,94.03515834675255,5.964841653247451,,,,,,,,
2,93.08910359634997,6.910896403650026,,,,,,,,
3,73.97342995169082,23.866076221148685,2.1604938271604937,,,,,,,
4,74.12104133118626,23.423242082662373,2.1604938271604937,0.2952227589908749,,,,,,
5,73.8996242619431,23.64465915190553,2.1604938271604937,0.2952227589908749,,,,,,
6,73.7788513150832,23.79898013955985,2.1403650026838434,0.28180354267310787,,,,,,
7,73.81239935587762,23.765432098765434,2.1403650026838434,0.28180354267310787,,,,,,
8,69.81347289318303,27.033011272141707,1.9256575415995705,0.28180354267310787,0.644122383252818,0.30193236714975846,,,,
9,69.64573268921094,27.200751476113794,1.9256575415995705,0.28180354267310787,0.644122383252818,0.30193236714975846,,,,
10,67.54562533548041,28.918411164787976,1.9256575415995705,0.6642512077294686,0.644122383252818,0.30193236714975846,,,,
11,67.25711218464842,29.20692431561997,1.9256575415995705,0.6642512077294686,0.644122383252818,0.30193236714975846,,,,
12,66.8545356951154,29.61621041331186,1.9256575415995705,0.6575415995705851,0.644122383252818,0.30193236714975846,,,,
13,55.71658615136876,32.63553408480945,1.9256575415995705,0.6575415995705851,8.76274825550188,0.30193236714975846,,,,
14,53.92512077294686,34.252549651100374,1.9256575415995705,0.6843800322061192,8.59500805152979,0.30193236714975846,0.3153515834675255,,,
15,52.18733225979603,35.990338164251206,1.9256575415995705,0.9326355340848095,8.3467525496511,0.30193236714975846,0.3153515834675255,,,
16,51.80488459473967,36.20504562533548,1.9256575415995705,1.1674718196457328,8.293075684380032,0.30193236714975846,0.30193236714975846,,,
17,51.918947933440684,35.91653247450349,1.9256575415995705,1.4358561460010735,8.199141170155663,0.30193236714975846,0.30193236714975846,,,
18,51.57675791733763,35.35963499731616,1.8988191089640365,1.6035963499731616,8.957326892109501,0.30193236714975846,0.30193236714975846,,,
19,42.14975845410628,43.04884594739667,1.8988191089640365,1.6371443907675791,8.917069243156199,0.30193236714975846,2.046430488459474,,,
20,39.27133655394525,44.867149758454104,3.589640365002684,1.4358561460010735,8.601717659688674,0.2214170692431562,2.0128824476650564,,,
21,38.788244766505635,43.022007514761135,3.5292538915727323,1.4358561460010735,8.527911969940956,0.2214170692431562,4.4753086419753085,,,
22,38.848631239935585,42.99516908212561,3.5292538915727323,1.415727321524423,8.527911969940956,0.2214170692431562,4.461889425657541,,,
23,39.00295222758991,42.8743961352657,3.5225442834138487,1.415727321524423,8.521202361782072,0.2214170692431562,4.441760601180891,,,
24,38.016639828234034,43.484970477724104,3.5091250670960816,1.415727321524423,7.058507783145465,2.073268921095008,4.441760601180891,,,
25,36.32581857219538,45.00134192163178,3.797638217928073,1.402308105206656,6.957863660762212,2.073268921095008,4.441760601180891,,,
26,35.98362855609233,45.36366076221149,3.7775093934514223,1.402308105206656,6.957863660762212,2.073268921095008,4.441760601180891,,,
27,32.058507783145465,49.79200214707461,4.133118625872249,1.402308105206656,6.286902844873859,2.073268921095008,4.253891572732153,,,
28,32.18599033816425,48.54401502952228,4.133118625872249,2.5831991411701556,6.286902844873859,2.059849704777241,4.206924315619967,,,
29,26.73107890499195,56.857219538378956,3.0327428878153517,2.5831991411701556,6.233225979602791,2.059849704777241,2.5026838432635534,,,
30,25.583735909822867,55.71658615136876,3.0327428878153517,2.5831991411701556,8.521202361782072,2.059849704777241,2.5026838432635534,,,
31,25.704508856682768,55.61594202898551,3.0059044551798175,2.690552871712292,8.420558239398819,2.059849704777241,2.5026838432635534,,,
32,25.811862587224905,55.36768652710682,3.0059044551798175,2.8381642512077296,8.413848631239935,2.059849704777241,2.5026838432635534,,,
33,25.77831454643049,54.05260332796565,4.931561996779388,2.5496511003757383,8.165593129361245,2.046430488459474,2.475845410628019,,,
34,25.966183574879228,53.86473429951691,4.864465915190553,2.6704240472356413,8.152173913043478,2.033011272141707,2.4490069779924855,,,
35,24.9597423510467,54.98523886205046,4.7101449275362315,2.7442297369833604,8.11862587224906,2.033011272141707,2.4490069779924855,,,
36,24.94632313472893,53.40848094471283,4.7101449275362315,3.488996242619431,8.11862587224906,2.033011272141707,3.294417606011809,,,
37,24.295491143317232,52.03301127214171,4.7101449275362315,3.488996242619431,10.144927536231885,2.033011272141707,3.294417606011809,,,
38,24.54374664519592,51.918947933440684,4.7101449275362315,3.488996242619431,10.144927536231885,1.8988191089640365,3.294417606011809,,,
39,23.66478797638218,50.026838432635536,4.7101449275362315,4.072732152442297,12.224906065485776,1.8988191089640365,3.4017713365539453,,,
40,23.765432098765434,49.77187332259796,4.690016103059581,3.9519592055823938,12.070585077831455,2.38191089640365,3.3682232957595275,,,
41,23.416532474503487,47.45034889962426,9.594739667203436,2.2342995169082127,11.553945249597424,2.38191089640365,3.3682232957595275,,,
42,23.470209339774556,46.39023081052066,11.07085346215781,2.2342995169082127,10.923242082662373,2.3752012882447664,3.535963499731616,,,
43,22.584541062801932,45.799785292538914,10.674986580783683,2.7509393451422435,12.298711755233494,2.3752012882447664,3.515834675254965,,,
44,22.48389694041868,45.41733762748255,11.144659151905529,2.7509393451422435,11.75523349436393,2.918679549114332,3.488996242619431,0.040257648953301126,,
45,22.477187332259795,44.80005367686527,10.88298443370907,2.844873859366613,12.788513150831992,2.7777777777777777,3.388352120236178,0.040257648953301126,,
46,21.886741814278047,42.70665593129361,10.775630703166936,2.328234031132582,16.680085882984432,2.898550724637681,2.5563607085346214,0.08722490606548577,0.08051529790660225,
47,21.89345142243693,39.82823403113258,10.661567364465915,2.328234031132582,16.606280193236714,6.642512077294686,1.8719806763285025,0.08722490606548577,0.08051529790660225,
48,20.21604938271605,41.619699409554485,10.61460010735373,2.328234031132582,16.492216854535695,6.642512077294686,1.865271068169619,0.14090177133655393,0.08051529790660225,
49,20.29656468062265,41.58615136876006,10.601180891035963,2.328234031132582,16.31105743424584,6.642512077294686,1.865271068169619,0.2885131508319914,0.08051529790660225,
50,20.497852925389157,41.237251744498124,10.554213633923778,2.61003757380569,16.25738056897477,6.608964036500268,1.865271068169619,0.2885131508319914,0.08051529790660225,
51,20.316693505099302,40.96886741814278,10.473698336017177,2.61003757380569,16.78743961352657,6.233225979602791,1.865271068169619,0.2885131508319914,0.4562533548040794,
52,20.283145464304884,38.419216317767045,10.534084809447128,5.159688674181428,16.760601180891037,6.233225979602791,1.865271068169619,0.2885131508319914,0.4562533548040794,
53,19.806763285024154,36.9296833064949,14.586688137412775,4.636339237788513,16.659957058507782,5.320719269994632,1.3352120236178207,0.20128824476650564,0.5233494363929146,
54,20.00805152979066,36.761943102522814,14.586688137412775,4.622920021470746,16.639828234031132,5.320719269994632,1.3352120236178207,0.20128824476650564,0.5233494363929146,
55,19.97450348899624,36.78878153515835,13.996242619431026,4.622920021470746,16.431830381105744,6.125872249060655,1.3352120236178207,0.20128824476650564,0.5233494363929146,
56,18.290391841116477,27.4422973698336,13.714439076757918,4.683306494900698,29.32769726247987,4.240472356414386,1.5767579173376274,0.20128824476650564,0.5233494363929146,
57,18.47826086956522,26.684111647879764,13.278314546430488,5.186527106816962,28.361513687600645,4.904723564143854,1.6975308641975309,0.20128824476650564,1.2077294685990339,
58,18.585614600107355,26.529790660225444,13.22463768115942,5.22007514761138,28.428609769189478,4.904723564143854,1.6975308641975309,0.20128824476650564,1.2077294685990339,
59,18.793612453032743,26.44927536231884,13.197799248523886,5.173107890499195,28.401771336553946,4.904723564143854,1.6706924315619969,0.20128824476650564,1.2077294685990339,
60,17.51207729468599,21.68545356951154,18.357487922705314,1.247987117552335,35.138217928073,3.2139023081052067,1.5432098765432098,0.6239935587761675,0.6776704240472357,
61,17.538915727321523,21.81964573268921,18.263553408480945,1.247987117552335,35.00402576489533,3.2139023081052067,1.5432098765432098,0.6239935587761675,0.7447665056360708,
62,17.67981749865808,21.76596886741814,18.21658615136876,1.247987117552335,34.93022007514761,3.475577026301664,1.3150831991411702,0.6239935587761675,0.7447665056360708,
63,16.09634997316157,23.64465915190553,17.995169082125603,1.247987117552335,34.88996242619431,3.475577026301664,1.3150831991411702,0.6239935587761675,0.7112184648416533,
64,16.25738056897477,23.376274825550187,17.941492216854535,1.247987117552335,34.93022007514761,3.475577026301664,1.3150831991411702,0.7447665056360708,0.7112184648416533,
65,16.384863123993558,23.295759527643586,17.860976918947934,1.2345679012345678,34.98389694041868,3.4688674181427803,1.3150831991411702,0.7447665056360708,0.7112184648416533,
66,16.61969940955448,23.255501878690286,17.827428878153516,1.2345679012345678,34.856414385399894,3.435319377348363,1.3150831991411702,0.7447665056360708,0.7112184648416533,
67,16.532474503488995,23.2085346215781,17.814009661835748,1.2345679012345678,34.836285560923244,3.435319377348363,1.3150831991411702,0.9125067096081588,0.7112184648416533,
68,16.49892646269458,22.450348899624263,19.43102522812668,1.2345679012345678,34.13177670424047,3.207192699946323,0.9393451422436929,1.3955984970477724,0.7112184648416533,
69,16.659957058507782,22.36983360171766,19.39747718733226,1.2345679012345678,34.084809447128286,3.207192699946323,0.9393451422436929,1.3955984970477724,0.7112184648416533,
70,16.431830381105744,20.645464304884594,19.73966720343532,1.2345679012345678,35.74208266237252,3.1602254428341383,0.9393451422436929,1.3955984970477724,0.7112184648416533,
71,16.626409017713364,20.52469135802469,19.665861513687602,1.5499194847020934,35.67498658078368,2.871712292002147,0.9796027911969941,1.3955984970477724,0.7112184648416533,
72,16.404991948470208,20.21604938271605,20.52469135802469,1.7847557702630166,35.21202361782072,2.8650026838432634,0.9796027911969941,1.3016639828234031,0.7112184648416533,
73,16.458668813741276,20.02818035426731,20.45088566827697,1.7847557702630166,34.19887278582931,2.8650026838432634,0.9796027911969941,2.522812667740204,0.7112184648416533,
74,16.760601180891037,19.97450348899624,17.98174986580784,1.7847557702630166,33.964036500268385,5.3274288781535155,0.9728931830381106,2.522812667740204,0.7112184648416533,
75,16.921631776704242,19.94766505636071,17.847557702630166,1.7847557702630166,33.11862587224906,5.924584004294149,0.9728931830381106,2.791196994095545,0.6910896403650026,
76,17.102791196994094,19.92753623188406,17.793880837359097,1.7847557702630166,33.04482018250134,5.924584004294149,0.9728931830381106,2.7777777777777777,0.6709608158883521,
77,17.310789049919485,19.900697799248523,17.424852388620504,1.7847557702630166,32.8972088030059,5.683038110574342,0.9728931830381106,3.3548040794417604,0.6709608158883521,
78,17.45169082125604,19.773215244229736,17.257112184648417,1.778046162104133,32.420826623725176,6.099033816425121,1.6103059581320451,2.9388083735909825,0.6709608158883521,
79,17.53220611916264,19.746376811594203,17.24369296833065,1.778046162104133,32.387278582930755,6.092324208266238,1.6103059581320451,2.9388083735909825,0.6709608158883521,
80,17.693236714975846,19.726247987117553,17.21014492753623,1.778046162104133,32.35373054213634,6.0587761674718195,1.6103059581320451,2.9253891572732154,0.644122383252818,
81,17.733494363929147,19.182769726247987,16.75389157273215,1.778046162104133,33.78958668813741,5.535426731078905,1.6103059581320451,2.885131508319914,0.7313472893183038,
82,17.954911433172303,19.182769726247987,16.67337627482555,1.778046162104133,33.7157809983897,5.501878690284487,1.6103059581320451,2.8515834675254963,0.7313472893183038,
83,17.995169082125603,19.229736983360173,16.659957058507782,1.778046162104133,33.64868491680086,5.495169082125604,1.6103059581320451,2.8515834675254963,0.7313472893183038,
84,18.055555555555557,19.189479334406872,16.646537842190018,1.778046162104133,33.23268921095008,5.481749865807837,1.596886741814278,3.2877079978529253,0.7313472893183038,
85,18.14278046162104,18.612453032742888,16.57944176060118,3.012614063338701,32.46108427267848,5.394524959742351,1.865271068169619,3.2340311325818574,0.6977992485238862,
86,18.310520665593128,18.59903381642512,16.545893719806763,3.012614063338701,32.360440150295226,5.374396135265701,1.865271068169619,3.2340311325818574,0.6977992485238862,
87,18.203166935050994,18.887546967257112,16.53918411164788,2.9924852388620504,32.09205582393988,5.374396135265701,1.865271068169619,3.3480944712828773,0.6977992485238862,
88,18.310520665593128,18.840579710144926,16.53918411164788,2.9924852388620504,32.03166935050993,5.374396135265701,1.865271068169619,3.3480944712828773,0.6977992485238862,
89,18.42458400429415,18.88083735909823,16.458668813741276,2.9924852388620504,31.95786366076221,5.374396135265701,1.865271068169619,3.3480944712828773,0.6977992485238862,
90,18.02871712292002,19.142512077294686,14.99597423510467,3.1065485775630703,31.843800322061192,5.649490069779925,3.5292538915727323,3.3145464304884595,0.38915727321524424,
91,17.384594739667204,20.611916264090176,14.99597423510467,3.1065485775630703,31.01851851851852,5.649490069779925,3.5292538915727323,3.3145464304884595,0.38915727321524424,
92,17.59259259259259,20.517981749865807,14.989264626945786,3.1065485775630703,30.917874396135264,5.642780461621041,3.5292538915727323,3.3145464304884595,0.38915727321524424,
93,17.726784755770264,18.86070853462158,14.949006977992486,3.3816425120772946,32.45437466451959,5.642780461621041,3.307836822329576,3.2877079978529253,0.38915727321524424,
94,17.612721417069242,18.364197530864196,15.391841116478798,3.3816425120772946,32.58185721953838,5.615942028985507,3.3011272141706924,3.361513687600644,0.38915727321524424,
95,17.780461621041333,18.303811057434245,15.28448738593666,3.3816425120772946,31.944444444444443,6.568706387546968,3.1870638754696725,3.1602254428341383,0.38915727321524424,
96,17.867686527106816,18.303811057434245,15.230810520665592,3.6902844873859366,31.87734836285561,5.810520665593129,3.1870638754696725,3.1602254428341383,0.8722490606548577,
97,18.04213633923779,18.209876543209877,14.620236178207193,3.6902844873859366,31.689479334406872,6.568706387546968,3.1870638754696725,3.1468062265163717,0.8454106280193237,
98,18.14278046162104,18.203166935050994,14.620236178207193,3.6902844873859366,31.642512077294686,6.521739130434782,3.1870638754696725,3.1468062265163717,0.8454106280193237,
99,18.17632850241546,18.183038110574344,14.412238325281804,3.6902844873859366,31.34728931830381,6.501610305958132,3.1870638754696725,3.7372517444981215,0.7648953301127214,
100,18.310520665593128,18.14278046162104,14.2914653784219,3.683574879227053,31.273483628556093,6.501610305958132,3.1870638754696725,3.7238325281803544,0.8856682769726248,
101,18.431293612453032,18.129361245303276,14.257917337627482,3.656736446591519,31.226516371443907,6.501610305958132,3.1870638754696725,3.7238325281803544,0.8856682769726248,
102,18.471551261406333,18.115942028985508,14.237788513150832,3.656736446591519,31.072195383789587,6.608964036500268,3.1736446591519054,3.7775093934514223,0.8856682769726248,
103,18.739935587761675,18.06897477187332,14.13714439076758,3.643317230273752,31.00509930220075,6.561996779388084,3.1468062265163717,3.81105743424584,0.8856682769726248,
104,18.874127750939344,18.04213633923779,14.070048309178745,3.4688674181427803,30.837359098228664,6.723027375201288,2.985775630703167,3.81105743424584,0.8856682769726248,0.30193236714975846
105,18.947933440687063,17.767042404723565,13.969404186795492,3.7573805689747717,30.64278046162104,6.998121309715513,2.985775630703167,3.743961352657005,0.8856682769726248,0.30193236714975846
106,17.270531400966185,14.204240472356414,13.466183574879228,2.2410091250670963,38.18438003220612,6.582125603864735,2.85829307568438,4.334406870638754,0.8588298443370908,
107,17.236983360171767,13.989533011272142,13.003220611916264,2.2410091250670963,37.82877079978529,6.582125603864735,2.85829307568438,5.441492216854535,0.8185721953837896,
108,17.05582393988191,13.425925925925926,12.5402576489533,2.2410091250670963,38.79495437466452,7.1658615136876005,2.85829307568438,5.0993022007514766,0.8185721953837896,
109,17.28395061728395,13.33870101986044,12.506709608158884,2.26784755770263,38.707729468599034,7.105475040257649,2.831454643048846,5.139559849704777,0.8185721953837896,
110,16.968599033816425,13.466183574879228,12.47987117552335,2.26784755770263,37.86231884057971,7.62211486849168,2.831454643048846,5.683038110574342,0.8185721953837896,
111,17.136339237788512,13.459473966720344,12.453032742887816,2.26784755770263,37.76838432635534,7.581857219538379,2.831454643048846,5.683038110574342,0.8185721953837896,
112,17.216854535695116,13.385668276972625,12.439613526570048,2.2611379495437465,37.2987117552335,7.568438003220612,3.8177670424047236,5.193236714975845,0.8185721953837896,
113,16.988727858293075,12.848899624261943,12.553676865271068,2.2611379495437465,37.4194847020934,7.568438003220612,3.8177670424047236,5.723295759527644,0.8185721953837896,
114,16.861245303274288,12.902576489533011,12.902576489533011,2.2611379495437465,37.39264626945786,7.39398819108964,3.770799785292539,5.6964573268921095,0.8185721953837896,
115,16.881374127750938,12.875738056897477,12.5402576489533,3.026033279656468,37.775093934514224,7.024959742351046,3.3950617283950617,5.683038110574342,0.798443370907139,
116,16.982018250134193,12.86231884057971,12.52012882447665,3.026033279656468,37.72812667740204,7.004830917874396,3.3950617283950617,5.683038110574342,0.798443370907139,
117,17.163177670424048,12.808641975308642,12.506709608158884,3.012614063338701,37.6610305958132,6.977992485238862,3.388352120236178,5.683038110574342,0.798443370907139,
118,17.2638217928073,12.808641975308642,12.466451959205582,3.012614063338701,37.64090177133655,6.964573268921095,3.388352120236178,5.656199677938808,0.798443370907139,
119,17.21014492753623,12.761674718196458,12.184648416532475,3.8580246913580245,36.93639291465379,6.89747718733226,3.69699409554482,5.656199677938808,0.798443370907139,
120,17.398013955984972,12.553676865271068,12.278582930756844,3.8580246913580245,36.83574879227053,6.884057971014493,3.69699409554482,5.6964573268921095,0.798443370907139,
121,17.673107890499196,12.47987117552335,12.124261943102523,3.8580246913580245,36.68813741277509,6.884057971014493,3.69699409554482,5.662909286097692,0.9326355340848095,
122,17.713365539452496,12.453032742887816,12.110842726784755,3.8580246913580245,36.68813741277509,6.884057971014493,3.69699409554482,5.662909286097692,0.9326355340848095,
123,17.53220611916264,11.862587224906065,14.016371443907676,3.683574879227053,35.80246913580247,6.816961889425658,3.69699409554482,5.656199677938808,0.9326355340848095,
124,17.652979066022546,11.862587224906065,13.969404186795492,3.683574879227053,35.74208266237252,6.8035426731078905,3.69699409554482,5.656199677938808,0.9326355340848095,
125,17.820719269994633,11.822329575952764,13.969404186795492,3.6768652710681695,35.63472893183038,6.796833064949007,3.69699409554482,5.649490069779925,0.9326355340848095,
126,18.055555555555557,11.748523886205046,13.902308105206655,3.6768652710681695,35.547504025764894,6.796833064949007,3.69699409554482,5.642780461621041,0.9326355340848095,
127,18.33064949006978,11.688137412775093,13.902308105206655,3.6500268384326353,35.39318303811057,6.763285024154589,3.69699409554482,5.642780461621041,0.9326355340848095,
128,18.297101449275363,11.493558776167472,13.734567901234568,3.6366076221148687,35.86285560923242,6.716317767042405,3.69699409554482,5.642780461621041,0.9192163177670424,
129,18.471551261406333,11.392914653784219,13.667471819645733,3.6366076221148687,35.77563070316693,6.837090713902308,3.656736446591519,5.642780461621041,0.9192163177670424,
130,18.67283950617284,11.325818572195384,13.654052603327965,3.750670960815888,35.04428341384863,6.796833064949007,3.656736446591519,6.179549114331723,0.9192163177670424,
131,18.894256575415994,11.252012882447666,13.506441223832528,3.824476650563607,34.97047772410091,6.796833064949007,3.656736446591519,6.179549114331723,0.9192163177670424,
132,18.9747718733226,11.245303274288782,13.378958668813741,3.9586688137412773,34.896672034353195,6.790123456790123,3.656736446591519,6.179549114331723,0.9192163177670424,
133,18.988191089640367,11.151368760064413,13.358829844337091,3.9586688137412773,35.01073537305421,6.776704240472356,3.656736446591519,6.179549114331723,0.9192163177670424,
134,19.108964036500268,11.077563070316694,13.345410628019323,3.9586688137412773,34.84299516908212,6.763285024154589,3.6902844873859366,6.293612453032743,0.9192163177670424,
135,19.155931293612454,11.057434245840042,13.325281803542673,4.025764895330113,34.75577026301664,6.662640901771336,3.8177670424047236,6.293612453032743,0.9057971014492754,
136,19.370638754696724,11.05072463768116,13.285024154589372,4.025764895330113,34.648416532474506,6.635802469135802,3.8177670424047236,6.260064412238325,0.9057971014492754,
137,19.484702093397747,10.93666129898014,13.083735909822867,4.025764895330113,34.15861513687601,6.635802469135802,3.797638217928073,6.89747718733226,0.9796027911969941,
138,19.524959742351047,10.916532474503489,13.077026301663983,4.025764895330113,34.09822866344606,6.635802469135802,3.797638217928073,6.944444444444445,0.9796027911969941,
139,19.692699946323135,10.909822866344605,13.063607085346217,3.9855072463768115,34.07139023081052,6.608964036500268,3.797638217928073,6.890767579173376,0.9796027911969941,
140,19.77992485238862,10.795759527643586,13.264895330112722,3.978797638217928,33.95061728395062,6.575415995705851,3.784219001610306,6.890767579173376,0.9796027911969941,
141,19.920826623725173,10.789049919484702,13.258185721953838,3.978797638217928,33.84997316156736,6.575415995705851,3.784219001610306,6.890767579173376,0.95276435856146,
142,20.108695652173914,10.755501878690284,13.231347289318304,4.3545356951154055,33.44739667203435,6.535158346752549,3.784219001610306,6.830381105743425,0.95276435856146,
143,20.21604938271605,10.701825013419215,13.177670424047236,4.616210413311863,33.21926999463231,6.501610305958132,3.784219001610306,6.830381105743425,0.95276435856146,
144,20.41062801932367,10.63472893183038,13.16425120772947,4.616210413311863,33.13204508856683,6.488191089640365,3.784219001610306,6.816961889425658,0.95276435856146,
145,20.30998389694042,10.681696188942565,13.083735909822867,4.616210413311863,32.99785292538916,6.756575415995706,3.784219001610306,6.816961889425658,0.95276435856146,
146,20.42404723564144,10.681696188942565,13.077026301663983,4.616210413311863,32.9777241009125,6.716317767042405,3.7775093934514223,6.8035426731078905,0.9259259259259259,
147,20.564949006977994,10.57434245840043,13.077026301663983,4.616210413311863,32.8569511540526,6.66935050993022,3.911701556629093,6.8035426731078905,0.9259259259259259,
148,20.497852925389157,10.547504025764896,13.526570048309178,4.616210413311863,32.44095544820183,6.743156199677939,3.911701556629093,6.8035426731078905,0.9125067096081588,
149,20.497852925389157,10.513955984970478,13.117283950617283,5.199946323134729,32.407407407407405,6.642512077294686,3.911701556629093,6.796833064949007,0.9125067096081588,
150,20.605206655931294,10.507246376811594,13.103864734299517,5.199946323134729,32.360440150295226,6.602254428341385,3.911701556629093,6.796833064949007,0.9125067096081588,
151,20.356951154052602,10.38647342995169,13.526570048309178,5.159688674181428,32.360440150295226,6.602254428341385,3.898282340311326,6.796833064949007,0.9125067096081588,
152,20.511272141706925,10.38647342995169,13.513150831991412,5.555555555555555,31.904186795491142,6.575415995705851,3.9586688137412773,6.736446591519055,0.8588298443370908,
153,20.658883521202362,10.359634997316157,13.258185721953838,5.555555555555555,32.54830917874396,6.085614600107354,3.938539989264627,6.736446591519055,0.8588298443370908,
154,20.78636607622115,10.285829307568438,13.519860440150294,5.508588298443371,32.30005367686527,6.072195383789587,3.938539989264627,6.729736983360172,0.8588298443370908,
155,20.86688137412775,10.285829307568438,13.499731615673644,5.508588298443371,32.25979602791197,6.072195383789587,3.938539989264627,6.709608158883521,0.8588298443370908,
156,20.893719806763286,10.285829307568438,13.47289318303811,5.508588298443371,30.95813204508857,6.052066559312936,5.548845947396672,6.421095008051529,0.8588298443370908,
157,21.081588835212024,10.285829307568438,13.399087493290391,5.5689747718733225,30.864197530864196,6.005099302200751,5.535426731078905,6.400966183574879,0.8588298443370908,
158,21.36339237788513,10.165056360708535,13.217928073000536,5.58239398819109,30.703166935050994,6.454643048845948,5.35426731078905,6.3070316693505095,0.8521202361782072,
159,21.07487922705314,10.413311862587225,13.070316693505099,5.58239398819109,30.112721417069242,6.454643048845948,6.146001073537305,6.293612453032743,0.8521202361782072,
160,21.16881374127751,10.413311862587225,13.050187869028449,5.58239398819109,30.038915727321523,6.454643048845948,6.146001073537305,6.293612453032743,0.8521202361782072,
161,21.316425120772948,10.413311862587225,13.003220611916264,5.58239398819109,30.005367686527105,6.4412238325281805,6.146001073537305,6.246645195920558,0.8454106280193237,
162,21.4170692431562,10.413311862587225,12.989801395598498,5.5756843800322065,29.924852388620504,6.4412238325281805,6.146001073537305,6.246645195920558,0.8454106280193237,
163,21.638486312399355,10.373054213633925,12.989801395598498,5.689747718733226,29.683306494900698,6.421095008051529,5.978260869565218,6.380837359098229,0.8454106280193237,
164,21.72571121846484,10.373054213633925,12.983091787439614,5.689747718733226,29.542404723564143,6.400966183574879,5.964841653247451,6.474771873322598,0.8454106280193237,
165,21.940418679549115,10.36634460547504,12.942834138486312,5.689747718733226,29.455179817498657,6.387546967257112,5.964841653247451,6.407675791733762,0.8454106280193237,
166,22.014224369296834,10.285829307568438,12.922705314009661,5.917874396135265,29.159957058507782,6.387546967257112,5.9447128287707995,6.521739130434782,0.8454106280193237,
167,22.094739667203434,10.245571658615138,12.922705314009661,5.917874396135265,29.146537842190018,6.360708534621578,5.9447128287707995,6.521739130434782,0.8454106280193237,
168,21.70558239398819,10.218733225979603,12.5402576489533,5.8239398819108965,30.9447128287708,5.6964573268921095,5.931293612453032,6.293612453032743,0.8454106280193237,
169,21.752549651100377,10.218733225979603,12.513419216317766,5.978260869565218,30.817230273752013,5.750134192163178,5.931293612453032,6.1929683306494905,0.8454106280193237,
170,21.85990338164251,10.21202361782072,12.493290391841116,5.978260869565218,30.763553408480945,5.750134192163178,5.904455179817498,6.1929683306494905,0.8454106280193237,
171,21.692163177670423,9.950348899624261,12.466451959205582,5.978260869565218,31.246645195920557,5.736714975845411,5.904455179817498,6.179549114331723,0.8454106280193237,
172,21.83977455716586,9.930220075147611,12.453032742887816,6.072195383789587,31.072195383789587,5.703166935050993,5.904455179817498,6.179549114331723,0.8454106280193237,
173,21.900161030595815,9.896672034353195,12.453032742887816,6.1929683306494905,30.790391841116477,5.703166935050993,6.078904991948471,6.146001073537305,0.8387010198604401,
174,22.168545356951153,9.601449275362318,12.31213097155126,6.1929683306494905,31.105743424584006,5.649490069779925,6.0587761674718195,6.072195383789587,0.8387010198604401,
175,22.094739667203434,9.574610842726784,12.31213097155126,6.1929683306494905,30.857487922705314,5.998389694041868,6.0587761674718195,6.072195383789587,0.8387010198604401,
176,22.134997316156735,9.534353193773484,12.29200214707461,6.1862587224906065,30.88432635534085,5.998389694041868,6.072195383789587,6.0587761674718195,0.8387010198604401,
177,22.41009125067096,9.460547504025765,12.265163714439076,6.1862587224906065,30.844068706387546,5.971551261406334,6.072195383789587,5.978260869565218,0.8118625872249061,
178,22.34970477724101,9.749060654857756,12.258454106280194,6.159420289855072,30.67632850241546,5.9514224369296835,6.072195383789587,5.971551261406334,0.8118625872249061,
179,22.530864197530864,9.688674181427805,12.25174449812131,6.3070316693505095,30.60252281266774,5.9514224369296835,6.0587761674718195,5.797101449275362,0.8118625872249061,
180,22.63150831991412,9.668545356951155,12.245034889962426,6.280193236714976,30.50858829844337,6.018518518518518,6.0587761674718195,5.776972624798712,0.8118625872249061,
181,22.71202361782072,9.648416532474503,12.204777241009126,6.246645195920558,30.07246376811594,6.018518518518518,6.052066559312936,6.233225979602791,0.8118625872249061,
182,22.79253891572732,9.648416532474503,12.204777241009126,6.246645195920558,30.059044551798173,5.958132045088567,6.052066559312936,6.226516371443908,0.8118625872249061,
183,22.966988727858293,9.64170692431562,12.130971551261407,6.213097155126141,29.965110037573805,5.958132045088567,6.085614600107354,6.226516371443908,0.8118625872249061,
184,23.07434245840043,9.634997316156737,12.191358024691358,6.206387546967257,29.87788513150832,5.911164787976382,6.085614600107354,6.206387546967257,0.8118625872249061,
185,23.262211486849168,9.614868491680086,12.164519592055823,6.816961889425658,29.428341384863124,5.911164787976382,6.038647342995169,5.9514224369296835,0.8118625872249061,
186,23.597691894793343,9.608158883521202,12.090713902308105,6.816961889425658,29.294149221685455,5.864197530864198,5.931293612453032,5.924584004294149,0.8722490606548577,
187,23.62453032742888,9.608158883521202,12.077294685990339,6.763285024154589,28.972088030059044,5.844068706387547,5.481749865807837,6.66935050993022,0.9594739667203436,
188,23.57085346215781,9.567901234567902,12.057165861513688,7.105475040257649,28.683574879227052,5.904455179817498,5.481749865807837,6.66935050993022,0.9594739667203436,
189,23.658078368223297,9.567901234567902,11.869296833064949,7.326892109500805,28.5829307568438,5.904455179817498,5.481749865807837,6.66935050993022,0.9393451422436929,
190,23.597691894793343,9.339774557165862,11.869296833064949,7.326892109500805,29.005636070853463,5.870907139023081,5.381105743424584,6.66935050993022,0.9393451422436929,
191,23.738593666129898,9.339774557165862,11.829039184111648,7.380568974771873,28.92512077294686,5.844068706387547,5.434782608695652,6.655931293612453,0.8521202361782072,
192,23.577563070316693,9.802737520128824,11.782071926999464,7.353730542136339,28.61647879763822,5.844068706387547,5.414653784219001,6.756575415995706,0.8521202361782072,
193,23.67149758454106,9.796027911969942,11.768652710681696,7.353730542136339,28.576221148684915,5.844068706387547,5.381105743424584,6.756575415995706,0.8521202361782072,
194,23.72517444981213,9.769189479334408,11.768652710681696,7.353730542136339,28.56280193236715,5.844068706387547,5.381105743424584,6.743156199677939,0.8521202361782072,
195,23.79898013955985,9.722222222222221,11.862587224906065,7.326892109500805,28.488996242619432,5.844068706387547,5.360976918947934,6.743156199677939,0.8521202361782072,
196,23.79898013955985,9.588030059044552,11.43317230273752,7.326892109500805,29.07944176060118,5.8172302737520125,5.360976918947934,6.743156199677939,0.8521202361782072,
197,23.866076221148685,9.581320450885668,11.3593666129898,7.326892109500805,29.0727321524423,5.8172302737520125,5.3341384863123995,6.790123456790123,0.8521202361782072,
198,24.228395061728396,9.554482018250134,11.325818572195384,7.326892109500805,28.837895866881375,5.776972624798712,5.3341384863123995,6.763285024154589,0.8521202361782072,
199,24.154589371980677,9.554482018250134,11.231884057971014,7.266505636070853,28.549382716049383,5.770263016639828,5.958132045088567,6.743156199677939,0.7716049382716049,
200,24.22168545356951,9.534353193773484,11.922973698336017,6.5552871712292005,28.522544283413847,5.770263016639828,5.958132045088567,6.743156199677939,0.7716049382716049,
201,24.3894256575416,9.520933977455716,11.889425657541599,6.5485775630703165,28.468867418142782,5.770263016639828,5.897745571658615,6.743156199677939,0.7716049382716049,
202,24.590713902308106,9.4873859366613,11.876006441223833,6.521739130434782,28.401771336553946,5.756843800322061,5.884326355340848,6.709608158883521,0.7716049382716049,
203,24.852388620504563,9.480676328502415,11.876006441223833,6.380837359098229,28.368223295759528,5.723295759527644,5.850778314546431,6.696188942565755,0.7716049382716049,
204,24.892646269457863,9.480676328502415,11.862587224906065,6.380837359098229,28.35480407944176,5.723295759527644,5.844068706387547,6.696188942565755,0.7648953301127214,
205,24.704777241009126,9.426999463231347,11.694847020933977,6.367418142780462,28.5829307568438,5.709876543209877,5.844068706387547,6.904186795491143,0.7648953301127214,
206,24.892646269457863,9.29951690821256,11.66129898013956,6.367418142780462,28.549382716049383,5.730005367686527,5.83064949006978,6.904186795491143,0.7648953301127214,
207,25.161030595813205,9.252549651100376,11.506977992485238,6.327160493827161,28.119967793880836,5.703166935050993,6.280193236714976,6.884057971014493,0.7648953301127214,
208,24.61755233494364,10.225442834138486,11.493558776167472,6.320450885668277,27.95222758990875,5.515297906602254,6.280193236714976,6.830381105743425,0.7648953301127214,
209,24.664519592055825,10.225442834138486,11.473429951690822,6.360708534621578,27.771068169618893,5.629361245303274,6.280193236714976,6.830381105743425,0.7648953301127214,
210,24.530327428878152,10.198604401502953,11.473429951690822,6.360708534621578,27.76435856146001,5.595813204508857,6.816961889425658,6.494900697799249,0.7648953301127214,
211,24.651100375738057,10.198604401502953,11.520397208803006,6.320450885668277,27.690552871712292,5.595813204508857,6.816961889425658,6.4412238325281805,0.7648953301127214,
212,24.785292538915726,10.198604401502953,11.43317230273752,6.320450885668277,27.65029522275899,5.595813204508857,6.810252281266774,6.4412238325281805,0.7648953301127214,
213,24.711486849168008,10.104669887278583,11.3593666129898,6.293612453032743,27.938808373590984,5.669618894256575,6.723027375201288,6.4345142243692965,0.7648953301127214,
214,24.892646269457863,10.104669887278583,11.3593666129898,6.260064412238325,27.83816425120773,5.622651637144391,6.723027375201288,6.4345142243692965,0.7648953301127214,
215,25.06038647342995,10.037573805689748,11.386205045625335,6.233225979602791,27.77777777777778,5.622651637144391,6.6827697262479875,6.4345142243692965,0.7648953301127214,
216,25.120772946859905,10.037573805689748,11.265432098765432,6.233225979602791,27.737520128824478,5.723295759527644,6.6827697262479875,6.4345142243692965,0.7648953301127214,
217,25.315351583467525,10.00402576489533,11.258722490606548,6.233225979602791,27.65029522275899,5.703166935050993,6.66935050993022,6.400966183574879,0.7648953301127214,
218,25.107353730542137,9.930220075147611,11.245303274288782,6.843800322061192,27.28797638217928,5.676328502415459,7.018250134192163,6.125872249060655,0.7648953301127214,
219,25.32206119162641,9.916800858829845,11.20504562533548,6.843800322061192,27.274557165861513,5.669618894256575,6.877348362855609,6.125872249060655,0.7648953301127214,
220,25.449543746645197,9.916800858829845,11.171497584541063,6.816961889425658,27.241009125067094,5.642780461621041,6.870638754696726,6.125872249060655,0.7648953301127214,
221,25.5703166935051,9.91009125067096,11.144659151905529,6.790123456790123,27.066559312936125,5.542136339237788,6.857219538378959,6.353998926462695,0.7648953301127214,
222,25.63070316693505,9.88996242619431,11.077563070316694,6.78341384863124,27.026301663982824,5.542136339237788,6.837090713902308,6.447933440687064,0.7648953301127214,
223,25.744766505636072,9.88996242619431,11.057434245840042,6.756575415995706,26.972624798711756,5.528717122920021,6.837090713902308,6.447933440687064,0.7648953301127214,
224,25.147611379495437,9.816156736446592,11.09098228663446,6.6760601180891035,28.173644659151904,5.280461621041331,6.749865807836822,6.3070316693505095,0.7581857219538379,
225,25.261674718196456,9.796027911969942,11.09098228663446,6.6760601180891035,28.113258185721953,5.267042404723564,6.729736983360172,6.3070316693505095,0.7581857219538379,
226,25.140901771336555,9.782608695652174,11.171497584541063,6.568706387546968,27.65029522275899,5.931293612453032,6.723027375201288,6.226516371443908,0.8051529790660226,
227,25.348899624261943,9.695383789586689,11.151368760064413,6.568706387546968,27.563070316693505,5.931293612453032,6.723027375201288,6.213097155126141,0.8051529790660226,
228,25.509930220075148,9.695383789586689,11.124530327428879,6.5485775630703165,27.542941492216855,5.897745571658615,6.6827697262479875,6.1929683306494905,0.8051529790660226,
229,25.328770799785293,9.66183574879227,11.084272678475577,6.521739130434782,27.85829307568438,5.897745571658615,6.662640901771336,6.179549114331723,0.8051529790660226,
230,25.228126677402038,9.66183574879227,11.79549114331723,6.447933440687064,27.583199141170155,5.669618894256575,6.662640901771336,6.146001073537305,0.8051529790660226,
231,25.42270531400966,9.66183574879227,11.748523886205046,6.421095008051529,27.469135802469136,5.669618894256575,6.655931293612453,6.146001073537305,0.8051529790660226,
232,25.489801395598498,9.614868491680086,11.782071926999464,6.494900697799249,27.355072463768117,5.669618894256575,6.642512077294686,6.146001073537305,0.8051529790660226,
233,25.717928073000536,9.614868491680086,11.714975845410628,6.494900697799249,27.26784755770263,5.669618894256575,6.622383252818035,6.092324208266238,0.8051529790660226,
234,25.825281803542673,9.581320450885668,11.701556629092861,6.461352657004831,27.241009125067094,5.669618894256575,6.622383252818035,6.092324208266238,0.8051529790660226,
235,25.97289318303811,9.500805152979066,11.688137412775093,6.454643048845948,27.194041867954912,5.669618894256575,6.622383252818035,6.092324208266238,0.8051529790660226,
236,26.160762211486848,9.500805152979066,11.66129898013956,6.427804616210413,27.086688137412775,5.669618894256575,6.595544820182502,6.092324208266238,0.8051529790660226,
237,26.31508319914117,9.500805152979066,11.56736446591519,6.400966183574879,27.066559312936125,5.669618894256575,6.582125603864735,6.092324208266238,0.8051529790660226,
238,26.06682769726248,9.494095544820183,12.5,6.709608158883521,26.33521202361782,5.649490069779925,6.407675791733762,6.045356951154052,0.7917337627482555,
239,26.039989264626946,9.46725711218465,12.828770799785293,6.702898550724638,26.301663982823403,5.528717122920021,6.407675791733762,5.931293612453032,0.7917337627482555,
240,26.073537305421365,9.46725711218465,12.801932367149758,6.568706387546968,26.221148684916802,5.5756843800322065,6.608964036500268,5.891035963499732,0.7917337627482555,
241,25.744766505636072,9.453837895866881,12.775093934514224,6.763285024154589,25.597155126140635,6.488191089640365,6.608964036500268,5.776972624798712,0.7917337627482555,
242,25.469672571121848,10.413311862587225,12.627482555018787,6.749865807836822,25.228126677402038,6.387546967257112,6.582125603864735,5.750134192163178,0.7917337627482555,
243,25.254965110037574,10.399892646269459,12.473161567364466,7.454374664519592,25.161030595813205,6.246645195920558,6.582125603864735,5.723295759527644,0.7045088566827697,
244,25.281803542673106,10.292538915727322,12.446323134728932,7.7361782071927,24.986580783682232,6.246645195920558,6.582125603864735,5.723295759527644,0.7045088566827697,
245,25.429414922168544,10.292538915727322,12.359098228663447,7.561728395061729,25.32206119162641,6.239935587761675,6.387546967257112,5.723295759527644,0.6843800322061192,
