,45,50,55,52,51,53,56,54,57,61,58,59,60,46,47,63,62
0,88.31186258722491,11.56736446591519,0.12077294685990338,,,,,,,,,,,,,,
1,87.18464841653247,12.640901771336553,0.1610305958132045,0.013419216317767043,,,,,,,,,,,,,
2,80.40123456790124,14.016371443907676,0.23483628556092323,0.0939345142243693,5.2066559312936125,0.020128824476650563,0.026838432635534086,,,,,,,,,,
3,66.72705314009661,27.47584541062802,0.3824476650563607,0.14761137949543746,5.12614063338701,0.020128824476650563,0.08051529790660225,0.040257648953301126,,,,,,,,,
4,66.03596349973162,27.70397208803006,0.785024154589372,0.17444981213097155,5.119431025228127,0.020128824476650563,0.12077294685990338,0.040257648953301126,,,,,,,,,
5,63.39237788513151,29.770531400966185,1.2546967257112185,0.2549651100375738,5.146269457863661,0.020128824476650563,0.12077294685990338,0.040257648953301126,,,,,,,,,
6,59.42028985507246,33.49436392914654,1.4694041867954912,0.2616747181964573,5.052334943639291,0.04696725711218465,0.12077294685990338,0.13419216317767044,,,,,,,,,
7,56.72973698336017,35.037573805689746,1.6706924315619969,0.8588298443370908,5.059044551798175,0.0939345142243693,0.1274825550187869,0.4227053140096618,,,,,,,,,
8,54.74369296833065,36.574074074074076,1.932367149758454,0.9057971014492754,5.152979066022544,0.0939345142243693,0.14761137949543746,0.4495437466451959,,,,,,,,,
9,46.846484165324746,37.11755233494364,1.3888888888888888,0.8521202361782072,12.983091787439614,0.0939345142243693,0.23483628556092323,0.4227053140096618,0.06038647342995169,,,,,,,,
10,41.51234567901235,41.908212560386474,1.6774020397208802,0.9125067096081588,12.801932367149758,0.2549651100375738,0.4495437466451959,0.4227053140096618,0.06038647342995169,,,,,,,,
11,40.82796564680623,41.08964036500269,1.7713365539452497,3.9184111647879765,9.380032206119163,0.5971551261406334,2.046430488459474,0.2952227589908749,0.07380568974771873,,,,,,,,
12,40.62667740203972,40.84138486312399,2.086688137412775,3.9049919484702094,9.219001610305957,0.7112184648416533,2.086688137412775,0.4294149221685454,0.0939345142243693,,,,,,,,
13,38.90230810520666,39.35856146001073,2.167203435319377,3.8915727321524423,13.036768652710682,0.7179280730005367,1.6170155662909287,0.20799785292538917,0.07380568974771873,0.026838432635534086,,,,,,,
14,36.2788513150832,39.029790660225444,2.214170692431562,3.8378958668813743,15.821256038647343,0.7246376811594203,1.6103059581320451,0.2281266774020397,0.10735373054213634,0.026838432635534086,0.12077294685990338,,,,,,
15,30.52200751476114,32.15915190552872,2.147074610842727,4.03918411164788,28.22061191626409,0.6575415995705851,1.6706924315619969,0.32877079978529256,0.07380568974771873,0.026838432635534086,0.15432098765432098,,,,,,
16,28.64331723027375,27.932098765432098,2.13365539452496,2.4355877616747184,35.849436392914654,2.1806226516371443,0.5501878690284487,0.2281266774020397,0.04696725711218465,,,,,,,,
17,27.999194847020934,32.340311325818575,2.214170692431562,2.5496511003757383,31.50161030595813,2.1806226516371443,0.8990874932903918,0.2281266774020397,0.08722490606548577,,,,,,,,
18,27.34836285560923,31.716317767042405,2.1604938271604937,2.395330112721417,31.904186795491142,2.227589908749329,1.0265700483091786,1.1406333870101986,0.08051529790660225,,,,,,,,
19,25.603864734299517,31.0252281266774,2.2879763821792807,2.3081052066559313,33.762748255501876,2.2946859903381642,1.5163714439076759,1.1205045625335481,0.08051529790660225,,,,,,,,
20,25.295222758990874,30.803811057434245,3.603059581320451,2.2611379495437465,32.709339774557165,2.254428341384863,1.6639828234031133,1.1808910359634996,0.10735373054213634,,0.04696725711218465,0.026838432635534086,0.04696725711218465,,,,
21,24.664519592055825,26.959205582393988,3.374932903918411,8.93719806763285,32.58185721953838,0.32877079978529256,1.737788513150832,1.2144390767579174,0.10735373054213634,,0.013419216317767043,0.03354804079441761,0.04696725711218465,,,,
22,23.91304347826087,26.100375738056897,5.984970477724101,11.574074074074074,28.945249597423512,0.32877079978529256,1.6908212560386473,1.1943102522812667,0.14090177133655393,,0.013419216317767043,0.05367686527106817,0.06038647342995169,,,,
23,23.698336017176597,26.006441223832528,6.052066559312936,11.486849168008588,29.012345679012345,0.4092860976918948,1.710950080515298,1.2949543746645196,0.18115942028985507,,0.013419216317767043,0.05367686527106817,0.08051529790660225,,,,
24,23.53059581320451,25.711218464841654,5.743424584004294,14.781266774020397,26.42914653784219,0.46967257112184646,1.583467525496511,1.3352120236178207,0.2683843263553409,,0.013419216317767043,0.05367686527106817,0.08051529790660225,,,,
25,23.235373054213635,25.650831991411703,5.998389694041868,14.593397745571659,25.764895330112722,0.5300590445517982,1.7713365539452497,1.778046162104133,0.47638217928073,,0.013419216317767043,0.0939345142243693,0.0939345142243693,,,,
26,23.221953837895867,23.463499731615673,6.085614600107354,16.458668813741276,25.637412775093935,0.48980139559849706,1.9592055823939882,1.7646269457863661,0.7045088566827697,,0.026838432635534086,0.0939345142243693,0.0939345142243693,,,,
27,23.201825013419217,23.329307568438004,6.152710681696189,16.1231884057971,25.02012882447665,0.5501878690284487,2.2879763821792807,2.073268921095008,0.9930220075147611,,0.026838432635534086,0.0939345142243693,0.14761137949543746,,,,
28,22.920021470746107,23.262211486849168,5.112721417069243,18.699677938808374,24.000268384326354,0.5568974771873323,2.254428341384863,1.8317230273752012,1.1003757380568975,,0.04696725711218465,0.06709608158883522,0.14761137949543746,,,,
29,22.470477724100913,23.10789049919485,5.186527106816962,14.962426194310252,28.28099838969404,0.5703166935050993,2.5563607085346214,1.5297906602254427,1.0466988727858293,,0.04696725711218465,0.06038647342995169,0.18115942028985507,,,,
30,22.450348899624263,22.940150295222757,5.340848094471283,14.794685990338165,27.992485238862052,0.630703166935051,2.690552871712292,1.6975308641975309,1.1741814278046163,,0.04696725711218465,0.06038647342995169,0.18115942028985507,,,,
31,19.96779388083736,25.603864734299517,4.441760601180891,16.485507246376812,26.080246913580247,1.5365002683843263,2.717391304347826,1.6505636070853462,1.3083735909822867,,0.03354804079441761,0.08722490606548577,0.08722490606548577,,,,
32,19.753086419753085,25.650831991411703,4.683306494900698,16.297638217928075,25.72463768115942,1.5633387010198605,2.8918411164787976,1.6975308641975309,1.4694041867954912,,0.04696725711218465,0.08722490606548577,0.13419216317767044,,,,
33,19.679280730005367,25.42270531400966,4.958400429414922,15.687063875469672,25.41599570585078,1.583467525496511,3.3548040794417604,1.7444981213097155,1.8853998926462694,,0.04696725711218465,0.08722490606548577,0.13419216317767044,,,,
34,19.49141170155663,24.671229200214707,4.958400429414922,22.71202361782072,19.90740740740741,1.5499194847020934,2.5831991411701556,1.778046162104133,2.0531400966183573,0.026838432635534086,0.04696725711218465,0.08722490606548577,0.13419216317767044,,,,
35,18.84728931830381,24.14787976382179,5.159688674181428,21.74584004294149,21.26945786366076,1.6841116478797638,2.677133655394525,2.120236178207193,2.120236178207193,0.026838432635534086,0.04696725711218465,0.04696725711218465,0.10735373054213634,,,,
36,18.760064412238325,24.06736446591519,5.267042404723564,21.618357487922705,20.967525496511005,1.7713365539452497,2.831454643048846,2.167203435319377,2.3215244229736984,0.026838432635534086,0.04696725711218465,0.04696725711218465,0.10735373054213634,,,,
37,18.739935587761675,24.00697799248524,5.226784755770263,21.504294149221685,20.43075684380032,1.7914653784219001,3.2675791733762747,2.26784755770263,2.4892646269457863,0.026838432635534086,0.08051529790660225,0.04696725711218465,0.12077294685990338,,,,
38,17.54562533548041,23.34272678475577,5.3341384863123995,16.049382716049383,28.670155662909288,1.737788513150832,3.012614063338701,2.26784755770263,1.7646269457863661,0.026838432635534086,0.08051529790660225,0.04696725711218465,0.12077294685990338,,,,
39,17.290660225442835,23.517176596886742,5.870907139023081,15.693773483628556,28.113258185721953,1.865271068169619,3.0327428878153517,2.3550724637681157,1.9726247987117553,0.026838432635534086,0.07380568974771873,0.04696725711218465,0.14090177133655393,,,,
40,13.18438003220612,33.984165324745035,6.374127750939345,11.097691894793345,27.47584541062802,0.9125067096081588,3.0193236714975846,2.01959205582394,1.6572732152442298,0.026838432635534086,0.06038647342995169,0.04696725711218465,0.14090177133655393,,,,
41,12.909286097691895,34.064680622651636,6.528448738593666,11.044015029522276,25.623993558776167,0.8990874932903918,3.099838969404187,3.81105743424584,1.7042404723564144,0.026838432635534086,0.06038647342995169,0.05367686527106817,0.17444981213097155,,,,
42,12.13768115942029,34.70209339774557,6.729736983360172,10.95679012345679,25.369028448738593,0.9460547504025765,3.126677402039721,3.9519592055823938,1.7646269457863661,0.026838432635534086,0.06038647342995169,0.05367686527106817,0.17444981213097155,,,,
43,12.016908212560386,34.44041867954911,6.763285024154589,10.903113258185721,25.335480407944175,0.9594739667203436,3.207192699946323,4.200214707461084,1.8384326355340848,0.026838432635534086,0.04696725711218465,0.06709608158883522,0.19457863660762212,,,,
44,12.016908212560386,34.225711218464845,7.092055823939882,10.802469135802468,25.161030595813205,0.9863123993558777,3.3480944712828773,4.200214707461084,1.8317230273752012,0.026838432635534086,0.04696725711218465,0.06709608158883522,0.19457863660762212,,,,
45,11.98336017176597,33.70907139023081,7.340311325818572,10.909822866344605,24.832259796027913,1.0332796564680622,3.643317230273752,4.300858829844337,1.8988191089640365,0.026838432635534086,0.04696725711218465,0.06709608158883522,0.20799785292538917,,,,
46,12.110842726784755,33.031400966183575,7.890499194847021,11.030595813204508,24.530327428878152,1.0265700483091786,3.6500268384326353,4.455179817498658,1.9122383252818036,0.026838432635534086,0.06038647342995169,0.06709608158883522,0.20799785292538917,,,,
47,12.117552334943639,32.689210950080515,8.179012345679013,10.943370907139023,24.288781535158346,0.9863123993558777,3.9184111647879765,4.549114331723027,1.9726247987117553,0.026838432635534086,0.08722490606548577,0.04696725711218465,0.19457863660762212,,,,
48,11.996779388083736,32.48121309715513,8.413848631239935,10.628019323671497,24.06736446591519,1.0265700483091786,4.159957058507783,4.690016103059581,2.1806226516371443,0.026838432635534086,0.08722490606548577,0.04696725711218465,0.19457863660762212,,,,
49,11.963231347289318,31.769994632313473,8.373590982286634,10.601180891035963,23.919753086419753,1.1540526033279657,4.1532474503489,5.401234567901234,2.24771873322598,0.026838432635534086,0.08722490606548577,0.08051529790660225,0.2214170692431562,,,,
50,11.976650563607086,31.092324208266238,8.816425120772946,10.61460010735373,23.61111111111111,1.328502415458937,4.200214707461084,5.676328502415459,2.2342995169082127,0.03354804079441761,0.08722490606548577,0.10735373054213634,0.2214170692431562,,,,
51,11.882716049382717,30.495169082125603,8.61513687600644,16.049382716049383,19.847020933977454,1.5163714439076759,4.341116478797638,5.159688674181428,1.6841116478797638,,0.10735373054213634,0.12077294685990338,0.18115942028985507,,,,
52,10.111379495437467,26.261406333870102,8.353462157809984,15.68035426731079,27.556360708534623,1.6371443907675791,4.233762748255502,3.938539989264627,1.8183038110574343,0.026838432635534086,0.10735373054213634,0.12077294685990338,0.15432098765432098,,,,
53,9.742351046698873,24.825550187869027,8.192431561996779,17.975040257648953,27.234299516908212,1.6639828234031133,4.166666666666667,3.898282340311326,1.8585614600107354,0.026838432635534086,0.14090177133655393,0.12077294685990338,0.15432098765432098,,,,
54,9.688674181427805,24.671229200214707,8.380300590445518,17.827428878153516,27.046430488459475,1.6304347826086956,4.327697262479871,3.9452495974235107,1.9860440150295222,0.040257648953301126,0.14090177133655393,0.13419216317767044,0.18115942028985507,,,,
55,9.628287707997853,24.644390767579175,8.3467525496511,17.163177670424048,26.33521202361782,2.945517981749866,4.448470209339774,3.864734299516908,2.006172839506173,0.040257648953301126,0.23483628556092323,0.13419216317767044,0.20799785292538917,,,,
56,9.728931830381105,24.349168008588297,8.816425120772946,16.867954911433173,26.01315083199141,2.9253891572732154,4.42163177670424,4.253891572732153,2.006172839506173,0.040257648953301126,0.2549651100375738,0.14761137949543746,0.17444981213097155,,,,
57,9.453837895866881,24.114331723027377,8.970746108427267,18.16290928609769,24.90606548577563,2.945517981749866,4.394793344068707,4.30756843800322,2.059849704777241,0.040257648953301126,0.322061191626409,0.14761137949543746,0.17444981213097155,,,,
58,7.971014492753623,29.2337627482555,8.809715512614064,15.874932903918411,24.54374664519592,2.85829307568438,4.30756843800322,3.8311862587224907,1.7847557702630166,0.040257648953301126,0.3824476650563607,0.15432098765432098,0.20799785292538917,,,,
59,8.031400966183575,28.75738056897477,9.245840042941492,15.613258185721953,24.355877616747183,2.898550724637681,4.448470209339774,4.260601180891036,1.6103059581320451,0.040257648953301126,0.3757380568974772,0.15432098765432098,0.20799785292538917,,,,
60,8.031400966183575,28.509125067096083,9.561191626409018,15.465646806226516,24.295491143317232,2.9253891572732154,4.394793344068707,4.341116478797638,1.6841116478797638,0.040257648953301126,0.3757380568974772,0.16774020397208803,0.20799785292538917,,,,
61,7.971014492753623,28.395061728395063,9.688674181427805,15.344873859366613,24.214975845410628,3.2541599570585076,4.428341384863124,4.26731078904992,1.6438539989264627,0.040257648953301126,0.3757380568974772,0.16774020397208803,0.20799785292538917,,,,
62,7.648953301127214,27.536231884057973,9.809447128287708,14.949006977992486,25.577026301663984,3.126677402039721,4.51556629092861,4.26731078904992,1.737788513150832,0.06709608158883522,0.38915727321524424,0.16774020397208803,0.20799785292538917,,,,
63,7.098765432098766,28.267579173376276,9.77589908749329,14.888620504562533,25.44283413848631,3.066290928609769,4.602791196994096,4.300858829844337,1.737788513150832,0.06709608158883522,0.38915727321524424,0.15432098765432098,0.20799785292538917,,,,
64,7.011540526033279,28.093129361245303,9.96376811594203,14.834943639291465,25.174449812130973,3.408480944712829,4.555823939881911,4.3478260869565215,1.7914653784219001,0.06709608158883522,0.39586688137412773,0.15432098765432098,0.20128824476650564,,,,
65,7.004830917874396,27.905260332796566,10.010735373054214,16.190284487385938,24.335748792270532,3.3279656468062266,4.502147074610843,4.367954911433173,1.5297906602254427,0.06709608158883522,0.4025764895330113,0.15432098765432098,0.20128824476650564,,,,
66,6.991411701556629,27.636876006441224,9.41358024691358,17.176596886741816,23.758722490606548,3.2742887815351582,4.817498658078368,4.394793344068707,1.8384326355340848,0.06709608158883522,0.38915727321524424,0.12077294685990338,0.12077294685990338,,,,
67,6.964573268921095,27.26784755770263,9.500805152979066,17.901234567901234,23.03408480944713,3.374932903918411,4.884594739667204,4.408212560386473,1.9524959742351047,0.06709608158883522,0.4025764895330113,0.12077294685990338,0.12077294685990338,,,,
68,6.984702093397746,27.046430488459475,9.64170692431562,17.780461621041333,22.5979602791197,3.824476650563607,4.911433172302737,4.455179817498658,2.0128824476650564,0.06709608158883522,0.43612453032742887,0.12077294685990338,0.12077294685990338,,,,
69,6.823671497584541,23.242082662372518,8.487654320987655,14.714170692431562,31.04535695115405,3.656736446591519,5.669618894256575,3.7372517444981215,1.9994632313472893,0.06709608158883522,0.41599570585077833,0.13419216317767044,0.0067096081588835215,,,,
70,6.769994632313473,22.993827160493826,8.789586688137414,14.935587761674718,30.475040257648953,3.656736446591519,6.099033816425121,3.603059581320451,2.0397208803005906,0.06709608158883522,0.4428341384863124,0.12077294685990338,0.0067096081588835215,,,,
71,6.769994632313473,22.685185185185187,8.977455716586151,14.848362855609233,30.152979066022546,3.784219001610306,6.327160493827161,3.7775093934514223,2.0128824476650564,0.0939345142243693,0.41599570585077833,0.13419216317767044,0.0067096081588835215,0.013419216317767043,,,
72,6.863929146537842,22.510735373054214,9.172034353193773,14.935587761674718,29.716854535695116,3.8311862587224907,6.414385399892646,3.797638217928073,2.086688137412775,0.0939345142243693,0.4428341384863124,0.11406333870101985,0.0067096081588835215,0.013419216317767043,,,
73,6.964573268921095,22.24235104669887,9.447128287707997,14.875201288244767,29.240472356414386,3.9318303811057436,6.5485775630703165,3.9184111647879765,2.1739130434782608,0.0939345142243693,0.4294149221685454,0.11406333870101985,0.0067096081588835215,0.013419216317767043,,,
74,6.515029522275899,19.712828770799785,8.044820182501342,11.668008588298443,39.07675791733763,3.4688674181427803,5.736714975845411,3.488996242619431,1.8115942028985508,0.10735373054213634,0.30193236714975846,0.04696725711218465,0.0067096081588835215,0.013419216317767043,,,
75,6.333870101986044,18.23671497584541,8.205850778314547,11.231884057971014,40.88835212023618,3.421900161030596,5.810520665593129,3.4688674181427803,1.9256575415995705,0.12077294685990338,0.30193236714975846,0.03354804079441761,0.0067096081588835215,0.013419216317767043,,,
76,6.394256575415996,18.17632850241546,8.179012345679013,11.453301127214171,40.351583467525494,3.515834675254965,5.998389694041868,3.515834675254965,1.9256575415995705,0.12077294685990338,0.30193236714975846,0.03354804079441761,0.020128824476650563,0.013419216317767043,,,
77,6.400966183574879,17.72007514761138,8.76274825550188,11.285560923242082,39.91545893719807,3.5091250670960816,6.119162640901771,3.750670960815888,2.0263016639828235,0.14090177133655393,0.30193236714975846,0.03354804079441761,0.020128824476650563,0.013419216317767043,,,
78,6.360708534621578,17.619431025228128,11.131239935587761,11.09098228663446,38.097155126140635,3.5292538915727323,6.025228126677402,3.7573805689747717,1.90552871712292,0.1274825550187869,0.2885131508319914,0.03354804079441761,0.020128824476650563,0.013419216317767043,,,
79,6.105743424584004,14.700751476113794,9.581320450885668,10.205314009661835,44.02173913043478,3.656736446591519,5.904455179817498,3.421900161030596,1.9390767579173376,0.11406333870101985,0.2616747181964573,0.03354804079441761,0.040257648953301126,0.013419216317767043,,,
80,5.884326355340848,13.868760064412239,9.125067096081589,14.465915190552872,43.08910359634997,3.2206119162640903,5.407944176060118,3.4151905528717124,1.1205045625335481,0.11406333870101985,0.20128824476650564,0.026838432635534086,0.05367686527106817,0.0067096081588835215,,,
81,6.025228126677402,13.841921631776705,8.776167471819646,14.345142243692969,42.78717122920021,3.2206119162640903,5.790391841116479,3.4957058507783145,1.1406333870101986,0.11406333870101985,0.30193236714975846,0.026838432635534086,0.1274825550187869,0.0067096081588835215,,,
82,6.031937734836285,13.774825550187868,8.964036500268385,14.284755770263017,42.270531400966185,3.2675791733762747,5.891035963499732,3.549382716049383,1.3352120236178207,0.11406333870101985,0.28180354267310787,0.08722490606548577,0.14090177133655393,0.0067096081588835215,,,
83,6.031937734836285,13.620504562533547,9.158615136876007,14.110305958132045,41.606280193236714,3.44873859366613,6.072195383789587,3.770799785292539,1.5297906602254427,0.11406333870101985,0.28180354267310787,0.08722490606548577,0.1610305958132045,0.0067096081588835215,,,
84,6.0587761674718195,13.56682769726248,9.447128287707997,14.11701556629093,41.116478797638216,3.569511540526033,5.991680085882985,3.743961352657005,1.6841116478797638,0.11406333870101985,0.2952227589908749,0.10064412238325282,0.1610305958132045,0.03354804079441761,,,
85,6.219806763285024,13.519860440150294,9.46725711218465,14.04320987654321,40.86151368760064,3.556092324208266,6.0654857756307035,3.797638217928073,1.724369296833065,0.1274825550187869,0.2952227589908749,0.10064412238325282,0.1878690284487386,0.03354804079441761,,,
86,6.132581857219538,13.45276435856146,9.581320450885668,13.714439076757918,40.4723564143854,4.146537842190016,6.172839506172839,3.8311862587224907,1.6975308641975309,0.1610305958132045,0.30864197530864196,0.10064412238325282,0.20128824476650564,0.026838432635534086,,,
87,6.125872249060655,13.378958668813741,9.541062801932368,13.47289318303811,40.07648953301127,4.106280193236715,6.508319914117015,3.992216854535695,1.9189479334406871,0.17444981213097155,0.3488996242619431,0.10064412238325282,0.2281266774020397,0.026838432635534086,,,
88,6.152710681696189,13.217928073000536,9.138486312399356,13.311862587224907,39.781266774020395,4.555823939881911,6.776704240472356,4.05931293612453,1.9793344068706387,0.17444981213097155,0.48980139559849706,0.12077294685990338,0.2147074610842727,0.026838432635534086,,,
89,6.072195383789587,13.170960815888352,8.890230810520666,17.612721417069242,35.79575952764358,4.7168545356951155,6.508319914117015,4.119699409554482,2.073268921095008,0.17444981213097155,0.48980139559849706,0.12077294685990338,0.2281266774020397,0.026838432635534086,,,
90,6.159420289855072,13.16425120772947,9.151905528717123,17.49194847020934,35.42002147074611,4.8376274825550185,6.508319914117015,4.072732152442297,2.167203435319377,0.14761137949543746,0.48980139559849706,0.13419216317767044,0.2281266774020397,0.026838432635534086,,,
91,6.159420289855072,12.962962962962964,9.514224369296834,17.371175523349436,34.72893183038111,4.804079441760601,6.723027375201288,4.53569511540526,2.187332259796028,0.13419216317767044,0.5032206119162641,0.13419216317767044,0.2147074610842727,0.026838432635534086,,,
92,6.239935587761675,12.828770799785293,9.930220075147611,17.03569511540526,34.40016103059581,4.824208266237251,6.877348362855609,4.582662372517445,2.254428341384863,0.13419216317767044,0.5032206119162641,0.14761137949543746,0.2147074610842727,0.026838432635534086,,,
93,6.246645195920558,12.734836285560924,10.11808910359635,16.881374127750938,34.09151905528717,4.871175523349437,6.890767579173376,4.663177670424047,2.4355877616747184,0.13419216317767044,0.5568974771873323,0.14761137949543746,0.20128824476650564,0.026838432635534086,,,
94,5.8172302737520125,11.43317230273752,9.25925925925926,16.666666666666668,37.34567901234568,4.958400429414922,6.743156199677939,4.394793344068707,2.2745571658615136,0.13419216317767044,0.6374127750939346,0.14090177133655393,0.1610305958132045,0.03354804079441761,,,
95,5.897745571658615,11.332528180354267,9.400161030595813,16.586151368760063,37.15780998389694,5.025496511003757,6.810252281266774,4.3545356951154055,2.3081052066559313,0.13419216317767044,0.6575415995705851,0.14090177133655393,0.1610305958132045,0.03354804079441761,,,
96,4.549114331723027,13.493022007514762,9.702093397745571,16.190284487385938,36.03730542136339,5.112721417069243,7.065217391304348,4.367954911433173,2.408749329039184,0.12077294685990338,0.6374127750939346,0.14090177133655393,0.14090177133655393,0.03354804079441761,,,
97,4.575952764358561,13.425925925925926,9.473966720343531,15.83467525496511,35.7085346215781,6.608964036500268,6.998121309715513,4.341116478797638,2.1940418679549114,0.12077294685990338,0.49651100375738055,0.10064412238325282,0.10735373054213634,0.013419216317767043,,,
98,4.643048845947397,13.318572195383789,9.655126140633387,15.707192699946322,35.32608695652174,6.769994632313473,7.0383789586688135,4.38137412775094,2.2611379495437465,0.12077294685990338,0.5233494363929146,0.1274825550187869,0.11406333870101985,0.013419216317767043,,,
99,4.622920021470746,13.09044551798175,9.681964573268921,15.774288781535159,35.13150831991412,6.696188942565755,7.1658615136876005,4.569243156199678,2.341653247450349,0.12077294685990338,0.5300590445517982,0.14761137949543746,0.11406333870101985,0.013419216317767043,,,
100,4.233762748255502,13.063607085346217,9.39345142243693,15.633387010198604,36.01717659688674,6.568706387546968,6.863929146537842,4.891304347826087,2.49597423510467,0.07380568974771873,0.5166398282340311,0.10735373054213634,0.1274825550187869,0.013419216317767043,,,
101,3.911701556629093,12.788513150831992,8.870101986044014,15.45222758990875,37.13768115942029,6.528448738593666,6.850509930220075,5.132850241545894,2.5026838432635534,0.07380568974771873,0.5032206119162641,0.10735373054213634,0.1274825550187869,0.013419216317767043,,,
102,3.7640901771336552,13.479602791196994,8.816425120772946,15.03623188405797,36.808910359635,6.501610305958132,6.957863660762212,5.10601180891036,2.7241009125067097,0.040257648953301126,0.48980139559849706,0.12077294685990338,0.14090177133655393,0.013419216317767043,,,
103,3.770799785292539,13.459473966720344,8.876811594202898,15.022812667740205,36.38620504562534,6.468062265163715,7.1725711218464845,5.213365539452496,2.7844873859366612,0.04696725711218465,0.5233494363929146,0.13419216317767044,0.1274825550187869,0.013419216317767043,,,
104,3.717122920021471,13.291733762748256,8.984165324745035,15.042941492216855,36.08427267847558,6.635802469135802,7.313472893183038,5.267042404723564,2.7643585614600106,0.04696725711218465,0.5233494363929146,0.1878690284487386,0.1274825550187869,0.013419216317767043,,,
105,3.6902844873859366,13.278314546430488,9.27938808373591,15.217391304347826,35.81588835212023,6.4345142243692965,7.387278582930757,5.173107890499195,2.7777777777777777,0.04696725711218465,0.5501878690284487,0.20799785292538917,0.1274825550187869,0.013419216317767043,,,
106,3.5292538915727323,13.077026301663983,9.172034353193773,21.141975308641975,31.749865807836823,6.374127750939345,6.66935050993022,5.253623188405797,2.0263016639828235,0.04696725711218465,0.5904455179817498,0.23483628556092323,0.1274825550187869,0.0067096081588835215,,,
107,3.549382716049383,12.855609232420827,8.742619431025227,20.739398819108963,33.41384863123994,6.1929683306494905,6.561996779388084,4.8443370907139025,2.086688137412775,0.04696725711218465,0.5904455179817498,0.2147074610842727,0.15432098765432098,0.0067096081588835215,,,
108,3.475577026301664,12.593934514224369,8.910359634997317,20.544820182501343,32.71604938271605,6.219806763285024,6.66935050993022,5.730005367686527,2.1068169618894257,0.04696725711218465,0.6172839506172839,0.2147074610842727,0.14761137949543746,0.0067096081588835215,,,
109,3.5292538915727323,12.406065485775631,9.185453569511541,20.397208803005906,32.33360171765969,6.286902844873859,7.024959742351046,5.770263016639828,2.059849704777241,0.04696725711218465,0.6172839506172839,0.2147074610842727,0.12077294685990338,0.0067096081588835215,,,
110,3.408480944712829,10.963499731615673,8.59500805152979,23.429951690821255,31.367418142780462,8.313204508856682,6.253354804079442,5.367686527106817,1.3419216317767042,0.04696725711218465,0.5636070853462157,0.24825550187869028,0.0939345142243693,0.0067096081588835215,,,
111,3.435319377348363,10.681696188942565,9.131776704240472,23.11460010735373,31.03864734299517,8.474235104669887,6.206387546967257,5.367686527106817,1.6035963499731616,0.040257648953301126,0.5770263016639828,0.24154589371980675,0.08051529790660225,0.0067096081588835215,,,
112,3.4286097691894795,10.601180891035963,9.125067096081589,22.6784755770263,30.810520665593128,8.55475040257649,6.642512077294686,5.35426731078905,1.8317230273752012,0.040257648953301126,0.5837359098228664,0.2616747181964573,0.08051529790660225,0.0067096081588835215,,,
113,3.3816425120772946,10.34621578099839,8.494363929146537,22.302737520128826,32.9777241009125,8.05823939881911,6.729736983360172,4.696725711218465,1.9659151905528718,0.040257648953301126,0.5904455179817498,0.3153515834675255,0.0939345142243693,0.0067096081588835215,,,
114,3.4286097691894795,10.198604401502953,8.53462157809984,22.128287707997853,32.80327428878154,8.091787439613526,6.78341384863124,4.810789049919484,2.0799785292538915,0.05367686527106817,0.644122383252818,0.3421900161030596,0.0939345142243693,0.0067096081588835215,,,
115,3.4286097691894795,10.131508319914117,8.675523349436393,22.114868491680085,32.52818035426731,8.125335480407944,6.843800322061192,4.85775630703167,2.1068169618894257,0.05367686527106817,0.6910896403650026,0.3421900161030596,0.0939345142243693,0.0067096081588835215,,,
116,3.488996242619431,10.071121846484166,8.722490606548577,21.91358024691358,32.27321524422974,8.125335480407944,6.884057971014493,5.173107890499195,2.15378421900161,0.05367686527106817,0.6843800322061192,0.35560923242082665,0.0939345142243693,0.0067096081588835215,,,
117,3.5225442834138487,9.957058507783145,8.809715512614064,21.578099838969404,31.984702093397747,8.199141170155663,6.9310252281266775,5.35426731078905,2.4020397208803006,0.05367686527106817,0.6843800322061192,0.4227053140096618,0.0939345142243693,0.0067096081588835215,,,
118,3.6366076221148687,9.916800858829845,9.16532474503489,21.14868491680086,31.689479334406872,8.111916264090176,7.219538378958669,5.360976918947934,2.442297369833602,0.05367686527106817,0.7112184648416533,0.4227053140096618,0.11406333870101985,0.0067096081588835215,,,
119,3.643317230273752,9.856414385399892,9.272678475577026,20.954106280193237,31.5552871712292,8.031400966183575,7.112184648416532,5.71658615136876,2.522812667740204,0.05367686527106817,0.7246376811594203,0.4227053140096618,0.1274825550187869,0.0067096081588835215,,,
120,3.629898013955985,9.561191626409018,9.057971014492754,20.699141170155663,32.46779388083736,7.930756843800322,7.018250134192163,5.636070853462158,2.623456790123457,0.05367686527106817,0.7648953301127214,0.4227053140096618,0.1274825550187869,0.0067096081588835215,,,
121,3.6500268384326353,9.574610842726784,9.306226516371444,20.39049919484702,32.22624798711755,7.937466451959206,7.139023081052066,5.636070853462158,2.7442297369833604,0.05367686527106817,0.7380568974771873,0.4562533548040794,0.1274825550187869,0.0067096081588835215,0.013419216317767043,,
122,3.488996242619431,9.104938271604938,9.03113258185722,22.50402576489533,31.206387546967257,7.9039184111647875,7.273215244229737,5.401234567901234,2.6704240472356413,0.06709608158883522,0.7313472893183038,0.4562533548040794,0.14090177133655393,0.0067096081588835215,0.013419216317767043,,
123,3.475577026301664,9.057971014492754,8.977455716586151,22.69860440150295,30.307300053676865,7.883789586688137,7.991143317230274,5.367686527106817,2.818035426731079,0.06709608158883522,0.7581857219538379,0.4227053140096618,0.15432098765432098,0.0067096081588835215,0.013419216317767043,,
124,3.455448201825013,8.742619431025227,9.138486312399356,22.38996242619431,30.52200751476114,7.863660762211487,8.07836822329576,5.4616210413311865,2.932098765432099,0.08051529790660225,0.7380568974771873,0.4227053140096618,0.15432098765432098,0.0067096081588835215,0.013419216317767043,,
125,3.4822866344605474,8.729200214707461,9.07139023081052,22.463768115942027,30.327428878153516,7.930756843800322,8.172302737520129,5.535426731078905,2.85829307568438,0.08051529790660225,0.7514761137949544,0.4227053140096618,0.15432098765432098,0.0067096081588835215,0.013419216317767043,,
126,3.535963499731616,8.668813741277509,8.984165324745035,22.21551261406334,30.099302200751477,8.192431561996779,8.172302737520129,5.703166935050993,2.9790660225442833,0.08051529790660225,0.7514761137949544,0.4092860976918948,0.1878690284487386,0.0067096081588835215,0.013419216317767043,,
127,3.4822866344605474,8.514492753623188,8.467525496511003,20.45088566827697,30.112721417069242,10.38647342995169,8.158883521202362,6.031937734836285,2.9253891572732154,0.08051529790660225,0.7581857219538379,0.4092860976918948,0.20128824476650564,0.0067096081588835215,0.013419216317767043,,
128,3.44873859366613,8.433977455716587,8.387010198604402,18.183038110574344,32.890499194847024,10.339506172839506,8.172302737520129,6.119162640901771,2.5496511003757383,0.08051529790660225,0.7783145464304885,0.4092860976918948,0.1878690284487386,0.0067096081588835215,0.013419216317767043,,
129,3.488996242619431,8.353462157809984,8.501073537305421,18.075684380032207,32.776435856146,10.292538915727322,8.192431561996779,6.1929683306494905,2.5966183574879227,0.08051529790660225,0.798443370907139,0.4428341384863124,0.1878690284487386,0.0067096081588835215,0.013419216317767043,,
130,3.33467525496511,7.380568974771873,7.863660762211487,17.324208266237253,35.950080515297905,11.292270531400966,7.62211486849168,5.401234567901234,2.5026838432635534,0.10735373054213634,0.7246376811594203,0.322061191626409,0.15432098765432098,0.0067096081588835215,0.013419216317767043,,
131,3.3279656468062266,7.37385936661299,7.830112721417069,17.250402576489535,35.91653247450349,11.265432098765432,7.669082125603865,5.441492216854535,2.563070316693505,0.10735373054213634,0.7447665056360708,0.33548040794417605,0.15432098765432098,0.0067096081588835215,0.013419216317767043,,
132,3.44873859366613,7.360440150295223,7.856951154052603,17.008856682769725,35.7487922705314,11.198336017176597,7.48792270531401,5.864197530864198,2.5831991411701556,0.10735373054213634,0.8252818035426731,0.36231884057971014,0.14090177133655393,0.0067096081588835215,,,
133,3.388352120236178,5.938003220611916,7.682501341921632,17.51207729468599,37.35909822866345,10.48040794417606,7.742887815351583,5.978260869565218,2.5161030595813205,0.10735373054213634,0.7581857219538379,0.38915727321524424,0.14090177133655393,0.0067096081588835215,,,
134,3.408480944712829,5.877616747181965,7.836822329575953,17.236983360171767,36.7686527106817,10.466988727858293,7.729468599033816,6.387546967257112,2.7777777777777777,0.10735373054213634,0.8319914117015567,0.4227053140096618,0.14090177133655393,0.0067096081588835215,,,
135,3.4151905528717124,5.938003220611916,7.971014492753623,17.10950080515298,36.33923778851315,10.38647342995169,7.742887815351583,6.78341384863124,2.8381642512077296,0.08051529790660225,0.8789586688137413,0.36902844873859364,0.14090177133655393,0.0067096081588835215,,,
136,3.455448201825013,5.884326355340848,8.064949006977992,16.894793344068706,35.70182501341922,10.628019323671497,7.924047235641439,7.065217391304348,2.818035426731079,0.08051529790660225,0.9125067096081588,0.4227053140096618,0.14090177133655393,0.0067096081588835215,,,
137,3.5225442834138487,5.884326355340848,8.064949006977992,17.16988727858293,34.88996242619431,10.648148148148149,8.192431561996779,7.246376811594203,2.831454643048846,0.08051529790660225,0.9125067096081588,0.4227053140096618,0.1274825550187869,0.0067096081588835215,,,
138,3.294417606011809,5.884326355340848,6.951154052603328,14.392109500805153,42.90794417606012,9.125067096081589,7.27992485238862,6.508319914117015,2.2342995169082127,0.05367686527106817,0.8387010198604401,0.39586688137412773,0.1274825550187869,0.0067096081588835215,,,
139,3.3413848631239937,5.797101449275362,7.065217391304348,14.38539989264627,42.632850241545896,9.158615136876007,7.37385936661299,6.575415995705851,2.200751476113795,0.05367686527106817,0.8521202361782072,0.4092860976918948,0.14761137949543746,0.0067096081588835215,,,
140,3.2340311325818574,15.217391304347826,6.810252281266774,14.130434782608695,36.15807836822329,8.36688137412775,6.756575415995706,5.904455179817498,2.187332259796028,0.040257648953301126,0.6910896403650026,0.4025764895330113,0.0939345142243693,0.0067096081588835215,,,
141,3.2742887815351582,15.210681696188942,6.971282877079979,14.009661835748792,36.01717659688674,8.313204508856682,6.8035426731078905,5.931293612453032,2.2208803005904456,0.040257648953301126,0.6709608158883521,0.43612453032742887,0.0939345142243693,0.0067096081588835215,,,
142,3.260869565217391,15.002683843263553,7.273215244229737,13.955984970477724,35.527375201288244,8.28636607622115,7.051798174986581,6.018518518518518,2.2342995169082127,0.040257648953301126,0.7716049382716049,0.4495437466451959,0.12077294685990338,0.0067096081588835215,,,
143,2.328234031132582,25.503220611916262,6.749865807836822,12.761674718196458,29.78395061728395,7.427536231884058,6.629092860976919,5.226784755770263,2.2208803005904456,0.040257648953301126,0.7313472893183038,0.4495437466451959,0.14090177133655393,0.0067096081588835215,,,
144,2.2342995169082127,25.09393451422437,6.508319914117015,14.579978529253891,29.200214707461082,7.440955448201825,6.213097155126141,5.300590445517981,2.1940418679549114,0.026838432635534086,0.6910896403650026,0.3824476650563607,0.1274825550187869,0.0067096081588835215,,,
145,2.254428341384863,24.852388620504563,6.830381105743425,14.512882447665056,28.79092860976919,7.440955448201825,6.454643048845948,5.367686527106817,2.227589908749329,0.026838432635534086,0.7112184648416533,0.39586688137412773,0.1274825550187869,0.0067096081588835215,,,
146,2.328234031132582,24.684648416532475,6.830381105743425,14.492753623188406,28.31454643048846,7.367149758454106,6.78341384863124,5.649490069779925,2.281266774020397,0.026838432635534086,0.7112184648416533,0.39586688137412773,0.1274825550187869,0.0067096081588835215,,,
147,2.341653247450349,24.56387546967257,7.112184648416532,14.412238325281804,27.985775630703166,7.347020933977456,6.863929146537842,5.636070853462158,2.3752012882447664,0.026838432635534086,0.8118625872249061,0.38915727321524424,0.1274825550187869,0.0067096081588835215,,,
148,2.3483628556092326,24.335748792270532,7.212828770799785,15.136876006441224,27.294685990338163,7.85024154589372,6.91760601180891,5.407944176060118,2.2342995169082127,0.026838432635534086,0.7716049382716049,0.32877079978529256,0.1274825550187869,0.0067096081588835215,,,
149,2.368491680085883,24.094202898550726,7.461084272678476,15.150295222758992,26.90552871712292,7.682501341921632,7.185990338164252,5.501878690284487,2.314814814814815,0.026838432635534086,0.8454106280193237,0.32877079978529256,0.1274825550187869,0.0067096081588835215,,,
150,2.4221685453569513,23.89291465378422,7.669082125603865,14.848362855609233,26.81159420289855,7.635534084809447,7.306763285024155,5.6964573268921095,2.3886205045625335,0.026838432635534086,0.8454106280193237,0.322061191626409,0.1274825550187869,0.0067096081588835215,,,
151,2.4020397208803006,23.64465915190553,7.836822329575953,14.640365002683843,26.630434782608695,7.971014492753623,7.306763285024155,5.810520665593129,2.462426194310252,0.026838432635534086,0.8185721953837896,0.30193236714975846,0.14090177133655393,0.0067096081588835215,,,
152,2.4490069779924855,23.329307568438004,7.924047235641439,14.727589908749328,26.341921631776703,7.991143317230274,7.474503488996243,5.897745571658615,2.49597423510467,0.026838432635534086,0.8923778851315083,0.30193236714975846,0.14090177133655393,0.0067096081588835215,,,
153,2.4490069779924855,23.067632850241544,8.185721953837897,15.499194847020934,25.946054750402578,7.930756843800322,7.461084272678476,5.8239398819108965,2.227589908749329,0.026838432635534086,0.9326355340848095,0.30193236714975846,0.14090177133655393,0.0067096081588835215,,,
154,2.442297369833602,22.799248523886206,8.541331186258722,15.371712292002147,25.771604938271604,7.890499194847021,7.467793880837359,5.877616747181965,2.395330112721417,0.026838432635534086,0.9393451422436929,0.32877079978529256,0.14090177133655393,0.0067096081588835215,,,
155,2.5026838432635534,22.65163714439077,8.501073537305421,13.734567901234568,27.81803542673108,7.937466451959206,7.440955448201825,5.743424584004294,2.200751476113795,0.026838432635534086,0.95276435856146,0.3421900161030596,0.14090177133655393,0.0067096081588835215,,,
156,2.5161030595813205,22.134997316156735,9.219001610305957,13.385668276972625,27.66371443907676,7.9039184111647875,7.48792270531401,6.025228126677402,2.1940418679549114,0.026838432635534086,0.9393451422436929,0.35560923242082665,0.14090177133655393,0.0067096081588835215,,,
157,2.5697799248523885,22.074610842726784,9.178743961352657,13.345410628019323,27.576489533011273,7.816693505099302,7.461084272678476,6.1862587224906065,2.167203435319377,0.026838432635534086,1.0869565217391304,0.36902844873859364,0.13419216317767044,0.0067096081588835215,,,
