,45,50,51,55,52,54,53,57,56,58
0,88.74798711755234,11.252012882447666,,,,,,,,
1,80.50187869028449,19.49812130971551,,,,,,,,
2,80.15968867418142,16.304347826086957,3.535963499731616,,,,,,,
3,67.512077294686,27.83816425120773,3.488996242619431,1.1607622114868492,,,,,,
4,62.9495437466452,33.32662372517445,3.488996242619431,0.23483628556092323,,,,,,
5,59.554482018250134,36.72168545356951,3.488996242619431,0.23483628556092323,,,,,,
6,59.09151905528717,37.184648416532475,3.488996242619431,0.23483628556092323,,,,,,
7,54.126409017713364,42.14975845410628,3.488996242619431,0.23483628556092323,,,,,,
8,45.6454643048846,49.24852388620504,3.488996242619431,0.23483628556092323,1.1741814278046163,0.20799785292538917,,,,
9,40.61325818572195,53.71041331186259,4.9718196457326895,0.23483628556092323,0.2616747181964573,0.20799785292538917,,,,
10,35.30595813204509,56.427804616210416,4.944981213097155,0.3824476650563607,2.7308105206655933,0.20799785292538917,,,,
11,32.68250134192163,59.01100375738057,4.985238862050457,0.3824476650563607,2.7308105206655933,0.20799785292538917,,,,
12,32.33360171765969,55.723295759527645,7.03166935050993,0.6977992485238862,4.005636070853462,0.20799785292538917,,,,
13,28.32125603864734,58.467525496511,8.299785292538916,0.6977992485238862,4.005636070853462,0.20799785292538917,,,,
14,24.57729468599034,58.51449275362319,11.829039184111648,0.8655394524959742,4.005636070853462,0.20799785292538917,,,,
15,18.297101449275363,33.23939881910896,45.09527643585615,0.41599570585077833,2.4691358024691357,0.19457863660762212,0.2885131508319914,,,
16,18.59903381642512,33.031400966183575,44.96108427267848,0.5099302200751477,2.4154589371980677,0.19457863660762212,0.2885131508319914,,,
17,18.766774020397207,32.95759527643585,44.867149758454104,0.5099302200751477,2.4154589371980677,0.19457863660762212,0.2885131508319914,,,
18,18.310520665593128,31.80354267310789,41.727053140096615,0.5099302200751477,7.1658615136876005,0.19457863660762212,0.2885131508319914,,,
19,18.38432635534085,30.42807300053677,41.626409017713364,0.6374127750939346,7.112184648416532,0.19457863660762212,1.6170155662909287,,,
20,18.54535695115405,30.226784755770264,41.51905528717123,1.2412775093934514,6.655931293612453,0.19457863660762212,1.6170155662909287,,,
21,18.95464304884595,30.14626945786366,41.23054213633924,1.2278582930756843,6.629092860976919,0.19457863660762212,1.6170155662909287,,,
22,16.129898013955984,33.45410628019324,40.955448201825014,1.3419216317767042,6.3070316693505095,0.19457863660762212,1.6170155662909287,,,
23,16.304347826086957,33.293075684380035,40.80112721417069,1.3419216317767042,6.3070316693505095,0.19457863660762212,1.7579173376274826,,,
24,13.560118089103597,38.016639828234034,39.72758990874933,1.3419216317767042,5.401234567901234,0.19457863660762212,1.7579173376274826,,,
25,13.419216317767042,30.401234567901234,41.92163177670424,0.9594739667203436,11.345947396672035,0.19457863660762212,1.7579173376274826,,,
26,13.627214170692431,30.327428878153516,41.84782608695652,0.9594739667203436,11.312399355877616,0.19457863660762212,1.7310789049919484,,,
27,13.761406333870102,29.938271604938272,38.98282340311326,0.9594739667203436,11.178207192699947,2.8784219001610305,2.301395598497048,,,
28,14.049919484702093,29.857756307031668,38.57353730542136,1.221148684916801,11.117820719269995,2.8784219001610305,2.301395598497048,,,
29,12.949543746645196,28.173644659151904,41.71363392377885,1.133923778851315,11.104401502952227,2.8784219001610305,2.046430488459474,,,
30,11.956521739130435,27.140365002683843,35.63472893183038,0.8722490606548577,19.77992485238862,2.3081052066559313,2.046430488459474,0.2616747181964573,,
31,10.487117552334944,24.745034889962426,40.60654857756307,0.9594739667203436,18.733225979602793,2.3081052066559313,1.8988191089640365,0.2616747181964573,,
32,6.763285024154589,30.52871712292002,34.695383789586685,0.8387010198604401,22.416800858829845,1.9457863660762211,1.8988191089640365,0.2616747181964573,0.6508319914117016,
33,6.515029522275899,27.502683843263554,41.8545356951154,0.9997316156736447,19.712828770799785,1.932367149758454,0.5904455179817498,0.24154589371980675,0.6508319914117016,
34,6.501610305958132,20.974235104669887,48.48362855609233,0.9192163177670424,19.565217391304348,1.932367149758454,0.5904455179817498,0.24154589371980675,0.7917337627482555,
35,6.823671497584541,20.41062801932367,48.02066559312936,1.5230810520665594,19.55179817498658,1.932367149758454,0.5837359098228664,0.24154589371980675,0.9125067096081588,
36,6.870638754696726,19.672571121846484,47.80595813204509,2.26784755770263,19.49812130971551,1.932367149758454,0.6910896403650026,0.24154589371980675,1.0198604401502953,
37,7.239667203435319,19.672571121846484,47.42351046698873,2.26784755770263,19.108964036500268,2.2611379495437465,0.6910896403650026,0.24154589371980675,1.093666129898014,
38,6.964573268921095,19.142512077294686,46.90016103059581,2.2611379495437465,20.517981749865807,2.227589908749329,0.6910896403650026,0.24154589371980675,1.0534084809447128,
39,6.582125603864735,18.21658615136876,51.16076221148685,1.7914653784219001,15.660225442834138,2.227589908749329,3.1468062265163717,0.24154589371980675,0.9728931830381106,
40,6.696188942565755,18.203166935050994,51.07353730542136,1.7914653784219001,15.646806226516372,2.227589908749329,3.1468062265163717,0.24154589371980675,0.9728931830381106,
41,6.991411701556629,18.14278046162104,50.88566827697262,1.7847557702630166,15.633387010198604,2.200751476113795,3.1468062265163717,0.24154589371980675,0.9728931830381106,
42,5.407944176060118,15.03623188405797,58.702361782071925,1.4224369296833066,13.600375738056897,1.6774020397208802,3.1870638754696725,0.06709608158883522,0.8990874932903918,
43,5.24020397208803,14.928878153515834,53.84460547504026,1.402308105206656,19.26328502415459,1.6774020397208802,3.1870638754696725,0.06709608158883522,0.38915727321524424,
44,4.918142780461621,9.722222222222221,54.82420826623725,0.7112184648416533,22.71202361782072,1.6706924315619969,3.180354267310789,0.06709608158883522,2.1940418679549114,
45,4.810789049919484,8.581588835212024,59.20558239398819,0.020128824476650563,19.87385936661299,1.6438539989264627,4.26731078904992,0.06709608158883522,1.5297906602254427,
46,4.978529253891573,8.527911969940956,59.13177670424047,0.020128824476650563,19.867149758454108,1.6103059581320451,4.26731078904992,0.06709608158883522,1.5297906602254427,
47,5.166398282340311,8.501073537305421,58.91035963499731,0.020128824476650563,20.00805152979066,1.5096618357487923,4.240472356414386,0.20128824476650564,1.442565754159957,
48,5.475040257648954,8.501073537305421,58.72920021470746,0.020128824476650563,19.940955448201827,1.4895330112721417,4.200214707461084,0.20128824476650564,1.442565754159957,
49,5.555555555555555,7.494632313472893,57.32018250134192,0.020128824476650563,22.148416532474503,1.4895330112721417,4.200214707461084,0.20128824476650564,1.570048309178744,
50,5.770263016639828,7.0383789586688135,58.32662372517445,0.020128824476650563,22.074610842726784,1.4895330112721417,3.3816425120772946,0.19457863660762212,1.7042404723564144,
51,5.381105743424584,5.723295759527644,65.7944176060118,0.020128824476650563,16.59957058507783,1.2144390767579174,3.3682232957595275,0.19457863660762212,1.7042404723564144,
52,5.904455179817498,5.649490069779925,65.47906602254429,0.020128824476650563,16.512345679012345,1.2144390767579174,3.3279656468062266,0.19457863660762212,1.6975308641975309,
53,6.353998926462695,5.649490069779925,65.18384326355341,0.020128824476650563,16.378153515834676,1.1943102522812667,3.3279656468062266,0.19457863660762212,1.6975308641975309,
54,6.293612453032743,5.649490069779925,63.26489533011272,0.020128824476650563,16.324476650563607,3.2474503488996245,3.3279656468062266,0.19457863660762212,1.6774020397208802,
55,6.6827697262479875,5.589103596349974,62.734836285560924,0.020128824476650563,16.21712292002147,3.2474503488996245,3.3279656468062266,0.19457863660762212,1.9860440150295222,
56,6.837090713902308,5.58239398819109,62.35909822866345,0.020128824476650563,16.6532474503489,3.240740740740741,3.126677402039721,0.19457863660762212,1.9860440150295222,
57,7.219538378958669,5.58239398819109,62.104133118625874,0.020128824476650563,16.6532474503489,3.1602254428341383,3.079710144927536,0.19457863660762212,1.9860440150295222,
58,7.555018786902845,5.562265163714439,61.67471819645733,0.020128824476650563,16.6129898013956,3.1602254428341383,3.052871712292002,0.19457863660762212,2.167203435319377,
59,7.058507783145465,5.515297906602254,67.90123456790124,0.33548040794417605,13.654052603327965,3.140096618357488,1.482823403113258,0.19457863660762212,0.7179280730005367,
60,7.581857219538379,5.481749865807837,67.5523349436393,0.33548040794417605,13.365539452495975,3.140096618357488,1.482823403113258,0.19457863660762212,0.8655394524959742,
61,7.87037037037037,5.481749865807837,67.25040257648953,0.33548040794417605,13.285024154589372,3.1199677938808374,1.482823403113258,0.19457863660762212,0.9796027911969941,
62,7.501341921631776,4.602791196994096,68.42458400429415,0.33548040794417605,13.493022007514762,3.1065485775630703,1.482823403113258,0.19457863660762212,0.8588298443370908,
63,7.118894256575416,3.280998389694042,65.38513150831992,2.4892646269457863,12.989801395598498,6.414385399892646,1.2681159420289856,0.19457863660762212,0.8588298443370908,
64,6.951154052603328,3.2541599570585076,63.96269457863661,2.4892646269457863,15.546162104133119,5.475040257648954,1.2681159420289856,0.19457863660762212,0.8588298443370908,
65,7.253086419753086,3.2541599570585076,63.7614063338701,2.4825550187869028,15.485775630703166,5.394524959742351,1.2681159420289856,0.19457863660762212,0.8588298443370908,0.04696725711218465
66,7.326892109500805,3.2139023081052067,63.24476650563607,2.4825550187869028,14.915458937198068,6.474771873322598,1.2412775093934514,0.19457863660762212,0.8588298443370908,0.04696725711218465
67,7.628824476650563,3.2139023081052067,62.86231884057971,2.4825550187869028,14.915458937198068,6.474771873322598,1.2412775093934514,0.19457863660762212,0.9393451422436929,0.04696725711218465
68,7.729468599033816,3.193773483628556,62.80193236714976,2.4825550187869028,14.895330112721417,6.474771873322598,1.2412775093934514,0.19457863660762212,0.9393451422436929,0.04696725711218465
69,7.6556629092860975,2.6838432635534084,63.781535158346756,2.4825550187869028,14.841653247450349,6.474771873322598,0.9057971014492754,0.19457863660762212,0.9326355340848095,0.04696725711218465
70,7.742887815351583,2.6838432635534084,63.707729468599034,2.4825550187869028,14.841653247450349,6.461352657004831,0.9057971014492754,0.19457863660762212,0.9326355340848095,0.04696725711218465
71,7.930756843800322,2.6838432635534084,63.62050456253355,2.4825550187869028,14.741009125067096,6.461352657004831,0.9057971014492754,0.19457863660762212,0.9326355340848095,0.04696725711218465
72,7.937466451959206,2.6838432635534084,62.513419216317764,3.046162104133119,15.183843263553408,6.461352657004831,0.9057971014492754,0.19457863660762212,1.0265700483091786,0.04696725711218465
73,8.3064949006978,2.6502952227589907,62.39935587761675,3.0394524959742353,15.063070316693505,6.374127750939345,0.8990874932903918,0.19457863660762212,1.0265700483091786,0.04696725711218465
74,8.581588835212024,2.6502952227589907,62.32555018786903,3.0394524959742353,14.969135802469136,6.266774020397209,0.8990874932903918,0.19457863660762212,1.0265700483091786,0.04696725711218465
75,7.917337627482555,2.5161030595813205,64.65378421900161,3.0193236714975846,13.459473966720344,6.166129898013956,0.8990874932903918,0.19457863660762212,1.1272141706924315,0.04696725711218465
76,8.454106280193237,2.5831991411701556,64.1304347826087,2.9723564143853998,13.378958668813741,6.159420289855072,0.8990874932903918,0.19457863660762212,1.1808910359634996,0.04696725711218465
77,8.68894256575416,2.5831991411701556,63.94256575415996,2.9723564143853998,13.372249060654857,6.119162640901771,0.8990874932903918,0.19457863660762212,1.1808910359634996,0.04696725711218465
78,8.809715512614064,2.5831991411701556,58.272946859903385,2.462426194310252,17.787171229200215,5.924584004294149,2.804616210413312,0.19457863660762212,1.1137949543746646,0.04696725711218465
79,9.111647879763822,2.5697799248523885,56.64922168545357,2.462426194310252,19.33709071390231,5.669618894256575,2.771068169618894,0.19457863660762212,1.1876006441223832,0.04696725711218465
80,9.104938271604938,2.2745571658615136,53.16022544283414,2.462426194310252,19.202898550724637,5.5756843800322065,6.696188942565755,0.2885131508319914,1.1876006441223832,0.04696725711218465
81,9.25925925925926,2.2611379495437465,52.93880837359098,2.462426194310252,18.9345142243693,5.5756843800322065,6.696188942565755,0.2885131508319914,1.5365002683843263,0.04696725711218465
82,9.225711218464841,2.2611379495437465,51.321792807300056,2.462426194310252,20.585077831454644,5.5756843800322065,6.696188942565755,0.2885131508319914,1.5365002683843263,0.04696725711218465
83,9.265968867418144,2.214170692431562,49.44981213097155,2.462426194310252,20.162372517444982,5.535426731078905,9.185453569511541,0.2885131508319914,1.3888888888888888,0.04696725711218465
84,9.473966720343531,2.214170692431562,48.95330112721417,2.5563607085346214,19.840311325818572,5.803811057434245,9.098228663446054,0.2885131508319914,1.724369296833065,0.04696725711218465
85,9.500805152979066,2.2074610842726785,47.84621578099839,3.784219001610306,19.75979602791197,5.803811057434245,9.05126140633387,0.27509393451422437,1.724369296833065,0.04696725711218465
86,8.460815888352121,2.2074610842726785,52.47584541062802,4.079441760601181,17.002147074610843,4.871175523349437,9.044551798174986,,1.8115942028985508,0.04696725711218465
87,8.266237251744498,2.2074610842726785,57.18599033816425,4.032474503488996,14.687332259796028,4.871175523349437,6.890767579173376,,1.8115942028985508,0.04696725711218465
88,8.55475040257649,2.2074610842726785,56.407675791733766,4.032474503488996,15.009393451422437,5.065754159957058,6.776704240472356,,1.8988191089640365,0.04696725711218465
89,8.890230810520666,2.2074610842726785,56.072195383789584,4.005636070853462,14.928878153515834,5.052334943639291,6.776704240472356,,2.01959205582394,0.04696725711218465
90,9.078099838969404,2.2074610842726785,55.99168008588298,4.005636070853462,14.928878153515834,5.052334943639291,6.66935050993022,,2.01959205582394,0.04696725711218465
91,8.809715512614064,2.2074610842726785,53.676865271068166,3.69699409554482,17.74020397208803,5.253623188405797,6.66935050993022,,1.8988191089640365,0.04696725711218465
92,8.682232957595277,2.2074610842726785,52.69055287171229,2.5697799248523885,20.544820182501343,5.173107890499195,6.280193236714976,,1.8048845947396672,0.04696725711218465
93,8.896940418679549,2.2074610842726785,52.522812667740205,2.5697799248523885,20.497852925389157,5.173107890499195,6.280193236714976,,1.8048845947396672,0.04696725711218465
94,8.044820182501342,2.0128824476650564,58.3467525496511,2.5563607085346214,18.80703166935051,2.945517981749866,5.542136339237788,,1.6975308641975309,0.04696725711218465
95,8.340042941492216,2.0128824476650564,58.15217391304348,2.536231884057971,18.666129898013956,2.9388083735909825,5.542136339237788,0.0939345142243693,1.6706924315619969,0.04696725711218465
96,8.641975308641975,2.0128824476650564,57.31347289318304,2.5295222758990876,18.55877616747182,2.932098765432099,6.199677938808374,0.0939345142243693,1.6706924315619969,0.04696725711218465
97,8.494363929146537,1.9726247987117553,62.78180354267311,2.5295222758990876,13.56682769726248,2.677133655394525,6.166129898013956,0.0939345142243693,1.6706924315619969,0.04696725711218465
98,8.608427267847558,1.9726247987117553,62.285292538915726,2.5295222758990876,13.526570048309178,2.5966183574879227,6.166129898013956,0.0939345142243693,2.1739130434782608,0.04696725711218465
99,8.514492753623188,1.9726247987117553,55.61594202898551,2.5295222758990876,11.09098228663446,2.5966183574879227,15.177133655394526,0.020128824476650563,2.4355877616747184,0.04696725711218465
100,8.682232957595277,1.7914653784219001,55.10601180891036,3.3145464304884595,11.064143853998926,2.341653247450349,15.083199141170155,0.020128824476650563,2.5496511003757383,0.04696725711218465
101,8.09849704777241,1.778046162104133,48.450080515297905,3.1333870101986045,18.719806763285025,2.3349436392914655,15.203972088030058,0.020128824476650563,2.214170692431562,0.04696725711218465
102,8.313204508856682,1.778046162104133,48.329307568438004,3.1333870101986045,18.699677938808374,2.3349436392914655,15.163714439076758,0.020128824476650563,2.1806226516371443,0.04696725711218465
103,8.57487922705314,1.778046162104133,48.22195383789587,3.1333870101986045,18.585614600107355,2.328234031132582,15.13016639828234,0.020128824476650563,2.1806226516371443,0.04696725711218465
104,8.829844337090714,1.778046162104133,48.07434245840043,3.1065485775630703,18.572195383789587,2.328234031132582,15.063070316693505,0.020128824476650563,2.1806226516371443,0.04696725711218465
105,9.125067096081589,1.7579173376274826,47.96027911969941,3.1065485775630703,18.471551261406333,2.328234031132582,15.042941492216855,0.020128824476650563,2.1403650026838434,0.04696725711218465
106,9.306226516371444,1.7579173376274826,47.90660225442834,3.0730005367686526,18.431293612453032,2.328234031132582,14.989264626945786,0.020128824476650563,2.1403650026838434,0.04696725711218465
107,9.567901234567902,1.7579173376274826,47.45034889962426,3.0730005367686526,18.370907139023082,2.328234031132582,14.989264626945786,0.020128824476650563,2.395330112721417,0.04696725711218465
108,9.75577026301664,1.7579173376274826,46.423778851315085,3.0730005367686526,18.33064949006978,2.328234031132582,14.962426194310252,0.020128824476650563,3.3011272141706924,0.04696725711218465
109,9.883252818035427,1.7579173376274826,46.39023081052066,3.012614063338701,18.310520665593128,2.328234031132582,14.949006977992486,0.020128824476650563,3.3011272141706924,0.04696725711218465
110,10.00402576489533,1.7579173376274826,46.26945786366076,3.012614063338701,18.310520665593128,2.328234031132582,14.949006977992486,0.020128824476650563,3.3011272141706924,0.04696725711218465
111,10.084541062801932,1.7579173376274826,46.202361782071925,3.012614063338701,18.303811057434245,2.328234031132582,14.821524422973699,0.020128824476650563,3.3011272141706924,0.16774020397208803
112,10.19189479334407,1.7579173376274826,45.8064949006978,2.999194847020934,18.109232420826622,2.328234031132582,14.80810520665593,0.020128824476650563,3.81105743424584,0.16774020397208803
113,10.61460010735373,1.7579173376274826,45.50456253354804,2.952227589908749,18.06226516371444,2.328234031132582,14.720880300590446,0.020128824476650563,3.8714439076757916,0.16774020397208803
114,10.795759527643586,1.7579173376274826,45.4777241009125,2.952227589908749,18.015297906602253,2.301395598497048,14.667203435319378,0.020128824476650563,3.844605475040258,0.16774020397208803
115,10.909822866344605,1.724369296833065,45.289855072463766,2.932098765432099,18.706387546967257,2.301395598497048,14.123725174449811,,3.844605475040258,0.16774020397208803
116,11.18491680085883,1.724369296833065,45.12211486849168,2.932098765432099,18.69296833064949,2.301395598497048,14.070048309178745,,3.8043478260869565,0.16774020397208803
117,11.3593666129898,1.724369296833065,45.06843800322061,2.932098765432099,18.632581857219538,2.301395598497048,14.016371443907676,,3.797638217928073,0.16774020397208803
118,11.178207192699947,1.6975308641975309,43.88083735909823,2.13365539452496,20.933977455716587,2.301395598497048,13.969404186795492,,3.7372517444981215,0.16774020397208803
119,11.158078368223295,1.6975308641975309,45.51798174986581,2.2410091250670963,19.162640901771336,2.636876006441224,13.694310252281268,,3.7238325281803544,0.16774020397208803
120,11.379495437466453,1.6908212560386473,45.3972088030059,2.2410091250670963,19.0955448201825,2.636876006441224,13.667471819645733,,3.7238325281803544,0.16774020397208803
121,11.694847020933977,1.6908212560386473,45.26301663982824,2.2410091250670963,19.04186795491143,2.6167471819645733,13.58695652173913,,3.7037037037037037,0.1610305958132045
122,11.916264090177133,1.6841116478797638,42.04240472356415,2.2342995169082127,22.363123993558776,2.6167471819645733,13.33870101986044,,3.7037037037037037,0.10064412238325282
123,12.06387546967257,1.6505636070853462,41.26409017713365,3.6231884057971016,21.584809447128286,2.6167471819645733,13.325281803542673,,3.770799785292539,0.10064412238325282
124,12.204777241009126,1.6505636070853462,41.1634460547504,3.6231884057971016,21.557971014492754,2.6167471819645733,13.311862587224907,,3.770799785292539,0.10064412238325282
125,12.473161567364466,1.6505636070853462,40.774288781535155,3.8714439076757916,21.497584541062803,2.6167471819645733,13.278314546430488,,3.7372517444981215,0.10064412238325282
126,12.620772946859903,1.6505636070853462,40.687063875469676,3.8714439076757916,21.484165324745035,2.5831991411701556,13.264895330112722,,3.7372517444981215,0.10064412238325282
127,13.030059044551798,1.6438539989264627,40.43880837359098,3.8714439076757916,21.4170692431562,2.5496511003757383,13.211218464841654,,3.7372517444981215,0.10064412238325282
128,13.311862587224907,1.596886741814278,40.33145464304884,3.824476650563607,21.081588835212024,2.8918411164787976,13.123993558776167,,3.7372517444981215,0.10064412238325282
129,13.499731615673644,1.596886741814278,41.908212560386474,3.7104133118625873,19.524959742351047,2.8918411164787976,13.056897477187333,,3.7104133118625873,0.10064412238325282
130,13.674181427804616,1.596886741814278,41.76731078904992,3.7640901771336552,19.49141170155663,2.8381642512077296,13.056897477187333,,3.7104133118625873,0.10064412238325282
131,14.016371443907676,1.596886741814278,41.55260332796565,3.7640901771336552,19.390767579173378,2.8381642512077296,13.043478260869565,,3.69699409554482,0.10064412238325282
132,14.204240472356414,1.596886741814278,41.49892646269458,3.9586688137412773,19.243156199677937,2.8381642512077296,12.875738056897477,,3.683574879227053,0.10064412238325282
133,14.27133655394525,1.596886741814278,41.46537842190016,3.9519592055823938,19.243156199677937,2.8381642512077296,12.848899624261943,,3.683574879227053,0.10064412238325282
134,14.486044015029522,1.596886741814278,41.2842190016103,3.7640901771336552,19.176060118089104,2.8381642512077296,13.070316693505099,,3.683574879227053,0.10064412238325282
135,14.579978529253891,1.596886741814278,40.92190016103059,3.730542136339238,19.142512077294686,3.1736446591519054,12.714707461084272,,4.03918411164788,0.10064412238325282
136,14.445786366076222,1.596886741814278,43.17632850241546,3.7104133118625873,17.082662372517444,3.1736446591519054,12.714707461084272,,3.9989264626945786,0.10064412238325282
137,14.392109500805153,1.596886741814278,43.06897477187332,4.032474503488996,16.921631776704242,3.1736446591519054,12.714707461084272,,3.9989264626945786,0.10064412238325282
138,14.908749329039184,1.596886741814278,42.860976918947934,4.025764895330113,16.74718196457327,3.113258185721954,12.593934514224369,,4.052603327965647,0.10064412238325282
139,14.257917337627482,1.3955984970477724,39.78797638217928,3.965378421900161,16.6129898013956,6.4412238325281805,13.539989264626946,,3.898282340311326,0.10064412238325282
140,14.680622651637144,1.3955984970477724,39.68733225979603,3.9586688137412773,16.438539989264626,6.4412238325281805,13.399087493290391,,3.898282340311326,0.10064412238325282
141,14.915458937198068,1.3955984970477724,39.57326892109501,3.9586688137412773,16.398282340311326,6.421095008051529,13.33870101986044,,3.898282340311326,0.10064412238325282
142,13.647342995169081,1.3955984970477724,44.06199677938808,3.207192699946323,15.445517981749866,6.374127750939345,13.103864734299517,,2.6637144390767578,0.10064412238325282
143,13.88888888888889,1.3888888888888888,43.853998926462694,3.207192699946323,15.432098765432098,6.374127750939345,13.103864734299517,,2.6502952227589907,0.10064412238325282
144,14.143853998926463,1.3888888888888888,43.76006441223833,3.2004830917874396,15.365002683843263,6.347289318303811,13.043478260869565,,2.6502952227589907,0.10064412238325282
145,14.264626945786366,1.3888888888888888,43.71980676328502,3.180354267310789,15.210681696188942,6.340579710144928,13.01663982823403,,2.7777777777777777,0.10064412238325282
146,14.42565754159957,1.3888888888888888,43.06897477187332,3.140096618357488,15.163714439076758,6.340579710144928,13.003220611916264,,3.3682232957595275,0.10064412238325282
147,13.841921631776705,1.3888888888888888,41.257380568974774,2.8918411164787976,14.465915190552872,7.340311325818572,15.371712292002147,,3.3413848631239937,0.10064412238325282
148,14.237788513150832,1.3888888888888888,41.02925389157273,2.8918411164787976,14.398819108964037,7.461084272678476,15.13016639828234,,3.361513687600644,0.10064412238325282
149,14.371980676328503,1.3888888888888888,40.98899624261943,2.8918411164787976,14.38539989264627,7.461084272678476,15.049651100375739,,3.361513687600644,0.10064412238325282
150,14.727589908749328,1.3888888888888888,40.747450348899626,2.8918411164787976,14.351851851851851,7.340311325818572,15.03623188405797,,3.4151905528717124,0.10064412238325282
151,15.217391304347826,1.3888888888888888,40.47906602254428,2.8113258185721954,14.304884594739667,7.313472893183038,14.99597423510467,,3.388352120236178,0.10064412238325282
152,15.277777777777779,1.3888888888888888,40.31803542673108,2.945517981749866,14.284755770263017,7.306763285024155,14.989264626945786,,3.388352120236178,0.10064412238325282
153,15.499194847020934,1.3888888888888888,40.103327965646805,2.9388083735909825,14.231078904991948,7.25979602791197,14.935587761674718,0.040257648953301126,3.502415458937198,0.10064412238325282
154,15.794417606011809,1.3888888888888888,40.002683843263554,2.9388083735909825,14.210950080515298,7.25979602791197,14.9020397208803,0.040257648953301126,3.361513687600644,0.10064412238325282
155,16.11647879763822,1.3888888888888888,39.88862050456253,2.9119699409554483,14.06333870101986,7.199409554482019,14.794685990338165,0.040257648953301126,3.4957058507783145,0.10064412238325282
156,14.99597423510467,1.288244766505636,43.21658615136876,2.9119699409554483,13.003220611916264,6.213097155126141,14.754428341384862,0.040257648953301126,3.475577026301664,0.10064412238325282
157,15.190552871712292,1.288244766505636,43.12265163714439,2.9119699409554483,12.989801395598498,6.1862587224906065,14.720880300590446,0.040257648953301126,3.44873859366613,0.10064412238325282
158,15.45222758990875,1.288244766505636,43.08239398819109,2.965646806226516,12.922705314009661,6.152710681696189,14.546430488459475,0.040257648953301126,3.44873859366613,0.10064412238325282
159,15.767579173376275,1.288244766505636,42.954911433172306,2.965646806226516,12.822061191626409,6.152710681696189,14.459205582393988,0.040257648953301126,3.44873859366613,0.10064412238325282
160,16.056092324208265,1.288244766505636,42.80059044551798,2.932098765432099,12.788513150831992,6.139291465378422,14.432367149758454,0.040257648953301126,3.421900161030596,0.10064412238325282
161,15.827965646806227,1.288244766505636,41.91492216854536,2.932098765432099,15.042941492216855,6.0587761674718195,13.647342995169081,0.040257648953301126,3.1468062265163717,0.10064412238325282
162,15.962157809983896,1.288244766505636,41.888083735909824,2.932098765432099,14.989264626945786,6.025228126677402,13.627214170692431,0.040257648953301126,3.1468062265163717,0.10064412238325282
163,15.955448201825014,1.288244766505636,41.75389157273215,3.1065485775630703,14.982555018786902,6.025228126677402,13.627214170692431,0.040257648953301126,3.1199677938808374,0.10064412238325282
164,16.163446054750402,1.2815351583467525,41.6129898013956,3.1065485775630703,14.868491680085883,5.984970477724101,13.620504562533547,0.14090177133655393,3.1199677938808374,0.10064412238325282
165,16.29092860976919,1.2815351583467525,41.54589371980676,3.1065485775630703,14.855072463768115,5.964841653247451,13.620504562533547,0.14090177133655393,3.0931293612453032,0.10064412238325282
166,16.606280193236714,1.2815351583467525,41.33118625872249,3.1065485775630703,14.828234031132581,5.931293612453032,13.620504562533547,0.13419216317767044,3.0595813204508855,0.10064412238325282
167,17.07595276435856,1.2815351583467525,41.27079978529254,3.046162104133119,14.720880300590446,5.931293612453032,13.385668276972625,0.13419216317767044,3.052871712292002,0.10064412238325282
168,17.156468062265162,1.2815351583467525,41.243961352657,3.046162104133119,14.687332259796028,5.931293612453032,13.365539452495975,0.13419216317767044,3.052871712292002,0.10064412238325282
169,17.14975845410628,1.2815351583467525,41.136607622114866,3.2340311325818574,14.673913043478262,5.931293612453032,13.305152979066023,0.13419216317767044,3.052871712292002,0.10064412238325282
170,17.257112184648417,1.2815351583467525,40.86151368760064,3.227321524422974,14.647074610842727,5.931293612453032,13.291733762748256,0.13419216317767044,3.2675791733762747,0.10064412238325282
171,17.444981213097154,1.2815351583467525,40.81454643048846,3.227321524422974,14.506172839506172,5.931293612453032,13.291733762748256,0.13419216317767044,3.2675791733762747,0.10064412238325282
172,17.69994632313473,1.2815351583467525,40.653515834675254,3.2206119162640903,14.445786366076222,5.931293612453032,13.264895330112722,0.13419216317767044,3.2675791733762747,0.10064412238325282
173,17.921363392377884,1.2815351583467525,40.5126140633387,3.2206119162640903,14.418947933440688,5.917874396135265,13.238056897477188,0.13419216317767044,3.2541599570585076,0.10064412238325282
174,17.921363392377884,1.2815351583467525,40.485775630703166,3.2004830917874396,14.579978529253891,5.917874396135265,13.123993558776167,0.13419216317767044,3.2541599570585076,0.10064412238325282
175,17.995169082125603,1.2815351583467525,40.707192699946326,3.2004830917874396,14.371980676328503,5.917874396135265,13.036768652710682,0.13419216317767044,3.2541599570585076,0.10064412238325282
176,18.189747718733226,1.2815351583467525,40.60654857756307,3.1870638754696725,14.170692431561998,5.763553408480945,13.311862587224907,0.13419216317767044,3.2541599570585076,0.10064412238325282
177,18.55877616747182,1.2815351583467525,40.39855072463768,3.1870638754696725,14.110305958132045,5.736714975845411,13.271604938271604,0.13419216317767044,3.2206119162640903,0.10064412238325282
178,17.485238862050455,1.2546967257112185,47.02093397745572,2.9388083735909825,11.285560923242082,5.347557702630167,11.419753086419753,0.13419216317767044,3.012614063338701,0.10064412238325282
179,17.68652710681696,1.2546967257112185,46.88674181427805,2.932098765432099,11.238593666129898,5.347557702630167,11.406333870101985,0.13419216317767044,3.012614063338701,0.10064412238325282
180,17.780461621041333,1.2546967257112185,46.806226516371446,2.932098765432099,11.238593666129898,5.35426731078905,11.392914653784219,0.13419216317767044,3.0059044551798175,0.10064412238325282
181,17.92807300053677,1.2546967257112185,46.725711218464845,2.932098765432099,11.198336017176597,5.35426731078905,11.366076221148685,0.13419216317767044,3.0059044551798175,0.10064412238325282
182,17.03569511540526,8.09849704777241,42.44498121309716,2.8650026838432634,10.299248523886206,5.35426731078905,10.802469135802468,0.13419216317767044,2.8650026838432634,0.10064412238325282
183,17.19001610305958,8.09849704777241,42.33762748255502,2.85829307568438,10.25228126677402,5.3274288781535155,10.836017176596886,0.13419216317767044,2.8650026838432634,0.10064412238325282
184,17.59259259259259,8.09849704777241,41.83440687063875,2.844873859366613,10.198604401502953,5.320719269994632,10.802469135802468,0.13419216317767044,3.0730005367686526,0.10064412238325282
185,17.76033279656468,8.071658615136876,41.76060118089104,2.831454643048846,10.144927536231885,5.320719269994632,10.802469135802468,0.13419216317767044,3.0730005367686526,0.10064412238325282
186,17.8743961352657,8.071658615136876,41.720343531937736,2.831454643048846,10.144927536231885,5.300590445517981,10.762211486849168,0.13419216317767044,3.0595813204508855,0.10064412238325282
187,18.08239398819109,8.071658615136876,41.639828234031135,2.831454643048846,10.124798711755233,5.293880837359098,10.674986580783683,0.13419216317767044,3.046162104133119,0.10064412238325282
188,18.243424584004295,8.064949006977992,41.53918411164788,2.8247450348899625,10.091250670960816,5.293880837359098,10.661567364465915,0.13419216317767044,3.046162104133119,0.10064412238325282
189,18.625872249060656,7.98443370907139,41.337895866881375,2.7979066022544283,10.02415458937198,5.280461621041331,10.661567364465915,0.13419216317767044,3.1065485775630703,0.04696725711218465
190,18.800322061191626,7.957595276435856,41.21041331186259,2.7979066022544283,10.00402576489533,5.280461621041331,10.661567364465915,0.13419216317767044,3.1065485775630703,0.04696725711218465
191,19.07541599570585,7.924047235641439,41.08964036500269,2.7979066022544283,9.98389694041868,5.226784755770263,10.61460010735373,0.13419216317767044,3.1065485775630703,0.04696725711218465
192,19.216317767042405,7.924047235641439,41.02925389157273,2.7979066022544283,9.98389694041868,5.193236714975845,10.567632850241546,0.13419216317767044,3.1065485775630703,0.04696725711218465
193,19.504830917874397,7.883789586688137,40.4723564143854,3.0730005367686526,9.836285560923242,5.193236714975845,10.547504025764896,0.24154589371980675,3.2004830917874396,0.04696725711218465
194,19.565217391304348,7.883789586688137,40.3918411164788,3.0864197530864197,9.836285560923242,5.22007514761138,10.527375201288244,0.24154589371980675,3.2004830917874396,0.04696725711218465
195,19.108964036500268,7.608695652173913,36.963231347289316,3.026033279656468,14.345142243692969,5.152979066022544,10.453569511540525,0.24154589371980675,3.052871712292002,0.04696725711218465
196,19.35721953837896,7.581857219538379,36.89613526570049,3.0059044551798175,14.284755770263017,5.10601180891036,10.433440687063875,0.24154589371980675,3.046162104133119,0.04696725711218465
197,19.363929146537842,7.326892109500805,36.79549114331723,3.240740740740741,13.83521202361782,5.441492216854535,10.399892646269459,0.5032206119162641,3.046162104133119,0.04696725711218465
198,19.37734836285561,7.2933440687063875,34.47396672034353,3.240740740740741,13.70101986044015,5.434782608695652,13.009930220075148,0.5032206119162641,2.918679549114332,0.04696725711218465
199,19.129092860976918,7.25979602791197,33.9573268921095,5.287171229200215,12.473161567364466,5.428073000536768,13.009930220075148,0.5032206119162641,2.9052603327965647,0.04696725711218465
200,19.41760601180891,7.219538378958669,33.782877079978526,5.35426731078905,12.4597423510467,5.387815351583468,12.922705314009661,0.5032206119162641,2.9052603327965647,0.04696725711218465
201,19.592055823939884,7.105475040257649,33.722490606548575,5.35426731078905,12.4597423510467,5.387815351583468,12.922705314009661,0.5032206119162641,2.9052603327965647,0.04696725711218465
202,19.652442297369834,7.085346215780999,32.991143317230275,6.213097155126141,12.318840579710145,5.381105743424584,12.915995705850777,0.5032206119162641,2.8918411164787976,0.04696725711218465
203,19.94766505636071,6.971282877079979,32.90391841116479,6.206387546967257,12.298711755233494,5.360976918947934,12.902576489533011,0.5032206119162641,2.85829307568438,0.04696725711218465
204,20.081857219538378,6.971282877079979,32.830112721417066,6.206387546967257,12.298711755233494,5.360976918947934,12.842190016103059,0.5032206119162641,2.85829307568438,0.04696725711218465
205,20.26972624798712,6.964573268921095,32.709339774557165,6.206387546967257,12.298711755233494,5.3341384863123995,12.808641975308642,0.5032206119162641,2.85829307568438,0.04696725711218465
206,20.477724100912507,6.870638754696726,32.6154052603328,6.166129898013956,11.936392914653783,5.3341384863123995,13.24476650563607,0.4495437466451959,2.85829307568438,0.04696725711218465
207,20.813204508856682,6.830381105743425,32.380568974771876,6.166129898013956,11.922973698336017,5.3341384863123995,13.217928073000536,0.4495437466451959,2.8381642512077296,0.04696725711218465
208,21.537842190016104,6.5485775630703165,32.25308641975309,6.166129898013956,11.855877616747183,5.3341384863123995,12.983091787439614,0.4495437466451959,2.8247450348899625,0.04696725711218465
209,21.62506709608159,6.5485775630703165,32.2061191626409,6.152710681696189,11.77536231884058,5.428073000536768,12.95625335480408,0.4495437466451959,2.8113258185721954,0.04696725711218465
210,21.846484165324746,6.515029522275899,32.1256038647343,6.125872249060655,11.728395061728396,5.428073000536768,12.922705314009661,0.4495437466451959,2.8113258185721954,0.04696725711218465
211,21.920289855072465,6.380837359098229,32.03166935050993,6.273483628556092,11.647879763821793,5.428073000536768,12.889157273215245,0.4495437466451959,2.932098765432099,0.04696725711218465
212,21.886741814278047,6.280193236714976,31.93102522812668,6.528448738593666,11.54723564143854,5.280461621041331,13.117283950617283,0.4495437466451959,2.932098765432099,0.04696725711218465
213,21.4170692431562,5.904455179817498,31.407675791733762,6.421095008051529,14.49946323134729,4.9651100375738055,11.81561996779388,0.4227053140096618,3.099838969404187,0.04696725711218465
214,21.55126140633387,5.904455179817498,31.320450885668276,6.414385399892646,14.49946323134729,4.938271604938271,11.81561996779388,0.4227053140096618,3.0864197530864197,0.04696725711218465
215,21.712292002147073,5.837359098228664,31.273483628556093,6.414385399892646,14.472624798711756,4.938271604938271,11.802200751476114,0.4227053140096618,3.079710144927536,0.04696725711218465
216,21.89345142243693,5.837359098228664,31.260064412238325,6.367418142780462,14.472624798711756,4.804079441760601,11.842458400429415,0.4227053140096618,3.052871712292002,0.04696725711218465
217,22.114868491680085,5.837359098228664,31.105743424584006,6.353998926462695,14.445786366076222,4.797369833601718,11.822329575952764,0.4227053140096618,3.052871712292002,0.04696725711218465
218,22.20209339774557,5.803811057434245,31.09903381642512,6.353998926462695,14.418947933440688,4.797369833601718,11.802200751476114,0.4227053140096618,3.052871712292002,0.04696725711218465
219,22.443639291465377,5.756843800322061,31.0252281266774,6.320450885668277,14.351851851851851,4.777241009125067,11.802200751476114,0.4227053140096618,3.052871712292002,0.04696725711218465
220,22.638217928073,5.750134192163178,30.864197530864196,6.494900697799249,14.257917337627482,4.730273752012883,11.782071926999464,0.4227053140096618,3.012614063338701,0.04696725711218465
221,22.946859903381643,5.750134192163178,30.66290928609769,6.4412238325281805,14.244498121309716,4.730273752012883,11.741814278046162,0.4227053140096618,3.012614063338701,0.04696725711218465
222,23.235373054213635,5.669618894256575,30.649490069779926,6.380837359098229,14.231078904991948,4.730273752012883,11.473429951690822,0.5770263016639828,3.0059044551798175,0.04696725711218465
223,23.34272678475577,5.656199677938808,30.535426731078903,6.494900697799249,14.17740203972088,4.7168545356951155,11.446591519055287,0.5770263016639828,3.0059044551798175,0.04696725711218465
224,23.61111111111111,5.656199677938808,30.48845947396672,6.414385399892646,14.143853998926463,4.696725711218465,11.379495437466453,0.5770263016639828,2.985775630703167,0.04696725711218465
225,23.97342995169082,5.649490069779925,30.35426731078905,6.414385399892646,13.982823403113258,4.683306494900698,11.366076221148685,0.5770263016639828,2.952227589908749,0.04696725711218465
226,24.248523886205046,5.615942028985507,30.16639828234031,6.320450885668277,13.982823403113258,4.669887278582931,11.29898013955985,0.5770263016639828,3.0730005367686526,0.04696725711218465
227,24.22168545356951,5.615942028985507,29.938271604938272,6.561996779388084,13.969404186795492,4.669887278582931,11.258722490606548,0.5770263016639828,3.140096618357488,0.04696725711218465
228,24.36929683306495,5.595813204508857,29.884594739667204,6.521739130434782,13.868760064412239,4.777241009125067,11.131239935587761,0.5770263016639828,3.227321524422974,0.04696725711218465
229,24.62426194310252,5.542136339237788,29.736983360171767,6.521739130434782,13.848631239935587,4.777241009125067,11.097691894793345,0.5770263016639828,3.227321524422974,0.04696725711218465
230,23.698336017176597,1.9927536231884058,35.547504025764894,5.904455179817498,13.667471819645733,4.40150295222759,11.097691894793345,0.5770263016639828,3.066290928609769,0.04696725711218465
231,23.852657004830917,1.9927536231884058,35.339506172839506,5.850778314546431,13.647342995169081,4.40150295222759,11.084272678475577,0.5770263016639828,3.207192699946323,0.04696725711218465
232,24.27536231884058,1.9927536231884058,35.17176596886742,5.783682232957595,13.560118089103597,4.3545356951154055,11.044015029522276,0.5770263016639828,3.193773483628556,0.04696725711218465
233,24.490069779924852,1.9256575415995705,35.11808910359635,5.750134192163178,13.526570048309178,4.341116478797638,11.044015029522276,0.5770263016639828,3.180354267310789,0.04696725711218465
234,24.54374664519592,1.9256575415995705,35.11808910359635,5.730005367686527,13.526570048309178,4.341116478797638,11.030595813204508,0.5770263016639828,3.1602254428341383,0.04696725711218465
235,24.731615673644658,1.8988191089640365,34.99060654857756,5.730005367686527,13.526570048309178,4.334406870638754,11.003757380568974,0.5770263016639828,3.1602254428341383,0.04696725711218465
236,24.711486849168008,1.8988191089640365,34.634997316156735,5.649490069779925,13.499731615673644,4.025764895330113,11.614331723027375,0.5770263016639828,3.3413848631239937,0.04696725711218465
237,24.9194847020934,1.8988191089640365,34.58132045088567,5.615942028985507,13.466183574879228,4.260601180891036,11.486849168008588,0.5434782608695652,3.180354267310789,0.04696725711218465
238,24.966451959205582,1.892109500805153,34.534353193773484,5.615942028985507,13.479602791196994,4.213633923778851,11.540526033279656,0.5434782608695652,3.166935050993022,0.04696725711218465
239,25.087224906065487,1.892109500805153,34.46725711218465,5.615942028985507,13.466183574879228,4.213633923778851,11.513687600644122,0.5434782608695652,3.1535158346752548,0.04696725711218465
240,25.254965110037574,1.892109500805153,34.366612989801396,5.615942028985507,13.399087493290391,4.213633923778851,11.513687600644122,0.5434782608695652,3.1535158346752548,0.04696725711218465
241,25.55689747718733,1.892109500805153,34.20558239398819,5.5756843800322065,13.345410628019323,4.247181964573269,11.33923778851315,0.6374127750939346,3.1535158346752548,0.04696725711218465
242,25.731347289318304,1.892109500805153,34.09151905528717,5.548845947396672,13.264895330112722,4.213633923778851,11.332528180354267,0.6374127750939346,3.240740740740741,0.04696725711218465
243,25.831991411701555,1.8719806763285025,34.044551798174986,5.548845947396672,13.264895330112722,4.213633923778851,11.29898013955985,0.6374127750939346,3.240740740740741,0.04696725711218465
244,25.99302200751476,1.8719806763285025,33.93048845947396,5.508588298443371,13.258185721953838,4.213633923778851,11.29898013955985,0.6374127750939346,3.240740740740741,0.04696725711218465
245,26.039989264626946,1.8719806763285025,33.903650026838434,5.495169082125604,13.191089640365004,4.200214707461084,11.29898013955985,0.6172839506172839,3.33467525496511,0.04696725711218465
246,26.160762211486848,1.8384326355340848,33.61513687600644,5.186527106816962,13.063607085346217,4.193505099302201,12.110842726784755,0.6172839506172839,3.166935050993022,0.04696725711218465
247,26.435856146001072,1.8384326355340848,33.52791196994095,5.059044551798175,13.063607085346217,4.193505099302201,12.077294685990339,0.6172839506172839,3.140096618357488,0.04696725711218465
248,26.583467525496513,1.8384326355340848,33.393719806763286,5.059044551798175,13.009930220075148,4.180085882984434,12.030327428878154,0.6172839506172839,3.240740740740741,0.04696725711218465
249,26.690821256038646,1.8384326355340848,33.313204508856685,5.0791733762748255,12.969672571121846,4.300858829844337,11.963231347289318,0.6172839506172839,3.180354267310789,0.04696725711218465
250,26.939076757917338,1.778046162104133,33.21926999463231,5.059044551798175,12.962962962962964,4.294149221685454,11.929683306494901,0.6172839506172839,3.1535158346752548,0.04696725711218465
251,27.106816961889425,1.7579173376274826,33.17230273752013,4.911433172302737,12.942834138486312,4.294149221685454,12.050456253354804,0.5770263016639828,3.140096618357488,0.04696725711218465
252,26.288244766505635,1.7310789049919484,35.42673107890499,4.904723564143854,11.681427804616211,4.294149221685454,12.00348899624262,0.5770263016639828,3.046162104133119,0.04696725711218465
253,26.37546967257112,1.7310789049919484,35.36634460547504,4.904723564143854,11.654589371980677,4.294149221685454,12.00348899624262,0.5770263016639828,3.046162104133119,0.04696725711218465
254,26.596886741814277,1.7310789049919484,35.218733225979605,4.884594739667204,11.614331723027375,4.294149221685454,11.990069779924852,0.5770263016639828,3.046162104133119,0.04696725711218465
255,26.757917337627482,1.7310789049919484,35.11137949543747,4.884594739667204,11.614331723027375,4.294149221685454,11.969940955448202,0.5770263016639828,3.012614063338701,0.04696725711218465
256,26.82501341921632,1.7176596886741815,34.94363929146538,5.092592592592593,11.574074074074074,4.26731078904992,11.963231347289318,0.5636070853462157,3.0059044551798175,0.04696725711218465
257,26.94578636607622,1.7176596886741815,34.46054750402576,5.394524959742351,11.439881910896403,4.166666666666667,11.936392914653783,0.5636070853462157,3.3279656468062266,0.04696725711218465
258,27.160493827160494,1.7176596886741815,34.27938808373591,5.394524959742351,11.41304347826087,4.166666666666667,11.929683306494901,0.5636070853462157,3.3279656468062266,0.04696725711218465
259,27.20746108427268,1.710950080515298,34.265968867418145,5.367686527106817,11.41304347826087,4.166666666666667,11.929683306494901,0.5636070853462157,3.3279656468062266,0.04696725711218465
260,27.549651100375737,1.710950080515298,34.084809447128286,5.414653784219001,11.621041331186259,4.005636070853462,11.77536231884058,0.4830917874396135,3.307836822329576,0.04696725711218465
261,27.717391304347824,1.7042404723564144,34.004294149221685,5.414653784219001,11.58749329039184,3.992216854535695,11.741814278046162,0.4830917874396135,3.307836822329576,0.04696725711218465
262,27.82474503488996,1.5767579173376274,33.843263553408484,5.562265163714439,11.386205045625335,3.992216854535695,12.02361782071927,0.4830917874396135,3.260869565217391,0.04696725711218465
263,28.22061191626409,1.5767579173376274,33.66881374127751,5.535426731078905,11.386205045625335,3.9720880300590444,11.976650563607086,0.4830917874396135,3.1333870101986045,0.04696725711218465
264,28.475577026301664,1.5767579173376274,33.46081588835212,5.535426731078905,11.345947396672035,3.9720880300590444,11.969940955448202,0.4830917874396135,3.1333870101986045,0.04696725711218465
265,28.5829307568438,1.5767579173376274,33.380300590445515,5.535426731078905,11.332528180354267,3.9720880300590444,11.956521739130435,0.4830917874396135,3.1333870101986045,0.04696725711218465
266,28.710413311862588,1.570048309178744,33.299785292538914,5.522007514761138,11.325818572195384,3.965378421900161,11.943102522812667,0.4830917874396135,3.1333870101986045,0.04696725711218465
267,28.931830381105744,1.570048309178744,33.17901234567901,5.508588298443371,11.29898013955985,3.965378421900161,11.929683306494901,0.4830917874396135,3.0864197530864197,0.04696725711218465
268,29.005636070853463,1.570048309178744,32.94417606011809,5.528717122920021,11.29898013955985,3.965378421900161,11.916264090177133,0.4830917874396135,3.240740740740741,0.04696725711218465
269,29.24718196457327,1.570048309178744,32.76301663982824,5.528717122920021,11.265432098765432,3.938539989264627,11.83574879227053,0.4830917874396135,3.321256038647343,0.04696725711218465
270,29.414922168545356,1.570048309178744,32.68250134192163,5.522007514761138,11.198336017176597,3.92512077294686,11.83574879227053,0.4830917874396135,3.321256038647343,0.04696725711218465
271,29.54911433172303,1.570048309178744,32.608695652173914,5.488459473966721,11.198336017176597,3.92512077294686,11.808910359634996,0.4830917874396135,3.321256038647343,0.04696725711218465
272,29.817498658078367,1.570048309178744,32.46108427267848,5.488459473966721,11.097691894793345,3.92512077294686,11.788781535158346,0.4830917874396135,3.321256038647343,0.04696725711218465
273,30.018786902844873,1.570048309178744,32.32018250134192,5.488459473966721,11.084272678475577,3.911701556629093,11.788781535158346,0.4830917874396135,3.2877079978529253,0.04696725711218465
274,30.079173376274827,1.570048309178744,32.27321524422974,5.488459473966721,11.084272678475577,3.898282340311326,11.788781535158346,0.4830917874396135,3.2877079978529253,0.04696725711218465
275,30.152979066022546,1.570048309178744,32.25979602791197,5.46833064949007,11.044015029522276,3.898282340311326,11.788781535158346,0.4830917874396135,3.2877079978529253,0.04696725711218465
276,30.42807300053677,1.570048309178744,32.10547504025765,5.441492216854535,11.017176596886742,3.864734299516908,11.75523349436393,0.4830917874396135,3.2877079978529253,0.04696725711218465
277,30.50187869028449,1.570048309178744,32.03166935050993,5.441492216854535,11.017176596886742,3.864734299516908,11.75523349436393,0.4830917874396135,3.2877079978529253,0.04696725711218465
278,30.669618894256576,1.556629092860977,31.97128287707998,5.441492216854535,10.963499731615673,3.8580246913580245,11.721685453569512,0.4830917874396135,3.2877079978529253,0.04696725711218465
279,30.743424584004295,1.556629092860977,31.95115405260333,5.407944176060118,10.943370907139023,3.8580246913580245,11.721685453569512,0.4830917874396135,3.2877079978529253,0.04696725711218465
280,30.783682232957595,1.556629092860977,31.924315619967793,5.407944176060118,10.943370907139023,3.8580246913580245,11.708266237251744,0.4830917874396135,3.2877079978529253,0.04696725711218465
281,30.253623188405797,1.4559849704777241,33.16559312936125,5.146269457863661,10.943370907139023,3.8580246913580245,11.366076221148685,0.4830917874396135,3.280998389694042,0.04696725711218465
282,30.46833064949007,1.4559849704777241,33.071658615136876,5.119431025228127,10.943370907139023,3.8580246913580245,11.325818572195384,0.4830917874396135,3.227321524422974,0.04696725711218465
283,30.555555555555557,1.4559849704777241,32.99785292538916,5.119431025228127,10.943370907139023,3.8580246913580245,11.325818572195384,0.4830917874396135,3.2139023081052067,0.04696725711218465
284,30.615942028985508,1.4559849704777241,32.991143317230275,5.119431025228127,10.929951690821255,3.851315083199141,11.325818572195384,0.4830917874396135,3.180354267310789,0.04696725711218465
285,30.817230273752013,1.4559849704777241,32.90391841116479,5.119431025228127,10.916532474503489,3.824476650563607,11.2788513150832,0.4830917874396135,3.1535158346752548,0.04696725711218465
286,30.88432635534085,1.4559849704777241,32.890499194847024,5.119431025228127,10.909822866344605,3.8043478260869565,11.252012882447666,0.4830917874396135,3.1535158346752548,0.04696725711218465
287,31.0654857756307,1.4492753623188406,32.78314546430489,5.092592592592593,10.869565217391305,3.8043478260869565,11.252012882447666,0.4830917874396135,3.1535158346752548,0.04696725711218465
288,30.911164787976382,1.4492753623188406,32.6959205582394,5.092592592592593,10.869565217391305,4.072732152442297,11.238593666129898,0.4830917874396135,3.140096618357488,0.04696725711218465
289,31.04535695115405,1.4492753623188406,32.68250134192163,5.092592592592593,10.84272678475577,4.045893719806763,11.20504562533548,0.46967257112184646,3.1199677938808374,0.04696725711218465
290,30.991680085882983,1.4492753623188406,32.380568974771876,5.481749865807837,10.836017176596886,4.045893719806763,11.178207192699947,0.46967257112184646,3.1199677938808374,0.04696725711218465
291,31.253354804079443,1.4492753623188406,32.27321524422974,5.475040257648954,10.836017176596886,3.9989264626945786,11.097691894793345,0.46967257112184646,3.099838969404187,0.04696725711218465
292,31.548577563070317,1.4492753623188406,32.15244229736983,5.448201825013419,10.836017176596886,3.9989264626945786,10.970209339774557,0.46967257112184646,3.079710144927536,0.04696725711218465
293,31.629092860976918,1.4358561460010735,32.14573268921095,5.421363392377885,10.701825013419215,3.9989264626945786,10.943370907139023,0.46967257112184646,3.207192699946323,0.04696725711218465
294,31.91760601180891,1.415727321524423,31.95786366076221,5.401234567901234,10.654857756307031,3.9989264626945786,10.929951690821255,0.46967257112184646,3.207192699946323,0.04696725711218465
295,32.078636607622116,1.415727321524423,31.85721953837896,5.367686527106817,10.641438539989265,3.9989264626945786,10.929951690821255,0.4562533548040794,3.207192699946323,0.04696725711218465
296,32.22624798711755,1.4090177133655395,31.52173913043478,5.340848094471283,10.560923242082662,3.9989264626945786,10.929951690821255,0.4562533548040794,3.5091250670960816,0.04696725711218465
297,32.326892109500804,1.4090177133655395,31.48148148148148,5.340848094471283,10.534084809447128,3.9989264626945786,10.903113258185721,0.4562533548040794,3.502415458937198,0.04696725711218465
298,32.01154052603328,1.3955984970477724,30.931293612453032,5.267042404723564,11.882716049382717,4.072732152442297,10.903113258185721,0.4562533548040794,3.0327428878153517,0.04696725711218465
299,32.2061191626409,1.3955984970477724,30.864197530864196,5.267042404723564,11.788781535158346,4.03918411164788,10.903113258185721,0.4562533548040794,3.0327428878153517,0.04696725711218465
300,32.380568974771876,1.3955984970477724,30.689747718733226,5.441492216854535,11.681427804616211,4.03918411164788,10.836017176596886,0.4562533548040794,3.0327428878153517,0.04696725711218465
301,32.54159957058508,1.3955984970477724,30.609232420826622,5.441492216854535,11.621041331186259,4.03918411164788,10.815888352120236,0.4562533548040794,3.0327428878153517,0.04696725711218465
302,32.6959205582394,1.3955984970477724,30.22007514761138,5.555555555555555,11.621041331186259,4.03918411164788,10.795759527643586,0.4562533548040794,3.1736446591519054,0.04696725711218465
303,32.8972088030059,1.3955984970477724,30.19994632313473,5.434782608695652,11.600912506709609,4.03918411164788,10.755501878690284,0.4562533548040794,3.1736446591519054,0.04696725711218465
304,33.03811057434246,1.3955984970477724,30.119431025228128,5.434782608695652,11.594202898550725,4.032474503488996,10.7085346215781,0.4562533548040794,3.1736446591519054,0.04696725711218465
305,33.15217391304348,1.3955984970477724,30.059044551798173,5.414653784219001,11.574074074074074,4.019055287171229,10.7085346215781,0.4562533548040794,3.1736446591519054,0.04696725711218465
306,33.16559312936125,1.3955984970477724,30.04562533548041,5.414653784219001,11.574074074074074,4.019055287171229,10.7085346215781,0.4562533548040794,3.1736446591519054,0.04696725711218465
307,33.23939881910896,1.3955984970477724,30.03220611916264,5.414653784219001,11.56736446591519,3.992216854535695,10.695115405260333,0.4562533548040794,3.1736446591519054,0.03354804079441761
308,33.3870101986044,1.3955984970477724,29.965110037573805,5.407944176060118,11.56736446591519,3.9452495974235107,10.695115405260333,0.4562533548040794,3.1468062265163717,0.03354804079441761
309,33.5077831454643,1.3955984970477724,29.924852388620504,5.394524959742351,11.553945249597424,3.9452495974235107,10.648148148148149,0.4562533548040794,3.140096618357488,0.03354804079441761
310,33.541331186258724,1.3821792807300053,29.924852388620504,5.394524959742351,11.553945249597424,3.9318303811057436,10.641438539989265,0.4562533548040794,3.140096618357488,0.03354804079441761
311,33.85668276972625,1.3821792807300053,29.871175523349436,5.374396135265701,11.372785829307569,3.9049919484702094,10.607890499194847,0.4562533548040794,3.140096618357488,0.03354804079441761
312,33.97745571658615,1.3821792807300053,29.810789049919485,5.374396135265701,11.332528180354267,3.9049919484702094,10.601180891035963,0.4495437466451959,3.1333870101986045,0.03354804079441761
313,33.803005904455176,1.3821792807300053,29.750402576489535,5.609232420826624,11.104401502952227,3.9049919484702094,10.587761674718196,0.4495437466451959,3.374932903918411,0.03354804079441761
314,33.943907675791735,1.3821792807300053,29.64975845410628,5.595813204508857,11.104401502952227,3.878153515834675,10.587761674718196,0.4495437466451959,3.374932903918411,0.03354804079441761
315,34.11164787976382,1.3821792807300053,29.59608158883521,5.58239398819109,11.037305421363392,3.878153515834675,10.554213633923778,0.4495437466451959,3.374932903918411,0.03354804079441761
316,34.18545356951154,1.3821792807300053,29.488727858293075,5.58239398819109,10.93666129898014,4.1129898013955986,10.540794417606012,0.4495437466451959,3.2877079978529253,0.03354804079441761
317,34.312936124530324,1.3821792807300053,29.461889425657542,5.58239398819109,10.909822866344605,4.0995705850778315,10.48040794417606,0.4495437466451959,3.2877079978529253,0.03354804079441761
318,34.58132045088567,1.3821792807300053,29.408212560386474,5.5689747718733225,10.795759527643586,4.0995705850778315,10.426731078904991,0.41599570585077833,3.2877079978529253,0.03354804079441761
319,34.68196457326892,1.3821792807300053,29.30756843800322,5.481749865807837,10.795759527643586,4.086151368760064,10.527375201288244,0.41599570585077833,3.2877079978529253,0.03354804079441761
320,34.75577026301664,1.3754696725711217,29.24718196457327,5.481749865807837,10.789049919484702,4.086151368760064,10.527375201288244,0.41599570585077833,3.2877079978529253,0.03354804079441761
321,34.86983360171766,1.3754696725711217,29.032474503488995,5.615942028985507,10.782340311325818,4.086151368760064,10.50053676865271,0.41599570585077833,3.2877079978529253,0.03354804079441761
322,34.997316156736446,1.3754696725711217,28.931830381105744,5.589103596349974,10.782340311325818,4.086151368760064,10.50053676865271,0.41599570585077833,3.2877079978529253,0.03354804079441761
323,35.07112184648417,1.3754696725711217,28.864734299516908,5.589103596349974,10.742082662372518,4.086151368760064,10.534084809447128,0.41599570585077833,3.2877079978529253,0.03354804079441761
324,35.09125067096082,1.3754696725711217,28.844605475040257,5.589103596349974,10.715244229736983,4.072732152442297,10.46027911969941,0.41599570585077833,3.4017713365539453,0.03354804079441761
325,35.12479871175523,1.3754696725711217,28.784219001610307,5.58239398819109,10.668276972624799,4.072732152442297,10.446859903381643,0.41599570585077833,3.4957058507783145,0.03354804079441761
326,35.339506172839506,1.3754696725711217,28.723832528180353,5.562265163714439,10.534084809447128,4.072732152442297,10.446859903381643,0.41599570585077833,3.4957058507783145,0.03354804079441761
327,35.45356951154053,1.3754696725711217,28.71712292002147,5.528717122920021,10.487117552334944,4.052603327965647,10.446859903381643,0.41599570585077833,3.488996242619431,0.03354804079441761
328,35.648148148148145,1.3754696725711217,28.63660762211487,5.662909286097692,10.446859903381643,3.9720880300590444,10.352925389157273,0.39586688137412773,3.475577026301664,0.03354804079441761
329,35.7487922705314,1.3754696725711217,28.59634997316157,5.622651637144391,10.446859903381643,3.9720880300590444,10.332796564680622,0.39586688137412773,3.475577026301664,0.03354804079441761
330,35.82259796027912,1.3754696725711217,28.59634997316157,5.622651637144391,10.446859903381643,3.9720880300590444,10.258990874932904,0.39586688137412773,3.475577026301664,0.03354804079441761
331,35.789049919484704,1.3754696725711217,28.35480407944176,5.964841653247451,10.446859903381643,3.9720880300590444,10.245571658615138,0.39586688137412773,3.421900161030596,0.03354804079441761
332,35.81588835212023,1.3754696725711217,28.28099838969404,5.958132045088567,10.59447128287708,3.9318303811057436,10.225442834138486,0.39586688137412773,3.421900161030596,
333,35.970209339774556,1.3754696725711217,29.045893719806763,5.736714975845411,10.413311862587225,3.7372517444981215,10.144927536231885,0.30193236714975846,3.2742887815351582,
334,36.07756307031669,1.3754696725711217,29.012345679012345,5.703166935050993,10.413311862587225,3.7372517444981215,10.104669887278583,0.30193236714975846,3.2742887815351582,
335,36.33923778851315,1.3620504562533549,28.891572732152444,5.689747718733226,10.406602254428341,3.730542136339238,10.00402576489533,0.30193236714975846,3.2742887815351582,
336,36.34594739667203,1.3620504562533549,28.79092860976919,5.656199677938808,10.399892646269459,3.864734299516908,10.00402576489533,0.30193236714975846,3.2742887815351582,
337,36.191626409017715,1.3016639828234031,28.670155662909288,5.790391841116479,10.332796564680622,4.233762748255502,9.977187332259795,0.30193236714975846,3.2004830917874396,
338,35.91653247450349,1.3016639828234031,28.56280193236715,5.2066559312936125,11.312399355877616,4.233762748255502,9.977187332259795,0.30193236714975846,3.1870638754696725,
339,36.05743424584004,1.3016639828234031,28.515834675254965,5.2066559312936125,11.272141706924316,4.213633923778851,9.977187332259795,0.30193236714975846,3.1535158346752548,
340,36.05743424584004,1.3016639828234031,28.488996242619432,5.193236714975845,11.252012882447666,4.213633923778851,9.849704777241008,0.30193236714975846,3.3413848631239937,
341,36.09769189479334,1.3016639828234031,28.468867418142782,5.186527106816962,11.245303274288782,4.213633923778851,9.849704777241008,0.30193236714975846,3.33467525496511,
342,36.18491680085883,1.3016639828234031,28.421900161030596,5.159688674181428,11.245303274288782,4.213633923778851,9.836285560923242,0.30193236714975846,3.33467525496511,
343,36.33923778851315,1.3016639828234031,28.381642512077295,5.139559849704777,11.225174449812132,4.159957058507783,9.816156736446592,0.30193236714975846,3.33467525496511,
344,36.4398819108964,1.3016639828234031,28.29441760601181,5.139559849704777,11.225174449812132,4.159957058507783,9.802737520128824,0.30193236714975846,3.33467525496511,
345,36.28556092324208,1.3016639828234031,28.16022544283414,5.0858829844337095,11.198336017176597,4.569243156199678,9.77589908749329,0.30193236714975846,3.321256038647343,
346,36.50697799248524,1.3016639828234031,28.133387010198604,5.025496511003757,11.117820719269995,4.569243156199678,9.722222222222221,0.30193236714975846,3.321256038647343,
347,36.761943102522814,1.288244766505636,28.08641975308642,5.065754159957058,11.11111111111111,4.562533548040794,9.514224369296834,0.30193236714975846,3.307836822329576,
348,36.963231347289316,1.288244766505636,28.032742887815353,5.059044551798175,11.030595813204508,4.549114331723027,9.500805152979066,0.30193236714975846,3.2742887815351582,
349,37.0101986044015,1.288244766505636,28.005904455179817,5.038915727321524,11.010466988727858,4.542404723564144,9.5276435856146,0.30193236714975846,3.2742887815351582,
350,37.27858293075684,1.288244766505636,27.891841116478798,5.038915727321524,10.983628556092324,4.51556629092861,9.514224369296834,0.30193236714975846,3.1870638754696725,
351,37.3389694041868,1.288244766505636,27.85829307568438,5.025496511003757,10.983628556092324,4.51556629092861,9.500805152979066,0.30193236714975846,3.1870638754696725,
352,36.47342995169082,1.288244766505636,26.362050456253353,5.179817498658078,10.856146001073537,7.360440150295223,9.091519055287172,0.2885131508319914,3.099838969404187,
353,36.533816425120776,1.2748255501878691,26.341921631776703,5.166398282340311,10.856146001073537,7.360440150295223,9.091519055287172,0.2885131508319914,3.0864197530864197,
354,36.540526033279654,1.2748255501878691,26.29495437466452,5.488459473966721,10.621309715512615,7.347020933977456,9.078099838969404,0.2885131508319914,3.066290928609769,
355,36.68813741277509,1.2748255501878691,26.221148684916802,5.488459473966721,10.587761674718196,7.347020933977456,9.037842190016104,0.2885131508319914,3.066290928609769,
356,36.808910359635,1.2748255501878691,26.154052603327965,5.448201825013419,10.587761674718196,7.333601717659689,9.037842190016104,0.2885131508319914,3.066290928609769,
357,36.8491680085883,1.2748255501878691,26.133923778851315,5.448201825013419,10.587761674718196,7.333601717659689,9.017713365539452,0.2885131508319914,3.066290928609769,
358,36.808910359635,1.2748255501878691,26.080246913580247,5.448201825013419,10.520665593129362,7.286634460547504,9.25925925925926,0.2885131508319914,3.0327428878153517,
359,37.07058507783145,1.2748255501878691,25.999731615673646,5.441492216854535,10.507246376811594,7.139023081052066,9.252549651100376,0.2885131508319914,3.026033279656468,
360,37.11084272678475,1.2748255501878691,25.979602791196996,5.441492216854535,10.493827160493828,7.139023081052066,9.245840042941492,0.2885131508319914,3.026033279656468,
361,37.38593666129898,1.2748255501878691,25.764895330112722,5.434782608695652,10.34621578099839,7.246376811594203,9.23913043478261,0.2885131508319914,3.0193236714975846,
362,37.4194847020934,1.2748255501878691,25.738056897477186,5.434782608695652,10.34621578099839,7.246376811594203,9.232420826623725,0.2885131508319914,3.0193236714975846,
363,37.64761137949544,1.2748255501878691,25.55689747718733,5.488459473966721,10.272410091250672,7.246376811594203,9.205582393988191,0.2885131508319914,3.0193236714975846,
364,37.7012882447665,1.2748255501878691,25.523349436392916,5.488459473966721,10.272410091250672,7.246376811594203,9.185453569511541,0.2885131508319914,3.0193236714975846,
365,37.84219001610306,1.2748255501878691,25.509930220075148,5.488459473966721,10.205314009661835,7.246376811594203,9.145195920558239,0.2885131508319914,2.999194847020934,
366,37.936124530327426,1.2748255501878691,25.45625335480408,5.394524959742351,10.091250670960816,7.212828770799785,9.346484165324744,0.2885131508319914,2.999194847020934,
367,38.05018786902845,1.2748255501878691,25.42270531400966,5.381105743424584,10.037573805689748,7.212828770799785,9.346484165324744,0.2885131508319914,2.985775630703167,
368,37.956253354804076,1.2546967257112185,25.36231884057971,5.4616210413311865,10.037573805689748,7.313472893183038,9.339774557165862,0.2885131508319914,2.985775630703167,
369,38.016639828234034,1.2546967257112185,25.32206119162641,5.448201825013419,10.037573805689748,7.313472893183038,9.339774557165862,0.2885131508319914,2.9790660225442833,
370,38.097155126140635,1.2546967257112185,25.288513150831992,5.448201825013419,10.030864197530864,7.273215244229737,9.339774557165862,0.2885131508319914,2.9790660225442833,
371,38.09044551798175,1.2546967257112185,25.261674718196456,5.414653784219001,10.030864197530864,7.353730542136339,9.326355340848094,0.2885131508319914,2.9790660225442833,
372,38.12399355877617,1.2546967257112185,25.228126677402038,5.414653784219001,10.030864197530864,7.353730542136339,9.326355340848094,0.2885131508319914,2.9790660225442833,
373,38.27160493827161,1.2278582930756843,25.201288244766506,5.407944176060118,10.00402576489533,7.347020933977456,9.272678475577026,0.2885131508319914,2.9790660225442833,
374,38.37224906065486,1.2278582930756843,25.187869028448738,5.407944176060118,9.957058507783145,7.320182501341922,9.25925925925926,0.2885131508319914,2.9790660225442833,
375,38.439345142243695,1.2278582930756843,25.187869028448738,5.374396135265701,9.957058507783145,7.320182501341922,9.225711218464841,0.2885131508319914,2.9790660225442833,
376,38.6808910359635,1.2278582930756843,25.181159420289855,5.307300053676865,9.923510466988727,7.253086419753086,9.178743961352657,0.2885131508319914,2.9589371980676327,
377,38.788244766505635,1.2278582930756843,25.15432098765432,5.267042404723564,9.91009125067096,7.239667203435319,9.178743961352657,0.2885131508319914,2.945517981749866,
378,38.90230810520666,1.2278582930756843,25.067096081588836,5.360976918947934,9.91009125067096,7.219538378958669,9.078099838969404,0.2885131508319914,2.945517981749866,
379,38.97611379495437,1.2278582930756843,25.02012882447665,5.347557702630167,10.030864197530864,7.199409554482019,8.964036500268385,0.2885131508319914,2.945517981749866,
380,39.130434782608695,1.2278582930756843,24.912775093934513,5.340848094471283,10.030864197530864,7.185990338164252,8.950617283950617,0.2885131508319914,2.932098765432099,
381,39.2512077294686,1.2278582930756843,24.90606548577563,5.394524959742351,9.977187332259795,7.118894256575416,8.903650026838433,0.2885131508319914,2.932098765432099,
382,39.38539989264627,1.2278582930756843,24.86580783682233,5.394524959742351,9.96376811594203,7.118894256575416,8.82313472893183,0.2885131508319914,2.932098765432099,
383,39.472624798711756,1.2144390767579174,24.758454106280194,5.4616210413311865,9.936929683306495,7.118894256575416,8.82313472893183,0.2885131508319914,2.9253891572732154,
384,39.57326892109501,1.2144390767579174,24.731615673644658,5.4616210413311865,9.936929683306495,7.085346215780999,8.78287707997853,0.2885131508319914,2.9253891572732154,
385,39.700751476113794,1.2144390767579174,24.651100375738057,5.414653784219001,9.936929683306495,7.085346215780999,8.78287707997853,0.2885131508319914,2.9253891572732154,
386,39.74771873322598,1.2144390767579174,24.63768115942029,5.407944176060118,9.91009125067096,7.085346215780999,8.78287707997853,0.2885131508319914,2.9253891572732154,
387,39.774557165861516,1.2144390767579174,24.55716586151369,5.5756843800322065,9.86983360171766,7.071926999463232,8.722490606548577,0.2885131508319914,2.9253891572732154,
388,39.754428341384866,1.2144390767579174,24.496779388083738,5.5756843800322065,9.856414385399892,7.179280730005368,8.709071390230811,0.2885131508319914,2.9253891572732154,
389,39.93558776167472,1.2144390767579174,24.44310252281267,5.5689747718733225,9.836285560923242,7.105475040257649,8.682232957595277,0.2885131508319914,2.9253891572732154,
390,39.96913580246913,1.2144390767579174,24.436392914653783,5.5689747718733225,9.836285560923242,7.092055823939882,8.682232957595277,0.2885131508319914,2.9119699409554483,
391,39.95571658615137,1.2144390767579174,24.382716049382715,5.642780461621041,9.829575952764358,7.092055823939882,8.682232957595277,0.2885131508319914,2.9119699409554483,
392,40.00939345142244,1.2010198604401503,24.27536231884058,5.58239398819109,9.816156736446592,7.333601717659689,8.601717659688674,0.2885131508319914,2.8918411164787976,
393,40.08990874932904,1.2010198604401503,24.214975845410628,5.5689747718733225,9.809447128287708,7.333601717659689,8.601717659688674,0.2885131508319914,2.8918411164787976,
394,40.203972088030056,1.2010198604401503,24.174718196457327,5.5689747718733225,9.77589908749329,7.333601717659689,8.561460010735374,0.2885131508319914,2.8918411164787976,
395,40.13016639828234,1.107085346215781,24.12104133118626,5.501878690284487,9.883252818035427,7.5348899624261945,8.561460010735374,0.2885131508319914,2.871712292002147,
396,40.23081052066559,1.107085346215781,24.06736446591519,5.488459473966721,9.876543209876543,7.521470746108427,8.55475040257649,0.2885131508319914,2.8650026838432634,
397,40.324745034889965,1.107085346215781,24.06736446591519,5.488459473966721,9.836285560923242,7.521470746108427,8.501073537305421,0.2885131508319914,2.8650026838432634,
398,40.4320987654321,1.107085346215781,23.980139559849704,5.488459473966721,9.829575952764358,7.521470746108427,8.501073537305421,0.2885131508319914,2.8515834675254963,
399,40.53945249597424,1.107085346215781,23.89291465378422,5.481749865807837,9.829575952764358,7.521470746108427,8.487654320987655,0.2885131508319914,2.8515834675254963,
400,40.60654857756307,1.093666129898014,23.866076221148685,5.481749865807837,9.809447128287708,7.514761137949543,8.487654320987655,0.2885131508319914,2.8515834675254963,
401,40.70048309178744,1.093666129898014,23.845947396672035,5.448201825013419,9.782608695652174,7.514761137949543,8.487654320987655,0.2885131508319914,2.8381642512077296,
402,40.76757917337628,1.093666129898014,23.832528180354267,5.414653784219001,9.782608695652174,7.514761137949543,8.467525496511003,0.2885131508319914,2.8381642512077296,
403,40.653515834675254,1.093666129898014,23.45679012345679,5.394524959742351,10.091250670960816,7.48792270531401,8.353462157809984,0.2885131508319914,3.180354267310789,
404,40.734031132581855,1.093666129898014,23.443370907139023,5.394524959742351,10.077831454643048,7.434245840042942,8.353462157809984,0.2885131508319914,3.180354267310789,
405,40.9621578099839,1.093666129898014,23.362855609232422,5.394524959742351,9.950348899624261,7.427536231884058,8.353462157809984,0.2885131508319914,3.166935050993022,
406,41.035963499731615,1.093666129898014,23.356146001073537,5.360976918947934,9.930220075147611,7.427536231884058,8.353462157809984,0.2885131508319914,3.1535158346752548,
407,41.18357487922705,1.093666129898014,22.973698336017176,5.615942028985507,9.930220075147611,7.427536231884058,8.333333333333334,0.2885131508319914,3.1535158346752548,
408,41.324476650563604,1.093666129898014,22.926731078904993,5.615942028985507,9.916800858829845,7.407407407407407,8.272946859903382,0.2885131508319914,3.1535158346752548,
409,41.31105743424584,1.093666129898014,22.873054213633925,5.736714975845411,9.916800858829845,7.353730542136339,8.272946859903382,0.2885131508319914,3.1535158346752548,
410,41.40499194847021,1.093666129898014,22.859634997316157,5.736714975845411,9.916800858829845,7.313472893183038,8.232689210950081,0.2885131508319914,3.1535158346752548,
411,41.532474503489,1.093666129898014,22.785829307568438,5.736714975845411,9.86983360171766,7.313472893183038,8.232689210950081,0.2885131508319914,3.1468062265163717,
412,41.7337627482555,1.093666129898014,22.71202361782072,5.709876543209877,9.849704777241008,7.266505636070853,8.232689210950081,0.2885131508319914,3.113258185721954,
413,41.80756843800322,1.093666129898014,22.65163714439077,5.709876543209877,9.836285560923242,7.266505636070853,8.232689210950081,0.2885131508319914,3.113258185721954,
414,41.88137412775094,1.0735373054213635,22.61808910359635,5.6964573268921095,9.836285560923242,7.25979602791197,8.232689210950081,0.2885131508319914,3.113258185721954,
415,42.008856682769725,1.0735373054213635,22.591250670960815,5.642780461621041,9.836285560923242,7.25979602791197,8.232689210950081,0.2549651100375738,3.099838969404187,
416,42.210144927536234,1.0735373054213635,22.564412238325282,5.636070853462158,9.722222222222221,7.226247987117552,8.225979602791197,0.2549651100375738,3.0864197530864197,
417,42.37788513150832,1.0735373054213635,22.510735373054214,5.636070853462158,9.708803005904455,7.159151905528717,8.192431561996779,0.2549651100375738,3.0864197530864197,
418,42.619431025228124,1.0735373054213635,22.363123993558776,5.622651637144391,9.708803005904455,7.159151905528717,8.111916264090176,0.2549651100375738,3.0864197530864197,
419,42.693236714975846,1.0735373054213635,22.31615673644659,5.622651637144391,9.695383789586689,7.14573268921095,8.111916264090176,0.2549651100375738,3.0864197530864197,
420,42.81400966183575,1.0735373054213635,22.262479871175522,5.622651637144391,9.66183574879227,7.14573268921095,8.09849704777241,0.2549651100375738,3.066290928609769,
421,43.08910359634997,1.0735373054213635,22.094739667203434,5.60252281266774,9.634997316156737,7.14573268921095,8.05823939881911,0.2549651100375738,3.046162104133119,
422,43.10252281266774,1.0735373054213635,22.088030059044552,5.60252281266774,9.634997316156737,7.14573268921095,8.051529790660226,0.2549651100375738,3.046162104133119,
423,43.203166935050994,1.0735373054213635,22.061191626409016,5.60252281266774,9.634997316156737,7.125603864734299,7.997852925389157,0.2549651100375738,3.046162104133119,
424,43.31723027375201,1.0735373054213635,22.041062801932366,5.589103596349974,9.601449275362318,7.092055823939882,7.997852925389157,0.2549651100375738,3.0327428878153517,
425,43.37761674718197,1.0735373054213635,22.007514761137948,5.5756843800322065,9.588030059044552,7.092055823939882,7.997852925389157,0.2549651100375738,3.0327428878153517,
426,43.47826086956522,1.0735373054213635,21.926999463231347,5.5756843800322065,9.574610842726784,7.092055823939882,7.991143317230274,0.2549651100375738,3.0327428878153517,
427,43.552066559312934,1.0601180891035964,21.89345142243693,5.5689747718733225,9.567901234567902,7.078636607622115,7.991143317230274,0.2549651100375738,3.0327428878153517,
428,43.51851851851852,1.0601180891035964,21.87332259796028,5.636070853462158,9.567901234567902,7.078636607622115,7.991143317230274,0.2549651100375738,3.0193236714975846,
429,43.59903381642512,1.0601180891035964,21.83977455716586,5.622651637144391,9.567901234567902,7.071926999463232,7.96430488459474,0.2549651100375738,3.0193236714975846,
430,43.37090713902308,1.0601180891035964,21.806226516371442,5.622651637144391,9.856414385399892,7.071926999463232,7.937466451959206,0.2549651100375738,3.0193236714975846,
431,43.4044551798175,1.0601180891035964,21.732420826623724,5.615942028985507,9.856414385399892,7.132313472893183,7.937466451959206,0.2549651100375738,3.0059044551798175,
432,43.35748792270532,1.0466988727858293,21.732420826623724,5.609232420826624,9.782608695652174,7.071926999463232,8.252818035426731,0.17444981213097155,2.9723564143853998,
433,43.47155126140633,1.0466988727858293,21.712292002147073,5.5689747718733225,9.782608695652174,7.071926999463232,8.21256038647343,0.17444981213097155,2.9589371980676327,
434,43.552066559312934,1.0466988727858293,21.712292002147073,5.5689747718733225,9.73564143853999,7.071926999463232,8.179012345679013,0.17444981213097155,2.9589371980676327,
435,43.61916264090177,1.0466988727858293,21.672034353193773,5.5689747718733225,9.722222222222221,7.071926999463232,8.165593129361245,0.17444981213097155,2.9589371980676327,
436,43.646001073537306,1.0466988727858293,21.584809447128286,5.522007514761138,9.708803005904455,7.226247987117552,8.145464304884594,0.17444981213097155,2.945517981749866,
437,43.69296833064949,1.0466988727858293,21.584809447128286,5.508588298443371,9.681964573268921,7.226247987117552,8.13875469672571,0.17444981213097155,2.945517981749866,
438,43.73993558776167,1.0466988727858293,21.557971014492754,5.508588298443371,9.681964573268921,7.212828770799785,8.132045088566828,0.17444981213097155,2.945517981749866,
439,43.833870101986044,1.0466988727858293,21.370101986044016,5.508588298443371,9.681964573268921,7.192699946323135,8.085077831454644,0.17444981213097155,3.1065485775630703,
440,44.00161030595813,1.0466988727858293,21.26945786366076,5.508588298443371,9.66183574879227,7.1725711218464845,8.05823939881911,0.17444981213097155,3.1065485775630703,
441,44.07541599570585,1.0466988727858293,21.26274825550188,5.501878690284487,9.648416532474503,7.125603864734299,8.05823939881911,0.17444981213097155,3.1065485775630703,
442,44.0955448201825,1.0466988727858293,21.215780998389693,5.46833064949007,9.648416532474503,7.078636607622115,8.165593129361245,0.17444981213097155,3.1065485775630703,
443,44.135802469135804,1.0466988727858293,21.195652173913043,5.46833064949007,9.64170692431562,6.89747718733226,8.165593129361245,0.17444981213097155,3.2742887815351582,
444,44.32367149758454,1.0466988727858293,21.101717659688674,5.46833064949007,9.628287707997853,6.890767579173376,8.091787439613526,0.17444981213097155,3.2742887815351582,
445,44.59205582393988,1.0466988727858293,20.92055823939882,5.4616210413311865,9.594739667203436,6.877348362855609,8.085077831454644,0.17444981213097155,3.2474503488996245,
446,44.87385936661299,1.0466988727858293,20.90042941492217,5.441492216854535,9.588030059044552,6.696188942565755,8.031400966183575,0.17444981213097155,3.2474503488996245,
447,44.920826623725176,1.0466988727858293,20.90042941492217,5.441492216854535,9.588030059044552,6.6827697262479875,7.997852925389157,0.17444981213097155,3.2474503488996245,
448,44.93424584004294,1.0466988727858293,20.8870101986044,5.441492216854535,9.588030059044552,6.6827697262479875,7.997852925389157,0.17444981213097155,3.2474503488996245,
449,45.13553408480945,1.0466988727858293,20.82662372517445,5.414653784219001,9.50751476113795,6.6827697262479875,7.997852925389157,0.17444981213097155,3.2139023081052067,
450,45.25630703166935,1.0466988727858293,20.739398819108963,5.414653784219001,9.500805152979066,6.655931293612453,7.997852925389157,0.17444981213097155,3.2139023081052067,
451,45.309983896940416,1.0466988727858293,20.71256038647343,5.414653784219001,9.500805152979066,6.655931293612453,7.997852925389157,0.17444981213097155,3.1870638754696725,
452,45.3166935050993,1.0466988727858293,20.71256038647343,5.407944176060118,9.500805152979066,6.655931293612453,7.997852925389157,0.17444981213097155,3.1870638754696725,
453,45.35024154589372,1.0466988727858293,20.705850778314545,5.407944176060118,9.473966720343531,6.655931293612453,7.997852925389157,0.17444981213097155,3.1870638754696725,
454,45.37707997852925,1.0466988727858293,20.538110574342458,5.407944176060118,9.473966720343531,6.622383252818035,7.96430488459474,0.17444981213097155,3.3950617283950617,
455,45.63204508856683,1.0466988727858293,20.531400966183575,5.381105743424584,9.373322597960279,6.622383252818035,7.856951154052603,0.17444981213097155,3.3816425120772946,
456,45.66559312936125,1.0466988727858293,20.517981749865807,5.381105743424584,9.353193773483628,6.622383252818035,7.856951154052603,0.17444981213097155,3.3816425120772946,
457,45.7259796027912,1.0399892646269457,20.497852925389157,5.381105743424584,9.353193773483628,6.602254428341385,7.843531937734836,0.17444981213097155,3.3816425120772946,
458,45.772946859903385,1.0399892646269457,20.497852925389157,5.381105743424584,9.346484165324744,6.602254428341385,7.823403113258186,0.17444981213097155,3.361513687600644,
459,45.74610842726785,1.0399892646269457,20.42404723564144,5.495169082125604,9.406870638754697,6.582125603864735,7.809983896940419,0.17444981213097155,3.321256038647343,
460,45.799785292538914,1.0399892646269457,20.417337627482556,5.475040257648954,9.406870638754697,6.582125603864735,7.7831454643048845,0.17444981213097155,3.321256038647343,
461,45.94739667203435,1.0399892646269457,20.336822329575952,5.542136339237788,9.346484165324744,6.5552871712292005,7.742887815351583,0.17444981213097155,3.3145464304884595,
462,46.04804079441761,1.0399892646269457,20.336822329575952,5.535426731078905,9.406870638754697,6.427804616210413,7.729468599033816,0.17444981213097155,3.3011272141706924,
463,46.081588835212024,1.0399892646269457,20.29656468062265,5.669618894256575,9.373322597960279,6.353998926462695,7.709339774557166,0.17444981213097155,3.3011272141706924,
464,46.12855609232421,1.0399892646269457,20.25630703166935,5.662909286097692,9.373322597960279,6.353998926462695,7.709339774557166,0.17444981213097155,3.3011272141706924,
465,45.900429414922165,1.0399892646269457,20.162372517444982,5.656199677938808,9.373322597960279,6.702898550724638,7.709339774557166,0.17444981213097155,3.280998389694042,
466,45.93397745571659,1.0399892646269457,20.148953301127214,5.656199677938808,9.373322597960279,6.696188942565755,7.709339774557166,0.17444981213097155,3.2675791733762747,
467,46.04804079441761,1.0399892646269457,20.12211486849168,5.642780461621041,9.286097691894794,6.588835212023618,7.830112721417069,0.17444981213097155,3.2675791733762747,
468,46.14868491680086,1.0399892646269457,20.061728395061728,5.622651637144391,9.286097691894794,6.575415995705851,7.823403113258186,0.17444981213097155,3.2675791733762747,
469,46.19565217391305,1.0399892646269457,19.981213097155127,5.60252281266774,9.265968867418144,6.400966183574879,8.071658615136876,0.17444981213097155,3.2675791733762747,
470,46.27616747181965,1.0265700483091786,19.93424584004294,5.589103596349974,9.25925925925926,6.400966183574879,8.071658615136876,0.17444981213097155,3.2675791733762747,
471,46.32984433709071,1.0265700483091786,19.880568974771872,5.589103596349974,9.25925925925926,6.400966183574879,8.071658615136876,0.17444981213097155,3.2675791733762747,
472,46.28958668813741,1.0265700483091786,19.880568974771872,5.730005367686527,9.25925925925926,6.300322061191626,8.071658615136876,0.17444981213097155,3.2675791733762747,
473,46.303005904455176,1.0265700483091786,19.880568974771872,5.723295759527644,9.25925925925926,6.300322061191626,8.064949006977992,0.17444981213097155,3.2675791733762747,
474,46.363392377885134,1.0265700483091786,19.840311325818572,5.709876543209877,9.25925925925926,6.300322061191626,8.064949006977992,0.17444981213097155,3.260869565217391,
475,46.846484165324746,1.0265700483091786,19.6256038647343,5.676328502415459,9.178743961352657,6.078904991948471,8.017981749865807,0.17444981213097155,3.374932903918411,
476,46.833064949006975,1.0131508319914118,19.51825013419216,5.8172302737520125,9.172034353193773,6.078904991948471,8.017981749865807,0.17444981213097155,3.374932903918411,
477,46.88674181427805,1.0131508319914118,19.47128287707998,5.810520665593129,9.172034353193773,6.078904991948471,8.017981749865807,0.17444981213097155,3.374932903918411,
478,47.034353193773484,1.0131508319914118,19.410896403650028,5.810520665593129,9.104938271604938,6.072195383789587,8.004562533548041,0.17444981213097155,3.374932903918411,
479,47.014224369296834,0.9057971014492754,19.404186795491142,6.018518518518518,9.044551798174986,6.072195383789587,7.991143317230274,0.17444981213097155,3.374932903918411,
480,47.14170692431562,0.9057971014492754,19.35721953837896,6.005099302200751,9.044551798174986,6.072195383789587,7.991143317230274,0.17444981213097155,3.307836822329576,
481,47.24906065485776,0.9057971014492754,19.276704240472355,6.119162640901771,9.004294149221685,6.0587761674718195,7.9106280193236715,0.17444981213097155,3.3011272141706924,
482,47.316156736446594,0.9057971014492754,19.236446591519055,6.092324208266238,9.004294149221685,6.0587761674718195,7.9106280193236715,0.17444981213097155,3.3011272141706924,
483,47.41009125067096,0.9057971014492754,19.16935050993022,6.092324208266238,9.004294149221685,6.045356951154052,7.897208803005904,0.17444981213097155,3.3011272141706924,
484,47.537573805689746,0.9057971014492754,19.122383252818036,6.038647342995169,8.984165324745035,5.998389694041868,7.937466451959206,0.17444981213097155,3.3011272141706924,
485,47.64492753623188,0.9057971014492754,19.088835212023618,6.025228126677402,8.984165324745035,5.958132045088567,7.917337627482555,0.17444981213097155,3.3011272141706924,
486,47.32957595276436,0.9057971014492754,18.92109500805153,5.837359098228664,8.957326892109501,6.6760601180891035,7.917337627482555,0.17444981213097155,3.280998389694042,
487,47.34299516908212,0.9057971014492754,18.907675791733762,5.837359098228664,8.957326892109501,6.6760601180891035,7.917337627482555,0.17444981213097155,3.280998389694042,
488,47.38996242619431,0.9057971014492754,18.907675791733762,5.837359098228664,8.910359634997317,6.6760601180891035,7.917337627482555,0.17444981213097155,3.280998389694042,
489,47.38325281803543,0.9057971014492754,18.61916264090177,5.676328502415459,8.910359634997317,6.998121309715513,7.917337627482555,0.17444981213097155,3.4151905528717124,
490,47.416800858829845,0.9057971014492754,18.592324208266238,5.676328502415459,8.910359634997317,6.991411701556629,7.917337627482555,0.17444981213097155,3.4151905528717124,
491,47.47047772410091,0.9057971014492754,18.53864734299517,5.676328502415459,8.910359634997317,6.991411701556629,7.917337627482555,0.17444981213097155,3.4151905528717124,
492,47.55099302200752,0.9057971014492754,18.491680085882983,5.58239398819109,8.896940418679549,7.105475040257649,7.877079978529254,0.17444981213097155,3.4151905528717124,
493,47.678475577026305,0.9057971014492754,18.491680085882983,5.5756843800322065,8.84326355340848,7.0383789586688135,7.877079978529254,0.17444981213097155,3.4151905528717124,
494,47.819377348362856,0.8789586688137413,18.491680085882983,5.5756843800322065,8.78287707997853,7.011540526033279,7.85024154589372,0.17444981213097155,3.4151905528717124,
495,47.96027911969941,0.8789586688137413,18.431293612453032,5.5756843800322065,8.78287707997853,6.944444444444445,7.836822329575953,0.17444981213097155,3.4151905528717124,
496,46.69216317767042,0.8789586688137413,20.101986044015028,5.46833064949007,8.756038647342995,6.937734836285561,7.575147611379496,0.17444981213097155,3.4151905528717124,
497,46.83977455716586,0.8789586688137413,20.061728395061728,5.46833064949007,8.729200214707461,6.910896403650026,7.575147611379496,0.17444981213097155,3.361513687600644,
498,46.83977455716586,0.8789586688137413,19.98792270531401,5.595813204508857,8.729200214707461,6.857219538378959,7.575147611379496,0.17444981213097155,3.361513687600644,
499,46.9068706387547,0.8789586688137413,19.981213097155127,5.5689747718733225,8.695652173913043,6.857219538378959,7.575147611379496,0.17444981213097155,3.361513687600644,
