,45,50,53,54,55,51,52,56,57
0,96.72571121846484,3.2742887815351582,,,,,,,
1,92.5523349436393,7.447665056360709,,,,,,,
2,89.79468599033817,10.205314009661835,,,,,,,
3,86.82232957595276,13.177670424047236,,,,,,,
4,77.37520128824477,22.624798711755233,,,,,,,
5,77.50939345142244,22.148416532474503,0.3421900161030596,,,,,,
6,65.14358561460011,34.514224369296834,0.3421900161030596,,,,,,
7,65.17042404723564,34.4873859366613,0.3421900161030596,,,,,,
8,65.04965110037574,34.6081588835212,0.3421900161030596,,,,,,
9,65.01610305958133,34.64170692431562,0.3421900161030596,,,,,,
10,65.03623188405797,34.62157809983897,0.3421900161030596,,,,,,
11,64.68733225979602,34.97047772410091,0.3421900161030596,,,,,,
12,61.26543209876543,38.39237788513151,0.3421900161030596,,,,,,
13,60.17176596886742,39.48604401502952,0.3421900161030596,,,,,,
14,60.20531400966183,38.69431025228127,0.5300590445517982,0.33548040794417605,0.23483628556092323,,,,
15,59.326355340848096,37.6207729468599,0.5300590445517982,0.33548040794417605,0.23483628556092323,1.9524959742351047,,,
16,56.427804616210416,40.51932367149758,0.5300590445517982,0.33548040794417605,0.23483628556092323,1.9524959742351047,,,
17,55.51529790660226,41.7740203972088,0.1878690284487386,0.33548040794417605,0.23483628556092323,1.9524959742351047,,,
18,54.97181964573269,42.33762748255502,0.1878690284487386,0.33548040794417605,0.23483628556092323,1.932367149758454,,,
19,53.938539989264626,40.915190552871714,0.1610305958132045,0.33548040794417605,0.16774020397208803,4.4820182501341925,,,
20,49.503488996242616,42.82071926999463,0.1610305958132045,0.33548040794417605,,0.33548040794417605,6.843800322061192,,
21,49.422973698336016,41.666666666666664,0.1610305958132045,1.570048309178744,,0.33548040794417605,6.843800322061192,,
22,38.97611379495437,51.489533011272144,,1.2546967257112185,,0.33548040794417605,7.944176060118089,,
23,36.131239935587764,54.36124530327429,,1.2546967257112185,,0.33548040794417605,7.917337627482555,,
24,36.56736446591519,53.958668813741276,,1.2546967257112185,,0.33548040794417605,7.883789586688137,,
25,28.421900161030596,60.7085346215781,,1.2546967257112185,1.4090177133655395,0.322061191626409,7.883789586688137,,
26,28.515834675254965,60.507246376811594,,1.2546967257112185,1.5163714439076759,0.322061191626409,7.883789586688137,,
27,23.450080515297905,40.002683843263554,,1.2546967257112185,,27.408749329039185,7.883789586688137,,
28,23.617820719269993,39.90874932903918,,1.2546967257112185,,27.36849168008588,7.85024154589372,,
29,23.678207192699947,38.65405260332797,,1.2546967257112185,,29.341116478797638,7.071926999463232,,
30,22.899892646269457,38.157541599570585,,0.8521202361782072,,30.54884594739667,7.071926999463232,0.46967257112184646,
31,22.96027911969941,38.097155126140635,,0.8521202361782072,,30.54884594739667,7.071926999463232,0.46967257112184646,
32,23.060923242082662,38.2313472893183,,0.8387010198604401,,30.360976918947934,7.0383789586688135,0.46967257112184646,
33,23.1682769726248,38.1508319914117,,0.8387010198604401,,30.334138486312398,7.0383789586688135,0.46967257112184646,
34,18.317230273752013,45.63204508856683,,0.020128824476650563,0.20128824476650564,28.522544283413847,6.837090713902308,0.46967257112184646,
35,18.51851851851852,45.471014492753625,,0.020128824476650563,0.20128824476650564,28.482286634460547,6.837090713902308,0.46967257112184646,
36,18.94122383252818,44.95437466451959,2.6033279656468062,0.020128824476650563,0.6508319914117016,25.53676865271068,6.823671497584541,0.46967257112184646,
37,19.129092860976918,44.907407407407405,2.6033279656468062,0.020128824476650563,0.6508319914117016,25.42270531400966,6.796833064949007,0.46967257112184646,
38,19.176060118089104,44.639023081052066,2.2074610842726785,0.020128824476650563,0.6508319914117016,23.919753086419753,8.917069243156199,0.46967257112184646,
39,19.16935050993022,44.75308641975309,2.2074610842726785,0.020128824476650563,0.6374127750939346,23.852657004830917,8.890230810520666,0.46967257112184646,
40,19.061996779388085,44.7061191626409,2.2074610842726785,0.020128824476650563,0.5166398282340311,23.101180891035963,9.916800858829845,0.46967257112184646,
41,19.32367149758454,44.63231347289318,2.1940418679549114,0.020128824476650563,0.5166398282340311,23.00053676865271,9.842995169082126,0.46967257112184646,
42,19.51825013419216,44.457863660762214,2.1940418679549114,0.020128824476650563,0.5166398282340311,22.98040794417606,9.842995169082126,0.46967257112184646,
43,17.344337090713903,46.75925925925926,2.1940418679549114,0.020128824476650563,0.5166398282340311,22.940150295222757,9.75577026301664,0.46967257112184646,
44,17.538915727321523,46.2962962962963,2.1940418679549114,0.020128824476650563,0.8319914117015567,22.893183038110575,9.75577026301664,0.46967257112184646,
45,17.612721417069242,46.24932903918411,2.1940418679549114,0.020128824476650563,0.8319914117015567,24.510198604401502,8.111916264090176,0.46967257112184646,
46,17.787171229200215,46.11513687600644,2.1940418679549114,0.020128824476650563,0.8319914117015567,24.50348899624262,8.07836822329576,0.46967257112184646,
47,17.98174986580784,45.9272678475577,2.1940418679549114,0.020128824476650563,0.8319914117015567,24.50348899624262,8.071658615136876,0.46967257112184646,
48,18.115942028985508,45.8064949006978,2.1940418679549114,0.020128824476650563,0.8319914117015567,24.490069779924852,8.071658615136876,0.46967257112184646,
49,18.33064949006978,45.66559312936125,2.167203435319377,0.020128824476650563,0.8319914117015567,24.14787976382179,8.051529790660226,0.785024154589372,
50,18.263553408480945,44.76650563607085,2.167203435319377,0.020128824476650563,1.4626945786366077,27.596618357487923,5.119431025228127,0.6038647342995169,
51,18.23671497584541,44.6256038647343,2.167203435319377,0.020128824476650563,1.4626945786366077,27.791196994095547,5.092592592592593,0.6038647342995169,
52,18.54535695115405,44.47128287707998,2.167203435319377,0.020128824476650563,1.4626945786366077,27.636876006441224,5.092592592592593,0.6038647342995169,
53,18.61916264090177,42.76033279656468,5.595813204508857,0.020128824476650563,1.4626945786366077,26.080246913580247,4.85775630703167,0.6038647342995169,
54,18.699677938808374,42.70665593129361,5.414653784219001,0.020128824476650563,2.7442297369833604,24.986580783682232,4.8376274825550185,0.5904455179817498,
55,18.793612453032743,42.3443370907139,5.213365539452496,0.020128824476650563,3.2004830917874396,24.651100375738057,4.8376274825550185,0.9393451422436929,
56,18.988191089640367,42.310789049919485,5.213365539452496,0.020128824476650563,3.166935050993022,24.58400429414922,4.777241009125067,0.9393451422436929,
57,19.256575415995705,42.24369296833065,5.199946323134729,0.020128824476650563,3.166935050993022,24.416264090177133,4.757112184648417,0.9393451422436929,
58,19.80005367686527,41.928341384863124,5.179817498658078,0.020128824476650563,3.1535158346752548,24.22168545356951,4.757112184648417,0.9393451422436929,
59,19.847020933977454,41.90150295222759,7.139023081052066,0.020128824476650563,3.1333870101986045,23.03408480944713,3.9855072463768115,0.9393451422436929,
60,20.142243692968332,41.680085882984436,7.085346215780999,0.020128824476650563,3.1199677938808374,22.758990874932906,3.9855072463768115,1.2077294685990339,
61,20.611916264090176,41.40499194847021,7.085346215780999,0.020128824476650563,3.1199677938808374,22.7187332259796,3.8311862587224907,1.2077294685990339,
62,20.665593129361245,41.35131508319914,7.085346215780999,0.020128824476650563,3.1199677938808374,22.7187332259796,3.8311862587224907,1.2077294685990339,
63,20.658883521202362,41.1634460547504,7.085346215780999,0.020128824476650563,3.3145464304884595,22.7187332259796,3.8311862587224907,1.2077294685990339,
64,21.121846484165324,41.0024154589372,7.071926999463232,0.020128824476650563,3.3145464304884595,22.430220075147613,3.8311862587224907,1.2077294685990339,
65,21.289586688137412,40.94202898550725,6.977992485238862,0.020128824476650563,3.3145464304884595,22.416800858829845,3.8311862587224907,1.2077294685990339,
66,21.651905528717123,40.84809447128288,7.118894256575416,0.020128824476650563,3.193773483628556,22.128287707997853,3.8311862587224907,1.2077294685990339,
67,21.598228663446054,38.55340848094471,10.534084809447128,0.020128824476650563,2.85829307568438,22.020933977455716,3.207192699946323,1.2077294685990339,
68,19.786634460547504,40.78770799785293,10.487117552334944,0.020128824476650563,2.831454643048846,21.69887278582931,3.180354267310789,1.2077294685990339,
69,19.712828770799785,40.64680622651637,10.487117552334944,0.020128824476650563,2.831454643048846,21.135265700483092,3.180354267310789,1.9860440150295222,
70,20.041599570585078,40.53945249597424,10.487117552334944,0.020128824476650563,2.831454643048846,21.068169618894256,3.026033279656468,1.9860440150295222,
71,16.75389157273215,42.69994632313473,10.46027911969941,0.798443370907139,3.2474503488996245,21.041331186258724,3.012614063338701,1.9860440150295222,
72,15.593129361245303,37.43961352657005,9.896672034353195,4.05931293612453,3.2474503488996245,24.456521739130434,3.321256038647343,1.9860440150295222,
73,15.4723564143854,35.07783145464305,9.822866344605474,3.4957058507783145,2.9924852388620504,24.18142780461621,6.971282877079979,1.9860440150295222,
74,14.949006977992486,35.05099302200752,8.353462157809984,3.4957058507783145,2.932098765432099,22.67176596886742,10.218733225979603,2.328234031132582,
75,14.761137949543746,32.8569511540526,8.319914117015566,4.314278046162104,2.4355877616747184,22.289318303811058,13.358829844337091,1.6639828234031133,
76,14.982555018786902,32.789855072463766,8.232689210950081,4.314278046162104,2.4355877616747184,21.900161030595815,13.358829844337091,1.9860440150295222,
77,15.11003757380569,32.71604938271605,8.232689210950081,4.280730005367687,2.4355877616747184,21.880032206119164,13.358829844337091,1.9860440150295222,
78,15.271068169618895,32.29334406870639,8.527911969940956,4.280730005367687,2.38191089640365,21.484165324745035,13.774825550187868,1.9860440150295222,
79,15.411969940955448,31.810252281266774,8.521202361782072,4.1532474503489,3.535963499731616,20.82662372517445,13.754696725711218,1.9860440150295222,
80,15.559581320450885,31.723027375201287,8.521202361782072,4.1532474503489,3.5292538915727323,20.79307568438003,13.734567901234568,1.9860440150295222,
81,15.794417606011809,31.608964036500268,8.467525496511003,4.1532474503489,3.5292538915727323,20.779656468062264,13.6808910359635,1.9860440150295222,
82,16.076221148684915,31.48148148148148,8.407139023081053,4.1532474503489,3.5292538915727323,20.71256038647343,13.654052603327965,1.9860440150295222,
83,16.337895866881375,31.36070853462158,8.387010198604402,4.1129898013955986,3.502415458937198,20.658883521202362,13.654052603327965,1.9860440150295222,
84,16.774020397208805,31.300322061191626,8.387010198604402,4.086151368760064,3.502415458937198,20.30998389694042,13.654052603327965,1.9860440150295222,
85,16.800858829844337,31.011808910359633,8.360171765968868,4.066022544283414,4.676596886741814,19.47799248523886,13.620504562533547,1.9860440150295222,
86,16.928341384863124,30.9447128287708,8.360171765968868,4.066022544283414,4.676596886741814,19.41760601180891,13.620504562533547,1.9860440150295222,
87,17.156468062265162,30.83064949006978,8.340042941492216,4.019055287171229,4.663177670424047,19.384057971014492,13.620504562533547,1.9860440150295222,
88,17.277241009125067,30.776972624798713,8.340042941492216,4.012345679012346,4.64975845410628,19.33709071390231,13.620504562533547,1.9860440150295222,
89,17.223564143854,30.64278046162104,8.340042941492216,4.012345679012346,4.64975845410628,19.57192699946323,13.573537305421363,1.9860440150295222,
90,17.270531400966185,30.475040257648953,8.340042941492216,4.180085882984434,4.64975845410628,19.53166935050993,13.573537305421363,1.9793344068706387,
91,17.56575415995706,30.35426731078905,8.3064949006978,4.810789049919484,4.804079441760601,18.739935587761675,13.439345142243694,1.9793344068706387,
92,17.673107890499196,30.314009661835748,8.272946859903382,4.810789049919484,4.804079441760601,18.739935587761675,13.43263553408481,1.9524959742351047,
93,18.075684380032207,30.152979066022546,8.272946859903382,4.770531400966184,4.804079441760601,18.5654857756307,13.405797101449275,1.9524959742351047,
94,17.042404723564143,28.33467525496511,7.769726247987117,4.750402576489533,5.9514224369296835,18.209876543209877,15.734031132581856,2.2074610842726785,
95,17.3040794417606,28.33467525496511,8.541331186258722,4.750402576489533,5.931293612453032,18.203166935050994,14.727589908749328,2.2074610842726785,
96,17.652979066022546,28.213902308105208,8.507783145464305,4.750402576489533,5.897745571658615,18.183038110574344,14.586688137412775,2.2074610842726785,
97,17.793880837359097,28.207192699946322,8.494363929146537,4.723564143853999,5.897745571658615,18.149490069779926,14.546430488459475,2.187332259796028,
98,17.753623188405797,27.958937198067634,8.494363929146537,4.723564143853999,6.179549114331723,17.384594739667204,14.506172839506172,2.999194847020934,
99,17.961621041331185,27.91867954911433,8.179012345679013,4.723564143853999,6.172839506172839,17.344337090713903,14.53972088030059,3.1602254428341383,
100,18.035426731078903,27.89855072463768,8.179012345679013,4.703435319377348,6.172839506172839,17.344337090713903,14.526301663982823,3.140096618357488,
101,18.397745571658614,27.80461621041331,8.145464304884594,5.01207729468599,5.743424584004294,17.3040794417606,14.465915190552872,3.126677402039721,
102,18.51851851851852,27.791196994095547,8.145464304884594,5.01207729468599,5.703166935050993,17.270531400966185,14.432367149758454,3.126677402039721,
103,18.739935587761675,27.556360708534623,8.145464304884594,5.01207729468599,5.770263016639828,17.24369296833065,14.40552871712292,3.126677402039721,
104,19.008319914117017,27.4020397208803,8.145464304884594,4.998658078368224,5.770263016639828,17.156468062265162,14.392109500805153,3.126677402039721,
105,19.223027375201287,27.36849168008588,8.011272141706923,4.998658078368224,5.770263016639828,17.14975845410628,14.351851851851851,3.126677402039721,
106,19.390767579173378,26.50966183574879,8.011272141706923,4.99194847020934,6.649221685453569,17.122920021470748,14.197530864197532,3.126677402039721,
107,19.632313472893184,26.462694578636608,8.011272141706923,4.99194847020934,6.649221685453569,17.03569511540526,14.110305958132045,3.1065485775630703,
108,19.80005367686527,26.42914653784219,8.011272141706923,4.99194847020934,6.649221685453569,17.03569511540526,13.976113794954374,3.1065485775630703,
109,19.994632313472895,26.27482555018787,8.011272141706923,4.978529253891573,6.622383252818035,17.03569511540526,13.976113794954374,3.1065485775630703,
110,20.041599570585078,26.268115942028984,8.011272141706923,4.978529253891573,6.595544820182502,17.022275899087493,13.976113794954374,3.1065485775630703,
111,18.947933440687063,23.013955984970476,7.977724100912507,4.978529253891573,6.400966183574879,18.06897477187332,17.505367686527105,3.1065485775630703,
112,19.216317767042405,22.96027911969941,7.937466451959206,4.9651100375738055,6.400966183574879,18.02200751476114,17.391304347826086,3.1065485775630703,
113,19.464573268921097,22.96027911969941,7.930756843800322,4.9651100375738055,6.380837359098229,17.941492216854535,17.2638217928073,3.0931293612453032,
114,19.73966720343532,22.758990874932906,8.152173913043478,4.74369296833065,6.360708534621578,17.921363392377884,17.23027375201288,3.0931293612453032,
115,19.826892109500804,22.745571658615138,8.152173913043478,4.74369296833065,6.347289318303811,17.881105743424584,17.223564143854,3.079710144927536,
116,19.98792270531401,22.73886205045625,8.125335480407944,4.851046698872786,6.260064412238325,17.860976918947934,17.09608158883521,3.079710144927536,
117,20.45088566827697,22.65163714439077,8.031400966183575,4.851046698872786,6.260064412238325,17.746913580246915,16.941760601180892,3.066290928609769,
118,20.699141170155663,22.624798711755233,7.997852925389157,4.810789049919484,6.260064412238325,17.67981749865808,16.861245303274288,3.066290928609769,
119,18.739935587761675,19.276704240472355,7.823403113258186,4.810789049919484,6.099033816425121,27.65029522275899,13.030059044551798,2.5697799248523885,
120,18.833870101986044,19.256575415995705,7.7898550724637685,4.810789049919484,6.078904991948471,27.65029522275899,13.009930220075148,2.5697799248523885,
121,19.122383252818036,19.03515834675255,7.7361782071927,4.810789049919484,6.078904991948471,27.65029522275899,12.99651100375738,2.5697799248523885,
122,19.316961889425656,19.00161030595813,7.682501341921632,4.810789049919484,6.072195383789587,27.563070316693505,12.983091787439614,2.5697799248523885,
123,19.444444444444443,18.968062265163713,7.682501341921632,4.810789049919484,6.072195383789587,27.51610305958132,12.93612453032743,2.5697799248523885,
124,19.598765432098766,18.907675791733762,7.682501341921632,4.810789049919484,6.052066559312936,27.51610305958132,12.86231884057971,2.5697799248523885,
125,20.055018786902846,18.853998926462694,7.6556629092860975,4.810789049919484,6.052066559312936,27.234299516908212,12.795222758990874,2.5429414922168547,
126,20.135534084809446,18.813741277509394,7.64224369296833,4.810789049919484,6.052066559312936,27.20746108427268,12.795222758990874,2.5429414922168547,
127,20.229468599033815,18.800322061191626,7.64224369296833,4.810789049919484,6.052066559312936,27.15378421900161,12.76838432635534,2.5429414922168547,
128,20.38378958668814,18.646001073537306,7.628824476650563,4.683306494900698,6.052066559312936,27.113526570048307,12.949543746645196,2.5429414922168547,
129,20.48443370907139,18.625872249060656,7.601986044015029,4.636339237788513,6.052066559312936,26.939076757917338,12.942834138486312,2.717391304347826,
130,20.605206655931294,18.625872249060656,7.601986044015029,4.636339237788513,6.052066559312936,26.8317230273752,12.929414922168545,2.717391304347826,
131,20.759527643585614,18.572195383789587,7.568438003220612,4.636339237788513,6.038647342995169,26.80488459473967,12.902576489533011,2.717391304347826,
132,20.90713902308105,18.531937734836287,7.541599570585078,4.636339237788513,6.038647342995169,26.80488459473967,12.835480407944177,2.703972088030059,
133,20.725979602791195,17.975040257648953,8.756038647342995,4.636339237788513,5.736714975845411,26.704240472356414,12.795222758990874,2.6704240472356413,
134,21.041331186258724,17.94820182501342,11.010466988727858,4.636339237788513,5.71658615136876,25.979602791196996,10.983628556092324,2.5161030595813205,0.16774020397208803
135,21.276167471819647,17.773752012882447,11.010466988727858,4.636339237788513,5.6964573268921095,25.939345142243692,10.983628556092324,2.5161030595813205,0.16774020397208803
136,21.34326355340848,17.773752012882447,11.003757380568974,4.636339237788513,5.6964573268921095,25.89237788513151,10.970209339774557,2.5161030595813205,0.16774020397208803
137,21.598228663446054,17.753623188405797,10.990338164251208,4.549114331723027,5.790391841116479,25.771604938271604,10.909822866344605,2.4691358024691357,0.16774020397208803
138,21.846484165324746,17.659688674181428,10.923242082662373,4.549114331723027,5.770263016639828,25.717928073000536,10.896403650026839,2.4691358024691357,0.16774020397208803
139,21.987385936661298,17.619431025228128,10.923242082662373,4.549114331723027,5.763553408480945,25.717928073000536,10.802469135802468,2.4691358024691357,0.16774020397208803
140,22.302737520128826,17.559044551798173,10.829307568438002,4.528985507246377,5.756843800322061,25.617283950617285,10.768921095008052,2.4691358024691357,0.16774020397208803
141,22.564412238325282,17.424852388620504,10.829307568438002,4.522275899087493,5.723295759527644,25.55018786902845,10.748792270531402,2.4691358024691357,0.16774020397208803
142,22.758990874932906,17.344337090713903,10.815888352120236,4.4820182501341925,5.703166935050993,25.51663982823403,10.742082662372518,2.4691358024691357,0.16774020397208803
143,22.61808910359635,17.28395061728395,11.372785829307569,4.4820182501341925,5.703166935050993,25.45625335480408,10.446859903381643,2.4691358024691357,0.16774020397208803
144,22.84621578099839,17.250402576489535,11.258722490606548,4.4820182501341925,5.703166935050993,25.40257648953301,10.420021470746109,2.4691358024691357,0.16774020397208803
145,22.63150831991412,17.223564143854,10.124798711755233,4.4820182501341925,5.193236714975845,25.32206119162641,12.385936661298981,2.4691358024691357,0.16774020397208803
146,22.65834675254965,17.082662372517444,10.399892646269459,4.4820182501341925,5.193236714975845,24.872517444981213,12.385936661298981,2.757648953301127,0.16774020397208803
147,23.040794417606012,16.948470209339774,10.399892646269459,4.42163177670424,5.132850241545894,24.798711755233494,12.332259796027913,2.757648953301127,0.16774020397208803
148,23.262211486849168,16.948470209339774,11.064143853998926,4.414922168545357,5.132850241545894,24.651100375738057,11.600912506709609,2.757648953301127,0.16774020397208803
149,23.14814814814815,16.935050993022006,10.82259796027912,4.408212560386473,8.333333333333334,22.624798711755233,11.023886205045626,2.6502952227589907,0.05367686527106817
150,23.51046698872786,16.847826086956523,10.802469135802468,4.394793344068707,8.145464304884594,22.591250670960815,11.003757380568974,2.6502952227589907,0.05367686527106817
151,23.738593666129898,16.72705314009662,10.802469135802468,4.394793344068707,8.111916264090176,22.550993022007514,10.970209339774557,2.6502952227589907,0.05367686527106817
152,23.879495437466453,16.680085882984432,10.802469135802468,4.394793344068707,8.071658615136876,22.52415458937198,10.943370907139023,2.6502952227589907,0.05367686527106817
153,24.154589371980677,16.525764895330113,10.802469135802468,4.394793344068707,7.96430488459474,22.510735373054214,10.943370907139023,2.6502952227589907,0.05367686527106817
154,24.342458400429415,16.451959205582394,10.782340311325818,4.361245303274289,7.950885668276973,22.477187332259795,10.929951690821255,2.6502952227589907,0.05367686527106817
155,23.97342995169082,15.767579173376275,11.211755233494364,4.341116478797638,7.950885668276973,22.477187332259795,11.721685453569512,2.5026838432635534,0.05367686527106817
156,24.020397208803004,15.747450348899624,11.252012882447666,4.341116478797638,7.950885668276973,22.443639291465377,11.688137412775093,2.5026838432635534,0.05367686527106817
157,24.342458400429415,15.673644659151906,11.137949543746645,4.341116478797638,7.950885668276973,22.309447128287708,11.688137412775093,2.5026838432635534,0.05367686527106817
158,24.590713902308106,15.626677402039721,11.05072463768116,4.341116478797638,7.944176060118089,22.24235104669887,11.647879763821793,2.5026838432635534,0.05367686527106817
159,25.10064412238325,15.526033279656469,11.023886205045626,4.206924315619967,7.776435856146001,22.18196457326892,11.627750939345143,2.5026838432635534,0.05367686527106817
160,25.15432098765432,15.5126140633387,10.997047772410092,4.206924315619967,7.776435856146001,22.168545356951153,11.627750939345143,2.5026838432635534,0.05367686527106817
161,25.315351583467525,15.277777777777779,10.997047772410092,4.072732152442297,8.07836822329576,22.168545356951153,11.533816425120772,2.5026838432635534,0.05367686527106817
162,25.489801395598498,15.26435856146001,10.943370907139023,4.05931293612453,8.064949006977992,22.148416532474503,11.473429951690822,2.5026838432635534,0.05367686527106817
163,25.791733762748255,15.237520128824476,10.84272678475577,4.05931293612453,8.024691358024691,22.10144927536232,11.386205045625335,2.5026838432635534,0.05367686527106817
164,25.825281803542673,15.237520128824476,10.829307568438002,4.05931293612453,8.024691358024691,22.08132045088567,11.386205045625335,2.5026838432635534,0.05367686527106817
165,24.46323134728932,15.049651100375739,10.393183038110575,4.193505099302201,7.286634460547504,21.77938808373591,14.278046162104133,2.5026838432635534,0.05367686527106817
166,24.671229200214707,15.042941492216855,10.36634460547504,4.146537842190016,7.286634460547504,21.752549651100377,14.17740203972088,2.5026838432635534,0.05367686527106817
167,24.859098228663445,14.99597423510467,10.339506172839506,4.086151368760064,7.286634460547504,21.604938271604937,14.163982823403114,2.61003757380569,0.05367686527106817
168,25.120772946859905,14.982555018786902,10.23215244229737,4.086151368760064,7.286634460547504,21.464036500268385,14.163982823403114,2.61003757380569,0.05367686527106817
169,25.10064412238325,14.861782071927,11.198336017176597,4.086151368760064,7.273215244229737,21.464036500268385,13.352120236178207,2.61003757380569,0.05367686527106817
170,25.348899624261943,14.660493827160494,11.151368760064413,4.05931293612453,7.239667203435319,21.329844337090712,13.56682769726248,2.589908749329039,0.05367686527106817
171,25.39586688137413,14.640365002683843,11.151368760064413,4.045893719806763,7.239667203435319,21.329844337090712,13.553408480944713,2.589908749329039,0.05367686527106817
172,25.489801395598498,14.640365002683843,11.151368760064413,4.045893719806763,7.930756843800322,20.632045088566827,13.519860440150294,2.536231884057971,0.05367686527106817
173,25.644122383252817,14.626945786366075,11.064143853998926,4.045893719806763,7.924047235641439,20.585077831454644,13.519860440150294,2.536231884057971,0.05367686527106817
174,25.697799248523886,14.626945786366075,11.064143853998926,4.045893719806763,7.924047235641439,20.544820182501343,13.519860440150294,2.522812667740204,0.05367686527106817
175,25.785024154589372,14.566559312936125,11.064143853998926,4.019055287171229,7.924047235641439,20.544820182501343,13.519860440150294,2.522812667740204,0.05367686527106817
176,25.959473966720342,14.49946323134729,11.399624261943103,4.019055287171229,7.883789586688137,20.21604938271605,13.18438003220612,2.7844873859366612,0.05367686527106817
177,26.08695652173913,14.492753623188406,11.473429951690822,4.019055287171229,7.87037037037037,20.115405260332796,13.117283950617283,2.771068169618894,0.05367686527106817
178,26.080246913580247,14.40552871712292,11.238593666129898,3.9855072463768115,8.82313472893183,19.524959742351047,13.117283950617283,2.771068169618894,0.05367686527106817
179,26.140633387010197,14.371980676328503,11.225174449812132,3.9855072463768115,8.809715512614064,19.524959742351047,13.117283950617283,2.771068169618894,0.05367686527106817
180,26.41572732152442,14.371980676328503,11.225174449812132,3.9855072463768115,8.789586688137414,19.290123456790123,13.097155126140633,2.771068169618894,0.05367686527106817
181,26.583467525496513,14.371980676328503,11.58749329039184,3.9855072463768115,8.749329039184111,19.290123456790123,12.627482555018787,2.7509393451422435,0.05367686527106817
182,26.798174986580783,14.371980676328503,11.480139559849706,4.166666666666667,8.662104133118627,19.14922168545357,12.627482555018787,2.703972088030059,0.040257648953301126
183,26.878690284487387,14.371980676328503,11.480139559849706,4.166666666666667,8.662104133118627,19.088835212023618,12.627482555018787,2.6838432635534084,0.040257648953301126
184,27.180622651637144,14.371980676328503,11.325818572195384,4.133118625872249,8.635265700483092,19.061996779388085,12.573805689747719,2.677133655394525,0.040257648953301126
185,27.26113794954375,14.371980676328503,11.292270531400966,4.126409017713366,8.635265700483092,19.061996779388085,12.533548040794418,2.677133655394525,0.040257648953301126
186,27.529522275899087,14.237788513150832,11.2788513150832,4.468599033816425,8.427267847557703,18.80703166935051,12.533548040794418,2.677133655394525,0.040257648953301126
187,27.63016639828234,14.224369296833064,11.258722490606548,4.468599033816425,8.427267847557703,18.739935587761675,12.533548040794418,2.677133655394525,0.040257648953301126
188,27.79790660225443,14.184111647879764,11.238593666129898,4.468599033816425,8.427267847557703,18.69296833064949,12.473161567364466,2.677133655394525,0.040257648953301126
189,27.717391304347824,13.16425120772947,11.20504562533548,4.012345679012346,8.259527643585615,18.49838969404187,14.42565754159957,2.677133655394525,0.040257648953301126
190,27.91867954911433,13.16425120772947,11.151368760064413,4.012345679012346,8.232689210950081,18.451422436929683,14.371980676328503,2.657004830917874,0.040257648953301126
191,28.348094471282877,13.16425120772947,10.88298443370907,4.012345679012346,8.225979602791197,18.4044551798175,14.264626945786366,2.657004830917874,0.040257648953301126
192,28.650026838432634,13.16425120772947,10.72866344605475,4.005636070853462,8.225979602791197,18.337359098228664,14.190821256038648,2.657004830917874,0.040257648953301126
193,28.938539989264626,13.130703166935051,10.50053676865271,3.992216854535695,8.225979602791197,18.337359098228664,14.190821256038648,2.6435856146001075,0.040257648953301126
194,29.126409017713364,13.110574342458401,10.48040794417606,3.992216854535695,8.152173913043478,18.276972624798713,14.17740203972088,2.6435856146001075,0.040257648953301126
195,29.21363392377885,13.110574342458401,10.44015029522276,3.992216854535695,8.152173913043478,18.276972624798713,14.130434782608695,2.6435856146001075,0.040257648953301126
196,29.56924315619968,13.097155126140633,10.265700483091788,3.9855072463768115,8.152173913043478,18.16290928609769,14.083467525496511,2.6435856146001075,0.040257648953301126
197,29.931561996779386,12.909286097691895,10.205314009661835,3.9720880300590444,8.272946859903382,18.12265163714439,13.90901771336554,2.636876006441224,0.040257648953301126
198,30.139559849704778,12.909286097691895,10.205314009661835,3.9720880300590444,8.21256038647343,18.04884594739667,13.83521202361782,2.636876006441224,0.040257648953301126
199,30.17981749865808,12.889157273215245,10.420021470746109,3.9586688137412773,8.21256038647343,18.04213633923779,13.620504562533547,2.636876006441224,0.040257648953301126
200,30.495169082125603,12.882447665056361,10.399892646269459,3.9452495974235107,8.199141170155663,17.793880837359097,13.620504562533547,2.623456790123457,0.040257648953301126
201,30.340848094471284,12.714707461084272,10.59447128287708,4.260601180891036,8.165593129361245,17.66639828234031,13.593666129898015,2.623456790123457,0.040257648953301126
202,30.555555555555557,12.667740203972087,10.57434245840043,4.260601180891036,8.165593129361245,17.579173376274827,13.533279656468062,2.623456790123457,0.040257648953301126
203,30.683038110574344,12.526838432635534,10.554213633923778,4.408212560386473,8.165593129361245,17.54562533548041,13.486312399355878,2.589908749329039,0.040257648953301126
204,30.743424584004295,12.513419216317766,10.554213633923778,4.408212560386473,8.152173913043478,17.51207729468599,13.318572195383789,2.589908749329039,0.20799785292538917
205,30.92458400429415,12.5,10.493827160493828,4.408212560386473,8.051529790660226,17.505367686527105,13.318572195383789,2.589908749329039,0.20799785292538917
206,30.97826086956522,12.426194310252281,10.607890499194847,4.408212560386473,8.051529790660226,17.444981213097154,13.285024154589372,2.589908749329039,0.20799785292538917
207,31.15271068169619,12.426194310252281,10.57434245840043,4.40150295222759,8.051529790660226,17.310789049919485,13.285024154589372,2.589908749329039,0.20799785292538917
208,31.28690284487386,12.338969404186795,10.560923242082662,4.40150295222759,8.051529790660226,17.310789049919485,13.285024154589372,2.589908749329039,0.17444981213097155
209,31.48148148148148,12.338969404186795,10.466988727858293,4.40150295222759,8.038110574342458,17.250402576489535,13.258185721953838,2.589908749329039,0.17444981213097155
210,31.57541599570585,12.332259796027913,10.466988727858293,4.3545356951154055,7.997852925389157,17.250402576489535,13.258185721953838,2.589908749329039,0.17444981213097155
211,31.93102522812668,12.278582930756844,10.520665593129362,4.3545356951154055,7.917337627482555,17.042404723564143,13.231347289318304,2.5496511003757383,0.17444981213097155
212,32.07192699946323,12.265163714439076,10.50053676865271,4.3545356951154055,7.890499194847021,17.008856682769725,13.18438003220612,2.5496511003757383,0.17444981213097155
213,32.2061191626409,12.204777241009126,10.487117552334944,4.3545356951154055,7.863660762211487,17.008856682769725,13.150831991411701,2.5496511003757383,0.17444981213097155
214,31.816961889425656,11.721685453569512,10.433440687063875,4.3545356951154055,7.85024154589372,18.055555555555557,13.043478260869565,2.5496511003757383,0.17444981213097155
215,32.17257112184648,11.681427804616211,10.38647342995169,4.3545356951154055,7.749597423510467,17.98845947396672,12.942834138486312,2.5496511003757383,0.17444981213097155
216,32.360440150295226,11.614331723027375,10.292538915727322,4.3545356951154055,7.749597423510467,17.98845947396672,12.915995705850777,2.5496511003757383,0.17444981213097155
217,32.52147074610843,11.553945249597424,10.245571658615138,4.341116478797638,7.863660762211487,17.894524959742352,12.895866881374127,2.509393451422437,0.17444981213097155
218,32.56172839506173,11.500268384326356,10.21202361782072,4.341116478797638,7.863660762211487,17.834138486312398,13.063607085346217,2.4490069779924855,0.17444981213097155
219,32.7361782071927,11.473429951690822,10.21202361782072,4.320987654320987,7.856951154052603,17.793880837359097,12.983091787439614,2.4490069779924855,0.17444981213097155
220,32.82340311325819,11.446591519055287,10.198604401502953,4.320987654320987,7.856951154052603,17.753623188405797,12.97638217928073,2.4490069779924855,0.17444981213097155
221,33.051529790660226,11.419753086419753,10.198604401502953,4.314278046162104,7.816693505099302,17.62614063338701,12.97638217928073,2.4221685453569513,0.17444981213097155
222,33.07836822329576,11.406333870101985,10.198604401502953,4.314278046162104,7.816693505099302,17.612721417069242,12.97638217928073,2.4221685453569513,0.17444981213097155
223,33.28636607622115,11.406333870101985,10.151637144390767,4.280730005367687,7.816693505099302,17.56575415995706,12.895866881374127,2.4221685453569513,0.17444981213097155
224,33.47423510466989,11.406333870101985,10.144927536231885,4.280730005367687,7.763016639828234,17.465110037573805,12.875738056897477,2.4154589371980677,0.17444981213097155
225,33.61513687600644,11.406333870101985,10.144927536231885,4.280730005367687,7.722758990874933,17.391304347826086,12.848899624261943,2.4154589371980677,0.17444981213097155
226,33.621846484165324,11.399624261943103,10.144927536231885,4.28743961352657,7.722758990874933,17.384594739667204,12.848899624261943,2.4154589371980677,0.17444981213097155
227,33.782877079978526,11.399624261943103,10.11808910359635,4.28743961352657,7.648953301127214,17.384594739667204,12.788513150831992,2.4154589371980677,0.17444981213097155
228,34.07139023081052,11.379495437466453,10.091250670960816,4.240472356414386,7.568438003220612,17.351046698872786,12.788513150831992,2.3349436392914655,0.17444981213097155
229,34.18545356951154,11.352657004830919,10.091250670960816,4.240472356414386,7.5348899624261945,17.337627482555018,12.775093934514224,2.3081052066559313,0.17444981213097155
230,34.39345142243693,11.33923778851315,9.977187332259795,4.213633923778851,7.501341921631776,17.337627482555018,12.754965110037574,2.3081052066559313,0.17444981213097155
231,34.48067632850242,11.33923778851315,9.930220075147611,4.213633923778851,7.481213097155126,17.337627482555018,12.734836285560924,2.3081052066559313,0.17444981213097155
232,34.56119162640902,11.29898013955985,9.91009125067096,4.213633923778851,7.481213097155126,17.317498658078367,12.734836285560924,2.3081052066559313,0.17444981213097155
233,34.628287707997856,11.29898013955985,9.876543209876543,4.213633923778851,7.481213097155126,17.28395061728395,12.734836285560924,2.3081052066559313,0.17444981213097155
234,34.60144927536232,11.265432098765432,9.856414385399892,4.394793344068707,7.481213097155126,17.21014492753623,12.70799785292539,2.3081052066559313,0.17444981213097155
235,34.68867418142781,11.265432098765432,9.816156736446592,4.394793344068707,7.474503488996243,17.183306494900698,12.694578636607622,2.3081052066559313,0.17444981213097155
236,34.80944712828771,11.265432098765432,9.796027911969942,4.555823939881911,7.447665056360709,17.183306494900698,12.546967257112184,2.2208803005904456,0.17444981213097155
237,34.86983360171766,11.231884057971014,9.796027911969942,4.53569511540526,7.447665056360709,17.176596886741816,12.546967257112184,2.2208803005904456,0.17444981213097155
238,34.916800858829845,11.131239935587761,10.104669887278583,4.53569511540526,7.434245840042942,17.14975845410628,12.332259796027913,2.2208803005904456,0.17444981213097155
239,35.01073537305421,11.131239935587761,10.104669887278583,4.51556629092861,7.407407407407407,17.136339237788512,12.298711755233494,2.2208803005904456,0.17444981213097155
240,35.158346752549654,11.131239935587761,10.104669887278583,4.51556629092861,7.407407407407407,17.102791196994094,12.198067632850242,2.2074610842726785,0.17444981213097155
241,35.245571658615134,11.09098228663446,10.104669887278583,4.51556629092861,7.407407407407407,17.05582393988191,12.198067632850242,2.2074610842726785,0.17444981213097155
242,35.29253891572732,11.09098228663446,10.084541062801932,4.51556629092861,7.407407407407407,17.028985507246375,12.198067632850242,2.2074610842726785,0.17444981213097155
243,35.48040794417606,11.09098228663446,10.084541062801932,4.455179817498658,7.380568974771873,16.948470209339774,12.198067632850242,2.187332259796028,0.17444981213097155
244,35.52066559312936,11.09098228663446,10.057702630166398,4.455179817498658,7.380568974771873,16.935050993022006,12.198067632850242,2.187332259796028,0.17444981213097155
245,35.02415458937198,11.057434245840042,9.77589908749329,4.274020397208803,7.071926999463232,18.4849704777241,11.949812130971551,2.187332259796028,0.17444981213097155
246,35.16505636070853,11.037305421363392,9.769189479334408,4.26731078904992,7.065217391304348,18.45813204508857,11.876006441223833,2.187332259796028,0.17444981213097155
247,35.265700483091784,11.037305421363392,9.769189479334408,4.26731078904992,7.065217391304348,18.411164787976382,11.822329575952764,2.187332259796028,0.17444981213097155
248,35.27241009125067,11.037305421363392,9.762479871175524,4.26731078904992,7.206119162640902,18.270263016639827,11.822329575952764,2.187332259796028,0.17444981213097155
249,35.29253891572732,11.077563070316694,9.762479871175524,4.260601180891036,7.199409554482019,18.250134192163177,11.822329575952764,2.1604938271604937,0.17444981213097155
250,35.53408480944713,11.07085346215781,9.722222222222221,4.233762748255502,7.192699946323135,18.21658615136876,11.788781535158346,2.086688137412775,0.15432098765432098
251,35.621309715512616,11.07085346215781,9.708803005904455,4.2270531400966185,7.1658615136876005,18.21658615136876,11.75523349436393,2.086688137412775,0.14761137949543746
252,35.768921095008054,11.064143853998926,9.64170692431562,4.2270531400966185,7.1658615136876005,18.209876543209877,11.688137412775093,2.086688137412775,0.14761137949543746
253,36.111111111111114,10.93666129898014,9.614868491680086,4.2270531400966185,7.1658615136876005,18.189747718733226,11.520397208803006,2.086688137412775,0.14761137949543746
254,36.41975308641975,10.782340311325818,9.614868491680086,4.213633923778851,7.132313472893183,18.14278046162104,11.520397208803006,2.0263016639828235,0.14761137949543746
255,36.65458937198068,10.735373054213634,9.601449275362318,4.086151368760064,7.132313472893183,18.10252281266774,11.513687600644122,2.0263016639828235,0.14761137949543746
256,36.72168545356951,10.735373054213634,9.601449275362318,4.086151368760064,7.065217391304348,18.10252281266774,11.513687600644122,2.0263016639828235,0.14761137949543746
257,36.73510466988728,10.735373054213634,9.440418679549115,4.086151368760064,7.065217391304348,18.10252281266774,11.66129898013956,2.0263016639828235,0.14761137949543746
258,36.81561996779388,10.735373054213634,9.440418679549115,4.079441760601181,7.051798174986581,18.08239398819109,11.654589371980677,1.9927536231884058,0.14761137949543746
