,45,50,55,51,52,53,54,56,58,57,60,61,59,62,65,64,63
0,96.4170692431562,3.5829307568438002,,,,,,,,,,,,,,,
1,96.32984433709072,3.670155662909286,,,,,,,,,,,,,,,
2,84.29951690821257,15.70048309178744,,,,,,,,,,,,,,,
3,61.08427267847558,38.89559849704777,0.020128824476650563,,,,,,,,,,,,,,
4,61.05072463768116,38.86205045625336,0.08722490606548577,,,,,,,,,,,,,,
5,59.936929683306495,34.064680622651636,0.19457863660762212,5.783682232957595,0.020128824476650563,,,,,,,,,,,,
6,59.86312399355877,34.13848631239936,0.19457863660762212,5.783682232957595,0.020128824476650563,,,,,,,,,,,,
7,59.86312399355877,32.085346215781,2.24771873322598,5.783682232957595,0.020128824476650563,,,,,,,,,,,,
8,59.655126140633385,32.07192699946323,2.5161030595813205,5.736714975845411,0.020128824476650563,,,,,,,,,,,,
9,51.48282340311326,30.139559849704778,2.462426194310252,13.593666129898015,2.3215244229736984,,,,,,,,,,,,
10,48.960010735373054,33.70907139023081,1.3821792807300053,12.855609232420827,3.0931293612453032,,,,,,,,,,,,
11,48.90633387010199,33.62855609232421,1.5163714439076759,12.855609232420827,3.0931293612453032,,,,,,,,,,,,
12,46.3768115942029,33.41384863123994,1.4559849704777241,13.955984970477724,0.9192163177670424,3.569511540526033,0.2885131508319914,0.013419216317767043,0.0067096081588835215,,,,,,,,
13,46.10842726784756,31.635802469135804,0.9594739667203436,16.451959205582394,0.9192163177670424,3.569511540526033,0.2885131508319914,0.06038647342995169,0.0067096081588835215,,,,,,,,
14,39.21765968867418,31.629092860976918,1.1003757380568975,22.86634460547504,0.8990874932903918,3.556092324208266,0.5233494363929146,0.15432098765432098,0.0067096081588835215,0.020128824476650563,0.026838432635534086,,,,,,
15,37.36580783682233,27.26113794954375,1.1607622114868492,28.958668813741276,0.8990874932903918,3.455448201825013,0.6776704240472357,0.16774020397208803,0.0067096081588835215,0.020128824476650563,0.026838432635534086,,,,,,
16,37.19806763285024,26.38888888888889,1.1943102522812667,31.93102522812668,0.49651100375738055,2.4892646269457863,0.15432098765432098,0.11406333870101985,0.0067096081588835215,,0.026838432635534086,,,,,,
17,34.916800858829845,24.376006441223833,1.1406333870101986,38.378958668813745,0.49651100375738055,0.2885131508319914,0.15432098765432098,0.2147074610842727,0.0067096081588835215,,0.026838432635534086,,,,,,
18,34.86312399355877,23.68491680085883,0.966183574879227,35.98362855609233,3.7573805689747717,0.2885131508319914,0.17444981213097155,0.24825550187869028,0.0067096081588835215,0.026838432635534086,,,,,,,
19,27.905260332796566,27.677133655394524,0.8387010198604401,38.727858293075684,3.730542136339238,0.27509393451422437,0.49651100375738055,0.27509393451422437,0.020128824476650563,0.05367686527106817,,,,,,,
20,23.21524422973698,22.128287707997853,0.5904455179817498,49.241814278046164,3.730542136339238,0.4227053140096618,0.3488996242619431,0.24825550187869028,0.020128824476650563,0.05367686527106817,,,,,,,
21,23.060923242082662,22.25577026301664,0.6172839506172839,49.18142780461621,3.730542136339238,0.4227053140096618,0.3488996242619431,0.30864197530864196,0.020128824476650563,0.05367686527106817,,,,,,,
22,22.920021470746107,22.396672034353195,0.8789586688137413,48.8593666129898,3.730542136339238,0.4227053140096618,0.3488996242619431,0.36902844873859364,0.020128824476650563,0.05367686527106817,,,,,,,
23,21.054750402576488,22.32957595276436,0.95276435856146,50.536768652710684,3.730542136339238,0.4227053140096618,0.3488996242619431,0.5501878690284487,0.020128824476650563,0.05367686527106817,,,,,,,
24,18.337359098228664,18.67283950617284,0.8387010198604401,57.407407407407405,3.2541599570585076,0.4227053140096618,0.3488996242619431,0.644122383252818,0.020128824476650563,0.05367686527106817,,,,,,,
25,18.283682232957595,18.411164787976382,0.8252818035426731,57.39398819108964,3.2541599570585076,0.4227053140096618,0.3488996242619431,0.9863123993558777,0.020128824476650563,0.05367686527106817,,,,,,,
26,14.31159420289855,8.581588835212024,0.47638217928073,72.59125067096082,2.341653247450349,0.30864197530864196,0.322061191626409,0.9930220075147611,0.020128824476650563,0.05367686527106817,,,,,,,
27,14.31159420289855,8.581588835212024,0.47638217928073,72.54428341384863,2.341653247450349,0.30864197530864196,0.322061191626409,1.0399892646269457,0.020128824476650563,0.05367686527106817,,,,,,,
28,13.969404186795492,8.380300590445518,0.6709608158883521,72.60466988727859,2.341653247450349,0.30864197530864196,0.322061191626409,1.3150831991411702,0.020128824476650563,0.06709608158883522,,,,,,,
29,13.969404186795492,8.380300590445518,0.6709608158883521,72.53757380568975,2.341653247450349,0.30864197530864196,0.322061191626409,1.3821792807300053,0.020128824476650563,0.06709608158883522,,,,,,,
30,10.869565217391305,7.5281803542673105,0.6776704240472357,68.00858829844337,7.87037037037037,4.052603327965647,0.013419216317767043,0.9125067096081588,,0.06709608158883522,,,,,,,
31,10.869565217391305,7.4006977992485234,0.8588298443370908,66.88137412775095,7.87037037037037,4.052603327965647,0.013419216317767043,1.9860440150295222,,0.06709608158883522,,,,,,,
32,10.869565217391305,7.380568974771873,0.8789586688137413,65.98899624261944,7.494632313472893,4.03918411164788,1.4559849704777241,1.7981749865807837,0.013419216317767043,0.08051529790660225,,,,,,,
33,10.869565217391305,7.333601717659689,0.9259259259259259,65.8346752549651,7.494632313472893,4.03918411164788,1.4559849704777241,1.9524959742351047,0.013419216317767043,0.08051529790660225,,,,,,,
34,8.997584541062801,29.51556629092861,0.6776704240472357,45.551529790660226,6.488191089640365,7.313472893183038,0.5703166935050993,0.8185721953837896,0.013419216317767043,0.05367686527106817,,,,,,,
35,8.997584541062801,29.455179817498657,0.7380568974771873,45.511272141706925,6.488191089640365,7.313472893183038,0.5703166935050993,0.8588298443370908,0.013419216317767043,0.05367686527106817,,,,,,,
36,8.997584541062801,29.401502952227588,0.7917337627482555,45.4777241009125,6.488191089640365,7.313472893183038,0.5703166935050993,0.8923778851315083,0.013419216317767043,0.05367686527106817,,,,,,,
37,8.977455716586151,29.260601180891037,0.8856682769726248,45.44417606011809,6.488191089640365,7.380568974771873,0.5703166935050993,0.9259259259259259,0.013419216317767043,0.05367686527106817,,,,,,,
38,8.930488459473967,29.1935050993022,0.9326355340848095,45.46430488459474,6.488191089640365,7.380568974771873,0.5703166935050993,0.9728931830381106,0.013419216317767043,0.05367686527106817,,,,,,,
39,8.601717659688674,27.85829307568438,2.314814814814815,45.04159957058508,5.495169082125604,7.380568974771873,2.214170692431562,1.0131508319914118,0.013419216317767043,0.06709608158883522,,,,,,,
40,8.487654320987655,27.75764895330113,2.2208803005904456,51.81830381105743,1.7579173376274826,6.723027375201288,0.5568974771873323,0.6172839506172839,0.0067096081588835215,0.05367686527106817,,,,,,,
41,6.904186795491143,24.436392914653783,2.167203435319377,56.94444444444444,1.7579173376274826,6.622383252818035,0.5568974771873323,0.5501878690284487,0.0067096081588835215,0.05367686527106817,,,,,,,
42,6.904186795491143,22.463768115942027,2.1604938271604937,60.7487922705314,1.7579173376274826,5.320719269994632,0.020128824476650563,0.5703166935050993,,0.05367686527106817,,,,,,,
43,6.89747718733226,22.450348899624263,2.1604938271604937,57.32018250134192,5.045625335480408,5.320719269994632,0.03354804079441761,0.7179280730005367,,0.05367686527106817,,,,,,,
44,6.89747718733226,22.450348899624263,2.1604938271604937,58.984165324745035,3.3950617283950617,5.320719269994632,0.03354804079441761,0.7179280730005367,,0.040257648953301126,,,,,,,
45,6.870638754696726,22.450348899624263,2.187332259796028,58.87010198604401,3.3816425120772946,5.260332796564681,0.03354804079441761,0.8118625872249061,0.040257648953301126,0.0939345142243693,,,,,,,
46,6.870638754696726,21.215780998389693,3.4420289855072466,58.77616747181965,3.3816425120772946,5.260332796564681,0.03354804079441761,0.8856682769726248,0.040257648953301126,0.0939345142243693,,,,,,,
47,6.870638754696726,21.14868491680086,3.475577026301664,58.762748255501876,3.3816425120772946,5.260332796564681,0.03354804079441761,0.8990874932903918,0.040257648953301126,0.0939345142243693,,0.03354804079441761,,,,,
48,6.870638754696726,21.121846484165324,3.502415458937198,58.74932903918411,3.3816425120772946,5.233494363929147,0.03354804079441761,0.9125067096081588,0.06709608158883522,0.0939345142243693,,0.03354804079441761,,,,,
49,6.870638754696726,21.121846484165324,3.515834675254965,58.7157809983897,3.3816425120772946,5.213365539452496,0.040257648953301126,0.9259259259259259,0.08722490606548577,0.0939345142243693,,0.03354804079441761,,,,,
50,6.857219538378959,21.108427267847556,3.488996242619431,58.55475040257649,3.3816425120772946,5.213365539452496,0.040257648953301126,1.0869565217391304,0.08722490606548577,0.12077294685990338,,0.06038647342995169,,,,,
51,6.857219538378959,16.566022544283413,2.200751476113795,58.47423510466989,9.272678475577026,5.193236714975845,0.040257648953301126,1.1674718196457328,0.10735373054213634,0.12077294685990338,,,,,,,
52,6.575415995705851,16.485507246376812,2.2611379495437465,58.87010198604401,9.272678475577026,5.193236714975845,0.040257648953301126,1.0735373054213635,0.10735373054213634,0.12077294685990338,,,,,,,
53,6.575415995705851,16.485507246376812,2.2611379495437465,58.756038647343,9.25925925925926,5.193236714975845,0.040257648953301126,1.1876006441223832,0.10735373054213634,0.13419216317767044,,,,,,,
54,6.568706387546968,16.458668813741276,2.3752012882447664,58.56816961889426,9.232420826623725,5.0791733762748255,0.06709608158883522,1.3821792807300053,0.10735373054213634,0.1610305958132045,,,,,,,
55,6.528448738593666,16.438539989264626,2.3886205045625335,57.306763285024154,9.118357487922705,6.280193236714976,0.06709608158883522,1.4895330112721417,0.10735373054213634,0.27509393451422437,,,,,,,
56,6.528448738593666,16.404991948470208,2.4221685453569513,57.30005367686527,9.118357487922705,6.280193236714976,0.06709608158883522,1.4962426194310252,0.10735373054213634,0.27509393451422437,,,,,,,
57,6.528448738593666,16.344605475040257,2.4691358024691357,57.23966720343532,9.118357487922705,6.260064412238325,0.06709608158883522,1.556629092860977,0.10735373054213634,0.30864197530864196,,,,,,,
58,6.474771873322598,16.35131508319914,2.49597423510467,57.340311325818575,9.118357487922705,6.260064412238325,0.06709608158883522,1.4761137949543746,0.10735373054213634,0.30864197530864196,,,,,,,
59,6.474771873322598,16.344605475040257,2.5026838432635534,57.22624798711755,9.118357487922705,6.239935587761675,0.06709608158883522,1.5901771336553945,0.1274825550187869,0.30864197530864196,,,,,,,
60,6.474771873322598,16.129898013955984,2.717391304347826,56.24664519592056,9.118357487922705,6.1862587224906065,0.06709608158883522,2.623456790123457,0.1274825550187869,0.30864197530864196,,,,,,,
61,6.474771873322598,16.10305958132045,2.7442297369833604,56.03193773483628,9.091519055287172,6.125872249060655,0.06709608158883522,2.791196994095545,0.1274825550187869,0.4428341384863124,,,,,,,
62,6.468062265163715,16.049382716049383,2.7979066022544283,55.99838969404187,9.064680622651638,6.119162640901771,0.12077294685990338,2.7643585614600106,0.1274825550187869,0.48980139559849706,,,,,,,
63,6.468062265163715,16.009125067096083,2.818035426731079,55.9447128287708,9.064680622651638,6.119162640901771,0.13419216317767044,2.8247450348899625,0.1274825550187869,0.48980139559849706,,,,,,,
64,6.4412238325281805,16.035963499731615,2.818035426731079,55.91787439613527,9.064680622651638,6.092324208266238,0.13419216317767044,2.8515834675254963,0.15432098765432098,0.48980139559849706,,,,,,,
65,6.4412238325281805,15.827965646806227,3.026033279656468,54.146537842190014,8.172302737520129,8.789586688137414,0.13419216317767044,2.871712292002147,0.15432098765432098,0.43612453032742887,,,,,,,
66,6.4412238325281805,15.827965646806227,3.026033279656468,53.958668813741276,8.044820182501342,8.776167471819646,0.13419216317767044,3.0327428878153517,0.16774020397208803,0.5636070853462157,,0.026838432635534086,,,,,
67,6.4412238325281805,15.787707997852925,3.052871712292002,53.76409017713365,7.997852925389157,8.675523349436393,0.13419216317767044,3.046162104133119,0.2214170692431562,0.8387010198604401,,0.040257648953301126,,,,,
68,6.4412238325281805,15.479066022544284,3.026033279656468,53.68357487922705,8.319914117015566,8.675523349436393,0.13419216317767044,3.113258185721954,0.2147074610842727,0.8722490606548577,,0.040257648953301126,,,,,
69,6.414385399892646,15.445517981749866,3.0931293612453032,53.656736446591516,8.219269994632313,8.648684916800859,0.13419216317767044,3.1333870101986045,0.24154589371980675,0.95276435856146,,0.06038647342995169,,,,,
70,6.414385399892646,15.445517981749866,3.0931293612453032,53.455448201825014,8.219269994632313,8.467525496511003,0.13419216317767044,3.2004830917874396,0.24154589371980675,1.2144390767579174,,0.06038647342995169,0.05367686527106817,,,,
71,6.414385399892646,15.344873859366613,3.1736446591519054,50.80515297906602,8.031400966183575,11.33923778851315,0.15432098765432098,3.0595813204508855,0.3153515834675255,1.2077294685990339,,0.06038647342995169,0.0939345142243693,,,,
72,6.112453032742888,15.344873859366613,3.1736446591519054,50.5300590445518,8.501073537305421,11.332528180354267,0.15432098765432098,3.1602254428341383,0.3153515834675255,1.221148684916801,,0.06038647342995169,0.0939345142243693,,,,
73,6.112453032742888,15.344873859366613,3.1736446591519054,50.42270531400966,8.501073537305421,11.245303274288782,0.15432098765432098,3.2675791733762747,0.4025764895330113,1.221148684916801,,0.06038647342995169,0.0939345142243693,,,,
74,6.112453032742888,15.291196994095545,3.2541599570585076,50.34219001610306,8.501073537305421,11.231884057971014,0.15432098765432098,3.307836822329576,0.4025764895330113,1.247987117552335,,0.06038647342995169,0.0939345142243693,,,,
75,5.629361245303274,15.633387010198604,3.408480944712829,49.986580783682236,8.487654320987655,11.231884057971014,0.15432098765432098,3.6634460547504024,0.4025764895330113,1.247987117552335,,0.06038647342995169,0.0939345142243693,,,,
76,5.629361245303274,15.593129361245303,3.44873859366613,49.77858293075684,8.474235104669887,11.16478797638218,0.15432098765432098,3.8714439076757916,0.4294149221685454,1.261406333870102,,0.06038647342995169,0.13419216317767044,,,,
77,2.6301663982823404,13.251476113794954,3.3145464304884595,56.64922168545357,7.461084272678476,11.124530327428879,0.14761137949543746,3.5225442834138487,0.4428341384863124,1.261406333870102,,0.06038647342995169,0.13419216317767044,,,,
78,2.6033279656468062,13.117283950617283,3.589640365002684,56.474771873322595,7.461084272678476,11.057434245840042,0.14761137949543746,3.6500268384326353,0.4428341384863124,1.261406333870102,,0.06038647342995169,0.13419216317767044,,,,
79,2.6033279656468062,13.117283950617283,3.589640365002684,56.26006441223833,7.4208266237251745,11.057434245840042,0.14761137949543746,3.864734299516908,0.4294149221685454,1.3016639828234031,,0.06038647342995169,0.14761137949543746,,,,
80,2.6033279656468062,13.103864734299517,3.603059581320451,55.77026301663983,7.4208266237251745,11.030595813204508,0.14090177133655393,4.361245303274289,0.4294149221685454,1.3016639828234031,,0.06038647342995169,0.17444981213097155,,,,
81,2.046430488459474,12.942834138486312,3.5963499731615673,56.977992485238865,7.407407407407407,10.950080515297907,0.12077294685990338,3.9720880300590444,0.4294149221685454,1.3150831991411702,,0.06038647342995169,0.18115942028985507,,,,
82,2.046430488459474,12.942834138486312,3.5963499731615673,56.91760601180891,7.407407407407407,10.976918947933441,0.12077294685990338,4.005636070853462,0.4294149221685454,1.3150831991411702,,0.06038647342995169,0.18115942028985507,,,,
83,2.046430488459474,12.835480407944177,3.7037037037037037,56.89747718733226,7.407407407407407,10.869565217391305,0.12077294685990338,4.025764895330113,0.5367686527106817,1.3150831991411702,,0.06038647342995169,0.18115942028985507,,,,
84,1.9994632313472893,12.855609232420827,3.824476650563607,56.756575415995705,7.407407407407407,10.869565217391305,0.12077294685990338,4.072732152442297,0.5367686527106817,1.3150831991411702,,0.06038647342995169,0.18115942028985507,,,,
85,0.30193236714975846,32.68250134192163,2.844873859366613,43.33735909822866,6.172839506172839,8.890230810520666,0.10735373054213634,4.200214707461084,0.2281266774020397,1.0064412238325282,,0.06038647342995169,0.16774020397208803,,,,
86,0.30193236714975846,30.656199677938808,5.0858829844337095,43.08910359634997,6.125872249060655,8.890230810520666,0.10735373054213634,4.233762748255502,0.2281266774020397,0.9863123993558777,0.06709608158883522,0.06038647342995169,0.16774020397208803,,,,
87,0.30193236714975846,23.57085346215781,4.49543746645196,42.7938808373591,14.083467525496511,8.816425120772946,0.08051529790660225,4.240472356414386,0.30193236714975846,1.0198604401502953,0.06709608158883522,0.06038647342995169,0.16774020397208803,,,,
88,0.30193236714975846,23.282340311325818,4.51556629092861,41.6532474503489,14.083467525496511,8.749329039184111,1.6706924315619969,4.193505099302201,0.2885131508319914,0.966183574879227,0.06709608158883522,0.06038647342995169,0.16774020397208803,,,,
89,0.30193236714975846,23.242082662372518,4.555823939881911,41.6532474503489,14.083467525496511,8.749329039184111,1.6706924315619969,4.193505099302201,0.2885131508319914,0.966183574879227,0.06709608158883522,0.06038647342995169,0.16774020397208803,,,,
90,0.30193236714975846,23.121309715512613,4.663177670424047,41.646537842190014,14.049919484702093,8.749329039184111,1.6706924315619969,4.200214707461084,0.32877079978529256,0.9728931830381106,0.06709608158883522,0.06038647342995169,0.16774020397208803,,,,
91,0.30193236714975846,23.121309715512613,4.663177670424047,41.57944176060118,14.049919484702093,8.709071390230811,1.6706924315619969,4.233762748255502,0.32877079978529256,1.0466988727858293,0.06709608158883522,0.06038647342995169,0.16774020397208803,,,,
92,0.30193236714975846,23.10789049919485,4.676596886741814,41.55260332796565,14.049919484702093,8.648684916800859,1.6706924315619969,4.334406870638754,0.32877079978529256,1.0332796564680622,0.06709608158883522,0.06038647342995169,0.16774020397208803,,,,
93,0.30193236714975846,23.10789049919485,4.676596886741814,41.458668813741276,14.036500268384327,8.648684916800859,1.6706924315619969,4.428341384863124,0.32877079978529256,1.0466988727858293,0.06709608158883522,0.06038647342995169,0.16774020397208803,,,,
94,0.30193236714975846,23.03408480944713,4.683306494900698,40.98899624261943,13.962694578636608,8.541331186258722,1.6706924315619969,5.119431025228127,0.32877079978529256,1.0466988727858293,0.06709608158883522,0.06038647342995169,0.19457863660762212,,,,
95,0.30193236714975846,19.07541599570585,4.508856682769726,35.28582930756844,13.955984970477724,19.243156199677937,1.6706924315619969,4.502147074610843,0.30193236714975846,0.8521202361782072,0.06709608158883522,0.040257648953301126,0.19457863660762212,,,,
96,0.30193236714975846,19.07541599570585,4.49543746645196,35.25228126677402,13.942565754159958,19.243156199677937,1.6706924315619969,4.53569511540526,0.30193236714975846,0.8655394524959742,0.08051529790660225,0.040257648953301126,0.19457863660762212,,,,
97,0.30193236714975846,19.068706387546968,4.49543746645196,35.07112184648417,13.92914653784219,19.196188942565755,1.6706924315619969,4.736983360171766,0.33548040794417605,0.8655394524959742,0.08051529790660225,0.040257648953301126,0.20799785292538917,,,,
98,0.30193236714975846,19.068706387546968,4.49543746645196,34.88325281803543,13.79495437466452,19.108964036500268,1.9659151905528718,4.730273752012883,0.38915727321524424,0.9326355340848095,0.08051529790660225,0.040257648953301126,0.20799785292538917,,,,
99,0.30193236714975846,19.0552871712292,4.64975845410628,34.70209339774557,13.741277509393452,19.0955448201825,1.9659151905528718,4.770531400966184,0.4025764895330113,0.9863123993558777,0.08051529790660225,0.040257648953301126,0.20799785292538917,,,,
100,0.30193236714975846,19.0150295222759,5.877616747181965,34.675254965110035,13.714439076757918,17.881105743424584,1.9659151905528718,4.797369833601718,0.4025764895330113,1.0131508319914118,0.08051529790660225,0.06709608158883522,0.20799785292538917,,,,
101,0.30193236714975846,19.0150295222759,5.911164787976382,34.648416532474506,13.707729468599034,17.820719269994633,1.9256575415995705,4.824208266237251,0.4025764895330113,1.0399892646269457,0.08051529790660225,0.06709608158883522,0.2549651100375738,,,,
102,0.30193236714975846,19.0150295222759,5.938003220611916,34.58803005904455,13.654052603327965,17.820719269994633,1.9256575415995705,4.85775630703167,0.4025764895330113,1.093666129898014,0.08051529790660225,0.06709608158883522,0.2549651100375738,,,,
103,0.30193236714975846,18.98148148148148,5.971551261406334,34.52093397745572,13.6406333870102,17.820719269994633,1.9256575415995705,4.891304347826087,0.4025764895330113,1.1406333870101986,0.08051529790660225,0.06709608158883522,0.2549651100375738,,,,
104,0.30193236714975846,18.914385399892645,6.025228126677402,38.60708534621578,13.573537305421363,15.076489533011273,1.9256575415995705,4.045893719806763,0.3824476650563607,0.8923778851315083,0.08051529790660225,0.06709608158883522,0.10735373054213634,,,,
105,0.30193236714975846,18.894256575415994,6.078904991948471,38.57353730542136,13.573537305421363,15.03623188405797,1.9256575415995705,4.045893719806763,0.4227053140096618,0.8923778851315083,0.08051529790660225,0.06709608158883522,0.10735373054213634,,,,
106,0.30193236714975846,18.06226516371444,6.9310252281266775,38.399087493290395,13.22463768115942,15.03623188405797,1.9256575415995705,4.1129898013955986,0.47638217928073,1.2412775093934514,0.08051529790660225,0.10064412238325282,0.10735373054213634,,,,
107,0.30193236714975846,18.02871712292002,6.937734836285561,38.33199141170156,13.22463768115942,14.915458937198068,1.90552871712292,4.180085882984434,0.5568974771873323,1.2412775093934514,0.08051529790660225,0.10064412238325282,0.19457863660762212,,,,
108,0.30193236714975846,17.693236714975846,6.635802469135802,38.17096081588835,14.076757917337627,14.700751476113794,1.90552871712292,4.2203435319377345,0.5568974771873323,1.2412775093934514,0.08051529790660225,0.10064412238325282,0.3153515834675255,,,,
109,0.06038647342995169,15.08990874932904,5.71658615136876,38.66076221148685,17.961621041331185,14.700751476113794,1.6304347826086956,3.743961352657005,0.5568974771873323,1.3821792807300053,0.08051529790660225,0.10064412238325282,0.3153515834675255,,,,
110,0.06038647342995169,14.97584541062802,5.83064949006978,38.6003757380569,17.961621041331185,14.660493827160494,1.6304347826086956,3.797638217928073,0.6105743424584005,1.3821792807300053,0.08722490606548577,0.10064412238325282,0.30193236714975846,,,,
111,0.06038647342995169,14.915458937198068,5.83064949006978,38.58695652173913,17.934782608695652,14.660493827160494,1.6304347826086956,3.8714439076757916,0.6105743424584005,1.4090177133655395,0.08722490606548577,0.10064412238325282,0.30193236714975846,,,,
112,0.06038647342995169,13.58695652173913,5.246913580246914,48.55072463768116,17.92807300053677,6.857219538378959,1.6304347826086956,3.878153515834675,0.36231884057971014,1.4090177133655395,0.08722490606548577,0.10064412238325282,0.30193236714975846,,,,
113,0.06038647342995169,13.58695652173913,5.246913580246914,48.470209339774556,17.92807300053677,6.850509930220075,1.6304347826086956,3.9586688137412773,0.36231884057971014,1.4090177133655395,0.08722490606548577,0.10064412238325282,0.30864197530864196,,,,
114,0.05367686527106817,13.58695652173913,5.233494363929147,48.43666129898014,17.887815351583466,6.837090713902308,1.6304347826086956,4.019055287171229,0.39586688137412773,1.3955984970477724,0.10064412238325282,0.11406333870101985,0.30864197530864196,,,,
115,0.05367686527106817,13.58695652173913,5.199946323134729,48.41653247450349,17.887815351583466,6.830381105743425,1.6304347826086956,4.032474503488996,0.4294149221685454,1.4090177133655395,0.10064412238325282,0.11406333870101985,0.30864197530864196,,,,
116,0.05367686527106817,13.573537305421363,5.186527106816962,48.32259796027912,17.881105743424584,6.830381105743425,1.6706924315619969,4.1129898013955986,0.4294149221685454,1.415727321524423,0.10064412238325282,0.11406333870101985,0.30864197530864196,,,,
117,0.05367686527106817,13.24476650563607,5.186527106816962,45.779656468062264,20.75281803542673,6.830381105743425,1.6706924315619969,4.1129898013955986,0.4294149221685454,1.415727321524423,0.10064412238325282,0.11406333870101985,0.30864197530864196,,,,
118,0.05367686527106817,11.553945249597424,7.152442297369833,45.63204508856683,20.611916264090176,6.749865807836822,1.6706924315619969,4.119699409554482,0.5233494363929146,1.415727321524423,0.10064412238325282,0.11406333870101985,0.30193236714975846,,,,
119,0.05367686527106817,11.52710681696189,7.199409554482019,41.82098765432099,20.611916264090176,6.66935050993022,5.481749865807837,4.166666666666667,0.5233494363929146,1.3888888888888888,0.1274825550187869,0.11406333870101985,0.3153515834675255,,,,
120,0.05367686527106817,11.52710681696189,7.179280730005368,41.80756843800322,20.491143317230275,6.662640901771336,5.4616210413311865,4.180085882984434,0.5434782608695652,1.4962426194310252,0.14761137949543746,0.11406333870101985,0.33548040794417605,,,,
121,0.05367686527106817,11.52710681696189,7.179280730005368,41.7337627482555,20.491143317230275,6.649221685453569,5.4616210413311865,4.253891572732153,0.5568974771873323,1.4962426194310252,0.14761137949543746,0.11406333870101985,0.33548040794417605,,,,
122,0.05367686527106817,11.513687600644122,7.179280730005368,41.659957058507786,20.37037037037037,6.635802469135802,5.4616210413311865,4.341116478797638,0.5568974771873323,1.6304347826086956,0.14761137949543746,0.11406333870101985,0.33548040794417605,,,,
123,0.05367686527106817,11.473429951690822,7.212828770799785,41.6532474503489,20.303274288781534,6.602254428341385,5.4616210413311865,4.341116478797638,0.6172839506172839,1.6841116478797638,0.14761137949543746,0.11406333870101985,0.33548040794417605,,,,
124,0.05367686527106817,11.473429951690822,7.206119162640902,41.646537842190014,20.1959205582394,6.602254428341385,5.4616210413311865,4.3478260869565215,0.6172839506172839,1.7914653784219001,0.14761137949543746,0.12077294685990338,0.33548040794417605,,,,
125,0.05367686527106817,11.473429951690822,7.1725711218464845,41.606280193236714,20.04830917874396,6.602254428341385,5.4549114331723025,4.361245303274289,0.6172839506172839,1.9659151905528718,0.18115942028985507,0.12077294685990338,0.3421900161030596,,,,
126,0.05367686527106817,11.426462694578637,7.1658615136876005,41.532474503489,20.04830917874396,6.595544820182502,5.441492216854535,4.435050993022007,0.6239935587761675,1.9927536231884058,0.18115942028985507,0.14761137949543746,0.35560923242082665,,,,
127,0.05367686527106817,11.426462694578637,7.1658615136876005,41.458668813741276,20.02818035426731,6.568706387546968,5.441492216854535,4.53569511540526,0.6709608158883521,1.9927536231884058,0.15432098765432098,0.14761137949543746,0.35560923242082665,,,,
128,0.05367686527106817,11.3593666129898,7.232957595276436,41.378153515834676,20.001341921631777,6.568706387546968,5.441492216854535,4.609500805152979,0.6709608158883521,2.0263016639828235,0.15432098765432098,0.14761137949543746,0.35560923242082665,,,,
129,0.05367686527106817,11.332528180354267,7.219538378958669,41.337895866881375,19.97450348899624,6.568706387546968,5.441492216854535,4.64975845410628,0.6843800322061192,2.0531400966183573,0.18115942028985507,0.14761137949543746,0.35560923242082665,,,,
130,0.05367686527106817,11.332528180354267,7.1725711218464845,41.29092860976919,19.692699946323135,6.5485775630703165,5.481749865807837,4.696725711218465,0.7380568974771873,2.3081052066559313,0.18115942028985507,0.14761137949543746,0.35560923242082665,,,,
131,0.04696725711218465,11.332528180354267,7.273215244229737,41.22383252818035,19.692699946323135,6.541867954911433,5.481749865807837,4.656468062265164,0.7380568974771873,2.3081052066559313,0.18115942028985507,0.14761137949543746,0.3757380568974772,,,,
132,0.04696725711218465,11.265432098765432,7.340311325818572,41.19028448738594,19.57192699946323,6.4412238325281805,5.481749865807837,4.790660225442834,0.7380568974771873,2.428878153515835,0.18115942028985507,0.14761137949543746,0.3757380568974772,,,,
133,0.04696725711218465,11.238593666129898,7.367149758454106,41.0829307568438,19.565217391304348,6.4412238325281805,5.495169082125604,4.884594739667204,0.7380568974771873,2.4355877616747184,0.18115942028985507,0.14761137949543746,0.3757380568974772,,,,
134,0.04696725711218465,10.23215244229737,6.964573268921095,40.76086956521739,18.370907139023082,8.467525496511003,5.495169082125604,6.273483628556092,0.7648953301127214,1.8853998926462694,0.2147074610842727,0.14761137949543746,0.3757380568974772,,,,
135,0.04696725711218465,7.729468599033816,5.314009661835748,40.747450348899626,23.503757380568974,8.467525496511003,5.488459473966721,5.8172302737520125,0.644122383252818,1.6371443907675791,0.08051529790660225,0.14761137949543746,0.3757380568974772,,,,
136,0.04696725711218465,7.695920558239399,5.475040257648954,40.64680622651637,23.396403650026837,8.32662372517445,5.488459473966721,5.776972624798712,0.6105743424584005,1.932367149758454,0.08051529790660225,0.14761137949543746,0.3757380568974772,,,,
137,0.040257648953301126,7.575147611379496,5.495169082125604,40.53274288781535,22.966988727858293,8.340042941492216,5.475040257648954,6.400966183574879,0.6105743424584005,1.9592055823939882,0.08051529790660225,0.14761137949543746,0.3757380568974772,,,,
138,0.040257648953301126,6.837090713902308,5.9514224369296835,44.93424584004294,22.490606548577563,6.340579710144928,4.05931293612453,6.353998926462695,0.5032206119162641,1.8786902844873858,0.10064412238325282,0.14761137949543746,0.36231884057971014,,,,
139,0.040257648953301126,6.823671497584541,5.964841653247451,44.887278582930755,22.490606548577563,6.340579710144928,4.05931293612453,6.400966183574879,0.5032206119162641,1.8786902844873858,0.10064412238325282,0.14761137949543746,0.36231884057971014,,,,
140,0.040257648953301126,6.816961889425658,5.964841653247451,44.82018250134192,22.309447128287708,6.340579710144928,4.072732152442297,6.454643048845948,0.49651100375738055,2.073268921095008,0.10064412238325282,0.14761137949543746,0.36231884057971014,,,,
141,0.040257648953301126,6.816961889425658,5.964841653247451,40.633387010198604,26.603596349973163,6.273483628556092,4.072732152442297,6.421095008051529,0.49651100375738055,2.073268921095008,0.10064412238325282,0.14761137949543746,0.35560923242082665,,,,
142,0.040257648953301126,6.796833064949007,5.958132045088567,40.633387010198604,26.576757917337627,6.273483628556092,4.072732152442297,6.4345142243692965,0.49651100375738055,2.1135265700483092,0.10064412238325282,0.14761137949543746,0.35560923242082665,,,,
143,0.040257648953301126,6.763285024154589,6.005099302200751,40.57971014492754,26.52308105206656,6.260064412238325,4.05931293612453,6.488191089640365,0.49651100375738055,2.147074610842727,0.10064412238325282,0.14761137949543746,0.38915727321524424,,,,
144,0.040257648953301126,6.763285024154589,6.937734836285561,40.49919484702093,25.791733762748255,6.246645195920558,4.066022544283414,6.521739130434782,0.47638217928073,2.01959205582394,0.10064412238325282,0.14761137949543746,0.38915727321524424,,,,
145,0.040257648953301126,6.407675791733762,5.669618894256575,39.45920558239399,28.576221148684915,6.246645195920558,4.066022544283414,6.461352657004831,0.47638217928073,1.9927536231884058,0.10064412238325282,0.11406333870101985,0.38915727321524424,,,,
146,0.040257648953301126,6.407675791733762,5.662909286097692,39.392109500805155,28.569511540526033,6.239935587761675,4.066022544283414,6.521739130434782,0.47638217928073,2.0128824476650564,0.10735373054213634,0.11406333870101985,0.38915727321524424,,,,
147,0.040257648953301126,6.407675791733762,5.662909286097692,39.38539989264627,28.569511540526033,6.239935587761675,4.066022544283414,6.528448738593666,0.4562533548040794,2.0128824476650564,0.1274825550187869,0.11406333870101985,0.38915727321524424,,,,
148,0.040257648953301126,6.407675791733762,5.730005367686527,39.26462694578637,28.529253891572733,6.239935587761675,4.066022544283414,6.615673644659152,0.4562533548040794,2.01959205582394,0.1274825550187869,0.11406333870101985,0.38915727321524424,,,,
149,0.040257648953301126,6.407675791733762,5.709876543209877,36.29898013955985,31.407675791733762,6.233225979602791,4.066022544283414,6.662640901771336,0.4562533548040794,2.086688137412775,0.1274825550187869,0.11406333870101985,0.38915727321524424,,,,
150,0.040257648953301126,6.374127750939345,5.709876543209877,36.26543209876543,31.367418142780462,6.233225979602791,4.066022544283414,6.743156199677939,0.4562533548040794,2.100107353730542,0.1274825550187869,0.1274825550187869,0.38915727321524424,,,,
151,0.040257648953301126,6.374127750939345,5.669618894256575,36.24530327428878,31.280193236714975,6.199677938808374,4.066022544283414,6.763285024154589,0.48980139559849706,2.187332259796028,0.16774020397208803,0.1274825550187869,0.38915727321524424,,,,
152,0.040257648953301126,6.374127750939345,5.676328502415459,36.171497584541065,31.21309715512614,6.199677938808374,3.8043478260869565,6.843800322061192,0.48980139559849706,2.227589908749329,0.16774020397208803,0.1274825550187869,0.6508319914117016,0.013419216317767043,,,
153,0.040257648953301126,6.374127750939345,5.703166935050993,36.10440150295223,31.092324208266238,6.199677938808374,3.8043478260869565,6.910896403650026,0.48980139559849706,2.3483628556092326,0.14090177133655393,0.1274825550187869,0.6508319914117016,0.013419216317767043,,,
154,0.040257648953301126,6.3137412775093935,5.756843800322061,35.94337090713902,30.9849704777241,6.166129898013956,3.7909286097691894,7.118894256575416,0.5233494363929146,2.408749329039184,0.14090177133655393,0.1274825550187869,0.6709608158883521,0.013419216317767043,,,
155,0.040257648953301126,6.3137412775093935,5.703166935050993,35.88298443370907,30.03220611916264,6.166129898013956,4.783950617283951,7.14573268921095,0.5233494363929146,2.4355877616747184,0.15432098765432098,0.13419216317767044,0.6709608158883521,0.013419216317767043,,,
156,0.040257648953301126,6.3137412775093935,5.703166935050993,35.88298443370907,29.985238862050455,6.152710681696189,4.783950617283951,7.14573268921095,0.5367686527106817,2.4825550187869028,0.15432098765432098,0.13419216317767044,0.6709608158883521,0.013419216317767043,,,
157,0.040257648953301126,6.260064412238325,5.756843800322061,35.85614600107354,29.97181964573269,6.152710681696189,4.783950617283951,7.199409554482019,0.5367686527106817,2.4691358024691357,0.15432098765432098,0.13419216317767044,0.6709608158883521,0.013419216317767043,,,
158,0.040257648953301126,6.1862587224906065,5.709876543209877,35.78234031132582,29.911433172302736,6.152710681696189,4.938271604938271,7.239667203435319,0.5367686527106817,2.5295222758990876,0.15432098765432098,0.13419216317767044,0.6709608158883521,0.013419216317767043,,,
159,0.040257648953301126,5.213365539452496,4.703435319377348,35.78234031132582,32.1658615136876,6.152710681696189,4.938271604938271,7.1658615136876005,0.5367686527106817,2.368491680085883,0.15432098765432098,0.0939345142243693,0.6709608158883521,0.013419216317767043,,,
160,0.040257648953301126,5.213365539452496,4.690016103059581,35.71524422973698,32.1256038647343,6.152710681696189,4.9651100375738055,7.206119162640902,0.5367686527106817,2.408749329039184,0.16774020397208803,0.0939345142243693,0.6709608158883521,0.013419216317767043,,,
161,0.040257648953301126,5.213365539452496,4.690016103059581,35.648148148148145,32.06521739130435,6.152710681696189,4.951690821256038,7.246376811594203,0.5367686527106817,2.4691358024691357,0.16774020397208803,0.12077294685990338,0.6843800322061192,0.013419216317767043,,,
162,0.040257648953301126,5.173107890499195,4.622920021470746,38.1508319914117,31.66935050993022,5.12614063338701,4.810789049919484,6.877348362855609,0.4294149221685454,2.1604938271604937,0.1610305958132045,0.12077294685990338,0.644122383252818,0.013419216317767043,,,
163,0.040257648953301126,5.173107890499195,4.622920021470746,38.10386473429951,31.66935050993022,5.10601180891036,4.824208266237251,6.776704240472356,0.4294149221685454,2.3081052066559313,0.1610305958132045,0.12077294685990338,0.6508319914117016,0.013419216317767043,,,
164,0.040257648953301126,5.173107890499195,4.622920021470746,38.04347826086956,31.66935050993022,4.99194847020934,4.817498658078368,6.816961889425658,0.5434782608695652,2.3483628556092326,0.1610305958132045,0.12077294685990338,0.6374127750939346,0.013419216317767043,,,
165,0.040257648953301126,5.146269457863661,4.663177670424047,38.00993022007515,31.4345142243693,4.978529253891573,4.891304347826087,7.0450885668276975,0.5434782608695652,2.3617820719269993,0.1610305958132045,0.12077294685990338,0.5904455179817498,0.013419216317767043,,,
166,0.040257648953301126,5.146269457863661,4.38137412775094,37.80864197530864,31.273483628556093,4.978529253891573,4.891304347826087,7.239667203435319,0.5434782608695652,2.522812667740204,0.4495437466451959,0.12077294685990338,0.5904455179817498,0.013419216317767043,,,
167,0.040257648953301126,5.146269457863661,4.38137412775094,37.62748255501879,31.239935587761675,4.978529253891573,4.918142780461621,7.39398819108964,0.5434782608695652,2.5563607085346214,0.4495437466451959,0.12077294685990338,0.5904455179817498,0.013419216317767043,,,
168,0.040257648953301126,5.139559849704777,4.388083735909823,37.58722490606549,31.239935587761675,4.978529253891573,4.898013955984971,7.427536231884058,0.5434782608695652,2.5966183574879227,0.4495437466451959,0.12077294685990338,0.5770263016639828,0.013419216317767043,,,
169,0.040257648953301126,5.139559849704777,4.388083735909823,37.39264626945786,31.219806763285025,4.978529253891573,4.931561996779388,7.588566827697263,0.5434782608695652,2.6167471819645733,0.4495437466451959,0.12077294685990338,0.5770263016639828,0.013419216317767043,,,
170,0.040257648953301126,5.0993022007514766,4.428341384863124,37.21819645732689,31.219806763285025,4.944981213097155,4.931561996779388,7.803274288781535,0.5434782608695652,2.6167471819645733,0.4495437466451959,0.12077294685990338,0.5703166935050993,0.013419216317767043,,,
171,0.040257648953301126,5.0993022007514766,4.428341384863124,37.21819645732689,31.199677938808374,4.944981213097155,4.931561996779388,7.7898550724637685,0.5703166935050993,2.636876006441224,0.4495437466451959,0.12077294685990338,0.5568974771873323,0.013419216317767043,,,
172,0.040257648953301126,5.0993022007514766,4.441760601180891,37.19135802469136,31.17283950617284,4.904723564143854,4.99194847020934,7.796564680622652,0.5367686527106817,2.657004830917874,0.4495437466451959,0.12077294685990338,0.5837359098228664,0.013419216317767043,,,
173,0.040257648953301126,5.0993022007514766,5.595813204508857,35.99704777241009,31.11916264090177,4.904723564143854,4.99194847020934,7.776435856146001,0.5367686527106817,2.7308105206655933,0.47638217928073,0.12077294685990338,0.5837359098228664,0.026838432635534086,,,
174,0.040257648953301126,5.0993022007514766,5.595813204508857,35.99704777241009,31.112453032742888,4.904723564143854,4.99194847020934,7.763016639828234,0.5367686527106817,2.737520128824477,0.47638217928073,0.13419216317767044,0.5837359098228664,0.026838432635534086,,,
175,0.040257648953301126,5.0858829844337095,5.609232420826624,35.86285560923242,31.07890499194847,4.891304347826087,4.9718196457326895,7.877079978529254,0.5501878690284487,2.818035426731079,0.47638217928073,0.13419216317767044,0.5636070853462157,0.040257648953301126,,,
