,45,50,53,52,55,54,51,56,57
0,100.0,,,,,,,,
1,100.0,,,,,,,,
2,90.40526033279656,9.460547504025765,0.13419216317767044,,,,,,
3,88.38566827697262,11.480139559849706,0.13419216317767044,,,,,,
4,88.59366612989801,11.272141706924316,0.13419216317767044,,,,,,
5,88.71443907675791,11.178207192699947,0.10735373054213634,,,,,,
6,87.6610305958132,11.473429951690822,0.013419216317767043,0.8521202361782072,,,,,
7,83.81642512077295,15.318035426731079,0.013419216317767043,0.8521202361782072,,,,,
8,83.91035963499732,15.250939345142244,0.013419216317767043,0.8252818035426731,,,,,
9,84.05797101449275,15.103327965646805,0.013419216317767043,0.8252818035426731,,,,,
10,84.15190552871712,15.009393451422437,0.013419216317767043,0.8252818035426731,,,,,
11,84.25254965110038,14.908749329039184,0.013419216317767043,0.8252818035426731,,,,,
12,77.78448738593666,21.38352120236178,0.013419216317767043,0.8185721953837896,,,,,
13,77.44900697799248,21.71900161030596,0.013419216317767043,0.8185721953837896,,,,,
14,77.58990874932904,21.329844337090712,0.013419216317767043,0.8185721953837896,0.24825550187869028,,,,
15,77.71739130434783,21.24932903918411,0.013419216317767043,0.7716049382716049,0.24825550187869028,,,,
16,53.08641975308642,44.7463768115942,,,0.46967257112184646,1.6975308641975309,,,
17,53.33467525496511,44.524959742351044,,,0.46296296296296297,1.6774020397208802,,,
18,52.663714439076756,45.21604938271605,,,0.46296296296296297,1.6572732152442298,,,
19,52.965646806226516,44.93424584004294,,,0.46296296296296297,1.6371443907675791,,,
20,51.731078904991946,46.16881374127751,,,0.46296296296296297,1.6371443907675791,,,
21,32.60198604401503,65.26435856146001,,,1.8317230273752012,0.30193236714975846,,,
22,33.04482018250134,64.8215244229737,,,1.8317230273752012,0.30193236714975846,,,
23,33.45410628019324,64.09688674181427,0.8118625872249061,,1.3352120236178207,0.30193236714975846,,,
24,33.77616747181965,63.801663982823406,0.798443370907139,,1.3217928073000538,0.30193236714975846,,,
25,33.467525496511,59.33977455716586,6.072195383789587,,0.8185721953837896,0.30193236714975846,,,
26,31.99141170155663,59.876543209876544,6.005099302200751,1.0064412238325282,0.8185721953837896,0.30193236714975846,,,
27,32.45437466451959,59.46054750402576,5.964841653247451,0.9997316156736447,0.8185721953837896,0.30193236714975846,,,
28,32.8972088030059,59.10493827160494,5.891035963499732,0.9863123993558777,0.8185721953837896,0.30193236714975846,,,
29,33.380300590445515,58.675523349436396,5.850778314546431,0.9728931830381106,0.8185721953837896,0.30193236714975846,,,
30,33.72920021470746,56.50831991411702,5.850778314546431,0.9728931830381106,2.636876006441224,0.30193236714975846,,,
31,33.742619431025226,55.360976918947934,4.810789049919484,3.1468062265163717,2.636876006441224,0.30193236714975846,,,
32,34.4873859366613,54.723564143854,4.74369296833065,3.1065485775630703,2.636876006441224,0.30193236714975846,,,
33,35.07783145464305,54.159957058507786,4.723564143853999,3.1065485775630703,2.6301663982823404,0.30193236714975846,,,
34,35.245571658615134,54.0727321524423,4.676596886741814,3.0931293612453032,2.61003757380569,0.30193236714975846,,,
35,35.560923242082666,53.878153515834676,4.62962962962963,3.066290928609769,2.563070316693505,0.30193236714975846,,,
36,36.13794954374664,53.133387010198604,4.582662372517445,3.066290928609769,2.791196994095545,0.2885131508319914,,,
37,36.480139559849704,51.65727321524423,4.582662372517445,3.066290928609769,3.9452495974235107,0.2683843263553409,,,
38,36.87600644122383,51.409017713365536,4.569243156199678,3.0327428878153517,3.844605475040258,0.2683843263553409,,,
39,37.03032742887815,50.28851315083199,4.542404723564144,3.0327428878153517,4.85775630703167,0.24825550187869028,,,
40,34.735641438539986,45.78636607622115,4.542404723564144,3.0059044551798175,4.683306494900698,0.38915727321524424,6.857219538378959,,
41,35.11808910359635,45.55823939881911,4.528985507246377,2.999194847020934,4.643048845947397,0.38915727321524424,6.763285024154589,,
42,35.560923242082666,45.21604938271605,4.51556629092861,2.985775630703167,4.609500805152979,0.38915727321524424,6.723027375201288,,
43,35.81588835212023,44.847020933977454,4.51556629092861,2.985775630703167,4.777241009125067,0.36231884057971014,6.696188942565755,,
44,35.15163714439077,45.58507783145464,4.488727858293076,2.9723564143853998,4.74369296833065,0.36231884057971014,6.696188942565755,,
45,35.16505636070853,44.79334406870639,4.314278046162104,2.952227589908749,4.730273752012883,1.3687600644122384,6.6760601180891035,,
46,35.648148148148145,44.498121309715515,4.28743961352657,2.9253891572732154,4.696725711218465,1.3553408480944713,6.588835212023618,,
47,36.08427267847558,44.16264090177134,4.274020397208803,2.844873859366613,4.696725711218465,1.3553408480944713,6.582125603864735,,
48,36.70826623725174,43.69967793880837,4.2270531400966185,2.844873859366613,4.643048845947397,1.3553408480944713,6.521739130434782,,
49,36.89613526570049,43.21658615136876,4.978529253891573,2.804616210413312,4.394793344068707,1.1876006441223832,6.521739130434782,,
50,37.17122920021471,42.99516908212561,4.978529253891573,2.804616210413312,4.361245303274289,1.1876006441223832,6.501610305958132,,
51,37.42619431025228,42.77375201288245,4.911433172302737,2.757648953301127,4.468599033816425,1.1876006441223832,6.474771873322598,,
52,37.62748255501879,42.69994632313473,4.911433172302737,2.7241009125067097,4.40150295222759,1.1876006441223832,6.447933440687064,,
53,37.956253354804076,42.44498121309716,4.85775630703167,2.6972624798711755,4.468599033816425,1.1607622114868492,6.414385399892646,,
54,37.9092860976919,41.156736446591516,4.8376274825550185,2.6838432635534084,4.280730005367687,2.7106816961889426,6.333870101986044,0.08722490606548577,
55,38.399087493290395,40.86822329575953,4.7638217928073,2.6637144390767578,4.206924315619967,2.7106816961889426,6.300322061191626,0.08722490606548577,
56,38.62721417069243,40.713902308105204,4.757112184648417,2.6502952227589907,4.166666666666667,2.7106816961889426,6.286902844873859,0.08722490606548577,
57,38.486312399355874,40.33816425120773,4.676596886741814,3.3279656468062266,4.146537842190016,2.7106816961889426,6.226516371443908,0.08722490606548577,
58,38.91572732152442,40.01610305958132,4.676596886741814,3.3279656468062266,4.1129898013955986,2.677133655394525,6.1862587224906065,0.08722490606548577,
59,39.22436929683307,39.754428341384866,4.676596886741814,3.3011272141706924,4.1129898013955986,2.677133655394525,6.166129898013956,0.08722490606548577,
60,38.217928073000536,40.975577026301664,4.643048845947397,3.1602254428341383,4.0995705850778315,2.6502952227589907,6.166129898013956,0.08722490606548577,
61,38.53327965646806,40.754159957058505,4.622920021470746,3.1333870101986045,4.0995705850778315,2.623456790123457,6.146001073537305,0.08722490606548577,
62,38.90230810520666,40.5126140633387,4.622920021470746,3.1199677938808374,4.079441760601181,2.589908749329039,6.085614600107354,0.08722490606548577,
63,39.27804616210413,40.405260332796566,4.616210413311863,3.0730005367686526,4.025764895330113,2.4892646269457863,6.025228126677402,0.08722490606548577,
64,39.59339774557166,40.19055287171229,4.609500805152979,3.0730005367686526,3.9855072463768115,2.475845410628019,5.984970477724101,0.08722490606548577,
65,39.82823403113258,39.78797638217928,4.609500805152979,3.046162104133119,4.247181964573269,2.442297369833602,5.9514224369296835,0.08722490606548577,
66,38.821792807300056,39.58668813741278,4.5960815888352125,3.0059044551798175,5.562265163714439,2.442297369833602,5.897745571658615,0.08722490606548577,
67,39.190821256038646,39.36527106816962,4.549114331723027,2.9388083735909825,5.562265163714439,2.442297369833602,5.864197530864198,0.08722490606548577,
68,39.58668813741278,39.110305958132045,4.4820182501341925,2.918679549114332,5.555555555555555,2.4221685453569513,5.837359098228664,0.08722490606548577,
69,39.96913580246913,38.868760064412236,4.4820182501341925,2.9119699409554483,5.448201825013419,2.4154589371980677,5.8172302737520125,0.08722490606548577,
70,40.002683843263554,38.90230810520666,4.4820182501341925,2.9119699409554483,5.414653784219001,2.4154589371980677,5.8172302737520125,0.05367686527106817,
71,40.27777777777778,38.73456790123457,4.428341384863124,2.8784219001610305,5.414653784219001,2.4154589371980677,5.797101449275362,0.05367686527106817,
72,40.50590445517982,38.58024691358025,4.40150295222759,2.871712292002147,5.414653784219001,2.4154589371980677,5.756843800322061,0.05367686527106817,
73,40.89506172839506,38.29844337090714,4.38137412775094,2.871712292002147,5.387815351583468,2.3886205045625335,5.723295759527644,0.05367686527106817,
74,41.30434782608695,38.036768652710684,4.3545356951154055,2.8381642512077296,5.320719269994632,2.3886205045625335,5.703166935050993,0.05367686527106817,
75,41.55931293612453,37.9092860976919,4.334406870638754,2.6838432635534084,5.4549114331723025,2.3886205045625335,5.622651637144391,0.04696725711218465,
76,41.83440687063875,37.72812667740204,4.334406870638754,2.6838432635534084,5.387815351583468,2.3617820719269993,5.622651637144391,0.04696725711218465,
77,42.0222758990875,37.60064412238325,4.28743961352657,2.6704240472356413,5.387815351583468,2.3617820719269993,5.622651637144391,0.04696725711218465,
78,42.351046698872786,37.513419216317764,4.2270531400966185,2.6435856146001075,5.320719269994632,2.3215244229736984,5.5756843800322065,0.04696725711218465,
79,42.50536768652711,37.3792270531401,4.213633923778851,2.6435856146001075,5.320719269994632,2.314814814814815,5.5756843800322065,0.04696725711218465,
80,42.7133655394525,37.29200214707461,4.206924315619967,2.6435856146001075,5.246913580246914,2.314814814814815,5.535426731078905,0.04696725711218465,
81,42.27724100912507,36.61433172302738,4.200214707461084,3.743961352657005,5.246913580246914,2.2745571658615136,5.595813204508857,0.04696725711218465,
82,42.659688674181425,36.38620504562534,4.193505099302201,3.717122920021471,5.226784755770263,2.2410091250670963,5.528717122920021,0.04696725711218465,
83,42.921363392377884,36.20504562533548,4.17337627482555,3.717122920021471,5.226784755770263,2.1806226516371443,5.528717122920021,0.04696725711218465,
84,43.19645732689211,36.08427267847558,4.119699409554482,3.6902844873859366,5.226784755770263,2.15378421900161,5.481749865807837,0.04696725711218465,
85,43.43800322061192,35.97691894793344,4.086151368760064,3.6768652710681695,5.193236714975845,2.1403650026838434,5.441492216854535,0.04696725711218465,
86,43.68625872249061,35.84272678475577,3.92512077294686,3.6634460547504024,5.300590445517981,2.1135265700483092,5.421363392377885,0.04696725711218465,
87,43.894256575415994,35.73537305421363,3.9049919484702094,3.6500268384326353,5.24020397208803,2.1135265700483092,5.414653784219001,0.04696725711218465,
88,44.14922168545357,35.507246376811594,3.9049919484702094,3.126677402039721,5.226784755770263,2.623456790123457,5.414653784219001,0.04696725711218465,
89,43.05555555555556,36.69484702093398,3.9049919484702094,3.113258185721954,5.173107890499195,2.6167471819645733,5.394524959742351,0.04696725711218465,
90,43.263553408480945,36.62775093934514,3.9049919484702094,3.113258185721954,5.119431025228127,2.6167471819645733,5.307300053676865,0.04696725711218465,
91,43.47155126140633,36.44659151905529,3.9049919484702094,3.113258185721954,5.112721417069243,2.6167471819645733,5.287171229200215,0.04696725711218465,
92,43.77348362855609,36.07756307031669,3.9049919484702094,3.113258185721954,5.2066559312936125,2.6167471819645733,5.260332796564681,0.04696725711218465,
93,44.08883521202362,35.809178743961354,3.8915727321524423,3.0595813204508855,5.246913580246914,2.6167471819645733,5.24020397208803,0.04696725711218465,
94,43.4447128287708,35.17176596886742,3.9318303811057436,4.247181964573269,5.501878690284487,2.5831991411701556,5.072463768115942,0.04696725711218465,
95,43.484970477724104,34.86312399355877,3.9318303811057436,4.240472356414386,5.387815351583468,2.5831991411701556,5.072463768115942,0.43612453032742887,
96,43.592324208266234,34.80944712828771,3.9184111647879765,4.240472356414386,5.347557702630167,2.5831991411701556,5.072463768115942,0.43612453032742887,
97,42.88781535158347,32.72275899087493,3.911701556629093,4.193505099302201,5.24020397208803,5.555555555555555,5.052334943639291,0.43612453032742887,
98,43.13607085346216,32.669082125603865,3.864734299516908,4.166666666666667,5.226784755770263,5.475040257648954,5.025496511003757,0.43612453032742887,
99,43.39774557165862,32.48121309715513,3.81105743424584,4.166666666666667,5.2066559312936125,5.475040257648954,5.025496511003757,0.43612453032742887,
100,43.81374127750939,32.360440150295226,3.5963499731615673,4.139828234031133,5.186527106816962,5.4549114331723025,5.01207729468599,0.43612453032742887,
101,44.16264090177134,32.2061191626409,3.5963499731615673,4.119699409554482,5.146269457863661,5.401234567901234,4.931561996779388,0.43612453032742887,
102,44.53166935050993,31.99812130971551,3.5762211486849167,4.079441760601181,5.132850241545894,5.314009661835748,4.931561996779388,0.43612453032742887,
103,44.847020933977454,31.776704240472355,3.535963499731616,4.079441760601181,5.0993022007514766,5.293880837359098,4.931561996779388,0.43612453032742887,
104,45.10198604401503,31.602254428341386,3.535963499731616,4.072732152442297,5.072463768115942,5.253623188405797,4.931561996779388,0.4294149221685454,
105,39.30488459473967,35.66156736446592,3.603059581320451,4.045893719806763,4.602791196994096,7.548309178743962,4.804079441760601,0.4294149221685454,
106,40.103327965646805,35.279119699409556,3.603059581320451,4.032474503488996,4.569243156199678,7.447665056360709,4.53569511540526,0.4294149221685454,
107,40.08990874932904,35.037573805689746,3.603059581320451,4.005636070853462,3.750670960815888,8.561460010735374,4.522275899087493,0.4294149221685454,
108,39.680622651637144,34.648416532474506,3.603059581320451,5.984970477724101,3.4822866344605474,7.675791733762749,4.502147074610843,0.4227053140096618,
109,40.002683843263554,34.46725711218465,3.5762211486849167,5.9447128287707995,3.4621578099838968,7.648953301127214,4.4753086419753085,0.4227053140096618,
110,40.41196994095545,34.23913043478261,3.5762211486849167,5.924584004294149,3.435319377348363,7.588566827697263,4.40150295222759,0.4227053140096618,
111,40.687063875469676,33.923778851315085,3.556092324208266,5.904455179817498,3.569511540526033,7.541599570585078,4.40150295222759,0.41599570585077833,
112,40.53945249597424,33.63526570048309,3.5292538915727323,5.904455179817498,3.569511540526033,7.50805152979066,4.005636070853462,1.3083735909822867,
113,40.81454643048846,33.49436392914654,3.5292538915727323,5.891035963499732,3.569511540526033,7.4141170155662905,3.992216854535695,1.2949543746645196,
114,41.056092324208265,33.340042941492214,3.5292538915727323,5.870907139023081,3.5628019323671496,7.387278582930757,3.978797638217928,1.2748255501878691,
115,41.324476650563604,33.23939881910896,3.502415458937198,7.185990338164252,3.556092324208266,5.998389694041868,3.9720880300590444,1.221148684916801,
116,41.02925389157273,32.90391841116479,3.6634460547504024,7.065217391304348,3.5426731078904994,5.8172302737520125,4.757112184648417,1.221148684916801,
117,40.915190552871714,32.71604938271605,3.6634460547504024,7.058507783145465,3.5426731078904994,5.8172302737520125,5.092592592592593,1.1943102522812667,
118,41.17015566290929,32.57514761137949,3.656736446591519,7.018250134192163,3.5292538915727323,5.776972624798712,5.0791733762748255,1.1943102522812667,
119,41.458668813741276,32.44095544820183,3.656736446591519,6.998121309715513,3.488996242619431,5.736714975845411,5.052334943639291,1.1674718196457328,
120,41.720343531937736,32.098765432098766,3.878153515834675,6.971282877079979,3.4621578099838968,5.669618894256575,5.065754159957058,1.133923778851315,
121,42.09608158883521,31.93773483628556,3.8580246913580245,6.89747718733226,3.44873859366613,5.642780461621041,5.005367686527107,1.1137949543746646,
122,42.169887278582934,31.709608158883523,3.8311862587224907,6.884057971014493,3.4286097691894795,5.709876543209877,5.152979066022544,1.1137949543746646,
123,42.35775630703167,31.5552871712292,3.8177670424047236,6.823671497584541,3.569511540526033,5.683038110574342,5.0858829844337095,1.107085346215781,
124,42.51207729468599,31.48148148148148,3.81105743424584,6.763285024154589,3.569511540526033,5.676328502415459,5.0791733762748255,1.107085346215781,
125,42.74020397208803,31.46135265700483,3.797638217928073,6.6760601180891035,3.5628019323671496,5.629361245303274,5.052334943639291,1.0802469135802468,
126,42.72678475577026,31.300322061191626,3.770799785292539,6.655931293612453,3.5628019323671496,5.60252281266774,5.300590445517981,1.0802469135802468,
127,40.78770799785293,28.73054213633924,3.6768652710681695,6.5552871712292005,3.5426731078904994,5.5689747718733225,10.057702630166398,1.0802469135802468,
128,41.04938271604938,28.61647879763822,3.6768652710681695,6.5552871712292005,3.5292538915727323,5.501878690284487,9.990606548577563,1.0802469135802468,
129,41.458668813741276,28.455448201825014,3.6634460547504024,6.508319914117015,3.5225442834138487,5.421363392377885,9.930220075147611,1.0399892646269457,
130,41.58615136876006,28.30112721417069,3.6634460547504024,6.508319914117015,3.488996242619431,5.58239398819109,9.829575952764358,1.0399892646269457,
131,41.71363392377885,28.24074074074074,3.6634460547504024,6.474771873322598,3.488996242619431,5.5756843800322065,9.802737520128824,1.0399892646269457,
132,41.96188942565754,28.16022544283414,3.6634460547504024,6.447933440687064,3.475577026301664,5.522007514761138,9.728931830381105,1.0399892646269457,
133,42.33762748255502,27.965646806226516,3.6634460547504024,6.421095008051529,3.4286097691894795,5.508588298443371,9.648416532474503,1.0265700483091786,
134,42.592592592592595,27.891841116478798,3.6634460547504024,6.421095008051529,3.3816425120772946,5.421363392377885,9.601449275362318,1.0265700483091786,
135,42.90794417606012,27.750939345142243,3.6366076221148687,6.327160493827161,3.3816425120772946,5.394524959742351,9.574610842726784,1.0265700483091786,
136,43.07568438003221,27.710681696188942,3.5963499731615673,6.280193236714976,3.3816425120772946,5.394524959742351,9.534353193773484,1.0265700483091786,
137,43.283682232957595,27.68384326355341,3.589640365002684,6.280193236714976,3.3682232957595275,5.394524959742351,9.373322597960279,1.0265700483091786,
138,43.484970477724104,27.63016639828234,3.5829307568438002,6.246645195920558,3.3682232957595275,5.381105743424584,9.27938808373591,1.0265700483091786,
139,43.73322597960279,27.536231884057973,3.5829307568438002,6.1929683306494905,3.3682232957595275,5.314009661835748,9.245840042941492,1.0265700483091786,
140,43.39774557165862,27.13365539452496,4.522275899087493,6.1929683306494905,3.2742887815351582,5.300590445517981,9.151905528717123,1.0265700483091786,
141,43.612453032742884,27.03972088030059,4.502147074610843,6.172839506172839,3.2541599570585076,5.300590445517981,9.118357487922705,0.9997316156736447,
142,43.77348362855609,26.986044015029524,4.49543746645196,6.139291465378422,3.2541599570585076,5.246913580246914,9.104938271604938,0.9997316156736447,
143,43.927804616210416,26.939076757917338,4.49543746645196,6.072195383789587,3.2474503488996245,5.24020397208803,9.078099838969404,0.9997316156736447,
144,44.0552871712292,26.88539989264627,4.4753086419753085,6.038647342995169,3.240740740740741,5.24020397208803,9.064680622651638,0.9997316156736447,
145,44.216317767042405,26.84514224369297,4.461889425657541,5.998389694041868,3.240740740740741,5.193236714975845,9.044551798174986,0.9997316156736447,
146,44.50483091787439,26.737788513150832,4.461889425657541,5.971551261406334,3.2206119162640903,5.119431025228127,8.984165324745035,0.9997316156736447,
147,44.6256038647343,26.663982823403114,4.455179817498658,5.958132045088567,3.2206119162640903,5.10601180891036,8.970746108427267,0.9997316156736447,
148,43.57890499194847,25.644122383252817,4.414922168545357,4.85775630703167,2.7442297369833604,4.884594739667204,12.875738056897477,0.9997316156736447,
149,43.79361245303274,25.563607085346217,4.388083735909823,4.85775630703167,2.7442297369833604,4.864465915190553,12.795222758990874,0.9930220075147611,
150,43.96135265700483,25.523349436392916,4.388083735909823,4.830917874396135,2.7442297369833604,4.85775630703167,12.701288244766506,0.9930220075147611,
151,44.16264090177134,25.42270531400966,4.388083735909823,4.804079441760601,2.7442297369833604,4.810789049919484,12.674449812130971,0.9930220075147611,
152,44.43102522812668,25.34219001610306,4.367954911433173,4.804079441760601,2.7442297369833604,4.810789049919484,12.5402576489533,0.9594739667203436,
153,44.518250134192165,25.187869028448738,4.367954911433173,4.851046698872786,2.932098765432099,4.730273752012883,12.453032742887816,0.9594739667203436,
154,44.69940955448202,25.120772946859905,4.367954911433173,4.8443370907139025,2.9253891572732154,4.703435319377348,12.379227053140097,0.9594739667203436,
155,44.89398819108964,25.087224906065487,4.367954911433173,4.8443370907139025,2.9253891572732154,4.676596886741814,12.245034889962426,0.9594739667203436,
156,44.94095544820183,24.97987117552335,4.334406870638754,4.8376274825550185,2.9253891572732154,4.669887278582931,12.352388620504563,0.9594739667203436,
157,45.148953301127214,24.89935587761675,4.334406870638754,4.804079441760601,2.885131508319914,4.669887278582931,12.298711755233494,0.9594739667203436,
158,45.330112721417066,24.838969404186795,4.334406870638754,4.797369833601718,2.871712292002147,4.669887278582931,12.198067632850242,0.9594739667203436,
159,43.78690284487386,23.336017176596886,4.159957058507783,8.890230810520666,2.3215244229736984,4.42163177670424,12.124261943102523,0.9594739667203436,
160,43.96135265700483,23.282340311325818,4.159957058507783,8.863392377885132,2.301395598497048,4.408212560386473,12.06387546967257,0.9594739667203436,
161,44.26328502415459,23.201825013419217,4.119699409554482,8.809715512614064,2.301395598497048,4.361245303274289,11.996779388083736,0.9460547504025765,
162,44.49141170155663,23.087761674718198,4.0995705850778315,8.809715512614064,2.301395598497048,4.327697262479871,11.943102522812667,0.9393451422436929,
163,44.73295759527644,22.852925389157274,4.0995705850778315,8.876811594202898,2.2879763821792807,4.320987654320987,11.896135265700483,0.9326355340848095,
164,44.91411701556629,22.805958132045088,4.0995705850778315,8.863392377885132,2.281266774020397,4.320987654320987,11.782071926999464,0.9326355340848095,
165,45.13553408480945,22.69860440150295,4.0995705850778315,8.836553945249598,2.281266774020397,4.274020397208803,11.748523886205046,0.9259259259259259,
166,45.25630703166935,22.6784755770263,4.0995705850778315,8.80300590445518,2.281266774020397,4.247181964573269,11.708266237251744,0.9259259259259259,
167,45.450885668276975,22.611379495437465,4.072732152442297,8.769457863660762,2.281266774020397,4.247181964573269,11.641170155662909,0.9259259259259259,
168,44.927536231884055,22.168545356951153,5.595813204508857,8.635265700483092,2.281266774020397,3.824476650563607,11.641170155662909,0.9259259259259259,
169,45.04830917874396,22.148416532474503,5.555555555555555,8.628556092324208,2.281266774020397,3.81105743424584,11.600912506709609,0.9259259259259259,
170,45.20263016639828,22.094739667203434,5.535426731078905,8.568169618894256,2.26784755770263,3.8043478260869565,11.600912506709609,0.9259259259259259,
171,45.3569511540526,22.067901234567902,5.508588298443371,8.541331186258722,2.26784755770263,3.8043478260869565,11.52710681696189,0.9259259259259259,
172,45.12211486849168,21.276167471819647,5.428073000536768,9.742351046698873,2.2611379495437465,3.8043478260869565,11.439881910896403,0.9259259259259259,
173,45.29656468062265,21.22920021470746,5.421363392377885,9.722222222222221,2.2611379495437465,3.784219001610306,11.3593666129898,0.9259259259259259,
174,45.571658615136876,21.141975308641975,5.381105743424584,9.621578099838969,2.2611379495437465,3.7775093934514223,11.3191089640365,0.9259259259259259,
175,45.63875469672571,21.00107353730542,5.381105743424584,9.581320450885668,2.4020397208803006,3.7775093934514223,11.292270531400966,0.9259259259259259,
176,44.29012345679013,22.61808910359635,5.381105743424584,9.447128287707997,2.38191089640365,3.750670960815888,11.20504562533548,0.9259259259259259,
177,44.6256038647343,22.52415458937198,5.381105743424584,9.23913043478261,2.38191089640365,3.750670960815888,11.171497584541063,0.9259259259259259,
178,44.81347289318304,22.436929683306495,5.381105743424584,9.219001610305957,2.38191089640365,3.7372517444981215,11.104401502952227,0.9259259259259259,
179,44.840311325818575,22.38996242619431,5.381105743424584,9.151905528717123,2.38191089640365,3.8580246913580245,11.097691894793345,0.8990874932903918,
180,45.05501878690284,22.322866344605476,5.360976918947934,9.145195920558239,2.38191089640365,3.8580246913580245,10.976918947933441,0.8990874932903918,
181,45.33682232957595,22.269189479334408,5.347557702630167,9.01100375738057,2.38191089640365,3.844605475040258,10.909822866344605,0.8990874932903918,
182,45.09527643585615,22.128287707997853,6.535158346752549,8.494363929146537,2.38191089640365,3.8378958668813743,10.63472893183038,0.8923778851315083,
183,45.410628019323674,22.067901234567902,6.501610305958132,8.380300590445518,2.3617820719269993,3.8177670424047236,10.567632850241546,0.8923778851315083,
184,43.06897477187332,21.309715512614062,6.481481481481482,8.07836822329576,2.2611379495437465,4.528985507246377,13.378958668813741,0.8923778851315083,
185,43.27026301663983,21.202361782071925,6.4412238325281805,8.05823939881911,2.24771873322598,4.51556629092861,13.372249060654857,0.8923778851315083,
186,42.619431025228124,22.604669887278583,6.4412238325281805,8.044820182501342,2.2342995169082127,4.51556629092861,12.647611379495437,0.8923778851315083,
187,42.612721417069245,22.537573805689746,6.4345142243692965,8.125335480407944,2.2342995169082127,4.4820182501341925,11.98336017176597,1.5901771336553945,
188,42.68652710681696,22.383252818035427,6.387546967257112,8.085077831454644,2.2342995169082127,4.723564143853999,11.916264090177133,1.583467525496511,
189,42.82071926999463,22.36983360171766,6.374127750939345,8.064949006977992,2.227589908749329,4.696725711218465,11.862587224906065,1.583467525496511,
190,43.022007514761135,22.342995169082126,6.347289318303811,8.024691358024691,2.227589908749329,4.656468062265164,11.829039184111648,1.5499194847020934,
191,43.17632850241546,22.27589908749329,6.347289318303811,7.991143317230274,2.227589908749329,4.64975845410628,11.81561996779388,1.5163714439076759,
192,43.47155126140633,22.14170692431562,6.333870101986044,7.950885668276973,2.227589908749329,4.64975845410628,11.721685453569512,1.5029522275899088,
193,43.666129898013956,22.08132045088567,6.333870101986044,7.897208803005904,2.227589908749329,4.62962962962963,11.66129898013956,1.5029522275899088,
194,43.994900697799245,22.0276435856146,6.300322061191626,7.836822329575953,2.200751476113795,4.62962962962963,11.54723564143854,1.4626945786366077,
195,44.196188942565755,21.973966720343533,6.286902844873859,7.769726247987117,2.200751476113795,4.62962962962963,11.493558776167472,1.4492753623188406,
196,44.12238325281803,21.947128287707997,6.273483628556092,8.709071390230811,2.059849704777241,4.26731078904992,11.29898013955985,1.3217928073000538,
197,43.86741814278046,21.77938808373591,7.722758990874933,7.877079978529254,2.046430488459474,4.1129898013955986,11.272141706924316,1.3217928073000538,
198,43.853998926462694,21.591519055287172,7.716049382716049,7.85024154589372,2.046430488459474,4.502147074610843,11.231884057971014,1.2077294685990339,
199,43.4447128287708,21.034621578099838,7.716049382716049,7.695920558239399,1.8853998926462694,5.904455179817498,11.137949543746645,1.1808910359634996,
200,43.65271068169619,20.90042941492217,7.702630166398282,7.682501341921632,1.8853998926462694,5.891035963499732,11.104401502952227,1.1808910359634996,
201,43.86070853462158,20.873590982286636,7.615405260332796,7.669082125603865,1.8719806763285025,5.850778314546431,11.077563070316694,1.1808910359634996,
202,44.12238325281803,20.813204508856682,7.561728395061729,7.588566827697263,1.865271068169619,5.810520665593129,11.064143853998926,1.1741814278046163,
203,44.357219538378956,20.739398819108963,7.555018786902845,7.575147611379496,1.865271068169619,5.750134192163178,10.983628556092324,1.1741814278046163,
204,44.47128287707998,20.632045088566827,7.37385936661299,7.521470746108427,2.167203435319377,5.689747718733226,10.970209339774557,1.1741814278046163,
205,44.6658615136876,20.591787439613526,7.306763285024155,7.521470746108427,2.167203435319377,5.689747718733226,10.88298443370907,1.1741814278046163,
206,44.59205582393988,20.48443370907139,7.25979602791197,7.501341921631776,2.167203435319377,5.978260869565218,10.84272678475577,1.1741814278046163,
207,44.67928073000537,20.471014492753625,7.25979602791197,7.467793880837359,2.167203435319377,5.978260869565218,10.802469135802468,1.1741814278046163,
208,44.67928073000537,20.28985507246377,7.695920558239399,7.380568974771873,2.167203435319377,5.884326355340848,10.742082662372518,1.1607622114868492,
209,44.79334406870639,20.2361782071927,7.64224369296833,7.286634460547504,2.2946859903381642,5.844068706387547,10.742082662372518,1.1607622114868492,
210,44.920826623725176,20.169082125603865,7.615405260332796,7.27992485238862,2.2879763821792807,5.844068706387547,10.721953837895867,1.1607622114868492,
211,45.02147074610843,20.12211486849168,7.575147611379496,7.27992485238862,2.2745571658615136,5.844068706387547,10.721953837895867,1.1607622114868492,
212,45.42404723564144,20.041599570585078,7.50805152979066,7.226247987117552,2.227589908749329,5.750134192163178,10.661567364465915,1.1607622114868492,
213,45.611916264090176,20.021470746108427,7.481213097155126,7.14573268921095,2.227589908749329,5.743424584004294,10.621309715512615,1.1473429951690821,
214,45.491143317230275,20.25630703166935,7.4006977992485234,7.132313472893183,2.227589908749329,5.743424584004294,10.607890499194847,1.1406333870101986,
215,45.13553408480945,19.773215244229736,7.286634460547504,7.125603864734299,2.200751476113795,6.749865807836822,10.587761674718196,1.1406333870101986,
216,45.26301663982824,19.726247987117553,7.27992485238862,7.118894256575416,2.200751476113795,6.709608158883521,10.560923242082662,1.1406333870101986,
217,45.491143317230275,19.706119162640903,7.232957595276436,7.112184648416532,2.200751476113795,6.629092860976919,10.487117552334944,1.1406333870101986,
218,45.58507783145464,19.706119162640903,7.212828770799785,7.071926999463232,2.200751476113795,6.602254428341385,10.48040794417606,1.1406333870101986,
219,45.75952764358561,19.685990338164252,7.199409554482019,7.206119162640902,2.200751476113795,6.515029522275899,10.292538915727322,1.1406333870101986,
220,45.82662372517445,19.685990338164252,7.192699946323135,7.185990338164252,2.200751476113795,6.488191089640365,10.292538915727322,1.1272141706924315,
221,46.10842726784756,19.585346215780998,7.1658615136876005,7.152442297369833,2.1806226516371443,6.4412238325281805,10.238862050456254,1.1272141706924315,
222,46.05475040257649,19.53166935050993,6.870638754696726,7.132313472893183,2.6637144390767578,6.4345142243692965,10.205314009661835,1.107085346215781,
223,46.32984433709071,19.384057971014492,6.857219538378959,7.105475040257649,2.6637144390767578,6.347289318303811,10.205314009661835,1.107085346215781,
224,46.51100375738057,19.343800322061192,6.843800322061192,7.078636607622115,2.6637144390767578,6.300322061191626,10.151637144390767,1.107085346215781,
225,46.55126140633387,19.316961889425656,6.756575415995706,7.065217391304348,2.7979066022544283,6.286902844873859,10.151637144390767,1.0735373054213635,
226,46.725711218464845,19.30354267310789,6.716317767042405,7.004830917874396,2.7979066022544283,6.239935587761675,10.138217928073,1.0735373054213635,
227,46.81964573268921,19.26328502415459,6.6760601180891035,6.843800322061192,2.7777777777777777,6.226516371443908,10.091250670960816,1.0735373054213635,0.2281266774020397
228,46.947128287708,19.243156199677937,6.6760601180891035,6.816961889425658,2.7777777777777777,6.159420289855072,10.077831454643048,1.0735373054213635,0.2281266774020397
229,47.054482018250134,19.196188942565755,6.662640901771336,6.816961889425658,2.7643585614600106,6.125872249060655,10.077831454643048,1.0735373054213635,0.2281266774020397
230,46.34997316156736,19.176060118089104,6.172839506172839,6.320450885668277,2.6167471819645733,6.085614600107354,11.842458400429415,1.2077294685990339,0.2281266774020397
231,46.464036500268385,19.135802469135804,6.172839506172839,6.286902844873859,2.6167471819645733,6.085614600107354,11.802200751476114,1.2077294685990339,0.2281266774020397
232,46.60493827160494,19.0955448201825,6.146001073537305,6.286902844873859,2.6033279656468062,6.085614600107354,11.741814278046162,1.2077294685990339,0.2281266774020397
233,46.62506709608159,19.028448738593667,6.260064412238325,6.253354804079442,2.6033279656468062,6.072195383789587,11.721685453569512,1.2077294685990339,0.2281266774020397
234,46.75925925925926,18.968062265163713,6.367418142780462,6.253354804079442,2.5563607085346214,6.0654857756307035,11.594202898550725,1.2077294685990339,0.2281266774020397
235,46.45061728395062,18.833870101986044,6.320450885668277,6.253354804079442,2.5429414922168547,6.025228126677402,12.151100375738057,1.1943102522812667,0.2281266774020397
236,46.51771336553945,18.80703166935051,6.3070316693505095,6.253354804079442,2.5429414922168547,6.025228126677402,12.124261943102523,1.1943102522812667,0.2281266774020397
237,46.63848631239936,18.760064412238325,6.273483628556092,6.253354804079442,2.5429414922168547,6.025228126677402,12.090713902308105,1.1876006441223832,0.2281266774020397
238,46.765968867418145,18.71309715512614,6.239935587761675,6.253354804079442,2.5429414922168547,6.025228126677402,12.04374664519592,1.1876006441223832,0.2281266774020397
239,46.88003220611916,18.666129898013956,6.139291465378422,6.206387546967257,2.6502952227589907,6.025228126677402,12.016908212560386,1.1876006441223832,0.2281266774020397
240,47.054482018250134,18.592324208266238,6.139291465378422,6.1929683306494905,2.636876006441224,6.005099302200751,11.963231347289318,1.1876006441223832,0.2281266774020397
241,47.14170692431562,18.592324208266238,6.092324208266238,6.1929683306494905,2.636876006441224,5.998389694041868,11.929683306494901,1.1876006441223832,0.2281266774020397
242,47.28260869565217,18.57890499194847,6.092324208266238,6.1929683306494905,2.636876006441224,5.958132045088567,11.862587224906065,1.1876006441223832,0.20799785292538917
243,47.51073537305421,18.552066559312937,6.038647342995169,6.166129898013956,2.636876006441224,5.891035963499732,11.808910359634996,1.1876006441223832,0.20799785292538917
244,47.57783145464305,18.54535695115405,6.025228126677402,6.146001073537305,2.61003757380569,5.891035963499732,11.808910359634996,1.1876006441223832,0.20799785292538917
245,47.65163714439077,18.417874396135264,6.005099302200751,6.119162640901771,2.61003757380569,6.018518518518518,11.782071926999464,1.1876006441223832,0.20799785292538917
246,47.725442834138484,18.4044551798175,6.005099302200751,6.105743424584004,2.6033279656468062,5.978260869565218,11.782071926999464,1.1876006441223832,0.20799785292538917
247,47.725442834138484,18.243424584004295,6.005099302200751,6.085614600107354,2.6033279656468062,6.213097155126141,11.728395061728396,1.1876006441223832,0.20799785292538917
248,47.819377348362856,18.230005367686527,6.005099302200751,6.085614600107354,2.6033279656468062,6.199677938808374,11.668008588298443,1.1808910359634996,0.20799785292538917
249,48.081052066559316,18.129361245303276,5.911164787976382,6.085614600107354,2.6033279656468062,6.1862587224906065,11.614331723027375,1.1808910359634996,0.20799785292538917
250,48.18840579710145,18.04884594739667,5.797101449275362,6.0654857756307035,2.6033279656468062,6.327160493827161,11.580783682232958,1.1808910359634996,0.20799785292538917
251,48.268921095008054,18.04213633923779,5.776972624798712,6.0654857756307035,2.6033279656468062,6.3070316693505095,11.54723564143854,1.1808910359634996,0.20799785292538917
252,48.429951690821255,18.015297906602253,5.770263016639828,6.045356951154052,2.6033279656468062,6.260064412238325,11.486849168008588,1.1808910359634996,0.20799785292538917
253,48.60440150295223,17.92807300053677,5.750134192163178,6.045356951154052,2.5966183574879227,6.226516371443908,11.486849168008588,1.1540526033279657,0.20799785292538917
254,48.7385936661299,17.787171229200215,5.750134192163178,6.025228126677402,2.690552871712292,6.206387546967257,11.446591519055287,1.1473429951690821,0.20799785292538917
255,49.033816425120776,17.746913580246915,5.709876543209877,5.998389694041868,2.690552871712292,6.146001073537305,11.3191089640365,1.1473429951690821,0.20799785292538917
256,49.16129898013956,17.74020397208803,5.709876543209877,5.964841653247451,2.677133655394525,6.105743424584004,11.285560923242082,1.1473429951690821,0.20799785292538917
257,49.2686527106817,17.74020397208803,5.669618894256575,5.964841653247451,2.6704240472356413,6.078904991948471,11.258722490606548,1.1406333870101986,0.20799785292538917
258,49.4699409554482,17.74020397208803,5.649490069779925,5.911164787976382,2.6637144390767578,6.078904991948471,11.137949543746645,1.1406333870101986,0.20799785292538917
259,49.644390767579175,17.72007514761138,5.636070853462158,5.857487922705314,2.6637144390767578,6.0654857756307035,11.064143853998926,1.1406333870101986,0.20799785292538917
260,49.77187332259796,17.693236714975846,5.622651637144391,5.837359098228664,2.6637144390767578,6.025228126677402,11.037305421363392,1.1406333870101986,0.20799785292538917
261,49.8792270531401,17.66639828234031,5.60252281266774,5.810520665593129,2.657004830917874,5.998389694041868,10.903113258185721,1.2748255501878691,0.20799785292538917
262,49.69806763285024,17.639559849704778,5.924584004294149,5.810520665593129,2.657004830917874,5.917874396135265,10.869565217391305,1.2748255501878691,0.20799785292538917
263,49.946323134728935,17.60601180891036,5.884326355340848,5.763553408480945,2.657004830917874,5.958132045088567,10.701825013419215,1.2748255501878691,0.20799785292538917
264,50.0805152979066,17.599302200751477,5.810520665593129,5.756843800322061,2.657004830917874,5.911164787976382,10.701825013419215,1.2748255501878691,0.20799785292538917
265,50.2012882447665,17.599302200751477,5.810520665593129,5.736714975845411,2.657004830917874,5.850778314546431,10.661567364465915,1.2748255501878691,0.20799785292538917
266,49.41626409017714,17.538915727321523,5.307300053676865,5.709876543209877,2.341653247450349,5.83064949006978,12.385936661298981,1.261406333870102,0.20799785292538917
267,49.443102522812666,17.465110037573805,5.307300053676865,5.709876543209877,2.3081052066559313,5.917874396135265,12.379227053140097,1.261406333870102,0.20799785292538917
268,49.3491680085883,17.458400429414922,5.287171229200215,5.709876543209877,2.7241009125067097,5.676328502415459,12.325550187869029,1.261406333870102,0.20799785292538917
269,49.32903918411165,17.438271604938272,5.287171229200215,5.709876543209877,2.7241009125067097,5.938003220611916,12.191358024691358,1.1741814278046163,0.20799785292538917
270,49.52361782071927,17.411433172302736,5.22007514761138,5.703166935050993,2.677133655394525,5.938003220611916,12.144390767579173,1.1741814278046163,0.20799785292538917
271,49.73832528180354,17.411433172302736,5.213365539452496,5.689747718733226,2.6435856146001075,5.8172302737520125,12.104133118625873,1.1741814278046163,0.20799785292538917
272,49.79200214707461,17.404723564143854,5.199946323134729,5.662909286097692,2.6435856146001075,5.8172302737520125,12.097423510466989,1.1741814278046163,0.20799785292538917
273,49.80542136339238,17.290660225442835,5.139559849704777,5.662909286097692,2.6301663982823404,6.018518518518518,12.070585077831455,1.1741814278046163,0.20799785292538917
