,45,50,53,54,55,51,52,56,57
0,99.85238862050456,0.14761137949543746,,,,,,,
1,85.35963499731616,14.640365002683843,,,,,,,
2,85.60118089103597,14.398819108964037,,,,,,,
3,82.93075684380032,16.921631776704242,0.14761137949543746,,,,,,
4,77.26113794954375,22.73886205045625,,,,,,,
5,69.48470209339774,30.515297906602253,,,,,,,
6,68.16290928609769,31.83709071390231,,,,,,,
7,68.22329575952764,31.776704240472355,,,,,,,
8,58.17901234567901,41.82098765432099,,,,,,,
9,58.44068706387547,40.445517981749866,0.24154589371980675,0.7246376811594203,0.14761137949543746,,,,
10,55.139559849704774,43.41116478797638,0.24154589371980675,0.9796027911969941,0.2281266774020397,,,,
11,46.947128287708,52.00617283950617,0.24154589371980675,0.7246376811594203,0.08051529790660225,,,,
12,45.06172839506173,46.85990338164251,0.24154589371980675,0.7246376811594203,0.08051529790660225,7.03166935050993,,,
13,39.78797638217928,52.22758990874933,0.24154589371980675,0.6575415995705851,0.08051529790660225,7.004830917874396,,,
14,39.92887815351583,52.08668813741278,0.24154589371980675,0.6575415995705851,0.08051529790660225,7.004830917874396,,,
15,40.13687600644123,51.88539989264627,0.24154589371980675,0.6508319914117016,0.08051529790660225,7.004830917874396,,,
16,37.546967257112186,54.45517981749866,0.24154589371980675,0.6508319914117016,0.2147074610842727,6.890767579173376,,,
17,37.96296296296296,53.817767042404725,0.24154589371980675,0.6508319914117016,0.4562533548040794,6.870638754696726,,,
18,27.85829307568438,63.87546967257112,0.24154589371980675,0.6508319914117016,0.38915727321524424,6.857219538378959,0.1274825550187869,,
19,19.665861513687602,64.04320987654322,0.24154589371980675,0.7045088566827697,0.5501878690284487,14.794685990338165,,,
20,20.055018786902846,63.83521202361782,0.24154589371980675,0.7045088566827697,0.5367686527106817,14.465915190552872,,0.1610305958132045,
21,17.01556629092861,58.883521202361784,0.24154589371980675,0.5501878690284487,0.4227053140096618,22.725442834138487,,0.1610305958132045,
22,17.21014492753623,58.782877079978526,0.24154589371980675,0.5501878690284487,0.4227053140096618,22.63150831991412,,0.1610305958132045,
23,16.14331723027375,55.052334943639295,0.24154589371980675,0.5501878690284487,0.4227053140096618,21.638486312399355,5.790391841116479,0.1610305958132045,
24,16.552603327965645,54.32769726247987,0.2281266774020397,0.5501878690284487,2.9924852388620504,19.39747718733226,5.790391841116479,0.1610305958132045,
25,16.982018250134193,53.58964036500269,0.3824476650563607,0.8856682769726248,3.2004830917874396,19.162640901771336,5.636070853462158,0.1610305958132045,
26,17.23027375201288,52.56977992485239,0.3824476650563607,1.0265700483091786,3.8580246913580245,19.135802469135804,5.636070853462158,0.1610305958132045,
27,17.51207729468599,50.3690284487386,4.045893719806763,1.0265700483091786,3.6500268384326353,17.659688674181428,5.5756843800322065,0.1610305958132045,
28,15.539452495974235,46.59822866344606,3.730542136339238,1.0265700483091786,3.9586688137412773,24.020397208803004,4.9651100375738055,0.1610305958132045,
29,15.962157809983896,46.45061728395062,3.730542136339238,1.0265700483091786,4.03918411164788,23.698336017176597,4.931561996779388,0.1610305958132045,
30,15.801127214170693,41.30434782608695,3.5762211486849167,0.6038647342995169,3.9049919484702094,31.635802469135804,3.012614063338701,0.1610305958132045,
31,15.955448201825014,40.84809447128288,3.5762211486849167,0.9460547504025765,4.240472356414386,31.260064412238325,3.012614063338701,0.1610305958132045,
32,16.324476650563607,40.60654857756307,3.5762211486849167,0.9460547504025765,4.200214707461084,30.971551261406333,2.9924852388620504,0.3824476650563607,
33,16.874664519592056,39.754428341384866,3.5762211486849167,1.6505636070853462,4.032474503488996,30.73671497584541,2.9924852388620504,0.3824476650563607,
34,17.438271604938272,39.412238325281805,3.5762211486849167,1.6505636070853462,4.032474503488996,30.52871712292002,2.9790660225442833,0.3824476650563607,
35,14.110305958132045,43.78690284487386,3.8378958668813743,1.6505636070853462,3.750670960815888,29.64975845410628,2.831454643048846,0.3824476650563607,
36,14.680622651637144,43.47155126140633,3.9519592055823938,1.6304347826086956,3.7372517444981215,29.367954911433173,2.7777777777777777,0.3824476650563607,
37,14.942297369833602,42.981749865807835,3.9519592055823938,1.9659151905528718,3.730542136339238,29.26731078904992,2.7777777777777777,0.3824476650563607,
38,15.344873859366613,42.693236714975846,3.9519592055823938,1.9659151905528718,3.730542136339238,28.85131508319914,3.079710144927536,0.3824476650563607,
39,15.103327965646805,41.97530864197531,6.327160493827161,1.892109500805153,3.9452495974235107,27.865002683843265,2.509393451422437,0.3824476650563607,
40,15.203972088030058,41.968599033816425,6.3070316693505095,1.892109500805153,3.9452495974235107,27.791196994095547,2.509393451422437,0.3824476650563607,
41,15.727321524422974,41.257380568974774,6.776704240472356,1.892109500805153,3.7909286097691894,27.38191089640365,2.509393451422437,0.6642512077294686,
42,15.861513687600644,39.27804616210413,6.662640901771336,1.5432098765432098,3.388352120236178,30.139559849704778,2.475845410628019,0.6508319914117016,
43,15.841384863123993,38.6808910359635,6.662640901771336,1.7914653784219001,4.4820182501341925,29.414922168545356,2.475845410628019,0.6508319914117016,
44,16.451959205582394,38.439345142243695,6.662640901771336,1.7914653784219001,4.206924315619967,29.320987654320987,2.475845410628019,0.6508319914117016,
45,16.53918411164788,38.258185721953836,6.662640901771336,1.7646269457863661,4.374664519592056,29.045893719806763,2.4355877616747184,0.9192163177670424,
46,16.800858829844337,37.8690284487386,6.649221685453569,2.301395598497048,4.1532474503489,28.878153515834676,2.428878153515835,0.9192163177670424,
47,16.814278046162105,37.82877079978529,6.816961889425658,2.301395598497048,4.146537842190016,28.77079978529254,2.428878153515835,0.8923778851315083,
48,16.908212560386474,37.80864197530864,6.816961889425658,2.301395598497048,4.146537842190016,28.69699409554482,2.428878153515835,0.8923778851315083,
49,16.82769726247987,38.05018786902845,6.816961889425658,2.301395598497048,4.146537842190016,28.535963499731615,2.428878153515835,0.8923778851315083,
50,17.156468062265162,37.78851315083199,6.810252281266774,2.2410091250670963,4.146537842190016,28.535963499731615,2.428878153515835,0.8923778851315083,
51,17.599302200751477,37.5,6.810252281266774,2.2410091250670963,4.213633923778851,28.31454643048846,2.428878153515835,0.8923778851315083,
52,16.774020397208805,32.67579173376275,6.810252281266774,2.073268921095008,4.052603327965647,34.292807300053674,2.428878153515835,0.8923778851315083,
53,16.941760601180892,32.400697799248526,6.890767579173376,1.9927536231884058,4.3478260869565215,34.10493827160494,2.428878153515835,0.8923778851315083,
54,17.324208266237253,32.21282877079979,6.890767579173376,2.1403650026838434,4.200214707461084,33.93719806763285,2.428878153515835,0.8655394524959742,
55,17.96833064949007,31.662640901771336,6.890767579173376,2.1403650026838434,4.193505099302201,33.60842726784756,2.428878153515835,1.107085346215781,
56,15.915190552871712,27.851583467525497,4.4753086419753085,1.9927536231884058,2.281266774020397,44.20960815888352,2.428878153515835,0.8454106280193237,
57,15.96886741814278,27.91867954911433,4.4753086419753085,1.9927536231884058,2.281266774020397,44.08883521202362,2.428878153515835,0.8454106280193237,
58,16.492216854535695,27.15378421900161,4.42163177670424,2.26784755770263,2.2342995169082127,42.42485238862051,4.159957058507783,0.8454106280193237,
59,15.24422973698336,17.8743961352657,2.3483628556092326,1.0399892646269457,1.9994632313472893,56.56870638754697,4.079441760601181,0.8454106280193237,
60,15.908480944712828,17.773752012882447,2.2946859903381642,1.0399892646269457,2.2410091250670963,55.9447128287708,3.9519592055823938,0.8454106280193237,
61,16.0426731078905,17.74020397208803,2.2946859903381642,1.0399892646269457,2.2410091250670963,55.844068706387546,3.9519592055823938,0.8454106280193237,
62,15.385131508319914,16.465378421900162,2.5161030595813205,3.4151905528717124,1.9256575415995705,55.50858829844337,3.9519592055823938,0.8319914117015567,
63,15.499194847020934,16.35131508319914,2.475845410628019,5.723295759527644,1.9256575415995705,53.247450348899626,3.9452495974235107,0.8319914117015567,
64,15.895061728395062,16.337895866881375,2.475845410628019,5.709876543209877,1.9256575415995705,52.945517981749866,3.878153515834675,0.8319914117015567,
65,13.298443370907139,12.453032742887816,2.3752012882447664,5.307300053676865,1.8518518518518519,61.32581857219538,2.8113258185721954,0.5770263016639828,
66,13.79495437466452,12.345679012345679,2.3752012882447664,5.307300053676865,1.8518518518518519,60.93666129898014,2.8113258185721954,0.5770263016639828,
67,14.184111647879764,12.084004294149223,2.3752012882447664,5.307300053676865,1.8518518518518519,60.81588835212023,2.804616210413312,0.5770263016639828,
68,14.439076757917338,12.084004294149223,2.3752012882447664,5.307300053676865,2.7106816961889426,59.76247987117552,2.7442297369833604,0.5770263016639828,
69,14.868491680085883,12.06387546967257,2.3752012882447664,5.22007514761138,2.703972088030059,59.11164787976382,2.737520128824477,0.9192163177670424,
70,14.298174986580785,11.936392914653783,2.3483628556092326,5.22007514761138,2.690552871712292,57.48792270531401,5.0993022007514766,0.9192163177670424,
71,15.143585614600108,11.77536231884058,2.3483628556092326,5.2066559312936125,2.690552871712292,56.86392914653784,5.052334943639291,0.9192163177670424,
72,15.405260332796564,11.694847020933977,2.932098765432099,5.059044551798175,2.690552871712292,56.36741814278046,5.052334943639291,0.798443370907139,
73,15.827965646806227,11.688137412775093,2.8247450348899625,5.038915727321524,2.690552871712292,56.22651637144391,4.904723564143854,0.798443370907139,
74,16.11647879763822,11.701556629092861,2.818035426731079,4.871175523349437,2.8113258185721954,56.045356951154055,4.8376274825550185,0.798443370907139,
75,16.25067096081589,11.688137412775093,2.804616210413312,4.871175523349437,2.8113258185721954,55.93800322061192,4.8376274825550185,0.798443370907139,
76,13.969404186795492,11.54723564143854,3.099838969404187,4.502147074610843,2.120236178207193,49.100912506709605,14.982555018786902,0.6776704240472357,
77,14.432367149758454,11.41304347826087,3.046162104133119,4.5893719806763285,2.120236178207193,48.7385936661299,14.982555018786902,0.6776704240472357,
78,15.056360708534621,11.238593666129898,5.877616747181965,4.5893719806763285,2.086688137412775,45.78636607622115,14.687332259796028,0.6776704240472357,
79,15.599838969404187,11.238593666129898,5.750134192163178,4.508856682769726,2.0665593129361244,45.571658615136876,14.586688137412775,0.6776704240472357,
80,16.317767042404725,11.158078368223295,7.742887815351583,4.341116478797638,1.8250134192163177,43.77348362855609,14.163982823403114,0.6776704240472357,
81,16.6935050993022,11.137949543746645,7.742887815351583,4.341116478797638,1.7444981213097155,43.525228126677405,14.13714439076758,0.6776704240472357,
82,14.452495974235104,7.501341921631776,4.663177670424047,3.3145464304884595,1.4090177133655395,52.09339774557166,16.109769189479334,0.4562533548040794,
83,14.660493827160494,7.313472893183038,4.663177670424047,3.307836822329576,1.4090177133655395,52.09339774557166,16.09634997316157,0.4562533548040794,
84,15.183843263553408,7.286634460547504,4.663177670424047,3.2004830917874396,1.4962426194310252,51.509661835748794,16.056092324208265,0.6038647342995169,
85,15.713902308105206,7.199409554482019,4.5893719806763285,3.1736446591519054,1.482823403113258,50.95276435856146,16.022544283413847,0.8655394524959742,
86,16.129898013955984,7.199409554482019,4.461889425657541,3.1736446591519054,1.482823403113258,50.7313472893183,15.955448201825014,0.8655394524959742,
87,17.19001610305958,7.058507783145465,4.461889425657541,3.1065485775630703,1.4559849704777241,49.73161567364466,15.794417606011809,1.2010198604401503,
88,17.746913580246915,6.9243156199677935,4.461889425657541,3.0931293612453032,1.4559849704777241,49.27536231884058,15.727321524422974,1.3150831991411702,
89,17.847557702630166,6.830381105743425,4.461889425657541,3.0730005367686526,2.200751476113795,48.43666129898014,15.687063875469672,1.4626945786366077,
90,18.337359098228664,6.790123456790123,4.448470209339774,3.0730005367686526,2.3215244229736984,48.01395598497048,15.002683843263553,2.0128824476650564,
91,18.733225979602793,6.729736983360172,4.435050993022007,3.046162104133119,2.5026838432635534,47.90660225442834,14.660493827160494,1.9860440150295222,
92,18.874127750939344,6.66935050993022,4.676596886741814,3.046162104133119,2.5026838432635534,47.745571658615134,14.63365539452496,1.8518518518518519,
93,19.28341384863124,6.635802469135802,4.643048845947397,2.9924852388620504,2.4825550187869028,47.48389694041868,14.51959205582394,1.9592055823939882,
94,19.659151905528716,6.595544820182502,4.643048845947397,3.2675791733762747,2.6167471819645733,47.26918947933441,13.989533011272142,1.9592055823939882,
95,20.075147611379496,6.588835212023618,4.643048845947397,3.2675791733762747,2.6167471819645733,46.92028985507246,13.92914653784219,1.9592055823939882,
96,20.061728395061728,6.5552871712292005,4.864465915190553,3.260869565217391,2.6167471819645733,46.85319377348363,13.828502415458937,1.9592055823939882,
97,18.833870101986044,8.165593129361245,4.864465915190553,3.240740740740741,2.677133655394525,46.41035963499731,13.747987117552334,2.059849704777241,
98,19.316961889425656,8.024691358024691,4.864465915190553,3.7372517444981215,2.6435856146001075,46.041331186258724,13.365539452495975,2.006172839506173,
99,19.80005367686527,7.98443370907139,4.864465915190553,3.7372517444981215,2.636876006441224,45.833333333333336,13.137412775093935,2.006172839506173,
100,19.89398819108964,7.96430488459474,5.092592592592593,3.770799785292539,2.5295222758990876,45.6454643048846,13.103864734299517,1.9994632313472893,
101,20.00805152979066,7.917337627482555,4.736983360171766,3.629898013955985,2.4221685453569513,47.356414385399894,11.943102522812667,1.9860440150295222,
102,19.90740740740741,7.917337627482555,4.05931293612453,3.844605475040258,2.3081052066559313,49.20155662909286,10.775630703166936,1.9860440150295222,
103,20.175791733762747,7.843531937734836,4.05931293612453,3.844605475040258,2.2946859903381642,48.88620504562534,10.775630703166936,2.120236178207193,
104,19.887278582930758,7.635534084809447,3.911701556629093,4.320987654320987,2.2946859903381642,49.32903918411165,10.507246376811594,2.1135265700483092,
105,20.108695652173914,7.608695652173913,3.8915727321524423,4.320987654320987,2.7106816961889426,48.7385936661299,10.507246376811594,2.1135265700483092,
106,20.283145464304884,7.581857219538379,3.8915727321524423,4.28743961352657,2.7106816961889426,48.510466988727856,10.507246376811594,2.227589908749329,
107,20.44417606011809,7.581857219538379,3.8915727321524423,4.28743961352657,2.7106816961889426,48.389694041867955,10.466988727858293,2.227589908749329,
108,20.50456253354804,7.581857219538379,3.878153515834675,4.260601180891036,2.703972088030059,48.067632850241544,10.466988727858293,2.536231884057971,
109,20.719269994632313,7.481213097155126,3.8311862587224907,4.260601180891036,2.703972088030059,48.007246376811594,10.46027911969941,2.536231884057971,
110,21.202361782071925,7.481213097155126,3.8311862587224907,4.871175523349437,2.703972088030059,47.00080515297907,10.38647342995169,2.522812667740204,
111,21.484165324745035,7.286634460547504,3.7037037037037037,4.871175523349437,2.999194847020934,46.3365539452496,10.38647342995169,2.932098765432099,
112,21.947128287707997,7.253086419753086,3.7037037037037037,4.864465915190553,2.999194847020934,45.98094471282877,10.319377348362856,2.932098765432099,
113,22.10144927536232,7.179280730005368,3.7037037037037037,4.985238862050457,3.260869565217391,45.45759527643585,10.044283413848632,3.2675791733762747,
114,22.36983360171766,7.179280730005368,3.670155662909286,4.951690821256038,3.2541599570585076,45.26301663982824,10.044283413848632,3.2675791733762747,
115,22.430220075147613,7.085346215780999,3.670155662909286,5.226784755770263,3.475577026301664,44.847020933977454,10.017444981213098,3.2474503488996245,
116,22.73215244229737,6.977992485238862,3.603059581320451,5.199946323134729,3.44873859366613,44.44444444444444,10.017444981213098,3.5762211486849167,
117,22.873054213633925,6.964573268921095,4.106280193236715,5.132850241545894,3.207192699946323,44.20960815888352,9.930220075147611,3.5762211486849167,
118,23.362855609232422,6.857219538378959,4.032474503488996,5.112721417069243,3.207192699946323,43.974771873322595,9.876543209876543,3.5762211486849167,
119,23.416532474503487,6.857219538378959,4.025764895330113,5.112721417069243,4.05931293612453,43.08910359634997,9.863123993558776,3.5762211486849167,
120,23.49704777241009,6.857219538378959,4.025764895330113,5.112721417069243,4.280730005367687,42.8743961352657,9.809447128287708,3.5426731078904994,
121,24.094202898550726,6.857219538378959,3.9586688137412773,5.112721417069243,4.280730005367687,42.351046698872786,9.634997316156737,3.7104133118625873,
122,24.61755233494364,6.837090713902308,3.9452495974235107,5.10601180891036,4.280730005367687,41.89479334406871,9.608158883521202,3.7104133118625873,
123,20.860171765968868,3.938539989264627,3.938539989264627,3.992216854535695,4.206924315619967,50.0402576489533,9.588030059044552,3.435319377348363,
124,21.296296296296298,3.938539989264627,3.898282340311326,3.992216854535695,4.320987654320987,49.63768115942029,9.541062801932368,3.374932903918411,
125,21.598228663446054,3.938539989264627,3.8848631239935587,3.992216854535695,4.320987654320987,49.422973698336016,9.514224369296834,3.3279656468062266,
126,22.282608695652176,3.92512077294686,3.878153515834675,3.992216854535695,4.2270531400966185,48.90633387010199,9.460547504025765,3.3279656468062266,
127,22.094739667203434,3.92512077294686,3.878153515834675,3.9855072463768115,5.964841653247451,47.36312399355877,9.460547504025765,3.3279656468062266,
128,22.477187332259795,3.92512077294686,3.878153515834675,3.9855072463768115,5.850778314546431,47.195383789586685,9.359903381642512,3.3279656468062266,
129,22.906602254428343,3.92512077294686,3.878153515834675,3.965378421900161,5.837359098228664,47.0679012345679,9.198872785829307,3.2206119162640903,
130,23.03408480944713,3.9184111647879765,3.878153515834675,3.992216854535695,5.730005367686527,46.725711218464845,9.500805152979066,3.2206119162640903,
131,23.1682769726248,3.911701556629093,3.824476650563607,3.992216854535695,5.703166935050993,46.67874396135266,9.500805152979066,3.2206119162640903,
132,23.597691894793343,3.911701556629093,3.824476650563607,3.9855072463768115,5.669618894256575,46.23590982286635,9.373322597960279,3.4017713365539453,
133,23.919753086419753,3.8848631239935587,3.824476650563607,3.911701556629093,5.60252281266774,46.081588835212024,9.373322597960279,3.4017713365539453,
134,24.376006441223833,3.8848631239935587,3.824476650563607,4.019055287171229,5.481749865807837,45.772946859903385,9.306226516371444,3.33467525496511,
135,24.510198604401502,3.7909286097691894,3.824476650563607,3.938539989264627,5.46833064949007,45.71926999463231,9.440418679549115,3.307836822329576,
136,25.067096081588836,3.7909286097691894,3.824476650563607,3.92512077294686,5.381105743424584,45.08185721953838,9.426999463231347,3.502415458937198,
137,25.355609232420825,3.7909286097691894,3.8177670424047236,3.92512077294686,5.374396135265701,44.867149758454104,9.366612989801396,3.502415458937198,
138,25.657541599570585,3.7775093934514223,3.7640901771336552,3.92512077294686,5.656199677938808,43.80032206119163,9.31964573268921,4.0995705850778315,
139,26.194310252281266,3.7775093934514223,3.7640901771336552,3.92512077294686,5.642780461621041,43.41116478797638,9.232420826623725,4.052603327965647,
140,26.234567901234566,3.750670960815888,3.7640901771336552,3.92512077294686,5.642780461621041,43.39774557165862,9.232420826623725,4.052603327965647,
141,26.838432635534083,3.743961352657005,3.683574879227053,3.92512077294686,5.642780461621041,42.90794417606012,9.205582393988191,4.052603327965647,
142,27.26113794954375,3.743961352657005,3.7909286097691894,3.9184111647879765,5.6964573268921095,42.43827160493827,9.205582393988191,3.9452495974235107,
143,27.66371443907676,3.743961352657005,3.750670960815888,3.9184111647879765,5.83064949006978,41.727053140096615,9.16532474503489,4.200214707461084,
144,27.811325818572197,3.743961352657005,3.750670960815888,3.898282340311326,5.9447128287707995,41.18357487922705,8.964036500268385,4.703435319377348,
145,27.992485238862052,3.7238325281803544,3.750670960815888,3.8714439076757916,6.179549114331723,40.81454643048846,8.964036500268385,4.703435319377348,
146,28.44873859366613,3.629898013955985,3.7238325281803544,3.824476650563607,6.072195383789587,40.49919484702093,8.890230810520666,4.911433172302737,
147,28.63660762211487,3.629898013955985,3.7238325281803544,3.824476650563607,6.132581857219538,40.03623188405797,8.883521202361782,5.132850241545894,
148,28.797638217928075,3.629898013955985,3.69699409554482,3.824476650563607,6.119162640901771,39.92887815351583,8.870101986044014,5.132850241545894,
149,29.56924315619968,3.6231884057971016,3.69699409554482,3.6902844873859366,6.139291465378422,39.439076757917334,8.769457863660762,5.072463768115942,
150,29.931561996779386,3.6231884057971016,3.69699409554482,3.6902844873859366,6.139291465378422,39.21765968867418,8.668813741277509,5.032206119162641,
151,30.434782608695652,3.6231884057971016,3.629898013955985,3.8311862587224907,5.790391841116479,39.08346752549651,8.59500805152979,5.01207729468599,
152,30.636070853462158,3.6231884057971016,3.629898013955985,3.81105743424584,5.776972624798712,38.94256575415996,8.57487922705314,5.005367686527107,
153,30.97826086956522,3.6231884057971016,3.5963499731615673,3.81105743424584,5.750134192163178,38.687600644122384,8.57487922705314,4.978529253891573,
154,31.38083735909823,3.6231884057971016,3.5762211486849167,3.81105743424584,5.750134192163178,38.446054750402574,8.501073537305421,4.911433172302737,
155,32.588566827697264,3.3950617283950617,3.3548040794417604,3.6902844873859366,5.803811057434245,37.74154589371981,8.36688137412775,5.059044551798175,
156,32.98443370907139,3.3816425120772946,3.3548040794417604,3.670155662909286,5.790391841116479,37.47987117552335,8.36688137412775,4.9718196457326895,
157,33.011272141706925,3.3816425120772946,3.3548040794417604,3.670155662909286,5.790391841116479,37.466451959205585,8.36688137412775,4.958400429414922,
158,33.272946859903385,3.3816425120772946,3.3480944712828773,3.770799785292539,5.790391841116479,37.2987117552335,8.353462157809984,4.783950617283951,
159,33.393719806763286,3.374932903918411,3.3480944712828773,3.770799785292539,5.776972624798712,37.19806763285024,8.353462157809984,4.783950617283951,
160,33.55475040257649,3.374932903918411,3.3480944712828773,3.770799785292539,5.730005367686527,37.084004294149224,8.353462157809984,4.783950617283951,
161,33.93048845947396,3.374932903918411,3.33467525496511,3.743961352657005,5.71658615136876,36.882716049382715,8.232689210950081,4.783950617283951,
162,34.252549651100374,3.374932903918411,3.33467525496511,3.743961352657005,5.71658615136876,36.56736446591519,8.232689210950081,4.777241009125067,
163,34.27938808373591,3.374932903918411,3.33467525496511,3.743961352657005,6.011808910359635,36.33252818035427,8.205850778314547,4.7168545356951155,
164,34.655126140633385,3.374932903918411,3.294417606011809,3.743961352657005,5.884326355340848,36.13794954374664,8.205850778314547,4.703435319377348,
165,34.675254965110035,3.374932903918411,3.294417606011809,3.743961352657005,5.884326355340848,36.12453032742888,8.199141170155663,4.703435319377348,
166,34.77589908749329,3.374932903918411,3.294417606011809,3.7238325281803544,5.877616747181965,36.05072463768116,8.199141170155663,4.703435319377348,
167,34.896672034353195,3.374932903918411,3.294417606011809,3.5963499731615673,7.011540526033279,35.18518518518518,8.071658615136876,4.569243156199678,
168,35.33279656468062,3.3682232957595275,3.2877079978529253,3.569511540526033,6.951154052603328,34.916800858829845,8.024691358024691,4.549114331723027,
169,35.84272678475577,3.3548040794417604,3.2877079978529253,3.4621578099838968,6.810252281266774,34.735641438539986,7.991143317230274,4.51556629092861,
170,35.990338164251206,3.3548040794417604,3.2877079978529253,3.4621578099838968,6.790123456790123,34.634997316156735,7.991143317230274,4.488727858293076,
171,36.33923778851315,3.3548040794417604,3.227321524422974,3.4420289855072466,6.790123456790123,34.366612989801396,7.991143317230274,4.488727858293076,
172,36.65458937198068,3.3480944712828773,3.227321524422974,3.4420289855072466,6.944444444444445,33.742619431025226,7.937466451959206,4.703435319377348,
173,36.78878153515835,3.307836822329576,3.227321524422974,3.4420289855072466,6.944444444444445,33.65539452495974,7.930756843800322,4.703435319377348,
174,36.45330112721417,3.260869565217391,3.099838969404187,3.3682232957595275,6.91760601180891,33.44739667203435,8.789586688137414,4.663177670424047,
175,36.72839506172839,3.1535158346752548,2.623456790123457,3.3413848631239937,6.877348362855609,33.08507783145464,8.789586688137414,5.401234567901234,
176,36.81561996779388,3.1535158346752548,2.5966183574879227,3.3413848631239937,6.850509930220075,33.05823939881911,8.789586688137414,5.394524959742351,
177,37.043746645195924,3.1333870101986045,2.5697799248523885,3.3413848631239937,6.8035426731078905,32.95759527643585,8.76274825550188,5.387815351583468,
178,37.493290391841114,3.126677402039721,2.5697799248523885,3.321256038647343,6.8035426731078905,32.776435856146,8.61513687600644,5.293880837359098,
179,35.35963499731616,3.0595813204508855,2.871712292002147,3.321256038647343,6.179549114331723,35.57434245840043,8.501073537305421,5.132850241545894,
180,35.55421363392378,3.052871712292002,2.871712292002147,3.3145464304884595,6.146001073537305,35.487117552334944,8.454106280193237,5.119431025228127,
181,35.84272678475577,3.0327428878153517,2.871712292002147,3.3145464304884595,6.092324208266238,35.32608695652174,8.427267847557703,5.092592592592593,
182,36.24530327428878,3.0327428878153517,2.85829307568438,3.294417606011809,5.984970477724101,35.28582930756844,8.219269994632313,5.0791733762748255,
183,36.38620504562534,3.0327428878153517,2.85829307568438,3.294417606011809,5.971551261406334,35.17176596886742,8.21256038647343,5.072463768115942,
184,36.63446054750403,3.0327428878153517,3.0059044551798175,3.260869565217391,5.971551261406334,34.80944712828771,8.185721953837897,5.0993022007514766,
185,36.533816425120776,3.0327428878153517,3.0059044551798175,3.730542136339238,5.958132045088567,34.49409554482018,8.185721953837897,5.059044551798175,
186,37.05716586151369,2.804616210413312,2.8784219001610305,3.717122920021471,5.931293612453032,34.38003220611916,8.185721953837897,5.045625335480408,
187,37.754965110037574,2.804616210413312,2.804616210413312,3.717122920021471,5.595813204508857,34.15861513687601,8.125335480407944,5.038915727321524,
188,37.80864197530864,2.804616210413312,2.804616210413312,3.717122920021471,5.340848094471283,33.66881374127751,8.903650026838433,4.951690821256038,
189,38.036768652710684,2.804616210413312,2.804616210413312,3.6634460547504024,5.314009661835748,33.621846484165324,8.809715512614064,4.944981213097155,
190,38.197799248523886,2.791196994095545,2.804616210413312,3.6634460547504024,5.253623188405797,33.45410628019324,8.923778851315083,4.911433172302737,
191,38.10386473429951,2.791196994095545,2.804616210413312,3.878153515834675,5.253623188405797,33.44068706387547,8.816425120772946,4.911433172302737,
192,37.82877079978529,2.7308105206655933,3.535963499731616,3.844605475040258,5.032206119162641,33.11862587224906,8.883521202361782,5.025496511003757,
193,38.05018786902845,2.7106816961889426,3.656736446591519,3.844605475040258,5.018786902844874,32.88378958668814,8.863392377885132,4.9718196457326895,
194,38.04347826086956,2.6972624798711755,3.656736446591519,4.1129898013955986,5.0993022007514766,32.58185721953838,8.836553945249598,4.9718196457326895,
195,38.16425120772947,2.6838432635534084,3.656736446591519,4.28743961352657,5.0993022007514766,32.26650563607085,8.749329039184111,5.092592592592593,
196,38.59366612989801,2.6704240472356413,3.5963499731615673,4.28743961352657,5.0993022007514766,32.01154052603328,8.648684916800859,5.092592592592593,
197,38.92914653784219,2.6502952227589907,3.556092324208266,4.28743961352657,5.045625335480408,31.796833064949006,8.641975308641975,5.092592592592593,
198,38.868760064412236,2.6502952227589907,3.556092324208266,4.166666666666667,5.025496511003757,31.367418142780462,9.145195920558239,5.092592592592593,0.1274825550187869
199,38.77482555018787,2.589908749329039,3.7238325281803544,4.2270531400966185,5.025496511003757,31.30703166935051,9.138486312399356,5.0858829844337095,0.1274825550187869
200,38.92914653784219,2.589908749329039,3.7104133118625873,4.2203435319377345,4.951690821256038,31.266774020397207,9.138486312399356,5.0858829844337095,0.10735373054213634
201,36.9296833064949,2.462426194310252,2.9052603327965647,3.8848631239935587,4.864465915190553,34.77589908749329,8.984165324745035,5.0858829844337095,0.10735373054213634
202,37.05716586151369,2.4490069779924855,2.898550724637681,3.8848631239935587,5.756843800322061,33.9170692431562,8.964036500268385,4.9651100375738055,0.10735373054213634
203,37.33225979602791,2.4490069779924855,2.898550724637681,3.8580246913580245,5.756843800322061,33.722490606548575,8.964036500268385,4.911433172302737,0.10735373054213634
204,37.0907139023081,2.442297369833602,2.804616210413312,5.689747718733226,5.71658615136876,32.87707997852925,8.709071390230811,4.562533548040794,0.10735373054213634
205,37.32555018786903,2.442297369833602,2.804616210413312,5.770263016639828,6.152710681696189,32.347020933977454,8.682232957595277,4.367954911433173,0.10735373054213634
206,37.35909822866345,2.442297369833602,2.7643585614600106,5.971551261406334,6.367418142780462,31.870638754696724,8.776167471819646,4.341116478797638,0.10735373054213634
207,37.69457863660762,2.442297369833602,2.7308105206655933,5.857487922705314,6.266774020397209,31.810252281266774,8.756038647342995,4.334406870638754,0.10735373054213634
208,38.20450885668277,2.3081052066559313,2.677133655394525,5.837359098228664,6.353998926462695,31.5552871712292,8.695652173913043,4.260601180891036,0.10735373054213634
209,38.31857219538379,2.3081052066559313,2.9052603327965647,5.636070853462158,6.461352657004831,31.46135265700483,8.568169618894256,4.233762748255502,0.10735373054213634
210,38.59366612989801,2.3081052066559313,2.9052603327965647,5.609232420826624,6.300322061191626,31.387546967257112,8.561460010735374,4.233762748255502,0.10064412238325282
211,38.55340848094471,2.301395598497048,2.8650026838432634,5.609232420826624,6.541867954911433,31.112453032742888,8.729200214707461,4.186795491143317,0.10064412238325282
212,38.707729468599034,2.301395598497048,2.8650026838432634,5.595813204508857,6.702898550724638,30.97826086956522,8.57487922705314,4.180085882984434,0.0939345142243693
213,38.707729468599034,2.100107353730542,3.140096618357488,5.589103596349974,6.689479334406871,30.97826086956522,8.521202361782072,4.180085882984434,0.0939345142243693
214,38.99624261943102,2.100107353730542,3.099838969404187,5.5689747718733225,6.689479334406871,30.931293612453032,8.400429414922169,4.119699409554482,0.0939345142243693
215,39.10359634997316,2.100107353730542,3.099838969404187,5.515297906602254,6.662640901771336,30.917874396135264,8.199141170155663,4.119699409554482,0.28180354267310787
216,39.28475577026302,2.100107353730542,3.099838969404187,5.508588298443371,6.561996779388084,30.857487922705314,8.199141170155663,4.106280193236715,0.28180354267310787
217,39.55314009661836,2.100107353730542,3.0864197530864197,5.508588298443371,6.474771873322598,30.797101449275363,8.09849704777241,4.0995705850778315,0.28180354267310787
218,39.64707461084273,2.100107353730542,3.0864197530864197,5.481749865807837,6.468062265163715,30.73671497584541,8.09849704777241,4.0995705850778315,0.28180354267310787
219,39.83494363929147,2.086688137412775,3.0864197530864197,5.481749865807837,6.468062265163715,30.629361245303276,8.038110574342458,4.092860976918948,0.28180354267310787
220,39.962426194310254,2.086688137412775,3.0730005367686526,5.475040257648954,6.447933440687064,30.56226516371444,8.024691358024691,4.086151368760064,0.28180354267310787
221,39.98926462694579,2.086688137412775,3.066290928609769,5.4616210413311865,6.447933440687064,30.414653784219002,8.011272141706923,4.240472356414386,0.28180354267310787
222,39.97584541062802,2.086688137412775,3.193773483628556,5.4616210413311865,6.4345142243692965,30.381105743424584,7.944176060118089,4.240472356414386,0.28180354267310787
223,40.5126140633387,2.086688137412775,3.193773483628556,5.407944176060118,6.340579710144928,30.01207729468599,7.937466451959206,4.2270531400966185,0.28180354267310787
224,40.754159957058505,2.086688137412775,3.193773483628556,5.381105743424584,6.320450885668277,29.958400429414922,7.75630703166935,4.320987654320987,0.2281266774020397
225,41.056092324208265,2.086688137412775,3.166935050993022,5.381105743424584,6.320450885668277,29.851046698872786,7.588566827697263,4.320987654320987,0.2281266774020397
226,41.116478797638216,2.0665593129361244,3.166935050993022,5.35426731078905,6.367418142780462,29.64975845410628,7.763016639828234,4.28743961352657,0.2281266774020397
227,41.25067096081589,2.0531400966183573,3.207192699946323,5.3274288781535155,6.367418142780462,29.51556629092861,7.763016639828234,4.28743961352657,0.2281266774020397
228,41.22383252818035,2.01959205582394,3.180354267310789,6.206387546967257,6.179549114331723,28.972088030059044,7.763016639828234,4.2270531400966185,0.2281266774020397
229,41.337895866881375,2.01959205582394,3.180354267310789,6.327160493827161,6.166129898013956,28.864734299516908,7.742887815351583,4.133118625872249,0.2281266774020397
230,41.98201825013419,2.01959205582394,3.012614063338701,6.286902844873859,6.146001073537305,28.63660762211487,7.581857219538379,4.106280193236715,0.2281266774020397
231,42.36446591519055,2.01959205582394,2.999194847020934,6.286902844873859,6.146001073537305,28.12667740203972,7.548309178743962,4.280730005367687,0.2281266774020397
232,42.632850241545896,2.01959205582394,2.999194847020934,6.273483628556092,6.085614600107354,27.932098765432098,7.548309178743962,4.280730005367687,0.2281266774020397
233,42.78717122920021,2.01959205582394,3.1468062265163717,6.206387546967257,5.891035963499732,27.791196994095547,7.830112721417069,4.0995705850778315,0.2281266774020397
234,43.062265163714436,2.01959205582394,3.1065485775630703,6.166129898013956,5.884326355340848,27.616747181964573,7.830112721417069,4.086151368760064,0.2281266774020397
235,43.12936124530327,2.01959205582394,3.361513687600644,6.099033816425121,5.884326355340848,27.549651100375737,7.669082125603865,4.05931293612453,0.2281266774020397
236,43.68625872249061,2.01959205582394,3.361513687600644,5.723295759527644,5.797101449275362,27.34836285560923,7.776435856146001,4.05931293612453,0.2281266774020397
237,43.69296833064949,2.01959205582394,3.361513687600644,5.723295759527644,5.790391841116479,27.34836285560923,7.776435856146001,4.05931293612453,0.2281266774020397
238,43.80703166935051,2.006172839506173,3.361513687600644,5.723295759527644,5.763553408480945,27.274557165861513,7.776435856146001,4.05931293612453,0.2281266774020397
239,43.90096618357488,2.006172839506173,3.361513687600644,5.750134192163178,5.756843800322061,27.053140096618357,7.883789586688137,4.05931293612453,0.2281266774020397
240,44.08212560386473,2.006172839506173,3.361513687600644,5.750134192163178,5.743424584004294,26.939076757917338,7.830112721417069,4.05931293612453,0.2281266774020397
241,44.216317767042405,1.9793344068706387,3.5091250670960816,5.669618894256575,5.850778314546431,26.69753086419753,7.816693505099302,4.032474503488996,0.2281266774020397
242,41.54589371980676,6.830381105743425,3.4017713365539453,5.535426731078905,5.8239398819108965,26.617015566290927,6.038647342995169,3.978797638217928,0.2281266774020397
243,41.76731078904992,6.796833064949007,3.4017713365539453,5.535426731078905,5.810520665593129,26.496242619431026,6.038647342995169,3.92512077294686,0.2281266774020397
244,42.12292002147075,6.709608158883521,3.4017713365539453,5.508588298443371,5.803811057434245,26.37546967257112,5.9514224369296835,3.898282340311326,0.2281266774020397
245,42.36446591519055,6.689479334406871,3.4017713365539453,5.508588298443371,5.703166935050993,26.1808910359635,5.917874396135265,4.005636070853462,0.2281266774020397
246,42.552334943639295,6.689479334406871,3.3413848631239937,5.508588298443371,5.669618894256575,26.08695652173913,5.917874396135265,4.005636070853462,0.2281266774020397
247,42.51207729468599,6.689479334406871,3.730542136339238,5.508588298443371,5.629361245303274,25.711218464841654,5.864197530864198,4.126409017713366,0.2281266774020397
248,42.36446591519055,6.642512077294686,4.032474503488996,5.508588298443371,5.60252281266774,25.711218464841654,5.790391841116479,4.119699409554482,0.2281266774020397
249,42.579173376274824,6.608964036500268,4.032474503488996,5.4616210413311865,5.60252281266774,25.59044551798175,5.790391841116479,4.106280193236715,0.2281266774020397
250,42.961621041331185,6.602254428341385,3.824476650563607,5.4549114331723025,5.60252281266774,25.308641975308642,5.790391841116479,4.2270531400966185,0.2281266774020397
251,42.64626945786366,6.588835212023618,4.079441760601181,6.246645195920558,5.562265163714439,24.765163714439076,5.750134192163178,4.133118625872249,0.2281266774020397
252,42.66639828234031,6.588835212023618,4.052603327965647,6.246645195920558,5.857487922705314,24.50348899624262,5.730005367686527,4.126409017713366,0.2281266774020397
253,42.659688674181425,6.380837359098229,4.193505099302201,6.213097155126141,5.857487922705314,24.838969404186795,5.636070853462158,3.992216854535695,0.2281266774020397
254,42.76704240472356,6.327160493827161,4.193505099302201,6.119162640901771,5.837359098228664,24.792002147074612,5.756843800322061,3.978797638217928,0.2281266774020397
255,42.8743961352657,6.260064412238325,4.146537842190016,6.260064412238325,5.776972624798712,24.651100375738057,5.709876543209877,4.092860976918948,0.2281266774020397
256,43.02871712292002,6.246645195920558,4.146537842190016,6.1929683306494905,5.776972624798712,24.59742351046699,5.709876543209877,4.072732152442297,0.2281266774020397
257,43.364197530864196,6.1862587224906065,4.126409017713366,6.1929683306494905,5.703166935050993,24.530327428878152,5.595813204508857,4.072732152442297,0.2281266774020397
258,43.57890499194847,6.099033816425121,4.126409017713366,6.0654857756307035,5.703166935050993,24.329039184111647,5.938003220611916,3.9318303811057436,0.2281266774020397
259,43.55877616747182,6.045356951154052,4.126409017713366,6.286902844873859,5.83064949006978,24.188137412775095,5.877616747181965,3.8580246913580245,0.2281266774020397
260,43.572195383789584,5.984970477724101,4.320987654320987,6.286902844873859,5.797101449275362,24.08749329039184,5.877616747181965,3.844605475040258,0.2281266774020397
261,43.25013419216318,5.978260869565218,4.904723564143854,6.266774020397209,5.5756843800322065,23.93317230273752,6.018518518518518,3.844605475040258,0.2281266774020397
262,43.35748792270532,5.978260869565218,4.904723564143854,6.246645195920558,5.542136339237788,23.89291465378422,6.018518518518518,3.8311862587224907,0.2281266774020397
263,43.47826086956522,5.931293612453032,5.092592592592593,6.233225979602791,5.528717122920021,23.845947396672035,6.018518518518518,3.8311862587224907,0.040257648953301126
264,43.78690284487386,5.931293612453032,5.038915727321524,6.199677938808374,5.522007514761138,23.66478797638218,5.991680085882985,3.824476650563607,0.040257648953301126
