,45,50,51,54,53,52,56,55,57
0,98.06763285024155,1.932367149758454,,,,,,,
1,98.08105206655931,1.9189479334406871,,,,,,,
2,97.88647342995169,2.1135265700483092,,,,,,,
3,83.11862587224905,16.881374127750938,,,,,,,
4,69.10225442834138,30.897745571658614,,,,,,,
5,65.10332796564681,32.890499194847024,0.644122383252818,1.3620504562533549,,,,,
6,64.32501341921632,32.729468599033815,0.644122383252818,1.3620504562533549,0.9393451422436929,,,,
7,64.35185185185185,32.70263016639828,0.644122383252818,1.3620504562533549,0.9393451422436929,,,,
8,63.04347826086956,34.044551798174986,0.644122383252818,1.328502415458937,0.9393451422436929,,,,
9,63.04347826086956,34.044551798174986,0.644122383252818,1.328502415458937,0.9393451422436929,,,,
10,63.056897477187334,34.03113258185722,0.644122383252818,1.328502415458937,0.9393451422436929,,,,
11,62.875738056897475,34.23913043478261,0.644122383252818,1.3016639828234031,0.9393451422436929,,,,
12,59.47396672034353,37.64090177133655,0.644122383252818,1.3016639828234031,0.9393451422436929,,,,
13,59.62157809983897,37.493290391841114,0.644122383252818,1.3016639828234031,0.9393451422436929,,,,
14,55.12614063338701,30.079173376274827,0.644122383252818,1.3016639828234031,0.8387010198604401,12.010198604401502,,,
15,55.30730005367686,29.985238862050455,0.644122383252818,1.3016639828234031,0.8387010198604401,11.922973698336017,,,
16,54.74369296833065,28.22061191626409,0.644122383252818,1.3016639828234031,0.8387010198604401,14.251207729468598,,,
17,47.477187332259795,35.33279656468062,1.261406333870102,0.9057971014492754,0.8387010198604401,14.184111647879764,,,
18,47.638217928073,35.258990874932906,1.261406333870102,0.9057971014492754,0.8387010198604401,14.096886741814279,,,
19,46.85990338164251,33.09849704777241,14.868491680085883,0.9057971014492754,0.8387010198604401,3.4286097691894795,,,
20,46.94041867954911,33.09849704777241,14.660493827160494,0.9057971014492754,0.8387010198604401,3.4286097691894795,0.1274825550187869,,
21,44.08883521202362,32.971014492753625,18.055555555555557,1.247987117552335,0.8387010198604401,2.6704240472356413,0.1274825550187869,,
22,44.16935050993022,32.971014492753625,17.975040257648953,1.247987117552335,0.8387010198604401,2.6704240472356413,0.1274825550187869,,
23,43.72651637144391,32.35373054213634,15.485775630703166,1.2412775093934514,4.723564143853999,1.932367149758454,0.5367686527106817,,
24,41.136607622114866,34.997316156736446,15.432098765432098,1.2412775093934514,4.723564143853999,1.932367149758454,0.5367686527106817,,
25,33.19243156199678,45.71926999463231,12.654320987654321,1.2412775093934514,4.723564143853999,1.932367149758454,0.5367686527106817,,
26,33.279656468062264,45.430756843800324,12.855609232420827,1.2412775093934514,4.723564143853999,1.932367149758454,0.5367686527106817,,
27,33.3467525496511,45.41733762748255,12.801932367149758,1.2412775093934514,4.723564143853999,1.932367149758454,0.5367686527106817,,
28,33.3467525496511,44.79334406870639,12.801932367149758,1.2412775093934514,4.723564143853999,1.932367149758454,0.5367686527106817,0.6239935587761675,
29,32.6959205582394,38.55340848094471,19.80005367686527,1.2412775093934514,4.723564143853999,1.932367149758454,0.5367686527106817,0.5166398282340311,
30,32.68250134192163,37.7012882447665,19.80005367686527,2.1135265700483092,4.7168545356951155,1.932367149758454,0.5367686527106817,0.5166398282340311,
31,32.400697799248526,36.20504562533548,19.766505636070853,2.073268921095008,4.7168545356951155,1.932367149758454,0.5300590445517982,2.3752012882447664,
32,32.47450348899624,35.238862050456255,19.685990338164252,2.073268921095008,5.689747718733226,1.932367149758454,0.5300590445517982,2.3752012882447664,
33,23.98684916800859,43.907675791733766,19.33709071390231,2.073268921095008,5.689747718733226,1.932367149758454,0.5300590445517982,2.5429414922168547,
34,24.033816425120772,42.921363392377884,19.33709071390231,2.073268921095008,6.629092860976919,1.932367149758454,0.5300590445517982,2.5429414922168547,
35,23.53059581320451,39.05662909286098,19.202898550724637,1.9659151905528718,11.238593666129898,1.932367149758454,0.5300590445517982,2.5429414922168547,
36,22.765700483091788,37.66774020397209,17.062533548040793,1.9659151905528718,12.634192163177671,4.757112184648417,0.6374127750939346,2.509393451422437,
37,23.181696188942567,37.546967257112186,17.002147074610843,1.9659151905528718,12.567096081588835,4.736983360171766,0.6374127750939346,2.3617820719269993,
38,23.30246913580247,37.453032742887814,17.002147074610843,1.9659151905528718,12.567096081588835,4.7101449275362315,0.6374127750939346,2.3617820719269993,
39,23.362855609232422,37.453032742887814,16.97530864197531,1.9659151905528718,12.533548040794418,4.7101449275362315,0.6374127750939346,2.3617820719269993,
40,22.228931830381107,34.82286634460547,21.64519592055824,1.9659151905528718,11.701556629092861,4.656468062265164,0.6374127750939346,2.341653247450349,
41,20.544820182501343,33.41384863123994,25.308641975308642,1.9659151905528718,11.18491680085883,4.622920021470746,0.6172839506172839,2.341653247450349,
42,17.216854535695116,29.441760601180892,34.21229200214707,3.33467525496511,11.18491680085883,1.4559849704777241,0.9997316156736447,2.15378421900161,
43,17.53220611916264,29.441760601180892,33.9170692431562,3.33467525496511,11.18491680085883,1.4559849704777241,0.9796027911969941,2.15378421900161,
44,15.042941492216855,26.35534084809447,42.223564143854,3.260869565217391,8.749329039184111,1.4559849704777241,0.5971551261406334,2.314814814814815,
45,14.80810520665593,24.664519592055825,41.45195920558239,3.2139023081052067,11.493558776167472,1.4559849704777241,0.5971551261406334,2.314814814814815,
46,15.116747181964573,24.61755233494364,41.19028448738594,3.2139023081052067,11.493558776167472,1.4559849704777241,0.5971551261406334,2.314814814814815,
47,15.203972088030058,24.54374664519592,41.176865271068166,3.2139023081052067,11.493558776167472,1.4559849704777241,0.5971551261406334,2.314814814814815,
48,14.734299516908212,22.50402576489533,39.66720343531938,3.361513687600644,10.721953837895867,6.246645195920558,0.5971551261406334,2.167203435319377,
49,14.942297369833602,22.457058507783145,39.55314009661836,3.361513687600644,10.7085346215781,6.213097155126141,0.5971551261406334,2.167203435319377,
50,14.908749329039184,22.17525496511004,38.55340848094471,3.361513687600644,11.708266237251744,6.213097155126141,0.5971551261406334,2.4825550187869028,
51,15.076489533011273,22.168545356951153,38.439345142243695,3.361513687600644,11.66129898013956,6.213097155126141,0.5971551261406334,2.4825550187869028,
52,15.646806226516372,21.296296296296298,38.67418142780462,3.260869565217391,10.473698336017177,6.810252281266774,1.3754696725711217,2.462426194310252,
53,16.09634997316157,20.860171765968868,38.67418142780462,3.260869565217391,10.473698336017177,6.796833064949007,1.3754696725711217,2.462426194310252,
54,16.6532474503489,20.605206655931294,38.43263553408481,3.260869565217391,10.420021470746109,6.790123456790123,1.3754696725711217,2.462426194310252,
55,16.80756843800322,20.37037037037037,36.97665056360709,3.260869565217391,11.990069779924852,6.790123456790123,1.3419216317767042,2.462426194310252,
56,16.99543746645196,20.283145464304884,36.87600644122383,3.260869565217391,11.990069779924852,6.790123456790123,1.3419216317767042,2.462426194310252,
57,16.6935050993022,20.075147611379496,35.69511540526033,3.260869565217391,11.829039184111648,8.641975308641975,1.3419216317767042,2.462426194310252,
58,16.921631776704242,20.014761137949545,33.93719806763285,3.260869565217391,13.654052603327965,8.514492753623188,1.2345679012345678,2.462426194310252,
59,17.04911433172303,19.672571121846484,33.80971551261406,3.260869565217391,12.848899624261943,9.601449275362318,1.2345679012345678,2.522812667740204,
60,17.062533548040793,19.746376811594203,33.581588835212024,3.260869565217391,12.848899624261943,9.601449275362318,1.3754696725711217,2.522812667740204,
61,16.99543746645196,19.6256038647343,33.13875469672571,3.260869565217391,13.734567901234568,9.574610842726784,1.3754696725711217,2.2946859903381642,
62,17.05582393988191,19.592055823939884,34.272678475577024,3.2541599570585076,12.70799785292539,9.554482018250134,1.2681159420289856,2.2946859903381642,
63,16.035963499731615,17.921363392377884,39.59339774557166,3.2541599570585076,10.044283413848632,8.876811594202898,1.2681159420289856,3.0059044551798175,
64,15.995705850778315,17.357756307031668,36.00375738056898,6.884057971014493,10.044283413848632,8.876811594202898,1.2681159420289856,3.569511540526033,
65,16.06280193236715,17.344337090713903,35.98362855609233,6.884057971014493,10.010735373054214,8.876811594202898,1.2681159420289856,3.569511540526033,
66,15.693773483628556,15.807836822329575,39.49946323134729,6.320450885668277,9.084809447128288,8.809715512614064,1.2681159420289856,3.515834675254965,
67,15.861513687600644,15.807836822329575,39.392109500805155,6.293612453032743,9.084809447128288,8.809715512614064,1.2681159420289856,3.4822866344605474,
68,16.029253891572733,15.780998389694043,39.26462694578637,6.400966183574879,9.084809447128288,8.702361782071927,1.2681159420289856,3.4688674181427803,
69,16.089640365002683,15.780998389694043,38.22463768115942,5.71658615136876,9.084809447128288,10.185185185185185,1.4492753623188406,3.4688674181427803,
70,14.439076757917338,14.110305958132045,41.96188942565754,5.112721417069243,9.66183574879227,10.292538915727322,1.4492753623188406,2.9723564143853998,
71,14.42565754159957,14.110305958132045,41.1634460547504,5.10601180891036,9.66183574879227,10.292538915727322,1.4492753623188406,3.7909286097691894,
72,14.53972088030059,13.419216317767042,43.67283950617284,5.10601180891036,9.366612989801396,8.702361782071927,1.4492753623188406,3.743961352657005,
73,14.962426194310252,13.39237788513151,43.08910359634997,4.958400429414922,9.333064949006978,8.581588835212024,1.4492753623188406,4.233762748255502,
74,15.103327965646805,13.39237788513151,42.98845947396672,4.958400429414922,9.333064949006978,8.57487922705314,1.415727321524423,4.233762748255502,
75,15.237520128824476,13.318572195383789,42.954911433172306,4.958400429414922,9.306226516371444,8.57487922705314,1.415727321524423,4.233762748255502,
76,14.915458937198068,13.083735909822867,42.64626945786366,4.904723564143854,9.306226516371444,10.393183038110575,1.415727321524423,3.33467525496511,
77,14.99597423510467,12.775093934514224,38.727858293075684,4.904723564143854,9.232420826623725,13.855340848094471,1.415727321524423,4.092860976918948,
78,15.01610305958132,12.667740203972087,38.70101986044015,5.052334943639291,9.198872785829307,13.855340848094471,1.415727321524423,4.092860976918948,
79,14.2914653784219,12.667740203972087,37.84219001610306,5.052334943639291,11.506977992485238,12.828770799785293,1.328502415458937,4.4820182501341925,
80,14.338432635534085,12.654320987654321,37.80864197530864,5.052334943639291,11.506977992485238,12.828770799785293,1.328502415458937,4.4820182501341925,
81,14.371980676328503,12.654320987654321,37.80864197530864,5.052334943639291,11.473429951690822,12.828770799785293,1.328502415458937,4.4820182501341925,
82,14.74771873322598,12.627482555018787,37.795222758990874,5.052334943639291,11.439881910896403,12.526838432635534,1.328502415458937,4.4820182501341925,
83,14.667203435319378,11.922973698336017,41.196994095544824,5.052334943639291,11.439881910896403,10.50053676865271,1.3217928073000538,3.898282340311326,
84,14.814814814814815,11.77536231884058,41.196994095544824,5.052334943639291,11.439881910896403,10.50053676865271,1.3217928073000538,3.898282340311326,
85,11.808910359634996,33.24610842726785,30.870907139023082,10.158346752549651,2.4490069779924855,6.830381105743425,0.9728931830381106,3.6634460547504024,
86,11.889425657541599,33.2259796027912,30.870907139023082,10.0979602791197,2.4490069779924855,6.830381105743425,0.9728931830381106,3.6634460547504024,
87,11.842458400429415,33.15888352120236,27.75764895330113,10.0979602791197,2.4490069779924855,10.057702630166398,0.9728931830381106,3.6634460547504024,
88,12.037037037037036,33.13204508856683,27.58990874932904,10.0979602791197,2.4490069779924855,10.057702630166398,0.9728931830381106,3.6634460547504024,
89,12.211486849168008,32.890499194847024,27.066559312936125,10.0979602791197,2.4490069779924855,10.057702630166398,1.6639828234031133,3.5628019323671496,
90,12.191358024691358,32.689210950080515,26.972624798711756,10.279119699409554,2.4490069779924855,10.057702630166398,1.7981749865807837,3.5628019323671496,
91,12.47987117552335,32.52818035426731,26.878690284487387,10.279119699409554,2.4490069779924855,10.02415458937198,1.7981749865807837,3.5628019323671496,
92,12.694578636607622,32.18599033816425,24.402844873859365,9.863123993558776,2.4490069779924855,13.378958668813741,1.5901771336553945,3.435319377348363,
93,12.848899624261943,32.11218464841653,24.402844873859365,9.648416532474503,2.4490069779924855,13.378958668813741,1.5901771336553945,3.569511540526033,
94,13.097155126140633,31.45464304884595,24.36929683306495,9.4873859366613,2.4490069779924855,13.378958668813741,1.5901771336553945,4.17337627482555,
95,13.211218464841654,31.132581857219538,24.322329575952764,9.460547504025765,2.4490069779924855,13.378958668813741,1.5901771336553945,4.455179817498658,
96,13.446054750402576,30.96484165324745,24.255233494363928,9.460547504025765,2.4490069779924855,13.378958668813741,1.5901771336553945,4.455179817498658,
97,13.6808910359635,30.917874396135264,24.08078368223296,9.453837895866881,2.4490069779924855,13.378958668813741,1.5901771336553945,4.448470209339774,
98,13.90901771336554,30.099302200751477,23.879495437466453,10.11808910359635,2.4490069779924855,13.352120236178207,1.7646269457863661,4.428341384863124,
99,14.036500268384327,30.02549651100376,23.879495437466453,10.064412238325282,2.4490069779924855,13.352120236178207,1.7646269457863661,4.428341384863124,
100,14.210950080515298,30.018786902844873,23.778851315083198,10.037573805689748,2.4490069779924855,13.33870101986044,1.737788513150832,4.428341384863124,
101,14.371980676328503,29.938271604938272,23.711755233494365,10.02415458937198,2.4490069779924855,13.33870101986044,1.737788513150832,4.428341384863124,
102,14.465915190552872,29.871175523349436,23.711755233494365,9.997316156736447,2.4490069779924855,13.33870101986044,1.737788513150832,4.428341384863124,
103,14.11701556629093,30.414653784219002,23.517176596886742,9.997316156736447,2.4490069779924855,13.33870101986044,1.737788513150832,4.428341384863124,
104,14.096886741814279,30.314009661835748,22.24235104669887,6.709608158883521,3.824476650563607,16.760601180891037,1.710950080515298,4.341116478797638,
105,14.204240472356414,30.226784755770264,22.22222222222222,6.709608158883521,3.824476650563607,16.760601180891037,1.710950080515298,4.341116478797638,
106,14.418947933440688,30.20665593129361,22.041062801932366,6.709608158883521,3.81105743424584,16.760601180891037,1.710950080515298,4.341116478797638,
107,14.533011272141707,30.193236714975846,22.0276435856146,6.709608158883521,3.8043478260869565,16.53918411164788,1.710950080515298,4.4820182501341925,
108,14.734299516908212,30.193236714975846,21.980676328502415,6.662640901771336,3.8043478260869565,16.53918411164788,1.710950080515298,4.374664519592056,
109,14.888620504562533,30.07246376811594,21.980676328502415,6.662640901771336,3.8043478260869565,16.512345679012345,1.710950080515298,4.367954911433173,
110,15.063070316693505,29.95169082125604,21.980676328502415,6.662640901771336,3.8043478260869565,16.485507246376812,1.710950080515298,4.341116478797638,
111,15.26435856146001,29.95169082125604,21.886741814278047,6.629092860976919,3.8043478260869565,16.411701556629094,1.710950080515298,4.341116478797638,
112,15.26435856146001,29.95169082125604,21.886741814278047,6.629092860976919,3.8043478260869565,16.411701556629094,1.710950080515298,4.341116478797638,
113,15.291196994095545,29.95169082125604,21.886741814278047,6.629092860976919,3.7775093934514223,16.411701556629094,1.710950080515298,4.341116478797638,
114,15.666935050993022,29.87788513150832,21.71900161030596,6.602254428341385,3.683574879227053,16.398282340311326,1.710950080515298,4.341116478797638,
115,15.801127214170693,29.300858829844337,21.564680622651636,6.602254428341385,3.683574879227053,16.398282340311326,1.7042404723564144,4.944981213097155,
116,15.96886741814278,29.300858829844337,20.739398819108963,6.4412238325281805,3.6366076221148687,17.143048845947398,1.7042404723564144,5.065754159957058,
117,16.049382716049383,29.280730005367687,20.719269994632313,6.421095008051529,3.6366076221148687,17.136339237788512,1.6908212560386473,5.065754159957058,
118,15.96886741814278,28.37493290391841,21.316425120772948,4.790660225442834,3.616478797638218,19.256575415995705,1.6103059581320451,5.065754159957058,
119,15.801127214170693,28.341384863123995,19.719538378958667,4.790660225442834,6.152710681696189,18.706387546967257,1.6103059581320451,4.87788513150832,
120,15.98899624261943,28.26086956521739,19.685990338164252,4.750402576489533,6.152710681696189,18.686258722490606,1.6103059581320451,4.864465915190553,
121,16.13660762211487,28.18035426731079,19.639023081052066,4.750402576489533,6.152710681696189,18.666129898013956,1.6103059581320451,4.864465915190553,
122,16.304347826086957,28.173644659151904,19.504830917874397,4.750402576489533,6.139291465378422,18.65271068169619,1.6103059581320451,4.864465915190553,
123,16.606280193236714,27.871712292002147,19.390767579173378,5.3274288781535155,6.139291465378422,18.290391841116477,1.6103059581320451,4.7638217928073,
124,16.72705314009662,27.75764895330113,19.316961889425656,5.314009661835748,6.367418142780462,18.156199677938808,1.596886741814278,4.7638217928073,
125,17.196725711218466,27.677133655394524,19.182769726247987,5.152979066022544,6.360708534621578,18.129361245303276,1.596886741814278,4.703435319377348,
126,17.290660225442835,27.677133655394524,19.135802469135804,5.152979066022544,6.360708534621578,18.08239398819109,1.596886741814278,4.703435319377348,
127,17.337627482555018,27.643585614600106,19.135802469135804,5.139559849704777,6.360708534621578,18.08239398819109,1.596886741814278,4.703435319377348,
128,17.317498658078367,27.536231884057973,19.135802469135804,5.4549114331723025,6.172839506172839,18.08239398819109,1.596886741814278,4.703435319377348,
129,17.411433172302736,27.482555018786904,19.0955448201825,5.4549114331723025,6.172839506172839,18.08239398819109,1.596886741814278,4.703435319377348,
130,17.67981749865808,27.388620504562535,19.061996779388085,5.4549114331723025,6.166129898013956,18.035426731078903,1.5297906602254427,4.683306494900698,
131,17.72007514761138,26.88539989264627,18.99490069779925,7.689210950080516,5.991680085882985,16.70692431561997,1.5297906602254427,4.4820182501341925,
132,17.85426731078905,26.88539989264627,18.9747718733226,7.689210950080516,5.991680085882985,16.70692431561997,1.5297906602254427,4.367954911433173,
133,17.94820182501342,26.838432635534083,18.968062265163713,7.689210950080516,5.991680085882985,16.666666666666668,1.5297906602254427,4.367954911433173,
134,17.98845947396672,26.838432635534083,18.927804616210413,7.689210950080516,5.991680085882985,16.666666666666668,1.5297906602254427,4.367954911433173,
135,18.16290928609769,26.82501341921632,18.46484165324745,7.689210950080516,5.958132045088567,16.6532474503489,1.8786902844873858,4.367954911433173,
136,18.015297906602253,27.033011272141707,18.46484165324745,7.689210950080516,5.9514224369296835,16.59957058507783,1.8786902844873858,4.367954911433173,
137,17.894524959742352,26.878690284487387,18.370907139023082,7.689210950080516,7.467793880837359,15.33816425120773,1.8786902844873858,4.4820182501341925,
138,18.02871712292002,26.858561460010737,18.337359098228664,7.689210950080516,7.816693505099302,14.922168545356952,1.8786902844873858,4.468599033816425,
139,18.250134192163177,26.81159420289855,18.256843800322063,7.689210950080516,7.809983896940419,14.834943639291465,1.8786902844873858,4.468599033816425,
140,18.344068706387546,26.78475577026302,18.223295759527645,7.689210950080516,7.809983896940419,14.801395598497047,1.8786902844873858,4.468599033816425,
141,18.632581857219538,26.78475577026302,18.223295759527645,7.575147611379496,7.809983896940419,14.714170692431562,1.8786902844873858,4.38137412775094,
142,18.907675791733762,26.764626945786365,18.189747718733226,7.64224369296833,7.689210950080516,14.65378421900161,1.8786902844873858,4.274020397208803,
143,19.155931293612454,26.643853998926463,18.136070853462158,7.608695652173913,7.689210950080516,14.61352657004831,1.8786902844873858,4.274020397208803,
144,19.28341384863124,26.596886741814277,18.10252281266774,7.608695652173913,7.689210950080516,14.61352657004831,1.8317230273752012,4.274020397208803,
145,19.370638754696724,26.617015566290927,18.089103596349972,7.608695652173913,7.669082125603865,14.53972088030059,1.8317230273752012,4.274020397208803,
146,19.524959742351047,26.556629092860977,18.089103596349972,7.595276435856146,7.62211486849168,14.506172839506172,1.8317230273752012,4.274020397208803,
147,19.847020933977454,26.31508319914117,18.089103596349972,7.561728395061729,7.601986044015029,14.49946323134729,1.8317230273752012,4.253891572732153,
148,19.981213097155127,26.31508319914117,18.00858829844337,7.5348899624261945,7.601986044015029,14.492753623188406,1.8250134192163177,4.240472356414386,
149,20.12211486849168,25.999731615673646,18.243424584004295,7.447665056360709,7.595276435856146,14.479334406870638,1.7914653784219001,4.320987654320987,
150,20.283145464304884,25.986312399355878,18.230005367686527,7.555018786902845,7.407407407407407,14.42565754159957,1.7914653784219001,4.320987654320987,
151,20.50456253354804,25.986312399355878,18.12265163714439,7.541599570585078,7.340311325818572,14.412238325281804,1.7914653784219001,4.300858829844337,
152,20.67230273752013,25.986312399355878,18.06226516371444,7.541599570585078,7.340311325818572,14.304884594739667,1.7914653784219001,4.300858829844337,
153,20.994363929146537,25.865539452495973,17.96833064949007,7.541599570585078,7.300053676865271,14.304884594739667,1.724369296833065,4.300858829844337,
154,21.235909822866343,25.79844337090714,17.793880837359097,7.541599570585078,7.27992485238862,14.237788513150832,1.8115942028985508,4.300858829844337,
155,21.490874932903917,25.758185721953836,17.70665593129361,7.514761137949543,7.246376811594203,14.237788513150832,1.8115942028985508,4.233762748255502,
156,21.786097691894792,25.63070316693505,17.70665593129361,7.447665056360709,7.246376811594203,14.143853998926463,1.8115942028985508,4.2270531400966185,
157,21.987385936661298,25.44283413848631,17.693236714975846,7.447665056360709,7.246376811594203,14.143853998926463,1.8115942028985508,4.2270531400966185,
158,22.034353193773484,25.409286097691894,17.693236714975846,7.434245840042942,7.246376811594203,14.143853998926463,1.8115942028985508,4.2270531400966185,
159,22.23564143853999,25.281803542673106,17.619431025228128,7.434245840042942,7.246376811594203,14.143853998926463,1.8115942028985508,4.2270531400966185,
160,22.36983360171766,25.248255501878692,17.59259259259259,7.434245840042942,7.246376811594203,14.143853998926463,1.8115942028985508,4.1532474503489,
161,22.302737520128826,25.046967257112186,21.3768115942029,6.1862587224906065,7.232957595276436,11.889425657541599,1.8115942028985508,4.1532474503489,
162,22.41009125067096,24.530327428878152,21.3768115942029,6.6760601180891035,7.206119162640902,11.842458400429415,1.8115942028985508,4.146537842190016,
163,22.403381642512077,24.496779388083738,21.316425120772948,6.6760601180891035,7.159151905528717,11.990069779924852,1.8115942028985508,4.146537842190016,
164,22.611379495437465,24.335748792270532,21.088298443370906,6.66935050993022,6.454643048845948,12.634192163177671,1.9189479334406871,4.28743961352657,
165,22.879763821792807,24.268652710681696,21.034621578099838,6.66935050993022,6.4412238325281805,12.560386473429952,1.9189479334406871,4.2270531400966185,
166,22.966988727858293,24.22168545356951,21.021202361782073,6.66935050993022,6.414385399892646,12.560386473429952,1.9189479334406871,4.2270531400966185,
167,23.11460010735373,24.12104133118626,21.021202361782073,6.622383252818035,6.414385399892646,12.560386473429952,1.9189479334406871,4.2270531400966185,
168,23.2085346215781,24.02710681696189,21.021202361782073,6.622383252818035,6.414385399892646,12.560386473429952,1.9189479334406871,4.2270531400966185,
169,23.282340311325818,23.960010735373054,21.021202361782073,6.615673644659152,6.414385399892646,12.560386473429952,1.9189479334406871,4.2270531400966185,
170,23.45679012345679,23.859366612989803,20.974235104669887,6.615673644659152,6.414385399892646,12.546967257112184,1.90552871712292,4.2270531400966185,
171,23.523886205045624,23.68491680085883,20.041599570585078,6.568706387546968,6.414385399892646,13.573537305421363,2.01959205582394,4.17337627482555,
172,23.65136876006441,23.53059581320451,20.021470746108427,6.5552871712292005,6.394256575415996,13.526570048309178,2.01959205582394,4.300858829844337,
173,23.805689747718734,23.53059581320451,19.887278582930758,6.5552871712292005,6.394256575415996,13.506441223832528,2.01959205582394,4.300858829844337,
174,23.49033816425121,24.154589371980677,19.685990338164252,6.5552871712292005,6.394256575415996,13.399087493290391,2.01959205582394,4.300858829844337,
175,23.201825013419217,23.96672034353194,18.753354804079443,6.5552871712292005,7.843531937734836,13.399087493290391,2.006172839506173,4.274020397208803,
176,23.68491680085883,23.96672034353194,18.61916264090177,6.521739130434782,7.836822329575953,13.09044551798175,2.006172839506173,4.274020397208803,
177,23.939881910896403,23.785560923242084,18.61916264090177,6.447933440687064,7.836822329575953,13.09044551798175,2.006172839506173,4.274020397208803,
178,23.95330112721417,23.772141706924316,18.61916264090177,6.447933440687064,7.836822329575953,13.003220611916264,2.006172839506173,4.274020397208803,0.08722490606548577
179,23.255501878690286,24.174718196457327,18.055555555555557,6.427804616210413,7.823403113258186,13.902308105206655,2.006172839506173,4.26731078904992,0.08722490606548577
180,23.369565217391305,23.517176596886742,18.055555555555557,6.340579710144928,7.809983896940419,13.613794954374665,2.006172839506173,5.199946323134729,0.08722490606548577
181,21.034621578099838,20.92055823939882,17.028985507246375,5.662909286097692,6.052066559312936,22.926731078904993,1.8988191089640365,4.388083735909823,0.08722490606548577
182,21.22249060654858,20.819914117015568,16.968599033816425,5.589103596349974,6.052066559312936,22.973698336017176,1.8988191089640365,4.388083735909823,0.08722490606548577
183,21.276167471819647,20.819914117015568,16.948470209339774,5.589103596349974,6.052066559312936,22.940150295222757,1.8988191089640365,4.388083735909823,0.08722490606548577
184,18.739935587761675,19.316961889425656,26.04669887278583,4.334406870638754,5.797101449275362,20.491143317230275,1.8988191089640365,3.2877079978529253,0.08722490606548577
185,18.793612453032743,19.223027375201287,25.79844337090714,4.012345679012346,5.770263016639828,21.175523349436393,1.8518518518518519,3.2877079978529253,0.08722490606548577
186,18.699677938808374,19.155931293612454,25.771604938271604,4.012345679012346,4.931561996779388,22.208803005904453,1.8518518518518519,3.280998389694042,0.08722490606548577
187,18.894256575415994,19.11567364465915,25.771604938271604,3.992216854535695,4.931561996779388,22.074610842726784,1.8518518518518519,3.280998389694042,0.08722490606548577
188,19.03515834675255,19.088835212023618,25.771604938271604,3.992216854535695,4.931561996779388,22.034353193773484,1.8518518518518519,3.207192699946323,0.08722490606548577
189,19.162640901771336,19.061996779388085,25.55018786902845,3.992216854535695,4.931561996779388,22.19538378958669,1.8384326355340848,3.180354267310789,0.08722490606548577
190,19.43773483628556,19.0552871712292,25.38244766505636,3.992216854535695,4.871175523349437,22.04777241009125,1.8384326355340848,3.1736446591519054,0.20128824476650564
191,19.088835212023618,18.86070853462158,24.966451959205582,3.9519592055823938,4.804079441760601,22.98040794417606,1.7646269457863661,3.4688674181427803,0.11406333870101985
192,18.82716049382716,18.833870101986044,26.7512077294686,3.8177670424047236,3.92512077294686,22.564412238325282,1.6975308641975309,3.4688674181427803,0.11406333870101985
193,18.96135265700483,18.793612453032743,26.704240472356414,3.8177670424047236,3.911701556629093,22.530864197530864,1.6975308641975309,3.4688674181427803,0.11406333870101985
194,18.9345142243693,18.78690284487386,26.617015566290927,3.8177670424047236,3.911701556629093,22.517444981213096,1.6975308641975309,3.603059581320451,0.11406333870101985
195,19.068706387546968,18.69296833064949,26.617015566290927,3.8177670424047236,3.911701556629093,22.517444981213096,1.6774020397208802,3.5829307568438002,0.11406333870101985
196,19.32367149758454,18.592324208266238,26.529790660225444,3.8177670424047236,3.911701556629093,22.450348899624263,1.6774020397208802,3.5829307568438002,0.11406333870101985
197,19.41760601180891,18.552066559312937,26.496242619431026,3.8177670424047236,3.898282340311326,22.443639291465377,1.6774020397208802,3.5829307568438002,0.11406333870101985
198,19.612184648416534,18.54535695115405,26.482823403113258,3.8177670424047236,3.898282340311326,22.269189479334408,1.6774020397208802,3.5829307568438002,0.11406333870101985
199,19.91411701556629,18.45813204508857,26.36876006441224,3.81105743424584,3.898282340311326,22.24235104669887,1.6774020397208802,3.5829307568438002,0.04696725711218465
200,20.30998389694042,18.323939881910896,26.341921631776703,3.81105743424584,3.8043478260869565,22.12157809983897,1.6774020397208802,3.5628019323671496,0.04696725711218465
201,20.323403113258184,18.310520665593128,26.341921631776703,3.81105743424584,3.8043478260869565,22.12157809983897,1.6774020397208802,3.5628019323671496,0.04696725711218465
202,20.638754696725712,18.189747718733226,26.744498121309714,3.81105743424584,3.797638217928073,21.564680622651636,1.6572732152442298,3.549382716049383,0.04696725711218465
203,20.779656468062264,18.17632850241546,26.482823403113258,3.81105743424584,3.770799785292539,21.564680622651636,1.8451422436929683,3.5225442834138487,0.04696725711218465
204,20.88030059044552,18.115942028985508,26.02657004830918,3.8043478260869565,4.5893719806763285,21.195652173913043,1.8183038110574343,3.5225442834138487,0.04696725711218465
205,21.034621578099838,18.115942028985508,25.946054750402578,3.911701556629093,4.4820182501341925,21.121846484165324,1.8183038110574343,3.5225442834138487,0.04696725711218465
206,21.34326355340848,18.035426731078903,25.603864734299517,3.9049919484702094,4.4820182501341925,21.121846484165324,1.9390767579173376,3.5225442834138487,0.04696725711218465
207,21.692163177670423,17.820719269994633,25.49651100375738,3.878153515834675,4.4820182501341925,21.121846484165324,1.9390767579173376,3.5225442834138487,0.04696725711218465
208,21.81964573268921,17.820719269994633,25.39586688137413,3.864734299516908,4.4820182501341925,21.108427267847556,1.9390767579173376,3.5225442834138487,0.04696725711218465
209,21.906870638754697,17.820719269994633,25.328770799785293,3.851315083199141,4.4820182501341925,21.101717659688674,1.9390767579173376,3.5225442834138487,0.04696725711218465
210,22.168545356951153,17.807300053676865,25.214707461084274,3.851315083199141,4.4753086419753085,20.974235104669887,1.9390767579173376,3.5225442834138487,0.04696725711218465
211,22.282608695652176,17.767042404723565,25.201288244766506,3.7909286097691894,4.4753086419753085,20.974235104669887,1.9390767579173376,3.5225442834138487,0.04696725711218465
212,22.463768115942027,17.713365539452496,25.194578636607623,3.7909286097691894,4.435050993022007,20.893719806763286,1.9390767579173376,3.5225442834138487,0.04696725711218465
213,22.510735373054214,17.69994632313473,25.194578636607623,3.7909286097691894,4.435050993022007,20.873590982286636,1.9390767579173376,3.5091250670960816,0.04696725711218465
214,22.584541062801932,17.68652710681696,25.194578636607623,3.7909286097691894,4.435050993022007,20.813204508856682,1.9390767579173376,3.5091250670960816,0.04696725711218465
215,23.047504025764894,17.659688674181428,24.953032742887814,3.7909286097691894,4.435050993022007,20.719269994632313,1.9390767579173376,3.408480944712829,0.04696725711218465
216,23.1280193236715,17.659688674181428,24.92619431025228,3.7909286097691894,4.435050993022007,20.665593129361245,1.9390767579173376,3.408480944712829,0.04696725711218465
217,23.255501878690286,17.639559849704778,24.825550187869027,3.7909286097691894,4.435050993022007,20.665593129361245,1.9390767579173376,3.4017713365539453,0.04696725711218465
218,23.872785829307567,17.357756307031668,24.825550187869027,3.7909286097691894,4.435050993022007,20.336822329575952,1.932367149758454,3.4017713365539453,0.04696725711218465
219,23.95330112721417,17.277241009125067,24.825550187869027,3.7909286097691894,4.435050993022007,20.336822329575952,1.932367149758454,3.4017713365539453,0.04696725711218465
220,24.00697799248524,17.2638217928073,24.698067632850243,3.7909286097691894,4.435050993022007,20.323403113258184,1.932367149758454,3.502415458937198,0.04696725711218465
221,24.308910359634996,17.06924315619968,24.671229200214707,3.7909286097691894,4.435050993022007,20.29656468062265,1.932367149758454,3.44873859366613,0.04696725711218465
222,24.402844873859365,17.06924315619968,24.610842726784757,3.911701556629093,4.435050993022007,20.162372517444982,1.9122383252818036,3.44873859366613,0.04696725711218465
223,24.436392914653783,17.06924315619968,24.610842726784757,3.911701556629093,4.428341384863124,20.135534084809446,1.9122383252818036,3.44873859366613,0.04696725711218465
224,24.671229200214707,17.06924315619968,24.537037037037038,3.911701556629093,4.367954911433173,20.075147611379496,1.9122383252818036,3.408480944712829,0.04696725711218465
225,24.778582930756844,17.04911433172303,24.510198604401502,3.911701556629093,4.367954911433173,20.014761137949545,1.9122383252818036,3.408480944712829,0.04696725711218465
226,24.953032742887814,17.042404723564143,24.4699409554482,3.911701556629093,4.367954911433173,19.920826623725173,1.9122383252818036,3.374932903918411,0.04696725711218465
227,23.778851315083198,16.17686527106817,24.342458400429415,3.670155662909286,4.334406870638754,21.900161030595815,1.892109500805153,3.8580246913580245,0.04696725711218465
228,23.315888352120236,16.009125067096083,25.046967257112186,3.670155662909286,4.334406870638754,21.826355340848096,1.892109500805153,3.8580246913580245,0.04696725711218465
229,23.503757380568974,16.009125067096083,24.892646269457863,3.784219001610306,4.30756843800322,21.79951690821256,1.7981749865807837,3.8580246913580245,0.04696725711218465
230,23.423242082662373,16.009125067096083,24.859098228663445,3.784219001610306,4.206924315619967,22.041062801932366,1.7713365539452497,3.8580246913580245,0.04696725711218465
231,23.758722490606548,15.76086956521739,24.859098228663445,3.69699409554482,4.206924315619967,22.041062801932366,1.7713365539452497,3.8580246913580245,0.04696725711218465
232,23.852657004830917,15.640096618357488,24.738325281803544,3.69699409554482,4.206924315619967,22.041062801932366,1.7713365539452497,4.005636070853462,0.04696725711218465
233,23.866076221148685,15.640096618357488,24.724906065485776,3.69699409554482,4.206924315619967,22.041062801932366,1.7713365539452497,4.005636070853462,0.04696725711218465
234,24.00697799248524,15.619967793880837,24.382716049382715,3.683574879227053,4.206924315619967,21.93370907139023,1.6706924315619969,4.448470209339774,0.04696725711218465
235,24.094202898550726,15.613258185721953,24.382716049382715,3.656736446591519,4.206924315619967,21.880032206119164,1.6706924315619969,4.448470209339774,0.04696725711218465
236,24.14787976382179,15.599838969404187,24.382716049382715,3.656736446591519,4.206924315619967,21.866612989801396,1.6706924315619969,4.42163177670424,0.04696725711218465
237,24.241814278046164,15.599838969404187,24.18142780461621,3.656736446591519,4.206924315619967,21.85319377348363,1.7914653784219001,4.42163177670424,0.04696725711218465
238,24.288781535158346,15.599838969404187,24.14787976382179,3.656736446591519,4.206924315619967,21.83977455716586,1.7914653784219001,4.42163177670424,0.04696725711218465
239,24.329039184111647,15.599838969404187,24.060654857756308,3.864734299516908,4.079441760601181,21.806226516371442,1.7914653784219001,4.42163177670424,0.04696725711218465
240,24.610842726784757,15.599838969404187,23.731884057971016,3.864734299516908,4.005636070853462,21.692163177670423,2.0531400966183573,4.394793344068707,0.04696725711218465
241,24.785292538915726,15.445517981749866,23.718464841653248,3.864734299516908,4.005636070853462,21.68545356951154,2.0531400966183573,4.394793344068707,0.04696725711218465
242,24.798711755233494,15.385131508319914,23.718464841653248,3.730542136339238,3.92512077294686,21.960547504025765,2.0531400966183573,4.38137412775094,0.04696725711218465
243,24.832259796027913,15.378421900161031,23.711755233494365,3.730542136339238,3.92512077294686,21.960547504025765,2.0531400966183573,4.361245303274289,0.04696725711218465
244,25.06038647342995,15.203972088030058,23.711755233494365,3.730542136339238,3.92512077294686,21.906870638754697,2.0531400966183573,4.361245303274289,0.04696725711218465
245,25.167740203972087,15.183843263553408,23.711755233494365,3.7775093934514223,3.911701556629093,21.886741814278047,2.0263016639828235,4.28743961352657,0.04696725711218465
246,25.201288244766506,15.183843263553408,23.678207192699947,3.7775093934514223,3.911701556629093,21.886741814278047,2.0263016639828235,4.28743961352657,0.04696725711218465
247,25.670960815888353,15.083199141170155,23.43666129898014,3.7775093934514223,3.911701556629093,21.79951690821256,1.9860440150295222,4.28743961352657,0.04696725711218465
248,25.738056897477186,15.083199141170155,23.429951690821255,3.770799785292539,3.911701556629093,21.74584004294149,1.9860440150295222,4.28743961352657,0.04696725711218465
249,25.979602791196996,15.009393451422437,23.349436392914654,3.770799785292539,3.824476650563607,21.74584004294149,1.9860440150295222,4.28743961352657,0.04696725711218465
250,26.100375738056897,15.096618357487923,23.32259796027912,3.7238325281803544,3.8177670424047236,21.66532474503489,1.9860440150295222,4.240472356414386,0.04696725711218465
251,25.751476113794954,14.88191089640365,22.705314009661837,3.717122920021471,3.8177670424047236,22.873054213633925,1.9659151905528718,4.240472356414386,0.04696725711218465
252,25.77831454643049,14.88191089640365,22.705314009661837,3.717122920021471,3.8177670424047236,22.84621578099839,1.9659151905528718,4.240472356414386,0.04696725711218465
253,26.01315083199141,14.88191089640365,22.571121846484164,3.717122920021471,3.8177670424047236,22.805958132045088,1.9457863660762211,4.200214707461084,0.04696725711218465
254,26.03327965646806,14.237788513150832,22.517444981213096,3.7104133118625873,3.8177670424047236,22.758990874932906,1.9390767579173376,4.938271604938271,0.04696725711218465
255,26.154052603327965,14.231078904991948,22.450348899624263,3.69699409554482,3.8177670424047236,22.75228126677402,1.9256575415995705,4.924852388620504,0.04696725711218465
256,26.234567901234566,14.224369296833064,22.25577026301664,3.6902844873859366,3.8177670424047236,22.745571658615138,2.059849704777241,4.924852388620504,0.04696725711218465
257,26.247987117552334,14.224369296833064,22.24235104669887,3.6902844873859366,3.8177670424047236,22.745571658615138,2.059849704777241,4.924852388620504,0.04696725711218465
258,26.227858293075684,14.184111647879764,21.772678475577028,3.569511540526033,4.502147074610843,22.745571658615138,2.059849704777241,4.891304347826087,0.04696725711218465
259,25.825281803542673,14.184111647879764,19.961084272678477,3.556092324208266,4.3545356951154055,25.120772946859905,2.059849704777241,4.891304347826087,0.04696725711218465
