,45,50,51,52,54,55,53,56,57
0,98.64465915190553,1.3553408480944713,,,,,,,
1,98.64465915190553,1.3553408480944713,,,,,,,
2,98.64465915190553,1.3553408480944713,,,,,,,
3,96.32984433709072,3.670155662909286,,,,,,,
4,96.32984433709072,3.670155662909286,,,,,,,
5,95.57836822329575,2.999194847020934,1.4224369296833066,,,,,,
6,92.60601180891035,5.971551261406334,1.4224369296833066,,,,,,
7,92.60601180891035,5.971551261406334,1.4224369296833066,,,,,,
8,88.84863123993559,9.742351046698873,1.4090177133655395,,,,,,
9,88.05689747718733,10.534084809447128,1.4090177133655395,,,,,,
10,88.0703166935051,10.520665593129362,1.4090177133655395,,,,,,
11,88.08373590982286,10.507246376811594,1.4090177133655395,,,,,,
12,85.0577026301664,13.533279656468062,1.4090177133655395,,,,,,
13,85.09125067096082,13.499731615673644,1.4090177133655395,,,,,,
14,76.77804616210413,22.799248523886206,0.4227053140096618,,,,,,
15,76.92565754159958,22.65163714439077,0.4227053140096618,,,,,,
16,76.93907675791733,22.638217928073,0.4227053140096618,,,,,,
17,76.95920558239399,22.61808910359635,0.4227053140096618,,,,,,
18,76.7512077294686,21.900161030595815,0.4227053140096618,0.8185721953837896,0.10735373054213634,,,,
19,76.93236714975845,21.71900161030596,0.4227053140096618,0.8185721953837896,0.10735373054213634,,,,
20,77.03972088030059,19.860440150295222,0.4227053140096618,0.8185721953837896,0.10735373054213634,1.751207729468599,,,
21,77.1604938271605,19.73966720343532,0.4227053140096618,0.8185721953837896,0.10735373054213634,1.751207729468599,,,
22,77.1604938271605,19.73966720343532,0.4227053140096618,0.8185721953837896,0.10735373054213634,1.751207729468599,,,
23,75.26167471819646,18.53864734299517,3.5225442834138487,0.8185721953837896,0.10735373054213634,1.751207729468599,,,
24,71.69887278582931,22.10144927536232,3.5225442834138487,0.8185721953837896,0.10735373054213634,1.751207729468599,,,
25,71.38352120236178,21.75925925925926,3.2139023081052067,1.7847557702630166,0.10735373054213634,1.751207729468599,,,
26,60.14492753623188,33.10520665593129,3.2139023081052067,1.7847557702630166,,1.751207729468599,,,
27,60.21202361782072,33.03811057434246,3.2139023081052067,1.7847557702630166,,1.751207729468599,,,
28,59.936929683306495,32.8569511540526,3.670155662909286,1.7847557702630166,,1.751207729468599,,,
29,59.99060654857756,32.669082125603865,3.670155662909286,1.7847557702630166,0.13419216317767044,1.751207729468599,,,
30,60.037573805689746,32.628824476650564,3.6634460547504024,1.7847557702630166,0.13419216317767044,1.751207729468599,,,
31,56.89747718733226,35.81588835212023,3.616478797638218,1.7847557702630166,0.13419216317767044,1.751207729468599,,,
32,56.98470209339774,35.789049919484704,3.556092324208266,1.7847557702630166,0.13419216317767044,1.751207729468599,,,
33,57.05179817498658,35.73537305421363,3.549382716049383,1.778046162104133,0.13419216317767044,1.751207729468599,,,
34,56.696188942565755,36.090982286634464,3.549382716049383,1.778046162104133,0.13419216317767044,1.751207729468599,,,
35,56.56199677938808,35.77563070316693,3.2139023081052067,2.6301663982823404,0.13419216317767044,1.6841116478797638,,,
36,55.02549651100376,33.051529790660226,7.816693505099302,2.3081052066559313,0.13419216317767044,1.6639828234031133,,,
37,54.21363392377885,28.23403113258186,7.769726247987117,7.98443370907139,0.13419216317767044,1.6639828234031133,,,
38,54.3142780461621,28.14680622651637,7.769726247987117,7.971014492753623,0.13419216317767044,1.6639828234031133,,,
39,54.32098765432099,28.14009661835749,7.769726247987117,7.971014492753623,0.13419216317767044,1.6639828234031133,,,
40,52.522812667740205,29.30756843800322,7.75630703166935,7.971014492753623,0.13419216317767044,1.6639828234031133,0.644122383252818,,
41,52.56977992485239,29.260601180891037,7.75630703166935,7.971014492753623,0.13419216317767044,1.6639828234031133,0.644122383252818,,
42,49.21497584541063,25.261674718196456,16.78743961352657,6.910896403650026,0.13419216317767044,1.1741814278046163,0.5166398282340311,,
43,48.698336017176594,25.650831991411703,16.760601180891037,7.065217391304348,0.13419216317767044,1.1741814278046163,0.5166398282340311,,
44,45.531400966183575,28.85131508319914,16.740472356414386,7.051798174986581,0.13419216317767044,1.1741814278046163,0.5166398282340311,,
45,44.20960815888352,29.56924315619968,16.532474503488995,7.75630703166935,0.24154589371980675,1.1741814278046163,0.5166398282340311,,
46,44.34380032206119,29.374664519592056,16.445249597423512,7.75630703166935,0.24154589371980675,1.3217928073000538,0.5166398282340311,,
47,44.28341384863124,29.51556629092861,16.364734299516908,7.75630703166935,0.24154589371980675,1.3217928073000538,0.5166398282340311,,
48,41.7740203972088,32.078636607622116,16.35131508319914,7.716049382716049,0.24154589371980675,1.3217928073000538,0.5166398282340311,,
49,41.83440687063875,32.058507783145465,16.35131508319914,7.689210950080516,0.24154589371980675,1.3083735909822867,0.5166398282340311,,
50,41.54589371980676,31.320450885668276,16.25738056897477,8.809715512614064,0.24154589371980675,1.3083735909822867,0.5166398282340311,,
51,41.75389157273215,31.03864734299517,16.09634997316157,8.80300590445518,0.4830917874396135,1.3083735909822867,0.5166398282340311,,
52,40.5126140633387,32.48792270531401,16.029253891572733,8.742619431025227,0.4025764895330113,1.3083735909822867,0.5166398282340311,,
53,40.53274288781535,32.48792270531401,16.009125067096083,8.742619431025227,0.4025764895330113,1.3083735909822867,0.5166398282340311,,
54,39.69404186795491,31.635802469135804,18.136070853462158,8.413848631239935,0.2952227589908749,1.3083735909822867,0.5166398282340311,,
55,39.51959205582394,31.407675791733762,17.76033279656468,9.192163177670425,0.2952227589908749,1.3083735909822867,0.5166398282340311,,
56,39.2914653784219,29.58937198067633,17.753623188405797,9.192163177670425,2.636876006441224,0.5971551261406334,0.9393451422436929,,
57,29.931561996779386,39.31830381105743,17.391304347826086,9.185453569511541,2.636876006441224,0.5971551261406334,0.9393451422436929,,
58,29.200214707461082,36.34594739667203,21.470746108427267,8.84326355340848,2.6033279656468062,0.5971551261406334,0.9393451422436929,,
59,29.22705314009662,33.59500805152979,21.470746108427267,8.84326355340848,2.61003757380569,0.5971551261406334,3.656736446591519,,
60,26.737788513150832,43.82045088566828,17.424852388620504,7.977724100912507,2.536231884057971,0.5971551261406334,0.9057971014492754,,
61,26.764626945786365,43.63258185721954,17.424852388620504,7.977724100912507,2.6972624798711755,0.5971551261406334,0.9057971014492754,,
62,26.221148684916802,44.196188942565755,17.404723564143854,7.977724100912507,2.6972624798711755,0.5971551261406334,0.9057971014492754,,
63,25.543478260869566,43.203166935050994,19.51154052603328,7.977724100912507,2.536231884057971,0.5971551261406334,0.630703166935051,,
64,25.644122383252817,43.183038110574344,19.43102522812668,7.977724100912507,2.536231884057971,0.5971551261406334,0.630703166935051,,
65,25.697799248523886,42.391304347826086,19.28341384863124,7.977724100912507,2.536231884057971,0.5971551261406334,1.5163714439076759,,
66,25.91250670960816,42.2638217928073,19.269994632313473,7.14573268921095,3.294417606011809,0.5971551261406334,1.5163714439076759,,
67,25.811862587224905,42.270531400966185,19.129092860976918,7.380568974771873,3.294417606011809,0.5971551261406334,1.5163714439076759,,
68,26.247987117552334,42.089371980676326,19.129092860976918,7.246376811594203,3.2877079978529253,0.5971551261406334,1.402308105206656,,
69,26.442565754159958,42.03569511540526,19.048577563070317,7.246376811594203,3.2541599570585076,0.5971551261406334,1.3754696725711217,,
70,26.50295222758991,41.7337627482555,19.290123456790123,7.246376811594203,3.2541599570585076,0.5971551261406334,1.3754696725711217,,
71,26.536500268384327,41.71363392377885,19.276704240472355,7.246376811594203,3.2541599570585076,0.5971551261406334,1.3754696725711217,,
72,26.462694578636608,41.54589371980676,15.633387010198604,11.131239935587761,3.2541599570585076,0.5971551261406334,1.3754696725711217,,
73,26.48953301127214,41.51905528717123,15.633387010198604,11.131239935587761,3.2541599570585076,0.5971551261406334,1.3754696725711217,,
74,26.308373590982285,41.31105743424584,13.103864734299517,13.922436929683306,3.3816425120772946,0.5971551261406334,1.3754696725711217,,
75,26.623725174449813,41.22383252818035,13.09044551798175,13.714439076757918,3.3816425120772946,0.5971551261406334,1.3687600644122384,,
76,26.724369296833064,41.196994095544824,13.070316693505099,13.66076221148685,3.3816425120772946,0.5971551261406334,1.3687600644122384,,
77,27.120236178207193,40.713902308105204,13.056897477187333,13.66076221148685,3.515834675254965,0.5971551261406334,1.3352120236178207,,
78,26.663982823403114,41.2842190016103,12.95625335480408,13.647342995169081,3.515834675254965,0.5971551261406334,1.3352120236178207,,
79,26.73107890499195,41.257380568974774,12.95625335480408,13.607085346215781,3.515834675254965,0.5971551261406334,1.3352120236178207,,
80,26.952495974235106,40.94873859366613,12.915995705850777,13.607085346215781,3.515834675254965,0.7246376811594203,1.3352120236178207,,
81,25.623993558776167,43.05555555555556,12.560386473429952,13.18438003220612,3.515834675254965,0.7246376811594203,1.3352120236178207,,
82,25.986312399355878,42.659688674181425,12.506709608158884,13.157541599570585,3.515834675254965,0.8655394524959742,1.3083735909822867,,
83,22.463768115942027,35.34621578099839,28.63660762211487,7.877079978529254,3.502415458937198,0.8655394524959742,1.3083735909822867,,
84,22.450348899624263,35.37976382179281,28.6231884057971,7.87037037037037,3.502415458937198,0.8655394524959742,1.3083735909822867,,
85,22.84621578099839,35.13150831991412,28.475577026301664,7.87037037037037,3.502415458937198,0.8655394524959742,1.3083735909822867,,
86,21.26945786366076,40.84809447128288,27.28797638217928,4.998658078368224,3.502415458937198,0.785024154589372,1.3083735909822867,,
87,21.557971014492754,40.687063875469676,27.160493827160494,4.998658078368224,3.502415458937198,0.785024154589372,1.3083735909822867,,
88,20.155662909286097,40.19055287171229,29.086151368760063,4.9718196457326895,3.502415458937198,0.785024154589372,1.3083735909822867,,
89,20.558239398819108,39.95571658615137,28.965378421900162,4.9651100375738055,3.4688674181427803,0.7783145464304885,1.3083735909822867,,
90,20.739398819108963,39.861782071927,28.817767042404725,4.938271604938271,3.4688674181427803,0.8655394524959742,1.3083735909822867,,
91,20.98094471282877,39.56655931293612,28.75067096081589,4.938271604938271,3.4621578099838968,1.0064412238325282,1.2949543746645196,,
92,21.470746108427267,39.22436929683307,28.6231884057971,4.918142780461621,3.4621578099838968,1.0064412238325282,1.2949543746645196,,
93,21.571390230810522,39.14385399892646,28.60305958132045,4.918142780461621,3.4621578099838968,1.0064412238325282,1.2949543746645196,,
94,21.826355340848096,38.93585614600107,28.556092324208265,4.918142780461621,3.4621578099838968,1.0064412238325282,1.2949543746645196,,
95,22.134997316156735,38.801663982823406,28.381642512077295,4.918142780461621,3.4621578099838968,1.0064412238325282,1.2949543746645196,,
96,22.007514761137948,38.378958668813745,28.945249597423512,4.918142780461621,3.4621578099838968,0.9930220075147611,1.2949543746645196,,
97,22.04777241009125,38.33870101986044,28.945249597423512,4.918142780461621,3.4621578099838968,0.9930220075147611,1.2949543746645196,,
98,22.18196457326892,38.27831454643049,28.904991948470208,4.884594739667204,3.4621578099838968,0.9930220075147611,1.2949543746645196,,
99,22.73886205045625,37.90257648953301,28.723832528180353,4.884594739667204,3.4151905528717124,1.0399892646269457,1.2949543746645196,,
100,22.920021470746107,37.01690821256039,28.650026838432634,4.851046698872786,3.4151905528717124,1.724369296833065,1.4224369296833066,,
101,23.03408480944713,36.9296833064949,28.6231884057971,4.851046698872786,3.4151905528717124,1.724369296833065,1.4224369296833066,,
102,23.32259796027912,36.64117015566291,28.6231884057971,4.851046698872786,3.4151905528717124,1.724369296833065,1.4224369296833066,,
103,23.752012882447666,36.33923778851315,28.502415458937197,4.851046698872786,3.4151905528717124,1.7176596886741815,1.4224369296833066,,
104,23.49704777241009,33.44068706387547,28.502415458937197,7.6623725174449815,3.8378958668813743,1.6505636070853462,1.4090177133655395,,
105,23.845947396672035,33.373590982286636,28.22061191626409,7.6623725174449815,3.8378958668813743,1.6505636070853462,1.4090177133655395,,
106,23.97342995169082,33.3467525496511,28.187063875469672,7.595276435856146,3.797638217928073,1.6371443907675791,1.4626945786366077,,
107,23.919753086419753,31.53515834675255,27.482555018786904,7.883789586688137,3.717122920021471,2.314814814814815,3.1468062265163717,,
108,24.295491143317232,31.166129898013956,27.234299516908212,7.843531937734836,3.6768652710681695,2.636876006441224,3.1468062265163717,,
109,24.416264090177133,31.13929146537842,27.140365002683843,7.843531937734836,3.6768652710681695,2.636876006441224,3.1468062265163717,,
110,24.610842726784757,31.072195383789587,27.059849704777243,7.823403113258186,3.6500268384326353,2.636876006441224,3.1468062265163717,,
111,24.765163714439076,31.01851851851852,27.012882447665056,7.796564680622652,3.6500268384326353,2.61003757380569,3.1468062265163717,,
112,25.046967257112186,30.83064949006978,26.737788513150832,7.763016639828234,4.012345679012346,2.462426194310252,3.1468062265163717,,
113,24.362587224906065,29.998658078368223,27.885131508319915,7.447665056360709,4.012345679012346,2.462426194310252,3.8311862587224907,,
114,24.362587224906065,29.998658078368223,27.885131508319915,7.447665056360709,4.012345679012346,2.462426194310252,3.8311862587224907,,
115,24.4699409554482,29.998658078368223,27.79790660225443,7.447665056360709,3.992216854535695,2.462426194310252,3.8311862587224907,,
116,24.510198604401502,30.038915727321523,27.710681696188942,7.387278582930757,3.9855072463768115,2.536231884057971,3.8311862587224907,,
117,23.711755233494365,28.408480944712828,27.49597423510467,10.976918947933441,3.851315083199141,2.5026838432635534,3.052871712292002,,
118,23.765432098765434,28.381642512077295,27.469135802469136,10.950080515297907,4.408212560386473,2.5026838432635534,2.522812667740204,,
119,24.074074074074073,28.207192699946322,27.38191089640365,10.950080515297907,4.394793344068707,2.4691358024691357,2.522812667740204,,
120,24.342458400429415,28.052871712292003,27.012882447665056,10.903113258185721,4.394793344068707,2.636876006441224,2.5026838432635534,0.15432098765432098,
121,23.758722490606548,27.4020397208803,26.798174986580783,12.587224906065487,4.394793344068707,2.4020397208803006,2.5026838432635534,0.15432098765432098,
122,23.825818572195384,27.361782071927,26.650563607085346,12.573805689747719,4.394793344068707,2.536231884057971,2.5026838432635534,0.15432098765432098,
123,23.845947396672035,26.972624798711756,26.590177133655395,12.553676865271068,4.394793344068707,3.0595813204508855,2.428878153515835,0.15432098765432098,
124,24.033816425120772,26.932367149758456,26.50966183574879,12.52012882447665,4.361245303274289,3.0595813204508855,2.428878153515835,0.15432098765432098,
125,24.174718196457327,26.90552871712292,26.402308105206657,12.513419216317766,4.361245303274289,3.0595813204508855,2.428878153515835,0.15432098765432098,
126,24.248523886205046,26.663982823403114,26.281535158346752,12.513419216317766,4.320987654320987,3.280998389694042,2.536231884057971,0.15432098765432098,
127,24.168008588298445,26.214439076757916,26.214439076757916,12.513419216317766,4.17337627482555,3.2742887815351582,3.2877079978529253,0.15432098765432098,
128,24.261943102522814,26.140633387010197,26.194310252281266,12.513419216317766,4.17337627482555,3.2742887815351582,3.2877079978529253,0.15432098765432098,
129,24.48336017176597,26.03327965646806,26.100375738056897,12.506709608158884,4.17337627482555,3.260869565217391,3.2877079978529253,0.15432098765432098,
130,24.724906065485776,26.006441223832528,26.019860440150296,12.211486849168008,4.414922168545357,3.260869565217391,3.207192699946323,0.15432098765432098,
131,24.879227053140095,26.006441223832528,25.91250670960816,12.211486849168008,4.408212560386473,3.2474503488996245,3.180354267310789,0.15432098765432098,
132,25.147611379495437,25.81857219538379,25.85882984433709,12.184648416532475,4.408212560386473,3.2474503488996245,3.180354267310789,0.15432098765432098,
133,25.489801395598498,25.55018786902845,25.81857219538379,12.151100375738057,4.408212560386473,3.2474503488996245,3.180354267310789,0.15432098765432098,
134,25.63070316693505,25.483091787439612,25.764895330112722,12.016908212560386,4.394793344068707,3.2474503488996245,3.180354267310789,0.15432098765432098,0.1274825550187869
135,25.959473966720342,25.429414922168544,25.711218464841654,11.79549114331723,4.394793344068707,3.2474503488996245,3.180354267310789,0.15432098765432098,0.1274825550187869
136,26.053408480944714,25.429414922168544,25.623993558776167,11.79549114331723,4.394793344068707,3.2474503488996245,3.1736446591519054,0.15432098765432098,0.1274825550187869
137,26.147342995169083,25.38244766505636,25.577026301663984,11.79549114331723,4.394793344068707,3.2474503488996245,3.1736446591519054,0.15432098765432098,0.1274825550187869
138,26.382179280730007,25.38244766505636,25.489801395598498,11.761943102522812,4.394793344068707,3.2474503488996245,3.0595813204508855,0.15432098765432098,0.1274825550187869
139,25.83870101986044,25.214707461084274,26.227858293075684,11.761943102522812,4.394793344068707,3.2206119162640903,3.0595813204508855,0.15432098765432098,0.1274825550187869
140,25.885668276972623,25.214707461084274,26.207729468599034,11.75523349436393,4.394793344068707,3.207192699946323,3.0595813204508855,0.15432098765432098,0.12077294685990338
141,26.31508319914117,24.966451959205582,25.91250670960816,11.728395061728396,4.394793344068707,3.3480944712828773,3.0595813204508855,0.15432098765432098,0.12077294685990338
142,26.663982823403114,24.892646269457863,25.811862587224905,11.621041331186259,4.388083735909823,3.321256038647343,3.026033279656468,0.15432098765432098,0.12077294685990338
143,26.54320987654321,24.879227053140095,25.06038647342995,11.178207192699947,4.361245303274289,3.2675791733762747,4.435050993022007,0.15432098765432098,0.12077294685990338
144,26.858561460010737,24.818840579710145,24.765163714439076,11.057434245840042,4.341116478797638,3.2675791733762747,4.64975845410628,0.12077294685990338,0.12077294685990338
145,26.92565754159957,24.818840579710145,24.731615673644658,11.057434245840042,4.30756843800322,3.2675791733762747,4.64975845410628,0.12077294685990338,0.12077294685990338
146,27.033011272141707,24.798711755233494,24.402844873859365,11.037305421363392,4.30756843800322,3.5292538915727323,4.64975845410628,0.12077294685990338,0.12077294685990338
147,27.449006977992486,24.724906065485776,24.154589371980677,11.010466988727858,4.247181964573269,3.5225442834138487,4.64975845410628,0.12077294685990338,0.12077294685990338
148,27.61003757380569,24.65780998389694,24.060654857756308,11.010466988727858,4.247181964573269,3.5225442834138487,4.64975845410628,0.12077294685990338,0.12077294685990338
149,27.623456790123456,24.644390767579175,24.060654857756308,10.876274825550189,4.233762748255502,3.5225442834138487,4.64975845410628,0.12077294685990338,0.2683843263553409
150,28.193773483628558,24.020397208803004,23.765432098765434,10.768921095008052,4.2203435319377345,4.019055287171229,4.622920021470746,0.12077294685990338,0.2683843263553409
151,27.87842190016103,23.792270531400966,24.154589371980677,10.7085346215781,4.206924315619967,4.320987654320987,4.555823939881911,0.12077294685990338,0.2616747181964573
152,28.099838969404185,23.731884057971016,24.10762211486849,10.607890499194847,4.159957058507783,4.320987654320987,4.542404723564144,0.16774020397208803,0.2616747181964573
153,28.26086956521739,23.711755233494365,24.040526033279658,10.607890499194847,4.159957058507783,4.247181964573269,4.542404723564144,0.16774020397208803,0.2616747181964573
154,28.442028985507246,23.64465915190553,23.926462694578635,10.607890499194847,4.159957058507783,4.247181964573269,4.542404723564144,0.16774020397208803,0.2616747181964573
155,28.26086956521739,23.409822866344605,23.752012882447666,10.997047772410092,4.0995705850778315,4.233762748255502,4.542404723564144,0.4495437466451959,0.2549651100375738
156,28.428609769189478,23.409822866344605,23.67149758454106,10.909822866344605,4.0995705850778315,4.233762748255502,4.542404723564144,0.4495437466451959,0.2549651100375738
157,28.629898013955984,23.349436392914654,23.617820719269993,10.84272678475577,4.0995705850778315,4.233762748255502,4.542404723564144,0.4495437466451959,0.23483628556092323
158,28.703703703703702,23.15485775630703,23.58427267847558,10.84272678475577,4.0995705850778315,4.42163177670424,4.508856682769726,0.4495437466451959,0.23483628556092323
159,28.629898013955984,22.510735373054214,23.409822866344605,10.802469135802468,5.307300053676865,4.086151368760064,4.569243156199678,0.4495437466451959,0.23483628556092323
160,28.6231884057971,22.477187332259795,23.15485775630703,11.144659151905529,5.307300053676865,4.05931293612453,4.549114331723027,0.4495437466451959,0.23483628556092323
161,29.240472356414386,22.29602791196994,22.82608695652174,11.144659151905529,5.233494363929147,4.05931293612453,4.51556629092861,0.4495437466451959,0.23483628556092323
162,29.0727321524423,21.886741814278047,22.77241009125067,11.137949543746645,6.031937734836285,3.9049919484702094,4.508856682769726,0.4495437466451959,0.23483628556092323
163,28.978797638217927,20.457595276435857,22.77241009125067,12.74825550187869,6.031937734836285,3.8177670424047236,4.508856682769726,0.4495437466451959,0.23483628556092323
164,29.180085882984432,20.41062801932367,22.517444981213096,12.74825550187869,6.011808910359635,3.938539989264627,4.508856682769726,0.4495437466451959,0.23483628556092323
165,29.58937198067633,20.41062801932367,22.282608695652176,12.701288244766506,5.904455179817498,3.938539989264627,4.488727858293076,0.4495437466451959,0.23483628556092323
166,29.723564143854,20.41062801932367,22.208803005904453,12.701288244766506,5.891035963499732,3.9184111647879765,4.461889425657541,0.4495437466451959,0.23483628556092323
167,29.87788513150832,19.95437466451959,22.188674181427803,12.325550187869029,5.837359098228664,3.9184111647879765,5.213365539452496,0.4495437466451959,0.23483628556092323
168,30.132850241545892,19.89398819108964,22.188674181427803,12.325550187869029,5.803811057434245,3.911701556629093,5.059044551798175,0.4495437466451959,0.23483628556092323
169,30.367686527106816,19.867149758454108,22.15512614063339,12.171229200214707,5.803811057434245,3.911701556629093,5.038915727321524,0.4495437466451959,0.23483628556092323
170,30.783682232957595,19.726247987117553,22.10144927536232,12.171229200214707,5.803811057434245,3.6902844873859366,5.038915727321524,0.4495437466451959,0.23483628556092323
171,31.0252281266774,19.699409554482017,22.007514761137948,12.157809983896941,5.797101449275362,3.603059581320451,5.025496511003757,0.4495437466451959,0.23483628556092323
172,31.313741277509394,19.585346215780998,22.007514761137948,12.13768115942029,5.656199677938808,3.603059581320451,5.01207729468599,0.4495437466451959,0.23483628556092323
173,31.085614600107355,18.149490069779926,24.20155662909286,12.057165861513688,5.656199677938808,3.603059581320451,4.562533548040794,0.4495437466451959,0.23483628556092323
174,31.233225979602793,18.149490069779926,24.188137412775095,11.922973698336017,5.656199677938808,3.603059581320451,4.562533548040794,0.4495437466451959,0.23483628556092323
175,31.374127750939344,18.149490069779926,24.154589371980677,11.81561996779388,5.656199677938808,3.603059581320451,4.562533548040794,0.4495437466451959,0.23483628556092323
176,31.313741277509394,18.129361245303276,24.56387546967257,11.81561996779388,5.656199677938808,3.455448201825013,4.38137412775094,0.4495437466451959,0.23483628556092323
177,31.629092860976918,17.921363392377884,24.416264090177133,11.761943102522812,5.562265163714439,3.455448201825013,4.569243156199678,0.4495437466451959,0.23483628556092323
178,31.52173913043478,17.881105743424584,24.416264090177133,11.668008588298443,5.213365539452496,3.1602254428341383,5.4549114331723025,0.4495437466451959,0.23483628556092323
179,31.863929146537842,17.814009661835748,24.14117015566291,11.668008588298443,5.213365539452496,3.066290928609769,5.548845947396672,0.4495437466451959,0.23483628556092323
180,31.964573268921097,17.814009661835748,24.094202898550726,11.668008588298443,5.199946323134729,3.066290928609769,5.548845947396672,0.41599570585077833,0.2281266774020397
181,32.098765432098766,17.793880837359097,23.993558776167472,11.668008588298443,5.199946323134729,3.066290928609769,5.535426731078905,0.41599570585077833,0.2281266774020397
182,32.32018250134192,17.780461621041333,23.866076221148685,11.647879763821793,5.199946323134729,3.066290928609769,5.475040257648954,0.41599570585077833,0.2281266774020397
183,30.48174986580784,16.485507246376812,29.1129898013956,11.144659151905529,4.180085882984434,3.052871712292002,4.898013955984971,0.41599570585077833,0.2281266774020397
184,30.609232420826622,16.485507246376812,29.012345679012345,11.131239935587761,4.166666666666667,3.052871712292002,4.898013955984971,0.41599570585077833,0.2281266774020397
185,30.67632850241546,16.485507246376812,28.965378421900162,11.117820719269995,4.166666666666667,3.046162104133119,4.898013955984971,0.41599570585077833,0.2281266774020397
186,30.817230273752013,16.404991948470208,28.891572732152444,10.909822866344605,4.166666666666667,3.2675791733762747,4.898013955984971,0.41599570585077833,0.2281266774020397
187,31.031937734836287,16.364734299516908,28.878153515834676,10.84272678475577,4.1532474503489,3.2675791733762747,4.817498658078368,0.41599570585077833,0.2281266774020397
188,31.206387546967257,16.317767042404725,28.79092860976919,10.84272678475577,4.1532474503489,3.227321524422974,4.817498658078368,0.41599570585077833,0.2281266774020397
189,31.280193236714975,16.297638217928075,28.77750939345142,10.802469135802468,4.1532474503489,3.227321524422974,4.817498658078368,0.41599570585077833,0.2281266774020397
190,31.790123456790123,16.25067096081589,28.488996242619432,10.715244229736983,4.1532474503489,3.1736446591519054,4.783950617283951,0.41599570585077833,0.2281266774020397
191,31.83709071390231,16.21712292002147,28.488996242619432,10.715244229736983,4.1532474503489,3.166935050993022,4.783950617283951,0.41599570585077833,0.2214170692431562
192,32.1256038647343,16.21712292002147,28.44873859366613,10.601180891035963,4.1532474503489,3.166935050993022,4.64975845410628,0.41599570585077833,0.2214170692431562
193,32.10547504025765,16.170155662909288,28.24074074074074,10.876274825550189,4.1532474503489,3.166935050993022,4.64975845410628,0.41599570585077833,0.2214170692431562
194,32.17928073000537,16.170155662909288,28.173644659151904,10.869565217391305,4.1532474503489,3.166935050993022,4.64975845410628,0.41599570585077833,0.2214170692431562
195,32.43424584004294,15.277777777777779,28.093129361245303,10.869565217391305,4.106280193236715,3.9318303811057436,4.64975845410628,0.41599570585077833,0.2214170692431562
196,32.57514761137949,15.271068169618895,27.91867954911433,10.849436392914654,4.300858829844337,3.8915727321524423,4.555823939881911,0.41599570585077833,0.2214170692431562
197,32.66237251744498,15.230810520665592,27.871712292002147,10.849436392914654,4.300858829844337,3.8915727321524423,4.555823939881911,0.41599570585077833,0.2214170692431562
198,32.91733762748255,15.217391304347826,27.657004830917874,10.82259796027912,4.300858829844337,3.8915727321524423,4.555823939881911,0.41599570585077833,0.2214170692431562
199,33.1454643048846,15.143585614600108,27.42216854535695,10.789049919484702,4.300858829844337,4.005636070853462,4.555823939881911,0.41599570585077833,0.2214170692431562
200,33.15888352120236,15.143585614600108,27.42216854535695,10.789049919484702,4.28743961352657,4.005636070853462,4.555823939881911,0.41599570585077833,0.2214170692431562
201,33.360171765968865,15.116747181964573,27.361782071927,10.789049919484702,4.180085882984434,4.005636070853462,4.549114331723027,0.41599570585077833,0.2214170692431562
202,33.62855609232421,15.029522275899087,27.34836285560923,10.668276972624799,4.180085882984434,3.9586688137412773,4.549114331723027,0.41599570585077833,0.2214170692431562
203,33.641975308641975,15.01610305958132,27.34836285560923,10.668276972624799,4.180085882984434,3.9586688137412773,4.549114331723027,0.41599570585077833,0.2214170692431562
204,33.964036500268385,14.982555018786902,27.147074610842726,10.661567364465915,4.180085882984434,3.9586688137412773,4.468599033816425,0.41599570585077833,0.2214170692431562
205,34.064680622651636,14.982555018786902,27.120236178207193,10.587761674718196,4.180085882984434,3.9586688137412773,4.468599033816425,0.41599570585077833,0.2214170692431562
206,33.7157809983897,14.65378421900161,28.019323671497585,10.36634460547504,4.180085882984434,3.9586688137412773,4.468599033816425,0.41599570585077833,0.2214170692431562
207,33.843263553408484,14.61352657004831,27.536231884057973,10.272410091250672,4.180085882984434,4.448470209339774,4.468599033816425,0.41599570585077833,0.2214170692431562
208,33.923778851315085,14.546430488459475,27.536231884057973,10.272410091250672,4.180085882984434,4.435050993022007,4.468599033816425,0.41599570585077833,0.2214170692431562
209,34.044551798174986,14.459205582393988,27.509393451422437,10.272410091250672,4.180085882984434,4.435050993022007,4.461889425657541,0.41599570585077833,0.2214170692431562
210,34.084809447128286,14.412238325281804,27.428878153515836,10.755501878690284,4.012345679012346,4.213633923778851,4.455179817498658,0.41599570585077833,0.2214170692431562
211,34.21229200214707,14.358561460010735,27.361782071927,10.755501878690284,4.012345679012346,4.213633923778851,4.448470209339774,0.41599570585077833,0.2214170692431562
212,34.252549651100374,14.331723027375201,27.361782071927,10.742082662372518,4.012345679012346,4.213633923778851,4.448470209339774,0.41599570585077833,0.2214170692431562
213,34.4068706387547,14.217659688674182,27.3215244229737,10.742082662372518,4.012345679012346,4.213633923778851,4.448470209339774,0.41599570585077833,0.2214170692431562
214,34.634997316156735,14.217659688674182,27.079978529253893,10.701825013419215,4.012345679012346,4.186795491143317,4.528985507246377,0.41599570585077833,0.2214170692431562
215,34.634997316156735,13.747987117552334,26.798174986580783,11.553945249597424,4.012345679012346,4.146537842190016,4.468599033816425,0.41599570585077833,0.2214170692431562
216,34.78931830381106,13.647342995169081,26.78475577026302,11.540526033279656,4.012345679012346,4.119699409554482,4.468599033816425,0.41599570585077833,0.2214170692431562
217,34.876543209876544,13.620504562533547,26.724369296833064,11.540526033279656,4.012345679012346,4.119699409554482,4.468599033816425,0.41599570585077833,0.2214170692431562
218,34.74906065485776,12.989801395598498,26.690821256038646,11.540526033279656,4.012345679012346,4.918142780461621,4.461889425657541,0.41599570585077833,0.2214170692431562
219,34.346484165324746,12.93612453032743,27.4422973698336,11.406333870101985,3.9049919484702094,4.918142780461621,4.408212560386473,0.41599570585077833,0.2214170692431562
220,34.594739667203434,12.93612453032743,27.194041867954912,11.406333870101985,3.9049919484702094,4.918142780461621,4.408212560386473,0.41599570585077833,0.2214170692431562
221,34.80944712828771,12.93612453032743,27.13365539452496,11.406333870101985,3.844605475040258,4.884594739667204,4.3478260869565215,0.41599570585077833,0.2214170692431562
222,34.856414385399894,12.93612453032743,27.100107353730543,11.406333870101985,3.844605475040258,4.884594739667204,4.334406870638754,0.41599570585077833,0.2214170692431562
223,34.98389694041868,12.909286097691895,27.033011272141707,11.372785829307569,3.844605475040258,4.884594739667204,4.334406870638754,0.41599570585077833,0.2214170692431562
224,35.15163714439077,12.882447665056361,26.918947933440688,11.372785829307569,3.8177670424047236,4.884594739667204,4.334406870638754,0.41599570585077833,0.2214170692431562
225,35.31266774020397,12.842190016103059,26.918947933440688,11.345947396672035,3.7909286097691894,4.884594739667204,4.26731078904992,0.41599570585077833,0.2214170692431562
226,35.59447128287708,12.674449812130971,26.88539989264627,11.265432098765432,3.7909286097691894,4.884594739667204,4.26731078904992,0.41599570585077833,0.2214170692431562
227,35.72866344605475,12.654320987654321,26.7914653784219,11.258722490606548,3.7909286097691894,4.884594739667204,4.253891572732153,0.41599570585077833,0.2214170692431562
228,36.090982286634464,12.654320987654321,26.529790660225444,11.09098228663446,3.7909286097691894,4.871175523349437,4.213633923778851,0.41599570585077833,0.3421900161030596
229,36.198336017176594,12.654320987654321,26.422436929683307,11.09098228663446,3.7909286097691894,4.871175523349437,4.213633923778851,0.41599570585077833,0.3421900161030596
230,36.24530327428878,12.654320987654321,26.422436929683307,11.05072463768116,3.7909286097691894,4.864465915190553,4.213633923778851,0.41599570585077833,0.3421900161030596
231,36.25872249060655,12.077294685990339,26.37546967257112,10.970209339774557,3.7104133118625873,5.71658615136876,4.133118625872249,0.41599570585077833,0.3421900161030596
232,36.45330112721417,12.030327428878154,26.227858293075684,10.970209339774557,3.7104133118625873,5.71658615136876,4.133118625872249,0.41599570585077833,0.3421900161030596
233,36.50697799248524,12.010198604401502,26.194310252281266,10.970209339774557,3.7104133118625873,5.71658615136876,4.133118625872249,0.41599570585077833,0.3421900161030596
234,36.594202898550726,11.996779388083736,26.127214170692433,10.963499731615673,3.7104133118625873,5.71658615136876,4.133118625872249,0.41599570585077833,0.3421900161030596
235,36.72168545356951,11.990069779924852,26.01315083199141,10.95679012345679,3.7104133118625873,5.71658615136876,4.133118625872249,0.41599570585077833,0.3421900161030596
236,36.802200751476114,11.98336017176597,25.959473966720342,10.95679012345679,3.6902844873859366,5.71658615136876,4.133118625872249,0.41599570585077833,0.3421900161030596
237,36.87600644122383,11.98336017176597,25.89908749329039,10.95679012345679,3.683574879227053,5.709876543209877,4.133118625872249,0.41599570585077833,0.3421900161030596
238,37.164519592055825,11.90955448201825,25.670960815888353,10.990338164251208,3.683574879227053,5.689747718733226,4.133118625872249,0.41599570585077833,0.3421900161030596
239,37.35238862050456,11.862587224906065,25.5300590445518,10.990338164251208,3.683574879227053,5.689747718733226,4.133118625872249,0.41599570585077833,0.3421900161030596
240,37.62748255501879,11.862587224906065,25.315351583467525,10.990338164251208,3.6366076221148687,5.689747718733226,4.119699409554482,0.41599570585077833,0.3421900161030596
241,37.74154589371981,11.81561996779388,25.248255501878692,10.990338164251208,3.6366076221148687,5.689747718733226,4.119699409554482,0.41599570585077833,0.3421900161030596
242,38.238056897477186,11.808910359634996,24.92619431025228,10.869565217391305,3.535963499731616,5.8239398819108965,4.03918411164788,0.41599570585077833,0.3421900161030596
243,38.43263553408481,11.761943102522812,24.892646269457863,10.789049919484702,3.535963499731616,5.790391841116479,4.03918411164788,0.41599570585077833,0.3421900161030596
244,38.57353730542136,11.621041331186259,24.892646269457863,10.789049919484702,3.535963499731616,5.790391841116479,4.03918411164788,0.41599570585077833,0.3421900161030596
245,38.54669887278583,11.728395061728396,24.792002147074612,10.789049919484702,3.475577026301664,5.790391841116479,4.032474503488996,0.5032206119162641,0.3421900161030596
246,38.64734299516908,11.728395061728396,24.731615673644658,10.748792270531402,3.475577026301664,5.790391841116479,4.032474503488996,0.5032206119162641,0.3421900161030596
247,38.74127750939345,11.728395061728396,24.731615673644658,10.701825013419215,3.475577026301664,5.790391841116479,3.9855072463768115,0.5032206119162641,0.3421900161030596
248,39.02308105206656,11.694847020933977,24.62426194310252,10.701825013419215,3.4017713365539453,5.723295759527644,3.9855072463768115,0.5032206119162641,0.3421900161030596
249,39.06333870101986,11.694847020933977,24.58400429414922,10.701825013419215,3.4017713365539453,5.723295759527644,3.9855072463768115,0.5032206119162641,0.3421900161030596
250,39.11701556629093,11.621041331186259,24.550456253354803,10.654857756307031,3.388352120236178,5.703166935050993,3.9855072463768115,0.6374127750939346,0.3421900161030596
251,39.12372517444981,11.614331723027375,24.550456253354803,10.654857756307031,3.388352120236178,5.703166935050993,3.9855072463768115,0.6374127750939346,0.3421900161030596
252,39.2512077294686,11.580783682232958,24.48336017176597,10.648148148148149,3.388352120236178,5.689747718733226,3.978797638217928,0.6374127750939346,0.3421900161030596
253,39.33843263553408,11.56736446591519,24.329039184111647,10.755501878690284,3.388352120236178,5.662909286097692,3.978797638217928,0.6374127750939346,0.3421900161030596
254,39.49946323134729,11.54723564143854,24.261943102522814,10.681696188942565,3.388352120236178,5.662909286097692,3.978797638217928,0.6374127750939346,0.3421900161030596
255,39.60010735373054,11.54723564143854,24.261943102522814,10.601180891035963,3.388352120236178,5.642780461621041,3.978797638217928,0.6374127750939346,0.3421900161030596
256,39.67391304347826,11.54723564143854,24.188137412775095,10.601180891035963,3.388352120236178,5.642780461621041,3.978797638217928,0.6374127750939346,0.3421900161030596
257,39.774557165861516,11.54723564143854,24.12775093934514,10.560923242082662,3.388352120236178,5.642780461621041,3.978797638217928,0.6374127750939346,0.3421900161030596
258,39.821524422973695,11.540526033279656,24.053945249597422,10.493827160493828,3.388352120236178,5.776972624798712,3.9452495974235107,0.6374127750939346,0.3421900161030596
259,39.81481481481482,11.540526033279656,23.946591519055286,10.493827160493828,3.388352120236178,5.776972624798712,4.05931293612453,0.6374127750939346,0.3421900161030596
260,39.99597423510467,11.52710681696189,23.678207192699947,10.493827160493828,3.361513687600644,5.776972624798712,4.186795491143317,0.6374127750939346,0.3421900161030596
261,40.103327965646805,11.52710681696189,23.57085346215781,10.493827160493828,3.361513687600644,5.776972624798712,4.186795491143317,0.6374127750939346,0.3421900161030596
262,40.27106816961889,11.500268384326356,23.51046698872786,10.413311862587225,3.361513687600644,5.776972624798712,4.186795491143317,0.6374127750939346,0.3421900161030596
263,40.49919484702093,11.473429951690822,23.295759527643586,10.339506172839506,3.361513687600644,5.911164787976382,4.186795491143317,0.5971551261406334,0.33548040794417605
264,40.57300053676865,11.41304347826087,23.161567364465917,10.312667740203972,3.361513687600644,6.0587761674718195,4.186795491143317,0.5971551261406334,0.33548040794417605
265,40.79441760601181,11.285560923242082,23.087761674718198,10.292538915727322,3.361513687600644,6.0587761674718195,4.186795491143317,0.5971551261406334,0.33548040794417605
266,40.94202898550725,11.245303274288782,23.03408480944713,10.272410091250672,3.361513687600644,6.025228126677402,4.186795491143317,0.5971551261406334,0.33548040794417605
267,41.096349973161566,11.104401502952227,22.665056360708533,10.681696188942565,3.3145464304884595,6.025228126677402,4.180085882984434,0.5971551261406334,0.33548040794417605
268,41.47208803005905,10.923242082662373,22.63150831991412,10.661567364465915,3.2541599570585076,6.011808910359635,4.126409017713366,0.5971551261406334,0.322061191626409
269,41.52576489533011,10.896403650026839,22.63150831991412,10.661567364465915,3.2541599570585076,5.984970477724101,4.126409017713366,0.5971551261406334,0.322061191626409
