,45,50,55,53,54,51,57,58,56,52
0,93.37761674718196,6.622383252818035,,,,,,,,
1,88.74127750939346,11.258722490606548,,,,,,,,
2,86.95652173913044,13.043478260869565,,,,,,,,
3,86.16478797638219,13.83521202361782,,,,,,,,
4,53.777509393451425,46.222490606548575,,,,,,,,
5,52.91196994095545,47.00751476113795,0.08051529790660225,,,,,,,
6,51.53650026838432,42.1027911969941,0.3421900161030596,0.10735373054213634,5.911164787976382,,,,,
7,47.60466988727858,46.2962962962963,0.8789586688137413,,5.22007514761138,,,,,
8,46.47745571658615,47.49060654857756,0.8789586688137413,,5.152979066022544,,,,,
9,46.61164787976382,47.40338164251208,0.8387010198604401,,5.146269457863661,,,,,
10,43.323939881910896,45.591787439613526,0.8387010198604401,,4.797369833601718,5.119431025228127,0.32877079978529256,,,
11,38.58024691358025,48.711755233494365,2.8515834675254963,,4.4753086419753085,5.072463768115942,0.30864197530864196,,,
12,34.876543209876544,37.27187332259796,0.7380568974771873,18.189747718733226,3.730542136339238,5.025496511003757,0.16774020397208803,,,
13,35.319377348362856,37.063875469672574,0.7380568974771873,16.71363392377885,3.6902844873859366,4.99194847020934,0.16774020397208803,1.3150831991411702,,
14,34.31964573268921,32.038378958668815,0.7380568974771873,22.785829307568438,3.6768652710681695,4.9718196457326895,0.16774020397208803,1.3016639828234031,,
15,34.78260869565217,31.655931293612454,2.1135265700483092,21.430488459473967,3.6500268384326353,4.898013955984971,0.16774020397208803,1.3016639828234031,,
16,32.26650563607085,18.50509930220075,0.20799785292538917,3.126677402039721,2.15378421900161,43.73993558776167,,,,
17,32.6556629092861,18.370907139023082,0.20799785292538917,3.126677402039721,2.1403650026838434,43.49838969404187,,,,
18,32.447665056360705,18.894256575415994,0.20128824476650564,3.0595813204508855,2.1403650026838434,43.042136339237786,,,0.2147074610842727,
19,32.86366076221149,18.793612453032743,0.20128824476650564,3.0193236714975846,2.13365539452496,40.74074074074074,,,2.24771873322598,
20,29.052603327965645,16.505636070853463,0.20128824476650564,1.6975308641975309,2.1068169618894257,45.12211486849168,,,2.3550724637681157,2.9589371980676327
21,26.053408480944714,15.92860976918948,0.20128824476650564,15.291196994095545,,35.42673107890499,,,2.4154589371980677,4.683306494900698
22,26.44927536231884,14.969135802469136,0.20128824476650564,15.190552871712292,,34.95034889962426,,,2.4154589371980677,5.8239398819108965
23,26.82501341921632,13.352120236178207,0.1878690284487386,13.868760064412239,1.3352120236178207,34.66854535695116,,,3.978797638217928,5.783682232957595
24,24.060654857756308,12.661030595813205,0.1878690284487386,11.654589371980677,1.3352120236178207,42.68652710681696,,,3.797638217928073,3.616478797638218
25,22.32957595276436,10.413311862587225,0.7581857219538379,10.929951690821255,0.5837359098228664,49.322329575952764,,,3.193773483628556,2.4691358024691357
26,22.450348899624263,10.520665593129362,0.7581857219538379,10.896403650026839,0.5837359098228664,49.14787976382179,,,3.1870638754696725,2.4557165861513686
27,15.92860976918948,22.007514761137948,0.7581857219538379,10.124798711755233,2.200751476113795,43.283682232957595,,,3.2742887815351582,2.4221685453569513
28,16.304347826086957,20.8467525496511,0.6776704240472357,10.091250670960816,4.508856682769726,41.84111647879764,,,3.307836822329576,2.4221685453569513
29,16.941760601180892,20.739398819108963,0.6575415995705851,10.050993022007514,4.42163177670424,41.41170155662909,,,3.374932903918411,2.4020397208803006
30,17.639559849704778,20.658883521202362,0.8722490606548577,9.903381642512077,4.367954911433173,40.86822329575953,,,3.3145464304884595,2.3752012882447664
31,15.70048309178744,19.618894256575416,0.8722490606548577,11.694847020933977,4.186795491143317,42.78717122920021,,0.19457863660762212,3.2340311325818574,1.710950080515298
32,15.5126140633387,18.55877616747182,0.9192163177670424,11.097691894793345,3.8580246913580245,40.995705850778315,,0.19457863660762212,2.341653247450349,6.521739130434782
33,16.418411164787976,18.451422436929683,0.8923778851315083,11.010466988727858,3.8580246913580245,40.385131508319915,,0.18115942028985507,2.3215244229736984,6.481481481481482
34,16.99543746645196,17.57246376811594,1.7042404723564144,11.003757380568974,3.743961352657005,40.143585614600106,,0.18115942028985507,2.24771873322598,6.407675791733762
35,17.418142780461622,17.418142780461622,1.7042404723564144,10.93666129898014,3.743961352657005,39.680622651637144,,0.18115942028985507,2.5429414922168547,6.374127750939345
36,17.733494363929147,17.21014492753623,3.5628019323671496,10.829307568438002,3.8580246913580245,37.76838432635534,,0.18115942028985507,2.5161030595813205,6.340579710144928
37,17.384594739667204,16.19699409554482,3.5225442834138487,10.742082662372518,3.7775093934514223,39.734299516908216,,0.18115942028985507,2.5161030595813205,5.9447128287707995
38,16.485507246376812,16.163446054750402,3.475577026301664,7.75630703166935,2.368491680085883,32.8569511540526,,0.18115942028985507,2.6435856146001075,18.06897477187332
39,17.176596886741816,15.995705850778315,3.743961352657005,7.749597423510467,2.368491680085883,32.387278582930755,,0.18115942028985507,2.6033279656468062,17.793880837359097
40,17.941492216854535,15.734031132581856,3.69699409554482,7.709339774557166,2.301395598497048,31.87734836285561,,0.18115942028985507,2.831454643048846,17.726784755770264
41,17.787171229200215,12.969672571121846,9.668545356951155,7.669082125603865,2.301395598497048,29.522275899087493,,0.18115942028985507,2.6502952227589907,17.250402576489535
42,18.129361245303276,12.204777241009126,9.39345142243693,7.608695652173913,3.079710144927536,29.126409017713364,,0.18115942028985507,2.623456790123457,17.652979066022546
43,18.5252281266774,11.956521739130435,10.393183038110575,7.521470746108427,3.079710144927536,28.25415995705851,,0.18115942028985507,2.871712292002147,17.216854535695116
44,19.102254428341386,11.855877616747183,10.379763821792807,7.461084272678476,3.026033279656468,28.059581320450885,0.12077294685990338,0.18115942028985507,2.844873859366613,16.968599033816425
45,19.47799248523886,11.647879763821793,10.144927536231885,12.117552334943639,2.999194847020934,27.737520128824478,0.12077294685990338,0.16774020397208803,2.6167471819645733,12.969672571121846
46,20.511272141706925,11.486849168008588,9.86983360171766,12.00348899624262,2.9924852388620504,27.395330112721417,0.12077294685990338,0.1610305958132045,2.5161030595813205,12.942834138486312
47,20.538110574342458,11.439881910896403,12.177938808373591,11.66129898013956,2.9924852388620504,25.509930220075148,0.12077294685990338,0.1610305958132045,2.536231884057971,12.86231884057971
48,19.578636607622116,6.6827697262479875,9.997316156736447,11.58749329039184,2.563070316693505,24.805421363392377,0.12077294685990338,0.1610305958132045,2.4691358024691357,22.034353193773484
49,20.068438003220614,6.575415995705851,9.970477724100913,11.406333870101985,2.563070316693505,24.610842726784757,0.12077294685990338,0.1610305958132045,2.623456790123457,21.900161030595815
50,20.00805152979066,6.4345142243692965,10.21202361782072,14.210950080515298,2.4557165861513686,24.194847020933977,0.013419216317767043,0.1610305958132045,2.4355877616747184,19.87385936661299
51,20.578368223295758,6.4345142243692965,10.158346752549651,13.989533011272142,2.442297369833602,24.06736446591519,0.013419216317767043,0.1610305958132045,2.408749329039184,19.746376811594203
52,20.35024154589372,6.166129898013956,9.796027911969942,13.935856146001074,2.442297369833602,25.046967257112186,0.013419216317767043,0.1610305958132045,2.4691358024691357,19.618894256575416
53,20.658883521202362,6.139291465378422,9.896672034353195,13.828502415458937,2.442297369833602,24.704777241009126,0.20799785292538917,0.1610305958132045,2.6435856146001075,19.316961889425656
54,20.90042941492217,6.139291465378422,9.883252818035427,15.94873859366613,2.4355877616747184,24.537037037037038,0.20799785292538917,0.1610305958132045,2.61003757380569,17.176596886741816
55,20.819914117015568,5.173107890499195,9.044551798174986,24.00697799248524,2.046430488459474,22.899892646269457,0.013419216317767043,0.1610305958132045,2.5295222758990876,13.305152979066023
56,18.719806763285025,4.938271604938271,10.829307568438002,20.69243156199678,2.046430488459474,28.73725174449812,0.013419216317767043,,2.6637144390767578,11.3593666129898
57,13.24476650563607,3.549382716049383,10.681696188942565,18.71309715512614,2.01959205582394,38.425925925925924,0.013419216317767043,,2.395330112721417,10.95679012345679
58,13.768115942028986,3.549382716049383,10.648148148148149,18.531937734836287,1.9994632313472893,36.10440150295223,0.013419216317767043,,2.3752012882447664,13.009930220075148
59,14.667203435319378,3.5426731078904994,11.426462694578637,18.323939881910896,1.9726247987117553,34.86312399355877,0.013419216317767043,,2.3617820719269993,12.828770799785293
60,13.305152979066023,6.213097155126141,11.83574879227053,18.109232420826622,1.9122383252818036,33.53462157809984,0.013419216317767043,,2.3617820719269993,12.714707461084272
61,13.855340848094471,6.179549114331723,12.117552334943639,17.96833064949007,1.9122383252818036,32.99785292538916,0.013419216317767043,,2.3349436392914655,12.620772946859903
62,14.190821256038648,6.1929683306494905,12.177938808373591,17.894524959742352,1.9122383252818036,32.709339774557165,0.013419216317767043,,2.3349436392914655,12.573805689747719
63,14.31159420289855,6.179549114331723,11.191626409017713,17.70665593129361,4.213633923778851,31.87734836285561,0.013419216317767043,,2.15378421900161,12.352388620504563
64,14.741009125067096,6.152710681696189,11.171497584541063,17.59259259259259,4.166666666666667,31.702898550724637,0.013419216317767043,,2.15378421900161,12.305421363392378
65,15.01610305958132,6.125872249060655,11.11111111111111,17.196725711218466,4.166666666666667,31.642512077294686,0.013419216317767043,0.3153515834675255,2.15378421900161,12.258454106280194
66,15.069779924852389,6.125872249060655,9.500805152979066,13.372249060654857,4.1129898013955986,31.21309715512614,0.013419216317767043,0.3153515834675255,2.15378421900161,18.12265163714439
67,15.418679549114332,6.092324208266238,9.373322597960279,14.76784755770263,4.005636070853462,29.777241009125067,0.013419216317767043,0.3153515834675255,2.15378421900161,18.08239398819109
68,14.083467525496511,5.730005367686527,8.76274825550188,14.553140096618357,2.7777777777777777,35.67498658078368,0.2952227589908749,0.3153515834675255,1.90552871712292,15.901771336553946
69,10.721953837895867,5.555555555555555,7.085346215780999,9.655126140633387,2.1269457863660763,38.85534084809447,0.38915727321524424,0.2952227589908749,1.8853998926462694,23.429951690821255
70,11.325818572195384,5.515297906602254,6.689479334406871,17.07595276435856,1.9189479334406871,31.13929146537842,0.38915727321524424,0.2952227589908749,2.341653247450349,23.309178743961354
71,11.460010735373054,5.4616210413311865,6.6760601180891035,15.821256038647343,1.9189479334406871,32.71604938271605,0.38915727321524424,0.2952227589908749,2.341653247450349,22.920021470746107
72,11.976650563607086,5.273752012882448,6.649221685453569,15.774288781535159,1.9122383252818036,32.48121309715513,0.2885131508319914,0.2952227589908749,2.341653247450349,23.007246376811594
73,11.956521739130435,3.166935050993022,6.541867954911433,15.92860976918948,1.8585614600107354,35.07112184648417,0.2885131508319914,0.2952227589908749,2.086688137412775,22.805958132045088
74,12.593934514224369,3.166935050993022,6.515029522275899,15.767579173376275,1.8585614600107354,34.68867418142781,0.2885131508319914,0.2952227589908749,2.2342995169082127,22.591250670960815
75,12.842190016103059,3.012614063338701,6.790123456790123,15.633387010198604,1.8451422436929683,34.05126140633387,0.2885131508319914,0.2952227589908749,2.475845410628019,22.765700483091788
76,13.278314546430488,2.999194847020934,7.132313472893183,16.264090177133657,1.8451422436929683,33.44739667203435,0.2885131508319914,0.27509393451422437,2.4355877616747184,22.034353193773484
77,13.607085346215781,2.999194847020934,6.998121309715513,13.855340848094471,1.8451422436929683,32.98443370907139,0.28180354267310787,0.27509393451422437,2.563070316693505,24.590713902308106
78,14.06333870101986,2.985775630703167,6.964573268921095,13.727858293075684,1.8451422436929683,32.427536231884055,0.28180354267310787,0.27509393451422437,2.8918411164787976,24.537037037037038
79,14.27133655394525,2.952227589908749,6.910896403650026,13.16425120772947,2.6838432635534084,31.910896403650028,0.28180354267310787,0.27509393451422437,3.9519592055823938,23.597691894793343
80,12.667740203972087,2.804616210413312,6.119162640901771,11.701556629092861,2.2208803005904456,28.804347826086957,0.10064412238325282,0.27509393451422437,3.3480944712828773,31.95786366076221
81,13.419216317767042,2.804616210413312,5.971551261406334,11.439881910896403,2.147074610842727,28.61647879763822,0.10064412238325282,0.27509393451422437,3.321256038647343,31.904186795491142
82,13.862050456253355,2.791196994095545,5.870907139023081,11.372785829307569,2.1135265700483092,28.475577026301664,0.10064412238325282,0.2616747181964573,3.307836822329576,31.843800322061192
83,14.371980676328503,2.771068169618894,5.763553408480945,11.225174449812132,2.2074610842726785,28.31454643048846,0.10064412238325282,0.2616747181964573,3.280998389694042,31.702898550724637
84,14.814814814814815,2.7643585614600106,5.736714975845411,11.158078368223295,2.200751476113795,28.287707997852927,0.4227053140096618,0.2616747181964573,3.260869565217391,31.092324208266238
85,14.49946323134729,2.757648953301127,6.072195383789587,11.064143853998926,2.4020397208803006,31.44122383252818,0.4227053140096618,0.2616747181964573,2.589908749329039,28.488996242619432
86,14.660493827160494,2.757648953301127,5.300590445517981,11.849168008588299,1.8048845947396672,32.64224369296833,0.4227053140096618,0.36902844873859364,2.5831991411701556,27.61003757380569
87,15.250939345142244,2.7308105206655933,5.280461621041331,11.782071926999464,1.7847557702630166,32.43424584004294,0.4227053140096618,0.35560923242082665,2.5831991411701556,27.375201288244767
88,15.673644659151906,2.7308105206655933,5.280461621041331,11.735104669887278,1.778046162104133,32.15915190552872,0.4227053140096618,0.35560923242082665,2.5429414922168547,27.3215244229737
89,15.821256038647343,2.7308105206655933,5.260332796564681,11.694847020933977,1.778046162104133,32.05179817498658,0.4227053140096618,0.35560923242082665,2.5161030595813205,27.36849168008588
90,16.264090177133657,2.6167471819645733,5.615942028985507,11.486849168008588,1.778046162104133,31.863929146537842,0.4227053140096618,0.35560923242082665,2.509393451422437,27.086688137412775
91,16.586151368760063,2.6167471819645733,5.689747718733226,11.473429951690822,2.2410091250670963,31.159420289855074,0.4227053140096618,0.5099302200751477,2.475845410628019,26.82501341921632
92,16.955179817498657,2.6167471819645733,5.683038110574342,11.43317230273752,2.2410091250670963,30.95813204508857,0.4227053140096618,0.5032206119162641,2.4691358024691357,26.717659688674182
93,17.559044551798173,2.6167471819645733,5.636070853462158,11.325818572195384,2.200751476113795,30.85077831454643,0.4227053140096618,0.5032206119162641,2.4557165861513686,26.42914653784219
94,18.169618894256576,2.6167471819645733,5.71658615136876,11.245303274288782,2.281266774020397,30.3743961352657,0.4227053140096618,0.5032206119162641,2.408749329039184,26.261406333870102
95,18.115942028985508,2.5966183574879227,5.4616210413311865,9.675254965110037,2.2611379495437465,34.574610842726784,0.39586688137412773,0.4092860976918948,2.3081052066559313,24.20155662909286
96,18.357487922705314,2.5966183574879227,5.797101449275362,9.621578099838969,2.2611379495437465,34.15190552871712,0.49651100375738055,0.39586688137412773,2.2879763821792807,24.033816425120772
97,18.69296833064949,2.5966183574879227,5.756843800322061,9.50751476113795,2.818035426731079,33.93719806763285,0.49651100375738055,0.39586688137412773,2.254428341384863,23.544015029522274
98,18.38432635534085,2.5966183574879227,5.2066559312936125,8.460815888352121,2.7308105206655933,33.41384863123994,0.49651100375738055,0.39586688137412773,2.563070316693505,25.751476113794954
99,18.833870101986044,2.589908749329039,5.166398282340311,8.393719806763285,2.703972088030059,33.10520665593129,0.49651100375738055,0.39586688137412773,2.771068169618894,25.543478260869566
100,18.907675791733762,2.5429414922168547,5.146269457863661,8.313204508856682,2.6838432635534084,34.45383789586688,0.2885131508319914,0.39586688137412773,2.737520128824477,24.530327428878152
101,18.780193236714975,2.5429414922168547,4.1532474503489,8.272946859903382,4.730273752012883,34.07809983896941,0.2885131508319914,0.36231884057971014,2.6972624798711755,24.094202898550726
102,18.793612453032743,2.5429414922168547,4.066022544283414,10.339506172839506,4.750402576489533,33.581588835212024,0.2885131508319914,0.36231884057971014,2.657004830917874,22.61808910359635
103,18.45813204508857,2.5429414922168547,4.74369296833065,9.534353193773484,4.441760601180891,33.373590982286636,0.2885131508319914,0.36231884057971014,2.623456790123457,23.63123993558776
104,15.203972088030058,2.522812667740204,3.5829307568438002,8.896940418679549,2.24771873322598,33.02469135802469,0.10735373054213634,0.2549651100375738,2.3752012882447664,31.78341384863124
105,15.371712292002147,2.509393451422437,3.549382716049383,11.52710681696189,2.2208803005904456,29.60950080515298,0.08051529790660225,0.2549651100375738,3.435319377348363,31.44122383252818
106,15.982286634460548,2.5026838432635534,3.9452495974235107,11.426462694578637,2.1739130434782608,29.03918411164788,0.08051529790660225,0.2549651100375738,3.435319377348363,31.159420289855074
107,16.398282340311326,2.4825550187869028,3.9318303811057436,11.594202898550725,2.1604938271604937,28.824476650563607,0.08051529790660225,0.2549651100375738,3.4286097691894795,30.844068706387546
108,17.102791196994094,2.4557165861513686,3.9184111647879765,11.513687600644122,2.1403650026838434,28.629898013955984,0.08051529790660225,0.2281266774020397,3.421900161030596,30.50858829844337
109,15.707192699946322,2.4557165861513686,3.7037037037037037,11.406333870101985,2.0933977455716586,31.5552871712292,0.08051529790660225,0.2281266774020397,2.7442297369833604,30.02549651100376
110,16.190284487385938,2.4557165861513686,3.7037037037037037,11.305689747718732,2.0933977455716586,31.300322061191626,0.08051529790660225,0.2281266774020397,2.7442297369833604,29.898013955984972
111,16.6935050993022,2.4154589371980677,3.5963499731615673,11.225174449812132,2.4154589371980677,31.0654857756307,0.30193236714975846,0.1878690284487386,2.717391304347826,29.381374127750938
112,17.351046698872786,2.3886205045625335,3.5426731078904994,11.124530327428879,2.38191089640365,30.897745571658614,0.30193236714975846,0.1878690284487386,2.703972088030059,29.11969940955448
113,17.183306494900698,2.3886205045625335,5.038915727321524,12.808641975308642,2.3349436392914655,28.891572732152444,0.30193236714975846,0.1878690284487386,2.8918411164787976,27.9723564143854
114,17.559044551798173,2.3886205045625335,5.038915727321524,12.74825550187869,2.2879763821792807,28.663446054750402,0.30193236714975846,0.1878690284487386,2.8918411164787976,27.932098765432098
115,17.92807300053677,2.328234031132582,5.280461621041331,12.546967257112184,2.2879763821792807,28.529253891572733,0.30193236714975846,0.1878690284487386,2.844873859366613,27.76435856146001
116,18.451422436929683,2.281266774020397,5.260332796564681,12.533548040794418,2.2611379495437465,28.24074074074074,0.30193236714975846,0.1878690284487386,2.8381642512077296,27.643585614600106
117,18.773483628556093,2.4020397208803006,5.213365539452496,12.486580783682234,2.2342995169082127,28.052871712292003,0.30193236714975846,0.1878690284487386,2.8381642512077296,27.509393451422437
118,19.276704240472355,2.4020397208803006,5.179817498658078,12.385936661298981,2.2208803005904456,27.979066022544284,0.30193236714975846,0.1878690284487386,2.7979066022544283,27.26784755770263
119,19.672571121846484,2.4020397208803006,5.092592592592593,12.352388620504563,2.7979066022544283,27.455716586151368,0.30193236714975846,0.1878690284487386,2.7844873859366612,26.952495974235106
120,19.746376811594203,2.4020397208803006,5.072463768115942,11.60762211486849,2.757648953301127,27.38191089640365,0.2952227589908749,0.03354804079441761,2.945517981749866,27.75764895330113
121,19.444444444444443,2.4020397208803006,5.059044551798175,11.520397208803006,2.717391304347826,28.32125603864734,0.2952227589908749,0.03354804079441761,2.932098765432099,27.274557165861513
122,19.77992485238862,2.4020397208803006,5.038915727321524,11.466720343531938,2.717391304347826,28.093129361245303,0.48980139559849706,0.03354804079441761,3.126677402039721,26.85185185185185
123,20.511272141706925,2.4020397208803006,4.985238862050457,11.406333870101985,2.703972088030059,27.677133655394524,0.48980139559849706,0.03354804079441761,3.113258185721954,26.67740203972088
124,18.00858829844337,2.3081052066559313,2.8918411164787976,8.514492753623188,2.006172839506173,37.466451959205585,0.48980139559849706,0.03354804079441761,3.140096618357488,25.140901771336555
125,18.370907139023082,2.3081052066559313,3.1065485775630703,8.581588835212024,1.9726247987117553,36.198336017176594,0.6172839506172839,0.03354804079441761,3.8915727321524423,24.9194847020934
126,18.67283950617284,2.200751476113795,3.099838969404187,9.078099838969404,1.9726247987117553,35.69511540526033,0.6172839506172839,0.03354804079441761,3.9452495974235107,24.684648416532475
127,19.129092860976918,2.200751476113795,3.099838969404187,9.057971014492754,1.9592055823939882,35.37305421363392,0.6172839506172839,0.03354804079441761,4.280730005367687,24.248523886205046
128,19.80005367686527,2.200751476113795,3.3011272141706924,8.80300590445518,1.932367149758454,34.95034889962426,0.6172839506172839,0.03354804079441761,4.2270531400966185,24.134460547504027
129,20.283145464304884,2.200751476113795,3.556092324208266,8.635265700483092,2.328234031132582,34.25925925925926,0.5703166935050993,0.03354804079441761,4.133118625872249,24.000268384326354
130,20.417337627482556,2.200751476113795,4.005636070853462,8.588298443370908,2.3752012882447664,33.80971551261406,0.5703166935050993,0.03354804079441761,4.1129898013955986,23.886205045625335
131,20.531400966183575,2.1940418679549114,3.992216854535695,8.480944712828771,2.657004830917874,33.65539452495974,0.5703166935050993,0.03354804079441761,4.032474503488996,23.852657004830917
132,20.813204508856682,2.1940418679549114,3.9586688137412773,8.440687063875469,2.657004830917874,33.52791196994095,0.5703166935050993,0.03354804079441761,4.032474503488996,23.772141706924316
133,21.215780998389693,2.1940418679549114,3.898282340311326,8.205850778314547,2.657004830917874,33.25281803542673,0.8521202361782072,0.03354804079441761,4.032474503488996,23.658078368223297
134,21.826355340848096,2.187332259796028,3.844605475040258,8.13875469672571,2.636876006441224,32.669082125603865,0.8118625872249061,0.03354804079441761,4.26731078904992,23.58427267847558
135,22.32957595276436,2.1739130434782608,3.824476650563607,8.111916264090176,2.636876006441224,32.39398819108964,0.8118625872249061,0.03354804079441761,4.233762748255502,23.450080515297905
136,22.571121846484164,2.1739130434782608,5.0858829844337095,8.085077831454644,2.636876006441224,31.407675791733762,0.7917337627482555,0.03354804079441761,3.911701556629093,23.30246913580247
137,23.067632850241544,2.1739130434782608,4.864465915190553,8.36688137412775,2.5966183574879227,31.112453032742888,0.7917337627482555,0.03354804079441761,3.8915727321524423,23.101180891035963
138,19.47128287707998,14.31159420289855,4.180085882984434,9.708803005904455,2.341653247450349,29.95169082125604,0.5367686527106817,0.03354804079441761,3.475577026301664,15.98899624261943
139,19.93424584004294,14.217659688674182,4.139828234031133,9.634997316156737,2.341653247450349,29.656468062265162,0.5367686527106817,0.03354804079441761,3.535963499731616,15.96886741814278
140,20.41062801932367,14.197530864197532,4.133118625872249,9.608158883521202,2.4892646269457863,29.26731078904992,0.5367686527106817,0.03354804079441761,3.5091250670960816,15.814546430488459
141,21.061460010735374,14.110305958132045,4.38137412775094,9.54777241009125,2.475845410628019,28.945249597423512,0.5367686527106817,0.03354804079441761,3.488996242619431,15.418679549114332
142,21.544551798174986,13.882179280730005,4.388083735909823,9.54777241009125,2.475845410628019,28.690284487385938,0.5367686527106817,0.03354804079441761,3.488996242619431,15.411969940955448
143,19.32367149758454,13.828502415458937,4.602791196994096,9.01100375738057,2.24771873322598,34.4873859366613,0.5367686527106817,0.03354804079441761,3.052871712292002,12.875738056897477
144,20.101986044015028,13.774825550187868,4.602791196994096,8.82313472893183,2.227589908749329,34.10493827160494,0.5367686527106817,0.03354804079441761,3.0394524959742353,12.754965110037574
145,20.531400966183575,13.694310252281268,4.582662372517445,8.769457863660762,2.227589908749329,33.9170692431562,0.5166398282340311,0.03354804079441761,2.985775630703167,12.741545893719806
146,20.67230273752013,13.633923778851315,5.6964573268921095,8.735909822866345,2.2074610842726785,33.682232957595275,0.5166398282340311,0.03354804079441761,2.952227589908749,11.869296833064949
147,21.121846484165324,13.573537305421363,5.676328502415459,8.709071390230811,2.1806226516371443,33.44068706387547,0.5166398282340311,0.03354804079441761,2.952227589908749,11.79549114331723
148,20.86688137412775,12.835480407944177,5.763553408480945,8.635265700483092,2.0531400966183573,35.581052066559316,0.6508319914117016,0.03354804079441761,2.85829307568438,10.721953837895867
149,21.22249060654858,12.775093934514224,5.750134192163178,8.601717659688674,2.0531400966183573,35.25228126677402,0.6508319914117016,0.03354804079441761,3.012614063338701,10.648148148148149
150,21.524422973698336,11.802200751476114,7.065217391304348,8.548040794417606,2.0263016639828235,34.82957595276436,0.630703166935051,0.03354804079441761,3.0059044551798175,10.534084809447128
151,21.886741814278047,11.600912506709609,6.971282877079979,9.494095544820183,1.8518518518518519,34.01100375738057,0.7716049382716049,0.03354804079441761,2.999194847020934,10.379763821792807
152,22.10144927536232,11.560654857756306,6.870638754696726,9.433709071390231,2.120236178207193,33.82984433709071,0.8319914117015567,0.03354804079441761,2.9790660225442833,10.238862050456254
153,20.30998389694042,9.252549651100376,6.951154052603328,8.32662372517445,3.898282340311326,31.76328502415459,0.7447665056360708,0.03354804079441761,2.8650026838432634,15.854804079441761
154,20.491143317230275,8.132045088566828,7.085346215780999,9.71551261406334,3.8848631239935587,31.66935050993022,0.7447665056360708,0.03354804079441761,2.8515834675254963,15.391841116478798
155,20.913848631239937,8.111916264090176,7.018250134192163,9.634997316156737,3.851315083199141,31.4747718733226,0.7447665056360708,0.03354804079441761,2.8515834675254963,15.365002683843263
156,20.182501341921633,8.038110574342458,7.018250134192163,9.252549651100376,3.851315083199141,33.01798174986581,0.8923778851315083,0.03354804079441761,2.6704240472356413,15.042941492216855
157,20.564949006977994,7.98443370907139,6.998121309715513,9.225711218464841,3.851315083199141,32.76301663982824,0.8588298443370908,0.03354804079441761,2.8381642512077296,14.88191089640365
158,21.048040794417606,7.575147611379496,7.4208266237251745,9.198872785829307,3.784219001610306,32.52818035426731,0.8588298443370908,0.03354804079441761,2.804616210413312,14.74771873322598
159,21.62506709608159,7.568438003220612,7.367149758454106,9.104938271604938,3.7573805689747717,32.2463768115942,0.8521202361782072,0.03354804079441761,2.791196994095545,14.65378421900161
160,22.067901234567902,7.48792270531401,7.4141170155662905,9.017713365539452,3.730542136339238,31.843800322061192,0.7917337627482555,0.03354804079441761,2.999194847020934,14.61352657004831
161,22.29602791196994,7.481213097155126,7.353730542136339,8.997584541062801,3.69699409554482,31.736446591519055,0.7917337627482555,0.03354804079441761,2.999194847020934,14.61352657004831
162,22.899892646269457,7.447665056360709,7.333601717659689,8.856682769726248,3.6634460547504024,31.48148148148148,0.7917337627482555,0.03354804079441761,2.965646806226516,14.526301663982823
163,22.490606548577563,7.4006977992485234,7.152442297369833,8.796296296296296,4.066022544283414,29.1532474503489,0.7917337627482555,0.03354804079441761,2.7106816961889426,17.404723564143854
164,22.604669887278583,7.206119162640902,7.051798174986581,8.769457863660762,4.582662372517445,29.01905528717123,0.7917337627482555,0.03354804079441761,2.690552871712292,17.250402576489535
165,22.946859903381643,7.179280730005368,7.004830917874396,8.742619431025227,4.549114331723027,28.837895866881375,0.7783145464304885,0.03354804079441761,2.677133655394525,17.250402576489535
166,23.289049919484704,7.125603864734299,6.951154052603328,8.722490606548577,4.542404723564144,28.77079978529254,0.7783145464304885,0.03354804079441761,2.677133655394525,17.10950080515298
167,22.96027911969941,7.105475040257649,6.9243156199677935,8.68894256575416,4.455179817498658,26.227858293075684,0.7783145464304885,0.08051529790660225,2.677133655394525,20.101986044015028
168,23.336017176596886,7.092055823939882,6.776704240472356,8.380300590445518,4.42163177670424,26.053408480944714,1.261406333870102,0.08051529790660225,2.677133655394525,19.920826623725173
169,23.523886205045624,7.092055823939882,6.6827697262479875,10.68840579710145,4.42163177670424,25.577026301663984,1.261406333870102,0.08051529790660225,2.6637144390767578,18.00858829844337
170,23.839237788513152,7.051798174986581,6.655931293612453,10.61460010735373,4.42163177670424,25.49651100375738,1.261406333870102,0.08051529790660225,2.6301663982823404,17.94820182501342
171,24.168008588298445,7.03166935050993,6.615673644659152,10.59447128287708,4.42163177670424,25.275093934514224,1.261406333870102,0.08051529790660225,2.6301663982823404,17.921363392377884
172,24.61755233494364,6.977992485238862,6.837090713902308,10.473698336017177,4.361245303274289,25.194578636607623,1.261406333870102,0.05367686527106817,2.6167471819645733,17.60601180891036
173,24.52361782071927,6.977992485238862,6.608964036500268,10.46027911969941,4.314278046162104,24.510198604401502,1.2077294685990339,0.05367686527106817,2.61003757380569,18.733225979602793
174,25.174449812130973,6.877348362855609,6.702898550724638,10.352925389157273,4.314278046162104,24.255233494363928,1.1943102522812667,0.05367686527106817,2.61003757380569,18.46484165324745
175,25.32206119162641,6.642512077294686,6.904186795491143,10.178475577026301,4.569243156199678,24.074074074074073,1.1943102522812667,0.05367686527106817,2.61003757380569,18.451422436929683
176,25.53676865271068,6.629092860976919,6.863929146537842,10.11808910359635,4.569243156199678,24.013687600644122,1.3687600644122384,0.05367686527106817,2.6033279656468062,18.243424584004295
177,25.751476113794954,6.588835212023618,6.904186795491143,10.312667740203972,4.42163177670424,23.960010735373054,1.3553408480944713,0.05367686527106817,2.5831991411701556,18.06897477187332
178,26.288244766505635,6.561996779388084,6.850509930220075,10.285829307568438,4.408212560386473,23.812399355877616,1.3217928073000538,0.05367686527106817,2.5563607085346214,17.860976918947934
179,26.50966183574879,6.5552871712292005,6.998121309715513,10.601180891035963,4.408212560386473,23.49704777241009,1.2949543746645196,0.03354804079441761,2.4154589371980677,17.68652710681696
180,26.757917337627482,6.508319914117015,6.964573268921095,10.601180891035963,4.394793344068707,23.443370907139023,1.2949543746645196,0.03354804079441761,2.395330112721417,17.60601180891036
181,27.059849704777243,6.501610305958132,7.03166935050993,10.399892646269459,4.528985507246377,23.060923242082662,1.2949543746645196,0.03354804079441761,2.563070316693505,17.52549651100376
182,27.334943639291467,6.494900697799249,6.964573268921095,10.721953837895867,4.502147074610843,22.879763821792807,1.2949543746645196,0.03354804079441761,2.5496511003757383,17.223564143854
183,27.70397208803006,6.474771873322598,6.863929146537842,10.668276972624799,4.502147074610843,22.73215244229737,1.2949543746645196,0.03354804079441761,2.5496511003757383,17.176596886741816
184,28.032742887815353,6.407675791733762,6.863929146537842,10.601180891035963,4.4820182501341925,22.65163714439077,1.288244766505636,0.03354804079441761,2.5161030595813205,17.122920021470748
185,27.596618357487923,6.407675791733762,7.058507783145465,11.553945249597424,4.455179817498658,22.14170692431562,1.288244766505636,0.03354804079441761,2.4490069779924855,17.01556629092861
186,27.750939345142243,6.380837359098229,7.877079978529254,11.3593666129898,4.42163177670424,22.114868491680085,1.2748255501878691,0.03354804079441761,2.4355877616747184,16.35131508319914
187,27.985775630703166,6.380837359098229,8.132045088566828,11.345947396672035,4.374664519592056,21.81964573268921,1.2748255501878691,0.03354804079441761,2.4355877616747184,16.21712292002147
188,27.677133655394524,6.320450885668277,8.11862587224906,11.345947396672035,4.361245303274289,21.64519592055824,1.1607622114868492,0.03354804079441761,2.61003757380569,16.72705314009662
189,27.84487385936661,6.253354804079442,8.319914117015566,11.272141706924316,4.3478260869565215,21.564680622651636,1.5499194847020934,0.03354804079441761,2.61003757380569,16.203703703703702
190,28.153515834675254,6.253354804079442,8.246108427267847,11.151368760064413,4.327697262479871,21.4170692431562,1.5230810520665594,0.1610305958132045,2.61003757380569,16.15673644659152
191,28.29441760601181,6.253354804079442,8.21256038647343,11.144659151905529,4.30756843800322,21.38352120236178,1.5230810520665594,0.1610305958132045,2.6033279656468062,16.11647879763822
192,28.569511540526033,6.1862587224906065,8.172302737520129,11.131239935587761,4.28743961352657,21.34326355340848,1.5230810520665594,0.1610305958132045,2.6033279656468062,16.022544283413847
193,28.844605475040257,6.159420289855072,8.11862587224906,11.124530327428879,4.28743961352657,21.24932903918411,1.5230810520665594,0.1610305958132045,2.6033279656468062,15.92860976918948
194,29.012345679012345,6.139291465378422,8.340042941492216,11.064143853998926,4.26731078904992,21.068169618894256,1.5230810520665594,0.1610305958132045,2.6033279656468062,15.821256038647343
195,29.126409017713364,6.112453032742888,8.433977455716587,10.983628556092324,4.253891572732153,20.645464304884594,1.5096618357487923,0.1610305958132045,3.0059044551798175,15.767579173376275
196,28.85131508319914,5.669618894256575,8.474235104669887,10.93666129898014,4.676596886741814,20.095276435856146,1.5096618357487923,0.1610305958132045,2.8650026838432634,16.760601180891037
197,28.858024691358025,5.669618894256575,8.225979602791197,10.701825013419215,5.448201825013419,19.920826623725173,1.4962426194310252,0.10735373054213634,2.8381642512077296,16.7337627482555
198,29.2337627482555,5.636070853462158,8.165593129361245,10.648148148148149,5.441492216854535,19.766505636070853,1.4962426194310252,0.10735373054213634,2.8381642512077296,16.666666666666668
199,29.280730005367687,5.636070853462158,8.165593129361245,10.909822866344605,5.374396135265701,19.746376811594203,1.4962426194310252,0.10735373054213634,2.8381642512077296,16.445249597423512
200,29.468599033816425,5.636070853462158,8.13875469672571,10.856146001073537,5.360976918947934,19.699409554482017,1.4962426194310252,0.10735373054213634,2.8381642512077296,16.398282340311326
201,29.56924315619968,5.441492216854535,8.266237251744498,11.238593666129898,5.347557702630167,19.51154052603328,1.42914653784219,0.10735373054213634,2.898550724637681,16.190284487385938
202,29.750402576489535,5.347557702630167,8.319914117015566,11.178207192699947,5.35426731078905,19.296833064949006,1.6908212560386473,0.07380568974771873,2.85829307568438,16.129898013955984
203,29.918142780461622,5.273752012882448,8.299785292538916,11.171497584541063,5.35426731078905,19.249865807836823,1.6908212560386473,0.07380568974771873,2.8515834675254963,16.11647879763822
204,30.038915727321523,5.233494363929147,8.152173913043478,11.714975845410628,5.186527106816962,19.061996779388085,1.6304347826086956,0.07380568974771873,2.844873859366613,16.06280193236715
205,30.52200751476114,5.22007514761138,7.997852925389157,11.634460547504025,5.307300053676865,18.988191089640367,1.583467525496511,0.07380568974771873,2.844873859366613,15.827965646806227
206,31.052066559312937,5.22007514761138,7.977724100912507,11.600912506709609,5.307300053676865,18.80703166935051,1.5633387010198605,0.07380568974771873,2.831454643048846,15.566290928609769
207,31.28690284487386,5.2066559312936125,7.977724100912507,11.54723564143854,5.253623188405797,18.585614600107355,1.5297906602254427,0.07380568974771873,3.0595813204508855,15.479066022544284
208,31.447933440687063,5.173107890499195,7.971014492753623,11.513687600644122,5.24020397208803,18.57890499194847,1.5297906602254427,0.07380568974771873,3.0327428878153517,15.438808373590982
209,31.80354267310789,5.159688674181428,7.890499194847021,11.453301127214171,5.199946323134729,18.51851851851852,1.5297906602254427,0.07380568974771873,3.0193236714975846,15.351583467525497
210,32.00483091787439,5.159688674181428,7.856951154052603,11.41304347826087,5.166398282340311,18.491680085882983,1.5297906602254427,0.07380568974771873,2.9924852388620504,15.311325818572195
211,32.17257112184648,5.159688674181428,7.796564680622652,11.560654857756306,5.139559849704777,18.411164787976382,1.5230810520665594,0.05367686527106817,2.9388083735909825,15.24422973698336
212,32.360440150295226,5.139559849704777,7.763016639828234,11.480139559849706,5.139559849704777,18.377616747181964,1.5230810520665594,0.05367686527106817,2.9253891572732154,15.237520128824476
213,32.19940955448202,5.12614063338701,8.064949006977992,11.668008588298443,4.723564143853999,18.310520665593128,1.5230810520665594,0.05367686527106817,2.9253891572732154,15.405260332796564
214,32.427536231884055,5.112721417069243,8.272946859903382,11.614331723027375,4.7101449275362315,18.115942028985508,1.5230810520665594,0.05367686527106817,2.918679549114332,15.250939345142244
215,32.23966720343532,5.052334943639291,8.53462157809984,12.164519592055823,4.468599033816425,17.914653784219002,1.5230810520665594,0.05367686527106817,2.8247450348899625,15.22410091250671
216,32.387278582930755,4.9651100375738055,8.601717659688674,12.090713902308105,4.468599033816425,17.881105743424584,1.5230810520665594,0.05367686527106817,2.818035426731079,15.210681696188942
217,33.031400966183575,4.938271604938271,8.668813741277509,11.876006441223833,4.274020397208803,17.840848094471284,1.482823403113258,0.05367686527106817,2.8113258185721954,15.022812667740205
218,33.279656468062264,4.931561996779388,8.61513687600644,11.788781535158346,4.274020397208803,17.713365539452496,1.482823403113258,0.05367686527106817,3.3145464304884595,14.546430488459475
219,33.60842726784756,4.884594739667204,8.53462157809984,11.735104669887278,4.274020397208803,17.66639828234031,1.482823403113258,0.04696725711218465,3.3145464304884595,14.452495974235104
220,33.12533548040794,4.85775630703167,8.360171765968868,11.714975845410628,4.240472356414386,19.80005367686527,1.0399892646269457,0.040257648953301126,3.1602254428341383,13.66076221148685
221,33.319914117015564,4.770531400966184,8.246108427267847,11.708266237251744,4.367954911433173,19.753086419753085,1.0399892646269457,0.040257648953301126,3.140096618357488,13.613794954374665
222,33.60842726784756,4.770531400966184,8.239398819108963,11.60762211486849,4.3478260869565215,19.665861513687602,1.0265700483091786,0.040257648953301126,3.126677402039721,13.56682769726248
223,33.95061728395062,4.74369296833065,8.145464304884594,11.56736446591519,4.314278046162104,19.558507783145465,1.0265700483091786,0.040257648953301126,3.0931293612453032,13.560118089103597
