,45,50,53,51,52,54,55,56
0,100.0,,,,,,,
1,98.75872249060654,1.2412775093934514,,,,,,
2,98.78556092324209,1.2144390767579174,,,,,,
3,96.76596886741814,3.2340311325818574,,,,,,
4,96.12184648416533,3.878153515834675,,,,,,
5,96.19565217391305,3.8043478260869565,,,,,,
6,95.9272678475577,3.898282340311326,0.17444981213097155,,,,,
7,95.9272678475577,3.898282340311326,0.17444981213097155,,,,,
8,95.9272678475577,3.898282340311326,0.17444981213097155,,,,,
9,95.97423510466989,3.851315083199141,0.17444981213097155,,,,,
10,95.97423510466989,3.851315083199141,0.17444981213097155,,,,,
11,94.83360171765969,4.99194847020934,0.17444981213097155,,,,,
12,94.29012345679013,5.535426731078905,0.17444981213097155,,,,,
13,94.43773483628556,5.387815351583468,0.17444981213097155,,,,,
14,91.79414922168546,8.031400966183575,0.17444981213097155,,,,,
15,89.73429951690821,10.091250670960816,0.17444981213097155,,,,,
16,89.72758990874932,9.856414385399892,0.41599570585077833,,,,,
17,88.31186258722491,11.272141706924316,0.41599570585077833,,,,,
18,88.17096081588835,11.41304347826087,0.41599570585077833,,,,,
19,81.6760601180891,16.035963499731615,0.41599570585077833,1.8719806763285025,,,,
20,81.4345142243693,16.29092860976919,0.41599570585077833,1.8585614600107354,,,,
21,81.44122383252818,16.284219001610307,0.41599570585077833,1.8585614600107354,,,,
22,81.5955448201825,16.129898013955984,0.41599570585077833,1.8585614600107354,,,,
23,81.5955448201825,16.129898013955984,0.41599570585077833,1.8585614600107354,,,,
24,74.45652173913044,23.26892109500805,0.41599570585077833,1.8585614600107354,,,,
25,74.51019860440151,23.242082662372518,0.41599570585077833,1.8317230273752012,,,,
26,74.54374664519592,23.2085346215781,0.41599570585077833,1.8317230273752012,,,,
27,72.98040794417606,24.46323134728932,0.7313472893183038,1.8250134192163177,,,,
28,69.77992485238862,27.750939345142243,0.644122383252818,1.8250134192163177,,,,
29,70.18250134192164,27.03972088030059,0.644122383252818,1.8250134192163177,0.30864197530864196,,,
30,70.20263016639828,26.838432635534083,0.644122383252818,1.8250134192163177,0.48980139559849706,,,
31,70.28985507246377,26.610305958132045,0.644122383252818,1.8250134192163177,0.630703166935051,,,
32,69.96779388083736,26.932367149758456,0.644122383252818,1.8250134192163177,0.630703166935051,,,
33,69.99463231347289,26.549919484702095,0.644122383252818,1.5499194847020934,1.261406333870102,,,
34,70.00134192163178,26.54320987654321,0.644122383252818,1.5499194847020934,1.261406333870102,,,
35,70.26972624798712,26.27482555018787,0.644122383252818,1.5499194847020934,1.261406333870102,,,
36,70.25630703166935,24.57729468599034,0.644122383252818,1.5499194847020934,2.9723564143853998,,,
37,69.31025228126677,24.496779388083738,0.644122383252818,2.576489533011272,2.9723564143853998,,,
38,68.98819108964037,24.496779388083738,0.7380568974771873,2.576489533011272,2.965646806226516,0.23483628556092323,,
39,69.04186795491144,24.44310252281267,0.7380568974771873,2.576489533011272,2.965646806226516,0.23483628556092323,,
40,69.08212560386474,24.402844873859365,0.7380568974771873,2.576489533011272,2.965646806226516,0.23483628556092323,,
41,69.23644659151906,24.248523886205046,0.7380568974771873,2.576489533011272,2.965646806226516,0.23483628556092323,,
42,66.21041331186258,25.36231884057971,0.7380568974771873,4.508856682769726,2.945517981749866,0.23483628556092323,,
43,66.3311862587225,25.261674718196456,0.7380568974771873,4.488727858293076,2.945517981749866,0.23483628556092323,,
44,65.13016639828234,26.48953301127214,0.7380568974771873,4.461889425657541,2.945517981749866,0.23483628556092323,,
45,64.170692431562,27.449006977992486,0.7380568974771873,4.461889425657541,2.945517981749866,0.23483628556092323,,
46,63.55340848094471,27.126945786366075,0.7380568974771873,6.025228126677402,2.3215244229736984,0.23483628556092323,,
47,63.687600644122384,27.334943639291467,0.7380568974771873,5.730005367686527,2.2745571658615136,0.23483628556092323,,
48,63.64734299516908,27.47584541062802,0.7380568974771873,5.629361245303274,2.2745571658615136,0.23483628556092323,,
49,62.67444981213097,28.307836822329577,0.7380568974771873,5.770263016639828,2.2745571658615136,0.23483628556092323,,
50,61.61433172302738,29.441760601180892,0.7380568974771873,5.367686527106817,2.6033279656468062,0.23483628556092323,,
51,53.0931293612453,37.96296296296296,0.7380568974771873,5.367686527106817,2.6033279656468062,0.23483628556092323,,
52,52.663714439076756,38.405797101449274,0.7380568974771873,5.35426731078905,2.6033279656468062,0.23483628556092323,,
53,52.51610305958132,38.55340848094471,0.7380568974771873,5.35426731078905,2.6033279656468062,0.23483628556092323,,
54,52.28797638217928,38.781535158346756,0.7380568974771873,5.35426731078905,2.6033279656468062,0.23483628556092323,,
55,52.36849168008588,38.70101986044015,0.7380568974771873,5.35426731078905,2.6033279656468062,0.23483628556092323,,
56,52.43558776167472,38.781535158346756,0.6575415995705851,5.287171229200215,2.6033279656468062,0.23483628556092323,,
57,49.28878153515835,40.08990874932904,0.6575415995705851,7.125603864734299,2.6033279656468062,0.23483628556092323,,
58,49.31561996779388,39.841653247450346,0.6038647342995169,7.125603864734299,2.8784219001610305,0.23483628556092323,,
59,49.79200214707461,39.23778851315083,0.6038647342995169,7.105475040257649,3.026033279656468,0.23483628556092323,,
60,49.81213097155126,39.23778851315083,0.6038647342995169,7.085346215780999,3.026033279656468,0.23483628556092323,,
61,49.946323134728935,38.868760064412236,0.6038647342995169,7.085346215780999,3.260869565217391,0.23483628556092323,,
62,49.77858293075684,38.31857219538379,0.8118625872249061,7.085346215780999,3.770799785292539,0.23483628556092323,,
63,49.90606548577563,38.1105743424584,0.8118625872249061,7.051798174986581,3.770799785292539,0.3488996242619431,,
64,48.23537305421363,40.47906602254428,0.8118625872249061,6.622383252818035,3.502415458937198,0.3488996242619431,,
65,46.806226516371446,41.619699409554485,0.7246376811594203,6.998121309715513,3.502415458937198,0.3488996242619431,,
66,46.20907139023081,42.330917874396135,0.6105743424584005,6.998121309715513,3.502415458937198,0.3488996242619431,,
67,46.222490606548575,42.31749865807837,0.6105743424584005,6.998121309715513,3.502415458937198,0.3488996242619431,,
68,43.79361245303274,44.41089640365003,0.6038647342995169,6.998121309715513,3.502415458937198,0.6910896403650026,,
69,42.76033279656468,45.71256038647343,0.6038647342995169,6.541867954911433,3.6902844873859366,0.6910896403650026,,
70,42.351046698872786,43.001878690284485,1.7310789049919484,8.05823939881911,3.589640365002684,0.966183574879227,0.30193236714975846,
71,41.94176060118089,42.99516908212561,2.7106816961889426,6.749865807836822,3.535963499731616,2.01959205582394,0.04696725711218465,
72,42.17659688674181,42.7938808373591,2.7106816961889426,6.716317767042405,3.535963499731616,2.01959205582394,0.04696725711218465,
73,42.45169082125604,42.48523886205046,2.536231884057971,6.689479334406871,3.770799785292539,2.01959205582394,0.04696725711218465,
74,42.31749865807837,42.109500805152976,2.85829307568438,6.796833064949007,3.851315083199141,2.01959205582394,0.04696725711218465,
75,43.23671497584541,41.33118625872249,2.831454643048846,6.6827697262479875,3.851315083199141,2.01959205582394,0.04696725711218465,
76,43.31723027375201,41.19028448738594,2.677133655394525,6.89747718733226,3.851315083199141,2.01959205582394,0.04696725711218465,
77,43.572195383789584,40.9621578099839,2.677133655394525,6.89747718733226,3.851315083199141,1.9927536231884058,0.04696725711218465,
78,43.84057971014493,40.693773483628554,2.677133655394525,6.89747718733226,3.851315083199141,1.9927536231884058,0.04696725711218465,
79,43.625872249060656,40.19726247987118,2.677133655394525,7.924047235641439,3.535963499731616,1.9927536231884058,0.04696725711218465,
80,43.39774557165862,40.45222758990875,2.677133655394525,7.897208803005904,3.535963499731616,1.9927536231884058,0.04696725711218465,
81,43.82045088566828,40.24422973698336,2.6435856146001075,7.702630166398282,3.784219001610306,1.7579173376274826,0.04696725711218465,
82,42.190016103059584,38.36553945249597,2.2410091250670963,11.486849168008588,3.770799785292539,1.7579173376274826,0.1878690284487386,
83,41.136607622114866,39.11701556629093,2.2410091250670963,12.412775093934513,3.1535158346752548,1.7579173376274826,0.18115942028985507,
84,41.1634460547504,39.06333870101986,2.2410091250670963,12.392646269457863,3.2004830917874396,1.7579173376274826,0.18115942028985507,
85,41.19028448738594,39.049919484702095,2.2410091250670963,12.379227053140097,3.2004830917874396,1.7579173376274826,0.18115942028985507,
86,41.35131508319914,38.97611379495437,2.2410091250670963,12.124261943102523,3.2004830917874396,1.9256575415995705,0.18115942028985507,
87,41.37144390767579,38.97611379495437,2.2410091250670963,12.124261943102523,3.2004830917874396,1.90552871712292,0.18115942028985507,
88,41.84782608695652,38.539989264626946,2.2208803005904456,12.104133118625873,3.2004830917874396,1.90552871712292,0.18115942028985507,
89,42.01556629092861,38.13070316693505,2.1940418679549114,12.104133118625873,3.4688674181427803,1.90552871712292,0.18115942028985507,
90,42.25711218464841,37.80193236714976,2.4490069779924855,11.936392914653783,3.4688674181427803,1.90552871712292,0.18115942028985507,
91,41.358024691358025,38.51315083199141,2.4490069779924855,12.345679012345679,3.280998389694042,1.8719806763285025,0.18115942028985507,
92,41.43183038110574,38.439345142243695,2.4490069779924855,12.345679012345679,3.280998389694042,1.8719806763285025,0.18115942028985507,
93,40.84809447128288,39.03650026838432,2.442297369833602,12.338969404186795,3.280998389694042,1.8719806763285025,0.18115942028985507,
94,41.0024154589372,38.91572732152442,2.442297369833602,12.338969404186795,3.2474503488996245,1.8719806763285025,0.18115942028985507,
95,41.02925389157273,38.74127750939345,2.442297369833602,12.338969404186795,3.2474503488996245,1.8719806763285025,0.32877079978529256,
96,41.0829307568438,37.64090177133655,2.442297369833602,13.39237788513151,3.240740740740741,1.8719806763285025,0.32877079978529256,
97,40.82796564680623,37.72141706924316,2.442297369833602,13.56682769726248,3.240740740740741,1.8719806763285025,0.32877079978529256,
98,40.64680622651637,36.81561996779388,1.9390767579173376,14.378690284487385,4.019055287171229,1.8719806763285025,0.32877079978529256,
99,40.24422973698336,37.21819645732689,1.9390767579173376,14.264626945786366,4.019055287171229,1.8719806763285025,0.4428341384863124,
100,40.465646806226516,37.184648416532475,1.7914653784219001,14.224369296833064,4.019055287171229,1.8719806763285025,0.4428341384863124,
101,40.94202898550725,36.741814278046164,1.7914653784219001,14.217659688674182,4.005636070853462,1.8585614600107354,0.4428341384863124,
102,41.18357487922705,36.560654857756305,1.7914653784219001,14.190821256038648,4.005636070853462,1.8250134192163177,0.4428341384863124,
103,41.12989801395599,36.62775093934514,1.7914653784219001,14.17740203972088,4.005636070853462,1.8250134192163177,0.4428341384863124,
104,41.30434782608695,36.50697799248524,1.7914653784219001,14.123725174449811,4.005636070853462,1.8250134192163177,0.4428341384863124,
105,41.639828234031135,36.02388620504563,2.0128824476650564,14.049919484702093,4.005636070853462,1.8250134192163177,0.4428341384863124,
106,41.71363392377885,35.98362855609233,1.9793344068706387,14.049919484702093,4.005636070853462,1.8250134192163177,0.4428341384863124,
107,40.52603327965647,35.46698872785829,2.1135265700483092,14.009661835748792,5.636070853462158,1.8048845947396672,0.4428341384863124,
108,40.96886741814278,35.21202361782072,2.1135265700483092,13.821792807300053,5.636070853462158,1.8048845947396672,0.4428341384863124,
109,41.06951154052604,35.11137949543747,2.1135265700483092,13.821792807300053,5.636070853462158,1.8048845947396672,0.4428341384863124,
110,41.23054213633924,34.76918947933441,2.100107353730542,13.774825550187868,5.5689747718733225,2.1135265700483092,0.4428341384863124,
111,41.08964036500269,34.72222222222222,2.0933977455716586,13.969404186795492,5.5689747718733225,2.1135265700483092,0.4428341384863124,
112,41.0426731078905,34.86983360171766,2.281266774020397,13.714439076757918,5.535426731078905,2.1135265700483092,0.4428341384863124,
113,41.59286097691895,34.816156736446594,2.281266774020397,13.258185721953838,5.495169082125604,2.1135265700483092,0.4428341384863124,
114,41.686795491143315,34.72222222222222,2.281266774020397,13.258185721953838,5.495169082125604,2.1135265700483092,0.4428341384863124,
115,40.465646806226516,35.98362855609233,2.281266774020397,13.258185721953838,5.4549114331723025,2.1135265700483092,0.4428341384863124,
116,40.66022544283414,35.809178743961354,2.281266774020397,13.070316693505099,5.622651637144391,2.1135265700483092,0.4428341384863124,
117,40.083199141170155,34.628287707997856,2.281266774020397,14.103596349973161,6.347289318303811,2.1135265700483092,0.4428341384863124,
118,39.331723027375205,34.17874396135266,2.2342995169082127,15.351583467525497,6.347289318303811,2.1135265700483092,0.4428341384863124,
119,38.99624261943102,33.65539452495974,2.2342995169082127,16.25738056897477,6.206387546967257,2.2074610842726785,0.4428341384863124,
120,36.33923778851315,34.21229200214707,2.167203435319377,16.25738056897477,8.145464304884594,1.9793344068706387,0.8990874932903918,
121,36.520397208803004,33.782877079978526,2.1604938271604937,16.21712292002147,8.11862587224906,2.301395598497048,0.8990874932903918,
122,36.72168545356951,33.762748255501876,2.1604938271604937,16.14331723027375,8.011272141706923,2.301395598497048,0.8990874932903918,
123,37.043746645195924,33.19914117015566,2.301395598497048,16.478797638217927,7.454374664519592,2.623456790123457,0.8990874932903918,
124,37.204777241009126,33.06494900697799,2.301395598497048,16.465378421900162,7.454374664519592,2.623456790123457,0.8856682769726248,
125,36.72168545356951,32.49463231347289,2.214170692431562,16.203703703703702,8.856682769726248,2.623456790123457,0.8856682769726248,
126,33.85668276972625,39.47933440687064,1.442565754159957,14.97584541062802,7.071926999463232,2.314814814814815,0.8588298443370908,
127,33.722490606548575,38.117283950617285,1.4761137949543746,14.848362855609233,8.662104133118627,2.314814814814815,0.8588298443370908,
128,33.68894256575416,37.895866881374126,1.737788513150832,14.848362855609233,8.662104133118627,2.3081052066559313,0.8588298443370908,
129,33.722490606548575,37.164519592055825,1.4358561460010735,15.94873859366613,8.588298443370908,2.281266774020397,0.8588298443370908,
130,33.17230273752013,36.8491680085883,1.4224369296833066,14.982555018786902,10.433440687063875,2.281266774020397,0.8588298443370908,
131,27.771068169618893,45.69243156199678,1.415727321524423,11.674718196457327,10.19189479334407,2.395330112721417,0.8588298443370908,
132,27.4020397208803,46.43719806763285,1.415727321524423,11.600912506709609,9.88996242619431,2.395330112721417,0.8588298443370908,
133,27.47584541062802,46.3768115942029,1.415727321524423,11.594202898550725,9.883252818035427,2.395330112721417,0.8588298443370908,
134,24.704777241009126,48.80568974771873,1.6371443907675791,12.332259796027913,9.29951690821256,2.395330112721417,0.8252818035426731,
135,24.40955448201825,44.12238325281803,1.5767579173376274,21.235909822866343,6.199677938808374,2.073268921095008,0.3824476650563607,
136,24.44981213097155,43.76006441223833,1.8451422436929683,21.202361782071925,6.172839506172839,1.9457863660762211,0.6239935587761675,
137,24.651100375738057,43.585614600107355,1.8451422436929683,21.175523349436393,6.172839506172839,1.9457863660762211,0.6239935587761675,
138,25.107353730542137,42.921363392377884,1.8451422436929683,21.175523349436393,6.414385399892646,1.9457863660762211,0.5904455179817498,
139,24.684648416532475,41.90150295222759,1.8317230273752012,21.121846484165324,7.950885668276973,1.9189479334406871,0.5904455179817498,
140,24.993290391841118,41.75389157273215,1.8317230273752012,20.74610842726785,7.917337627482555,2.167203435319377,0.5904455179817498,
141,25.161030595813205,41.58615136876006,1.8317230273752012,20.74610842726785,7.917337627482555,2.167203435319377,0.5904455179817498,
142,25.37573805689748,41.458668813741276,1.8317230273752012,20.658883521202362,7.917337627482555,2.167203435319377,0.5904455179817498,
143,25.637412775093935,41.41170155662909,1.8317230273752012,20.551529790660226,7.809983896940419,2.167203435319377,0.5904455179817498,
144,25.744766505636072,40.82796564680623,1.8317230273752012,19.753086419753085,7.796564680622652,2.15378421900161,1.892109500805153,
145,26.10708534621578,40.70048309178744,1.8317230273752012,19.51825013419216,7.796564680622652,2.15378421900161,1.892109500805153,
146,24.912775093934513,40.3918411164788,1.8317230273752012,21.021202361782073,7.796564680622652,2.15378421900161,1.892109500805153,
147,24.953032742887814,40.3918411164788,1.8317230273752012,20.994363929146537,7.7831454643048845,2.15378421900161,1.892109500805153,
148,25.07380568974772,40.29790660225443,1.8317230273752012,20.994363929146537,7.75630703166935,2.15378421900161,1.892109500805153,
149,25.10064412238325,39.801395598497045,2.0799785292538915,20.994363929146537,7.722758990874933,2.408749329039184,1.892109500805153,
150,25.161030595813205,39.741009125067094,2.0799785292538915,20.994363929146537,7.722758990874933,2.408749329039184,1.892109500805153,
151,25.301932367149757,39.52630166398282,2.395330112721417,20.90713902308105,7.48792270531401,2.4892646269457863,1.892109500805153,
152,25.328770799785293,39.512882447665056,2.395330112721417,20.90042941492217,7.48792270531401,2.4892646269457863,1.8853998926462694,
153,25.483091787439612,39.48604401502952,2.368491680085883,20.457595276435857,7.514761137949543,2.804616210413312,1.8853998926462694,
154,25.637412775093935,39.418947933440684,2.368491680085883,20.417337627482556,7.474503488996243,2.7979066022544283,1.8853998926462694,
155,25.77831454643049,39.25791733762748,2.368491680085883,20.303274288781534,7.454374664519592,2.7979066022544283,2.0397208803005906,
156,25.85882984433709,38.75469672571122,2.301395598497048,20.28985507246377,7.957595276435856,2.7979066022544283,2.0397208803005906,
157,25.85882984433709,38.6003757380569,2.200751476113795,20.26972624798712,8.232689210950081,2.7979066022544283,2.0397208803005906,
158,25.02012882447665,37.68115942028985,2.200751476113795,21.866612989801396,8.225979602791197,2.7979066022544283,2.2074610842726785,
159,25.214707461084274,37.446323134728935,2.200751476113795,21.68545356951154,8.132045088566828,2.9589371980676327,2.3617820719269993,
160,25.489801395598498,36.983360171765966,2.408749329039184,21.141975308641975,8.407139023081053,2.9589371980676327,2.61003757380569,
161,25.657541599570585,36.808910359635,2.395330112721417,21.115136876006442,8.380300590445518,3.079710144927536,2.563070316693505,
162,25.684380032206118,36.802200751476114,3.046162104133119,20.44417606011809,8.380300590445518,3.079710144927536,2.563070316693505,
163,25.697799248523886,36.540526033279654,3.046162104133119,20.40391841116479,8.521202361782072,2.932098765432099,2.85829307568438,
164,25.831991411701555,36.46672034353194,3.046162104133119,20.377079978529252,8.487654320987655,2.932098765432099,2.85829307568438,
165,23.403113258185723,43.53193773483628,2.7241009125067097,17.54562533548041,7.555018786902845,2.7777777777777777,2.462426194310252,
166,23.825818572195384,43.14949006977992,2.7241009125067097,17.538915727321523,7.521470746108427,2.7777777777777777,2.462426194310252,
167,23.980139559849704,42.89452495974235,3.0327428878153517,17.424852388620504,7.521470746108427,2.7777777777777777,2.368491680085883,
168,24.268652710681696,41.035963499731615,3.026033279656468,17.411433172302736,7.514761137949543,4.542404723564144,2.200751476113795,
169,23.11460010735373,41.89479334406871,3.026033279656468,17.11621041331186,7.514761137949543,4.810789049919484,2.522812667740204,
170,23.289049919484704,41.83440687063875,3.026033279656468,17.06924315619968,7.514761137949543,4.74369296833065,2.522812667740204,
171,23.34272678475577,41.78743961352657,3.026033279656468,17.062533548040793,7.514761137949543,4.74369296833065,2.522812667740204,
172,23.57085346215781,41.7337627482555,2.999194847020934,16.948470209339774,7.501341921631776,4.723564143853999,2.522812667740204,
173,23.70504562533548,41.619699409554485,2.999194847020934,16.928341384863124,7.501341921631776,4.723564143853999,2.522812667740204,
174,23.805689747718734,41.619699409554485,2.999194847020934,16.861245303274288,7.501341921631776,4.723564143853999,2.4892646269457863,
175,23.946591519055286,41.257380568974774,3.193773483628556,16.74718196457327,7.347020933977456,5.018786902844874,2.4892646269457863,
176,23.926462694578635,40.22410091250671,3.193773483628556,16.63311862587225,8.588298443370908,4.622920021470746,2.8113258185721954,
177,23.93317230273752,40.022812667740205,3.4151905528717124,16.606280193236714,8.588298443370908,4.622920021470746,2.8113258185721954,
178,23.926462694578635,39.95571658615137,3.717122920021471,16.505636070853463,8.541331186258722,4.542404723564144,2.8113258185721954,
179,23.919753086419753,39.720880300590444,3.6902844873859366,16.49892646269458,8.541331186258722,4.817498658078368,2.8113258185721954,
180,24.376006441223833,39.46591519055287,3.6902844873859366,16.398282340311326,8.447396672034353,4.53569511540526,3.0864197530864197,
181,24.342458400429415,39.754428341384866,3.5963499731615673,16.25067096081589,8.447396672034353,4.53569511540526,3.0730005367686526,
182,24.422973698336016,39.11701556629093,3.5963499731615673,16.022544283413847,8.413848631239935,5.394524959742351,3.0327428878153517,
183,24.664519592055825,38.97611379495437,3.5963499731615673,15.962157809983896,8.413848631239935,5.374396135265701,3.012614063338701,
184,24.89935587761675,38.92243692968331,3.549382716049383,15.868223295759528,8.413848631239935,5.3341384863123995,3.012614063338701,
185,25.107353730542137,38.808373590982285,3.549382716049383,15.774288781535159,8.413848631239935,5.3341384863123995,3.012614063338701,
186,25.07380568974772,38.30515297906602,4.448470209339774,15.673644659151906,8.272946859903382,5.260332796564681,2.965646806226516,
187,25.214707461084274,38.17096081588835,4.448470209339774,15.673644659151906,8.272946859903382,5.253623188405797,2.965646806226516,
188,25.254965110037574,38.016639828234034,4.448470209339774,15.673644659151906,8.272946859903382,5.253623188405797,3.079710144927536,
189,25.509930220075148,37.795222758990874,4.757112184648417,15.35829307568438,8.272946859903382,5.253623188405797,3.052871712292002,
190,25.77831454643049,37.61406333870102,4.74369296833065,15.35829307568438,8.246108427267847,5.2066559312936125,3.052871712292002,
191,25.885668276972623,37.567096081588836,4.74369296833065,15.35829307568438,8.185721953837897,5.2066559312936125,3.052871712292002,
192,26.362050456253353,37.4597423510467,4.74369296833065,14.989264626945786,8.185721953837897,5.2066559312936125,3.052871712292002,
193,26.737788513150832,37.32555018786903,4.74369296833065,14.593397745571659,8.185721953837897,5.360976918947934,3.052871712292002,
194,27.28797638217928,37.0504562533548,4.723564143853999,14.526301663982823,7.944176060118089,5.293880837359098,3.1736446591519054,
195,27.596618357487923,36.842458400429415,4.723564143853999,14.526301663982823,7.917337627482555,5.22007514761138,3.1736446591519054,
196,27.72410091250671,36.74852388620504,4.723564143853999,14.506172839506172,7.9039184111647875,5.22007514761138,3.1736446591519054,
197,27.449006977992486,35.238862050456255,4.723564143853999,14.667203435319378,8.017981749865807,5.22007514761138,4.683306494900698,
198,27.865002683843265,34.836285560923244,4.723564143853999,14.660493827160494,7.971014492753623,4.958400429414922,4.985238862050457,
199,28.187063875469672,34.47396672034353,4.723564143853999,14.566559312936125,8.125335480407944,4.830917874396135,5.092592592592593,
200,28.26086956521739,34.41358024691358,4.723564143853999,14.55984970477724,8.125335480407944,4.824208266237251,5.092592592592593,
201,28.549382716049383,34.326355340848096,4.723564143853999,14.445786366076222,8.09849704777241,4.7638217928073,5.092592592592593,
202,28.978797638217927,33.964036500268385,4.7101449275362315,14.445786366076222,8.071658615136876,4.736983360171766,5.092592592592593,
203,28.804347826086957,33.863392377885134,4.7101449275362315,13.768115942028986,9.104938271604938,4.736983360171766,5.01207729468599,
204,28.556092324208265,32.88378958668814,4.911433172302737,13.43263553408481,9.621578099838969,5.58239398819109,5.01207729468599,
205,28.804347826086957,32.74288781535159,4.911433172302737,13.331991411701557,9.621578099838969,5.5756843800322065,5.01207729468599,
206,28.81105743424584,32.15244229736983,5.857487922705314,13.439345142243694,9.41358024691358,5.314009661835748,5.01207729468599,
207,28.71712292002147,31.40096618357488,5.857487922705314,14.38539989264627,9.31964573268921,5.307300053676865,5.01207729468599,
208,28.837895866881375,31.17283950617284,5.857487922705314,14.244498121309716,9.567901234567902,5.307300053676865,5.01207729468599,
209,28.958668813741276,31.052066559312937,5.857487922705314,13.996242619431026,9.829575952764358,5.293880837359098,5.01207729468599,
210,29.200214707461082,30.95813204508857,5.770263016639828,13.94927536231884,9.816156736446592,5.293880837359098,5.01207729468599,
211,25.81857219538379,28.046162104133117,5.307300053676865,22.067901234567902,9.29951690821256,5.005367686527107,4.455179817498658,
212,26.04669887278583,27.81803542673108,5.307300053676865,21.953837895866883,9.292807300053678,5.005367686527107,4.455179817498658,0.12077294685990338
213,26.38888888888889,27.616747181964573,5.300590445517981,21.906870638754697,9.272678475577026,4.998658078368224,4.408212560386473,0.10735373054213634
214,26.690821256038646,27.361782071927,5.300590445517981,21.906870638754697,9.353193773483628,4.918142780461621,4.361245303274289,0.10735373054213634
215,23.872785829307567,35.08454106280193,5.173107890499195,19.598765432098766,7.239667203435319,4.864465915190553,4.05931293612453,0.10735373054213634
216,23.93317230273752,34.72222222222222,5.173107890499195,19.558507783145465,7.440955448201825,4.85775630703167,4.206924315619967,0.10735373054213634
217,22.745571658615138,34.19216317767042,5.146269457863661,21.390230810520666,7.440955448201825,4.851046698872786,4.126409017713366,0.10735373054213634
218,22.98040794417606,34.07139023081052,5.12614063338701,21.336553945249598,7.440955448201825,4.824208266237251,4.1129898013955986,0.10735373054213634
219,23.429951690821255,33.756038647343,5.12614063338701,21.162104133118625,7.37385936661299,5.059044551798175,3.9855072463768115,0.10735373054213634
220,23.825818572195384,33.44739667203435,5.186527106816962,20.78636607622115,7.266505636070853,5.233494363929147,3.9855072463768115,0.2683843263553409
221,24.12775093934514,33.01798174986581,5.186527106816962,20.705850778314545,7.474503488996243,5.233494363929147,3.9855072463768115,0.2683843263553409
222,24.235104669887278,32.98443370907139,5.139559849704777,20.679012345679013,7.474503488996243,5.233494363929147,3.9855072463768115,0.2683843263553409
223,24.194847020933977,32.6959205582394,5.139559849704777,20.632045088566827,7.924047235641439,5.233494363929147,3.911701556629093,0.2683843263553409
224,24.36929683306495,32.52147074610843,5.139559849704777,20.632045088566827,7.924047235641439,5.233494363929147,3.911701556629093,0.2683843263553409
225,24.765163714439076,32.427536231884055,5.052334943639291,20.605206655931294,7.863660762211487,5.112721417069243,3.9049919484702094,0.2683843263553409
226,24.812130971551262,32.33360171765969,5.052334943639291,20.538110574342458,8.044820182501342,5.045625335480408,3.9049919484702094,0.2683843263553409
227,25.0402576489533,32.25979602791197,5.052334943639291,20.38378958668814,8.044820182501342,5.045625335480408,3.9049919484702094,0.2683843263553409
228,25.107353730542137,32.21953837895867,5.052334943639291,20.356951154052602,8.044820182501342,5.045625335480408,3.9049919484702094,0.2683843263553409
229,25.281803542673106,31.93773483628556,4.931561996779388,20.356951154052602,8.172302737520129,5.045625335480408,4.005636070853462,0.2683843263553409
230,25.43612453032743,31.796833064949006,4.931561996779388,20.343531937734838,8.172302737520129,5.045625335480408,4.005636070853462,0.2683843263553409
231,24.879227053140095,30.991680085882983,4.924852388620504,20.618625872249062,8.165593129361245,5.01207729468599,5.139559849704777,0.2683843263553409
232,24.90606548577563,30.870907139023082,4.924852388620504,20.618625872249062,8.165593129361245,4.985238862050457,5.260332796564681,0.2683843263553409
233,25.0,30.844068706387546,4.904723564143854,20.618625872249062,8.11862587224906,4.985238862050457,5.260332796564681,0.2683843263553409
234,25.0805152979066,30.823939881910896,4.871175523349437,20.598497047772412,8.11862587224906,4.985238862050457,5.253623188405797,0.2683843263553409
235,25.147611379495437,30.790391841116477,4.871175523349437,20.585077831454644,8.09849704777241,4.985238862050457,5.253623188405797,0.2683843263553409
236,25.261674718196456,30.54884594739667,4.871175523349437,20.551529790660226,8.07836822329576,5.300590445517981,5.119431025228127,0.2683843263553409
237,25.355609232420825,30.454911433172303,4.871175523349437,20.551529790660226,8.07836822329576,5.300590445517981,5.119431025228127,0.2683843263553409
238,25.369028448738593,30.340848094471284,4.998658078368224,20.531400966183575,8.07836822329576,5.293880837359098,5.119431025228127,0.2683843263553409
239,25.41599570585078,30.099302200751477,5.267042404723564,20.457595276435857,8.07836822329576,5.293880837359098,5.119431025228127,0.2683843263553409
240,25.644122383252817,29.904723564143854,5.139559849704777,20.41062801932367,8.219269994632313,5.293880837359098,5.119431025228127,0.2683843263553409
241,25.939345142243692,29.78395061728395,5.092592592592593,20.303274288781534,8.199141170155663,5.293880837359098,5.119431025228127,0.2683843263553409
242,26.093666129898015,29.716854535695116,5.052334943639291,20.28985507246377,8.165593129361245,5.293880837359098,5.119431025228127,0.2683843263553409
243,26.160762211486848,29.696725711218466,5.052334943639291,20.04830917874396,8.165593129361245,5.293880837359098,5.119431025228127,0.46296296296296297
244,26.556629092860977,29.53569511540526,4.938271604938271,20.02818035426731,8.064949006977992,5.293880837359098,5.119431025228127,0.46296296296296297
245,26.341921631776703,29.388083735909824,5.24020397208803,19.73966720343532,8.440687063875469,5.267042404723564,5.119431025228127,0.46296296296296297
246,26.37546967257112,29.367954911433173,5.24020397208803,19.732957595276435,8.440687063875469,5.267042404723564,5.112721417069243,0.46296296296296297
247,26.737788513150832,29.24718196457327,5.24020397208803,19.51825013419216,8.420558239398819,5.260332796564681,5.112721417069243,0.46296296296296297
248,27.15378421900161,29.1935050993022,5.24020397208803,19.202898550724637,8.420558239398819,5.260332796564681,5.065754159957058,0.46296296296296297
249,27.26113794954375,28.978797638217927,5.24020397208803,19.189479334406872,8.709071390230811,5.260332796564681,4.898013955984971,0.46296296296296297
250,27.47584541062802,28.804347826086957,5.213365539452496,19.135802469135804,8.675523349436393,5.407944176060118,4.824208266237251,0.46296296296296297
251,27.905260332796566,28.401771336553946,5.186527106816962,18.927804616210413,8.93719806763285,5.407944176060118,4.770531400966184,0.46296296296296297
252,28.247450348899623,28.052871712292003,5.173107890499195,18.80703166935051,8.836553945249598,5.407944176060118,5.01207729468599,0.46296296296296297
253,28.26086956521739,28.052871712292003,4.851046698872786,18.80703166935051,8.82313472893183,5.730005367686527,5.01207729468599,0.46296296296296297
254,28.327965646806227,27.985775630703166,4.74369296833065,18.760064412238325,8.977455716586151,5.730005367686527,5.01207729468599,0.46296296296296297
255,28.401771336553946,27.911969940955448,4.74369296833065,18.760064412238325,8.977455716586151,5.730005367686527,5.01207729468599,0.46296296296296297
256,28.28099838969404,28.12667740203972,4.7168545356951155,18.746645195920557,8.93719806763285,5.730005367686527,4.998658078368224,0.46296296296296297
257,28.408480944712828,28.113258185721953,4.669887278582931,18.612453032742888,8.870101986044014,5.776972624798712,4.951690821256038,0.5971551261406334
258,28.522544283413847,28.032742887815353,4.669887278582931,18.612453032742888,8.870101986044014,5.743424584004294,4.951690821256038,0.5971551261406334
259,28.985507246376812,27.74422973698336,4.669887278582931,18.57890499194847,8.756038647342995,5.743424584004294,4.924852388620504,0.5971551261406334
260,29.374664519592056,27.509393451422437,4.669887278582931,18.552066559312937,8.59500805152979,5.609232420826624,5.092592592592593,0.5971551261406334
261,29.482018250134193,27.428878153515836,4.669887278582931,18.53864734299517,8.581588835212024,5.609232420826624,5.092592592592593,0.5971551261406334
262,29.810789049919485,27.38191089640365,4.669887278582931,18.391035963499732,8.527911969940956,5.58239398819109,5.038915727321524,0.5971551261406334
263,29.904723564143854,27.38191089640365,4.669887278582931,18.297101449275363,8.527911969940956,5.58239398819109,5.038915727321524,0.5971551261406334
264,30.314009661835748,27.30810520665593,4.488727858293076,18.270263016639827,8.474235104669887,5.515297906602254,5.032206119162641,0.5971551261406334
265,30.387815351583466,27.03972088030059,4.461889425657541,18.243424584004295,8.474235104669887,5.515297906602254,5.280461621041331,0.5971551261406334
266,30.58239398819109,26.979334406870638,4.441760601180891,18.19645732689211,8.460815888352121,5.475040257648954,5.280461621041331,0.5837359098228664
267,30.797101449275363,26.858561460010737,4.441760601180891,18.149490069779926,8.413848631239935,5.475040257648954,5.280461621041331,0.5837359098228664
268,30.938003220611915,26.744498121309714,4.441760601180891,18.149490069779926,8.387010198604402,5.475040257648954,5.280461621041331,0.5837359098228664
269,30.897745571658614,26.637144390767578,4.428341384863124,17.827428878153516,8.57487922705314,5.475040257648954,5.5756843800322065,0.5837359098228664
270,29.045893719806763,29.54911433172303,4.40150295222759,16.834406870638755,8.3467525496511,5.475040257648954,5.763553408480945,0.5837359098228664
271,29.22705314009662,29.461889425657542,4.40150295222759,16.774020397208805,8.3467525496511,5.475040257648954,5.730005367686527,0.5837359098228664
272,29.012345679012345,29.361245303274288,4.40150295222759,15.92860976918948,9.688674181427805,5.475040257648954,5.730005367686527,0.4025764895330113
273,29.468599033816425,29.05931293612453,4.40150295222759,15.814546430488459,9.648416532474503,5.475040257648954,5.730005367686527,0.4025764895330113
274,29.502147074610843,29.032474503488995,4.28743961352657,15.801127214170693,9.796027911969942,5.448201825013419,5.730005367686527,0.4025764895330113
275,29.54911433172303,28.938539989264626,4.274020397208803,15.734031132581856,9.782608695652174,5.615942028985507,5.703166935050993,0.4025764895330113
276,29.59608158883521,28.663446054750402,4.26731078904992,15.734031132581856,9.762479871175524,6.0654857756307035,5.508588298443371,0.4025764895330113
277,29.716854535695116,28.59634997316157,4.26731078904992,15.687063875469672,9.75577026301664,6.0654857756307035,5.508588298443371,0.4025764895330113
278,29.911433172302736,28.442028985507246,4.26731078904992,15.653515834675256,9.749060654857756,6.0654857756307035,5.508588298443371,0.4025764895330113
279,29.958400429414922,28.395061728395063,4.26731078904992,15.653515834675256,9.749060654857756,6.0654857756307035,5.508588298443371,0.4025764895330113
280,30.018786902844873,28.24074074074074,4.26731078904992,15.613258185721953,9.742351046698873,6.0654857756307035,5.649490069779925,0.4025764895330113
281,30.038915727321523,28.24074074074074,4.26731078904992,15.60654857756307,9.742351046698873,6.052066559312936,5.649490069779925,0.4025764895330113
282,30.079173376274827,28.227321524422972,4.26731078904992,15.58641975308642,9.742351046698873,6.045356951154052,5.649490069779925,0.4025764895330113
283,30.17981749865808,28.227321524422972,4.26731078904992,15.53274288781535,9.722222222222221,6.018518518518518,5.649490069779925,0.4025764895330113
284,30.19994632313473,28.10654857756307,4.26731078904992,14.479334406870638,11.084272678475577,6.166129898013956,5.314009661835748,0.3824476650563607
285,30.334138486312398,28.052871712292003,4.233762748255502,14.358561460010735,11.158078368223295,6.1929683306494905,5.314009661835748,0.35560923242082665
286,30.495169082125603,27.911969940955448,4.233762748255502,14.190821256038648,11.158078368223295,6.461352657004831,5.267042404723564,0.28180354267310787
287,30.629361245303276,27.831454643048847,4.233762748255502,14.163982823403114,11.144659151905529,6.447933440687064,5.267042404723564,0.28180354267310787
288,30.803811057434245,27.697262479871174,4.233762748255502,14.143853998926463,11.144659151905529,6.447933440687064,5.246913580246914,0.28180354267310787
289,30.857487922705314,27.697262479871174,4.206924315619967,14.143853998926463,11.144659151905529,6.421095008051529,5.246913580246914,0.28180354267310787
290,30.891035963499732,27.677133655394524,4.206924315619967,14.130434782608695,11.144659151905529,6.421095008051529,5.246913580246914,0.28180354267310787
291,31.031937734836287,27.677133655394524,4.206924315619967,13.989533011272142,11.144659151905529,6.421095008051529,5.246913580246914,0.28180354267310787
292,31.105743424584006,27.616747181964573,4.341116478797638,13.982823403113258,11.044015029522276,6.380837359098229,5.246913580246914,0.28180354267310787
293,31.34728931830381,27.536231884057973,4.341116478797638,13.982823403113258,11.030595813204508,6.233225979602791,5.246913580246914,0.28180354267310787
294,31.246645195920557,27.3215244229737,4.656468062265164,13.88888888888889,11.11111111111111,6.260064412238325,5.246913580246914,0.2683843263553409
295,31.246645195920557,27.18733225979603,4.656468062265164,13.88888888888889,10.815888352120236,6.260064412238325,5.676328502415459,0.2683843263553409
296,31.340579710144926,27.18733225979603,4.656468062265164,13.828502415458937,10.782340311325818,6.260064412238325,5.676328502415459,0.2683843263553409
297,31.031937734836287,27.006172839506174,4.64975845410628,13.808373590982287,11.641170155662909,5.938003220611916,5.656199677938808,0.2683843263553409
298,31.199677938808374,26.878690284487387,4.64975845410628,13.808373590982287,11.627750939345143,5.938003220611916,5.629361245303274,0.2683843263553409
299,31.32716049382716,26.77133655394525,4.64975845410628,13.808373590982287,11.614331723027375,5.938003220611916,5.622651637144391,0.2683843263553409
300,31.622383252818036,26.737788513150832,4.64975845410628,13.768115942028986,11.54723564143854,5.783682232957595,5.622651637144391,0.2683843263553409
301,31.82367149758454,26.570048309178745,4.64975845410628,13.687600644122384,11.513687600644122,5.864197530864198,5.622651637144391,0.2683843263553409
302,32.07192699946323,26.482823403113258,4.636339237788513,13.58695652173913,11.641170155662909,5.844068706387547,5.46833064949007,0.2683843263553409
303,32.608695652173914,26.321792807300053,4.730273752012883,13.231347289318304,11.52710681696189,5.844068706387547,5.46833064949007,0.2683843263553409
304,32.71604938271605,26.241277509393452,4.703435319377348,13.18438003220612,11.574074074074074,5.844068706387547,5.46833064949007,0.2683843263553409
305,33.02469135802469,26.174181427804616,4.703435319377348,13.16425120772947,11.574074074074074,5.703166935050993,5.387815351583468,0.2683843263553409
306,33.21256038647343,26.093666129898015,4.703435319377348,13.144122383252817,11.486849168008588,5.703166935050993,5.387815351583468,0.2683843263553409
307,33.380300590445515,26.06682769726248,4.690016103059581,13.036768652710682,11.466720343531938,5.703166935050993,5.387815351583468,0.2683843263553409
