,45,50,51,53,54,52,55,57,56
0,96.11513687600645,3.8848631239935587,,,,,,,
1,93.16961889425657,6.830381105743425,,,,,,,
2,92.9549114331723,7.0450885668276975,,,,,,,
3,90.6736446591519,9.326355340848094,,,,,,,
4,89.6202361782072,10.379763821792807,,,,,,,
5,88.33199141170155,11.668008588298443,,,,,,,
6,82.50134192163178,16.968599033816425,0.2952227589908749,0.23483628556092323,,,,,
7,82.5684380032206,16.901502952227588,0.2952227589908749,0.23483628556092323,,,,,
8,53.04616210413312,46.423778851315085,0.2952227589908749,0.23483628556092323,,,,,
9,52.93880837359098,46.53113258185722,0.2952227589908749,0.23483628556092323,,,,,
10,52.79790660225443,45.1154052603328,0.2952227589908749,0.23483628556092323,1.556629092860977,,,,
11,50.63070316693505,47.28260869565217,0.2952227589908749,0.23483628556092323,1.556629092860977,,,,
12,50.71121846484165,47.20209339774557,0.2952227589908749,0.23483628556092323,1.556629092860977,,,,
13,49.81213097155126,48.36285560923242,0.2952227589908749,,1.5297906602254427,,,,
14,49.81884057971015,39.58668813741278,8.59500805152979,0.46967257112184646,1.5297906602254427,,,,
15,49.59742351046699,31.085614600107355,6.166129898013956,0.46967257112184646,1.5163714439076759,11.16478797638218,,,
16,48.59769189479334,30.132850241545892,8.145464304884594,0.46967257112184646,1.5163714439076759,11.137949543746645,,,
17,48.24208266237252,31.45464304884595,7.62211486849168,0.026838432635534086,1.5163714439076759,11.137949543746645,,,
18,47.745571658615134,32.139023081052066,7.581857219538379,0.026838432635534086,1.570048309178744,10.829307568438002,0.10735373054213634,,
19,47.63150831991412,32.29334406870639,7.581857219538379,0.026838432635534086,1.556629092860977,10.648148148148149,0.10735373054213634,0.15432098765432098,
20,47.67176596886742,32.25308641975309,7.581857219538379,0.026838432635534086,1.556629092860977,10.648148148148149,0.10735373054213634,0.15432098765432098,
21,44.598765432098766,35.35963499731616,7.568438003220612,0.026838432635534086,1.556629092860977,10.628019323671497,0.10735373054213634,0.15432098765432098,
22,42.92807300053677,34.82286634460547,8.239398819108963,0.026838432635534086,3.099838969404187,10.621309715512615,0.10735373054213634,0.15432098765432098,
23,42.99516908212561,33.12533548040794,8.239398819108963,0.026838432635534086,4.817498658078368,10.534084809447128,0.10735373054213634,0.15432098765432098,
24,42.330917874396135,30.52200751476114,11.56736446591519,0.026838432635534086,4.783950617283951,10.507246376811594,0.10735373054213634,0.15432098765432098,
25,42.78046162104133,30.273752012882447,11.131239935587761,0.026838432635534086,4.783950617283951,10.238862050456254,0.10735373054213634,0.322061191626409,0.33548040794417605
26,42.8341384863124,29.99194847020934,11.05072463768116,0.026838432635534086,6.219806763285024,9.111647879763822,0.10735373054213634,0.322061191626409,0.33548040794417605
27,41.92163177670424,28.26086956521739,13.841921631776705,0.026838432635534086,6.092324208266238,9.091519055287172,0.10735373054213634,0.322061191626409,0.33548040794417605
28,42.049114331723025,28.16022544283414,13.841921631776705,0.026838432635534086,6.092324208266238,9.064680622651638,0.10735373054213634,0.322061191626409,0.33548040794417605
29,42.13633923778851,28.005904455179817,13.922436929683306,0.026838432635534086,6.092324208266238,9.064680622651638,0.10735373054213634,0.322061191626409,0.322061191626409
30,40.01610305958132,30.17981749865808,13.734567901234568,0.026838432635534086,6.092324208266238,8.789586688137414,0.10735373054213634,0.322061191626409,0.7313472893183038
31,40.08990874932904,30.018786902844873,13.875469672571121,0.026838432635534086,6.0654857756307035,8.769457863660762,0.10735373054213634,0.3153515834675255,0.7313472893183038
32,40.05636070853462,30.152979066022546,13.862050456253355,0.026838432635534086,6.0654857756307035,8.682232957595277,0.10735373054213634,0.3153515834675255,0.7313472893183038
33,39.64707461084273,28.341384863123995,13.848631239935587,2.227589908749329,5.938003220611916,8.84326355340848,0.10735373054213634,0.3153515834675255,0.7313472893183038
34,39.66720343531938,27.911969940955448,12.929414922168545,2.227589908749329,5.475040257648954,10.68840579710145,0.10735373054213634,0.3153515834675255,0.6776704240472357
35,39.861782071927,27.831454643048847,12.681159420289855,2.227589908749329,5.636070853462158,10.661567364465915,0.10735373054213634,0.3153515834675255,0.6776704240472357
36,40.08990874932904,27.87842190016103,12.681159420289855,2.227589908749329,5.636070853462158,10.38647342995169,0.10735373054213634,0.3153515834675255,0.6776704240472357
37,40.70048309178744,27.65029522275899,12.600644122383253,2.200751476113795,5.414653784219001,10.332796564680622,0.10735373054213634,0.3153515834675255,0.6776704240472357
38,40.633387010198604,27.717391304347824,12.600644122383253,2.200751476113795,5.414653784219001,10.332796564680622,0.10735373054213634,0.3153515834675255,0.6776704240472357
39,41.1231884057971,27.569779924852387,12.352388620504563,2.167203435319377,5.414653784219001,10.272410091250672,0.10735373054213634,0.3153515834675255,0.6776704240472357
40,41.34460547504026,27.30810520665593,12.13768115942029,2.167203435319377,5.387815351583468,10.554213633923778,0.10735373054213634,0.3153515834675255,0.6776704240472357
41,40.324745034889965,28.468867418142782,12.090713902308105,2.167203435319377,5.387815351583468,10.46027911969941,0.10735373054213634,0.3153515834675255,0.6776704240472357
42,39.331723027375205,27.375201288244767,11.802200751476114,0.6508319914117016,4.824208266237251,14.922168545356952,0.10735373054213634,0.3153515834675255,0.6709608158883521
43,37.4597423510467,29.274020397208805,11.741814278046162,0.785024154589372,4.824208266237251,14.821524422973699,0.10735373054213634,0.3153515834675255,0.6709608158883521
44,35.92324208266237,27.106816961889425,15.593129361245303,0.7648953301127214,4.74369296833065,14.774557165861514,0.10735373054213634,0.3153515834675255,0.6709608158883521
45,35.13150831991412,27.200751476113794,15.559581320450885,1.4090177133655395,6.944444444444445,12.419484702093397,0.3824476650563607,0.2885131508319914,0.6642512077294686
46,35.13150831991412,26.341921631776703,16.418411164787976,1.4090177133655395,6.944444444444445,12.419484702093397,0.3824476650563607,0.2885131508319914,0.6642512077294686
47,35.09125067096082,25.429414922168544,16.97530864197531,1.4090177133655395,6.89747718733226,12.86231884057971,0.3824476650563607,0.2885131508319914,0.6642512077294686
48,35.13150831991412,25.42270531400966,16.955179817498657,1.4090177133655395,6.884057971014493,12.86231884057971,0.3824476650563607,0.2885131508319914,0.6642512077294686
49,35.07112184648417,25.55018786902845,16.6532474503489,1.6572732152442298,6.884057971014493,12.848899624261943,0.3824476650563607,0.2885131508319914,0.6642512077294686
50,34.66854535695116,26.019860440150296,16.586151368760063,1.6572732152442298,6.743156199677939,12.788513150831992,0.3824476650563607,0.2885131508319914,0.8655394524959742
51,33.682232957595275,24.97987117552335,18.9747718733226,1.5432098765432098,6.904186795491143,12.379227053140097,0.3824476650563607,0.2885131508319914,0.8655394524959742
52,33.17230273752013,25.13419216317767,19.484702093397747,1.5365002683843263,6.843800322061192,12.29200214707461,0.3824476650563607,0.2885131508319914,0.8655394524959742
53,33.24610842726785,25.127482555018787,19.45786366076221,1.5365002683843263,6.843800322061192,12.25174449812131,0.3824476650563607,0.2885131508319914,0.8655394524959742
54,31.910896403650028,26.46940418679549,19.45786366076221,1.5365002683843263,6.843800322061192,12.245034889962426,0.3824476650563607,0.2885131508319914,0.8655394524959742
55,32.2866344605475,26.288244766505635,19.424315619967793,1.5365002683843263,6.843800322061192,12.084004294149223,0.3824476650563607,0.2885131508319914,0.8655394524959742
56,32.30005367686527,26.093666129898015,19.16935050993022,1.7579173376274826,6.843800322061192,12.298711755233494,0.3824476650563607,0.2885131508319914,0.8655394524959742
57,32.340311325818575,26.06682769726248,18.78690284487386,1.7176596886741815,6.843800322061192,12.097423510466989,0.5501878690284487,0.49651100375738055,1.1003757380568975
58,29.461889425657542,24.46323134728932,33.64868491680086,1.2010198604401503,4.341116478797638,5.3341384863123995,0.5501878690284487,0.36902844873859364,0.630703166935051
59,29.7638217928073,24.27536231884058,33.3467525496511,1.2010198604401503,4.341116478797638,5.320719269994632,0.7514761137949544,0.36902844873859364,0.630703166935051
60,29.830917874396135,24.235104669887278,33.32662372517445,1.2010198604401503,4.341116478797638,5.314009661835748,0.7514761137949544,0.36902844873859364,0.630703166935051
61,29.636339237788512,23.886205045625335,33.25281803542673,1.1808910359634996,4.314278046162104,5.917874396135265,0.9930220075147611,0.36902844873859364,0.4495437466451959
62,29.78395061728395,23.839237788513152,33.17901234567901,1.1808910359634996,4.045893719806763,6.1862587224906065,0.966183574879227,0.36902844873859364,0.4495437466451959
63,29.844337090713903,23.63123993558776,33.10520665593129,1.1674718196457328,4.03918411164788,6.427804616210413,0.966183574879227,0.36902844873859364,0.4495437466451959
64,29.381374127750938,23.356146001073537,33.73590982286635,1.1674718196457328,4.03918411164788,6.400966183574879,0.966183574879227,0.36902844873859364,0.5837359098228664
65,29.106280193236714,22.020933977455716,35.16505636070853,1.1473429951690821,3.9989264626945786,6.327160493827161,1.1272141706924315,0.36902844873859364,0.7380568974771873
66,29.21363392377885,21.74584004294149,35.138217928073,1.1473429951690821,3.9989264626945786,6.293612453032743,1.3553408480944713,0.36902844873859364,0.7380568974771873
67,29.32769726247987,21.24932903918411,33.40713902308105,3.421900161030596,4.233762748255502,5.998389694041868,1.288244766505636,0.36902844873859364,0.7045088566827697
68,25.87224906065486,20.611916264090176,38.077026301663984,3.1468062265163717,4.193505099302201,5.790391841116479,1.4694041867954912,0.36902844873859364,0.46967257112184646
69,26.02657004830918,20.437466451959207,37.07058507783145,3.435319377348363,4.918142780461621,5.790391841116479,1.482823403113258,0.36902844873859364,0.46967257112184646
70,26.080246913580247,20.229468599033815,37.23832528180354,3.435319377348363,4.904723564143854,5.790391841116479,1.482823403113258,0.36902844873859364,0.46967257112184646
71,26.536500268384327,20.182501341921633,37.164519592055825,3.435319377348363,4.609500805152979,5.776972624798712,1.4559849704777241,0.36902844873859364,0.46967257112184646
72,26.617015566290927,20.014761137949545,36.39291465378422,3.3145464304884595,4.609500805152979,6.769994632313473,1.4559849704777241,0.35560923242082665,0.46967257112184646
73,26.99946323134729,19.89398819108964,35.929951690821255,3.656736446591519,4.609500805152979,6.642512077294686,1.4492753623188406,0.35560923242082665,0.46296296296296297
74,27.4422973698336,19.786634460547504,35.64143853998927,3.656736446591519,4.502147074610843,6.615673644659152,1.5365002683843263,0.35560923242082665,0.46296296296296297
75,27.536231884057973,19.49812130971551,35.55421363392378,3.656736446591519,4.502147074610843,6.723027375201288,1.710950080515298,0.35560923242082665,0.46296296296296297
76,24.496779388083738,22.993827160493826,35.547504025764894,3.656736446591519,4.502147074610843,6.481481481481482,1.5096618357487923,0.3488996242619431,0.46296296296296297
77,24.718196457326894,22.6784755770263,35.28582930756844,3.656736446591519,4.49543746645196,6.729736983360172,1.6237251744498122,0.3488996242619431,0.46296296296296297
78,25.127482555018787,22.638217928073,35.13150831991412,3.502415458937198,4.468599033816425,6.696188942565755,1.6237251744498122,0.3488996242619431,0.46296296296296297
79,25.241545893719806,22.463768115942027,34.86312399355877,3.4957058507783145,4.414922168545357,6.6760601180891035,1.7981749865807837,0.3488996242619431,0.6977992485238862
80,25.348899624261943,22.463768115942027,34.80944712828771,3.475577026301664,4.414922168545357,6.642512077294686,1.7981749865807837,0.3488996242619431,0.6977992485238862
81,25.53676865271068,22.22222222222222,34.74906065485776,3.6097691894793345,4.414922168545357,6.622383252818035,1.7981749865807837,0.3488996242619431,0.6977992485238862
82,25.55018786902845,22.22222222222222,34.74906065485776,3.6097691894793345,4.414922168545357,6.608964036500268,1.7981749865807837,0.3488996242619431,0.6977992485238862
83,25.95276435856146,21.880032206119164,34.715512614063336,3.6097691894793345,4.414922168545357,6.582125603864735,1.7981749865807837,0.3488996242619431,0.6977992485238862
84,22.25577026301664,29.17337627482555,30.891035963499732,4.911433172302737,4.025764895330113,5.803811057434245,1.7981749865807837,0.3488996242619431,0.7917337627482555
85,21.826355340848096,27.91867954911433,33.1454643048846,4.904723564143854,3.965378421900161,5.548845947396672,1.5499194847020934,0.3488996242619431,0.7917337627482555
86,21.900161030595815,27.85829307568438,33.1454643048846,4.891304347826087,3.965378421900161,5.548845947396672,1.5499194847020934,0.3488996242619431,0.7917337627482555
87,22.29602791196994,27.730810520665592,32.910628019323674,4.85775630703167,3.965378421900161,5.548845947396672,1.5499194847020934,0.3488996242619431,0.7917337627482555
88,22.32957595276436,27.623456790123456,32.96430488459474,4.851046698872786,3.965378421900161,5.407944176060118,1.5499194847020934,0.3488996242619431,0.9594739667203436
89,22.497316156736446,27.58990874932904,32.55501878690284,4.978529253891573,3.9586688137412773,5.387815351583468,1.724369296833065,0.3488996242619431,0.9594739667203436
90,22.69860440150295,27.4422973698336,32.420826623725176,4.938271604938271,4.086151368760064,5.387815351583468,1.7176596886741815,0.3488996242619431,0.9594739667203436
91,22.65834675254965,26.992753623188406,32.9777241009125,4.938271604938271,4.079441760601181,5.3274288781535155,1.7176596886741815,0.3488996242619431,0.9594739667203436
92,21.329844337090712,25.89237788513151,32.54159957058508,4.911433172302737,4.320987654320987,7.796564680622652,1.7176596886741815,0.3488996242619431,1.1406333870101986
93,21.182232957595275,23.376274825550187,32.18599033816425,7.971014492753623,4.320987654320987,7.769726247987117,1.7176596886741815,0.3488996242619431,1.1272141706924315
94,21.30300590445518,23.376274825550187,32.118894256575416,7.957595276435856,4.294149221685454,7.769726247987117,1.7042404723564144,0.3488996242619431,1.1272141706924315
95,21.336553945249598,23.503757380568974,32.085346215781,7.937466451959206,4.247181964573269,7.7361782071927,1.6774020397208802,0.3488996242619431,1.1272141706924315
96,21.517713365539453,23.503757380568974,32.00483091787439,7.937466451959206,4.240472356414386,7.64224369296833,1.6774020397208802,0.3488996242619431,1.1272141706924315
97,21.524422973698336,23.235373054213635,29.95169082125604,7.628824476650563,4.240472356414386,10.178475577026301,1.9390767579173376,0.3488996242619431,0.95276435856146
98,21.772678475577028,23.161567364465917,29.636339237788512,7.555018786902845,4.240472356414386,10.151637144390767,1.9390767579173376,0.3488996242619431,1.1943102522812667
99,20.558239398819108,21.72571121846484,32.6959205582394,7.555018786902845,3.7775093934514223,9.91009125067096,2.2611379495437465,0.3488996242619431,1.1674718196457328
100,20.705850778314545,21.672034353193773,32.648953301127214,7.555018786902845,3.750670960815888,9.88996242619431,2.2611379495437465,0.3488996242619431,1.1674718196457328
101,20.78636607622115,21.591519055287172,32.25979602791197,7.729468599033816,3.7372517444981215,9.856414385399892,2.522812667740204,0.3488996242619431,1.1674718196457328
102,16.948470209339774,33.00456253354804,25.89908749329039,7.601986044015029,2.4691358024691357,9.876543209876543,2.6838432635534084,0.3488996242619431,1.1674718196457328
103,17.03569511540526,32.64224369296833,25.691089640365004,7.601986044015029,2.9589371980676327,9.86983360171766,2.6838432635534084,0.3488996242619431,1.1674718196457328
104,16.968599033816425,32.326892109500804,25.181159420289855,7.561728395061729,2.9589371980676327,10.802469135802468,2.6838432635534084,0.3488996242619431,1.1674718196457328
105,17.028985507246375,32.18599033816425,25.335480407944175,7.5348899624261945,2.952227589908749,10.762211486849168,2.6838432635534084,0.3488996242619431,1.1674718196457328
106,17.24369296833065,32.078636607622116,25.301932367149757,7.5281803542673105,2.952227589908749,10.695115405260333,2.6838432635534084,0.3488996242619431,1.1674718196457328
107,16.25738056897477,30.730005367686527,25.831991411701555,7.253086419753086,3.1333870101986045,12.815351583467525,2.4825550187869028,0.32877079978529256,1.1674718196457328
108,16.391572732152444,30.703166935050994,25.603864734299517,7.253086419753086,3.1333870101986045,12.93612453032743,2.4825550187869028,0.32877079978529256,1.1674718196457328
109,14.600107353730541,28.663446054750402,31.87734836285561,6.608964036500268,1.6438539989264627,13.774825550187868,1.6706924315619969,0.32877079978529256,0.8319914117015567
110,14.794685990338165,28.549382716049383,29.777241009125067,8.641975308641975,1.6438539989264627,13.761406333870102,1.6706924315619969,0.32877079978529256,0.8319914117015567
111,14.895330112721417,28.468867418142782,29.676596886741816,8.769457863660762,1.6438539989264627,13.741277509393452,1.6438539989264627,0.32877079978529256,0.8319914117015567
112,14.432367149758454,25.389157273215243,33.51449275362319,8.769457863660762,1.6438539989264627,13.620504562533547,1.4694041867954912,0.32877079978529256,0.8319914117015567
113,14.63365539452496,25.32206119162641,33.380300590445515,8.769457863660762,1.6438539989264627,13.620504562533547,1.4694041867954912,0.32877079978529256,0.8319914117015567
114,15.049651100375739,25.187869028448738,33.313204508856685,8.769457863660762,1.6438539989264627,13.405797101449275,1.4694041867954912,0.32877079978529256,0.8319914117015567
115,15.069779924852389,24.792002147074612,31.320450885668276,9.292807300053678,1.6438539989264627,15.331454643048845,1.4694041867954912,0.32877079978529256,0.7514761137949544
116,15.304616210413311,24.798711755233494,31.253354804079443,9.292807300053678,1.6438539989264627,15.170424047235642,1.4694041867954912,0.32877079978529256,0.7380568974771873
117,15.277777777777779,24.798711755233494,30.9447128287708,9.286097691894794,1.6438539989264627,15.170424047235642,1.8115942028985508,0.32877079978529256,0.7380568974771873
118,15.405260332796564,24.771873322597962,30.71658615136876,9.091519055287172,1.6304347826086956,15.056360708534621,2.301395598497048,0.30193236714975846,0.7246376811594203
119,15.559581320450885,24.731615673644658,30.629361245303276,9.091519055287172,1.6170155662909287,15.042941492216855,2.301395598497048,0.30193236714975846,0.7246376811594203
120,15.069779924852389,24.537037037037038,27.556360708534623,7.347020933977456,1.5163714439076759,21.256038647342994,1.7914653784219001,0.30193236714975846,0.6239935587761675
121,15.277777777777779,24.52361782071927,27.435587761674718,7.474503488996243,1.5163714439076759,21.088298443370906,1.7713365539452497,0.30193236714975846,0.6105743424584005
122,15.552871712292003,24.329039184111647,27.388620504562535,7.440955448201825,1.5163714439076759,21.061460010735374,1.8115942028985508,0.30193236714975846,0.5971551261406334
123,15.827965646806227,23.845947396672035,27.36849168008588,7.360440150295223,1.5096618357487923,21.061460010735374,2.1269457863660763,0.30193236714975846,0.5971551261406334
124,15.250939345142244,23.161567364465917,27.26113794954375,7.360440150295223,1.1473429951690821,23.03408480944713,1.8853998926462694,0.30193236714975846,0.5971551261406334
125,15.45222758990875,22.879763821792807,27.214170692431562,7.353730542136339,1.1473429951690821,22.993827160493826,2.059849704777241,0.30193236714975846,0.5971551261406334
126,15.599838969404187,22.779119699409556,28.515834675254965,6.280193236714976,1.1473429951690821,22.98040794417606,1.7981749865807837,0.30193236714975846,0.5971551261406334
127,15.814546430488459,22.537573805689746,28.44873859366613,5.555555555555555,2.100107353730542,22.886473429951693,1.7579173376274826,0.30193236714975846,0.5971551261406334
128,16.076221148684915,22.537573805689746,28.35480407944176,5.71658615136876,1.8048845947396672,22.859634997316157,1.7579173376274826,0.30193236714975846,0.5904455179817498
129,15.98899624261943,22.423510466988727,28.6231884057971,5.709876543209877,1.8048845947396672,22.799248523886206,1.7579173376274826,0.30193236714975846,0.5904455179817498
130,16.13660762211487,22.363123993558776,26.33521202361782,7.971014492753623,1.8048845947396672,22.73886205045625,1.7579173376274826,0.30193236714975846,0.5904455179817498
131,16.035963499731615,20.779656468062264,26.154052603327965,7.950885668276973,1.8048845947396672,24.4699409554482,1.9122383252818036,0.30193236714975846,0.5904455179817498
132,16.11647879763822,20.437466451959207,26.04669887278583,7.944176060118089,1.8048845947396672,24.778582930756844,1.9122383252818036,0.30193236714975846,0.6575415995705851
133,16.31105743424584,20.437466451959207,25.97289318303811,7.944176060118089,1.7847557702630166,24.711486849168008,1.892109500805153,0.30193236714975846,0.644122383252818
134,16.404991948470208,20.40391841116479,25.946054750402578,7.944176060118089,1.7847557702630166,24.67793880837359,1.892109500805153,0.30193236714975846,0.644122383252818
135,16.53918411164788,20.397208803005906,25.89908749329039,7.883789586688137,1.7847557702630166,24.65780998389694,1.892109500805153,0.30193236714975846,0.644122383252818
136,16.720343531937736,20.37037037037037,25.811862587224905,7.883789586688137,1.7847557702630166,24.590713902308106,1.892109500805153,0.30193236714975846,0.644122383252818
137,16.854535695115406,20.37037037037037,25.811862587224905,7.85024154589372,1.7847557702630166,24.55716586151369,1.892109500805153,0.30193236714975846,0.5770263016639828
138,16.968599033816425,20.343531937734838,25.758185721953836,7.85024154589372,1.7847557702630166,24.44310252281267,1.865271068169619,0.4092860976918948,0.5770263016639828
139,17.196725711218466,20.263016639828233,25.691089640365004,7.843531937734836,1.778046162104133,24.376006441223833,1.865271068169619,0.4092860976918948,0.5770263016639828
140,17.384594739667204,20.21604938271605,25.583735909822867,7.809983896940419,1.778046162104133,24.376006441223833,1.865271068169619,0.4092860976918948,0.5770263016639828
141,17.60601180891036,20.169082125603865,25.53676865271068,7.809983896940419,1.778046162104133,24.335748792270532,1.8451422436929683,0.4092860976918948,0.5099302200751477
142,17.619431025228128,20.075147611379496,25.744766505636072,7.809983896940419,1.778046162104133,24.208266237251745,1.8451422436929683,0.4092860976918948,0.5099302200751477
143,17.98174986580784,20.02818035426731,25.650831991411703,7.7831454643048845,1.7646269457863661,24.074074074074073,1.8451422436929683,0.3757380568974772,0.49651100375738055
144,18.14278046162104,19.98792270531401,25.637412775093935,7.669082125603865,1.7646269457863661,24.020397208803004,1.8115942028985508,0.46967257112184646,0.49651100375738055
145,18.089103596349972,18.968062265163713,25.6105743424584,7.6623725174449815,1.7646269457863661,23.691626409017715,2.945517981749866,0.7716049382716049,0.49651100375738055
146,18.391035963499732,18.833870101986044,25.55018786902845,7.6623725174449815,1.7646269457863661,23.59098228663446,2.9388083735909825,0.7716049382716049,0.49651100375738055
147,18.51851851851852,18.793612453032743,25.523349436392916,7.6623725174449815,2.6972624798711755,22.5979602791197,2.9388083735909825,0.7716049382716049,0.49651100375738055
148,18.592324208266238,18.793612453032743,25.509930220075148,7.64224369296833,2.9119699409554483,22.550993022007514,2.7308105206655933,0.7716049382716049,0.49651100375738055
149,18.10252281266774,16.74718196457327,23.63123993558776,9.23913043478261,2.9924852388620504,25.523349436392916,2.49597423510467,0.7716049382716049,0.49651100375738055
150,18.391035963499732,16.70692431561997,23.557434245840042,9.225711218464841,2.9924852388620504,25.462962962962962,2.395330112721417,0.7716049382716049,0.49651100375738055
151,18.99490069779925,16.63311862587225,23.49033816425121,9.219001610305957,2.952227589908749,25.046967257112186,2.395330112721417,0.7716049382716049,0.49651100375738055
152,19.07541599570585,16.183574879227052,23.443370907139023,10.473698336017177,2.4892646269457863,24.765163714439076,2.301395598497048,0.7716049382716049,0.49651100375738055
153,19.142512077294686,15.727321524422974,23.403113258185723,10.426731078904991,2.4892646269457863,24.724906065485776,2.818035426731079,0.7716049382716049,0.49651100375738055
154,19.14922168545357,15.727321524422974,23.262211486849168,10.426731078904991,2.38191089640365,24.711486849168008,3.026033279656468,0.7716049382716049,0.5434782608695652
155,18.243424584004295,13.768115942028986,31.4345142243693,8.789586688137414,1.7176596886741815,23.040794417606012,1.8988191089640365,0.6776704240472357,0.4294149221685454
156,18.276972624798713,13.848631239935587,31.4345142243693,8.789586688137414,1.7176596886741815,22.946859903381643,1.8853998926462694,0.6776704240472357,0.4227053140096618
157,18.276972624798713,13.788244766505636,31.64922168545357,8.749329039184111,1.7176596886741815,22.745571658615138,1.8853998926462694,0.630703166935051,0.5568974771873323
158,18.53864734299517,13.774825550187868,31.622383252818036,8.548040794417606,1.7176596886741815,22.537573805689746,2.073268921095008,0.630703166935051,0.5568974771873323
159,18.585614600107355,13.613794954374665,31.5955448201825,8.635265700483092,1.8518518518518519,22.517444981213096,2.0128824476650564,0.630703166935051,0.5568974771873323
160,18.666129898013956,13.613794954374665,31.367418142780462,8.635265700483092,1.8518518518518519,22.517444981213096,1.9994632313472893,0.630703166935051,0.7179280730005367
161,18.90096618357488,13.573537305421363,31.04535695115405,8.628556092324208,1.9793344068706387,22.537573805689746,1.9860440150295222,0.630703166935051,0.7179280730005367
162,19.02173913043478,13.533279656468062,30.97826086956522,8.494363929146537,1.9592055823939882,22.383252818035427,1.9860440150295222,0.630703166935051,1.0131508319914118
163,19.249865807836823,12.97638217928073,30.9044551798175,8.293075684380032,1.9524959742351047,22.302737520128826,2.690552871712292,0.6172839506172839,1.0131508319914118
164,19.310252281266774,12.969672571121846,30.857487922705314,8.293075684380032,1.9524959742351047,22.302737520128826,2.6838432635534084,0.6172839506172839,1.0131508319914118
165,19.444444444444443,12.848899624261943,30.750134192163177,8.561460010735374,1.8988191089640365,22.18196457326892,2.6838432635534084,0.6172839506172839,1.0131508319914118
166,19.558507783145465,12.620772946859903,30.515297906602253,8.548040794417606,2.100107353730542,22.14170692431562,2.9052603327965647,0.6172839506172839,0.9930220075147611
167,19.64573268921095,12.614063338701019,30.434782608695652,8.548040794417606,2.100107353730542,22.14170692431562,2.9052603327965647,0.6172839506172839,0.9930220075147611
168,19.786634460547504,12.567096081588835,30.421363392377884,8.494363929146537,2.0933977455716586,22.12157809983897,2.9052603327965647,0.6172839506172839,0.9930220075147611
169,19.880568974771872,12.5,30.421363392377884,8.480944712828771,2.4490069779924855,21.752549651100377,2.9052603327965647,0.6172839506172839,0.9930220075147611
170,19.47799248523886,11.574074074074074,29.958400429414922,8.816425120772946,2.623456790123457,21.72571121846484,4.233762748255502,0.6172839506172839,0.9728931830381106
171,19.672571121846484,11.540526033279656,29.871175523349436,8.80300590445518,2.5966183574879227,21.692163177670423,4.233762748255502,0.6172839506172839,0.9728931830381106
172,19.82018250134192,11.540526033279656,29.797369833601717,8.460815888352121,2.9052603327965647,21.651905528717123,4.233762748255502,0.6172839506172839,0.9728931830381106
173,19.93424584004294,11.520397208803006,29.47530864197531,8.460815888352121,2.8784219001610305,21.604938271604937,4.206924315619967,0.6172839506172839,1.3016639828234031
174,20.356951154052602,11.513687600644122,29.367954911433173,8.393719806763285,2.8784219001610305,21.531132581857218,4.079441760601181,0.6105743424584005,1.2681159420289856
175,20.52469135802469,11.493558776167472,28.992216854535695,8.413848631239935,2.8784219001610305,21.598228663446054,3.92512077294686,0.6105743424584005,1.5633387010198605
176,20.79307568438003,11.493558776167472,28.985507246376812,8.387010198604402,2.8784219001610305,21.36339237788513,3.92512077294686,0.6105743424584005,1.5633387010198605
177,20.94068706387547,11.460010735373054,27.87842190016103,8.360171765968868,2.8784219001610305,21.32313472893183,3.92512077294686,0.6105743424584005,2.623456790123457
178,21.108427267847556,11.419753086419753,27.77777777777778,8.360171765968868,2.8784219001610305,21.296296296296298,3.92512077294686,0.6105743424584005,2.623456790123457
179,21.316425120772948,11.41304347826087,27.74422973698336,8.232689210950081,2.8784219001610305,21.26274825550188,3.9184111647879765,0.6105743424584005,2.623456790123457
180,21.584809447128286,11.352657004830919,27.710681696188942,8.219269994632313,2.8784219001610305,20.933977455716587,4.2270531400966185,0.5770263016639828,2.5161030595813205
181,21.584809447128286,11.446591519055287,27.469135802469136,8.454106280193237,2.717391304347826,20.833333333333332,4.28743961352657,0.5770263016639828,2.6301663982823404
182,21.792807300053678,11.372785829307569,27.36849168008588,8.447396672034353,2.717391304347826,20.8064949006978,4.28743961352657,0.5770263016639828,2.6301663982823404
183,21.967257112184647,11.33923778851315,27.2812667740204,8.447396672034353,2.717391304347826,20.75281803542673,4.28743961352657,0.5770263016639828,2.6301663982823404
184,22.262479871175522,11.325818572195384,27.20746108427268,8.353462157809984,2.8515834675254963,20.46430488459474,4.40150295222759,0.5032206119162641,2.6301663982823404
185,22.383252818035427,11.238593666129898,27.20746108427268,8.293075684380032,2.8515834675254963,20.417337627482556,4.40150295222759,0.5770263016639828,2.6301663982823404
186,21.812936124530328,11.023886205045626,27.730810520665592,8.735909822866345,2.7844873859366612,20.40391841116479,4.300858829844337,0.5770263016639828,2.6301663982823404
187,22.114868491680085,11.023886205045626,27.529522275899087,8.735909822866345,2.7844873859366612,20.209339774557165,4.394793344068707,0.5770263016639828,2.6301663982823404
188,22.094739667203434,11.003757380568974,27.314814814814813,8.917069243156199,3.1468062265163717,19.95437466451959,4.361245303274289,0.5770263016639828,2.6301663982823404
189,22.436929683306495,10.809178743961352,27.106816961889425,8.856682769726248,3.1468062265163717,19.85373054213634,4.3478260869565215,0.5703166935050993,2.871712292002147
190,22.665056360708533,10.789049919484702,26.952495974235106,7.937466451959206,3.113258185721954,20.8870101986044,4.300858829844337,0.49651100375738055,2.85829307568438
191,22.624798711755233,10.721953837895867,27.180622651637144,7.856951154052603,3.113258185721954,20.860171765968868,4.28743961352657,0.49651100375738055,2.85829307568438
192,22.973698336017176,10.695115405260333,27.026301663982824,7.836822329575953,3.113258185721954,20.71256038647343,4.28743961352657,0.49651100375738055,2.85829307568438
193,22.52415458937198,9.997316156736447,26.56333870101986,6.179549114331723,2.8515834675254963,24.241814278046164,3.784219001610306,0.49651100375738055,3.361513687600644
194,22.785829307568438,9.997316156736447,26.29495437466452,6.146001073537305,2.8515834675254963,24.288781535158346,3.784219001610306,0.49651100375738055,3.3548040794417604
195,22.819377348362856,9.997316156736447,26.261406333870102,6.146001073537305,2.8515834675254963,24.288781535158346,3.784219001610306,0.49651100375738055,3.3548040794417604
196,23.101180891035963,9.936929683306495,26.019860440150296,6.038647342995169,3.0595813204508855,24.4296833064949,3.6902844873859366,0.49651100375738055,3.227321524422974
197,23.26892109500805,9.849704777241008,25.717928073000536,6.038647342995169,3.0595813204508855,24.376006441223833,4.005636070853462,0.46967257112184646,3.2139023081052067
198,23.34272678475577,9.816156736446592,25.328770799785293,6.910896403650026,3.240740740740741,24.14787976382179,4.005636070853462,0.46967257112184646,2.737520128824477
199,23.315888352120236,9.816156736446592,25.026838432635532,7.226247987117552,3.589640365002684,23.8191089640365,4.005636070853462,0.46296296296296297,2.737520128824477
200,23.423242082662373,9.802737520128824,25.0,7.226247987117552,3.556092324208266,23.785560923242084,4.005636070853462,0.46296296296296297,2.737520128824477
201,23.597691894793343,9.789318303811058,24.61755233494364,7.226247987117552,3.5426731078904994,23.772141706924316,4.280730005367687,0.46296296296296297,2.7106816961889426
202,23.772141706924316,9.75577026301664,24.54374664519592,7.1725711218464845,3.656736446591519,23.65136876006441,4.274020397208803,0.46296296296296297,2.7106816961889426
203,24.20155662909286,9.71551261406334,24.52361782071927,6.877348362855609,3.656736446591519,23.60440150295223,4.247181964573269,0.46296296296296297,2.7106816961889426
204,24.342458400429415,9.628287707997853,24.537037037037038,6.877348362855609,3.656736446591519,23.537305421363392,4.247181964573269,0.46296296296296297,2.7106816961889426
205,24.56387546967257,9.621578099838969,24.382716049382715,6.984702093397746,3.6366076221148687,23.45679012345679,4.240472356414386,0.46296296296296297,2.6502952227589907
206,24.818840579710145,9.588030059044552,24.288781535158346,6.984702093397746,3.569511540526033,23.43666129898014,4.240472356414386,0.46296296296296297,2.61003757380569
207,24.818840579710145,9.561191626409018,24.288781535158346,7.179280730005368,3.5225442834138487,23.17498658078368,4.0995705850778315,0.46296296296296297,2.8918411164787976
208,24.89935587761675,9.561191626409018,24.248523886205046,7.179280730005368,3.5225442834138487,23.13472893183038,4.0995705850778315,0.46296296296296297,2.8918411164787976
209,25.194578636607623,9.480676328502415,24.235104669887278,7.159151905528717,3.4151905528717124,23.09447128287708,4.092860976918948,0.46296296296296297,2.8650026838432634
210,25.543478260869566,9.480676328502415,23.980139559849704,7.125603864734299,3.4151905528717124,22.79253891572732,4.38137412775094,0.46296296296296297,2.818035426731079
211,25.697799248523886,9.480676328502415,23.91304347826087,7.481213097155126,3.2541599570585076,22.665056360708533,4.327697262479871,0.36231884057971014,2.818035426731079
212,25.91921631776704,9.440418679549115,23.866076221148685,7.474503488996243,3.2541599570585076,22.537573805689746,4.327697262479871,0.36231884057971014,2.818035426731079
213,25.83870101986044,9.426999463231347,23.68491680085883,7.461084272678476,3.2541599570585076,22.52415458937198,4.62962962962963,0.36231884057971014,2.818035426731079
214,26.120504562533547,9.41358024691358,23.66478797638218,7.353730542136339,3.2541599570585076,22.443639291465377,4.609500805152979,0.322061191626409,2.818035426731079
215,26.362050456253353,9.406870638754697,23.503757380568974,7.306763285024155,3.2474503488996245,22.38996242619431,4.502147074610843,0.322061191626409,2.9589371980676327
216,26.50966183574879,9.386741814278047,23.409822866344605,7.75630703166935,3.2474503488996245,21.920289855072465,4.502147074610843,0.322061191626409,2.945517981749866
217,26.69753086419753,9.339774557165862,23.255501878690286,7.7361782071927,3.515834675254965,21.68545356951154,4.502147074610843,0.322061191626409,2.945517981749866
218,26.8719806763285,9.339774557165862,23.1682769726248,7.722758990874933,3.6634460547504024,21.557971014492754,4.4753086419753085,0.3153515834675255,2.885131508319914
219,27.059849704777243,9.306226516371444,22.77241009125067,7.997852925389157,3.6634460547504024,21.370101986044016,4.62962962962963,0.3153515834675255,2.885131508319914
220,27.086688137412775,9.306226516371444,22.77241009125067,7.997852925389157,3.6634460547504024,21.34326355340848,4.62962962962963,0.3153515834675255,2.885131508319914
221,27.167203435319376,9.292807300053678,22.644927536231883,7.997852925389157,3.6500268384326353,21.26274825550188,4.616210413311863,0.3153515834675255,3.052871712292002
222,27.160493827160494,9.292807300053678,22.36983360171766,7.997852925389157,3.6500268384326353,21.088298443370906,5.092592592592593,0.30193236714975846,3.046162104133119
223,27.18733225979603,9.225711218464841,22.29602791196994,7.950885668276973,3.784219001610306,20.913848631239937,5.139559849704777,0.30193236714975846,3.2004830917874396
224,27.200751476113794,9.131776704240472,22.27589908749329,8.205850778314547,3.6902844873859366,20.913848631239937,5.139559849704777,0.30193236714975846,3.140096618357488
225,27.395330112721417,9.064680622651638,22.15512614063339,8.205850778314547,3.683574879227053,20.913848631239937,5.139559849704777,0.30193236714975846,3.140096618357488
226,27.697262479871174,9.064680622651638,22.128287707997853,8.145464304884594,3.6500268384326353,20.739398819108963,5.139559849704777,0.30193236714975846,3.1333870101986045
227,27.66371443907676,8.917069243156199,22.114868491680085,8.145464304884594,3.6500268384326353,20.739398819108963,5.3341384863123995,0.30193236714975846,3.1333870101986045
228,27.730810520665592,8.903650026838433,21.987385936661298,8.132045088566828,3.6500268384326353,20.71256038647343,5.481749865807837,0.30193236714975846,3.099838969404187
229,27.89855072463768,8.84326355340848,21.70558239398819,8.011272141706923,3.6500268384326353,21.007783145464305,5.481749865807837,0.30193236714975846,3.099838969404187
230,27.985775630703166,8.796296296296296,21.68545356951154,8.031400966183575,3.6500268384326353,20.987654320987655,5.46833064949007,0.30193236714975846,3.0931293612453032
231,27.83816425120773,8.61513687600644,21.93370907139023,8.031400966183575,3.81105743424584,20.92055823939882,5.4549114331723025,0.30193236714975846,3.0931293612453032
232,27.583199141170155,8.883521202361782,21.93370907139023,8.031400966183575,3.81105743424584,20.913848631239937,5.448201825013419,0.30193236714975846,3.0931293612453032
233,27.536231884057973,8.870101986044014,21.73913043478261,8.246108427267847,4.1532474503489,20.833333333333332,5.273752012882448,0.30193236714975846,3.046162104133119
234,27.623456790123456,8.856682769726248,21.73913043478261,8.239398819108963,4.1532474503489,20.658883521202362,5.394524959742351,0.30193236714975846,3.0327428878153517
235,27.75764895330113,8.849973161567364,21.73913043478261,8.172302737520129,4.146537842190016,20.625335480407944,5.394524959742351,0.30193236714975846,3.012614063338701
236,28.019323671497585,8.809715512614064,21.618357487922705,8.13875469672571,4.146537842190016,20.611916264090176,5.35426731078905,0.30193236714975846,2.999194847020934
237,28.099838969404185,8.809715512614064,21.584809447128286,8.111916264090176,4.139828234031133,20.598497047772412,5.35426731078905,0.30193236714975846,2.999194847020934
238,28.173644659151904,8.809715512614064,21.564680622651636,8.400429414922169,4.133118625872249,20.42404723564144,5.193236714975845,0.30193236714975846,2.999194847020934
239,28.442028985507246,8.789586688137414,21.537842190016104,8.608427267847558,3.978797638217928,20.276435856146,5.0791733762748255,0.30193236714975846,2.985775630703167
240,28.743961352657006,8.78287707997853,21.531132581857218,8.53462157809984,3.911701556629093,20.162372517444982,5.072463768115942,0.30193236714975846,2.9589371980676327
241,28.931830381105744,8.715780998389693,21.296296296296298,8.53462157809984,3.911701556629093,20.101986044015028,5.072463768115942,0.30193236714975846,3.1333870101986045
242,29.045893719806763,8.715780998389693,21.276167471819647,8.501073537305421,3.911701556629093,20.088566827697264,5.025496511003757,0.30193236714975846,3.1333870101986045
243,29.012345679012345,8.715780998389693,21.36339237788513,8.460815888352121,3.911701556629093,20.075147611379496,5.025496511003757,0.30193236714975846,3.1333870101986045
