,45,50,52,55,51,53,54,56,60,58,57,59,46,61,62,63,49
0,99.51690821256038,0.4830917874396135,,,,,,,,,,,,,,,
1,97.00751476113795,2.9924852388620504,,,,,,,,,,,,,,,
2,96.47074610842726,3.5292538915727323,,,,,,,,,,,,,,,
3,92.7938808373591,7.206119162640902,,,,,,,,,,,,,,,
4,45.330112721417066,54.55582393988191,0.06709608158883522,0.04696725711218465,,,,,,,,,,,,,
5,44.880568974771876,54.830917874396135,0.06709608158883522,0.2214170692431562,,,,,,,,,,,,,
6,42.76704240472356,56.91760601180891,0.06709608158883522,0.24825550187869028,,,,,,,,,,,,,
7,36.513687600644126,51.97933440687064,,3.8177670424047236,7.689210950080516,,,,,,,,,,,,
8,34.66183574879227,53.38164251207729,0.20799785292538917,4.005636070853462,7.635534084809447,0.026838432635534086,0.03354804079441761,0.03354804079441761,0.013419216317767043,,,,,,,,
9,32.72275899087493,54.7638217928073,0.08722490606548577,4.414922168545357,7.635534084809447,0.2952227589908749,0.03354804079441761,0.03354804079441761,0.013419216317767043,,,,,,,,
10,32.53488996242619,49.724906065485776,0.08722490606548577,7.877079978529254,7.601986044015029,0.2952227589908749,1.737788513150832,0.1274825550187869,0.013419216317767043,,,,,,,,
11,31.676060118089104,47.49060654857756,0.08722490606548577,8.876811594202898,7.601986044015029,2.3215244229736984,1.737788513150832,0.1274825550187869,0.06709608158883522,0.013419216317767043,,,,,,,
12,30.314009661835748,45.22275899087493,0.1274825550187869,9.25925925925926,9.198872785829307,2.1806226516371443,3.3682232957595275,0.12077294685990338,0.06709608158883522,0.013419216317767043,0.1274825550187869,,,,,,
13,27.643585614600106,45.94068706387547,0.15432098765432098,9.339774557165862,9.198872785829307,2.1806226516371443,5.213365539452496,0.12077294685990338,0.06709608158883522,0.013419216317767043,0.1274825550187869,,,,,,
14,27.3215244229737,44.77321524422974,0.15432098765432098,10.534084809447128,9.017713365539452,2.1806226516371443,5.595813204508857,0.12077294685990338,0.0939345142243693,0.013419216317767043,0.1274825550187869,0.06709608158883522,,,,,
15,26.992753623188406,44.578636607622116,0.3757380568974772,10.581052066559312,9.185453569511541,2.1940418679549114,5.595813204508857,0.14761137949543746,0.14090177133655393,0.013419216317767043,0.1274825550187869,0.06709608158883522,,,,,
16,27.073268921095007,44.43102522812668,0.3757380568974772,10.607890499194847,9.185453569511541,2.1940418679549114,5.595813204508857,0.1878690284487386,0.14090177133655393,0.013419216317767043,0.1274825550187869,0.06709608158883522,,,,,
17,15.526033279656469,64.32501341921632,0.36902844873859364,10.849436392914654,0.9594739667203436,2.187332259796028,5.307300053676865,0.1274825550187869,0.14090177133655393,0.013419216317767043,0.1274825550187869,0.06709608158883522,,,,,
18,15.398550724637682,63.768115942028984,0.36902844873859364,11.41304347826087,0.9594739667203436,2.1739130434782608,5.307300053676865,0.1274825550187869,0.2281266774020397,0.06038647342995169,0.1274825550187869,0.06709608158883522,,,,,
19,15.136876006441224,61.580783682232955,0.6642512077294686,11.533816425120772,0.9594739667203436,4.159957058507783,5.018786902844874,0.1274825550187869,0.38915727321524424,0.20128824476650564,0.1610305958132045,0.06709608158883522,,,,,
20,13.969404186795492,62.506709608158886,0.6508319914117016,11.641170155662909,1.1205045625335481,4.146537842190016,4.918142780461621,0.1274825550187869,0.39586688137412773,0.20128824476650564,0.1610305958132045,0.1610305958132045,,,,,
21,13.841921631776705,60.00402576489533,0.6508319914117016,13.996242619431026,1.133923778851315,4.253891572732153,4.918142780461621,0.1274825550187869,0.39586688137412773,0.16774020397208803,0.2281266774020397,0.28180354267310787,,,,,
22,13.862050456253355,59.35990338164251,0.6508319914117016,14.620236178207193,1.133923778851315,4.180085882984434,4.918142780461621,0.1274825550187869,0.39586688137412773,0.24154589371980675,0.2281266774020397,0.28180354267310787,,,,,
23,13.654052603327965,58.883521202361784,0.6508319914117016,14.606816961889425,1.133923778851315,5.253623188405797,4.502147074610843,0.1274825550187869,0.4092860976918948,0.24154589371980675,0.2281266774020397,0.30864197530864196,,,,,
24,13.667471819645733,55.27375201288245,0.5703166935050993,14.714170692431562,1.133923778851315,5.253623188405797,7.930756843800322,0.1274825550187869,0.4428341384863124,0.3488996242619431,0.20799785292538917,0.32877079978529256,,,,,
25,13.546698872785829,54.569243156199676,0.6374127750939346,14.922168545356952,1.2681159420289856,5.253623188405797,7.937466451959206,0.08722490606548577,0.5032206119162641,0.7380568974771873,0.20799785292538917,0.32877079978529256,,,,,
26,13.553408480944713,52.38191089640365,0.6374127750939346,14.002952227589908,1.221148684916801,8.487654320987655,7.87037037037037,0.15432098765432098,0.47638217928073,0.7246376811594203,0.20799785292538917,0.28180354267310787,,,,,
27,13.45276435856146,52.15378421900161,0.6374127750939346,14.036500268384327,1.2010198604401503,8.474235104669887,7.957595276435856,0.23483628556092323,0.47638217928073,0.7246376811594203,0.2549651100375738,0.39586688137412773,,,,,
28,13.305152979066023,51.39559849704777,0.6374127750939346,14.868491680085883,1.2815351583467525,8.487654320987655,7.944176060118089,0.20799785292538917,0.46296296296296297,0.7246376811594203,0.2549651100375738,0.4294149221685454,,,,,
29,13.291733762748256,51.05340848094471,0.6374127750939346,15.103327965646805,1.2815351583467525,8.527911969940956,7.85024154589372,0.20799785292538917,0.46296296296296297,0.7380568974771873,0.38915727321524424,0.4562533548040794,,,,,
30,13.285024154589372,50.966183574879224,0.6374127750939346,15.022812667740205,1.2681159420289856,8.521202361782072,7.856951154052603,0.20799785292538917,0.6508319914117016,0.7380568974771873,0.38915727321524424,0.4562533548040794,,,,,
31,10.272410091250672,51.62372517444981,0.6038647342995169,14.284755770263017,1.2010198604401503,11.419753086419753,8.125335480407944,0.20799785292538917,0.6508319914117016,0.8051529790660226,0.3488996242619431,0.4562533548040794,,,,,
32,10.292538915727322,50.84541062801932,0.6038647342995169,15.022812667740205,1.2010198604401503,11.29898013955985,8.145464304884594,0.20799785292538917,0.6508319914117016,0.9259259259259259,0.3488996242619431,0.4562533548040794,,,,,
33,10.312667740203972,50.58373590982286,0.6038647342995169,15.26435856146001,1.2010198604401503,11.238593666129898,8.145464304884594,0.20799785292538917,0.6508319914117016,0.9728931830381106,0.33548040794417605,0.4562533548040794,0.026838432635534086,,,,
34,10.359634997316157,49.69135802469136,0.6038647342995169,15.666935050993022,1.2010198604401503,11.137949543746645,8.125335480407944,0.6239935587761675,0.6642512077294686,1.107085346215781,0.33548040794417605,0.4562533548040794,0.026838432635534086,,,,
35,10.332796564680622,47.376543209876544,0.6038647342995169,15.848094471282877,1.3620504562533549,13.09044551798175,8.158883521202362,0.6239935587761675,0.6642512077294686,1.1205045625335481,0.33548040794417605,0.4562533548040794,0.026838432635534086,,,,
36,10.225442834138486,46.88674181427805,0.5703166935050993,15.774288781535159,1.3553408480944713,13.841921631776705,8.158883521202362,0.6642512077294686,0.6642512077294686,1.0802469135802468,0.33548040794417605,0.41599570585077833,0.026838432635534086,,,,
37,10.21202361782072,46.41035963499731,0.5703166935050993,14.264626945786366,1.2412775093934514,15.619967793880837,8.380300590445518,0.6977992485238862,0.6239935587761675,1.107085346215781,0.4294149221685454,0.41599570585077833,0.026838432635534086,,,,
38,10.050993022007514,46.55126140633387,0.5703166935050993,14.2914653784219,1.2412775093934514,15.425389157273216,8.380300590445518,0.6977992485238862,0.6642512077294686,1.2546967257112185,0.4294149221685454,0.41599570585077833,0.026838432635534086,,,,
39,9.426999463231347,44.75308641975309,0.5703166935050993,14.31159420289855,3.69699409554482,15.28448738593666,8.353462157809984,0.6977992485238862,0.6709608158883521,1.3620504562533549,0.4294149221685454,0.41599570585077833,0.026838432635534086,,,,
40,9.400161030595813,44.33038110574343,0.644122383252818,14.51959205582394,3.69699409554482,15.157004830917874,8.507783145464305,0.7179280730005367,0.6709608158883521,1.482823403113258,0.4562533548040794,0.41599570585077833,,,,,
41,9.453837895866881,43.96135265700483,0.644122383252818,14.834943639291465,3.5829307568438002,14.928878153515834,8.447396672034353,0.8722490606548577,0.7179280730005367,1.6706924315619969,0.46967257112184646,0.41599570585077833,,,,,
42,9.400161030595813,43.86070853462158,2.6301663982823404,14.38539989264627,3.5829307568438002,14.694041867954912,7.467793880837359,0.8722490606548577,0.644122383252818,1.5499194847020934,0.46967257112184646,0.4428341384863124,,,,,
43,9.346484165324744,42.008856682769725,2.61003757380569,13.788244766505636,3.670155662909286,14.707461084272678,9.762479871175524,0.8722490606548577,0.6776704240472357,1.596886741814278,0.5166398282340311,0.4428341384863124,,,,,
44,9.353193773483628,41.86795491143317,2.657004830917874,13.781535158346752,3.6634460547504024,14.74771873322598,9.822866344605474,0.8722490606548577,0.6776704240472357,1.596886741814278,0.5166398282340311,0.4428341384863124,,,,,
45,9.326355340848094,41.035963499731615,2.657004830917874,14.2914653784219,3.6634460547504024,15.445517981749866,9.145195920558239,0.8185721953837896,0.6508319914117016,1.8853998926462694,0.6642512077294686,0.41599570585077833,,,,,
46,9.306226516371444,40.57971014492754,3.294417606011809,14.371980676328503,3.643317230273752,15.324745034889963,8.896940418679549,0.8655394524959742,0.6172839506172839,1.9524959742351047,0.6843800322061192,0.46296296296296297,,,,,
47,9.366612989801396,39.74771873322598,3.280998389694042,14.720880300590446,3.643317230273752,15.24422973698336,9.225711218464841,0.8252818035426731,0.5971551261406334,2.086688137412775,0.6843800322061192,0.5770263016639828,,,,,
48,9.245840042941492,38.28502415458937,3.280998389694042,16.035963499731615,3.629898013955985,15.11003757380569,9.212292002147075,0.95276435856146,0.5971551261406334,2.3081052066559313,0.7917337627482555,0.5501878690284487,,,,,
49,9.219001610305957,38.04347826086956,3.126677402039721,16.27750939345142,3.4822866344605474,15.022812667740205,9.232420826623725,1.2345679012345678,0.6374127750939346,2.38191089640365,0.7917337627482555,0.5501878690284487,,,,,
50,8.501073537305421,36.07085346215781,5.280461621041331,15.45222758990875,3.9452495974235107,13.506441223832528,11.60762211486849,1.4224369296833066,0.6239935587761675,2.227589908749329,0.9259259259259259,0.43612453032742887,,,,,
51,8.494363929146537,35.78234031132582,5.280461621041331,15.76086956521739,3.7104133118625873,13.211218464841654,11.855877616747183,1.42914653784219,0.5837359098228664,2.5563607085346214,0.8990874932903918,0.43612453032742887,,,,,
52,8.480944712828771,35.44015029522276,5.260332796564681,15.801127214170693,3.824476650563607,13.311862587224907,12.016908212560386,1.42914653784219,0.5837359098228664,2.5161030595813205,0.8990874932903918,0.43612453032742887,,,,,
53,8.467525496511003,35.138217928073,5.790391841116479,15.767579173376275,3.502415458937198,13.177670424047236,12.379227053140097,1.42914653784219,0.5971551261406334,2.49597423510467,0.8454106280193237,0.4092860976918948,,,,,
54,7.669082125603865,35.950080515297905,5.709876543209877,15.68035426731079,3.2877079978529253,13.170960815888352,12.412775093934513,1.5365002683843263,0.5971551261406334,2.6972624798711755,0.9125067096081588,0.3757380568974772,,,,,
55,7.682501341921632,35.39318303811057,5.683038110574342,15.230810520665592,3.2877079978529253,13.070316693505099,13.761406333870102,1.2681159420289856,0.5904455179817498,2.6637144390767578,0.9460547504025765,0.4227053140096618,,,,,
56,7.702630166398282,35.06441223832528,5.683038110574342,15.237520128824476,3.2877079978529253,12.895866881374127,14.090177133655395,1.3352120236178207,0.5904455179817498,2.6704240472356413,0.9460547504025765,0.49651100375738055,,,,,
57,7.675791733762749,33.84997316156736,5.622651637144391,14.2914653784219,5.475040257648954,12.855609232420827,13.788244766505636,1.3150831991411702,0.6038647342995169,2.932098765432099,0.9125067096081588,0.6776704240472357,,,,,
58,7.548309178743962,32.809983896940416,8.105206655931294,13.667471819645733,3.8580246913580245,12.93612453032743,14.083467525496511,1.7042404723564144,0.798443370907139,2.8247450348899625,0.9863123993558777,0.6776704240472357,,,,,
59,7.521470746108427,32.46108427267848,7.971014492753623,13.66076221148685,3.9184111647879765,12.942834138486312,14.103596349973161,1.7914653784219001,0.798443370907139,2.871712292002147,1.1205045625335481,0.8387010198604401,,,,,
60,3.2474503488996245,53.80434782608695,8.950617283950617,8.742619431025227,3.099838969404187,10.23215244229737,5.689747718733226,1.737788513150832,0.7447665056360708,2.1940418679549114,0.8990874932903918,0.6575415995705851,,,,,
61,3.2541599570585076,53.213902308105204,8.950617283950617,9.460547504025765,3.099838969404187,10.178475577026301,5.656199677938808,1.737788513150832,0.7447665056360708,2.1269457863660763,0.8923778851315083,0.6843800322061192,,,,,
62,3.1535158346752548,52.67042404723564,9.111647879763822,9.876543209876543,3.026033279656468,10.138217928073,5.656199677938808,1.892109500805153,0.7447665056360708,2.1269457863660763,0.9192163177670424,0.6843800322061192,,,,,
63,3.2340311325818574,51.81830381105743,9.084809447128288,10.339506172839506,3.026033279656468,10.628019323671497,5.186527106816962,1.9726247987117553,0.7581857219538379,2.1403650026838434,1.1272141706924315,0.6843800322061192,,,,,
64,3.280998389694042,49.79200214707461,9.064680622651638,12.332259796027913,3.026033279656468,10.560923242082662,5.199946323134729,2.006172839506173,0.7581857219538379,2.254428341384863,1.0265700483091786,0.6977992485238862,,,,,
65,3.3279656468062266,49.00697799248524,9.057971014492754,13.070316693505099,3.026033279656468,10.413311862587225,5.199946323134729,1.9860440150295222,0.7581857219538379,2.281266774020397,1.1741814278046163,0.6977992485238862,,,,,
66,3.3682232957595275,48.41653247450349,9.024422973698336,13.654052603327965,2.918679549114332,10.36634460547504,5.307300053676865,1.9189479334406871,0.7581857219538379,2.3215244229736984,1.247987117552335,0.6977992485238862,,,,,
67,3.455448201825013,48.19511540526033,9.158615136876007,13.633923778851315,2.918679549114332,10.198604401502953,5.24020397208803,1.9994632313472893,0.7447665056360708,2.509393451422437,1.247987117552335,0.6977992485238862,,,,,
68,3.4151905528717124,47.638217928073,9.158615136876007,14.224369296833064,2.918679549114332,10.198604401502953,5.246913580246914,1.9994632313472893,0.7447665056360708,2.509393451422437,1.247987117552335,0.6977992485238862,,,,,
69,3.4017713365539453,43.954643048845945,9.098228663446054,14.459205582393988,2.918679549114332,10.547504025764896,8.259527643585615,1.9994632313472893,0.7447665056360708,2.509393451422437,1.247987117552335,0.8185721953837896,,0.040257648953301126,,,
70,3.388352120236178,43.552066559312934,8.896940418679549,14.707461084272678,2.9119699409554483,10.399892646269459,8.3064949006978,2.408749329039184,0.7648953301127214,2.4154589371980677,1.3888888888888888,0.8185721953837896,,0.040257648953301126,,,
71,3.2877079978529253,43.43800322061192,7.971014492753623,14.741009125067096,4.341116478797638,9.98389694041868,8.239398819108963,2.536231884057971,0.7648953301127214,2.3215244229736984,1.4895330112721417,0.8454106280193237,,0.040257648953301126,,,
72,3.3011272141706924,43.10923242082662,7.716049382716049,14.834943639291465,4.341116478797638,11.09098228663446,8.232689210950081,2.1806226516371443,0.7648953301127214,2.1403650026838434,1.402308105206656,0.8454106280193237,,0.040257648953301126,,,
73,3.374932903918411,42.77375201288245,7.763016639828234,15.063070316693505,4.320987654320987,11.044015029522276,8.232689210950081,2.147074610842727,0.7045088566827697,2.214170692431562,1.4761137949543746,0.8454106280193237,,0.040257648953301126,,,
74,3.475577026301664,42.64626945786366,7.709339774557166,15.203972088030058,4.206924315619967,11.037305421363392,8.13875469672571,2.1940418679549114,0.7045088566827697,2.214170692431562,1.4694041867954912,0.9594739667203436,,0.040257648953301126,,,
75,3.4957058507783145,41.096349973161566,7.541599570585078,16.820987654320987,4.206924315619967,11.057434245840042,7.971014492753623,2.2208803005904456,0.7045088566827697,2.227589908749329,1.6035963499731616,1.0131508319914118,,0.040257648953301126,,,
76,3.5091250670960816,40.80783682232958,7.541599570585078,17.12962962962963,4.200214707461084,11.030595813204508,7.96430488459474,2.200751476113795,0.7045088566827697,2.254428341384863,1.6035963499731616,1.0131508319914118,,0.040257648953301126,,,
77,3.4688674181427803,40.123456790123456,7.541599570585078,16.847826086956523,4.05931293612453,11.017176596886742,8.870101986044014,2.4020397208803006,0.7045088566827697,2.2745571658615136,1.6505636070853462,1.0131508319914118,,0.026838432635534086,,,
78,3.5225442834138487,39.861782071927,7.541599570585078,16.968599033816425,4.025764895330113,10.963499731615673,9.111647879763822,2.38191089640365,0.7045088566827697,2.13365539452496,1.7444981213097155,1.0131508319914118,,0.026838432635534086,,,
79,3.629898013955985,39.512882447665056,7.5281803542673105,17.082662372517444,3.9855072463768115,10.943370907139023,9.185453569511541,2.462426194310252,0.6910896403650026,2.13365539452496,1.8048845947396672,1.0131508319914118,,0.026838432635534086,,,
80,3.750670960815888,37.35238862050456,7.380568974771873,18.813741277509394,3.9855072463768115,11.11111111111111,9.339774557165862,2.5161030595813205,0.6910896403650026,2.24771873322598,1.8048845947396672,0.9796027911969941,,0.026838432635534086,,,
81,3.7640901771336552,35.48040794417606,7.380568974771873,19.860440150295222,3.9855072463768115,11.044015029522276,9.936929683306495,2.589908749329039,0.6843800322061192,2.3483628556092326,1.9189479334406871,0.9796027911969941,,0.026838432635534086,,,
82,3.683574879227053,31.97799248523886,7.333601717659689,20.182501341921633,3.9855072463768115,11.017176596886742,13.231347289318304,2.6033279656468062,0.6709608158883521,2.341653247450349,1.9659151905528718,0.9796027911969941,,0.026838432635534086,,,
83,3.6902844873859366,31.863929146537842,7.051798174986581,20.014761137949545,3.9855072463768115,11.3593666129898,13.117283950617283,2.8381642512077296,0.6038647342995169,2.341653247450349,1.892109500805153,1.1876006441223832,,0.05367686527106817,,,
84,3.683574879227053,31.776704240472355,7.018250134192163,20.041599570585078,3.9855072463768115,11.453301127214171,13.030059044551798,2.8381642512077296,0.6038647342995169,2.3617820719269993,1.892109500805153,1.261406333870102,,0.05367686527106817,,,
85,2.9052603327965647,29.03918411164788,5.10601180891036,19.155931293612454,13.439345142243694,9.453837895866881,12.734836285560924,2.831454643048846,0.5904455179817498,2.046430488459474,1.3888888888888888,1.2546967257112185,,0.05367686527106817,,,
86,2.9052603327965647,28.945249597423512,5.032206119162641,19.189479334406872,13.425925925925926,9.366612989801396,12.580515297906603,3.012614063338701,0.6508319914117016,2.227589908749329,1.3687600644122384,1.2412775093934514,,0.05367686527106817,,,
87,2.9790660225442833,28.690284487385938,4.958400429414922,19.269994632313473,13.372249060654857,9.359903381642512,12.607353730542137,3.361513687600644,0.5770263016639828,2.1604938271604937,1.402308105206656,1.2077294685990339,,0.05367686527106817,,,
88,2.9119699409554483,26.650563607085346,6.655931293612453,18.666129898013956,12.647611379495437,8.756038647342995,14.834943639291465,3.5426731078904994,0.5367686527106817,1.9994632313472893,1.4090177133655395,1.2681159420289856,,0.12077294685990338,,,
89,2.8918411164787976,25.946054750402578,6.494900697799249,19.310252281266774,12.70799785292539,8.601717659688674,14.861782071927,3.656736446591519,0.5837359098228664,1.9726247987117553,1.5029522275899088,1.3486312399355878,,0.12077294685990338,,,
90,2.9119699409554483,25.87224906065486,6.387546967257112,19.189479334406872,12.681159420289855,8.621846484165324,14.982555018786902,3.683574879227053,0.5971551261406334,1.9860440150295222,1.5163714439076759,1.4492753623188406,,0.12077294685990338,,,
91,2.9790660225442833,25.05367686527107,6.387546967257112,19.685990338164252,12.332259796027913,8.61513687600644,15.318035426731079,3.9519592055823938,0.6172839506172839,2.01959205582394,1.4358561460010735,1.482823403113258,,0.12077294685990338,,,
92,3.0193236714975846,24.832259796027913,6.387546967257112,19.75979602791197,12.278582930756844,8.588298443370908,15.210681696188942,3.992216854535695,0.7380568974771873,2.046430488459474,1.4358561460010735,1.5901771336553945,,0.12077294685990338,,,
93,3.1333870101986045,24.664519592055825,6.374127750939345,19.732957595276435,12.238325281803542,8.487654320987655,15.237520128824476,4.066022544283414,0.7380568974771873,2.006172839506173,1.5432098765432098,1.6237251744498122,,0.15432098765432098,,,
94,3.1736446591519054,24.436392914653783,6.280193236714976,19.806763285024154,12.117552334943639,8.480944712828771,15.170424047235642,4.186795491143317,0.7380568974771873,2.15378421900161,1.6237251744498122,1.6774020397208802,,0.15432098765432098,,,
95,3.2139023081052067,24.268652710681696,6.166129898013956,19.940955448201827,12.016908212560386,8.460815888352121,15.371712292002147,4.240472356414386,0.7380568974771873,2.1068169618894257,1.6371443907675791,1.6572732152442298,0.026838432635534086,0.15432098765432098,,,
96,3.1870638754696725,23.866076221148685,6.166129898013956,19.961084272678477,11.98336017176597,8.514492753623188,15.539452495974235,4.300858829844337,0.7380568974771873,2.147074610842727,1.6371443907675791,1.778046162104133,0.026838432635534086,0.15432098765432098,,,
97,2.771068169618894,23.58427267847558,6.045356951154052,19.6256038647343,12.385936661298981,9.098228663446054,15.28448738593666,4.448470209339774,0.8319914117015567,2.059849704777241,1.9390767579173376,1.7444981213097155,0.026838432635534086,0.15432098765432098,,,
98,2.8515834675254963,23.423242082662373,6.045356951154052,19.75979602791197,12.318840579710145,9.07139023081052,15.371712292002147,4.435050993022007,0.8319914117015567,2.059849704777241,1.9390767579173376,1.710950080515298,0.026838432635534086,0.15432098765432098,,,
99,2.8650026838432634,23.275630703166936,6.045356951154052,19.712828770799785,12.318840579710145,8.964036500268385,15.445517981749866,4.669887278582931,0.8252818035426731,2.0531400966183573,1.9390767579173376,1.7042404723564144,0.026838432635534086,0.15432098765432098,,,
100,2.8784219001610305,22.86634460547504,6.072195383789587,19.96779388083736,12.23161567364466,8.890230810520666,15.4723564143854,4.723564143853999,0.8051529790660226,2.0799785292538915,2.046430488459474,1.7847557702630166,0.026838432635534086,0.15432098765432098,,,
101,2.657004830917874,22.67176596886742,5.991680085882985,20.034889962426195,12.788513150831992,8.816425120772946,15.465646806226516,4.663177670424047,0.8319914117015567,2.0799785292538915,2.0531400966183573,1.7646269457863661,0.026838432635534086,0.15432098765432098,,,
102,2.677133655394525,22.63150831991412,6.816961889425658,19.632313472893184,12.661030595813205,9.091519055287172,15.069779924852389,4.643048845947397,0.7179280730005367,2.0665593129361244,2.046430488459474,1.7646269457863661,0.026838432635534086,0.15432098765432098,,,
103,2.6972624798711755,22.5577026301664,6.6827697262479875,19.80005367686527,12.533548040794418,8.99087493290392,15.063070316693505,4.911433172302737,0.7179280730005367,2.0665593129361244,2.01959205582394,1.778046162104133,0.026838432635534086,0.15432098765432098,,,
104,2.7509393451422435,22.463768115942027,6.327160493827161,19.370638754696724,14.445786366076222,8.641975308641975,14.61352657004831,4.804079441760601,0.6709608158883521,2.0397208803005906,2.01959205582394,1.6706924315619969,0.026838432635534086,0.15432098765432098,,,
105,2.4691358024691357,21.67874396135266,8.655394524959743,19.0150295222759,13.526570048309178,8.53462157809984,14.445786366076222,5.052334943639291,0.7112184648416533,2.006172839506173,2.073268921095008,1.6774020397208802,0.026838432635534086,0.1274825550187869,,,
106,2.462426194310252,21.141975308641975,9.024422973698336,19.223027375201287,13.050187869028449,8.380300590445518,14.720880300590446,5.152979066022544,0.7783145464304885,2.1068169618894257,2.086688137412775,1.7176596886741815,0.026838432635534086,0.1274825550187869,,,
107,2.442297369833602,20.947396672034355,10.721953837895867,19.142512077294686,12.647611379495437,7.548309178743962,14.331723027375201,5.360976918947934,0.7783145464304885,2.24771873322598,1.9256575415995705,1.751207729468599,0.026838432635534086,0.1274825550187869,,,
108,2.3215244229736984,19.484702093397747,10.674986580783683,18.21658615136876,16.71363392377885,6.132581857219538,15.68035426731079,4.079441760601181,0.7716049382716049,2.086688137412775,1.932367149758454,1.751207729468599,0.026838432635534086,0.1274825550187869,,,
109,2.26784755770263,19.216317767042405,10.943370907139023,18.10252281266774,16.700214707461082,6.146001073537305,15.70048309178744,4.086151368760064,0.7716049382716049,2.120236178207193,2.0665593129361244,1.724369296833065,0.026838432635534086,0.1274825550187869,,,
110,2.227589908749329,19.162640901771336,10.57434245840043,18.115942028985508,16.09634997316157,7.206119162640902,15.653515834675256,4.066022544283414,0.7716049382716049,2.1135265700483092,2.120236178207193,1.724369296833065,0.026838432635534086,0.1274825550187869,0.013419216317767043,,
111,2.1940418679549114,19.008319914117017,10.554213633923778,18.035426731078903,16.0829307568438,7.179280730005368,15.754159957058508,4.1129898013955986,0.7313472893183038,2.1068169618894257,2.3550724637681157,1.7176596886741815,0.026838432635534086,0.1274825550187869,0.013419216317767043,,
112,2.2611379495437465,18.86070853462158,10.010735373054214,18.297101449275363,12.661030595813205,10.809178743961352,15.579710144927537,4.260601180891036,0.7581857219538379,2.167203435319377,2.3349436392914655,1.8317230273752012,0.026838432635534086,0.1274825550187869,0.013419216317767043,,
113,2.2879763821792807,18.833870101986044,9.849704777241008,18.49838969404187,12.600644122383253,10.63472893183038,15.371712292002147,4.233762748255502,0.7447665056360708,2.3617820719269993,2.5295222758990876,1.8853998926462694,0.026838432635534086,0.1274825550187869,0.013419216317767043,,
114,2.341653247450349,18.699677938808374,9.849704777241008,18.5654857756307,12.47987117552335,10.641438539989265,15.365002683843263,4.294149221685454,0.8185721953837896,2.3617820719269993,2.5295222758990876,1.8853998926462694,0.026838432635534086,0.1274825550187869,0.013419216317767043,,
115,2.1604938271604937,17.827428878153516,9.782608695652174,18.303811057434245,12.399355877616747,12.399355877616747,15.277777777777779,4.240472356414386,0.8185721953837896,2.227589908749329,2.5161030595813205,1.8786902844873858,0.026838432635534086,0.1274825550187869,0.013419216317767043,,
116,2.1940418679549114,17.780461621041333,10.010735373054214,18.243424584004295,12.379227053140097,12.432903918411165,15.11003757380569,4.253891572732153,0.8521202361782072,2.227589908749329,2.5161030595813205,1.8585614600107354,,0.1274825550187869,0.013419216317767043,,
117,2.328234031132582,17.60601180891036,9.896672034353195,18.33064949006978,12.345679012345679,12.399355877616747,15.03623188405797,4.327697262479871,0.8856682769726248,2.2611379495437465,2.5496511003757383,1.892109500805153,,0.1274825550187869,0.013419216317767043,,
118,2.3752012882447664,17.2638217928073,9.708803005904455,18.276972624798713,13.821792807300053,12.144390767579173,15.002683843263553,3.7640901771336552,0.8856682769726248,2.2611379495437465,2.462426194310252,1.892109500805153,,0.1274825550187869,0.013419216317767043,,
119,2.15378421900161,16.512345679012345,9.71551261406334,16.700214707461082,13.714439076757918,13.533279656468062,16.740472356414386,3.5628019323671496,0.8185721953837896,2.281266774020397,2.442297369833602,1.6841116478797638,,0.1274825550187869,0.013419216317767043,,
120,2.0531400966183573,15.311325818572195,9.648416532474503,14.526301663982823,13.694310252281268,20.497852925389157,14.009661835748792,3.515834675254965,0.8118625872249061,2.1806226516371443,2.073268921095008,1.5633387010198605,,0.11406333870101985,,,
121,2.073268921095008,15.157004830917874,9.648416532474503,14.465915190552872,13.694310252281268,20.632045088566827,13.741277509393452,3.629898013955985,0.8454106280193237,2.1806226516371443,2.2074610842726785,1.6103059581320451,,0.11406333870101985,,,
122,2.1403650026838434,15.157004830917874,9.648416532474503,14.40552871712292,13.687600644122384,20.605206655931294,13.768115942028986,3.6366076221148687,0.8387010198604401,2.1806226516371443,2.2074610842726785,1.6103059581320451,,0.11406333870101985,,,
123,2.167203435319377,15.11003757380569,9.574610842726784,14.459205582393988,13.647342995169081,20.497852925389157,13.747987117552334,3.6097691894793345,0.8387010198604401,2.314814814814815,2.3081052066559313,1.6103059581320451,,0.11406333870101985,,,
124,2.1806226516371443,15.049651100375739,9.400161030595813,14.351851851851851,13.580246913580247,20.739398819108963,13.6406333870102,3.9049919484702094,0.8387010198604401,2.341653247450349,2.26784755770263,1.5901771336553945,,0.11406333870101985,,,
125,2.2342995169082127,14.969135802469136,9.380032206119163,14.318303811057435,13.459473966720344,20.638754696725712,13.848631239935587,3.9318303811057436,0.8185721953837896,2.314814814814815,2.38191089640365,1.5901771336553945,,0.11406333870101985,,,
126,2.2410091250670963,14.828234031132581,9.292807300053678,14.371980676328503,13.399087493290391,20.531400966183575,13.862050456253355,4.03918411164788,0.8185721953837896,2.442297369833602,2.4825550187869028,1.5767579173376274,,0.11406333870101985,,,
127,2.254428341384863,14.78797638217928,9.16532474503489,14.42565754159957,13.358829844337091,20.41062801932367,13.828502415458937,4.193505099302201,0.8185721953837896,2.522812667740204,2.4490069779924855,1.6706924315619969,,0.11406333870101985,,,
128,2.254428341384863,14.586688137412775,8.199141170155663,14.15727321524423,15.666935050993022,19.80005367686527,14.351851851851851,3.743961352657005,0.8185721953837896,2.2879763821792807,2.301395598497048,1.7176596886741815,,0.11406333870101985,,,
129,2.2745571658615136,14.53972088030059,8.152173913043478,14.237788513150832,15.559581320450885,19.766505636070853,14.284755770263017,3.8177670424047236,0.8521202361782072,2.3215244229736984,2.3617820719269993,1.7176596886741815,,0.11406333870101985,,,
130,2.328234031132582,14.526301663982823,8.051529790660226,14.231078904991948,15.53274288781535,19.847020933977454,14.278046162104133,3.8311862587224907,0.8588298443370908,2.3215244229736984,2.3617820719269993,1.7176596886741815,,0.11406333870101985,,,
131,2.328234031132582,14.150563607085346,8.024691358024691,13.962694578636608,15.08990874932904,20.182501341921633,14.526301663982823,4.4820182501341925,0.8454106280193237,2.3215244229736984,2.4221685453569513,1.5499194847020934,,0.11406333870101985,,,
132,2.301395598497048,13.902308105206655,7.950885668276973,14.190821256038648,15.056360708534621,20.182501341921633,14.579978529253891,4.609500805152979,0.8319914117015567,2.3081052066559313,2.4221685453569513,1.5499194847020934,,0.11406333870101985,,,
133,2.341653247450349,13.902308105206655,7.950885668276973,14.056629092860977,15.009393451422437,20.155662909286097,14.49946323134729,4.676596886741814,0.8118625872249061,2.4020397208803006,2.475845410628019,1.6035963499731616,,0.11406333870101985,,,
134,2.3886205045625335,13.83521202361782,8.011272141706923,14.096886741814279,14.99597423510467,20.04830917874396,14.593397745571659,4.569243156199678,0.8118625872249061,2.4154589371980677,2.49597423510467,1.6237251744498122,,0.11406333870101985,,,
135,2.462426194310252,13.694310252281268,7.588566827697263,13.774825550187868,14.928878153515834,21.34326355340848,14.318303811057435,4.643048845947397,0.8319914117015567,2.314814814814815,2.3617820719269993,1.6237251744498122,,0.11406333870101985,,,
136,2.5966183574879227,13.674181427804616,7.514761137949543,13.788244766505636,14.855072463768115,21.14868491680086,14.392109500805153,4.85775630703167,0.8319914117015567,2.314814814814815,2.2879763821792807,1.6237251744498122,,0.11406333870101985,,,
137,2.61003757380569,13.627214170692431,7.407407407407407,13.754696725711218,14.781266774020397,20.967525496511005,14.486044015029522,5.045625335480408,0.8319914117015567,2.4892646269457863,2.2879763821792807,1.596886741814278,,0.11406333870101985,,,
138,2.6972624798711755,13.372249060654857,7.4006977992485234,13.902308105206655,14.55984970477724,20.79307568438003,14.479334406870638,5.3341384863123995,0.8319914117015567,2.4557165861513686,2.4490069779924855,1.6103059581320451,,0.11406333870101985,,,
139,2.623456790123457,13.298443370907139,8.09849704777241,13.211218464841654,13.895598497047773,21.712292002147073,14.36527106816962,5.689747718733226,0.8051529790660226,2.1940418679549114,2.38191089640365,1.6103059581320451,,0.11406333870101985,,,
140,2.6033279656468062,12.983091787439614,7.809983896940419,13.238056897477188,13.781535158346752,21.62506709608159,15.217391304347826,5.555555555555555,0.8051529790660226,2.3752012882447664,2.2879763821792807,1.6035963499731616,,0.11406333870101985,,,
141,2.6435856146001075,12.929414922168545,7.722758990874933,13.318572195383789,13.493022007514762,21.484165324745035,15.365002683843263,5.6964573268921095,0.8051529790660226,2.3886205045625335,2.395330112721417,1.6438539989264627,,0.11406333870101985,,,
142,2.61003757380569,12.801932367149758,7.635534084809447,13.781535158346752,13.372249060654857,21.24261943102523,15.405260332796564,5.83064949006978,0.798443370907139,2.328234031132582,2.4020397208803006,1.6774020397208802,,0.11406333870101985,,,
143,2.6435856146001075,12.70799785292539,9.588030059044552,13.687600644122384,13.150831991411701,19.806763285024154,15.002683843263553,6.119162640901771,0.7716049382716049,2.368491680085883,2.3752012882447664,1.6639828234031133,,0.11406333870101985,,,
144,2.6167471819645733,12.567096081588835,10.030864197530864,13.7211486849168,13.144122383252817,19.578636607622116,14.868491680085883,6.045356951154052,0.7447665056360708,2.5026838432635534,2.341653247450349,1.724369296833065,,0.11406333870101985,,,
145,2.6167471819645733,12.392646269457863,9.386741814278047,13.647342995169081,14.74771873322598,18.88083735909823,15.056360708534621,5.870907139023081,0.7447665056360708,2.4892646269457863,2.314814814814815,1.737788513150832,,0.11406333870101985,,,
146,2.636876006441224,12.392646269457863,9.373322597960279,13.747987117552334,14.680622651637144,18.78690284487386,15.083199141170155,5.897745571658615,0.7380568974771873,2.509393451422437,2.3215244229736984,1.7176596886741815,,0.11406333870101985,,,
147,2.677133655394525,12.144390767579173,9.373322597960279,13.768115942028986,14.553140096618357,18.853998926462694,14.99597423510467,6.031937734836285,0.7380568974771873,2.563070316693505,2.408749329039184,1.778046162104133,,0.11406333870101985,,,
148,2.6704240472356413,12.077294685990339,9.346484165324744,13.6808910359635,14.432367149758454,18.746645195920557,14.855072463768115,6.219806763285024,0.7648953301127214,2.690552871712292,2.428878153515835,1.9659151905528718,,0.12077294685990338,,,
149,2.7106816961889426,11.808910359634996,9.608158883521202,13.378958668813741,14.371980676328503,19.310252281266774,14.593397745571659,6.166129898013956,0.7246376811594203,2.737520128824477,2.428878153515835,2.0397208803005906,,0.12077294685990338,,,
150,2.6301663982823404,11.701556629092861,9.567901234567902,16.23725174449812,12.04374664519592,19.692699946323135,14.338432635534085,5.609232420826624,0.7246376811594203,2.7106816961889426,2.5831991411701556,2.0397208803005906,,0.12077294685990338,,,
151,2.677133655394525,11.594202898550725,9.561191626409018,16.15673644659152,12.02361782071927,19.444444444444443,14.526301663982823,5.669618894256575,0.7246376811594203,2.7308105206655933,2.6972624798711755,2.073268921095008,,0.12077294685990338,,,
152,2.6637144390767578,11.56736446591519,9.406870638754697,16.089640365002683,12.010198604401502,19.605475040257648,14.593397745571659,5.743424584004294,0.7179280730005367,2.657004830917874,2.7509393451422435,2.073268921095008,,0.12077294685990338,,,
153,2.6704240472356413,11.56736446591519,9.292807300053678,16.089640365002683,11.976650563607086,19.57192699946323,14.593397745571659,5.857487922705314,0.7179280730005367,2.657004830917874,2.831454643048846,2.0531400966183573,,0.12077294685990338,,,
154,2.6435856146001075,11.54723564143854,9.252549651100376,16.11647879763822,11.963231347289318,19.39747718733226,14.579978529253891,6.018518518518518,0.7112184648416533,2.690552871712292,2.9052603327965647,2.0531400966183573,,0.12077294685990338,,,
155,2.6637144390767578,11.520397208803006,9.212292002147075,16.089640365002683,11.936392914653783,19.209608158883523,14.55984970477724,6.072195383789587,0.6977992485238862,2.7979066022544283,3.052871712292002,2.0665593129361244,,0.12077294685990338,,,
156,2.7442297369833604,11.520397208803006,9.212292002147075,15.915190552871712,11.889425657541599,19.43773483628556,14.553140096618357,6.052066559312936,0.6843800322061192,2.8113258185721954,3.052871712292002,2.006172839506173,,0.12077294685990338,,,
157,2.771068169618894,11.3593666129898,9.212292002147075,15.673644659151906,11.75523349436393,19.269994632313473,14.761137949543746,6.447933440687064,0.6843800322061192,2.7844873859366612,3.1199677938808374,2.0397208803005906,,0.12077294685990338,,,
158,2.6972624798711755,10.95679012345679,9.205582393988191,15.734031132581856,11.708266237251744,18.947933440687063,15.029522275899087,6.863929146537842,0.6642512077294686,2.9119699409554483,3.1535158346752548,2.006172839506173,,0.12077294685990338,,,
159,2.690552871712292,10.762211486849168,9.172034353193773,15.68035426731079,11.466720343531938,19.350509930220074,14.949006977992486,7.4141170155662905,0.6642512077294686,2.7106816961889426,3.012614063338701,2.006172839506173,,0.12077294685990338,,,
160,2.690552871712292,10.748792270531402,9.286097691894794,15.780998389694043,11.43317230273752,19.0955448201825,14.915458937198068,7.447665056360709,0.7246376811594203,2.737520128824477,2.9790660225442833,2.0397208803005906,,0.12077294685990338,,,
161,2.5161030595813205,10.735373054213634,11.439881910896403,15.458937198067632,11.064143853998926,18.230005367686527,14.727589908749328,7.347020933977456,0.7179280730005367,2.6704240472356413,2.9388083735909825,2.033011272141707,,0.12077294685990338,,,
162,2.5295222758990876,10.48040794417606,11.312399355877616,15.499194847020934,10.849436392914654,18.726516371443907,14.533011272141707,7.64224369296833,0.7179280730005367,2.6502952227589907,2.932098765432099,2.006172839506173,,0.12077294685990338,,,
163,2.623456790123457,10.466988727858293,11.292270531400966,15.297906602254429,10.755501878690284,18.94122383252818,14.512882447665056,7.575147611379496,0.7313472893183038,2.6502952227589907,3.0327428878153517,1.9994632313472893,,0.12077294685990338,,,
164,2.623456790123457,10.393183038110575,11.265432098765432,15.076489533011273,10.721953837895867,19.061996779388085,14.579978529253891,7.669082125603865,0.7313472893183038,2.717391304347826,3.126677402039721,1.9122383252818036,,0.12077294685990338,,,
165,2.6972624798711755,9.950348899624261,11.20504562533548,15.33816425120773,10.399892646269459,18.874127750939344,15.076489533011273,7.6556629092860975,0.7313472893183038,2.8113258185721954,3.2004830917874396,1.9390767579173376,,0.12077294685990338,,,
166,2.6435856146001075,9.272678475577026,11.044015029522276,14.512882447665056,10.379763821792807,18.63929146537842,17.250402576489535,7.380568974771873,0.7112184648416533,2.8515834675254963,3.294417606011809,1.8988191089640365,,0.12077294685990338,,,
