,45,50,51,55,52,53,54,56,57
0,96.64519592055824,3.3548040794417604,,,,,,,
1,96.64519592055824,3.3548040794417604,,,,,,,
2,84.75577026301664,15.24422973698336,,,,,,,
3,61.560654857756305,38.439345142243695,,,,,,,
4,61.62775093934514,38.37224906065486,,,,,,,
5,60.621309715512616,33.59500805152979,5.783682232957595,,,,,,
6,60.621309715512616,33.59500805152979,5.783682232957595,,,,,,
7,60.621309715512616,31.54186795491143,5.783682232957595,2.0531400966183573,,,,,
8,60.86285560923242,31.36070853462158,5.723295759527644,2.0531400966183573,,,,,
9,52.51610305958132,29.54911433172303,13.580246913580247,2.0531400966183573,2.301395598497048,,,,
10,50.026838432635536,33.1454643048846,12.842190016103059,0.9125067096081588,3.0730005367686526,,,,
11,50.14090177133655,33.031400966183575,12.842190016103059,0.9125067096081588,3.0730005367686526,,,,
12,47.54428341384863,32.84353193773484,13.942565754159958,0.9125067096081588,0.8990874932903918,3.569511540526033,0.2885131508319914,,
13,47.24906065485776,31.112453032742888,16.478797638217927,0.4025764895330113,0.8990874932903918,3.569511540526033,0.2885131508319914,,
14,40.405260332796566,31.179549114331724,22.906602254428343,0.5300590445517982,0.8990874932903918,3.556092324208266,0.5233494363929146,,
15,38.94927536231884,26.462694578636608,29.025764895330113,0.5300590445517982,0.8990874932903918,3.455448201825013,0.6776704240472357,,
16,38.909017713365536,25.45625335480408,31.964573268921097,0.5300590445517982,0.49651100375738055,2.4892646269457863,0.15432098765432098,,
17,36.580783682232955,23.517176596886742,38.43263553408481,0.5300590445517982,0.49651100375738055,0.2885131508319914,0.15432098765432098,,
18,36.62775093934514,22.799248523886206,36.00375738056898,0.36902844873859364,3.7573805689747717,0.2885131508319914,0.15432098765432098,,
19,29.502147074610843,26.89210950080515,38.74127750939345,0.36902844873859364,3.730542136339238,0.2885131508319914,0.47638217928073,,
20,24.778582930756844,21.38352120236178,49.27536231884058,0.2147074610842727,3.730542136339238,0.2885131508319914,0.32877079978529256,,
21,24.718196457326894,21.497584541062803,49.22168545356951,0.2147074610842727,3.730542136339238,0.2885131508319914,0.32877079978529256,,
22,24.724906065485776,21.497584541062803,48.97342995169082,0.4562533548040794,3.730542136339238,0.2885131508319914,0.32877079978529256,,
23,23.10789049919485,21.43719806763285,50.6508319914117,0.4562533548040794,3.730542136339238,0.2885131508319914,0.32877079978529256,,
24,20.33011272141707,17.787171229200215,57.55501878690284,0.4562533548040794,3.2541599570585076,0.2885131508319914,0.32877079978529256,,
25,20.819914117015568,17.55233494363929,57.54159957058508,0.2147074610842727,3.2541599570585076,0.2885131508319914,0.32877079978529256,,
26,16.525764895330113,7.575147611379496,72.73215244229738,0.2147074610842727,2.341653247450349,0.2885131508319914,0.322061191626409,,
27,16.566022544283413,7.575147611379496,72.69189479334406,0.2147074610842727,2.341653247450349,0.2885131508319914,0.322061191626409,,
28,16.438539989264626,7.367149758454106,72.80595813204509,0.2147074610842727,2.341653247450349,0.2885131508319914,0.322061191626409,0.2214170692431562,
29,16.505636070853463,7.367149758454106,72.73886205045625,0.2147074610842727,2.341653247450349,0.2885131508319914,0.322061191626409,0.2214170692431562,
30,12.627482555018787,6.850509930220075,68.18303811057434,0.2147074610842727,7.87037037037037,4.019055287171229,0.013419216317767043,0.2214170692431562,
31,12.848899624261943,6.723027375201288,67.0558239398819,0.2147074610842727,7.87037037037037,4.019055287171229,0.013419216317767043,1.2546967257112185,
32,12.70799785292539,6.702898550724638,66.13660762211487,0.2147074610842727,7.50805152979066,4.019055287171229,1.4559849704777241,1.2546967257112185,
33,12.875738056897477,6.655931293612453,66.01583467525496,0.2147074610842727,7.50805152979066,4.019055287171229,1.4559849704777241,1.2546967257112185,
34,10.379763821792807,29.28743961352657,45.70585077831455,0.040257648953301126,6.501610305958132,7.2933440687063875,0.5703166935050993,0.2214170692431562,
35,10.453569511540525,29.240472356414386,45.67901234567901,0.040257648953301126,6.501610305958132,7.2933440687063875,0.5703166935050993,0.2214170692431562,
36,10.520665593129362,29.186795491143318,45.66559312936125,0.040257648953301126,6.501610305958132,7.2933440687063875,0.5703166935050993,0.2214170692431562,
37,10.648148148148149,29.05931293612453,45.66559312936125,0.040257648953301126,6.501610305958132,7.2933440687063875,0.5703166935050993,0.2214170692431562,
38,10.748792270531402,29.005636070853463,45.61862587224906,0.040257648953301126,6.501610305958132,7.2933440687063875,0.5703166935050993,0.2214170692431562,
39,11.023886205045626,27.61003757380569,45.1959205582394,1.4358561460010735,5.005367686527107,7.2933440687063875,2.214170692431562,0.2214170692431562,
40,10.72866344605475,27.388620504562535,51.952495974235106,1.4358561460010735,1.3083735909822867,6.629092860976919,0.5568974771873323,,
41,8.917069243156199,24.040526033279658,57.11218464841653,1.4358561460010735,1.3083735909822867,6.629092860976919,0.5568974771873323,,
42,8.943907675791733,22.067901234567902,60.92324208266237,1.4358561460010735,1.3083735909822867,5.320719269994632,,,
43,9.078099838969404,22.067901234567902,57.50134192163178,1.4358561460010735,4.5960815888352125,5.320719269994632,,,
44,9.03113258185722,22.067901234567902,59.19887278582931,1.4358561460010735,2.945517981749866,5.320719269994632,,,
45,9.178743961352657,22.041062801932366,59.13848631239936,1.4358561460010735,2.945517981749866,5.260332796564681,,,
46,9.212292002147075,20.8064949006978,59.05797101449275,2.717391304347826,2.945517981749866,5.260332796564681,,,
47,9.292807300053678,20.759527643585614,59.05797101449275,2.6838432635534084,2.945517981749866,5.260332796564681,,,
48,9.31964573268921,20.759527643585614,59.05797101449275,2.6838432635534084,2.945517981749866,5.233494363929147,,,
49,9.373322597960279,20.759527643585614,59.024422973698336,2.6838432635534084,2.945517981749866,5.213365539452496,,,
50,9.561191626409018,20.74610842726785,58.89023081052066,2.657004830917874,2.932098765432099,5.213365539452496,,,
51,9.534353193773484,16.190284487385938,58.823134728931834,1.4358561460010735,8.82313472893183,5.193236714975845,,,
52,9.23913043478261,16.109769189479334,59.19887278582931,1.4358561460010735,8.82313472893183,5.193236714975845,,,
53,9.353193773483628,16.109769189479334,59.084809447128286,1.4358561460010735,8.82313472893183,5.193236714975845,,,
54,9.675254965110037,16.10305958132045,58.91035963499731,1.4358561460010735,8.796296296296296,5.0791733762748255,,,
55,9.943639291465379,16.09634997316157,57.66237251744498,1.4358561460010735,8.682232957595277,6.179549114331723,,,
56,9.977187332259795,16.06280193236715,57.66237251744498,1.4358561460010735,8.682232957595277,6.179549114331723,,,
57,10.104669887278583,16.015834675254965,57.60198604401503,1.4358561460010735,8.682232957595277,6.159420289855072,,,
58,9.977187332259795,16.015834675254965,57.729468599033815,1.4358561460010735,8.682232957595277,6.159420289855072,,,
59,10.11808910359635,16.009125067096083,57.6154052603328,1.4358561460010735,8.682232957595277,6.139291465378422,,,
60,10.567632850241546,15.794417606011809,56.635802469135804,1.4358561460010735,8.682232957595277,6.085614600107354,,0.798443370907139,
61,10.856146001073537,15.794417606011809,56.42109500805153,1.4358561460010735,8.668813741277509,6.025228126677402,,0.798443370907139,
62,10.923242082662373,15.76086956521739,56.42109500805153,1.4358561460010735,8.641975308641975,6.018518518518518,,0.798443370907139,
63,10.997047772410092,15.74074074074074,56.36741814278046,1.4358561460010735,8.641975308641975,6.018518518518518,,0.798443370907139,
64,11.05072463768116,15.74074074074074,56.34057971014493,1.4358561460010735,8.641975308641975,5.991680085882985,,0.798443370907139,
65,11.124530327428879,15.53274288781535,54.58266237251745,1.5297906602254427,7.742887815351583,8.68894256575416,,0.798443370907139,
66,11.466720343531938,15.53274288781535,54.39479334406871,1.5297906602254427,7.615405260332796,8.68894256575416,,0.7716049382716049,
67,11.802200751476114,15.53274288781535,54.21363392377885,1.5297906602254427,7.561728395061729,8.588298443370908,,0.7716049382716049,
68,11.83574879227053,15.22410091250671,54.166666666666664,1.5297906602254427,7.883789586688137,8.588298443370908,,0.7716049382716049,
69,12.016908212560386,15.163714439076758,54.146537842190014,1.5297906602254427,7.7831454643048845,8.588298443370908,,0.7716049382716049,
70,12.359098228663447,15.163714439076758,53.96537842190016,1.5297906602254427,7.7831454643048845,8.427267847557703,,0.7716049382716049,
71,12.399355877616747,15.063070316693505,51.288244766505635,1.5297906602254427,7.595276435856146,11.352657004830919,,0.7716049382716049,
72,12.681159420289855,15.063070316693505,51.01315083199141,1.5297906602254427,7.595276435856146,11.345947396672035,,0.7716049382716049,
73,12.835480407944177,15.063070316693505,50.946054750402574,1.5297906602254427,7.595276435856146,11.258722490606548,,0.7716049382716049,
74,12.902576489533011,15.049651100375739,50.905797101449274,1.5297906602254427,7.595276435856146,11.245303274288782,,0.7716049382716049,
75,13.050187869028449,14.895330112721417,50.56360708534621,1.7310789049919484,7.595276435856146,11.245303274288782,,0.9192163177670424,
76,13.285024154589372,14.88191089640365,50.38244766505636,1.7310789049919484,7.581857219538379,11.218464841653248,,0.9192163177670424,
77,8.165593129361245,13.258185721953838,57.2061191626409,1.7310789049919484,7.501341921631776,11.218464841653248,,0.9192163177670424,
78,8.494363929146537,13.110574342458401,57.09205582393988,1.7310789049919484,7.501341921631776,11.151368760064413,,0.9192163177670424,
79,8.749329039184111,13.110574342458401,56.87734836285561,1.7310789049919484,7.461084272678476,11.151368760064413,,0.9192163177670424,
80,9.245840042941492,13.097155126140633,56.407675791733766,1.7310789049919484,7.461084272678476,11.137949543746645,,0.9192163177670424,
81,8.266237251744498,12.93612453032743,57.57514761137949,1.7310789049919484,7.447665056360709,11.137949543746645,,0.9057971014492754,
82,8.279656468062266,12.93612453032743,57.56172839506173,1.7310789049919484,7.447665056360709,11.137949543746645,,0.9057971014492754,
83,8.487654320987655,12.828770799785293,57.56172839506173,1.7310789049919484,7.447665056360709,11.037305421363392,,0.9057971014492754,
84,8.641975308641975,12.828770799785293,57.407407407407405,1.7310789049919484,7.447665056360709,11.037305421363392,,0.9057971014492754,
85,5.179817498658078,32.890499194847024,44.015029522275896,1.6908212560386473,6.213097155126141,8.970746108427267,,1.0399892646269457,
86,5.360976918947934,30.844068706387546,43.80032206119163,3.8177670424047236,6.166129898013956,8.970746108427267,,1.0399892646269457,
87,5.159688674181428,23.731884057971016,43.51180891035963,3.5225442834138487,14.13714439076758,8.896940418679549,,1.0399892646269457,
88,5.0791733762748255,23.443370907139023,42.35775630703167,3.5225442834138487,14.13714439076758,8.829844337090714,1.5901771336553945,1.0399892646269457,
89,5.119431025228127,23.403113258185723,42.35775630703167,3.5225442834138487,14.13714439076758,8.829844337090714,1.5901771336553945,1.0399892646269457,
90,5.267042404723564,23.295759527643586,42.35775630703167,3.5091250670960816,14.110305958132045,8.829844337090714,1.5901771336553945,1.0399892646269457,
91,5.374396135265701,23.295759527643586,42.290660225442835,3.5091250670960816,14.110305958132045,8.789586688137414,1.5901771336553945,1.0399892646269457,
92,5.4616210413311865,23.295759527643586,42.2638217928073,3.5091250670960816,14.110305958132045,8.729200214707461,1.5901771336553945,1.0399892646269457,
93,5.555555555555555,23.295759527643586,42.1833064949007,3.5091250670960816,14.096886741814279,8.729200214707461,1.5901771336553945,1.0399892646269457,
94,5.595813204508857,23.221953837895867,41.686795491143315,3.5091250670960816,14.023081052066559,8.648684916800859,1.5901771336553945,1.724369296833065,
95,4.622920021470746,19.249865807836823,35.92324208266237,3.5091250670960816,14.023081052066559,19.343800322061192,1.5901771336553945,1.737788513150832,
96,4.676596886741814,19.249865807836823,35.89640365002684,3.4957058507783145,14.009661835748792,19.343800322061192,1.5901771336553945,1.737788513150832,
97,4.904723564143854,19.249865807836823,35.71524422973698,3.4957058507783145,14.009661835748792,19.296833064949006,1.5901771336553945,1.737788513150832,
98,5.025496511003757,19.249865807836823,35.52066559312936,3.4957058507783145,13.875469672571121,19.209608158883523,1.8853998926462694,1.737788513150832,
99,5.193236714975845,19.236446591519055,35.339506172839506,3.6366076221148687,13.821792807300053,19.196188942565755,1.8853998926462694,1.6908212560386473,
100,5.267042404723564,19.202898550724637,35.32608695652174,4.851046698872786,13.79495437466452,17.98174986580784,1.8853998926462694,1.6908212560386473,
101,5.374396135265701,19.202898550724637,35.32608695652174,4.851046698872786,13.788244766505636,17.921363392377884,1.8451422436929683,1.6908212560386473,
102,5.4616210413311865,19.202898550724637,35.299248523886206,4.851046698872786,13.727858293075684,17.921363392377884,1.8451422436929683,1.6908212560386473,
103,5.5756843800322065,19.176060118089104,35.23215244229737,4.851046698872786,13.714439076757918,17.921363392377884,1.8451422436929683,1.6841116478797638,
104,4.703435319377348,19.135802469135804,39.110305958132045,4.851046698872786,13.654052603327965,15.157004830917874,1.8451422436929683,1.5432098765432098,
105,4.804079441760601,19.108964036500268,39.07675791733763,4.851046698872786,13.654052603327965,15.116747181964573,1.8451422436929683,1.5432098765432098,
106,4.998658078368224,18.263553408480945,38.90230810520666,5.71658615136876,13.305152979066023,15.116747181964573,1.8451422436929683,1.5096618357487923,0.3421900161030596
107,5.24020397208803,18.23671497584541,38.848631239935585,5.6964573268921095,13.305152979066023,14.99597423510467,1.8250134192163177,1.5096618357487923,0.3421900161030596
108,5.837359098228664,17.901234567901234,38.687600644122384,5.059044551798175,14.15727321524423,14.781266774020397,1.8250134192163177,1.4090177133655395,0.3421900161030596
109,5.132850241545894,15.230810520665592,39.15727321524423,4.461889425657541,18.04213633923779,14.781266774020397,1.5767579173376274,1.2748255501878691,0.3421900161030596
110,5.320719269994632,15.116747181964573,39.110305958132045,4.461889425657541,18.04213633923779,14.754428341384862,1.5767579173376274,1.2748255501878691,0.3421900161030596
111,5.407944176060118,15.069779924852389,39.110305958132045,4.448470209339774,18.015297906602253,14.754428341384862,1.5767579173376274,1.2748255501878691,0.3421900161030596
112,5.186527106816962,13.741277509393452,49.074074074074076,3.878153515834675,18.00858829844337,6.91760601180891,1.5767579173376274,1.2748255501878691,0.3421900161030596
113,5.22007514761138,13.741277509393452,49.040526033279654,3.878153515834675,18.00858829844337,6.91760601180891,1.5767579173376274,1.2748255501878691,0.3421900161030596
114,5.360976918947934,13.741277509393452,49.000268384326354,3.864734299516908,17.96833064949007,6.884057971014493,1.5767579173376274,1.261406333870102,0.3421900161030596
115,5.394524959742351,13.741277509393452,49.000268384326354,3.8311862587224907,17.96833064949007,6.884057971014493,1.5767579173376274,1.261406333870102,0.3421900161030596
116,5.46833064949007,13.727858293075684,48.9398819108964,3.8311862587224907,17.96833064949007,6.884057971014493,1.5767579173376274,1.261406333870102,0.3421900161030596
117,5.488459473966721,13.399087493290391,46.383521202361784,3.8311862587224907,20.840042941492218,6.877348362855609,1.5767579173376274,1.261406333870102,0.3421900161030596
118,5.46833064949007,11.674718196457327,46.23590982286635,5.897745571658615,20.71256038647343,6.830381105743425,1.5767579173376274,1.261406333870102,0.3421900161030596
119,5.535426731078905,11.647879763821793,42.411433172302736,5.897745571658615,20.71256038647343,6.749865807836822,5.441492216854535,1.261406333870102,0.3421900161030596
120,5.683038110574342,11.647879763821793,42.39801395598497,5.877616747181965,20.618625872249062,6.749865807836822,5.421363392377885,1.261406333870102,0.3421900161030596
121,5.743424584004294,11.647879763821793,42.33762748255502,5.877616747181965,20.618625872249062,6.749865807836822,5.421363392377885,1.261406333870102,0.3421900161030596
122,5.850778314546431,11.634460547504025,42.33762748255502,5.877616747181965,20.52469135802469,6.749865807836822,5.421363392377885,1.261406333870102,0.3421900161030596
123,5.917874396135265,11.600912506709609,42.33762748255502,5.870907139023081,20.52469135802469,6.723027375201288,5.421363392377885,1.261406333870102,0.3421900161030596
124,6.038647342995169,11.600912506709609,42.330917874396135,5.864197530864198,20.417337627482556,6.723027375201288,5.421363392377885,1.261406333870102,0.3421900161030596
125,6.260064412238325,11.600912506709609,42.290660225442835,5.83064949006978,20.26972624798712,6.723027375201288,5.421363392377885,1.261406333870102,0.3421900161030596
126,6.400966183574879,11.553945249597424,42.250402576489535,5.776972624798712,20.26972624798712,6.723027375201288,5.421363392377885,1.261406333870102,0.3421900161030596
127,6.494900697799249,11.553945249597424,42.17659688674181,5.776972624798712,20.249597423510465,6.723027375201288,5.421363392377885,1.261406333870102,0.3421900161030596
128,6.66935050993022,11.486849168008588,42.09608158883521,5.776972624798712,20.222758990874933,6.723027375201288,5.421363392377885,1.261406333870102,0.3421900161030596
129,6.763285024154589,11.486849168008588,42.05582393988191,5.736714975845411,20.209339774557165,6.723027375201288,5.421363392377885,1.261406333870102,0.3421900161030596
130,6.8035426731078905,11.486849168008588,42.01556629092861,5.736714975845411,19.92753623188406,6.723027375201288,5.421363392377885,1.261406333870102,0.6239935587761675
131,6.877348362855609,11.486849168008588,41.94176060118089,5.736714975845411,19.92753623188406,6.723027375201288,5.421363392377885,1.261406333870102,0.6239935587761675
132,7.179280730005368,11.439881910896403,41.908212560386474,5.736714975845411,19.806763285024154,6.622383252818035,5.421363392377885,1.261406333870102,0.6239935587761675
133,7.253086419753086,11.41304347826087,41.86124530327429,5.736714975845411,19.806763285024154,6.622383252818035,5.421363392377885,1.261406333870102,0.6239935587761675
134,7.105475040257649,10.399892646269459,41.56602254428341,5.374396135265701,18.59903381642512,8.648684916800859,5.421363392377885,2.576489533011272,0.30864197530864196
135,6.367418142780462,7.87037037037037,41.56602254428341,3.9989264626945786,23.731884057971016,8.648684916800859,5.421363392377885,2.086688137412775,0.30864197530864196
136,6.756575415995706,7.836822329575953,41.46537842190016,3.9989264626945786,23.637949543746647,8.507783145464305,5.421363392377885,2.0665593129361244,0.30864197530864196
137,6.810252281266774,7.716049382716049,41.40499194847021,3.9989264626945786,23.262211486849168,8.507783145464305,5.421363392377885,2.5697799248523885,0.30864197530864196
138,6.642512077294686,6.977992485238862,45.82662372517445,4.435050993022007,22.785829307568438,6.4345142243692965,4.019055287171229,2.5697799248523885,0.30864197530864196
139,6.696188942565755,6.964573268921095,45.78636607622115,4.435050993022007,22.785829307568438,6.4345142243692965,4.019055287171229,2.5697799248523885,0.30864197530864196
140,6.964573268921095,6.957863660762212,45.70585077831455,4.435050993022007,22.604669887278583,6.4345142243692965,4.019055287171229,2.5697799248523885,0.30864197530864196
141,7.024959742351046,6.957863660762212,41.42512077294686,4.435050993022007,26.898819108964037,6.360708534621578,4.019055287171229,2.5697799248523885,0.30864197530864196
142,7.078636607622115,6.937734836285561,41.42512077294686,4.428341384863124,26.8719806763285,6.360708534621578,4.019055287171229,2.5697799248523885,0.30864197530864196
143,7.239667203435319,6.904186795491143,41.37144390767579,4.428341384863124,26.818303811057433,6.347289318303811,4.019055287171229,2.5697799248523885,0.30193236714975846
144,7.125603864734299,6.904186795491143,41.31105743424584,5.360976918947934,26.060118089103597,6.347289318303811,4.019055287171229,2.5697799248523885,0.30193236714975846
145,7.065217391304348,6.541867954911433,40.23081052066559,4.092860976918948,28.83118625872249,6.347289318303811,4.019055287171229,2.5697799248523885,0.30193236714975846
146,7.139023081052066,6.541867954911433,40.163714439076756,4.092860976918948,28.83118625872249,6.340579710144928,4.019055287171229,2.5697799248523885,0.30193236714975846
147,7.139023081052066,6.541867954911433,40.163714439076756,4.092860976918948,28.83118625872249,6.340579710144928,4.019055287171229,2.5697799248523885,0.30193236714975846
148,7.273215244229737,6.541867954911433,40.063070316693505,4.092860976918948,28.797638217928075,6.340579710144928,4.019055287171229,2.5697799248523885,0.30193236714975846
149,7.232957595276436,6.541867954911433,37.03032742887815,4.086151368760064,31.676060118089104,6.333870101986044,4.019055287171229,2.7777777777777777,0.30193236714975846
150,7.326892109500805,6.508319914117015,36.99677938808374,4.086151368760064,31.64922168545357,6.333870101986044,4.019055287171229,2.7777777777777777,0.30193236714975846
151,7.427536231884058,6.508319914117015,36.983360171765966,4.086151368760064,31.561996779388085,6.333870101986044,4.019055287171229,2.7777777777777777,0.30193236714975846
152,7.769726247987117,6.508319914117015,36.943102522812666,4.079441760601181,31.53515834675255,6.333870101986044,3.750670960815888,2.7777777777777777,0.30193236714975846
153,7.924047235641439,6.508319914117015,36.90955448201825,4.079441760601181,31.414385399892645,6.333870101986044,3.750670960815888,2.7777777777777777,0.30193236714975846
154,7.991143317230274,6.468062265163715,36.782071926999464,4.079441760601181,31.34728931830381,6.300322061191626,3.7372517444981215,2.9924852388620504,0.30193236714975846
155,8.064949006977992,6.468062265163715,36.72168545356951,4.03918411164788,30.381105743424584,6.300322061191626,4.730273752012883,2.9924852388620504,0.30193236714975846
156,8.111916264090176,6.468062265163715,36.72168545356951,4.03918411164788,30.334138486312398,6.300322061191626,4.730273752012883,2.9924852388620504,0.30193236714975846
157,8.205850778314547,6.414385399892646,36.69484702093398,4.03918411164788,30.320719269994633,6.300322061191626,4.730273752012883,2.9924852388620504,0.30193236714975846
158,8.393719806763285,6.340579710144928,36.62775093934514,4.03918411164788,30.273752012882447,6.300322061191626,4.730273752012883,2.9924852388620504,0.30193236714975846
159,8.05823939881911,5.3274288781535155,36.62775093934514,3.227321524422974,32.50805152979066,6.300322061191626,4.730273752012883,2.918679549114332,0.30193236714975846
160,8.165593129361245,5.3274288781535155,36.560654857756305,3.227321524422974,32.46779388083736,6.300322061191626,4.730273752012883,2.918679549114332,0.30193236714975846
161,8.272946859903382,5.3274288781535155,36.540526033279654,3.227321524422974,32.407407407407405,6.300322061191626,4.730273752012883,2.8918411164787976,0.30193236714975846
162,7.601986044015029,5.287171229200215,39.01637144390767,3.227321524422974,31.984702093397747,5.226784755770263,4.5893719806763285,2.7643585614600106,0.30193236714975846
163,7.7831454643048845,5.287171229200215,38.98282340311326,3.227321524422974,31.984702093397747,5.226784755770263,4.5893719806763285,2.6167471819645733,0.30193236714975846
164,7.977724100912507,5.287171229200215,38.92243692968331,3.227321524422974,31.984702093397747,5.112721417069243,4.569243156199678,2.6167471819645733,0.30193236714975846
165,8.185721953837897,5.260332796564681,38.888888888888886,3.227321524422974,31.76328502415459,5.112721417069243,4.643048845947397,2.6167471819645733,0.30193236714975846
166,8.84326355340848,5.260332796564681,38.70101986044015,2.918679549114332,31.602254428341386,5.112721417069243,4.643048845947397,2.6167471819645733,0.30193236714975846
167,9.024422973698336,5.260332796564681,38.519860440150296,2.918679549114332,31.602254428341386,5.112721417069243,4.643048845947397,2.6167471819645733,0.30193236714975846
168,9.078099838969404,5.253623188405797,38.499731615673646,2.918679549114332,31.602254428341386,5.112721417069243,4.643048845947397,2.589908749329039,0.30193236714975846
169,9.252549651100376,5.253623188405797,38.34541062801932,2.918679549114332,31.582125603864736,5.112721417069243,4.643048845947397,2.589908749329039,0.30193236714975846
170,9.27938808373591,5.213365539452496,38.191089640365,2.918679549114332,31.582125603864736,5.072463768115942,4.643048845947397,2.7979066022544283,0.30193236714975846
171,9.326355340848094,5.213365539452496,38.191089640365,2.918679549114332,31.561996779388085,5.059044551798175,4.643048845947397,2.7844873859366612,0.30193236714975846
172,9.433709071390231,5.213365539452496,38.1508319914117,2.918679549114332,31.53515834675255,5.018786902844874,4.643048845947397,2.7844873859366612,0.30193236714975846
173,9.54777241009125,5.213365539452496,36.902844873859365,4.106280193236715,31.48148148148148,5.018786902844874,4.643048845947397,2.7844873859366612,0.30193236714975846
174,9.54777241009125,5.213365539452496,36.902844873859365,4.106280193236715,31.48148148148148,5.018786902844874,4.643048845947397,2.7844873859366612,0.30193236714975846
175,9.728931830381105,5.213365539452496,36.77536231884058,4.106280193236715,31.46135265700483,5.005367686527107,4.622920021470746,2.7844873859366612,0.30193236714975846
176,9.749060654857756,5.213365539452496,36.75523349436393,4.106280193236715,31.46135265700483,5.005367686527107,4.622920021470746,2.7844873859366612,0.30193236714975846
177,9.856414385399892,5.213365539452496,36.72839506172839,4.106280193236715,31.44122383252818,4.944981213097155,4.622920021470746,2.7844873859366612,0.30193236714975846
178,10.050993022007514,5.213365539452496,36.71497584541063,4.106280193236715,31.273483628556093,4.944981213097155,4.609500805152979,2.7844873859366612,0.30193236714975846
179,10.46027911969941,5.213365539452496,36.65458937198068,4.106280193236715,31.072195383789587,4.87788513150832,4.609500805152979,2.703972088030059,0.30193236714975846
180,10.48040794417606,5.213365539452496,36.63446054750403,4.106280193236715,31.072195383789587,4.87788513150832,4.609500805152979,2.703972088030059,0.30193236714975846
181,10.654857756307031,5.213365539452496,36.61433172302738,4.092860976918948,30.931293612453032,4.87788513150832,4.609500805152979,2.703972088030059,0.30193236714975846
182,10.426731078904991,5.193236714975845,35.607890499194845,4.092860976918948,30.83064949006978,5.891035963499732,5.072463768115942,2.5831991411701556,0.30193236714975846
183,10.587761674718196,5.193236714975845,35.527375201288244,4.012345679012346,30.83064949006978,5.891035963499732,5.072463768115942,2.5831991411701556,0.30193236714975846
184,10.929951690821255,5.179817498658078,35.42673107890499,4.012345679012346,30.810520665593128,5.891035963499732,5.072463768115942,2.3752012882447664,0.30193236714975846
185,11.017176596886742,5.10601180891036,35.299248523886206,4.012345679012346,30.649490069779926,5.891035963499732,5.072463768115942,2.6502952227589907,0.30193236714975846
186,11.198336017176597,5.10601180891036,35.27241009125067,4.012345679012346,30.495169082125603,5.891035963499732,5.072463768115942,2.6502952227589907,0.30193236714975846
187,11.245303274288782,5.10601180891036,35.245571658615134,4.012345679012346,30.475040257648953,5.891035963499732,5.072463768115942,2.6502952227589907,0.30193236714975846
188,11.453301127214171,5.0791733762748255,35.245571658615134,4.012345679012346,30.347557702630166,5.891035963499732,5.072463768115942,2.5966183574879227,0.30193236714975846
189,10.93666129898014,5.0791733762748255,34.17203435319377,4.012345679012346,30.347557702630166,7.977724100912507,4.723564143853999,2.4490069779924855,0.30193236714975846
190,10.681696188942565,4.978529253891573,32.400697799248526,3.8580246913580245,29.978529253891573,7.977724100912507,7.39398819108964,2.428878153515835,0.30193236714975846
191,10.72866344605475,4.978529253891573,32.367149758454104,3.8580246913580245,29.978529253891573,7.96430488459474,7.39398819108964,2.428878153515835,0.30193236714975846
192,10.654857756307031,4.978529253891573,32.05179817498658,4.300858829844337,29.944981213097154,7.96430488459474,7.380568974771873,2.4221685453569513,0.30193236714975846
193,10.681696188942565,4.978529253891573,32.05179817498658,4.300858829844337,29.918142780461622,7.96430488459474,7.380568974771873,2.4221685453569513,0.30193236714975846
194,10.782340311325818,4.978529253891573,32.018250134192165,4.28743961352657,29.864465915190554,7.96430488459474,7.380568974771873,2.4221685453569513,0.30193236714975846
195,10.983628556092324,4.898013955984971,32.018250134192165,4.274020397208803,29.757112184648417,7.96430488459474,7.380568974771873,2.4221685453569513,0.30193236714975846
196,11.238593666129898,4.85775630703167,31.964573268921097,4.274020397208803,29.62962962962963,7.96430488459474,7.347020933977456,2.4221685453569513,0.30193236714975846
197,11.258722490606548,4.85775630703167,31.964573268921097,4.274020397208803,29.62962962962963,7.944176060118089,7.347020933977456,2.4221685453569513,0.30193236714975846
198,11.3191089640365,4.8376274825550185,31.924315619967793,4.274020397208803,29.62962962962963,7.944176060118089,7.347020933977456,2.4221685453569513,0.30193236714975846
199,11.084272678475577,4.8376274825550185,30.3743961352657,4.126409017713366,29.62962962962963,9.903381642512077,7.347020933977456,2.395330112721417,0.30193236714975846
200,11.33923778851315,4.8376274825550185,30.246913580246915,4.106280193236715,29.53569511540526,9.88996242619431,7.347020933977456,2.395330112721417,0.30193236714975846
201,11.520397208803006,4.8376274825550185,30.112721417069242,4.106280193236715,29.53569511540526,9.842995169082126,7.347020933977456,2.395330112721417,0.30193236714975846
202,11.580783682232958,4.8376274825550185,30.09259259259259,4.106280193236715,29.49543746645196,9.842995169082126,7.347020933977456,2.395330112721417,0.30193236714975846
203,11.580783682232958,4.723564143853999,30.079173376274827,4.072732152442297,29.401502952227588,9.842995169082126,7.347020933977456,2.6502952227589907,0.30193236714975846
204,11.782071926999464,4.723564143853999,30.02549651100376,4.072732152442297,29.280730005367687,9.816156736446592,7.347020933977456,2.6502952227589907,0.30193236714975846
205,11.956521739130435,4.616210413311863,29.99194847020934,4.072732152442297,29.24718196457327,9.816156736446592,7.347020933977456,2.6502952227589907,0.30193236714975846
206,12.030327428878154,4.616210413311863,29.965110037573805,4.072732152442297,29.200214707461082,9.816156736446592,7.347020933977456,2.6502952227589907,0.30193236714975846
207,12.057165861513688,4.5893719806763285,29.931561996779386,4.072732152442297,29.066022544283413,9.816156736446592,7.347020933977456,2.818035426731079,0.30193236714975846
208,12.010198604401502,4.5893719806763285,29.367954911433173,5.595813204508857,28.267579173376276,9.802737520128824,7.246376811594203,2.818035426731079,0.30193236714975846
209,12.130971551261407,4.5893719806763285,29.354535695115406,5.595813204508857,28.247450348899623,9.73564143853999,7.239667203435319,2.804616210413312,0.30193236714975846
210,11.876006441223833,4.126409017713366,29.274020397208805,5.320719269994632,25.41599570585078,9.970477724100913,11.05072463768116,2.6637144390767578,0.30193236714975846
211,12.010198604401502,4.126409017713366,29.146537842190018,5.260332796564681,24.00697799248524,11.044015029522276,11.037305421363392,3.066290928609769,0.30193236714975846
212,12.02361782071927,4.126409017713366,29.13311862587225,5.260332796564681,24.00697799248524,11.044015029522276,11.037305421363392,3.066290928609769,0.30193236714975846
213,12.110842726784755,4.126409017713366,29.09957058507783,5.260332796564681,23.96672034353194,11.044015029522276,11.023886205045626,3.066290928609769,0.30193236714975846
214,12.037037037037036,4.126409017713366,26.684111647879764,5.260332796564681,23.866076221148685,13.707729468599034,10.950080515297907,3.066290928609769,0.30193236714975846
215,12.191358024691358,4.126409017713366,26.65727321524423,5.260332796564681,23.785560923242084,13.707729468599034,10.903113258185721,3.066290928609769,0.30193236714975846
216,12.426194310252281,4.126409017713366,26.536500268384327,5.22007514761138,23.738593666129898,13.70101986044015,10.88298443370907,3.066290928609769,0.30193236714975846
217,12.47987117552335,4.126409017713366,26.50295222758991,5.22007514761138,23.731884057971016,13.70101986044015,10.869565217391305,3.066290928609769,0.30193236714975846
218,12.506709608158884,4.126409017713366,26.50295222758991,5.22007514761138,23.731884057971016,13.694310252281268,10.849436392914654,3.066290928609769,0.30193236714975846
219,12.52012882447665,4.126409017713366,26.48953301127214,5.22007514761138,23.731884057971016,13.694310252281268,10.849436392914654,3.066290928609769,0.30193236714975846
220,12.560386473429952,4.126409017713366,26.476113794954376,5.22007514761138,23.731884057971016,13.667471819645733,10.849436392914654,3.066290928609769,0.30193236714975846
221,12.76838432635534,4.126409017713366,26.455984970477726,5.22007514761138,23.691626409017715,13.553408480944713,10.815888352120236,3.066290928609769,0.30193236714975846
222,12.815351583467525,4.092860976918948,26.455984970477726,5.2066559312936125,23.691626409017715,13.553408480944713,10.815888352120236,3.066290928609769,0.30193236714975846
223,12.828770799785293,4.092860976918948,26.455984970477726,5.2066559312936125,23.691626409017715,13.553408480944713,10.815888352120236,3.052871712292002,0.30193236714975846
224,12.869028448738593,4.092860976918948,26.442565754159958,5.2066559312936125,23.22866344605475,13.533279656468062,11.332528180354267,3.0394524959742353,0.2549651100375738
225,13.063607085346217,4.092860976918948,26.247987117552334,5.059044551798175,23.081052066559312,13.533279656468062,11.627750939345143,3.0394524959742353,0.2549651100375738
226,13.298443370907139,4.086151368760064,26.227858293075684,5.025496511003757,22.96027911969941,13.506441223832528,11.600912506709609,3.0394524959742353,0.2549651100375738
227,13.278314546430488,4.086151368760064,26.08695652173913,5.2066559312936125,22.96027911969941,13.499731615673644,11.58749329039184,3.0394524959742353,0.2549651100375738
228,13.39237788513151,4.086151368760064,26.019860440150296,5.2066559312936125,22.913311862587225,13.499731615673644,11.58749329039184,3.0394524959742353,0.2549651100375738
229,13.513150831991412,4.086151368760064,26.006441223832528,5.2066559312936125,22.805958132045088,13.499731615673644,11.58749329039184,3.0394524959742353,0.2549651100375738
230,13.291733762748256,4.086151368760064,25.97289318303811,5.2066559312936125,21.79951690821256,13.499731615673644,12.902576489533011,2.985775630703167,0.2549651100375738
231,13.331991411701557,4.086151368760064,25.97289318303811,5.2066559312936125,21.772678475577028,13.499731615673644,12.889157273215245,2.985775630703167,0.2549651100375738
232,13.47289318303811,4.086151368760064,25.95276435856146,5.2066559312936125,21.712292002147073,13.439345142243694,12.889157273215245,2.985775630703167,0.2549651100375738
233,13.519860440150294,4.086151368760064,25.939345142243692,5.2066559312936125,21.712292002147073,13.43263553408481,12.86231884057971,2.985775630703167,0.2549651100375738
234,13.486312399355878,4.086151368760064,25.72463768115942,5.515297906602254,21.672034353193773,13.43263553408481,12.842190016103059,2.985775630703167,0.2549651100375738
235,13.600375738056897,4.086151368760064,25.711218464841654,5.515297906602254,21.76596886741814,13.43263553408481,12.761674718196458,2.871712292002147,0.2549651100375738
236,13.633923778851315,4.086151368760064,25.711218464841654,5.481749865807837,21.76596886741814,13.43263553408481,12.761674718196458,2.871712292002147,0.2549651100375738
237,13.788244766505636,4.066022544283414,25.711218464841654,5.481749865807837,21.672034353193773,13.43263553408481,12.74825550187869,2.844873859366613,0.2549651100375738
238,13.734567901234568,4.066022544283414,25.55018786902845,5.756843800322061,21.66532474503489,13.385668276972625,12.741545893719806,2.844873859366613,0.2549651100375738
239,13.821792807300053,4.066022544283414,25.489801395598498,5.756843800322061,21.638486312399355,13.385668276972625,12.741545893719806,2.844873859366613,0.2549651100375738
240,13.855340848094471,4.066022544283414,25.489801395598498,5.756843800322061,21.62506709608159,13.385668276972625,12.721417069243156,2.844873859366613,0.2549651100375738
241,14.016371443907676,4.066022544283414,25.355609232420825,5.756843800322061,21.62506709608159,13.385668276972625,12.694578636607622,2.844873859366613,0.2549651100375738
242,14.076757917337627,4.066022544283414,25.335480407944175,5.756843800322061,21.598228663446054,13.372249060654857,12.694578636607622,2.844873859366613,0.2549651100375738
243,14.170692431561998,4.066022544283414,25.301932367149757,5.756843800322061,21.571390230810522,13.365539452495975,12.667740203972087,2.844873859366613,0.2549651100375738
244,14.231078904991948,4.066022544283414,25.275093934514224,5.756843800322061,21.537842190016104,13.365539452495975,12.667740203972087,2.844873859366613,0.2549651100375738
245,14.371980676328503,3.9586688137412773,25.241545893719806,5.756843800322061,21.537842190016104,13.365539452495975,12.667740203972087,2.844873859366613,0.2549651100375738
246,14.49946323134729,3.9586688137412773,25.241545893719806,5.750134192163178,21.497584541062803,13.365539452495975,12.587224906065487,2.844873859366613,0.2549651100375738
247,14.687332259796028,3.9586688137412773,25.15432098765432,5.750134192163178,21.470746108427267,13.365539452495975,12.513419216317766,2.844873859366613,0.2549651100375738
248,14.828234031132581,3.9519592055823938,25.15432098765432,5.750134192163178,21.470746108427267,13.331991411701557,12.412775093934513,2.844873859366613,0.2549651100375738
249,14.9020397208803,3.9519592055823938,25.13419216317767,5.750134192163178,21.470746108427267,13.291733762748256,12.399355877616747,2.844873859366613,0.2549651100375738
250,15.009393451422437,3.9519592055823938,25.13419216317767,5.6964573268921095,21.443907675791735,13.264895330112722,12.399355877616747,2.844873859366613,0.2549651100375738
251,15.103327965646805,3.9519592055823938,25.13419216317767,5.6964573268921095,21.39694041867955,13.217928073000536,12.399355877616747,2.844873859366613,0.2549651100375738
252,15.163714439076758,3.9519592055823938,25.10064412238325,5.6964573268921095,21.38352120236178,13.217928073000536,12.399355877616747,2.831454643048846,0.2549651100375738
253,15.217391304347826,3.9519592055823938,25.10064412238325,5.662909286097692,21.36339237788513,13.217928073000536,12.399355877616747,2.831454643048846,0.2549651100375738
254,15.271068169618895,3.9519592055823938,25.07380568974772,5.662909286097692,21.336553945249598,13.217928073000536,12.399355877616747,2.831454643048846,0.2549651100375738
255,15.465646806226516,3.9519592055823938,24.993290391841118,5.662909286097692,21.26274825550188,13.177670424047236,12.399355877616747,2.831454643048846,0.2549651100375738
256,15.465646806226516,3.9519592055823938,24.993290391841118,5.662909286097692,21.26274825550188,13.177670424047236,12.399355877616747,2.831454643048846,0.2549651100375738
257,15.72061191626409,3.92512077294686,24.986580783682232,5.662909286097692,21.162104133118625,13.177670424047236,12.278582930756844,2.831454643048846,0.2549651100375738
258,15.727321524422974,3.92512077294686,24.97987117552335,5.662909286097692,21.162104133118625,13.177670424047236,12.278582930756844,2.831454643048846,0.2549651100375738
259,15.787707997852925,3.92512077294686,24.94632313472893,5.662909286097692,21.14868491680086,13.16425120772947,12.278582930756844,2.831454643048846,0.2549651100375738
