,45,50,51,52,55,53,54,60,56,59,57,58,61,62,63,64
0,96.47074610842726,3.5292538915727323,,,,,,,,,,,,,,
1,95.53140096618357,4.394793344068707,0.03354804079441761,0.013419216317767043,0.026838432635534086,,,,,,,,,,,
2,80.22007514761138,19.350509930220074,0.03354804079441761,0.013419216317767043,0.3824476650563607,,,,,,,,,,,
3,76.03998926462694,23.275630703166936,0.03354804079441761,0.013419216317767043,0.5837359098228664,0.05367686527106817,,,,,,,,,,
4,73.75872249060654,25.44283413848631,0.03354804079441761,0.026838432635534086,0.6709608158883521,0.040257648953301126,0.026838432635534086,,,,,,,,,
5,73.47020933977456,25.577026301663984,0.05367686527106817,0.026838432635534086,0.8051529790660226,0.040257648953301126,0.026838432635534086,,,,,,,,,
6,68.35748792270532,30.381105743424584,0.08051529790660225,0.026838432635534086,0.9326355340848095,0.17444981213097155,0.04696725711218465,,,,,,,,,
7,67.08937198067633,31.387546967257112,0.10064412238325282,0.03354804079441761,1.1272141706924315,0.20128824476650564,0.06038647342995169,,,,,,,,,
8,65.49919484702093,32.71604938271605,0.14761137949543746,0.03354804079441761,1.328502415458937,0.20128824476650564,0.07380568974771873,,,,,,,,,
9,64.93558776167473,33.04482018250134,0.2214170692431562,0.04696725711218465,1.442565754159957,0.23483628556092323,0.07380568974771873,,,,,,,,,
10,64.47933440687063,33.2662372517445,0.27509393451422437,0.06709608158883522,1.5499194847020934,0.2683843263553409,0.0939345142243693,,,,,,,,,
11,63.70101986044015,33.87010198604401,0.32877079978529256,0.06709608158883522,1.6505636070853462,0.2885131508319914,0.0939345142243693,,,,,,,,,
12,63.22463768115942,33.97745571658615,0.38915727321524424,0.10064412238325282,1.8183038110574343,0.36902844873859364,0.12077294685990338,,,,,,,,,
13,62.164519592055825,33.08507783145464,0.47638217928073,1.5365002683843263,1.6572732152442298,0.8923778851315083,0.17444981213097155,0.013419216317767043,,,,,,,,
14,59.44041867954911,35.23215244229737,2.086688137412775,0.30864197530864196,1.778046162104133,0.9125067096081588,0.2281266774020397,0.013419216317767043,,,,,,,,
15,59.024422973698336,35.41331186258722,2.100107353730542,0.322061191626409,1.9122383252818036,0.9259259259259259,0.2885131508319914,0.013419216317767043,,,,,,,,
16,55.099302200751474,28.690284487385938,14.029790660225443,0.322061191626409,1.288244766505636,0.3153515834675255,0.20799785292538917,,0.04696725711218465,,,,,,,
17,52.160493827160494,31.38083735909823,13.922436929683306,0.33548040794417605,1.3821792807300053,0.39586688137412773,0.2147074610842727,,0.20799785292538917,,,,,,,
18,50.657541599570585,32.71604938271605,13.841921631776705,0.41599570585077833,1.4559849704777241,0.39586688137412773,0.2147074610842727,,0.30193236714975846,,,,,,,
19,45.78636607622115,34.977187332259795,15.063070316693505,0.5703166935050993,2.5563607085346214,0.3757380568974772,0.2147074610842727,,0.4562533548040794,,,,,,,
20,41.680085882984436,33.621846484165324,20.30998389694042,0.5367686527106817,2.4892646269457863,0.4294149221685454,0.2952227589908749,,0.6172839506172839,0.020128824476650563,,,,,,
21,32.890499194847024,42.599302200751474,18.63929146537842,1.9122383252818036,2.5026838432635534,0.4562533548040794,0.30193236714975846,0.0067096081588835215,0.6239935587761675,0.05367686527106817,0.013419216317767043,,,,,
22,32.51476113794954,42.069243156199676,18.46484165324745,1.9457863660762211,2.9119699409554483,0.7447665056360708,0.4428341384863124,0.013419216317767043,0.8118625872249061,0.05367686527106817,0.026838432635534086,,,,,
23,32.038378958668815,42.028985507246375,18.632581857219538,1.9457863660762211,3.066290928609769,0.8185721953837896,0.47638217928073,0.013419216317767043,0.8856682769726248,0.05367686527106817,0.040257648953301126,,,,,
24,31.830381105743424,41.706924315619965,18.55877616747182,1.9793344068706387,3.549382716049383,0.798443370907139,0.5099302200751477,0.013419216317767043,0.9460547504025765,0.05367686527106817,0.040257648953301126,0.013419216317767043,,,,
25,30.589103596349972,38.459473966720346,20.263016639828233,1.9927536231884058,3.7775093934514223,0.8387010198604401,3.079710144927536,0.026838432635534086,0.8655394524959742,0.05367686527106817,0.040257648953301126,0.013419216317767043,,,,
26,30.367686527106816,38.45276435856146,20.202630166398283,2.033011272141707,3.898282340311326,0.8387010198604401,3.0730005367686526,0.08722490606548577,0.9125067096081588,0.08051529790660225,0.040257648953301126,0.013419216317767043,,,,
27,29.562533548040793,38.92914653784219,19.91411701556629,2.059849704777241,4.213633923778851,0.8454106280193237,3.046162104133119,0.14090177133655393,1.1674718196457328,0.08051529790660225,0.026838432635534086,0.013419216317767043,,,,
28,28.133387010198604,37.35238862050456,22.67176596886742,2.033011272141707,4.314278046162104,0.8923778851315083,3.0327428878153517,0.1878690284487386,1.2077294685990339,0.08051529790660225,0.08051529790660225,0.013419216317767043,,,,
29,27.871712292002147,37.285292538915726,22.705314009661837,2.046430488459474,4.3478260869565215,0.9796027911969941,3.113258185721954,0.2616747181964573,1.2144390767579174,0.08051529790660225,0.08051529790660225,0.013419216317767043,,,,
30,27.76435856146001,37.03032742887815,22.188674181427803,2.1135265700483092,4.62962962962963,1.3150831991411702,3.1065485775630703,0.2885131508319914,1.3620504562533549,0.08051529790660225,0.10735373054213634,0.013419216317767043,,,,
31,27.26113794954375,40.03623188405797,19.068706387546968,2.1068169618894257,5.35426731078905,1.4358561460010735,3.0394524959742353,0.2616747181964573,1.247987117552335,0.07380568974771873,0.08051529790660225,0.013419216317767043,0.020128824476650563,,,
32,27.006172839506174,38.45276435856146,18.99490069779925,3.6902844873859366,5.58239398819109,1.4224369296833066,3.0394524959742353,0.2683843263553409,1.3150831991411702,0.07380568974771873,0.12077294685990338,0.013419216317767043,0.020128824476650563,,,
33,25.83870101986044,39.60010735373054,18.88083735909823,3.6366076221148687,5.662909286097692,1.402308105206656,3.079710144927536,0.2683843263553409,1.3150831991411702,0.07380568974771873,0.20799785292538917,0.013419216317767043,0.020128824476650563,,,
34,25.704508856682768,39.351851851851855,18.887546967257112,3.6366076221148687,5.877616747181965,1.4224369296833066,3.0931293612453032,0.27509393451422437,1.4358561460010735,0.07380568974771873,0.20799785292538917,0.013419216317767043,0.020128824476650563,,,
35,25.40257648953301,39.392109500805155,18.887546967257112,3.69699409554482,5.911164787976382,1.442565754159957,3.1870638754696725,0.28180354267310787,1.4492753623188406,0.07380568974771873,0.2147074610842727,0.026838432635534086,0.03354804079441761,,,
36,25.181159420289855,38.87546967257112,19.196188942565755,3.7037037037037037,6.166129898013956,1.4492753623188406,3.2004830917874396,0.2952227589908749,1.5029522275899088,0.07380568974771873,0.2616747181964573,0.026838432635534086,0.06709608158883522,,,
37,24.859098228663445,38.47289318303811,19.310252281266774,3.69699409554482,6.642512077294686,1.42914653784219,3.1333870101986045,0.33548040794417605,1.6438539989264627,0.11406333870101985,0.2616747181964573,0.026838432635534086,0.07380568974771873,,,
38,24.456521739130434,38.217928073000536,19.766505636070853,3.717122920021471,6.763285024154589,1.4492753623188406,3.2004830917874396,0.3153515834675255,1.596886741814278,0.11406333870101985,0.2683843263553409,0.06038647342995169,0.07380568974771873,,,
39,24.308910359634996,37.9092860976919,19.652442297369834,3.7775093934514223,6.877348362855609,1.6774020397208802,3.3011272141706924,0.3153515834675255,1.6371443907675791,0.1274825550187869,0.2683843263553409,0.06038647342995169,0.08722490606548577,,,
40,24.241814278046164,37.66774020397209,19.746376811594203,3.556092324208266,6.991411701556629,1.724369296833065,3.556092324208266,0.30193236714975846,1.6505636070853462,0.1274825550187869,0.2885131508319914,0.06038647342995169,0.08722490606548577,,,
41,24.114331723027377,35.64143853998927,19.43773483628556,5.407944176060118,7.098765432098766,1.737788513150832,3.8311862587224907,0.30193236714975846,1.8451422436929683,0.1274825550187869,0.3153515834675255,0.06038647342995169,0.08051529790660225,,,
42,17.713365539452496,61.81561996779388,4.62962962962963,3.1870638754696725,7.024959742351046,1.328502415458937,3.2877079978529253,0.3488996242619431,0.17444981213097155,0.10735373054213634,0.28180354267310787,0.04696725711218465,0.05367686527106817,,,
43,14.606816961889425,56.427804616210416,13.446054750402576,2.8515834675254963,6.9310252281266775,1.3419216317767042,3.2675791733762747,0.3421900161030596,0.30193236714975846,0.10064412238325282,0.28180354267310787,0.04696725711218465,0.05367686527106817,,,
44,14.573268921095009,55.85748792270532,13.385668276972625,2.8650026838432634,7.39398819108964,1.3620504562533549,3.3682232957595275,0.33548040794417605,0.3488996242619431,0.10064412238325282,0.30864197530864196,0.04696725711218465,0.05367686527106817,,,
45,13.150831991411701,50.87224906065486,21.336553945249598,3.44873859366613,5.662909286097692,1.328502415458937,3.1065485775630703,0.2616747181964573,0.4428341384863124,0.06038647342995169,0.2683843263553409,0.04696725711218465,0.013419216317767043,,,
46,12.52012882447665,46.443907675791735,21.26945786366076,3.421900161030596,5.924584004294149,1.3620504562533549,7.809983896940419,0.28180354267310787,0.46967257112184646,0.1274825550187869,0.30864197530864196,0.04696725711218465,0.013419216317767043,,,
47,12.164519592055823,42.80730005367686,18.149490069779926,9.078099838969404,7.300053676865271,1.3352120236178207,7.823403113258186,0.28180354267310787,0.5434782608695652,0.1274825550187869,0.32877079978529256,0.04696725711218465,0.013419216317767043,,,
48,11.829039184111648,42.069243156199676,17.753623188405797,10.017444981213098,7.514761137949543,1.3419216317767042,7.843531937734836,0.28180354267310787,0.8454106280193237,0.1274825550187869,0.3153515834675255,0.04696725711218465,0.013419216317767043,,,
49,11.761943102522812,41.84111647879764,17.64626945786366,9.96376811594203,7.675791733762749,1.4694041867954912,7.836822329575953,0.2885131508319914,0.9259259259259259,0.1878690284487386,0.3421900161030596,0.04696725711218465,0.013419216317767043,,,
50,11.674718196457327,40.163714439076756,17.49194847020934,9.849704777241008,9.024422973698336,1.9927536231884058,7.809983896940419,0.2885131508319914,1.0198604401502953,0.2214170692431562,0.4092860976918948,0.04696725711218465,0.0067096081588835215,,,
51,11.533816425120772,40.08990874932904,17.384594739667204,9.742351046698873,9.386741814278047,2.0397208803005906,7.568438003220612,0.3153515834675255,1.0802469135802468,0.1878690284487386,0.6172839506172839,0.04696725711218465,0.0067096081588835215,,,
52,11.386205045625335,41.82098765432099,16.82769726247987,8.608427267847558,9.581320450885668,1.9659151905528718,7.548309178743962,0.33548040794417605,1.0802469135802468,0.2147074610842727,0.5770263016639828,0.04696725711218465,0.0067096081588835215,,,
53,11.07085346215781,37.82877079978529,11.876006441223833,17.612721417069242,9.420289855072463,2.522812667740204,7.48792270531401,0.3757380568974772,0.8387010198604401,0.2616747181964573,0.6508319914117016,0.04696725711218465,0.0067096081588835215,,,
54,10.916532474503489,37.39935587761675,11.929683306494901,17.52549651100376,9.608158883521202,2.5429414922168547,7.769726247987117,0.3757380568974772,0.8923778851315083,0.27509393451422437,0.7112184648416533,0.04696725711218465,0.0067096081588835215,,,
55,10.621309715512615,36.66800858829844,13.808373590982287,17.14975845410628,9.292807300053678,2.6637144390767578,7.6623725174449815,0.3421900161030596,0.7380568974771873,0.36231884057971014,0.644122383252818,0.04696725711218465,,,,
56,10.61460010735373,30.629361245303276,13.66076221148685,27.428878153515836,7.058507783145465,2.690552871712292,5.589103596349974,0.28180354267310787,0.8655394524959742,0.2214170692431562,0.9125067096081588,0.04696725711218465,,,,
57,10.305958132045088,30.273752012882447,13.7211486849168,27.509393451422437,7.139023081052066,2.737520128824477,5.709876543209877,0.30193236714975846,0.9393451422436929,0.23483628556092323,1.0802469135802468,0.04696725711218465,,,,
58,8.695652173913043,24.50348899624262,21.591519055287172,27.03972088030059,7.246376811594203,2.4557165861513686,5.656199677938808,0.30193236714975846,0.966183574879227,0.23483628556092323,1.261406333870102,0.04696725711218465,,,,
59,8.682232957595277,24.40955448201825,21.07487922705314,26.7512077294686,7.2933440687063875,2.5161030595813205,5.609232420826624,0.30193236714975846,1.4694041867954912,0.24154589371980675,1.583467525496511,0.06709608158883522,,,,
60,7.39398819108964,25.194578636607623,20.699141170155663,26.080246913580247,8.420558239398819,2.462426194310252,5.595813204508857,0.32877079978529256,1.7579173376274826,0.24154589371980675,1.7444981213097155,0.08051529790660225,,,,
61,7.333601717659689,24.953032742887814,19.07541599570585,27.200751476113794,8.487654320987655,2.536231884057971,6.146001073537305,0.30864197530864196,1.583467525496511,0.24154589371980675,2.0531400966183573,0.08051529790660225,,,,
62,7.306763285024155,24.872517444981213,19.008319914117017,26.77133655394525,8.480944712828771,2.536231884057971,6.226516371443908,0.33548040794417605,1.8183038110574343,0.24154589371980675,2.2946859903381642,0.10735373054213634,,,,
63,7.2933440687063875,23.805689747718734,18.9747718733226,27.28797638217928,8.561460010735374,2.5429414922168547,6.266774020397209,0.33548040794417605,1.8250134192163177,0.2616747181964573,2.703972088030059,0.14090177133655393,,,,
64,7.25979602791197,23.68491680085883,18.94122383252818,27.113526570048307,8.675523349436393,2.49597423510467,6.179549114331723,0.322061191626409,1.8384326355340848,0.3421900161030596,2.9723564143853998,0.17444981213097155,,,,
65,7.159151905528717,22.544283413848632,20.48443370907139,26.529790660225444,8.809715512614064,2.4154589371980677,6.146001073537305,0.32877079978529256,1.8317230273752012,0.35560923242082665,3.1602254428341383,0.23483628556092323,,,,
66,7.092055823939882,22.356414385399894,20.40391841116479,26.54320987654321,8.923778851315083,2.4557165861513686,6.3070316693505095,0.3488996242619431,1.8518518518518519,0.35560923242082665,3.126677402039721,0.23483628556092323,,,,
67,7.058507783145465,22.262479871175522,20.29656468062265,26.39559849704777,9.03113258185722,2.5026838432635534,6.293612453032743,0.4092860976918948,1.90552871712292,0.35560923242082665,3.2541599570585076,0.23483628556092323,,,,
68,6.977992485238862,20.67230273752013,30.844068706387546,16.378153515834676,8.729200214707461,2.8650026838432634,6.327160493827161,0.4092860976918948,3.7573805689747717,0.3488996242619431,2.4154589371980677,0.2616747181964573,0.013419216317767043,,,
69,6.508319914117015,19.33709071390231,30.575684380032207,16.150026838432634,8.487654320987655,6.025228126677402,6.025228126677402,0.4227053140096618,3.3950617283950617,0.3421900161030596,2.395330112721417,0.3153515834675255,0.013419216317767043,0.0067096081588835215,,
70,6.481481481481482,19.162640901771336,29.146537842190018,16.109769189479334,8.548040794417606,6.045356951154052,7.5348899624261945,0.4227053140096618,3.321256038647343,0.4227053140096618,2.3752012882447664,0.4092860976918948,0.013419216317767043,0.0067096081588835215,,
71,5.904455179817498,18.169618894256576,31.944444444444443,13.774825550187868,8.319914117015566,7.340311325818572,7.467793880837359,0.46296296296296297,3.556092324208266,0.4092860976918948,2.214170692431562,0.41599570585077833,0.013419216317767043,0.0067096081588835215,,
72,5.877616747181965,17.324208266237253,30.870907139023082,12.285292538915728,8.252818035426731,11.057434245840042,7.481213097155126,0.46296296296296297,3.2675791733762747,0.5233494363929146,1.9793344068706387,0.5971551261406334,0.013419216317767043,0.0067096081588835215,,
73,5.857487922705314,17.196725711218466,30.54884594739667,11.949812130971551,8.588298443370908,11.07085346215781,7.501341921631776,0.4830917874396135,3.260869565217391,0.5099302200751477,2.38191089640365,0.6172839506172839,0.013419216317767043,0.020128824476650563,,
74,5.683038110574342,17.28395061728395,30.287171229200215,11.735104669887278,8.709071390230811,11.064143853998926,7.6556629092860975,0.5501878690284487,3.488996242619431,0.5367686527106817,2.3483628556092326,0.6239935587761675,0.013419216317767043,0.020128824476650563,,
75,5.535426731078905,17.16988727858293,29.636339237788512,11.681427804616211,8.709071390230811,11.842458400429415,7.601986044015029,0.5501878690284487,3.6097691894793345,0.5770263016639828,2.3617820719269993,0.6910896403650026,0.013419216317767043,0.020128824476650563,,
76,5.287171229200215,16.867954911433173,30.152979066022546,11.372785829307569,8.695652173913043,11.862587224906065,7.555018786902845,0.6239935587761675,3.8714439076757916,0.5501878690284487,2.38191089640365,0.7313472893183038,0.026838432635534086,0.020128824476650563,,
77,5.253623188405797,16.760601180891037,29.830917874396135,11.231884057971014,8.641975308641975,11.876006441223833,7.581857219538379,0.6508319914117016,4.294149221685454,0.5300590445517982,2.4154589371980677,0.8856682769726248,0.026838432635534086,0.020128824476650563,,
78,5.253623188405797,16.659957058507782,29.582662372517444,11.144659151905529,8.742619431025227,11.90955448201825,7.763016639828234,0.6105743424584005,4.455179817498658,0.5770263016639828,2.3617820719269993,0.8923778851315083,0.026838432635534086,0.020128824476650563,,
79,5.246913580246914,16.492216854535695,29.381374127750938,11.520397208803006,8.702361782071927,11.3191089640365,8.192431561996779,0.6105743424584005,4.502147074610843,0.6038647342995169,2.4892646269457863,0.8923778851315083,0.026838432635534086,0.020128824476650563,,
80,5.22007514761138,16.458668813741276,29.24718196457327,11.500268384326356,8.61513687600644,12.318840579710145,7.447665056360709,0.5703166935050993,4.555823939881911,0.5300590445517982,2.522812667740204,0.95276435856146,0.013419216317767043,0.04696725711218465,,
81,5.193236714975845,16.472088030059044,28.77750939345142,11.406333870101985,8.668813741277509,12.23161567364466,7.4141170155662905,0.5770263016639828,4.931561996779388,0.6172839506172839,2.6435856146001075,0.9863123993558777,0.013419216317767043,0.06709608158883522,,
82,5.193236714975845,16.358024691358025,28.522544283413847,11.366076221148685,8.722490606548577,12.5402576489533,7.4208266237251745,0.6038647342995169,4.911433172302737,0.6642512077294686,2.5966183574879227,0.9863123993558777,,0.11406333870101985,,
83,5.193236714975845,15.029522275899087,28.32125603864734,11.158078368223295,8.051529790660226,14.949006977992486,7.306763285024155,0.5770263016639828,4.99194847020934,0.6508319914117016,2.6167471819645733,1.0601180891035964,,0.0939345142243693,,
84,5.0993022007514766,14.875201288244767,28.052871712292003,11.83574879227053,8.192431561996779,14.53972088030059,7.058507783145465,0.5434782608695652,5.287171229200215,0.6709608158883521,2.6435856146001075,1.107085346215781,,0.0939345142243693,,
85,4.569243156199678,27.556360708534623,24.84567901234568,8.487654320987655,9.500805152979066,11.600912506709609,5.488459473966721,0.48980139559849706,3.965378421900161,0.32877079978529256,2.2611379495437465,0.8521202361782072,,0.05367686527106817,,
86,4.53569511540526,25.462962962962962,27.750939345142243,8.507783145464305,9.5276435856146,9.930220075147611,6.427804616210413,0.33548040794417605,4.012345679012346,0.3153515834675255,2.2745571658615136,0.8588298443370908,,0.06038647342995169,,
87,4.408212560386473,25.147611379495437,27.529522275899087,8.393719806763285,9.608158883521202,10.534084809447128,6.427804616210413,0.3153515834675255,4.052603327965647,0.30193236714975846,2.2342995169082127,0.9863123993558777,,0.06038647342995169,,
88,4.408212560386473,25.006709608158882,27.28797638217928,8.380300590445518,9.608158883521202,10.534084809447128,6.474771873322598,0.35560923242082665,4.300858829844337,0.30193236714975846,2.2208803005904456,0.9863123993558777,0.07380568974771873,0.06038647342995169,,
89,4.408212560386473,24.93961352657005,27.167203435319376,8.272946859903382,9.554482018250134,10.50053676865271,6.749865807836822,0.3153515834675255,4.294149221685454,0.30193236714975846,2.301395598497048,1.0399892646269457,0.0939345142243693,0.06038647342995169,,
90,4.361245303274289,24.4699409554482,27.01959205582394,8.205850778314547,9.4873859366613,10.547504025764896,7.440955448201825,0.32877079978529256,4.367954911433173,0.2885131508319914,2.301395598497048,1.0131508319914118,0.10735373054213634,0.06038647342995169,,
91,4.294149221685454,23.765432098765434,25.328770799785293,8.219269994632313,11.084272678475577,10.185185185185185,7.85024154589372,0.3824476650563607,5.173107890499195,0.2683843263553409,2.24771873322598,1.0332796564680622,0.10735373054213634,0.06038647342995169,,
92,4.025764895330113,23.329307568438004,24.872517444981213,9.286097691894794,11.520397208803006,9.836285560923242,7.380568974771873,0.33548040794417605,5.3274288781535155,0.2147074610842727,2.536231884057971,1.1205045625335481,0.15432098765432098,0.06038647342995169,,
93,4.025764895330113,22.993827160493826,24.194847020933977,8.675523349436393,11.688137412775093,10.131508319914117,8.36688137412775,0.36231884057971014,5.555555555555555,0.20128824476650564,2.395330112721417,1.1741814278046163,0.17444981213097155,0.06038647342995169,,
94,4.025764895330113,22.73886205045625,24.053945249597422,8.849973161567364,11.829039184111648,10.205314009661835,8.179012345679013,0.38915727321524424,5.615942028985507,0.2616747181964573,2.4355877616747184,1.1808910359634996,0.17444981213097155,0.06038647342995169,,
95,4.005636070853462,22.530864197530864,23.26892109500805,8.80300590445518,11.949812130971551,10.23215244229737,8.179012345679013,0.38915727321524424,6.494900697799249,0.2885131508319914,2.3886205045625335,1.221148684916801,0.1878690284487386,0.06038647342995169,,
96,4.005636070853462,22.302737520128826,23.020665593129362,8.809715512614064,12.191358024691358,10.312667740203972,8.259527643585615,0.38915727321524424,6.541867954911433,0.30193236714975846,2.395330112721417,1.2077294685990339,0.1878690284487386,0.07380568974771873,,
97,3.878153515834675,20.397208803005906,29.55582393988191,8.903650026838433,11.399624261943103,9.353193773483628,8.085077831454644,0.3824476650563607,4.200214707461084,0.27509393451422437,2.26784755770263,1.0869565217391304,0.18115942028985507,0.03354804079441761,,
98,3.8714439076757916,20.316693505099302,29.367954911433173,8.816425120772946,11.500268384326356,9.346484165324744,8.125335480407944,0.4294149221685454,4.374664519592056,0.24825550187869028,2.3215244229736984,1.06682769726248,0.18115942028985507,0.03354804079441761,,
99,3.8714439076757916,20.222758990874933,29.25389157273215,8.601717659688674,11.325818572195384,9.225711218464841,8.199141170155663,0.4294149221685454,4.736983360171766,0.24825550187869028,2.4557165861513686,1.2144390767579174,0.18115942028985507,0.03354804079441761,,
100,3.864734299516908,19.726247987117553,26.053408480944714,8.507783145464305,12.184648416532475,9.306226516371444,8.038110574342458,0.5032206119162641,7.62211486849168,0.2616747181964573,2.4825550187869028,1.2345679012345678,0.18115942028985507,0.03354804079441761,,
101,3.361513687600644,16.847826086956523,33.682232957595275,7.836822329575953,11.493558776167472,8.185721953837897,7.266505636070853,0.5501878690284487,7.125603864734299,0.19457863660762212,2.0665593129361244,1.1540526033279657,0.20128824476650564,0.03354804079441761,,
102,3.33467525496511,16.72705314009662,33.373590982286636,7.816693505099302,11.627750939345143,8.105206655931294,7.266505636070853,0.5770263016639828,7.37385936661299,0.2281266774020397,2.1135265700483092,1.2010198604401503,0.2214170692431562,0.03354804079441761,,
103,3.33467525496511,16.67337627482555,32.910628019323674,7.796564680622652,11.580783682232958,8.293075684380032,7.273215244229737,0.5770263016639828,7.722758990874933,0.2616747181964573,2.0933977455716586,1.1876006441223832,0.24825550187869028,0.04696725711218465,,
104,3.3145464304884595,15.096618357487923,41.2037037037037,7.521470746108427,10.466988727858293,6.394256575415996,6.608964036500268,0.5501878690284487,5.441492216854535,0.2147074610842727,1.7310789049919484,1.1808910359634996,0.2281266774020397,0.04696725711218465,,
105,3.3145464304884595,15.009393451422437,40.727321524422976,7.454374664519592,10.473698336017177,6.6827697262479875,6.508319914117015,0.5636070853462157,5.736714975845411,0.2147074610842727,1.9122383252818036,1.1272141706924315,0.2281266774020397,0.04696725711218465,,
106,3.260869565217391,14.915458937198068,39.9020397208803,7.467793880837359,11.097691894793345,6.756575415995706,6.488191089640365,0.5636070853462157,5.897745571658615,0.2616747181964573,1.9189479334406871,1.1674718196457328,0.2549651100375738,0.04696725711218465,,
107,3.240740740740741,14.667203435319378,39.38539989264627,7.434245840042942,11.600912506709609,6.6827697262479875,6.582125603864735,0.5166398282340311,6.139291465378422,0.2616747181964573,1.9524959742351047,1.1943102522812667,0.2952227589908749,0.04696725711218465,,
108,3.240740740740741,14.660493827160494,39.03650026838432,7.4208266237251745,11.533816425120772,6.655931293612453,6.629092860976919,0.5166398282340311,6.380837359098229,0.2952227589908749,2.006172839506173,1.2345679012345678,0.3421900161030596,0.04696725711218465,,
109,3.240740740740741,14.55984970477724,38.788244766505635,7.37385936661299,11.399624261943103,6.8035426731078905,6.743156199677939,0.5568974771873323,6.568706387546968,0.2952227589908749,1.9994632313472893,1.247987117552335,0.36902844873859364,0.04696725711218465,0.0067096081588835215,
110,2.462426194310252,16.478797638217927,37.80193236714976,7.568438003220612,11.2788513150832,6.66935050993022,6.66935050993022,0.5568974771873323,6.5485775630703165,0.2952227589908749,2.01959205582394,1.2345679012345678,0.36902844873859364,0.04696725711218465,,
111,2.462426194310252,16.42512077294686,37.567096081588836,7.5281803542673105,11.245303274288782,6.6827697262479875,6.696188942565755,0.5568974771873323,6.78341384863124,0.30193236714975846,2.0397208803005906,1.2949543746645196,0.36902844873859364,0.04696725711218465,,
112,2.4490069779924855,16.398282340311326,36.178207192699944,7.494632313472893,11.20504562533548,6.723027375201288,8.192431561996779,0.5568974771873323,6.749865807836822,0.30193236714975846,2.006172839506173,1.2949543746645196,0.4025764895330113,0.04696725711218465,,
113,2.408749329039184,16.304347826086957,35.29253891572732,7.588566827697263,11.18491680085883,6.6827697262479875,8.266237251744498,0.5367686527106817,7.50805152979066,0.3153515834675255,2.0128824476650564,1.3687600644122384,0.4495437466451959,0.08051529790660225,,
114,2.408749329039184,16.25067096081589,35.178475577026305,7.575147611379496,11.084272678475577,6.716317767042405,8.3467525496511,0.5703166935050993,7.575147611379496,0.322061191626409,2.073268921095008,1.3888888888888888,0.46296296296296297,0.04696725711218465,,
115,2.408749329039184,16.1231884057971,35.04428341384863,7.541599570585078,11.07085346215781,6.723027375201288,8.407139023081053,0.6105743424584005,7.7361782071927,0.32877079978529256,2.100107353730542,1.3955984970477724,0.46296296296296297,0.04696725711218465,,
116,2.4020397208803006,16.11647879763822,34.86312399355877,7.561728395061729,11.097691894793345,6.743156199677939,8.55475040257649,0.5703166935050993,7.830112721417069,0.3153515834675255,2.0531400966183573,1.3955984970477724,0.47638217928073,0.020128824476650563,,
117,2.3752012882447664,16.10305958132045,34.447128287708,7.387278582930757,11.332528180354267,6.790123456790123,8.59500805152979,0.5568974771873323,7.96430488459474,0.35560923242082665,2.13365539452496,1.4358561460010735,0.5032206119162641,0.020128824476650563,,
118,2.368491680085883,15.579710144927537,33.984165324745035,7.306763285024155,11.41304347826087,6.843800322061192,9.265968867418144,0.5568974771873323,8.266237251744498,0.36902844873859364,2.1806226516371443,1.4358561460010735,0.4092860976918948,0.020128824476650563,,
119,2.3550724637681157,15.505904455179817,33.682232957595275,7.320182501341922,11.506977992485238,6.870638754696726,9.212292002147075,0.5837359098228664,8.454106280193237,0.3824476650563607,2.24771873322598,1.4492753623188406,0.4092860976918948,0.020128824476650563,,
120,2.328234031132582,15.391841116478798,33.44068706387547,7.313472893183038,11.560654857756306,6.790123456790123,9.420289855072463,0.6105743424584005,8.61513687600644,0.3824476650563607,2.26784755770263,1.4492753623188406,0.4092860976918948,0.020128824476650563,,
121,2.2745571658615136,15.143585614600108,33.17901234567901,7.232957595276436,11.486849168008588,6.260064412238325,10.674986580783683,0.6172839506172839,8.641975308641975,0.3824476650563607,2.2410091250670963,1.4492753623188406,0.39586688137412773,0.020128824476650563,,
122,2.2745571658615136,14.868491680085883,33.02469135802469,8.668813741277509,10.903113258185721,6.1862587224906065,10.34621578099839,0.47638217928073,8.635265700483092,0.39586688137412773,2.4691358024691357,1.328502415458937,0.4025764895330113,0.020128824476650563,,
123,2.2342995169082127,14.834943639291465,32.6556629092861,8.628556092324208,11.20504562533548,6.1929683306494905,10.38647342995169,0.5099302200751477,8.628556092324208,0.39586688137412773,2.5563607085346214,1.3486312399355878,0.4025764895330113,0.020128824476650563,,
124,2.2208803005904456,14.761137949543746,32.46108427267848,8.601717659688674,11.231884057971014,6.199677938808374,10.426731078904991,0.49651100375738055,8.749329039184111,0.4092860976918948,2.6435856146001075,1.3553408480944713,0.4227053140096618,0.020128824476650563,,
125,2.2208803005904456,14.600107353730541,32.23295759527644,8.568169618894256,11.238593666129898,6.172839506172839,10.641438539989265,0.48980139559849706,8.903650026838433,0.4092860976918948,2.717391304347826,1.3486312399355878,0.43612453032742887,0.020128824476650563,,
126,2.147074610842727,13.66076221148685,31.407675791733762,8.440687063875469,10.795759527643586,9.829575952764358,10.601180891035963,0.4562533548040794,7.729468599033816,0.4025764895330113,2.703972088030059,1.3754696725711217,0.4294149221685454,0.020128824476650563,,
127,2.1135265700483092,13.66076221148685,30.864197530864196,9.064680622651638,10.701825013419215,9.66183574879227,10.849436392914654,0.46967257112184646,7.729468599033816,0.4025764895330113,2.6167471819645733,1.402308105206656,0.4428341384863124,0.020128824476650563,,
128,2.1068169618894257,13.627214170692431,30.575684380032207,9.07139023081052,10.735373054213634,9.655126140633387,10.82259796027912,0.5099302200751477,7.971014492753623,0.4294149221685454,2.636876006441224,1.3955984970477724,0.4428341384863124,0.020128824476650563,,
129,2.0933977455716586,13.506441223832528,29.025764895330113,9.125067096081589,12.399355877616747,9.675254965110037,10.795759527643586,0.5032206119162641,7.863660762211487,0.4294149221685454,2.7442297369833604,1.402308105206656,0.41599570585077833,0.020128824476650563,,
130,2.086688137412775,13.399087493290391,28.992216854535695,9.037842190016104,12.526838432635534,9.675254965110037,10.829307568438002,0.5300590445517982,7.823403113258186,0.4495437466451959,2.757648953301127,1.442565754159957,0.4294149221685454,0.020128824476650563,,
131,2.006172839506173,13.24476650563607,28.093129361245303,9.581320450885668,12.13768115942029,9.856414385399892,11.81561996779388,0.5099302200751477,7.6556629092860975,0.46967257112184646,2.7509393451422435,1.4492753623188406,0.4092860976918948,0.020128824476650563,,
132,2.006172839506173,13.20450885668277,27.91867954911433,9.534353193773484,12.191358024691358,9.86983360171766,11.788781535158346,0.5568974771873323,7.702630166398282,0.4562533548040794,2.737520128824477,1.5230810520665594,0.48980139559849706,0.020128824476650563,,
133,2.006172839506173,12.318840579710145,27.72410091250671,9.5276435856146,11.553945249597424,9.842995169082126,13.493022007514762,0.5568974771873323,7.608695652173913,0.5166398282340311,2.7308105206655933,1.6975308641975309,0.4025764895330113,0.020128824476650563,,
134,1.9927536231884058,12.27187332259796,27.522812667740205,9.480676328502415,11.580783682232958,9.816156736446592,13.45276435856146,0.5434782608695652,7.769726247987117,0.5770263016639828,2.757648953301127,1.8115942028985508,0.4025764895330113,0.020128824476650563,,
135,1.9927536231884058,12.037037037037036,27.294685990338163,9.420289855072463,11.614331723027375,9.802737520128824,13.459473966720344,0.5501878690284487,8.071658615136876,0.630703166935051,2.8918411164787976,1.8183038110574343,0.39586688137412773,0.020128824476650563,,
136,1.9457863660762211,11.862587224906065,27.20746108427268,9.41358024691358,11.90955448201825,9.802737520128824,13.405797101449275,0.5434782608695652,8.21256038647343,0.6239935587761675,2.831454643048846,1.8384326355340848,0.3824476650563607,0.020128824476650563,,
137,1.932367149758454,11.641170155662909,26.778046162104133,9.29951690821256,11.963231347289318,9.782608695652174,13.539989264626946,0.5434782608695652,8.514492753623188,0.644122383252818,2.999194847020934,1.932367149758454,0.4092860976918948,0.020128824476650563,,
138,1.932367149758454,11.56736446591519,26.247987117552334,9.50751476113795,12.338969404186795,9.809447128287708,13.533279656468062,0.5434782608695652,8.608427267847558,0.6508319914117016,2.945517981749866,1.8988191089640365,0.39586688137412773,0.020128824476650563,,
139,1.9122383252818036,11.513687600644122,26.154052603327965,9.447128287707997,12.332259796027913,9.769189479334408,13.593666129898015,0.5367686527106817,8.675523349436393,0.6508319914117016,3.0193236714975846,1.9659151905528718,0.4092860976918948,0.020128824476650563,,
140,1.9122383252818036,11.265432098765432,25.89908749329039,9.500805152979066,12.23161567364466,10.802469135802468,13.083735909822867,0.5837359098228664,8.695652173913043,0.6575415995705851,2.9924852388620504,1.9457863660762211,0.4092860976918948,0.020128824476650563,,
141,1.9122383252818036,11.225174449812132,25.44283413848631,9.359903381642512,12.104133118625873,10.782340311325818,13.734567901234568,0.5904455179817498,8.601717659688674,0.7112184648416533,3.1602254428341383,1.9457863660762211,0.4092860976918948,0.020128824476650563,,
142,1.9122383252818036,11.18491680085883,24.590713902308106,9.373322597960279,12.151100375738057,10.829307568438002,14.331723027375201,0.5703166935050993,8.662104133118627,0.8252818035426731,3.1870638754696725,1.9592055823939882,0.4025764895330113,0.020128824476650563,,
143,1.8719806763285025,9.044551798174986,36.05072463768116,9.27938808373591,9.473966720343531,10.601180891035963,11.33923778851315,0.4495437466451959,6.360708534621578,0.5703166935050993,3.1333870101986045,1.6304347826086956,0.17444981213097155,0.020128824476650563,,
144,1.8719806763285025,8.923778851315083,35.87627482555019,9.158615136876007,9.473966720343531,10.601180891035963,11.493558776167472,0.4294149221685454,6.575415995705851,0.6172839506172839,3.140096618357488,1.6572732152442298,0.17444981213097155,0.0067096081588835215,,
145,1.8719806763285025,8.675523349436393,35.72866344605475,8.702361782071927,9.359903381642512,11.345947396672035,11.56736446591519,0.4025764895330113,6.649221685453569,0.7045088566827697,3.126677402039721,1.6841116478797638,0.17444981213097155,0.0067096081588835215,,
146,1.8719806763285025,8.655394524959743,35.53408480944713,8.293075684380032,9.366612989801396,12.04374664519592,11.419753086419753,0.41599570585077833,6.763285024154589,0.6910896403650026,3.052871712292002,1.710950080515298,0.17444981213097155,0.0067096081588835215,,
147,1.7847557702630166,8.480944712828771,35.23215244229737,8.373590982286634,9.541062801932368,11.936392914653783,11.392914653784219,0.48980139559849706,6.944444444444445,0.7514761137949544,3.1199677938808374,1.7646269457863661,0.17444981213097155,0.013419216317767043,,
148,1.7847557702630166,8.353462157809984,34.95034889962426,8.333333333333334,9.769189479334408,11.896135265700483,11.426462694578637,0.5099302200751477,7.004830917874396,0.8387010198604401,3.166935050993022,1.7579173376274826,0.19457863660762212,0.013419216317767043,,
149,1.7579173376274826,7.997852925389157,34.735641438539986,7.722758990874933,9.655126140633387,13.848631239935587,11.11111111111111,0.5300590445517982,6.857219538378959,0.785024154589372,3.0193236714975846,1.7646269457863661,0.19457863660762212,0.0067096081588835215,0.013419216317767043,
150,1.724369296833065,7.971014492753623,34.68867418142781,7.695920558239399,9.722222222222221,13.935856146001074,11.124530327428879,0.5300590445517982,6.790123456790123,0.785024154589372,2.999194847020934,1.8183038110574343,0.19457863660762212,0.0067096081588835215,0.013419216317767043,
151,1.724369296833065,7.930756843800322,34.245840042941495,8.333333333333334,9.453837895866881,13.935856146001074,10.876274825550189,0.5166398282340311,7.078636607622115,0.8051529790660226,3.113258185721954,1.7914653784219001,0.17444981213097155,0.0067096081588835215,0.013419216317767043,
152,1.724369296833065,7.924047235641439,32.930756843800324,8.373590982286634,9.380032206119163,13.667471819645733,12.546967257112184,0.5032206119162641,7.085346215780999,0.8252818035426731,3.0864197530864197,1.7646269457863661,0.16774020397208803,0.0067096081588835215,0.013419216317767043,
153,1.724369296833065,7.924047235641439,32.68250134192163,8.393719806763285,9.46725711218465,13.560118089103597,12.580515297906603,0.5032206119162641,7.27992485238862,0.8387010198604401,3.0730005367686526,1.7713365539452497,0.18115942028985507,0.0067096081588835215,0.013419216317767043,
154,1.724369296833065,7.9106280193236715,32.06521739130435,8.387010198604402,9.614868491680086,13.79495437466452,12.553676865271068,0.4830917874396135,7.581857219538379,0.7716049382716049,3.0394524959742353,1.8719806763285025,0.18115942028985507,0.0067096081588835215,0.013419216317767043,
155,1.724369296833065,7.9106280193236715,31.97799248523886,8.454106280193237,9.634997316156737,13.687600644122384,12.4597423510467,0.4830917874396135,7.648953301127214,0.7380568974771873,3.1468062265163717,1.9189479334406871,0.18115942028985507,0.020128824476650563,0.013419216317767043,
156,1.724369296833065,7.776435856146001,31.863929146537842,8.387010198604402,9.494095544820183,14.009661835748792,12.5402576489533,0.46296296296296297,7.729468599033816,0.7380568974771873,3.1333870101986045,1.9256575415995705,0.18115942028985507,0.020128824476650563,0.013419216317767043,
157,1.724369296833065,7.628824476650563,31.548577563070317,8.467525496511003,9.500805152979066,13.982823403113258,12.553676865271068,0.46296296296296297,8.017981749865807,0.8319914117015567,3.126677402039721,1.9390767579173376,0.18115942028985507,0.020128824476650563,0.013419216317767043,
158,1.7176596886741815,7.62211486849168,31.072195383789587,8.380300590445518,9.588030059044552,14.727589908749328,12.567096081588835,0.46296296296296297,7.742887815351583,0.8588298443370908,3.046162104133119,1.9994632313472893,0.18115942028985507,0.020128824476650563,0.013419216317767043,
159,1.7176596886741815,7.555018786902845,30.897745571658614,8.246108427267847,9.655126140633387,14.660493827160494,12.640901771336553,0.49651100375738055,7.944176060118089,0.8185721953837896,3.1333870101986045,2.0128824476650564,0.1878690284487386,0.020128824476650563,0.013419216317767043,
160,1.7176596886741815,7.5281803542673105,30.817230273752013,8.239398819108963,9.702093397745571,14.606816961889425,12.70799785292539,0.5032206119162641,7.977724100912507,0.8588298443370908,3.1602254428341383,1.9592055823939882,0.1878690284487386,0.020128824476650563,0.013419216317767043,
161,1.6639828234031133,7.360440150295223,34.21229200214707,7.27992485238862,8.943907675791733,14.009661835748792,12.553676865271068,0.5300590445517982,7.601986044015029,0.8185721953837896,2.9119699409554483,1.90552871712292,0.18115942028985507,0.013419216317767043,0.013419216317767043,
