,45,50,51,53,54,55,52,56,57,58
0,93.24342458400429,6.756575415995706,,,,,,,,
1,88.09715512614063,11.902844873859367,,,,,,,,
2,83.7090713902308,16.29092860976919,,,,,,,,
3,73.87949543746645,23.19511540526033,1.4962426194310252,1.42914653784219,,,,,,
4,73.05421363392378,24.04723564143854,1.4962426194310252,1.402308105206656,,,,,,
5,69.26999463231347,23.463499731615673,5.730005367686527,1.402308105206656,0.13419216317767044,,,,,
6,65.98228663446055,26.261406333870102,5.689747718733226,1.932367149758454,0.13419216317767044,,,,,
7,48.51717659688674,43.59903381642512,6.447933440687064,1.2144390767579174,0.13419216317767044,0.08722490606548577,,,,
8,44.18947933440687,45.75281803542673,6.716317767042405,1.2144390767579174,0.13419216317767044,0.08722490606548577,1.90552871712292,,,
9,42.08266237251745,44.357219538378956,10.165056360708535,1.2144390767579174,0.13419216317767044,0.08722490606548577,1.8518518518518519,0.10735373054213634,,
10,42.3040794417606,44.20289855072464,10.0979602791197,1.2144390767579174,0.13419216317767044,0.08722490606548577,1.8518518518518519,0.10735373054213634,,
11,42.109500805152976,44.41760601180891,10.077831454643048,1.2144390767579174,0.13419216317767044,0.08722490606548577,1.8518518518518519,0.10735373054213634,,
12,41.40499194847021,45.41733762748255,9.782608695652174,1.2144390767579174,0.13419216317767044,0.08722490606548577,1.8518518518518519,0.10735373054213634,,
13,40.425389157273216,44.30354267310789,10.72866344605475,2.3617820719269993,0.13419216317767044,0.08722490606548577,1.8518518518518519,0.10735373054213634,,
14,40.727321524422976,44.14922168545357,10.641438539989265,2.341653247450349,0.13419216317767044,0.08722490606548577,1.8115942028985508,0.10735373054213634,,
15,34.78260869565217,41.680085882984436,18.491680085882983,2.3349436392914655,0.7246376811594203,0.08722490606548577,1.7914653784219001,0.10735373054213634,,
16,34.896672034353195,41.6532474503489,18.46484165324745,2.3349436392914655,0.7246376811594203,0.05367686527106817,1.7646269457863661,0.10735373054213634,,
17,34.856414385399894,41.54589371980676,16.09634997316157,2.3349436392914655,0.7045088566827697,0.05367686527106817,4.300858829844337,0.10735373054213634,,
18,32.52147074610843,41.78743961352657,15.60654857756307,4.918142780461621,0.7045088566827697,0.05367686527106817,4.300858829844337,0.10735373054213634,,
19,32.380568974771876,41.82769726247987,15.693773483628556,4.918142780461621,0.7045088566827697,0.13419216317767044,4.233762748255502,0.10735373054213634,,
20,31.622383252818036,41.706924315619965,16.794149221685455,4.918142780461621,0.49651100375738055,0.13419216317767044,4.2203435319377345,0.10735373054213634,,
21,28.931830381105744,44.51154052603328,16.760601180891037,4.918142780461621,0.49651100375738055,0.05367686527106817,4.2203435319377345,0.10735373054213634,,
22,27.046430488459475,46.98067632850242,16.680085882984432,4.441760601180891,0.49651100375738055,0.05367686527106817,4.193505099302201,0.10735373054213634,,
23,27.100107353730543,46.70558239398819,16.680085882984432,4.414922168545357,0.7447665056360708,0.05367686527106817,4.193505099302201,0.10735373054213634,,
24,21.36339237788513,53.227321524422976,15.895061728395062,4.414922168545357,0.7447665056360708,0.05367686527106817,4.193505099302201,0.10735373054213634,,
25,21.256038647342994,52.31481481481482,16.861245303274288,4.28743961352657,0.7447665056360708,0.23483628556092323,4.193505099302201,0.10735373054213634,,
26,21.26274825550188,49.18142780461621,15.331454643048845,4.28743961352657,0.7447665056360708,1.328502415458937,7.75630703166935,0.10735373054213634,,
27,20.685721953837895,44.12909286097692,20.43075684380032,4.28743961352657,0.7447665056360708,1.328502415458937,8.28636607622115,0.10735373054213634,,
28,15.68035426731079,48.70504562533548,21.443907675791735,4.28743961352657,0.7447665056360708,2.737520128824477,6.293612453032743,0.10735373054213634,,
29,15.24422973698336,44.880568974771876,27.4020397208803,4.274020397208803,0.8185721953837896,2.737520128824477,4.643048845947397,,,
30,15.640096618357488,44.65915190552872,27.294685990338163,4.206924315619967,0.8185721953837896,2.737520128824477,4.643048845947397,,,
31,15.787707997852925,44.12238325281803,27.274557165861513,4.193505099302201,0.8185721953837896,3.1870638754696725,4.616210413311863,,,
32,15.157004830917874,41.51234567901235,28.33467525496511,4.17337627482555,0.8185721953837896,2.771068169618894,7.232957595276436,,,
33,14.848362855609233,41.18357487922705,26.603596349973163,4.468599033816425,0.8185721953837896,2.6637144390767578,9.333064949006978,0.08051529790660225,,
34,14.439076757917338,36.67471819645733,33.3064949006978,2.100107353730542,0.8185721953837896,2.6637144390767578,9.916800858829845,0.08051529790660225,,
35,14.673913043478262,36.533816425120776,32.17257112184648,2.0128824476650564,0.8185721953837896,2.6637144390767578,11.044015029522276,0.08051529790660225,,
36,14.969135802469136,36.37949543746645,32.00483091787439,2.006172839506173,0.8185721953837896,2.717391304347826,11.023886205045626,0.08051529790660225,,
37,15.049651100375739,36.33923778851315,31.97128287707998,2.006172839506173,0.8185721953837896,2.7106816961889426,11.023886205045626,0.08051529790660225,,
38,13.036768652710682,41.38486312399356,27.220880300590444,1.8048845947396672,0.8185721953837896,3.629898013955985,12.02361782071927,0.08051529790660225,,
39,11.285560923242082,29.918142780461622,36.93639291465379,6.602254428341385,1.261406333870102,3.569511540526033,10.34621578099839,0.08051529790660225,,
40,10.923242082662373,28.710413311862588,36.81561996779388,6.575415995705851,2.3081052066559313,3.1602254428341383,11.332528180354267,0.17444981213097155,,
41,11.11111111111111,28.663446054750402,36.74852388620504,6.561996779388084,2.2611379495437465,3.207192699946323,11.158078368223295,0.17444981213097155,0.11406333870101985,
42,11.453301127214171,28.650026838432634,36.493558776167475,6.528448738593666,2.227589908749329,3.2004830917874396,11.158078368223295,0.17444981213097155,0.11406333870101985,
43,11.600912506709609,28.29441760601181,35.628019323671495,7.387278582930757,2.227589908749329,3.6366076221148687,10.93666129898014,0.17444981213097155,0.11406333870101985,
44,8.447396672034353,32.21282877079979,36.010466988727856,7.588566827697263,1.892109500805153,3.6366076221148687,9.796027911969942,0.30193236714975846,0.11406333870101985,
45,8.514492753623188,32.13231347289318,38.28502415458937,5.555555555555555,1.892109500805153,3.2004830917874396,9.796027911969942,0.5099302200751477,0.11406333870101985,
46,8.53462157809984,32.058507783145465,38.28502415458937,5.522007514761138,1.892109500805153,3.408480944712829,9.675254965110037,0.5099302200751477,0.11406333870101985,
47,8.662104133118627,31.57541599570585,34.80273752012882,11.352657004830919,1.5096618357487923,2.4892646269457863,9.064680622651638,0.5099302200751477,0.03354804079441761,
48,7.39398819108964,24.288781535158346,40.29790660225443,11.037305421363392,1.1406333870101986,2.4892646269457863,12.86231884057971,0.4562533548040794,0.03354804079441761,
49,7.407407407407407,24.020397208803004,41.1231884057971,10.88298443370907,3.0394524959742353,2.341653247450349,10.923242082662373,0.2616747181964573,,
50,7.313472893183038,23.275630703166936,40.33816425120773,11.748523886205046,4.133118625872249,2.0531400966183573,10.876274825550189,0.2616747181964573,,
51,7.481213097155126,22.926731078904993,37.58722490606549,11.714975845410628,4.133118625872249,2.0531400966183573,13.841921631776705,0.2616747181964573,,
52,7.689210950080516,22.564412238325282,37.2987117552335,11.701556629092861,4.072732152442297,2.4020397208803006,13.667471819645733,0.6038647342995169,,
53,7.87037037037037,22.564412238325282,37.25174449812131,11.674718196457327,4.072732152442297,2.4020397208803006,13.560118089103597,0.6038647342995169,,
54,5.864197530864198,20.001341921631777,43.505099302200755,9.333064949006978,4.663177670424047,2.1604938271604937,13.868760064412239,0.6038647342995169,,
55,6.025228126677402,19.89398819108964,42.78046162104133,9.333064949006978,4.663177670424047,2.1604938271604937,13.855340848094471,1.288244766505636,,
56,6.320450885668277,19.719538378958667,42.68652710681696,9.306226516371444,4.663177670424047,2.1604938271604937,13.855340848094471,1.288244766505636,,
57,6.588835212023618,19.53166935050993,41.619699409554485,9.25925925925926,5.736714975845411,2.1604938271604937,13.687600644122384,1.288244766505636,0.1274825550187869,
58,6.850509930220075,18.471551261406333,39.20424047235642,12.245034889962426,5.676328502415459,2.509393451422437,13.627214170692431,1.288244766505636,0.1274825550187869,
59,7.078636607622115,18.411164787976382,38.96269457863661,12.211486849168008,5.669618894256575,2.509393451422437,13.627214170692431,1.402308105206656,0.1274825550187869,
60,7.427536231884058,18.370907139023082,38.85534084809447,12.204777241009126,5.662909286097692,2.509393451422437,13.439345142243694,1.402308105206656,0.1274825550187869,
61,7.689210950080516,18.323939881910896,38.81508319914117,12.171229200214707,5.609232420826624,2.49597423510467,13.365539452495975,1.402308105206656,0.1274825550187869,
62,7.897208803005904,18.270263016639827,38.727858293075684,12.110842726784755,5.609232420826624,2.49597423510467,13.358829844337091,1.402308105206656,0.1274825550187869,
63,8.031400966183575,18.23671497584541,38.506441223832525,12.110842726784755,5.60252281266774,2.49597423510467,13.358829844337091,1.5297906602254427,0.1274825550187869,
64,8.239398819108963,18.21658615136876,38.399087493290395,12.084004294149223,5.595813204508857,2.475845410628019,13.331991411701557,1.5297906602254427,0.1274825550187869,
65,8.474235104669887,18.04884594739667,36.56736446591519,11.990069779924852,5.528717122920021,2.4892646269457863,15.24422973698336,1.5297906602254427,0.1274825550187869,
66,7.85024154589372,17.807300053676865,36.12453032742888,11.41304347826087,5.495169082125604,2.4892646269457863,17.16988727858293,1.5230810520665594,0.1274825550187869,
67,7.98443370907139,17.807300053676865,36.05072463768116,11.379495437466453,5.495169082125604,2.4892646269457863,17.143048845947398,1.5230810520665594,0.1274825550187869,
68,8.279656468062266,17.74020397208803,35.90311325818572,11.366076221148685,5.46833064949007,2.4892646269457863,17.102791196994094,1.5230810520665594,0.1274825550187869,
69,7.514761137949543,16.75389157273215,41.80085882984434,10.621309715512615,4.7638217928073,2.4825550187869028,14.096886741814279,1.8384326355340848,0.1274825550187869,
70,7.447665056360709,16.243961352657006,40.9621578099839,11.399624261943103,4.730273752012883,3.361513687600644,13.88888888888889,1.8384326355340848,0.1274825550187869,
71,7.682501341921632,16.210413311862588,40.86822329575953,11.325818572195384,4.730273752012883,3.361513687600644,13.855340848094471,1.8384326355340848,0.1274825550187869,
72,7.7361782071927,16.163446054750402,40.53274288781535,11.325818572195384,4.730273752012883,3.361513687600644,13.405797101449275,2.6167471819645733,0.1274825550187869,
73,8.199141170155663,15.96886741814278,40.31132581857219,11.325818572195384,4.7101449275362315,3.361513687600644,13.39237788513151,2.6033279656468062,0.1274825550187869,
74,8.387010198604402,15.92860976918948,40.23081052066559,11.325818572195384,4.703435319377348,3.33467525496511,13.358829844337091,2.6033279656468062,0.1274825550187869,
75,8.655394524959743,14.2914653784219,40.143585614600106,13.077026301663983,4.5893719806763285,3.33467525496511,13.144122383252817,2.5026838432635534,0.2616747181964573,
76,8.742619431025227,14.110305958132045,39.781266774020395,13.20450885668277,4.5893719806763285,3.33467525496511,13.600375738056897,2.5026838432635534,0.13419216317767044,
77,9.03113258185722,14.076757917337627,39.62694578636608,13.144122383252817,4.5893719806763285,3.307836822329576,13.58695652173913,2.5026838432635534,0.13419216317767044,
78,9.16532474503489,14.04320987654321,39.60010735373054,13.137412775093935,4.575952764358561,3.3011272141706924,13.466183574879228,2.576489533011272,0.13419216317767044,
79,9.017713365539452,12.385936661298981,39.24449812130972,12.694578636607622,4.575952764358561,3.099838969404187,16.15673644659152,2.576489533011272,0.24825550187869028,
80,8.179012345679013,9.91009125067096,38.49302200751476,12.084004294149223,4.066022544283414,3.0730005367686526,21.370101986044016,2.576489533011272,0.24825550187869028,
81,8.252818035426731,9.91009125067096,38.439345142243695,12.084004294149223,4.05931293612453,3.0730005367686526,21.35668276972625,2.576489533011272,0.24825550187869028,
82,8.36688137412775,9.86983360171766,38.405797101449274,13.875469672571121,4.05931293612453,3.066290928609769,19.53166935050993,2.576489533011272,0.24825550187869028,
83,6.367418142780462,7.39398819108964,34.60144927536232,13.197799248523886,3.6902844873859366,4.2270531400966185,27.710681696188942,2.677133655394525,0.13419216317767044,
84,4.85775630703167,22.108158883521202,30.381105743424584,8.433977455716587,2.1940418679549114,3.7775093934514223,25.583735909822867,2.5295222758990876,0.13419216317767044,
85,5.052334943639291,22.108158883521202,32.80327428878154,7.440955448201825,2.1940418679549114,3.8915727321524423,23.879495437466453,2.49597423510467,0.13419216317767044,
86,5.199946323134729,21.027911969940956,32.55501878690284,7.273215244229737,2.1940418679549114,5.367686527106817,23.752012882447666,2.49597423510467,0.13419216317767044,
87,5.3274288781535155,20.96081588835212,32.52818035426731,7.246376811594203,2.187332259796028,5.367686527106817,23.752012882447666,2.49597423510467,0.13419216317767044,
88,5.407944176060118,20.96081588835212,32.50134192163178,7.246376811594203,2.187332259796028,5.367686527106817,23.64465915190553,2.49597423510467,0.1878690284487386,
89,5.045625335480408,18.46484165324745,35.581052066559316,7.1725711218464845,3.44873859366613,5.367686527106817,22.342995169082126,2.442297369833602,0.13419216317767044,
90,4.790660225442834,18.095813204508858,43.46484165324745,7.1725711218464845,3.066290928609769,4.569243156199678,16.720343531937736,1.9927536231884058,0.1274825550187869,
91,4.951690821256038,18.095813204508858,43.41787439613527,7.1725711218464845,3.066290928609769,4.53569511540526,16.639828234031132,1.9927536231884058,0.1274825550187869,
92,4.9651100375738055,17.23027375201288,35.990338164251206,7.0383789586688135,3.052871712292002,4.4820182501341925,25.120772946859905,1.9927536231884058,0.1274825550187869,
93,5.22007514761138,17.08937198067633,35.990338164251206,7.0383789586688135,3.052871712292002,4.441760601180891,25.06038647342995,1.9927536231884058,0.11406333870101985,
94,5.233494363929147,16.961889425657542,38.29173376274826,7.018250134192163,3.026033279656468,3.4688674181427803,24.335748792270532,1.5499194847020934,0.11406333870101985,
95,5.448201825013419,16.928341384863124,38.177670424047236,7.018250134192163,2.985775630703167,3.4688674181427803,24.308910359634996,1.5499194847020934,0.11406333870101985,
96,5.548845947396672,16.854535695115406,37.97638217928073,7.018250134192163,4.609500805152979,3.549382716049383,22.638217928073,1.6908212560386473,0.11406333870101985,
97,5.763553408480945,16.78743961352657,37.63419216317767,6.9243156199677935,4.609500805152979,3.549382716049383,22.946859903381643,1.6706924315619969,0.11406333870101985,
98,5.897745571658615,16.74718196457327,37.56038647342995,6.904186795491143,4.609500805152979,3.549382716049383,22.946859903381643,1.6706924315619969,0.11406333870101985,
99,6.219806763285024,16.74718196457327,37.37251744498121,6.904186795491143,4.555823939881911,3.549382716049383,22.779119699409556,1.7579173376274826,0.11406333870101985,
100,6.320450885668277,16.686795491143318,37.36580783682233,6.904186795491143,4.555823939881911,3.549382716049383,22.745571658615138,1.7579173376274826,0.11406333870101985,
101,6.488191089640365,16.505636070853463,37.25845410628019,6.904186795491143,4.555823939881911,3.7037037037037037,22.71202361782072,1.7579173376274826,0.11406333870101985,
102,6.575415995705851,16.505636070853463,40.183843263553406,5.508588298443371,4.555823939881911,3.6634460547504024,21.14868491680086,1.7444981213097155,0.11406333870101985,
103,6.219806763285024,7.0383789586688135,38.217928073000536,18.914385399892645,3.656736446591519,3.0394524959742353,21.054750402576488,1.7444981213097155,0.11406333870101985,
104,6.166129898013956,6.763285024154589,37.07058507783145,18.874127750939344,3.656736446591519,3.012614063338701,22.5979602791197,1.7444981213097155,0.11406333870101985,
105,5.964841653247451,6.528448738593666,38.258185721953836,18.21658615136876,3.5091250670960816,2.9119699409554483,23.05421363392378,1.442565754159957,0.11406333870101985,
106,6.011808910359635,6.454643048845948,40.734031132581855,18.189747718733226,3.193773483628556,2.8247450348899625,21.034621578099838,1.442565754159957,0.11406333870101985,
107,5.595813204508857,5.790391841116479,50.16774020397209,15.4723564143854,2.885131508319914,2.9790660225442833,15.707192699946322,1.288244766505636,0.11406333870101985,
108,5.83064949006978,5.783682232957595,50.10064412238325,15.411969940955448,2.85829307568438,2.9790660225442833,15.633387010198604,1.288244766505636,0.11406333870101985,
109,5.059044551798175,3.408480944712829,55.461621041331185,14.06333870101986,2.657004830917874,2.965646806226516,14.895330112721417,1.3754696725711217,0.11406333870101985,
110,4.7101449275362315,3.3145464304884595,57.43424584004294,13.875469672571121,2.657004830917874,2.871712292002147,13.647342995169081,1.3754696725711217,0.11406333870101985,
111,4.87788513150832,3.307836822329576,57.37385936661299,13.734567901234568,2.657004830917874,2.871712292002147,13.419216317767042,1.4694041867954912,0.2885131508319914,
112,4.696725711218465,3.307836822329576,58.863392377885134,13.56682769726248,2.24771873322598,2.4825550187869028,13.345410628019323,1.1003757380568975,0.38915727321524424,
113,4.958400429414922,3.307836822329576,58.61513687600644,13.539989264626946,2.24771873322598,2.4825550187869028,13.050187869028449,1.4090177133655395,0.38915727321524424,
114,5.199946323134729,3.307836822329576,58.48094471282877,13.45276435856146,2.2410091250670963,2.4825550187869028,13.036768652710682,1.4090177133655395,0.38915727321524424,
115,5.407944176060118,3.2877079978529253,58.3870101986044,13.399087493290391,2.2410091250670963,2.4825550187869028,12.99651100375738,1.4090177133655395,0.38915727321524424,
116,5.5756843800322065,3.2742887815351582,56.99141170155663,13.365539452495975,2.952227589908749,2.563070316693505,12.835480407944177,2.0531400966183573,0.38915727321524424,
117,5.629361245303274,3.2742887815351582,52.12023617820719,13.345410628019323,2.4892646269457863,2.563070316693505,18.02871712292002,2.1604938271604937,0.38915727321524424,
118,5.844068706387547,3.2742887815351582,51.95920558239399,13.345410628019323,2.4892646269457863,2.563070316693505,17.975040257648953,2.1604938271604937,0.38915727321524424,
119,5.622651637144391,3.2541599570585076,52.41545893719807,13.741277509393452,2.4892646269457863,2.563070316693505,17.693236714975846,1.8317230273752012,0.38915727321524424,
120,5.776972624798712,3.2541599570585076,52.33494363929147,13.714439076757918,2.475845410628019,2.563070316693505,17.693236714975846,1.7981749865807837,0.38915727321524424,
121,4.830917874396135,2.227589908749329,57.14573268921095,12.506709608158884,2.301395598497048,2.522812667740204,16.129898013955984,1.8317230273752012,0.5032206119162641,
122,5.179817498658078,2.227589908749329,56.86392914653784,12.493290391841116,2.2946859903381642,2.522812667740204,16.109769189479334,1.8048845947396672,0.5032206119162641,
123,5.448201825013419,2.227589908749329,56.62238325281803,12.493290391841116,2.2611379495437465,2.522812667740204,16.022544283413847,1.8988191089640365,0.5032206119162641,
124,5.60252281266774,2.227589908749329,56.38083735909823,12.493290391841116,2.2611379495437465,2.623456790123457,16.009125067096083,1.8988191089640365,0.5032206119162641,
125,5.850778314546431,2.227589908749329,56.25335480407944,12.345679012345679,2.2611379495437465,2.623456790123457,15.895061728395062,2.0397208803005906,0.5032206119162641,
126,6.011808910359635,2.227589908749329,56.166129898013956,12.298711755233494,2.2611379495437465,2.623456790123457,15.868223295759528,2.0397208803005906,0.5032206119162641,
127,6.099033816425121,2.227589908749329,55.97826086956522,12.298711755233494,2.2611379495437465,2.7241009125067097,15.868223295759528,2.0397208803005906,0.5032206119162641,
128,6.280193236714976,2.227589908749329,55.864197530864196,12.27187332259796,2.2611379495437465,2.7241009125067097,15.827965646806227,2.0397208803005906,0.5032206119162641,
129,6.233225979602791,2.147074610842727,54.92485238862051,12.245034889962426,3.5292538915727323,2.7106816961889426,15.673644659151906,2.033011272141707,0.5032206119162641,
130,6.474771873322598,2.147074610842727,54.750402576489535,12.245034889962426,3.5292538915727323,2.7106816961889426,15.619967793880837,2.01959205582394,0.5032206119162641,
131,6.642512077294686,2.147074610842727,54.49543746645196,12.23161567364466,3.5292538915727323,2.690552871712292,15.60654857756307,2.15378421900161,0.5032206119162641,
132,6.769994632313473,2.147074610842727,53.938539989264626,12.23161567364466,4.891304347826087,2.677133655394525,14.834943639291465,2.006172839506173,0.5032206119162641,
133,6.870638754696726,2.0531400966183573,53.38835212023618,12.06387546967257,4.891304347826087,3.3145464304884595,14.80810520665593,2.1068169618894257,0.5032206119162641,
134,6.179549114331723,1.0131508319914118,63.768115942028984,7.977724100912507,4.528985507246377,3.4017713365539453,10.681696188942565,1.9927536231884058,0.4562533548040794,
135,6.213097155126141,0.6910896403650026,63.67418142780462,7.977724100912507,4.51556629092861,4.03918411164788,10.44015029522276,1.9927536231884058,0.4562533548040794,
136,6.414385399892646,0.6910896403650026,63.519860440150296,7.977724100912507,4.488727858293076,4.03918411164788,10.426731078904991,1.9860440150295222,0.4562533548040794,
137,6.340579710144928,0.39586688137412773,64.84165324745035,9.272678475577026,3.911701556629093,3.455448201825013,9.373322597960279,1.9524959742351047,0.4562533548040794,
138,6.447933440687064,0.39586688137412773,63.747987117552334,10.34621578099839,3.8848631239935587,3.455448201825013,9.312936124530328,1.9524959742351047,0.4562533548040794,
139,6.595544820182502,0.39586688137412773,62.31884057971015,11.802200751476114,3.8848631239935587,3.280998389694042,9.312936124530328,1.9524959742351047,0.4562533548040794,
140,6.843800322061192,0.39586688137412773,61.94981213097155,11.802200751476114,3.844605475040258,3.5426731078904994,9.232420826623725,1.932367149758454,0.4562533548040794,
141,6.850509930220075,0.3757380568974772,60.158346752549654,11.79549114331723,4.428341384863124,3.502415458937198,9.198872785829307,3.2340311325818574,0.4562533548040794,
142,6.447933440687064,0.36231884057971014,65.99570585077832,11.77536231884058,2.999194847020934,3.6366076221148687,5.173107890499195,3.0931293612453032,0.5166398282340311,
143,6.769994632313473,0.36231884057971014,65.62667740203972,11.748523886205046,3.012614063338701,3.6097691894793345,5.166398282340311,3.1870638754696725,0.5166398282340311,
144,6.998121309715513,0.36231884057971014,65.46564680622652,11.721685453569512,2.9790660225442833,3.6097691894793345,5.159688674181428,3.1870638754696725,0.5166398282340311,
145,7.132313472893183,0.36231884057971014,65.17713365539453,11.668008588298443,2.9790660225442833,3.6097691894793345,5.159688674181428,3.3950617283950617,0.5166398282340311,
146,7.320182501341922,0.36231884057971014,64.64707461084272,12.68786902844874,2.9790660225442833,3.1736446591519054,4.958400429414922,3.3548040794417604,0.5166398282340311,
147,7.50805152979066,0.36231884057971014,64.49946323134729,12.654320987654321,2.9790660225442833,3.1736446591519054,4.951690821256038,3.3548040794417604,0.5166398282340311,
148,7.615405260332796,0.36231884057971014,62.9898013955985,12.654320987654321,2.9790660225442833,4.609500805152979,4.951690821256038,3.321256038647343,0.5166398282340311,
149,7.823403113258186,0.36231884057971014,62.61406333870102,12.654320987654321,2.9790660225442833,4.7168545356951155,4.944981213097155,3.388352120236178,0.5166398282340311,
150,7.64224369296833,0.36231884057971014,59.5679012345679,12.634192163177671,3.1870638754696725,5.481749865807837,7.179280730005368,3.4286097691894795,0.5166398282340311,
151,7.5348899624261945,0.36231884057971014,57.2463768115942,11.352657004830919,3.1870638754696725,6.66935050993022,9.702093397745571,3.4286097691894795,0.5166398282340311,
152,7.6556629092860975,0.36231884057971014,57.90391841116479,11.272141706924316,2.7442297369833604,6.66935050993022,9.588030059044552,3.2877079978529253,0.5166398282340311,
153,7.776435856146001,0.3488996242619431,57.10547504025765,11.272141706924316,2.7308105206655933,7.407407407407407,9.554482018250134,3.2877079978529253,0.5166398282340311,
154,8.024691358024691,0.3488996242619431,56.94444444444444,11.272141706924316,2.7308105206655933,7.347020933977456,9.5276435856146,3.2877079978529253,0.5166398282340311,
155,8.199141170155663,0.3488996242619431,56.83038110574343,11.245303274288782,2.7308105206655933,7.347020933977456,9.494095544820183,3.2877079978529253,0.5166398282340311,
156,8.360171765968868,0.3421900161030596,56.72302737520129,11.231884057971014,2.7308105206655933,7.347020933977456,9.460547504025765,3.2877079978529253,0.5166398282340311,
157,8.541331186258722,0.3421900161030596,56.5955448201825,11.231884057971014,2.7308105206655933,7.320182501341922,9.433709071390231,3.2877079978529253,0.5166398282340311,
158,8.682232957595277,0.3421900161030596,56.387546967257116,11.178207192699947,2.7308105206655933,7.313472893183038,9.433709071390231,3.4151905528717124,0.5166398282340311,
159,8.487654320987655,0.3421900161030596,53.40177133655394,10.359634997316157,2.15378421900161,7.159151905528717,14.237788513150832,3.3413848631239937,0.5166398282340311,
160,8.776167471819646,0.3421900161030596,53.28770799785293,10.312667740203972,2.15378421900161,7.139023081052066,14.130434782608695,3.3413848631239937,0.5166398282340311,
161,8.729200214707461,0.3421900161030596,53.20048309178744,10.084541062801932,2.086688137412775,7.219538378958669,14.600107353730541,3.3413848631239937,0.39586688137412773,
162,8.883521202361782,0.3421900161030596,53.07300053676865,10.057702630166398,2.086688137412775,7.199409554482019,14.526301663982823,3.435319377348363,0.39586688137412773,
163,8.964036500268385,0.3421900161030596,52.95222758990875,10.057702630166398,2.086688137412775,7.185990338164252,14.512882447665056,3.502415458937198,0.39586688137412773,
164,8.07836822329576,0.3421900161030596,51.72436929683307,9.29951690821256,1.7713365539452497,4.394793344068707,20.79307568438003,3.0394524959742353,0.5568974771873323,
165,8.3064949006978,0.3421900161030596,51.308373590982285,10.621309715512615,1.7646269457863661,4.394793344068707,19.665861513687602,3.0394524959742353,0.5568974771873323,
166,8.487654320987655,0.33548040794417605,50.254965110037574,11.668008588298443,1.7646269457863661,4.280730005367687,19.598765432098766,3.052871712292002,0.5568974771873323,
167,8.57487922705314,0.322061191626409,49.80542136339238,12.164519592055823,1.7646269457863661,4.26731078904992,19.51825013419216,3.026033279656468,0.5568974771873323,
168,8.735909822866345,0.322061191626409,49.57729468599034,12.13768115942029,1.7646269457863661,4.26731078904992,19.370638754696724,3.2675791733762747,0.5568974771873323,
169,8.829844337090714,0.322061191626409,49.43639291465379,12.13768115942029,1.7646269457863661,4.26731078904992,19.32367149758454,3.361513687600644,0.5568974771873323,
170,9.03113258185722,0.322061191626409,49.23510466988728,12.097423510466989,1.7646269457863661,4.26731078904992,19.249865807836823,3.475577026301664,0.5568974771873323,
171,9.245840042941492,0.322061191626409,49.10762211486849,12.02361782071927,1.7646269457863661,4.26731078904992,19.236446591519055,3.475577026301664,0.5568974771873323,
172,9.494095544820183,0.322061191626409,49.020397208803004,11.949812130971551,1.7646269457863661,4.26731078904992,19.162640901771336,3.4621578099838968,0.5568974771873323,
173,9.608158883521202,0.322061191626409,48.92646269457864,11.943102522812667,1.7646269457863661,4.26731078904992,19.162640901771336,3.44873859366613,0.5568974771873323,
174,9.77589908749329,0.322061191626409,48.83923778851315,11.916264090177133,2.952227589908749,4.26731078904992,18.04884594739667,3.421900161030596,0.4562533548040794,
175,9.883252818035427,0.322061191626409,48.611111111111114,11.916264090177133,2.898550724637681,4.502147074610843,18.015297906602253,3.421900161030596,0.4294149221685454,
176,10.077831454643048,0.322061191626409,48.309178743961354,11.902844873859367,2.898550724637681,4.502147074610843,17.934782608695652,3.6231884057971016,0.4294149221685454,
177,10.406602254428341,0.322061191626409,48.121309715512616,11.842458400429415,2.898550724637681,4.4753086419753085,17.887815351583466,3.616478797638218,0.4294149221685454,
178,10.487117552334944,0.322061191626409,48.007246376811594,11.81561996779388,2.898550724637681,4.542404723564144,17.881105743424584,3.616478797638218,0.4294149221685454,
179,10.587761674718196,0.322061191626409,47.97369833601718,11.788781535158346,2.898550724637681,4.542404723564144,17.840848094471284,3.616478797638218,0.4294149221685454,
180,10.721953837895867,0.322061191626409,47.678475577026305,10.976918947933441,2.898550724637681,4.49543746645196,18.753354804079443,3.7238325281803544,0.4294149221685454,
181,11.09098228663446,0.322061191626409,47.55099302200752,10.916532474503489,2.8113258185721954,4.4820182501341925,18.686258722490606,3.7104133118625873,0.4294149221685454,
182,11.11111111111111,0.17444981213097155,47.28931830381106,10.7085346215781,4.126409017713366,4.367954911433173,17.961621041331185,3.8311862587224907,0.4294149221685454,
183,11.345947396672035,0.17444981213097155,47.18196457326892,10.654857756307031,4.126409017713366,4.334406870638754,17.921363392377884,3.8311862587224907,0.4294149221685454,
184,11.211755233494364,0.17444981213097155,48.19511540526033,10.547504025764896,4.126409017713366,4.314278046162104,17.921363392377884,2.885131508319914,0.6239935587761675,
185,11.466720343531938,0.15432098765432098,48.067632850241544,10.520665593129362,4.126409017713366,4.26731078904992,17.894524959742352,2.8784219001610305,0.6239935587761675,
186,11.735104669887278,0.15432098765432098,47.89318303811057,10.487117552334944,4.126409017713366,4.42163177670424,17.69994632313473,2.85829307568438,0.6239935587761675,
187,11.849168008588299,0.15432098765432098,47.81266774020397,10.466988727858293,4.1129898013955986,4.42163177670424,17.69994632313473,2.85829307568438,0.6239935587761675,
188,11.90955448201825,0.15432098765432098,47.779119699409556,10.46027911969941,4.1129898013955986,4.42163177670424,17.67981749865808,2.85829307568438,0.6239935587761675,
189,12.191358024691358,0.15432098765432098,47.65163714439077,10.446859903381643,4.032474503488996,4.42163177670424,17.619431025228128,2.85829307568438,0.6239935587761675,
190,12.432903918411165,0.15432098765432098,47.49060654857756,10.446859903381643,4.019055287171229,4.40150295222759,17.57246376811594,2.85829307568438,0.6239935587761675,
191,12.526838432635534,0.15432098765432098,50.275093934514224,10.38647342995169,4.0995705850778315,4.4820182501341925,14.734299516908212,2.7844873859366612,0.5568974771873323,
192,12.110842726784755,0.14090177133655393,48.21524422973698,10.332796564680622,4.005636070853462,3.5091250670960816,18.50509930220075,2.6301663982823404,0.5501878690284487,
193,12.332259796027913,0.14090177133655393,48.101180891035966,10.299248523886206,4.005636070853462,3.4822866344605474,18.45813204508857,2.6301663982823404,0.5501878690284487,
194,12.352388620504563,0.14090177133655393,47.92002147074611,10.030864197530864,4.005636070853462,3.4822866344605474,18.45813204508857,2.7643585614600106,0.8454106280193237,
195,12.466451959205582,0.14090177133655393,47.87976382179281,10.010735373054214,4.005636070853462,3.4822866344605474,18.411164787976382,2.7643585614600106,0.8387010198604401,
196,12.882447665056361,0.14090177133655393,47.63150831991412,9.896672034353195,4.005636070853462,3.4621578099838968,18.397745571658614,2.7643585614600106,0.8185721953837896,
197,13.070316693505099,0.14090177133655393,47.56441223832528,9.836285560923242,4.005636070853462,3.4286097691894795,18.370907139023082,2.7643585614600106,0.8185721953837896,
198,13.331991411701557,0.14090177133655393,47.356414385399894,9.789318303811058,3.978797638217928,3.4286097691894795,18.256843800322063,2.898550724637681,0.8185721953837896,
199,13.513150831991412,0.14090177133655393,47.27589908749329,9.782608695652174,3.978797638217928,3.4286097691894795,18.189747718733226,2.871712292002147,0.8185721953837896,
200,13.647342995169081,0.14090177133655393,47.20880300590446,9.77589908749329,3.978797638217928,3.4286097691894795,18.129361245303276,2.871712292002147,0.8185721953837896,
201,13.989533011272142,0.14090177133655393,46.98067632850242,9.655126140633387,3.9452495974235107,3.488996242619431,18.06897477187332,2.804616210413312,0.9259259259259259,
202,14.325013419216317,0.14090177133655393,46.77938808373591,9.588030059044552,3.9184111647879765,3.4688674181427803,18.06897477187332,2.804616210413312,0.9057971014492754,
203,14.42565754159957,0.14090177133655393,46.70558239398819,9.561191626409018,3.9184111647879765,3.4688674181427803,18.06897477187332,2.804616210413312,0.9057971014492754,
204,14.667203435319378,0.1274825550187869,46.63177670424047,9.561191626409018,3.9184111647879765,3.455448201825013,17.92807300053677,2.804616210413312,0.9057971014492754,
205,14.781266774020397,0.1274825550187869,46.564680622651636,9.561191626409018,3.8915727321524423,3.455448201825013,17.907944176060116,2.804616210413312,0.9057971014492754,
206,14.80810520665593,0.0939345142243693,47.537573805689746,9.158615136876007,3.8311862587224907,3.455448201825013,17.58588298443371,2.804616210413312,0.7246376811594203,
207,14.546430488459475,0.0939345142243693,47.26918947933441,8.427267847557703,3.8177670424047236,3.455448201825013,18.98148148148148,2.804616210413312,0.6038647342995169,
208,14.74771873322598,0.0939345142243693,47.06119162640902,8.407139023081053,3.8177670424047236,3.5628019323671496,18.914385399892645,2.791196994095545,0.6038647342995169,
209,14.801395598497047,0.0939345142243693,47.02093397745572,8.407139023081053,3.8177670424047236,3.5628019323671496,18.914385399892645,2.7777777777777777,0.6038647342995169,
210,15.063070316693505,0.0939345142243693,46.866612989801396,8.319914117015566,3.8177670424047236,3.5628019323671496,18.894256575415994,2.7777777777777777,0.6038647342995169,
211,15.103327965646805,0.0939345142243693,46.70558239398819,8.319914117015566,3.8177670424047236,3.7104133118625873,18.867418142780462,2.7777777777777777,0.6038647342995169,
212,15.304616210413311,0.0939345142243693,46.65190552871712,8.319914117015566,3.784219001610306,3.7104133118625873,18.760064412238325,2.771068169618894,0.6038647342995169,
213,15.391841116478798,0.0939345142243693,46.43719806763285,8.313204508856682,3.9184111647879765,3.7104133118625873,18.65271068169619,2.8784219001610305,0.6038647342995169,
214,15.727321524422974,0.0939345142243693,46.20907139023081,8.299785292538916,3.9184111647879765,3.69699409554482,18.57890499194847,2.871712292002147,0.6038647342995169,
215,15.955448201825014,0.0939345142243693,46.03462157809984,8.299785292538916,3.9184111647879765,3.69699409554482,18.531937734836287,2.871712292002147,0.5971551261406334,
216,16.183574879227052,0.0939345142243693,45.967525496511,8.259527643585615,3.9184111647879765,3.69699409554482,18.411164787976382,2.871712292002147,0.5971551261406334,
217,16.284219001610307,0.0939345142243693,45.91384863123994,8.252818035426731,3.911701556629093,3.69699409554482,18.377616747181964,2.871712292002147,0.5971551261406334,
218,16.317767042404725,0.0939345142243693,45.71256038647343,8.232689210950081,3.911701556629093,3.69699409554482,18.370907139023082,3.066290928609769,0.5971551261406334,
219,16.552603327965645,0.0939345142243693,45.69243156199678,8.172302737520129,3.911701556629093,3.683574879227053,18.250134192163177,3.046162104133119,0.5971551261406334,
220,16.639828234031132,0.0939345142243693,45.62533548040794,8.172302737520129,3.911701556629093,3.683574879227053,18.250134192163177,3.046162104133119,0.5770263016639828,
221,16.97530864197531,0.0939345142243693,45.46430488459474,8.064949006977992,3.9720880300590444,3.629898013955985,18.23671497584541,2.985775630703167,0.5770263016639828,
222,17.05582393988191,0.0939345142243693,45.33682232957595,8.064949006977992,3.9586688137412773,3.629898013955985,18.209876543209877,3.0730005367686526,0.5770263016639828,
223,17.102791196994094,0.0939345142243693,45.3166935050993,8.064949006977992,3.9586688137412773,3.629898013955985,18.183038110574344,3.0730005367686526,0.5770263016639828,
224,17.257112184648417,0.0939345142243693,45.2361782071927,8.031400966183575,3.9586688137412773,3.616478797638218,18.156199677938808,3.0730005367686526,0.5770263016639828,
225,17.398013955984972,0.0939345142243693,45.20263016639828,8.031400966183575,3.9452495974235107,3.603059581320451,18.075684380032207,3.0730005367686526,0.5770263016639828,
226,17.51207729468599,0.0939345142243693,45.189210950080515,8.017981749865807,3.9452495974235107,3.603059581320451,17.98845947396672,3.0730005367686526,0.5770263016639828,
227,17.67981749865808,0.0939345142243693,45.06172839506173,8.017981749865807,3.9452495974235107,3.603059581320451,17.94820182501342,3.0730005367686526,0.5770263016639828,
228,17.726784755770264,0.0939345142243693,44.93424584004294,8.017981749865807,3.9452495974235107,3.603059581320451,17.914653784219002,3.1870638754696725,0.5770263016639828,
229,17.894524959742352,0.0939345142243693,44.860440150295226,8.017981749865807,3.9049919484702094,3.589640365002684,17.881105743424584,3.180354267310789,0.5770263016639828,
230,17.98845947396672,0.0939345142243693,44.81347289318304,8.011272141706923,4.032474503488996,3.589640365002684,17.713365539452496,3.180354267310789,0.5770263016639828,
231,18.075684380032207,0.0939345142243693,44.7463768115942,8.011272141706923,4.032474503488996,3.589640365002684,17.693236714975846,3.180354267310789,0.5770263016639828,
232,16.25067096081589,10.044283413848632,41.136607622114866,7.5281803542673105,3.683574879227053,3.408480944712829,14.378690284487385,2.999194847020934,0.5703166935050993,
233,16.485507246376812,9.98389694041868,41.04938271604938,7.521470746108427,3.683574879227053,3.3950617283950617,14.358561460010735,2.952227589908749,0.5703166935050993,
234,16.21712292002147,9.950348899624261,42.3040794417606,7.514761137949543,3.670155662909286,3.374932903918411,13.47289318303811,2.952227589908749,0.5434782608695652,
235,16.358024691358025,9.950348899624261,42.089371980676326,7.50805152979066,3.6634460547504024,3.374932903918411,13.22463768115942,3.1736446591519054,0.6575415995705851,
236,16.398282340311326,9.896672034353195,41.55931293612453,7.39398819108964,3.6634460547504024,3.3279656468062266,13.962694578636608,3.140096618357488,0.6575415995705851,
237,16.458668813741276,9.86983360171766,41.52576489533011,7.39398819108964,3.6634460547504024,3.3279656468062266,13.962694578636608,3.140096618357488,0.6575415995705851,
238,16.532474503488995,9.86983360171766,41.47879763821793,7.380568974771873,3.6634460547504024,3.3279656468062266,13.962694578636608,3.126677402039721,0.6575415995705851,
239,16.63311862587225,9.86983360171766,41.41170155662909,7.380568974771873,3.629898013955985,3.3279656468062266,13.962694578636608,3.126677402039721,0.6575415995705851,
240,16.606280193236714,9.722222222222221,41.04938271604938,7.380568974771873,4.166666666666667,3.502415458937198,13.79495437466452,3.1199677938808374,0.6575415995705851,
241,16.814278046162105,9.634997316156737,40.74074074074074,7.37385936661299,4.166666666666667,3.616478797638218,13.788244766505636,3.207192699946323,0.6575415995705851,
