,45,50,55,51,52,56,57,53,54,59,60,58,61,62,46,63
0,99.20155662909286,0.798443370907139,,,,,,,,,,,,,,
1,81.68276972624798,18.183038110574344,0.13419216317767044,,,,,,,,,,,,,
2,74.0606548577563,25.751476113794954,0.16774020397208803,0.020128824476650563,,,,,,,,,,,,
3,73.99355877616748,25.744766505636072,0.2147074610842727,0.020128824476650563,0.026838432635534086,,,,,,,,,,,
4,62.473161567364464,25.389157273215243,0.20128824476650564,11.929683306494901,0.0067096081588835215,,,,,,,,,,,
5,50.348899624261946,30.17981749865808,0.1274825550187869,19.249865807836823,,0.0939345142243693,,,,,,,,,,
6,50.28180354267311,29.911433172302736,0.8722490606548577,13.298443370907139,5.562265163714439,0.07380568974771873,,,,,,,,,,
7,46.484165324745035,27.932098765432098,0.9460547504025765,19.00161030595813,5.562265163714439,0.07380568974771873,,,,,,,,,,
8,46.11513687600644,28.093129361245303,0.7447665056360708,18.84728931830381,5.938003220611916,0.2281266774020397,0.03354804079441761,,,,,,,,,
9,39.60010735373054,21.349973161567366,0.6575415995705851,32.420826623725176,5.917874396135265,,0.05367686527106817,,,,,,,,,
10,39.51959205582394,21.24261943102523,0.6776704240472357,32.1256038647343,5.917874396135265,0.46296296296296297,0.05367686527106817,,,,,,,,,
11,38.99624261943102,21.07487922705314,0.6910896403650026,32.085346215781,6.608964036500268,0.48980139559849706,0.05367686527106817,,,,,,,,,
12,38.99624261943102,21.034621578099838,0.7313472893183038,31.944444444444443,6.608964036500268,0.630703166935051,0.05367686527106817,,,,,,,,,
13,39.02308105206656,21.007783145464305,0.7581857219538379,31.904186795491142,6.575415995705851,0.644122383252818,0.08722490606548577,,,,,,,,,
14,7.7361782071927,53.213902308105204,0.7716049382716049,23.65136876006441,13.654052603327965,0.8454106280193237,0.1274825550187869,,,,,,,,,
15,7.689210950080516,53.22061191626409,0.8118625872249061,23.597691894793343,13.654052603327965,0.8990874932903918,0.1274825550187869,,,,,,,,,
16,6.052066559312936,48.792270531400966,1.0869565217391304,30.48174986580784,13.211218464841654,0.24825550187869028,0.1274825550187869,,,,,,,,,
17,6.038647342995169,48.631239935587764,1.261406333870102,24.966451959205582,18.57890499194847,0.33548040794417605,0.1878690284487386,,,,,,,,,
18,5.998389694041868,41.056092324208265,1.221148684916801,24.93961352657005,18.5654857756307,0.36231884057971014,0.20128824476650564,7.6556629092860975,,,,,,,,
19,6.011808910359635,33.65539452495974,8.57487922705314,24.838969404186795,18.51851851851852,0.46296296296296297,0.23483628556092323,7.64224369296833,0.026838432635534086,0.013419216317767043,0.020128824476650563,,,,,
20,6.025228126677402,33.51449275362319,8.53462157809984,24.805421363392377,18.511808910359633,0.49651100375738055,0.24154589371980675,7.5348899624261945,0.013419216317767043,0.17444981213097155,0.020128824476650563,0.1274825550187869,,,,
21,6.045356951154052,33.44068706387547,8.581588835212024,24.771873322597962,18.438003220611915,0.5233494363929146,0.3153515834675255,7.5348899624261945,0.013419216317767043,0.17444981213097155,0.03354804079441761,0.1274825550187869,,,,
22,6.0587761674718195,33.08507783145464,8.836553945249598,24.55716586151369,18.38432635534085,0.7917337627482555,0.3421900161030596,7.561728395061729,0.013419216317767043,0.17444981213097155,0.06709608158883522,0.1274825550187869,,,,
23,6.0587761674718195,32.729468599033815,9.192163177670425,24.54374664519592,18.38432635534085,0.8051529790660226,0.3421900161030596,7.561728395061729,0.013419216317767043,0.17444981213097155,0.06709608158883522,0.1274825550187869,,,,
24,6.072195383789587,32.72275899087493,9.192163177670425,27.89855072463768,14.97584541062802,0.9057971014492754,0.28180354267310787,7.092055823939882,0.013419216317767043,0.6239935587761675,0.06709608158883522,0.15432098765432098,,,,
25,5.897745571658615,31.716317767042405,9.219001610305957,24.90606548577563,14.432367149758454,1.2144390767579174,0.28180354267310787,11.419753086419753,0.013419216317767043,0.644122383252818,0.10064412238325282,0.15432098765432098,,,,
26,5.10601180891036,29.857756307031668,7.682501341921632,29.240472356414386,14.418947933440688,0.9125067096081588,0.46296296296296297,11.406333870101985,0.013419216317767043,0.644122383252818,0.10064412238325282,0.15432098765432098,,,,
27,5.0993022007514766,29.542404723564143,7.7898550724637685,28.77750939345142,14.096886741814279,1.8988191089640365,0.47638217928073,11.406333870101985,0.013419216317767043,0.644122383252818,0.10064412238325282,0.15432098765432098,,,,
28,5.112721417069243,29.53569511540526,7.7831454643048845,28.166935050993022,13.285024154589372,1.8250134192163177,0.4830917874396135,12.895866881374127,0.013419216317767043,0.644122383252818,0.10064412238325282,0.15432098765432098,,,,
29,5.112721417069243,29.300858829844337,8.017981749865807,25.87224906065486,13.251476113794954,1.8853998926462694,0.5166398282340311,15.069779924852389,0.013419216317767043,0.6642512077294686,0.10064412238325282,0.18115942028985507,0.013419216317767043,,,
30,5.132850241545894,29.22705314009662,8.07836822329576,25.831991411701555,13.238056897477188,1.9256575415995705,0.5166398282340311,15.069779924852389,0.020128824476650563,0.6642512077294686,0.10064412238325282,0.18115942028985507,0.013419216317767043,,,
31,5.119431025228127,29.186795491143318,8.105206655931294,30.495169082125603,11.372785829307569,1.7176596886741815,0.4428341384863124,12.567096081588835,0.020128824476650563,0.6642512077294686,0.11406333870101985,0.18115942028985507,0.013419216317767043,,,
32,3.3279656468062266,15.935319377348362,1.9726247987117553,57.23295759527644,15.841384863123993,1.1808910359634996,0.0939345142243693,4.0995705850778315,,0.30193236714975846,,,0.013419216317767043,,,
33,2.8784219001610305,10.82259796027912,1.710950080515298,52.851583467525494,20.50456253354804,1.7310789049919484,0.1610305958132045,2.6167471819645733,6.66935050993022,,,0.05367686527106817,,,,
34,2.885131508319914,10.82259796027912,1.710950080515298,52.77106816961889,20.497852925389157,1.8115942028985508,0.16774020397208803,2.589908749329039,6.662640901771336,,,0.08051529790660225,,,,
35,0.36902844873859364,5.964841653247451,1.4090177133655395,51.09366612989801,29.97181964573269,1.7176596886741815,0.16774020397208803,2.563070316693505,6.635802469135802,,,0.10735373054213634,,,,
36,0.36902844873859364,5.9514224369296835,1.4224369296833066,50.91250670960816,29.965110037573805,1.90552871712292,0.16774020397208803,2.5496511003757383,6.635802469135802,,,0.12077294685990338,,,,
37,0.14761137949543746,4.891304347826087,0.630703166935051,69.30354267310788,15.009393451422437,2.13365539452496,0.08051529790660225,2.5496511003757383,5.132850241545894,,,0.12077294685990338,,,,
38,0.17444981213097155,4.891304347826087,0.630703166935051,69.43102522812667,15.009393451422437,2.0665593129361244,0.08051529790660225,2.475845410628019,5.119431025228127,,,0.12077294685990338,,,,
39,0.1878690284487386,4.8376274825550185,0.6843800322061192,69.33709071390231,14.982555018786902,2.147074610842727,0.10735373054213634,2.462426194310252,5.119431025228127,,,0.13419216317767044,,,,
40,0.20799785292538917,4.8376274825550185,1.06682769726248,68.4447128287708,14.949006977992486,2.657004830917874,0.12077294685990338,2.4221685453569513,5.119431025228127,,,0.17444981213097155,,,,
41,0.2214170692431562,4.804079441760601,0.8588298443370908,61.090982286634464,21.108427267847556,4.562533548040794,0.15432098765432098,1.9122383252818036,5.112721417069243,,,0.17444981213097155,,,,
42,0.19457863660762212,4.790660225442834,0.8588298443370908,72.41009125067096,9.359903381642512,4.186795491143317,0.11406333870101985,1.90552871712292,6.005099302200751,,,0.17444981213097155,,,,
43,0.1878690284487386,4.542404723564144,0.8588298443370908,69.96108427267848,12.93612453032743,5.199946323134729,0.19457863660762212,0.08722490606548577,6.005099302200751,,,0.026838432635534086,,,,
44,0.20128824476650564,4.53569511540526,0.8588298443370908,69.84031132581858,12.882447665056361,5.314009661835748,0.24825550187869028,0.08722490606548577,6.005099302200751,,,0.026838432635534086,,,,
45,0.24154589371980675,4.51556629092861,0.8588298443370908,66.37815351583467,12.76838432635534,8.809715512614064,0.30193236714975846,0.08722490606548577,5.877616747181965,0.13419216317767044,,0.026838432635534086,,,,
46,0.20799785292538917,4.51556629092861,1.7042404723564144,62.0907139023081,16.854535695115406,8.192431561996779,0.30193236714975846,0.08722490606548577,5.877616747181965,0.13419216317767044,0.0067096081588835215,0.026838432635534086,,,,
47,0.20799785292538917,4.51556629092861,2.4557165861513686,61.16478797638218,16.780730005367687,8.340042941492216,0.3757380568974772,0.08722490606548577,5.877616747181965,0.13419216317767044,0.0067096081588835215,0.026838432635534086,,0.026838432635534086,,
48,0.2214170692431562,4.51556629092861,2.4557165861513686,61.04401502952228,16.6935050993022,8.460815888352121,0.43612453032742887,0.08722490606548577,5.870907139023081,0.13419216317767044,0.013419216317767043,0.040257648953301126,,0.026838432635534086,,
49,0.19457863660762212,4.374664519592056,3.6231884057971016,57.03166935050993,16.6935050993022,8.064949006977992,0.43612453032742887,4.5893719806763285,4.62962962962963,0.13419216317767044,0.1610305958132045,0.040257648953301126,,0.026838432635534086,,
50,0.19457863660762212,4.367954911433173,3.629898013955985,56.837090713902306,16.6935050993022,8.259527643585615,0.43612453032742887,4.5893719806763285,4.62962962962963,0.13419216317767044,0.1610305958132045,0.040257648953301126,,0.026838432635534086,,
51,0.19457863660762212,4.367954911433173,3.629898013955985,56.5955448201825,16.666666666666668,8.501073537305421,0.46296296296296297,4.555823939881911,4.62962962962963,0.13419216317767044,0.1610305958132045,0.07380568974771873,,0.026838432635534086,,
52,0.20799785292538917,4.361245303274289,3.643317230273752,54.64975845410628,16.666666666666668,8.373590982286634,0.46296296296296297,6.608964036500268,4.62962962962963,0.13419216317767044,0.1610305958132045,0.07380568974771873,,0.026838432635534086,,
53,0.14090177133655393,4.327697262479871,3.4151905528717124,50.85882984433709,15.378421900161031,8.628556092324208,0.4294149221685454,13.419216317767042,3.1468062265163717,0.013419216317767043,0.1610305958132045,0.03354804079441761,0.020128824476650563,0.026838432635534086,,
54,0.14090177133655393,4.327697262479871,7.971014492753623,52.24771873322598,11.520397208803006,8.36688137412775,0.27509393451422437,11.741814278046162,3.166935050993022,0.013419216317767043,0.16774020397208803,0.03354804079441761,,0.026838432635534086,,
55,0.18115942028985507,4.314278046162104,8.105206655931294,52.012882447665056,11.506977992485238,8.420558239398819,0.27509393451422437,11.714975845410628,3.166935050993022,0.013419216317767043,0.16774020397208803,0.0939345142243693,,0.026838432635534086,,
56,0.20128824476650564,4.314278046162104,8.105206655931294,50.68438003220612,12.882447665056361,8.467525496511003,0.39586688137412773,11.708266237251744,2.9253891572732154,0.013419216317767043,0.17444981213097155,0.10064412238325282,,0.026838432635534086,,
57,0.19457863660762212,4.314278046162104,8.051529790660226,50.55018786902845,12.875738056897477,8.568169618894256,0.4562533548040794,11.674718196457327,2.9253891572732154,0.040257648953301126,0.1878690284487386,0.13419216317767044,,0.026838432635534086,,
58,0.19457863660762212,1.9592055823939882,6.944444444444445,38.66747181964573,18.612453032742888,11.43317230273752,0.5166398282340311,18.38432635534085,2.8650026838432634,0.026838432635534086,0.18115942028985507,0.14090177133655393,,0.06709608158883522,0.0067096081588835215,
59,0.19457863660762212,1.9592055823939882,6.944444444444445,38.55340848094471,18.50509930220075,11.52710681696189,0.6239935587761675,18.223295759527645,2.8650026838432634,0.026838432635534086,0.18115942028985507,0.30193236714975846,,0.08722490606548577,0.0067096081588835215,
60,0.20799785292538917,1.9592055823939882,6.944444444444445,38.499731615673646,18.250134192163177,11.560654857756306,0.8923778851315083,18.209876543209877,2.8381642512077296,0.026838432635534086,0.20799785292538917,0.30864197530864196,,0.08722490606548577,0.0067096081588835215,
61,0.2281266774020397,1.9592055823939882,6.904186795491143,38.27831454643049,18.156199677938808,11.829039184111648,0.9192163177670424,18.02200751476114,2.818035426731079,0.05367686527106817,0.20799785292538917,0.5300590445517982,,0.08722490606548577,0.0067096081588835215,
62,0.23483628556092323,1.9592055823939882,6.9243156199677935,38.22463768115942,19.108964036500268,10.95679012345679,0.9192163177670424,17.92807300053677,2.818035426731079,0.05367686527106817,0.20799785292538917,0.5971551261406334,,0.06038647342995169,0.0067096081588835215,
63,0.18115942028985507,0.8789586688137413,6.937734836285561,41.93505099302201,16.552603327965645,8.105206655931294,0.7783145464304885,15.197262479871176,8.59500805152979,0.07380568974771873,0.17444981213097155,0.5837359098228664,,,0.0067096081588835215,
64,0.1878690284487386,0.8789586688137413,6.937734836285561,41.888083735909824,16.42512077294686,8.105206655931294,0.9393451422436929,15.183843263553408,8.55475040257649,0.10735373054213634,0.17444981213097155,0.5837359098228664,0.026838432635534086,,0.0067096081588835215,
65,0.19457863660762212,0.7917337627482555,6.374127750939345,51.55662909286098,18.67283950617284,4.770531400966184,0.9125067096081588,9.138486312399356,7.085346215780999,0.05367686527106817,0.040257648953301126,0.3757380568974772,0.026838432635534086,,0.0067096081588835215,
66,0.27509393451422437,0.7917337627482555,6.360708534621578,51.48282340311326,18.67283950617284,4.777241009125067,0.9125067096081588,9.125067096081589,7.078636607622115,0.06038647342995169,0.05367686527106817,0.3757380568974772,0.026838432635534086,,0.0067096081588835215,
67,0.28180354267310787,0.7917337627482555,5.535426731078905,51.1808910359635,18.605743424584006,4.938271604938271,0.8923778851315083,10.205314009661835,7.078636607622115,0.06038647342995169,0.040257648953301126,0.35560923242082665,0.026838432635534086,,0.0067096081588835215,
68,0.2885131508319914,0.7917337627482555,6.266774020397209,50.66425120772947,18.209876543209877,5.0993022007514766,0.9192163177670424,10.205314009661835,7.065217391304348,0.06038647342995169,0.040257648953301126,0.35560923242082665,0.026838432635534086,,0.0067096081588835215,
69,0.30193236714975846,0.7917337627482555,6.266774020397209,50.556897477187334,18.136070853462158,5.193236714975845,0.9796027911969941,10.205314009661835,7.065217391304348,0.07380568974771873,0.040257648953301126,0.35560923242082665,0.026838432635534086,,0.0067096081588835215,
70,0.35560923242082665,0.7917337627482555,6.300322061191626,50.496511003757384,18.10252281266774,5.199946323134729,0.9796027911969941,10.185185185185185,7.051798174986581,0.07380568974771873,0.06709608158883522,0.36231884057971014,0.026838432635534086,,0.0067096081588835215,
71,0.2683843263553409,0.6642512077294686,5.844068706387547,39.02308105206656,43.183038110574344,4.3478260869565215,0.9930220075147611,2.844873859366613,2.462426194310252,0.03354804079441761,0.06709608158883522,0.2616747181964573,,,0.0067096081588835215,
72,0.2147074610842727,0.6642512077294686,4.233762748255502,34.37332259796028,49.84567901234568,4.186795491143317,1.0131508319914118,2.9790660225442833,2.0128824476650564,0.03354804079441761,0.05367686527106817,0.3824476650563607,,,0.0067096081588835215,
73,0.2281266774020397,0.6642512077294686,4.233762748255502,34.27938808373591,49.75174449812131,4.253891572732153,1.1137949543746646,2.9790660225442833,1.9860440150295222,0.06038647342995169,0.05367686527106817,0.3824476650563607,0.0067096081588835215,,0.0067096081588835215,
74,0.20128824476650564,0.6642512077294686,4.159957058507783,25.147611379495437,49.61084272678475,3.7238325281803544,1.2412775093934514,12.781803542673108,1.9189479334406871,0.06038647342995169,0.08051529790660225,0.39586688137412773,0.0067096081588835215,,0.0067096081588835215,
75,0.2214170692431562,0.6642512077294686,4.159957058507783,25.033548040794418,49.22168545356951,3.8043478260869565,1.3419216317767042,12.74825550187869,2.254428341384863,0.06038647342995169,0.08051529790660225,0.39586688137412773,0.0067096081588835215,,0.0067096081588835215,
76,0.23483628556092323,0.6642512077294686,4.1532474503489,25.006709608158882,49.11433172302738,3.8311862587224907,1.4358561460010735,12.285292538915728,2.2342995169082127,0.08722490606548577,0.08051529790660225,0.8521202361782072,0.0067096081588835215,,0.0067096081588835215,0.0067096081588835215
77,0.24825550187869028,0.6642512077294686,4.1532474503489,23.336017176596886,57.830112721417066,3.6366076221148687,1.42914653784219,6.078904991948471,2.0128824476650564,0.08722490606548577,0.08051529790660225,0.4294149221685454,0.0067096081588835215,,0.0067096081588835215,
78,0.2616747181964573,0.6642512077294686,4.1532474503489,23.309178743961354,57.669082125603865,3.6634460547504024,1.5767579173376274,5.897745571658615,2.0128824476650564,0.08722490606548577,0.08051529790660225,0.6105743424584005,0.0067096081588835215,,0.0067096081588835215,
79,0.30193236714975846,0.6642512077294686,4.1532474503489,23.309178743961354,57.56172839506173,3.6634460547504024,1.6237251744498122,5.897745571658615,2.0128824476650564,0.08722490606548577,0.08051529790660225,0.630703166935051,0.0067096081588835215,,0.0067096081588835215,
80,0.32877079978529256,0.6642512077294686,4.1532474503489,22.96027911969941,57.71604938271605,3.6902844873859366,1.7042404723564144,5.803811057434245,2.01959205582394,0.08722490606548577,0.08051529790660225,0.7783145464304885,0.0067096081588835215,,0.0067096081588835215,
81,0.32877079978529256,0.6642512077294686,3.8177670424047236,22.638217928073,54.730273752012884,3.2877079978529253,1.7847557702630166,9.192163177670425,2.5966183574879227,0.08722490606548577,0.08051529790660225,0.7917337627482555,,,,
82,0.322061191626409,0.6642512077294686,3.8043478260869565,22.63150831991412,54.63633923778851,3.2474503488996245,1.8786902844873858,9.084809447128288,2.6301663982823404,0.08722490606548577,0.08051529790660225,0.9326355340848095,,,,
83,0.33548040794417605,0.6642512077294686,3.8043478260869565,22.5979602791197,54.2337627482555,3.5762211486849167,1.9726247987117553,9.084809447128288,2.6301663982823404,0.08722490606548577,0.08051529790660225,0.9326355340848095,,,,
84,0.33548040794417605,0.6642512077294686,5.025496511003757,22.5577026301664,52.81132581857219,3.5628019323671496,2.200751476113795,9.078099838969404,2.657004830917874,0.08722490606548577,0.08051529790660225,0.9393451422436929,,,,
85,0.3421900161030596,0.6642512077294686,5.025496511003757,22.550993022007514,52.74422973698336,3.5628019323671496,2.26784755770263,9.01100375738057,2.657004830917874,0.08722490606548577,0.08051529790660225,1.0064412238325282,,,,
86,0.3421900161030596,0.6642512077294686,5.025496511003757,22.517444981213096,52.65700483091788,3.549382716049383,2.38191089640365,8.984165324745035,2.7106816961889426,0.08722490606548577,0.08051529790660225,0.9997316156736447,,,,
87,0.3421900161030596,0.6575415995705851,4.435050993022007,26.50295222758991,49.25523349436393,3.502415458937198,2.475845410628019,8.917069243156199,2.7106816961889426,0.08722490606548577,0.07380568974771873,1.0399892646269457,,,,
88,0.3757380568974772,0.6575415995705851,4.435050993022007,26.341921631776703,49.04723564143854,3.6902844873859366,2.623456790123457,8.917069243156199,2.6637144390767578,0.12077294685990338,0.08722490606548577,1.0399892646269457,,,,
89,0.36231884057971014,0.6575415995705851,3.743961352657005,38.439345142243695,39.78797638217928,3.166935050993022,2.49597423510467,8.628556092324208,1.5163714439076759,0.040257648953301126,0.0939345142243693,1.06682769726248,,,,
90,0.3824476650563607,0.6575415995705851,3.743961352657005,38.38566827697262,39.66720343531938,3.193773483628556,2.5966183574879227,8.628556092324208,1.5297906602254427,0.040257648953301126,0.0939345142243693,1.0802469135802468,,,,
91,0.4025764895330113,0.6575415995705851,3.743961352657005,38.33199141170156,39.62694578636608,3.260869565217391,2.6033279656468062,8.628556092324208,1.5297906602254427,0.040257648953301126,0.0939345142243693,1.0802469135802468,,,,
92,0.38915727321524424,0.6508319914117016,3.7573805689747717,29.220343531937736,47.396672034353195,3.374932903918411,2.576489533011272,9.88996242619431,1.5297906602254427,0.040257648953301126,0.0939345142243693,1.0802469135802468,,,,
93,0.3757380568974772,0.6508319914117016,3.7573805689747717,29.11969940955448,46.43719806763285,4.428341384863124,2.589908749329039,9.88996242619431,1.5297906602254427,0.040257648953301126,0.0939345142243693,1.0601180891035964,0.026838432635534086,,,
94,0.38915727321524424,0.6508319914117016,3.8580246913580245,29.05931293612453,46.39023081052066,4.38137412775094,2.6301663982823404,9.88996242619431,1.5297906602254427,0.040257648953301126,0.0939345142243693,1.0601180891035964,0.026838432635534086,,,
95,0.41599570585077833,0.6508319914117016,3.8580246913580245,28.395061728395063,46.28958668813741,5.059044551798175,2.677133655394525,9.88996242619431,1.5297906602254427,0.05367686527106817,0.0939345142243693,1.0601180891035964,0.026838432635534086,,,
96,0.41599570585077833,0.6508319914117016,3.8580246913580245,28.327965646806227,46.242619431025226,5.092592592592593,2.7241009125067097,9.88996242619431,1.5297906602254427,0.05367686527106817,0.0939345142243693,1.0601180891035964,0.06038647342995169,,,
97,0.41599570585077833,0.6508319914117016,3.8580246913580245,28.31454643048846,46.162104133118625,5.10601180891036,2.804616210413312,9.829575952764358,1.556629092860977,0.05367686527106817,0.0939345142243693,1.093666129898014,0.06038647342995169,,,
98,0.41599570585077833,0.644122383252818,3.8848631239935587,28.30112721417069,46.041331186258724,5.10601180891036,2.965646806226516,9.796027911969942,1.556629092860977,0.06709608158883522,0.06709608158883522,1.093666129898014,0.06038647342995169,,,
99,0.4428341384863124,0.644122383252818,3.8848631239935587,28.213902308105208,45.93397745571659,5.166398282340311,3.0730005367686526,9.796027911969942,1.556629092860977,0.06709608158883522,0.06709608158883522,1.093666129898014,0.06038647342995169,,,
100,0.46296296296296297,0.644122383252818,3.8848631239935587,28.213902308105208,45.880300590445515,5.166398282340311,3.0931293612453032,9.796027911969942,1.556629092860977,0.06709608158883522,0.06709608158883522,1.107085346215781,0.06038647342995169,,,
101,0.46296296296296297,0.644122383252818,3.8848631239935587,28.12667740203972,45.82662372517445,5.179817498658078,3.2541599570585076,9.73564143853999,1.556629092860977,0.06709608158883522,0.06709608158883522,1.133923778851315,0.06038647342995169,,,
102,0.46967257112184646,0.644122383252818,3.8848631239935587,28.026033279656467,45.71926999463231,5.199946323134729,3.502415458937198,9.681964573268921,1.556629092860977,0.06709608158883522,0.06709608158883522,1.1205045625335481,0.06038647342995169,,,
103,0.46967257112184646,0.644122383252818,3.9049919484702094,27.958937198067634,44.920826623725176,5.193236714975845,3.5426731078904994,9.648416532474503,2.3617820719269993,0.06709608158883522,0.06709608158883522,1.1473429951690821,0.07380568974771873,,,
104,0.49651100375738055,0.644122383252818,3.9049919484702094,27.78448738593666,44.907407407407405,4.918142780461621,3.6097691894793345,9.634997316156737,2.7308105206655933,0.08051529790660225,0.06709608158883522,1.1473429951690821,0.07380568974771873,,,
105,0.49651100375738055,0.644122383252818,3.992216854535695,27.75764895330113,44.02844873859367,5.173107890499195,4.166666666666667,9.655126140633387,2.7509393451422435,0.08051529790660225,0.06709608158883522,1.1137949543746646,0.07380568974771873,,,
106,0.5300590445517982,0.644122383252818,3.992216854535695,27.750939345142243,43.907675791733766,5.173107890499195,4.260601180891036,9.614868491680086,2.7509393451422435,0.08051529790660225,0.06709608158883522,1.1540526033279657,0.07380568974771873,,,
107,0.5568974771873323,0.644122383252818,4.126409017713366,27.730810520665592,43.74664519592056,5.186527106816962,4.260601180891036,9.473966720343531,2.7509393451422435,0.0939345142243693,0.0939345142243693,1.261406333870102,0.07380568974771873,,,
108,0.5703166935050993,0.644122383252818,4.139828234031133,27.67042404723564,43.08239398819109,5.213365539452496,4.9651100375738055,9.473966720343531,2.717391304347826,0.0939345142243693,0.0939345142243693,1.261406333870102,0.07380568974771873,,,
109,0.5703166935050993,0.644122383252818,4.139828234031133,27.603327965646805,43.01529790660226,5.293880837359098,5.025496511003757,9.46725711218465,2.717391304347826,0.0939345142243693,0.0939345142243693,1.261406333870102,0.07380568974771873,,,
110,0.5703166935050993,0.644122383252818,4.133118625872249,27.51610305958132,42.76704240472356,5.428073000536768,5.193236714975845,9.46725711218465,2.703972088030059,0.1274825550187869,0.10064412238325282,1.2748255501878691,0.07380568974771873,,,
111,0.5904455179817498,0.644122383252818,4.133118625872249,27.42216854535695,42.673107890499196,5.555555555555555,5.226784755770263,9.46725711218465,2.703972088030059,0.13419216317767044,0.10064412238325282,1.2748255501878691,0.07380568974771873,,,
112,0.5703166935050993,0.644122383252818,4.978529253891573,29.562533548040793,42.17659688674181,5.401234567901234,5.307300053676865,7.763016639828234,2.26784755770263,0.1610305958132045,0.0939345142243693,0.9997316156736447,0.07380568974771873,,,
113,0.5837359098228664,0.644122383252818,4.978529253891573,29.482018250134193,42.1430488459474,5.481749865807837,5.3341384863123995,7.75630703166935,2.26784755770263,0.1610305958132045,0.0939345142243693,0.9997316156736447,0.07380568974771873,,,
114,0.5636070853462157,0.644122383252818,4.978529253891573,29.421631776704242,42.04240472356415,5.481749865807837,5.401234567901234,7.776435856146001,2.314814814814815,0.1878690284487386,0.0939345142243693,0.9997316156736447,0.0939345142243693,,,
115,0.6105743424584005,0.644122383252818,4.9651100375738055,29.381374127750938,41.86795491143317,5.495169082125604,5.642780461621041,7.695920558239399,2.2946859903381642,0.1878690284487386,0.10735373054213634,1.0131508319914118,0.0939345142243693,,,
116,0.6642512077294686,0.6239935587761675,4.978529253891573,29.24718196457327,41.80085882984434,5.58239398819109,5.683038110574342,7.695920558239399,2.2946859903381642,0.1878690284487386,0.10735373054213634,1.0131508319914118,0.12077294685990338,,,
117,0.6642512077294686,0.6239935587761675,4.978529253891573,29.21363392377885,41.74047235641439,5.622651637144391,5.736714975845411,7.695920558239399,2.2946859903381642,0.1878690284487386,0.10735373054213634,1.0131508319914118,0.12077294685990338,,,
118,0.6642512077294686,0.6239935587761675,4.978529253891573,29.03918411164788,41.6129898013956,5.83064949006978,5.83064949006978,7.695920558239399,2.2946859903381642,0.1878690284487386,0.10735373054213634,1.0131508319914118,0.12077294685990338,,,
119,0.6776704240472357,0.6239935587761675,4.99194847020934,29.025764895330113,41.599570585077835,5.83064949006978,5.83064949006978,7.6556629092860975,2.2946859903381642,0.1878690284487386,0.10735373054213634,1.0534084809447128,0.12077294685990338,,,
120,0.5904455179817498,0.6239935587761675,4.770531400966184,35.66156736446592,36.8491680085883,5.615942028985507,5.770263016639828,6.253354804079442,2.6167471819645733,0.1878690284487386,0.10735373054213634,0.8319914117015567,0.12077294685990338,,,
121,0.6172839506172839,0.6239935587761675,4.783950617283951,35.547504025764894,36.72168545356951,5.783682232957595,5.83064949006978,6.239935587761675,2.6167471819645733,0.1878690284487386,0.0939345142243693,0.8319914117015567,0.12077294685990338,,,
122,0.6239935587761675,0.6239935587761675,4.797369833601718,35.23215244229737,36.65458937198068,6.099033816425121,5.877616747181965,6.239935587761675,2.6167471819645733,0.1878690284487386,0.0939345142243693,0.8319914117015567,0.12077294685990338,,,
123,0.6038647342995169,0.6239935587761675,4.7168545356951155,39.398819108964034,33.7157809983897,6.159420289855072,5.535426731078905,6.159420289855072,1.8853998926462694,0.1878690284487386,0.08722490606548577,0.8051529790660226,0.12077294685990338,,,
124,0.6239935587761675,0.6239935587761675,5.065754159957058,38.969404186795494,33.48094471282877,6.152710681696189,5.83064949006978,6.159420289855072,1.8719806763285025,0.19457863660762212,0.08722490606548577,0.8252818035426731,0.11406333870101985,,,
125,0.6776704240472357,0.6239935587761675,5.0791733762748255,38.51315083199141,33.19914117015566,6.850509930220075,5.810520665593129,6.139291465378422,1.8719806763285025,0.19457863660762212,0.08722490606548577,0.8252818035426731,0.1274825550187869,,,
126,0.6910896403650026,0.6239935587761675,5.065754159957058,41.86124530327429,30.9447128287708,6.1862587224906065,5.703166935050993,6.092324208266238,1.482823403113258,0.1878690284487386,0.08722490606548577,0.9460547504025765,0.1274825550187869,,,
127,0.7112184648416533,0.6239935587761675,5.065754159957058,41.74718196457327,30.9447128287708,6.286902844873859,5.703166935050993,6.092324208266238,1.482823403113258,0.1878690284487386,0.08722490606548577,0.9460547504025765,0.12077294685990338,,,
128,0.7246376811594203,0.6239935587761675,5.0791733762748255,41.6935050993022,30.83064949006978,6.293612453032743,5.770263016639828,6.078904991948471,1.482823403113258,0.20128824476650564,0.08722490606548577,0.9460547504025765,0.1878690284487386,,,
129,0.5904455179817498,0.2147074610842727,4.300858829844337,49.06736446591519,26.972624798711756,5.179817498658078,5.360976918947934,5.595813204508857,1.3754696725711217,0.20128824476650564,0.07380568974771873,0.9057971014492754,0.1610305958132045,,,
130,0.6038647342995169,0.2147074610842727,4.300858829844337,49.00697799248524,26.838432635534083,5.226784755770263,5.515297906602254,5.5756843800322065,1.3754696725711217,0.20128824476650564,0.07380568974771873,0.9057971014492754,0.1610305958132045,,,
131,0.6172839506172839,0.2147074610842727,4.334406870638754,48.960010735373054,26.82501341921632,5.173107890499195,5.542136339237788,5.562265163714439,1.3754696725711217,0.20128824476650564,0.07380568974771873,0.9057971014492754,0.19457863660762212,0.020128824476650563,,
132,0.630703166935051,0.2147074610842727,4.327697262479871,47.43022007514761,26.650563607085346,5.12614063338701,5.683038110574342,5.562265163714439,2.9253891572732154,0.20128824476650564,0.0939345142243693,0.9057971014492754,0.19457863660762212,0.020128824476650563,0.013419216317767043,0.020128824476650563
133,0.644122383252818,0.2147074610842727,4.414922168545357,47.376543209876544,26.596886741814277,5.092592592592593,5.709876543209877,5.508588298443371,2.9253891572732154,0.20128824476650564,0.10735373054213634,0.9594739667203436,0.19457863660762212,0.020128824476650563,0.013419216317767043,0.020128824476650563
134,0.6575415995705851,0.2147074610842727,4.441760601180891,47.32957595276436,26.583467525496513,5.072463768115942,5.669618894256575,5.495169082125604,2.9253891572732154,0.2147074610842727,0.10735373054213634,0.9997316156736447,0.23483628556092323,0.020128824476650563,0.013419216317767043,0.020128824476650563
135,0.6374127750939346,0.2147074610842727,4.53569511540526,48.17498658078368,26.50295222758991,5.065754159957058,5.709876543209877,5.495169082125604,2.0128824476650564,0.2147074610842727,0.10735373054213634,1.0399892646269457,0.23483628556092323,0.020128824476650563,0.013419216317767043,0.020128824476650563
136,0.6709608158883521,0.2147074610842727,4.53569511540526,48.13472893183038,26.42914653784219,5.10601180891036,5.730005367686527,5.495169082125604,2.033011272141707,0.2147074610842727,0.10735373054213634,1.0399892646269457,0.23483628556092323,0.020128824476650563,0.013419216317767043,0.020128824476650563
137,0.6709608158883521,0.2147074610842727,4.569243156199678,48.087761674718195,26.402308105206657,5.12614063338701,5.756843800322061,5.46833064949007,2.033011272141707,0.24154589371980675,0.10735373054213634,1.0332796564680622,0.23483628556092323,0.020128824476650563,0.013419216317767043,0.020128824476650563
138,0.6709608158883521,0.2147074610842727,4.569243156199678,48.081052066559316,26.39559849704777,5.10601180891036,5.756843800322061,5.488459473966721,2.046430488459474,0.24154589371980675,0.10735373054213634,1.0332796564680622,0.23483628556092323,0.020128824476650563,0.013419216317767043,0.020128824476650563
139,0.6843800322061192,0.2147074610842727,4.528985507246377,48.007246376811594,26.35534084809447,5.132850241545894,5.770263016639828,5.488459473966721,2.100107353730542,0.24154589371980675,0.12077294685990338,1.0332796564680622,0.2683843263553409,0.020128824476650563,0.013419216317767043,0.020128824476650563
140,0.7045088566827697,0.2147074610842727,4.549114331723027,47.81266774020397,26.207729468599034,5.367686527106817,5.837359098228664,5.46833064949007,2.100107353730542,0.24154589371980675,0.12077294685990338,1.0534084809447128,0.2683843263553409,0.020128824476650563,0.013419216317767043,0.020128824476650563
141,0.7179280730005367,0.2147074610842727,4.575952764358561,47.79253891572732,26.160762211486848,5.367686527106817,5.803811057434245,5.4549114331723025,2.1403650026838434,0.24154589371980675,0.15432098765432098,1.0534084809447128,0.2683843263553409,0.020128824476650563,0.013419216317767043,0.020128824476650563
142,0.7447665056360708,0.2147074610842727,4.575952764358561,47.75228126677402,26.093666129898015,5.407944176060118,5.857487922705314,5.475040257648954,2.1068169618894257,0.24154589371980675,0.15432098765432098,1.0534084809447128,0.2683843263553409,0.020128824476650563,0.013419216317767043,0.020128824476650563
143,0.7447665056360708,0.2147074610842727,4.5893719806763285,47.75228126677402,26.080246913580247,5.381105743424584,5.870907139023081,5.46833064949007,2.13365539452496,0.2281266774020397,0.15432098765432098,1.0601180891035964,0.2683843263553409,0.020128824476650563,0.013419216317767043,0.020128824476650563
144,0.7716049382716049,0.2147074610842727,4.904723564143854,47.54428341384863,25.91921631776704,5.367686527106817,5.897745571658615,5.4549114331723025,2.13365539452496,0.2281266774020397,0.18115942028985507,1.0601180891035964,0.2683843263553409,0.020128824476650563,0.013419216317767043,0.020128824476650563
145,0.7648953301127214,0.2147074610842727,5.0858829844337095,47.14170692431562,25.91250670960816,5.589103596349974,5.891035963499732,5.4616210413311865,2.147074610842727,0.2281266774020397,0.18115942028985507,1.0601180891035964,0.2683843263553409,0.020128824476650563,0.013419216317767043,0.020128824476650563
146,0.7648953301127214,0.2147074610842727,5.0993022007514766,47.074610842726784,25.89237788513151,5.669618894256575,5.904455179817498,5.4616210413311865,2.147074610842727,0.2281266774020397,0.18115942028985507,1.0399892646269457,0.2683843263553409,0.020128824476650563,0.013419216317767043,0.020128824476650563
147,0.7648953301127214,0.2147074610842727,5.173107890499195,46.081588835212024,25.89237788513151,6.608964036500268,5.897745571658615,5.4616210413311865,2.167203435319377,0.2281266774020397,0.16774020397208803,1.0198604401502953,0.2683843263553409,0.020128824476650563,0.013419216317767043,0.020128824476650563
148,0.7648953301127214,0.2147074610842727,5.112721417069243,46.01449275362319,25.811862587224905,6.66935050993022,5.917874396135265,5.4549114331723025,2.2611379495437465,0.2281266774020397,0.16774020397208803,1.0466988727858293,0.28180354267310787,0.020128824476650563,0.013419216317767043,0.020128824476650563
149,0.7648953301127214,0.2147074610842727,5.112721417069243,45.591787439613526,25.771604938271604,6.662640901771336,5.9514224369296835,5.314009661835748,2.657004830917874,0.30864197530864196,0.16774020397208803,1.1137949543746646,0.3153515834675255,0.020128824476650563,0.013419216317767043,0.020128824476650563
150,0.7783145464304885,0.2147074610842727,5.267042404723564,45.1959205582394,25.684380032206118,6.877348362855609,5.971551261406334,5.166398282340311,2.9253891572732154,0.24825550187869028,0.16774020397208803,1.133923778851315,0.3153515834675255,0.020128824476650563,0.013419216317767043,0.020128824476650563
151,0.7783145464304885,0.2147074610842727,5.267042404723564,45.169082125603865,25.637412775093935,6.884057971014493,6.011808910359635,5.166398282340311,2.9723564143853998,0.24825550187869028,0.16774020397208803,1.133923778851315,0.2952227589908749,0.020128824476650563,0.013419216317767043,0.020128824476650563
152,0.7783145464304885,0.2147074610842727,5.367686527106817,44.41089640365003,25.597155126140635,7.601986044015029,5.998389694041868,5.166398282340311,2.999194847020934,0.24825550187869028,0.16774020397208803,1.1003757380568975,0.2952227589908749,0.020128824476650563,0.013419216317767043,0.020128824476650563
153,0.7783145464304885,0.2147074610842727,5.387815351583468,44.35050993022008,25.5703166935051,7.615405260332796,6.031937734836285,5.139559849704777,2.985775630703167,0.27509393451422437,0.16774020397208803,1.1272141706924315,0.30193236714975846,0.020128824476650563,0.013419216317767043,0.020128824476650563
154,0.7648953301127214,0.2147074610842727,5.401234567901234,44.24986580783682,25.42270531400966,7.6623725174449815,6.233225979602791,5.139559849704777,2.985775630703167,0.27509393451422437,0.16774020397208803,1.1272141706924315,0.30193236714975846,0.020128824476650563,0.013419216317767043,0.020128824476650563
155,0.7716049382716049,0.2147074610842727,5.401234567901234,44.24986580783682,25.140901771336555,7.64224369296833,6.541867954911433,5.139559849704777,2.985775630703167,0.27509393451422437,0.16774020397208803,1.1137949543746646,0.30193236714975846,0.020128824476650563,0.013419216317767043,0.020128824476650563
156,0.6977992485238862,0.2147074610842727,5.542136339237788,47.99382716049383,22.940150295222757,7.246376811594203,6.045356951154052,4.656468062265164,2.8381642512077296,0.23483628556092323,0.1274825550187869,1.1205045625335481,0.2885131508319914,0.020128824476650563,0.013419216317767043,0.020128824476650563
157,0.6977992485238862,0.2147074610842727,5.870907139023081,47.58454106280193,22.873054213633925,7.353730542136339,6.112453032742888,4.656468062265164,2.8247450348899625,0.23483628556092323,0.1274825550187869,1.107085346215781,0.2885131508319914,0.020128824476650563,0.013419216317767043,0.020128824476650563
158,0.7045088566827697,0.2147074610842727,5.864197530864198,47.517444981213096,22.832796564680624,7.4141170155662905,6.146001073537305,4.656468062265164,2.8247450348899625,0.24825550187869028,0.1274825550187869,1.107085346215781,0.2885131508319914,0.020128824476650563,0.013419216317767043,0.020128824476650563
159,0.6910896403650026,0.2147074610842727,6.521739130434782,47.00751476113795,22.638217928073,7.447665056360709,6.112453032742888,4.636339237788513,2.8247450348899625,0.2616747181964573,0.1274825550187869,1.1741814278046163,0.2885131508319914,0.020128824476650563,0.013419216317767043,0.020128824476650563
160,0.7179280730005367,0.2147074610842727,6.5485775630703165,46.95383789586688,22.604669887278583,7.4141170155662905,6.159420289855072,4.64975845410628,2.818035426731079,0.27509393451422437,0.1274825550187869,1.1741814278046163,0.2885131508319914,0.020128824476650563,0.013419216317767043,0.020128824476650563
161,0.7380568974771873,0.2147074610842727,6.702898550724638,46.772678475577024,22.000805152979066,7.347020933977456,6.146001073537305,5.407944176060118,2.757648953301127,0.30193236714975846,0.10064412238325282,1.1943102522812667,0.2616747181964573,0.020128824476650563,0.013419216317767043,0.020128824476650563
162,0.7581857219538379,0.2147074610842727,6.615673644659152,46.71900161030596,21.544551798174986,7.353730542136339,6.723027375201288,5.374396135265701,2.757648953301127,0.2885131508319914,0.1274825550187869,1.1808910359634996,0.2616747181964573,0.020128824476650563,0.013419216317767043,0.04696725711218465
