,45,50,52,51,55,53,54,58,60,57,56,47,61,59,46
0,97.89989264626946,1.7444981213097155,0.35560923242082665,,,,,,,,,,,,
1,93.14949006977993,6.414385399892646,0.2616747181964573,0.13419216317767044,0.040257648953301126,,,,,,,,,,
2,84.31964573268921,15.24422973698336,0.2616747181964573,0.13419216317767044,0.040257648953301126,,,,,,,,,,
3,83.95061728395062,15.613258185721953,0.2616747181964573,0.13419216317767044,0.040257648953301126,,,,,,,,,,
4,83.25281803542673,16.183574879227052,0.2616747181964573,0.13419216317767044,0.16774020397208803,,,,,,,,,,
5,74.90606548577563,24.382716049382715,0.2616747181964573,0.20128824476650564,0.24825550187869028,,,,,,,,,,
6,73.33601717659688,25.711218464841654,0.2616747181964573,0.20128824476650564,0.48980139559849706,,,,,,,,,,
7,72.8797638217928,26.187600644122384,0.2616747181964573,0.15432098765432098,0.48980139559849706,0.026838432635534086,,,,,,,,,
8,71.9873859366613,26.704240472356414,0.27509393451422437,0.30193236714975846,0.7045088566827697,0.026838432635534086,,,,,,,,,
9,70.29656468062265,28.026033279656467,0.27509393451422437,0.38915727321524424,0.9594739667203436,0.026838432635534086,0.026838432635534086,,,,,,,,
10,69.55179817498659,28.77079978529254,0.27509393451422437,0.38915727321524424,0.9594739667203436,0.026838432635534086,0.026838432635534086,,,,,,,,
11,69.03515834675255,27.925389157273216,0.27509393451422437,0.38915727321524424,0.8923778851315083,0.026838432635534086,1.4559849704777241,,,,,,,,
12,68.51180891035963,28.307836822329577,0.27509393451422437,0.5300590445517982,0.8923778851315083,0.026838432635534086,1.4559849704777241,,,,,,,,
13,68.31052066559313,28.099838969404185,0.27509393451422437,0.6575415995705851,1.2144390767579174,0.026838432635534086,1.415727321524423,,,,,,,,
14,67.90794417606011,28.388352120236178,0.27509393451422437,0.6575415995705851,1.328502415458937,0.026838432635534086,1.415727321524423,,,,,,,,
15,67.55904455179818,28.75067096081589,0.27509393451422437,0.6239935587761675,1.3620504562533549,0.026838432635534086,1.402308105206656,,,,,,,,
16,66.98201825013419,29.25389157273215,0.27509393451422437,0.6239935587761675,1.3620504562533549,0.026838432635534086,1.4761137949543746,,,,,,,,
17,63.74127750939345,31.964573268921097,0.38915727321524424,0.6239935587761675,1.4224369296833066,0.026838432635534086,1.8317230273752012,,,,,,,,
18,58.011272141706925,37.432903918411164,0.38915727321524424,0.6239935587761675,1.4224369296833066,0.2885131508319914,1.8317230273752012,,,,,,,,
19,53.92512077294686,41.76731078904992,0.4495437466451959,0.48980139559849706,1.3419216317767042,0.19457863660762212,1.8317230273752012,,,,,,,,
20,53.26086956521739,41.84111647879764,0.5166398282340311,0.48980139559849706,1.6371443907675791,0.19457863660762212,2.01959205582394,0.040257648953301126,,,,,,,
21,51.83843263553408,42.78046162104133,0.6374127750939346,0.5636070853462157,1.8048845947396672,0.19457863660762212,2.1403650026838434,0.040257648953301126,,,,,,,
22,48.91304347826087,45.63204508856683,0.6575415995705851,0.5770263016639828,1.8048845947396672,0.19457863660762212,2.1806226516371443,0.040257648953301126,,,,,,,
23,32.58185721953838,63.54669887278583,0.5099302200751477,0.48980139559849706,2.1068169618894257,0.19457863660762212,0.5703166935050993,,,,,,,,
24,32.39398819108964,63.1508319914117,0.8118625872249061,0.5032206119162641,2.301395598497048,0.19457863660762212,0.644122383252818,,,,,,,,
25,32.30005367686527,62.9495437466452,0.8118625872249061,0.5032206119162641,2.462426194310252,0.19457863660762212,0.7783145464304885,,,,,,,,
26,31.95786366076221,62.72812667740204,0.8387010198604401,0.6172839506172839,2.9052603327965647,0.19457863660762212,0.7581857219538379,,,,,,,,
27,31.816961889425656,62.453032742887814,0.7783145464304885,0.6038647342995169,3.294417606011809,0.2952227589908749,0.7581857219538379,,,,,,,,
28,31.76328502415459,62.3389694041868,0.7783145464304885,0.6038647342995169,3.4688674181427803,0.2952227589908749,0.7514761137949544,,,,,,,,
29,31.83709071390231,61.513687600644126,0.8185721953837896,0.6709608158883521,4.1129898013955986,0.2952227589908749,0.7514761137949544,,,,,,,,
30,30.213365539452496,60.057702630166396,0.8185721953837896,0.6105743424584005,7.232957595276436,0.2952227589908749,0.7716049382716049,,,,,,,,
31,29.421631776704242,60.73537305421363,0.8185721953837896,0.6105743424584005,7.0450885668276975,0.2952227589908749,0.9192163177670424,,0.15432098765432098,,,,,,
32,28.64331723027375,59.93022007514761,2.408749329039184,0.5904455179817498,6.977992485238862,0.2952227589908749,0.9997316156736447,,0.15432098765432098,,,,,,
33,28.073000536768653,60.178475577026305,2.4020397208803006,0.5904455179817498,7.125603864734299,0.2952227589908749,0.9997316156736447,,0.15432098765432098,0.18115942028985507,,,,,
34,27.13365539452496,60.7487922705314,2.408749329039184,0.6239935587761675,7.454374664519592,0.2952227589908749,0.9997316156736447,,0.15432098765432098,0.18115942028985507,,,,,
35,27.053140096618357,59.43370907139023,2.2879763821792807,0.6239935587761675,8.628556092324208,0.5032206119162641,1.133923778851315,,0.15432098765432098,0.18115942028985507,,,,,
36,26.01315083199141,60.14492753623188,2.395330112721417,0.5032206119162641,9.084809447128288,0.5032206119162641,1.0198604401502953,,0.15432098765432098,0.18115942028985507,,,,,
37,20.591787439613526,46.2157809983897,2.368491680085883,20.73268921095008,7.769726247987117,0.5032206119162641,0.8722490606548577,,0.15432098765432098,0.18115942028985507,0.6105743424584005,,,,
38,19.43102522812668,42.3443370907139,2.771068169618894,19.57192699946323,7.5348899624261945,6.394256575415996,0.8722490606548577,,0.15432098765432098,0.18115942028985507,0.7447665056360708,,,,
39,19.404186795491142,42.1833064949007,2.7106816961889426,19.464573268921097,7.541599570585078,6.253354804079442,1.06682769726248,,0.15432098765432098,0.18115942028985507,1.0399892646269457,,,,
40,19.176060118089104,41.74718196457327,2.804616210413312,19.585346215780998,7.997852925389157,6.159420289855072,1.06682769726248,0.08722490606548577,0.15432098765432098,0.18115942028985507,1.0399892646269457,,,,
41,19.142512077294686,41.43183038110574,3.0193236714975846,19.47799248523886,8.266237251744498,6.159420289855072,1.0399892646269457,0.08722490606548577,0.15432098765432098,0.18115942028985507,1.0399892646269457,,,,
42,19.216317767042405,40.673644659151904,3.026033279656468,19.26328502415459,8.601717659688674,6.159420289855072,1.4224369296833066,0.08722490606548577,0.15432098765432098,0.18115942028985507,1.2144390767579174,,,,
43,19.189479334406872,40.5126140633387,3.026033279656468,19.182769726247987,8.836553945249598,6.092324208266238,1.4224369296833066,0.15432098765432098,0.15432098765432098,0.18115942028985507,1.247987117552335,,,,
44,19.196188942565755,40.25764895330113,3.0193236714975846,19.008319914117017,8.78287707997853,5.964841653247451,1.8048845947396672,0.24154589371980675,0.15432098765432098,0.18115942028985507,1.3888888888888888,,,,
45,18.46484165324745,69.71282877079979,3.1199677938808374,0.8990874932903918,5.5689747718733225,0.4830917874396135,1.415727321524423,,0.15432098765432098,0.18115942028985507,,,,,
46,18.50509930220075,69.36392914653784,3.1065485775630703,0.9728931830381106,5.6964573268921095,0.4830917874396135,1.4626945786366077,,0.15432098765432098,0.14761137949543746,0.10735373054213634,,,,
47,18.357487922705314,58.57487922705314,3.1065485775630703,1.1137949543746646,6.072195383789587,10.896403650026839,1.442565754159957,0.026838432635534086,0.15432098765432098,0.14761137949543746,0.10735373054213634,,,,
48,18.397745571658614,58.08507783145464,3.1065485775630703,1.4492753623188406,6.105743424584004,10.829307568438002,1.5432098765432098,0.07380568974771873,0.15432098765432098,0.14761137949543746,0.10735373054213634,,,,
49,18.02871712292002,52.69726247987118,3.012614063338701,1.4492753623188406,4.133118625872249,19.061996779388085,1.5029522275899088,0.11406333870101985,,,,,,,
50,17.814009661835748,52.663714439076756,3.260869565217391,1.4492753623188406,4.186795491143317,19.0150295222759,1.4962426194310252,0.11406333870101985,,,,,,,
51,13.479602791196994,57.48792270531401,2.737520128824477,1.4090177133655395,4.414922168545357,18.733225979602793,1.6237251744498122,0.11406333870101985,,,,,,,
52,11.83574879227053,58.41384863123994,2.6704240472356413,1.3888888888888888,5.119431025228127,18.491680085882983,1.5767579173376274,0.5032206119162641,,,,,,,
53,11.990069779924852,57.94417606011809,2.690552871712292,1.3888888888888888,5.401234567901234,18.297101449275363,1.5767579173376274,0.5636070853462157,,0.14761137949543746,,,,,
54,11.79549114331723,56.99141170155663,4.012345679012346,1.261406333870102,5.307300053676865,18.015297906602253,1.6774020397208802,0.6239935587761675,,0.3153515834675255,,,,,
55,11.876006441223833,55.18652710681696,3.992216854535695,1.261406333870102,6.890767579173376,17.619431025228128,1.8183038110574343,1.0399892646269457,,0.3153515834675255,,,,,
56,11.963231347289318,54.43505099302201,3.992216854535695,1.261406333870102,7.541599570585078,17.317498658078367,1.7981749865807837,1.3150831991411702,,0.3757380568974772,,,,,
57,11.77536231884058,54.41492216854536,4.012345679012346,5.193236714975845,7.387278582930757,13.499731615673644,1.8988191089640365,1.442565754159957,,0.3757380568974772,,,,,
58,11.808910359634996,54.21363392377885,3.938539989264627,5.193236714975845,7.387278582930757,13.553408480944713,2.0665593129361244,1.4626945786366077,,0.3757380568974772,,,,,
59,11.869296833064949,53.99892646269458,3.938539989264627,5.193236714975845,7.555018786902845,13.258185721953838,2.0531400966183573,1.7176596886741815,,0.41599570585077833,,,,,
60,11.896135265700483,53.743961352657,3.938539989264627,4.898013955984971,8.930488459473967,12.513419216317766,2.0531400966183573,1.5365002683843263,,0.35560923242082665,0.13419216317767044,,,,
61,11.949812130971551,53.33467525496511,3.9318303811057436,5.038915727321524,9.057971014492754,12.164519592055823,2.0933977455716586,1.9390767579173376,,0.35560923242082665,0.13419216317767044,,,,
62,10.735373054213634,53.817767042404725,2.965646806226516,4.622920021470746,9.024422973698336,13.976113794954374,2.073268921095008,1.8585614600107354,,0.7917337627482555,0.13419216317767044,,,,
63,10.916532474503489,53.247450348899626,2.965646806226516,4.622920021470746,9.131776704240472,14.036500268384327,2.086688137412775,1.9256575415995705,,0.7917337627482555,0.27509393451422437,,,,
64,10.896403650026839,52.61003757380569,3.099838969404187,4.622920021470746,9.54777241009125,14.009661835748792,2.2208803005904456,1.9256575415995705,,0.7917337627482555,0.27509393451422437,,,,
65,10.970209339774557,52.07326892109501,3.0864197530864197,4.562533548040794,9.749060654857756,14.278046162104133,2.2611379495437465,1.9256575415995705,,0.7917337627482555,0.30193236714975846,,,,
66,11.010466988727858,51.7512077294686,3.0730005367686526,4.555823939881911,9.863123993558776,14.163982823403114,2.3550724637681157,1.932367149758454,,0.9057971014492754,0.38915727321524424,,,,
67,11.104401502952227,51.06682769726248,3.0059044551798175,4.569243156199678,9.957058507783145,13.989533011272142,2.7241009125067097,1.9994632313472893,,1.1876006441223832,0.39586688137412773,,,,
68,11.044015029522276,50.75147611379496,3.0059044551798175,4.824208266237251,10.057702630166398,13.989533011272142,2.7442297369833604,1.9994632313472893,,1.1876006441223832,0.39586688137412773,,,,
69,10.560923242082662,50.70450885668277,2.985775630703167,4.683306494900698,10.299248523886206,13.922436929683306,3.1602254428341383,1.9994632313472893,,1.1876006441223832,0.49651100375738055,,,,
70,10.715244229736983,50.456253354804076,2.985775630703167,4.5960815888352125,10.326086956521738,14.023081052066559,3.1870638754696725,1.9994632313472893,0.026838432635534086,1.1876006441223832,0.49651100375738055,,,,
71,10.735373054213634,49.92619431025228,2.999194847020934,4.62962962962963,10.789049919484702,13.88888888888889,3.1870638754696725,2.01959205582394,0.026838432635534086,1.3016639828234031,0.49651100375738055,,,,
72,10.755501878690284,49.29549114331723,2.9119699409554483,4.622920021470746,11.117820719269995,13.875469672571121,3.549382716049383,2.0128824476650564,0.026838432635534086,1.3352120236178207,0.49651100375738055,,,,
73,10.809178743961352,48.711755233494365,2.9119699409554483,4.622920021470746,11.09098228663446,13.976113794954374,3.9184111647879765,2.006172839506173,0.026838432635534086,1.3352120236178207,0.5904455179817498,,,,
74,10.86285560923242,48.47691894793344,2.9119699409554483,4.622920021470746,11.238593666129898,13.801663982823403,3.9184111647879765,2.147074610842727,0.026838432635534086,1.3352120236178207,0.6575415995705851,,,,
75,10.721953837895867,48.18169618894257,2.985775630703167,4.5960815888352125,11.681427804616211,13.821792807300053,3.9049919484702094,2.0933977455716586,0.026838432635534086,1.3352120236178207,0.6508319914117016,,,,
76,10.983628556092324,47.134997316156735,4.656468062265164,4.5960815888352125,11.453301127214171,13.801663982823403,3.2340311325818574,2.0799785292538915,0.026838432635534086,1.3821792807300053,0.6508319914117016,,,,
77,9.836285560923242,48.980139559849704,4.944981213097155,4.49543746645196,11.29898013955985,13.358829844337091,2.9924852388620504,2.0799785292538915,0.026838432635534086,1.3352120236178207,0.6508319914117016,,,,
78,10.138217928073,48.72517444981213,4.918142780461621,4.49543746645196,11.345947396672035,13.056897477187333,2.9924852388620504,2.281266774020397,0.026838432635534086,1.3687600644122384,0.6508319914117016,,,,
79,10.198604401502953,48.369565217391305,4.891304347826087,4.441760601180891,11.41304347826087,12.875738056897477,3.207192699946323,2.1604938271604937,0.026838432635534086,1.6572732152442298,0.7447665056360708,0.013419216317767043,,,
80,10.258990874932904,48.29575952764358,4.891304347826087,4.428341384863124,11.399624261943103,12.795222758990874,3.207192699946323,2.147074610842727,0.06038647342995169,1.7579173376274826,0.7447665056360708,0.013419216317767043,,,
81,9.990606548577563,46.88674181427805,4.656468062265164,5.233494363929147,11.896135265700483,12.95625335480408,3.2541599570585076,2.1940418679549114,0.06038647342995169,1.8786902844873858,0.9796027911969941,0.013419216317767043,,,
82,10.165056360708535,46.73913043478261,4.911433172302737,5.152979066022544,11.788781535158346,12.909286097691895,3.260869565217391,2.15378421900161,0.06038647342995169,1.8786902844873858,0.966183574879227,0.013419216317767043,,,
83,10.359634997316157,46.121846484165324,4.87788513150832,5.146269457863661,12.13768115942029,12.909286097691895,3.374932903918411,2.15378421900161,0.06038647342995169,1.8786902844873858,0.966183574879227,0.013419216317767043,,,
84,10.473698336017177,45.75952764358561,5.045625335480408,5.146269457863661,12.204777241009126,12.76838432635534,3.4822866344605474,2.147074610842727,0.06038647342995169,1.9189479334406871,0.966183574879227,0.013419216317767043,0.013419216317767043,,
85,10.104669887278583,43.11594202898551,11.144659151905529,5.233494363929147,12.265163714439076,10.493827160493828,3.556092324208266,1.3486312399355878,0.06038647342995169,1.7847557702630166,0.8789586688137413,,0.013419216317767043,,
86,10.25228126677402,42.44498121309716,10.601180891035963,5.401234567901234,12.5,10.849436392914654,3.7775093934514223,1.3486312399355878,0.06038647342995169,1.8719806763285025,0.8789586688137413,,0.013419216317767043,,
87,10.379763821792807,42.290660225442835,10.534084809447128,5.381105743424584,12.52012882447665,10.809178743961352,3.770799785292539,1.3821792807300053,0.06038647342995169,1.8719806763285025,0.9863123993558777,,0.013419216317767043,,
88,10.493827160493828,41.700214707461086,10.393183038110575,5.401234567901234,12.533548040794418,10.607890499194847,4.126409017713366,1.3687600644122384,0.06038647342995169,1.9390767579173376,1.3620504562533549,,0.013419216317767043,,
89,10.493827160493828,41.096349973161566,10.7085346215781,5.475040257648954,12.734836285560924,10.473698336017177,4.294149221685454,1.2949543746645196,0.06038647342995169,1.9994632313472893,1.3553408480944713,,0.013419216317767043,,
90,10.205314009661835,40.53274288781535,10.554213633923778,5.387815351583468,12.741545893719806,11.52710681696189,4.2270531400966185,1.2949543746645196,0.06038647342995169,2.100107353730542,1.3553408480944713,,0.013419216317767043,,
91,10.258990874932904,40.24422973698336,10.513955984970478,5.58239398819109,12.734836285560924,11.406333870101985,4.3478260869565215,1.261406333870102,0.06038647342995169,2.073268921095008,1.5029522275899088,,0.013419216317767043,,
92,10.21202361782072,40.05636070853462,10.560923242082662,5.8239398819108965,12.681159420289855,11.18491680085883,4.428341384863124,1.3486312399355878,0.03354804079441761,2.15378421900161,1.5029522275899088,,0.013419216317767043,,
93,10.0979602791197,39.35856146001073,10.540794417606012,5.703166935050993,12.969672571121846,10.789049919484702,4.797369833601718,1.2815351583467525,0.03354804079441761,2.15378421900161,2.2611379495437465,,0.013419216317767043,,
94,10.044283413848632,38.868760064412236,10.534084809447128,5.6964573268921095,13.278314546430488,10.809178743961352,4.958400429414922,1.3620504562533549,0.03354804079441761,2.1403650026838434,2.2611379495437465,,0.013419216317767043,,
95,9.977187332259795,37.473161567364464,9.594739667203436,5.6964573268921095,14.056629092860977,11.896135265700483,5.12614063338701,1.328502415458937,0.03354804079441761,2.4691358024691357,2.3349436392914655,,0.013419216317767043,,
96,9.943639291465379,37.17122920021471,9.728931830381105,5.676328502415459,14.371980676328503,11.768652710681696,5.132850241545894,1.3016639828234031,0.03354804079441761,2.4154589371980677,2.442297369833602,,0.013419216317767043,,
97,10.124798711755233,37.01690821256039,9.702093397745571,5.609232420826624,14.445786366076222,11.694847020933977,5.0993022007514766,1.3352120236178207,0.03354804079441761,2.4154589371980677,2.509393451422437,,0.013419216317767043,,
98,10.071121846484166,36.07756307031669,9.896672034353195,5.589103596349974,14.855072463768115,10.923242082662373,5.139559849704777,1.1741814278046163,0.03354804079441761,2.475845410628019,3.750670960815888,,0.013419216317767043,,
99,10.205314009661835,35.93666129898014,9.923510466988727,5.3274288781535155,14.727589908749328,10.789049919484702,5.434782608695652,1.1272141706924315,0.11406333870101985,2.5563607085346214,3.844605475040258,,0.013419216317767043,,
100,9.923510466988727,35.0979602791197,9.802737520128824,5.226784755770263,14.707461084272678,12.077294685990339,5.3341384863123995,1.1272141706924315,0.11406333870101985,2.6637144390767578,3.911701556629093,,0.013419216317767043,,
101,9.876543209876543,34.856414385399894,9.98389694041868,5.394524959742351,14.694041867954912,11.996779388083736,5.3341384863123995,1.1741814278046163,0.11406333870101985,2.6502952227589907,3.911701556629093,,0.013419216317767043,,
102,9.923510466988727,34.50751476113795,10.104669887278583,5.3274288781535155,14.888620504562533,12.130971551261407,5.038915727321524,1.1741814278046163,0.11406333870101985,2.6502952227589907,4.126409017713366,,0.013419216317767043,,
103,10.138217928073,34.19216317767042,9.957058507783145,5.320719269994632,14.868491680085883,12.02361782071927,5.2066559312936125,1.2815351583467525,0.11406333870101985,2.757648953301127,4.106280193236715,,0.03354804079441761,,
104,10.077831454643048,33.722490606548575,9.977187332259795,5.267042404723564,15.566290928609769,12.050456253354804,5.152979066022544,1.2815351583467525,0.11406333870101985,2.757648953301127,3.9989264626945786,,0.03354804079441761,,
105,10.037573805689748,33.66881374127751,9.856414385399892,5.186527106816962,15.526033279656469,12.016908212560386,5.267042404723564,1.221148684916801,0.11406333870101985,2.7442297369833604,4.327697262479871,,0.03354804079441761,,
106,10.077831454643048,32.74288781535159,9.91009125067096,5.387815351583468,16.1231884057971,11.943102522812667,5.374396135265701,1.2144390767579174,0.11406333870101985,2.7509393451422435,4.327697262479871,,0.03354804079441761,,
107,10.138217928073,32.68250134192163,9.73564143853999,5.4549114331723025,15.98899624261943,12.110842726784755,5.360976918947934,1.2144390767579174,0.11406333870101985,2.7509393451422435,4.414922168545357,,0.03354804079441761,,
108,10.185185185185185,32.1658615136876,9.702093397745571,5.5689747718733225,16.163446054750402,11.976650563607086,5.508588298443371,1.2144390767579174,0.11406333870101985,2.8113258185721954,4.555823939881911,,0.03354804079441761,,
109,8.373590982286634,29.186795491143318,21.712292002147073,5.0791733762748255,13.466183574879228,10.319377348362856,5.314009661835748,1.107085346215781,0.11406333870101985,2.073268921095008,3.2206119162640903,,0.03354804079441761,,
110,8.07836822329576,28.368223295759528,20.779656468062264,6.763285024154589,13.211218464841654,10.46027911969941,5.032206119162641,1.107085346215781,0.11406333870101985,2.657004830917874,3.3950617283950617,,0.03354804079441761,,
111,8.199141170155663,28.119967793880836,20.538110574342458,6.736446591519055,13.365539452495975,10.507246376811594,4.99194847020934,1.1003757380568975,0.11406333870101985,2.871712292002147,3.3480944712828773,,0.10735373054213634,,
112,8.521202361782072,27.91867954911433,20.39049919484702,6.716317767042405,13.39237788513151,10.513955984970478,5.10601180891036,1.093666129898014,0.11406333870101985,2.932098765432099,3.193773483628556,,0.10735373054213634,,
113,8.68894256575416,27.76435856146001,20.283145464304884,6.702898550724638,13.378958668813741,10.446859903381643,5.22007514761138,1.1406333870101986,0.11406333870101985,3.012614063338701,3.140096618357488,,0.10735373054213634,,
114,8.68894256575416,26.757917337627482,19.732957595276435,6.615673644659152,14.38539989264627,10.621309715512615,5.253623188405797,1.1406333870101986,0.11406333870101985,3.2474503488996245,3.33467525496511,,0.10735373054213634,,
115,8.735909822866345,26.610305958132045,19.685990338164252,6.615673644659152,14.325013419216317,10.701825013419215,5.35426731078905,1.1406333870101986,0.11406333870101985,3.2742887815351582,3.33467525496511,,0.10735373054213634,,
116,8.809715512614064,26.455984970477726,19.464573268921097,6.595544820182502,14.452495974235104,10.59447128287708,5.35426731078905,1.261406333870102,0.11406333870101985,3.4688674181427803,3.321256038647343,,0.10735373054213634,,
117,8.789586688137414,26.093666129898015,19.350509930220074,6.595544820182502,14.351851851851851,10.775630703166936,5.676328502415459,1.261406333870102,0.11406333870101985,3.569511540526033,3.3145464304884595,,0.10735373054213634,,
118,9.07139023081052,25.771604938271604,19.0552871712292,6.863929146537842,14.687332259796028,10.61460010735373,5.615942028985507,1.2010198604401503,0.11406333870101985,3.656736446591519,3.240740740740741,,0.10735373054213634,,
119,9.091519055287172,25.167740203972087,15.183843263553408,10.970209339774557,15.116747181964573,10.721953837895867,5.589103596349974,1.2949543746645196,0.11406333870101985,3.3816425120772946,3.240740740740741,,0.1274825550187869,,
120,9.104938271604938,25.07380568974772,15.143585614600108,10.829307568438002,15.136876006441224,10.755501878690284,5.629361245303274,1.2949543746645196,0.11406333870101985,3.3816425120772946,3.3816425120772946,,0.1274825550187869,0.026838432635534086,
121,9.25925925925926,24.953032742887814,14.942297369833602,10.815888352120236,15.250939345142244,10.7085346215781,5.756843800322061,1.2949543746645196,0.11406333870101985,3.388352120236178,3.361513687600644,,0.1274825550187869,0.026838432635534086,
122,9.326355340848094,24.812130971551262,14.97584541062802,10.815888352120236,15.197262479871176,10.775630703166936,5.756843800322061,1.2949543746645196,0.11406333870101985,3.4151905528717124,3.361513687600644,,0.1274825550187869,0.026838432635534086,
123,9.41358024691358,24.50348899624262,14.868491680085883,10.815888352120236,15.197262479871176,10.681696188942565,6.078904991948471,1.2949543746645196,0.11406333870101985,3.4822866344605474,3.408480944712829,,0.1274825550187869,0.013419216317767043,
124,9.574610842726784,23.47691894793344,14.80810520665593,10.59447128287708,14.841653247450349,10.775630703166936,7.380568974771873,1.2949543746645196,0.11406333870101985,3.5426731078904994,3.4688674181427803,,0.1274825550187869,,
125,9.702093397745571,23.329307568438004,14.868491680085883,10.527375201288244,14.928878153515834,10.63472893183038,7.39398819108964,1.2949543746645196,0.11406333870101985,3.6097691894793345,3.4688674181427803,,0.1274825550187869,,
126,9.782608695652174,23.255501878690286,14.78797638217928,10.339506172839506,14.868491680085883,10.628019323671497,7.353730542136339,1.2748255501878691,0.2281266774020397,3.5829307568438002,3.770799785292539,,0.1274825550187869,,
127,9.608158883521202,22.758990874932906,14.586688137412775,9.977187332259795,14.647074610842727,11.714975845410628,7.152442297369833,1.3150831991411702,0.2281266774020397,3.717122920021471,4.166666666666667,,0.1274825550187869,,
128,9.541062801932368,22.77241009125067,13.043478260869565,9.96376811594203,16.51905528717123,11.782071926999464,7.179280730005368,1.3150831991411702,0.2281266774020397,3.6634460547504024,3.864734299516908,,0.1274825550187869,,
129,9.41358024691358,23.564143853998928,13.01663982823403,9.453837895866881,16.485507246376812,11.634460547504025,7.313472893183038,1.3150831991411702,0.2281266774020397,3.656736446591519,3.7909286097691894,,0.1274825550187869,,
130,9.514224369296834,23.416532474503487,12.929414922168545,9.272678475577026,16.398282340311326,11.701556629092861,7.39398819108964,1.3150831991411702,0.2281266774020397,3.6366076221148687,4.066022544283414,,0.1274825550187869,,
131,9.621578099838969,23.309178743961354,12.915995705850777,9.212292002147075,16.465378421900162,11.647879763821793,7.347020933977456,1.3150831991411702,0.2281266774020397,3.6097691894793345,4.200214707461084,,0.1274825550187869,,
132,9.702093397745571,23.087761674718198,12.875738056897477,9.198872785829307,16.378153515834676,11.876006441223833,7.25979602791197,1.3150831991411702,0.2281266774020397,3.6097691894793345,4.200214707461084,,0.1274825550187869,0.14090177133655393,
133,9.648416532474503,23.020665593129362,12.526838432635534,9.01100375738057,16.80756843800322,12.097423510466989,7.226247987117552,1.4962426194310252,0.2281266774020397,3.5963499731615673,4.072732152442297,,0.1274825550187869,0.14090177133655393,
134,9.648416532474503,22.906602254428343,12.406065485775631,8.856682769726248,16.55931293612453,12.332259796027913,7.5281803542673105,1.4626945786366077,0.2214170692431562,3.5762211486849167,4.233762748255502,,0.1274825550187869,0.14090177133655393,
135,9.769189479334408,22.765700483091788,12.184648416532475,8.709071390230811,16.6532474503489,12.31213097155126,7.5281803542673105,1.42914653784219,0.2214170692431562,3.797638217928073,4.2270531400966185,,0.1274825550187869,0.27509393451422437,
136,9.936929683306495,22.611379495437465,12.184648416532475,8.662104133118627,16.5727321524423,12.29200214707461,7.601986044015029,1.4492753623188406,0.2214170692431562,3.8714439076757916,4.193505099302201,,0.1274825550187869,0.27509393451422437,
137,9.957058507783145,22.383252818035427,12.171229200214707,8.581588835212024,16.27079978529254,12.754965110037574,7.722758990874933,1.4090177133655395,0.2281266774020397,3.9519592055823938,4.166666666666667,,0.1274825550187869,0.27509393451422437,
138,9.863123993558776,21.846484165324746,12.345679012345679,8.548040794417606,14.848362855609233,12.647611379495437,9.829575952764358,1.4090177133655395,0.2281266774020397,3.92512077294686,4.139828234031133,,0.1274825550187869,0.24154589371980675,
139,9.688674181427805,21.531132581857218,11.721685453569512,10.178475577026301,14.814814814814815,12.218196457326892,9.708803005904455,1.4090177133655395,0.2281266774020397,3.992216854535695,4.139828234031133,,0.1274825550187869,0.24154589371980675,
140,9.702093397745571,21.14868491680086,11.714975845410628,10.158346752549651,15.056360708534621,12.191358024691358,9.822866344605474,1.4090177133655395,0.24825550187869028,3.992216854535695,4.066022544283414,,0.1274825550187869,0.36231884057971014,
141,9.829575952764358,21.068169618894256,11.634460547504025,10.131508319914117,15.096618357487923,12.02361782071927,9.802737520128824,1.3553408480944713,0.24825550187869028,4.17337627482555,4.146537842190016,,0.1274825550187869,0.36231884057971014,
142,9.930220075147611,21.054750402576488,11.621041331186259,9.990606548577563,15.291196994095545,11.963231347289318,9.769189479334408,1.3419216317767042,0.24825550187869028,4.159957058507783,4.139828234031133,,0.1274825550187869,0.36231884057971014,
143,9.977187332259795,20.645464304884594,11.60762211486849,9.957058507783145,15.405260332796564,11.882716049382717,10.11808910359635,1.3419216317767042,0.24825550187869028,4.17337627482555,4.1532474503489,,0.1274825550187869,0.36231884057971014,
144,9.970477724100913,20.611916264090176,11.574074074074074,9.896672034353195,15.324745034889963,11.855877616747183,10.057702630166398,1.3352120236178207,0.24825550187869028,4.294149221685454,4.341116478797638,,0.1274825550187869,0.36231884057971014,
145,10.02415458937198,20.511272141706925,11.533816425120772,9.896672034353195,15.344873859366613,11.936392914653783,10.02415458937198,1.328502415458937,0.23483628556092323,4.334406870638754,4.341116478797638,,0.1274825550187869,0.36231884057971014,
146,10.00402576489533,20.229468599033815,11.533816425120772,9.943639291465379,15.552871712292003,11.829039184111648,10.111379495437467,1.3083735909822867,0.23483628556092323,4.38137412775094,4.42163177670424,,0.1274825550187869,0.322061191626409,
147,9.896672034353195,19.85373054213634,10.950080515297907,10.057702630166398,15.324745034889963,11.654589371980677,10.23215244229737,1.1205045625335481,0.23483628556092323,5.783682232957595,4.441760601180891,,0.1274825550187869,0.322061191626409,
148,9.997316156736447,19.732957595276435,10.93666129898014,10.050993022007514,15.418679549114332,11.654589371980677,10.178475577026301,1.1205045625335481,0.23483628556092323,5.783682232957595,4.441760601180891,,0.1274825550187869,0.322061191626409,
149,9.957058507783145,19.64573268921095,10.849436392914654,9.970477724100913,15.33816425120773,11.600912506709609,10.23215244229737,1.107085346215781,0.23483628556092323,5.864197530864198,4.750402576489533,,0.1274825550187869,0.322061191626409,
150,10.077831454643048,19.57192699946323,10.84272678475577,9.96376811594203,15.056360708534621,11.90955448201825,10.064412238325282,1.107085346215781,0.23483628556092323,5.864197530864198,4.85775630703167,,0.1274825550187869,0.322061191626409,
151,10.11808910359635,19.343800322061192,10.735373054213634,10.02415458937198,14.989264626945786,11.922973698336017,10.057702630166398,1.0601180891035964,0.39586688137412773,6.025228126677402,4.884594739667204,,0.1274825550187869,0.3153515834675255,
152,10.165056360708535,19.155931293612454,11.158078368223295,9.856414385399892,14.76784755770263,11.889425657541599,10.057702630166398,1.0601180891035964,0.39586688137412773,5.991680085882985,5.025496511003757,,0.1274825550187869,0.3153515834675255,0.03354804079441761
153,10.151637144390767,18.99490069779925,11.171497584541063,9.816156736446592,14.432367149758454,12.875738056897477,9.54777241009125,1.0601180891035964,0.39586688137412773,5.991680085882985,5.0993022007514766,,0.1274825550187869,0.30193236714975846,0.03354804079441761
154,10.225442834138486,18.9747718733226,11.131239935587761,9.749060654857756,14.533011272141707,12.754965110037574,9.601449275362318,1.0601180891035964,0.39586688137412773,5.991680085882985,5.119431025228127,,0.1274825550187869,0.30193236714975846,0.03354804079441761
155,10.077831454643048,18.57890499194847,12.607353730542137,9.31964573268921,14.371980676328503,12.332259796027913,9.655126140633387,1.1808910359634996,0.39586688137412773,5.938003220611916,5.0791733762748255,,0.1274825550187869,0.30193236714975846,0.03354804079441761
156,10.00402576489533,18.38432635534085,12.875738056897477,9.03113258185722,14.445786366076222,12.399355877616747,9.634997316156737,1.2345679012345678,0.39586688137412773,5.844068706387547,5.213365539452496,,0.1274825550187869,0.30193236714975846,0.10735373054213634
157,10.185185185185185,18.263553408480945,12.842190016103059,9.03113258185722,14.465915190552872,12.338969404186795,9.601449275362318,1.3016639828234031,0.4092860976918948,5.8239398819108965,5.199946323134729,,0.1274825550187869,0.30193236714975846,0.10735373054213634
158,10.124798711755233,18.075684380032207,12.74825550187869,8.957326892109501,14.546430488459475,12.432903918411165,9.722222222222221,1.3486312399355878,0.4092860976918948,5.904455179817498,5.193236714975845,,0.1274825550187869,0.30193236714975846,0.10735373054213634
159,10.185185185185185,18.055555555555557,12.533548040794418,8.93719806763285,14.606816961889425,12.25174449812131,9.71551261406334,1.3352120236178207,0.5032206119162641,6.072195383789587,5.267042404723564,,0.1274825550187869,0.30193236714975846,0.10735373054213634
160,10.299248523886206,17.941492216854535,12.439613526570048,8.93719806763285,14.667203435319378,12.211486849168008,9.574610842726784,1.4761137949543746,0.5032206119162641,6.025228126677402,5.387815351583468,,0.1274825550187869,0.30193236714975846,0.10735373054213634
161,10.312667740203972,17.793880837359097,11.81561996779388,9.219001610305957,14.55984970477724,12.198067632850242,9.842995169082126,1.583467525496511,0.5032206119162641,6.031937734836285,5.60252281266774,,0.1274825550187869,0.30193236714975846,0.10735373054213634
162,10.285829307568438,17.659688674181428,11.688137412775093,9.178743961352657,14.606816961889425,12.13768115942029,9.943639291465379,1.570048309178744,0.5032206119162641,6.246645195920558,5.642780461621041,,0.1274825550187869,0.30193236714975846,0.10735373054213634
163,10.25228126677402,17.24369296833065,11.520397208803006,9.064680622651638,14.908749329039184,11.969940955448202,10.48040794417606,1.42914653784219,0.5032206119162641,6.219806763285024,5.870907139023081,,0.1274825550187869,0.30193236714975846,0.10735373054213634
164,10.399892646269459,17.03569511540526,11.366076221148685,9.024422973698336,15.056360708534621,11.929683306494901,10.507246376811594,1.415727321524423,0.5032206119162641,6.0654857756307035,6.159420289855072,,0.1274825550187869,0.30193236714975846,0.10735373054213634
165,10.540794417606012,17.002147074610843,11.292270531400966,8.876811594202898,14.895330112721417,11.876006441223833,10.446859903381643,1.4694041867954912,0.5032206119162641,6.266774020397209,6.293612453032743,,0.1274825550187869,0.30193236714975846,0.10735373054213634
166,10.607890499194847,17.002147074610843,11.292270531400966,8.82313472893183,14.97584541062802,11.916264090177133,10.446859903381643,1.442565754159957,0.48980139559849706,6.239935587761675,6.226516371443908,,0.1274825550187869,0.30193236714975846,0.10735373054213634
167,10.607890499194847,16.774020397208805,11.325818572195384,8.756038647342995,14.586688137412775,12.06387546967257,10.735373054213634,1.3687600644122384,0.48980139559849706,6.239935587761675,6.515029522275899,,0.1274825550187869,0.30193236714975846,0.10735373054213634
168,10.654857756307031,16.7337627482555,11.238593666129898,8.648684916800859,14.63365539452496,13.466183574879228,10.540794417606012,1.3553408480944713,0.5099302200751477,6.085614600107354,5.783682232957595,,0.013419216317767043,0.2281266774020397,0.10735373054213634
169,10.413311862587225,16.297638217928075,11.151368760064413,11.285560923242082,14.123725174449811,12.842190016103059,9.943639291465379,1.3217928073000538,0.5099302200751477,5.931293612453032,5.83064949006978,,0.013419216317767043,0.2281266774020397,0.10735373054213634
170,10.50053676865271,16.11647879763822,11.305689747718732,11.044015029522276,13.942565754159958,13.077026301663983,10.057702630166398,1.3083735909822867,0.4294149221685454,6.018518518518518,5.850778314546431,,0.013419216317767043,0.2281266774020397,0.10735373054213634
171,10.446859903381643,15.908480944712828,11.533816425120772,10.923242082662373,14.06333870101986,13.211218464841654,9.86983360171766,1.3083735909822867,0.4294149221685454,6.025228126677402,5.931293612453032,,0.013419216317767043,0.2281266774020397,0.10735373054213634
172,10.352925389157273,15.619967793880837,11.553945249597424,10.768921095008052,13.781535158346752,14.378690284487385,9.608158883521202,1.2815351583467525,0.4294149221685454,5.9514224369296835,5.924584004294149,,0.013419216317767043,0.2281266774020397,0.10735373054213634
173,10.23215244229737,15.432098765432098,11.641170155662909,10.84272678475577,14.110305958132045,14.016371443907676,9.762479871175524,1.2412775093934514,0.4294149221685454,6.025228126677402,5.917874396135265,,0.013419216317767043,0.2281266774020397,0.10735373054213634
174,10.165056360708535,15.237520128824476,11.647879763821793,10.755501878690284,14.130434782608695,14.009661835748792,10.091250670960816,1.2412775093934514,0.4294149221685454,6.052066559312936,5.891035963499732,,0.013419216317767043,0.2281266774020397,0.10735373054213634
175,10.352925389157273,14.955716586151368,11.641170155662909,10.815888352120236,14.231078904991948,13.88888888888889,10.198604401502953,1.2345679012345678,0.4294149221685454,6.031937734836285,5.870907139023081,,0.013419216317767043,0.2281266774020397,0.10735373054213634
176,10.218733225979603,14.734299516908212,11.701556629092861,10.789049919484702,14.244498121309716,13.862050456253355,10.540794417606012,1.2345679012345678,0.4294149221685454,5.991680085882985,5.904455179817498,,0.013419216317767043,0.2281266774020397,0.10735373054213634
177,10.25228126677402,14.479334406870638,11.634460547504025,10.507246376811594,14.27133655394525,14.184111647879764,10.607890499194847,1.2345679012345678,0.4227053140096618,6.025228126677402,6.031937734836285,,0.013419216317767043,0.2281266774020397,0.10735373054213634
178,10.258990874932904,14.412238325281804,11.621041331186259,10.453569511540525,14.036500268384327,14.123725174449811,11.09098228663446,1.221148684916801,0.4227053140096618,6.025228126677402,5.984970477724101,,0.013419216317767043,0.2281266774020397,0.10735373054213634
179,10.379763821792807,14.412238325281804,11.600912506709609,10.433440687063875,14.023081052066559,14.190821256038648,11.064143853998926,1.1741814278046163,0.4227053140096618,6.025228126677402,5.9514224369296835,,0.013419216317767043,0.20128824476650564,0.10735373054213634
180,10.48040794417606,14.331723027375201,11.58749329039184,10.359634997316157,13.996242619431026,14.2914653784219,10.983628556092324,1.261406333870102,0.4227053140096618,6.018518518518518,5.9447128287707995,,0.013419216317767043,0.20128824476650564,0.10735373054213634
181,10.299248523886206,13.962694578636608,11.822329575952764,10.413311862587225,14.096886741814279,14.600107353730541,10.88298443370907,1.261406333870102,0.4227053140096618,6.018518518518518,5.897745571658615,,0.013419216317767043,0.20128824476650564,0.10735373054213634
182,10.373054213633925,13.92914653784219,11.81561996779388,10.185185185185185,14.392109500805153,14.553140096618357,10.88298443370907,1.2278582930756843,0.4227053140096618,6.031937734836285,5.864197530864198,,0.013419216317767043,0.20128824476650564,0.10735373054213634
183,10.185185185185185,13.539989264626946,11.788781535158346,10.050993022007514,14.049919484702093,15.157004830917874,11.829039184111648,1.1943102522812667,0.4227053140096618,6.005099302200751,5.441492216854535,,0.013419216317767043,0.20128824476650564,0.12077294685990338
184,9.681964573268921,12.86231884057971,14.828234031132581,9.977187332259795,13.533279656468062,14.78797638217928,11.104401502952227,1.1943102522812667,0.3153515834675255,6.005099302200751,5.387815351583468,,0.013419216317767043,0.1878690284487386,0.12077294685990338
185,9.688674181427805,12.835480407944177,14.727589908749328,9.936929683306495,13.419216317767042,14.848362855609233,11.231884057971014,1.1943102522812667,0.3153515834675255,5.971551261406334,5.508588298443371,,0.013419216317767043,0.1878690284487386,0.12077294685990338
