,45,50,52,51,53,55,54,57,56,58,59
0,100.0,,,,,,,,,,
1,73.14814814814815,26.85185185185185,,,,,,,,,
2,59.80944712828771,39.97584541062802,0.2147074610842727,,,,,,,,
3,54.1532474503489,45.63204508856683,0.2147074610842727,,,,,,,,
4,53.9922168545357,41.06280193236715,0.2147074610842727,4.730273752012883,,,,,,,
5,37.43961352657005,58.293075684380035,0.2147074610842727,4.052603327965647,,,,,,,
6,36.171497584541065,46.464036500268385,0.2147074610842727,17.14975845410628,,,,,,,
7,34.40016103059581,47.094739667203434,1.4224369296833066,17.082662372517444,,,,,,,
8,29.62962962962963,51.86527106816962,1.4224369296833066,17.082662372517444,,,,,,,
9,29.482018250134193,43.874127750939344,1.4224369296833066,14.036500268384327,11.18491680085883,,,,,,
10,29.70343531937735,43.545356951154055,1.4224369296833066,14.016371443907676,11.178207192699947,0.13419216317767044,,,,,
11,29.918142780461622,43.33064949006978,1.4224369296833066,14.016371443907676,11.178207192699947,0.13419216317767044,,,,,
12,30.01207729468599,42.41814278046162,1.4224369296833066,14.009661835748792,11.16478797638218,0.4562533548040794,0.5166398282340311,,,,
13,25.335480407944175,40.552871712292,2.8650026838432634,19.444444444444443,11.16478797638218,0.4227053140096618,0.2147074610842727,,,,
14,21.484165324745035,38.687600644122384,2.8650026838432634,30.817230273752013,5.5756843800322065,0.35560923242082665,0.2147074610842727,,,,
15,21.598228663446054,38.58695652173913,2.8650026838432634,30.803811057434245,5.5756843800322065,0.35560923242082665,0.2147074610842727,,,,
16,20.558239398819108,31.44122383252818,13.285024154589372,27.911969940955448,4.797369833601718,1.5096618357487923,,0.49651100375738055,,,
17,19.659151905528716,23.396403650026837,13.285024154589372,36.72168545356951,4.931561996779388,1.5096618357487923,,0.49651100375738055,,,
18,17.09608158883521,26.060118089103597,13.170960815888352,36.66800858829844,4.884594739667204,1.5096618357487923,,0.6105743424584005,,,
19,17.09608158883521,26.060118089103597,13.170960815888352,36.66800858829844,4.884594739667204,1.5096618357487923,,0.6105743424584005,,,
20,17.16988727858293,26.060118089103597,13.137412775093935,36.62775093934514,4.884594739667204,1.5096618357487923,,0.6105743424584005,,,
21,17.364465915190554,25.986312399355878,13.137412775093935,36.38620504562534,4.817498658078368,1.5096618357487923,,0.6105743424584005,0.1878690284487386,,
22,17.458400429414922,25.268384326355342,13.117283950617283,36.30568974771873,4.690016103059581,1.5096618357487923,0.8789586688137413,0.5837359098228664,0.1878690284487386,,
23,16.63311862587225,16.968599033816425,13.077026301663983,48.698336017176594,2.13365539452496,1.221148684916801,0.8789586688137413,0.20128824476650564,0.1878690284487386,,
24,16.646537842190018,16.968599033816425,13.077026301663983,47.90660225442834,2.120236178207193,2.0128824476650564,0.8789586688137413,0.20128824476650564,0.1878690284487386,,
25,16.908212560386474,16.888083735909824,13.077026301663983,47.73215244229737,2.120236178207193,2.0128824476650564,0.8722490606548577,0.20128824476650564,0.1878690284487386,,
26,16.861245303274288,16.874664519592056,12.902576489533011,47.195383789586685,2.1068169618894257,2.0128824476650564,0.8722490606548577,0.20128824476650564,0.9728931830381106,,
27,15.96886741814278,14.962426194310252,25.34219001610306,38.191089640365,2.1068169618894257,1.221148684916801,0.8722490606548577,0.20128824476650564,1.133923778851315,,
28,16.0829307568438,14.942297369833602,25.288513150831992,38.1508319914117,2.1068169618894257,1.221148684916801,0.8722490606548577,0.20128824476650564,1.133923778851315,,
29,14.579978529253891,14.600107353730541,24.416264090177133,40.86822329575953,2.1068169618894257,1.221148684916801,0.8722490606548577,0.20128824476650564,1.133923778851315,,
30,14.727589908749328,14.573268921095009,24.3894256575416,40.774288781535155,2.1068169618894257,1.221148684916801,0.8722490606548577,0.20128824476650564,1.133923778851315,,
31,14.875201288244767,14.284755770263017,21.544551798174986,42.05582393988191,3.140096618357488,2.2410091250670963,0.8722490606548577,0.20128824476650564,0.785024154589372,,
32,15.257648953301127,14.284755770263017,21.4573268921095,41.76060118089104,3.140096618357488,2.2410091250670963,0.8722490606548577,0.20128824476650564,0.785024154589372,,
33,14.700751476113794,12.399355877616747,18.323939881910896,47.63150831991412,3.750670960815888,2.0263016639828235,0.8722490606548577,0.20128824476650564,0.0939345142243693,,
34,14.935587761674718,12.365807836822329,18.310520665593128,46.90016103059581,3.743961352657005,2.006172839506173,0.9728931830381106,0.20128824476650564,0.5636070853462157,,
35,15.056360708534621,12.338969404186795,18.297101449275363,46.55797101449275,3.743961352657005,2.006172839506173,0.9728931830381106,0.20128824476650564,0.8252818035426731,,
36,14.593397745571659,12.338969404186795,18.793612453032743,47.61137949543747,1.892109500805153,2.965646806226516,0.9728931830381106,0.20128824476650564,0.630703166935051,,
37,7.977724100912507,17.163177670424048,22.510735373054214,45.6857219538379,1.892109500805153,2.965646806226516,0.9728931830381106,0.20128824476650564,0.630703166935051,,
38,8.071658615136876,16.988727858293075,22.282608695652176,45.148953301127214,2.6704240472356413,2.690552871712292,1.3150831991411702,0.20128824476650564,0.630703166935051,,
39,8.179012345679013,16.988727858293075,22.282608695652176,45.06843800322061,2.6435856146001075,2.690552871712292,1.3150831991411702,0.20128824476650564,0.630703166935051,,
40,7.917337627482555,16.941760601180892,19.77992485238862,45.36366076221149,5.018786902844874,2.690552871712292,1.3083735909822867,0.20128824476650564,0.7783145464304885,,
41,7.830112721417069,16.639828234031132,14.606816961889425,51.46269457863661,4.53569511540526,2.428878153515835,1.3083735909822867,0.20128824476650564,0.9863123993558777,,
42,7.9039184111647875,16.586151368760063,18.337359098228664,47.92002147074611,4.53569511540526,2.428878153515835,1.3083735909822867,0.20128824476650564,0.7783145464304885,,
43,7.950885668276973,16.566022544283413,18.310520665593128,47.92002147074611,4.53569511540526,2.428878153515835,1.3083735909822867,0.20128824476650564,0.7783145464304885,,
44,8.05823939881911,16.545893719806763,18.283682232957595,47.85963499731616,4.53569511540526,2.428878153515835,1.3083735909822867,0.20128824476650564,0.7783145464304885,,
45,8.28636607622115,16.532474503488995,18.189747718733226,47.745571658615134,4.53569511540526,2.428878153515835,1.3083735909822867,0.20128824476650564,0.7716049382716049,,
46,8.279656468062266,16.33118625872249,17.894524959742352,47.61808910359635,4.428341384863124,2.428878153515835,1.751207729468599,0.20128824476650564,1.06682769726248,,
47,8.340042941492216,16.297638217928075,17.894524959742352,47.59125067096082,4.428341384863124,2.428878153515835,1.751207729468599,0.20128824476650564,1.06682769726248,,
48,8.333333333333334,16.297638217928075,17.082662372517444,45.32340311325819,7.7361782071927,2.3215244229736984,1.751207729468599,0.16774020397208803,0.9863123993558777,,
49,8.521202361782072,16.190284487385938,17.03569511540526,45.289855072463766,7.7361782071927,2.3215244229736984,1.751207729468599,0.16774020397208803,0.9863123993558777,,
50,8.400429414922169,16.129898013955984,14.74771873322598,48.35614600107354,7.266505636070853,2.4825550187869028,1.751207729468599,0.16774020397208803,0.6977992485238862,,
51,8.293075684380032,16.049382716049383,17.498658078368223,45.591787439613526,7.246376811594203,2.563070316693505,1.751207729468599,0.30864197530864196,0.6977992485238862,,
52,8.340042941492216,16.035963499731615,14.969135802469136,48.17498658078368,7.246376811594203,2.5429414922168547,1.751207729468599,0.24825550187869028,0.6910896403650026,,
53,8.333333333333334,16.035963499731615,11.855877616747183,52.15378421900161,6.568706387546968,2.26784755770263,1.751207729468599,0.10735373054213634,0.9259259259259259,,
54,8.400429414922169,16.035963499731615,11.83574879227053,52.10681696188943,6.568706387546968,2.26784755770263,1.751207729468599,0.10735373054213634,0.9259259259259259,,
55,8.064949006977992,14.969135802469136,10.466988727858293,54.82420826623725,6.112453032742888,2.4020397208803006,2.1269457863660763,0.10735373054213634,0.9259259259259259,,
56,8.13875469672571,14.928878153515834,10.466988727858293,54.67659688674181,6.112453032742888,2.4020397208803006,2.1269457863660763,0.10735373054213634,1.0399892646269457,,
57,8.393719806763285,14.586688137412775,10.36634460547504,54.388083735909824,6.112453032742888,2.4020397208803006,2.61003757380569,0.10735373054213634,1.0332796564680622,,
58,8.501073537305421,14.573268921095009,10.36634460547504,53.5024154589372,6.112453032742888,2.4020397208803006,2.61003757380569,0.10735373054213634,1.8250134192163177,,
59,8.387010198604402,14.546430488459475,22.517444981213096,43.525228126677405,5.159688674181428,1.6975308641975309,2.2342995169082127,0.10735373054213634,1.8250134192163177,,
60,8.440687063875469,14.533011272141707,22.517444981213096,43.484970477724104,5.159688674181428,1.6975308641975309,2.2342995169082127,0.10735373054213634,1.8250134192163177,,
61,8.581588835212024,14.533011272141707,22.48389694041868,43.39774557165862,5.139559849704777,1.6975308641975309,2.2342995169082127,0.10735373054213634,1.8250134192163177,,
62,8.36688137412775,13.90901771336554,32.13231347289318,36.10440150295223,3.9519592055823938,1.5633387010198605,2.2342995169082127,0.10735373054213634,1.6304347826086956,,
63,8.454106280193237,13.90901771336554,32.13231347289318,36.10440150295223,3.9519592055823938,1.4962426194310252,2.214170692431562,0.10735373054213634,1.6304347826086956,,
64,8.507783145464305,13.855340848094471,32.13231347289318,36.10440150295223,3.9519592055823938,1.4962426194310252,2.214170692431562,0.10735373054213634,1.6304347826086956,,
65,8.219269994632313,13.841921631776705,35.218733225979605,33.69565217391305,3.9519592055823938,1.4962426194310252,2.214170692431562,0.10735373054213634,1.2546967257112185,,
66,8.024691358024691,13.734567901234568,34.62157809983897,31.95786366076221,6.776704240472356,1.3620504562533549,2.1806226516371443,0.08722490606548577,1.2546967257112185,,
67,8.051529790660226,13.7211486849168,34.62157809983897,31.95786366076221,6.776704240472356,1.3620504562533549,2.167203435319377,0.08722490606548577,1.2546967257112185,,
68,8.044820182501342,13.7211486849168,34.50751476113795,29.810789049919485,8.977455716586151,1.3620504562533549,2.167203435319377,0.15432098765432098,1.2546967257112185,,
69,8.07836822329576,13.7211486849168,34.46054750402576,29.716854535695116,8.977455716586151,1.3620504562533549,2.1604938271604937,0.15432098765432098,1.3687600644122384,,
70,7.62211486849168,13.553408480944713,34.93022007514761,29.683306494900698,9.473966720343531,1.093666129898014,2.120236178207193,0.15432098765432098,1.3687600644122384,,
71,7.75630703166935,13.526570048309178,34.88325281803543,29.64975845410628,9.473966720343531,1.093666129898014,2.0933977455716586,0.15432098765432098,1.3687600644122384,,
72,7.7898550724637685,12.754965110037574,34.62157809983897,29.59608158883521,10.299248523886206,1.093666129898014,2.0933977455716586,0.3824476650563607,1.3687600644122384,,
73,7.7898550724637685,12.104133118625873,34.6081588835212,29.58937198067633,10.285829307568438,1.778046162104133,2.0933977455716586,0.3824476650563607,1.3687600644122384,,
74,7.7361782071927,11.969940955448202,34.58803005904455,28.509125067096083,10.285829307568438,1.9256575415995705,3.2340311325818574,0.3824476650563607,1.3687600644122384,,
75,7.722758990874933,11.83574879227053,34.312936124530324,28.119967793880836,10.285829307568438,1.9256575415995705,3.556092324208266,0.3824476650563607,1.8585614600107354,,
76,7.836822329575953,11.83574879227053,34.225711218464845,28.093129361245303,10.285829307568438,1.9256575415995705,3.556092324208266,0.3824476650563607,1.8585614600107354,,
77,7.9039184111647875,11.808910359634996,34.19216317767042,28.093129361245303,10.279119699409554,1.9256575415995705,3.556092324208266,0.3824476650563607,1.8585614600107354,,
78,7.803274288781535,11.580783682232958,34.19216317767042,27.979066022544284,10.748792270531402,1.9256575415995705,3.556092324208266,0.3824476650563607,1.8317230273752012,,
79,7.185990338164252,11.486849168008588,25.328770799785293,39.36527106816962,9.212292002147075,2.1940418679549114,3.535963499731616,0.3824476650563607,1.3083735909822867,,
80,7.266505636070853,11.466720343531938,25.328770799785293,38.989533011272144,9.205582393988191,2.1940418679549114,3.535963499731616,0.3824476650563607,1.6304347826086956,,
81,7.4141170155662905,11.466720343531938,25.288513150831992,38.727858293075684,9.205582393988191,2.1940418679549114,3.502415458937198,0.3824476650563607,1.8183038110574343,,
82,7.474503488996243,11.460010735373054,25.207997852925388,38.6808910359635,9.205582393988191,2.1940418679549114,3.502415458937198,0.4562533548040794,1.8183038110574343,,
83,7.601986044015029,11.419753086419753,25.657541599570585,38.36553945249597,9.192163177670425,2.1940418679549114,3.502415458937198,0.24825550187869028,1.8183038110574343,,
84,7.809983896940419,11.399624261943103,25.623993558776167,38.21121846484165,9.192163177670425,2.1940418679549114,3.502415458937198,0.24825550187869028,1.8183038110574343,,
85,8.044820182501342,11.399624261943103,25.295222758990874,37.97638217928073,9.192163177670425,2.1940418679549114,3.502415458937198,0.24825550187869028,2.147074610842727,,
86,7.749597423510467,22.893183038110575,19.008319914117017,35.178475577026305,8.641975308641975,2.1739130434782608,3.3548040794417604,0.24825550187869028,0.7514761137949544,,
87,8.024691358024691,22.29602791196994,18.887546967257112,35.178475577026305,8.628556092324208,1.9592055823939882,4.025764895330113,0.24825550187869028,0.7514761137949544,,
88,8.011272141706923,22.041062801932366,18.887546967257112,35.10466988727858,8.628556092324208,2.301395598497048,4.025764895330113,0.24825550187869028,0.7514761137949544,,
89,7.950885668276973,22.007514761137948,31.528448738593667,22.84621578099839,8.682232957595277,2.0933977455716586,3.911701556629093,0.2281266774020397,0.7514761137949544,,
90,8.091787439613526,21.920289855072465,31.46135265700483,22.69189479334407,8.655394524959743,2.2946859903381642,3.9049919484702094,0.2281266774020397,0.7514761137949544,,
91,8.132045088566828,21.906870638754697,31.159420289855074,22.69189479334407,8.655394524959743,2.5697799248523885,3.9049919484702094,0.2281266774020397,0.7514761137949544,,
92,8.252818035426731,21.906870638754697,30.92458400429415,22.228931830381107,8.648684916800859,2.5697799248523885,3.9049919484702094,0.36902844873859364,1.1943102522812667,,
93,7.971014492753623,21.36339237788513,32.789855072463766,21.880032206119164,8.648684916800859,2.5697799248523885,3.2139023081052067,0.36902844873859364,1.1943102522812667,,
94,7.427536231884058,21.35668276972625,22.282608695652176,33.353462157809986,8.648684916800859,2.227589908749329,3.2139023081052067,0.24154589371980675,1.247987117552335,,
95,7.689210950080516,21.30300590445518,22.000805152979066,33.24610842726785,8.648684916800859,2.227589908749329,3.2139023081052067,0.4227053140096618,1.247987117552335,,
96,7.803274288781535,21.289586688137412,21.973966720343533,33.17901234567901,8.648684916800859,2.2208803005904456,3.2139023081052067,0.4227053140096618,1.247987117552335,,
97,7.836822329575953,21.256038647342994,21.973966720343533,33.17901234567901,8.648684916800859,2.2208803005904456,3.2139023081052067,0.4227053140096618,1.247987117552335,,
98,7.971014492753623,21.235909822866343,21.947128287707997,33.10520665593129,8.648684916800859,2.2208803005904456,3.2139023081052067,0.4092860976918948,1.247987117552335,,
99,8.05823939881911,21.22249060654858,21.85990338164251,30.09259259259259,8.648684916800859,2.2208803005904456,6.139291465378422,0.4092860976918948,1.3486312399355878,,
100,8.09849704777241,21.115136876006442,21.85990338164251,30.06575415995706,8.635265700483092,2.328234031132582,6.139291465378422,0.4092860976918948,1.3486312399355878,,
101,8.05823939881911,20.779656468062264,21.76596886741814,30.059044551798173,8.61513687600644,2.3215244229736984,6.642512077294686,0.4092860976918948,1.3486312399355878,,
102,8.333333333333334,20.75281803542673,22.282608695652176,29.884594739667204,8.36688137412775,1.9793344068706387,6.642512077294686,0.4092860976918948,1.3486312399355878,,
103,8.185721953837897,20.69243156199678,20.014761137949545,29.374664519592056,11.352657004830919,1.9793344068706387,6.642512077294686,0.4092860976918948,1.3486312399355878,,
104,8.373590982286634,20.658883521202362,20.014761137949545,29.26731078904992,11.352657004830919,1.9726247987117553,6.602254428341385,0.4092860976918948,1.3486312399355878,,
105,8.55475040257649,20.632045088566827,19.91411701556629,29.20692431561997,11.500268384326356,1.9726247987117553,6.602254428341385,0.2683843263553409,1.3486312399355878,,
106,8.829844337090714,20.598497047772412,19.887278582930758,28.488996242619432,11.419753086419753,1.9726247987117553,6.602254428341385,0.2616747181964573,1.9390767579173376,,
107,8.849973161567364,20.598497047772412,19.887278582930758,28.468867418142782,11.419753086419753,1.9726247987117553,6.602254428341385,0.2616747181964573,1.9390767579173376,,
108,8.964036500268385,20.571658615136876,19.887278582930758,28.408480944712828,11.419753086419753,1.9726247987117553,6.575415995705851,0.2616747181964573,1.9390767579173376,,
109,9.125067096081589,20.497852925389157,19.826892109500804,28.113258185721953,11.419753086419753,2.2410091250670963,6.474771873322598,0.2616747181964573,2.0397208803005906,,
110,9.252549651100376,20.497852925389157,19.79334406870639,28.032742887815353,11.406333870101985,2.2410091250670963,6.474771873322598,0.2616747181964573,2.0397208803005906,,
111,9.41358024691358,20.46430488459474,19.766505636070853,27.932098765432098,11.406333870101985,2.2410091250670963,6.474771873322598,0.2616747181964573,2.0397208803005906,,
112,9.433709071390231,20.303274288781534,19.524959742351047,27.677133655394524,11.3593666129898,2.9253891572732154,6.474771873322598,0.2616747181964573,2.0397208803005906,,
113,9.406870638754697,20.303274288781534,19.524959742351047,27.63016639828234,11.345947396672035,3.0327428878153517,6.454643048845948,0.2616747181964573,2.0397208803005906,,
114,9.5276435856146,20.29656468062265,19.51825013419216,27.522812667740205,11.345947396672035,3.0327428878153517,6.454643048845948,0.2616747181964573,2.0397208803005906,,
115,9.75577026301664,20.25630703166935,19.51825013419216,27.32823403113258,11.003757380568974,3.0327428878153517,6.454643048845948,0.2616747181964573,2.0397208803005906,0.3488996242619431,
116,9.688674181427805,20.336822329575952,19.51154052603328,27.32823403113258,10.997047772410092,3.0327428878153517,6.454643048845948,0.2616747181964573,2.0397208803005906,0.3488996242619431,
117,9.722222222222221,20.316693505099302,19.49812130971551,27.32823403113258,10.997047772410092,3.0327428878153517,6.454643048845948,0.2616747181964573,2.0397208803005906,0.3488996242619431,
118,9.809447128287708,20.095276435856146,18.50509930220075,27.100107353730543,12.177938808373591,3.207192699946323,6.454643048845948,0.2616747181964573,2.0397208803005906,0.3488996242619431,
119,9.614868491680086,13.372249060654857,18.095813204508858,26.402308105206657,20.397208803005906,3.207192699946323,6.4345142243692965,0.2616747181964573,1.865271068169619,0.3488996242619431,
120,9.742351046698873,13.372249060654857,18.075684380032207,26.32850241545894,20.397208803005906,3.1736446591519054,6.4345142243692965,0.2616747181964573,1.865271068169619,0.3488996242619431,
121,9.863123993558776,13.372249060654857,18.04884594739667,26.301663982823403,20.33011272141707,3.1736446591519054,6.4345142243692965,0.2616747181964573,1.865271068169619,0.3488996242619431,
122,9.943639291465379,13.372249060654857,18.035426731078903,26.261406333870102,20.303274288781534,3.1736446591519054,6.4345142243692965,0.2616747181964573,1.865271068169619,0.3488996242619431,
123,9.809447128287708,13.285024154589372,16.069511540526033,29.159957058507782,20.061728395061728,3.1736446591519054,6.078904991948471,0.14761137949543746,1.865271068169619,0.3488996242619431,
124,9.876543209876543,13.278314546430488,16.069511540526033,29.09957058507783,20.061728395061728,3.1736446591519054,6.078904991948471,0.14761137949543746,1.865271068169619,0.3488996242619431,
125,10.017444981213098,13.264895330112722,15.98899624261943,29.086151368760063,20.02818035426731,3.1736446591519054,6.078904991948471,0.14761137949543746,1.865271068169619,0.3488996242619431,
126,10.017444981213098,12.969672571121846,15.92860976918948,29.086151368760063,19.95437466451959,3.1736446591519054,6.508319914117015,0.14761137949543746,1.865271068169619,0.3488996242619431,
127,10.030864197530864,12.949543746645196,15.539452495974235,29.0727321524423,19.940955448201827,3.1736446591519054,6.702898550724638,0.14761137949543746,2.0933977455716586,0.3488996242619431,
128,9.702093397745571,12.949543746645196,15.331454643048845,26.42914653784219,23.859366612989803,3.066290928609769,6.541867954911433,0.06709608158883522,1.7042404723564144,0.3488996242619431,
129,9.849704777241008,12.949543746645196,15.331454643048845,26.38888888888889,23.852657004830917,3.0394524959742353,6.468062265163715,0.06709608158883522,1.7042404723564144,0.3488996242619431,
130,9.923510466988727,12.949543746645196,14.741009125067096,26.36876006441224,23.825818572195384,3.616478797638218,6.468062265163715,0.06709608158883522,1.6975308641975309,0.3421900161030596,
131,9.923510466988727,12.949543746645196,14.741009125067096,26.36876006441224,23.825818572195384,3.616478797638218,6.468062265163715,0.06709608158883522,1.6975308641975309,0.3421900161030596,
132,9.621578099838969,12.808641975308642,15.72061191626409,26.06682769726248,23.68491680085883,3.616478797638218,6.468062265163715,0.06709608158883522,1.4962426194310252,0.4495437466451959,
133,9.688674181427805,12.808641975308642,15.70048309178744,26.039989264626946,23.66478797638218,3.616478797638218,6.468062265163715,0.06709608158883522,1.4962426194310252,0.4495437466451959,
134,8.655394524959743,12.426194310252281,12.560386473429952,33.66881374127751,23.537305421363392,3.408480944712829,4.05931293612453,0.06709608158883522,1.1674718196457328,0.4495437466451959,
135,8.668813741277509,12.412775093934513,12.204777241009126,31.17283950617284,23.503757380568974,3.408480944712829,6.944444444444445,0.06709608158883522,1.1674718196457328,0.4495437466451959,
136,8.756038647342995,12.412775093934513,12.204777241009126,31.146001073537306,23.45679012345679,3.3950617283950617,6.944444444444445,0.06709608158883522,1.1674718196457328,0.4495437466451959,
137,8.373590982286634,11.540526033279656,11.352657004830919,35.54079441760601,22.128287707997853,3.1870638754696725,6.1929683306494905,0.06709608158883522,1.1674718196457328,0.4495437466451959,
138,8.588298443370908,11.540526033279656,11.352657004830919,35.39989264626946,22.088030059044552,3.1870638754696725,6.159420289855072,0.06709608158883522,1.1674718196457328,0.4495437466451959,
139,8.635265700483092,11.52710681696189,11.352657004830919,35.39989264626946,22.054482018250134,3.1870638754696725,6.159420289855072,0.06709608158883522,1.1674718196457328,0.4495437466451959,
140,8.702361782071927,11.52710681696189,11.352657004830919,34.91009125067096,22.014224369296834,3.6500268384326353,6.159420289855072,0.06709608158883522,1.1674718196457328,0.4495437466451959,
141,8.776167471819646,11.52710681696189,11.3191089640365,34.86983360171766,22.014224369296834,3.6500268384326353,6.159420289855072,0.06709608158883522,1.1674718196457328,0.4495437466451959,
142,8.749329039184111,11.52710681696189,10.997047772410092,34.86983360171766,22.007514761137948,3.6500268384326353,6.159420289855072,0.4227053140096618,1.1674718196457328,0.4495437466451959,
143,8.749329039184111,11.003757380568974,12.580515297906603,34.54777241009125,21.77938808373591,3.4822866344605474,6.159420289855072,0.4227053140096618,1.1674718196457328,0.10735373054213634,
144,9.037842190016104,10.88298443370907,12.5,34.27938808373591,21.712292002147073,3.7909286097691894,6.092324208266238,0.5367686527106817,1.0601180891035964,0.10735373054213634,
145,9.151905528717123,10.876274825550189,12.5,34.21900161030596,21.69887278582931,3.7909286097691894,6.0587761674718195,0.5367686527106817,1.0601180891035964,0.10735373054213634,
146,9.265968867418144,10.876274825550189,12.446323134728932,34.21900161030596,21.638486312399355,3.7909286097691894,6.0587761674718195,0.5367686527106817,1.0601180891035964,0.10735373054213634,
147,9.500805152979066,10.836017176596886,12.439613526570048,34.024422973698336,21.578099838969404,3.7909286097691894,6.005099302200751,0.5367686527106817,1.1808910359634996,0.10735373054213634,
148,9.514224369296834,10.836017176596886,12.439613526570048,34.024422973698336,21.564680622651636,3.7909286097691894,6.005099302200751,0.5367686527106817,1.1808910359634996,0.10735373054213634,
149,9.594739667203436,10.836017176596886,12.426194310252281,34.01100375738057,21.511003757380568,3.7909286097691894,6.005099302200751,0.5367686527106817,1.1808910359634996,0.10735373054213634,
150,9.453837895866881,10.540794417606012,12.399355877616747,33.9975845410628,20.108695652173914,5.555555555555555,5.991680085882985,0.5367686527106817,1.3083735909822867,0.10735373054213634,
151,9.480676328502415,10.493827160493828,12.318840579710145,34.12506709608159,20.068438003220614,5.508588298443371,5.924584004294149,0.5233494363929146,1.3083735909822867,0.24825550187869028,
152,9.50751476113795,10.493827160493828,12.31213097155126,34.12506709608159,20.04830917874396,5.508588298443371,5.924584004294149,0.5233494363929146,1.3083735909822867,0.24825550187869028,
153,9.608158883521202,10.466988727858293,12.305421363392378,34.09822866344606,20.00805152979066,5.508588298443371,5.924584004294149,0.5233494363929146,1.3083735909822867,0.24825550187869028,
154,9.688674181427805,10.433440687063875,12.305421363392378,34.064680622651636,20.00805152979066,5.508588298443371,5.924584004294149,0.5233494363929146,1.2949543746645196,0.24825550187869028,
155,9.75577026301664,10.433440687063875,12.298711755233494,33.95061728395062,19.940955448201827,5.488459473966721,5.924584004294149,0.5703166935050993,1.3888888888888888,0.24825550187869028,
156,9.88996242619431,10.433440687063875,12.23161567364466,33.89023081052066,19.93424584004294,5.488459473966721,5.924584004294149,0.5703166935050993,1.3888888888888888,0.24825550187869028,
157,9.668545356951155,10.393183038110575,10.11808910359635,33.313204508856685,22.98040794417606,5.488459473966721,5.924584004294149,0.5703166935050993,1.2949543746645196,0.24825550187869028,
158,9.675254965110037,10.393183038110575,10.11808910359635,33.313204508856685,22.973698336017176,5.488459473966721,5.924584004294149,0.5703166935050993,1.2949543746645196,0.24825550187869028,
159,9.769189479334408,10.393183038110575,10.11808910359635,32.910628019323674,22.899892646269457,5.481749865807837,5.924584004294149,0.5703166935050993,1.6841116478797638,0.24825550187869028,
160,9.856414385399892,10.38647342995169,10.11808910359635,32.910628019323674,22.852925389157274,5.4616210413311865,5.911164787976382,0.5703166935050993,1.6841116478797638,0.24825550187869028,
161,9.936929683306495,10.38647342995169,10.11808910359635,32.830112721417066,22.852925389157274,5.4616210413311865,5.911164787976382,0.5703166935050993,1.6841116478797638,0.24825550187869028,
162,10.010735373054214,10.38647342995169,10.11808910359635,32.80327428878154,22.852925389157274,5.448201825013419,5.877616747181965,0.5703166935050993,1.6841116478797638,0.24825550187869028,
163,9.876543209876543,10.218733225979603,12.95625335480408,32.27992485238862,21.135265700483092,5.381105743424584,5.71658615136876,0.5703166935050993,1.6170155662909287,0.24825550187869028,
164,9.930220075147611,10.138217928073,12.95625335480408,31.64922168545357,21.101717659688674,6.226516371443908,5.562265163714439,0.5703166935050993,1.6170155662909287,0.24825550187869028,
165,10.017444981213098,10.11808910359635,12.942834138486312,31.602254428341386,21.101717659688674,6.226516371443908,5.555555555555555,0.5703166935050993,1.6170155662909287,0.24825550187869028,
166,10.131508319914117,10.11808910359635,12.902576489533011,31.54186795491143,21.088298443370906,6.226516371443908,5.555555555555555,0.5703166935050993,1.6170155662909287,0.24825550187869028,
167,10.23215244229737,10.0979602791197,12.889157273215245,31.146001073537306,21.068169618894256,6.226516371443908,5.542136339237788,0.5703166935050993,1.9793344068706387,0.24825550187869028,
168,10.332796564680622,10.050993022007514,12.889157273215245,31.112453032742888,21.048040794417606,6.226516371443908,5.542136339237788,0.5703166935050993,1.9793344068706387,0.24825550187869028,
169,10.426731078904991,10.050993022007514,12.889157273215245,31.052066559312937,21.014492753623188,6.226516371443908,5.542136339237788,0.5703166935050993,1.9793344068706387,0.24825550187869028,
170,10.493827160493828,10.037573805689748,12.889157273215245,30.99838969404187,21.014492753623188,6.226516371443908,5.542136339237788,0.5703166935050993,1.9793344068706387,0.24825550187869028,
171,10.534084809447128,10.037573805689748,12.889157273215245,30.951422436929683,21.014492753623188,6.3137412775093935,5.535426731078905,0.5703166935050993,1.90552871712292,0.24825550187869028,
172,10.628019323671497,10.02415458937198,12.86231884057971,30.897745571658614,21.014492753623188,6.3137412775093935,5.535426731078905,0.5703166935050993,1.90552871712292,0.24825550187869028,
173,10.695115405260333,9.96376811594203,12.714707461084272,30.669618894256576,21.00107353730542,6.327160493827161,5.676328502415459,0.5703166935050993,2.13365539452496,0.24825550187869028,
174,10.903113258185721,9.943639291465379,12.701288244766506,30.48174986580784,20.954106280193237,6.3137412775093935,5.676328502415459,0.5703166935050993,2.2074610842726785,0.24825550187869028,
175,10.963499731615673,9.943639291465379,12.694578636607622,30.454911433172303,20.954106280193237,6.293612453032743,5.669618894256575,0.5703166935050993,2.2074610842726785,0.24825550187869028,
176,10.93666129898014,9.936929683306495,12.640901771336553,29.837627482555018,20.9272678475577,6.293612453032743,6.488191089640365,0.5703166935050993,2.120236178207193,0.24825550187869028,
177,10.93666129898014,9.936929683306495,12.640901771336553,29.837627482555018,20.9272678475577,6.293612453032743,6.488191089640365,0.5703166935050993,2.120236178207193,0.24825550187869028,
178,10.923242082662373,8.977455716586151,12.640901771336553,29.770531400966185,22.490606548577563,5.877616747181965,6.414385399892646,0.5367686527106817,2.120236178207193,0.24825550187869028,
179,10.836017176596886,8.970746108427267,12.754965110037574,29.24718196457327,23.731884057971016,5.857487922705314,6.005099302200751,0.5367686527106817,1.8115942028985508,0.24825550187869028,
180,10.916532474503489,8.856682769726248,12.47987117552335,29.22705314009662,24.053945249597422,5.776972624798712,5.9514224369296835,0.5367686527106817,1.9524959742351047,0.24825550187869028,
181,10.762211486849168,8.816425120772946,13.533279656468062,29.066022544283413,23.61111111111111,5.776972624798712,5.562265163714439,0.5367686527106817,2.086688137412775,0.24825550187869028,
182,10.963499731615673,8.816425120772946,13.533279656468062,28.858024691358025,23.597691894793343,5.837359098228664,5.522007514761138,0.5367686527106817,2.086688137412775,0.24825550187869028,
183,11.010466988727858,8.816425120772946,13.506441223832528,28.85131508319914,23.463499731615673,5.837359098228664,5.522007514761138,0.5367686527106817,2.2074610842726785,0.24825550187869028,
184,11.05072463768116,8.816425120772946,13.506441223832528,28.85131508319914,23.329307568438004,5.837359098228664,5.522007514761138,0.5367686527106817,2.2074610842726785,0.3421900161030596,
185,11.11111111111111,8.816425120772946,13.486312399355878,28.85131508319914,23.315888352120236,5.837359098228664,5.495169082125604,0.5367686527106817,2.2074610842726785,0.3421900161030596,
186,11.218464841653248,8.809715512614064,13.486312399355878,28.77750939345142,23.289049919484704,5.837359098228664,5.495169082125604,0.5367686527106817,2.2074610842726785,0.3421900161030596,
187,11.258722490606548,8.809715512614064,13.47289318303811,28.77750939345142,23.262211486849168,5.837359098228664,5.495169082125604,0.5367686527106817,2.2074610842726785,0.3421900161030596,
188,11.352657004830919,8.776167471819646,13.466183574879228,28.743961352657006,23.1682769726248,5.837359098228664,5.495169082125604,0.5367686527106817,2.1806226516371443,0.4428341384863124,
189,9.05126140633387,5.515297906602254,12.5402576489533,37.513419216317764,22.33628556092324,4.797369833601718,4.904723564143854,0.5367686527106817,2.3617820719269993,0.4428341384863124,
190,9.151905528717123,5.515297906602254,12.513419216317766,37.43961352657005,22.33628556092324,4.797369833601718,4.904723564143854,0.5367686527106817,2.3617820719269993,0.4428341384863124,
191,9.326355340848094,5.515297906602254,12.5,37.43961352657005,22.17525496511004,4.797369833601718,4.904723564143854,0.5367686527106817,2.3617820719269993,0.4428341384863124,
192,9.494095544820183,5.515297906602254,12.359098228663447,37.25845410628019,21.772678475577028,4.797369833601718,5.481749865807837,0.5367686527106817,2.341653247450349,0.4428341384863124,
193,9.494095544820183,5.515297906602254,12.359098228663447,37.25845410628019,21.772678475577028,4.797369833601718,5.481749865807837,0.5367686527106817,2.341653247450349,0.4428341384863124,
194,9.769189479334408,5.495169082125604,12.345679012345679,37.043746645195924,21.772678475577028,4.797369833601718,5.4616210413311865,0.5300590445517982,2.341653247450349,0.4428341384863124,
195,9.977187332259795,5.495169082125604,12.318840579710145,36.93639291465379,21.772678475577028,4.7638217928073,5.434782608695652,0.5233494363929146,2.3349436392914655,0.4428341384863124,
196,9.977187332259795,5.401234567901234,13.211218464841654,36.922973698336016,21.00107353730542,4.49543746645196,5.689747718733226,0.5233494363929146,2.3349436392914655,0.4428341384863124,
197,10.044283413848632,5.401234567901234,13.18438003220612,36.922973698336016,20.98094471282877,4.49543746645196,5.676328502415459,0.5233494363929146,2.3349436392914655,0.43612453032742887,
198,10.050993022007514,5.401234567901234,13.18438003220612,36.922973698336016,20.974235104669887,4.49543746645196,5.676328502415459,0.5233494363929146,2.3349436392914655,0.43612453032742887,
199,10.165056360708535,5.401234567901234,13.157541599570585,36.862587224906065,20.947396672034355,4.49543746645196,5.676328502415459,0.5233494363929146,2.3349436392914655,0.43612453032742887,
200,10.258990874932904,5.401234567901234,13.137412775093935,36.83574879227053,20.90042941492217,4.49543746645196,5.676328502415459,0.5233494363929146,2.3349436392914655,0.43612453032742887,
201,10.319377348362856,5.401234567901234,13.103864734299517,36.782071926999464,20.90042941492217,4.49543746645196,5.381105743424584,0.5233494363929146,2.3349436392914655,0.43612453032742887,0.322061191626409
202,10.433440687063875,5.367686527106817,13.103864734299517,36.70155662909286,20.90042941492217,4.49543746645196,5.381105743424584,0.5233494363929146,2.3349436392914655,0.43612453032742887,0.322061191626409
203,10.473698336017177,5.367686527106817,13.09044551798175,35.90311325818572,21.55126140633387,4.49543746645196,5.233494363929147,0.5233494363929146,2.8650026838432634,0.43612453032742887,0.06038647342995169
204,10.775630703166936,5.367686527106817,12.969672571121846,35.849436392914654,21.423778851315085,4.49543746645196,5.233494363929147,0.5233494363929146,2.8650026838432634,0.43612453032742887,0.06038647342995169
205,9.809447128287708,5.360976918947934,12.942834138486312,42.44498121309716,18.06897477187332,4.394793344068707,3.2541599570585076,0.5233494363929146,2.8650026838432634,0.33548040794417605,
206,9.842995169082126,5.360976918947934,12.909286097691895,42.44498121309716,18.06897477187332,4.394793344068707,3.2541599570585076,0.5233494363929146,2.8650026838432634,0.33548040794417605,
207,9.849704777241008,5.4549114331723025,12.895866881374127,42.371175523349436,18.00858829844337,4.394793344068707,3.2541599570585076,0.5233494363929146,2.9119699409554483,0.33548040794417605,
208,9.903381642512077,5.4549114331723025,12.875738056897477,42.31749865807837,17.98174986580784,4.394793344068707,3.2541599570585076,0.5233494363929146,2.9589371980676327,0.33548040794417605,
209,10.124798711755233,5.428073000536768,12.835480407944177,42.2638217928073,17.94820182501342,4.361245303274289,3.2340311325818574,0.5233494363929146,2.945517981749866,0.33548040794417605,
210,10.185185185185185,5.428073000536768,12.815351583467525,42.2638217928073,17.934782608695652,4.361245303274289,3.2340311325818574,0.5233494363929146,2.918679549114332,0.33548040794417605,
211,10.225442834138486,5.374396135265701,12.815351583467525,42.2638217928073,17.921363392377884,4.388083735909823,3.2340311325818574,0.5233494363929146,2.918679549114332,0.33548040794417605,
212,10.38647342995169,5.374396135265701,12.815351583467525,41.88137412775094,17.887815351583466,4.388083735909823,3.2340311325818574,0.5233494363929146,3.1736446591519054,0.33548040794417605,
213,10.413311862587225,5.374396135265701,12.795222758990874,41.88137412775094,17.881105743424584,4.388083735909823,3.2340311325818574,0.5233494363929146,3.1736446591519054,0.33548040794417605,
214,10.44015029522276,5.374396135265701,12.788513150831992,41.86124530327429,17.881105743424584,4.388083735909823,3.2340311325818574,0.5233494363929146,3.1736446591519054,0.33548040794417605,
215,10.446859903381643,5.374396135265701,12.446323134728932,41.22383252818035,18.377616747181964,4.388083735909823,3.2340311325818574,0.5233494363929146,3.6500268384326353,0.33548040794417605,
216,10.742082662372518,5.260332796564681,12.439613526570048,41.15002683843264,18.276972624798713,4.388083735909823,3.2340311325818574,0.5233494363929146,3.6500268384326353,0.33548040794417605,
217,10.789049919484702,5.260332796564681,12.419484702093397,41.12989801395599,18.276972624798713,4.388083735909823,3.2340311325818574,0.5233494363929146,3.643317230273752,0.33548040794417605,
218,10.84272678475577,5.260332796564681,12.419484702093397,41.116478797638216,18.23671497584541,4.388083735909823,3.2340311325818574,0.5233494363929146,3.643317230273752,0.33548040794417605,
219,10.95679012345679,5.213365539452496,12.419484702093397,41.076221148684915,18.209876543209877,4.388083735909823,3.2340311325818574,0.5233494363929146,3.643317230273752,0.33548040794417605,
220,10.983628556092324,5.213365539452496,12.406065485775631,40.85480407944176,18.209876543209877,4.609500805152979,3.2206119162640903,0.5233494363929146,3.643317230273752,0.33548040794417605,
221,10.997047772410092,5.199946323134729,12.406065485775631,40.774288781535155,18.209876543209877,4.609500805152979,3.2206119162640903,0.5233494363929146,3.7238325281803544,0.33548040794417605,
222,10.950080515297907,5.199946323134729,12.385936661298981,40.445517981749866,18.06226516371444,5.173107890499195,3.2206119162640903,0.5032206119162641,3.7238325281803544,0.33548040794417605,
223,10.997047772410092,5.199946323134729,12.372517444981213,40.41196994095545,18.06226516371444,5.173107890499195,3.2206119162640903,0.5032206119162641,3.7238325281803544,0.33548040794417605,
224,11.037305421363392,5.173107890499195,12.359098228663447,40.17713365539453,18.06226516371444,5.280461621041331,3.113258185721954,0.5233494363929146,3.938539989264627,0.33548040794417605,
225,11.144659151905529,5.166398282340311,12.359098228663447,40.11003757380569,18.035426731078903,5.273752012882448,3.113258185721954,0.5233494363929146,3.938539989264627,0.33548040794417605,
226,11.218464841653248,5.166398282340311,12.359098228663447,40.03623188405797,18.035426731078903,5.273752012882448,3.113258185721954,0.5233494363929146,3.938539989264627,0.33548040794417605,
