,45,50,51,53,55,52,54,57,56,58,59,61,60,62,63
0,99.78529253891573,0.2147074610842727,,,,,,,,,,,,,
1,99.61755233494364,0.3824476650563607,,,,,,,,,,,,,
2,99.53703703703704,0.46296296296296297,,,,,,,,,,,,,
3,99.16129898013956,0.8387010198604401,,,,,,,,,,,,,
4,96.10842726784756,3.8915727321524423,,,,,,,,,,,,,
5,94.88727858293076,5.0993022007514766,0.013419216317767043,,,,,,,,,,,,
6,93.02200751476114,6.944444444444445,0.013419216317767043,0.020128824476650563,,,,,,,,,,,
7,89.75442834138487,10.165056360708535,0.013419216317767043,0.020128824476650563,0.04696725711218465,,,,,,,,,,
8,80.67632850241546,19.142512077294686,0.040257648953301126,0.020128824476650563,0.12077294685990338,,,,,,,,,,
9,80.07246376811594,19.665861513687602,0.040257648953301126,0.020128824476650563,0.20128824476650564,,,,,,,,,,
10,72.34970477724102,27.30810520665593,0.040257648953301126,0.04696725711218465,0.2549651100375738,,,,,,,,,,
11,72.32286634460547,27.294685990338163,0.040257648953301126,0.04696725711218465,0.2952227589908749,,,,,,,,,,
12,71.64519592055824,27.938808373590984,0.040257648953301126,0.04696725711218465,0.32877079978529256,,,,,,,,,,
13,71.544551798175,28.012614063338702,0.040257648953301126,0.04696725711218465,0.32877079978529256,0.026838432635534086,,,,,,,,,
14,71.47074610842726,27.932098765432098,0.040257648953301126,0.04696725711218465,0.32877079978529256,0.040257648953301126,0.14090177133655393,,,,,,,,
15,71.43048845947396,27.945517981749866,0.040257648953301126,0.04696725711218465,0.35560923242082665,0.040257648953301126,0.14090177133655393,,,,,,,,
16,70.92055823939882,28.005904455179817,0.47638217928073,0.04696725711218465,0.38915727321524424,0.040257648953301126,0.12077294685990338,,,,,,,,
17,70.74610842726784,28.14680622651637,0.47638217928073,0.04696725711218465,0.39586688137412773,0.06709608158883522,0.12077294685990338,,,,,,,,
18,70.69914117015567,28.12667740203972,0.47638217928073,0.04696725711218465,0.43612453032742887,0.06709608158883522,0.14761137949543746,,,,,,,,
19,59.997316156736446,38.93585614600107,0.47638217928073,0.04696725711218465,0.3421900161030596,0.05367686527106817,0.14761137949543746,,,,,,,,
20,54.609500805152976,42.11621041331186,0.20128824476650564,0.04696725711218465,0.4227053140096618,2.4557165861513686,0.14761137949543746,,,,,,,,
21,54.106280193236714,42.55904455179817,0.20128824476650564,0.04696725711218465,0.4830917874396135,2.442297369833602,0.14761137949543746,0.013419216317767043,,,,,,,
22,44.24986580783682,39.20424047235642,13.070316693505099,0.3824476650563607,0.46967257112184646,2.442297369833602,0.14761137949543746,0.013419216317767043,0.020128824476650563,,,,,,
23,42.48523886205046,40.9621578099839,13.070316693505099,0.3824476650563607,0.46967257112184646,2.4557165861513686,0.12077294685990338,0.03354804079441761,0.020128824476650563,,,,,,
24,42.36446591519055,40.98228663446055,13.043478260869565,0.3824476650563607,0.5099302200751477,2.4557165861513686,0.19457863660762212,0.03354804079441761,0.03354804079441761,,,,,,
25,42.29736983360172,41.0024154589372,13.030059044551798,0.3824476650563607,0.5568974771873323,2.4557165861513686,0.19457863660762212,0.03354804079441761,0.04696725711218465,,,,,,
26,41.458668813741276,41.706924315619965,12.99651100375738,0.39586688137412773,0.6843800322061192,2.4557165861513686,0.19457863660762212,0.03354804079441761,0.07380568974771873,,,,,,
27,41.136607622114866,36.41975308641975,12.969672571121846,5.199946323134729,1.5767579173376274,2.442297369833602,0.12077294685990338,0.03354804079441761,0.10064412238325282,,,,,,
28,41.1231884057971,36.33923778851315,12.969672571121846,5.199946323134729,1.6505636070853462,2.3752012882447664,0.12077294685990338,0.03354804079441761,0.1878690284487386,,,,,,
29,40.98228663446055,36.35265700483092,13.003220611916264,5.199946323134729,1.6975308641975309,2.4020397208803006,0.12077294685990338,0.05367686527106817,0.1878690284487386,,,,,,
30,34.10493827160494,43.062265163714436,13.063607085346217,5.199946323134729,1.7981749865807837,2.395330112721417,0.12077294685990338,0.05367686527106817,0.20128824476650564,,,,,,
31,34.03113258185722,43.07568438003221,13.050187869028449,4.74369296833065,1.8518518518518519,2.395330112721417,0.5904455179817498,0.05367686527106817,0.20799785292538917,,,,,,
32,33.97074610842727,42.94820182501342,13.043478260869565,4.730273752012883,2.0397208803005906,2.3752012882447664,0.6038647342995169,0.07380568974771873,0.2147074610842727,,,,,,
33,30.17981749865808,46.765968867418145,12.164519592055823,4.64975845410628,3.6231884057971016,1.7176596886741815,0.6172839506172839,0.05367686527106817,0.2281266774020397,,,,,,
34,30.159688674181428,46.745840042941495,12.124261943102523,4.643048845947397,3.6366076221148687,1.7176596886741815,0.6172839506172839,0.05367686527106817,0.30193236714975846,,,,,,
35,30.12614063338701,46.65861513687601,12.104133118625873,4.622920021470746,3.730542136339238,1.7176596886741815,0.6172839506172839,0.05367686527106817,0.3488996242619431,0.020128824476650563,,,,,
36,29.797369833601717,42.07595276435856,16.841116478797638,4.622920021470746,3.8848631239935587,1.7310789049919484,0.6172839506172839,0.05367686527106817,0.35560923242082665,0.020128824476650563,,,,,
37,29.78395061728395,42.03569511540526,16.841116478797638,4.622920021470746,3.992216854535695,1.7310789049919484,0.5636070853462157,0.05367686527106817,0.35560923242082665,0.020128824476650563,,,,,
38,29.78395061728395,41.99543746645196,16.820987654320987,4.616210413311863,4.032474503488996,1.724369296833065,0.5636070853462157,0.06038647342995169,0.3757380568974772,0.026838432635534086,,,,,
39,29.757112184648417,41.89479334406871,16.53918411164788,4.643048845947397,4.133118625872249,1.724369296833065,0.5636070853462157,0.06038647342995169,0.6575415995705851,0.026838432635534086,,,,,
40,28.415190552871714,41.056092324208265,18.59903381642512,4.609500805152979,4.253891572732153,1.724369296833065,0.5636070853462157,0.06038647342995169,0.6575415995705851,0.06038647342995169,,,,,
41,28.388352120236178,40.9621578099839,18.53864734299517,4.582662372517445,4.435050993022007,1.6975308641975309,0.5434782608695652,0.05367686527106817,0.6910896403650026,0.10735373054213634,,,,,
42,28.37493290391841,40.84809447128288,18.47826086956522,4.575952764358561,4.528985507246377,1.724369296833065,0.5434782608695652,0.05367686527106817,0.7648953301127214,0.10735373054213634,,,,,
43,28.14680622651637,39.96913580246913,18.431293612453032,5.428073000536768,4.723564143853999,1.724369296833065,0.5434782608695652,0.07380568974771873,0.798443370907139,0.1610305958132045,,,,,
44,27.999194847020934,39.432367149758456,18.4044551798175,6.045356951154052,4.74369296833065,1.724369296833065,0.6038647342995169,0.06038647342995169,0.8252818035426731,0.1610305958132045,,,,,
45,27.965646806226516,39.398819108964034,18.364197530864196,6.0587761674718195,4.797369833601718,1.724369296833065,0.6038647342995169,0.06038647342995169,0.8655394524959742,0.1610305958132045,,,,,
46,27.958937198067634,39.231078904991946,18.263553408480945,6.0587761674718195,4.944981213097155,1.724369296833065,0.6374127750939346,0.06038647342995169,0.9594739667203436,0.1610305958132045,,,,,
47,27.958937198067634,39.18411164787977,18.230005367686527,6.052066559312936,4.99194847020934,1.724369296833065,0.6374127750939346,0.06038647342995169,0.9930220075147611,0.16774020397208803,,,,,
48,27.932098765432098,39.11701556629093,18.189747718733226,6.072195383789587,5.025496511003757,1.7579173376274826,0.6374127750939346,0.06038647342995169,1.0265700483091786,0.18115942028985507,,,,,
49,26.221148684916802,41.378153515834676,17.652979066022546,6.072195383789587,5.065754159957058,1.7444981213097155,0.6374127750939346,0.040257648953301126,1.0064412238325282,0.18115942028985507,,,,,
50,26.01315083199141,41.2037037037037,17.66639828234031,6.072195383789587,5.0993022007514766,2.059849704777241,0.6575415995705851,0.040257648953301126,1.0064412238325282,0.18115942028985507,,,,,
51,19.35721953837896,42.7133655394525,22.913311862587225,6.031937734836285,5.112721417069243,1.9860440150295222,0.6575415995705851,0.040257648953301126,1.0064412238325282,0.18115942028985507,,,,,
52,19.256575415995705,42.612721417069245,22.82608695652174,6.005099302200751,5.186527106816962,2.086688137412775,0.6575415995705851,0.06709608158883522,1.093666129898014,0.20799785292538917,,,,,
53,19.256575415995705,42.599302200751474,22.73886205045625,5.609232420826624,5.179817498658078,2.086688137412775,1.0735373054213635,0.06709608158883522,1.1808910359634996,0.20799785292538917,,,,,
54,18.874127750939344,40.23081052066559,25.717928073000536,5.609232420826624,4.931561996779388,2.086688137412775,1.1137949543746646,0.06709608158883522,1.1607622114868492,0.20799785292538917,,,,,
55,18.867418142780462,40.15029522275899,25.650831991411703,5.636070853462158,4.998658078368224,2.086688137412775,1.1406333870101986,0.06709608158883522,1.1943102522812667,0.20799785292538917,,,,,
56,16.941760601180892,42.693236714975846,25.503220611916262,5.636070853462158,4.42163177670424,2.073268921095008,1.1406333870101986,0.06709608158883522,1.3150831991411702,0.20799785292538917,,,,,
57,16.914922168545356,42.552334943639295,25.409286097691894,5.622651637144391,4.582662372517445,2.059849704777241,1.1406333870101986,0.08051529790660225,1.4090177133655395,0.20799785292538917,0.020128824476650563,,,,
58,14.687332259796028,33.06494900697799,37.815351583467525,5.58239398819109,4.17337627482555,1.7310789049919484,1.1406333870101986,0.0939345142243693,1.482823403113258,0.20799785292538917,0.020128824476650563,,,,
59,14.264626945786366,33.3467525496511,37.64090177133655,5.58239398819109,4.247181964573269,1.8250134192163177,1.1406333870101986,0.0939345142243693,1.6304347826086956,0.20799785292538917,0.020128824476650563,,,,
60,14.264626945786366,33.319914117015564,37.5805152979066,5.58239398819109,4.274020397208803,1.8250134192163177,1.1406333870101986,0.0939345142243693,1.6908212560386473,0.20799785292538917,0.020128824476650563,,,,
61,14.264626945786366,33.17230273752013,37.5402576489533,5.5689747718733225,4.40150295222759,1.7981749865807837,1.1406333870101986,0.12077294685990338,1.7646269457863661,0.20799785292538917,0.020128824476650563,,,,
62,14.244498121309716,32.50805152979066,37.506709608158886,5.045625335480408,4.4753086419753085,3.026033279656468,1.0332796564680622,0.16774020397208803,1.7646269457863661,0.20799785292538917,0.020128824476650563,,,,
63,13.539989264626946,33.77616747181965,39.64036500268384,4.42163177670424,4.119699409554482,2.073268921095008,0.32877079978529256,0.16774020397208803,1.7444981213097155,0.16774020397208803,0.020128824476650563,,,,
64,13.493022007514762,33.7157809983897,39.52630166398282,4.468599033816425,4.274020397208803,2.0665593129361244,0.32877079978529256,0.15432098765432098,1.7847557702630166,0.16774020397208803,0.020128824476650563,,,,
65,12.70799785292539,43.51180891035963,31.320450885668276,4.032474503488996,4.066022544283414,2.3617820719269993,0.36231884057971014,0.1878690284487386,1.2748255501878691,0.15432098765432098,0.020128824476650563,,,,
66,12.238325281803542,41.63311862587225,28.515834675254965,2.086688137412775,4.85775630703167,9.07139023081052,0.27509393451422437,0.2147074610842727,1.0466988727858293,0.040257648953301126,0.020128824476650563,,,,
67,12.224906065485776,41.53918411164788,28.488996242619432,2.0665593129361244,4.944981213097155,9.07139023081052,0.27509393451422437,0.2147074610842727,1.0735373054213635,0.06709608158883522,0.020128824476650563,0.013419216317767043,,,
68,11.882716049382717,35.75550187869028,27.4422973698336,1.9457863660762211,4.824208266237251,15.458937198067632,1.3217928073000538,0.24154589371980675,0.9997316156736447,0.06709608158883522,0.04696725711218465,0.013419216317767043,,,
69,11.849168008588299,35.40660225442834,27.428878153515836,2.0799785292538915,5.0858829844337095,15.458937198067632,1.3217928073000538,0.24154589371980675,0.9997316156736447,0.06709608158883522,0.04696725711218465,0.013419216317767043,,,
70,11.842458400429415,35.225442834138484,27.26113794954375,2.0665593129361244,5.24020397208803,15.458937198067632,1.3419216317767042,0.2616747181964573,1.1741814278046163,0.06709608158883522,0.04696725711218465,0.013419216317767043,,,
71,8.883521202361782,38.2313472893183,27.241009125067094,2.059849704777241,5.273752012882448,15.445517981749866,1.3016639828234031,0.2616747181964573,1.1741814278046163,0.06709608158883522,0.04696725711218465,0.013419216317767043,,,
72,8.84326355340848,38.2313472893183,27.093397745571657,2.059849704777241,5.320719269994632,15.391841116478798,1.3016639828234031,0.3153515834675255,1.3150831991411702,0.06709608158883522,0.04696725711218465,0.013419216317767043,,,
73,8.84326355340848,38.217928073000536,27.079978529253893,2.0397208803005906,5.3341384863123995,15.35829307568438,1.3016639828234031,0.3488996242619431,1.328502415458937,0.08722490606548577,0.04696725711218465,0.013419216317767043,,,
74,8.84326355340848,38.16425120772947,26.643853998926463,2.0397208803005906,5.763553408480945,15.24422973698336,1.3016639828234031,0.46296296296296297,1.3754696725711217,0.08722490606548577,0.04696725711218465,0.026838432635534086,,,
75,6.199677938808374,34.17874396135266,35.64143853998927,1.7914653784219001,6.011808910359635,12.13768115942029,1.9524959742351047,0.30864197530864196,1.6505636070853462,0.05367686527106817,0.04696725711218465,0.026838432635534086,,,
76,6.199677938808374,33.81642512077295,35.607890499194845,1.7914653784219001,6.347289318303811,12.130971551261407,1.9457863660762211,0.30864197530864196,1.6975308641975309,0.08051529790660225,0.04696725711218465,0.026838432635534086,,,
77,6.199677938808374,33.81642512077295,35.54079441760601,1.7914653784219001,6.347289318303811,12.104133118625873,1.9457863660762211,0.33548040794417605,1.7646269457863661,0.08051529790660225,0.04696725711218465,0.026838432635534086,,,
78,6.1929683306494905,33.50107353730542,35.037573805689746,1.778046162104133,6.635802469135802,12.057165861513688,1.9457863660762211,0.39586688137412773,2.26784755770263,0.08051529790660225,0.04696725711218465,0.026838432635534086,0.03354804079441761,,
79,6.1929683306494905,33.45410628019324,35.02415458937198,1.7914653784219001,6.655931293612453,12.04374664519592,1.9457863660762211,0.4092860976918948,2.2946859903381642,0.08051529790660225,0.04696725711218465,0.026838432635534086,0.03354804079441761,,
80,5.964841653247451,33.23939881910896,34.977187332259795,1.7847557702630166,6.696188942565755,12.392646269457863,1.9457863660762211,0.46296296296296297,2.3483628556092326,0.08051529790660225,0.04696725711218465,0.026838432635534086,0.03354804079441761,,
81,5.24020397208803,30.656199677938808,41.36473429951691,1.778046162104133,6.608964036500268,9.339774557165862,1.9592055823939882,0.39586688137412773,2.4691358024691357,0.08051529790660225,0.04696725711218465,0.026838432635534086,0.03354804079441761,,
82,5.065754159957058,27.569779924852387,47.32286634460547,1.778046162104133,5.495169082125604,8.32662372517445,1.3553408480944713,0.32877079978529256,2.5966183574879227,0.08051529790660225,0.04696725711218465,0.026838432635534086,0.0067096081588835215,,
83,5.01207729468599,27.200751476113794,44.920826623725176,1.90552871712292,4.374664519592056,12.661030595813205,1.4358561460010735,0.32877079978529256,2.0531400966183573,0.05367686527106817,0.04696725711218465,,0.0067096081588835215,,
84,4.683306494900698,23.49704777241009,40.02952227589909,1.583467525496511,4.025764895330113,22.27589908749329,1.4358561460010735,0.5434782608695652,1.8183038110574343,0.05367686527106817,0.04696725711218465,,0.0067096081588835215,,
85,4.683306494900698,23.470209339774556,39.92216854535695,1.583467525496511,4.025764895330113,22.24235104669887,1.4358561460010735,0.5501878690284487,1.9793344068706387,0.05367686527106817,0.04696725711218465,,0.0067096081588835215,,
86,4.683306494900698,23.409822866344605,39.841653247450346,1.583467525496511,4.086151368760064,22.24235104669887,1.4358561460010735,0.5501878690284487,2.059849704777241,0.05367686527106817,0.04696725711218465,,0.0067096081588835215,,
87,4.683306494900698,23.295759527643586,39.76784755770263,1.583467525496511,4.133118625872249,22.08132045088567,1.4224369296833066,0.5300590445517982,2.3886205045625335,0.05367686527106817,0.05367686527106817,,0.0067096081588835215,,
88,4.663177670424047,23.255501878690286,39.60010735373054,1.596886741814278,4.180085882984434,22.054482018250134,1.4090177133655395,0.5434782608695652,2.5831991411701556,0.05367686527106817,0.05367686527106817,,0.0067096081588835215,,
89,4.64975845410628,21.370101986044016,42.29736983360172,1.3486312399355878,3.9720880300590444,21.76596886741814,1.3821792807300053,0.5636070853462157,2.563070316693505,0.026838432635534086,0.05367686527106817,,0.0067096081588835215,,
90,4.64975845410628,21.296296296296298,42.16317767042405,1.3486312399355878,4.066022544283414,21.672034353193773,1.3821792807300053,0.6374127750939346,2.6972624798711755,0.026838432635534086,0.05367686527106817,,0.0067096081588835215,,
91,4.636339237788513,21.289586688137412,42.14975845410628,1.3553408480944713,4.052603327965647,21.672034353193773,1.3821792807300053,0.6374127750939346,2.7241009125067097,0.026838432635534086,0.05367686527106817,0.013419216317767043,0.0067096081588835215,,
92,4.636339237788513,21.195652173913043,42.09608158883521,1.3553408480944713,4.146537842190016,21.631776704240472,1.4090177133655395,0.6977992485238862,2.7308105206655933,0.026838432635534086,0.05367686527106817,0.013419216317767043,0.0067096081588835215,,
93,4.622920021470746,21.18894256575416,39.741009125067094,1.3553408480944713,4.139828234031133,22.22222222222222,3.2474503488996245,0.6977992485238862,2.657004830917874,0.026838432635534086,0.05367686527106817,0.013419216317767043,0.03354804079441761,,
94,4.609500805152979,21.162104133118625,39.741009125067094,1.3553408480944713,4.139828234031133,22.21551261406334,3.240740740740741,0.7045088566827697,2.6972624798711755,0.026838432635534086,0.06038647342995169,0.013419216317767043,0.03354804079441761,,
95,4.609500805152979,21.162104133118625,39.680622651637144,1.3553408480944713,4.139828234031133,22.19538378958669,3.2877079978529253,0.7380568974771873,2.6972624798711755,0.026838432635534086,0.06038647342995169,0.013419216317767043,0.03354804079441761,,
96,4.542404723564144,21.215780998389693,39.62694578636608,1.3553408480944713,4.166666666666667,22.12157809983897,3.2877079978529253,0.8185721953837896,2.7308105206655933,0.026838432635534086,0.06038647342995169,0.013419216317767043,0.03354804079441761,,
97,4.542404723564144,21.202361782071925,39.53972088030059,1.3553408480944713,4.180085882984434,22.108158883521202,3.2877079978529253,0.8319914117015567,2.818035426731079,0.026838432635534086,0.06038647342995169,0.013419216317767043,0.03354804079441761,,
98,4.367954911433173,21.135265700483092,39.78797638217928,1.2345679012345678,4.200214707461084,22.074610842726784,3.1535158346752548,0.8588298443370908,2.945517981749866,0.026838432635534086,0.14090177133655393,0.013419216317767043,0.06038647342995169,,
99,4.367954911433173,21.034621578099838,39.69404186795491,1.247987117552335,4.28743961352657,22.04777241009125,3.180354267310789,0.8856682769726248,3.012614063338701,0.026838432635534086,0.14090177133655393,0.013419216317767043,0.06038647342995169,,
100,4.367954911433173,21.007783145464305,39.65378421900161,1.247987117552335,4.314278046162104,22.020933977455716,3.207192699946323,0.9125067096081588,3.026033279656468,0.026838432635534086,0.14090177133655393,0.013419216317767043,0.06038647342995169,,
101,4.3545356951154055,20.92055823939882,38.64734299516908,1.247987117552335,4.62962962962963,21.93370907139023,3.227321524422974,0.95276435856146,3.844605475040258,0.026838432635534086,0.14090177133655393,0.013419216317767043,0.06038647342995169,,
102,4.3545356951154055,19.753086419753085,37.02361782071927,3.8915727321524423,4.582662372517445,21.953837895866883,3.2340311325818574,0.95276435856146,4.012345679012346,0.026838432635534086,0.14090177133655393,0.013419216317767043,0.06038647342995169,,
103,4.3545356951154055,19.565217391304348,36.85587761674718,4.045893719806763,4.542404723564144,21.920289855072465,3.227321524422974,1.0064412238325282,4.180085882984434,0.06038647342995169,0.16774020397208803,0.013419216317767043,0.06038647342995169,,
104,4.3545356951154055,19.565217391304348,36.802200751476114,4.005636070853462,4.555823939881911,21.900161030595815,3.2139023081052067,1.0198604401502953,4.247181964573269,0.10064412238325282,0.1610305958132045,0.013419216317767043,0.06038647342995169,,
105,4.3545356951154055,19.524959742351047,36.68142780461621,3.978797638217928,4.555823939881911,21.87332259796028,3.2139023081052067,1.0466988727858293,4.374664519592056,0.1274825550187869,0.17444981213097155,0.03354804079441761,0.06038647342995169,,
106,4.3545356951154055,19.41760601180891,38.747987117552334,4.139828234031133,4.49543746645196,21.83977455716586,1.6035963499731616,1.0399892646269457,4.005636070853462,0.1274825550187869,0.0939345142243693,0.03354804079441761,0.10064412238325282,,
107,4.3545356951154055,19.39747718733226,38.687600644122384,4.139828234031133,4.51556629092861,21.81964573268921,1.6237251744498122,1.0399892646269457,4.05931293612453,0.1274825550187869,0.0939345142243693,0.03354804079441761,0.10064412238325282,0.0067096081588835215,
108,3.9855072463768115,19.02173913043478,36.95652173913044,4.072732152442297,4.53569511540526,24.342458400429415,1.596886741814278,1.0332796564680622,4.045893719806763,0.14090177133655393,0.14090177133655393,0.03354804079441761,0.08722490606548577,0.0067096081588835215,
109,3.9855072463768115,18.94122383252818,36.943102522812666,4.045893719806763,4.636339237788513,24.342458400429415,1.596886741814278,1.0332796564680622,4.032474503488996,0.17444981213097155,0.14090177133655393,0.03354804079441761,0.08722490606548577,0.0067096081588835215,
110,3.549382716049383,19.538378958668815,35.37305421363392,3.730542136339238,4.669887278582931,26.476113794954376,1.570048309178744,1.0869565217391304,3.589640365002684,0.15432098765432098,0.14090177133655393,0.03354804079441761,0.08722490606548577,,
111,3.5426731078904994,18.760064412238325,41.458668813741276,3.7104133118625873,3.8580246913580245,22.094739667203434,1.570048309178744,1.0265700483091786,3.616478797638218,0.15432098765432098,0.12077294685990338,0.03354804079441761,0.05367686527106817,,
112,3.5426731078904994,18.612453032742888,41.015834675254965,3.683574879227053,4.408212560386473,22.067901234567902,1.6639828234031133,1.0399892646269457,3.629898013955985,0.15432098765432098,0.12077294685990338,0.03354804079441761,0.026838432635534086,,
113,3.5426731078904994,18.59903381642512,40.445517981749866,3.683574879227053,4.522275899087493,22.061191626409016,1.6304347826086956,1.0466988727858293,4.133118625872249,0.15432098765432098,0.12077294685990338,0.03354804079441761,0.026838432635534086,,
114,3.5426731078904994,17.70665593129361,39.512882447665056,5.763553408480945,4.488727858293076,21.578099838969404,1.6103059581320451,1.0802469135802468,4.38137412775094,0.15432098765432098,0.12077294685990338,0.03354804079441761,0.026838432635534086,,
115,3.5426731078904994,17.68652710681696,39.49946323134729,6.273483628556092,4.502147074610843,21.021202361782073,1.6103059581320451,1.1473429951690821,4.38137412775094,0.15432098765432098,0.12077294685990338,0.03354804079441761,0.026838432635534086,,
116,3.4957058507783145,17.70665593129361,39.42565754159957,6.233225979602791,4.542404723564144,21.007783145464305,1.6103059581320451,1.1607622114868492,4.441760601180891,0.19457863660762212,0.12077294685990338,0.03354804079441761,0.026838432635534086,,
117,3.4957058507783145,17.673107890499196,38.62721417069243,6.233225979602791,4.5960815888352125,20.974235104669887,1.6774020397208802,1.1674718196457328,5.179817498658078,0.19457863660762212,0.12077294685990338,0.03354804079441761,0.026838432635534086,,
118,3.4957058507783145,17.619431025228128,37.9898013955985,6.233225979602791,4.884594739667204,20.853462157809982,1.6706924315619969,1.288244766505636,5.589103596349974,0.19457863660762212,0.12077294685990338,0.03354804079441761,0.026838432635534086,,
119,3.4957058507783145,17.47181964573269,37.936124530327426,6.233225979602791,4.924852388620504,20.544820182501343,2.1068169618894257,1.3083735909822867,5.60252281266774,0.19457863660762212,0.12077294685990338,0.03354804079441761,0.026838432635534086,,
120,3.4957058507783145,16.961889425657542,37.88244766505636,6.233225979602791,4.830917874396135,20.52469135802469,2.623456790123457,1.328502415458937,5.743424584004294,0.19457863660762212,0.12077294685990338,0.03354804079441761,0.026838432635534086,,
121,3.44873859366613,16.371443907675793,36.33252818035427,6.709608158883521,4.663177670424047,20.148953301127214,4.757112184648417,1.3553408480944713,5.83064949006978,0.19457863660762212,0.12077294685990338,0.040257648953301126,0.026838432635534086,,
122,3.44873859366613,16.170155662909288,36.33252818035427,6.743156199677939,4.62962962962963,20.43075684380032,4.656468062265164,1.3553408480944713,5.83064949006978,0.2147074610842727,0.12077294685990338,0.040257648953301126,0.026838432635534086,,
123,3.408480944712829,16.19699409554482,36.28556092324208,6.743156199677939,4.643048845947397,20.43075684380032,4.62962962962963,1.3553408480944713,5.877616747181965,0.2147074610842727,0.14761137949543746,0.040257648953301126,0.026838432635534086,,
124,3.4017713365539453,16.190284487385938,36.218464841653244,6.716317767042405,4.643048845947397,20.397208803005906,4.643048845947397,1.4559849704777241,5.904455179817498,0.2147074610842727,0.14761137949543746,0.040257648953301126,0.026838432635534086,,
125,3.3682232957595275,16.163446054750402,35.809178743961354,6.696188942565755,5.065754159957058,20.377079978529252,4.643048845947397,1.4962426194310252,5.9514224369296835,0.2147074610842727,0.14761137949543746,0.040257648953301126,0.026838432635534086,,
126,3.3682232957595275,16.163446054750402,35.70182501341922,6.696188942565755,5.065754159957058,20.377079978529252,4.622920021470746,1.4962426194310252,6.0587761674718195,0.2147074610842727,0.16774020397208803,0.040257648953301126,0.026838432635534086,,
127,3.3413848631239937,15.915190552871712,32.92404723564144,6.655931293612453,5.763553408480945,22.27589908749329,5.723295759527644,1.4962426194310252,5.428073000536768,0.20128824476650564,0.20799785292538917,0.040257648953301126,0.026838432635534086,,
128,3.3011272141706924,15.814546430488459,32.92404723564144,6.595544820182502,5.743424584004294,22.24235104669887,5.931293612453032,1.482823403113258,5.428073000536768,0.23483628556092323,0.20799785292538917,0.06709608158883522,0.026838432635534086,,
129,3.079710144927536,14.989264626945786,39.62694578636608,4.542404723564144,5.287171229200215,20.115405260332796,5.367686527106817,1.328502415458937,5.213365539452496,0.1610305958132045,0.20799785292538917,0.05367686527106817,0.026838432635534086,,
130,3.079710144927536,14.989264626945786,39.59339774557166,4.549114331723027,5.307300053676865,20.068438003220614,5.35426731078905,1.3620504562533549,5.24020397208803,0.16774020397208803,0.23483628556092323,0.026838432635534086,0.026838432635534086,,
131,3.079710144927536,14.9020397208803,33.93719806763285,4.327697262479871,5.287171229200215,26.174181427804616,5.273752012882448,1.402308105206656,5.213365539452496,0.11406333870101985,0.23483628556092323,0.026838432635534086,0.026838432635534086,,
132,3.066290928609769,14.814814814814815,33.863392377885134,4.327697262479871,5.273752012882448,26.060118089103597,5.387815351583468,1.5499194847020934,5.253623188405797,0.11406333870101985,0.23483628556092323,0.026838432635534086,0.026838432635534086,,
133,3.0394524959742353,14.774557165861514,33.373590982286636,4.314278046162104,5.314009661835748,26.019860440150296,5.9514224369296835,1.596886741814278,5.246913580246914,0.11406333870101985,0.20128824476650564,0.026838432635534086,0.026838432635534086,,
134,3.0394524959742353,14.76784755770263,33.10520665593129,4.166666666666667,5.307300053676865,25.986312399355878,5.9447128287707995,1.7713365539452497,5.535426731078905,0.08722490606548577,0.20128824476650564,0.026838432635534086,0.06038647342995169,,
135,3.0327428878153517,14.163982823403114,32.63553408480945,4.770531400966184,5.246913580246914,25.959473966720342,5.964841653247451,1.8250134192163177,5.978260869565218,0.1274825550187869,0.20799785292538917,0.026838432635534086,0.06038647342995169,,
136,3.0327428878153517,14.163982823403114,32.48121309715513,4.797369833601718,5.213365539452496,25.89237788513151,5.998389694041868,1.8853998926462694,6.112453032742888,0.1274825550187869,0.20799785292538917,0.026838432635534086,0.06038647342995169,,
137,3.0327428878153517,14.13714439076758,32.400697799248526,4.797369833601718,5.314009661835748,25.85212023617821,5.984970477724101,1.9256575415995705,6.119162640901771,0.1274825550187869,0.2214170692431562,0.026838432635534086,0.06038647342995169,,
138,2.690552871712292,13.79495437466452,36.030595813204506,4.810789049919484,5.6964573268921095,23.349436392914654,5.387815351583468,1.8585614600107354,5.958132045088567,0.12077294685990338,0.2147074610842727,0.026838432635534086,0.06038647342995169,,
139,2.690552871712292,13.781535158346752,35.91653247450349,4.790660225442834,5.71658615136876,23.262211486849168,5.387815351583468,1.9457863660762211,6.045356951154052,0.12077294685990338,0.2549651100375738,0.026838432635534086,0.06038647342995169,,
140,2.690552871712292,13.768115942028986,35.869565217391305,4.790660225442834,5.730005367686527,23.121309715512613,5.360976918947934,2.086688137412775,6.092324208266238,0.12077294685990338,0.28180354267310787,0.026838432635534086,0.06038647342995169,,
141,2.690552871712292,13.768115942028986,35.768921095008054,4.790660225442834,5.730005367686527,23.121309715512613,5.360976918947934,2.086688137412775,6.1929683306494905,0.12077294685990338,0.28180354267310787,0.026838432635534086,0.06038647342995169,,
142,2.690552871712292,13.7211486849168,35.7487922705314,4.777241009125067,5.750134192163178,23.10789049919485,5.340848094471283,2.100107353730542,6.239935587761675,0.12077294685990338,0.3153515834675255,0.026838432635534086,0.06038647342995169,,
143,1.2546967257112185,57.1658615136876,14.13714439076758,7.830112721417069,3.488996242619431,9.01100375738057,1.710950080515298,1.288244766505636,3.8043478260869565,0.05367686527106817,0.19457863660762212,0.026838432635534086,0.03354804079441761,,
144,1.2546967257112185,57.139023081052066,14.110305958132045,7.890499194847021,3.488996242619431,8.997584541062801,1.710950080515298,1.288244766505636,3.797638217928073,0.06709608158883522,0.19457863660762212,0.026838432635534086,0.03354804079441761,,
145,1.2546967257112185,56.857219538378956,14.056629092860977,7.843531937734836,3.7238325281803544,8.984165324745035,1.8250134192163177,1.2748255501878691,3.8378958668813743,0.08051529790660225,0.19457863660762212,0.03354804079441761,0.03354804079441761,,
146,1.2546967257112185,56.68947933440687,14.002952227589908,7.843531937734836,3.864734299516908,8.984165324745035,1.8451422436929683,1.2748255501878691,3.898282340311326,0.08051529790660225,0.19457863660762212,0.03354804079441761,0.03354804079441761,,
147,1.2546967257112185,56.60896403650027,13.94927536231884,7.843531937734836,3.9519592055823938,8.984165324745035,1.8518518518518519,1.2748255501878691,3.911701556629093,0.11406333870101985,0.1878690284487386,0.03354804079441761,0.03354804079441761,,
148,1.2546967257112185,47.557702630166396,13.90901771336554,7.843531937734836,3.8177670424047236,17.08937198067633,1.9390767579173376,1.6639828234031133,4.51556629092861,0.15432098765432098,0.1878690284487386,0.03354804079441761,0.03354804079441761,,
149,1.2546967257112185,46.96725711218465,13.90901771336554,7.809983896940419,4.38137412775094,16.928341384863124,1.9659151905528718,1.8250134192163177,4.51556629092861,0.15432098765432098,0.2214170692431562,0.03354804079441761,0.03354804079441761,,
150,1.2546967257112185,46.846484165324746,13.855340848094471,7.809983896940419,4.502147074610843,16.78743961352657,1.9659151905528718,1.9793344068706387,4.555823939881911,0.15432098765432098,0.2214170692431562,0.03354804079441761,0.03354804079441761,,
151,1.2546967257112185,46.725711218464845,13.81508319914117,7.7831454643048845,4.656468062265164,16.78743961352657,1.9659151905528718,1.9793344068706387,4.562533548040794,0.18115942028985507,0.2214170692431562,0.03354804079441761,0.03354804079441761,,
152,1.2546967257112185,46.65861513687601,13.79495437466452,7.769726247987117,4.703435319377348,16.78743961352657,1.9659151905528718,1.9793344068706387,4.602791196994096,0.19457863660762212,0.2214170692431562,0.03354804079441761,0.03354804079441761,,
153,1.2546967257112185,46.62506709608159,13.768115942028986,7.769726247987117,4.736983360171766,16.760601180891037,1.9659151905528718,2.006172839506173,4.622920021470746,0.19457863660762212,0.2214170692431562,0.03354804079441761,0.040257648953301126,,
154,1.2546967257112185,46.22920021470746,13.654052603327965,7.769726247987117,5.139559849704777,16.70692431561997,1.9659151905528718,2.0531400966183573,4.736983360171766,0.19457863660762212,0.2214170692431562,0.03354804079441761,0.040257648953301126,,
155,1.2546967257112185,46.15539452495974,13.633923778851315,7.709339774557166,5.193236714975845,16.404991948470208,1.9659151905528718,1.90552871712292,5.2066559312936125,0.2616747181964573,0.23483628556092323,0.03354804079441761,0.040257648953301126,,
156,1.2546967257112185,46.11513687600644,13.58695652173913,7.6556629092860975,5.233494363929147,16.358024691358025,1.9659151905528718,1.9994632313472893,5.246913580246914,0.2616747181964573,0.2616747181964573,0.020128824476650563,0.040257648953301126,,
157,1.247987117552335,46.04804079441761,13.600375738056897,7.64224369296833,5.280461621041331,16.304347826086957,1.9659151905528718,2.0531400966183573,5.260332796564681,0.27509393451422437,0.2616747181964573,0.020128824476650563,0.040257648953301126,,
158,1.221148684916801,44.29012345679013,12.741545893719806,7.608695652173913,4.85775630703167,19.41760601180891,1.9659151905528718,2.086688137412775,5.22007514761138,0.27509393451422437,0.2616747181964573,0.013419216317767043,0.040257648953301126,,
159,1.221148684916801,44.276704240472355,12.741545893719806,8.185721953837897,4.871175523349437,18.739935587761675,1.9659151905528718,2.167203435319377,5.2066559312936125,0.30864197530864196,0.2616747181964573,0.013419216317767043,0.040257648953301126,,
160,1.221148684916801,44.216317767042405,12.741545893719806,8.185721953837897,4.9718196457326895,18.726516371443907,1.9524959742351047,2.1806226516371443,5.173107890499195,0.30864197530864196,0.2616747181964573,0.020128824476650563,0.040257648953301126,,
161,1.221148684916801,44.20960815888352,12.406065485775631,8.172302737520129,5.414653784219001,18.659420289855074,1.9927536231884058,2.2074610842726785,5.065754159957058,0.322061191626409,0.2616747181964573,0.020128824476650563,0.040257648953301126,0.0067096081588835215,
162,1.221148684916801,44.14922168545357,12.379227053140097,8.152173913043478,5.434782608695652,18.659420289855074,2.0128824476650564,2.2342995169082127,5.092592592592593,0.33548040794417605,0.2616747181964573,0.020128824476650563,0.040257648953301126,0.0067096081588835215,
163,1.221148684916801,43.96135265700483,12.365807836822329,8.09849704777241,5.555555555555555,18.63929146537842,2.1068169618894257,2.2410091250670963,5.12614063338701,0.33548040794417605,0.2616747181964573,0.040257648953301126,0.040257648953301126,0.0067096081588835215,
164,1.221148684916801,43.565485775630705,12.338969404186795,8.085077831454644,5.897745571658615,18.585614600107355,2.1068169618894257,2.26784755770263,5.179817498658078,0.36231884057971014,0.27509393451422437,0.06709608158883522,0.040257648953301126,0.0067096081588835215,
165,1.221148684916801,43.51851851851852,12.338969404186795,8.085077831454644,5.891035963499732,18.5654857756307,2.120236178207193,2.301395598497048,5.166398282340311,0.38915727321524424,0.27509393451422437,0.08051529790660225,0.040257648953301126,0.0067096081588835215,
166,1.221148684916801,43.35077831454643,12.338969404186795,8.05823939881911,6.0587761674718195,18.552066559312937,2.120236178207193,2.314814814814815,5.139559849704777,0.41599570585077833,0.27509393451422437,0.08051529790660225,0.06709608158883522,0.0067096081588835215,
167,1.221148684916801,43.263553408480945,12.305421363392378,8.145464304884594,6.0587761674718195,18.51851851851852,2.120236178207193,2.3483628556092326,5.173107890499195,0.41599570585077833,0.27509393451422437,0.08051529790660225,0.06709608158883522,0.0067096081588835215,
168,1.221148684916801,43.15619967793881,12.29200214707461,8.172302737520129,6.146001073537305,18.51851851851852,2.120236178207193,2.3349436392914655,5.159688674181428,0.41599570585077833,0.27509393451422437,0.08051529790660225,0.10064412238325282,0.0067096081588835215,
169,1.221148684916801,42.975040257648956,12.238325281803542,8.199141170155663,6.280193236714976,18.364197530864196,2.1269457863660763,2.3215244229736984,5.387815351583468,0.41599570585077833,0.28180354267310787,0.08051529790660225,0.10064412238325282,0.0067096081588835215,
170,1.221148684916801,42.94820182501342,12.238325281803542,8.225979602791197,6.3070316693505095,18.364197530864196,2.100107353730542,2.3215244229736984,5.367686527106817,0.41599570585077833,0.30193236714975846,0.08051529790660225,0.10064412238325282,0.0067096081588835215,
171,1.221148684916801,42.81400966183575,12.198067632850242,8.246108427267847,6.374127750939345,18.364197530864196,2.120236178207193,2.341653247450349,5.414653784219001,0.41599570585077833,0.30193236714975846,0.08051529790660225,0.10064412238325282,0.0067096081588835215,
172,1.221148684916801,42.20343531937735,12.198067632850242,8.246108427267847,6.957863660762212,18.310520665593128,2.1403650026838434,2.341653247450349,5.475040257648954,0.41599570585077833,0.30193236714975846,0.08051529790660225,0.10064412238325282,0.0067096081588835215,
173,1.221148684916801,42.17659688674181,12.130971551261407,8.266237251744498,6.957863660762212,18.431293612453032,1.9927536231884058,2.368491680085883,5.548845947396672,0.41599570585077833,0.30193236714975846,0.08051529790660225,0.10064412238325282,0.0067096081588835215,
174,1.1876006441223832,41.15002683843264,12.104133118625873,8.28636607622115,6.890767579173376,15.324745034889963,6.347289318303811,2.38191089640365,5.407944176060118,0.43612453032742887,0.30193236714975846,0.08051529790660225,0.10064412238325282,,
175,1.1876006441223832,41.0829307568438,12.04374664519592,8.28636607622115,6.944444444444445,15.311325818572195,6.347289318303811,2.408749329039184,5.46833064949007,0.43612453032742887,0.30193236714975846,0.08051529790660225,0.10064412238325282,,
176,1.1406333870101986,40.774288781535155,15.069779924852389,8.272946859903382,6.877348362855609,13.110574342458401,6.246645195920558,1.9793344068706387,5.46833064949007,0.4092860976918948,0.4562533548040794,0.10064412238325282,0.0939345142243693,,
177,1.1205045625335481,40.693773483628554,15.063070316693505,8.239398819108963,6.937734836285561,13.144122383252817,6.246645195920558,1.9860440150295222,5.475040257648954,0.4428341384863124,0.4562533548040794,0.10064412238325282,0.0939345142243693,,
178,1.1205045625335481,40.53945249597424,15.056360708534621,8.085077831454644,7.1725711218464845,13.077026301663983,6.246645195920558,2.01959205582394,5.481749865807837,0.5703166935050993,0.4562533548040794,0.08051529790660225,0.0939345142243693,,
179,1.1205045625335481,40.25764895330113,15.042941492216855,8.085077831454644,7.467793880837359,13.077026301663983,6.260064412238325,2.01959205582394,5.434782608695652,0.5434782608695652,0.4830917874396135,0.08051529790660225,0.1274825550187869,,
180,1.1205045625335481,40.07648953301127,15.01610305958132,8.09849704777241,7.648953301127214,13.056897477187333,6.219806763285024,2.0397208803005906,5.448201825013419,0.5434782608695652,0.5233494363929146,0.08051529790660225,0.1274825550187869,,
