,45,50,55,51,53,54,52,56,57,59,58
0,100.0,,,,,,,,,,
1,100.0,,,,,,,,,,
2,99.69135802469135,0.30864197530864196,,,,,,,,,
3,97.91331186258722,2.086688137412775,,,,,,,,,
4,95.12882447665056,4.871175523349437,,,,,,,,,
5,86.23188405797102,13.768115942028986,,,,,,,,,
6,86.23188405797102,13.768115942028986,,,,,,,,,
7,86.26543209876543,13.734567901234568,,,,,,,,,
8,86.30568974771873,13.694310252281268,,,,,,,,,
9,74.80542136339238,25.194578636607623,,,,,,,,,
10,48.88620504562534,50.697799248523886,0.41599570585077833,,,,,,,,
11,48.993558776167475,50.17444981213097,0.8319914117015567,,,,,,,,
12,49.100912506709605,49.241814278046164,1.6572732152442298,,,,,,,,
13,49.241814278046164,48.95330112721417,1.8048845947396672,,,,,,,,
14,49.06736446591519,49.12775093934514,1.8048845947396672,,,,,,,,
15,49.080783682232955,49.11433172302738,1.8048845947396672,,,,,,,,
16,49.27536231884058,48.91975308641975,1.8048845947396672,,,,,,,,
17,48.84594739667203,48.23537305421363,1.8048845947396672,1.1137949543746646,,,,,,,
18,49.020397208803004,48.060923242082666,1.8048845947396672,1.1137949543746646,,,,,,,
19,46.584809447128286,50.36231884057971,1.9390767579173376,1.1137949543746646,,,,,,,
20,47.16183574879227,49.785292538915726,1.9390767579173376,1.1137949543746646,,,,,,,
21,47.00080515297907,47.88647342995169,1.90552871712292,1.1137949543746646,2.0933977455716586,,,,,,
22,46.63177670424047,44.20289855072464,1.7579173376274826,6.602254428341385,0.8051529790660226,,,,,,
23,46.64519592055824,44.20289855072464,1.7579173376274826,6.588835212023618,0.8051529790660226,,,,,,
24,44.337090713902306,46.524422973698336,1.7444981213097155,6.588835212023618,0.8051529790660226,,,,,,
25,44.38405797101449,46.47745571658615,1.7444981213097155,6.588835212023618,0.8051529790660226,,,,,,
26,44.48470209339774,46.39694041867955,1.7444981213097155,6.568706387546968,0.8051529790660226,,,,,,
27,44.598765432098766,45.86688137412775,2.1604938271604937,6.568706387546968,0.8051529790660226,,,,,,
28,44.61218464841653,45.853462157809986,2.1604938271604937,6.568706387546968,0.8051529790660226,,,,,,
29,44.18276972624799,43.33735909822866,2.1604938271604937,9.514224369296834,0.8051529790660226,,,,,,
30,44.18276972624799,43.33735909822866,2.1604938271604937,9.514224369296834,0.8051529790660226,,,,,,
31,43.39774557165862,39.150563607085346,1.7713365539452497,15.499194847020934,0.10735373054213634,0.07380568974771873,,,,,
32,42.07595276435856,40.45222758990875,1.90552871712292,15.385131508319914,0.10735373054213634,0.07380568974771873,,,,,
33,29.810789049919485,51.19431025228127,1.6438539989264627,15.351583467525497,0.10735373054213634,0.5636070853462157,1.328502415458937,,,,
34,29.884594739667204,51.039989264626946,1.7444981213097155,15.331454643048845,0.10735373054213634,0.5636070853462157,1.328502415458937,,,,
35,30.119431025228128,50.89237788513151,1.7444981213097155,15.277777777777779,0.10735373054213634,0.5636070853462157,1.2949543746645196,,,,
36,30.20665593129361,50.83870101986044,1.7444981213097155,15.24422973698336,0.10735373054213634,0.5636070853462157,1.2949543746645196,,,,
37,30.233494363929147,50.81857219538379,1.7444981213097155,15.237520128824476,0.10735373054213634,0.5636070853462157,1.2949543746645196,,,,
38,30.06575415995706,50.75147611379496,1.7444981213097155,15.49248523886205,0.08722490606548577,0.5636070853462157,1.2949543746645196,,,,
39,30.079173376274827,47.83279656468062,1.7444981213097155,15.465646806226516,0.08722490606548577,0.5636070853462157,4.2270531400966185,,,,
40,29.012345679012345,39.04320987654321,1.3620504562533549,28.63660762211487,0.08722490606548577,0.5636070853462157,1.2949543746645196,,,,
41,29.07944176060118,39.02308105206656,1.3620504562533549,28.401771336553946,0.08722490606548577,0.5636070853462157,1.2949543746645196,0.1878690284487386,,,
42,29.1129898013956,39.16398282340311,1.3620504562533549,28.227321524422972,0.08722490606548577,0.5636070853462157,1.2949543746645196,0.1878690284487386,,,
43,29.1532474503489,39.12372517444981,1.3620504562533549,28.227321524422972,0.08722490606548577,0.5636070853462157,1.2949543746645196,0.1878690284487386,,,
44,29.200214707461082,39.07675791733763,1.482823403113258,28.10654857756307,0.08722490606548577,0.5636070853462157,1.2949543746645196,0.1878690284487386,,,
45,29.294149221685455,39.05662909286098,1.482823403113258,28.032742887815353,0.08722490606548577,0.5636070853462157,1.2949543746645196,0.1878690284487386,,,
46,29.428341384863124,38.93585614600107,1.482823403113258,28.019323671497585,0.08722490606548577,0.5636070853462157,1.2949543746645196,0.1878690284487386,,,
47,29.542404723564143,38.92243692968331,1.482823403113258,27.91867954911433,0.08722490606548577,0.5636070853462157,1.2949543746645196,0.1878690284487386,,,
48,29.60950080515298,38.868760064412236,1.482823403113258,27.549651100375737,0.08722490606548577,0.5636070853462157,1.2949543746645196,0.5434782608695652,,,
49,29.56924315619968,38.808373590982285,1.5767579173376274,27.482555018786904,0.08722490606548577,0.6374127750939346,1.2949543746645196,0.5434782608695652,,,
50,29.421631776704242,39.009661835748794,1.5767579173376274,27.428878153515836,0.08722490606548577,0.6374127750939346,1.2949543746645196,0.5434782608695652,,,
51,29.582662372517444,38.87546967257112,1.5767579173376274,27.4020397208803,0.08722490606548577,0.6374127750939346,1.2949543746645196,0.5434782608695652,,,
52,29.73027375201288,38.66747181964573,1.6841116478797638,26.77133655394525,0.08722490606548577,0.6374127750939346,1.288244766505636,1.133923778851315,,,
53,28.08641975308642,37.96296296296296,1.3821792807300053,22.805958132045088,0.08722490606548577,0.6374127750939346,7.9039184111647875,1.133923778851315,,,
54,26.932367149758456,39.92887815351583,2.475845410628019,22.6784755770263,0.08722490606548577,0.14761137949543746,6.615673644659152,1.133923778851315,,,
55,26.979334406870638,39.92887815351583,2.475845410628019,22.65834675254965,0.08722490606548577,0.14761137949543746,6.588835212023618,1.133923778851315,,,
56,27.15378421900161,39.781266774020395,2.475845410628019,22.63150831991412,0.08722490606548577,0.14761137949543746,6.588835212023618,1.133923778851315,,,
57,27.220880300590444,39.66720343531938,2.4691358024691357,22.69860440150295,0.08722490606548577,0.14761137949543746,6.588835212023618,1.1205045625335481,,,
58,27.30810520665593,39.62023617820719,2.4691358024691357,21.69887278582931,0.08722490606548577,0.14761137949543746,6.588835212023618,2.0799785292538915,,,
59,27.549651100375737,39.46591519055287,2.4691358024691357,21.611647879763822,0.08722490606548577,0.14761137949543746,6.588835212023618,2.0799785292538915,,,
60,21.423778851315085,45.73939881910896,2.4691358024691357,21.464036500268385,0.08722490606548577,0.14761137949543746,6.588835212023618,2.0799785292538915,,,
61,21.591519055287172,45.7259796027912,2.4691358024691357,21.430488459473967,0.08722490606548577,0.14761137949543746,6.468062265163715,2.0799785292538915,,,
62,19.45115405260333,47.26247987117552,2.2879763821792807,22.22222222222222,0.08722490606548577,0.14761137949543746,6.461352657004831,2.0799785292538915,,,
63,19.53166935050993,47.18867418142781,2.2879763821792807,22.21551261406334,0.08722490606548577,0.14761137949543746,6.461352657004831,2.0799785292538915,,,
64,18.739935587761675,45.209339774557165,2.2745571658615136,25.0,0.08722490606548577,0.14761137949543746,6.461352657004831,2.0799785292538915,,,
65,18.840579710144926,45.13553408480945,2.2745571658615136,24.973161567364468,0.08722490606548577,0.14761137949543746,6.461352657004831,2.0799785292538915,,,
66,18.9345142243693,45.09527643585615,2.2745571658615136,24.92619431025228,0.08722490606548577,0.14761137949543746,6.454643048845948,2.0799785292538915,,,
67,19.028448738593667,45.09527643585615,2.26784755770263,24.832259796027913,0.08722490606548577,0.14761137949543746,6.454643048845948,2.01959205582394,0.06709608158883522,,
68,19.135802469135804,45.04830917874396,2.26784755770263,24.818840579710145,0.08722490606548577,0.14761137949543746,6.407675791733762,2.01959205582394,0.06709608158883522,,
69,19.269994632313473,44.6256038647343,2.3617820719269993,24.745034889962426,0.35560923242082665,0.14761137949543746,6.407675791733762,2.01959205582394,0.06709608158883522,,
70,19.32367149758454,44.51154052603328,2.4221685453569513,24.745034889962426,0.35560923242082665,0.14761137949543746,6.407675791733762,2.01959205582394,0.06709608158883522,,
71,19.370638754696724,44.48470209339774,2.4221685453569513,24.724906065485776,0.35560923242082665,0.14761137949543746,6.407675791733762,2.01959205582394,0.06709608158883522,,
72,19.47799248523886,44.43102522812668,2.4221685453569513,24.684648416532475,0.35560923242082665,0.14761137949543746,6.394256575415996,2.01959205582394,0.06709608158883522,,
73,19.605475040257648,44.20960815888352,2.5697799248523885,24.630971551261407,0.35560923242082665,0.14761137949543746,6.394256575415996,2.01959205582394,0.06709608158883522,,
74,17.975040257648953,44.0955448201825,2.5697799248523885,23.926462694578635,0.35560923242082665,2.7241009125067097,6.394256575415996,1.892109500805153,0.06709608158883522,,
75,18.19645732689211,43.84057971014493,2.7308105206655933,23.879495437466453,0.35560923242082665,2.7106816961889426,6.327160493827161,1.892109500805153,0.06709608158883522,,
76,18.283682232957595,43.77348362855609,2.7308105206655933,23.859366612989803,0.35560923242082665,2.7106816961889426,6.327160493827161,1.892109500805153,0.06709608158883522,,
77,18.42458400429415,43.65942028985507,2.7308105206655933,23.839237788513152,0.35560923242082665,2.7106816961889426,6.327160493827161,1.8853998926462694,0.06709608158883522,,
78,18.491680085882983,43.605743424584006,2.7308105206655933,23.825818572195384,0.35560923242082665,2.7106816961889426,6.327160493827161,1.8853998926462694,0.06709608158883522,,
79,18.5654857756307,43.552066559312934,2.7308105206655933,23.805689747718734,0.35560923242082665,2.7106816961889426,6.327160493827161,1.8853998926462694,0.06709608158883522,,
80,18.726516371443907,43.51180891035963,2.7308105206655933,23.70504562533548,0.35560923242082665,2.7106816961889426,6.3070316693505095,1.8853998926462694,0.06709608158883522,,
81,18.189747718733226,40.79441760601181,3.2675791733762747,26.442565754159958,0.35560923242082665,2.703972088030059,6.293612453032743,1.8853998926462694,0.06709608158883522,,
82,18.310520665593128,40.74074074074074,3.2474503488996245,26.442565754159958,0.35560923242082665,2.677133655394525,6.273483628556092,1.8853998926462694,0.06709608158883522,,
83,18.370907139023082,40.687063875469676,3.240740740740741,26.442565754159958,0.35560923242082665,2.677133655394525,6.273483628556092,1.8853998926462694,0.06709608158883522,,
84,18.42458400429415,40.64009661835749,3.240740740740741,26.435856146001072,0.35560923242082665,2.677133655394525,6.273483628556092,1.8853998926462694,0.06709608158883522,,
85,18.35077831454643,40.304616210413315,3.361513687600644,26.757917337627482,0.35560923242082665,2.677133655394525,6.273483628556092,1.8518518518518519,0.06709608158883522,,
86,18.49838969404187,40.25093934514224,3.361513687600644,25.91250670960816,0.35560923242082665,2.6502952227589907,7.051798174986581,1.8518518518518519,0.06709608158883522,,
87,18.53864734299517,37.915995705850776,3.294417606011809,28.361513687600645,0.2683843263553409,2.6502952227589907,7.051798174986581,1.8518518518518519,0.06709608158883522,,
88,18.659420289855074,37.76838432635534,3.408480944712829,28.33467525496511,0.2683843263553409,2.6502952227589907,6.991411701556629,1.8518518518518519,0.06709608158883522,,
89,18.719806763285025,37.63419216317767,3.6231884057971016,28.046162104133117,0.2683843263553409,2.8247450348899625,6.964573268921095,1.8518518518518519,0.06709608158883522,,
90,17.941492216854535,37.567096081588836,3.589640365002684,29.414922168545356,0.24825550187869028,2.8247450348899625,6.937734836285561,1.4090177133655395,0.06709608158883522,,
91,18.02200751476114,37.5402576489533,3.589640365002684,29.388083735909824,0.24825550187869028,2.8247450348899625,6.910896403650026,1.4090177133655395,0.06709608158883522,,
92,18.14278046162104,37.5402576489533,4.314278046162104,29.32769726247987,0.24825550187869028,2.0397208803005906,6.910896403650026,1.4090177133655395,0.06709608158883522,,
93,18.250134192163177,37.5402576489533,4.314278046162104,29.240472356414386,0.24825550187869028,2.0397208803005906,6.890767579173376,1.4090177133655395,0.06709608158883522,,
94,17.840848094471284,37.27858293075684,4.166666666666667,27.100107353730543,0.24825550187869028,2.0397208803005906,10.413311862587225,0.9125067096081588,,,
95,18.23671497584541,37.11755233494364,4.166666666666667,26.86527106816962,0.24825550187869028,2.0397208803005906,10.413311862587225,0.9125067096081588,,,
96,18.364197530864196,37.084004294149224,4.166666666666667,26.77133655394525,0.24825550187869028,2.0397208803005906,10.413311862587225,0.9125067096081588,,,
97,18.451422436929683,37.03703703703704,4.166666666666667,26.744498121309714,0.24825550187869028,2.0397208803005906,10.399892646269459,0.9125067096081588,,,
98,18.552066559312937,36.66129898013956,4.166666666666667,26.670692431561996,0.5971551261406334,2.0397208803005906,10.399892646269459,0.9125067096081588,,,
99,18.746645195920557,36.151368760064415,4.488727858293076,26.536500268384327,0.5971551261406334,2.0397208803005906,10.185185185185185,1.2546967257112185,,,
100,18.82716049382716,36.13794954374664,4.488727858293076,26.52308105206656,0.5971551261406334,2.01959205582394,10.158346752549651,1.247987117552335,,,
101,18.95464304884595,36.08427267847558,4.488727858293076,26.50966183574879,0.5971551261406334,1.9592055823939882,10.158346752549651,1.247987117552335,,,
102,19.108964036500268,35.78234031132582,4.488727858293076,26.48953301127214,0.5971551261406334,2.13365539452496,10.151637144390767,1.247987117552335,,,
103,19.316961889425656,35.73537305421363,4.4820182501341925,26.382179280730007,0.5971551261406334,2.1135265700483092,10.124798711755233,1.247987117552335,,,
104,19.310252281266774,35.03086419753087,4.341116478797638,26.33521202361782,0.5971551261406334,2.871712292002147,10.124798711755233,1.247987117552335,,0.14090177133655393,
105,19.404186795491142,34.977187332259795,4.320987654320987,26.33521202361782,0.5971551261406334,2.9253891572732154,10.124798711755233,1.1741814278046163,,0.14090177133655393,
106,19.51825013419216,34.94363929146538,4.320987654320987,26.194310252281266,0.5971551261406334,2.9253891572732154,10.124798711755233,1.2345679012345678,,0.14090177133655393,
107,11.976650563607086,47.91331186258722,2.7308105206655933,23.11460010735373,0.12077294685990338,2.757648953301127,10.017444981213098,1.3687600644122384,,,
108,12.030327428878154,47.84621578099839,2.791196994095545,23.09447128287708,0.12077294685990338,2.757648953301127,9.990606548577563,1.3687600644122384,,,
109,12.084004294149223,47.83279656468062,2.791196994095545,23.05421363392378,0.12077294685990338,2.757648953301127,9.990606548577563,1.3687600644122384,,,
110,12.325550187869029,47.5979602791197,2.791196994095545,22.993827160493826,0.2549651100375738,2.737520128824477,9.930220075147611,1.3687600644122384,,,
111,12.647611379495437,47.41009125067096,2.791196994095545,22.913311862587225,0.2549651100375738,2.737520128824477,9.88996242619431,1.3553408480944713,,,
112,12.701288244766506,47.38325281803543,2.791196994095545,22.913311862587225,0.2549651100375738,2.737520128824477,9.863123993558776,1.3553408480944713,,,
113,12.835480407944177,46.97396672034353,2.703972088030059,22.765700483091788,0.2549651100375738,3.2675791733762747,9.842995169082126,1.3553408480944713,,,
114,12.97638217928073,46.947128287708,2.703972088030059,22.65163714439077,0.2549651100375738,3.2675791733762747,9.842995169082126,1.3553408480944713,,,
115,13.117283950617283,46.90016103059581,2.703972088030059,22.644927536231883,0.2549651100375738,3.2004830917874396,9.822866344605474,1.3553408480944713,,,
116,13.258185721953838,46.826355340848096,2.703972088030059,22.611379495437465,0.2549651100375738,3.166935050993022,9.822866344605474,1.3553408480944713,,,
117,13.479602791196994,46.65861513687601,2.7979066022544283,22.510735373054214,0.2549651100375738,3.1199677938808374,9.822866344605474,1.3553408480944713,,,
118,12.835480407944177,36.93639291465379,1.90552871712292,21.316425120772948,10.393183038110575,2.999194847020934,12.258454106280194,1.3553408480944713,,,
119,12.949543746645196,36.73510466988728,2.100107353730542,21.256038647342994,10.379763821792807,2.999194847020934,12.258454106280194,1.3217928073000538,,,
120,13.056897477187333,36.64117015566291,2.100107353730542,21.256038647342994,10.36634460547504,2.999194847020934,12.258454106280194,1.3217928073000538,,,
121,13.18438003220612,36.56736446591519,2.100107353730542,21.24932903918411,10.352925389157273,2.999194847020934,12.258454106280194,1.288244766505636,,,
122,13.251476113794954,36.231884057971016,2.100107353730542,21.24932903918411,10.326086956521738,3.5091250670960816,12.04374664519592,1.288244766505636,,,
123,13.345410628019323,36.22517444981213,2.100107353730542,21.007783145464305,10.279119699409554,3.5091250670960816,12.016908212560386,1.5163714439076759,,,
124,13.47289318303811,36.171497584541065,2.100107353730542,21.007783145464305,10.225442834138486,3.5091250670960816,11.996779388083736,1.5163714439076759,,,
125,13.7211486849168,36.05743424584004,2.100107353730542,20.94068706387547,10.198604401502953,3.5091250670960816,11.969940955448202,1.5029522275899088,,,
126,13.727858293075684,35.59447128287708,3.1199677938808374,20.94068706387547,9.648416532474503,3.5091250670960816,11.956521739130435,1.5029522275899088,,,
127,13.821792807300053,35.560923242082666,3.1199677938808374,20.819914117015568,9.64170692431562,3.5091250670960816,11.956521739130435,1.570048309178744,,,
128,13.848631239935587,35.581052066559316,3.1199677938808374,20.78636607622115,9.64170692431562,3.5091250670960816,11.943102522812667,1.570048309178744,,,
129,13.996242619431026,35.51395598497048,3.1333870101986045,20.719269994632313,9.64170692431562,3.5091250670960816,11.916264090177133,1.570048309178744,,,
130,14.076757917337627,35.51395598497048,3.1199677938808374,20.705850778314545,9.634997316156737,3.4957058507783145,11.882716049382717,1.570048309178744,,,
131,14.103596349973161,35.48040794417606,3.1199677938808374,20.699141170155663,9.514224369296834,3.4957058507783145,11.882716049382717,1.570048309178744,,,0.13419216317767044
132,14.150563607085346,35.16505636070853,3.4420289855072466,20.67230273752013,9.50751476113795,3.4957058507783145,11.862587224906065,1.570048309178744,,,0.13419216317767044
133,14.278046162104133,35.08454106280193,3.4420289855072466,20.625335480407944,9.50751476113795,3.4957058507783145,11.862587224906065,1.570048309178744,,,0.13419216317767044
134,14.479334406870638,34.94363929146538,3.4420289855072466,20.605206655931294,9.480676328502415,3.4957058507783145,11.849168008588299,1.570048309178744,,,0.13419216317767044
135,14.38539989264627,31.93102522812668,3.743961352657005,20.055018786902846,9.480676328502415,6.582125603864735,11.83574879227053,1.8518518518518519,,,0.13419216317767044
136,14.506172839506172,31.884057971014492,3.743961352657005,20.00805152979066,9.480676328502415,6.582125603864735,11.808910359634996,1.8518518518518519,,,0.13419216317767044
137,14.593397745571659,31.776704240472355,3.743961352657005,19.85373054213634,9.561191626409018,6.582125603864735,11.782071926999464,1.9726247987117553,,,0.13419216317767044
138,14.338432635534085,31.689479334406872,3.81105743424584,18.276972624798713,9.561191626409018,6.582125603864735,13.633923778851315,1.9726247987117553,,,0.13419216317767044
139,14.445786366076222,31.635802469135804,3.9049919484702094,18.263553408480945,9.54777241009125,6.488191089640365,13.607085346215781,1.9726247987117553,,,0.13419216317767044
140,14.626945786366075,31.582125603864736,3.9049919484702094,18.230005367686527,9.494095544820183,6.488191089640365,13.593666129898015,1.9457863660762211,,,0.13419216317767044
141,14.680622651637144,31.5552871712292,3.878153515834675,18.230005367686527,9.494095544820183,6.488191089640365,13.593666129898015,1.9457863660762211,,,0.13419216317767044
142,14.720880300590446,31.54186795491143,3.878153515834675,18.209876543209877,9.494095544820183,6.488191089640365,13.58695652173913,1.9457863660762211,,,0.13419216317767044
143,14.875201288244767,31.54186795491143,3.8177670424047236,18.015297906602253,9.494095544820183,6.488191089640365,13.56682769726248,2.0665593129361244,,,0.13419216317767044
144,15.022812667740205,31.394256575415994,3.878153515834675,17.954911433172303,9.494095544820183,6.488191089640365,13.56682769726248,2.0665593129361244,,,0.13419216317767044
145,15.123456790123457,31.38083735909823,3.851315083199141,17.934782608695652,9.494095544820183,6.481481481481482,13.56682769726248,2.033011272141707,,,0.13419216317767044
146,15.163714439076758,30.823939881910896,4.448470209339774,17.901234567901234,9.447128287707997,6.582125603864735,13.539989264626946,1.9592055823939882,,,0.13419216317767044
147,15.271068169618895,30.797101449275363,4.448470209339774,17.847557702630166,9.447128287707997,6.5552871712292005,13.539989264626946,1.9592055823939882,,,0.13419216317767044
148,15.311325818572195,30.797101449275363,4.448470209339774,17.847557702630166,9.420289855072463,6.5552871712292005,13.526570048309178,1.9592055823939882,,,0.13419216317767044
149,15.45222758990875,30.783682232957595,4.42163177670424,17.807300053676865,9.373322597960279,6.5552871712292005,13.513150831991412,1.9592055823939882,,,0.13419216317767044
150,15.485775630703166,30.750134192163177,4.42163177670424,17.807300053676865,9.373322597960279,6.5552871712292005,13.513150831991412,1.9592055823939882,,,0.13419216317767044
151,15.599838969404187,30.750134192163177,4.38137412775094,17.780461621041333,9.373322597960279,6.535158346752549,13.513150831991412,1.932367149758454,,,0.13419216317767044
152,15.754159957058508,30.743424584004295,4.374664519592056,17.72007514761138,9.373322597960279,6.501610305958132,13.513150831991412,1.8853998926462694,,,0.13419216317767044
153,15.908480944712828,30.64278046162104,4.374664519592056,17.693236714975846,9.373322597960279,6.501610305958132,13.486312399355878,1.8853998926462694,,,0.13419216317767044
154,16.035963499731615,30.56226516371444,4.367954911433173,17.693236714975846,9.27938808373591,6.488191089640365,13.486312399355878,1.8585614600107354,,,0.2281266774020397
155,16.27750939345142,30.56226516371444,4.367954911433173,17.505367686527105,9.225711218464841,6.488191089640365,13.486312399355878,1.8585614600107354,,,0.2281266774020397
156,14.989264626945786,25.731347289318304,4.280730005367687,16.82769726247987,9.172034353193773,3.4621578099838968,23.564143853998928,1.7444981213097155,,,0.2281266774020397
157,15.042941492216855,25.717928073000536,4.280730005367687,16.82769726247987,9.172034353193773,3.4621578099838968,23.523886205045624,1.7444981213097155,,,0.2281266774020397
158,15.143585614600108,25.5703166935051,4.106280193236715,16.800858829844337,8.172302737520129,3.4621578099838968,23.51046698872786,2.871712292002147,,,0.36231884057971014
159,15.230810520665592,25.51663982823403,4.106280193236715,16.76731078904992,8.172302737520129,3.4621578099838968,23.51046698872786,2.871712292002147,,,0.36231884057971014
160,15.351583467525497,25.389157273215243,4.166666666666667,16.74718196457327,8.145464304884594,3.4621578099838968,23.51046698872786,2.8650026838432634,,,0.36231884057971014
161,15.505904455179817,25.37573805689748,4.166666666666667,16.720343531937736,8.145464304884594,3.4621578099838968,23.221953837895867,2.8650026838432634,0.17444981213097155,,0.36231884057971014
162,15.673644659151906,25.201288244766506,4.280730005367687,16.6129898013956,8.145464304884594,3.4621578099838968,23.221953837895867,2.8650026838432634,0.17444981213097155,,0.36231884057971014
163,15.895061728395062,25.187869028448738,4.274020397208803,16.525764895330113,8.031400966183575,3.4621578099838968,23.221953837895867,2.8650026838432634,0.17444981213097155,,0.36231884057971014
164,16.035963499731615,25.11406333870102,4.274020397208803,16.525764895330113,7.997852925389157,3.4621578099838968,23.18840579710145,2.8650026838432634,0.17444981213097155,,0.36231884057971014
165,15.633387010198604,25.11406333870102,4.274020397208803,16.512345679012345,7.991143317230274,6.474771873322598,20.598497047772412,2.8650026838432634,0.17444981213097155,,0.36231884057971014
166,15.754159957058508,25.05367686527107,4.274020397208803,16.478797638217927,7.991143317230274,6.474771873322598,20.571658615136876,2.8650026838432634,0.17444981213097155,,0.36231884057971014
167,15.780998389694043,25.05367686527107,4.274020397208803,16.478797638217927,7.977724100912507,6.474771873322598,20.558239398819108,2.8650026838432634,0.17444981213097155,,0.36231884057971014
168,15.861513687600644,24.84567901234568,4.274020397208803,16.451959205582394,7.950885668276973,6.474771873322598,20.397208803005906,3.207192699946323,0.17444981213097155,,0.36231884057971014
169,15.854804079441761,24.738325281803544,4.388083735909823,16.451959205582394,7.950885668276973,6.474771873322598,20.397208803005906,3.207192699946323,0.17444981213097155,,0.36231884057971014
170,15.955448201825014,24.738325281803544,4.388083735909823,16.451959205582394,7.937466451959206,6.474771873322598,20.30998389694042,3.207192699946323,0.17444981213097155,,0.36231884057971014
171,16.183574879227052,24.67793880837359,4.374664519592056,16.391572732152444,8.051529790660226,6.333870101986044,20.115405260332796,3.33467525496511,0.17444981213097155,,0.36231884057971014
172,16.35131508319914,24.644390767579175,4.374664519592056,16.364734299516908,8.051529790660226,6.333870101986044,20.00805152979066,3.33467525496511,0.17444981213097155,,0.36231884057971014
173,16.53918411164788,24.54374664519592,4.374664519592056,16.344605475040257,8.011272141706923,6.333870101986044,19.981213097155127,3.33467525496511,0.17444981213097155,,0.36231884057971014
174,16.800858829844337,24.349168008588297,4.374664519592056,16.317767042404725,7.991143317230274,6.327160493827161,19.96779388083736,3.33467525496511,0.17444981213097155,,0.36231884057971014
175,16.881374127750938,24.329039184111647,4.361245303274289,16.317767042404725,7.991143317230274,6.280193236714976,19.96779388083736,3.33467525496511,0.17444981213097155,,0.36231884057971014
176,16.97530864197531,24.288781535158346,4.361245303274289,16.317767042404725,7.944176060118089,6.280193236714976,19.961084272678477,3.33467525496511,0.17444981213097155,,0.36231884057971014
177,16.948470209339774,24.235104669887278,5.4616210413311865,16.13660762211487,7.944176060118089,6.280193236714976,18.988191089640367,3.4688674181427803,0.17444981213097155,,0.36231884057971014
178,16.97530864197531,24.168008588298445,5.4616210413311865,16.129898013955984,7.944176060118089,6.273483628556092,18.766774020397207,3.743961352657005,0.17444981213097155,,0.36231884057971014
179,17.022275899087493,24.168008588298445,5.4549114331723025,16.1231884057971,7.930756843800322,6.260064412238325,18.760064412238325,3.743961352657005,0.17444981213097155,,0.36231884057971014
180,17.136339237788512,24.12104133118626,5.4549114331723025,16.1231884057971,7.87037037037037,6.260064412238325,18.646001073537306,3.7372517444981215,0.2885131508319914,,0.36231884057971014
181,17.297369833601717,23.91304347826087,4.770531400966184,15.96886741814278,7.75630703166935,6.1862587224906065,19.81347289318304,3.7372517444981215,0.19457863660762212,,0.36231884057971014
182,17.458400429414922,23.845947396672035,4.770531400966184,15.942028985507246,7.729468599033816,6.152710681696189,19.806763285024154,3.7372517444981215,0.19457863660762212,,0.36231884057971014
183,17.62614063338701,23.8191089640365,4.770531400966184,15.901771336553946,7.648953301127214,6.152710681696189,19.786634460547504,3.7372517444981215,0.19457863660762212,,0.36231884057971014
184,17.894524959742352,23.758722490606548,4.770531400966184,15.60654857756307,7.823403113258186,6.105743424584004,19.77992485238862,3.7037037037037037,0.19457863660762212,,0.36231884057971014
185,17.76033279656468,23.752012882447666,4.7168545356951155,14.727589908749328,7.809983896940419,7.360440150295223,19.618894256575416,3.69699409554482,0.19457863660762212,,0.36231884057971014
186,14.318303811057435,21.054750402576488,3.7238325281803544,32.971014492753625,7.494632313472893,3.113258185721954,14.432367149758454,2.3349436392914655,0.19457863660762212,,0.36231884057971014
187,14.600107353730541,20.96081588835212,3.603059581320451,32.95759527643585,7.434245840042942,3.079710144927536,14.231078904991948,2.442297369833602,0.32877079978529256,,0.36231884057971014
188,14.80810520665593,20.96081588835212,3.603059581320451,32.749597423510465,7.434245840042942,3.079710144927536,14.231078904991948,2.442297369833602,0.32877079978529256,,0.36231884057971014
189,13.39237788513151,22.564412238325282,3.5762211486849167,32.6154052603328,7.434245840042942,3.079710144927536,14.231078904991948,2.4154589371980677,0.32877079978529256,,0.36231884057971014
190,13.519860440150294,22.544283413848632,3.549382716049383,32.57514761137949,7.39398819108964,3.079710144927536,14.231078904991948,2.4154589371980677,0.32877079978529256,,0.36231884057971014
191,13.66076221148685,22.50402576489533,3.549382716049383,32.53488996242619,7.340311325818572,3.079710144927536,14.231078904991948,2.408749329039184,0.32877079978529256,,0.36231884057971014
192,13.774825550187868,22.477187332259795,3.549382716049383,32.53488996242619,7.286634460547504,3.0730005367686526,14.204240472356414,2.408749329039184,0.32877079978529256,,0.36231884057971014
193,13.915727321524423,22.443639291465377,3.549382716049383,32.47450348899624,7.286634460547504,3.0730005367686526,14.163982823403114,2.408749329039184,0.32877079978529256,,0.35560923242082665
194,14.002952227589908,22.436929683306495,3.549382716049383,32.45437466451959,7.25979602791197,3.046162104133119,14.15727321524423,2.408749329039184,0.32877079978529256,,0.35560923242082665
195,13.942565754159958,22.29602791196994,3.515834675254965,32.27992485238862,5.642780461621041,3.046162104133119,14.143853998926463,2.408749329039184,2.428878153515835,,0.2952227589908749
196,13.989533011272142,22.262479871175522,3.515834675254965,32.27992485238862,5.642780461621041,3.046162104133119,14.143853998926463,2.395330112721417,2.428878153515835,,0.2952227589908749
197,14.049919484702093,22.24235104669887,3.515834675254965,32.23966720343532,5.642780461621041,3.046162104133119,14.143853998926463,2.395330112721417,2.428878153515835,,0.2952227589908749
198,14.224369296833064,22.24235104669887,3.455448201825013,32.1256038647343,5.642780461621041,3.046162104133119,14.143853998926463,2.395330112721417,2.428878153515835,,0.2952227589908749
199,14.27133655394525,22.24235104669887,3.455448201825013,32.11218464841653,5.642780461621041,3.0394524959742353,14.11701556629093,2.395330112721417,2.428878153515835,,0.2952227589908749
200,14.49946323134729,22.067901234567902,3.455448201825013,32.07192699946323,5.642780461621041,3.0394524959742353,14.11701556629093,2.38191089640365,2.428878153515835,,0.2952227589908749
201,14.546430488459475,22.067901234567902,3.44873859366613,32.058507783145465,5.642780461621041,3.026033279656468,14.11701556629093,2.368491680085883,2.428878153515835,,0.2952227589908749
202,14.600107353730541,22.054482018250134,3.44873859366613,31.95115405260333,5.642780461621041,3.026033279656468,14.103596349973161,2.462426194310252,2.4154589371980677,,0.2952227589908749
203,14.53972088030059,22.054482018250134,3.44873859366613,31.863929146537842,5.642780461621041,3.026033279656468,14.251207729468598,2.462426194310252,2.4154589371980677,,0.2952227589908749
204,14.600107353730541,22.0276435856146,3.44873859366613,31.736446591519055,5.642780461621041,3.026033279656468,14.237788513150832,2.5697799248523885,2.4154589371980677,,0.2952227589908749
205,14.801395598497047,22.014224369296834,3.435319377348363,31.5955448201825,5.642780461621041,3.026033279656468,14.204240472356414,2.5697799248523885,2.4154589371980677,,0.2952227589908749
206,14.908749329039184,21.960547504025765,3.435319377348363,31.50161030595813,5.642780461621041,3.1065485775630703,14.190821256038648,2.5697799248523885,2.4154589371980677,,0.2683843263553409
207,15.190552871712292,21.846484165324746,3.4286097691894795,31.40096618357488,5.642780461621041,3.066290928609769,14.17740203972088,2.563070316693505,2.4154589371980677,,0.2683843263553409
208,15.33816425120773,21.846484165324746,3.4286097691894795,31.253354804079443,5.642780461621041,3.066290928609769,14.17740203972088,2.563070316693505,2.4154589371980677,,0.2683843263553409
209,15.432098765432098,21.806226516371442,3.4286097691894795,31.199677938808374,5.642780461621041,3.066290928609769,14.17740203972088,2.563070316693505,2.4154589371980677,,0.2683843263553409
210,15.49248523886205,21.792807300053678,3.4286097691894795,31.17283950617284,5.642780461621041,3.066290928609769,14.17740203972088,2.5429414922168547,2.4154589371980677,,0.2683843263553409
211,15.573000536768653,21.77938808373591,3.4286097691894795,31.159420289855074,5.642780461621041,3.066290928609769,14.123725174449811,2.5429414922168547,2.4154589371980677,,0.2683843263553409
212,15.593129361245303,21.77938808373591,3.4286097691894795,31.146001073537306,5.642780461621041,3.066290928609769,14.123725174449811,2.536231884057971,2.4154589371980677,,0.2683843263553409
213,15.640096618357488,21.752549651100377,3.4286097691894795,31.125872249060656,5.642780461621041,3.066290928609769,14.123725174449811,2.536231884057971,2.4154589371980677,,0.2683843263553409
214,15.666935050993022,21.752549651100377,3.4286097691894795,31.09903381642512,5.642780461621041,3.066290928609769,14.123725174449811,2.536231884057971,2.4154589371980677,,0.2683843263553409
215,15.841384863123993,21.70558239398819,3.408480944712829,31.05877616747182,5.60252281266774,3.066290928609769,14.096886741814279,2.536231884057971,2.4154589371980677,,0.2683843263553409
216,16.076221148684915,21.537842190016104,3.408480944712829,30.99838969404187,5.60252281266774,3.066290928609769,14.090177133655395,2.536231884057971,2.4154589371980677,,0.2683843263553409
217,16.163446054750402,21.490874932903917,3.515834675254965,30.85077831454643,5.60252281266774,3.066290928609769,14.090177133655395,2.536231884057971,2.4154589371980677,,0.2683843263553409
218,16.203703703703702,21.464036500268385,3.515834675254965,30.844068706387546,5.60252281266774,3.066290928609769,13.848631239935587,2.536231884057971,2.6502952227589907,,0.2683843263553409
219,16.19699409554482,21.410359634997317,3.4822866344605474,30.96484165324745,5.60252281266774,3.066290928609769,13.821792807300053,2.536231884057971,2.6502952227589907,,0.2683843263553409
220,16.25067096081589,21.39694041867955,3.4822866344605474,30.897745571658614,5.488459473966721,3.066290928609769,13.821792807300053,2.536231884057971,2.791196994095545,,0.2683843263553409
221,16.35131508319914,21.34326355340848,3.475577026301664,30.891035963499732,5.394524959742351,3.052871712292002,13.79495437466452,2.536231884057971,2.791196994095545,,0.36902844873859364
222,16.411701556629094,21.316425120772948,3.408480944712829,30.038915727321523,8.145464304884594,3.052871712292002,12.037037037037036,2.428878153515835,2.791196994095545,,0.36902844873859364
223,16.472088030059044,21.316425120772948,3.408480944712829,30.06575415995706,8.085077831454644,3.0394524959742353,12.02361782071927,2.428878153515835,2.791196994095545,,0.36902844873859364
224,16.59957058507783,21.28287707997853,3.408480944712829,30.02549651100376,8.044820182501342,3.026033279656468,12.02361782071927,2.428878153515835,2.791196994095545,,0.36902844873859364
225,16.6532474503489,21.26945786366076,3.408480944712829,30.02549651100376,8.017981749865807,3.012614063338701,12.02361782071927,2.428878153515835,2.791196994095545,,0.36902844873859364
226,16.75389157273215,21.235909822866343,3.388352120236178,29.824208266237253,8.017981749865807,3.046162104133119,12.02361782071927,2.5697799248523885,2.771068169618894,,0.36902844873859364
227,16.82769726247987,21.155394524959743,3.656736446591519,29.676596886741816,7.991143317230274,3.046162104133119,12.010198604401502,2.49597423510467,2.771068169618894,,0.36902844873859364
228,16.841116478797638,21.155394524959743,3.656736446591519,29.55582393988191,7.991143317230274,3.0327428878153517,12.010198604401502,2.6167471819645733,2.771068169618894,,0.36902844873859364
229,16.686795491143318,21.155394524959743,3.656736446591519,26.99946323134729,10.393183038110575,3.7640901771336552,11.621041331186259,2.5831991411701556,2.771068169618894,,0.36902844873859364
230,16.854535695115406,21.128556092324207,3.7573805689747717,26.96591519055287,10.38647342995169,3.7640901771336552,11.533816425120772,2.4691358024691357,2.771068169618894,,0.36902844873859364
231,16.888083735909824,21.101717659688674,3.7573805689747717,26.8719806763285,10.38647342995169,3.8580246913580245,11.52710681696189,2.4691358024691357,2.771068169618894,,0.36902844873859364
232,17.136339237788512,20.967525496511005,3.7573805689747717,26.85185185185185,10.359634997316157,3.8580246913580245,11.460010735373054,2.4691358024691357,2.771068169618894,,0.36902844873859364
233,17.310789049919485,20.893719806763286,3.7573805689747717,26.80488459473967,10.326086956521738,3.8580246913580245,11.446591519055287,2.462426194310252,2.771068169618894,,0.36902844873859364
234,17.56575415995706,20.739398819108963,3.7104133118625873,26.78475577026302,10.292538915727322,3.8580246913580245,11.446591519055287,2.462426194310252,2.771068169618894,,0.36902844873859364
235,17.881105743424584,20.705850778314545,3.670155662909286,26.610305958132045,10.265700483091788,3.851315083199141,11.446591519055287,2.462426194310252,2.737520128824477,,0.36902844873859364
236,17.907944176060116,20.679012345679013,3.670155662909286,26.610305958132045,10.265700483091788,3.851315083199141,11.446591519055287,2.462426194310252,2.737520128824477,,0.36902844873859364
237,18.10252281266774,20.605206655931294,3.670155662909286,26.54320987654321,10.265700483091788,3.851315083199141,11.446591519055287,2.442297369833602,2.703972088030059,,0.36902844873859364
238,18.16290928609769,20.591787439613526,3.670155662909286,26.52308105206656,10.25228126677402,3.851315083199141,11.446591519055287,2.442297369833602,2.690552871712292,,0.36902844873859364
239,18.357487922705314,20.538110574342458,3.670155662909286,26.476113794954376,10.165056360708535,3.851315083199141,11.439881910896403,2.442297369833602,2.690552871712292,,0.36902844873859364
240,18.5252281266774,20.45088566827697,3.7104133118625873,26.42914653784219,10.124798711755233,3.851315083199141,11.439881910896403,2.442297369833602,2.657004830917874,,0.36902844873859364
241,18.686258722490606,20.397208803005906,3.7104133118625873,26.34863123993559,10.124798711755233,3.851315083199141,11.41304347826087,2.442297369833602,2.657004830917874,,0.36902844873859364
242,18.726516371443907,20.397208803005906,3.7104133118625873,26.33521202361782,10.124798711755233,3.851315083199141,11.399624261943103,2.428878153515835,2.657004830917874,,0.36902844873859364
243,18.820450885668276,20.397208803005906,3.7104133118625873,26.27482555018787,10.091250670960816,3.851315083199141,11.399624261943103,2.428878153515835,2.657004830917874,,0.36902844873859364
244,18.96135265700483,20.30998389694042,3.7104133118625873,26.241277509393452,10.071121846484166,3.851315083199141,11.399624261943103,2.428878153515835,2.657004830917874,,0.36902844873859364
245,19.082125603864736,20.229468599033815,3.7104133118625873,26.120504562533547,10.050993022007514,3.851315083199141,11.386205045625335,2.5429414922168547,2.657004830917874,,0.36902844873859364
246,19.202898550724637,20.229468599033815,3.7104133118625873,26.039989264626946,10.050993022007514,3.851315083199141,11.3593666129898,2.5295222758990876,2.657004830917874,,0.36902844873859364
