,45,50,51,52,53,54,55,56,57
0,99.597423510467,0.4025764895330113,,,,,,,
1,98.6580783682233,1.3419216317767042,,,,,,,
2,89.30488459473966,10.695115405260333,,,,,,,
3,89.20424047235642,10.795759527643586,,,,,,,
4,84.95034889962426,15.049651100375739,,,,,,,
5,85.11808910359635,14.88191089640365,,,,,,,
6,85.0174449812131,14.982555018786902,,,,,,,
7,79.42834138486312,20.571658615136876,,,,,,,
8,74.57729468599034,25.42270531400966,,,,,,,
9,74.66451959205583,25.026838432635532,0.30864197530864196,,,,,,
10,72.24235104669887,27.449006977992486,0.30864197530864196,,,,,,
11,72.40338164251207,27.28797638217928,0.30864197530864196,,,,,,
12,70.08185721953838,29.200214707461082,0.7179280730005367,,,,,,
13,69.20289855072464,29.294149221685455,0.6172839506172839,0.49651100375738055,0.2549651100375738,0.13419216317767044,,,
14,69.2163177670424,29.280730005367687,0.6172839506172839,0.49651100375738055,0.2549651100375738,0.13419216317767044,,,
15,69.18276972624798,29.314278046162105,0.6172839506172839,0.49651100375738055,0.2549651100375738,0.13419216317767044,,,
16,66.43183038110574,32.06521739130435,0.6172839506172839,0.6105743424584005,0.2549651100375738,0.020128824476650563,,,
17,65.82796564680622,31.568706387546968,1.7176596886741815,0.6105743424584005,0.2549651100375738,0.020128824476650563,,,
18,65.9151905528717,31.48148148148148,1.7176596886741815,0.6105743424584005,0.2549651100375738,0.020128824476650563,,,
19,66.35802469135803,31.03864734299517,1.7176596886741815,0.6105743424584005,0.2549651100375738,0.020128824476650563,,,
20,66.51234567901234,30.88432635534085,1.7176596886741815,0.6105743424584005,0.2549651100375738,0.020128824476650563,,,
21,66.52576489533011,30.870907139023082,1.7176596886741815,0.6105743424584005,0.2549651100375738,0.020128824476650563,,,
22,66.59957058507783,30.797101449275363,1.7176596886741815,0.6105743424584005,0.2549651100375738,0.020128824476650563,,,
23,66.63982823403113,30.756843800322063,1.7176596886741815,0.6105743424584005,0.2549651100375738,0.020128824476650563,,,
24,66.68008588298443,30.515297906602253,1.4224369296833066,0.6105743424584005,0.7514761137949544,0.020128824476650563,,,
25,66.84782608695652,30.347557702630166,1.4224369296833066,0.6105743424584005,0.7514761137949544,0.020128824476650563,,,
26,67.0155662909286,30.233494363929147,1.4224369296833066,0.6105743424584005,0.6977992485238862,0.020128824476650563,,,
27,66.55931293612453,30.689747718733226,1.4224369296833066,0.6105743424584005,0.6977992485238862,0.020128824476650563,,,
28,66.74718196457327,30.615942028985508,1.3016639828234031,0.6172839506172839,0.6977992485238862,0.020128824476650563,,,
29,63.466183574879224,32.7361782071927,1.3754696725711217,0.7045088566827697,1.6975308641975309,0.020128824476650563,,,
30,62.27187332259796,33.3870101986044,1.3754696725711217,1.261406333870102,1.6841116478797638,0.020128824476650563,,,
31,61.45330112721417,34.20558239398819,1.3754696725711217,1.261406333870102,1.6841116478797638,0.020128824476650563,,,
32,61.39291465378422,31.568706387546968,1.3352120236178207,4.602791196994096,1.0802469135802468,0.020128824476650563,,,
33,60.7487922705314,32.21282877079979,1.3352120236178207,4.602791196994096,1.0802469135802468,0.020128824476650563,,,
34,58.702361782071925,34.44041867954911,1.2412775093934514,4.522275899087493,1.0735373054213635,0.020128824476650563,,,
35,56.91089640365003,36.30568974771873,1.3352120236178207,4.3545356951154055,1.0735373054213635,0.020128824476650563,,,
36,49.81884057971015,29.542404723564143,15.22410091250671,4.320987654320987,0.9728931830381106,0.12077294685990338,,,
37,49.89935587761675,29.374664519592056,14.962426194310252,4.320987654320987,1.3217928073000538,0.12077294685990338,,,
38,49.90606548577563,29.455179817498657,14.962426194310252,4.233762748255502,1.3217928073000538,0.12077294685990338,,,
39,50.22141706924316,29.26731078904992,14.928878153515834,4.186795491143317,1.2748255501878691,0.12077294685990338,,,
40,49.22839506172839,30.005367686527105,14.928878153515834,4.186795491143317,1.2748255501878691,0.12077294685990338,0.2549651100375738,,
41,48.57756307031669,27.87842190016103,14.741009125067096,4.1129898013955986,1.2748255501878691,0.12077294685990338,3.180354267310789,0.11406333870101985,
42,48.812399355877616,27.697262479871174,14.741009125067096,4.066022544283414,1.2681159420289856,0.12077294685990338,3.180354267310789,0.11406333870101985,
43,49.04723564143854,26.7512077294686,14.734299516908212,4.783950617283951,1.2681159420289856,0.12077294685990338,3.180354267310789,0.11406333870101985,
44,49.25523349436393,26.54320987654321,14.734299516908212,4.783950617283951,1.2681159420289856,0.12077294685990338,3.180354267310789,0.11406333870101985,
45,49.22839506172839,26.147342995169083,14.700751476113794,5.146269457863661,1.5432098765432098,0.12077294685990338,2.999194847020934,0.11406333870101985,
46,49.39613526570049,26.147342995169083,14.673913043478262,5.025496511003757,1.5432098765432098,0.12077294685990338,2.9790660225442833,0.11406333870101985,
47,48.51717659688674,26.94578636607622,14.593397745571659,5.186527106816962,1.5432098765432098,0.12077294685990338,2.9790660225442833,0.11406333870101985,
48,48.409822866344605,27.079978529253893,14.566559312936125,5.186527106816962,1.5432098765432098,0.12077294685990338,2.9790660225442833,0.11406333870101985,
49,49.040526033279654,26.590177133655395,14.452495974235104,5.186527106816962,1.5432098765432098,0.12077294685990338,2.952227589908749,0.11406333870101985,
50,49.342458400429415,26.496242619431026,14.304884594739667,5.12614063338701,1.5432098765432098,0.12077294685990338,2.952227589908749,0.11406333870101985,
51,48.84594739667203,27.120236178207193,14.27133655394525,5.032206119162641,1.5432098765432098,0.12077294685990338,2.952227589908749,0.11406333870101985,
52,47.10144927536232,28.784219001610307,14.13714439076758,4.676596886741814,2.120236178207193,0.11406333870101985,2.952227589908749,0.11406333870101985,
53,45.67230273752013,30.233494363929147,14.11701556629093,4.676596886741814,2.120236178207193,0.11406333870101985,2.952227589908749,0.11406333870101985,
54,44.48470209339774,30.495169082125603,12.74825550187869,6.971282877079979,2.120236178207193,0.11406333870101985,2.952227589908749,0.11406333870101985,
55,42.881105743424584,31.97799248523886,15.633387010198604,4.736983360171766,1.6170155662909287,0.11406333870101985,2.9253891572732154,0.11406333870101985,
56,43.45813204508857,31.629092860976918,15.405260332796564,4.736983360171766,1.6170155662909287,0.11406333870101985,2.9253891572732154,0.11406333870101985,
57,43.80032206119163,31.407675791733762,15.297906602254429,4.736983360171766,1.6170155662909287,0.10735373054213634,2.9253891572732154,0.10735373054213634,
58,43.84057971014493,31.702898550724637,14.915458937198068,4.663177670424047,1.6170155662909287,0.2281266774020397,2.9253891572732154,0.10735373054213634,
59,43.77348362855609,31.61567364465915,14.955716586151368,4.663177670424047,1.6170155662909287,0.2281266774020397,2.9253891572732154,0.2214170692431562,
60,44.115673644659154,31.44122383252818,14.955716586151368,4.5960815888352125,1.6170155662909287,0.2281266774020397,2.8247450348899625,0.2214170692431562,
61,44.39076757917338,31.233225979602793,14.647074610842727,4.5960815888352125,1.6170155662909287,0.2281266774020397,3.1468062265163717,0.14090177133655393,
62,44.867149758454104,30.9044551798175,14.600107353730541,4.5893719806763285,1.570048309178744,0.2281266774020397,3.099838969404187,0.14090177133655393,
63,43.76677402039721,32.11218464841653,14.600107353730541,4.53569511540526,1.570048309178744,0.2281266774020397,3.046162104133119,0.14090177133655393,
64,43.82045088566828,31.80354267310789,15.217391304347826,4.53569511540526,1.570048309178744,0.2281266774020397,2.7106816961889426,0.11406333870101985,
65,44.22302737520129,30.9044551798175,15.747450348899624,4.502147074610843,1.570048309178744,0.2281266774020397,2.7106816961889426,0.11406333870101985,
66,44.44444444444444,30.629361245303276,15.673644659151906,4.502147074610843,1.6975308641975309,0.2281266774020397,2.7106816961889426,0.11406333870101985,
67,43.73322597960279,30.95813204508857,16.11647879763822,4.441760601180891,1.6975308641975309,0.2281266774020397,2.7106816961889426,0.11406333870101985,
68,43.05555555555556,30.226784755770264,14.123725174449811,7.03166935050993,2.509393451422437,0.2281266774020397,2.7106816961889426,0.11406333870101985,
69,43.162909286097694,30.005367686527105,14.412238325281804,6.756575415995706,2.509393451422437,0.32877079978529256,2.7106816961889426,0.11406333870101985,
70,43.13607085346216,29.468599033816425,14.848362855609233,6.830381105743425,2.428878153515835,0.46296296296296297,2.7106816961889426,0.11406333870101985,
71,43.31723027375201,29.32769726247987,14.848362855609233,6.830381105743425,2.4221685453569513,0.46296296296296297,2.677133655394525,0.11406333870101985,
72,43.29039184111648,29.49543746645196,14.700751476113794,6.716317767042405,2.4020397208803006,0.6038647342995169,2.677133655394525,0.11406333870101985,
73,43.16961889425657,29.394793344068706,14.472624798711756,7.206119162640902,2.3617820719269993,0.6038647342995169,2.677133655394525,0.11406333870101985,
74,43.263553408480945,29.381374127750938,14.432367149758454,7.192699946323135,2.3617820719269993,0.6038647342995169,2.6502952227589907,0.11406333870101985,
75,43.57890499194847,29.21363392377885,14.351851851851851,7.185990338164252,2.3617820719269993,0.6038647342995169,2.589908749329039,0.11406333870101985,
76,43.49168008588298,28.891572732152444,14.351851851851851,7.595276435856146,2.3617820719269993,0.6038647342995169,2.589908749329039,0.11406333870101985,
77,43.484970477724104,28.529253891572733,14.526301663982823,7.816693505099302,2.3349436392914655,0.6038647342995169,2.589908749329039,0.11406333870101985,
78,41.53918411164788,30.703166935050994,14.31159420289855,7.803274288781535,2.3349436392914655,0.6038647342995169,2.589908749329039,0.11406333870101985,
79,41.92163177670424,30.595813204508858,14.17740203972088,7.689210950080516,2.3349436392914655,0.6038647342995169,2.589908749329039,0.08722490606548577,
80,41.89479334406871,30.689747718733226,14.17740203972088,7.689210950080516,2.26784755770263,0.6038647342995169,2.589908749329039,0.08722490606548577,
81,41.30434782608695,31.40096618357488,14.11701556629093,7.635534084809447,2.26784755770263,0.5971551261406334,2.589908749329039,0.08722490606548577,
82,40.78099838969404,30.891035963499732,15.157004830917874,7.628824476650563,2.26784755770263,0.5971551261406334,2.589908749329039,0.08722490606548577,
83,40.94202898550725,30.18652710681696,15.123456790123457,7.575147611379496,2.898550724637681,0.5971551261406334,2.589908749329039,0.08722490606548577,
84,40.774288781535155,30.394524959742352,14.526301663982823,7.300053676865271,2.898550724637681,0.7514761137949544,3.2675791733762747,0.08722490606548577,
85,40.06977992485239,29.78395061728395,17.21014492753623,7.125603864734299,2.771068169618894,0.8722490606548577,2.0799785292538915,0.08722490606548577,
86,40.163714439076756,29.74369296833065,16.492216854535695,7.836822329575953,2.7509393451422435,0.8454106280193237,2.0799785292538915,0.08722490606548577,
87,40.3918411164788,29.663177670424048,16.478797638217927,7.729468599033816,2.7241009125067097,0.8454106280193237,2.0799785292538915,0.08722490606548577,
88,40.80112721417069,29.401502952227588,16.404991948470208,7.6556629092860975,2.7241009125067097,0.8454106280193237,2.0799785292538915,0.08722490606548577,
89,40.86822329575953,29.220343531937736,16.53918411164788,7.6556629092860975,2.703972088030059,0.8454106280193237,2.0799785292538915,0.08722490606548577,
90,41.2037037037037,29.03918411164788,16.451959205582394,7.628824476650563,2.6704240472356413,0.8454106280193237,2.073268921095008,0.08722490606548577,
91,41.47879763821793,28.81105743424584,16.451959205582394,7.313472893183038,2.9388083735909825,0.8454106280193237,2.073268921095008,0.08722490606548577,
92,41.76731078904992,28.522544283413847,16.391572732152444,7.246376811594203,2.9388083735909825,0.9728931830381106,2.073268921095008,0.08722490606548577,
93,41.90150295222759,28.30112721417069,16.364734299516908,7.246376811594203,2.9388083735909825,1.0869565217391304,2.073268921095008,0.08722490606548577,
94,42.270531400966185,28.039452495974235,16.344605475040257,7.246376811594203,2.9388083735909825,1.0869565217391304,2.073268921095008,,
95,42.92807300053677,27.690552871712292,16.183574879227052,7.085346215780999,2.918679549114332,1.1205045625335481,2.073268921095008,,
96,43.042136339237786,27.583199141170155,16.27079978529254,6.998121309715513,2.9119699409554483,1.1205045625335481,2.073268921095008,,
97,42.954911433172306,28.032742887815353,16.056092324208265,6.998121309715513,2.9052603327965647,1.1205045625335481,1.932367149758454,,
98,43.08910359634997,27.750939345142243,16.022544283413847,7.253086419753086,2.831454643048846,1.1205045625335481,1.932367149758454,,
99,43.27697262479871,27.47584541062802,15.727321524422974,7.635534084809447,2.831454643048846,1.1205045625335481,1.932367149758454,,
100,43.86070853462158,27.140365002683843,15.727321524422974,7.521470746108427,2.6972624798711755,1.1205045625335481,1.932367149758454,,
101,43.994900697799245,27.046430488459475,15.526033279656469,7.521470746108427,2.6435856146001075,1.3352120236178207,1.932367149758454,,
102,44.12909286097692,25.758185721953836,14.848362855609233,9.628287707997853,2.636876006441224,1.221148684916801,1.778046162104133,,
103,44.887278582930755,25.563607085346217,14.38539989264627,9.145195920558239,2.6435856146001075,1.221148684916801,1.7579173376274826,,0.39586688137412773
104,45.14224369296833,25.429414922168544,14.304884594739667,9.104938271604938,2.6435856146001075,1.221148684916801,1.7579173376274826,,0.39586688137412773
105,44.68599033816425,25.91250670960816,14.298174986580785,9.084809447128288,2.6435856146001075,1.221148684916801,1.7579173376274826,,0.39586688137412773
106,44.927536231884055,25.623993558776167,14.251207729468598,8.950617283950617,2.636876006441224,1.5767579173376274,1.710950080515298,,0.322061191626409
107,44.77321524422974,25.59044551798175,14.029790660225443,8.950617283950617,3.1535158346752548,1.5767579173376274,1.6035963499731616,,0.322061191626409
108,45.33682232957595,25.187869028448738,13.996242619431026,8.950617283950617,3.1535158346752548,1.5767579173376274,1.4761137949543746,,0.322061191626409
109,45.63204508856683,24.9597423510467,13.962694578636608,8.863392377885132,3.240740740740741,1.5432098765432098,1.4761137949543746,,0.322061191626409
110,45.779656468062264,24.912775093934513,13.962694578636608,8.742619431025227,3.3279656468062266,1.4761137949543746,1.4761137949543746,,0.322061191626409
111,45.59849704777241,24.771873322597962,14.318303811057435,8.601717659688674,3.435319377348363,1.4761137949543746,1.4761137949543746,,0.322061191626409
112,45.289855072463766,25.09393451422437,14.318303811057435,8.588298443370908,3.435319377348363,1.4761137949543746,1.4761137949543746,,0.322061191626409
113,45.49785292538916,24.94632313472893,14.318303811057435,8.588298443370908,3.435319377348363,1.4761137949543746,1.415727321524423,,0.322061191626409
114,45.7662372517445,24.832259796027913,14.224369296833064,8.527911969940956,3.435319377348363,1.4761137949543746,1.415727321524423,,0.322061191626409
115,46.19565217391305,24.644390767579175,14.090177133655395,8.420558239398819,3.435319377348363,1.4761137949543746,1.415727321524423,,0.322061191626409
116,45.73268921095008,25.167740203972087,14.090177133655395,8.360171765968868,3.435319377348363,1.4761137949543746,1.415727321524423,,0.322061191626409
117,45.840042941492214,24.691358024691358,14.53972088030059,8.360171765968868,3.421900161030596,1.4090177133655395,1.415727321524423,,0.322061191626409
118,45.91384863123994,24.376006441223833,14.828234031132581,8.360171765968868,3.421900161030596,1.4090177133655395,1.3687600644122384,,0.322061191626409
119,45.833333333333336,24.65780998389694,14.707461084272678,8.28636607622115,3.421900161030596,1.4090177133655395,1.3620504562533549,,0.322061191626409
120,46.31642512077295,24.315619967793882,14.620236178207193,8.232689210950081,3.421900161030596,1.4090177133655395,1.3620504562533549,,0.322061191626409
121,46.544551798174986,24.02710681696189,14.472624798711756,8.440687063875469,3.421900161030596,1.4090177133655395,1.3620504562533549,,0.322061191626409
122,46.61835748792271,23.906333870101985,14.439076757917338,8.433977455716587,3.4151905528717124,1.5029522275899088,1.3620504562533549,,0.322061191626409
123,46.77938808373591,23.805689747718734,14.398819108964037,8.413848631239935,3.4151905528717124,1.5029522275899088,1.3620504562533549,,0.322061191626409
124,47.34970477724101,23.255501878690286,14.338432635534085,7.7898550724637685,3.4822866344605474,1.5029522275899088,1.9726247987117553,,0.30864197530864196
125,47.41009125067096,23.21524422973698,14.318303811057435,7.7898550724637685,3.4822866344605474,1.5029522275899088,1.9726247987117553,,0.30864197530864196
126,47.53086419753087,23.09447128287708,14.318303811057435,7.7898550724637685,3.4822866344605474,1.5029522275899088,1.9726247987117553,,0.30864197530864196
127,46.544551798174986,22.450348899624263,15.277777777777779,7.64224369296833,3.844605475040258,1.9592055823939882,1.9726247987117553,,0.30864197530864196
128,44.46457326892109,24.765163714439076,15.136876006441224,7.548309178743962,3.844605475040258,1.9592055823939882,1.9726247987117553,,0.30864197530864196
129,43.86741814278046,23.423242082662373,17.223564143854,7.39398819108964,3.8311862587224907,1.9592055823939882,1.9927536231884058,,0.30864197530864196
130,44.29012345679013,23.11460010735373,17.143048845947398,7.340311325818572,3.851315083199141,1.9592055823939882,1.9927536231884058,,0.30864197530864196
131,44.36392914653784,23.060923242082662,17.12962962962963,7.333601717659689,3.851315083199141,1.9592055823939882,1.9927536231884058,,0.30864197530864196
132,44.48470209339774,23.060923242082662,17.12962962962963,7.232957595276436,3.8311862587224907,1.9592055823939882,1.9927536231884058,,0.30864197530864196
133,44.64573268921095,22.933440687063875,17.05582393988191,7.273215244229737,3.8311862587224907,1.9592055823939882,1.9927536231884058,,0.30864197530864196
134,44.76650563607085,22.933440687063875,17.022275899087493,7.199409554482019,3.8177670424047236,1.9592055823939882,1.9927536231884058,,0.30864197530864196
135,45.00805152979066,22.933440687063875,16.961889425657542,7.112184648416532,3.7372517444981215,1.9457863660762211,1.9927536231884058,,0.30864197530864196
136,45.088566827697264,22.65834675254965,16.780730005367687,7.555018786902845,3.7238325281803544,1.892109500805153,1.9927536231884058,,0.30864197530864196
137,43.61916264090177,24.174718196457327,16.794149221685455,7.5281803542673105,3.7238325281803544,1.8719806763285025,1.9793344068706387,,0.30864197530864196
138,43.20987654320987,24.08749329039184,16.914922168545356,7.521470746108427,4.092860976918948,1.7713365539452497,1.9793344068706387,0.11406333870101985,0.30864197530864196
139,43.344068706387546,24.10091250670961,16.800858829844337,7.521470746108427,4.066022544283414,1.7646269457863661,1.9793344068706387,0.11406333870101985,0.30864197530864196
140,43.67954911433172,23.658078368223297,16.78743961352657,7.648953301127214,4.05931293612453,1.7646269457863661,1.9793344068706387,0.11406333870101985,0.30864197530864196
141,44.00831991411702,23.49033816425121,16.686795491143318,7.64224369296833,4.05931293612453,1.751207729468599,1.9793344068706387,0.07380568974771873,0.30864197530864196
142,42.32420826623725,25.429414922168544,16.545893719806763,7.595276435856146,4.05931293612453,1.6841116478797638,1.9793344068706387,0.07380568974771873,0.30864197530864196
143,42.552334943639295,25.201288244766506,16.545893719806763,7.595276435856146,4.05931293612453,1.6841116478797638,1.9793344068706387,0.07380568974771873,0.30864197530864196
144,42.94820182501342,24.953032742887814,16.438539989264626,7.568438003220612,3.9720880300590444,1.6841116478797638,2.0531400966183573,0.07380568974771873,0.30864197530864196
145,43.09581320450886,24.879227053140095,16.404991948470208,7.555018786902845,3.9720880300590444,1.6572732152442298,2.0531400966183573,0.07380568974771873,0.30864197530864196
146,43.42458400429415,24.630971551261407,16.21712292002147,7.514761137949543,3.9720880300590444,1.8048845947396672,2.0531400966183573,0.07380568974771873,0.30864197530864196
147,40.35829307568438,26.37546967257112,18.16290928609769,7.219538378958669,3.8848631239935587,1.6035963499731616,2.046430488459474,0.040257648953301126,0.30864197530864196
148,40.351583467525494,26.04669887278583,18.156199677938808,7.561728395061729,3.8848631239935587,1.6035963499731616,2.046430488459474,0.040257648953301126,0.30864197530864196
149,40.552871712292,26.03327965646806,18.055555555555557,7.474503488996243,3.8848631239935587,1.6035963499731616,2.046430488459474,0.040257648953301126,0.30864197530864196
150,40.89506172839506,25.865539452495973,17.505367686527105,7.353730542136339,3.9720880300590444,2.0263016639828235,2.0397208803005906,0.040257648953301126,0.30193236714975846
151,40.22410091250671,26.576757917337627,17.371175523349436,7.333601717659689,3.911701556629093,2.200751476113795,2.0397208803005906,0.040257648953301126,0.30193236714975846
152,39.80810520665593,26.482823403113258,17.324208266237253,7.333601717659689,5.038915727321524,2.200751476113795,1.4694041867954912,0.040257648953301126,0.30193236714975846
153,40.05636070853462,26.281535158346752,17.290660225442835,7.320182501341922,5.038915727321524,2.200751476113795,1.4694041867954912,0.040257648953301126,0.30193236714975846
154,39.801395598497045,26.54320987654321,17.19001610305958,7.4141170155662905,5.038915727321524,2.200751476113795,1.4694041867954912,0.040257648953301126,0.30193236714975846
155,39.99597423510467,26.54320987654321,16.867954911433173,7.353730542136339,4.931561996779388,2.49597423510467,1.4694041867954912,0.040257648953301126,0.30193236714975846
156,40.11674718196457,26.462694578636608,16.72705314009662,7.467793880837359,4.783950617283951,2.49597423510467,1.6035963499731616,0.040257648953301126,0.30193236714975846
157,39.821524422973695,26.82501341921632,16.5727321524423,7.461084272678476,4.783950617283951,2.589908749329039,1.6035963499731616,0.040257648953301126,0.30193236714975846
158,40.04965110037574,26.596886741814277,16.5727321524423,7.461084272678476,4.783950617283951,2.589908749329039,1.6035963499731616,0.040257648953301126,0.30193236714975846
159,40.002683843263554,25.711218464841654,16.358024691358025,7.514761137949543,5.884326355340848,2.5831991411701556,1.6035963499731616,0.040257648953301126,0.30193236714975846
160,40.86822329575953,25.355609232420825,16.150026838432634,7.481213097155126,5.884326355340848,2.522812667740204,1.4224369296833066,0.040257648953301126,0.27509393451422437
161,29.562533548040793,52.83816425120773,7.957595276435856,4.388083735909823,3.6634460547504024,1.4224369296833066,0.16774020397208803,,
162,29.87788513150832,51.549919484702095,7.971014492753623,4.334406870638754,3.6634460547504024,1.4224369296833066,1.1808910359634996,,
163,30.3743961352657,51.19431025228127,7.85024154589372,4.320987654320987,3.6634460547504024,1.415727321524423,1.1808910359634996,,
164,30.327428878153516,51.006441223832525,7.7898550724637685,4.133118625872249,4.146537842190016,1.415727321524423,1.1808910359634996,,
165,30.461621041331185,50.966183574879224,7.7361782071927,4.092860976918948,4.146537842190016,1.415727321524423,1.1808910359634996,,
166,30.669618894256576,50.78502415458937,7.709339774557166,4.092860976918948,4.146537842190016,1.415727321524423,1.1808910359634996,,
167,31.112453032742888,50.12748255501879,8.152173913043478,3.9855072463768115,4.126409017713366,1.3150831991411702,1.1808910359634996,,
168,31.300322061191626,49.73832528180354,8.380300590445518,3.9855072463768115,3.9519592055823938,1.3150831991411702,1.328502415458937,,
169,31.508319914117017,49.6309715512614,8.380300590445518,3.9184111647879765,3.9519592055823938,1.3150831991411702,1.2949543746645196,,
170,31.743156199677937,49.32903918411165,8.373590982286634,3.9184111647879765,3.9184111647879765,1.3150831991411702,1.402308105206656,,
171,32.00483091787439,49.19484702093398,8.3064949006978,3.8580246913580245,3.9184111647879765,1.3150831991411702,1.402308105206656,,
172,31.884057971014492,48.34272678475577,8.3064949006978,4.830917874396135,3.9184111647879765,1.3150831991411702,1.402308105206656,,
173,31.82367149758454,47.96027911969941,8.293075684380032,5.287171229200215,3.9184111647879765,1.3150831991411702,1.402308105206656,,
174,31.582125603864736,47.698604401502955,8.997584541062801,5.12614063338701,3.878153515834675,1.3150831991411702,1.402308105206656,,
175,32.14573268921095,46.99409554482018,8.903650026838433,5.12614063338701,3.9720880300590444,1.3150831991411702,1.5432098765432098,,
176,32.27321524422974,46.92028985507246,8.856682769726248,5.12614063338701,3.965378421900161,1.3150831991411702,1.5432098765432098,,
177,32.54159957058508,46.69887278582931,8.84326355340848,5.12614063338701,3.965378421900161,1.2815351583467525,1.5432098765432098,,
178,32.67579173376275,46.3365539452496,8.789586688137414,5.12614063338701,3.965378421900161,1.5633387010198605,1.5432098765432098,,
179,33.00456253354804,46.07487922705314,8.635265700483092,5.12614063338701,3.9519592055823938,1.5633387010198605,1.6438539989264627,,
180,33.21256038647343,45.531400966183575,8.581588835212024,5.12614063338701,3.9519592055823938,1.5633387010198605,2.033011272141707,,
181,33.23939881910896,45.20263016639828,9.01100375738057,5.12614063338701,3.844605475040258,1.5633387010198605,2.0128824476650564,,
182,33.55475040257649,44.95437466451959,9.333064949006978,5.01207729468599,3.5762211486849167,1.556629092860977,2.0128824476650564,,
183,33.77616747181965,44.80005367686527,9.306226516371444,4.985238862050457,3.5762211486849167,1.556629092860977,1.9994632313472893,,
184,34.024422973698336,44.44444444444444,9.306226516371444,4.985238862050457,3.5292538915727323,1.556629092860977,2.15378421900161,,
185,34.286097691894796,44.256575415995705,9.272678475577026,4.9651100375738055,3.5292538915727323,1.556629092860977,2.13365539452496,,
186,34.52093397745572,44.12909286097692,9.23913043478261,4.924852388620504,3.4957058507783145,1.556629092860977,2.13365539452496,,
187,34.628287707997856,43.68625872249061,8.849973161567364,5.669618894256575,3.488996242619431,1.5432098765432098,2.13365539452496,,
188,34.977187332259795,42.67981749865808,8.80300590445518,6.139291465378422,3.488996242619431,1.5163714439076759,2.395330112721417,,
189,35.42673107890499,41.727053140096615,8.769457863660762,6.031937734836285,3.455448201825013,1.710950080515298,2.8784219001610305,,
190,35.10466988727858,42.51207729468599,8.420558239398819,5.931293612453032,3.4420289855072466,1.710950080515298,2.8784219001610305,,
191,35.299248523886206,42.40472356414385,8.340042941492216,5.931293612453032,3.4420289855072466,1.7042404723564144,2.8784219001610305,,
192,35.017444981213096,42.49194847020934,8.313204508856682,5.884326355340848,3.488996242619431,1.9726247987117553,2.831454643048846,,
193,34.82957595276436,42.1833064949007,8.910359634997317,5.864197530864198,3.4621578099838968,1.9189479334406871,2.831454643048846,,
194,35.299248523886206,41.83440687063875,8.829844337090714,5.864197530864198,3.421900161030596,1.9189479334406871,2.831454643048846,,
195,35.52066559312936,41.55931293612453,8.76274825550188,5.864197530864198,3.421900161030596,1.8988191089640365,2.9723564143853998,,
196,34.17874396135266,42.8341384863124,8.440687063875469,5.984970477724101,3.7573805689747717,1.8317230273752012,2.9723564143853998,,
197,34.42699946323135,42.639559849704774,8.36688137412775,6.146001073537305,3.7573805689747717,1.6908212560386473,2.9723564143853998,,
198,34.80273752012882,42.3845947396672,8.36688137412775,6.146001073537305,3.643317230273752,1.6908212560386473,2.965646806226516,,
199,34.96376811594203,42.250402576489535,8.36688137412775,6.119162640901771,3.643317230273752,1.6908212560386473,2.965646806226516,,
200,35.238862050456255,41.948470209339774,8.36688137412775,6.052066559312936,3.629898013955985,1.8317230273752012,2.932098765432099,,
201,35.487117552334944,41.56602254428341,8.266237251744498,6.045356951154052,3.616478797638218,2.086688137412775,2.932098765432099,,
202,35.63472893183038,41.47208803005905,8.266237251744498,6.025228126677402,3.589640365002684,2.0799785292538915,2.932098765432099,,
203,36.41304347826087,40.747450348899626,8.246108427267847,6.005099302200751,3.5829307568438002,2.0799785292538915,2.9253891572732154,,
204,36.41304347826087,40.60654857756307,8.246108427267847,5.978260869565218,3.750670960815888,2.0799785292538915,2.9253891572732154,,
205,36.312399355877616,38.405797101449274,8.225979602791197,5.978260869565218,3.750670960815888,1.9457863660762211,5.381105743424584,,
206,36.37278582930757,38.238056897477186,8.360171765968868,5.931293612453032,3.784219001610306,1.932367149758454,5.381105743424584,,
207,36.553945249597426,38.137412775093935,8.32662372517445,5.904455179817498,3.7640901771336552,1.932367149758454,5.381105743424584,,
208,37.03703703703704,37.8690284487386,8.299785292538916,5.844068706387547,3.7640901771336552,1.932367149758454,5.253623188405797,,
209,36.64117015566291,36.574074074074076,9.896672034353195,5.595813204508857,4.3545356951154055,2.0128824476650564,4.924852388620504,,
210,36.963231347289316,36.30568974771873,9.883252818035427,5.595813204508857,4.3545356951154055,2.0128824476650564,4.884594739667204,,
211,37.31884057971015,36.18491680085883,9.769189479334408,5.495169082125604,4.334406870638754,2.0128824476650564,4.884594739667204,,
212,37.59393451422437,35.99704777241009,9.695383789586689,5.495169082125604,4.320987654320987,2.0128824476650564,4.884594739667204,,
213,37.8690284487386,35.64143853998927,9.681964573268921,5.4616210413311865,4.448470209339774,2.0128824476650564,4.884594739667204,,
214,38.1508319914117,35.258990874932906,9.601449275362318,5.689747718733226,4.367954911433173,2.046430488459474,4.884594739667204,,
215,38.30515297906602,35.19189479334407,9.588030059044552,5.622651637144391,4.361245303274289,2.046430488459474,4.884594739667204,,
216,39.05662909286098,34.554482018250134,9.574610842726784,5.589103596349974,4.294149221685454,2.046430488459474,4.884594739667204,,
217,39.42565754159957,34.312936124530324,9.480676328502415,5.589103596349974,4.274020397208803,2.046430488459474,4.871175523349437,,
218,39.62023617820719,34.14519592055824,9.997316156736447,5.233494363929147,4.086151368760064,2.046430488459474,4.871175523349437,,
219,38.39237788513151,33.57487922705314,12.285292538915728,4.891304347826087,4.086151368760064,1.9122383252818036,4.85775630703167,,
220,38.27160493827161,33.293075684380035,12.050456253354804,5.24020397208803,4.086151368760064,2.200751476113795,4.85775630703167,,
221,38.58024691358025,33.17230273752013,11.889425657541599,5.24020397208803,4.086151368760064,2.1739130434782608,4.85775630703167,,
222,38.868760064412236,32.92404723564144,11.77536231884058,5.374396135265701,4.025764895330113,2.1739130434782608,4.85775630703167,,
223,38.58695652173913,32.75630703166935,12.869028448738593,4.696725711218465,4.159957058507783,2.086688137412775,4.8443370907139025,,
224,38.768115942028984,32.930756843800324,12.70799785292539,4.582662372517445,4.086151368760064,2.0799785292538915,4.8443370907139025,,
225,38.84192163177671,32.86366076221149,12.5,4.582662372517445,4.320987654320987,2.0799785292538915,4.810789049919484,,
226,39.17740203972088,32.66237251744498,12.278582930756844,4.582662372517445,4.4820182501341925,2.0799785292538915,4.736983360171766,,
227,39.05662909286098,32.64224369296833,12.278582930756844,4.582662372517445,4.622920021470746,2.0799785292538915,4.736983360171766,,
228,39.398819108964034,32.43424584004294,12.218196457326892,4.582662372517445,4.656468062265164,2.0799785292538915,4.62962962962963,,
229,39.89533011272142,32.13231347289318,12.13768115942029,4.582662372517445,4.609500805152979,2.0799785292538915,4.562533548040794,,
230,40.17042404723564,31.870638754696724,12.13768115942029,4.582662372517445,4.5960815888352125,2.0799785292538915,4.562533548040794,,
231,40.264358561460014,31.5552871712292,12.52012882447665,4.502147074610843,4.575952764358561,2.0799785292538915,4.502147074610843,,
232,40.304616210413315,31.313741277509394,13.01663982823403,4.4753086419753085,4.30756843800322,2.0799785292538915,4.502147074610843,,
233,40.66022544283414,30.971551261406333,13.01663982823403,4.4753086419753085,4.294149221685454,2.0799785292538915,4.502147074610843,,
234,41.358024691358025,30.67632850241546,12.942834138486312,4.408212560386473,4.240472356414386,2.0397208803005906,4.334406870638754,,
235,41.44524959742351,30.50858829844337,13.09044551798175,4.334406870638754,4.240472356414386,2.0128824476650564,4.367954911433173,,
236,41.606280193236714,30.132850241545892,12.95625335480408,4.334406870638754,4.240472356414386,2.509393451422437,4.2203435319377345,,
237,41.727053140096615,30.09259259259259,12.882447665056361,4.327697262479871,4.240472356414386,2.509393451422437,4.2203435319377345,,
238,42.1430488459474,29.904723564143854,12.72812667740204,4.206924315619967,4.388083735909823,2.408749329039184,4.2203435319377345,,
239,42.639559849704774,29.57595276435856,12.600644122383253,4.206924315619967,4.38137412775094,2.3752012882447664,4.2203435319377345,,
240,42.84084809447128,29.468599033816425,12.52012882447665,4.186795491143317,4.38137412775094,2.3752012882447664,4.2270531400966185,,
241,43.25013419216318,29.280730005367687,12.493290391841116,4.180085882984434,4.38137412775094,2.3752012882447664,4.03918411164788,,
242,43.4044551798175,29.2337627482555,12.385936661298981,4.180085882984434,4.38137412775094,2.3752012882447664,4.03918411164788,,
243,43.84057971014493,28.837895866881375,12.385936661298981,4.180085882984434,4.341116478797638,2.3752012882447664,4.03918411164788,,
244,44.26999463231347,28.502415458937197,12.238325281803542,4.180085882984434,4.300858829844337,2.509393451422437,3.9989264626945786,,
245,44.32367149758454,28.37493290391841,12.211486849168008,4.180085882984434,4.300858829844337,2.61003757380569,3.9989264626945786,,
246,44.41089640365003,28.30112721417069,12.198067632850242,4.180085882984434,4.414922168545357,2.61003757380569,3.8848631239935587,,
247,44.46457326892109,28.227321524422972,12.198067632850242,4.180085882984434,4.502147074610843,2.6033279656468062,3.824476650563607,,
248,44.77992485238862,28.039452495974235,12.02361782071927,4.408212560386473,4.455179817498658,2.4691358024691357,3.824476650563607,,
249,45.00805152979066,27.84487385936661,12.016908212560386,4.408212560386473,4.428341384863124,2.4691358024691357,3.824476650563607,,
250,45.01476113794954,27.82474503488996,12.010198604401502,4.408212560386473,4.42163177670424,2.4691358024691357,3.851315083199141,,
251,45.08185721953838,27.737520128824478,12.070585077831455,4.38137412775094,4.408212560386473,2.4691358024691357,3.851315083199141,,
252,45.309983896940416,27.616747181964573,12.04374664519592,4.374664519592056,4.40150295222759,2.4020397208803006,3.851315083199141,,
253,45.571658615136876,27.428878153515836,11.969940955448202,4.374664519592056,4.40150295222759,2.4020397208803006,3.851315083199141,,
254,45.82662372517445,27.26784755770263,11.936392914653783,4.374664519592056,4.341116478797638,2.4020397208803006,3.851315083199141,,
255,45.90713902308105,27.194041867954912,11.936392914653783,4.374664519592056,4.341116478797638,2.395330112721417,3.851315083199141,,
256,46.09500805152979,27.17391304347826,11.876006441223833,4.374664519592056,4.341116478797638,2.2879763821792807,3.851315083199141,,
257,46.04804079441761,26.35534084809447,11.876006441223833,4.367954911433173,4.327697262479871,2.2879763821792807,4.736983360171766,,
258,46.04804079441761,26.234567901234566,12.00348899624262,4.361245303274289,4.327697262479871,2.2879763821792807,4.736983360171766,,
259,46.141975308641975,26.1808910359635,11.990069779924852,4.448470209339774,4.213633923778851,2.2879763821792807,4.736983360171766,,
260,46.2962962962963,26.127214170692433,11.822329575952764,4.448470209339774,4.186795491143317,2.38191089640365,4.736983360171766,,
261,46.423778851315085,25.966183574879228,11.916264090177133,4.53569511540526,4.186795491143317,2.301395598497048,4.669887278582931,,
262,46.62506709608159,25.81857219538379,11.90955448201825,4.53569511540526,4.17337627482555,2.301395598497048,4.636339237788513,,
263,46.725711218464845,25.704508856682768,11.990069779924852,4.51556629092861,4.133118625872249,2.301395598497048,4.62962962962963,,
264,46.93370907139023,25.664251207729468,11.976650563607086,4.374664519592056,4.119699409554482,2.301395598497048,4.62962962962963,,
265,47.155126140633385,25.59044551798175,11.969940955448202,4.374664519592056,3.9989264626945786,2.2946859903381642,4.616210413311863,,
266,47.38325281803543,25.39586688137413,11.969940955448202,4.367954911433173,3.992216854535695,2.2946859903381642,4.5960815888352125,,
267,47.799248523886206,25.127482555018787,11.882716049382717,4.367954911433173,3.9519592055823938,2.2745571658615136,4.5960815888352125,,
268,47.83279656468062,24.912775093934513,11.829039184111648,4.723564143853999,3.8378958668813743,2.26784755770263,4.5960815888352125,,
269,47.94015029522276,24.664519592055825,11.788781535158346,4.723564143853999,3.8378958668813743,2.26784755770263,4.777241009125067,,
270,48.121309715512616,24.58400429414922,11.761943102522812,4.7101449275362315,3.824476650563607,2.26784755770263,4.730273752012883,,
271,48.22866344605475,24.537037037037038,11.748523886205046,4.7101449275362315,3.824476650563607,2.26784755770263,4.683306494900698,,
272,48.37627482555019,24.4296833064949,11.708266237251744,4.7101449275362315,3.824476650563607,2.26784755770263,4.683306494900698,,
273,48.26221148684917,24.40955448201825,11.708266237251744,4.7101449275362315,3.9586688137412773,2.26784755770263,4.683306494900698,,
274,48.01395598497048,24.02710681696189,11.802200751476114,5.146269457863661,3.9586688137412773,2.2946859903381642,4.757112184648417,,
275,47.47047772410091,23.637949543746647,11.902844873859367,5.146269457863661,4.03918411164788,3.099838969404187,4.703435319377348,,
276,47.296027911969944,23.49033816425121,12.285292538915728,5.139559849704777,4.03918411164788,3.052871712292002,4.696725711218465,,
277,47.45034889962426,23.429951690821255,12.27187332259796,5.139559849704777,4.03918411164788,3.046162104133119,4.622920021470746,,
278,47.71202361782072,23.389694041867955,12.077294685990339,5.132850241545894,4.03918411164788,3.046162104133119,4.602791196994096,,
279,47.93344068706388,23.21524422973698,12.077294685990339,5.132850241545894,4.025764895330113,3.012614063338701,4.602791196994096,,
280,47.89989264626946,23.181696188942567,11.600912506709609,5.132850241545894,4.019055287171229,3.6366076221148687,4.528985507246377,,
281,47.987117552334944,23.03408480944713,11.473429951690822,5.10601180891036,3.9318303811057436,3.978797638217928,4.488727858293076,,
282,48.36285560923242,22.819377348362856,11.460010735373054,4.998658078368224,3.9318303811057436,3.9519592055823938,4.4753086419753085,,
283,48.86607622114869,22.5979602791197,11.20504562533548,4.99194847020934,3.911701556629093,3.9519592055823938,4.4753086419753085,,
284,48.8996242619431,22.436929683306495,11.158078368223295,4.978529253891573,3.8915727321524423,4.233762748255502,4.40150295222759,,
285,49.19484702093398,22.31615673644659,11.084272678475577,4.9651100375738055,3.878153515834675,4.233762748255502,4.327697262479871,,
286,49.35587761674718,22.249060654857757,10.990338164251208,4.9651100375738055,3.878153515834675,4.233762748255502,4.327697262479871,,
287,49.342458400429415,22.19538378958669,10.990338164251208,4.9651100375738055,3.978797638217928,4.213633923778851,4.314278046162104,,
288,49.47665056360709,22.007514761137948,11.07085346215781,4.898013955984971,4.1129898013955986,4.206924315619967,4.2270531400966185,,
