,45,50,55,51,54,53,52,56,57,58
0,83.09849704777241,16.57944176060118,0.322061191626409,,,,,,,
1,80.42807300053677,19.249865807836823,0.322061191626409,,,,,,,
2,74.50348899624262,25.174449812130973,0.322061191626409,,,,,,,
3,74.53032742887815,25.147611379495437,0.322061191626409,,,,,,,
4,68.43800322061192,31.132581857219538,0.4294149221685454,,,,,,,
5,68.47826086956522,31.092324208266238,0.4294149221685454,,,,,,,
6,58.23939881910896,41.096349973161566,0.6642512077294686,,,,,,,
7,53.38835212023618,38.0300590445518,0.322061191626409,7.96430488459474,0.2952227589908749,,,,,
8,53.14009661835749,37.82206119162641,0.322061191626409,7.306763285024155,0.2952227589908749,1.1137949543746646,,,,
9,53.495705850778315,37.5805152979066,0.30193236714975846,7.212828770799785,0.2952227589908749,1.1137949543746646,,,,
10,53.6634460547504,37.11755233494364,0.5971551261406334,7.212828770799785,0.2952227589908749,1.1137949543746646,,,,
11,53.84460547504026,36.983360171765966,0.5971551261406334,7.185990338164252,0.2952227589908749,1.093666129898014,,,,
12,53.737251744498124,34.09151905528717,0.5971551261406334,10.185185185185185,0.2952227589908749,1.093666129898014,,,,
13,50.2012882447665,38.92243692968331,0.5971551261406334,8.997584541062801,0.2952227589908749,0.9863123993558777,,,,
14,46.77938808373591,42.3443370907139,0.5971551261406334,8.997584541062801,0.2952227589908749,0.9863123993558777,,,,
15,46.846484165324746,41.91492216854536,0.8185721953837896,8.977455716586151,0.4294149221685454,1.0131508319914118,,,,
16,46.88674181427805,40.955448201825014,0.8185721953837896,8.964036500268385,0.4294149221685454,1.0131508319914118,0.9326355340848095,,,
17,45.63875469672571,40.666935050993025,0.8185721953837896,10.50053676865271,0.4294149221685454,1.0131508319914118,0.9326355340848095,,,
18,43.907675791733766,38.74127750939345,0.8185721953837896,14.170692431561998,0.4294149221685454,1.0131508319914118,0.9192163177670424,,,
19,42.48523886205046,36.75523349436393,0.8185721953837896,17.579173376274827,0.4294149221685454,1.0131508319914118,0.9192163177670424,,,
20,42.43827160493827,36.37949543746645,0.8185721953837896,17.559044551798173,0.8722490606548577,1.0131508319914118,0.9192163177670424,,,
21,42.12292002147075,36.252012882447666,1.2144390767579174,17.351046698872786,0.8722490606548577,1.2681159420289856,0.9192163177670424,,,
22,39.04320987654321,39.781266774020395,1.1808910359634996,16.935050993022006,0.8722490606548577,1.2681159420289856,0.9192163177670424,,,
23,39.12372517444981,39.761137949543745,1.1808910359634996,16.874664519592056,0.8722490606548577,1.2681159420289856,0.9192163177670424,,,
24,37.64761137949544,41.257380568974774,1.1808910359634996,16.867954911433173,0.8588298443370908,1.2681159420289856,0.9192163177670424,,,
25,34.46054750402576,41.86795491143317,1.1808910359634996,18.51851851851852,0.8588298443370908,1.5901771336553945,1.5230810520665594,,,
26,34.62157809983897,41.720343531937736,1.1808910359634996,18.51851851851852,0.8588298443370908,1.5767579173376274,1.5230810520665594,,,
27,32.30005367686527,44.08883521202362,1.1808910359634996,18.4849704777241,0.8588298443370908,1.5633387010198605,1.5230810520665594,,,
28,29.220343531937736,46.10842726784756,1.1808910359634996,19.64573268921095,0.7581857219538379,1.5633387010198605,1.5230810520665594,,,
29,23.26892109500805,58.32662372517445,2.059849704777241,14.251207729468598,1.1003757380568975,0.798443370907139,0.19457863660762212,,,
30,23.30246913580247,57.17928073000537,2.059849704777241,13.94927536231884,2.7241009125067097,0.5904455179817498,0.19457863660762212,,,
31,23.255501878690286,54.28073000536769,2.0263016639828235,13.882179280730005,2.7241009125067097,0.5904455179817498,3.240740740740741,,,
32,23.443370907139023,53.94524959742351,2.0263016639828235,14.848362855609233,1.247987117552335,1.247987117552335,3.240740740740741,,,
33,23.389694041867955,49.59742351046699,2.0263016639828235,18.968062265163713,1.1272141706924315,1.6505636070853462,3.240740740740741,,,
34,23.389694041867955,49.503488996242616,2.0263016639828235,18.57890499194847,1.1137949543746646,1.5633387010198605,3.824476650563607,,,
35,22.6784755770263,47.477187332259795,2.13365539452496,18.49838969404187,1.1137949543746646,4.274020397208803,3.824476650563607,,,
36,22.470477724100913,47.08803005904455,2.13365539452496,19.122383252818036,1.0869565217391304,4.274020397208803,3.824476650563607,,,
37,22.356414385399894,42.049114331723025,2.1739130434782608,19.07541599570585,1.0332796564680622,9.4873859366613,3.824476650563607,,,
38,22.383252818035427,42.04240472356415,2.1739130434782608,19.07541599570585,1.0332796564680622,9.46725711218465,3.824476650563607,,,
39,20.82662372517445,40.45893719806763,2.1739130434782608,23.10789049919485,0.9057971014492754,9.286097691894794,3.240740740740741,,,
40,20.055018786902846,38.969404186795494,2.341653247450349,28.475577026301664,0.9057971014492754,9.057971014492754,0.19457863660762212,,,
41,20.101986044015028,38.036768652710684,2.341653247450349,29.401502952227588,0.9057971014492754,9.017713365539452,0.19457863660762212,,,
42,15.116747181964573,43.63258185721954,2.341653247450349,29.045893719806763,0.9057971014492754,8.76274825550188,0.19457863660762212,,,
43,15.505904455179817,43.37761674718197,2.341653247450349,28.388352120236178,0.8655394524959742,7.561728395061729,1.9592055823939882,,,
44,15.734031132581856,43.33064949006978,2.341653247450349,28.207192699946322,0.8655394524959742,7.561728395061729,1.9592055823939882,,,
45,15.505904455179817,41.680085882984436,2.1068169618894257,27.65029522275899,0.5636070853462157,7.467793880837359,5.025496511003757,,,
46,15.418679549114332,41.398282340311326,2.1068169618894257,25.06038647342995,0.5636070853462157,7.467793880837359,7.930756843800322,0.05367686527106817,,
47,15.418679549114332,39.64707461084273,2.1068169618894257,24.973161567364468,0.5636070853462157,9.306226516371444,7.930756843800322,0.05367686527106817,,
48,15.398550724637682,35.18518518518518,2.0531400966183573,28.401771336553946,3.81105743424584,7.199409554482019,7.897208803005904,0.05367686527106817,,
49,15.425389157273216,35.158346752549654,2.0531400966183573,29.314278046162105,3.81105743424584,7.199409554482019,6.984702093397746,0.05367686527106817,,
50,15.593129361245303,35.14492753623188,2.0531400966183573,29.159957058507782,3.81105743424584,7.199409554482019,6.984702093397746,0.05367686527106817,,
51,15.787707997852925,35.057702630166396,2.0531400966183573,28.032742887815353,3.81105743424584,7.199409554482019,8.004562533548041,0.05367686527106817,,
52,15.425389157273216,34.50080515297907,2.059849704777241,28.965378421900162,4.723564143853999,7.199409554482019,7.071926999463232,0.05367686527106817,,
53,15.324745034889963,34.655126140633385,2.059849704777241,28.911701556629094,4.723564143853999,7.199409554482019,7.071926999463232,0.05367686527106817,,
54,15.432098765432098,34.655126140633385,2.059849704777241,28.871443907675793,4.676596886741814,7.179280730005368,7.071926999463232,0.05367686527106817,,
55,15.734031132581856,34.655126140633385,2.059849704777241,28.576221148684915,4.669887278582931,7.179280730005368,7.071926999463232,0.05367686527106817,,
56,15.888352120236178,34.574610842726784,2.059849704777241,27.730810520665592,4.64975845410628,8.064949006977992,7.03166935050993,,,
57,16.0426731078905,34.50751476113795,2.059849704777241,27.643585614600106,4.64975845410628,8.064949006977992,7.03166935050993,,,
58,15.868223295759528,34.292807300053674,2.046430488459474,29.220343531937736,4.5893719806763285,8.064949006977992,5.917874396135265,,,
59,14.9020397208803,31.984702093397747,2.046430488459474,27.34165324745035,5.8172302737520125,12.016908212560386,5.891035963499732,,,
60,13.526570048309178,19.35721953837896,1.9122383252818036,42.981749865807835,4.884594739667204,11.641170155662909,5.6964573268921095,,,
61,13.600375738056897,19.35721953837896,1.9122383252818036,42.941492216854535,4.87788513150832,11.614331723027375,5.6964573268921095,,,
62,13.714439076757918,19.35721953837896,1.8988191089640365,42.914653784219,4.87788513150832,11.574074074074074,5.662909286097692,,,
63,12.93612453032743,16.418411164787976,2.4154589371980677,40.45222758990875,4.49543746645196,9.158615136876007,14.123725174449811,,,
64,12.587224906065487,15.53274288781535,2.3483628556092326,47.68518518518518,3.7775093934514223,6.541867954911433,11.52710681696189,,,
65,12.614063338701019,15.519323671497585,2.3483628556092326,47.67176596886742,3.7775093934514223,6.541867954911433,11.52710681696189,,,
66,12.775093934514224,15.519323671497585,2.4691358024691357,45.390499194847024,5.850778314546431,6.528448738593666,11.466720343531938,,,
67,12.902576489533011,15.519323671497585,2.4691358024691357,45.09527643585615,6.119162640901771,6.521739130434782,11.372785829307569,,,
68,12.701288244766506,15.378421900161031,2.4691358024691357,42.23698336017176,6.119162640901771,6.521739130434782,14.573268921095009,,,
69,13.009930220075148,15.35829307568438,2.4221685453569513,42.1430488459474,6.119162640901771,6.515029522275899,14.432367149758454,,,
70,13.09044551798175,12.097423510466989,2.395330112721417,46.101717659688674,6.105743424584004,6.494900697799249,13.714439076757918,,,
71,13.238056897477188,11.976650563607086,2.395330112721417,46.07487922705314,6.105743424584004,6.494900697799249,13.714439076757918,,,
72,13.331991411701557,11.721685453569512,2.3617820719269993,48.49704777241009,6.105743424584004,4.26731078904992,13.714439076757918,,,
73,13.539989264626946,11.668008588298443,3.4017713365539453,47.12157809983897,6.085614600107354,4.26731078904992,13.687600644122384,0.2281266774020397,,
74,13.023349436392914,10.48040794417606,2.589908749329039,45.06843800322061,5.703166935050993,9.31964573268921,13.58695652173913,0.2281266774020397,,
75,12.902576489533011,10.520665593129362,2.589908749329039,45.04830917874396,5.703166935050993,9.433709071390231,13.573537305421363,0.2281266774020397,,
76,13.197799248523886,10.520665593129362,2.576489533011272,44.91411701556629,5.649490069779925,9.406870638754697,13.506441223832528,0.2281266774020397,,
77,13.137412775093935,9.796027911969942,3.6902844873859366,44.56521739130435,5.5689747718733225,9.05126140633387,13.291733762748256,0.8990874932903918,,
78,12.86231884057971,9.769189479334408,3.3682232957595275,46.544551798174986,5.5689747718733225,8.769457863660762,12.372517444981213,0.7447665056360708,,
79,13.264895330112722,9.769189479334408,3.3682232957595275,46.282877079978526,5.5689747718733225,8.668813741277509,12.372517444981213,0.7045088566827697,,
80,13.425925925925926,9.71551261406334,3.1870638754696725,46.18894256575416,5.736714975845411,8.668813741277509,12.372517444981213,0.7045088566827697,,
81,13.546698872785829,9.688674181427805,3.1602254428341383,45.53811057434246,5.736714975845411,8.648684916800859,12.318840579710145,1.3620504562533549,,
82,13.533279656468062,9.004294149221685,3.1602254428341383,42.74691358024691,5.642780461621041,10.809178743961352,13.741277509393452,1.3620504562533549,,
83,13.023349436392914,8.581588835212024,4.106280193236715,42.14975845410628,5.589103596349974,10.809178743961352,14.251207729468598,1.4895330112721417,,
84,12.889157273215245,6.877348362855609,3.1065485775630703,40.975577026301664,5.132850241545894,11.621041331186259,17.907944176060116,1.4895330112721417,,
85,12.775093934514224,6.877348362855609,2.985775630703167,45.779656468062264,3.3682232957595275,8.93719806763285,17.907944176060116,1.3687600644122384,,
86,12.875738056897477,6.830381105743425,2.9790660225442833,45.60520665593129,3.3682232957595275,8.93719806763285,17.8743961352657,1.5297906602254427,,
87,11.366076221148685,8.467525496511003,2.368491680085883,44.03515834675255,3.3548040794417604,8.93719806763285,19.77992485238862,1.6908212560386473,,
88,11.75523349436393,8.467525496511003,2.368491680085883,43.646001073537306,3.3548040794417604,8.93719806763285,19.77992485238862,1.6908212560386473,,
89,11.231884057971014,8.447396672034353,2.8784219001610305,43.59903381642512,3.770799785292539,8.896940418679549,19.712828770799785,1.4626945786366077,,
90,11.218464841653248,8.293075684380032,2.8784219001610305,43.79361245303274,3.7573805689747717,8.896940418679549,19.699409554482017,1.4626945786366077,,
91,11.33923778851315,8.293075684380032,2.8784219001610305,43.74664519592056,3.7238325281803544,8.883521202361782,19.672571121846484,1.4626945786366077,,
92,11.406333870101985,8.179012345679013,3.046162104133119,37.164519592055825,3.7238325281803544,8.883521202361782,26.133923778851315,1.4626945786366077,,
93,11.486849168008588,8.11862587224906,2.4691358024691357,41.2037037037037,3.7238325281803544,8.883521202361782,22.913311862587225,1.2010198604401503,,
94,11.553945249597424,8.064949006977992,2.4691358024691357,41.15002683843264,4.019055287171229,8.883521202361782,22.65834675254965,1.2010198604401503,,
95,11.728395061728396,8.05823939881911,2.4691358024691357,41.00912506709608,4.019055287171229,8.856682769726248,22.65834675254965,1.2010198604401503,,
96,11.77536231884058,8.031400966183575,2.4691358024691357,38.51315083199141,3.9452495974235107,11.56736446591519,22.497316156736446,1.2010198604401503,,
97,11.943102522812667,8.031400966183575,2.4691358024691357,38.446054750402574,3.9452495974235107,11.56736446591519,22.396672034353195,1.2010198604401503,,
98,12.265163714439076,8.017981749865807,2.462426194310252,36.72839506172839,3.9452495974235107,11.54723564143854,23.832528180354267,1.2010198604401503,,
99,12.258454106280194,8.004562533548041,2.657004830917874,36.520397208803004,4.200214707461084,11.540526033279656,23.691626409017715,1.1272141706924315,,
100,12.426194310252281,8.004562533548041,2.657004830917874,36.44659151905529,4.508856682769726,11.265432098765432,23.564143853998928,1.1272141706924315,,
101,12.654320987654321,7.971014492753623,2.657004830917874,36.312399355877616,4.508856682769726,11.238593666129898,23.53059581320451,1.1272141706924315,,
102,12.627482555018787,7.971014492753623,2.657004830917874,35.47369833601718,4.49543746645196,11.238593666129898,22.134997316156735,3.4017713365539453,,
103,12.95625335480408,7.971014492753623,2.657004830917874,35.238862050456255,4.4820182501341925,11.218464841653248,22.074610842726784,3.4017713365539453,,
104,13.20450885668277,15.009393451422437,2.657004830917874,32.60198604401503,4.4820182501341925,6.904186795491143,21.73913043478261,3.4017713365539453,,
105,12.828770799785293,14.942297369833602,2.657004830917874,33.09849704777241,4.4820182501341925,6.904186795491143,21.69887278582931,3.388352120236178,,
106,11.077563070316694,13.976113794954374,2.3886205045625335,42.619431025228124,3.7909286097691894,7.206119162640902,16.908212560386474,2.033011272141707,,
107,11.171497584541063,13.92914653784219,2.3752012882447664,42.00214707461084,4.005636070853462,7.199409554482019,17.59259259259259,1.724369296833065,,
108,10.95679012345679,13.352120236178207,2.3752012882447664,43.874127750939344,3.260869565217391,6.863929146537842,17.59259259259259,1.724369296833065,,
109,11.131239935587761,13.352120236178207,2.3752012882447664,43.78690284487386,3.260869565217391,6.843800322061192,17.52549651100376,1.724369296833065,,
110,11.513687600644122,13.352120236178207,2.3752012882447664,43.45142243692968,3.260869565217391,6.843800322061192,17.478529253891573,1.724369296833065,,
111,11.735104669887278,13.20450885668277,2.3617820719269993,43.384326355340846,3.079710144927536,5.998389694041868,18.5252281266774,1.710950080515298,,
112,11.735104669887278,13.20450885668277,2.3617820719269993,43.16961889425657,3.079710144927536,6.300322061191626,18.438003220611915,1.710950080515298,,
113,11.842458400429415,13.16425120772947,2.3483628556092326,43.11594202898551,3.079710144927536,6.300322061191626,18.438003220611915,1.710950080515298,,
114,11.902844873859367,13.16425120772947,2.9589371980676327,42.44498121309716,3.079710144927536,6.300322061191626,18.438003220611915,1.710950080515298,,
115,12.124261943102523,13.16425120772947,2.9589371980676327,42.270531400966185,3.079710144927536,6.300322061191626,18.391035963499732,1.710950080515298,,
116,12.090713902308105,13.110574342458401,2.9589371980676327,39.93558776167472,6.374127750939345,6.300322061191626,17.54562533548041,1.6841116478797638,,
117,12.325550187869029,13.110574342458401,2.9253891572732154,39.62023617820719,6.360708534621578,6.1929683306494905,17.51207729468599,1.9524959742351047,,
118,12.097423510466989,11.171497584541063,2.9253891572732154,41.90150295222759,6.347289318303811,6.146001073537305,17.498658078368223,1.9122383252818036,,
119,12.184648416532475,11.171497584541063,2.9253891572732154,41.84111647879764,6.347289318303811,6.146001073537305,17.485238862050455,1.8988191089640365,,
120,12.385936661298981,11.097691894793345,2.9253891572732154,41.74047235641439,6.320450885668277,6.146001073537305,17.485238862050455,1.8988191089640365,,
121,12.372517444981213,10.507246376811594,2.8515834675254963,41.243961352657,6.226516371443908,7.434245840042942,17.465110037573805,1.8988191089640365,,
122,12.13768115942029,7.890499194847021,2.1806226516371443,39.2512077294686,5.763553408480945,6.709608158883521,23.792270531400966,2.15378421900161,0.12077294685990338,
123,12.23161567364466,7.890499194847021,2.1806226516371443,39.190821256038646,5.763553408480945,6.6760601180891035,23.792270531400966,2.15378421900161,0.12077294685990338,
124,12.090713902308105,4.7101449275362315,2.1806226516371443,38.6406333870102,9.77589908749329,6.6760601180891035,23.65136876006441,2.15378421900161,0.12077294685990338,
125,12.164519592055823,4.7101449275362315,3.421900161030596,38.62721417069243,9.688674181427805,6.655931293612453,22.322866344605476,2.15378421900161,0.2549651100375738,
126,12.694578636607622,4.7101449275362315,3.4017713365539453,36.9296833064949,9.842995169082126,8.05823939881911,21.994095544820183,2.1135265700483092,0.2549651100375738,
127,12.674449812130971,4.676596886741814,3.3950617283950617,35.95679012345679,9.708803005904455,9.333064949006978,21.89345142243693,2.1068169618894257,0.2549651100375738,
128,12.808641975308642,4.676596886741814,3.280998389694042,35.889694041867955,9.856414385399892,9.27938808373591,21.846484165324746,2.1068169618894257,0.2549651100375738,
129,12.761674718196458,4.676596886741814,3.2742887815351582,35.158346752549654,10.735373054213634,9.232420826623725,21.79951690821256,2.1068169618894257,0.2549651100375738,
130,12.842190016103059,4.676596886741814,3.2742887815351582,35.10466988727858,10.721953837895867,9.232420826623725,21.792807300053678,2.100107353730542,0.2549651100375738,
131,13.023349436392914,4.656468062265164,3.2742887815351582,35.03086419753087,10.668276972624799,9.205582393988191,21.786097691894792,2.100107353730542,0.2549651100375738,
132,11.889425657541599,4.133118625872249,2.5295222758990876,43.42458400429415,9.500805152979066,8.76274825550188,17.787171229200215,1.5901771336553945,0.3824476650563607,
133,11.969940955448202,4.126409017713366,2.5295222758990876,43.142780461621044,9.500805152979066,8.76274825550188,17.76033279656468,1.8317230273752012,0.3757380568974772,
134,12.526838432635534,4.126409017713366,2.522812667740204,42.7536231884058,9.480676328502415,8.635265700483092,17.76033279656468,1.8183038110574343,0.3757380568974772,
135,12.882447665056361,4.072732152442297,2.522812667740204,42.67981749865808,10.19189479334407,8.521202361782072,16.935050993022006,1.8183038110574343,0.3757380568974772,
136,11.929683306494901,4.072732152442297,2.522812667740204,46.90016103059581,9.25925925925926,6.736446591519055,16.512345679012345,1.6908212560386473,0.3757380568974772,
137,12.090713902308105,4.072732152442297,2.522812667740204,46.812936124530324,9.25925925925926,6.736446591519055,16.438539989264626,1.6908212560386473,0.3757380568974772,
138,12.050456253354804,3.8848631239935587,2.341653247450349,46.71229200214707,10.138217928073,6.696188942565755,16.109769189479334,1.6908212560386473,0.3757380568974772,
139,12.278582930756844,3.8848631239935587,2.341653247450349,46.65190552871712,10.111379495437467,6.696188942565755,16.069511540526033,1.5901771336553945,0.3757380568974772,
140,12.372517444981213,3.8848631239935587,2.147074610842727,47.758990874932906,9.494095544820183,6.575415995705851,15.801127214170693,1.5901771336553945,0.3757380568974772,
141,12.627482555018787,3.8848631239935587,2.147074610842727,47.61808910359635,9.494095544820183,6.501610305958132,15.666935050993022,1.6841116478797638,0.3757380568974772,
142,12.76838432635534,3.8714439076757916,2.13365539452496,47.537573805689746,9.494095544820183,6.501610305958132,15.633387010198604,1.6841116478797638,0.3757380568974772,
143,12.808641975308642,3.8714439076757916,2.1135265700483092,47.517444981213096,9.494095544820183,6.501610305958132,15.633387010198604,1.6841116478797638,0.3757380568974772,
144,12.848899624261943,3.6902844873859366,2.1135265700483092,48.25550187869028,9.628287707997853,5.844068706387547,15.559581320450885,1.6841116478797638,0.3757380568974772,
145,12.929414922168545,3.6902844873859366,2.1135265700483092,48.22195383789587,9.628287707997853,5.803811057434245,15.552871712292003,1.6841116478797638,0.3757380568974772,
146,13.036768652710682,3.683574879227053,2.1135265700483092,48.007246376811594,9.614868491680086,5.790391841116479,15.546162104133119,1.8317230273752012,0.3757380568974772,
147,12.701288244766506,3.5963499731615673,2.1135265700483092,49.02710681696189,9.614868491680086,5.542136339237788,15.197262479871176,1.8317230273752012,0.3757380568974772,
148,12.889157273215245,3.589640365002684,2.1135265700483092,48.91304347826087,9.594739667203436,5.528717122920021,15.170424047235642,1.8250134192163177,0.3757380568974772,
149,12.265163714439076,3.589640365002684,1.778046162104133,53.878153515834676,7.877079978529254,4.240472356414386,14.163982823403114,1.556629092860977,0.6508319914117016,
150,12.4597423510467,3.589640365002684,1.778046162104133,53.7037037037037,7.877079978529254,4.240472356414386,14.15727321524423,1.5432098765432098,0.6508319914117016,
151,12.493290391841116,3.5829307568438002,1.778046162104133,53.54938271604938,7.877079978529254,4.2203435319377345,14.15727321524423,1.6908212560386473,0.6508319914117016,
152,12.567096081588835,3.502415458937198,1.751207729468599,52.15378421900161,7.702630166398282,4.186795491143317,15.794417606011809,1.6908212560386473,0.6508319914117016,
153,12.86231884057971,3.502415458937198,1.751207729468599,52.07997852925389,7.481213097155126,4.186795491143317,15.794417606011809,1.6908212560386473,0.6508319914117016,
154,12.842190016103059,3.488996242619431,1.751207729468599,50.067096081588836,7.481213097155126,6.239935587761675,15.787707997852925,1.6908212560386473,0.6508319914117016,
155,12.922705314009661,3.5292538915727323,1.751207729468599,49.986580783682236,7.481213097155126,6.199677938808374,15.787707997852925,1.6908212560386473,0.6508319914117016,
156,12.969672571121846,3.5225442834138487,1.751207729468599,49.92619431025228,7.461084272678476,6.199677938808374,14.982555018786902,1.6908212560386473,1.4962426194310252,
157,13.01663982823403,3.5091250670960816,1.751207729468599,49.79200214707461,7.4208266237251745,6.347289318303811,14.97584541062802,1.6908212560386473,1.4962426194310252,
158,13.16425120772947,3.5091250670960816,2.167203435319377,49.51690821256039,7.39398819108964,6.347289318303811,14.855072463768115,1.5499194847020934,1.4962426194310252,
159,13.33870101986044,3.5091250670960816,2.167203435319377,49.382716049382715,7.353730542136339,6.347289318303811,14.855072463768115,1.5499194847020934,1.4962426194310252,
160,13.325281803542673,3.4822866344605474,2.167203435319377,48.97342995169082,7.353730542136339,6.843800322061192,14.814814814814815,1.5499194847020934,1.4895330112721417,
161,13.385668276972625,3.4822866344605474,2.167203435319377,48.91304347826087,7.353730542136339,6.843800322061192,14.814814814814815,1.5499194847020934,1.4895330112721417,
162,13.580246913580247,3.4822866344605474,2.167203435319377,48.752012882447666,7.326892109500805,6.843800322061192,14.80810520665593,1.5499194847020934,1.4895330112721417,
163,13.325281803542673,3.0193236714975846,2.1403650026838434,49.624261943102525,7.300053676865271,6.709608158883521,14.848362855609233,1.5432098765432098,1.4895330112721417,
164,13.264895330112722,3.0193236714975846,2.1403650026838434,49.604133118625874,7.300053676865271,6.689479334406871,14.949006977992486,1.5432098765432098,1.4895330112721417,
165,13.365539452495975,3.0193236714975846,2.1403650026838434,49.53032742887815,7.300053676865271,6.6827697262479875,14.841653247450349,1.5432098765432098,1.5767579173376274,
166,13.539989264626946,2.8515834675254963,2.1403650026838434,47.82608695652174,6.9243156199677935,8.756038647342995,14.841653247450349,1.5432098765432098,1.5767579173376274,
167,13.607085346215781,2.8515834675254963,2.1403650026838434,47.698604401502955,6.9243156199677935,8.735909822866345,14.781266774020397,1.6841116478797638,1.5767579173376274,
168,12.895866881374127,2.3081052066559313,2.462426194310252,51.247987117552334,6.414385399892646,7.14573268921095,14.298174986580785,1.6505636070853462,1.5767579173376274,
169,12.553676865271068,2.2879763821792807,2.462426194310252,53.5426731078905,6.1929683306494905,6.877348362855609,12.882447665056361,1.6237251744498122,1.5767579173376274,
170,12.567096081588835,2.2879763821792807,2.462426194310252,53.52925389157273,6.1929683306494905,6.877348362855609,12.882447665056361,1.6237251744498122,1.5767579173376274,
171,12.573805689747719,2.26784755770263,2.4355877616747184,52.583199141170155,6.146001073537305,7.991143317230274,12.869028448738593,1.556629092860977,1.5767579173376274,
172,12.640901771336553,2.26784755770263,2.4355877616747184,52.542941492216855,6.119162640901771,7.991143317230274,12.869028448738593,1.556629092860977,1.5767579173376274,
173,12.795222758990874,2.26784755770263,2.4221685453569513,51.469404186795494,6.085614600107354,8.970746108427267,12.855609232420827,1.556629092860977,1.5767579173376274,
174,13.043478260869565,2.254428341384863,2.4221685453569513,51.08024691358025,6.085614600107354,8.970746108427267,12.848899624261943,1.7176596886741815,1.5767579173376274,
175,13.191089640365004,2.254428341384863,2.395330112721417,51.019860440150296,6.085614600107354,8.950617283950617,12.842190016103059,1.7176596886741815,1.5432098765432098,
176,13.41250670960816,2.254428341384863,2.395330112721417,50.83870101986044,6.0587761674718195,8.950617283950617,12.828770799785293,1.7176596886741815,1.5432098765432098,
177,13.486312399355878,2.2410091250670963,2.395330112721417,49.745034889962426,6.152710681696189,8.876811594202898,12.815351583467525,2.7509393451422435,1.5365002683843263,
178,13.627214170692431,2.2410091250670963,2.395330112721417,49.63768115942029,6.146001073537305,8.849973161567364,12.815351583467525,2.7509393451422435,1.5365002683843263,
179,13.868760064412239,2.227589908749329,2.395330112721417,49.49677938808374,6.146001073537305,8.84326355340848,12.761674718196458,2.7509393451422435,1.5096618357487923,
180,14.190821256038648,2.200751476113795,2.395330112721417,49.241814278046164,6.125872249060655,8.829844337090714,12.761674718196458,2.7509393451422435,1.5029522275899088,
181,14.278046162104133,2.200751476113795,2.395330112721417,48.62453032742888,5.562265163714439,8.82313472893183,13.654052603327965,2.9589371980676327,1.5029522275899088,
182,14.439076757917338,2.200751476113795,2.5295222758990876,48.409822866344605,5.528717122920021,8.809715512614064,13.620504562533547,2.9589371980676327,1.5029522275899088,
183,14.626945786366075,2.200751476113795,2.5295222758990876,48.24208266237252,5.528717122920021,8.809715512614064,13.620504562533547,2.9388083735909825,1.5029522275899088,
184,14.707461084272678,2.2745571658615136,2.49597423510467,48.148148148148145,5.522007514761138,8.809715512614064,13.600375738056897,2.9388083735909825,1.5029522275899088,
185,15.042941492216855,2.2745571658615136,2.818035426731079,47.58454106280193,5.723295759527644,8.581588835212024,13.39237788513151,3.079710144927536,1.5029522275899088,
186,15.297906602254429,2.2745571658615136,2.7979066022544283,47.376543209876544,5.709876543209877,8.581588835212024,13.378958668813741,3.079710144927536,1.5029522275899088,
187,14.855072463768115,2.26784755770263,2.7442297369833604,48.93317230273752,5.6964573268921095,7.555018786902845,13.365539452495975,3.079710144927536,1.5029522275899088,
188,14.97584541062802,2.26784755770263,3.8043478260869565,47.28931830381106,5.6964573268921095,8.568169618894256,13.16425120772947,2.791196994095545,1.442565754159957,
189,15.08990874932904,2.26784755770263,3.8043478260869565,46.92028985507246,5.6964573268921095,8.568169618894256,13.16425120772947,3.046162104133119,1.442565754159957,
190,15.633387010198604,2.26784755770263,3.8043478260869565,46.752549651100374,5.662909286097692,8.413848631239935,12.97638217928073,3.046162104133119,1.442565754159957,
191,15.868223295759528,2.254428341384863,3.8043478260869565,46.71229200214707,5.60252281266774,8.413848631239935,12.855609232420827,3.046162104133119,1.442565754159957,
192,15.83467525496511,2.254428341384863,3.8043478260869565,46.92699946323135,5.810520665593129,8.279656468062266,12.714707461084272,2.9589371980676327,1.415727321524423,
193,16.002415458937197,2.254428341384863,3.8043478260869565,46.89345142243693,5.790391841116479,8.279656468062266,12.600644122383253,2.9589371980676327,1.415727321524423,
194,16.009125067096083,2.1604938271604937,3.8043478260869565,46.752549651100374,6.0654857756307035,8.232689210950081,12.600644122383253,2.9589371980676327,1.415727321524423,
195,16.035963499731615,2.1604938271604937,3.8043478260869565,46.57139023081052,6.0654857756307035,8.232689210950081,12.587224906065487,3.140096618357488,1.402308105206656,
196,16.19699409554482,2.1604938271604937,3.8043478260869565,46.41035963499731,6.0654857756307035,8.232689210950081,12.587224906065487,3.140096618357488,1.402308105206656,
197,16.23725174449812,2.1604938271604937,3.8043478260869565,46.383521202361784,6.0587761674718195,8.205850778314547,12.27187332259796,3.475577026301664,1.402308105206656,
198,16.492216854535695,2.13365539452496,3.8043478260869565,46.222490606548575,6.018518518518518,8.165593129361245,12.177938808373591,3.44873859366613,1.5365002683843263,
199,16.820987654320987,2.13365539452496,3.8043478260869565,46.09500805152979,5.978260869565218,8.152173913043478,12.177938808373591,3.3011272141706924,1.5365002683843263,
200,16.921631776704242,2.13365539452496,3.8043478260869565,45.779656468062264,5.978260869565218,8.179012345679013,12.097423510466989,3.569511540526033,1.5365002683843263,
201,16.861245303274288,2.13365539452496,3.8043478260869565,45.7662372517445,5.870907139023081,8.400429414922169,12.057165861513688,3.569511540526033,1.5365002683843263,
202,16.888083735909824,2.13365539452496,3.8043478260869565,45.73939881910896,5.870907139023081,8.400429414922169,12.057165861513688,3.569511540526033,1.5365002683843263,
203,17.002147074610843,2.13365539452496,3.8043478260869565,45.70585077831455,5.870907139023081,8.373590982286634,12.00348899624262,3.569511540526033,1.5365002683843263,
204,17.21014492753623,2.13365539452496,3.7909286097691894,45.60520665593129,5.870907139023081,8.3467525496511,11.936392914653783,3.569511540526033,1.5365002683843263,
205,17.270531400966185,2.13365539452496,3.7909286097691894,45.55823939881911,5.870907139023081,8.333333333333334,11.936392914653783,3.569511540526033,1.5365002683843263,
206,17.404723564143854,2.1269457863660763,3.7909286097691894,45.491143317230275,5.864197530864198,8.158883521202362,11.902844873859367,3.569511540526033,1.5365002683843263,0.15432098765432098
207,17.431561996779386,2.3215244229736984,3.7909286097691894,45.370370370370374,5.864197530864198,8.152173913043478,11.882716049382717,3.4957058507783145,1.5365002683843263,0.15432098765432098
208,17.49194847020934,2.3215244229736984,3.7909286097691894,45.330112721417066,5.971551261406334,8.152173913043478,11.849168008588299,3.4017713365539453,1.5365002683843263,0.15432098765432098
209,17.780461621041333,2.3215244229736984,3.7640901771336552,45.22275899087493,5.964841653247451,8.071658615136876,11.849168008588299,3.33467525496511,1.5365002683843263,0.15432098765432098
210,17.961621041331185,2.3215244229736984,3.7640901771336552,45.1556629092861,5.964841653247451,8.071658615136876,11.782071926999464,3.294417606011809,1.5297906602254427,0.15432098765432098
211,17.941492216854535,2.3215244229736984,3.7640901771336552,44.6256038647343,5.964841653247451,8.621846484165324,11.782071926999464,3.294417606011809,1.5297906602254427,0.15432098765432098
212,18.06226516371444,2.3215244229736984,3.7640901771336552,44.538378958668815,5.964841653247451,8.608427267847558,11.782071926999464,3.2742887815351582,1.5297906602254427,0.15432098765432098
213,18.12265163714439,2.3215244229736984,3.7372517444981215,44.45115405260333,6.025228126677402,8.608427267847558,11.782071926999464,3.2742887815351582,1.5230810520665594,0.15432098765432098
214,18.323939881910896,2.301395598497048,3.7372517444981215,44.06870638754697,6.018518518518518,8.588298443370908,11.782071926999464,3.502415458937198,1.5230810520665594,0.15432098765432098
215,18.417874396135264,2.281266774020397,3.7238325281803544,43.887546967257116,6.011808910359635,8.588298443370908,11.728395061728396,3.683574879227053,1.5230810520665594,0.15432098765432098
216,18.4849704777241,2.281266774020397,3.9452495974235107,43.82716049382716,5.998389694041868,8.561460010735374,11.560654857756306,3.6634460547504024,1.5230810520665594,0.15432098765432098
217,18.5252281266774,2.281266774020397,3.9318303811057436,43.80032206119163,5.998389694041868,8.521202361782072,11.460010735373054,3.8043478260869565,1.5230810520665594,0.15432098765432098
218,18.53864734299517,2.24771873322598,3.9318303811057436,43.73993558776167,5.35426731078905,8.427267847557703,12.285292538915728,3.797638217928073,1.5230810520665594,0.15432098765432098
219,18.61916264090177,2.24771873322598,3.898282340311326,43.73322597960279,5.340848094471283,8.427267847557703,12.285292538915728,3.797638217928073,1.4962426194310252,0.15432098765432098
220,17.767042404723565,2.24771873322598,3.33467525496511,42.54562533548041,5.065754159957058,7.944176060118089,15.848094471282877,3.5963499731615673,1.4962426194310252,0.15432098765432098
221,17.807300053676865,2.24771873322598,3.33467525496511,42.50536768652711,5.065754159957058,7.944176060118089,15.848094471282877,3.5963499731615673,1.4962426194310252,0.15432098765432098
222,17.840848094471284,2.24771873322598,3.33467525496511,42.49194847020934,5.065754159957058,7.930756843800322,15.841384863123993,3.5963499731615673,1.4962426194310252,0.15432098765432098
223,17.834138486312398,2.24771873322598,3.33467525496511,42.01556629092861,5.924584004294149,7.555018786902845,15.841384863123993,3.5963499731615673,1.4962426194310252,0.15432098765432098
224,17.901234567901234,2.24771873322598,3.3145464304884595,41.888083735909824,5.924584004294149,7.48792270531401,15.841384863123993,3.743961352657005,1.4962426194310252,0.15432098765432098
225,18.095813204508858,2.24771873322598,3.3145464304884595,41.80085882984434,5.897745571658615,7.434245840042942,15.841384863123993,3.717122920021471,1.4962426194310252,0.15432098765432098
226,18.323939881910896,2.24771873322598,3.2742887815351582,41.71363392377885,5.897745571658615,7.434245840042942,15.74074074074074,3.717122920021471,1.4962426194310252,0.15432098765432098
227,18.471551261406333,2.24771873322598,3.240740740740741,41.358024691358025,6.239935587761675,7.434245840042942,15.646806226516372,3.7104133118625873,1.4962426194310252,0.15432098765432098
228,18.894256575415994,2.24771873322598,3.1333870101986045,41.06280193236715,6.239935587761675,7.434245840042942,15.626677402039721,3.7104133118625873,1.4962426194310252,0.15432098765432098
229,18.968062265163713,2.24771873322598,3.1333870101986045,41.04938271604938,6.219806763285024,7.39398819108964,15.626677402039721,3.7104133118625873,1.4962426194310252,0.15432098765432098
230,19.068706387546968,2.24771873322598,3.1199677938808374,41.04938271604938,6.1862587224906065,7.37385936661299,15.60654857756307,3.7037037037037037,1.4895330112721417,0.15432098765432098
231,19.04186795491143,2.24771873322598,3.1199677938808374,41.10976918947934,6.1862587224906065,7.37385936661299,15.593129361245303,3.69699409554482,1.4761137949543746,0.15432098765432098
232,19.082125603864736,2.2410091250670963,3.1199677938808374,40.995705850778315,6.266774020397209,7.37385936661299,15.593129361245303,3.69699409554482,1.4761137949543746,0.15432098765432098
233,19.189479334406872,2.2410091250670963,3.1199677938808374,40.955448201825014,6.253354804079442,7.353730542136339,15.559581320450885,3.69699409554482,1.4761137949543746,0.15432098765432098
234,19.209608158883523,2.2410091250670963,3.1199677938808374,40.94202898550725,6.253354804079442,7.353730542136339,15.552871712292003,3.69699409554482,1.4761137949543746,0.15432098765432098
235,19.410896403650028,2.2410091250670963,3.1199677938808374,40.78099838969404,6.253354804079442,7.353730542136339,15.539452495974235,3.670155662909286,1.4761137949543746,0.15432098765432098
236,19.51154052603328,2.2208803005904456,3.1199677938808374,40.76086956521739,6.239935587761675,7.326892109500805,15.539452495974235,3.6500268384326353,1.4761137949543746,0.15432098765432098
237,19.75979602791197,2.2208803005904456,3.0931293612453032,40.72061191626409,6.347289318303811,7.326892109500805,15.250939345142244,3.6500268384326353,1.4761137949543746,0.15432098765432098
238,19.847020933977454,2.187332259796028,3.0931293612453032,39.65378421900161,7.4141170155662905,7.313472893183038,15.237520128824476,3.6231884057971016,1.4761137949543746,0.15432098765432098
239,19.310252281266774,2.187332259796028,2.945517981749866,38.519860440150296,7.4141170155662905,9.16532474503489,15.237520128824476,3.589640365002684,1.4761137949543746,0.15432098765432098
240,19.49812130971551,2.187332259796028,2.945517981749866,38.35212023617821,7.39398819108964,9.098228663446054,15.217391304347826,3.6768652710681695,1.4761137949543746,0.15432098765432098
241,19.81347289318304,2.187332259796028,2.945517981749866,38.28502415458937,7.39398819108964,9.07139023081052,15.157004830917874,3.6231884057971016,1.3687600644122384,0.15432098765432098
242,19.87385936661299,2.0933977455716586,2.9388083735909825,37.82206119162641,7.5281803542673105,9.004294149221685,15.559581320450885,3.7037037037037037,1.3486312399355878,0.1274825550187869
243,18.746645195920557,1.9860440150295222,2.9052603327965647,39.99597423510467,7.37385936661299,8.950617283950617,15.505904455179817,3.0595813204508855,1.3486312399355878,0.1274825550187869
244,18.820450885668276,1.9860440150295222,2.8784219001610305,39.87520128824477,7.467793880837359,8.950617283950617,15.485775630703166,3.0595813204508855,1.3486312399355878,0.1274825550187869
245,19.0552871712292,1.9659151905528718,2.8784219001610305,39.78797638217928,7.39398819108964,8.93719806763285,15.445517981749866,3.0595813204508855,1.3486312399355878,0.1274825550187869
246,19.16935050993022,1.9659151905528718,2.8784219001610305,39.51959205582394,7.595276435856146,8.930488459473967,15.418679549114332,3.046162104133119,1.3486312399355878,0.1274825550187869
247,19.296833064949006,1.9659151905528718,2.8784219001610305,39.398819108964034,7.595276435856146,8.930488459473967,15.411969940955448,3.046162104133119,1.3486312399355878,0.1274825550187869
248,19.330381105743424,1.9524959742351047,2.8784219001610305,39.398819108964034,7.588566827697263,8.930488459473967,15.411969940955448,3.0327428878153517,1.3486312399355878,0.1274825550187869
249,19.384057971014492,1.9256575415995705,3.1535158346752548,39.378690284487384,7.581857219538379,8.930488459473967,15.136876006441224,3.0327428878153517,1.3486312399355878,0.1274825550187869
250,19.605475040257648,1.9256575415995705,3.1199677938808374,39.190821256038646,7.581857219538379,8.930488459473967,15.136876006441224,3.0327428878153517,1.3486312399355878,0.1274825550187869
