,45,50,51,55,53,52,54,56,57
0,91.48550724637681,8.514492753623188,,,,,,,
1,89.32501341921632,10.674986580783683,,,,,,,
2,77.77777777777777,22.22222222222222,,,,,,,
3,74.43639291465378,25.563607085346217,,,,,,,
4,72.00080515297907,27.999194847020934,,,,,,,
5,69.7061191626409,30.293880837359097,,,,,,,
6,66.03596349973162,33.964036500268385,,,,,,,
7,66.23054213633924,33.76945786366076,,,,,,,
8,65.92860976918948,34.07139023081052,,,,,,,
9,64.73429951690821,35.265700483091784,,,,,,,
10,64.573268921095,35.42673107890499,,,,,,,
11,50.22812667740204,47.85963499731616,1.4895330112721417,0.4227053140096618,,,,,
12,49.503488996242616,48.349436392914654,1.4895330112721417,0.6575415995705851,,,,,
13,49.20826623725174,48.53730542136339,1.482823403113258,0.7716049382716049,,,,,
14,49.43639291465379,48.309178743961354,1.482823403113258,0.7716049382716049,,,,,
15,48.83252818035427,48.651368760064415,1.7444981213097155,0.7716049382716049,,,,,
16,49.000268384326354,48.38298443370907,1.7444981213097155,0.8722490606548577,,,,,
17,49.16800858829844,48.21524422973698,1.7444981213097155,0.8722490606548577,,,,,
18,47.356414385399894,48.16156736446592,3.5426731078904994,0.7581857219538379,0.18115942028985507,,,,
19,45.3972088030059,49.4296833064949,4.247181964573269,0.7447665056360708,0.18115942028985507,,,,
20,45.65888352120236,49.16800858829844,4.247181964573269,0.7447665056360708,0.18115942028985507,,,,
21,43.23671497584541,51.38217928073001,4.2203435319377345,0.9796027911969941,0.18115942028985507,,,,
22,43.592324208266234,51.1003757380569,4.1532474503489,0.9728931830381106,0.18115942028985507,,,,
23,43.37090713902308,51.321792807300056,4.1532474503489,0.9728931830381106,0.18115942028985507,,,,
24,43.552066559312934,50.738056897477186,4.414922168545357,1.1137949543746646,0.18115942028985507,,,,
25,42.23698336017176,51.7914653784219,4.38137412775094,1.4090177133655395,0.18115942028985507,,,,
26,42.55904455179817,51.55662909286098,4.30756843800322,1.3955984970477724,0.18115942028985507,,,,
27,41.358024691358025,49.81884057971015,7.0383789586688135,1.3955984970477724,0.38915727321524424,,,,
28,35.92324208266237,55.30059044551798,6.991411701556629,1.3955984970477724,0.38915727321524424,,,,
29,35.57434245840043,55.64949006977992,6.991411701556629,1.3955984970477724,0.38915727321524424,,,,
30,32.628824476650564,43.39103596349973,22.906602254428343,0.8118625872249061,0.2616747181964573,,,,
31,32.6959205582394,43.344068706387546,22.886473429951693,0.8118625872249061,0.2616747181964573,,,,
32,32.890499194847024,43.27026301663983,22.77241009125067,0.8051529790660226,0.2616747181964573,,,,
33,30.42807300053677,45.779656468062264,22.832796564680624,0.6977992485238862,0.2616747181964573,,,,
34,28.931830381105744,45.330112721417066,24.778582930756844,0.6977992485238862,0.2616747181964573,,,,
35,29.374664519592056,45.13553408480945,24.530327428878152,0.6977992485238862,0.2616747181964573,,,,
36,28.06629092860977,47.436929683306495,23.537305421363392,0.6977992485238862,0.2616747181964573,,,,
37,26.40901771336554,45.59849704777241,27.033011272141707,0.6977992485238862,0.2616747181964573,,,,
38,26.65727321524423,45.40391841116479,26.979334406870638,0.6977992485238862,0.2616747181964573,,,,
39,23.872785829307567,40.17042404723564,26.684111647879764,0.6977992485238862,0.16774020397208803,8.407139023081053,,,
40,24.14117015566291,40.05636070853462,24.530327428878152,0.6977992485238862,2.227589908749329,8.3467525496511,,,
41,23.886205045625335,37.86231884057971,27.274557165861513,0.6977992485238862,2.187332259796028,8.091787439613526,,,
42,24.074074074074073,37.795222758990874,27.167203435319376,0.6977992485238862,2.187332259796028,8.07836822329576,,,
43,24.261943102522814,37.164519592055825,27.086688137412775,0.6977992485238862,2.1739130434782608,8.031400966183575,0.5837359098228664,,
44,24.570585077831456,37.05716586151369,26.94578636607622,0.6977992485238862,2.1604938271604937,7.98443370907139,0.5837359098228664,,
45,24.852388620504563,36.963231347289316,25.563607085346217,0.6977992485238862,3.3548040794417604,7.98443370907139,0.5837359098228664,,
46,25.0,36.211755233494365,24.46323134728932,0.6977992485238862,5.267042404723564,7.776435856146001,0.5837359098228664,,
47,24.422973698336016,36.05072463768116,25.308641975308642,0.6977992485238862,5.179817498658078,7.75630703166935,0.5837359098228664,,
48,24.61755233494364,34.534353193773484,26.516371443907676,0.6977992485238862,5.119431025228127,7.7361782071927,0.5837359098228664,0.19457863660762212,
49,24.02710681696189,33.393719806763286,28.24074074074074,0.6977992485238862,5.723295759527644,7.139023081052066,0.5837359098228664,0.19457863660762212,
50,24.308910359634996,33.21256038647343,27.91867954911433,0.6977992485238862,5.9447128287707995,7.139023081052066,0.5837359098228664,0.19457863660762212,
51,23.21524422973698,41.6935050993022,21.490874932903917,0.41599570585077833,7.9106280193236715,4.690016103059581,0.5837359098228664,,
52,23.429951690821255,41.55260332796565,21.4170692431562,0.41599570585077833,7.9106280193236715,4.690016103059581,0.5837359098228664,,
53,23.63123993558776,41.39157273215244,21.40365002683843,0.41599570585077833,7.9106280193236715,4.663177670424047,0.5837359098228664,,
54,24.00697799248524,41.196994095544824,21.276167471819647,0.41599570585077833,7.856951154052603,4.663177670424047,0.5837359098228664,,
55,20.45088566827697,42.05582393988191,22.430220075147613,0.41599570585077833,12.741545893719806,1.3217928073000538,0.5837359098228664,,
56,20.873590982286636,41.87466451959206,22.17525496511004,0.4092860976918948,12.667740203972087,1.415727321524423,0.5837359098228664,,
57,21.443907675791735,41.706924315619965,21.880032206119164,0.4092860976918948,12.560386473429952,1.415727321524423,0.5837359098228664,,
58,21.182232957595275,40.57300053676865,23.463499731615673,0.4092860976918948,12.385936661298981,1.402308105206656,0.5837359098228664,,
59,21.048040794417606,41.156736446591516,23.05421363392378,0.4092860976918948,12.218196457326892,1.5297906602254427,0.5837359098228664,,
60,20.9272678475577,40.96886741814278,23.19511540526033,0.4092860976918948,12.144390767579173,1.7713365539452497,0.5837359098228664,,
61,20.014761137949545,36.10440150295223,27.006172839506174,0.4092860976918948,14.184111647879764,1.7310789049919484,0.5501878690284487,,
62,20.45088566827697,35.909822866344605,26.86527106816962,0.4025764895330113,14.11701556629093,1.7042404723564144,0.5501878690284487,,
63,19.92753623188406,34.72893183038111,27.925389157273216,0.4025764895330113,14.049919484702093,2.4154589371980677,0.5501878690284487,,
64,19.189479334406872,33.10520665593129,30.347557702630166,0.4025764895330113,14.009661835748792,2.395330112721417,0.5501878690284487,,
65,19.558507783145465,33.00456253354804,30.173107890499196,0.4025764895330113,13.915727321524423,2.395330112721417,0.5501878690284487,,
66,19.343800322061192,32.17257112184648,31.300322061191626,0.4025764895330113,13.848631239935587,2.38191089640365,0.5501878690284487,,
67,19.0955448201825,31.226516371443907,32.19269994632314,0.9326355340848095,13.667471819645733,2.3349436392914655,0.5501878690284487,,
68,18.88083735909823,27.925389157273216,31.11916264090177,0.9326355340848095,18.4447128287708,2.147074610842727,0.5501878690284487,,
69,18.88083735909823,26.663982823403114,30.629361245303276,0.9326355340848095,18.397745571658614,3.9720880300590444,0.5233494363929146,,
70,18.773483628556093,26.060118089103597,31.427804616210413,0.7648953301127214,18.47826086956522,3.9720880300590444,0.5233494363929146,,
71,19.343800322061192,25.99302200751476,30.991680085882983,0.7648953301127214,18.411164787976382,3.9720880300590444,0.5233494363929146,,
72,19.592055823939884,25.845410628019323,29.898013955984972,0.8856682769726248,18.35077831454643,4.904723564143854,0.5233494363929146,,
73,17.297369833601717,31.394256575415994,26.362050456253353,1.1674718196457328,18.35077831454643,4.904723564143854,0.5233494363929146,,
74,15.351583467525497,29.300858829844337,32.27321524422974,1.0466988727858293,17.23027375201288,4.274020397208803,0.5233494363929146,,
75,15.465646806226516,28.71712292002147,32.23966720343532,0.9259259259259259,17.85426731078905,4.274020397208803,0.5233494363929146,,
76,14.814814814814815,28.361513687600645,33.272946859903385,0.9259259259259259,17.67981749865808,4.274020397208803,0.5233494363929146,0.14761137949543746,
77,12.647611379495437,47.93344068706388,17.64626945786366,1.133923778851315,17.639559849704778,2.328234031132582,0.5233494363929146,0.14761137949543746,
78,11.990069779924852,47.34970477724101,17.619431025228128,1.133923778851315,15.479066022544284,5.756843800322061,0.5233494363929146,0.14761137949543746,
79,12.285292538915728,46.88674181427805,17.58588298443371,1.1205045625335481,15.465646806226516,5.743424584004294,0.7648953301127214,0.14761137949543746,
80,12.325550187869029,46.792807300053674,17.398013955984972,1.107085346215781,13.81508319914117,5.723295759527644,2.690552871712292,0.14761137949543746,
81,12.68786902844874,46.62506709608159,17.351046698872786,1.107085346215781,13.768115942028986,5.669618894256575,2.6435856146001075,0.14761137949543746,
82,12.822061191626409,45.330112721417066,17.23027375201288,1.107085346215781,13.727858293075684,7.253086419753086,2.38191089640365,0.14761137949543746,
83,13.20450885668277,45.16237251744498,17.10950080515298,1.1003757380568975,13.647342995169081,7.246376811594203,2.38191089640365,0.14761137949543746,
84,13.331991411701557,43.75335480407944,17.04911433172303,2.536231884057971,13.607085346215781,7.206119162640902,2.368491680085883,0.14761137949543746,
85,13.6406333870102,43.552066559312934,16.834406870638755,2.522812667740204,13.573537305421363,7.206119162640902,2.368491680085883,0.30193236714975846,
86,13.982823403113258,43.41787439613527,16.75389157273215,2.522812667740204,13.499731615673644,7.159151905528717,2.3617820719269993,0.30193236714975846,
87,13.92914653784219,43.76006441223833,16.6129898013956,2.522812667740204,13.405797101449275,7.125603864734299,2.341653247450349,0.30193236714975846,
88,14.110305958132045,43.63258185721954,16.6129898013956,2.522812667740204,13.378958668813741,7.098765432098766,2.341653247450349,0.30193236714975846,
89,14.143853998926463,42.47852925389157,14.895330112721417,2.3081052066559313,13.318572195383789,10.23215244229737,2.3215244229736984,0.30193236714975846,
90,13.895598497047773,41.243961352657,14.875201288244767,2.6502952227589907,14.533011272141707,10.178475577026301,2.3215244229736984,0.30193236714975846,
91,14.264626945786366,40.61325818572195,14.868491680085883,3.240740740740741,14.358561460010735,10.030864197530864,2.3215244229736984,0.30193236714975846,
92,14.506172839506172,40.45222758990875,14.848362855609233,3.240740740740741,14.345142243692969,10.017444981213098,2.2879763821792807,0.30193236714975846,
93,14.915458937198068,40.17042404723564,14.51959205582394,3.2206119162640903,14.875201288244767,9.46725711218465,2.2879763821792807,0.5434782608695652,
94,15.24422973698336,39.98926462694579,14.479334406870638,3.2206119162640903,14.794685990338165,9.440418679549115,2.2879763821792807,0.5434782608695652,
95,15.35829307568438,39.81481481481482,14.318303811057435,3.1602254428341383,14.794685990338165,9.722222222222221,2.2879763821792807,0.5434782608695652,
96,15.713902308105206,39.62023617820719,14.2914653784219,3.1468062265163717,14.700751476113794,9.695383789586689,2.2879763821792807,0.5434782608695652,
97,15.995705850778315,39.44578636607622,13.969404186795492,3.1333870101986045,14.962426194310252,9.66183574879227,2.2879763821792807,0.5434782608695652,
98,16.170155662909288,39.04320987654321,13.707729468599034,3.656736446591519,14.928878153515834,9.66183574879227,2.2879763821792807,0.5434782608695652,
99,16.451959205582394,38.91572732152442,13.647342995169081,3.6231884057971016,14.922168545356952,9.628287707997853,2.26784755770263,0.5434782608695652,
100,16.659957058507782,38.83521202361782,13.6406333870102,3.6097691894793345,14.821524422973699,9.621578099838969,2.26784755770263,0.5434782608695652,
101,17.143048845947398,38.58024691358025,13.580246913580247,3.6097691894793345,14.680622651637144,9.594739667203436,2.26784755770263,0.5434782608695652,
102,17.438271604938272,38.36553945249597,13.573537305421363,3.5426731078904994,14.673913043478262,9.594739667203436,2.26784755770263,0.5434782608695652,
103,17.793880837359097,37.775093934514224,14.13714439076758,3.5426731078904994,14.579978529253891,9.359903381642512,2.26784755770263,0.5434782608695652,
104,17.961621041331185,37.65432098765432,13.862050456253355,3.515834675254965,13.378958668813741,10.836017176596886,2.26784755770263,0.5233494363929146,
105,18.290391841116477,37.493290391841114,13.828502415458937,3.4957058507783145,13.298443370907139,10.815888352120236,2.254428341384863,0.5233494363929146,
106,18.4044551798175,37.38593666129898,13.875469672571121,3.4822866344605474,13.271604938271604,10.809178743961352,2.24771873322598,0.5233494363929146,
107,18.57890499194847,37.285292538915726,14.090177133655395,3.4688674181427803,13.251476113794954,10.59447128287708,2.2208803005904456,0.5099302200751477,
108,18.625872249060656,36.62775093934514,13.841921631776705,3.455448201825013,13.077026301663983,11.654589371980677,2.2074610842726785,0.5099302200751477,
109,19.243156199677937,36.178207192699944,13.808373590982287,3.4286097691894795,13.01663982823403,11.641170155662909,2.1806226516371443,0.5032206119162641,
110,19.49141170155663,36.06414385399893,13.7211486849168,3.4286097691894795,13.01663982823403,11.594202898550725,2.1806226516371443,0.5032206119162641,
111,19.840311325818572,35.93666129898014,13.70101986044015,3.4286097691894795,12.97638217928073,11.43317230273752,2.1806226516371443,0.5032206119162641,
112,20.303274288781534,35.78234031132582,13.58695652173913,3.4286097691894795,12.949543746645196,11.265432098765432,2.1806226516371443,0.5032206119162641,
113,20.222758990874933,35.21202361782072,13.405797101449275,3.5829307568438002,12.929414922168545,11.20504562533548,2.9388083735909825,0.5032206119162641,
114,20.356951154052602,34.957058507783145,13.39237788513151,3.5426731078904994,12.593934514224369,11.728395061728396,2.9253891572732154,0.5032206119162641,
115,20.638754696725712,34.876543209876544,13.291733762748256,3.5963499731615673,12.567096081588835,11.600912506709609,2.9253891572732154,0.5032206119162641,
116,20.82662372517445,34.76918947933441,13.291733762748256,3.5963499731615673,12.553676865271068,11.574074074074074,2.885131508319914,0.5032206119162641,
117,21.048040794417606,34.74906065485776,13.251476113794954,3.5963499731615673,12.526838432635534,11.466720343531938,2.85829307568438,0.5032206119162641,
118,21.22920021470746,34.628287707997856,13.231347289318304,3.5963499731615673,12.506709608158884,11.446591519055287,2.85829307568438,0.5032206119162641,
119,21.39694041867955,34.574610842726784,13.177670424047236,3.5963499731615673,12.4597423510467,11.446591519055287,2.844873859366613,0.5032206119162641,
120,21.91358024691358,34.40016103059581,13.137412775093935,3.589640365002684,12.406065485775631,11.218464841653248,2.8381642512077296,0.49651100375738055,
121,22.000805152979066,34.35319377348363,13.137412775093935,3.589640365002684,12.406065485775631,11.178207192699947,2.8381642512077296,0.49651100375738055,
122,22.20209339774557,34.272678475577024,13.123993558776167,3.589640365002684,12.332259796027913,11.158078368223295,2.8247450348899625,0.49651100375738055,
123,22.309447128287708,34.225711218464845,13.097155126140633,3.589640365002684,12.318840579710145,11.137949543746645,2.8247450348899625,0.49651100375738055,
124,22.644927536231883,34.01771336553945,13.056897477187333,3.5628019323671496,12.27187332259796,11.131239935587761,2.8247450348899625,0.48980139559849706,
125,22.758990874932906,33.9170692431562,13.030059044551798,3.5628019323671496,12.238325281803542,11.05072463768116,2.952227589908749,0.48980139559849706,
126,22.839506172839506,33.903650026838434,13.030059044551798,3.5628019323671496,12.198067632850242,11.023886205045626,2.952227589908749,0.48980139559849706,
127,22.79253891572732,33.762748255501876,12.27187332259796,3.535963499731616,12.151100375738057,12.077294685990339,2.918679549114332,0.48980139559849706,
128,22.993827160493826,33.23939881910896,12.245034889962426,3.4822866344605474,12.674449812130971,12.02361782071927,2.8515834675254963,0.48980139559849706,
129,23.17498658078368,33.071658615136876,12.191358024691358,3.5762211486849167,12.580515297906603,11.956521739130435,2.831454643048846,0.6172839506172839,
130,23.429951690821255,32.96430488459474,12.177938808373591,3.5426731078904994,12.580515297906603,11.882716049382717,2.804616210413312,0.6172839506172839,
131,23.926462694578635,32.83682232957595,12.104133118625873,3.5292538915727323,12.453032742887816,11.728395061728396,2.804616210413312,0.6172839506172839,
132,24.14787976382179,32.78314546430489,12.084004294149223,3.5091250670960816,12.412775093934513,11.647879763821793,2.804616210413312,0.6105743424584005,
133,24.530327428878152,32.588566827697264,12.010198604401502,3.5091250670960816,12.392646269457863,11.600912506709609,2.757648953301127,0.6105743424584005,
134,23.409822866344605,28.576221148684915,11.936392914653783,3.5091250670960816,12.379227053140097,11.594202898550725,7.98443370907139,0.6105743424584005,
135,23.315888352120236,28.522544283413847,11.902844873859367,3.5091250670960816,11.808910359634996,12.640901771336553,7.689210950080516,0.6105743424584005,
136,23.55072463768116,28.26086956521739,11.842458400429415,3.7775093934514223,11.721685453569512,12.546967257112184,7.689210950080516,0.6105743424584005,
137,23.718464841653248,28.20048309178744,11.822329575952764,3.7640901771336552,11.701556629092861,12.493290391841116,7.689210950080516,0.6105743424584005,
138,23.678207192699947,27.220880300590444,11.728395061728396,3.7640901771336552,12.855609232420827,12.47987117552335,7.6623725174449815,0.6105743424584005,
139,23.10789049919485,25.02012882447665,11.2788513150832,3.7640901771336552,12.741545893719806,15.935319377348362,7.541599570585078,0.6105743424584005,
140,23.181696188942567,24.986580783682232,11.2788513150832,3.7640901771336552,12.701288244766506,15.935319377348362,7.541599570585078,0.6105743424584005,
141,23.389694041867955,24.838969404186795,11.2788513150832,3.7640901771336552,12.694578636607622,15.908480944712828,7.514761137949543,0.6105743424584005,
142,23.537305421363392,24.818840579710145,11.231884057971014,3.7372517444981215,12.68786902844874,15.874932903918411,7.501341921631776,0.6105743424584005,
143,23.49033816425121,24.805421363392377,11.231884057971014,3.7372517444981215,12.640901771336553,15.895061728395062,7.105475040257649,1.093666129898014,
144,23.637949543746647,24.771873322597962,11.178207192699947,3.7372517444981215,12.640901771336553,15.83467525496511,7.105475040257649,1.093666129898014,
145,23.906333870101985,24.704777241009126,11.11111111111111,3.7104133118625873,12.640901771336553,15.787707997852925,7.0450885668276975,1.093666129898014,
146,23.181696188942567,24.10091250670961,12.721417069243156,3.683574879227053,12.567096081588835,15.593129361245303,7.004830917874396,1.1473429951690821,
147,23.389694041867955,23.98684916800859,12.701288244766506,3.6768652710681695,12.419484702093397,15.58641975308642,7.092055823939882,1.1473429951690821,
148,23.58427267847558,23.906333870101985,12.701288244766506,3.6634460547504024,12.379227053140097,15.552871712292003,7.065217391304348,1.1473429951690821,
149,23.866076221148685,23.812399355877616,12.661030595813205,3.6634460547504024,12.379227053140097,15.465646806226516,7.004830917874396,1.1473429951690821,
150,24.060654857756308,23.765432098765434,12.640901771336553,3.6634460547504024,12.318840579710145,15.398550724637682,7.004830917874396,1.1473429951690821,
151,24.14787976382179,23.544015029522274,12.627482555018787,3.6500268384326353,12.285292538915728,15.660225442834138,6.964573268921095,1.1205045625335481,
152,24.48336017176597,23.429951690821255,12.627482555018787,3.616478797638218,12.204777241009126,15.619967793880837,6.89747718733226,1.1205045625335481,
153,24.751744498121308,23.336017176596886,12.553676865271068,3.616478797638218,12.151100375738057,15.60654857756307,6.870638754696726,1.1137949543746646,
154,24.610842726784757,23.242082662372518,13.506441223832528,3.5963499731615673,11.681427804616211,15.418679549114332,6.843800322061192,1.1003757380568975,
155,24.402844873859365,23.1682769726248,12.983091787439614,3.589640365002684,13.18438003220612,14.761137949543746,6.843800322061192,1.06682769726248,
156,24.490069779924852,23.161567364465917,12.949543746645196,3.589640365002684,13.150831991411701,14.74771873322598,6.843800322061192,1.06682769726248,
157,24.832259796027913,23.09447128287708,12.909286097691895,3.5628019323671496,13.056897477187333,14.49946323134729,7.018250134192163,1.0265700483091786,
158,25.207997852925388,22.906602254428343,12.855609232420827,3.5091250670960816,13.036768652710682,14.492753623188406,6.977992485238862,1.0131508319914118,
159,25.40257648953301,22.758990874932906,12.828770799785293,3.5091250670960816,12.909286097691895,14.331723027375201,7.118894256575416,1.1406333870101986,
160,25.704508856682768,22.69189479334407,12.788513150831992,3.488996242619431,12.875738056897477,14.210950080515298,7.098765432098766,1.1406333870101986,
161,25.120772946859905,22.611379495437465,11.641170155662909,3.488996242619431,12.667740203972087,16.465378421900162,7.098765432098766,0.9057971014492754,
162,24.516908212560388,22.24235104669887,13.580246913580247,3.4621578099838968,12.587224906065487,15.673644659151906,7.03166935050993,0.9057971014492754,
163,23.772141706924316,21.18894256575416,12.97638217928073,5.059044551798175,12.144390767579173,17.07595276435856,6.877348362855609,0.9057971014492754,
164,24.040526033279658,21.095008051529792,12.902576489533011,5.059044551798175,12.06387546967257,17.07595276435856,6.857219538378959,0.9057971014492754,
165,22.926731078904993,20.02818035426731,15.734031132581856,5.193236714975845,11.77536231884058,16.639828234031132,6.796833064949007,0.9057971014492754,
166,23.389694041867955,19.97450348899624,15.58641975308642,5.179817498658078,11.77536231884058,16.532474503488995,6.6827697262479875,0.8789586688137413,
167,23.61111111111111,19.961084272678477,15.552871712292003,5.152979066022544,11.768652710681696,16.431830381105744,6.642512077294686,0.8789586688137413,
168,24.013687600644122,19.91411701556629,15.425389157273216,5.119431025228127,11.668008588298443,16.404991948470208,6.588835212023618,0.8655394524959742,
169,24.214975845410628,19.773215244229736,15.398550724637682,5.253623188405797,11.627750939345143,16.304347826086957,6.561996779388084,0.8655394524959742,
170,24.44310252281267,19.632313472893184,15.365002683843263,5.22007514761138,11.56736446591519,16.27750939345142,6.629092860976919,0.8655394524959742,
171,24.63768115942029,19.592055823939884,15.304616210413311,5.213365539452496,11.56736446591519,16.190284487385938,6.629092860976919,0.8655394524959742,
172,24.785292538915726,19.578636607622116,15.304616210413311,5.166398282340311,11.513687600644122,16.15673644659152,6.629092860976919,0.8655394524959742,
173,24.93961352657005,19.390767579173378,15.277777777777779,5.280461621041331,11.480139559849706,16.14331723027375,6.622383252818035,0.8655394524959742,
174,25.09393451422437,19.310252281266774,15.24422973698336,5.273752012882448,11.480139559849706,16.14331723027375,6.588835212023618,0.8655394524959742,
175,25.44283413848631,19.26328502415459,15.230810520665592,5.22007514761138,11.426462694578637,16.0829307568438,6.468062265163715,0.8655394524959742,
176,25.301932367149757,18.833870101986044,15.116747181964573,5.199946323134729,12.265163714439076,16.002415458937197,6.421095008051529,0.8588298443370908,
177,25.241545893719806,18.833870101986044,14.781266774020397,5.199946323134729,12.218196457326892,16.076221148684915,6.89747718733226,0.7514761137949544,
178,25.194578636607623,18.59903381642512,14.647074610842727,5.186527106816962,12.164519592055823,16.0426731078905,7.4141170155662905,0.7514761137949544,
179,25.449543746645197,18.59903381642512,14.553140096618357,5.186527106816962,12.117552334943639,15.98899624261943,7.353730542136339,0.7514761137949544,
180,25.34219001610306,18.57890499194847,14.533011272141707,5.186527106816962,12.117552334943639,16.150026838432634,7.340311325818572,0.7514761137949544,
181,25.6105743424584,18.5252281266774,14.486044015029522,5.072463768115942,12.084004294149223,16.129898013955984,7.340311325818572,0.7514761137949544,
182,25.764895330112722,18.323939881910896,14.244498121309716,5.387815351583468,12.144390767579173,16.089640365002683,7.300053676865271,0.7447665056360708,
183,25.99302200751476,18.23671497584541,14.210950080515298,5.35426731078905,12.117552334943639,16.06280193236715,7.27992485238862,0.7447665056360708,
184,26.34863123993559,18.156199677938808,14.056629092860977,5.35426731078905,12.084004294149223,15.975577026301664,7.27992485238862,0.7447665056360708,
185,26.33521202361782,18.08239398819109,13.996242619431026,5.307300053676865,12.379227053140097,15.888352120236178,7.266505636070853,0.7447665056360708,
186,26.556629092860977,18.04213633923779,13.976113794954374,5.307300053676865,12.345679012345679,15.888352120236178,7.1658615136876005,0.7179280730005367,
187,26.84514224369297,17.98174986580784,13.855340848094471,5.307300053676865,12.278582930756844,15.881642512077295,7.132313472893183,0.7179280730005367,
188,27.167203435319376,17.881105743424584,13.788244766505636,5.273752012882448,12.258454106280194,15.807836822329575,7.105475040257649,0.7179280730005367,
189,27.294685990338163,17.840848094471284,13.781535158346752,5.273752012882448,12.238325281803542,15.747450348899624,7.105475040257649,0.7179280730005367,
190,27.529522275899087,17.76033279656468,13.761406333870102,5.273752012882448,12.218196457326892,15.640096618357488,7.098765432098766,0.7179280730005367,
191,27.569779924852387,17.76033279656468,13.741277509393452,5.273752012882448,12.204777241009126,15.633387010198604,7.098765432098766,0.7179280730005367,
192,27.657004830917874,17.713365539452496,13.58695652173913,5.4616210413311865,12.177938808373591,15.60654857756307,7.078636607622115,0.7179280730005367,
193,27.82474503488996,17.69994632313473,13.539989264626946,5.401234567901234,12.218196457326892,15.519323671497585,7.078636607622115,0.7179280730005367,
194,28.012614063338702,17.66639828234031,13.526570048309178,5.367686527106817,12.184648416532475,15.445517981749866,7.078636607622115,0.7179280730005367,
195,28.24074074074074,17.632850241545892,13.439345142243694,5.360976918947934,12.13768115942029,15.391841116478798,7.078636607622115,0.7179280730005367,
196,28.435319377348364,17.54562533548041,13.331991411701557,5.360976918947934,12.184648416532475,15.371712292002147,7.058507783145465,0.7112184648416533,
197,28.629898013955984,17.485238862050455,13.271604938271604,5.35426731078905,12.184648416532475,15.318035426731079,7.0450885668276975,0.7112184648416533,
198,28.891572732152444,17.444981213097154,13.144122383252817,5.35426731078905,12.184648416532475,15.237520128824476,7.03166935050993,0.7112184648416533,
199,29.146537842190018,17.391304347826086,13.050187869028449,5.340848094471283,12.144390767579173,15.203972088030058,7.011540526033279,0.7112184648416533,
200,29.448470209339774,17.357756307031668,13.009930220075148,5.340848094471283,12.084004294149223,15.123456790123457,6.9243156199677935,0.7112184648416533,
201,29.582662372517444,17.344337090713903,12.989801395598498,5.3274288781535155,12.486580783682234,14.647074610842727,6.91760601180891,0.7045088566827697,
202,29.71014492753623,17.270531400966185,12.989801395598498,5.3274288781535155,12.634192163177671,14.452495974235104,6.910896403650026,0.7045088566827697,
203,29.468599033816425,17.183306494900698,15.056360708534621,5.246913580246914,12.037037037037036,13.439345142243694,6.863929146537842,0.7045088566827697,
204,29.428341384863124,16.800858829844337,15.01610305958132,5.709876543209877,11.916264090177133,13.372249060654857,7.051798174986581,0.7045088566827697,
205,29.636339237788512,16.740472356414386,15.002683843263553,5.683038110574342,11.916264090177133,13.264895330112722,7.051798174986581,0.7045088566827697,
206,29.857756307031668,16.700214707461082,14.955716586151368,5.676328502415459,11.869296833064949,13.20450885668277,7.03166935050993,0.7045088566827697,
207,30.267042404723565,16.6129898013956,14.801395598497047,5.649490069779925,11.83574879227053,13.150831991411701,6.977992485238862,0.7045088566827697,
208,30.414653784219002,16.404991948470208,14.754428341384862,5.649490069779925,11.829039184111648,13.150831991411701,7.112184648416532,0.6843800322061192,
209,30.595813204508858,16.384863123993558,14.700751476113794,5.649490069779925,11.802200751476114,13.137412775093935,7.0450885668276975,0.6843800322061192,
210,30.67632850241546,16.371443907675793,14.700751476113794,5.60252281266774,11.782071926999464,13.137412775093935,7.0450885668276975,0.6843800322061192,
211,30.97826086956522,16.358024691358025,14.680622651637144,5.60252281266774,11.75523349436393,12.922705314009661,7.018250134192163,0.6843800322061192,
212,31.246645195920557,16.27750939345142,14.640365002683843,5.60252281266774,11.688137412775093,12.909286097691895,6.964573268921095,0.6709608158883521,
213,31.313741277509394,16.27750939345142,14.640365002683843,5.60252281266774,11.641170155662909,12.895866881374127,6.957863660762212,0.6709608158883521,
214,31.367418142780462,16.06280193236715,14.606816961889425,5.844068706387547,11.621041331186259,12.882447665056361,6.944444444444445,0.6709608158883521,
215,31.61567364465915,16.056092324208265,14.51959205582394,5.8172302737520125,11.621041331186259,12.801932367149758,6.89747718733226,0.6709608158883521,
216,31.796833064949006,16.022544283413847,14.42565754159957,5.8172302737520125,11.574074074074074,12.795222758990874,6.89747718733226,0.6709608158883521,
217,32.01154052603328,15.92860976918948,14.398819108964037,5.803811057434245,11.641170155662909,12.674449812130971,6.870638754696726,0.6709608158883521,
218,32.1256038647343,15.895061728395062,14.358561460010735,5.803811057434245,11.641170155662909,12.634192163177671,6.870638754696726,0.6709608158883521,
219,32.21953837895867,15.861513687600644,14.345142243692969,5.803811057434245,11.614331723027375,12.634192163177671,6.850509930220075,0.6709608158883521,
220,32.326892109500804,15.814546430488459,14.17740203972088,5.756843800322061,11.614331723027375,12.607353730542137,7.051798174986581,0.6508319914117016,
221,32.45437466451959,15.807836822329575,14.110305958132045,5.750134192163178,11.60762211486849,12.567096081588835,7.051798174986581,0.6508319914117016,
222,32.60198604401503,15.780998389694043,14.083467525496511,5.750134192163178,11.580783682232958,12.533548040794418,7.018250134192163,0.6508319914117016,
223,32.88378958668814,15.74074074074074,14.023081052066559,5.709876543209877,11.56736446591519,12.406065485775631,7.018250134192163,0.6508319914117016,
224,33.06494900697799,15.707192699946322,14.023081052066559,5.709876543209877,11.466720343531938,12.406065485775631,6.971282877079979,0.6508319914117016,
225,33.25952764358561,15.673644659151906,13.962694578636608,5.703166935050993,11.426462694578637,12.372517444981213,6.971282877079979,0.630703166935051,
226,33.467525496511,15.646806226516372,13.895598497047773,5.683038110574342,11.426462694578637,12.298711755233494,6.951154052603328,0.630703166935051,
227,33.60842726784756,15.646806226516372,13.848631239935587,5.676328502415459,11.426462694578637,12.211486849168008,6.951154052603328,0.630703166935051,
228,33.782877079978526,15.58641975308642,13.81508319914117,5.649490069779925,11.406333870101985,12.177938808373591,6.951154052603328,0.630703166935051,
229,33.903650026838434,15.539452495974235,13.627214170692431,5.615942028985507,11.3191089640365,12.446323134728932,6.91760601180891,0.630703166935051,
230,34.15861513687601,15.411969940955448,13.553408480944713,5.615942028985507,11.3191089640365,12.399355877616747,6.91760601180891,0.6239935587761675,
231,34.312936124530324,15.371712292002147,13.526570048309178,5.5756843800322065,11.3191089640365,12.359098228663447,6.910896403650026,0.6239935587761675,
232,34.554482018250134,15.318035426731079,13.446054750402576,5.548845947396672,11.265432098765432,12.332259796027913,6.910896403650026,0.6239935587761675,
233,34.80273752012882,15.297906602254429,13.352120236178207,5.522007514761138,11.245303274288782,12.27187332259796,6.884057971014493,0.6239935587761675,
234,34.94363929146538,15.291196994095545,13.352120236178207,5.495169082125604,11.198336017176597,12.218196457326892,6.877348362855609,0.6239935587761675,
235,35.18518518518518,15.24422973698336,13.305152979066023,5.481749865807837,11.117820719269995,12.191358024691358,6.850509930220075,0.6239935587761675,
236,35.39318303811057,15.230810520665592,13.197799248523886,5.481749865807837,11.07085346215781,12.151100375738057,6.850509930220075,0.6239935587761675,
237,34.936929683306495,15.136876006441224,14.009661835748792,5.387815351583468,10.970209339774557,12.13768115942029,6.830381105743425,0.5904455179817498,
238,34.94363929146538,14.97584541062802,13.996242619431026,5.307300053676865,10.970209339774557,12.097423510466989,7.118894256575416,0.5904455179817498,
239,35.06441223832528,14.969135802469136,13.915727321524423,5.307300053676865,10.970209339774557,12.077294685990339,7.105475040257649,0.5904455179817498,
240,35.27241009125067,14.935587761674718,13.788244766505636,5.293880837359098,10.950080515297907,12.06387546967257,7.105475040257649,0.5904455179817498,
241,35.42673107890499,14.928878153515834,13.707729468599034,5.293880837359098,10.929951690821255,12.057165861513688,7.065217391304348,0.5904455179817498,
242,35.299248523886206,14.667203435319378,13.667471819645733,5.783682232957595,10.909822866344605,12.057165861513688,7.024959742351046,0.5904455179817498,
243,35.44015029522276,14.65378421900161,13.580246913580247,5.783682232957595,10.909822866344605,12.030327428878154,7.011540526033279,0.5904455179817498,
244,35.70182501341922,14.573268921095009,13.533279656468062,5.770263016639828,10.896403650026839,12.02361782071927,6.910896403650026,0.5904455179817498,
245,35.547504025764894,14.331723027375201,13.479602791196994,5.629361245303274,10.628019323671497,12.325550187869029,7.474503488996243,0.5837359098228664,
246,35.73537305421363,14.31159420289855,13.399087493290391,5.629361245303274,10.587761674718196,12.278582930756844,7.474503488996243,0.5837359098228664,
247,35.889694041867955,14.244498121309716,13.358829844337091,5.609232420826624,10.560923242082662,12.278582930756844,7.474503488996243,0.5837359098228664,
248,36.06414385399893,14.224369296833064,13.345410628019323,5.609232420826624,10.547504025764896,12.191358024691358,7.440955448201825,0.5770263016639828,
249,36.24530327428878,14.15727321524423,13.33870101986044,5.609232420826624,10.513955984970478,12.124261943102523,7.434245840042942,0.5770263016639828,
250,36.3191089640365,14.110305958132045,13.24476650563607,5.736714975845411,10.446859903381643,12.097423510466989,7.387278582930757,0.5770263016639828,0.08051529790660225
251,36.43317230273752,14.090177133655395,13.24476650563607,5.71658615136876,10.420021470746109,12.050456253354804,7.387278582930757,0.5770263016639828,0.08051529790660225
252,36.60762211486849,14.090177133655395,13.18438003220612,5.676328502415459,10.420021470746109,11.976650563607086,7.387278582930757,0.5770263016639828,0.08051529790660225
253,36.7686527106817,14.056629092860977,13.130703166935051,5.656199677938808,10.413311862587225,11.929683306494901,7.387278582930757,0.5770263016639828,0.08051529790660225
254,36.85587761674718,14.056629092860977,13.09044551798175,5.629361245303274,10.413311862587225,11.90955448201825,7.387278582930757,0.5770263016639828,0.08051529790660225
255,37.084004294149224,14.023081052066559,13.01663982823403,5.60252281266774,10.399892646269459,11.902844873859367,7.313472893183038,0.5770263016639828,0.08051529790660225
256,37.164519592055825,14.009661835748792,12.99651100375738,5.5756843800322065,10.379763821792807,11.902844873859367,7.313472893183038,0.5770263016639828,0.08051529790660225
257,37.41277509393451,13.94927536231884,12.983091787439614,5.5756843800322065,10.379763821792807,11.808910359634996,7.266505636070853,0.5434782608695652,0.08051529790660225
258,37.6207729468599,13.90901771336554,12.93612453032743,5.5756843800322065,10.285829307568438,11.782071926999464,7.266505636070853,0.5434782608695652,0.08051529790660225
259,37.80193236714976,13.855340848094471,12.882447665056361,5.5756843800322065,10.285829307568438,11.634460547504025,7.212828770799785,0.5434782608695652,0.20799785292538917
260,37.96296296296296,13.848631239935587,12.869028448738593,5.542136339237788,10.225442834138486,11.58749329039184,7.212828770799785,0.5434782608695652,0.20799785292538917
261,37.9898013955985,13.828502415458937,12.5,5.46833064949007,10.185185185185185,12.110842726784755,7.1658615136876005,0.5434782608695652,0.20799785292538917
262,38.177670424047236,13.801663982823403,12.453032742887816,5.4549114331723025,10.124798711755233,12.070585077831455,7.1658615136876005,0.5434782608695652,0.20799785292538917
263,38.30515297906602,13.801663982823403,12.453032742887816,5.441492216854535,10.091250670960816,11.990069779924852,7.1658615136876005,0.5434782608695652,0.20799785292538917
264,38.425925925925924,13.774825550187868,12.412775093934513,5.441492216854535,10.057702630166398,11.976650563607086,7.159151905528717,0.5434782608695652,0.20799785292538917
265,38.59366612989801,13.694310252281268,12.372517444981213,5.441492216854535,10.044283413848632,11.943102522812667,7.159151905528717,0.5434782608695652,0.20799785292538917
266,38.781535158346756,13.6808910359635,12.31213097155126,5.414653784219001,10.044283413848632,11.916264090177133,7.105475040257649,0.5367686527106817,0.20799785292538917
267,39.11701556629093,13.667471819645733,12.238325281803542,5.414653784219001,9.96376811594203,11.896135265700483,6.957863660762212,0.5367686527106817,0.20799785292538917
268,39.14385399892646,13.58695652173913,12.177938808373591,5.414653784219001,9.96376811594203,11.889425657541599,7.078636607622115,0.5367686527106817,0.20799785292538917
269,39.2512077294686,13.56682769726248,12.110842726784755,5.414653784219001,9.957058507783145,11.889425657541599,7.065217391304348,0.5367686527106817,0.20799785292538917
270,39.31159420289855,13.56682769726248,12.110842726784755,5.414653784219001,9.930220075147611,11.889425657541599,7.03166935050993,0.5367686527106817,0.20799785292538917
271,39.412238325281805,13.56682769726248,12.097423510466989,5.401234567901234,9.923510466988727,11.862587224906065,7.03166935050993,0.5367686527106817,0.16774020397208803
272,39.47933440687064,13.499731615673644,11.990069779924852,5.360976918947934,9.883252818035427,12.050456253354804,7.03166935050993,0.5367686527106817,0.16774020397208803
273,39.60681696188943,13.43263553408481,11.916264090177133,5.475040257648954,9.842995169082126,12.010198604401502,7.011540526033279,0.5367686527106817,0.16774020397208803
274,39.67391304347826,13.43263553408481,11.90955448201825,5.4616210413311865,9.842995169082126,12.010198604401502,6.984702093397746,0.5166398282340311,0.16774020397208803
275,39.74771873322598,13.41250670960816,11.876006441223833,5.4616210413311865,9.822866344605474,12.010198604401502,6.984702093397746,0.5166398282340311,0.16774020397208803
276,39.18411164787977,12.701288244766506,11.761943102522812,5.4616210413311865,9.816156736446592,13.647342995169081,6.743156199677939,0.5166398282340311,0.16774020397208803
277,39.351851851851855,12.674449812130971,11.728395061728396,5.434782608695652,9.816156736446592,13.58695652173913,6.723027375201288,0.5166398282340311,0.16774020397208803
278,39.57326892109501,12.593934514224369,11.688137412775093,5.421363392377885,9.816156736446592,13.560118089103597,6.662640901771336,0.5166398282340311,0.16774020397208803
