,45,50,51,53,54,55,52,57,56,58,59
0,100.0,,,,,,,,,,
1,100.0,,,,,,,,,,
2,96.7055823939882,3.294417606011809,,,,,,,,,
3,96.59822866344605,3.4017713365539453,,,,,,,,,
4,96.3768115942029,3.6231884057971016,,,,,,,,,
5,96.4170692431562,3.5829307568438002,,,,,,,,,
6,91.47208803005904,8.527911969940956,,,,,,,,,
7,91.47208803005904,8.460815888352121,0.06709608158883522,,,,,,,,
8,88.62721417069243,11.305689747718732,0.06709608158883522,,,,,,,,
9,84.99060654857756,14.942297369833602,0.06709608158883522,,,,,,,,
10,84.84299516908213,15.08990874932904,0.06709608158883522,,,,,,,,
11,84.85641438539989,15.076489533011273,0.06709608158883522,,,,,,,,
12,84.82286634460547,15.11003757380569,0.06709608158883522,,,,,,,,
13,82.75630703166935,17.176596886741816,0.06709608158883522,,,,,,,,
14,80.414653784219,16.928341384863124,2.657004830917874,,,,,,,,
15,80.2938808373591,16.908212560386474,2.657004830917874,0.14090177133655393,,,,,,,
16,80.02549651100375,17.196725711218466,2.636876006441224,0.14090177133655393,,,,,,,
17,79.95169082125604,17.270531400966185,2.636876006441224,0.14090177133655393,,,,,,,
18,79.77724100912506,17.324208266237253,2.757648953301127,0.14090177133655393,,,,,,,
19,79.25389157273216,17.66639828234031,2.757648953301127,0.14090177133655393,0.18115942028985507,,,,,,
20,74.36258722490606,19.89398819108964,5.2066559312936125,0.14090177133655393,0.39586688137412773,,,,,,
21,74.22839506172839,20.02818035426731,5.2066559312936125,0.14090177133655393,0.39586688137412773,,,,,,
22,70.41062801932367,24.973161567364468,4.079441760601181,0.14090177133655393,0.39586688137412773,,,,,,
23,70.14224369296834,25.241545893719806,4.079441760601181,0.14090177133655393,0.39586688137412773,,,,,,
24,68.5654857756307,26.85185185185185,4.045893719806763,0.14090177133655393,0.39586688137412773,,,,,,
25,68.3239398819109,27.106816961889425,4.032474503488996,0.14090177133655393,0.39586688137412773,,,,,,
26,49.422973698336016,48.369565217391305,1.6706924315619969,0.14090177133655393,0.39586688137412773,,,,,,
27,48.93317230273752,47.63150831991412,2.898550724637681,0.14090177133655393,0.39586688137412773,,,,,,
28,48.83252818035427,46.07487922705314,2.898550724637681,0.14090177133655393,2.0531400966183573,,,,,,
29,48.83923778851315,42.45169082125604,2.898550724637681,0.20128824476650564,5.609232420826624,,,,,,
30,46.4573268921095,44.847020933977454,2.898550724637681,0.20128824476650564,5.595813204508857,,,,,,
31,46.39023081052066,44.91411701556629,2.898550724637681,0.20128824476650564,5.595813204508857,,,,,,
32,44.02173913043478,47.28260869565217,2.898550724637681,0.20128824476650564,5.595813204508857,,,,,,
33,44.08212560386473,47.22222222222222,2.898550724637681,0.20128824476650564,5.595813204508857,,,,,,
34,44.0955448201825,47.20880300590446,2.898550724637681,0.20128824476650564,5.595813204508857,,,,,,
35,42.3443370907139,48.960010735373054,2.898550724637681,0.20128824476650564,5.595813204508857,,,,,,
36,42.31749865807837,48.82581857219538,3.0595813204508855,0.20128824476650564,5.595813204508857,,,,,,
37,42.089371980676326,48.980139559849704,3.0595813204508855,0.20128824476650564,5.595813204508857,0.07380568974771873,,,,,
38,38.60708534621578,49.362587224906065,5.877616747181965,0.4830917874396135,5.595813204508857,0.07380568974771873,,,,,
39,36.56736446591519,51.25469672571122,5.877616747181965,0.6172839506172839,5.381105743424584,0.30193236714975846,,,,,
40,36.70155662909286,51.12050456253355,5.877616747181965,0.6172839506172839,5.381105743424584,0.30193236714975846,,,,,
41,36.741814278046164,49.59742351046699,5.877616747181965,2.120236178207193,5.360976918947934,0.30193236714975846,,,,,
42,36.89613526570049,49.45652173913044,5.864197530864198,2.120236178207193,5.360976918947934,0.30193236714975846,,,,,
43,35.50053676865271,47.30273752012882,5.394524959742351,1.0198604401502953,5.320719269994632,0.30193236714975846,5.159688674181428,,,,
44,35.47369833601718,46.93370907139023,5.394524959742351,2.0397208803005906,4.696725711218465,0.30193236714975846,5.159688674181428,,,,
45,35.48040794417606,46.92699946323135,5.394524959742351,2.0397208803005906,4.696725711218465,0.30193236714975846,5.159688674181428,,,,
46,35.57434245840043,43.51180891035963,5.394524959742351,2.01959205582394,4.824208266237251,0.30193236714975846,8.3064949006978,0.06709608158883522,,,
47,34.70880300590446,40.98899624261943,5.394524959742351,5.515297906602254,4.824208266237251,0.2281266774020397,8.272946859903382,0.06709608158883522,,,
48,34.4873859366613,40.022812667740205,12.97638217928073,5.12614063338701,2.898550724637681,0.2281266774020397,4.260601180891036,,,,
49,34.48067632850242,40.08990874932904,12.97638217928073,5.072463768115942,2.8918411164787976,0.2281266774020397,4.260601180891036,,,,
50,33.675523349436396,40.915190552871714,12.97638217928073,5.072463768115942,2.871712292002147,0.2281266774020397,4.260601180891036,,,,
51,33.742619431025226,40.88164251207729,12.942834138486312,5.072463768115942,2.871712292002147,0.2281266774020397,4.260601180891036,,,,
52,32.53488996242619,31.226516371443907,31.219806763285025,1.402308105206656,1.6438539989264627,0.08722490606548577,1.751207729468599,,0.13419216317767044,,
53,31.816961889425656,31.95115405260333,30.595813204508858,1.402308105206656,1.6438539989264627,0.08722490606548577,1.751207729468599,,0.7514761137949544,,
54,31.80354267310789,31.91760601180891,30.595813204508858,1.402308105206656,1.6908212560386473,0.08722490606548577,1.751207729468599,,0.7514761137949544,,
55,31.676060118089104,31.944444444444443,27.80461621041331,1.402308105206656,1.6908212560386473,0.08722490606548577,5.267042404723564,,0.1274825550187869,,
56,31.676060118089104,28.83118625872249,27.690552871712292,1.402308105206656,1.3352120236178207,0.08722490606548577,8.849973161567364,,0.1274825550187869,,
57,24.04723564143854,39.86849168008588,24.84567901234568,1.0198604401502953,1.1540526033279657,0.08722490606548577,8.849973161567364,,0.1274825550187869,,
58,20.202630166398283,43.907675791733766,24.818840579710145,0.8789586688137413,1.1540526033279657,0.08722490606548577,8.82313472893183,,0.1274825550187869,,
59,20.377079978529252,43.907675791733766,24.805421363392377,0.8789586688137413,1.1540526033279657,0.08722490606548577,8.662104133118627,,0.1274825550187869,,
60,18.94122383252818,42.53220611916264,27.65029522275899,0.8789586688137413,1.1540526033279657,0.05367686527106817,8.662104133118627,,0.1274825550187869,,
61,18.95464304884595,42.51878690284487,27.65029522275899,0.8789586688137413,1.1540526033279657,0.05367686527106817,8.662104133118627,,0.1274825550187869,,
62,19.0150295222759,42.47181964573269,27.15378421900161,0.8789586688137413,1.1540526033279657,0.5367686527106817,8.662104133118627,,0.1274825550187869,,
63,19.04186795491143,39.59339774557166,26.92565754159957,0.8789586688137413,3.8915727321524423,0.8789586688137413,8.662104133118627,,0.1274825550187869,,
64,17.619431025228128,41.015834675254965,26.92565754159957,0.8789586688137413,3.8915727321524423,0.8789586688137413,8.662104133118627,,0.1274825550187869,,
65,17.860976918947934,40.96886741814278,26.663982823403114,0.8789586688137413,3.8915727321524423,1.0064412238325282,8.601717659688674,,0.1274825550187869,,
66,17.901234567901234,40.915190552871714,26.455984970477726,0.8789586688137413,3.8915727321524423,1.0064412238325282,8.601717659688674,,0.3488996242619431,,
67,17.98845947396672,40.754159957058505,26.362050456253353,0.8789586688137413,3.1736446591519054,1.0064412238325282,9.219001610305957,,0.6172839506172839,,
68,18.075684380032207,40.61996779388084,26.321792807300053,0.8521202361782072,3.1736446591519054,1.1205045625335481,9.219001610305957,,0.6172839506172839,,
69,18.270263016639827,40.06977992485239,26.737788513150832,0.798443370907139,3.2541599570585076,0.9326355340848095,9.245840042941492,,0.6910896403650026,,
70,18.243424584004295,39.87520128824477,26.67740203972088,0.798443370907139,3.227321524422974,1.247987117552335,9.23913043478261,,0.6910896403650026,,
71,18.270263016639827,39.84836285560923,26.67740203972088,0.798443370907139,3.227321524422974,1.247987117552335,9.23913043478261,,0.6910896403650026,,
72,18.337359098228664,39.62694578636608,24.785292538915726,1.1003757380568975,3.227321524422974,2.9924852388620504,9.23913043478261,,0.6910896403650026,,
73,18.283682232957595,37.1309715512614,24.751744498121308,1.1003757380568975,3.227321524422974,2.9924852388620504,11.822329575952764,,0.6910896403650026,,
74,18.357487922705314,36.74852388620504,24.724906065485776,1.4694041867954912,3.193773483628556,2.9924852388620504,11.822329575952764,,0.6910896403650026,,
75,18.391035963499732,36.73510466988728,24.62426194310252,1.4694041867954912,3.166935050993022,2.9924852388620504,11.929683306494901,,0.6910896403650026,,
76,16.948470209339774,38.2313472893183,24.570585077831456,1.4694041867954912,3.166935050993022,2.9924852388620504,11.56736446591519,0.36231884057971014,0.6910896403650026,,
77,15.076489533011273,33.15888352120236,35.648148148148145,0.9460547504025765,3.066290928609769,2.9924852388620504,8.440687063875469,0.30864197530864196,0.36231884057971014,,
78,14.620236178207193,32.6959205582394,33.762748255501876,0.9460547504025765,3.0595813204508855,2.0263016639828235,12.218196457326892,0.30864197530864196,0.36231884057971014,,
79,14.257917337627482,34.594739667203434,31.97128287707998,0.9460547504025765,3.0595813204508855,2.0263016639828235,12.486580783682234,0.30864197530864196,0.3488996242619431,,
80,14.472624798711756,34.272678475577024,31.944444444444443,0.9460547504025765,3.0595813204508855,2.1806226516371443,12.466451959205582,0.30864197530864196,0.3488996242619431,,
81,14.553140096618357,34.12506709608159,30.897745571658614,1.9793344068706387,3.0595813204508855,2.2611379495437465,12.466451959205582,0.30864197530864196,0.3488996242619431,,
82,14.586688137412775,34.11835748792271,30.897745571658614,1.9793344068706387,3.0595813204508855,2.2611379495437465,12.439613526570048,0.30864197530864196,0.3488996242619431,,
83,14.794685990338165,34.09822866344606,30.837359098228664,1.9659151905528718,3.0595813204508855,2.227589908749329,12.359098228663447,0.30864197530864196,0.3488996242619431,,
84,14.841653247450349,34.064680622651636,30.837359098228664,1.9659151905528718,3.0595813204508855,2.227589908749329,12.345679012345679,0.30864197530864196,0.3488996242619431,,
85,14.640365002683843,31.843800322061192,31.676060118089104,1.865271068169619,4.770531400966184,2.227589908749329,12.258454106280194,0.30864197530864196,0.4092860976918948,,
86,14.774557165861514,31.776704240472355,31.642512077294686,1.865271068169619,4.750402576489533,2.227589908749329,12.245034889962426,0.30864197530864196,0.4092860976918948,,
87,14.794685990338165,31.816961889425656,31.44122383252818,1.865271068169619,4.74369296833065,2.227589908749329,12.23161567364466,0.30864197530864196,0.5703166935050993,,
88,12.5402576489533,31.293612453032743,29.07944176060118,1.710950080515298,4.74369296833065,2.462426194310252,17.290660225442835,0.30864197530864196,0.5703166935050993,,
89,12.681159420289855,31.280193236714975,28.99892646269458,1.710950080515298,4.74369296833065,2.462426194310252,17.24369296833065,0.30864197530864196,0.5703166935050993,,
90,12.815351583467525,31.233225979602793,28.951959205582394,1.710950080515298,4.7168545356951155,2.462426194310252,17.24369296833065,0.2952227589908749,0.5703166935050993,,
91,12.882447665056361,31.206387546967257,28.911701556629094,1.710950080515298,4.7168545356951155,2.462426194310252,17.24369296833065,0.2952227589908749,0.5703166935050993,,
92,13.036768652710682,29.334406870638755,28.797638217928075,3.629898013955985,4.656468062265164,2.462426194310252,17.23027375201288,0.28180354267310787,0.5703166935050993,,
93,12.902576489533011,29.139828234031132,28.576221148684915,4.180085882984434,4.656468062265164,2.462426194310252,17.23027375201288,0.28180354267310787,0.5703166935050993,,
94,12.989801395598498,29.0727321524423,28.482286634460547,4.180085882984434,4.656468062265164,2.6033279656468062,17.08937198067633,0.28180354267310787,0.644122383252818,,
95,13.023349436392914,29.0727321524423,28.44873859366613,4.180085882984434,4.656468062265164,2.6033279656468062,17.08937198067633,0.28180354267310787,0.644122383252818,,
96,13.16425120772947,28.019323671497585,28.44873859366613,4.448470209339774,4.542404723564144,2.49597423510467,17.954911433172303,0.28180354267310787,0.644122383252818,,
97,13.271604938271604,27.91867954911433,28.073000536768653,7.729468599033816,4.542404723564144,1.8719806763285025,15.666935050993022,0.28180354267310787,0.644122383252818,,
98,13.298443370907139,27.831454643048847,27.95222758990875,7.648953301127214,4.542404723564144,1.9524959742351047,15.727321524422974,0.28180354267310787,0.7648953301127214,,
99,13.466183574879228,27.70397208803006,27.717391304347824,7.407407407407407,5.018786902844874,1.9524959742351047,15.687063875469672,0.28180354267310787,0.7648953301127214,,
100,13.607085346215781,27.68384326355341,27.65029522275899,7.407407407407407,5.018786902844874,1.9524959742351047,15.633387010198604,0.28180354267310787,0.7648953301127214,,
101,13.734567901234568,27.66371443907676,27.556360708534623,7.353730542136339,5.018786902844874,1.9524959742351047,15.633387010198604,0.28180354267310787,0.8051529790660226,,
102,13.788244766505636,27.563070316693505,27.529522275899087,7.340311325818572,5.12614063338701,1.9524959742351047,15.613258185721953,0.28180354267310787,0.8051529790660226,,
103,13.83521202361782,27.536231884057973,27.415458937198068,7.340311325818572,5.112721417069243,1.9524959742351047,15.599838969404187,0.28180354267310787,0.9259259259259259,,
104,13.6406333870102,26.65727321524423,28.408480944712828,6.092324208266238,5.112721417069243,3.3011272141706924,15.579710144927537,0.28180354267310787,0.9259259259259259,,
105,13.855340848094471,26.65727321524423,28.27428878153516,6.078904991948471,5.112721417069243,3.3011272141706924,15.559581320450885,0.23483628556092323,0.9259259259259259,,
106,13.895598497047773,26.630434782608695,28.27428878153516,6.078904991948471,5.10601180891036,3.3011272141706924,15.559581320450885,0.23483628556092323,0.9192163177670424,,
107,14.090177133655395,26.549919484702095,27.871712292002147,6.078904991948471,5.10601180891036,3.5628019323671496,15.53274288781535,0.23483628556092323,0.9728931830381106,,
108,14.244498121309716,26.442565754159958,27.85829307568438,6.072195383789587,5.10601180891036,3.6366076221148687,15.432098765432098,0.23483628556092323,0.9728931830381106,,
109,12.117552334943639,39.47933440687064,24.20155662909286,5.58239398819109,5.025496511003757,3.5292538915727323,8.876811594202898,0.23483628556092323,0.95276435856146,,
110,12.144390767579173,39.452495974235106,24.20155662909286,5.448201825013419,5.159688674181428,3.5292538915727323,8.876811594202898,0.23483628556092323,0.95276435856146,,
111,12.245034889962426,39.36527106816962,24.20155662909286,5.448201825013419,5.159688674181428,3.5292538915727323,8.863392377885132,0.23483628556092323,0.95276435856146,,
112,12.345679012345679,39.31830381105743,24.06736446591519,5.448201825013419,5.159688674181428,3.5292538915727323,8.836553945249598,0.23483628556092323,1.0601180891035964,,
113,12.4597423510467,39.21765968867418,23.731884057971016,5.448201825013419,5.132850241545894,3.488996242619431,8.816425120772946,0.30193236714975846,1.402308105206656,,
114,12.634192163177671,39.03650026838432,23.731884057971016,5.58239398819109,5.132850241545894,3.488996242619431,8.816425120772946,0.30193236714975846,1.2748255501878691,,
115,12.895866881374127,38.821792807300056,23.718464841653248,5.58239398819109,5.0993022007514766,3.488996242619431,8.816425120772946,0.30193236714975846,1.2748255501878691,,
116,12.962962962962964,38.79495437466452,23.70504562533548,5.58239398819109,5.0993022007514766,3.4621578099838968,8.816425120772946,0.30193236714975846,1.2748255501878691,,
117,13.043478260869565,38.7211486849168,23.698336017176597,5.58239398819109,5.0993022007514766,3.4621578099838968,8.816425120772946,0.30193236714975846,1.2748255501878691,,
118,13.103864734299517,37.68786902844874,22.96027911969941,5.548845947396672,5.246913580246914,3.3480944712828773,10.63472893183038,0.30193236714975846,1.1674718196457328,,
119,13.130703166935051,37.6610305958132,22.96027911969941,5.548845947396672,5.246913580246914,3.3480944712828773,10.63472893183038,0.30193236714975846,1.1674718196457328,,
120,12.815351583467525,36.4398819108964,26.912238325281802,5.522007514761138,5.233494363929147,3.3011272141706924,8.28636607622115,0.30193236714975846,1.1876006441223832,,
121,12.795222758990874,36.37278582930757,26.84514224369297,6.347289318303811,5.199946323134729,3.2541599570585076,7.695920558239399,0.30193236714975846,1.1876006441223832,,
122,12.942834138486312,36.37278582930757,26.737788513150832,6.347289318303811,5.173107890499195,3.2541599570585076,7.682501341921632,0.30193236714975846,1.1876006441223832,,
123,13.023349436392914,36.35265700483092,26.690821256038646,6.333870101986044,5.173107890499195,3.2541599570585076,7.682501341921632,0.30193236714975846,1.1876006441223832,,
124,12.97638217928073,35.225442834138484,25.563607085346217,6.333870101986044,3.9855072463768115,3.2541599570585076,11.446591519055287,0.23483628556092323,0.8521202361782072,0.1274825550187869,
125,13.170960815888352,35.08454106280193,25.55689747718733,6.333870101986044,3.9855072463768115,3.240740740740741,11.41304347826087,0.23483628556092323,0.8521202361782072,0.1274825550187869,
126,13.18438003220612,34.98389694041868,25.55689747718733,6.3137412775093935,3.978797638217928,3.3548040794417604,11.41304347826087,0.23483628556092323,0.8521202361782072,0.1274825550187869,
127,13.318572195383789,34.09151905528717,25.39586688137413,6.233225979602791,3.978797638217928,3.3548040794417604,12.412775093934513,0.23483628556092323,0.8521202361782072,0.1274825550187869,
128,13.47289318303811,34.05126140633387,23.70504562533548,6.233225979602791,3.9519592055823938,5.018786902844874,12.379227053140097,0.23483628556092323,0.8252818035426731,0.1274825550187869,
129,13.627214170692431,33.95061728395062,23.67149758454106,6.213097155126141,3.9519592055823938,5.018786902844874,12.379227053140097,0.23483628556092323,0.8252818035426731,0.1274825550187869,
130,11.634460547504025,47.55099302200752,18.00187869028449,6.125872249060655,2.7844873859366612,4.180085882984434,8.910359634997317,0.23483628556092323,0.5568974771873323,0.020128824476650563,
131,11.761943102522812,47.44363929146538,17.995169082125603,6.112453032742888,2.7844873859366612,4.180085882984434,8.910359634997317,0.23483628556092323,0.5568974771873323,0.020128824476650563,
132,10.802469135802468,45.75952764358561,21.336553945249598,6.105743424584004,2.7777777777777777,4.139828234031133,8.266237251744498,0.23483628556092323,0.5568974771873323,0.020128824476650563,
133,10.815888352120236,45.75952764358561,21.32313472893183,6.105743424584004,2.7777777777777777,4.139828234031133,8.266237251744498,0.23483628556092323,0.5568974771873323,0.020128824476650563,
134,10.836017176596886,45.59849704777241,21.32313472893183,6.239935587761675,2.7777777777777777,4.146537842190016,8.266237251744498,0.23483628556092323,0.5568974771873323,0.020128824476650563,
135,10.762211486849168,44.48470209339774,24.490069779924852,6.239935587761675,2.7509393451422435,4.146537842190016,6.3137412775093935,0.23483628556092323,0.5568974771873323,0.020128824476650563,
136,10.856146001073537,44.457863660762214,24.456521739130434,6.239935587761675,2.7509393451422435,4.146537842190016,6.280193236714976,0.23483628556092323,0.5568974771873323,0.020128824476650563,
137,10.849436392914654,44.44444444444444,23.939881910896403,6.776704240472356,2.7509393451422435,4.146537842190016,6.1929683306494905,0.322061191626409,0.5568974771873323,0.020128824476650563,
138,10.929951690821255,44.10225442834138,23.939881910896403,6.776704240472356,2.7442297369833604,4.414922168545357,6.1929683306494905,0.322061191626409,0.5568974771873323,0.020128824476650563,
139,11.09098228663446,44.015029522275896,23.886205045625335,6.776704240472356,2.7442297369833604,4.414922168545357,6.1929683306494905,0.30193236714975846,0.5568974771873323,0.020128824476650563,
140,11.218464841653248,43.80703166935051,23.61111111111111,6.702898550724638,2.918679549114332,4.549114331723027,6.1862587224906065,0.30193236714975846,0.6843800322061192,0.020128824476650563,
141,11.3593666129898,43.70638754696726,23.597691894793343,6.702898550724638,2.918679549114332,4.549114331723027,6.159420289855072,0.30193236714975846,0.6843800322061192,0.020128824476650563,
142,11.345947396672035,43.65271068169619,23.403113258185723,6.66935050993022,2.918679549114332,4.549114331723027,6.159420289855072,0.30193236714975846,0.9796027911969941,0.020128824476650563,
143,11.426462694578637,43.625872249060656,23.295759527643586,6.642512077294686,2.8918411164787976,4.549114331723027,6.159420289855072,0.30193236714975846,1.0869565217391304,0.020128824476650563,
144,11.58749329039184,43.605743424584006,23.181696188942567,6.642512077294686,2.8918411164787976,4.549114331723027,6.132581857219538,0.30193236714975846,1.0869565217391304,0.020128824476650563,
145,11.936392914653783,43.33064949006978,23.161567364465917,6.629092860976919,2.8918411164787976,4.508856682769726,6.132581857219538,0.30193236714975846,1.0869565217391304,0.020128824476650563,
146,12.06387546967257,43.23000536768653,22.20209339774557,6.629092860976919,2.8918411164787976,4.508856682769726,6.132581857219538,0.30193236714975846,2.01959205582394,0.020128824476650563,
147,12.084004294149223,43.183038110574344,22.094739667203434,6.629092860976919,2.8918411164787976,4.643048845947397,6.132581857219538,0.30193236714975846,2.01959205582394,0.020128824476650563,
148,12.057165861513688,43.09581320450886,21.73913043478261,7.635534084809447,2.8918411164787976,4.448470209339774,5.971551261406334,0.12077294685990338,2.01959205582394,0.020128824476650563,
149,12.486580783682234,42.77375201288245,21.67874396135266,7.628824476650563,2.8918411164787976,4.435050993022007,5.9447128287707995,0.12077294685990338,2.01959205582394,0.020128824476650563,
150,12.694578636607622,42.74020397208803,21.62506709608159,7.555018786902845,2.8918411164787976,4.435050993022007,5.897745571658615,0.12077294685990338,2.01959205582394,0.020128824476650563,
151,12.775093934514224,42.68652710681696,21.62506709608159,7.555018786902845,2.8918411164787976,4.435050993022007,5.897745571658615,0.12077294685990338,1.9927536231884058,0.020128824476650563,
152,12.815351583467525,42.673107890499196,21.62506709608159,7.555018786902845,2.8784219001610305,4.435050993022007,5.884326355340848,0.12077294685990338,1.9927536231884058,0.020128824476650563,
153,12.889157273215245,42.56575415995706,21.43719806763285,7.5348899624261945,2.8784219001610305,4.435050993022007,5.884326355340848,0.12077294685990338,2.2342995169082127,0.020128824476650563,
154,12.546967257112184,42.11621041331186,22.82608695652174,7.434245840042942,2.8784219001610305,4.300858829844337,5.428073000536768,0.12077294685990338,2.328234031132582,0.020128824476650563,
155,12.593934514224369,40.56629092860977,22.82608695652174,7.434245840042942,2.8784219001610305,5.776972624798712,5.35426731078905,0.12077294685990338,2.428878153515835,0.020128824476650563,
156,12.674449812130971,40.54616210413312,22.765700483091788,7.434245840042942,2.8784219001610305,5.776972624798712,5.35426731078905,0.12077294685990338,2.428878153515835,0.020128824476650563,
157,12.681159420289855,39.660493827160494,22.765700483091788,7.434245840042942,2.8784219001610305,6.655931293612453,5.35426731078905,0.12077294685990338,2.428878153515835,0.020128824476650563,
158,12.828770799785293,39.60681696188943,22.765700483091788,7.353730542136339,2.8784219001610305,6.642512077294686,5.35426731078905,0.12077294685990338,2.428878153515835,0.020128824476650563,
159,13.043478260869565,39.53972088030059,22.52415458937198,7.2933440687063875,2.985775630703167,6.830381105743425,5.35426731078905,0.12077294685990338,2.2879763821792807,0.020128824476650563,
160,13.157541599570585,39.53972088030059,22.52415458937198,7.253086419753086,2.945517981749866,6.8035426731078905,5.347557702630167,0.12077294685990338,2.2879763821792807,0.020128824476650563,
161,13.009930220075148,39.29817498658078,19.91411701556629,7.239667203435319,2.945517981749866,6.743156199677939,8.420558239398819,0.12077294685990338,2.2879763821792807,0.020128824476650563,
162,13.063607085346217,39.26462694578637,19.91411701556629,7.226247987117552,2.945517981749866,6.743156199677939,8.413848631239935,0.12077294685990338,2.2879763821792807,0.020128824476650563,
163,13.097155126140633,39.26462694578637,19.887278582930758,7.226247987117552,2.945517981749866,6.736446591519055,8.413848631239935,0.12077294685990338,2.2879763821792807,0.020128824476650563,
164,13.217928073000536,39.16398282340311,19.464573268921097,7.226247987117552,2.945517981749866,7.14573268921095,8.407139023081053,0.12077294685990338,2.2879763821792807,0.020128824476650563,
165,13.291733762748256,38.83521202361782,19.363929146537842,7.112184648416532,3.1535158346752548,7.407407407407407,8.407139023081053,0.12077294685990338,2.2879763821792807,0.020128824476650563,
166,13.385668276972625,38.6808910359635,19.330381105743424,7.0383789586688135,3.1535158346752548,7.575147611379496,8.407139023081053,0.12077294685990338,2.2879763821792807,0.020128824476650563,
167,13.513150831991412,38.51315083199141,19.290123456790123,7.0383789586688135,3.1535158346752548,7.682501341921632,8.407139023081053,0.12077294685990338,2.2611379495437465,0.020128824476650563,
168,13.560118089103597,38.51315083199141,19.276704240472355,7.0383789586688135,3.1535158346752548,7.682501341921632,8.407139023081053,0.12077294685990338,2.227589908749329,0.020128824476650563,
169,13.499731615673644,37.35238862050456,19.276704240472355,7.0383789586688135,3.1535158346752548,8.809715512614064,8.501073537305421,0.12077294685990338,2.227589908749329,0.020128824476650563,
170,13.754696725711218,37.29200214707461,19.229736983360173,7.024959742351046,3.1535158346752548,8.776167471819646,8.400429414922169,0.12077294685990338,2.227589908749329,0.020128824476650563,
171,13.81508319914117,37.30542136339238,19.196188942565755,6.998121309715513,3.1535158346752548,8.769457863660762,8.393719806763285,0.12077294685990338,2.227589908749329,0.020128824476650563,
172,14.002952227589908,37.13768115942029,18.99490069779925,6.998121309715513,3.1199677938808374,8.856682769726248,8.380300590445518,0.12077294685990338,2.368491680085883,0.020128824476650563,
173,14.237788513150832,37.104133118625874,18.840579710144926,6.984702093397746,3.1199677938808374,8.856682769726248,8.3467525496511,0.12077294685990338,2.368491680085883,0.020128824476650563,
174,14.284755770263017,37.104133118625874,18.813741277509394,6.984702093397746,3.1199677938808374,8.856682769726248,8.32662372517445,0.12077294685990338,2.368491680085883,0.020128824476650563,
175,14.358561460010735,37.0907139023081,18.753354804079443,6.984702093397746,3.1199677938808374,8.856682769726248,8.32662372517445,0.12077294685990338,2.368491680085883,0.020128824476650563,
176,14.418947933440688,37.063875469672574,18.733225979602793,6.984702093397746,3.1065485775630703,8.856682769726248,8.32662372517445,0.12077294685990338,2.368491680085883,0.020128824476650563,
177,14.533011272141707,36.97665056360709,18.659420289855074,6.984702093397746,3.1065485775630703,8.816425120772946,8.32662372517445,0.12077294685990338,2.4557165861513686,0.020128824476650563,
178,14.63365539452496,36.93639291465379,18.612453032742888,6.9310252281266775,3.1065485775630703,8.816425120772946,7.836822329575953,0.12077294685990338,2.985775630703167,0.020128824476650563,
179,14.727589908749328,36.862587224906065,18.57890499194847,6.91760601180891,3.1065485775630703,8.80300590445518,7.830112721417069,0.16774020397208803,2.985775630703167,0.020128824476650563,
180,14.794685990338165,36.842458400429415,18.572195383789587,6.904186795491143,3.099838969404187,8.78287707997853,7.830112721417069,0.16774020397208803,2.985775630703167,0.020128824476650563,
181,14.821524422973699,36.842458400429415,18.572195383789587,6.904186795491143,3.099838969404187,8.756038647342995,7.830112721417069,0.16774020397208803,2.985775630703167,0.020128824476650563,
182,14.694041867954912,35.83601717659689,18.572195383789587,8.521202361782072,2.6972624798711755,8.68894256575416,7.816693505099302,0.16774020397208803,2.985775630703167,0.020128824476650563,
183,14.74771873322598,35.809178743961354,18.54535695115405,8.521202361782072,2.6972624798711755,8.68894256575416,7.816693505099302,0.16774020397208803,2.985775630703167,0.020128824476650563,
184,14.828234031132581,35.61460010735373,18.51851851851852,8.467525496511003,2.9723564143853998,8.675523349436393,7.816693505099302,0.16774020397208803,2.918679549114332,0.020128824476650563,
185,14.848362855609233,35.607890499194845,18.51851851851852,8.467525496511003,2.9723564143853998,8.662104133118627,7.816693505099302,0.16774020397208803,2.918679549114332,0.020128824476650563,
186,14.88191089640365,34.916800858829845,18.49838969404187,8.467525496511003,2.9723564143853998,9.380032206119163,7.7898550724637685,0.16774020397208803,2.9052603327965647,0.020128824476650563,
187,14.841653247450349,34.49409554482018,18.089103596349972,8.393719806763285,4.8376274825550185,9.111647879763822,7.232957595276436,0.08051529790660225,2.898550724637681,0.020128824476650563,
188,14.88191089640365,34.447128287708,17.8743961352657,8.393719806763285,4.8376274825550185,9.111647879763822,7.232957595276436,0.08051529790660225,3.1199677938808374,0.020128824476650563,
189,14.61352657004831,33.95061728395062,17.64626945786366,9.73564143853999,4.8376274825550185,8.890230810520666,7.232957595276436,0.08051529790660225,2.9924852388620504,0.020128824476650563,
190,14.714170692431562,33.91035963499731,17.58588298443371,9.695383789586689,4.8376274825550185,8.99087493290392,7.232957595276436,0.08051529790660225,2.932098765432099,0.020128824476650563,
191,14.861782071927,33.883521202361784,17.54562533548041,9.695383789586689,4.8376274825550185,9.044551798174986,7.098765432098766,0.08051529790660225,2.932098765432099,0.020128824476650563,
192,14.955716586151368,33.782877079978526,16.841116478797638,9.695383789586689,4.8376274825550185,9.75577026301664,7.098765432098766,0.08051529790660225,2.932098765432099,0.020128824476650563,
193,15.143585614600108,33.66881374127751,16.76731078904992,9.695383789586689,4.8376274825550185,9.75577026301664,7.098765432098766,0.08051529790660225,2.932098765432099,0.020128824476650563,
194,15.217391304347826,33.64868491680086,16.720343531937736,9.695383789586689,4.830917874396135,9.75577026301664,7.098765432098766,0.08051529790660225,2.932098765432099,0.020128824476650563,
195,15.331454643048845,33.621846484165324,16.6129898013956,9.695383789586689,4.777241009125067,9.742351046698873,7.098765432098766,0.08051529790660225,3.0193236714975846,0.020128824476650563,
196,15.445517981749866,33.621846484165324,16.6129898013956,9.77589908749329,4.777241009125067,9.681964573268921,6.964573268921095,0.08051529790660225,3.0193236714975846,0.020128824476650563,
197,15.411969940955448,33.50107353730542,16.5727321524423,10.010735373054214,4.777241009125067,9.681964573268921,6.9243156199677935,0.08051529790660225,3.0193236714975846,0.020128824476650563,
198,15.60654857756307,33.393719806763286,16.445249597423512,9.96376811594203,4.777241009125067,9.681964573268921,6.89747718733226,0.08051529790660225,3.1333870101986045,0.020128824476650563,
199,15.70048309178744,33.36688137412775,16.431830381105744,9.96376811594203,4.777241009125067,9.473966720343531,6.984702093397746,0.08051529790660225,3.113258185721954,0.10735373054213634,
200,15.713902308105206,33.32662372517445,16.42512077294686,10.104669887278583,4.777241009125067,9.366612989801396,6.984702093397746,0.08051529790660225,3.113258185721954,0.10735373054213634,
201,15.405260332796564,33.272946859903385,16.33118625872249,10.0979602791197,4.7638217928073,9.366612989801396,7.501341921631776,0.08051529790660225,3.0730005367686526,0.10735373054213634,
202,15.458937198067632,33.11862587224906,16.33118625872249,9.916800858829845,5.045625335480408,9.366612989801396,7.501341921631776,0.08051529790660225,3.0730005367686526,0.10735373054213634,
203,15.465646806226516,33.11862587224906,16.324476650563607,9.628287707997853,4.911433172302737,9.366612989801396,7.950885668276973,0.08051529790660225,3.046162104133119,0.10735373054213634,
204,15.485775630703166,33.11862587224906,16.31105743424584,9.628287707997853,4.911433172302737,9.366612989801396,7.950885668276973,0.08051529790660225,3.0394524959742353,0.10735373054213634,
205,15.619967793880837,33.07836822329576,16.21712292002147,9.628287707997853,4.911433172302737,9.366612989801396,7.950885668276973,0.08051529790660225,3.0394524959742353,0.10735373054213634,
206,15.11003757380569,31.689479334406872,16.183574879227052,12.184648416532475,4.448470209339774,9.23913043478261,7.917337627482555,0.08051529790660225,3.0394524959742353,0.10735373054213634,
207,15.163714439076758,31.689479334406872,16.170155662909288,12.164519592055823,4.448470209339774,9.23913043478261,7.9039184111647875,0.08051529790660225,3.0327428878153517,0.10735373054213634,
208,15.230810520665592,31.662640901771336,15.908480944712828,12.037037037037036,4.448470209339774,9.23913043478261,7.9039184111647875,0.08051529790660225,3.2675791733762747,0.2214170692431562,
209,15.136876006441224,31.280193236714975,15.908480944712828,12.037037037037036,4.441760601180891,9.722222222222221,7.9039184111647875,0.08051529790660225,3.2675791733762747,0.2214170692431562,
210,15.069779924852389,29.871175523349436,15.908480944712828,11.694847020933977,4.441760601180891,11.594202898550725,7.87037037037037,0.08051529790660225,3.2474503488996245,0.2214170692431562,
211,15.237520128824476,29.837627482555018,15.868223295759528,11.634460547504025,4.441760601180891,11.594202898550725,7.843531937734836,0.08051529790660225,3.240740740740741,0.2214170692431562,
212,15.49248523886205,29.55582393988191,15.787707997852925,11.634460547504025,4.441760601180891,11.782071926999464,7.809983896940419,0.08051529790660225,3.193773483628556,0.2214170692431562,
213,15.72061191626409,29.294149221685455,15.666935050993022,11.627750939345143,4.441760601180891,11.969940955448202,7.809983896940419,0.08051529790660225,3.166935050993022,0.2214170692431562,
214,15.734031132581856,29.260601180891037,15.666935050993022,11.580783682232958,4.562533548040794,11.969940955448202,7.75630703166935,0.08051529790660225,3.166935050993022,0.2214170692431562,
215,15.874932903918411,29.186795491143318,15.666935050993022,11.560654857756306,4.51556629092861,11.969940955448202,7.75630703166935,0.08051529790660225,3.166935050993022,0.2214170692431562,
216,15.848094471282877,29.186795491143318,15.599838969404187,11.513687600644122,4.51556629092861,11.969940955448202,7.75630703166935,0.08051529790660225,3.307836822329576,0.2214170692431562,
217,15.935319377348362,28.898282340311326,15.418679549114332,11.486849168008588,4.4820182501341925,12.23161567364466,7.742887815351583,0.08051529790660225,3.502415458937198,0.2214170692431562,
218,15.908480944712828,28.06629092860977,15.418679549114332,11.466720343531938,4.4820182501341925,13.110574342458401,7.742887815351583,0.08051529790660225,3.502415458937198,0.2214170692431562,
219,16.056092324208265,27.67042404723564,15.405260332796564,11.399624261943103,4.455179817498658,13.358829844337091,7.716049382716049,0.08051529790660225,3.6366076221148687,0.2214170692431562,
220,16.09634997316157,27.67042404723564,15.405260332796564,11.399624261943103,4.428341384863124,13.358829844337091,7.702630166398282,0.08051529790660225,3.6366076221148687,0.2214170692431562,
221,16.23725174449812,27.61003757380569,15.378421900161031,11.29898013955985,4.414922168545357,13.43263553408481,7.702630166398282,0.08051529790660225,3.6231884057971016,0.2214170692431562,
222,16.304347826086957,27.469135802469136,15.324745034889963,11.2788513150832,4.414922168545357,13.613794954374665,7.702630166398282,0.08051529790660225,3.589640365002684,0.2214170692431562,
223,16.304347826086957,27.462426194310254,15.318035426731079,11.2788513150832,4.414922168545357,13.714439076757918,7.702630166398282,0.08051529790660225,3.502415458937198,0.2214170692431562,
224,16.384863123993558,27.462426194310254,15.28448738593666,11.2788513150832,4.414922168545357,13.707729468599034,7.6623725174449815,0.08051529790660225,3.502415458937198,0.2214170692431562,
225,16.465378421900162,27.42216854535695,15.28448738593666,11.272141706924316,4.414922168545357,13.674181427804616,7.6623725174449815,0.08051529790660225,3.502415458937198,0.2214170692431562,
226,16.532474503488995,27.38191089640365,15.28448738593666,11.265432098765432,4.414922168545357,13.674181427804616,7.6556629092860975,0.08051529790660225,3.488996242619431,0.2214170692431562,
227,16.686795491143318,27.34836285560923,15.26435856146001,11.225174449812132,4.414922168545357,13.627214170692431,7.648953301127214,0.08051529790660225,3.4822866344605474,0.2214170692431562,
228,16.854535695115406,27.220880300590444,15.096618357487923,11.225174449812132,4.3545356951154055,13.674181427804616,7.601986044015029,0.08051529790660225,3.670155662909286,0.2214170692431562,
229,16.928341384863124,27.180622651637144,15.042941492216855,11.225174449812132,4.3545356951154055,13.707729468599034,7.588566827697263,0.08051529790660225,3.670155662909286,0.2214170692431562,
230,16.928341384863124,27.160493827160494,15.08990874932904,11.198336017176597,4.3545356951154055,13.707729468599034,7.588566827697263,0.08051529790660225,3.670155662909286,0.2214170692431562,
231,17.07595276435856,27.13365539452496,15.056360708534621,11.178207192699947,4.334406870638754,13.674181427804616,7.588566827697263,0.08051529790660225,3.656736446591519,0.2214170692431562,
232,17.223564143854,27.113526570048307,14.982555018786902,11.178207192699947,4.334406870638754,13.674181427804616,7.5348899624261945,0.08051529790660225,3.656736446591519,0.2214170692431562,
233,16.982018250134193,27.066559312936125,14.700751476113794,11.117820719269995,4.334406870638754,13.674181427804616,8.219269994632313,0.08051529790660225,3.603059581320451,0.2214170692431562,
234,17.03569511540526,27.026301663982824,14.640365002683843,11.07085346215781,4.2270531400966185,13.654052603327965,8.219269994632313,0.1878690284487386,3.717122920021471,0.2214170692431562,
235,17.257112184648417,26.986044015029524,14.600107353730541,10.976918947933441,4.200214707461084,13.7211486849168,8.132045088566828,0.1878690284487386,3.717122920021471,0.2214170692431562,
236,17.317498658078367,26.979334406870638,14.526301663982823,10.963499731615673,4.200214707461084,13.808373590982287,8.07836822329576,0.1878690284487386,3.717122920021471,0.2214170692431562,
237,17.465110037573805,26.979334406870638,14.392109500805153,10.963499731615673,4.200214707461084,13.808373590982287,8.071658615136876,0.1878690284487386,3.7104133118625873,0.2214170692431562,
238,17.58588298443371,26.959205582393988,14.351851851851851,10.950080515297907,4.200214707461084,13.774825550187868,8.05823939881911,0.1878690284487386,3.7104133118625873,0.2214170692431562,
239,17.70665593129361,26.878690284487387,14.237788513150832,10.923242082662373,4.240472356414386,13.754696725711218,8.044820182501342,0.28180354267310787,3.7104133118625873,0.2214170692431562,
240,17.66639828234031,26.878690284487387,14.217659688674182,11.285560923242082,4.1129898013955986,13.607085346215781,8.024691358024691,0.27509393451422437,3.7104133118625873,0.2214170692431562,
241,17.713365539452496,26.878690284487387,14.217659688674182,11.352657004830919,3.9989264626945786,13.607085346215781,8.024691358024691,0.27509393451422437,3.7104133118625873,0.2214170692431562,
242,17.941492216854535,26.77133655394525,14.170692431561998,11.252012882447666,3.9720880300590444,13.600375738056897,8.024691358024691,0.38915727321524424,3.656736446591519,0.2214170692431562,
