,45,50,55,51,52,56,57,53,54,58,59,60,61,62,63,46
0,99.21497584541063,0.785024154589372,,,,,,,,,,,,,,
1,81.69618894256575,18.169618894256576,0.13419216317767044,,,,,,,,,,,,,
2,74.13446054750402,25.677670424047236,0.16774020397208803,0.020128824476650563,,,,,,,,,,,,
3,74.09420289855072,25.670960815888353,0.1878690284487386,0.020128824476650563,0.026838432635534086,,,,,,,,,,,
4,62.58722490606549,25.275093934514224,0.20128824476650564,11.929683306494901,0.0067096081588835215,,,,,,,,,,,
5,50.42941492216855,30.099302200751477,0.1274825550187869,19.249865807836823,,0.0939345142243693,,,,,,,,,,
6,50.375738056897475,29.817498658078367,0.8722490606548577,13.298443370907139,5.562265163714439,0.07380568974771873,,,,,,,,,,
7,46.564680622651636,27.851583467525497,0.9460547504025765,19.00161030595813,5.562265163714439,0.07380568974771873,,,,,,,,,,
8,46.202361782071925,28.005904455179817,0.7447665056360708,18.84728931830381,5.938003220611916,0.2281266774020397,0.03354804079441761,,,,,,,,,
9,39.64707461084273,21.30300590445518,0.6575415995705851,32.420826623725176,5.917874396135265,,0.05367686527106817,,,,,,,,,
10,39.57997852925389,21.195652173913043,0.6776704240472357,32.1256038647343,5.917874396135265,0.4495437466451959,0.05367686527106817,,,,,,,,,
11,39.09688674181428,21.027911969940956,0.6776704240472357,32.085346215781,6.608964036500268,0.4495437466451959,0.05367686527106817,,,,,,,,,
12,39.10359634997316,20.987654320987655,0.7179280730005367,31.944444444444443,6.608964036500268,0.5837359098228664,0.05367686527106817,,,,,,,,,
13,39.14385399892646,20.96081588835212,0.7447665056360708,31.904186795491142,6.575415995705851,0.5837359098228664,0.08722490606548577,,,,,,,,,
14,7.816693505099302,53.207192699946326,0.7581857219538379,23.65136876006441,13.654052603327965,0.785024154589372,0.1274825550187869,,,,,,,,,
15,7.816693505099302,53.213902308105204,0.7783145464304885,23.597691894793343,13.654052603327965,0.8118625872249061,0.1274825550187869,,,,,,,,,
16,6.119162640901771,48.78556092324208,1.0534084809447128,30.48174986580784,13.211218464841654,0.2214170692431562,0.1274825550187869,,,,,,,,,
17,6.146001073537305,48.62453032742888,1.2278582930756843,24.966451959205582,18.57890499194847,0.2683843263553409,0.1878690284487386,,,,,,,,,
18,6.125872249060655,41.04938271604938,1.1943102522812667,24.93961352657005,18.5654857756307,0.2683843263553409,0.20128824476650564,7.6556629092860975,,,,,,,,
19,6.206387546967257,33.64868491680086,8.548040794417606,24.838969404186795,18.51851851851852,0.36902844873859364,0.20128824476650564,7.64224369296833,0.026838432635534086,,,,,,,
20,6.266774020397209,33.5077831454643,8.467525496511003,24.805421363392377,18.511808910359633,0.4025764895330113,0.20128824476650564,7.5348899624261945,0.013419216317767043,0.1274825550187869,0.1610305958132045,,,,,
21,6.286902844873859,33.43397745571659,8.514492753623188,24.771873322597962,18.438003220611915,0.4294149221685454,0.27509393451422437,7.5348899624261945,0.013419216317767043,0.1274825550187869,0.1610305958132045,0.013419216317767043,,,,
22,6.320450885668277,33.07836822329576,8.769457863660762,24.55716586151369,18.38432635534085,0.6776704240472357,0.30193236714975846,7.561728395061729,0.013419216317767043,0.1274825550187869,0.1610305958132045,0.04696725711218465,,,,
23,6.374127750939345,32.72275899087493,9.07139023081052,24.54374664519592,18.38432635534085,0.6910896403650026,0.30193236714975846,7.561728395061729,0.013419216317767043,0.1274825550187869,0.1610305958132045,0.04696725711218465,,,,
24,6.347289318303811,32.71604938271605,9.07139023081052,27.89855072463768,14.97584541062802,0.8118625872249061,0.27509393451422437,7.092055823939882,0.013419216317767043,0.15432098765432098,0.5971551261406334,0.04696725711218465,,,,
25,6.1862587224906065,31.709608158883523,9.098228663446054,24.90606548577563,14.432367149758454,1.1406333870101986,0.27509393451422437,11.419753086419753,0.013419216317767043,0.15432098765432098,0.6172839506172839,0.04696725711218465,,,,
26,5.307300053676865,29.851046698872786,7.575147611379496,29.240472356414386,14.418947933440688,0.8923778851315083,0.4562533548040794,11.406333870101985,0.013419216317767043,0.15432098765432098,0.6172839506172839,0.06709608158883522,,,,
27,5.367686527106817,29.53569511540526,7.64224369296833,28.77750939345142,14.096886741814279,1.8518518518518519,0.46967257112184646,11.406333870101985,0.013419216317767043,0.15432098765432098,0.6172839506172839,0.06709608158883522,,,,
28,5.394524959742351,29.528985507246375,7.635534084809447,28.166935050993022,13.285024154589372,1.778046162104133,0.46296296296296297,12.895866881374127,0.013419216317767043,0.15432098765432098,0.6172839506172839,0.06709608158883522,,,,
29,5.441492216854535,29.294149221685455,7.856951154052603,25.87224906065486,13.251476113794954,1.8048845947396672,0.49651100375738055,15.069779924852389,0.013419216317767043,0.18115942028985507,0.6374127750939346,0.06709608158883522,0.013419216317767043,,,
30,5.508588298443371,29.220343531937736,7.917337627482555,25.831991411701555,13.238056897477188,1.8048845947396672,0.49651100375738055,15.069779924852389,0.013419216317767043,0.18115942028985507,0.6374127750939346,0.06709608158883522,0.013419216317767043,,,
31,5.495169082125604,29.180085882984432,7.944176060118089,30.495169082125603,11.372785829307569,1.596886741814278,0.4227053140096618,12.567096081588835,0.013419216317767043,0.18115942028985507,0.6374127750939346,0.08051529790660225,0.013419216317767043,,,
32,3.5628019323671496,15.935319377348362,1.892109500805153,57.23295759527644,15.841384863123993,1.0466988727858293,0.08722490606548577,4.0995705850778315,,,0.2885131508319914,,0.013419216317767043,,,
33,3.0327428878153517,10.82259796027912,1.6975308641975309,52.851583467525494,20.50456253354804,1.6103059581320451,0.14090177133655393,2.6167471819645733,6.66935050993022,0.05367686527106817,,,,,,
34,3.0595813204508855,10.82259796027912,1.6975308641975309,52.77106816961889,20.497852925389157,1.6774020397208802,0.14090177133655393,2.589908749329039,6.662640901771336,0.08051529790660225,,,,,,
35,0.5904455179817498,5.964841653247451,1.3955984970477724,51.09366612989801,29.97181964573269,1.5901771336553945,0.11406333870101985,2.563070316693505,6.635802469135802,0.08051529790660225,,,,,,
36,0.644122383252818,5.9514224369296835,1.3955984970477724,50.91250670960816,29.965110037573805,1.737788513150832,0.11406333870101985,2.5496511003757383,6.635802469135802,0.0939345142243693,,,,,,
37,0.43612453032742887,4.891304347826087,0.5770263016639828,69.30354267310788,15.009393451422437,1.9390767579173376,0.06709608158883522,2.5496511003757383,5.132850241545894,0.0939345142243693,,,,,,
38,0.4092860976918948,4.891304347826087,0.5770263016639828,69.43102522812667,15.009393451422437,1.9256575415995705,0.06709608158883522,2.475845410628019,5.119431025228127,0.0939345142243693,,,,,,
39,0.5032206119162641,4.8376274825550185,0.5770263016639828,69.33709071390231,14.982555018786902,1.9793344068706387,0.0939345142243693,2.462426194310252,5.119431025228127,0.10735373054213634,,,,,,
40,0.49651100375738055,4.8376274825550185,0.9863123993558777,68.4447128287708,14.949006977992486,2.4892646269457863,0.10735373054213634,2.4221685453569513,5.119431025228127,0.14761137949543746,,,,,,
41,0.5300590445517982,4.804079441760601,0.7716049382716049,61.090982286634464,21.108427267847556,4.38137412775094,0.14090177133655393,1.9122383252818036,5.112721417069243,0.14761137949543746,,,,,,
42,0.46296296296296297,4.790660225442834,0.7716049382716049,72.41009125067096,9.359903381642512,4.032474503488996,0.11406333870101985,1.90552871712292,6.005099302200751,0.14761137949543746,,,,,,
43,0.49651100375738055,4.542404723564144,0.7716049382716049,69.96108427267848,12.93612453032743,5.005367686527107,0.19457863660762212,0.08722490606548577,6.005099302200751,,,,,,,
44,0.5099302200751477,4.53569511540526,0.7716049382716049,69.84031132581858,12.882447665056361,5.119431025228127,0.24825550187869028,0.08722490606548577,6.005099302200751,,,,,,,
45,0.5703166935050993,4.51556629092861,0.7716049382716049,66.37815351583467,12.76838432635534,8.61513687600644,0.28180354267310787,0.08722490606548577,5.877616747181965,,0.13419216317767044,,,,,
46,0.5367686527106817,4.51556629092861,1.6170155662909287,62.0907139023081,16.854535695115406,8.004562533548041,0.28180354267310787,0.08722490606548577,5.877616747181965,,0.13419216317767044,,,,,
47,0.5636070853462157,4.51556629092861,2.368491680085883,61.16478797638218,16.780730005367687,8.152173913043478,0.35560923242082665,0.08722490606548577,5.877616747181965,,0.13419216317767044,,,,,
48,0.6038647342995169,4.51556629092861,2.368491680085883,61.04401502952228,16.6935050993022,8.246108427267847,0.41599570585077833,0.08722490606548577,5.870907139023081,0.013419216317767043,0.13419216317767044,0.0067096081588835215,,,,
49,0.6374127750939346,4.374664519592056,3.535963499731616,57.03166935050993,16.6935050993022,7.803274288781535,0.41599570585077833,4.5893719806763285,4.62962962962963,0.013419216317767043,0.13419216317767044,0.14090177133655393,,,,
50,0.6776704240472357,4.367954911433173,3.535963499731616,56.837090713902306,16.6935050993022,7.96430488459474,0.41599570585077833,4.5893719806763285,4.62962962962963,0.013419216317767043,0.13419216317767044,0.14090177133655393,,,,
51,0.7581857219538379,4.367954911433173,3.535963499731616,56.5955448201825,16.666666666666668,8.158883521202362,0.4428341384863124,4.555823939881911,4.62962962962963,0.013419216317767043,0.13419216317767044,0.14090177133655393,,,,
52,0.8051529790660226,4.361245303274289,3.535963499731616,54.64975845410628,16.666666666666668,8.017981749865807,0.4428341384863124,6.608964036500268,4.622920021470746,0.013419216317767043,0.13419216317767044,0.14090177133655393,,,,
53,0.6977992485238862,4.327697262479871,3.307836822329576,50.85882984433709,15.378421900161031,8.313204508856682,0.4092860976918948,13.419216317767042,3.113258185721954,,0.013419216317767043,0.14090177133655393,0.020128824476650563,,,
54,0.6910896403650026,4.327697262479871,7.863660762211487,52.24771873322598,11.520397208803006,8.044820182501342,0.27509393451422437,11.741814278046162,3.1333870101986045,,0.013419216317767043,0.14090177133655393,,,,
55,0.7581857219538379,4.314278046162104,7.997852925389157,52.012882447665056,11.506977992485238,8.09849704777241,0.27509393451422437,11.714975845410628,3.1333870101986045,0.03354804079441761,0.013419216317767043,0.14090177133655393,,,,
56,0.8252818035426731,4.314278046162104,7.997852925389157,50.68438003220612,12.882447665056361,8.09849704777241,0.39586688137412773,11.708266237251744,2.8918411164787976,0.040257648953301126,0.013419216317767043,0.14761137949543746,,,,
57,0.8923778851315083,4.314278046162104,7.944176060118089,50.55018786902845,12.875738056897477,8.185721953837897,0.39586688137412773,11.674718196457327,2.8918411164787976,0.07380568974771873,0.040257648953301126,0.1610305958132045,,,,
58,0.798443370907139,1.9592055823939882,6.870638754696726,38.66747181964573,18.612453032742888,11.104401502952227,0.4562533548040794,18.38432635534085,2.831454643048846,0.08722490606548577,0.026838432635534086,0.1610305958132045,,0.040257648953301126,,
59,0.798443370907139,1.9592055823939882,6.870638754696726,38.55340848094471,18.50509930220075,11.198336017176597,0.5636070853462157,18.223295759527645,2.831454643048846,0.24825550187869028,0.026838432635534086,0.1610305958132045,,0.06038647342995169,,
60,0.8387010198604401,1.9592055823939882,6.870638754696726,38.499731615673646,18.250134192163177,11.231884057971014,0.8319914117015567,18.209876543209877,2.804616210413312,0.2549651100375738,0.026838432635534086,0.1610305958132045,,0.06038647342995169,,
61,0.8990874932903918,1.9592055823939882,6.830381105743425,38.27831454643049,18.156199677938808,11.473429951690822,0.8588298443370908,18.02200751476114,2.7844873859366612,0.46296296296296297,0.05367686527106817,0.1610305958132045,,0.06038647342995169,,
62,0.8722490606548577,1.9592055823939882,6.850509930220075,38.22463768115942,19.108964036500268,10.587761674718196,0.8588298443370908,17.92807300053677,2.7844873859366612,0.5501878690284487,0.05367686527106817,0.1610305958132045,,0.06038647342995169,,
63,0.6910896403650026,0.8789586688137413,6.870638754696726,41.93505099302201,16.552603327965645,7.85024154589372,0.7179280730005367,15.197262479871176,8.588298443370908,0.5166398282340311,0.07380568974771873,0.1274825550187869,,,,
64,0.7380568974771873,0.8789586688137413,6.870638754696726,41.888083735909824,16.42512077294686,7.836822329575953,0.8789586688137413,15.183843263553408,8.548040794417606,0.5166398282340311,0.08051529790660225,0.1274825550187869,0.026838432635534086,,,
65,0.7112184648416533,0.7917337627482555,6.3070316693505095,51.55662909286098,18.67283950617284,4.502147074610843,0.8789586688137413,9.138486312399356,7.078636607622115,0.2885131508319914,0.026838432635534086,0.020128824476650563,0.026838432635534086,,,
66,0.7917337627482555,0.7917337627482555,6.293612453032743,51.48282340311326,18.67283950617284,4.508856682769726,0.8789586688137413,9.125067096081589,7.071926999463232,0.2885131508319914,0.03354804079441761,0.03354804079441761,0.026838432635534086,,,
67,0.8051529790660226,0.7917337627482555,5.46833064949007,51.1808910359635,18.605743424584006,4.643048845947397,0.8588298443370908,10.205314009661835,7.071926999463232,0.2885131508319914,0.03354804079441761,0.020128824476650563,0.026838432635534086,,,
68,0.8588298443370908,0.7917337627482555,6.199677938808374,50.66425120772947,18.209876543209877,4.757112184648417,0.8856682769726248,10.205314009661835,7.058507783145465,0.2885131508319914,0.03354804079441761,0.020128824476650563,0.026838432635534086,,,
69,0.9326355340848095,0.7917337627482555,6.199677938808374,50.556897477187334,18.136070853462158,4.790660225442834,0.9460547504025765,10.205314009661835,7.058507783145465,0.2885131508319914,0.04696725711218465,0.020128824476650563,0.026838432635534086,,,
70,0.9930220075147611,0.7917337627482555,6.233225979602791,50.496511003757384,18.10252281266774,4.797369833601718,0.9460547504025765,10.185185185185185,7.0450885668276975,0.2885131508319914,0.04696725711218465,0.04696725711218465,0.026838432635534086,,,
71,0.7246376811594203,0.6642512077294686,5.8172302737520125,39.02308105206656,43.183038110574344,4.019055287171229,0.9460547504025765,2.844873859366613,2.462426194310252,0.23483628556092323,0.03354804079441761,0.04696725711218465,,,,
72,0.6709608158883521,0.6642512077294686,4.206924315619967,34.37332259796028,49.84567901234568,3.9184111647879765,0.8923778851315083,2.9790660225442833,2.0128824476650564,0.35560923242082665,0.03354804079441761,0.04696725711218465,,,,
73,0.7246376811594203,0.6642512077294686,4.206924315619967,34.27938808373591,49.75174449812131,3.9519592055823938,0.9930220075147611,2.9790660225442833,1.9860440150295222,0.35560923242082665,0.06038647342995169,0.04696725711218465,,,,
74,0.7045088566827697,0.6642512077294686,4.133118625872249,25.147611379495437,49.61084272678475,3.4621578099838968,1.0735373054213635,12.781803542673108,1.9189479334406871,0.36902844873859364,0.06038647342995169,0.07380568974771873,,,,
75,0.798443370907139,0.6642512077294686,4.133118625872249,25.033548040794418,49.22168545356951,3.4957058507783145,1.1473429951690821,12.74825550187869,2.254428341384863,0.36902844873859364,0.06038647342995169,0.07380568974771873,,,,
76,0.8319914117015567,0.6642512077294686,4.133118625872249,25.006709608158882,49.11433172302738,3.5225442834138487,1.221148684916801,12.285292538915728,2.227589908749329,0.8252818035426731,0.08722490606548577,0.07380568974771873,,,0.0067096081588835215,
77,0.7783145464304885,0.6642512077294686,4.126409017713366,23.336017176596886,57.830112721417066,3.374932903918411,1.2412775093934514,6.078904991948471,2.006172839506173,0.4025764895330113,0.08722490606548577,0.07380568974771873,,,,
78,0.7917337627482555,0.6642512077294686,4.126409017713366,23.309178743961354,57.669082125603865,3.4017713365539453,1.3888888888888888,5.897745571658615,2.006172839506173,0.5837359098228664,0.08722490606548577,0.07380568974771873,,,,
79,0.8588298443370908,0.6642512077294686,4.126409017713366,23.309178743961354,57.56172839506173,3.4017713365539453,1.4090177133655395,5.897745571658615,2.006172839506173,0.6038647342995169,0.08722490606548577,0.07380568974771873,,,,
80,0.8990874932903918,0.6642512077294686,4.126409017713366,22.96027911969941,57.71604938271605,3.4286097691894795,1.5029522275899088,5.803811057434245,2.0128824476650564,0.7246376811594203,0.08722490606548577,0.07380568974771873,,,,
81,0.9057971014492754,0.6642512077294686,3.7909286097691894,22.638217928073,54.730273752012884,3.026033279656468,1.583467525496511,9.192163177670425,2.5697799248523885,0.7380568974771873,0.08722490606548577,0.07380568974771873,,,,
82,0.9192163177670424,0.6642512077294686,3.7775093934514223,22.63150831991412,54.63633923778851,2.9924852388620504,1.6774020397208802,9.084809447128288,2.6033279656468062,0.8521202361782072,0.08722490606548577,0.07380568974771873,,,,
83,0.966183574879227,0.6642512077294686,3.7775093934514223,22.5979602791197,54.2337627482555,3.321256038647343,1.737788513150832,9.084809447128288,2.6033279656468062,0.8521202361782072,0.08722490606548577,0.07380568974771873,,,,
84,0.966183574879227,0.6642512077294686,4.998658078368224,22.5577026301664,52.81132581857219,3.307836822329576,1.9659151905528718,9.078099838969404,2.6301663982823404,0.8588298443370908,0.08722490606548577,0.07380568974771873,,,,
85,0.9863123993558777,0.6642512077294686,4.998658078368224,22.550993022007514,52.74422973698336,3.307836822329576,2.033011272141707,9.01100375738057,2.6301663982823404,0.9125067096081588,0.08722490606548577,0.07380568974771873,,,,
86,1.0332796564680622,0.6642512077294686,4.998658078368224,22.517444981213096,52.65700483091788,3.294417606011809,2.13365539452496,8.984165324745035,2.6502952227589907,0.9057971014492754,0.08722490606548577,0.07380568974771873,,,,
87,0.9930220075147611,0.6575415995705851,4.408212560386473,26.50295222758991,49.25523349436393,3.2541599570585076,2.227589908749329,8.917069243156199,2.6502952227589907,0.9728931830381106,0.08722490606548577,0.07380568974771873,,,,
88,1.0735373054213635,0.6575415995705851,4.408212560386473,26.341921631776703,49.04723564143854,3.4420289855072466,2.3752012882447664,8.917069243156199,2.6033279656468062,0.9728931830381106,0.08722490606548577,0.07380568974771873,,,,
89,0.9930220075147611,0.6575415995705851,3.717122920021471,38.439345142243695,39.78797638217928,2.918679549114332,2.2879763821792807,8.628556092324208,1.4559849704777241,0.9997316156736447,0.040257648953301126,0.07380568974771873,,,,
90,1.0131508319914118,0.6575415995705851,3.717122920021471,38.38566827697262,39.66720343531938,2.945517981749866,2.3886205045625335,8.628556092324208,1.4694041867954912,1.0131508319914118,0.040257648953301126,0.07380568974771873,,,,
91,1.0534084809447128,0.6575415995705851,3.717122920021471,38.33199141170156,39.62694578636608,2.9924852388620504,2.395330112721417,8.628556092324208,1.4694041867954912,1.0131508319914118,0.040257648953301126,0.07380568974771873,,,,
92,1.0265700483091786,0.6508319914117016,3.730542136339238,29.220343531937736,47.396672034353195,3.1065485775630703,2.38191089640365,9.88996242619431,1.4694041867954912,1.0131508319914118,0.040257648953301126,0.07380568974771873,,,,
93,1.0399892646269457,0.6508319914117016,3.730542136339238,29.11969940955448,46.43719806763285,4.159957058507783,2.395330112721417,9.88996242619431,1.4694041867954912,0.9930220075147611,0.040257648953301126,0.07380568974771873,,,,
94,1.0466988727858293,0.6508319914117016,3.8311862587224907,29.05931293612453,46.39023081052066,4.119699409554482,2.4355877616747184,9.88996242619431,1.4694041867954912,0.9930220075147611,0.040257648953301126,0.07380568974771873,,,,
95,1.0601180891035964,0.6508319914117016,3.8311862587224907,28.395061728395063,46.28958668813741,4.810789049919484,2.4825550187869028,9.88996242619431,1.4694041867954912,0.9930220075147611,0.05367686527106817,0.07380568974771873,,,,
96,1.107085346215781,0.6508319914117016,3.8311862587224907,28.327965646806227,46.242619431025226,4.797369833601718,2.5295222758990876,9.88996242619431,1.4694041867954912,0.9930220075147611,0.05367686527106817,0.07380568974771873,0.03354804079441761,,,
97,1.1473429951690821,0.6508319914117016,3.8311862587224907,28.31454643048846,46.162104133118625,4.810789049919484,2.576489533011272,9.829575952764358,1.4962426194310252,1.0198604401502953,0.05367686527106817,0.07380568974771873,0.03354804079441761,,,
98,1.2144390767579174,0.644122383252818,3.8580246913580245,28.30112721417069,46.041331186258724,4.810789049919484,2.6838432635534084,9.796027911969942,1.4962426194310252,1.0198604401502953,0.05367686527106817,0.04696725711218465,0.03354804079441761,,,
99,1.2412775093934514,0.644122383252818,3.8580246913580245,28.213902308105208,45.93397745571659,4.871175523349437,2.791196994095545,9.796027911969942,1.4962426194310252,1.0198604401502953,0.05367686527106817,0.04696725711218465,0.03354804079441761,,,
100,1.261406333870102,0.644122383252818,3.8580246913580245,28.213902308105208,45.880300590445515,4.871175523349437,2.8113258185721954,9.796027911969942,1.4962426194310252,1.0332796564680622,0.05367686527106817,0.04696725711218465,0.03354804079441761,,,
101,1.3150831991411702,0.644122383252818,3.8580246913580245,28.12667740203972,45.82662372517445,4.884594739667204,2.945517981749866,9.73564143853999,1.4962426194310252,1.0332796564680622,0.05367686527106817,0.04696725711218465,0.03354804079441761,,,
102,1.3217928073000538,0.644122383252818,3.8580246913580245,28.026033279656467,45.71926999463231,4.904723564143854,3.193773483628556,9.681964573268921,1.4962426194310252,1.0198604401502953,0.05367686527106817,0.04696725711218465,0.03354804079441761,,,
103,1.3217928073000538,0.644122383252818,3.878153515834675,27.958937198067634,44.920826623725176,4.911433172302737,3.2340311325818574,9.648416532474503,2.301395598497048,1.0466988727858293,0.05367686527106817,0.04696725711218465,0.03354804079441761,,,
104,1.3888888888888888,0.644122383252818,3.878153515834675,27.78448738593666,44.907407407407405,4.609500805152979,3.3011272141706924,9.634997316156737,2.6704240472356413,1.0466988727858293,0.05367686527106817,0.04696725711218465,0.03354804079441761,,,
105,1.442565754159957,0.644122383252818,3.9586688137412773,27.75764895330113,44.02844873859367,4.864465915190553,3.8043478260869565,9.655126140633387,2.690552871712292,1.0198604401502953,0.05367686527106817,0.04696725711218465,0.03354804079441761,,,
106,1.4962426194310252,0.644122383252818,3.9586688137412773,27.750939345142243,43.907675791733766,4.864465915190553,3.878153515834675,9.614868491680086,2.690552871712292,1.0601180891035964,0.05367686527106817,0.04696725711218465,0.03354804079441761,,,
107,1.5432098765432098,0.644122383252818,4.092860976918948,27.730810520665592,43.74664519592056,4.87788513150832,3.8580246913580245,9.473966720343531,2.690552871712292,1.1674718196457328,0.06709608158883522,0.07380568974771873,0.03354804079441761,,,
108,1.583467525496511,0.644122383252818,4.092860976918948,27.67042404723564,43.08239398819109,4.87788513150832,4.575952764358561,9.473966720343531,2.657004830917874,1.1674718196457328,0.06709608158883522,0.07380568974771873,0.03354804079441761,,,
109,1.6639828234031133,0.644122383252818,4.092860976918948,27.603327965646805,43.01529790660226,4.931561996779388,4.582662372517445,9.46725711218465,2.657004830917874,1.1674718196457328,0.06709608158883522,0.07380568974771873,0.03354804079441761,,,
110,1.6841116478797638,0.644122383252818,4.086151368760064,27.51610305958132,42.76704240472356,5.065754159957058,4.736983360171766,9.46725711218465,2.6435856146001075,1.1808910359634996,0.10064412238325282,0.07380568974771873,0.03354804079441761,,,
111,1.6975308641975309,0.644122383252818,4.086151368760064,27.42216854535695,42.673107890499196,5.193236714975845,4.777241009125067,9.46725711218465,2.6435856146001075,1.1808910359634996,0.10735373054213634,0.07380568974771873,0.03354804079441761,,,
112,1.556629092860977,0.644122383252818,4.938271604938271,29.562533548040793,42.17659688674181,5.0993022007514766,4.884594739667204,7.763016639828234,2.2074610842726785,0.9326355340848095,0.13419216317767044,0.06709608158883522,0.03354804079441761,,,
113,1.6170155662909287,0.644122383252818,4.938271604938271,29.482018250134193,42.1430488459474,5.132850241545894,4.911433172302737,7.75630703166935,2.2074610842726785,0.9326355340848095,0.13419216317767044,0.06709608158883522,0.03354804079441761,,,
114,1.6237251744498122,0.644122383252818,4.938271604938271,29.421631776704242,42.04240472356415,5.10601180891036,4.978529253891573,7.776435856146001,2.254428341384863,0.9326355340848095,0.1610305958132045,0.06709608158883522,0.05367686527106817,,,
115,1.724369296833065,0.644122383252818,4.924852388620504,29.381374127750938,41.86795491143317,5.119431025228127,5.199946323134729,7.695920558239399,2.2342995169082127,0.9259259259259259,0.1610305958132045,0.06709608158883522,0.05367686527106817,,,
116,1.8183038110574343,0.6239935587761675,4.938271604938271,29.24718196457327,41.80085882984434,5.2066559312936125,5.199946323134729,7.695920558239399,2.2342995169082127,0.9259259259259259,0.1610305958132045,0.06709608158883522,0.08051529790660225,,,
117,1.8585614600107354,0.6239935587761675,4.938271604938271,29.21363392377885,41.74047235641439,5.2066559312936125,5.253623188405797,7.695920558239399,2.2342995169082127,0.9259259259259259,0.1610305958132045,0.06709608158883522,0.08051529790660225,,,
118,1.8451422436929683,0.6239935587761675,4.938271604938271,29.03918411164788,41.6129898013956,5.428073000536768,5.347557702630167,7.695920558239399,2.2342995169082127,0.9259259259259259,0.1610305958132045,0.06709608158883522,0.08051529790660225,,,
119,1.8719806763285025,0.6239935587761675,4.951690821256038,29.025764895330113,41.599570585077835,5.428073000536768,5.347557702630167,7.6556629092860975,2.2342995169082127,0.95276435856146,0.1610305958132045,0.06709608158883522,0.08051529790660225,,,
120,1.583467525496511,0.6239935587761675,4.730273752012883,35.66156736446592,36.8491680085883,5.340848094471283,5.340848094471283,6.253354804079442,2.5563607085346214,0.7514761137949544,0.1610305958132045,0.06709608158883522,0.08051529790660225,,,
121,1.6774020397208802,0.6239935587761675,4.74369296833065,35.547504025764894,36.72168545356951,5.46833064949007,5.374396135265701,6.239935587761675,2.5563607085346214,0.7514761137949544,0.1610305958132045,0.05367686527106817,0.08051529790660225,,,
122,1.7310789049919484,0.6239935587761675,4.757112184648417,35.23215244229737,36.65458937198068,5.756843800322061,5.401234567901234,6.239935587761675,2.5563607085346214,0.7514761137949544,0.1610305958132045,0.05367686527106817,0.08051529790660225,,,
123,1.6639828234031133,0.6239935587761675,4.696725711218465,39.398819108964034,33.7157809983897,5.803811057434245,5.0791733762748255,6.146001073537305,1.8250134192163177,0.7514761137949544,0.1610305958132045,0.05367686527106817,0.08051529790660225,,,
124,1.710950080515298,0.6239935587761675,5.018786902844874,38.969404186795494,33.48094471282877,5.797101449275362,5.374396135265701,6.146001073537305,1.8115942028985508,0.7716049382716049,0.1610305958132045,0.05367686527106817,0.08051529790660225,,,
125,1.7310789049919484,0.6239935587761675,5.032206119162641,38.51315083199141,33.19914117015566,6.494900697799249,5.387815351583468,6.125872249060655,1.8115942028985508,0.7716049382716049,0.1610305958132045,0.05367686527106817,0.0939345142243693,,,
126,1.710950080515298,0.6239935587761675,5.018786902844874,41.86124530327429,30.9447128287708,5.8172302737520125,5.307300053676865,6.078904991948471,1.4358561460010735,0.8923778851315083,0.1610305958132045,0.05367686527106817,0.0939345142243693,,,
127,1.7847557702630166,0.6239935587761675,5.018786902844874,41.74718196457327,30.9447128287708,5.864197530864198,5.307300053676865,6.078904991948471,1.4358561460010735,0.8923778851315083,0.1610305958132045,0.05367686527106817,0.08722490606548577,,,
128,1.8384326355340848,0.6239935587761675,5.032206119162641,41.6935050993022,30.83064949006978,5.83064949006978,5.374396135265701,6.0654857756307035,1.4358561460010735,0.8923778851315083,0.17444981213097155,0.05367686527106817,0.15432098765432098,,,
129,1.5633387010198605,0.2147074610842727,4.247181964573269,49.06736446591519,26.972624798711756,4.783950617283951,4.985238862050457,5.595813204508857,1.3352120236178207,0.8521202361782072,0.17444981213097155,0.05367686527106817,0.15432098765432098,,,
130,1.6103059581320451,0.2147074610842727,4.247181964573269,49.00697799248524,26.838432635534083,4.830917874396135,5.10601180891036,5.5756843800322065,1.3352120236178207,0.8521202361782072,0.17444981213097155,0.05367686527106817,0.15432098765432098,,,
131,1.6237251744498122,0.2147074610842727,4.280730005367687,48.960010735373054,26.82501341921632,4.777241009125067,5.132850241545894,5.562265163714439,1.3352120236178207,0.8521202361782072,0.17444981213097155,0.05367686527106817,0.1878690284487386,0.020128824476650563,,
132,1.6438539989264627,0.2147074610842727,4.260601180891036,47.43022007514761,26.650563607085346,4.750402576489533,5.273752012882448,5.562265163714439,2.885131508319914,0.8521202361782072,0.17444981213097155,0.07380568974771873,0.1878690284487386,0.020128824476650563,,0.020128824476650563
133,1.7042404723564144,0.2147074610842727,4.327697262479871,47.376543209876544,26.596886741814277,4.7168545356951155,5.300590445517981,5.508588298443371,2.885131508319914,0.8923778851315083,0.17444981213097155,0.07380568974771873,0.1878690284487386,0.020128824476650563,,0.020128824476650563
134,1.7579173376274826,0.2147074610842727,4.3545356951154055,47.32957595276436,26.583467525496513,4.690016103059581,5.260332796564681,5.495169082125604,2.885131508319914,0.9326355340848095,0.1878690284487386,0.07380568974771873,0.19457863660762212,0.020128824476650563,,0.020128824476650563
135,1.7981749865807837,0.2147074610842727,4.448470209339774,48.17498658078368,26.50295222758991,4.663177670424047,5.300590445517981,5.495169082125604,1.9726247987117553,0.9326355340848095,0.1878690284487386,0.07380568974771873,0.19457863660762212,0.020128824476650563,,0.020128824476650563
136,1.8585614600107354,0.2147074610842727,4.448470209339774,48.13472893183038,26.42914653784219,4.703435319377348,5.293880837359098,5.495169082125604,1.9927536231884058,0.9326355340848095,0.1878690284487386,0.07380568974771873,0.19457863660762212,0.020128824476650563,,0.020128824476650563
137,1.8988191089640365,0.2147074610842727,4.4820182501341925,48.087761674718195,26.402308105206657,4.7101449275362315,5.293880837359098,5.46833064949007,1.9927536231884058,0.9259259259259259,0.2147074610842727,0.07380568974771873,0.19457863660762212,0.020128824476650563,,0.020128824476650563
138,1.932367149758454,0.2147074610842727,4.4820182501341925,48.081052066559316,26.39559849704777,4.690016103059581,5.293880837359098,5.46833064949007,1.9927536231884058,0.9259259259259259,0.2147074610842727,0.07380568974771873,0.19457863660762212,0.020128824476650563,,0.020128824476650563
139,1.9457863660762211,0.2147074610842727,4.441760601180891,48.007246376811594,26.35534084809447,4.7168545356951155,5.307300053676865,5.46833064949007,2.046430488459474,0.9259259259259259,0.2147074610842727,0.08722490606548577,0.2281266774020397,0.020128824476650563,,0.020128824476650563
140,2.046430488459474,0.2147074610842727,4.461889425657541,47.81266774020397,26.207729468599034,4.911433172302737,5.3341384863123995,5.448201825013419,2.046430488459474,0.9460547504025765,0.2147074610842727,0.08722490606548577,0.2281266774020397,0.020128824476650563,,0.020128824476650563
141,2.120236178207193,0.2147074610842727,4.461889425657541,47.79253891572732,26.160762211486848,4.911433172302737,5.300590445517981,5.434782608695652,2.086688137412775,0.9460547504025765,0.2147074610842727,0.08722490606548577,0.2281266774020397,0.020128824476650563,,0.020128824476650563
142,2.147074610842727,0.2147074610842727,4.461889425657541,47.75228126677402,26.093666129898015,4.951690821256038,5.35426731078905,5.4549114331723025,2.0531400966183573,0.9460547504025765,0.2147074610842727,0.08722490606548577,0.2281266774020397,0.020128824476650563,,0.020128824476650563
143,2.147074610842727,0.2147074610842727,4.461889425657541,47.75228126677402,26.080246913580247,4.924852388620504,5.367686527106817,5.448201825013419,2.0799785292538915,0.95276435856146,0.2147074610842727,0.08722490606548577,0.2281266774020397,0.020128824476650563,,0.020128824476650563
144,2.187332259796028,0.2147074610842727,4.7638217928073,47.54428341384863,25.91921631776704,4.911433172302737,5.394524959742351,5.434782608695652,2.0799785292538915,0.95276435856146,0.2147074610842727,0.11406333870101985,0.2281266774020397,0.020128824476650563,,0.020128824476650563
145,2.1940418679549114,0.2147074610842727,4.944981213097155,47.14170692431562,25.91250670960816,5.119431025228127,5.401234567901234,5.441492216854535,2.0799785292538915,0.95276435856146,0.2147074610842727,0.11406333870101985,0.2281266774020397,0.020128824476650563,,0.020128824476650563
146,2.2074610842726785,0.2147074610842727,4.958400429414922,47.074610842726784,25.89237788513151,5.199946323134729,5.401234567901234,5.441492216854535,2.0799785292538915,0.9326355340848095,0.2147074610842727,0.11406333870101985,0.2281266774020397,0.020128824476650563,,0.020128824476650563
147,2.214170692431562,0.2147074610842727,5.018786902844874,46.081588835212024,25.89237788513151,6.139291465378422,5.401234567901234,5.441492216854535,2.100107353730542,0.9125067096081588,0.2147074610842727,0.10064412238325282,0.2281266774020397,0.020128824476650563,,0.020128824476650563
148,2.227589908749329,0.2147074610842727,4.958400429414922,46.01449275362319,25.811862587224905,6.1862587224906065,5.421363392377885,5.434782608695652,2.1940418679549114,0.9393451422436929,0.2147074610842727,0.10064412238325282,0.24154589371980675,0.020128824476650563,,0.020128824476650563
149,2.254428341384863,0.2147074610842727,4.958400429414922,45.591787439613526,25.771604938271604,6.152710681696189,5.4549114331723025,5.293880837359098,2.589908749329039,1.0064412238325282,0.2952227589908749,0.10064412238325282,0.27509393451422437,0.020128824476650563,,0.020128824476650563
150,2.254428341384863,0.2147074610842727,5.112721417069243,45.1959205582394,25.684380032206118,6.380837359098229,5.475040257648954,5.146269457863661,2.85829307568438,1.0265700483091786,0.23483628556092323,0.10064412238325282,0.27509393451422437,0.020128824476650563,,0.020128824476650563
151,2.2074610842726785,0.2147074610842727,5.112721417069243,45.169082125603865,25.637412775093935,6.414385399892646,5.515297906602254,5.146269457863661,2.9052603327965647,1.0265700483091786,0.23483628556092323,0.10064412238325282,0.27509393451422437,0.020128824476650563,,0.020128824476650563
152,2.2208803005904456,0.2147074610842727,5.199946323134729,44.41089640365003,25.597155126140635,7.118894256575416,5.515297906602254,5.146269457863661,2.932098765432099,0.9930220075147611,0.23483628556092323,0.10064412238325282,0.27509393451422437,0.020128824476650563,,0.020128824476650563
153,2.281266774020397,0.2147074610842727,5.193236714975845,44.35050993022008,25.5703166935051,7.132313472893183,5.548845947396672,5.119431025228127,2.918679549114332,0.9930220075147611,0.2616747181964573,0.10064412238325282,0.27509393451422437,0.020128824476650563,,0.020128824476650563
154,2.2879763821792807,0.2147074610842727,5.2066559312936125,44.24986580783682,25.42270531400966,7.159151905528717,5.750134192163178,5.119431025228127,2.918679549114332,0.9930220075147611,0.2616747181964573,0.10064412238325282,0.27509393451422437,0.020128824476650563,,0.020128824476650563
155,2.2946859903381642,0.2147074610842727,5.2066559312936125,44.24986580783682,25.140901771336555,7.139023081052066,6.0587761674718195,5.119431025228127,2.918679549114332,0.9796027911969941,0.2616747181964573,0.10064412238325282,0.27509393451422437,0.020128824476650563,,0.020128824476650563
156,2.1403650026838434,0.2147074610842727,5.394524959742351,47.99382716049383,22.940150295222757,6.743156199677939,5.5689747718733225,4.636339237788513,2.771068169618894,0.9997316156736447,0.2214170692431562,0.06038647342995169,0.27509393451422437,0.020128824476650563,,0.020128824476650563
157,2.15378421900161,0.2147074610842727,5.723295759527644,47.58454106280193,22.873054213633925,6.837090713902308,5.636070853462158,4.636339237788513,2.757648953301127,0.9863123993558777,0.2214170692431562,0.06038647342995169,0.27509393451422437,0.020128824476650563,,0.020128824476650563
158,2.2074610842726785,0.2147074610842727,5.71658615136876,47.517444981213096,22.832796564680624,6.89747718733226,5.636070853462158,4.636339237788513,2.757648953301127,0.9863123993558777,0.2214170692431562,0.06038647342995169,0.27509393451422437,0.020128824476650563,,0.020128824476650563
159,2.187332259796028,0.2147074610842727,6.374127750939345,47.00751476113795,22.638217928073,6.9310252281266775,5.609232420826624,4.616210413311863,2.757648953301127,1.0534084809447128,0.23483628556092323,0.06038647342995169,0.27509393451422437,0.020128824476650563,,0.020128824476650563
160,2.2342995169082127,0.2147074610842727,6.400966183574879,46.95383789586688,22.604669887278583,6.910896403650026,5.636070853462158,4.616210413311863,2.7509393451422435,1.0534084809447128,0.24825550187869028,0.06038647342995169,0.27509393451422437,0.020128824476650563,,0.020128824476650563
161,2.24771873322598,0.2147074610842727,6.5552871712292005,46.772678475577024,22.000805152979066,6.843800322061192,5.636070853462158,5.374396135265701,2.690552871712292,1.0735373054213635,0.27509393451422437,0.03354804079441761,0.24154589371980675,0.020128824476650563,,0.020128824476650563
162,2.3550724637681157,0.2147074610842727,6.468062265163715,46.71900161030596,21.544551798174986,6.823671497584541,6.179549114331723,5.340848094471283,2.690552871712292,1.0601180891035964,0.2616747181964573,0.03354804079441761,0.24154589371980675,0.020128824476650563,0.026838432635534086,0.020128824476650563
163,2.3550724637681157,0.2147074610842727,6.454643048845948,46.67203435319377,21.75925925925926,6.870638754696726,6.025228126677402,5.340848094471283,2.6637144390767578,1.0399892646269457,0.2616747181964573,0.03354804079441761,0.24154589371980675,0.020128824476650563,0.026838432635534086,0.020128824476650563
164,2.4221685453569513,0.2147074610842727,6.515029522275899,46.504294149221685,21.69887278582931,6.984702093397746,6.025228126677402,5.3274288781535155,2.6637144390767578,1.0399892646269457,0.2616747181964573,0.03354804079441761,0.24154589371980675,0.020128824476650563,0.026838432635534086,0.020128824476650563
165,2.4691358024691357,0.2147074610842727,7.467793880837359,46.08829844337091,21.316425120772948,7.024959742351046,5.776972624798712,5.314009661835748,2.6637144390767578,1.0534084809447128,0.2616747181964573,0.03354804079441761,0.24154589371980675,0.020128824476650563,0.026838432635534086,0.026838432635534086
166,2.5161030595813205,0.2147074610842727,7.763016639828234,45.73939881910896,21.316425120772948,7.03166935050993,5.776972624798712,5.314009661835748,2.6637144390767578,1.0534084809447128,0.2616747181964573,0.03354804079441761,0.24154589371980675,0.020128824476650563,0.026838432635534086,0.026838432635534086
167,2.6301663982823404,0.2147074610842727,8.494363929146537,44.85373054213634,21.101717659688674,7.024959742351046,5.71658615136876,5.522007514761138,2.6637144390767578,1.1674718196457328,0.2616747181964573,0.03354804079441761,0.24154589371980675,0.020128824476650563,0.026838432635534086,0.026838432635534086
168,2.657004830917874,0.20128824476650564,8.474235104669887,44.73295759527644,21.07487922705314,7.112184648416532,5.810520665593129,5.495169082125604,2.6637144390767578,1.1674718196457328,0.2616747181964573,0.03354804079441761,0.24154589371980675,0.020128824476650563,0.026838432635534086,0.026838432635534086
