,45,50,55,54,51,52,56,53,58,57,60,59,61,46
0,99.09420289855072,0.9057971014492754,,,,,,,,,,,,
1,84.59473966720344,15.009393451422437,0.39586688137412773,,,,,,,,,,,
2,82.33360171765969,17.270531400966185,0.39586688137412773,,,,,,,,,,,
3,81.75657541599571,17.652979066022546,0.5636070853462157,0.026838432635534086,,,,,,,,,,
4,69.53837895866882,29.74369296833065,0.6910896403650026,0.026838432635534086,,,,,,,,,,
5,69.39747718733226,29.790660225442835,0.7246376811594203,0.026838432635534086,0.06038647342995169,,,,,,,,,
6,68.02871712292003,31.011808910359633,0.7648953301127214,0.10735373054213634,0.08722490606548577,,,,,,,,,
7,65.45893719806763,33.400429414922165,0.8588298443370908,0.08051529790660225,0.18115942028985507,0.013419216317767043,0.0067096081588835215,,,,,,,
8,65.29790660225443,33.272946859903385,1.1473429951690821,0.08051529790660225,0.18115942028985507,0.013419216317767043,0.0067096081588835215,,,,,,,
9,64.19082125603865,34.12506709608159,1.3217928073000538,0.08051529790660225,0.18115942028985507,0.0939345142243693,0.0067096081588835215,,,,,,,
10,63.191089640365,34.957058507783145,1.4358561460010735,0.08051529790660225,0.17444981213097155,0.15432098765432098,0.0067096081588835215,,,,,,,
11,56.977992485238865,40.27106816961889,1.5163714439076759,0.8454106280193237,0.24154589371980675,0.14090177133655393,0.0067096081588835215,,,,,,,
12,56.79012345679013,40.3918411164788,1.583467525496511,0.8454106280193237,0.24154589371980675,0.14090177133655393,0.0067096081588835215,,,,,,,
13,56.776704240472355,40.17713365539453,1.7444981213097155,0.9125067096081588,0.24154589371980675,0.14090177133655393,0.0067096081588835215,,,,,,,
14,55.97826086956522,40.17713365539453,2.4154589371980677,0.8990874932903918,0.24154589371980675,0.14090177133655393,0.040257648953301126,0.0939345142243693,0.013419216317767043,,,,,
15,53.33467525496511,35.017444981213096,2.301395598497048,0.8990874932903918,3.535963499731616,1.6237251744498122,0.040257648953301126,3.193773483628556,,0.05367686527106817,,,,
16,52.764358561460014,35.14492753623188,2.3483628556092326,0.9930220075147611,2.623456790123457,2.844873859366613,0.040257648953301126,3.1870638754696725,,0.05367686527106817,,,,
17,51.932367149758456,35.138217928073,2.7844873859366612,1.0131508319914118,2.7106816961889426,2.8381642512077296,0.040257648953301126,3.475577026301664,,0.05367686527106817,0.013419216317767043,,,
18,51.71765968867418,35.35292538915727,2.7844873859366612,1.0131508319914118,2.7106816961889426,2.8381642512077296,0.040257648953301126,3.475577026301664,,0.05367686527106817,0.013419216317767043,,,
19,48.58427267847558,31.0252281266774,1.556629092860977,1.1003757380568975,11.104401502952227,2.8381642512077296,0.24825550187869028,3.475577026301664,,0.05367686527106817,0.013419216317767043,,,
20,47.0276435856146,31.092324208266238,1.5767579173376274,1.1003757380568975,12.506709608158884,2.871712292002147,0.2683843263553409,3.475577026301664,,0.06709608158883522,0.013419216317767043,,,
21,44.907407407407405,32.63553408480945,1.710950080515298,1.1674718196457328,13.036768652710682,2.7509393451422435,0.2549651100375738,3.455448201825013,,0.06709608158883522,0.013419216317767043,,,
22,44.63231347289318,32.75630703166935,1.8585614600107354,1.1674718196457328,12.97638217928073,2.7509393451422435,0.2549651100375738,3.5225442834138487,,0.06709608158883522,0.013419216317767043,,,
23,44.477992485238865,32.6959205582394,2.059849704777241,1.1674718196457328,12.949543746645196,2.7509393451422435,0.2952227589908749,3.5225442834138487,,0.06709608158883522,0.013419216317767043,,,
24,44.18276972624799,32.769726247987116,2.328234031132582,1.1674718196457328,12.929414922168545,2.7509393451422435,0.3153515834675255,3.475577026301664,,0.06709608158883522,0.013419216317767043,,,
25,43.907675791733766,32.118894256575416,2.6502952227589907,1.8115942028985508,12.801932367149758,2.7509393451422435,0.4025764895330113,3.475577026301664,,0.06709608158883522,0.013419216317767043,,,
26,38.097155126140635,37.063875469672574,2.623456790123457,1.8115942028985508,13.707729468599034,2.7106816961889426,0.4294149221685454,3.475577026301664,,0.06709608158883522,0.013419216317767043,,,
27,37.07058507783145,35.41331186258722,2.6301663982823404,1.8115942028985508,16.27079978529254,2.7106816961889426,0.5837359098228664,3.4286097691894795,,0.06709608158883522,0.013419216317767043,,,
28,36.842458400429415,35.507246376811594,2.7509393451422435,1.8115942028985508,16.11647879763822,2.7106816961889426,0.7514761137949544,3.4286097691894795,,0.06709608158883522,0.013419216317767043,,,
29,31.0654857756307,41.21041331186259,2.9723564143853998,1.9457863660762211,15.687063875469672,2.7106816961889426,0.7246376811594203,3.569511540526033,,0.10064412238325282,0.013419216317767043,,,
30,30.73671497584541,41.337895866881375,3.0327428878153517,2.059849704777241,15.666935050993022,2.737520128824477,0.7447665056360708,3.569511540526033,,0.10064412238325282,0.013419216317767043,,,
31,30.495169082125603,41.41170155662909,3.2541599570585076,2.046430488459474,15.4723564143854,2.7241009125067097,0.8319914117015567,3.569511540526033,0.013419216317767043,0.16774020397208803,0.013419216317767043,,,
32,26.536500268384327,45.209339774557165,3.33467525496511,2.408749329039184,15.411969940955448,2.737520128824477,0.7581857219538379,3.408480944712829,0.013419216317767043,0.16774020397208803,0.013419216317767043,,,
33,26.308373590982285,45.13553408480945,3.6366076221148687,2.395330112721417,15.157004830917874,2.804616210413312,1.0131508319914118,3.3548040794417604,0.013419216317767043,0.16774020397208803,0.013419216317767043,,,
34,26.194310252281266,43.33735909822866,5.421363392377885,2.4221685453569513,15.13016639828234,2.804616210413312,1.093666129898014,3.3480944712828773,0.06709608158883522,0.16774020397208803,0.013419216317767043,,,
35,26.019860440150296,42.391304347826086,5.636070853462158,2.831454643048846,14.600107353730541,2.9253891572732154,1.0601180891035964,4.28743961352657,0.06709608158883522,0.16774020397208803,0.013419216317767043,,,
36,25.91250670960816,42.3443370907139,5.797101449275362,2.871712292002147,14.533011272141707,2.9052603327965647,1.0601180891035964,4.30756843800322,0.06709608158883522,0.1878690284487386,0.013419216317767043,,,
37,25.738056897477186,42.09608158883521,5.83064949006978,2.871712292002147,14.573268921095009,2.9052603327965647,1.1272141706924315,4.5893719806763285,0.06709608158883522,0.1878690284487386,0.013419216317767043,,,
38,25.5300590445518,42.109500805152976,5.870907139023081,2.871712292002147,14.694041867954912,2.9052603327965647,1.1607622114868492,4.5893719806763285,0.06709608158883522,0.1878690284487386,0.013419216317767043,,,
39,25.42270531400966,41.84782608695652,6.300322061191626,2.8650026838432634,14.472624798711756,3.0327428878153517,1.221148684916801,4.569243156199678,0.06709608158883522,0.1878690284487386,0.013419216317767043,,,
40,25.315351583467525,41.646537842190014,5.589103596349974,3.012614063338701,14.412238325281804,3.0327428878153517,1.2949543746645196,5.414653784219001,0.08051529790660225,0.1878690284487386,0.013419216317767043,,,
41,23.980139559849704,42.673107890499196,5.837359098228664,2.9723564143853998,14.304884594739667,2.985775630703167,1.415727321524423,5.501878690284487,0.08051529790660225,0.1878690284487386,0.013419216317767043,0.04696725711218465,,
42,23.72517444981213,42.66639828234031,5.870907139023081,2.9723564143853998,14.392109500805153,2.9723564143853998,1.556629092860977,5.495169082125604,0.08051529790660225,0.20799785292538917,0.013419216317767043,0.04696725711218465,,
43,23.67149758454106,42.40472356414385,5.911164787976382,2.952227589908749,14.2914653784219,3.026033279656468,1.6572732152442298,5.689747718733226,0.1274825550187869,0.20799785292538917,0.013419216317767043,0.04696725711218465,,
44,23.57085346215781,42.44498121309716,5.971551261406334,2.8918411164787976,14.184111647879764,3.026033279656468,1.7646269457863661,5.750134192163178,0.1274825550187869,0.20799785292538917,0.013419216317767043,0.04696725711218465,,
45,23.57085346215781,42.3443370907139,6.078904991948471,2.965646806226516,14.11701556629093,3.012614063338701,1.8183038110574343,5.6964573268921095,0.1274825550187869,0.20799785292538917,0.013419216317767043,0.04696725711218465,,
46,23.463499731615673,42.250402576489535,6.125872249060655,3.140096618357488,12.701288244766506,4.542404723564144,1.7042404723564144,5.662909286097692,0.1274825550187869,0.2214170692431562,0.013419216317767043,0.04696725711218465,,
47,23.416532474503487,41.80756843800322,6.454643048845948,3.166935050993022,12.446323134728932,4.53569511540526,2.0263016639828235,5.723295759527644,0.1274825550187869,0.2214170692431562,0.026838432635534086,0.04696725711218465,,
48,23.181696188942567,41.37144390767579,7.0383789586688135,3.140096618357488,12.325550187869029,4.616210413311863,2.26784755770263,5.662909286097692,0.1274825550187869,0.19457863660762212,0.026838432635534086,0.04696725711218465,,
49,21.631776704240472,42.46511003757381,7.185990338164252,3.0864197530864197,12.667740203972087,4.528985507246377,2.26784755770263,5.736714975845411,0.1274825550187869,0.2281266774020397,0.026838432635534086,0.04696725711218465,,
50,21.175523349436393,41.74718196457327,7.4006977992485234,3.2139023081052067,13.405797101449275,4.528985507246377,2.26784755770263,5.83064949006978,0.1274825550187869,0.2281266774020397,0.026838432635534086,0.04696725711218465,,
51,20.92055823939882,41.67337627482555,7.702630166398282,3.2340311325818574,13.385668276972625,4.528985507246377,2.254428341384863,5.857487922705314,0.1274825550187869,0.2281266774020397,0.040257648953301126,0.04696725711218465,,
52,20.913848631239937,41.51234567901235,7.722758990874933,3.2340311325818574,13.298443370907139,4.636339237788513,2.254428341384863,5.9514224369296835,0.1274825550187869,0.2616747181964573,0.040257648953301126,0.04696725711218465,,
53,20.658883521202362,41.43183038110574,7.877079978529254,3.3011272141706924,13.258185721953838,4.703435319377348,2.281266774020397,5.9514224369296835,0.1274825550187869,0.322061191626409,0.040257648953301126,0.04696725711218465,,
54,20.538110574342458,41.22383252818035,8.004562533548041,3.408480944712829,13.150831991411701,4.696725711218465,2.3617820719269993,6.078904991948471,0.1274825550187869,0.322061191626409,0.040257648953301126,0.04696725711218465,,
55,20.457595276435857,41.29092860976919,8.031400966183575,3.3548040794417604,13.056897477187333,4.790660225442834,2.442297369833602,6.025228126677402,0.1274825550187869,0.33548040794417605,0.040257648953301126,0.04696725711218465,,
56,18.4044551798175,46.202361782071925,6.971282877079979,2.086688137412775,12.788513150831992,4.851046698872786,2.428878153515835,5.743424584004294,0.11406333870101985,0.33548040794417605,0.026838432635534086,0.04696725711218465,,
57,18.303811057434245,45.430756843800324,7.682501341921632,2.2074610842726785,12.714707461084272,4.851046698872786,2.4892646269457863,5.723295759527644,0.11406333870101985,0.33548040794417605,0.026838432635534086,0.12077294685990338,,
58,18.250134192163177,45.1154052603328,7.689210950080516,2.3752012882447664,12.781803542673108,4.851046698872786,2.475845410628019,5.844068706387547,0.13419216317767044,0.33548040794417605,0.026838432635534086,0.12077294685990338,,
59,17.887815351583466,44.97450348899624,7.769726247987117,3.026033279656468,12.754965110037574,4.817498658078368,2.442297369833602,5.676328502415459,0.13419216317767044,0.36902844873859364,0.026838432635534086,0.12077294685990338,,
60,17.860976918947934,44.880568974771876,7.809983896940419,3.026033279656468,12.72812667740204,4.750402576489533,2.442297369833602,5.837359098228664,0.13419216317767044,0.36902844873859364,0.026838432635534086,0.13419216317767044,,
61,16.935050993022006,43.77348362855609,7.9039184111647875,2.9924852388620504,14.42565754159957,4.636339237788513,2.690552871712292,5.938003220611916,0.17444981213097155,0.36902844873859364,0.026838432635534086,0.13419216317767044,,
62,16.901502952227588,43.37761674718197,8.219269994632313,3.0059044551798175,14.264626945786366,4.797369833601718,2.7241009125067097,6.005099302200751,0.17444981213097155,0.36902844873859364,0.026838432635534086,0.13419216317767044,,
63,16.686795491143318,43.39774557165862,8.232689210950081,3.0059044551798175,14.257917337627482,4.851046698872786,2.7509393451422435,5.938003220611916,0.27509393451422437,0.5166398282340311,0.026838432635534086,0.06038647342995169,,
64,15.921900161030596,44.43102522812668,8.702361782071927,3.066290928609769,13.83521202361782,4.542404723564144,2.818035426731079,5.83064949006978,0.27509393451422437,0.4830917874396135,0.026838432635534086,0.06709608158883522,,
65,15.901771336553946,44.20960815888352,8.930488459473967,3.2675791733762747,13.707729468599034,4.528985507246377,2.7442297369833604,5.83064949006978,0.27509393451422437,0.5099302200751477,0.026838432635534086,0.06709608158883522,,
66,15.807836822329575,44.20289855072464,8.930488459473967,3.2004830917874396,13.560118089103597,4.790660225442834,2.7979066022544283,5.83064949006978,0.27509393451422437,0.5099302200751477,0.026838432635534086,0.06709608158883522,,
67,15.68035426731079,44.37063875469673,8.930488459473967,3.180354267310789,13.539989264626946,4.736983360171766,2.8381642512077296,5.83064949006978,0.27509393451422437,0.5233494363929146,0.026838432635534086,0.06709608158883522,,
68,15.217391304347826,42.74691358024691,8.769457863660762,3.1468062265163717,13.45276435856146,8.011272141706923,1.8853998926462694,5.810520665593129,0.27509393451422437,0.5904455179817498,0.020128824476650563,0.07380568974771873,,
69,15.163714439076758,42.330917874396135,8.749329039184111,3.1468062265163717,15.841384863123993,6.333870101986044,1.8585614600107354,5.642780461621041,0.27509393451422437,0.5636070853462157,0.020128824476650563,0.07380568974771873,,
70,15.01610305958132,41.75389157273215,8.80300590445518,3.2139023081052067,15.673644659151906,6.998121309715513,1.892109500805153,5.649490069779925,0.27509393451422437,0.5770263016639828,0.020128824476650563,0.1274825550187869,,
71,14.801395598497047,41.79414922168545,8.849973161567364,3.2139023081052067,15.70048309178744,7.078636607622115,1.892109500805153,5.5689747718733225,0.2549651100375738,0.6977992485238862,0.020128824476650563,0.1274825550187869,,
72,14.566559312936125,40.90848094471283,8.910359634997317,3.8915727321524423,15.908480944712828,6.951154052603328,2.0397208803005906,5.770263016639828,0.2549651100375738,0.6508319914117016,0.020128824476650563,0.1274825550187869,,
73,14.51959205582394,40.64680622651637,9.084809447128288,3.938539989264627,15.74074074074074,7.024959742351046,2.1739130434782608,5.797101449275362,0.2549651100375738,0.6709608158883521,0.020128824476650563,0.1274825550187869,,
74,14.27133655394525,39.32501341921632,8.729200214707461,4.1129898013955986,17.840848094471284,6.904186795491143,2.0933977455716586,5.669618894256575,0.24825550187869028,0.630703166935051,0.020128824476650563,0.15432098765432098,,
75,14.264626945786366,39.170692431561996,8.997584541062801,4.374664519592056,17.746913580246915,6.528448738593666,2.13365539452496,5.622651637144391,0.3421900161030596,0.6172839506172839,0.020128824476650563,0.18115942028985507,,
76,14.15727321524423,38.27160493827161,8.809715512614064,4.562533548040794,17.458400429414922,7.809983896940419,2.147074610842727,5.622651637144391,0.3421900161030596,0.6172839506172839,0.020128824476650563,0.18115942028985507,,
77,13.613794954374665,38.519860440150296,8.836553945249598,4.555823939881911,17.337627482555018,7.9039184111647875,2.1940418679549114,5.877616747181965,0.3421900161030596,0.6172839506172839,0.020128824476650563,0.18115942028985507,,
78,13.43263553408481,38.446054750402574,8.984165324745035,4.636339237788513,17.324208266237253,7.87037037037037,2.2074610842726785,5.9447128287707995,0.33548040794417605,0.6172839506172839,0.020128824476650563,0.18115942028985507,,
79,13.251476113794954,38.22463768115942,9.219001610305957,4.5960815888352125,17.257112184648417,7.816693505099302,2.2208803005904456,6.159420289855072,0.33548040794417605,0.7179280730005367,0.020128824476650563,0.18115942028985507,,
80,13.157541599570585,37.78851315083199,9.366612989801396,4.4820182501341925,17.23027375201288,7.823403113258186,2.26784755770263,6.642512077294686,0.33548040794417605,0.7045088566827697,0.020128824476650563,0.18115942028985507,,
81,13.063607085346217,35.37976382179281,9.225711218464841,4.7101449275362315,17.270531400966185,10.144927536231885,2.341653247450349,6.608964036500268,0.33548040794417605,0.7179280730005367,0.020128824476650563,0.18115942028985507,,
82,13.036768652710682,35.17176596886742,8.776167471819646,4.643048845947397,17.12962962962963,10.171765968867419,2.3081052066559313,7.521470746108427,0.33548040794417605,0.7045088566827697,0.020128824476650563,0.18115942028985507,,
83,12.781803542673108,35.245571658615134,8.816425120772946,4.602791196994096,17.008856682769725,10.258990874932904,2.428878153515835,7.64224369296833,0.2885131508319914,0.7045088566827697,0.020128824476650563,0.20128824476650564,,
84,12.25174449812131,34.225711218464845,8.776167471819646,4.562533548040794,19.088835212023618,9.588030059044552,2.5697799248523885,7.722758990874933,0.2885131508319914,0.7045088566827697,0.020128824476650563,0.20128824476650564,,
85,11.372785829307569,45.91384863123994,7.98443370907139,4.0995705850778315,13.996242619431026,6.830381105743425,1.5767579173376274,7.139023081052066,0.2885131508319914,0.5703166935050993,0.013419216317767043,0.2147074610842727,,
86,11.379495437466453,45.29656468062265,7.863660762211487,3.978797638217928,13.855340848094471,7.682501341921632,1.6035963499731616,7.132313472893183,0.2885131508319914,0.5703166935050993,0.013419216317767043,0.33548040794417605,,
87,11.386205045625335,45.03488996242619,7.977724100912507,4.1129898013955986,13.801663982823403,7.836822329575953,1.6035963499731616,7.0383789586688135,0.2885131508319914,0.5703166935050993,0.013419216317767043,0.33548040794417605,,
88,11.366076221148685,44.95437466451959,8.07836822329576,4.2203435319377345,13.479602791196994,7.924047235641439,1.7310789049919484,7.024959742351046,0.2885131508319914,0.5703166935050993,0.013419216317767043,0.3488996242619431,,
89,11.386205045625335,44.67257112184648,8.246108427267847,4.314278046162104,13.311862587224907,7.85024154589372,1.7847557702630166,7.14573268921095,0.2885131508319914,0.6374127750939346,0.013419216317767043,0.3488996242619431,,
90,11.3593666129898,44.14922168545357,8.601717659688674,4.361245303274289,13.177670424047236,7.836822329575953,1.9122383252818036,7.300053676865271,0.2885131508319914,0.6508319914117016,0.013419216317767043,0.3488996242619431,,
91,11.325818572195384,43.10923242082662,8.57487922705314,4.374664519592056,13.050187869028449,7.930756843800322,1.9659151905528718,8.36688137412775,0.2885131508319914,0.6508319914117016,0.013419216317767043,0.3488996242619431,,
92,11.332528180354267,43.03542673107891,8.635265700483092,4.49543746645196,12.95625335480408,7.917337627482555,1.9457863660762211,8.199141170155663,0.4294149221685454,0.6910896403650026,0.013419216317767043,0.3488996242619431,,
93,11.29898013955985,42.881105743424584,8.662104133118627,4.62962962962963,12.734836285560924,8.064949006977992,2.0531400966183573,8.192431561996779,0.4294149221685454,0.6910896403650026,0.013419216317767043,0.3488996242619431,,
94,11.272141706924316,42.80730005367686,8.57487922705314,5.025496511003757,12.4597423510467,8.017981749865807,1.9122383252818036,8.393719806763285,0.4294149221685454,0.7447665056360708,0.013419216317767043,0.3488996242619431,,
95,11.104401502952227,42.48523886205046,8.621846484165324,5.166398282340311,12.573805689747719,8.105206655931294,1.9927536231884058,8.36688137412775,0.4294149221685454,0.7783145464304885,0.013419216317767043,0.36231884057971014,,
96,11.003757380568974,42.23698336017176,9.198872785829307,5.065754159957058,12.385936661298981,8.105206655931294,2.01959205582394,8.420558239398819,0.4294149221685454,0.7783145464304885,0.013419216317767043,0.3421900161030596,,
97,10.950080515297907,40.84809447128288,8.507783145464305,4.99194847020934,12.620772946859903,7.96430488459474,2.01959205582394,10.587761674718196,0.4294149221685454,0.7246376811594203,0.013419216317767043,0.3421900161030596,,
98,10.923242082662373,40.43880837359098,8.55475040257649,5.293880837359098,12.184648416532475,7.957595276435856,1.9256575415995705,11.218464841653248,0.4294149221685454,0.7179280730005367,0.013419216317767043,0.3421900161030596,,
99,10.869565217391305,39.31159420289855,8.55475040257649,6.219806763285024,12.090713902308105,7.997852925389157,2.0263016639828235,11.439881910896403,0.4294149221685454,0.7112184648416533,0.013419216317767043,0.33548040794417605,,
100,10.668276972624799,38.96269457863661,8.655394524959743,6.239935587761675,11.75523349436393,7.856951154052603,2.0263016639828235,12.198067632850242,0.4294149221685454,0.8521202361782072,0.013419216317767043,0.3421900161030596,,
101,10.661567364465915,38.53327965646806,8.984165324745035,6.333870101986044,11.822329575952764,7.85024154589372,2.006172839506173,12.157809983896941,0.4294149221685454,0.8521202361782072,0.013419216317767043,0.35560923242082665,,
102,10.654857756307031,38.38566827697262,9.064680622651638,6.474771873322598,11.741814278046162,7.809983896940419,2.1135265700483092,12.077294685990339,0.4294149221685454,0.8521202361782072,0.013419216317767043,0.3824476650563607,,
103,10.63472893183038,38.22463768115942,9.138486312399356,6.501610305958132,11.862587224906065,7.709339774557166,2.147074610842727,12.016908212560386,0.48980139559849706,0.8789586688137413,0.013419216317767043,0.3824476650563607,,
104,10.621309715512615,38.04347826086956,9.312936124530328,6.541867954911433,11.842458400429415,7.709339774557166,2.13365539452496,11.990069779924852,0.48980139559849706,0.9192163177670424,0.013419216317767043,0.3824476650563607,,
105,10.554213633923778,37.88244766505636,9.39345142243693,6.595544820182502,11.842458400429415,7.682501341921632,2.15378421900161,12.016908212560386,0.48980139559849706,0.9930220075147611,0.013419216317767043,0.3824476650563607,,
106,10.34621578099839,37.69457863660762,9.292807300053678,6.6760601180891035,12.117552334943639,7.64224369296833,2.2342995169082127,12.090713902308105,0.5166398282340311,0.9930220075147611,0.013419216317767043,0.3824476650563607,,
107,10.258990874932904,37.21148684916801,9.024422973698336,7.64224369296833,11.996779388083736,7.729468599033816,2.2879763821792807,11.90955448201825,0.5501878690284487,0.9930220075147611,0.013419216317767043,0.3824476650563607,,
108,10.25228126677402,36.533816425120776,9.554482018250134,7.763016639828234,11.990069779924852,7.675791733762749,2.522812667740204,11.728395061728396,0.5166398282340311,0.9930220075147611,0.013419216317767043,0.4294149221685454,0.026838432635534086,
109,10.185185185185185,36.36607622114869,9.64170692431562,7.716049382716049,11.956521739130435,7.541599570585078,2.576489533011272,11.855877616747183,0.5434782608695652,1.107085346215781,0.026838432635534086,0.4562533548040794,0.026838432635534086,
110,10.171765968867419,35.87627482555019,9.990606548577563,8.064949006977992,11.79549114331723,7.501341921631776,2.576489533011272,11.808910359634996,0.5434782608695652,1.2010198604401503,0.026838432635534086,0.41599570585077833,0.026838432635534086,
111,10.104669887278583,35.567632850241544,10.279119699409554,8.185721953837897,11.735104669887278,7.360440150295223,2.6301663982823404,11.902844873859367,0.5434782608695652,1.221148684916801,0.026838432635534086,0.41599570585077833,0.026838432635534086,
112,8.99087493290392,24.00697799248524,6.957863660762212,5.971551261406334,35.78234031132582,5.8239398819108965,1.4492753623188406,9.326355340848094,0.43612453032742887,0.8118625872249061,0.026838432635534086,0.41599570585077833,,
113,9.004294149221685,23.544015029522274,7.0450885668276975,6.159420289855072,35.43344068706388,6.1862587224906065,1.6505636070853462,9.205582393988191,0.43612453032742887,0.8923778851315083,0.026838432635534086,0.41599570585077833,,
114,8.943907675791733,23.26892109500805,7.105475040257649,6.447933440687064,35.39318303811057,6.152710681696189,1.7981749865807837,9.024422973698336,0.43612453032742887,0.8923778851315083,0.026838432635534086,0.5099302200751477,,
115,8.890230810520666,22.758990874932906,7.118894256575416,6.421095008051529,35.63472893183038,6.125872249060655,1.8451422436929683,9.326355340848094,0.43612453032742887,0.9057971014492754,0.026838432635534086,0.5099302200751477,,
116,8.890230810520666,22.705314009661837,7.118894256575416,7.300053676865271,34.76247987117552,6.078904991948471,1.8988191089640365,9.359903381642512,0.43612453032742887,0.9125067096081588,0.026838432635534086,0.5099302200751477,,
117,8.856682769726248,22.644927536231883,7.085346215780999,7.246376811594203,34.614868491680085,6.219806763285024,2.01959205582394,9.426999463231347,0.43612453032742887,0.9125067096081588,0.026838432635534086,0.5099302200751477,,
118,8.829844337090714,22.611379495437465,6.984702093397746,7.2933440687063875,34.35990338164251,6.273483628556092,2.314814814814815,9.420289855072463,0.4495437466451959,0.9125067096081588,0.040257648953301126,0.5099302200751477,,
119,8.266237251744498,22.020933977455716,7.024959742351046,7.085346215780999,35.909822866344605,6.226516371443908,2.442297369833602,9.138486312399356,0.4495437466451959,0.9125067096081588,0.040257648953301126,0.4830917874396135,,
120,8.272946859903382,22.054482018250134,6.9243156199677935,7.320182501341922,35.72195383789587,6.213097155126141,2.522812667740204,9.091519055287172,0.4495437466451959,0.9125067096081588,0.040257648953301126,0.47638217928073,,
121,8.13875469672571,21.68545356951154,6.642512077294686,7.139023081052066,37.39935587761675,5.676328502415459,2.5429414922168547,8.80300590445518,0.4294149221685454,1.0265700483091786,0.03354804079441761,0.4830917874396135,,
122,8.185721953837897,21.611647879763822,6.642512077294686,7.1658615136876005,37.25845410628019,5.595813204508857,2.6502952227589907,8.849973161567364,0.4294149221685454,1.093666129898014,0.03354804079441761,0.4830917874396135,,
123,8.192431561996779,21.336553945249598,6.863929146537842,7.427536231884058,36.802200751476114,5.5756843800322065,2.9052603327965647,8.809715512614064,0.4830917874396135,1.0869565217391304,0.03354804079441761,0.4830917874396135,,
124,8.205850778314547,21.336553945249598,6.863929146537842,7.427536231884058,36.802200751476114,5.5756843800322065,2.9052603327965647,8.796296296296296,0.4830917874396135,1.0869565217391304,0.03354804079441761,0.4830917874396135,,
125,8.152173913043478,20.974235104669887,6.78341384863124,7.541599570585078,36.72168545356951,5.884326355340848,2.945517981749866,8.742619431025227,0.4830917874396135,1.2546967257112185,0.03354804079441761,0.4830917874396135,,
126,8.085077831454644,19.766505636070853,6.615673644659152,7.004830917874396,36.40633387010199,8.400429414922169,3.012614063338701,8.507783145464305,0.4830917874396135,1.3016639828234031,0.03354804079441761,0.3824476650563607,,
127,8.038110574342458,19.585346215780998,6.588835212023618,7.004830917874396,36.33252818035427,8.635265700483092,3.2139023081052067,8.400429414922169,0.4830917874396135,1.3016639828234031,0.03354804079441761,0.3824476650563607,,
128,8.011272141706923,19.6256038647343,6.655931293612453,7.004830917874396,36.32581857219538,8.695652173913043,3.1870638754696725,8.360171765968868,0.4830917874396135,1.2345679012345678,0.03354804079441761,0.3824476650563607,,
129,8.031400966183575,19.53166935050993,6.709608158883521,7.118894256575416,36.231884057971016,8.655394524959743,3.2206119162640903,8.360171765968868,0.48980139559849706,1.2345679012345678,0.03354804079441761,0.3824476650563607,,
130,7.971014492753623,19.49812130971551,6.642512077294686,7.071926999463232,35.601180891035966,10.071121846484166,3.240740740740741,7.763016639828234,0.5166398282340311,1.2077294685990339,0.03354804079441761,0.3824476650563607,,
131,7.98443370907139,19.43773483628556,6.857219538378959,7.071926999463232,35.45356951154053,9.923510466988727,3.3279656468062266,7.763016639828234,0.5166398282340311,1.2077294685990339,0.03354804079441761,0.4227053140096618,,
132,7.977724100912507,19.39747718733226,6.89747718733226,7.065217391304348,35.28582930756844,10.010735373054214,3.421900161030596,7.763016639828234,0.5166398282340311,1.2077294685990339,0.03354804079441761,0.4227053140096618,,
133,7.575147611379496,17.840848094471284,6.615673644659152,7.078636607622115,37.36580783682233,9.923510466988727,3.475577026301664,7.924047235641439,0.5166398282340311,1.2077294685990339,0.05367686527106817,0.4227053140096618,,
134,7.5348899624261945,17.57246376811594,6.615673644659152,6.769994632313473,37.27858293075684,10.782340311325818,3.4621578099838968,7.830112721417069,0.5166398282340311,1.2412775093934514,0.05367686527106817,0.3421900161030596,,
135,7.266505636070853,17.673107890499196,6.756575415995706,6.837090713902308,37.19135802469136,10.735373054213634,3.6231884057971016,7.749597423510467,0.5166398282340311,1.2546967257112185,0.05367686527106817,0.3421900161030596,,
136,7.206119162640902,17.54562533548041,7.024959742351046,6.944444444444445,36.9296833064949,10.540794417606012,3.9318303811057436,7.702630166398282,0.5300590445517982,1.247987117552335,0.05367686527106817,0.3421900161030596,,
137,7.058507783145465,17.23027375201288,7.0383789586688135,6.951154052603328,37.21148684916801,10.581052066559312,4.206924315619967,7.555018786902845,0.5367686527106817,1.221148684916801,0.05367686527106817,0.35560923242082665,,
138,7.051798174986581,17.196725711218466,7.461084272678476,6.716317767042405,36.43317230273752,10.601180891035963,4.0995705850778315,8.28636607622115,0.5233494363929146,1.221148684916801,0.05367686527106817,0.35560923242082665,,
139,7.058507783145465,16.982018250134193,7.6623725174449815,6.689479334406871,35.78234031132582,11.902844873859367,4.139828234031133,7.75630703166935,0.46296296296296297,1.1540526033279657,0.05367686527106817,0.35560923242082665,,
140,6.9310252281266775,16.874664519592056,8.085077831454644,6.749865807836822,35.48040794417606,11.969940955448202,4.1129898013955986,7.75630703166935,0.46296296296296297,1.1674718196457328,0.05367686527106817,0.35560923242082665,,
141,6.957863660762212,16.841116478797638,8.474235104669887,6.702898550724638,34.77589908749329,11.936392914653783,4.428341384863124,7.877079978529254,0.4830917874396135,1.1137949543746646,0.05367686527106817,0.35560923242082665,,
142,6.9243156199677935,16.854535695115406,8.541331186258722,6.816961889425658,34.594739667203434,12.00348899624262,4.448470209339774,7.877079978529254,0.4830917874396135,1.0466988727858293,0.05367686527106817,0.35560923242082665,,
143,6.951154052603328,16.80756843800322,8.521202361782072,6.863929146537842,34.514224369296834,11.902844873859367,4.549114331723027,7.816693505099302,0.5233494363929146,1.1406333870101986,0.05367686527106817,0.35560923242082665,,
144,6.890767579173376,16.740472356414386,8.675523349436393,6.890767579173376,34.27938808373591,11.90955448201825,4.7638217928073,7.7831454643048845,0.5233494363929146,1.133923778851315,0.05367686527106817,0.35560923242082665,,
145,6.830381105743425,16.740472356414386,8.76274825550188,6.890767579173376,32.2463768115942,14.110305958132045,4.502147074610843,7.769726247987117,0.5233494363929146,1.2144390767579174,0.05367686527106817,0.35560923242082665,,
146,6.830381105743425,16.552603327965645,8.68894256575416,6.749865807836822,31.964573268921097,14.378690284487385,4.669887278582931,8.031400966183575,0.5233494363929146,1.2010198604401503,0.05367686527106817,0.35560923242082665,,
147,6.823671497584541,16.451959205582394,8.890230810520666,6.823671497584541,31.61567364465915,14.197530864197532,5.12614063338701,8.004562533548041,0.5233494363929146,1.133923778851315,0.05367686527106817,0.35560923242082665,,
148,6.837090713902308,16.451959205582394,8.84326355340848,6.850509930220075,31.602254428341386,14.170692431561998,5.199946323134729,8.004562533548041,0.5233494363929146,1.107085346215781,0.05367686527106817,0.35560923242082665,,
149,6.837090713902308,16.371443907675793,8.883521202361782,7.058507783145465,31.313741277509394,14.257917337627482,5.226784755770263,7.96430488459474,0.5233494363929146,1.06682769726248,0.05367686527106817,0.4428341384863124,,
150,6.78341384863124,16.190284487385938,8.984165324745035,7.071926999463232,31.239935587761675,14.38539989264627,5.173107890499195,7.96430488459474,0.5233494363929146,1.1876006441223832,0.05367686527106817,0.4428341384863124,,
151,6.635802469135802,16.27079978529254,8.910359634997317,7.058507783145465,31.09903381642512,13.862050456253355,5.300590445517981,8.252818035426731,0.5233494363929146,1.5901771336553945,0.05367686527106817,0.4428341384863124,,
152,6.602254428341385,15.841384863123993,8.742619431025227,7.648953301127214,30.9447128287708,13.969404186795492,5.360976918947934,8.293075684380032,0.5233494363929146,1.5767579173376274,0.05367686527106817,0.4428341384863124,,
153,6.608964036500268,15.653515834675256,9.017713365539452,7.776435856146001,30.64278046162104,13.922436929683306,5.448201825013419,8.28636607622115,0.5233494363929146,1.6237251744498122,0.05367686527106817,0.4428341384863124,,
154,6.521739130434782,15.619967793880837,9.004294149221685,7.856951154052603,30.575684380032207,13.90901771336554,5.535426731078905,8.440687063875469,0.5166398282340311,1.5365002683843263,0.05367686527106817,0.4294149221685454,,
155,5.971551261406334,14.472624798711756,8.313204508856682,7.300053676865271,36.93639291465379,12.634192163177671,4.663177670424047,7.306763285024155,0.3824476650563607,1.5365002683843263,0.05367686527106817,0.4294149221685454,,
156,5.971551261406334,14.412238325281804,8.32662372517445,7.333601717659689,36.86929683306495,12.553676865271068,4.790660225442834,7.340311325818572,0.3824476650563607,1.5365002683843263,0.05367686527106817,0.4294149221685454,,
157,5.964841653247451,14.36527106816962,8.3467525496511,7.333601717659689,36.83574879227053,12.385936661298981,4.978529253891573,7.367149758454106,0.3824476650563607,1.556629092860977,0.05367686527106817,0.4294149221685454,,
158,5.877616747181965,14.452495974235104,8.293075684380032,7.39398819108964,36.65458937198068,12.305421363392378,5.132850241545894,7.467793880837359,0.3824476650563607,1.556629092860977,0.05367686527106817,0.4294149221685454,,
159,5.8239398819108965,14.432367149758454,8.246108427267847,7.494632313472893,36.493558776167475,12.486580783682234,5.072463768115942,7.467793880837359,0.4227053140096618,1.5767579173376274,0.05367686527106817,0.4294149221685454,,
160,5.810520665593129,14.392109500805153,8.272946859903382,7.62211486849168,36.25872249060655,12.506709608158884,5.179817498658078,7.447665056360709,0.4227053140096618,1.6035963499731616,0.05367686527106817,0.4294149221685454,,
161,5.810520665593129,14.371980676328503,8.239398819108963,7.6623725174449815,36.10440150295223,12.305421363392378,5.374396135265701,7.588566827697263,0.4428341384863124,1.6170155662909287,0.05367686527106817,0.4294149221685454,,
162,5.730005367686527,14.331723027375201,8.165593129361245,7.628824476650563,35.809178743961354,12.567096081588835,5.642780461621041,7.568438003220612,0.4562533548040794,1.6170155662909287,0.05367686527106817,0.4294149221685454,,
163,5.730005367686527,14.204240472356414,8.776167471819646,7.561728395061729,35.299248523886206,12.607353730542137,5.60252281266774,7.615405260332796,0.46967257112184646,1.6505636070853462,0.05367686527106817,0.4294149221685454,,
164,5.642780461621041,14.237788513150832,8.849973161567364,7.561728395061729,35.265700483091784,12.607353730542137,5.60252281266774,7.615405260332796,0.46967257112184646,1.6639828234031133,0.05367686527106817,0.4294149221685454,,
165,4.602791196994096,19.03515834675255,8.84326355340848,7.1658615136876005,33.59500805152979,11.41304347826087,5.421363392377885,7.232957595276436,0.47638217928073,1.7310789049919484,0.05367686527106817,0.4294149221685454,,
166,4.575952764358561,18.907675791733762,8.876811594202898,7.1658615136876005,33.380300590445515,11.33923778851315,5.448201825013419,7.628824476650563,0.47638217928073,1.7176596886741815,0.05367686527106817,0.4294149221685454,,
167,4.528985507246377,18.78690284487386,8.59500805152979,7.1658615136876005,33.071658615136876,11.43317230273752,5.542136339237788,8.172302737520129,0.46296296296296297,1.7579173376274826,0.05367686527106817,0.4294149221685454,,
168,4.53569511540526,18.438003220611915,8.742619431025227,7.333601717659689,33.091787439613526,11.3593666129898,5.595813204508857,8.172302737520129,0.46296296296296297,1.7847557702630166,0.05367686527106817,0.4294149221685454,,
169,4.53569511540526,18.438003220611915,8.977455716586151,7.333601717659689,32.76301663982824,11.33923778851315,5.71658615136876,8.165593129361245,0.46296296296296297,1.7847557702630166,0.05367686527106817,0.4294149221685454,,
170,4.549114331723027,18.4044551798175,8.977455716586151,7.333601717659689,32.669082125603865,11.272141706924316,5.810520665593129,8.185721953837897,0.46296296296296297,1.8518518518518519,0.05367686527106817,0.4294149221685454,,
171,4.549114331723027,17.860976918947934,9.520933977455716,7.494632313472893,32.608695652173914,11.238593666129898,5.770263016639828,8.185721953837897,0.46296296296296297,1.8250134192163177,0.05367686527106817,0.4294149221685454,,
172,4.542404723564144,17.67981749865808,9.581320450885668,7.6623725174449815,32.63553408480945,11.16478797638218,5.756843800322061,8.179012345679013,0.4428341384863124,1.8719806763285025,0.05367686527106817,0.4294149221685454,,
173,4.502147074610843,17.54562533548041,9.541062801932368,7.635534084809447,32.63553408480945,11.399624261943103,5.763553408480945,8.165593129361245,0.4562533548040794,1.8719806763285025,0.05367686527106817,0.4294149221685454,,
174,4.441760601180891,17.257112184648417,9.77589908749329,7.568438003220612,32.74288781535159,11.345947396672035,5.736714975845411,8.299785292538916,0.46967257112184646,1.8786902844873858,0.05367686527106817,0.4294149221685454,,
175,4.361245303274289,16.99543746645196,10.071121846484166,7.716049382716049,32.347020933977454,11.506977992485238,5.864197530864198,8.3064949006978,0.47638217928073,1.8719806763285025,0.05367686527106817,0.4294149221685454,,
176,4.320987654320987,16.861245303274288,10.339506172839506,7.809983896940419,32.2463768115942,11.54723564143854,5.850778314546431,8.192431561996779,0.47638217928073,1.8719806763285025,0.05367686527106817,0.4294149221685454,,
177,4.327697262479871,16.63311862587225,10.23215244229737,7.588566827697263,33.02469135802469,11.419753086419753,5.884326355340848,8.085077831454644,0.46296296296296297,1.8585614600107354,0.05367686527106817,0.4294149221685454,,
178,4.374664519592056,16.59957058507783,10.19189479334407,7.541599570585078,33.00456253354804,11.453301127214171,5.864197530864198,8.085077831454644,0.5032206119162641,1.8585614600107354,0.0939345142243693,0.4294149221685454,,
179,4.314278046162104,16.431830381105744,10.272410091250672,7.722758990874933,32.809983896940416,11.218464841653248,6.253354804079442,8.111916264090176,0.5032206119162641,1.8384326355340848,0.0939345142243693,0.4294149221685454,,
180,4.341116478797638,16.418411164787976,10.245571658615138,7.722758990874933,32.749597423510465,11.137949543746645,6.353998926462695,8.111916264090176,0.5166398282340311,1.865271068169619,0.10735373054213634,0.4294149221685454,,
181,4.394793344068707,16.243961352657006,10.520665593129362,7.702630166398282,32.10547504025765,11.137949543746645,6.776704240472356,8.165593129361245,0.5166398282340311,1.8988191089640365,0.10735373054213634,0.4294149221685454,,
182,4.408212560386473,16.109769189479334,10.607890499194847,7.796564680622652,31.904186795491142,11.151368760064413,6.944444444444445,8.09849704777241,0.5434782608695652,1.8988191089640365,0.10735373054213634,0.4294149221685454,,
