,45,50,54,51,52,53,55,56,57
0,94.10225442834138,5.897745571658615,,,,,,,
1,94.11567364465915,5.736714975845411,0.14761137949543746,,,,,,
2,85.138217928073,12.842190016103059,0.14761137949543746,1.8719806763285025,,,,,
3,77.16720343531938,20.813204508856682,0.14761137949543746,1.8719806763285025,,,,,
4,77.34836285560924,19.484702093397747,0.14761137949543746,3.0193236714975846,,,,,
5,75.86553945249598,20.98094471282877,0.14761137949543746,3.0059044551798175,,,,,
6,74.73832528180354,22.108158883521202,0.14761137949543746,3.0059044551798175,,,,,
7,72.638217928073,24.208266237251745,0.14761137949543746,3.0059044551798175,,,,,
8,72.69860440150295,18.840579710144926,0.14761137949543746,3.0059044551798175,4.233762748255502,1.0735373054213635,,,
9,69.33709071390231,22.20209339774557,0.14761137949543746,3.0059044551798175,4.233762748255502,1.0735373054213635,,,
10,67.39801395598496,24.14117015566291,0.14761137949543746,3.0059044551798175,4.233762748255502,1.0735373054213635,,,
11,63.67418142780462,27.865002683843265,0.14761137949543746,3.0059044551798175,4.233762748255502,1.0735373054213635,,,
12,63.84192163177671,27.85829307568438,0.14761137949543746,3.0059044551798175,4.072732152442297,1.0735373054213635,,,
13,63.10386473429951,28.743961352657006,0.14761137949543746,3.0059044551798175,3.9519592055823938,1.0466988727858293,,,
14,58.601717659688674,33.299785292538914,0.14761137949543746,3.0059044551798175,3.898282340311326,1.0466988727858293,,,
15,58.8768115942029,32.90391841116479,0.48980139559849706,1.6035963499731616,5.0791733762748255,1.0466988727858293,,,
16,57.19269994632314,34.11164787976382,0.48980139559849706,1.6035963499731616,5.475040257648954,0.9863123993558777,0.14090177133655393,,
17,57.30005367686527,34.15861513687601,0.48980139559849706,1.5230810520665594,5.401234567901234,0.9863123993558777,0.14090177133655393,,
18,56.447933440687066,35.01073537305421,0.48980139559849706,1.5230810520665594,5.401234567901234,0.9863123993558777,0.14090177133655393,,
19,51.12050456253355,40.33816425120773,0.48980139559849706,1.5230810520665594,5.401234567901234,0.9863123993558777,0.14090177133655393,,
20,49.4699409554482,40.4723564143854,0.41599570585077833,1.482823403113258,5.3274288781535155,2.690552871712292,0.14090177133655393,,
21,49.4699409554482,40.57300053676865,0.41599570585077833,1.4559849704777241,5.273752012882448,2.6704240472356413,0.14090177133655393,,
22,48.79898013955985,39.398819108964034,0.41599570585077833,3.4688674181427803,5.10601180891036,2.6704240472356413,0.14090177133655393,,
23,49.35587761674718,39.009661835748794,0.41599570585077833,3.4420289855072466,4.9651100375738055,2.6704240472356413,0.14090177133655393,,
24,46.88003220611916,41.48550724637681,0.41599570585077833,3.4420289855072466,4.9651100375738055,2.6704240472356413,0.14090177133655393,,
25,45.90713902308105,38.217928073000536,0.7447665056360708,7.407407407407407,4.9651100375738055,2.6167471819645733,0.14090177133655393,,
26,46.08829844337091,38.08373590982286,0.7447665056360708,7.360440150295223,4.9651100375738055,2.6167471819645733,0.14090177133655393,,
27,46.2962962962963,37.84219001610306,0.7447665056360708,7.360440150295223,4.944981213097155,2.6167471819645733,0.19457863660762212,,
28,43.43129361245303,33.702361782071925,0.5703166935050993,14.647074610842727,4.723564143853999,2.7308105206655933,0.19457863660762212,,
29,39.17740203972088,35.057702630166396,0.5703166935050993,17.66639828234031,4.643048845947397,2.7308105206655933,0.15432098765432098,,
30,39.741009125067094,34.574610842726784,0.5300590445517982,17.62614063338701,4.643048845947397,2.7308105206655933,0.15432098765432098,,
31,39.61352657004831,32.910628019323674,0.5300590445517982,19.464573268921097,4.643048845947397,2.6838432635534084,0.15432098765432098,,
32,39.62023617820719,32.9777241009125,0.5300590445517982,19.390767579173378,4.643048845947397,2.6838432635534084,0.15432098765432098,,
33,38.94256575415996,27.375201288244767,0.5300590445517982,23.450080515297905,4.643048845947397,4.904723564143854,0.15432098765432098,,
34,39.32501341921632,27.28797638217928,0.5300590445517982,23.15485775630703,4.643048845947397,4.904723564143854,0.15432098765432098,,
35,38.37224906065486,26.080246913580247,0.5300590445517982,25.315351583467525,4.643048845947397,4.904723564143854,0.15432098765432098,,
36,36.54723564143854,35.68169618894257,,24.20155662909286,1.261406333870102,2.167203435319377,0.14090177133655393,,
37,34.957058507783145,36.56736446591519,,22.859634997316157,1.261406333870102,4.213633923778851,0.14090177133655393,,
38,35.527375201288244,36.33923778851315,,22.584541062801932,1.261406333870102,4.146537842190016,0.14090177133655393,,
39,35.990338164251206,36.16478797638218,,22.309447128287708,1.261406333870102,4.133118625872249,0.14090177133655393,,
40,35.0979602791197,37.285292538915726,,22.08132045088567,1.261406333870102,4.133118625872249,0.14090177133655393,,
41,33.80971551261406,35.85614600107354,,22.061191626409016,1.1741814278046163,6.957863660762212,0.14090177133655393,,
42,34.17874396135266,33.93719806763285,,23.557434245840042,0.3824476650563607,7.803274288781535,0.14090177133655393,,
43,33.87010198604401,33.00456253354804,,23.242082662372518,0.3824476650563607,9.500805152979066,,,
44,34.40016103059581,32.74288781535159,,23.14814814814815,0.3824476650563607,9.326355340848094,,,
45,34.628287707997856,32.49463231347289,,24.48336017176597,0.3824476650563607,8.011272141706923,,,
46,34.554482018250134,32.19269994632314,,25.161030595813205,0.3824476650563607,7.709339774557166,,,
47,34.715512614063336,32.17928073000537,,25.05367686527107,0.3824476650563607,7.669082125603865,,,
48,35.057702630166396,32.139023081052066,,24.932903918411164,0.3824476650563607,7.48792270531401,,,
49,14.04320987654321,77.85829307568439,,6.468062265163715,,1.6304347826086956,,,
50,14.63365539452496,77.30810520665594,,6.347289318303811,,1.6304347826086956,0.08051529790660225,,
51,14.761137949543746,76.97262479871175,,6.5552871712292005,,1.6304347826086956,0.08051529790660225,,
52,15.438808373590982,75.50322061191626,,6.488191089640365,,1.6304347826086956,0.9393451422436929,,
53,14.526301663982823,76.4626945786366,,6.4412238325281805,,1.6304347826086956,0.9393451422436929,,
54,15.250939345142244,75.7380568974772,,6.4412238325281805,,1.6304347826086956,0.9393451422436929,,
55,14.298174986580785,76.73778851315083,,6.394256575415996,,1.6304347826086956,0.9393451422436929,,
56,14.358561460010735,75.81186258722491,,6.239935587761675,1.107085346215781,1.6103059581320451,0.8722490606548577,,
57,14.969135802469136,75.26167471819646,,6.239935587761675,1.107085346215781,1.583467525496511,0.8387010198604401,,
58,15.08990874932904,74.020397208803,,6.038647342995169,1.0869565217391304,2.9253891572732154,0.8387010198604401,,
59,15.304616210413311,70.37707997852925,1.6371443907675791,5.790391841116479,1.0869565217391304,2.9253891572732154,2.8784219001610305,,
60,15.687063875469672,68.65271068169619,1.6371443907675791,5.790391841116479,1.0869565217391304,2.9253891572732154,4.2203435319377345,,
61,16.243961352657006,68.13607085346216,1.6371443907675791,5.750134192163178,1.0869565217391304,2.9253891572732154,4.2203435319377345,,
62,16.404991948470208,68.06226516371444,1.6103059581320451,5.689747718733226,1.0869565217391304,2.9253891572732154,4.2203435319377345,,
63,15.277777777777779,60.889694041867955,1.5432098765432098,14.640365002683843,1.0869565217391304,2.9253891572732154,3.6366076221148687,,
64,15.687063875469672,57.971014492753625,4.314278046162104,14.586688137412775,1.0869565217391304,2.918679549114332,3.435319377348363,,
65,15.445517981749866,55.884326355340846,7.199409554482019,13.902308105206655,2.006172839506173,2.7241009125067097,2.8381642512077296,,
66,16.0829307568438,55.54884594739667,7.199409554482019,13.741277509393452,2.073268921095008,2.61003757380569,2.7442297369833604,,
67,16.411701556629094,53.30112721417069,7.112184648416532,15.94873859366613,1.8719806763285025,2.61003757380569,2.7442297369833604,,
68,16.914922168545356,51.58346752549651,7.065217391304348,15.901771336553946,1.8719806763285025,2.61003757380569,4.052603327965647,,
69,16.35131508319914,50.6105743424584,6.9243156199677935,17.55233494363929,1.8719806763285025,3.166935050993022,3.5225442834138487,,
70,16.358024691358025,48.62453032742888,6.884057971014493,17.55233494363929,1.8719806763285025,3.166935050993022,5.542136339237788,,
71,17.465110037573805,48.19511540526033,6.870638754696726,17.062533548040793,1.8719806763285025,3.166935050993022,5.367686527106817,,
72,17.72007514761138,47.94015029522276,6.870638754696726,17.062533548040793,1.8719806763285025,3.166935050993022,5.367686527106817,,
73,18.377616747181964,47.46376811594203,6.8035426731078905,17.062533548040793,1.8719806763285025,3.0864197530864197,5.3341384863123995,,
74,19.585346215780998,46.765968867418145,6.736446591519055,16.921631776704242,1.8719806763285025,3.0864197530864197,5.032206119162641,,
75,19.940955448201827,46.64519592055824,6.629092860976919,16.867954911433173,1.8719806763285025,3.052871712292002,4.99194847020934,,
76,20.101986044015028,45.71256038647343,6.488191089640365,17.8743961352657,1.8317230273752012,2.999194847020934,4.99194847020934,,
77,20.471014492753625,45.4374664519592,6.488191089640365,17.780461621041333,1.8317230273752012,2.999194847020934,4.99194847020934,,
78,20.974235104669887,45.128824476650564,6.367418142780462,17.780461621041333,1.8317230273752012,2.9924852388620504,4.924852388620504,,
79,21.4573268921095,44.900697799248526,6.353998926462695,17.57246376811594,1.8317230273752012,2.9924852388620504,4.891304347826087,,
80,18.65271068169619,40.284487385936664,6.353998926462695,27.086688137412775,,2.8113258185721954,4.810789049919484,,
81,19.679280730005367,39.54643048845947,6.280193236714976,25.13419216317767,,4.62962962962963,4.730273752012883,,
82,19.900697799248523,39.029790660225444,6.816961889425658,24.993290391841118,,4.62962962962963,4.488727858293076,0.14090177133655393,
83,20.37037037037037,38.909017713365536,6.816961889425658,24.644390767579175,,4.62962962962963,4.488727858293076,0.14090177133655393,
84,20.249597423510465,37.8690284487386,8.76274825550188,24.40955448201825,,4.62962962962963,3.844605475040258,0.23483628556092323,
85,19.860440150295222,39.55984970477724,8.735909822866345,22.993827160493826,1.0802469135802468,3.643317230273752,3.8915727321524423,0.23483628556092323,
86,20.115405260332796,39.47933440687064,8.709071390230811,22.933440687063875,1.0802469135802468,3.6366076221148687,3.81105743424584,0.23483628556092323,
87,20.39049919484702,39.38539989264627,8.709071390230811,22.839506172839506,1.0802469135802468,3.616478797638218,3.743961352657005,0.23483628556092323,
88,20.377079978529252,37.5402576489533,8.709071390230811,21.175523349436393,2.932098765432099,3.616478797638218,5.414653784219001,0.23483628556092323,
89,20.833333333333332,37.35238862050456,8.682232957595277,20.98094471282877,2.932098765432099,3.603059581320451,5.381105743424584,0.23483628556092323,
90,20.242887815351583,36.04401502952228,7.4006977992485234,20.873590982286636,4.139828234031133,6.830381105743425,4.233762748255502,0.23483628556092323,
91,20.343531937734838,35.78234031132582,7.360440150295223,20.652173913043477,4.139828234031133,7.179280730005368,4.2203435319377345,0.322061191626409,
92,20.00805152979066,35.238862050456255,7.360440150295223,21.658615136876005,4.019055287171229,7.179280730005368,4.213633923778851,0.322061191626409,
93,19.87385936661299,34.72222222222222,7.702630166398282,21.658615136876005,4.019055287171229,7.179280730005368,4.522275899087493,0.322061191626409,
94,19.269994632313473,33.1857219538379,7.689210950080516,21.423778851315085,6.4345142243692965,7.058507783145465,4.4753086419753085,0.46296296296296297,
95,19.524959742351047,33.313204508856685,7.615405260332796,21.175523349436393,6.4345142243692965,7.03166935050993,4.441760601180891,0.46296296296296297,
96,20.055018786902846,33.07836822329576,7.608695652173913,20.913848631239937,6.260064412238325,7.03166935050993,4.441760601180891,0.6105743424584005,
97,20.705850778314545,32.890499194847024,7.5348899624261945,20.685721953837895,6.1862587224906065,6.984702093397746,4.441760601180891,0.5703166935050993,
98,21.054750402576488,32.86366076221149,7.50805152979066,20.491143317230275,6.1862587224906065,6.884057971014493,4.441760601180891,0.5703166935050993,
99,21.651905528717123,32.689210950080515,7.50805152979066,20.21604938271605,6.1862587224906065,6.736446591519055,4.441760601180891,0.5703166935050993,
100,21.73913043478261,31.870638754696724,7.461084272678476,19.296833064949006,6.1862587224906065,8.474235104669887,4.40150295222759,0.5703166935050993,
101,22.034353193773484,31.702898550724637,7.461084272678476,19.229736983360173,6.119162640901771,8.480944712828771,4.40150295222759,0.5703166935050993,
102,22.188674181427803,31.548577563070317,7.427536231884058,19.135802469135804,6.246645195920558,8.480944712828771,4.40150295222759,0.5703166935050993,
103,22.517444981213096,31.662640901771336,7.4006977992485234,18.968062265163713,6.099033816425121,8.407139023081053,4.374664519592056,0.5703166935050993,
104,22.779119699409556,31.54186795491143,7.37385936661299,18.907675791733762,5.9447128287707995,8.407139023081053,4.320987654320987,0.5703166935050993,0.15432098765432098
105,23.221953837895867,31.333870101986044,7.313472893183038,18.726516371443907,5.9447128287707995,8.420558239398819,4.320987654320987,0.5636070853462157,0.15432098765432098
106,23.691626409017715,31.031937734836287,7.2933440687063875,18.646001073537306,5.9447128287707995,8.36688137412775,4.30756843800322,0.5636070853462157,0.15432098765432098
107,23.8191089640365,30.62265163714439,6.1929683306494905,18.323939881910896,5.9447128287707995,10.071121846484166,4.30756843800322,0.5636070853462157,0.15432098765432098
108,24.27536231884058,30.56897477187332,6.092324208266238,18.04213633923779,5.803811057434245,10.064412238325282,4.30756843800322,0.6910896403650026,0.15432098765432098
109,24.724906065485776,30.287171229200215,6.025228126677402,17.8743961352657,5.803811057434245,10.158346752549651,4.30756843800322,0.6642512077294686,0.15432098765432098
110,25.046967257112186,29.958400429414922,6.025228126677402,17.780461621041333,5.803811057434245,10.158346752549651,4.414922168545357,0.6575415995705851,0.15432098765432098
111,25.295222758990874,29.938271604938272,6.025228126677402,17.773752012882447,5.803811057434245,9.936929683306495,4.414922168545357,0.6575415995705851,0.15432098765432098
112,25.79844337090714,29.636339237788512,6.018518518518518,17.619431025228128,5.750134192163178,9.842995169082126,4.388083735909823,0.7917337627482555,0.15432098765432098
113,26.288244766505635,29.47530864197531,5.931293612453032,17.619431025228128,5.709876543209877,9.64170692431562,4.388083735909823,0.7917337627482555,0.15432098765432098
114,27.079978529253893,28.864734299516908,6.018518518518518,17.49194847020934,5.562265163714439,9.292807300053678,4.74369296833065,0.7917337627482555,0.15432098765432098
115,27.522812667740205,28.60305958132045,5.897745571658615,17.438271604938272,5.562265163714439,9.292807300053678,4.74369296833065,0.785024154589372,0.15432098765432098
116,27.932098765432098,28.119967793880836,5.897745571658615,17.23027375201288,5.481749865807837,9.292807300053678,5.10601180891036,0.785024154589372,0.15432098765432098
117,28.23403113258186,28.046162104133117,5.803811057434245,17.20343531937735,5.448201825013419,9.25925925925926,5.065754159957058,0.785024154589372,0.15432098765432098
118,28.475577026301664,27.932098765432098,6.119162640901771,17.062533548040793,5.448201825013419,8.964036500268385,5.059044551798175,0.785024154589372,0.15432098765432098
119,28.33467525496511,27.361782071927,6.045356951154052,17.98845947396672,5.428073000536768,8.84326355340848,5.059044551798175,0.785024154589372,0.15432098765432098
120,28.75067096081589,26.92565754159957,6.045356951154052,17.793880837359097,5.428073000536768,8.84326355340848,5.273752012882448,0.785024154589372,0.15432098765432098
121,28.992216854535695,26.88539989264627,5.998389694041868,17.753623188405797,5.428073000536768,8.756038647342995,5.246913580246914,0.785024154589372,0.15432098765432098
122,28.864734299516908,26.31508319914117,7.313472893183038,17.68652710681696,4.891304347826087,8.742619431025227,5.246913580246914,0.785024154589372,0.15432098765432098
123,28.898282340311326,25.885668276972623,7.185990338164252,17.538915727321523,4.783950617283951,9.5276435856146,5.246913580246914,0.7783145464304885,0.15432098765432098
124,29.24718196457327,25.72463768115942,7.185990338164252,17.53220611916264,4.783950617283951,9.353193773483628,5.24020397208803,0.7783145464304885,0.15432098765432098
125,29.32769726247987,25.37573805689748,7.14573268921095,17.391304347826086,4.730273752012883,9.453837895866881,5.387815351583468,1.0332796564680622,0.15432098765432098
126,29.837627482555018,25.087224906065487,7.14573268921095,17.223564143854,4.690016103059581,9.453837895866881,5.387815351583468,1.0198604401502953,0.15432098765432098
127,30.038915727321523,25.0402576489533,7.14573268921095,17.19001610305958,4.569243156199678,9.453837895866881,5.387815351583468,1.0198604401502953,0.15432098765432098
128,30.475040257648953,24.966451959205582,7.139023081052066,16.982018250134193,4.569243156199678,9.453837895866881,5.367686527106817,0.8923778851315083,0.15432098765432098
129,30.401234567901234,24.644390767579175,7.105475040257649,16.71363392377885,6.119162640901771,8.682232957595277,5.360976918947934,0.8185721953837896,0.15432098765432098
130,30.58239398819109,24.302200751476114,7.105475040257649,16.71363392377885,6.119162640901771,8.588298443370908,5.615942028985507,0.8185721953837896,0.15432098765432098
131,30.817230273752013,24.261943102522814,7.105475040257649,16.59286097691895,6.119162640901771,8.548040794417606,5.58239398819109,0.8185721953837896,0.15432098765432098
132,30.938003220611915,24.168008588298445,7.722758990874933,16.049382716049383,6.085614600107354,8.507783145464305,5.58239398819109,0.8118625872249061,0.13419216317767044
133,30.669618894256576,23.181696188942567,7.722758990874933,15.747450348899624,6.078904991948471,8.494363929146537,7.132313472893183,0.8387010198604401,0.13419216317767044
134,30.54884594739667,22.79253891572732,7.682501341921632,16.35131508319914,6.0587761674718195,8.494363929146537,7.098765432098766,0.8387010198604401,0.13419216317767044
135,31.031937734836287,22.79253891572732,7.628824476650563,16.17686527106817,5.991680085882985,8.420558239398819,6.984702093397746,0.8387010198604401,0.13419216317767044
136,31.45464304884595,22.5577026301664,7.628824476650563,16.056092324208265,5.9447128287707995,8.413848631239935,6.971282877079979,0.8387010198604401,0.13419216317767044
137,31.93773483628556,22.436929683306495,7.628824476650563,15.76086956521739,5.9447128287707995,8.3467525496511,6.971282877079979,0.8387010198604401,0.13419216317767044
138,32.347020933977454,22.363123993558776,7.48792270531401,15.640096618357488,5.931293612453032,8.28636607622115,6.971282877079979,0.8387010198604401,0.13419216317767044
139,32.35373054213634,22.34970477724101,7.877079978529254,15.613258185721953,5.555555555555555,8.259527643585615,7.018250134192163,0.8387010198604401,0.13419216317767044
140,32.67579173376275,22.20209339774557,7.87037037037037,15.505904455179817,5.555555555555555,8.259527643585615,6.957863660762212,0.8387010198604401,0.13419216317767044
141,32.139023081052066,21.960547504025765,7.823403113258186,16.371443907675793,5.548845947396672,8.225979602791197,6.957863660762212,0.8387010198604401,0.13419216317767044
142,32.82340311325819,21.846484165324746,7.729468599033816,16.17686527106817,5.548845947396672,8.051529790660226,6.850509930220075,0.8387010198604401,0.13419216317767044
143,32.9374664519592,21.69887278582931,7.836822329575953,15.888352120236178,5.548845947396672,7.669082125603865,7.447665056360709,0.8387010198604401,0.13419216317767044
144,33.279656468062264,21.611647879763822,7.830112721417069,15.754159957058508,5.522007514761138,7.581857219538379,7.447665056360709,0.8387010198604401,0.13419216317767044
145,33.85668276972625,21.504294149221685,7.749597423510467,15.660225442834138,5.387815351583468,7.581857219538379,7.313472893183038,0.8387010198604401,0.10735373054213634
146,34.10493827160494,21.423778851315085,7.749597423510467,15.566290928609769,5.387815351583468,7.521470746108427,7.300053676865271,0.8387010198604401,0.10735373054213634
147,34.45383789586688,21.296296296296298,7.890499194847021,15.499194847020934,5.213365539452496,7.4208266237251745,7.300053676865271,0.8185721953837896,0.10735373054213634
148,34.68196457326892,21.296296296296298,7.809983896940419,15.405260332796564,5.213365539452496,7.387278582930757,7.27992485238862,0.8185721953837896,0.10735373054213634
149,35.507246376811594,20.933977455716587,7.608695652173913,15.405260332796564,5.186527106816962,7.152442297369833,7.27992485238862,0.8185721953837896,0.10735373054213634
150,35.80246913580247,20.82662372517445,7.608695652173913,15.297906602254429,5.186527106816962,7.071926999463232,7.27992485238862,0.8185721953837896,0.10735373054213634
151,35.18518518518518,19.685990338164252,7.568438003220612,15.297906602254429,5.186527106816962,6.957863660762212,9.192163177670425,0.8185721953837896,0.10735373054213634
152,35.78234031132582,19.464573268921097,7.568438003220612,15.210681696188942,5.065754159957058,6.810252281266774,9.172034353193773,0.8185721953837896,0.10735373054213634
153,35.950080515297905,19.464573268921097,7.568438003220612,15.13016639828234,5.038915727321524,6.810252281266774,9.111647879763822,0.8185721953837896,0.10735373054213634
154,36.111111111111114,19.39747718733226,7.548309178743962,15.08990874932904,5.038915727321524,6.810252281266774,9.078099838969404,0.8185721953837896,0.10735373054213634
155,36.20504562533548,18.95464304884595,7.474503488996243,15.002683843263553,4.9651100375738055,7.407407407407407,9.078099838969404,0.8051529790660226,0.10735373054213634
156,36.8491680085883,18.80703166935051,7.37385936661299,14.841653247450349,4.797369833601718,7.407407407407407,9.01100375738057,0.8051529790660226,0.10735373054213634
157,37.285292538915726,18.71309715512614,7.232957595276436,14.741009125067096,4.797369833601718,7.320182501341922,8.997584541062801,0.8051529790660226,0.10735373054213634
158,37.52012882447665,18.531937734836287,7.092055823939882,14.660493827160494,4.750402576489533,7.568438003220612,8.964036500268385,0.8051529790660226,0.10735373054213634
159,37.60735373054214,18.531937734836287,7.092055823939882,14.660493827160494,4.750402576489533,7.568438003220612,8.876811594202898,0.8051529790660226,0.10735373054213634
160,37.848899624261946,18.4447128287708,7.0383789586688135,14.640365002683843,4.7101449275362315,7.568438003220612,8.84326355340848,0.8051529790660226,0.10064412238325282
161,37.92270531400966,18.4447128287708,7.0383789586688135,14.600107353730541,4.7101449275362315,7.568438003220612,8.809715512614064,0.8051529790660226,0.10064412238325282
162,37.52012882447665,17.69994632313473,7.320182501341922,14.506172839506172,4.53569511540526,9.138486312399356,8.400429414922169,0.7783145464304885,0.10064412238325282
163,37.60064412238325,17.418142780461622,7.253086419753086,14.492753623188406,5.703166935050993,8.387010198604402,8.266237251744498,0.7783145464304885,0.10064412238325282
164,37.96296296296296,17.216854535695116,6.977992485238862,14.38539989264627,6.1862587224906065,8.158883521202362,8.252818035426731,0.7581857219538379,0.10064412238325282
165,37.32555018786903,16.780730005367687,8.393719806763285,14.38539989264627,6.112453032742888,7.937466451959206,8.205850778314547,0.7581857219538379,0.10064412238325282
166,36.78878153515835,16.780730005367687,8.36688137412775,13.506441223832528,6.112453032742888,9.5276435856146,8.205850778314547,0.6105743424584005,0.10064412238325282
167,37.30542136339238,16.70692431561997,8.172302737520129,13.177670424047236,6.112453032742888,9.802737520128824,8.071658615136876,0.5501878690284487,0.10064412238325282
168,37.6207729468599,16.666666666666668,8.05823939881911,13.130703166935051,6.0587761674718195,9.802737520128824,8.011272141706923,0.5501878690284487,0.10064412238325282
169,37.1309715512614,15.98899624261943,8.387010198604402,13.130703166935051,5.776972624798712,11.500268384326356,7.440955448201825,0.5434782608695652,0.10064412238325282
170,37.6207729468599,15.955448201825014,8.460815888352121,12.99651100375738,5.669618894256575,11.379495437466453,7.27992485238862,0.5367686527106817,0.10064412238325282
171,37.795222758990874,15.942028985507246,8.353462157809984,12.97638217928073,5.649490069779925,11.366076221148685,7.27992485238862,0.5367686527106817,0.10064412238325282
172,38.16425120772947,15.841384863123993,8.3467525496511,12.97638217928073,5.622651637144391,11.131239935587761,7.27992485238862,0.5367686527106817,0.10064412238325282
173,38.61379495437466,15.573000536768653,8.3467525496511,12.97638217928073,5.58239398819109,11.003757380568974,7.266505636070853,0.5367686527106817,0.10064412238325282
174,38.75469672571122,15.505904455179817,8.3467525496511,12.654320987654321,5.58239398819109,10.86285560923242,7.514761137949543,0.6776704240472357,0.10064412238325282
175,39.009661835748794,15.499194847020934,8.3467525496511,12.607353730542137,5.528717122920021,10.742082662372518,7.48792270531401,0.6776704240472357,0.10064412238325282
176,39.10359634997316,15.465646806226516,8.3467525496511,12.587224906065487,5.528717122920021,10.701825013419215,7.48792270531401,0.6776704240472357,0.10064412238325282
177,39.55314009661836,15.291196994095545,8.299785292538916,12.47987117552335,5.528717122920021,10.654857756307031,7.427536231884058,0.6642512077294686,0.10064412238325282
178,39.76784755770263,15.230810520665592,8.259527643585615,12.432903918411165,5.495169082125604,10.621309715512615,7.427536231884058,0.6642512077294686,0.10064412238325282
179,39.02308105206656,14.660493827160494,9.802737520128824,12.365807836822329,5.495169082125604,10.513955984970478,7.380568974771873,0.6575415995705851,0.10064412238325282
180,38.58695652173913,14.486044015029522,9.460547504025765,12.157809983896941,7.7898550724637685,9.380032206119163,7.380568974771873,0.6575415995705851,0.10064412238325282
181,38.81508319914117,14.418947933440688,9.386741814278047,12.13768115942029,7.729468599033816,9.373322597960279,7.380568974771873,0.6575415995705851,0.10064412238325282
182,38.97611379495437,14.351851851851851,9.339774557165862,12.13768115942029,7.729468599033816,9.373322597960279,7.333601717659689,0.6575415995705851,0.10064412238325282
183,38.51315083199141,13.969404186795492,10.768921095008052,12.02361782071927,7.716049382716049,9.29951690821256,6.957863660762212,0.6508319914117016,0.10064412238325282
184,39.05662909286098,13.70101986044015,10.909822866344605,12.02361782071927,7.702630166398282,9.131776704240472,6.723027375201288,0.6508319914117016,0.10064412238325282
185,39.28475577026302,13.687600644122384,10.849436392914654,11.949812130971551,7.628824476650563,9.131776704240472,6.723027375201288,0.6508319914117016,0.0939345142243693
186,39.351851851851855,13.627214170692431,10.849436392914654,11.949812130971551,7.628824476650563,9.125067096081589,6.723027375201288,0.6508319914117016,0.0939345142243693
187,39.190821256038646,13.16425120772947,11.849168008588299,11.936392914653783,7.555018786902845,9.03113258185722,6.528448738593666,0.6508319914117016,0.0939345142243693
188,39.49946323134729,12.99651100375738,11.761943102522812,11.916264090177133,7.555018786902845,9.01100375738057,6.515029522275899,0.6508319914117016,0.0939345142243693
189,39.80810520665593,12.929414922168545,11.748523886205046,11.802200751476114,7.494632313472893,9.01100375738057,6.461352657004831,0.6508319914117016,0.0939345142243693
190,38.27831454643049,12.842190016103059,11.231884057971014,14.566559312936125,7.152442297369833,8.789586688137414,6.394256575415996,0.6508319914117016,0.0939345142243693
191,38.69431025228127,12.701288244766506,11.124530327428879,14.459205582393988,7.112184648416532,8.789586688137414,6.380837359098229,0.644122383252818,0.0939345142243693
192,39.12372517444981,12.567096081588835,11.017176596886742,14.40552871712292,6.998121309715513,8.789586688137414,6.360708534621578,0.644122383252818,0.0939345142243693
193,39.40552871712292,12.513419216317766,11.017176596886742,14.338432635534085,6.89747718733226,8.742619431025227,6.360708534621578,0.630703166935051,0.0939345142243693
194,39.51959205582394,12.486580783682234,11.017176596886742,14.338432635534085,6.89747718733226,8.655394524959743,6.360708534621578,0.630703166935051,0.0939345142243693
195,40.02952227589909,12.419484702093397,10.889694041867955,14.130434782608695,6.89747718733226,8.655394524959743,6.260064412238325,0.6239935587761675,0.0939345142243693
196,40.54616210413312,12.372517444981213,10.742082662372518,14.029790660225443,6.89747718733226,8.628556092324208,6.092324208266238,0.5971551261406334,0.0939345142243693
197,40.552871712292,12.318840579710145,10.742082662372518,13.935856146001074,6.9243156199677935,8.769457863660762,6.0654857756307035,0.5971551261406334,0.0939345142243693
198,40.83467525496511,12.305421363392378,10.695115405260333,13.935856146001074,6.9243156199677935,8.59500805152979,6.018518518518518,0.5971551261406334,0.0939345142243693
199,41.47879763821793,12.130971551261407,10.648148148148149,13.694310252281268,6.890767579173376,8.548040794417606,5.931293612453032,0.5837359098228664,0.0939345142243693
200,41.79414922168545,12.070585077831455,10.628019323671497,13.620504562533547,6.790123456790123,8.514492753623188,5.931293612453032,0.5568974771873323,0.0939345142243693
201,41.988727858293075,11.976650563607086,10.607890499194847,13.741277509393452,6.790123456790123,8.480944712828771,5.763553408480945,0.5568974771873323,0.0939345142243693
202,42.659688674181425,11.694847020933977,10.493827160493828,13.613794954374665,6.776704240472356,8.393719806763285,5.71658615136876,0.5568974771873323,0.0939345142243693
203,42.82071926999463,11.694847020933977,10.446859903381643,13.613794954374665,6.776704240472356,8.279656468062266,5.71658615136876,0.5568974771873323,0.0939345142243693
204,43.00858829844337,11.694847020933977,10.446859903381643,13.533279656468062,6.763285024154589,8.272946859903382,5.629361245303274,0.5568974771873323,0.0939345142243693
205,43.31052066559313,11.641170155662909,10.359634997316157,13.385668276972625,6.662640901771336,8.440687063875469,5.548845947396672,0.5568974771873323,0.0939345142243693
206,43.605743424584006,11.506977992485238,10.319377348362856,13.365539452495975,6.602254428341385,8.413848631239935,5.535426731078905,0.5568974771873323,0.0939345142243693
207,44.08212560386473,11.41304347826087,10.299248523886206,13.117283950617283,6.508319914117015,8.393719806763285,5.535426731078905,0.5568974771873323,0.0939345142243693
208,44.296833064949006,11.41304347826087,10.299248523886206,13.009930220075148,6.508319914117015,8.393719806763285,5.428073000536768,0.5568974771873323,0.0939345142243693
209,44.53166935050993,11.372785829307569,10.299248523886206,12.902576489533011,6.561996779388084,8.266237251744498,5.428073000536768,0.5434782608695652,0.0939345142243693
210,44.96108427267848,11.352657004830919,10.171765968867419,12.902576489533011,6.541867954911433,8.05823939881911,5.374396135265701,0.5434782608695652,0.0939345142243693
211,44.71282877079979,10.782340311325818,9.762479871175524,12.560386473429952,8.836553945249598,7.568438003220612,5.213365539452496,0.46967257112184646,0.0939345142243693
212,44.806763285024154,10.768921095008052,9.762479871175524,12.493290391841116,8.836553945249598,7.561728395061729,5.2066559312936125,0.46967257112184646,0.0939345142243693
213,44.55179817498658,10.762211486849168,9.41358024691358,13.573537305421363,8.682232957595277,7.5281803542673105,4.924852388620504,0.46967257112184646,0.0939345142243693
214,44.68599033816425,10.762211486849168,9.41358024691358,13.546698872785829,8.682232957595277,7.4208266237251745,4.924852388620504,0.46967257112184646,0.0939345142243693
215,43.69296833064949,9.567901234567902,12.151100375738057,13.325281803542673,8.61513687600644,7.185990338164252,4.898013955984971,0.46967257112184646,0.0939345142243693
216,44.07541599570585,9.5276435856146,12.050456253354804,13.211218464841654,8.61513687600644,7.139023081052066,4.817498658078368,0.46967257112184646,0.0939345142243693
217,44.39747718733226,9.514224369296834,11.808910359634996,13.211218464841654,8.61513687600644,7.139023081052066,4.750402576489533,0.46967257112184646,0.0939345142243693
218,44.7463768115942,9.386741814278047,11.741814278046162,13.157541599570585,8.561460010735374,7.118894256575416,4.723564143853999,0.46967257112184646,0.0939345142243693
219,44.826892109500804,9.31964573268921,11.862587224906065,13.083735909822867,8.628556092324208,6.850509930220075,4.864465915190553,0.46967257112184646,0.0939345142243693
220,44.80005367686527,8.957326892109501,11.83574879227053,14.553140096618357,7.62211486849168,6.8035426731078905,4.864465915190553,0.46967257112184646,0.0939345142243693
221,44.95437466451959,8.930488459473967,11.829039184111648,14.465915190552872,7.62211486849168,6.776704240472356,4.85775630703167,0.46967257112184646,0.0939345142243693
222,45.26301663982824,8.930488459473967,11.829039184111648,14.31159420289855,7.521470746108427,6.763285024154589,4.817498658078368,0.46967257112184646,0.0939345142243693
223,45.97423510466989,8.709071390230811,11.513687600644122,14.217659688674182,7.50805152979066,6.696188942565755,4.817498658078368,0.46967257112184646,0.0939345142243693
224,46.202361782071925,8.68894256575416,11.466720343531938,14.15727321524423,7.447665056360709,6.655931293612453,4.817498658078368,0.46967257112184646,0.0939345142243693
225,46.484165324745035,8.668813741277509,11.285560923242082,14.150563607085346,7.447665056360709,6.649221685453569,4.7638217928073,0.4562533548040794,0.0939345142243693
226,46.87332259796028,8.635265700483092,11.198336017176597,14.15727321524423,7.434245840042942,6.387546967257112,4.7638217928073,0.4562533548040794,0.0939345142243693
227,47.42351046698873,8.581588835212024,11.104401502952227,14.029790660225443,7.4208266237251745,6.159420289855072,4.730273752012883,0.4562533548040794,0.0939345142243693
228,47.678475577026305,8.541331186258722,11.104401502952227,13.915727321524423,7.320182501341922,6.159420289855072,4.730273752012883,0.4562533548040794,0.0939345142243693
229,47.91331186258722,8.541331186258722,11.030595813204508,13.862050456253355,7.25979602791197,6.112453032742888,4.730273752012883,0.4562533548040794,0.0939345142243693
230,48.20182501341922,8.541331186258722,10.93666129898014,13.848631239935587,7.105475040257649,6.105743424584004,4.7101449275362315,0.4562533548040794,0.0939345142243693
231,48.54401502952228,8.514492753623188,10.896403650026839,13.848631239935587,6.977992485238862,6.005099302200751,4.696725711218465,0.4227053140096618,0.0939345142243693
232,49.080783682232955,8.387010198604402,10.681696188942565,13.848631239935587,6.863929146537842,5.931293612453032,4.690016103059581,0.4227053140096618,0.0939345142243693
233,49.3491680085883,8.319914117015566,10.681696188942565,13.667471819645733,6.863929146537842,5.924584004294149,4.676596886741814,0.4227053140096618,0.0939345142243693
234,49.55716586151369,8.319914117015566,10.681696188942565,13.593666129898015,6.769994632313473,5.884326355340848,4.676596886741814,0.4227053140096618,0.0939345142243693
235,47.22222222222222,8.145464304884594,10.265700483091788,12.332259796027913,11.372785829307569,5.776972624798712,4.428341384863124,0.36231884057971014,0.0939345142243693
236,47.36312399355877,8.125335480407944,10.171765968867419,12.332259796027913,11.372785829307569,5.776972624798712,4.40150295222759,0.36231884057971014,0.0939345142243693
237,47.85963499731616,8.017981749865807,9.970477724100913,12.332259796027913,11.18491680085883,5.776972624798712,4.40150295222759,0.36231884057971014,0.0939345142243693
238,48.16156736446592,8.004562533548041,9.903381642512077,12.191358024691358,11.151368760064413,5.730005367686527,4.40150295222759,0.36231884057971014,0.0939345142243693
239,48.36285560923242,7.991143317230274,9.842995169082126,12.090713902308105,11.030595813204508,5.877616747181965,4.3478260869565215,0.36231884057971014,0.0939345142243693
240,48.40311325818572,7.863660762211487,9.822866344605474,12.06387546967257,10.929951690821255,6.206387546967257,4.327697262479871,0.2885131508319914,0.0939345142243693
241,48.50375738056898,7.856951154052603,9.75577026301664,12.050456253354804,10.929951690821255,6.1929683306494905,4.327697262479871,0.2885131508319914,0.0939345142243693
242,48.470209339774556,7.7831454643048845,9.708803005904455,11.949812130971551,10.990338164251208,6.260064412238325,4.455179817498658,0.2885131508319914,0.0939345142243693
243,48.32259796027912,7.7361782071927,9.608158883521202,11.808910359634996,11.60762211486849,6.246645195920558,4.28743961352657,0.2885131508319914,0.0939345142243693
244,48.329307568438004,7.64224369296833,9.41358024691358,11.486849168008588,12.097423510466989,6.360708534621578,4.28743961352657,0.2885131508319914,0.0939345142243693
245,48.590982286634464,7.615405260332796,9.31964573268921,11.446591519055287,11.996779388083736,6.360708534621578,4.28743961352657,0.2885131508319914,0.0939345142243693
246,48.8996242619431,7.5281803542673105,9.29951690821256,11.285560923242082,11.996779388083736,6.320450885668277,4.28743961352657,0.2885131508319914,0.0939345142243693
247,49.08749329039184,7.50805152979066,9.272678475577026,11.285560923242082,11.902844873859367,6.293612453032743,4.26731078904992,0.2885131508319914,0.0939345142243693
248,37.98309178743961,5.374396135265701,3.3950617283950617,34.39345142243693,11.2788513150832,4.750402576489533,2.442297369833602,0.2885131508319914,0.0939345142243693
249,38.157541599570585,5.35426731078905,3.3950617283950617,34.13848631239936,11.245303274288782,4.904723564143854,2.4221685453569513,0.2885131508319914,0.0939345142243693
250,38.22463768115942,5.35426731078905,3.3950617283950617,34.084809447128286,11.245303274288782,4.904723564143854,2.4221685453569513,0.27509393451422437,0.0939345142243693
251,38.036768652710684,5.35426731078905,3.3950617283950617,34.03113258185722,11.3593666129898,5.059044551798175,2.395330112721417,0.27509393451422437,0.0939345142243693
252,38.405797101449274,5.287171229200215,3.3950617283950617,33.89694041867955,11.218464841653248,5.038915727321524,2.395330112721417,0.2683843263553409,0.0939345142243693
253,38.75469672571122,5.273752012882448,3.321256038647343,33.675523349436396,11.211755233494364,5.018786902844874,2.395330112721417,0.2549651100375738,0.0939345142243693
254,38.539989264626946,5.267042404723564,3.321256038647343,34.17203435319377,11.225174449812132,4.9718196457326895,2.15378421900161,0.2549651100375738,0.0939345142243693
255,38.91572732152442,5.267042404723564,3.227321524422974,34.024422973698336,11.191626409017713,4.871175523349437,2.15378421900161,0.2549651100375738,0.0939345142243693
256,39.14385399892646,5.213365539452496,3.227321524422974,33.85668276972625,11.191626409017713,4.864465915190553,2.15378421900161,0.2549651100375738,0.0939345142243693
257,39.231078904991946,5.213365539452496,3.227321524422974,33.782877079978526,11.18491680085883,4.85775630703167,2.15378421900161,0.2549651100375738,0.0939345142243693
258,40.063070316693505,5.213365539452496,3.227321524422974,32.95759527643585,11.178207192699947,4.85775630703167,2.15378421900161,0.2549651100375738,0.0939345142243693
259,40.284487385936664,5.213365539452496,3.1870638754696725,32.8569511540526,11.171497584541063,4.810789049919484,2.1269457863660763,0.2549651100375738,0.0939345142243693
260,40.713902308105204,5.038915727321524,3.180354267310789,32.8166935050993,11.017176596886742,4.757112184648417,2.1269457863660763,0.2549651100375738,0.0939345142243693
261,41.1231884057971,4.998658078368224,3.180354267310789,32.52147074610843,10.990338164251208,4.757112184648417,2.0799785292538915,0.2549651100375738,0.0939345142243693
