,45,50,51,55,52,53,54,57,56,58
0,96.68545356951154,3.3145464304884595,,,,,,,,
1,94.07541599570585,5.924584004294149,,,,,,,,
2,92.10279119699409,7.897208803005904,,,,,,,,
3,91.82769726247987,7.96430488459474,0.20799785292538917,,,,,,,
4,87.6207729468599,12.372517444981213,0.0067096081588835215,,,,,,,
5,85.5877616747182,14.40552871712292,0.0067096081588835215,,,,,,,
6,85.53408480944712,14.42565754159957,0.0067096081588835215,0.03354804079441761,,,,,,
7,76.57004830917874,20.94068706387547,0.23483628556092323,0.03354804079441761,2.2208803005904456,,,,,
8,75.19457863660762,20.74610842726785,0.2214170692431562,0.03354804079441761,2.2208803005904456,1.583467525496511,,,,
9,75.34219001610306,20.538110574342458,0.2214170692431562,0.03354804079441761,2.187332259796028,1.583467525496511,0.0939345142243693,,,
10,72.85292538915728,23.05421363392378,0.2214170692431562,0.03354804079441761,2.1604938271604937,1.583467525496511,0.0939345142243693,,,
11,71.73242082662372,23.65136876006441,1.6438539989264627,0.03354804079441761,1.2681159420289856,1.5767579173376274,0.0939345142243693,,,
12,71.85990338164251,23.523886205045624,1.6438539989264627,0.03354804079441761,1.2681159420289856,1.5767579173376274,0.0939345142243693,,,
13,70.71256038647343,23.79898013955985,1.5230810520665594,0.03354804079441761,2.2611379495437465,1.5767579173376274,0.0939345142243693,,,
14,69.77992485238862,24.731615673644658,1.5230810520665594,0.03354804079441761,2.2611379495437465,1.5767579173376274,0.0939345142243693,,,
15,61.93639291465379,35.158346752549654,0.6977992485238862,0.03354804079441761,1.3083735909822867,0.7716049382716049,0.0939345142243693,,,
16,59.534353193773484,35.7487922705314,0.6709608158883521,0.03354804079441761,3.166935050993022,0.7514761137949544,0.0939345142243693,,,
17,57.41411701556629,37.84219001610306,0.6709608158883521,0.03354804079441761,3.193773483628556,0.7514761137949544,0.0939345142243693,,,
18,47.799248523886206,47.48389694041868,0.6709608158883521,0.03354804079441761,3.166935050993022,0.7514761137949544,0.0939345142243693,,,
19,46.88674181427805,48.148148148148145,0.6642512077294686,0.18115942028985507,3.1602254428341383,0.8655394524959742,0.0939345142243693,,,
20,47.296027911969944,47.52415458937198,0.6642512077294686,0.4830917874396135,3.0730005367686526,0.8655394524959742,0.0939345142243693,,,
21,43.57890499194847,49.20155662909286,0.6642512077294686,0.4830917874396135,3.0327428878153517,2.945517981749866,0.0939345142243693,,,
22,41.54589371980676,49.49006977992485,0.6642512077294686,0.6374127750939346,3.0327428878153517,4.53569511540526,0.0939345142243693,,,
23,41.606280193236714,45.93397745571659,2.2208803005904456,0.644122383252818,3.965378421900161,5.535426731078905,0.0939345142243693,,,
24,41.727053140096615,45.8870101986044,2.26784755770263,0.644122383252818,3.8915727321524423,5.488459473966721,0.0939345142243693,,,
25,41.928341384863124,45.551529790660226,2.214170692431562,0.9057971014492754,3.851315083199141,5.4549114331723025,0.0939345142243693,,,
26,41.337895866881375,41.75389157273215,6.615673644659152,0.8252818035426731,3.851315083199141,5.307300053676865,0.2281266774020397,0.08051529790660225,,
27,41.700214707461086,41.156736446591516,6.5552871712292005,0.8252818035426731,3.844605475040258,5.609232420826624,0.2281266774020397,0.08051529790660225,,
28,42.169887278582934,40.88835212023618,6.494900697799249,0.8252818035426731,3.8043478260869565,5.508588298443371,0.2281266774020397,0.08051529790660225,,
29,42.43827160493827,40.74074074074074,5.032206119162641,0.798443370907139,3.7573805689747717,5.421363392377885,0.2281266774020397,0.08051529790660225,1.5029522275899088,
30,39.680622651637144,40.5931293612453,4.951690821256038,0.7917337627482555,6.877348362855609,5.293880837359098,0.2281266774020397,0.08051529790660225,1.5029522275899088,
31,39.83494363929147,40.35829307568438,4.978529253891573,0.8588298443370908,7.232957595276436,5.280461621041331,0.2281266774020397,0.08051529790660225,1.1473429951690821,
32,39.9020397208803,38.94256575415996,4.951690821256038,0.8588298443370908,7.192699946323135,6.696188942565755,0.2281266774020397,0.08051529790660225,1.1473429951690821,
33,26.536500268384327,55.723295759527645,4.797369833601718,2.4490069779924855,1.8988191089640365,5.71658615136876,1.6505636070853462,0.08051529790660225,1.1473429951690821,
34,26.73107890499195,55.62265163714439,4.74369296833065,2.4355877616747184,1.892109500805153,5.6964573268921095,1.6505636070853462,0.08051529790660225,1.1473429951690821,
35,26.321792807300053,55.2133655394525,5.0791733762748255,2.6301663982823404,2.200751476113795,5.683038110574342,1.6438539989264627,0.08051529790660225,1.1473429951690821,
36,23.62453032742888,51.16747181964573,14.888620504562533,2.737520128824477,2.187332259796028,2.7509393451422435,1.5096618357487923,,1.133923778851315,
37,24.214975845410628,50.66425120772947,14.761137949543746,2.818035426731079,2.167203435319377,2.737520128824477,1.5029522275899088,,1.133923778851315,
38,24.825550187869027,50.38915727321525,14.579978529253891,2.818035426731079,2.167203435319377,2.6167471819645733,1.482823403113258,,1.1205045625335481,
39,24.664519592055825,49.35587761674718,15.673644659151906,2.844873859366613,2.147074610842727,2.7241009125067097,1.4761137949543746,,1.1137949543746646,
40,23.919753086419753,57.8166935050993,11.83574879227053,2.428878153515835,0.040257648953301126,1.724369296833065,1.4761137949543746,,0.7581857219538379,
41,24.48336017176597,57.387278582930755,11.681427804616211,2.509393451422437,0.040257648953301126,1.710950080515298,1.4559849704777241,,0.7313472893183038,
42,24.771873322597962,56.5552871712292,10.00402576489533,2.563070316693505,2.3752012882447664,1.570048309178744,1.42914653784219,,0.7313472893183038,
43,25.214707461084274,56.085614600107355,8.662104133118627,2.563070316693505,2.2745571658615136,3.0394524959742353,1.42914653784219,,0.7313472893183038,
44,22.517444981213096,52.274557165861516,8.82313472893183,2.368491680085883,8.923778851315083,2.8784219001610305,1.5499194847020934,,0.6642512077294686,
45,22.987117552334944,51.81159420289855,8.863392377885132,2.408749329039184,8.923778851315083,2.818035426731079,1.5230810520665594,,0.6642512077294686,
46,23.450080515297905,51.368760064412236,8.756038647342995,2.536231884057971,8.829844337090714,2.818035426731079,1.5901771336553945,,0.6508319914117016,
47,23.658078368223297,48.651368760064415,8.722490606548577,2.623456790123457,8.883521202361782,5.119431025228127,1.5633387010198605,,0.7783145464304885,
48,24.000268384326354,48.19511540526033,8.641975308641975,2.885131508319914,8.836553945249598,5.0993022007514766,1.5633387010198605,,0.7783145464304885,
49,24.241814278046164,48.067632850241544,8.628556092324208,2.8515834675254963,8.809715512614064,5.0858829844337095,1.5633387010198605,,0.7514761137949544,
50,24.490069779924852,47.60466988727858,8.400429414922169,2.9589371980676327,8.641975308641975,5.394524959742351,1.6237251744498122,0.13419216317767044,0.7514761137949544,
51,24.020397208803004,46.464036500268385,10.131508319914117,2.9253891572732154,8.608427267847558,5.267042404723564,1.6237251744498122,0.13419216317767044,0.8252818035426731,
52,24.56387546967257,45.94739667203435,9.96376811594203,3.0059044551798175,8.487654320987655,5.253623188405797,1.737788513150832,0.24825550187869028,0.7917337627482555,
53,24.67793880837359,45.14224369296833,11.245303274288782,3.361513687600644,8.440687063875469,4.4753086419753085,1.6975308641975309,0.24825550187869028,0.7112184648416533,
54,25.0,44.89398819108964,11.191626409017713,3.435319377348363,8.293075684380032,4.320987654320987,1.6908212560386473,0.32877079978529256,0.7112184648416533,0.13419216317767044
55,25.369028448738593,44.44444444444444,11.16478797638218,3.69699409554482,8.259527643585615,4.200214707461084,1.6908212560386473,0.32877079978529256,0.7112184648416533,0.13419216317767044
56,25.811862587224905,44.02844873859367,11.137949543746645,3.8378958668813743,8.09849704777241,4.092860976918948,1.6774020397208802,0.32877079978529256,0.8521202361782072,0.13419216317767044
57,26.080246913580247,43.63929146537842,11.124530327428879,4.019055287171229,8.172302737520129,4.032474503488996,1.6170155662909287,0.32877079978529256,0.8521202361782072,0.13419216317767044
58,25.63070316693505,44.06870638754697,11.044015029522276,4.133118625872249,8.158883521202362,4.032474503488996,1.6170155662909287,0.32877079978529256,0.8521202361782072,0.13419216317767044
59,26.301663982823403,43.78019323671498,10.95679012345679,4.0995705850778315,7.830112721417069,4.032474503488996,1.5499194847020934,0.32877079978529256,0.9863123993558777,0.13419216317767044
60,26.590177133655395,43.08910359634997,10.889694041867955,4.300858829844337,7.1658615136876005,4.85775630703167,1.6572732152442298,0.32877079978529256,0.9863123993558777,0.13419216317767044
61,26.952495974235106,42.639559849704774,10.86285560923242,4.294149221685454,7.239667203435319,4.817498658078368,1.7444981213097155,0.32877079978529256,0.9863123993558777,0.13419216317767044
62,27.415458937198068,42.0222758990875,10.715244229736983,4.64975845410628,7.105475040257649,4.783950617283951,1.7444981213097155,0.32877079978529256,1.1003757380568975,0.13419216317767044
63,27.811325818572197,41.7337627482555,10.641438539989265,4.663177670424047,7.092055823939882,4.750402576489533,1.7444981213097155,0.32877079978529256,1.1003757380568975,0.13419216317767044
64,26.85185185185185,49.73832528180354,6.474771873322598,4.951690821256038,6.367418142780462,2.428878153515835,1.6438539989264627,0.322061191626409,1.0869565217391304,0.13419216317767044
65,27.200751476113794,47.27589908749329,6.421095008051529,4.830917874396135,6.233225979602791,4.891304347826087,1.6975308641975309,0.3153515834675255,0.9997316156736447,0.13419216317767044
66,27.49597423510467,46.79951690821256,6.387546967257112,4.911433172302737,6.333870101986044,4.938271604938271,1.6841116478797638,0.3153515834675255,0.9997316156736447,0.13419216317767044
67,27.985775630703166,45.819914117015564,6.4412238325281805,5.347557702630167,6.199677938808374,5.0858829844337095,1.6706924315619969,0.3153515834675255,0.9997316156736447,0.13419216317767044
68,28.44873859366613,45.209339774557165,6.380837359098229,5.488459473966721,6.1862587224906065,5.0858829844337095,1.7646269457863661,0.3153515834675255,0.9863123993558777,0.13419216317767044
69,27.999194847020934,43.934514224369295,6.213097155126141,5.273752012882448,6.286902844873859,6.991411701556629,1.724369296833065,0.3153515834675255,1.1272141706924315,0.13419216317767044
70,28.401771336553946,43.51851851851852,6.105743424584004,5.495169082125604,6.246645195920558,6.884057971014493,1.724369296833065,0.3153515834675255,1.1741814278046163,0.13419216317767044
71,24.718196457326894,46.95383789586688,5.589103596349974,6.4412238325281805,6.226516371443908,6.723027375201288,1.724369296833065,0.3153515834675255,1.1741814278046163,0.13419216317767044
72,24.57729468599034,45.6454643048846,5.589103596349974,6.427804616210413,6.273483628556092,7.98443370907139,1.710950080515298,0.3153515834675255,1.3150831991411702,0.1610305958132045
73,24.62426194310252,45.05501878690284,5.4549114331723025,6.239935587761675,6.219806763285024,8.28636607622115,2.227589908749329,0.4495437466451959,1.2815351583467525,0.1610305958132045
74,24.65780998389694,44.04857756307032,5.441492216854535,5.8172302737520125,6.152710681696189,9.634997316156737,2.200751476113795,0.5233494363929146,1.3620504562533549,0.1610305958132045
75,24.92619431025228,43.78690284487386,5.381105743424584,5.810520665593129,6.112453032742888,9.594739667203436,2.3483628556092326,0.5233494363929146,1.3553408480944713,0.1610305958132045
76,25.15432098765432,42.32420826623725,5.3341384863123995,5.736714975845411,6.078904991948471,10.983628556092324,2.3483628556092326,0.5233494363929146,1.3553408480944713,0.1610305958132045
77,25.577026301663984,41.99543746645196,5.293880837359098,5.703166935050993,6.072195383789587,10.963499731615673,2.3215244229736984,0.5233494363929146,1.247987117552335,0.30193236714975846
78,22.463768115942027,37.67444981213097,15.579710144927537,4.334406870638754,5.776972624798712,10.607890499194847,1.6975308641975309,0.5233494363929146,1.0399892646269457,0.30193236714975846
79,22.77241009125067,37.57380568974772,15.519323671497585,4.334406870638754,5.709876543209877,10.554213633923778,1.6975308641975309,0.5233494363929146,1.0131508319914118,0.30193236714975846
80,21.967257112184647,36.943102522812666,14.63365539452496,4.019055287171229,5.9447128287707995,13.09044551798175,1.6975308641975309,0.36231884057971014,1.0601180891035964,0.28180354267310787
81,22.148416532474503,36.35265700483092,14.573268921095009,3.965378421900161,5.938003220611916,12.567096081588835,2.9924852388620504,0.36231884057971014,0.8185721953837896,0.28180354267310787
82,21.960547504025765,36.94981213097155,14.553140096618357,3.938539989264627,5.776972624798712,12.392646269457863,2.965646806226516,0.36231884057971014,0.8185721953837896,0.28180354267310787
83,22.457058507783145,36.54723564143854,14.412238325281804,4.086151368760064,5.776972624798712,12.224906065485776,2.952227589908749,0.36231884057971014,0.8990874932903918,0.28180354267310787
84,22.685185185185187,36.41304347826087,14.217659688674182,4.200214707461084,5.709876543209877,12.117552334943639,2.918679549114332,0.36231884057971014,1.0399892646269457,0.33548040794417605
85,23.1682769726248,36.178207192699944,13.627214170692431,4.1532474503489,5.615942028985507,12.600644122383253,2.918679549114332,0.36231884057971014,1.0399892646269457,0.33548040794417605
86,23.47691894793344,35.89640365002684,13.519860440150294,4.435050993022007,5.595813204508857,12.453032742887816,2.885131508319914,0.36231884057971014,1.0399892646269457,0.33548040794417605
87,23.63123993558776,35.48040794417606,13.425925925925926,4.42163177670424,5.5689747718733225,12.553676865271068,3.2742887815351582,0.36231884057971014,0.9460547504025765,0.33548040794417605
88,23.731884057971016,33.47423510466989,13.24476650563607,4.314278046162104,5.501878690284487,14.908749329039184,3.1468062265163717,0.36231884057971014,0.9930220075147611,0.322061191626409
89,23.74530327428878,32.427536231884055,13.150831991411701,4.1532474503489,5.4549114331723025,14.848362855609233,4.542404723564144,0.36231884057971014,0.9930220075147611,0.322061191626409
90,24.16129898013956,32.17257112184648,13.09044551798175,4.260601180891036,5.407944176060118,14.626945786366075,4.488727858293076,0.4830917874396135,0.9930220075147611,0.3153515834675255
91,24.329039184111647,32.09205582393988,10.869565217391305,4.2203435319377345,5.387815351583468,16.861245303274288,4.488727858293076,0.4830917874396135,0.95276435856146,0.3153515834675255
92,24.630971551261407,31.97799248523886,10.829307568438002,4.294149221685454,5.300590445517981,16.67337627482555,4.461889425657541,0.5703166935050993,0.9460547504025765,0.3153515834675255
93,25.087224906065487,31.756575415995705,10.695115405260333,4.294149221685454,5.280461621041331,16.6129898013956,4.341116478797638,0.5636070853462157,1.0534084809447128,0.3153515834675255
94,25.161030595813205,31.548577563070317,10.554213633923778,4.488727858293076,5.233494363929147,16.512345679012345,4.622920021470746,0.5636070853462157,1.0131508319914118,0.30193236714975846
95,25.617283950617285,31.260064412238325,10.453569511540525,4.488727858293076,5.213365539452496,16.398282340311326,4.690016103059581,0.5636070853462157,1.0131508319914118,0.30193236714975846
96,26.08695652173913,30.938003220611915,10.178475577026301,4.616210413311863,5.179817498658078,16.324476650563607,4.663177670424047,0.5636070853462157,1.1473429951690821,0.30193236714975846
97,26.650563607085346,30.48845947396672,10.111379495437467,4.575952764358561,5.10601180891036,16.31105743424584,4.74369296833065,0.5636070853462157,1.1473429951690821,0.30193236714975846
98,26.838432635534083,30.367686527106816,9.333064949006978,4.575952764358561,6.226516371443908,15.921900161030596,4.723564143853999,0.5636070853462157,1.1473429951690821,0.30193236714975846
99,27.254428341384862,30.26033279656468,9.272678475577026,4.542404723564144,6.206387546967257,15.801127214170693,4.656468062265164,0.5568974771873323,1.1473429951690821,0.30193236714975846
100,27.395330112721417,30.152979066022546,9.252549651100376,4.448470209339774,6.166129898013956,15.92860976918948,4.656468062265164,0.5501878690284487,1.1473429951690821,0.30193236714975846
101,27.945517981749866,29.696725711218466,9.212292002147075,4.663177670424047,6.078904991948471,15.713902308105206,4.616210413311863,0.5501878690284487,1.221148684916801,0.30193236714975846
102,28.33467525496511,29.55582393988191,9.037842190016104,4.5960815888352125,6.078904991948471,15.666935050993022,4.575952764358561,0.5501878690284487,1.3016639828234031,0.30193236714975846
103,28.710413311862588,29.28743961352657,9.01100375738057,4.62962962962963,5.870907139023081,15.559581320450885,4.575952764358561,0.6575415995705851,1.3955984970477724,0.30193236714975846
104,28.428609769189478,29.05931293612453,8.682232957595277,5.226784755770263,4.42163177670424,17.216854535695116,4.542404723564144,0.5367686527106817,1.583467525496511,0.30193236714975846
105,28.784219001610307,28.824476650563607,8.621846484165324,5.2066559312936125,4.42163177670424,17.216854535695116,4.622920021470746,0.5367686527106817,1.4626945786366077,0.30193236714975846
106,29.17337627482555,28.31454643048846,8.53462157809984,5.689747718733226,4.3545356951154055,17.028985507246375,4.609500805152979,0.5367686527106817,1.4559849704777241,0.30193236714975846
107,29.280730005367687,28.28099838969404,8.460815888352121,5.730005367686527,4.314278046162104,16.99543746645196,4.669887278582931,0.5367686527106817,1.42914653784219,0.30193236714975846
108,29.58937198067633,28.173644659151904,8.3467525496511,5.6964573268921095,4.30756843800322,16.961889425657542,4.663177670424047,0.5300590445517982,1.42914653784219,0.30193236714975846
109,30.03220611916264,28.059581320450885,8.158883521202362,5.676328502415459,4.3478260869565215,16.7337627482555,4.643048845947397,0.6172839506172839,1.42914653784219,0.30193236714975846
110,30.26033279656468,27.905260332796566,8.105206655931294,5.555555555555555,4.341116478797638,16.59957058507783,4.884594739667204,0.6172839506172839,1.42914653784219,0.30193236714975846
111,30.69645732689211,27.77777777777778,7.9106280193236715,5.535426731078905,4.341116478797638,16.545893719806763,4.871175523349437,0.6172839506172839,1.402308105206656,0.30193236714975846
112,30.770263016639827,27.046430488459475,7.897208803005904,6.119162640901771,4.320987654320987,16.512345679012345,5.018786902844874,0.6172839506172839,1.3955984970477724,0.30193236714975846
113,31.105743424584006,26.78475577026302,7.716049382716049,6.333870101986044,4.200214707461084,16.431830381105744,5.018786902844874,0.7246376811594203,1.3821792807300053,0.30193236714975846
114,31.468062265163713,26.596886741814277,7.6623725174449815,6.239935587761675,4.200214707461084,16.19699409554482,5.119431025228127,0.7246376811594203,1.3821792807300053,0.4092860976918948
115,31.608964036500268,26.455984970477726,7.635534084809447,6.239935587761675,4.200214707461084,16.264090177133657,5.0858829844337095,0.7179280730005367,1.3821792807300053,0.4092860976918948
116,32.024959742351044,26.288244766505635,7.62211486849168,6.219806763285024,4.1532474503489,15.921900161030596,5.0858829844337095,0.7179280730005367,1.4895330112721417,0.47638217928073
117,32.427536231884055,25.97289318303811,7.648953301127214,6.3070316693505095,4.0995705850778315,15.331454643048845,5.072463768115942,1.1741814278046163,1.4895330112721417,0.47638217928073
118,31.34728931830381,23.765432098765434,7.440955448201825,5.911164787976382,6.052066559312936,15.854804079441761,6.743156199677939,0.95276435856146,1.4626945786366077,0.46967257112184646
119,31.904186795491142,23.61111111111111,7.427536231884058,5.891035963499732,6.052066559312936,15.666935050993022,6.561996779388084,0.95276435856146,1.4626945786366077,0.46967257112184646
120,32.11218464841653,23.309178743961354,7.347020933977456,5.83064949006978,7.809983896940419,14.264626945786366,6.481481481481482,0.9393451422436929,1.4358561460010735,0.46967257112184646
121,32.30005367686527,23.22866344605475,6.877348362855609,6.253354804079442,7.769726247987117,14.2914653784219,6.4345142243692965,0.9393451422436929,1.4358561460010735,0.46967257112184646
122,32.628824476650564,23.181696188942567,6.857219538378959,6.233225979602791,7.836822329575953,14.143853998926463,6.273483628556092,0.9393451422436929,1.4358561460010735,0.46967257112184646
123,33.04482018250134,22.84621578099839,6.830381105743425,6.347289318303811,7.763016639828234,13.976113794954374,6.239935587761675,0.9259259259259259,1.4358561460010735,0.5904455179817498
124,33.400429414922165,22.67176596886742,6.776704240472356,6.394256575415996,7.716049382716049,13.915727321524423,6.179549114331723,0.9259259259259259,1.4358561460010735,0.5837359098228664
125,33.13204508856683,22.128287707997853,6.494900697799249,6.219806763285024,6.890767579173376,16.002415458937197,6.233225979602791,0.9259259259259259,1.415727321524423,0.5568974771873323
126,33.333333333333336,21.826355340848096,6.494900697799249,6.515029522275899,6.964573268921095,15.767579173376275,6.206387546967257,0.9259259259259259,1.415727321524423,0.5501878690284487
127,33.70907139023081,21.64519592055824,6.494900697799249,6.488191089640365,7.0450885668276975,15.72061191626409,6.112453032742888,0.9259259259259259,1.3083735909822867,0.5501878690284487
128,34.23242082662372,21.464036500268385,6.494900697799249,6.300322061191626,7.011540526033279,15.633387010198604,6.105743424584004,0.9259259259259259,1.2815351583467525,0.5501878690284487
129,34.52093397745572,21.39694041867955,6.494900697799249,6.300322061191626,6.957863660762212,15.526033279656469,6.072195383789587,0.8990874932903918,1.2815351583467525,0.5501878690284487
130,31.11916264090177,18.88083735909823,14.378690284487385,5.24020397208803,7.286634460547504,14.982555018786902,5.797101449275362,0.8990874932903918,0.8655394524959742,0.5501878690284487
131,31.367418142780462,18.78690284487386,14.244498121309716,5.193236714975845,7.25979602791197,15.022812667740205,5.756843800322061,0.8990874932903918,0.9326355340848095,0.5367686527106817
132,31.447933440687063,18.612453032742888,14.130434782608695,5.273752012882448,7.333601717659689,15.029522275899087,5.803811057434245,0.8990874932903918,0.9326355340848095,0.5367686527106817
133,32.01154052603328,18.317230273752013,13.942565754159958,5.5689747718733225,7.25979602791197,14.734299516908212,5.837359098228664,0.8990874932903918,0.8923778851315083,0.5367686527106817
134,31.89747718733226,17.827428878153516,14.834943639291465,5.501878690284487,7.1725711218464845,14.553140096618357,5.783682232957595,0.8856682769726248,1.0064412238325282,0.5367686527106817
135,32.17257112184648,17.64626945786366,14.700751476113794,5.622651637144391,7.125603864734299,14.40552871712292,5.971551261406334,0.8387010198604401,0.9930220075147611,0.5233494363929146
136,32.46779388083736,17.57246376811594,14.479334406870638,5.622651637144391,7.112184648416532,14.257917337627482,5.971551261406334,0.8588298443370908,1.133923778851315,0.5233494363929146
137,32.85024154589372,17.485238862050455,14.432367149758454,5.58239398819109,7.105475040257649,14.13714439076758,5.891035963499732,0.8588298443370908,1.133923778851315,0.5233494363929146
138,32.6556629092861,17.431561996779386,15.170424047235642,5.535426731078905,6.709608158883521,14.11701556629093,5.870907139023081,0.8588298443370908,1.1272141706924315,0.5233494363929146
139,32.99785292538916,17.391304347826086,15.01610305958132,5.501878690284487,6.6827697262479875,14.023081052066559,5.850778314546431,0.8588298443370908,1.1741814278046163,0.5032206119162641
140,33.360171765968865,17.277241009125067,14.935587761674718,5.562265163714439,6.535158346752549,14.096886741814279,5.803811057434245,0.7514761137949544,1.1741814278046163,0.5032206119162641
141,33.601717659688674,17.21014492753623,14.935587761674718,5.562265163714439,6.461352657004831,14.029790660225443,5.783682232957595,0.7380568974771873,1.1741814278046163,0.5032206119162641
142,34.25925925925926,16.874664519592056,14.875201288244767,5.662909286097692,6.360708534621578,13.902308105206655,5.649490069779925,0.7380568974771873,1.1741814278046163,0.5032206119162641
143,32.98443370907139,15.962157809983896,14.707461084272678,5.4616210413311865,11.252012882447666,12.31213097155126,4.918142780461621,0.8319914117015567,1.2546967257112185,0.3153515834675255
144,33.13875469672571,15.962157809983896,14.65378421900161,5.448201825013419,11.05072463768116,12.285292538915728,4.891304347826087,0.8319914117015567,1.4224369296833066,0.3153515834675255
145,33.353462157809986,15.921900161030596,14.546430488459475,5.475040257648954,11.010466988727858,12.104133118625873,5.045625335480408,0.8319914117015567,1.3955984970477724,0.3153515834675255
146,33.7157809983897,15.874932903918411,14.546430488459475,5.387815351583468,10.86285560923242,11.956521739130435,5.119431025228127,0.8319914117015567,1.3955984970477724,0.30864197530864196
147,34.11164787976382,15.727321524422974,14.378690284487385,5.387815351583468,10.829307568438002,11.929683306494901,5.005367686527107,0.8118625872249061,1.5096618357487923,0.30864197530864196
148,34.11835748792271,15.546162104133119,14.31159420289855,5.307300053676865,10.68840579710145,12.278582930756844,4.985238862050457,0.8118625872249061,1.6438539989264627,0.30864197530864196
149,34.41358024691358,15.526033279656469,14.184111647879764,5.233494363929147,10.661567364465915,12.278582930756844,4.944981213097155,0.8118625872249061,1.6371443907675791,0.30864197530864196
150,34.977187332259795,15.405260332796564,14.04320987654321,5.186527106816962,10.628019323671497,12.130971551261407,4.87788513150832,0.8118625872249061,1.6371443907675791,0.30193236714975846
151,35.245571658615134,15.331454643048845,13.989533011272142,5.0858829844337095,10.567632850241546,12.110842726784755,4.8443370907139025,0.8118625872249061,1.710950080515298,0.30193236714975846
152,35.7487922705314,15.116747181964573,13.915727321524423,5.065754159957058,10.540794417606012,11.896135265700483,4.8376274825550185,0.7648953301127214,1.8250134192163177,0.2885131508319914
153,36.04401502952228,15.042941492216855,13.855340848094471,5.052334943639291,10.48040794417606,11.808910359634996,4.8376274825550185,0.7648953301127214,1.8250134192163177,0.2885131508319914
154,36.2385936661299,14.97584541062802,13.788244766505636,5.152979066022544,10.38647342995169,11.654589371980677,4.938271604938271,0.7648953301127214,1.8115942028985508,0.2885131508319914
155,36.60762211486849,14.969135802469136,13.647342995169081,5.132850241545894,10.326086956521738,11.560654857756306,4.898013955984971,0.7648953301127214,1.8048845947396672,0.2885131508319914
156,36.97665056360709,14.942297369833602,13.573537305421363,5.260332796564681,10.104669887278583,11.379495437466453,4.851046698872786,0.7581857219538379,1.865271068169619,0.2885131508319914
157,36.97665056360709,14.63365539452496,13.439345142243694,5.159688674181428,9.50751476113795,11.366076221148685,6.005099302200751,0.7581857219538379,1.865271068169619,0.2885131508319914
158,37.19135802469136,14.573268921095009,13.285024154589372,5.132850241545894,9.447128287707997,11.426462694578637,6.072195383789587,0.7581857219538379,1.8250134192163177,0.2885131508319914
159,37.02361782071927,14.378690284487385,14.626945786366075,4.85775630703167,9.16532474503489,10.93666129898014,6.0654857756307035,0.7581857219538379,1.8988191089640365,0.2885131508319914
160,36.39291465378422,13.962694578636608,14.204240472356414,4.790660225442834,9.433709071390231,12.392646269457863,5.803811057434245,0.7514761137949544,1.9793344068706387,0.2885131508319914
161,36.198336017176594,14.351851851851851,14.170692431561998,4.830917874396135,9.380032206119163,12.27187332259796,5.797101449275362,0.7514761137949544,1.9592055823939882,0.2885131508319914
162,36.39291465378422,14.284755770263017,14.298174986580785,4.830917874396135,9.29951690821256,12.144390767579173,5.776972624798712,0.7514761137949544,1.9457863660762211,0.27509393451422437
163,36.621041331186255,14.217659688674182,14.110305958132045,4.790660225442834,9.292807300053678,12.130971551261407,5.776972624798712,0.7514761137949544,2.033011272141707,0.27509393451422437
164,36.89613526570049,14.190821256038648,14.170692431561998,4.750402576489533,9.225711218464841,12.00348899624262,5.743424584004294,0.7514761137949544,1.9927536231884058,0.27509393451422437
165,37.07729468599034,14.049919484702093,14.076757917337627,4.7168545356951155,9.091519055287172,12.27187332259796,5.60252281266774,0.7514761137949544,2.086688137412775,0.27509393451422437
166,37.35238862050456,14.029790660225443,13.862050456253355,4.770531400966184,9.078099838969404,12.258454106280194,5.555555555555555,0.7514761137949544,2.0665593129361244,0.27509393451422437
167,37.59393451422437,13.976113794954374,13.768115942028986,4.730273752012883,9.017713365539452,12.318840579710145,5.548845947396672,0.7514761137949544,2.0531400966183573,0.24154589371980675
168,34.45383789586688,12.95625335480408,20.343531937734838,4.300858829844337,8.722490606548577,11.003757380568974,5.119431025228127,0.7380568974771873,2.15378421900161,0.20799785292538917
169,34.56119162640902,12.909286097691895,20.42404723564144,4.280730005367687,8.709071390230811,10.976918947933441,5.038915727321524,0.7380568974771873,2.15378421900161,0.20799785292538917
170,34.816156736446594,12.882447665056361,20.33011272141707,4.40150295222759,8.628556092324208,10.84272678475577,5.018786902844874,0.7246376811594203,2.147074610842727,0.20799785292538917
171,34.936929683306495,12.822061191626409,20.35024154589372,4.186795491143317,8.856682769726248,10.802469135802468,4.978529253891573,0.7246376811594203,2.13365539452496,0.20799785292538917
172,35.21202361782072,12.714707461084272,20.28985507246377,4.186795491143317,8.84326355340848,10.701825013419215,5.059044551798175,0.6642512077294686,2.120236178207193,0.20799785292538917
173,35.21202361782072,12.681159420289855,20.155662909286097,4.180085882984434,8.836553945249598,10.520665593129362,5.428073000536768,0.6642512077294686,2.1135265700483092,0.20799785292538917
174,35.63472893183038,12.567096081588835,20.02818035426731,4.240472356414386,8.729200214707461,10.38647342995169,5.428073000536768,0.6642512077294686,2.1135265700483092,0.20799785292538917
175,35.16505636070853,11.761943102522812,19.920826623725173,4.193505099302201,10.238862050456254,10.36634460547504,5.381105743424584,0.6508319914117016,2.1135265700483092,0.20799785292538917
176,35.41331186258722,11.641170155662909,19.75979602791197,4.367954911433173,10.225442834138486,10.225442834138486,5.434782608695652,0.6508319914117016,2.073268921095008,0.20799785292538917
177,35.70182501341922,11.614331723027375,19.692699946323135,4.3545356951154055,10.165056360708535,10.151637144390767,5.421363392377885,0.6508319914117016,2.0397208803005906,0.20799785292538917
178,36.11782071926999,11.52710681696189,19.592055823939884,4.38137412775094,9.977187332259795,10.071121846484166,5.401234567901234,0.7112184648416533,2.0128824476650564,0.20799785292538917
179,36.312399355877616,11.466720343531938,19.269994632313473,4.663177670424047,9.970477724100913,10.00402576489533,5.387815351583468,0.7112184648416533,2.0128824476650564,0.20128824476650564
180,36.58749329039184,11.41304347826087,19.061996779388085,4.683306494900698,9.762479871175524,9.863123993558776,5.374396135265701,0.8387010198604401,2.214170692431562,0.20128824476650564
181,36.06414385399893,11.480139559849706,18.055555555555557,4.555823939881911,11.332528180354267,9.695383789586689,5.662909286097692,0.785024154589372,2.167203435319377,0.20128824476650564
182,36.61433172302738,11.3191089640365,17.894524959742352,4.49543746645196,11.272141706924316,9.648416532474503,5.636070853462158,0.785024154589372,2.13365539452496,0.20128824476650564
183,36.862587224906065,11.3191089640365,17.881105743424584,4.461889425657541,11.252012882447666,9.480676328502415,5.636070853462158,0.785024154589372,2.120236178207193,0.20128824476650564
184,37.084004294149224,11.312399355877616,17.780461621041333,4.428341384863124,11.231884057971014,9.447128287707997,5.615942028985507,0.7783145464304885,2.120236178207193,0.20128824476650564
185,37.07729468599034,11.238593666129898,17.840848094471284,4.388083735909823,11.332528180354267,9.588030059044552,5.515297906602254,0.7783145464304885,2.0397208803005906,0.20128824476650564
186,36.842458400429415,12.010198604401502,17.51207729468599,4.374664519592056,11.20504562533548,9.494095544820183,5.46833064949007,0.7783145464304885,2.147074610842727,0.16774020397208803
187,37.11084272678475,11.902844873859367,17.458400429414922,4.3478260869565215,11.064143853998926,9.514224369296834,5.46833064949007,0.7716049382716049,2.1940418679549114,0.16774020397208803
188,37.432903918411164,11.849168008588299,17.196725711218466,4.441760601180891,11.05072463768116,9.366612989801396,5.562265163714439,0.7716049382716049,2.1806226516371443,0.14761137949543746
189,37.78180354267311,11.83574879227053,16.941760601180892,4.414922168545357,10.963499731615673,9.252549651100376,5.562265163714439,0.7648953301127214,2.3349436392914655,0.14761137949543746
190,38.0300590445518,11.553945249597424,16.908212560386474,4.7638217928073,11.064143853998926,8.923778851315083,5.508588298443371,0.7648953301127214,2.3349436392914655,0.14761137949543746
191,38.35212023617821,11.513687600644122,16.881374127750938,4.696725711218465,10.997047772410092,8.890230810520666,5.421363392377885,0.7648953301127214,2.3349436392914655,0.14761137949543746
192,38.35212023617821,11.419753086419753,16.740472356414386,4.663177670424047,11.520397208803006,8.749329039184111,5.3274288781535155,0.6843800322061192,2.395330112721417,0.14761137949543746
193,38.59366612989801,11.392914653784219,16.59957058507783,4.7101449275362315,11.446591519055287,8.742619431025227,5.300590445517981,0.6843800322061192,2.38191089640365,0.14761137949543746
194,38.56682769726248,11.285560923242082,16.59286097691895,4.891304347826087,11.379495437466453,8.836553945249598,5.233494363929147,0.6843800322061192,2.38191089640365,0.14761137949543746
195,38.989533011272144,11.245303274288782,16.465378421900162,4.9651100375738055,11.11111111111111,8.863392377885132,5.166398282340311,0.6843800322061192,2.3617820719269993,0.14761137949543746
196,38.96269457863661,11.07085346215781,16.27750939345142,5.092592592592593,11.044015029522276,8.970746108427267,5.434782608695652,0.6843800322061192,2.314814814814815,0.14761137949543746
197,39.210950080515296,10.997047772410092,16.223832528180353,5.005367686527107,11.023886205045626,8.970746108427267,5.421363392377885,0.6843800322061192,2.314814814814815,0.14761137949543746
198,39.46591519055287,10.976918947933441,16.1231884057971,5.0993022007514766,10.896403650026839,8.896940418679549,5.394524959742351,0.6843800322061192,2.314814814814815,0.14761137949543746
199,39.67391304347826,10.836017176596886,16.035963499731615,5.152979066022544,10.856146001073537,8.943907675791733,5.367686527106817,0.6843800322061192,2.301395598497048,0.14761137949543746
200,39.57997852925389,10.795759527643586,15.962157809983896,5.139559849704777,10.836017176596886,8.910359634997317,5.642780461621041,0.6843800322061192,2.301395598497048,0.14761137949543746
201,39.74771873322598,10.72866344605475,16.056092324208265,5.0858829844337095,10.755501878690284,8.923778851315083,5.595813204508857,0.6843800322061192,2.2745571658615136,0.14761137949543746
202,39.94900697799248,10.701825013419215,15.935319377348362,5.0858829844337095,10.72866344605475,8.923778851315083,5.589103596349974,0.6843800322061192,2.254428341384863,0.14761137949543746
203,40.13016639828234,10.513955984970478,15.780998389694043,5.052334943639291,10.63472893183038,9.017713365539452,5.736714975845411,0.6843800322061192,2.314814814814815,0.13419216317767044
204,40.29790660225443,10.61460010735373,15.780998389694043,5.025496511003757,10.433440687063875,8.997584541062801,5.736714975845411,0.6843800322061192,2.2946859903381642,0.13419216317767044
205,40.53945249597424,10.547504025764896,15.70048309178744,4.978529253891573,10.420021470746109,8.964036500268385,5.736714975845411,0.6843800322061192,2.2946859903381642,0.13419216317767044
206,40.11674718196457,10.299248523886206,15.693773483628556,5.173107890499195,11.52710681696189,8.769457863660762,5.3341384863123995,0.6843800322061192,2.26784755770263,0.13419216317767044
207,40.04965110037574,10.205314009661835,15.559581320450885,5.045625335480408,11.60762211486849,8.80300590445518,5.703166935050993,0.6508319914117016,2.2410091250670963,0.13419216317767044
208,40.22410091250671,10.144927536231885,15.49248523886205,5.152979066022544,11.52710681696189,8.749329039184111,5.703166935050993,0.6508319914117016,2.2208803005904456,0.13419216317767044
209,40.11674718196457,10.077831454643048,15.438808373590982,5.139559849704777,11.453301127214171,8.675523349436393,6.146001073537305,0.5971551261406334,2.2208803005904456,0.13419216317767044
210,40.203972088030056,9.98389694041868,15.24422973698336,5.22007514761138,11.366076221148685,8.668813741277509,6.246645195920558,0.5971551261406334,2.3349436392914655,0.13419216317767044
211,40.3918411164788,9.742351046698873,15.203972088030058,5.173107890499195,11.352657004830919,8.608427267847558,6.461352657004831,0.5971551261406334,2.3349436392914655,0.13419216317767044
212,40.485775630703166,9.634997316156737,15.183843263553408,5.0993022007514766,11.285560923242082,8.541331186258722,6.608964036500268,0.5971551261406334,2.4490069779924855,0.11406333870101985
213,40.666935050993025,9.608158883521202,15.150295222758992,4.998658078368224,11.258722490606548,8.521202361782072,6.635802469135802,0.5971551261406334,2.4490069779924855,0.11406333870101985
214,40.74074074074074,9.453837895866881,15.24422973698336,4.978529253891573,11.218464841653248,8.648684916800859,6.608964036500268,0.5971551261406334,2.395330112721417,0.11406333870101985
215,40.754159957058505,9.54777241009125,15.217391304347826,4.958400429414922,11.044015029522276,8.78287707997853,6.561996779388084,0.5770263016639828,2.442297369833602,0.11406333870101985
216,40.86151368760064,9.514224369296834,15.08990874932904,4.918142780461621,11.023886205045626,8.78287707997853,6.561996779388084,0.5770263016639828,2.5563607085346214,0.11406333870101985
217,40.78770799785293,9.447128287707997,15.03623188405797,4.797369833601718,11.151368760064413,8.997584541062801,6.535158346752549,0.5770263016639828,2.5563607085346214,0.11406333870101985
218,41.035963499731615,9.440418679549115,14.895330112721417,4.951690821256038,11.097691894793345,8.957326892109501,6.407675791733762,0.5770263016639828,2.522812667740204,0.11406333870101985
219,41.34460547504026,9.433709071390231,14.74771873322598,4.951690821256038,10.983628556092324,8.957326892109501,6.380837359098229,0.5703166935050993,2.5161030595813205,0.11406333870101985
220,41.53918411164788,9.39345142243693,14.700751476113794,4.938271604938271,10.93666129898014,8.950617283950617,6.340579710144928,0.5703166935050993,2.5161030595813205,0.11406333870101985
221,41.606280193236714,9.359903381642512,14.76784755770263,4.924852388620504,10.889694041867955,8.856682769726248,6.461352657004831,0.630703166935051,2.3886205045625335,0.11406333870101985
222,41.700214707461086,9.25925925925926,14.707461084272678,4.924852388620504,10.815888352120236,8.970746108427267,6.508319914117015,0.630703166935051,2.368491680085883,0.11406333870101985
223,41.91492216854536,9.178743961352657,14.61352657004831,4.924852388620504,10.721953837895867,9.098228663446054,6.4412238325281805,0.630703166935051,2.3617820719269993,0.11406333870101985
224,42.12292002147075,9.078099838969404,14.459205582393988,4.8443370907139025,10.829307568438002,9.198872785829307,6.374127750939345,0.6239935587761675,2.3550724637681157,0.11406333870101985
