,45,50,52,55,51,53,56,54,57,59,58,60
0,81.48819108964037,15.438808373590982,3.0730005367686526,,,,,,,,,
1,71.83977455716587,24.376006441223833,3.784219001610306,,,,,,,,,
2,68.73993558776168,27.47584541062802,3.784219001610306,,,,,,,,,
3,68.14278046162104,27.958937198067634,3.784219001610306,0.11406333870101985,,,,,,,,
4,67.2638217928073,18.297101449275363,3.784219001610306,0.11406333870101985,10.540794417606012,,,,,,,
5,61.111111111111114,24.376006441223833,3.7775093934514223,0.19457863660762212,10.540794417606012,,,,,,,
6,59.574610842726784,25.91250670960816,3.2675791733762747,0.19457863660762212,10.453569511540525,0.5099302200751477,0.08722490606548577,,,,,
7,51.44927536231884,33.923778851315085,3.2675791733762747,0.19457863660762212,10.23215244229737,0.5099302200751477,0.28180354267310787,0.14090177133655393,,,,
8,47.92002147074611,36.73510466988728,3.052871712292002,0.19457863660762212,11.077563070316694,0.5099302200751477,0.28180354267310787,0.2281266774020397,,,,
9,47.97369833601718,36.70155662909286,3.052871712292002,0.19457863660762212,11.057434245840042,0.5099302200751477,0.28180354267310787,0.2281266774020397,,,,
10,43.585614600107355,31.99141170155663,3.052871712292002,1.093666129898014,19.26328502415459,0.5099302200751477,0.27509393451422437,0.2281266774020397,,,,
11,37.66774020397209,28.75067096081589,6.568706387546968,1.093666129898014,25.02012882447665,0.5099302200751477,0.27509393451422437,0.11406333870101985,,,,
12,37.815351583467525,28.71712292002147,6.535158346752549,1.2949543746645196,24.738325281803544,0.5099302200751477,0.27509393451422437,0.11406333870101985,,,,
13,33.51449275362319,32.88378958668814,6.535158346752549,1.42914653784219,24.825550187869027,0.5099302200751477,0.27509393451422437,0.026838432635534086,,,,
14,32.83682232957595,32.910628019323674,9.688674181427805,1.42914653784219,22.19538378958669,0.5099302200751477,0.27509393451422437,0.15432098765432098,,,,
15,32.971014492753625,32.86366076221149,9.621578099838969,1.4626945786366077,22.14170692431562,0.5099302200751477,0.27509393451422437,0.15432098765432098,,,,
16,31.756575415995705,33.21256038647343,10.420021470746109,1.570048309178744,22.10144927536232,0.5099302200751477,0.27509393451422437,0.15432098765432098,,,,
17,31.95786366076221,31.488191089640367,10.420021470746109,1.6975308641975309,21.953837895866883,0.5099302200751477,0.2683843263553409,1.7042404723564144,,,,
18,24.376006441223833,31.830381105743424,8.541331186258722,2.6502952227589907,30.173107890499196,,0.6105743424584005,1.8183038110574343,,,,
19,23.040794417606012,29.55582393988191,8.541331186258722,2.6502952227589907,32.340311325818575,1.6103059581320451,0.5837359098228664,1.6774020397208802,,,,
20,20.954106280193237,19.41760601180891,7.051798174986581,2.6502952227589907,44.69269994632314,1.5499194847020934,2.006172839506173,1.6774020397208802,,,,
21,21.00107353730542,18.907675791733762,9.500805152979066,1.442565754159957,41.27079978529254,4.2203435319377345,1.9793344068706387,1.6774020397208802,,,,
22,18.9345142243693,27.36849168008588,6.5485775630703165,1.8048845947396672,41.6935050993022,2.6435856146001075,0.7179280730005367,0.2885131508319914,,,,
23,16.129898013955984,24.516908212560388,5.072463768115942,1.8518518518518519,45.71256038647343,2.6033279656468062,0.7112184648416533,3.4017713365539453,,,,
24,16.150026838432634,24.362587224906065,5.072463768115942,1.8518518518518519,45.390499194847024,2.6033279656468062,0.8588298443370908,3.7104133118625873,,,,
25,16.344605475040257,24.268652710681696,5.032206119162641,1.8518518518518519,45.330112721417066,2.6033279656468062,0.8588298443370908,3.7104133118625873,,,,
26,16.666666666666668,24.094202898550726,5.005367686527107,1.8518518518518519,45.22275899087493,2.6033279656468062,0.8588298443370908,3.69699409554482,,,,
27,17.042404723564143,23.845947396672035,4.924852388620504,1.8518518518518519,44.87385936661299,2.2946859903381642,0.966183574879227,3.69699409554482,0.5032206119162641,,,
28,17.136339237788512,22.48389694041868,4.924852388620504,1.6237251744498122,46.3365539452496,2.2946859903381642,0.9997316156736447,3.69699409554482,0.5032206119162641,,,
29,17.324208266237253,21.141975308641975,4.924852388620504,1.6639828234031133,46.16881374127751,2.2946859903381642,0.9192163177670424,5.059044551798175,0.5032206119162641,,,
30,14.40552871712292,20.98094471282877,4.643048845947397,1.6639828234031133,49.75174449812131,2.6972624798711755,0.7581857219538379,5.059044551798175,0.040257648953301126,,,
31,14.53972088030059,20.8467525496511,5.609232420826624,1.6103059581320451,49.32903918411165,2.0799785292538915,0.8856682769726248,5.059044551798175,0.040257648953301126,,,
32,14.700751476113794,20.605206655931294,5.609232420826624,1.7444981213097155,49.27536231884058,2.0799785292538915,0.8856682769726248,5.059044551798175,0.040257648953301126,,,
33,14.955716586151368,20.45088566827697,5.609232420826624,1.7444981213097155,49.23510466988728,2.0665593129361244,0.8856682769726248,5.01207729468599,0.040257648953301126,,,
34,15.24422973698336,20.417337627482556,5.609232420826624,1.7444981213097155,48.980139559849704,2.0665593129361244,0.8856682769726248,5.01207729468599,0.040257648953301126,,,
35,10.38647342995169,32.971014492753625,5.709876543209877,0.7045088566827697,42.572463768115945,1.8250134192163177,0.7783145464304885,5.01207729468599,0.040257648953301126,,,
36,9.688674181427805,32.971014492753625,5.683038110574342,0.6910896403650026,43.19645732689211,1.9524959742351047,0.7783145464304885,4.998658078368224,0.040257648953301126,,,
37,9.312936124530328,26.25469672571122,5.273752012882448,0.2952227589908749,52.261137949543745,1.1540526033279657,0.4428341384863124,4.998658078368224,0.0067096081588835215,,,
38,8.856682769726248,23.597691894793343,6.3137412775093935,0.2952227589908749,51.66398282340311,1.1473429951690821,0.4092860976918948,7.709339774557166,0.0067096081588835215,,,
39,7.5281803542673105,25.301932367149757,6.293612453032743,0.4092860976918948,51.12050456253355,1.1473429951690821,0.4830917874396135,7.709339774557166,0.0067096081588835215,,,
40,7.514761137949543,23.95330112721417,6.293612453032743,0.9594739667203436,50.32206119162641,1.6706924315619969,0.4830917874396135,8.796296296296296,0.0067096081588835215,,,
41,7.809983896940419,23.617820719269993,6.213097155126141,1.1406333870101986,49.8389694041868,1.6706924315619969,0.9125067096081588,8.789586688137414,0.0067096081588835215,,,
42,7.883789586688137,23.58427267847558,6.213097155126141,1.1406333870101986,49.7987117552335,1.6706924315619969,0.9125067096081588,8.789586688137414,0.0067096081588835215,,,
43,8.145464304884594,23.49704777241009,6.213097155126141,1.1406333870101986,49.644390767579175,1.6706924315619969,0.9125067096081588,8.769457863660762,0.0067096081588835215,,,
44,8.28636607622115,22.38996242619431,8.36688137412775,1.1406333870101986,49.29549114331723,1.6706924315619969,1.2010198604401503,7.64224369296833,0.0067096081588835215,,,
45,7.675791733762749,21.450617283950617,7.682501341921632,1.1406333870101986,51.831723027375205,1.1473429951690821,1.5365002683843263,7.5281803542673105,0.0067096081588835215,,,
46,7.548309178743962,19.612184648416534,9.440418679549115,1.1943102522812667,52.45571658615137,1.0265700483091786,1.6505636070853462,6.830381105743425,0.24154589371980675,,,
47,7.058507783145465,16.928341384863124,13.553408480944713,1.1943102522812667,45.71926999463231,7.997852925389157,1.4492753623188406,5.857487922705314,0.24154589371980675,,,
48,7.353730542136339,14.875201288244767,12.989801395598498,1.1272141706924315,45.4777241009125,7.997852925389157,1.4492753623188406,8.487654320987655,0.24154589371980675,,,
49,7.1725711218464845,11.580783682232958,16.31105743424584,0.9192163177670424,46.92699946323135,9.192163177670425,1.5029522275899088,6.152710681696189,0.24154589371980675,,,
50,7.179280730005368,10.661567364465915,21.638486312399355,1.1876006441223832,45.853462157809986,5.58239398819109,1.5029522275899088,6.152710681696189,0.24154589371980675,,,
51,7.212828770799785,10.661567364465915,21.584809447128286,1.1876006441223832,45.73939881910896,5.58239398819109,1.6639828234031133,6.125872249060655,0.24154589371980675,,,
52,7.481213097155126,10.560923242082662,21.430488459473967,1.2546967257112185,44.6658615136876,6.615673644659152,1.6908212560386473,5.991680085882985,0.24154589371980675,0.06709608158883522,,
53,7.494632313472893,10.25228126677402,27.033011272141707,1.2144390767579174,37.69457863660762,8.621846484165324,1.4090177133655395,5.971551261406334,0.24154589371980675,0.06709608158883522,,
54,7.581857219538379,10.245571658615138,27.428878153515836,1.2144390767579174,37.21819645732689,8.621846484165324,1.4090177133655395,5.971551261406334,0.24154589371980675,0.06709608158883522,,
55,6.494900697799249,13.94927536231884,28.589640365002683,0.7716049382716049,37.35238862050456,6.394256575415996,2.4825550187869028,3.69699409554482,0.24154589371980675,0.026838432635534086,,
56,6.5485775630703165,13.915727321524423,24.62426194310252,1.6706924315619969,42.07595276435856,4.690016103059581,2.509393451422437,3.69699409554482,0.24154589371980675,0.026838432635534086,,
57,6.595544820182502,13.647342995169081,24.48336017176597,1.737788513150832,41.45195920558239,5.0791733762748255,3.0394524959742353,3.69699409554482,0.24154589371980675,0.026838432635534086,,
58,6.541867954911433,12.607353730542137,29.824208266237253,1.8451422436929683,37.65432098765432,5.065754159957058,3.0394524959742353,3.2004830917874396,0.19457863660762212,0.026838432635534086,,
59,6.763285024154589,12.4597423510467,29.1532474503489,1.8451422436929683,37.486580783682236,5.689747718733226,3.180354267310789,3.2004830917874396,0.19457863660762212,0.026838432635534086,,
60,7.085346215780999,12.338969404186795,28.972088030059044,1.8451422436929683,37.35909822866345,5.662909286097692,3.2206119162640903,3.1736446591519054,0.3153515834675255,0.026838432635534086,,
61,7.333601717659689,12.278582930756844,28.884863123993558,1.8451422436929683,37.204777241009126,5.662909286097692,3.2004830917874396,3.1736446591519054,0.38915727321524424,0.026838432635534086,,
62,6.588835212023618,10.393183038110575,27.710681696188942,1.6035963499731616,41.15002683843264,5.428073000536768,3.535963499731616,3.1736446591519054,0.38915727321524424,0.026838432635534086,,
63,6.78341384863124,10.21202361782072,27.482555018786904,1.3888888888888888,40.84809447128288,6.099033816425121,3.6231884057971016,3.1468062265163717,0.38915727321524424,0.026838432635534086,,
64,6.863929146537842,10.198604401502953,27.435587761674718,1.3888888888888888,40.82796564680623,6.099033816425121,3.6231884057971016,3.1468062265163717,0.38915727321524424,0.026838432635534086,,
65,6.951154052603328,10.198604401502953,27.435587761674718,1.3821792807300053,40.673644659151904,6.099033816425121,3.69699409554482,3.1468062265163717,0.38915727321524424,0.026838432635534086,,
66,7.071926999463232,10.084541062801932,27.36849168008588,1.3821792807300053,40.57300053676865,5.964841653247451,3.4822866344605474,3.656736446591519,0.38915727321524424,0.026838432635534086,,
67,7.232957595276436,10.064412238325282,27.36849168008588,1.3821792807300053,40.49248523886205,5.964841653247451,3.44873859366613,3.5628019323671496,0.38915727321524424,0.026838432635534086,0.06709608158883522,
68,7.219538378958669,10.064412238325282,27.36849168008588,1.3620504562533549,40.163714439076756,5.964841653247451,3.81105743424584,3.5628019323671496,0.38915727321524424,0.026838432635534086,0.06709608158883522,
69,3.743961352657005,14.620236178207193,27.26113794954375,1.3620504562533549,39.08346752549651,5.964841653247451,3.9720880300590444,3.5091250670960816,0.38915727321524424,0.026838432635534086,0.06709608158883522,
70,3.5829307568438002,13.955984970477724,29.052603327965645,1.4895330112721417,36.520397208803004,7.87037037037037,3.549382716049383,3.4957058507783145,0.38915727321524424,0.026838432635534086,0.06709608158883522,
71,3.6902844873859366,13.479602791196994,25.11406333870102,1.8786902844873858,40.653515834675254,7.843531937734836,3.549382716049383,3.4957058507783145,0.20128824476650564,0.026838432635534086,0.06709608158883522,
72,3.6902844873859366,13.479602791196994,25.11406333870102,1.8786902844873858,40.653515834675254,7.843531937734836,3.549382716049383,3.4957058507783145,0.20128824476650564,0.026838432635534086,0.06709608158883522,
73,3.864734299516908,13.405797101449275,24.758454106280194,2.0263016639828235,40.371712292002144,8.28636607622115,3.629898013955985,3.361513687600644,0.20128824476650564,0.026838432635534086,0.06709608158883522,
74,3.9720880300590444,13.399087493290391,24.570585077831456,2.0263016639828235,40.19055287171229,8.28636607622115,3.7640901771336552,3.3480944712828773,0.3488996242619431,0.026838432635534086,0.06709608158883522,
75,4.019055287171229,13.399087493290391,23.95330112721417,2.167203435319377,40.15700483091788,8.28636607622115,4.2270531400966185,3.3480944712828773,0.3488996242619431,0.026838432635534086,0.06709608158883522,
76,4.166666666666667,13.399087493290391,23.91304347826087,2.167203435319377,39.942297369833604,8.252818035426731,4.367954911433173,3.3480944712828773,0.3488996242619431,0.026838432635534086,0.06709608158883522,
77,4.28743961352657,13.385668276972625,23.886205045625335,2.1135265700483092,39.861782071927,8.252818035426731,4.367954911433173,3.3480944712828773,0.4025764895330113,0.026838432635534086,0.06709608158883522,
78,4.40150295222759,13.231347289318304,23.886205045625335,2.1135265700483092,38.868760064412236,9.292807300053678,4.367954911433173,3.3413848631239937,0.4025764895330113,0.026838432635534086,0.06709608158883522,
79,4.549114331723027,13.231347289318304,21.289586688137412,1.9927536231884058,41.46537842190016,9.27938808373591,4.367954911433173,3.3279656468062266,0.4025764895330113,0.026838432635534086,0.06709608158883522,
80,4.7101449275362315,11.77536231884058,21.235909822866343,1.9122383252818036,43.592324208266234,8.621846484165324,4.3545356951154055,3.3011272141706924,0.4025764895330113,0.026838432635534086,0.06709608158883522,
81,4.790660225442834,11.674718196457327,21.195652173913043,1.9994632313472893,43.592324208266234,8.621846484165324,4.3545356951154055,3.2742887815351582,0.4025764895330113,0.026838432635534086,0.06709608158883522,
82,4.757112184648417,11.137949543746645,25.95276435856146,2.1068169618894257,39.761137949543745,8.239398819108963,4.133118625872249,3.3480944712828773,0.46967257112184646,0.026838432635534086,0.06709608158883522,
83,4.998658078368224,11.137949543746645,25.91250670960816,2.033011272141707,39.741009125067094,8.145464304884594,4.119699409554482,3.3480944712828773,0.46967257112184646,0.026838432635534086,0.06709608158883522,
84,5.065754159957058,11.137949543746645,25.865539452495973,2.033011272141707,39.720880300590444,8.145464304884594,4.119699409554482,3.3480944712828773,0.46967257112184646,0.026838432635534086,0.06709608158883522,
85,5.112721417069243,11.137949543746645,25.831991411701555,2.033011272141707,39.720880300590444,8.132045088566828,4.119699409554482,3.3480944712828773,0.46967257112184646,0.026838432635534086,0.06709608158883522,
86,5.139559849704777,11.137949543746645,25.140901771336555,2.033011272141707,39.36527106816962,9.084809447128288,4.119699409554482,3.33467525496511,0.5501878690284487,0.026838432635534086,0.06709608158883522,
87,5.24020397208803,11.137949543746645,24.154589371980677,2.033011272141707,38.238056897477186,9.66183574879227,3.8043478260869565,5.0858829844337095,0.5501878690284487,0.026838432635534086,0.06709608158883522,
88,5.4616210413311865,11.044015029522276,24.154589371980677,2.033011272141707,38.217928073000536,9.588030059044552,3.8043478260869565,5.052334943639291,0.5501878690284487,0.026838432635534086,0.06709608158883522,
89,5.515297906602254,11.017176596886742,24.711486849168008,2.033011272141707,37.70799785292539,9.588030059044552,3.8043478260869565,5.052334943639291,0.47638217928073,0.026838432635534086,0.06709608158883522,
90,5.387815351583468,10.950080515297907,24.396135265700483,3.4151905528717124,36.75523349436393,9.588030059044552,3.770799785292539,5.173107890499195,0.46967257112184646,0.026838432635534086,0.06709608158883522,
91,5.958132045088567,10.903113258185721,24.154589371980677,3.69699409554482,36.35265700483092,9.588030059044552,3.6366076221148687,5.146269457863661,0.46967257112184646,0.026838432635534086,0.06709608158883522,
92,6.219806763285024,10.59447128287708,26.92565754159957,3.7372517444981215,33.85668276972625,8.57487922705314,4.488727858293076,5.038915727321524,0.46967257112184646,0.026838432635534086,0.06709608158883522,
93,6.159420289855072,10.59447128287708,26.7914653784219,2.945517981749866,35.19189479334407,8.561460010735374,4.206924315619967,4.985238862050457,0.46967257112184646,0.026838432635534086,0.06709608158883522,
94,6.3070316693505095,10.554213633923778,26.764626945786365,2.945517981749866,34.5679012345679,8.53462157809984,4.777241009125067,4.985238862050457,0.46967257112184646,0.026838432635534086,0.06709608158883522,
95,5.8172302737520125,10.413311862587225,27.053140096618357,3.140096618357488,37.17793880837359,7.011540526033279,4.5893719806763285,4.233762748255502,0.46967257112184646,0.026838432635534086,0.06709608158883522,
96,5.9514224369296835,10.399892646269459,27.033011272141707,3.140096618357488,36.58749329039184,7.011540526033279,4.562533548040794,4.750402576489533,0.46967257112184646,0.026838432635534086,0.06709608158883522,
97,6.031937734836285,10.399892646269459,26.44927536231884,3.140096618357488,36.18491680085883,6.857219538378959,4.562533548040794,5.810520665593129,0.46967257112184646,0.026838432635534086,0.06709608158883522,
98,6.139291465378422,10.373054213633925,26.41572732152442,3.2675791733762747,36.00375738056898,6.857219538378959,4.569243156199678,5.810520665593129,0.46967257112184646,0.026838432635534086,0.06709608158883522,
99,6.1862587224906065,10.359634997316157,26.34863123993559,3.280998389694042,35.990338164251206,6.857219538378959,4.616210413311863,5.797101449275362,0.46967257112184646,0.026838432635534086,0.06709608158883522,
100,1.7310789049919484,70.69914117015567,5.656199677938808,1.596886741814278,10.607890499194847,5.152979066022544,1.5365002683843263,2.804616210413312,0.2147074610842727,,,
101,1.8115942028985508,70.24288781535158,5.5689747718733225,1.9726247987117553,10.607890499194847,5.12614063338701,1.6505636070853462,2.804616210413312,0.2147074610842727,,,
102,1.8518518518518519,70.11540526033279,5.5689747718733225,2.073268921095008,10.607890499194847,5.12614063338701,1.6505636070853462,2.791196994095545,0.2147074610842727,,,
103,2.0665593129361244,69.93424584004295,5.5689747718733225,2.1269457863660763,10.534084809447128,5.112721417069243,1.6505636070853462,2.791196994095545,0.2147074610842727,,,
104,2.2410091250670963,69.64573268921094,5.5689747718733225,2.26784755770263,10.534084809447128,5.0993022007514766,1.6505636070853462,2.7777777777777777,0.2147074610842727,,,
105,2.2611379495437465,69.6256038647343,5.5689747718733225,2.26784755770263,10.534084809447128,5.0993022007514766,1.6505636070853462,2.7777777777777777,0.2147074610842727,,,
106,2.3617820719269993,68.20987654320987,5.387815351583468,3.5963499731615673,10.373054213633925,5.092592592592593,1.6505636070853462,3.113258185721954,0.2147074610842727,,,
107,2.589908749329039,68.02871712292003,5.387815351583468,3.5963499731615673,10.326086956521738,5.092592592592593,1.6505636070853462,3.113258185721954,0.2147074610842727,,,
108,2.7777777777777777,67.84084809447128,5.367686527106817,3.9586688137412773,9.943639291465379,5.0791733762748255,1.7042404723564144,3.113258185721954,0.2147074610842727,,,
109,2.475845410628019,63.30515297906602,3.3548040794417604,3.2474503488996245,16.606280193236714,4.9651100375738055,1.0534084809447128,4.683306494900698,0.30864197530864196,,,
110,2.4490069779924855,54.78395061728395,3.33467525496511,3.113258185721954,16.586151368760063,4.9651100375738055,1.0534084809447128,13.405797101449275,0.30864197530864196,,,
111,2.576489533011272,54.57595276435856,3.2541599570585076,3.3950617283950617,16.49892646269458,4.958400429414922,1.0534084809447128,13.378958668813741,0.30864197530864196,,,
112,2.6704240472356413,54.41492216854536,3.2340311325818574,3.4151905528717124,16.438539989264626,5.025496511003757,1.1137949543746646,13.378958668813741,0.30864197530864196,,,
113,2.952227589908749,54.2740203972088,3.2340311325818574,3.4151905528717124,16.438539989264626,5.025496511003757,1.1137949543746646,13.238056897477188,0.30864197530864196,,,
114,3.140096618357488,53.56951154052604,3.2340311325818574,3.9519592055823938,16.378153515834676,5.01207729468599,1.2010198604401503,13.20450885668277,0.30864197530864196,,,
115,3.0595813204508855,50.82528180354267,3.2340311325818574,7.1725711218464845,16.378153515834676,5.01207729468599,1.1003757380568975,12.909286097691895,0.30864197530864196,,,
116,3.193773483628556,50.637412775093935,3.2340311325818574,6.575415995705851,16.317767042404725,5.01207729468599,1.1003757380568975,12.909286097691895,0.30864197530864196,,,0.7112184648416533
117,3.361513687600644,50.375738056897475,3.2340311325818574,6.716317767042405,16.27750939345142,4.911433172302737,1.0869565217391304,12.385936661298981,0.4294149221685454,,,1.221148684916801
118,3.569511540526033,50.355609232420825,3.2340311325818574,6.3070316693505095,16.056092324208265,4.911433172302737,1.1272141706924315,12.385936661298981,0.8319914117015567,,,1.221148684916801
119,3.7238325281803544,50.06038647342995,3.207192699946323,6.360708534621578,15.593129361245303,5.4616210413311865,1.1272141706924315,12.298711755233494,0.8319914117015567,,0.11406333870101985,1.221148684916801
120,3.851315083199141,49.973161567364464,3.207192699946323,6.360708534621578,15.593129361245303,5.4616210413311865,1.1272141706924315,12.258454106280194,0.8319914117015567,,0.11406333870101985,1.221148684916801
121,3.5762211486849167,40.57300053676865,15.955448201825014,6.119162640901771,15.5126140633387,5.4616210413311865,1.1272141706924315,9.41358024691358,0.8319914117015567,,0.20799785292538917,1.221148684916801
122,3.8915727321524423,40.29119699409554,15.854804079441761,6.213097155126141,13.674181427804616,5.4616210413311865,2.9388083735909825,9.41358024691358,0.8319914117015567,,0.20799785292538917,1.221148684916801
123,3.992216854535695,40.17713365539453,16.411701556629094,6.219806763285024,13.674181427804616,4.978529253891573,2.9119699409554483,9.39345142243693,0.8118625872249061,,0.20799785292538917,1.221148684916801
124,4.30756843800322,39.55314009661836,16.15673644659152,6.823671497584541,13.654052603327965,4.85775630703167,2.8918411164787976,9.39345142243693,0.9460547504025765,,0.20799785292538917,1.2077294685990339
125,3.7037037037037037,37.38593666129898,15.76086956521739,9.245840042941492,12.245034889962426,7.367149758454106,2.6637144390767578,9.359903381642512,0.8521202361782072,,0.20799785292538917,1.2077294685990339
126,3.864734299516908,37.245034889962426,15.559581320450885,9.4873859366613,12.245034889962426,7.306763285024155,2.6637144390767578,9.359903381642512,0.8521202361782072,,0.20799785292538917,1.2077294685990339
127,4.019055287171229,37.151100375738054,15.546162104133119,9.5276435856146,12.245034889962426,7.27992485238862,2.6637144390767578,9.29951690821256,0.8521202361782072,,0.20799785292538917,1.2077294685990339
128,4.361245303274289,36.802200751476114,15.546162104133119,9.64170692431562,12.211486849168008,7.253086419753086,2.6637144390767578,9.25925925925926,0.8521202361782072,,0.20799785292538917,1.2010198604401503
129,4.468599033816425,36.68813741277509,15.519323671497585,9.634997316156737,12.184648416532475,7.253086419753086,2.737520128824477,9.252549651100376,0.8521202361782072,,0.20799785292538917,1.2010198604401503
130,4.213633923778851,34.514224369296834,15.499194847020934,8.07836822329576,11.231884057971014,7.1725711218464845,2.737520128824477,14.210950080515298,0.9326355340848095,,0.20799785292538917,1.2010198604401503
131,4.294149221685454,34.50080515297907,15.445517981749866,8.07836822329576,11.211755233494364,7.1725711218464845,2.7308105206655933,14.170692431561998,0.9863123993558777,,0.20799785292538917,1.2010198604401503
132,4.40150295222759,34.15190552871712,18.23671497584541,7.152442297369833,11.003757380568974,7.071926999463232,2.657004830917874,12.788513150831992,1.1272141706924315,,0.20799785292538917,1.2010198604401503
133,4.180085882984434,33.3870101986044,11.252012882447666,7.058507783145465,10.976918947933441,15.183843263553408,2.657004830917874,13.023349436392914,0.8722490606548577,,0.20799785292538917,1.2010198604401503
134,4.186795491143317,30.971551261406333,11.225174449812132,10.124798711755233,10.976918947933441,15.157004830917874,2.657004830917874,12.419484702093397,0.8722490606548577,,0.20799785292538917,1.2010198604401503
135,4.247181964573269,30.917874396135264,11.225174449812132,10.124798711755233,10.976918947933441,15.13016639828234,2.657004830917874,12.325550187869029,0.8722490606548577,0.11406333870101985,0.20799785292538917,1.2010198604401503
136,4.3478260869565215,30.69645732689211,11.211755233494364,10.238862050456254,10.943370907139023,14.949006977992486,2.657004830917874,12.325550187869029,1.107085346215781,0.11406333870101985,0.20799785292538917,1.2010198604401503
137,4.5893719806763285,30.16639828234031,11.191626409017713,9.91009125067096,10.889694041867955,18.63929146537842,2.657004830917874,9.353193773483628,1.107085346215781,0.11406333870101985,0.20799785292538917,1.1741814278046163
138,4.730273752012883,30.139559849704778,11.144659151905529,9.91009125067096,10.86285560923242,18.59903381642512,2.657004830917874,9.353193773483628,1.107085346215781,0.11406333870101985,0.20799785292538917,1.1741814278046163
139,4.904723564143854,29.958400429414922,11.104401502952227,9.896672034353195,10.836017176596886,18.59903381642512,2.7442297369833604,9.353193773483628,1.107085346215781,0.11406333870101985,0.20799785292538917,1.1741814278046163
140,4.958400429414922,29.64975845410628,10.889694041867955,10.165056360708535,10.795759527643586,18.592324208266238,2.8381642512077296,9.353193773483628,1.261406333870102,0.11406333870101985,0.20799785292538917,1.1741814278046163
141,5.059044551798175,29.622920021470748,10.889694041867955,10.077831454643048,10.748792270531402,18.55877616747182,2.737520128824477,9.39345142243693,1.261406333870102,0.1878690284487386,0.20799785292538917,1.2546967257112185
142,5.045625335480408,29.53569511540526,10.607890499194847,9.091519055287172,10.238862050456254,19.30354267310789,2.6972624798711755,10.513955984970478,1.3754696725711217,0.1878690284487386,0.20799785292538917,1.1943102522812667
143,4.783950617283951,27.87842190016103,10.339506172839506,11.312399355877616,10.238862050456254,19.45115405260333,2.5429414922168547,10.487117552334944,1.3754696725711217,0.1878690284487386,0.20799785292538917,1.1943102522812667
144,4.904723564143854,27.77777777777778,8.870101986044014,11.285560923242082,10.23215244229737,17.74020397208803,2.5429414922168547,13.895598497047773,1.1607622114868492,0.1878690284487386,0.20799785292538917,1.1943102522812667
145,5.10601180891036,26.710950080515296,8.836553945249598,12.372517444981213,10.205314009661835,17.639559849704778,2.5026838432635534,13.875469672571121,1.1607622114868492,0.1878690284487386,0.20799785292538917,1.1943102522812667
146,5.24020397208803,26.38888888888889,8.836553945249598,12.365807836822329,10.205314009661835,17.042404723564143,2.5026838432635534,14.694041867954912,1.1607622114868492,0.1878690284487386,0.20799785292538917,1.1674718196457328
147,5.407944176060118,26.25469672571122,8.836553945249598,12.365807836822329,10.151637144390767,16.874664519592056,2.49597423510467,14.888620504562533,1.1607622114868492,0.1878690284487386,0.20799785292538917,1.1674718196457328
148,5.508588298443371,26.221148684916802,8.836553945249598,12.4597423510467,10.151637144390767,16.780730005367687,2.49597423510467,14.821524422973699,1.1607622114868492,0.1878690284487386,0.20799785292538917,1.1674718196457328
149,5.475040257648954,23.839237788513152,15.861513687600644,11.372785829307569,10.131508319914117,16.75389157273215,2.4221685453569513,11.943102522812667,1.107085346215781,0.1878690284487386,0.20799785292538917,0.6977992485238862
150,5.58239398819109,23.67149758454106,16.532474503488995,11.366076221148685,10.084541062801932,16.19699409554482,2.4221685453569513,11.943102522812667,1.107085346215781,0.1878690284487386,0.20799785292538917,0.6977992485238862
151,5.703166935050993,23.66478797638218,16.364734299516908,11.366076221148685,10.071121846484166,16.170155662909288,2.4221685453569513,11.902844873859367,1.2412775093934514,0.1878690284487386,0.20799785292538917,0.6977992485238862
152,5.662909286097692,22.920021470746107,15.881642512077295,11.245303274288782,9.722222222222221,17.98174986580784,2.3483628556092326,11.902844873859367,1.2412775093934514,0.1878690284487386,0.20799785292538917,0.6977992485238862
153,5.790391841116479,22.819377348362856,15.780998389694043,11.238593666129898,9.695383789586689,18.02200751476114,2.475845410628019,11.842458400429415,1.2412775093934514,0.1878690284487386,0.20799785292538917,0.6977992485238862
154,5.891035963499732,22.79253891572732,15.747450348899624,11.231884057971014,9.695383789586689,18.263553408480945,2.475845410628019,11.56736446591519,1.2412775093934514,0.1878690284487386,0.20799785292538917,0.6977992485238862
155,6.092324208266238,22.705314009661837,15.727321524422974,11.225174449812132,9.64170692431562,18.230005367686527,2.475845410628019,11.56736446591519,1.2412775093934514,0.1878690284487386,0.20799785292538917,0.6977992485238862
156,6.219806763285024,22.69189479334407,15.579710144927537,11.225174449812132,9.64170692431562,18.149490069779926,2.6167471819645733,11.540526033279656,1.2412775093934514,0.1878690284487386,0.20799785292538917,0.6977992485238862
157,6.468062265163715,22.63150831991412,15.559581320450885,11.191626409017713,9.64170692431562,18.08239398819109,2.5496511003757383,11.540526033279656,1.2412775093934514,0.1878690284487386,0.20799785292538917,0.6977992485238862
158,6.293612453032743,22.423510466988727,13.862050456253355,11.2788513150832,9.621578099838969,17.887815351583466,2.3483628556092326,13.915727321524423,1.1876006441223832,0.1878690284487386,0.2952227589908749,0.6977992485238862
159,6.4412238325281805,22.423510466988727,13.808373590982287,11.245303274288782,9.621578099838969,17.860976918947934,2.3483628556092326,13.882179280730005,1.1876006441223832,0.1878690284487386,0.2952227589908749,0.6977992485238862
160,6.5552871712292005,22.423510466988727,13.674181427804616,11.245303274288782,9.608158883521202,17.820719269994633,2.4221685453569513,13.882179280730005,1.1876006441223832,0.1878690284487386,0.2952227589908749,0.6977992485238862
161,6.635802469135802,22.356414385399894,13.674181427804616,11.131239935587761,9.333064949006978,17.726784755770264,2.4221685453569513,14.150563607085346,1.1876006441223832,0.1878690284487386,0.4025764895330113,0.7917337627482555
162,6.468062265163715,21.095008051529792,13.620504562533547,10.84272678475577,8.420558239398819,20.571658615136876,2.26784755770263,14.143853998926463,1.1876006441223832,0.1878690284487386,0.4025764895330113,0.7917337627482555
163,6.6760601180891035,21.041331186258724,13.580246913580247,10.84272678475577,8.393719806763285,20.679012345679013,2.26784755770263,13.969404186795492,1.1674718196457328,0.1878690284487386,0.4025764895330113,0.7917337627482555
164,6.340579710144928,17.24369296833065,13.560118089103597,9.829575952764358,8.085077831454644,28.65673644659152,2.26784755770263,11.473429951690822,1.1674718196457328,0.1878690284487386,0.39586688137412773,0.7917337627482555
165,6.541867954911433,17.20343531937735,13.526570048309178,9.829575952764358,8.07836822329576,28.63660762211487,2.26784755770263,11.473429951690822,1.1540526033279657,0.1878690284487386,0.30864197530864196,0.7917337627482555
166,6.595544820182502,17.08937198067633,13.513150831991412,9.957058507783145,8.05823939881911,28.609769189479334,2.2611379495437465,11.33923778851315,1.1540526033279657,0.322061191626409,0.30864197530864196,0.7917337627482555
167,5.783682232957595,15.297906602254429,10.36634460547504,10.836017176596886,23.329307568438004,21.4573268921095,2.2611379495437465,8.568169618894256,0.798443370907139,0.30193236714975846,0.20799785292538917,0.7917337627482555
168,5.837359098228664,15.297906602254429,10.36634460547504,10.836017176596886,23.17498658078368,21.43719806763285,2.38191089640365,8.568169618894256,0.798443370907139,0.30193236714975846,0.20799785292538917,0.7917337627482555
169,5.844068706387547,15.297906602254429,10.205314009661835,11.191626409017713,22.309447128287708,21.511003757380568,3.683574879227053,7.971014492753623,0.798443370907139,0.1878690284487386,0.20799785292538917,0.7917337627482555
170,5.958132045088567,15.230810520665592,10.205314009661835,11.191626409017713,22.282608695652176,21.497584541062803,3.683574879227053,7.96430488459474,0.798443370907139,0.1878690284487386,0.20799785292538917,0.7917337627482555
171,6.031937734836285,15.177133655394526,10.205314009661835,11.258722490606548,22.269189479334408,21.517713365539453,3.629898013955985,7.937466451959206,0.785024154589372,0.1878690284487386,0.20799785292538917,0.7917337627482555
172,6.025228126677402,14.949006977992486,10.171765968867419,11.252012882447666,22.249060654857757,20.86688137412775,4.575952764358561,7.937466451959206,0.785024154589372,0.1878690284487386,0.20799785292538917,0.7917337627482555
173,6.226516371443908,14.949006977992486,10.131508319914117,11.238593666129898,22.128287707997853,20.813204508856682,4.575952764358561,7.924047235641439,0.8923778851315083,0.1878690284487386,0.20799785292538917,0.7246376811594203
174,6.038647342995169,14.278046162104133,9.73564143853999,12.72812667740204,22.0276435856146,20.437466451959207,4.676596886741814,7.917337627482555,0.8923778851315083,0.1878690284487386,0.35560923242082665,0.7246376811594203
175,5.897745571658615,14.103596349973161,9.73564143853999,12.808641975308642,21.591519055287172,21.410359634997317,4.602791196994096,7.689210950080516,0.8923778851315083,0.1878690284487386,0.35560923242082665,0.7246376811594203
176,6.146001073537305,13.593666129898015,9.702093397745571,13.425925925925926,21.43719806763285,21.296296296296298,4.575952764358561,7.6623725174449815,0.8923778851315083,0.1878690284487386,0.35560923242082665,0.7246376811594203
177,6.105743424584004,13.466183574879228,9.453837895866881,13.546698872785829,21.423778851315085,21.443907675791735,4.49543746645196,8.13875469672571,0.8655394524959742,0.1878690284487386,0.4294149221685454,0.4428341384863124
178,6.152710681696189,13.45276435856146,9.453837895866881,13.513150831991412,21.34326355340848,21.202361782071925,4.575952764358561,8.13875469672571,0.8655394524959742,0.1878690284487386,0.6709608158883521,0.4428341384863124
179,6.293612453032743,13.405797101449275,9.39345142243693,13.580246913580247,21.316425120772948,21.081588835212024,4.562533548040794,8.132045088566828,0.8655394524959742,0.1878690284487386,0.7380568974771873,0.4428341384863124
180,6.427804616210413,13.405797101449275,9.380032206119163,13.580246913580247,21.235909822866343,20.98094471282877,4.643048845947397,8.111916264090176,0.8655394524959742,0.1878690284487386,0.7380568974771873,0.4428341384863124
181,6.447933440687064,13.405797101449275,9.380032206119163,13.580246913580247,21.22249060654858,20.98094471282877,4.643048845947397,8.105206655931294,0.8655394524959742,0.1878690284487386,0.7380568974771873,0.4428341384863124
182,6.743156199677939,13.385668276972625,9.326355340848094,13.479602791196994,21.16881374127751,20.90042941492217,4.602791196994096,8.158883521202362,0.8655394524959742,0.1878690284487386,0.7380568974771873,0.4428341384863124
183,6.810252281266774,13.285024154589372,9.326355340848094,13.533279656468062,21.101717659688674,20.86688137412775,4.602791196994096,8.152173913043478,0.95276435856146,0.1878690284487386,0.7380568974771873,0.4428341384863124
184,6.582125603864735,12.593934514224369,8.809715512614064,11.990069779924852,21.048040794417606,24.241814278046164,4.676596886741814,7.286634460547504,0.95276435856146,0.11406333870101985,0.6642512077294686,1.0399892646269457
185,6.723027375201288,12.593934514224369,8.735909822866345,11.990069779924852,20.90713902308105,24.188137412775095,4.810789049919484,7.27992485238862,0.95276435856146,0.11406333870101985,0.6642512077294686,1.0399892646269457
186,6.769994632313473,12.567096081588835,8.682232957595277,11.990069779924852,20.90713902308105,24.22168545356951,4.810789049919484,7.27992485238862,0.95276435856146,0.11406333870101985,0.6642512077294686,1.0399892646269457
187,6.904186795491143,12.533548040794418,8.682232957595277,11.956521739130435,20.90713902308105,24.18142780461621,4.810789049919484,7.253086419753086,0.95276435856146,0.11406333870101985,0.6642512077294686,1.0399892646269457
188,6.971282877079979,12.533548040794418,8.682232957595277,11.949812130971551,20.88030059044552,24.174718196457327,4.810789049919484,7.253086419753086,0.9259259259259259,0.11406333870101985,0.6642512077294686,1.0399892646269457
189,6.890767579173376,12.466451959205582,14.123725174449811,12.016908212560386,19.45115405260333,21.87332259796028,4.575952764358561,5.730005367686527,0.9259259259259259,0.10064412238325282,0.8051529790660226,1.0399892646269457
190,6.9243156199677935,12.466451959205582,14.06333870101986,11.896135265700483,19.249865807836823,21.87332259796028,4.575952764358561,5.870907139023081,1.0399892646269457,0.20799785292538917,0.8051529790660226,1.0265700483091786
191,7.051798174986581,12.365807836822329,15.063070316693505,11.889425657541599,18.95464304884595,21.692163177670423,4.206924315619967,5.6964573268921095,1.0399892646269457,0.20799785292538917,0.8051529790660226,1.0265700483091786
192,7.139023081052066,12.359098228663447,15.022812667740205,11.876006441223833,18.9345142243693,21.638486312399355,4.253891572732153,5.6964573268921095,1.0399892646269457,0.20799785292538917,0.8051529790660226,1.0265700483091786
193,7.219538378958669,12.345679012345679,14.99597423510467,11.81561996779388,18.914385399892645,21.651905528717123,4.253891572732153,5.723295759527644,1.0399892646269457,0.20799785292538917,0.8051529790660226,1.0265700483091786
194,7.253086419753086,12.345679012345679,14.99597423510467,11.81561996779388,18.773483628556093,21.584809447128286,4.341116478797638,5.723295759527644,1.1272141706924315,0.20799785292538917,0.8051529790660226,1.0265700483091786
195,7.367149758454106,12.265163714439076,14.97584541062802,11.761943102522812,18.753354804079443,21.511003757380568,4.341116478797638,5.723295759527644,1.1272141706924315,0.20799785292538917,0.9393451422436929,1.0265700483091786
196,7.521470746108427,12.25174449812131,14.969135802469136,11.708266237251744,18.706387546967257,21.484165324745035,4.341116478797638,5.71658615136876,1.1272141706924315,0.20799785292538917,0.9393451422436929,1.0265700483091786
197,7.286634460547504,10.151637144390767,11.084272678475577,9.312936124530328,18.317230273752013,31.206387546967257,4.2270531400966185,5.025496511003757,1.1272141706924315,0.20799785292538917,1.0265700483091786,1.0265700483091786
198,7.212828770799785,10.151637144390767,10.983628556092324,9.037842190016104,18.746645195920557,31.125872249060656,3.992216854535695,5.374396135265701,1.1272141706924315,0.20799785292538917,1.0131508319914118,1.0265700483091786
199,7.407407407407407,10.144927536231885,10.95679012345679,8.903650026838433,18.706387546967257,30.9849704777241,4.119699409554482,5.374396135265701,1.1272141706924315,0.30193236714975846,0.9460547504025765,1.0265700483091786
200,7.595276435856146,10.131508319914117,10.95679012345679,8.890230810520666,18.706387546967257,30.85077831454643,4.092860976918948,5.374396135265701,1.1272141706924315,0.30193236714975846,0.9460547504025765,1.0265700483091786
