,45,50,51,54,52,53,55,56
0,98.48362855609233,1.5163714439076759,,,,,,
1,94.4645732689211,5.535426731078905,,,,,,
2,94.4645732689211,5.535426731078905,,,,,,
3,90.955448201825,8.420558239398819,0.6239935587761675,,,,,
4,88.15754159957058,11.218464841653248,0.6239935587761675,,,,,
5,88.0703166935051,11.20504562533548,0.6038647342995169,0.12077294685990338,,,,
6,88.0703166935051,11.20504562533548,0.6038647342995169,0.12077294685990338,,,,
7,87.76167471819646,11.513687600644122,0.6038647342995169,0.12077294685990338,,,,
8,87.81535158346753,11.460010735373054,0.6038647342995169,0.12077294685990338,,,,
9,84.94363929146537,14.331723027375201,0.6038647342995169,0.12077294685990338,,,,
10,84.52093397745571,14.512882447665056,0.5770263016639828,0.12077294685990338,0.2683843263553409,,,
11,82.74959742351047,16.284219001610307,0.5770263016639828,0.12077294685990338,0.2683843263553409,,,
12,79.3947933440687,19.639023081052066,0.5770263016639828,0.12077294685990338,0.2683843263553409,,,
13,79.2740203972088,19.766505636070853,0.5770263016639828,0.11406333870101985,0.2683843263553409,,,
14,77.54294149221685,21.329844337090712,0.5770263016639828,0.11406333870101985,0.2683843263553409,0.16774020397208803,,
15,76.7512077294686,22.12157809983897,0.5770263016639828,0.11406333870101985,0.2683843263553409,0.16774020397208803,,
16,75.50993022007515,23.235373054213635,0.5770263016639828,0.10735373054213634,0.2683843263553409,0.30193236714975846,,
17,76.05340848094471,22.69189479334407,0.5770263016639828,0.10735373054213634,0.2683843263553409,0.30193236714975846,,
18,76.1003757380569,22.644927536231883,0.5770263016639828,0.10735373054213634,0.2683843263553409,0.30193236714975846,,
19,75.8990874932904,22.84621578099839,0.5770263016639828,0.10735373054213634,0.2683843263553409,0.30193236714975846,,
20,76.20772946859903,22.537573805689746,0.5770263016639828,0.10735373054213634,0.2683843263553409,0.30193236714975846,,
21,63.92914653784219,34.816156736446594,0.5770263016639828,0.10735373054213634,0.2683843263553409,0.30193236714975846,,
22,64.17740203972087,34.5679012345679,0.5770263016639828,0.10735373054213634,0.2683843263553409,0.30193236714975846,,
23,63.727858293075684,34.514224369296834,0.5770263016639828,0.10735373054213634,0.20128824476650564,0.30193236714975846,0.5703166935050993,
24,63.66076221148685,34.272678475577024,0.5770263016639828,0.10735373054213634,0.20128824476650564,0.6105743424584005,0.5703166935050993,
25,63.26489533011272,33.32662372517445,2.1269457863660763,,0.20128824476650564,0.5568974771873323,0.5233494363929146,
26,56.93102522812668,38.62721417069243,1.596886741814278,1.9122383252818036,0.1878690284487386,0.24825550187869028,0.49651100375738055,
27,57.41411701556629,38.22463768115942,1.596886741814278,1.8317230273752012,0.1878690284487386,0.24825550187869028,0.49651100375738055,
28,57.30005367686527,38.34541062801932,1.5901771336553945,1.8317230273752012,0.1878690284487386,0.24825550187869028,0.49651100375738055,
29,57.56843800322061,38.28502415458937,1.4492753623188406,1.7646269457863661,0.1878690284487386,0.24825550187869028,0.49651100375738055,
30,56.414385399892645,39.439076757917334,1.4492753623188406,1.7646269457863661,0.1878690284487386,0.24825550187869028,0.49651100375738055,
31,56.32716049382716,39.08346752549651,1.892109500805153,1.7646269457863661,0.1878690284487386,0.24825550187869028,0.49651100375738055,
32,56.46135265700483,38.969404186795494,1.892109500805153,1.7646269457863661,0.1878690284487386,0.24825550187869028,0.47638217928073,
33,55.89774557165862,40.633387010198604,0.8856682769726248,1.7646269457863661,0.17444981213097155,0.16774020397208803,0.47638217928073,
34,56.32716049382716,40.203972088030056,0.8856682769726248,1.7646269457863661,0.17444981213097155,0.16774020397208803,0.47638217928073,
35,56.447933440687066,40.083199141170155,0.8856682769726248,1.7646269457863661,0.17444981213097155,0.16774020397208803,0.47638217928073,
36,56.68947933440687,38.77482555018787,0.8655394524959742,1.7646269457863661,0.17444981213097155,0.16774020397208803,1.5633387010198605,
37,56.052066559312934,39.35856146001073,0.8655394524959742,1.710950080515298,0.17444981213097155,0.3153515834675255,1.5230810520665594,
38,56.21309715512614,39.331723027375205,0.8655394524959742,1.583467525496511,0.17444981213097155,0.3153515834675255,1.5163714439076759,
39,56.62909286097692,38.92243692968331,0.8588298443370908,1.583467525496511,0.17444981213097155,0.3153515834675255,1.5163714439076759,
40,57.21282877079979,38.1105743424584,0.8588298443370908,1.5365002683843263,0.1610305958132045,0.3153515834675255,1.8048845947396672,
41,57.46779388083736,37.88244766505636,0.8588298443370908,1.5365002683843263,0.1610305958132045,0.3153515834675255,1.778046162104133,
42,56.79012345679013,36.07085346215781,0.8588298443370908,1.0265700483091786,3.44873859366613,0.3153515834675255,1.4895330112721417,
43,56.72973698336017,35.79575952764358,1.1943102522812667,1.0265700483091786,3.44873859366613,0.3153515834675255,1.4895330112721417,
44,55.73671497584541,36.83574879227053,1.1943102522812667,1.0265700483091786,3.4017713365539453,0.3153515834675255,1.4895330112721417,
45,50.999731615673646,39.80810520665593,4.3478260869565215,1.0265700483091786,3.2206119162640903,0.06038647342995169,0.5367686527106817,
46,51.34192163177671,39.55314009661836,4.3478260869565215,1.0265700483091786,3.2206119162640903,0.06038647342995169,0.4495437466451959,
47,51.53650026838432,39.30488459473967,4.334406870638754,1.0265700483091786,3.1602254428341383,0.1878690284487386,0.4495437466451959,
48,51.96591519055287,39.03650026838432,4.314278046162104,1.0265700483091786,3.0193236714975846,0.1878690284487386,0.4495437466451959,
49,52.234299516908216,38.781535158346756,4.300858829844337,1.0265700483091786,3.0193236714975846,0.1878690284487386,0.4495437466451959,
50,52.41545893719807,38.58024691358025,4.327697262479871,1.0265700483091786,3.0193236714975846,0.1878690284487386,0.4428341384863124,
51,52.53623188405797,38.506441223832525,4.280730005367687,1.0265700483091786,3.0193236714975846,0.1878690284487386,0.4428341384863124,
52,52.93880837359098,38.217928073000536,4.260601180891036,1.0265700483091786,2.7979066022544283,0.18115942028985507,0.5770263016639828,
53,52.99919484702093,37.815351583467525,4.3478260869565215,1.0265700483091786,2.757648953301127,0.47638217928073,0.5770263016639828,
54,52.844873859366615,37.855609232420825,4.341116478797638,1.0265700483091786,2.757648953301127,0.47638217928073,0.6977992485238862,
55,53.16022544283414,37.61406333870102,4.341116478797638,1.0265700483091786,2.6838432635534084,0.47638217928073,0.6977992485238862,
56,53.36151368760064,37.41277509393451,4.341116478797638,1.0265700483091786,2.6838432635534084,0.47638217928073,0.6977992485238862,
57,53.455448201825014,36.25872249060655,4.341116478797638,1.0265700483091786,3.8311862587224907,0.47638217928073,0.6105743424584005,
58,53.46886741814278,35.70182501341922,4.341116478797638,1.0064412238325282,4.394793344068707,0.47638217928073,0.6105743424584005,
59,51.939076757917334,29.052603327965645,12.379227053140097,0.9796027911969941,4.7101449275362315,0.47638217928073,0.46296296296296297,
60,50.657541599570585,30.9044551798175,11.808910359634996,0.9796027911969941,4.7101449275362315,0.47638217928073,0.46296296296296297,
61,50.38915727321525,29.7638217928073,13.325281803542673,0.9594739667203436,4.622920021470746,0.47638217928073,0.46296296296296297,
62,51.2211486849168,29.334406870638755,12.989801395598498,0.8923778851315083,4.622920021470746,0.47638217928073,0.46296296296296297,
63,50.556897477187334,29.871175523349436,12.781803542673108,0.8923778851315083,4.609500805152979,0.6105743424584005,0.6776704240472357,
64,50.81186258722491,29.74369296833065,12.754965110037574,0.8923778851315083,4.508856682769726,0.6105743424584005,0.6776704240472357,
65,46.69887278582931,34.17874396135266,12.486580783682234,0.8923778851315083,4.455179817498658,0.6105743424584005,0.6776704240472357,
66,46.947128287708,33.984165324745035,12.432903918411165,0.8923778851315083,4.455179817498658,0.6105743424584005,0.6776704240472357,
67,47.1081588835212,33.7962962962963,12.325550187869029,0.8923778851315083,4.5893719806763285,0.6105743424584005,0.6776704240472357,
68,47.128287707997856,33.01798174986581,7.595276435856146,4.696725711218465,4.904723564143854,0.6105743424584005,2.046430488459474,
69,47.61808910359635,32.950885668276975,7.595276435856146,4.62962962962963,4.549114331723027,0.6105743424584005,2.046430488459474,
70,47.819377348362856,32.6959205582394,7.595276435856146,4.4753086419753085,4.3545356951154055,0.6105743424584005,2.4490069779924855,
71,48.09447128287708,32.56843800322061,7.50805152979066,4.4753086419753085,4.3545356951154055,0.6105743424584005,2.3886205045625335,
72,48.62453032742888,32.2463768115942,7.50805152979066,4.3545356951154055,4.26731078904992,0.6105743424584005,2.3886205045625335,
73,48.32259796027912,31.125872249060656,8.99087493290392,4.341116478797638,4.233762748255502,0.5971551261406334,2.3886205045625335,
74,48.72517444981213,30.891035963499732,8.970746108427267,4.233762748255502,4.233762748255502,0.5971551261406334,2.3483628556092326,
75,48.711755233494365,30.938003220611915,8.970746108427267,4.206924315619967,4.2270531400966185,0.5971551261406334,2.3483628556092326,
76,48.46349973161568,30.340848094471284,8.883521202361782,3.7573805689747717,4.139828234031133,2.0665593129361244,2.3483628556092326,
77,48.63794954374664,30.14626945786366,8.152173913043478,3.0394524959742353,5.683038110574342,2.0665593129361244,2.2745571658615136,
78,48.75872249060655,30.10601180891036,8.152173913043478,3.0394524959742353,5.60252281266774,2.0665593129361244,2.2745571658615136,
79,48.92646269457864,29.871175523349436,8.360171765968868,3.0394524959742353,5.4616210413311865,2.0665593129361244,2.2745571658615136,
80,48.63794954374664,28.784219001610307,8.299785292538916,2.9790660225442833,5.394524959742351,3.6634460547504024,2.2410091250670963,
81,48.70504562533548,28.764090177133657,8.252818035426731,2.9790660225442833,5.394524959742351,3.6634460547504024,2.2410091250670963,
82,49.40955448201825,28.663446054750402,8.21256038647343,2.9589371980676327,5.394524959742351,3.1602254428341383,2.200751476113795,
83,49.51690821256039,28.207192699946322,8.185721953837897,3.388352120236178,5.381105743424584,3.1602254428341383,2.1604938271604937,
84,50.026838432635536,28.026033279656467,8.132045088566828,3.2139023081052067,5.381105743424584,3.0595813204508855,2.1604938271604937,
85,50.6105743424584,27.865002683843265,8.132045088566828,3.1535158346752548,5.052334943639291,3.0595813204508855,2.1269457863660763,
86,50.10064412238325,27.120236178207193,9.561191626409018,3.1535158346752548,5.038915727321524,2.9119699409554483,2.1135265700483092,
87,50.26838432635534,26.77133655394525,9.796027911969942,3.1535158346752548,5.005367686527107,2.8918411164787976,2.1135265700483092,
88,50.40257648953301,26.52308105206656,9.722222222222221,3.0864197530864197,4.9718196457326895,3.180354267310789,2.1135265700483092,
89,50.67096081588835,26.308373590982285,9.688674181427805,3.066290928609769,4.9718196457326895,3.180354267310789,2.1135265700483092,
90,50.91250670960816,26.247987117552334,9.5276435856146,3.066290928609769,4.951690821256038,3.180354267310789,2.1135265700483092,
91,51.08024691358025,25.664251207729468,9.480676328502415,3.6097691894793345,4.911433172302737,3.1535158346752548,2.100107353730542,
92,51.328502415458935,25.55689747718733,9.426999463231347,3.603059581320451,4.750402576489533,3.099838969404187,2.2342995169082127,
93,51.69753086419753,25.315351583467525,9.41358024691358,3.603059581320451,4.542404723564144,3.0730005367686526,2.3550724637681157,
94,51.81830381105743,25.261674718196456,9.41358024691358,3.603059581320451,4.4753086419753085,3.0730005367686526,2.3550724637681157,
95,52.02630166398282,25.0805152979066,9.386741814278047,3.603059581320451,4.4753086419753085,3.0730005367686526,2.3550724637681157,
96,52.261137949543745,24.993290391841118,9.326355340848094,3.603059581320451,4.4753086419753085,3.026033279656468,2.314814814814815,
97,52.73752012882448,24.738325281803544,9.306226516371444,3.5829307568438002,4.448470209339774,2.918679549114332,2.26784755770263,
98,52.95222758990875,24.711486849168008,9.131776704240472,3.5829307568438002,4.435050993022007,2.918679549114332,2.26784755770263,
99,53.40848094471283,24.3894256575416,9.091519055287172,3.5829307568438002,4.367954911433173,2.918679549114332,2.2410091250670963,
100,52.603327965646805,25.315351583467525,9.158615136876007,3.502415458937198,4.341116478797638,2.85829307568438,2.2208803005904456,
101,53.11996779388084,25.046967257112186,8.99087493290392,3.502415458937198,4.294149221685454,2.871712292002147,2.1739130434782608,
102,53.44873859366613,24.838969404186795,8.964036500268385,3.475577026301664,4.280730005367687,2.818035426731079,2.1739130434782608,
103,49.79200214707461,29.22705314009662,8.494363929146537,3.515834675254965,4.26731078904992,2.5496511003757383,2.15378421900161,
104,50.053676865271065,29.09957058507783,8.474235104669887,3.515834675254965,4.26731078904992,2.5496511003757383,2.0397208803005906,
105,50.067096081588836,28.24074074074074,8.064949006977992,3.9989264626945786,5.052334943639291,2.5496511003757383,2.0263016639828235,
106,50.275093934514224,28.08641975308642,8.05823939881911,3.9519592055823938,5.052334943639291,2.5496511003757383,2.0263016639828235,
107,49.63768115942029,27.938808373590984,9.024422973698336,3.9519592055823938,4.938271604938271,2.4825550187869028,2.0263016639828235,
108,48.87278582930757,28.650026838432634,8.970746108427267,3.9519592055823938,4.904723564143854,2.4825550187869028,2.167203435319377,
109,48.55743424584004,27.200751476113794,10.621309715512615,4.2270531400966185,4.904723564143854,2.4825550187869028,2.006172839506173,
110,48.76543209876543,27.073268921095007,10.621309715512615,4.200214707461084,4.851046698872786,2.4825550187869028,2.006172839506173,
111,49.33574879227053,26.724369296833064,10.50053676865271,4.146537842190016,4.8443370907139025,2.442297369833602,2.006172839506173,
112,49.543746645195924,26.50295222758991,10.560923242082662,4.133118625872249,4.810789049919484,2.442297369833602,2.006172839506173,
113,50.14090177133655,25.79844337090714,10.560923242082662,4.435050993022007,4.636339237788513,2.4221685453569513,2.006172839506173,
114,48.93317230273752,24.832259796027913,10.560923242082662,4.388083735909823,7.0383789586688135,2.4221685453569513,1.8250134192163177,
115,49.04723564143854,24.261943102522814,10.44015029522276,4.133118625872249,7.9106280193236715,2.3886205045625335,1.8183038110574343,
116,49.094202898550726,24.214975845410628,10.44015029522276,4.133118625872249,7.9106280193236715,2.3886205045625335,1.8183038110574343,
117,49.67122920021471,24.08749329039184,10.158346752549651,3.9989264626945786,7.9106280193236715,2.3550724637681157,1.8183038110574343,
118,49.59742351046699,22.65834675254965,10.111379495437467,3.9989264626945786,9.46725711218465,2.3550724637681157,1.8115942028985508,
119,49.63768115942029,22.269189479334408,10.185185185185185,3.9989264626945786,9.433709071390231,2.6637144390767578,1.8115942028985508,
120,49.953032742887814,22.16183574879227,10.185185185185185,3.9989264626945786,9.232420826623725,2.6637144390767578,1.8048845947396672,
121,50.20799785292539,21.846484165324746,10.299248523886206,3.9989264626945786,9.178743961352657,2.6637144390767578,1.8048845947396672,
122,51.12050456253355,21.557971014492754,10.057702630166398,3.8177670424047236,9.057971014492754,2.5831991411701556,1.8048845947396672,
123,51.321792807300056,21.450617283950617,10.017444981213098,3.8177670424047236,9.057971014492754,2.5697799248523885,1.7646269457863661,
124,50.86553945249597,22.041062801932366,9.923510466988727,3.8177670424047236,9.057971014492754,2.5563607085346214,1.737788513150832,
125,50.939345142243695,21.430488459473967,9.688674181427805,3.7372517444981215,9.916800858829845,2.5496511003757383,1.737788513150832,
126,51.281535158346756,21.39694041867955,9.628287707997853,3.603059581320451,9.86983360171766,2.509393451422437,1.710950080515298,
127,50.637412775093935,21.108427267847556,10.373054213633925,3.6768652710681695,10.050993022007514,2.442297369833602,1.710950080515298,
128,50.999731615673646,20.82662372517445,10.359634997316157,3.6768652710681695,10.02415458937198,2.4020397208803006,1.710950080515298,
129,50.516639828234034,20.67230273752013,12.104133118625873,3.670155662909286,8.943907675791733,2.3886205045625335,1.7042404723564144,
130,50.48309178743961,20.8064949006978,12.016908212560386,3.670155662909286,8.943907675791733,2.3886205045625335,1.6908212560386473,
131,50.436124530327426,20.67230273752013,11.788781535158346,3.3682232957595275,8.943907675791733,3.1535158346752548,1.6371443907675791,
132,50.79173376274826,20.605206655931294,11.386205045625335,3.3682232957595275,8.943907675791733,3.1535158346752548,1.6371443907675791,0.11406333870101985
133,50.925925925925924,20.564949006977994,11.305689747718732,3.3682232957595275,8.93719806763285,3.1468062265163717,1.6371443907675791,0.11406333870101985
134,51.308373590982285,20.28985507246377,11.218464841653248,3.3682232957595275,8.836553945249598,3.240740740740741,1.6237251744498122,0.11406333870101985
135,51.388888888888886,20.209339774557165,11.218464841653248,3.3682232957595275,8.836553945249598,3.240740740740741,1.6237251744498122,0.11406333870101985
136,51.55662909286098,20.162372517444982,11.151368760064413,3.3682232957595275,8.78287707997853,3.240740740740741,1.6237251744498122,0.11406333870101985
137,50.79844337090714,20.00805152979066,12.332259796027913,3.488996242619431,8.454106280193237,3.207192699946323,1.596886741814278,0.11406333870101985
138,42.2638217928073,34.10493827160494,8.863392377885132,3.294417606011809,6.709608158883521,3.1736446591519054,1.4761137949543746,0.11406333870101985
139,42.169887278582934,34.21900161030596,8.863392377885132,3.294417606011809,6.709608158883521,3.1535158346752548,1.4761137949543746,0.11406333870101985
140,42.72007514761138,33.742619431025226,8.82313472893183,3.260869565217391,6.709608158883521,3.1535158346752548,1.4761137949543746,0.11406333870101985
141,43.20987654320987,33.59500805152979,8.68894256575416,3.227321524422974,6.655931293612453,3.0864197530864197,1.4224369296833066,0.11406333870101985
142,43.45813204508857,33.621846484165324,8.621846484165324,3.1602254428341383,6.535158346752549,3.0730005367686526,1.415727321524423,0.11406333870101985
143,38.1105743424584,30.763553408480945,19.209608158883523,1.9189479334406871,5.656199677938808,3.0864197530864197,1.1406333870101986,0.11406333870101985
144,38.59366612989801,30.360976918947934,19.162640901771336,1.9189479334406871,5.649490069779925,3.0864197530864197,1.1137949543746646,0.11406333870101985
145,39.17740203972088,30.09259259259259,19.07541599570585,1.90552871712292,5.528717122920021,3.066290928609769,1.0399892646269457,0.11406333870101985
146,39.680622651637144,29.49543746645196,18.82716049382716,1.8518518518518519,5.958132045088567,3.046162104133119,1.0265700483091786,0.11406333870101985
147,40.11674718196457,29.180085882984432,18.612453032742888,1.8518518518518519,5.9514224369296835,3.046162104133119,1.1272141706924315,0.11406333870101985
148,40.21068169618894,27.34165324745035,18.5252281266774,1.8518518518518519,5.9447128287707995,4.884594739667204,1.1272141706924315,0.11406333870101985
149,40.31132581857219,27.274557165861513,18.250134192163177,1.8518518518518519,5.931293612453032,4.817498658078368,1.4492753623188406,0.11406333870101985
150,40.653515834675254,26.992753623188406,18.04884594739667,2.0263016639828235,5.897745571658615,4.817498658078368,1.4492753623188406,0.11406333870101985
151,40.66022544283414,26.643853998926463,18.451422436929683,2.0263016639828235,5.837359098228664,4.817498658078368,1.4492753623188406,0.11406333870101985
152,41.04938271604938,26.529790660225444,18.297101449275363,2.0263016639828235,5.723295759527644,4.824208266237251,1.4492753623188406,0.10064412238325282
153,41.19028448738594,26.341921631776703,17.954911433172303,2.0263016639828235,5.984970477724101,4.951690821256038,1.4492753623188406,0.10064412238325282
154,41.46537842190016,26.1808910359635,17.887815351583466,1.9994632313472893,5.978260869565218,4.938271604938271,1.4492753623188406,0.10064412238325282
155,41.626409017713364,26.120504562533547,17.860976918947934,1.9994632313472893,5.904455179817498,4.938271604938271,1.4492753623188406,0.10064412238325282
156,41.84111647879764,25.811862587224905,17.820719269994633,1.9994632313472893,5.904455179817498,4.938271604938271,1.583467525496511,0.10064412238325282
157,42.05582393988191,25.644122383252817,17.773752012882447,1.9994632313472893,5.904455179817498,4.938271604938271,1.583467525496511,0.10064412238325282
158,42.632850241545896,25.509930220075148,17.51207729468599,1.9860440150295222,5.756843800322061,4.924852388620504,1.5767579173376274,0.10064412238325282
159,41.98201825013419,26.36876006441224,17.431561996779386,1.9592055823939882,5.770263016639828,4.810789049919484,1.5767579173376274,0.10064412238325282
160,42.27724100912507,26.120504562533547,17.424852388620504,1.9592055823939882,5.770263016639828,4.810789049919484,1.5432098765432098,0.0939345142243693
161,42.08266237251745,25.758185721953836,17.404723564143854,1.8317230273752012,5.736714975845411,5.407944176060118,1.6841116478797638,0.0939345142243693
162,42.3443370907139,25.503220611916262,17.20343531937735,1.7914653784219001,6.105743424584004,5.387815351583468,1.570048309178744,0.0939345142243693
163,33.561460010735374,37.245034889962426,16.99543746645196,1.6438539989264627,5.213365539452496,3.5292538915727323,1.7176596886741815,0.0939345142243693
164,33.8768115942029,36.8491680085883,16.700214707461082,1.6371443907675791,5.213365539452496,3.4957058507783145,2.13365539452496,0.0939345142243693
165,34.326355340848096,36.64787976382179,16.606280193236714,1.6371443907675791,5.0791733762748255,3.475577026301664,2.13365539452496,0.0939345142243693
166,34.74906065485776,36.36607622114869,16.243961352657006,1.6371443907675791,5.072463768115942,3.770799785292539,2.0665593129361244,0.0939345142243693
167,35.02415458937198,36.10440150295223,16.0426731078905,1.7646269457863661,5.025496511003757,3.770799785292539,2.1739130434782608,0.0939345142243693
168,35.37305421363392,35.99704777241009,15.881642512077295,1.7444981213097155,5.025496511003757,3.717122920021471,2.167203435319377,0.0939345142243693
169,35.67498658078368,35.91653247450349,15.45222758990875,1.737788513150832,4.898013955984971,3.6768652710681695,2.5496511003757383,0.0939345142243693
170,34.09822866344606,35.54079441760601,18.33064949006978,1.737788513150832,4.119699409554482,3.535963499731616,2.5429414922168547,0.0939345142243693
171,34.594739667203434,35.158346752549654,18.23671497584541,1.737788513150832,4.1129898013955986,3.535963499731616,2.5295222758990876,0.0939345142243693
172,33.97074610842727,34.35319377348363,19.940955448201827,1.737788513150832,3.8915727321524423,3.535963499731616,2.475845410628019,0.0939345142243693
173,34.17203435319377,34.084809447128286,19.887278582930758,1.8048845947396672,3.844605475040258,3.5225442834138487,2.589908749329039,0.0939345142243693
174,34.82286634460547,33.52791196994095,19.82018250134192,1.8048845947396672,3.8177670424047236,3.5225442834138487,2.589908749329039,0.0939345142243693
175,35.057702630166396,33.44068706387547,19.679280730005367,1.7981749865807837,3.878153515834675,3.4621578099838968,2.589908749329039,0.0939345142243693
176,35.31266774020397,33.2259796027912,19.504830917874397,2.006172839506173,3.864734299516908,3.321256038647343,2.6704240472356413,0.0939345142243693
177,36.11782071926999,32.84353193773484,19.41760601180891,2.006172839506173,3.683574879227053,3.307836822329576,2.5295222758990876,0.0939345142243693
178,36.46672034353194,32.67579173376275,18.99490069779925,2.147074610842727,3.670155662909286,3.180354267310789,2.771068169618894,0.0939345142243693
179,36.842458400429415,32.46108427267848,18.833870101986044,2.147074610842727,3.670155662909286,3.180354267310789,2.771068169618894,0.0939345142243693
180,37.285292538915726,32.07192699946323,18.612453032742888,2.147074610842727,3.6634460547504024,3.1535158346752548,2.9723564143853998,0.0939345142243693
181,37.2987117552335,32.07192699946323,18.59903381642512,2.147074610842727,3.6634460547504024,3.1535158346752548,2.9723564143853998,0.0939345142243693
182,37.546967257112186,31.91760601180891,18.552066559312937,2.1135265700483092,3.6634460547504024,3.140096618357488,2.9723564143853998,0.0939345142243693
183,38.13070316693505,31.676060118089104,18.23671497584541,2.1068169618894257,3.6500268384326353,3.140096618357488,2.965646806226516,0.0939345142243693
184,38.378958668813745,31.602254428341386,18.089103596349972,2.1068169618894257,3.643317230273752,3.1199677938808374,2.965646806226516,0.0939345142243693
185,38.71443907675792,31.427804616210413,18.015297906602253,2.0397208803005906,3.643317230273752,3.1199677938808374,2.945517981749866,0.0939345142243693
186,39.24449812130972,31.072195383789587,17.881105743424584,2.033011272141707,3.6097691894793345,3.1199677938808374,2.945517981749866,0.0939345142243693
187,39.78797638217928,30.703166935050994,17.800590445517983,1.9524959742351047,3.3682232957595275,3.0864197530864197,3.207192699946323,0.0939345142243693
188,40.21068169618894,30.575684380032207,17.69994632313473,1.8719806763285025,3.3682232957595275,3.0864197530864197,3.0931293612453032,0.0939345142243693
189,40.371712292002144,30.56226516371444,17.68652710681696,1.865271068169619,3.3413848631239937,3.046162104133119,3.0327428878153517,0.0939345142243693
190,40.56629092860977,30.26033279656468,17.652979066022546,1.8518518518518519,3.33467525496511,3.046162104133119,3.193773483628556,0.0939345142243693
191,41.096349973161566,30.06575415995706,17.411433172302736,1.7713365539452497,3.33467525496511,3.0327428878153517,3.193773483628556,0.0939345142243693
192,41.45195920558239,29.817498658078367,17.317498658078367,1.7713365539452497,3.33467525496511,3.0327428878153517,3.180354267310789,0.0939345142243693
193,42.00214707461084,29.482018250134193,17.122920021470748,1.7713365539452497,3.33467525496511,3.012614063338701,3.180354267310789,0.0939345142243693
194,41.37144390767579,29.280730005367687,18.04213633923779,1.7713365539452497,3.2675791733762747,2.9924852388620504,3.180354267310789,0.0939345142243693
195,41.53918411164788,29.200214707461082,17.975040257648953,1.7713365539452497,3.2474503488996245,2.9924852388620504,3.180354267310789,0.0939345142243693
196,41.76060118089104,29.09957058507783,17.96833064949007,1.7713365539452497,3.240740740740741,2.885131508319914,3.180354267310789,0.0939345142243693
197,38.04347826086956,34.86312399355877,16.10305958132045,1.7444981213097155,3.0864197530864197,2.885131508319914,3.180354267310789,0.0939345142243693
198,38.66076221148685,34.29951690821256,15.92860976918948,1.7310789049919484,3.079710144927536,2.885131508319914,3.321256038647343,0.0939345142243693
199,38.98282340311326,34.09151905528717,15.734031132581856,1.7310789049919484,3.079710144927536,2.9924852388620504,3.294417606011809,0.0939345142243693
200,39.49946323134729,33.722490606548575,15.626677402039721,1.6170155662909287,3.2206119162640903,2.952227589908749,3.2675791733762747,0.0939345142243693
201,36.943102522812666,32.930756843800324,19.182769726247987,1.482823403113258,3.2139023081052067,2.9253891572732154,3.240740740740741,0.08051529790660225
202,37.70799785292539,32.18599033816425,19.223027375201287,1.4761137949543746,3.193773483628556,2.898550724637681,3.2340311325818574,0.08051529790660225
203,38.05018786902845,32.03166935050993,19.0552871712292,1.4626945786366077,3.1870638754696725,2.898550724637681,3.2340311325818574,0.08051529790660225
204,38.5601180891036,31.622383252818036,18.853998926462694,1.4626945786366077,3.1736446591519054,2.898550724637681,3.3480944712828773,0.08051529790660225
205,38.74127750939345,31.57541599570585,18.733225979602793,1.4626945786366077,3.1736446591519054,2.885131508319914,3.3480944712828773,0.08051529790660225
206,38.888888888888886,31.46135265700483,18.706387546967257,1.4626945786366077,3.1736446591519054,2.8784219001610305,3.3480944712828773,0.08051529790660225
207,37.3389694041868,30.005367686527105,18.451422436929683,1.3083735909822867,6.729736983360172,2.757648953301127,3.3279656468062266,0.08051529790660225
208,37.446323134728935,29.844337090713903,18.230005367686527,1.6438539989264627,6.66935050993022,2.757648953301127,3.3279656468062266,0.08051529790660225
209,37.61406333870102,29.482018250134193,18.183038110574344,1.9726247987117553,6.66935050993022,2.757648953301127,3.240740740740741,0.08051529790660225
210,37.6610305958132,29.47530864197531,18.183038110574344,1.9726247987117553,6.66935050993022,2.737520128824477,3.2206119162640903,0.08051529790660225
211,37.94283413848631,29.240472356414386,18.08239398819109,2.0665593129361244,6.736446591519055,2.636876006441224,3.2139023081052067,0.08051529790660225
212,38.217928073000536,28.878153515834676,18.04884594739667,2.0665593129361244,6.66935050993022,2.5966183574879227,3.4420289855072466,0.08051529790660225
213,36.46672034353194,28.25415995705851,18.874127750939344,2.0665593129361244,8.420558239398819,2.4355877616747184,3.4017713365539453,0.08051529790660225
214,36.808910359635,28.14680622651637,18.773483628556093,2.046430488459474,8.407139023081053,2.4355877616747184,3.3011272141706924,0.08051529790660225
215,37.31213097155126,27.965646806226516,18.42458400429415,2.2074610842726785,8.293075684380032,2.4355877616747184,3.280998389694042,0.08051529790660225
216,37.446323134728935,27.925389157273216,18.323939881910896,2.2074610842726785,8.433977455716587,2.314814814814815,3.2675791733762747,0.08051529790660225
217,37.19806763285024,27.730810520665592,17.57246376811594,2.2074610842726785,8.313204508856682,3.6634460547504024,3.2340311325818574,0.08051529790660225
218,37.43961352657005,27.697262479871174,17.424852388620504,2.2074610842726785,8.313204508856682,3.603059581320451,3.2340311325818574,0.08051529790660225
219,37.90257648953301,27.294685990338163,17.404723564143854,2.2074610842726785,8.28636607622115,3.589640365002684,3.2340311325818574,0.08051529790660225
220,38.14412238325282,27.234299516908212,17.257112184648417,2.2074610842726785,8.272946859903382,3.589640365002684,3.2139023081052067,0.08051529790660225
221,38.486312399355874,27.160493827160494,17.05582393988191,2.38191089640365,8.259527643585615,3.3682232957595275,3.207192699946323,0.08051529790660225
222,38.90230810520666,26.992753623188406,17.008856682769725,2.3483628556092326,8.185721953837897,3.294417606011809,3.1870638754696725,0.08051529790660225
223,38.49302200751476,24.550456253354803,16.861245303274288,5.776972624798712,8.145464304884594,3.294417606011809,2.7979066022544283,0.08051529790660225
224,38.1105743424584,23.32259796027912,16.847826086956523,5.776972624798712,7.997852925389157,3.227321524422974,4.636339237788513,0.08051529790660225
225,38.17096081588835,23.289049919484704,16.720343531937736,5.756843800322061,7.971014492753623,3.227321524422974,4.783950617283951,0.08051529790660225
226,38.55340848094471,23.1682769726248,16.680085882984432,5.736714975845411,7.877079978529254,3.193773483628556,4.7101449275362315,0.08051529790660225
227,39.18411164787977,22.873054213633925,16.324476650563607,5.676328502415459,8.011272141706923,3.193773483628556,4.656468062265164,0.08051529790660225
228,38.69431025228127,22.383252818035427,17.485238862050455,5.340848094471283,7.971014492753623,3.193773483628556,4.851046698872786,0.08051529790660225
229,39.21765968867418,22.27589908749329,17.357756307031668,5.340848094471283,7.7831454643048845,3.180354267310789,4.7638217928073,0.08051529790660225
230,39.49946323134729,21.926999463231347,17.277241009125067,5.8239398819108965,7.742887815351583,3.180354267310789,4.468599033816425,0.08051529790660225
231,39.98926462694579,21.604938271604937,17.06924315619968,5.776972624798712,7.856951154052603,3.1535158346752548,4.468599033816425,0.08051529790660225
232,40.15700483091788,21.470746108427267,16.80756843800322,5.776972624798712,7.830112721417069,3.1468062265163717,4.730273752012883,0.08051529790660225
233,40.371712292002144,21.40365002683843,16.774020397208805,5.689747718733226,7.823403113258186,3.1468062265163717,4.7101449275362315,0.08051529790660225
234,40.54616210413312,21.289586688137412,16.72705314009662,5.676328502415459,7.823403113258186,3.1468062265163717,4.7101449275362315,0.08051529790660225
235,40.693773483628554,21.24932903918411,16.378153515834676,5.615942028985507,8.13875469672571,3.1468062265163717,4.696725711218465,0.08051529790660225
236,41.035963499731615,21.22249060654858,16.183574879227052,5.589103596349974,8.044820182501342,3.1468062265163717,4.696725711218465,0.08051529790660225
237,41.41170155662909,21.108427267847556,16.029253891572733,5.522007514761138,8.024691358024691,3.1333870101986045,4.690016103059581,0.08051529790660225
238,41.237251744498124,21.041331186258724,15.83467525496511,5.522007514761138,8.165593129361245,3.1333870101986045,4.985238862050457,0.08051529790660225
239,41.59286097691895,21.014492753623188,15.821256038647343,5.394524959742351,8.051529790660226,3.113258185721954,4.931561996779388,0.08051529790660225
240,41.91492216854536,20.96081588835212,15.5126140633387,5.394524959742351,7.997852925389157,3.079710144927536,5.059044551798175,0.08051529790660225
241,42.391304347826086,20.813204508856682,15.311325818572195,5.287171229200215,7.997852925389157,3.079710144927536,5.038915727321524,0.08051529790660225
242,42.74020397208803,20.78636607622115,15.08990874932904,5.287171229200215,7.897208803005904,3.079710144927536,5.038915727321524,0.08051529790660225
243,42.961621041331185,20.685721953837895,15.01610305958132,5.280461621041331,7.883789586688137,3.0730005367686526,5.018786902844874,0.08051529790660225
244,43.42458400429415,20.417337627482556,14.935587761674718,5.280461621041331,7.796564680622652,3.0730005367686526,4.99194847020934,0.08051529790660225
245,43.94122383252818,20.014761137949545,14.928878153515834,5.246913580246914,7.769726247987117,3.066290928609769,4.951690821256038,0.08051529790660225
246,44.08212560386473,20.101986044015028,14.774557165861514,5.213365539452496,7.729468599033816,3.066290928609769,4.951690821256038,0.08051529790660225
247,44.47128287707998,19.692699946323135,14.593397745571659,5.159688674181428,7.716049382716049,3.33467525496511,4.951690821256038,0.08051529790660225
248,44.57192699946323,19.665861513687602,14.593397745571659,5.159688674181428,7.64224369296833,3.33467525496511,4.951690821256038,0.08051529790660225
249,44.65244229736983,19.545088566827697,14.345142243692969,5.159688674181428,7.62211486849168,3.6500268384326353,4.944981213097155,0.08051529790660225
250,43.88083735909823,19.47799248523886,15.83467525496511,5.0993022007514766,7.340311325818572,3.2474503488996245,5.038915727321524,0.08051529790660225
251,44.196188942565755,19.444444444444443,15.660225442834138,5.072463768115942,7.333601717659689,3.2474503488996245,4.9651100375738055,0.08051529790660225
252,44.67928073000537,19.155931293612454,15.599838969404187,5.059044551798175,7.333601717659689,3.126677402039721,4.9651100375738055,0.08051529790660225
253,45.06843800322061,18.96135265700483,15.552871712292003,4.951690821256038,7.333601717659689,3.1065485775630703,4.944981213097155,0.08051529790660225
254,44.89398819108964,18.4447128287708,15.458937198067632,5.958132045088567,7.239667203435319,3.099838969404187,4.824208266237251,0.08051529790660225
255,44.880568974771876,18.12265163714439,15.324745034889963,5.931293612453032,7.239667203435319,3.0864197530864197,5.3341384863123995,0.08051529790660225
256,44.96779388083736,17.887815351583466,15.291196994095545,6.206387546967257,7.239667203435319,2.9924852388620504,5.3341384863123995,0.08051529790660225
257,45.00134192163178,17.860976918947934,15.24422973698336,6.199677938808374,7.185990338164252,2.9924852388620504,5.434782608695652,0.08051529790660225
258,45.46430488459474,17.74020397208803,15.150295222758992,6.159420289855072,7.024959742351046,2.9589371980676327,5.421363392377885,0.08051529790660225
259,45.67230273752013,17.74020397208803,15.116747181964573,6.125872249060655,6.910896403650026,2.945517981749866,5.407944176060118,0.08051529790660225
260,45.98765432098765,17.599302200751477,15.083199141170155,6.078904991948471,6.863929146537842,2.9119699409554483,5.394524959742351,0.08051529790660225
261,46.34997316156736,17.559044551798173,14.949006977992486,6.052066559312936,6.863929146537842,2.9119699409554483,5.314009661835748,
262,46.51771336553945,17.55233494363929,14.949006977992486,5.958132045088567,6.857219538378959,2.9119699409554483,5.253623188405797,
263,46.91358024691358,17.371175523349436,14.9020397208803,5.9514224369296835,6.696188942565755,2.9119699409554483,5.253623188405797,
264,47.376543209876544,17.08937198067633,14.801395598497047,5.891035963499732,6.816961889425658,2.771068169618894,5.253623188405797,
265,47.43022007514761,17.06924315619968,14.76784755770263,5.891035963499732,6.816961889425658,2.771068169618894,5.253623188405797,
266,47.819377348362856,16.988727858293075,14.727589908749328,5.864197530864198,6.655931293612453,2.7643585614600106,5.179817498658078,
267,48.03408480944713,16.921631776704242,14.700751476113794,5.864197530864198,6.582125603864735,2.737520128824477,5.159688674181428,
268,48.25550187869028,16.680085882984432,14.526301663982823,5.844068706387547,6.528448738593666,2.737520128824477,5.428073000536768,
269,48.590982286634464,16.67337627482555,14.351851851851851,5.783682232957595,6.528448738593666,2.7106816961889426,5.360976918947934,
270,48.88620504562534,16.606280193236714,14.231078904991948,5.71658615136876,6.508319914117015,2.7106816961889426,5.340848094471283,
271,48.68491680085883,16.371443907675793,14.15727321524423,5.669618894256575,7.152442297369833,2.636876006441224,5.3274288781535155,
272,48.87949543746645,16.371443907675793,14.13714439076758,5.656199677938808,7.03166935050993,2.5966183574879227,5.3274288781535155,
273,49.21497584541063,16.317767042404725,13.976113794954374,5.642780461621041,6.9243156199677935,2.5966183574879227,5.3274288781535155,
274,49.49006977992485,16.223832528180353,13.895598497047773,5.5689747718733225,6.9243156199677935,2.5966183574879227,5.300590445517981,
275,49.5907139023081,16.183574879227052,13.895598497047773,5.5689747718733225,6.884057971014493,2.5966183574879227,5.280461621041331,
276,49.73832528180354,16.14331723027375,13.875469672571121,5.548845947396672,6.823671497584541,2.5966183574879227,5.273752012882448,
277,50.14090177133655,15.962157809983896,13.808373590982287,5.4616210413311865,6.78341384863124,2.5966183574879227,5.246913580246914,
278,50.26167471819646,15.94873859366613,13.768115942028986,5.4616210413311865,6.749865807836822,2.5966183574879227,5.213365539452496,
279,50.717928073000536,15.780998389694043,13.694310252281268,5.367686527106817,6.709608158883521,2.5697799248523885,5.159688674181428,
280,51.006441223832525,15.633387010198604,13.6406333870102,5.307300053676865,6.709608158883521,2.5429414922168547,5.159688674181428,
281,50.81857219538379,15.982286634460548,13.493022007514762,5.267042404723564,6.830381105743425,2.4490069779924855,5.159688674181428,
282,51.04669887278583,15.687063875469672,13.291733762748256,5.636070853462158,6.790123456790123,2.4490069779924855,5.0993022007514766,
283,51.328502415458935,15.599838969404187,13.217928073000536,5.5689747718733225,6.790123456790123,2.4490069779924855,5.045625335480408,
284,51.20101986044015,15.505904455179817,13.191089640365004,5.864197530864198,6.78341384863124,2.4490069779924855,5.005367686527107,
285,51.41572732152442,15.398550724637682,13.170960815888352,5.864197530864198,6.716317767042405,2.4490069779924855,4.985238862050457,
286,51.61701556629093,15.271068169618895,13.077026301663983,5.736714975845411,6.957863660762212,2.4490069779924855,4.891304347826087,
