,45,50,55,51,56,54,52,53,57,58
0,93.8539989264627,6.146001073537305,,,,,,,,
1,93.9747718733226,6.025228126677402,,,,,,,,
2,92.38459473966721,7.615405260332796,,,,,,,,
3,90.32474503488996,9.675254965110037,,,,,,,,
4,89.89533011272141,10.104669887278583,,,,,,,,
5,88.66076221148685,11.33923778851315,,,,,,,,
6,67.54562533548041,32.45437466451959,,,,,,,,
7,67.57917337627482,32.420826623725176,,,,,,,,
8,57.420826623725176,42.579173376274824,,,,,,,,
9,57.48792270531401,42.51207729468599,,,,,,,,
10,57.2061191626409,42.7938808373591,,,,,,,,
11,57.14573268921095,42.8341384863124,0.020128824476650563,,,,,,,
12,57.085346215781,42.89452495974235,0.020128824476650563,,,,,,,
13,51.58346752549651,38.29844337090714,,10.11808910359635,,,,,,
14,51.44927536231884,38.43263553408481,,10.11808910359635,,,,,,
15,48.671497584541065,39.392109500805155,0.5300590445517982,11.406333870101985,,,,,,
16,46.504294149221685,41.55931293612453,0.5300590445517982,11.406333870101985,,,,,,
17,46.39023081052066,41.67337627482555,0.5300590445517982,11.3593666129898,0.04696725711218465,,,,,
18,46.62506709608159,41.2842190016103,0.6843800322061192,11.3593666129898,0.04696725711218465,,,,,
19,46.51771336553945,41.47879763821793,0.6843800322061192,11.272141706924316,0.04696725711218465,,,,,
20,45.86688137412775,42.028985507246375,0.8051529790660226,11.252012882447666,0.04696725711218465,,,,,
21,46.00107353730542,41.6532474503489,0.8051529790660226,11.198336017176597,0.04696725711218465,0.2952227589908749,,,,
22,45.96081588835212,41.48550724637681,0.8051529790660226,11.191626409017713,0.04696725711218465,0.5099302200751477,,,,
23,46.00107353730542,41.324476650563604,0.8051529790660226,11.191626409017713,0.04696725711218465,0.5099302200751477,0.12077294685990338,,,
24,44.31025228126678,43.01529790660226,0.8051529790660226,11.191626409017713,0.04696725711218465,0.5099302200751477,0.12077294685990338,,,
25,44.37063875469673,42.954911433172306,0.8051529790660226,11.191626409017713,0.04696725711218465,0.5099302200751477,0.12077294685990338,,,
26,43.43800322061192,43.65942028985507,1.0869565217391304,11.137949543746645,0.04696725711218465,0.5099302200751477,0.12077294685990338,,,
27,42.32420826623725,44.46457326892109,1.3955984970477724,11.137949543746645,0.04696725711218465,0.5099302200751477,0.12077294685990338,,,
28,42.24369296833065,44.18947933440687,1.751207729468599,10.856146001073537,0.2683843263553409,0.5703166935050993,0.12077294685990338,,,
29,39.982555018786904,46.262748255501876,1.932367149758454,10.581052066559312,0.5501878690284487,0.5703166935050993,0.12077294685990338,,,
30,39.25791733762748,44.26328502415459,1.9256575415995705,9.574610842726784,0.5501878690284487,0.5703166935050993,2.7509393451422435,1.107085346215781,,
31,38.17096081588835,45.32340311325819,1.8719806763285025,9.567901234567902,0.5501878690284487,0.6575415995705851,2.7509393451422435,1.107085346215781,,
32,38.17096081588835,42.210144927536234,4.998658078368224,9.554482018250134,0.5501878690284487,0.6575415995705851,2.7509393451422435,1.107085346215781,,
33,37.875738056897475,40.96886741814278,4.555823939881911,9.514224369296834,0.5501878690284487,0.6575415995705851,4.770531400966184,1.107085346215781,,
34,37.72812667740204,40.98899624261943,4.730273752012883,9.480676328502415,0.5501878690284487,0.6575415995705851,4.757112184648417,1.107085346215781,,
35,37.67444981213097,40.284487385936664,4.636339237788513,8.950617283950617,0.5501878690284487,2.0397208803005906,4.663177670424047,1.107085346215781,0.0939345142243693,
36,34.94363929146538,43.33735909822866,4.62962962962963,9.420289855072463,0.5501878690284487,2.0397208803005906,4.663177670424047,0.322061191626409,0.0939345142243693,
37,33.662104133118625,44.68599033816425,4.602791196994096,9.39345142243693,0.5501878690284487,2.0397208803005906,4.64975845410628,0.322061191626409,0.0939345142243693,
38,33.2259796027912,45.13553408480945,4.602791196994096,9.39345142243693,0.5501878690284487,2.0397208803005906,4.636339237788513,0.322061191626409,0.0939345142243693,
39,32.52147074610843,43.585614600107355,4.5893719806763285,11.66129898013956,0.5501878690284487,2.0397208803005906,4.636339237788513,0.322061191626409,0.0939345142243693,
40,32.56843800322061,43.545356951154055,4.562533548040794,9.842995169082126,0.35560923242082665,4.072732152442297,4.636339237788513,0.322061191626409,0.0939345142243693,
41,32.50134192163178,43.612453032742884,4.562533548040794,9.842995169082126,0.35560923242082665,4.072732152442297,4.636339237788513,0.322061191626409,0.0939345142243693,
42,32.54830917874396,43.59903381642512,4.53569511540526,9.842995169082126,0.35560923242082665,4.066022544283414,4.636339237788513,0.322061191626409,0.0939345142243693,
43,32.79656468062265,42.66639828234031,5.46833064949007,9.73564143853999,0.35560923242082665,4.066022544283414,4.575952764358561,0.24154589371980675,0.0939345142243693,
44,32.75630703166935,42.270531400966185,5.60252281266774,9.581320450885668,0.35560923242082665,4.066022544283414,5.032206119162641,0.24154589371980675,0.0939345142243693,
45,32.769726247987116,42.270531400966185,5.589103596349974,9.581320450885668,0.35560923242082665,4.066022544283414,5.032206119162641,0.24154589371980675,0.0939345142243693,
46,32.045088566827694,40.27106816961889,5.5689747718733225,9.494095544820183,0.35560923242082665,4.327697262479871,7.601986044015029,0.24154589371980675,0.0939345142243693,
47,32.058507783145465,39.92887815351583,5.5689747718733225,9.480676328502415,0.35560923242082665,4.669887278582931,7.601986044015029,0.24154589371980675,0.0939345142243693,
48,32.045088566827694,39.88191089640365,5.5689747718733225,9.326355340848094,0.35560923242082665,4.669887278582931,7.601986044015029,0.4562533548040794,0.0939345142243693,
49,32.118894256575416,39.82823403113258,5.5689747718733225,9.326355340848094,0.35560923242082665,4.669887278582931,7.581857219538379,0.4562533548040794,0.0939345142243693,
50,32.058507783145465,38.99624261943102,6.461352657004831,9.272678475577026,0.35560923242082665,4.723564143853999,7.581857219538379,0.4562533548040794,0.0939345142243693,
51,31.5552871712292,38.29173376274826,6.4412238325281805,10.487117552334944,0.35560923242082665,4.9651100375738055,7.4208266237251745,0.38915727321524424,0.0939345142243693,
52,31.682769726247987,38.08373590982286,6.4412238325281805,10.46027911969941,0.35560923242082665,5.072463768115942,7.4208266237251745,0.38915727321524424,0.0939345142243693,
53,31.756575415995705,37.104133118625874,6.219806763285024,10.25228126677402,0.3421900161030596,6.4345142243692965,7.407407407407407,0.38915727321524424,0.0939345142243693,
54,31.66935050993022,36.902844873859365,6.219806763285024,10.25228126677402,0.3421900161030596,6.723027375201288,7.407407407407407,0.38915727321524424,0.0939345142243693,
55,31.850509930220074,36.621041331186255,6.213097155126141,10.25228126677402,0.644122383252818,6.6827697262479875,7.253086419753086,0.38915727321524424,0.0939345142243693,
56,31.602254428341386,35.7487922705314,6.488191089640365,11.272141706924316,0.630703166935051,6.66935050993022,7.253086419753086,0.24154589371980675,0.0939345142243693,
57,31.682769726247987,35.71524422973698,6.488191089640365,11.272141706924316,0.630703166935051,6.649221685453569,6.957863660762212,0.5099302200751477,0.0939345142243693,
58,31.870638754696724,35.67498658078368,6.380837359098229,11.265432098765432,0.630703166935051,6.629092860976919,6.944444444444445,0.5099302200751477,0.0939345142243693,
59,31.984702093397747,35.46698872785829,6.367418142780462,11.245303274288782,0.8990874932903918,6.494900697799249,6.937734836285561,0.5099302200751477,0.0939345142243693,
60,32.10547504025765,35.34621578099839,6.367418142780462,11.245303274288782,0.8990874932903918,6.494900697799249,6.937734836285561,0.5099302200751477,0.0939345142243693,
61,32.48121309715513,34.97047772410091,6.6827697262479875,11.225174449812132,0.8990874932903918,6.494900697799249,6.642512077294686,0.5099302200751477,0.0939345142243693,
62,32.48792270531401,33.44739667203435,6.736446591519055,11.225174449812132,0.8990874932903918,6.468062265163715,6.642512077294686,1.9994632313472893,0.0939345142243693,
63,32.51476113794954,33.43397745571659,6.729736983360172,11.225174449812132,0.8990874932903918,6.461352657004831,6.602254428341385,1.9994632313472893,0.13419216317767044,
64,32.76301663982824,33.19243156199678,6.588835212023618,11.225174449812132,0.8990874932903918,6.461352657004831,6.454643048845948,2.281266774020397,0.13419216317767044,
65,32.2463768115942,33.621846484165324,6.736446591519055,11.104401502952227,0.8990874932903918,6.347289318303811,6.655931293612453,2.254428341384863,0.13419216317767044,
66,32.347020933977454,33.2662372517445,6.353998926462695,11.057434245840042,0.6172839506172839,8.293075684380032,5.71658615136876,2.254428341384863,0.0939345142243693,
67,32.14573268921095,33.340042941492214,6.494900697799249,11.044015029522276,0.6172839506172839,8.293075684380032,5.71658615136876,2.254428341384863,0.0939345142243693,
68,32.26650563607085,33.299785292538914,6.494900697799249,10.802469135802468,0.8118625872249061,8.259527643585615,5.71658615136876,2.254428341384863,0.0939345142243693,
69,32.27321524422974,33.15888352120236,6.286902844873859,10.641438539989265,0.9728931830381106,8.601717659688674,5.71658615136876,2.254428341384863,0.0939345142243693,
70,30.891035963499732,34.54106280193237,6.286902844873859,10.641438539989265,0.9728931830381106,8.601717659688674,5.71658615136876,2.254428341384863,0.0939345142243693,
71,30.97826086956522,34.4068706387547,6.280193236714976,10.641438539989265,0.9728931830381106,8.662104133118627,5.71658615136876,2.24771873322598,0.0939345142243693,
72,30.837359098228664,34.4068706387547,6.072195383789587,9.31964573268921,0.8856682769726248,8.662104133118627,5.71658615136876,4.005636070853462,0.0939345142243693,
73,30.917874396135264,34.37332259796028,6.0587761674718195,9.286097691894794,0.8856682769726248,8.662104133118627,5.71658615136876,4.005636070853462,0.0939345142243693,
74,31.07890499194847,34.23913043478261,6.031937734836285,9.265968867418144,0.966183574879227,8.628556092324208,5.71658615136876,3.978797638217928,0.0939345142243693,
75,31.30703166935051,33.9573268921095,6.031937734836285,9.118357487922705,1.1741814278046163,8.628556092324208,5.709876543209877,3.978797638217928,0.0939345142243693,
76,31.427804616210413,33.46081588835212,6.360708534621578,9.205582393988191,1.1741814278046163,8.621846484165324,5.676328502415459,3.978797638217928,0.0939345142243693,
77,31.246645195920557,33.64868491680086,6.360708534621578,9.198872785829307,1.1741814278046163,8.447396672034353,5.676328502415459,3.978797638217928,0.2683843263553409,
78,31.333870101986044,33.601717659688674,6.347289318303811,9.172034353193773,1.1741814278046163,8.447396672034353,5.676328502415459,3.978797638217928,0.2683843263553409,
79,31.48148148148148,33.43397745571659,6.333870101986044,9.172034353193773,1.1741814278046163,8.628556092324208,5.562265163714439,3.978797638217928,0.23483628556092323,
80,31.320450885668276,33.400429414922165,6.333870101986044,8.964036500268385,1.1741814278046163,8.608427267847558,5.662909286097692,4.300858829844337,0.23483628556092323,
81,30.58239398819109,30.73671497584541,4.904723564143854,8.964036500268385,1.1674718196457328,8.333333333333334,10.775630703166936,4.300858829844337,0.23483628556092323,
82,25.717928073000536,35.37305421363392,4.904723564143854,9.07139023081052,1.1674718196457328,8.266237251744498,10.742082662372518,4.522275899087493,0.23483628556092323,
83,25.865539452495973,35.27241009125067,4.99194847020934,9.004294149221685,1.1406333870101986,8.259527643585615,10.7085346215781,4.522275899087493,0.23483628556092323,
84,25.711218464841654,34.554482018250134,4.723564143853999,9.004294149221685,1.1406333870101986,8.259527643585615,10.681696188942565,5.689747718733226,0.23483628556092323,
85,25.44283413848631,34.634997316156735,4.723564143853999,9.205582393988191,1.1406333870101986,8.252818035426731,10.681696188942565,5.683038110574342,0.23483628556092323,
86,25.5703166935051,34.272678475577024,4.99194847020934,9.178743961352657,1.1406333870101986,8.440687063875469,10.654857756307031,5.515297906602254,0.23483628556092323,
87,25.691089640365004,33.40713902308105,4.99194847020934,9.178743961352657,1.1406333870101986,9.178743961352657,10.466988727858293,5.515297906602254,0.4294149221685454,
88,25.677670424047236,33.44068706387547,4.99194847020934,9.178743961352657,1.1406333870101986,9.172034353193773,10.466988727858293,5.501878690284487,0.4294149221685454,
89,25.51663982823403,33.60842726784756,4.985238862050457,9.178743961352657,1.1406333870101986,9.172034353193773,10.466988727858293,5.501878690284487,0.4294149221685454,
90,25.45625335480408,33.66881374127751,4.985238862050457,9.178743961352657,1.1406333870101986,9.172034353193773,10.339506172839506,5.629361245303274,0.4294149221685454,
91,25.523349436392916,33.61513687600644,4.985238862050457,9.178743961352657,1.1406333870101986,9.172034353193773,10.326086956521738,5.629361245303274,0.4294149221685454,
92,24.993290391841118,33.01798174986581,4.985238862050457,9.178743961352657,1.133923778851315,9.172034353193773,11.922973698336017,5.166398282340311,0.4294149221685454,
93,24.724906065485776,33.23939881910896,4.871175523349437,9.178743961352657,1.133923778851315,9.346484165324744,11.90955448201825,5.166398282340311,0.4294149221685454,
94,24.852388620504563,32.63553408480945,4.730273752012883,9.16532474503489,1.133923778851315,10.836017176596886,11.265432098765432,4.951690821256038,0.4294149221685454,
95,24.792002147074612,32.49463231347289,4.663177670424047,9.39345142243693,1.133923778851315,10.916532474503489,11.252012882447666,4.924852388620504,0.4294149221685454,
96,24.765163714439076,32.35373054213634,4.663177670424047,9.39345142243693,1.133923778851315,10.916532474503489,11.225174449812132,5.119431025228127,0.4294149221685454,
97,24.55716586151369,32.420826623725176,4.62962962962963,9.39345142243693,1.0802469135802468,11.178207192699947,11.218464841653248,5.092592592592593,0.4294149221685454,
98,24.67793880837359,32.347020933977454,4.62962962962963,9.252549651100376,1.2010198604401503,11.151368760064413,11.218464841653248,5.092592592592593,0.4294149221685454,
99,24.872517444981213,32.19269994632314,4.62962962962963,9.252549651100376,1.2010198604401503,11.151368760064413,11.178207192699947,5.092592592592593,0.4294149221685454,
100,24.892646269457863,31.635802469135804,4.918142780461621,9.185453569511541,1.2010198604401503,11.466720343531938,11.178207192699947,5.092592592592593,0.4294149221685454,
101,24.724906065485776,30.649490069779926,4.9651100375738055,9.138486312399356,1.2010198604401503,11.466720343531938,12.332259796027913,5.092592592592593,0.4294149221685454,
102,24.751744498121308,30.64278046162104,4.9651100375738055,9.138486312399356,1.2010198604401503,11.460010735373054,12.318840579710145,5.092592592592593,0.4294149221685454,
103,23.61111111111111,31.655931293612454,4.99194847020934,8.917069243156199,1.5029522275899088,11.513687600644122,12.298711755233494,5.0791733762748255,0.4294149221685454,
104,23.859366612989803,31.635802469135804,4.99194847020934,8.917069243156199,1.482823403113258,11.325818572195384,12.278582930756844,5.0791733762748255,0.4294149221685454,
105,23.859366612989803,29.891304347826086,4.904723564143854,8.80300590445518,1.482823403113258,13.372249060654857,12.204777241009126,5.052334943639291,0.4294149221685454,
106,23.91304347826087,29.830917874396135,4.958400429414922,8.796296296296296,1.482823403113258,13.331991411701557,12.204777241009126,5.052334943639291,0.4294149221685454,
107,23.906333870101985,29.643048845947398,4.911433172302737,8.796296296296296,1.7847557702630166,13.33870101986044,12.191358024691358,5.052334943639291,0.3757380568974772,
108,23.980139559849704,29.56924315619968,4.911433172302737,8.796296296296296,1.7847557702630166,13.33870101986044,12.191358024691358,5.052334943639291,0.3757380568974772,
109,24.013687600644122,29.374664519592056,4.911433172302737,8.78287707997853,1.7847557702630166,13.513150831991412,12.191358024691358,5.052334943639291,0.3757380568974772,
110,24.295491143317232,29.374664519592056,5.025496511003757,8.53462157809984,1.7847557702630166,13.479602791196994,12.191358024691358,4.938271604938271,0.3757380568974772,
111,24.134460547504027,29.408212560386474,5.025496511003757,8.514492753623188,1.7847557702630166,13.137412775093935,12.68786902844874,4.931561996779388,0.3757380568974772,
112,23.993558776167472,29.294149221685455,5.24020397208803,8.514492753623188,1.7713365539452497,13.103864734299517,12.795222758990874,4.911433172302737,0.3757380568974772,
113,24.114331723027377,29.22705314009662,5.24020397208803,8.514492753623188,1.7713365539452497,13.077026301663983,12.788513150831992,4.891304347826087,0.3757380568974772,
114,24.20155662909286,29.186795491143318,5.233494363929147,8.514492753623188,1.7713365539452497,13.056897477187333,12.775093934514224,4.884594739667204,0.3757380568974772,
115,24.27536231884058,29.17337627482555,5.233494363929147,8.474235104669887,1.7713365539452497,13.519860440150294,12.305421363392378,4.871175523349437,0.3757380568974772,
116,24.08749329039184,29.09957058507783,5.233494363929147,8.749329039184111,1.7713365539452497,13.486312399355878,12.305421363392378,4.871175523349437,0.36902844873859364,0.026838432635534086
117,24.02710681696189,28.629898013955984,4.951690821256038,8.970746108427267,1.7713365539452497,13.177670424047236,13.20450885668277,4.871175523349437,0.36902844873859364,0.026838432635534086
118,20.75281803542673,33.400429414922165,4.951690821256038,8.890230810520666,1.7713365539452497,13.097155126140633,12.037037037037036,4.703435319377348,0.36902844873859364,0.026838432635534086
119,21.068169618894256,33.3870101986044,4.951690821256038,8.729200214707461,1.7713365539452497,13.077026301663983,11.943102522812667,4.676596886741814,0.36902844873859364,0.026838432635534086
120,21.22249060654858,33.24610842726785,4.924852388620504,8.474235104669887,2.0531400966183573,13.043478260869565,11.728395061728396,4.911433172302737,0.36902844873859364,0.026838432635534086
121,21.24932903918411,32.58185721953838,4.924852388620504,9.225711218464841,2.0531400966183573,12.942834138486312,11.714975845410628,4.911433172302737,0.36902844873859364,0.026838432635534086
122,21.309715512614062,32.57514761137949,4.884594739667204,9.205582393988191,2.046430488459474,13.063607085346217,11.60762211486849,4.911433172302737,0.36902844873859364,0.026838432635534086
123,19.766505636070853,30.461621041331185,4.320987654320987,20.222758990874933,0.7447665056360708,9.41358024691358,11.500268384326356,3.3279656468062266,0.24154589371980675,
124,19.766505636070853,30.461621041331185,4.320987654320987,20.222758990874933,0.7447665056360708,9.41358024691358,11.500268384326356,3.3279656468062266,0.24154589371980675,
125,19.753086419753085,30.414653784219002,4.320987654320987,20.303274288781534,0.7447665056360708,9.39345142243693,11.500268384326356,3.3279656468062266,0.24154589371980675,
126,19.826892109500804,30.3743961352657,4.320987654320987,20.303274288781534,0.7447665056360708,9.39345142243693,11.500268384326356,3.294417606011809,0.24154589371980675,
127,19.91411701556629,30.35426731078905,4.274020397208803,20.303274288781534,0.7447665056360708,9.346484165324744,11.480139559849706,3.2877079978529253,0.2952227589908749,
128,20.061728395061728,30.347557702630166,4.274020397208803,20.222758990874933,0.7447665056360708,9.31964573268921,11.446591519055287,3.2877079978529253,0.2952227589908749,
129,20.249597423510465,30.307300053676865,4.274020397208803,20.162372517444982,0.7447665056360708,9.31964573268921,11.3593666129898,3.2877079978529253,0.2952227589908749,
130,20.088566827697264,30.54213633923779,4.274020397208803,20.095276435856146,0.7447665056360708,9.31964573268921,11.245303274288782,3.2877079978529253,0.4025764895330113,
131,20.128824476650564,30.48174986580784,4.274020397208803,20.014761137949545,0.7447665056360708,9.420289855072463,11.245303274288782,3.2877079978529253,0.4025764895330113,
132,20.37037037037037,30.441492216854535,4.274020397208803,19.840311325818572,0.7447665056360708,9.41358024691358,11.231884057971014,3.280998389694042,0.4025764895330113,
133,20.457595276435857,30.407944176060116,4.260601180891036,19.81347289318304,0.7447665056360708,9.400161030595813,11.097691894793345,3.280998389694042,0.5367686527106817,
134,20.497852925389157,30.381105743424584,4.62962962962963,19.43102522812668,0.7447665056360708,9.400161030595813,11.097691894793345,3.280998389694042,0.5367686527106817,
135,20.551529790660226,30.267042404723565,4.703435319377348,19.43102522812668,0.7447665056360708,9.400161030595813,11.097691894793345,3.2675791733762747,0.5367686527106817,
136,20.591787439613526,29.95169082125604,5.018786902844874,19.39747718733226,0.9393451422436929,9.265968867418144,11.09098228663446,3.260869565217391,0.4830917874396135,
137,20.679012345679013,29.817498658078367,5.018786902844874,19.343800322061192,0.9393451422436929,9.265968867418144,11.09098228663446,3.361513687600644,0.4830917874396135,
138,20.73268921095008,29.7638217928073,5.018786902844874,19.343800322061192,0.9393451422436929,9.265968867418144,11.09098228663446,3.361513687600644,0.4830917874396135,
139,20.779656468062264,29.73027375201288,5.018786902844874,19.343800322061192,0.9393451422436929,9.326355340848094,11.030595813204508,3.3480944712828773,0.4830917874396135,
140,20.96081588835212,29.636339237788512,5.018786902844874,19.30354267310789,0.9393451422436929,9.31964573268921,11.003757380568974,3.33467525496511,0.4830917874396135,
141,20.73268921095008,28.804347826086957,4.64975845410628,18.947933440687063,0.9997316156736447,8.957326892109501,13.217928073000536,3.3145464304884595,0.3757380568974772,
142,20.853462157809982,28.65673644659152,4.7638217928073,18.927804616210413,0.9997316156736447,8.943907675791733,13.18438003220612,3.294417606011809,0.3757380568974772,
143,21.16881374127751,28.495705850778315,4.7638217928073,18.853998926462694,0.9997316156736447,8.943907675791733,13.117283950617283,3.280998389694042,0.3757380568974772,
144,20.618625872249062,29.180085882984432,4.871175523349437,18.646001073537306,0.9997316156736447,8.910359634997317,13.117283950617283,3.280998389694042,0.3757380568974772,
145,20.638754696725712,29.13311862587225,4.871175523349437,18.646001073537306,0.9997316156736447,8.870101986044014,13.18438003220612,3.280998389694042,0.3757380568974772,
146,20.652173913043477,29.106280193236714,6.535158346752549,17.12962962962963,0.9997316156736447,8.870101986044014,13.083735909822867,3.2474503488996245,0.3757380568974772,
147,20.69243156199678,29.09957058507783,6.535158346752549,17.12962962962963,0.9997316156736447,8.870101986044014,13.050187869028449,3.2474503488996245,0.3757380568974772,
148,20.739398819108963,29.052603327965645,6.521739130434782,16.955179817498657,0.9997316156736447,8.870101986044014,13.191089640365004,3.2474503488996245,0.4227053140096618,
149,20.799785292538918,28.44873859366613,6.951154052603328,16.955179817498657,0.9997316156736447,8.870101986044014,13.305152979066023,3.2474503488996245,0.4227053140096618,
150,20.79307568438003,28.20048309178744,6.951154052603328,16.941760601180892,0.9997316156736447,9.16532474503489,13.278314546430488,3.2474503488996245,0.4227053140096618,
151,20.92055823939882,28.14680622651637,6.944444444444445,16.935050993022006,0.9997316156736447,8.997584541062801,13.385668276972625,3.2474503488996245,0.4227053140096618,
152,20.38378958668814,28.005904455179817,6.91760601180891,18.04884594739667,0.9997316156736447,8.80300590445518,13.063607085346217,3.3548040794417604,0.4227053140096618,
153,20.222758990874933,28.26086956521739,6.91760601180891,17.98174986580784,0.9997316156736447,8.796296296296296,13.050187869028449,3.3480944712828773,0.4227053140096618,
154,20.2361782071927,28.26086956521739,6.91760601180891,17.98174986580784,0.9997316156736447,8.78287707997853,13.050187869028449,3.3480944712828773,0.4227053140096618,
155,20.1959205582394,28.213902308105208,6.91760601180891,18.109232420826622,0.9997316156736447,8.742619431025227,13.050187869028449,3.3480944712828773,0.4227053140096618,
156,20.12211486849168,28.099838969404185,6.91760601180891,18.109232420826622,0.9997316156736447,8.930488459473967,13.050187869028449,3.3480944712828773,0.4227053140096618,
157,20.229468599033815,28.039452495974235,6.91760601180891,18.08239398819109,0.9997316156736447,8.910359634997317,13.050187869028449,3.3480944712828773,0.4227053140096618,
158,20.081857219538378,28.012614063338702,6.89747718733226,18.06897477187332,0.9997316156736447,8.682232957595277,13.211218464841654,3.6231884057971016,0.4227053140096618,
159,20.189210950080515,27.979066022544284,6.89747718733226,18.035426731078903,0.9997316156736447,8.662104133118627,13.191089640365004,3.6231884057971016,0.4227053140096618,
160,20.41062801932367,27.737520128824478,6.769994632313473,18.015297906602253,0.9125067096081588,8.709071390230811,13.191089640365004,3.8311862587224907,0.4227053140096618,
161,20.40391841116479,27.70397208803006,6.769994632313473,18.015297906602253,0.9125067096081588,8.749329039184111,13.191089640365004,3.8311862587224907,0.4227053140096618,
162,20.52469135802469,27.67042404723564,6.769994632313473,17.98845947396672,0.9125067096081588,8.715780998389693,13.16425120772947,3.8311862587224907,0.4227053140096618,
163,20.632045088566827,27.66371443907676,6.769994632313473,17.907944176060116,0.8856682769726248,8.715780998389693,12.895866881374127,3.8311862587224907,0.6977992485238862,
164,20.632045088566827,27.623456790123456,6.723027375201288,17.881105743424584,0.8856682769726248,8.61513687600644,12.775093934514224,4.166666666666667,0.6977992485238862,
165,20.685721953837895,27.623456790123456,6.702898550724638,17.881105743424584,0.8856682769726248,8.836553945249598,12.5402576489533,4.146537842190016,0.6977992485238862,
166,20.9272678475577,27.502683843263554,6.702898550724638,17.840848094471284,0.8856682769726248,8.890230810520666,12.426194310252281,4.126409017713366,0.6977992485238862,
167,21.021202361782073,27.502683843263554,6.689479334406871,17.814009661835748,0.8856682769726248,8.870101986044014,12.392646269457863,4.126409017713366,0.6977992485238862,
168,21.068169618894256,27.120236178207193,6.615673644659152,17.767042404723565,0.8856682769726248,9.514224369296834,12.365807836822329,3.965378421900161,0.6977992485238862,
169,21.07487922705314,26.939076757917338,6.696188942565755,17.659688674181428,0.8856682769726248,9.856414385399892,12.144390767579173,4.133118625872249,0.6105743424584005,
170,20.377079978529252,25.234836285560924,6.488191089640365,19.699409554482017,0.8185721953837896,8.648684916800859,14.150563607085346,4.066022544283414,0.5166398282340311,
171,20.531400966183575,25.187869028448738,6.454643048845948,19.665861513687602,0.8185721953837896,8.608427267847558,14.150563607085346,4.066022544283414,0.5166398282340311,
172,20.491143317230275,24.993290391841118,6.723027375201288,19.665861513687602,0.7112184648416533,8.84326355340848,13.996242619431026,4.05931293612453,0.5166398282340311,
173,20.591787439613526,24.986580783682232,6.709608158883521,19.618894256575416,0.7112184648416533,8.836553945249598,13.969404186795492,4.05931293612453,0.5166398282340311,
174,20.685721953837895,24.986580783682232,6.696188942565755,19.612184648416534,0.7112184648416533,8.776167471819646,13.955984970477724,4.05931293612453,0.5166398282340311,
175,20.739398819108963,24.973161567364468,6.696188942565755,19.585346215780998,0.7112184648416533,8.776167471819646,13.942565754159958,4.05931293612453,0.5166398282340311,
176,20.69243156199678,24.671229200214707,6.998121309715513,19.753086419753085,0.7112184648416533,8.722490606548577,13.727858293075684,4.05931293612453,0.6642512077294686,
177,20.819914117015568,24.65780998389694,6.877348362855609,19.665861513687602,0.7112184648416533,8.896940418679549,13.66076221148685,4.045893719806763,0.6642512077294686,
178,20.88030059044552,24.63768115942029,6.877348362855609,19.665861513687602,0.7112184648416533,8.896940418679549,13.620504562533547,4.045893719806763,0.6642512077294686,
179,20.947396672034355,24.570585077831456,6.877348362855609,19.665861513687602,0.7112184648416533,8.896940418679549,13.620504562533547,4.045893719806763,0.6642512077294686,
180,20.987654320987655,24.40955448201825,7.0450885668276975,19.652442297369834,0.7112184648416533,8.863392377885132,13.620504562533547,4.045893719806763,0.6642512077294686,
181,20.873590982286636,24.537037037037038,7.0450885668276975,19.652442297369834,0.7112184648416533,8.856682769726248,13.613794954374665,4.045893719806763,0.6642512077294686,
182,21.041331186258724,24.3894256575416,7.0450885668276975,19.652442297369834,0.7112184648416533,8.84326355340848,13.613794954374665,4.03918411164788,0.6642512077294686,
183,21.07487922705314,24.376006441223833,7.0450885668276975,19.632313472893184,0.7917337627482555,8.76274825550188,13.526570048309178,4.032474503488996,0.7581857219538379,
184,21.00107353730542,24.288781535158346,7.266505636070853,19.390767579173378,0.7917337627482555,8.76274825550188,13.707729468599034,4.032474503488996,0.7581857219538379,
185,21.202361782071925,24.14787976382179,7.266505636070853,19.330381105743424,0.7917337627482555,8.76274825550188,13.707729468599034,4.032474503488996,0.7581857219538379,
186,21.215780998389693,24.134460547504027,7.266505636070853,19.330381105743424,0.7917337627482555,8.76274825550188,13.707729468599034,4.032474503488996,0.7581857219538379,
187,21.26945786366076,24.10762211486849,7.266505636070853,19.296833064949006,0.7917337627482555,8.80300590445518,13.707729468599034,3.9989264626945786,0.7581857219538379,
188,21.35668276972625,24.074074074074073,7.239667203435319,19.296833064949006,0.7917337627482555,8.776167471819646,13.707729468599034,3.9989264626945786,0.7581857219538379,
189,21.336553945249598,23.852657004830917,7.232957595276436,19.243156199677937,0.7917337627482555,8.76274825550188,13.707729468599034,4.314278046162104,0.7581857219538379,
190,21.443907675791735,23.852657004830917,7.232957595276436,19.223027375201287,0.7917337627482555,8.76274825550188,13.620504562533547,4.314278046162104,0.7581857219538379,
191,21.598228663446054,23.738593666129898,7.192699946323135,19.182769726247987,0.7917337627482555,8.796296296296296,13.687600644122384,4.253891572732153,0.7581857219538379,
192,21.772678475577028,23.60440150295223,7.192699946323135,19.142512077294686,0.7917337627482555,8.796296296296296,13.687600644122384,4.253891572732153,0.7581857219538379,
193,21.83977455716586,23.450080515297905,7.575147611379496,18.833870101986044,0.7783145464304885,8.863392377885132,13.647342995169081,4.253891572732153,0.7581857219538379,
194,21.900161030595815,23.389694041867955,7.64224369296833,18.793612453032743,0.7783145464304885,8.863392377885132,13.627214170692431,4.253891572732153,0.7514761137949544,
195,21.91358024691358,23.382984433709073,7.48792270531401,18.605743424584006,0.7783145464304885,9.219001610305957,13.607085346215781,4.253891572732153,0.7514761137949544,
196,21.83977455716586,23.2085346215781,7.695920558239399,18.397745571658614,0.7783145464304885,8.943907675791733,13.808373590982287,4.575952764358561,0.7514761137949544,
197,21.886741814278047,23.1682769726248,7.695920558239399,18.391035963499732,0.7783145464304885,8.943907675791733,13.808373590982287,4.575952764358561,0.7514761137949544,
198,21.920289855072465,23.161567364465917,7.682501341921632,18.391035963499732,0.7648953301127214,8.943907675791733,13.808373590982287,4.575952764358561,0.7514761137949544,
199,21.772678475577028,22.82608695652174,7.387278582930757,18.263553408480945,0.7648953301127214,8.856682769726248,12.99651100375738,6.535158346752549,0.5971551261406334,
200,21.658615136876005,23.067632850241544,7.387278582930757,18.209876543209877,0.7648953301127214,8.856682769726248,12.962962962962964,6.494900697799249,0.5971551261406334,
201,21.70558239398819,23.05421363392378,7.387278582930757,18.209876543209877,0.7648953301127214,8.829844337090714,12.95625335480408,6.494900697799249,0.5971551261406334,
202,21.79951690821256,22.946859903381643,7.380568974771873,18.250134192163177,0.7648953301127214,8.809715512614064,12.95625335480408,6.494900697799249,0.5971551261406334,
203,22.020933977455716,22.940150295222757,7.367149758454106,18.136070853462158,0.7648953301127214,8.789586688137414,12.902576489533011,6.481481481481482,0.5971551261406334,
204,22.041062801932366,22.926731078904993,7.300053676865271,18.136070853462158,0.7648953301127214,8.856682769726248,12.895866881374127,6.481481481481482,0.5971551261406334,
205,22.188674181427803,22.832796564680624,7.37385936661299,18.04213633923779,0.7648953301127214,8.856682769726248,12.86231884057971,6.481481481481482,0.5971551261406334,
206,22.168545356951153,22.75228126677402,7.37385936661299,17.98845947396672,0.7648953301127214,8.76274825550188,13.110574342458401,6.481481481481482,0.5971551261406334,
207,22.24235104669887,22.7187332259796,7.37385936661299,17.975040257648953,0.7648953301127214,8.742619431025227,13.103864734299517,6.481481481481482,0.5971551261406334,
208,22.302737520128826,22.69860440150295,7.669082125603865,17.94820182501342,0.7581857219538379,8.695652173913043,12.848899624261943,6.481481481481482,0.5971551261406334,
209,22.168545356951153,22.839506172839506,7.729468599033816,17.72007514761138,0.9192163177670424,8.682232957595277,13.828502415458937,5.515297906602254,0.5971551261406334,
210,22.33628556092324,22.81266774020397,7.695920558239399,17.72007514761138,0.9192163177670424,8.641975308641975,13.774825550187868,5.501878690284487,0.5971551261406334,
211,22.510735373054214,22.71202361782072,8.017981749865807,17.384594739667204,0.8923778851315083,8.608427267847558,13.774825550187868,5.501878690284487,0.5971551261406334,
212,22.571121846484164,22.69860440150295,8.017981749865807,17.384594739667204,0.8923778851315083,8.695652173913043,13.747987117552334,5.394524959742351,0.5971551261406334,
213,22.63150831991412,22.69860440150295,8.017981749865807,17.357756307031668,0.8923778851315083,8.662104133118627,13.747987117552334,5.394524959742351,0.5971551261406334,
214,22.7187332259796,22.624798711755233,8.004562533548041,17.357756307031668,0.8923778851315083,8.68894256575416,13.747987117552334,5.367686527106817,0.5971551261406334,
215,22.906602254428343,22.571121846484164,7.957595276435856,17.324208266237253,0.8923778851315083,8.662104133118627,13.747987117552334,5.340848094471283,0.5971551261406334,
216,22.953569511540525,22.530864197530864,7.957595276435856,17.324208266237253,0.8923778851315083,8.662104133118627,13.747987117552334,5.3341384863123995,0.5971551261406334,
217,22.946859903381643,22.463768115942027,7.930756843800322,17.444981213097154,0.8923778851315083,8.662104133118627,13.727858293075684,5.3341384863123995,0.5971551261406334,
218,23.060923242082662,22.41009125067096,7.85024154589372,17.424852388620504,0.8923778851315083,8.648684916800859,13.513150831991412,5.3341384863123995,0.8655394524959742,
219,23.423242082662373,22.38996242619431,7.85024154589372,17.223564143854,0.8923778851315083,8.621846484165324,13.399087493290391,5.3341384863123995,0.8655394524959742,
220,23.423242082662373,22.38996242619431,8.111916264090176,16.928341384863124,0.95276435856146,8.581588835212024,13.291733762748256,5.4549114331723025,0.8655394524959742,
221,23.14814814814815,23.946591519055286,8.09849704777241,16.015834675254965,0.95276435856146,8.393719806763285,13.144122383252817,5.434782608695652,0.8655394524959742,
222,23.027375201288244,23.866076221148685,9.420289855072463,15.150295222758992,0.9326355340848095,8.017981749865807,12.915995705850777,5.864197530864198,0.8051529790660226,
223,23.067632850241544,23.845947396672035,9.420289855072463,15.136876006441224,0.9326355340848095,8.017981749865807,12.915995705850777,5.857487922705314,0.8051529790660226,
224,22.33628556092324,24.651100375738057,9.400161030595813,15.08990874932904,0.9326355340848095,8.017981749865807,12.915995705850777,5.850778314546431,0.8051529790660226,
225,22.383252818035427,24.55716586151369,9.453837895866881,15.08990874932904,0.9326355340848095,8.017981749865807,12.909286097691895,5.850778314546431,0.8051529790660226,
226,22.457058507783145,24.44310252281267,9.561191626409018,15.08990874932904,0.9326355340848095,8.004562533548041,12.889157273215245,5.83064949006978,0.7917337627482555,
227,22.463768115942027,24.436392914653783,9.561191626409018,15.08990874932904,0.9326355340848095,8.004562533548041,12.889157273215245,5.83064949006978,0.7917337627482555,
228,22.50402576489533,24.20155662909286,9.77589908749329,15.08990874932904,0.8722490606548577,7.971014492753623,12.815351583467525,5.978260869565218,0.7917337627482555,
229,22.564412238325282,24.10762211486849,9.836285560923242,15.08990874932904,0.8722490606548577,7.957595276435856,12.808641975308642,5.971551261406334,0.7917337627482555,
230,22.584541062801932,24.074074074074073,9.796027911969942,15.083199141170155,0.8722490606548577,7.796564680622652,12.694578636607622,6.3070316693505095,0.7917337627482555,
231,22.685185185185187,24.033816425120772,9.796027911969942,15.083199141170155,0.8722490606548577,7.742887815351583,12.68786902844874,6.3070316693505095,0.7917337627482555,
232,22.705314009661837,23.926462694578635,9.86983360171766,15.083199141170155,0.8722490606548577,7.501341921631776,12.640901771336553,6.561996779388084,0.8387010198604401,
233,22.779119699409556,23.926462694578635,9.86983360171766,15.083199141170155,0.8722490606548577,7.454374664519592,12.627482555018787,6.5485775630703165,0.8387010198604401,
234,22.6784755770263,24.020397208803004,9.98389694041868,14.915458937198068,0.8521202361782072,7.440955448201825,12.560386473429952,6.709608158883521,0.8387010198604401,
235,22.7187332259796,23.96672034353194,10.084541062801932,14.640365002683843,0.8521202361782072,7.6623725174449815,12.533548040794418,6.702898550724638,0.8387010198604401,
236,22.69860440150295,23.839237788513152,10.010735373054214,14.486044015029522,0.8521202361782072,7.776435856146001,12.822061191626409,6.6760601180891035,0.8387010198604401,
237,22.73215244229737,23.678207192699947,10.037573805689748,14.486044015029522,0.8521202361782072,7.776435856146001,12.95625335480408,6.642512077294686,0.8387010198604401,
238,22.799248523886206,23.61111111111111,10.037573805689748,14.486044015029522,0.8521202361782072,7.776435856146001,12.95625335480408,6.642512077294686,0.8387010198604401,
239,22.805958132045088,23.564143853998928,10.037573805689748,14.459205582393988,0.8521202361782072,7.776435856146001,12.95625335480408,6.709608158883521,0.8387010198604401,
240,22.6784755770263,23.758722490606548,10.037573805689748,14.392109500805153,0.8521202361782072,7.776435856146001,12.95625335480408,6.709608158883521,0.8387010198604401,
241,22.7187332259796,23.738593666129898,10.02415458937198,14.38539989264627,0.8521202361782072,7.776435856146001,12.95625335480408,6.709608158883521,0.8387010198604401,
242,22.832796564680624,23.658078368223297,9.896672034353195,14.338432635534085,0.8521202361782072,7.675791733762749,12.942834138486312,6.964573268921095,0.8387010198604401,
243,22.893183038110575,23.637949543746647,9.896672034353195,14.338432635534085,0.8521202361782072,7.675791733762749,12.902576489533011,6.964573268921095,0.8387010198604401,
244,22.926731078904993,23.63123993558776,9.896672034353195,14.331723027375201,0.8521202361782072,7.675791733762749,12.895866881374127,6.951154052603328,0.8387010198604401,
245,23.235373054213635,23.356146001073537,9.96376811594203,14.331723027375201,0.8521202361782072,7.615405260332796,12.869028448738593,6.937734836285561,0.8387010198604401,
246,23.30246913580247,23.262211486849168,9.930220075147611,14.418947933440688,0.8521202361782072,7.595276435856146,12.86231884057971,6.937734836285561,0.8387010198604401,
247,22.81266774020397,22.98040794417606,8.675523349436393,13.298443370907139,0.8252818035426731,7.836822329575953,15.841384863123993,6.9310252281266775,0.798443370907139,
