,45,50,51,53,54,57,52,55,59,56,58
0,88.38566827697262,11.614331723027375,,,,,,,,,
1,82.54830917874396,17.45169082125604,,,,,,,,,
2,80.39452495974236,10.50053676865271,9.104938271604938,,,,,,,,
3,70.92055823939882,19.98792270531401,9.091519055287172,,,,,,,,
4,68.73322597960279,22.20209339774557,9.064680622651638,,,,,,,,
5,67.86768652710681,20.658883521202362,7.25979602791197,2.898550724637681,1.3150831991411702,,,,,,
6,67.89452495974236,20.71256038647343,7.192699946323135,2.8784219001610305,1.221148684916801,0.10064412238325282,,,,,
7,65.13687600644123,22.725442834138487,6.139291465378422,2.6033279656468062,1.221148684916801,0.10064412238325282,2.073268921095008,,,,
8,64.84165324745035,21.846484165324746,4.213633923778851,2.6033279656468062,1.1272141706924315,0.10064412238325282,5.132850241545894,0.13419216317767044,,,
9,59.03113258185722,27.576489533011273,4.213633923778851,2.6033279656468062,1.1272141706924315,0.10064412238325282,5.152979066022544,0.19457863660762212,,,
10,57.038378958668815,25.261674718196456,8.541331186258722,2.6033279656468062,1.1272141706924315,0.10064412238325282,5.132850241545894,0.19457863660762212,,,
11,53.495705850778315,29.13311862587225,8.259527643585615,2.6033279656468062,1.1272141706924315,0.10064412238325282,4.757112184648417,0.5233494363929146,,,
12,53.39506172839506,29.314278046162105,8.259527643585615,2.6033279656468062,1.0601180891035964,0.10064412238325282,4.74369296833065,0.5233494363929146,,,
13,53.14009661835749,29.005636070853463,8.219269994632313,2.6033279656468062,1.0064412238325282,0.06709608158883522,4.730273752012883,1.1674718196457328,0.06038647342995169,,
14,53.166935050993025,28.978797638217927,8.219269994632313,2.6033279656468062,1.0064412238325282,0.06709608158883522,4.730273752012883,1.1674718196457328,0.06038647342995169,,
15,53.03274288781535,29.09957058507783,8.158883521202362,2.6033279656468062,1.0064412238325282,0.06709608158883522,4.804079441760601,1.1674718196457328,0.06038647342995169,,
16,50.32877079978529,27.84487385936661,8.360171765968868,2.6033279656468062,1.0064412238325282,0.06709608158883522,8.561460010735374,1.1674718196457328,0.06038647342995169,,
17,48.27563070316693,27.2812667740204,8.239398819108963,2.6033279656468062,1.0064412238325282,0.06709608158883522,11.446591519055287,1.0198604401502953,0.06038647342995169,,
18,43.303811057434245,32.45437466451959,8.179012345679013,2.7509393451422435,1.0064412238325282,0.14090177133655393,11.084272678475577,1.0198604401502953,0.06038647342995169,,
19,43.646001073537306,32.18599033816425,8.152173913043478,2.737520128824477,1.0064412238325282,0.14090177133655393,11.05072463768116,1.0198604401502953,0.06038647342995169,,
20,42.77375201288245,32.789855072463766,8.13875469672571,2.737520128824477,1.261406333870102,0.14090177133655393,10.970209339774557,1.0198604401502953,0.06038647342995169,0.10735373054213634,
21,42.129629629629626,32.14573268921095,15.485775630703166,0.2147074610842727,0.2549651100375738,0.07380568974771873,8.628556092324208,0.9192163177670424,,0.14761137949543746,
22,42.129629629629626,32.10547504025765,15.4723564143854,0.2147074610842727,0.2549651100375738,0.07380568974771873,8.628556092324208,0.9728931830381106,,0.14761137949543746,
23,40.55958132045089,33.7157809983897,15.344873859366613,0.2147074610842727,0.2549651100375738,0.07380568974771873,8.57487922705314,0.9728931830381106,,0.2885131508319914,
24,39.700751476113794,34.47396672034353,15.445517981749866,0.2147074610842727,0.2549651100375738,0.07380568974771873,8.53462157809984,1.0198604401502953,,0.28180354267310787,
25,39.210950080515296,34.265968867418145,13.855340848094471,0.18115942028985507,0.2549651100375738,0.07380568974771873,10.950080515297907,0.9259259259259259,,0.28180354267310787,
26,38.99624261943102,34.07809983896941,13.841921631776705,0.4562533548040794,0.2549651100375738,0.07380568974771873,10.909822866344605,1.107085346215781,,0.28180354267310787,
27,39.150563607085346,33.561460010735374,13.580246913580247,0.4562533548040794,0.5233494363929146,0.07380568974771873,10.909822866344605,1.261406333870102,,0.4830917874396135,
28,39.20424047235642,33.601717659688674,13.580246913580247,0.4562533548040794,0.5233494363929146,0.07380568974771873,10.896403650026839,1.1808910359634996,,0.4830917874396135,
29,30.213365539452496,43.47826086956522,12.842190016103059,0.30193236714975846,0.5233494363929146,0.07380568974771873,10.815888352120236,1.2681159420289856,,0.4830917874396135,
30,29.871175523349436,42.73349436392915,13.727858293075684,0.30193236714975846,0.49651100375738055,0.07380568974771873,10.789049919484702,1.5230810520665594,,0.4830917874396135,
31,28.797638217928075,37.60064412238325,13.519860440150294,3.9452495974235107,0.2683843263553409,0.07380568974771873,13.654052603327965,1.6639828234031133,,0.47638217928073,
32,28.495705850778315,34.648416532474506,15.955448201825014,3.9452495974235107,0.2683843263553409,0.07380568974771873,13.33870101986044,2.804616210413312,,0.46967257112184646,
33,28.381642512077295,33.675523349436396,15.552871712292003,3.7573805689747717,1.0869565217391304,0.07380568974771873,13.331991411701557,3.321256038647343,,0.7783145464304885,0.040257648953301126
34,28.227321524422972,33.74932903918411,15.4723564143854,3.864734299516908,1.2278582930756843,0.07380568974771873,13.285024154589372,3.280998389694042,,0.7783145464304885,0.040257648953301126
35,28.27428878153516,33.70907139023081,15.49248523886205,3.8043478260869565,1.3217928073000538,0.026838432635534086,12.889157273215245,3.3413848631239937,,1.1003757380568975,0.040257648953301126
36,28.32125603864734,33.54804079441761,15.217391304347826,3.8043478260869565,1.3217928073000538,0.026838432635534086,12.882447665056361,3.4621578099838968,,1.3754696725711217,0.040257648953301126
37,28.32125603864734,33.68894256575416,14.982555018786902,3.730542136339238,1.3083735909822867,0.026838432635534086,12.93612453032743,3.4621578099838968,,1.5432098765432098,
38,27.194041867954912,34.99060654857756,14.955716586151368,3.7037037037037037,1.3016639828234031,0.026838432635534086,12.835480407944177,3.44873859366613,,1.5432098765432098,
39,26.596886741814277,35.71524422973698,14.573268921095009,3.6768652710681695,1.3016639828234031,0.026838432635534086,12.76838432635534,3.556092324208266,,1.7847557702630166,
40,24.241814278046164,36.90955448201825,14.284755770263017,3.9184111647879765,2.301395598497048,0.026838432635534086,12.694578636607622,3.8378958668813743,,1.7847557702630166,
41,21.477455716586153,30.226784755770264,15.35829307568438,2.167203435319377,2.281266774020397,0.026838432635534086,23.020665593129362,3.7640901771336552,,1.6774020397208802,
42,21.430488459473967,30.03220611916264,15.499194847020934,2.15378421900161,2.281266774020397,0.026838432635534086,22.926731078904993,3.7372517444981215,,1.9122383252818036,
43,22.108158883521202,29.636339237788512,14.65378421900161,2.100107353730542,2.576489533011272,0.026838432635534086,22.6784755770263,4.51556629092861,,1.7042404723564144,
44,21.906870638754697,28.6231884057971,14.2914653784219,5.750134192163178,2.636876006441224,0.026838432635534086,20.303274288781534,4.508856682769726,,1.9524959742351047,
45,21.786097691894792,28.522544283413847,14.170692431561998,5.790391841116479,2.576489533011272,0.026838432635534086,20.40391841116479,4.4753086419753085,,2.24771873322598,
46,19.920826623725173,30.307300053676865,14.150563607085346,5.179817498658078,2.576489533011272,0.026838432635534086,20.893719806763286,4.696725711218465,,2.24771873322598,
47,18.746645195920557,29.01905528717123,17.49194847020934,5.065754159957058,2.6637144390767578,0.026838432635534086,19.94766505636071,4.5893719806763285,,2.4490069779924855,
48,18.947933440687063,28.904991948470208,17.652979066022546,5.045625335480408,2.4892646269457863,0.026838432635534086,19.847020933977454,4.64975845410628,,2.4355877616747184,
49,18.57890499194847,27.100107353730543,19.612184648416534,4.99194847020934,2.5831991411701556,0.026838432635534086,19.766505636070853,4.824208266237251,,2.5161030595813205,
50,18.04213633923779,25.691089640365004,20.155662909286097,4.683306494900698,2.703972088030059,0.026838432635534086,21.195652173913043,5.005367686527107,,2.49597423510467,
51,17.163177670424048,23.403113258185723,22.79253891572732,4.669887278582931,3.2877079978529253,0.026838432635534086,21.07487922705314,5.112721417069243,,2.4691358024691357,
52,17.317498658078367,23.181696188942567,22.6784755770263,4.777241009125067,2.9253891572732154,0.026838432635534086,21.00107353730542,5.642780461621041,,2.4490069779924855,
53,17.357756307031668,23.121309715512613,22.470477724100913,4.388083735909823,2.7777777777777777,0.026838432635534086,21.611647879763822,5.703166935050993,,2.5429414922168547,
54,17.60601180891036,23.020665593129362,22.403381642512077,4.3545356951154055,2.757648953301127,0.026838432635534086,21.66532474503489,5.622651637144391,,2.5429414922168547,
55,17.941492216854535,22.819377348362856,22.356414385399894,4.334406870638754,2.757648953301127,0.026838432635534086,20.9272678475577,6.300322061191626,,2.536231884057971,
56,18.089103596349972,22.36983360171766,20.645464304884594,4.99194847020934,2.737520128824477,0.026838432635534086,22.57783145464305,6.246645195920558,,2.314814814814815,
57,17.72007514761138,22.69860440150295,20.571658615136876,4.985238862050457,3.0059044551798175,0.026838432635534086,22.430220075147613,6.246645195920558,,2.314814814814815,
58,15.646806226516372,22.383252818035427,25.691089640365004,5.065754159957058,2.7442297369833604,0.026838432635534086,21.014492753623188,5.481749865807837,,1.9457863660762211,
59,15.754159957058508,21.980676328502415,25.684380032206118,5.072463768115942,2.7442297369833604,0.18115942028985507,20.699141170155663,5.877616747181965,,2.006172839506173,
60,16.243961352657006,21.77938808373591,25.55018786902845,5.065754159957058,2.7442297369833604,0.18115942028985507,20.591787439613526,5.750134192163178,,2.0933977455716586,
61,16.109769189479334,21.980676328502415,24.892646269457863,5.991680085882985,2.462426194310252,0.32877079978529256,20.397208803005906,5.750134192163178,,2.086688137412775,
62,14.459205582393988,15.49248523886205,33.9975845410628,5.535426731078905,2.24771873322598,0.36902844873859364,22.302737520128826,3.616478797638218,,1.9793344068706387,
63,14.492753623188406,15.291196994095545,32.9374664519592,5.508588298443371,2.254428341384863,0.35560923242082665,23.832528180354267,3.435319377348363,,1.892109500805153,
64,14.626945786366075,15.26435856146001,32.830112721417066,5.508588298443371,2.301395598497048,0.35560923242082665,23.517176596886742,3.7573805689747717,,1.8384326355340848,
65,14.74771873322598,15.203972088030058,32.51476113794954,5.381105743424584,2.442297369833602,0.35560923242082665,23.503757380568974,4.025764895330113,,1.8250134192163177,
66,12.822061191626409,22.79253891572732,29.871175523349436,5.360976918947934,2.1403650026838434,0.4227053140096618,22.363123993558776,2.5831991411701556,,1.6438539989264627,
67,12.31213097155126,22.77241009125067,29.656468062265162,8.581588835212024,2.100107353730542,0.4227053140096618,19.766505636070853,2.8381642512077296,,1.5499194847020934,
68,11.158078368223295,24.530327428878152,28.951959205582394,8.521202361782072,2.100107353730542,0.36902844873859364,19.87385936661299,2.945517981749866,,1.5499194847020934,
69,10.540794417606012,30.763553408480945,27.194041867954912,6.568706387546968,1.0131508319914118,0.36902844873859364,19.330381105743424,2.9052603327965647,,1.3150831991411702,
70,10.59447128287708,28.85131508319914,27.17391304347826,6.810252281266774,1.0131508319914118,0.36902844873859364,19.16935050993022,4.703435319377348,,1.3150831991411702,
71,10.829307568438002,28.784219001610307,26.88539989264627,6.8035426731078905,1.0131508319914118,0.47638217928073,18.914385399892645,4.978529253891573,,1.3150831991411702,
72,10.990338164251208,28.569511540526033,26.73107890499195,6.662640901771336,1.3821792807300053,0.46296296296296297,18.793612453032743,5.092592592592593,,1.3150831991411702,
73,11.117820719269995,28.529253891572733,26.570048309178745,6.642512077294686,1.3821792807300053,0.5770263016639828,18.61916264090177,5.092592592592593,,1.4694041867954912,
74,11.600912506709609,28.173644659151904,26.281535158346752,6.427804616210413,1.247987117552335,0.5501878690284487,19.706119162640903,4.542404723564144,,1.4694041867954912,
75,11.641170155662909,28.093129361245303,26.234567901234566,6.615673644659152,1.221148684916801,0.6038647342995169,19.578636607622116,4.542404723564144,,1.4694041867954912,
76,10.802469135802468,24.033816425120772,32.58185721953838,6.615673644659152,1.2546967257112185,0.7246376811594203,18.183038110574344,4.374664519592056,,1.42914653784219,
77,10.876274825550189,24.12775093934514,32.427536231884055,6.608964036500268,1.3486312399355878,0.7246376811594203,18.095813204508858,4.374664519592056,,1.415727321524423,
78,10.963499731615673,23.980139559849704,32.35373054213634,6.608964036500268,1.3486312399355878,0.6910896403650026,17.914653784219002,4.7638217928073,,1.3754696725711217,
79,11.131239935587761,23.946591519055286,32.35373054213634,6.521739130434782,1.3486312399355878,0.6910896403650026,17.8743961352657,4.757112184648417,,1.3754696725711217,
80,9.762479871175524,18.08239398819109,41.1634460547504,6.320450885668277,1.9457863660762211,0.6910896403650026,16.63311862587225,4.166666666666667,,1.2345679012345678,
81,9.957058507783145,17.639559849704778,41.1231884057971,6.286902844873859,1.9457863660762211,0.6910896403650026,16.61969940955448,4.508856682769726,,1.2278582930756843,
82,10.104669887278583,17.52549651100376,40.935319377348364,6.568706387546968,1.9457863660762211,0.6910896403650026,16.35131508319914,4.508856682769726,,1.3687600644122384,
83,10.178475577026301,17.498658078368223,40.183843263553406,6.501610305958132,3.307836822329576,0.5501878690284487,15.546162104133119,4.64975845410628,,1.583467525496511,
84,10.36634460547504,17.49194847020934,40.08990874932904,6.4345142243692965,3.3011272141706924,0.5501878690284487,15.53274288781535,4.64975845410628,,1.583467525496511,
85,10.493827160493828,17.24369296833065,39.79468599033817,7.232957595276436,3.166935050993022,0.6374127750939346,15.083199141170155,4.7638217928073,,1.583467525496511,
86,9.856414385399892,15.827965646806227,39.72758990874933,7.6556629092860975,2.3215244229736984,0.7179280730005367,17.746913580246915,4.7168545356951155,,1.42914653784219,
87,10.151637144390767,15.653515834675256,39.331723027375205,8.293075684380032,2.4020397208803006,0.6709608158883521,17.2638217928073,4.817498658078368,,1.415727321524423,
88,10.312667740203972,15.619967793880837,39.25791733762748,8.272946859903382,2.4020397208803006,0.6709608158883521,17.257112184648417,4.790660225442834,,1.415727321524423,
89,10.587761674718196,15.458937198067632,38.6808910359635,8.246108427267847,2.8784219001610305,0.8252818035426731,17.14975845410628,4.783950617283951,,1.3888888888888888,
90,10.02415458937198,12.352388620504563,38.177670424047236,8.152173913043478,2.8784219001610305,0.7179280730005367,22.10144927536232,4.206924315619967,,1.3888888888888888,
91,10.091250670960816,12.278582930756844,37.97638217928073,8.239398819108963,3.126677402039721,0.7179280730005367,22.04777241009125,4.1532474503489,,1.3687600644122384,
92,10.299248523886206,12.104133118625873,37.68115942028985,8.205850778314547,3.126677402039721,0.785024154589372,21.980676328502415,4.414922168545357,0.040257648953301126,1.3620504562533549,
93,10.621309715512615,11.996779388083736,37.38593666129898,8.165593129361245,3.126677402039721,0.785024154589372,22.0276435856146,4.488727858293076,0.040257648953301126,1.3620504562533549,
94,10.983628556092324,11.976650563607086,36.99677938808374,8.165593129361245,3.126677402039721,0.785024154589372,21.833064949006978,4.4820182501341925,0.040257648953301126,1.6103059581320451,
95,11.064143853998926,11.594202898550725,36.42646269457864,8.340042941492216,3.126677402039721,0.785024154589372,22.725442834138487,4.200214707461084,0.040257648953301126,1.6975308641975309,
96,9.594739667203436,8.682232957595277,44.43102522812668,6.769994632313473,4.012345679012346,0.7313472893183038,20.46430488459474,3.5628019323671496,0.040257648953301126,1.710950080515298,
97,9.863123993558776,8.682232957595277,44.03515834675255,6.769994632313473,4.012345679012346,0.7313472893183038,20.46430488459474,3.69699409554482,0.040257648953301126,1.7042404723564144,
98,10.165056360708535,8.601717659688674,43.72651637144391,6.615673644659152,4.092860976918948,0.9594739667203436,19.665861513687602,3.6500268384326353,0.040257648953301126,2.4825550187869028,
99,10.326086956521738,8.601717659688674,43.47826086956522,6.488191089640365,4.38137412775094,0.9930220075147611,19.276704240472355,3.643317230273752,0.040257648953301126,2.6972624798711755,0.07380568974771873
100,10.292538915727322,8.507783145464305,40.103327965646805,9.306226516371444,4.488727858293076,0.9930220075147611,19.558507783145465,3.643317230273752,0.040257648953301126,2.9924852388620504,0.07380568974771873
101,9.05126140633387,18.189747718733226,37.66774020397209,9.205582393988191,3.9586688137412773,0.9460547504025765,15.881642512077295,2.328234031132582,,2.6972624798711755,0.07380568974771873
102,9.104938271604938,18.00187869028449,37.57380568974772,8.28636607622115,3.280998389694042,0.8454106280193237,17.746913580246915,2.4154589371980677,,2.6704240472356413,0.07380568974771873
103,9.494095544820183,17.612721417069242,37.34567901234568,8.158883521202362,3.280998389694042,0.8454106280193237,17.659688674181428,2.85829307568438,,2.6704240472356413,0.07380568974771873
104,9.822866344605474,17.478529253891573,37.07058507783145,8.09849704777241,3.2541599570585076,0.8387010198604401,17.599302200751477,3.1065485775630703,,2.657004830917874,0.07380568974771873
105,10.151637144390767,17.424852388620504,36.9699409554482,8.038110574342458,3.321256038647343,0.8387010198604401,17.465110037573805,3.0595813204508855,,2.657004830917874,0.07380568974771873
106,10.393183038110575,17.136339237788512,36.22517444981213,8.407139023081053,3.92512077294686,0.8387010198604401,17.317498658078367,3.012614063338701,,2.6704240472356413,0.07380568974771873
107,10.587761674718196,17.12962962962963,35.668276972624795,8.373590982286634,3.92512077294686,0.8319914117015567,17.270531400966185,3.3816425120772946,,2.757648953301127,0.07380568974771873
108,10.668276972624799,16.982018250134193,36.32581857219538,8.433977455716587,4.05931293612453,0.8185721953837896,16.666666666666668,3.2139023081052067,,2.757648953301127,0.07380568974771873
109,10.144927536231885,16.378153515834676,37.0101986044015,8.340042941492216,3.7104133118625873,0.8185721953837896,17.69994632313473,3.1333870101986045,,2.690552871712292,0.07380568974771873
110,10.399892646269459,16.371443907675793,36.963231347289316,8.313204508856682,3.69699409554482,0.8185721953837896,17.458400429414922,3.2139023081052067,,2.690552871712292,0.07380568974771873
111,10.735373054213634,16.27079978529254,36.06414385399893,8.064949006977992,3.69699409554482,0.7917337627482555,17.726784755770264,3.6634460547504024,,2.9119699409554483,0.07380568974771873
112,11.077563070316694,16.183574879227052,34.816156736446594,8.017981749865807,3.911701556629093,0.7917337627482555,17.659688674181428,4.4820182501341925,,2.985775630703167,0.07380568974771873
113,11.386205045625335,16.15673644659152,34.35319377348363,7.950885668276973,3.911701556629093,0.7917337627482555,17.639559849704778,4.4753086419753085,,3.260869565217391,0.07380568974771873
114,10.02415458937198,15.197262479871176,44.16264090177134,7.098765432098766,2.885131508319914,0.6709608158883521,12.29200214707461,4.3545356951154055,,3.240740740740741,0.07380568974771873
115,10.218733225979603,14.969135802469136,43.874127750939344,7.199409554482019,2.885131508319914,0.6709608158883521,12.714707461084272,4.30756843800322,,3.0864197530864197,0.07380568974771873
116,10.520665593129362,14.834943639291465,41.968599033816425,7.39398819108964,4.669887278582931,0.9192163177670424,11.990069779924852,4.30756843800322,,3.321256038647343,0.07380568974771873
117,10.701825013419215,14.794685990338165,41.78073000536769,7.39398819108964,4.616210413311863,0.9192163177670424,11.990069779924852,4.280730005367687,,3.44873859366613,0.07380568974771873
118,10.856146001073537,14.761137949543746,41.6532474503489,7.39398819108964,4.616210413311863,0.9192163177670424,11.855877616747183,4.26731078904992,,3.603059581320451,0.07380568974771873
119,10.876274825550189,14.573268921095009,41.37144390767579,7.360440150295223,4.985238862050457,0.9192163177670424,11.768652710681696,4.17337627482555,,3.898282340311326,0.07380568974771873
120,11.057434245840042,14.573268921095009,41.277509393451425,7.306763285024155,4.958400429414922,0.9192163177670424,11.761943102522812,4.17337627482555,,3.898282340311326,0.07380568974771873
121,11.312399355877616,14.418947933440688,41.196994095544824,7.306763285024155,4.924852388620504,0.9192163177670424,11.668008588298443,4.280730005367687,,3.898282340311326,0.07380568974771873
122,11.533816425120772,14.398819108964037,41.06280193236715,7.306763285024155,4.924852388620504,0.9192163177670424,11.668008588298443,4.26731078904992,,3.844605475040258,0.07380568974771873
123,11.574074074074074,14.392109500805153,41.02254428341385,7.2933440687063875,4.924852388620504,0.9192163177670424,11.60762211486849,4.26731078904992,,3.92512077294686,0.07380568974771873
124,11.75523349436393,14.31159420289855,40.9621578099839,7.266505636070853,4.924852388620504,0.9192163177670424,11.60762211486849,4.26731078904992,,3.911701556629093,0.07380568974771873
125,12.084004294149223,14.31159420289855,40.774288781535155,7.226247987117552,5.12614063338701,0.798443370907139,11.43317230273752,4.260601180891036,,3.911701556629093,0.07380568974771873
126,12.258454106280194,14.304884594739667,40.64680622651637,7.192699946323135,5.12614063338701,0.8454106280193237,11.379495437466453,4.260601180891036,,3.911701556629093,0.07380568974771873
127,12.473161567364466,14.210950080515298,39.861782071927,8.132045088566828,4.730273752012883,0.8454106280193237,11.332528180354267,4.253891572732153,,4.086151368760064,0.07380568974771873
128,12.27187332259796,14.170692431561998,39.680622651637144,9.29951690821256,4.924852388620504,0.49651100375738055,10.554213633923778,4.361245303274289,,4.166666666666667,0.07380568974771873
129,12.432903918411165,14.170692431561998,39.56655931293612,9.27938808373591,4.904723564143854,0.49651100375738055,10.554213633923778,4.3545356951154055,,4.166666666666667,0.07380568974771873
130,12.587224906065487,13.526570048309178,39.48604401502952,9.23913043478261,4.904723564143854,0.5501878690284487,10.420021470746109,5.059044551798175,,4.1532474503489,0.07380568974771873
131,12.882447665056361,13.150831991411701,39.412238325281805,9.205582393988191,4.898013955984971,0.5501878690284487,10.399892646269459,5.287171229200215,,4.139828234031133,0.07380568974771873
132,13.20450885668277,13.09044551798175,39.009661835748794,9.205582393988191,4.891304347826087,0.5501878690284487,10.38647342995169,5.4616210413311865,,4.126409017713366,0.07380568974771873
133,13.385668276972625,12.942834138486312,38.88217928073001,9.514224369296834,4.891304347826087,0.5501878690284487,10.077831454643048,5.58239398819109,,4.0995705850778315,0.07380568974771873
134,13.238056897477188,12.922705314009661,35.74208266237252,9.46725711218465,4.891304347826087,0.5501878690284487,13.83521202361782,5.548845947396672,,3.730542136339238,0.07380568974771873
135,13.24476650563607,12.909286097691895,35.98362855609233,8.856682769726248,5.501878690284487,0.5501878690284487,13.627214170692431,5.548845947396672,,3.7037037037037037,0.07380568974771873
136,13.39237788513151,12.835480407944177,35.70182501341922,8.84326355340848,5.83064949006978,0.5233494363929146,13.506441223832528,5.609232420826624,,3.683574879227053,0.07380568974771873
137,13.056897477187333,12.681159420289855,37.17793880837359,8.722490606548577,5.884326355340848,0.5233494363929146,13.45276435856146,5.038915727321524,,3.388352120236178,0.07380568974771873
138,11.822329575952764,12.412775093934513,43.31723027375201,7.367149758454106,5.501878690284487,0.5233494363929146,10.72866344605475,5.01207729468599,,3.240740740740741,0.07380568974771873
139,11.976650563607086,12.385936661298981,42.74020397208803,7.340311325818572,5.723295759527644,0.4495437466451959,10.554213633923778,5.260332796564681,,3.4957058507783145,0.07380568974771873
140,11.98336017176597,12.372517444981213,41.096349973161566,7.326892109500805,5.723295759527644,0.4495437466451959,10.50053676865271,6.977992485238862,,3.4957058507783145,0.07380568974771873
141,12.124261943102523,12.258454106280194,41.02254428341385,7.360440150295223,5.709876543209877,0.5971551261406334,10.319377348362856,7.0383789586688135,,3.4957058507783145,0.07380568974771873
142,12.218196457326892,12.204777241009126,40.995705850778315,7.360440150295223,5.709876543209877,0.6843800322061192,10.238862050456254,7.018250134192163,,3.4957058507783145,0.07380568974771873
143,12.5,12.02361782071927,40.3918411164788,7.320182501341922,6.132581857219538,0.6843800322061192,10.238862050456254,7.085346215780999,,3.549382716049383,0.07380568974771873
144,12.614063338701019,11.90955448201825,40.11674718196457,9.111647879763822,5.501878690284487,0.5837359098228664,9.722222222222221,6.816961889425658,,3.549382716049383,0.07380568974771873
145,12.882447665056361,11.681427804616211,40.05636070853462,8.984165324745035,5.783682232957595,0.5837359098228664,9.655126140633387,6.655931293612453,,3.643317230273752,0.07380568974771873
146,12.983091787439614,11.574074074074074,39.761137949543745,8.984165324745035,5.750134192163178,0.5770263016639828,9.655126140633387,7.024959742351046,,3.616478797638218,0.07380568974771873
147,13.036768652710682,11.574074074074074,39.2512077294686,8.970746108427267,5.709876543209877,0.5770263016639828,9.634997316156737,7.306763285024155,,3.864734299516908,0.07380568974771873
148,12.915995705850777,11.117820719269995,39.15727321524423,8.930488459473967,6.5485775630703165,0.5770263016639828,9.614868491680086,7.273215244229737,,3.864734299516908,
149,12.754965110037574,11.023886205045626,38.821792807300056,9.084809447128288,6.481481481481482,0.5770263016639828,10.198604401502953,7.152442297369833,,3.9049919484702094,
150,12.983091787439614,10.889694041867955,38.45276435856146,8.789586688137414,6.749865807836822,0.5770263016639828,10.292538915727322,7.25979602791197,,4.005636070853462,
151,13.077026301663983,10.849436392914654,38.18438003220612,8.856682769726248,6.756575415995706,0.5770263016639828,10.292538915727322,7.5348899624261945,,3.8714439076757916,
152,13.083735909822867,10.695115405260333,37.6207729468599,8.856682769726248,7.313472893183038,0.5770263016639828,10.319377348362856,7.749597423510467,,3.784219001610306,
153,13.479602791196994,10.674986580783683,37.40606548577563,8.789586688137414,7.313472893183038,0.5770263016639828,10.279119699409554,7.695920558239399,,3.784219001610306,
154,13.674181427804616,10.607890499194847,37.144390767579175,8.709071390230811,7.300053676865271,0.5770263016639828,10.272410091250672,7.98443370907139,,3.730542136339238,
155,13.030059044551798,10.225442834138486,34.20558239398819,8.521202361782072,6.1929683306494905,0.5770263016639828,13.157541599570585,7.716049382716049,,6.374127750939345,
156,13.278314546430488,10.218733225979603,34.17874396135266,8.487654320987655,6.1929683306494905,0.5770263016639828,13.103864734299517,7.601986044015029,,6.360708534621578,
157,13.506441223832528,10.178475577026301,33.964036500268385,8.487654320987655,6.1929683306494905,0.5770263016639828,13.103864734299517,7.454374664519592,,6.535158346752549,
158,12.99651100375738,9.782608695652174,32.991143317230275,8.293075684380032,6.696188942565755,0.5770263016639828,13.560118089103597,8.487654320987655,,6.615673644659152,
159,12.909286097691895,9.494095544820183,31.89747718733226,9.46725711218465,6.870638754696726,0.5770263016639828,13.533279656468062,8.648684916800859,,6.602254428341385,
160,12.909286097691895,9.265968867418144,31.166129898013956,9.574610842726784,7.253086419753086,0.5770263016639828,14.298174986580785,8.239398819108963,,6.716317767042405,
161,13.318572195383789,9.158615136876007,31.03864734299517,9.50751476113795,7.253086419753086,0.5770263016639828,14.224369296833064,8.266237251744498,,6.655931293612453,
162,13.533279656468062,9.057971014492754,30.9849704777241,9.312936124530328,7.521470746108427,0.6977992485238862,14.163982823403114,8.239398819108963,,6.488191089640365,
163,13.231347289318304,8.970746108427267,32.360440150295226,9.131776704240472,7.320182501341922,0.6977992485238862,13.546698872785829,8.232689210950081,,6.508319914117015,
164,13.285024154589372,8.970746108427267,31.964573268921097,9.044551798174986,7.474503488996243,0.6977992485238862,13.493022007514762,8.581588835212024,,6.488191089640365,
165,13.446054750402576,8.3467525496511,31.850509930220074,9.091519055287172,7.669082125603865,0.6977992485238862,13.358829844337091,9.098228663446054,,6.4412238325281805,
166,13.553408480944713,8.313204508856682,31.82367149758454,9.091519055287172,7.669082125603865,0.6977992485238862,13.311862587224907,9.098228663446054,,6.4412238325281805,
167,13.848631239935587,8.179012345679013,31.64922168545357,8.427267847557703,7.6556629092860975,0.6977992485238862,13.251476113794954,8.997584541062801,,7.2933440687063875,
168,14.06333870101986,8.125335480407944,31.588835212023618,8.407139023081053,7.581857219538379,0.6977992485238862,13.291733762748256,8.890230810520666,,7.353730542136339,
169,14.13714439076758,8.09849704777241,31.99812130971551,8.55475040257649,8.3467525496511,0.6977992485238862,12.439613526570048,8.863392377885132,,6.863929146537842,
170,14.251207729468598,8.09849704777241,31.910896403650028,8.527911969940956,8.3467525496511,0.6977992485238862,12.439613526570048,8.863392377885132,,6.863929146537842,
171,14.727589908749328,8.085077831454644,31.790123456790123,8.454106280193237,8.132045088566828,0.6709608158883521,12.359098228663447,8.917069243156199,,6.863929146537842,
172,14.80810520665593,8.085077831454644,31.743156199677937,8.454106280193237,8.132045088566828,0.6709608158883521,12.359098228663447,8.883521202361782,,6.863929146537842,
173,14.962426194310252,7.897208803005904,31.374127750939344,8.756038647342995,8.125335480407944,0.6709608158883521,12.050456253354804,8.99087493290392,,7.1725711218464845,
174,15.076489533011273,7.877079978529254,30.756843800322063,8.756038647342995,9.232420826623725,0.6709608158883521,11.580783682232958,8.93719806763285,,7.112184648416532,
175,15.271068169618895,7.682501341921632,30.54884594739667,8.903650026838433,9.158615136876007,0.6508319914117016,11.506977992485238,9.225711218464841,,7.051798174986581,
176,15.646806226516372,7.669082125603865,30.193236714975846,8.876811594202898,9.252549651100376,0.6374127750939346,11.446591519055287,9.312936124530328,,6.964573268921095,
177,15.774288781535159,7.615405260332796,29.8040794417606,8.82313472893183,9.252549651100376,0.6374127750939346,11.272141706924316,9.856414385399892,,6.964573268921095,
178,16.089640365002683,7.575147611379496,29.636339237788512,8.776167471819646,9.326355340848094,0.6374127750939346,11.265432098765432,9.77589908749329,,6.91760601180891,
179,16.14331723027375,7.575147611379496,29.60950080515298,8.776167471819646,9.326355340848094,0.6374127750939346,11.265432098765432,9.762479871175524,,6.904186795491143,
180,16.364734299516908,7.575147611379496,28.992216854535695,9.272678475577026,8.997584541062801,0.6374127750939346,11.292270531400966,10.030864197530864,,6.837090713902308,
181,16.59286097691895,7.555018786902845,28.77750939345142,9.272678475577026,9.205582393988191,0.6374127750939346,11.2788513150832,9.950348899624261,,6.729736983360172,
182,16.854535695115406,7.467793880837359,28.327965646806227,9.25925925925926,9.205582393988191,0.6374127750939346,11.231884057971014,9.896672034353195,,7.118894256575416,
183,16.935050993022006,7.467793880837359,28.093129361245303,9.339774557165862,9.373322597960279,0.6374127750939346,11.11111111111111,10.02415458937198,,7.018250134192163,
184,16.961889425657542,7.4141170155662905,28.032742887815353,9.339774557165862,8.735909822866345,0.6374127750939346,11.916264090177133,9.943639291465379,,7.018250134192163,
185,17.16988727858293,7.340311325818572,27.891841116478798,9.326355340848094,8.729200214707461,0.6374127750939346,11.869296833064949,10.037573805689748,,6.998121309715513,
186,17.28395061728395,7.152442297369833,27.3215244229737,9.31964573268921,8.501073537305421,0.7313472893183038,12.345679012345679,10.36634460547504,,6.977992485238862,
187,17.183306494900698,7.14573268921095,26.630434782608695,10.050993022007514,8.474235104669887,0.7313472893183038,12.345679012345679,10.641438539989265,,6.796833064949007,
188,17.54562533548041,7.112184648416532,26.623725174449813,10.02415458937198,8.313204508856682,0.7313472893183038,12.164519592055823,10.446859903381643,,7.0383789586688135,
189,17.753623188405797,6.951154052603328,26.536500268384327,10.010735373054214,8.313204508856682,0.7313472893183038,12.144390767579173,10.567632850241546,,6.991411701556629,
190,17.599302200751477,6.508319914117015,26.227858293075684,11.084272678475577,8.024691358024691,0.7313472893183038,12.13768115942029,10.695115405260333,,6.991411701556629,
191,17.70665593129361,6.468062265163715,25.979602791196996,11.05072463768116,8.024691358024691,0.7313472893183038,12.27187332259796,10.809178743961352,,6.957863660762212,
192,17.559044551798173,5.958132045088567,25.811862587224905,10.997047772410092,9.326355340848094,0.798443370907139,12.27187332259796,10.44015029522276,,6.837090713902308,
193,17.364465915190554,5.844068706387547,26.120504562533547,10.923242082662373,8.695652173913043,0.785024154589372,12.164519592055823,11.218464841653248,,6.884057971014493,
194,17.404723564143854,5.844068706387547,26.120504562533547,10.923242082662373,8.668813741277509,0.785024154589372,12.151100375738057,11.218464841653248,,6.884057971014493,
195,17.49194847020934,5.8172302737520125,25.81857219538379,11.453301127214171,8.601717659688674,0.7783145464304885,12.104133118625873,11.077563070316694,,6.857219538378959,
196,17.55233494363929,5.8172302737520125,25.758185721953836,11.419753086419753,8.709071390230811,0.7380568974771873,11.768652710681696,11.05072463768116,,7.185990338164252,
197,17.673107890499196,5.8172302737520125,25.369028448738593,11.406333870101985,8.943907675791733,0.8454106280193237,11.486849168008588,11.439881910896403,,7.018250134192163,
198,17.820719269994633,5.776972624798712,25.335480407944175,11.453301127214171,8.903650026838433,0.8454106280193237,11.480139559849706,11.480139559849706,,6.904186795491143,
199,17.8743961352657,5.776972624798712,25.120772946859905,11.379495437466453,8.950617283950617,0.8454106280193237,11.480139559849706,11.460010735373054,,7.112184648416532,
200,18.095813204508858,5.776972624798712,24.879227053140095,11.312399355877616,8.917069243156199,0.8454106280193237,11.460010735373054,11.647879763821793,,7.065217391304348,
201,18.223295759527645,5.60252281266774,24.664519592055825,11.285560923242082,8.876811594202898,1.1808910359634996,11.453301127214171,11.66129898013956,,7.051798174986581,
202,18.290391841116477,5.5689747718733225,24.65780998389694,11.238593666129898,8.970746108427267,1.1674718196457328,11.406333870101985,11.647879763821793,,7.051798174986581,
203,18.337359098228664,5.562265163714439,24.58400429414922,11.144659151905529,8.943907675791733,1.1674718196457328,11.580783682232958,11.627750939345143,,7.051798174986581,
204,18.45813204508857,5.562265163714439,24.315619967793882,11.144659151905529,8.890230810520666,1.1674718196457328,11.580783682232958,11.876006441223833,,7.004830917874396,
205,18.632581857219538,5.555555555555555,24.261943102522814,11.137949543746645,8.829844337090714,1.1674718196457328,11.574074074074074,11.876006441223833,,6.964573268921095,
206,18.686258722490606,5.522007514761138,24.22168545356951,11.09098228663446,8.715780998389693,1.1674718196457328,11.574074074074074,11.943102522812667,,7.078636607622115,
207,18.92109500805153,5.522007514761138,23.97342995169082,10.990338164251208,8.675523349436393,1.1674718196457328,11.56736446591519,12.104133118625873,,7.078636607622115,
208,18.86070853462158,5.501878690284487,24.329039184111647,10.916532474503489,8.796296296296296,1.0601180891035964,11.379495437466453,12.097423510466989,,7.058507783145465,
209,18.773483628556093,5.307300053676865,24.134460547504027,10.768921095008052,8.185721953837897,1.0601180891035964,12.506709608158884,12.298711755233494,,6.964573268921095,
210,19.11567364465915,5.280461621041331,23.872785829307567,10.768921095008052,8.064949006977992,1.1876006441223832,12.29200214707461,12.493290391841116,,6.9243156199677935,
211,19.14922168545357,5.233494363929147,23.792270531400966,10.997047772410092,8.017981749865807,1.1876006441223832,12.27187332259796,12.439613526570048,,6.910896403650026,
212,19.33709071390231,5.193236714975845,23.718464841653248,10.970209339774557,8.085077831454644,1.1876006441223832,12.224906065485776,12.412775093934513,,6.870638754696726,
213,19.504830917874397,5.193236714975845,23.67149758454106,10.923242082662373,8.064949006977992,1.1540526033279657,12.13768115942029,12.5,,6.850509930220075,
214,19.726247987117553,5.193236714975845,23.503757380568974,10.695115405260333,8.165593129361245,1.1473429951690821,12.070585077831455,12.493290391841116,,7.004830917874396,
215,19.89398819108964,5.166398282340311,23.463499731615673,10.560923242082662,8.13875469672571,1.1473429951690821,12.224906065485776,12.419484702093397,,6.984702093397746,
216,20.001341921631777,5.119431025228127,23.429951690821255,10.856146001073537,8.051529790660226,1.1473429951690821,12.198067632850242,12.224906065485776,,6.971282877079979,
217,20.229468599033815,5.119431025228127,23.315888352120236,10.856146001073537,8.051529790660226,1.1473429951690821,12.184648416532475,12.238325281803542,,6.857219538378959,
218,20.471014492753625,5.119431025228127,23.242082662372518,10.520665593129362,8.011272141706923,1.133923778851315,12.567096081588835,12.077294685990339,,6.857219538378959,
219,20.645464304884594,5.119431025228127,22.973698336017176,10.46027911969941,7.977724100912507,1.133923778851315,12.647611379495437,12.224906065485776,,6.816961889425658,
220,20.8064949006978,5.045625335480408,22.69189479334407,10.446859903381643,7.924047235641439,1.133923778851315,12.533548040794418,12.620772946859903,,6.796833064949007,
221,20.94068706387547,5.045625335480408,22.50402576489533,10.44015029522276,7.924047235641439,1.133923778851315,12.453032742887816,12.822061191626409,,6.736446591519055,
222,20.833333333333332,5.045625335480408,22.356414385399894,10.292538915727322,7.883789586688137,1.133923778851315,12.701288244766506,13.050187869028449,,6.702898550724638,
223,21.135265700483092,5.032206119162641,22.014224369296834,10.413311862587225,7.863660762211487,1.133923778851315,12.620772946859903,13.09044551798175,,6.696188942565755,
224,21.35668276972625,5.018786902844874,21.947128287707997,10.399892646269459,7.830112721417069,1.133923778851315,12.614063338701019,13.056897477187333,,6.642512077294686,
225,21.68545356951154,5.018786902844874,21.611647879763822,10.319377348362856,7.971014492753623,1.133923778851315,12.573805689747719,13.050187869028449,,6.635802469135802,
226,21.83977455716586,5.018786902844874,21.571390230810522,10.393183038110575,7.971014492753623,1.133923778851315,12.47987117552335,12.95625335480408,,6.635802469135802,
227,22.054482018250134,5.018786902844874,21.450617283950617,10.38647342995169,7.957595276435856,1.133923778851315,12.446323134728932,12.929414922168545,,6.622383252818035,
228,22.27589908749329,4.99194847020934,21.24261943102523,10.292538915727322,8.091787439613526,1.133923778851315,12.5,12.895866881374127,,6.575415995705851,
