,45,50,52,51,54,55,53,56,57
0,99.47665056360708,0.5233494363929146,,,,,,,
1,96.95383789586688,2.7106816961889426,0.33548040794417605,,,,,,
2,96.95383789586688,2.7106816961889426,0.33548040794417605,,,,,,
3,94.61218464841653,5.052334943639291,0.33548040794417605,,,,,,
4,94.18947933440687,5.475040257648954,0.33548040794417605,,,,,,
5,78.74396135265701,20.92055823939882,0.33548040794417605,,,,,,
6,78.82447665056361,20.840042941492218,0.33548040794417605,,,,,,
7,78.10654857756307,20.42404723564144,0.33548040794417605,1.133923778851315,,,,,
8,78.11996779388083,20.41062801932367,0.33548040794417605,1.133923778851315,,,,,
9,78.1736446591519,20.356951154052602,0.33548040794417605,1.133923778851315,,,,,
10,71.24932903918412,26.670692431561996,0.33548040794417605,1.0332796564680622,0.7112184648416533,,,,
11,68.4447128287708,29.47530864197531,0.33548040794417605,1.0332796564680622,0.7112184648416533,,,,
12,68.5252281266774,29.394793344068706,0.33548040794417605,1.0332796564680622,0.7112184648416533,,,,
13,68.59903381642512,29.320987654320987,0.33548040794417605,1.0332796564680622,0.7112184648416533,,,,
14,68.47155126140633,29.448470209339774,0.33548040794417605,1.0332796564680622,0.7112184648416533,,,,
15,68.47155126140633,29.448470209339774,0.33548040794417605,1.0332796564680622,0.7112184648416533,,,,
16,63.486312399355874,34.43370907139023,0.33548040794417605,1.0332796564680622,0.7112184648416533,,,,
17,62.526838432635536,35.39318303811057,0.33548040794417605,1.0332796564680622,0.7112184648416533,,,,
18,62.5805152979066,35.339506172839506,0.33548040794417605,1.0332796564680622,0.7112184648416533,,,,
19,62.6610305958132,35.258990874932906,0.33548040794417605,1.0332796564680622,0.7112184648416533,,,,
20,62.76167471819646,35.18518518518518,0.33548040794417605,1.0064412238325282,0.7112184648416533,,,,
21,62.88244766505636,35.08454106280193,0.33548040794417605,0.9863123993558777,0.7112184648416533,,,,
22,63.117283950617285,34.84970477724101,0.33548040794417605,0.9863123993558777,0.7112184648416533,,,,
23,63.33870101986044,34.628287707997856,0.33548040794417605,0.9863123993558777,0.7112184648416533,,,,
24,59.997316156736446,35.46027911969941,0.33548040794417605,3.4957058507783145,0.7112184648416533,,,,
25,59.997316156736446,35.46027911969941,0.33548040794417605,3.4957058507783145,0.7112184648416533,,,,
26,56.32716049382716,39.130434782608695,0.33548040794417605,3.4957058507783145,0.7112184648416533,,,,
27,55.62265163714439,39.88191089640365,0.33548040794417605,3.4957058507783145,0.6642512077294686,,,,
28,53.6231884057971,42.32420826623725,0.020128824476650563,3.3682232957595275,0.6642512077294686,,,,
29,53.556092324208265,42.21685453569511,0.020128824476650563,3.3682232957595275,0.6642512077294686,0.17444981213097155,,,
30,53.58964036500269,42.1833064949007,0.020128824476650563,3.3682232957595275,0.6642512077294686,0.17444981213097155,,,
31,53.858024691358025,42.13633923778851,0.020128824476650563,3.1535158346752548,0.6575415995705851,0.17444981213097155,,,
32,53.94524959742351,42.049114331723025,0.020128824476650563,3.1535158346752548,0.6575415995705851,0.17444981213097155,,,
33,52.03972088030059,43.954643048845945,0.020128824476650563,3.1535158346752548,0.6575415995705851,0.17444981213097155,,,
34,52.12023617820719,43.874127750939344,0.020128824476650563,3.1535158346752548,0.6575415995705851,0.17444981213097155,,,
35,51.469404186795494,42.673107890499196,1.8719806763285025,3.1535158346752548,0.6575415995705851,0.17444981213097155,,,
36,51.60359634997316,42.53891572732152,1.8719806763285025,3.1535158346752548,0.6575415995705851,0.17444981213097155,,,
37,52.15378421900161,41.988727858293075,1.8719806763285025,3.1535158346752548,0.6575415995705851,0.17444981213097155,,,
38,52.200751476113794,41.94176060118089,1.8719806763285025,3.1535158346752548,0.6575415995705851,0.17444981213097155,,,
39,52.06655931293612,42.07595276435856,1.8719806763285025,3.1535158346752548,0.6575415995705851,0.17444981213097155,,,
40,52.00617283950617,41.2842190016103,1.8719806763285025,3.1535158346752548,0.6575415995705851,0.17444981213097155,0.8521202361782072,,
41,52.14707461084273,41.1634460547504,1.8719806763285025,3.1535158346752548,0.6374127750939346,0.17444981213097155,0.8521202361782072,,
42,52.12694578636608,41.015834675254965,1.8719806763285025,3.1199677938808374,0.8387010198604401,0.17444981213097155,0.8521202361782072,,
43,47.30273752012882,45.840042941492214,1.8719806763285025,3.1199677938808374,0.8387010198604401,0.17444981213097155,0.8521202361782072,,
44,47.32957595276436,45.813204508856685,1.8719806763285025,3.1199677938808374,0.8387010198604401,0.17444981213097155,0.8521202361782072,,
45,36.37278582930757,56.76999463231347,1.8719806763285025,3.1199677938808374,0.8387010198604401,0.17444981213097155,0.8521202361782072,,
46,36.594202898550726,56.54857756307032,1.8719806763285025,3.1199677938808374,0.8387010198604401,0.17444981213097155,0.8521202361782072,,
47,36.12453032742888,55.79039184111648,1.8451422436929683,4.388083735909823,0.8387010198604401,0.17444981213097155,0.8387010198604401,,
48,34.88996242619431,57.024959742351044,1.8451422436929683,4.388083735909823,0.8387010198604401,0.17444981213097155,0.8387010198604401,,
49,35.12479871175523,56.87734836285561,1.8317230273752012,4.314278046162104,0.8387010198604401,0.17444981213097155,0.8387010198604401,,
50,35.07112184648417,54.83762748255502,1.8317230273752012,4.280730005367687,2.965646806226516,0.17444981213097155,0.8387010198604401,,
51,35.23215244229737,54.750402576489535,1.8317230273752012,4.280730005367687,2.8918411164787976,0.17444981213097155,0.8387010198604401,,
52,35.265700483091784,54.71685453569511,1.8317230273752012,4.280730005367687,2.8918411164787976,0.17444981213097155,0.8387010198604401,,
53,35.31266774020397,52.37520128824477,4.1532474503489,4.280730005367687,2.8650026838432634,0.17444981213097155,0.8387010198604401,,
54,35.11808910359635,51.15405260332797,5.5689747718733225,4.280730005367687,2.8650026838432634,0.17444981213097155,0.8387010198604401,,
55,35.20531400966183,51.10708534621578,5.528717122920021,4.280730005367687,2.8650026838432634,0.17444981213097155,0.8387010198604401,,
56,35.238862050456255,51.07353730542136,5.528717122920021,4.280730005367687,2.8650026838432634,0.17444981213097155,0.8387010198604401,,
57,35.339506172839506,50.97289318303811,5.528717122920021,3.9989264626945786,2.8650026838432634,0.4562533548040794,0.8387010198604401,,
58,35.71524422973698,50.6105743424584,5.528717122920021,3.9989264626945786,2.8650026838432634,0.4428341384863124,0.8387010198604401,,
59,33.7157809983897,45.09527643585615,6.6760601180891035,5.515297906602254,5.152979066022544,0.4428341384863124,3.4017713365539453,,
60,32.367149758454104,46.30971551261406,6.662640901771336,5.441492216854535,5.119431025228127,0.6977992485238862,3.4017713365539453,,
61,29.441760601180892,50.50322061191626,4.985238862050457,6.575415995705851,4.602791196994096,0.5367686527106817,3.3548040794417604,,
62,29.508856682769725,50.44283413848631,4.985238862050457,6.575415995705851,4.602791196994096,0.5367686527106817,3.3480944712828773,,
63,28.650026838432634,48.92646269457864,4.830917874396135,8.024691358024691,5.340848094471283,0.5367686527106817,3.6902844873859366,,
64,28.797638217928075,48.7788513150832,4.830917874396135,8.024691358024691,5.340848094471283,0.5367686527106817,3.6902844873859366,,
65,28.858024691358025,48.752012882447666,4.797369833601718,8.024691358024691,5.340848094471283,0.5367686527106817,3.6902844873859366,,
66,28.945249597423512,48.671497584541065,4.797369833601718,8.017981749865807,5.340848094471283,0.5367686527106817,3.6902844873859366,,
67,29.045893719806763,48.59769189479334,4.797369833601718,8.004562533548041,5.3274288781535155,0.5367686527106817,3.6902844873859366,,
68,28.81105743424584,47.497316156736446,4.797369833601718,7.863660762211487,5.300590445517981,0.5367686527106817,5.193236714975845,,
69,28.992216854535695,47.08132045088567,4.783950617283951,7.856951154052603,5.293880837359098,0.5367686527106817,5.4549114331723025,,
70,26.959205582393988,43.505099302200755,4.783950617283951,15.519323671497585,5.213365539452496,0.4227053140096618,3.5963499731615673,,
71,26.986044015029524,42.51207729468599,4.783950617283951,15.485775630703166,5.166398282340311,0.4227053140096618,4.643048845947397,,
72,27.066559312936125,42.43156199677939,4.783950617283951,15.485775630703166,5.166398282340311,0.4227053140096618,4.643048845947397,,
73,27.120236178207193,42.39801395598497,4.783950617283951,15.485775630703166,5.166398282340311,0.4227053140096618,4.622920021470746,,
74,27.194041867954912,42.39801395598497,4.783950617283951,15.458937198067632,5.119431025228127,0.4227053140096618,4.622920021470746,,
75,27.066559312936125,42.52549651100376,4.783950617283951,15.190552871712292,5.119431025228127,0.6910896403650026,4.622920021470746,,
76,27.24771873322598,42.37788513150832,4.783950617283951,15.157004830917874,5.119431025228127,0.6910896403650026,4.622920021470746,,
77,27.2812667740204,42.36446591519055,4.783950617283951,15.136876006441224,5.119431025228127,0.6910896403650026,4.622920021470746,,
78,27.509393451422437,42.330917874396135,4.64975845410628,15.069779924852389,5.119431025228127,0.6105743424584005,4.575952764358561,0.13419216317767044,
79,27.596618357487923,42.169887278582934,4.64975845410628,15.022812667740205,5.24020397208803,0.6105743424584005,4.575952764358561,0.13419216317767044,
80,27.67042404723564,42.1430488459474,4.64975845410628,14.99597423510467,5.24020397208803,0.6105743424584005,4.555823939881911,0.13419216317767044,
81,27.891841116478798,42.089371980676326,4.622920021470746,14.861782071927,5.24020397208803,0.6105743424584005,4.549114331723027,0.13419216317767044,
82,28.18035426731079,42.04240472356415,4.508856682769726,14.734299516908212,5.24020397208803,0.6105743424584005,4.549114331723027,0.13419216317767044,
83,27.911969940955448,40.94202898550725,7.776435856146001,13.150831991411701,5.24020397208803,0.6105743424584005,4.233762748255502,0.13419216317767044,
84,28.046162104133117,40.19055287171229,7.2933440687063875,14.264626945786366,5.226784755770263,0.6105743424584005,4.233762748255502,0.13419216317767044,
85,26.46940418679549,41.10305958132045,7.2933440687063875,14.928878153515834,5.226784755770263,0.6105743424584005,4.233762748255502,0.13419216317767044,
86,15.304616210413311,68.2836822329576,4.012345679012346,7.353730542136339,2.8381642512077296,0.4227053140096618,1.7847557702630166,,
87,15.499194847020934,68.16290928609769,3.9855072463768115,7.326892109500805,2.8247450348899625,0.4227053140096618,1.778046162104133,,
88,15.640096618357488,68.02200751476114,3.9855072463768115,7.326892109500805,2.8247450348899625,0.4227053140096618,1.778046162104133,,
89,15.68035426731079,67.54562533548041,3.9855072463768115,7.326892109500805,2.8247450348899625,0.8588298443370908,1.778046162104133,,
90,15.814546430488459,67.41143317230274,3.9855072463768115,7.326892109500805,2.8247450348899625,0.8588298443370908,1.778046162104133,,
91,15.995705850778315,66.83440687063876,3.9855072463768115,7.326892109500805,3.2340311325818574,0.9460547504025765,1.6774020397208802,,
92,16.029253891572733,66.45866881374128,3.9855072463768115,7.306763285024155,3.2340311325818574,1.3083735909822867,1.6774020397208802,,
93,14.083467525496511,69.7866344605475,3.9855072463768115,5.924584004294149,3.2340311325818574,1.3083735909822867,1.6774020397208802,,
94,14.204240472356414,69.68599033816425,3.965378421900161,5.924584004294149,3.2340311325818574,1.3083735909822867,1.6774020397208802,,
95,14.298174986580785,69.61889425657542,3.938539989264627,5.924584004294149,3.2340311325818574,1.3083735909822867,1.6774020397208802,,
96,14.660493827160494,68.84057971014492,3.938539989264627,5.924584004294149,3.2340311325818574,1.7310789049919484,1.6706924315619969,,
97,14.65378421900161,68.71309715512614,3.938539989264627,6.0587761674718195,3.2340311325818574,1.7310789049919484,1.6706924315619969,,
98,14.65378421900161,68.4447128287708,3.911701556629093,6.0587761674718195,3.2340311325818574,2.0263016639828235,1.6706924315619969,,
99,14.42565754159957,66.6935050993022,5.891035963499732,6.0587761674718195,3.2340311325818574,2.0263016639828235,1.6706924315619969,,
100,13.311862587224907,68.25684380032206,5.891035963499732,5.756843800322061,3.515834675254965,2.0128824476650564,1.2546967257112185,,
101,13.425925925925926,68.15619967793882,5.877616747181965,5.756843800322061,3.515834675254965,2.0128824476650564,1.2546967257112185,,
102,13.862050456253355,67.7536231884058,5.877616747181965,5.736714975845411,3.515834675254965,1.9994632313472893,1.2546967257112185,,
103,14.304884594739667,66.94847020933977,6.011808910359635,5.656199677938808,3.515834675254965,2.3081052066559313,1.2546967257112185,,
104,14.492753623188406,66.56602254428341,6.011808910359635,5.656199677938808,3.488996242619431,2.5295222758990876,1.2546967257112185,,
105,14.606816961889425,66.27750939345142,6.011808910359635,5.656199677938808,3.488996242619431,2.703972088030059,1.2546967257112185,,
106,14.096886741814279,64.573268921095,5.998389694041868,5.307300053676865,3.475577026301664,2.965646806226516,3.5829307568438002,,
107,13.882179280730005,62.74154589371981,5.998389694041868,7.37385936661299,3.475577026301664,2.965646806226516,3.5628019323671496,,
108,13.942565754159958,61.822329575952764,5.998389694041868,7.340311325818572,3.475577026301664,3.992216854535695,3.4286097691894795,,
109,14.204240472356414,60.81588835212023,5.978260869565218,7.253086419753086,4.790660225442834,3.7909286097691894,3.166935050993022,,
110,14.304884594739667,60.44015029522276,5.978260869565218,7.239667203435319,4.790660225442834,4.079441760601181,3.166935050993022,,
111,14.318303811057435,60.44015029522276,5.964841653247451,7.239667203435319,4.790660225442834,4.079441760601181,3.166935050993022,,
112,14.418947933440688,60.339506172839506,5.964841653247451,7.239667203435319,4.790660225442834,4.079441760601181,3.166935050993022,,
113,14.687332259796028,60.28582930756844,5.756843800322061,7.320182501341922,4.7638217928073,4.05931293612453,3.126677402039721,,
114,14.673913043478262,57.54159957058508,8.608427267847558,7.300053676865271,4.8443370907139025,4.05931293612453,2.9723564143853998,,
115,15.096618357487923,57.13231347289318,8.59500805152979,7.253086419753086,4.8443370907139025,4.17337627482555,2.9052603327965647,,
116,14.848362855609233,53.556092324208265,13.747987117552334,7.253086419753086,4.8443370907139025,2.844873859366613,2.9052603327965647,,
117,15.009393451422437,53.5024154589372,13.667471819645733,7.253086419753086,4.8443370907139025,2.818035426731079,2.9052603327965647,,
118,15.425389157273216,51.301663982823406,13.667471819645733,9.131776704240472,4.8443370907139025,2.7241009125067097,2.9052603327965647,,
119,15.5126140633387,51.23456790123457,13.667471819645733,9.131776704240472,4.8443370907139025,2.703972088030059,2.9052603327965647,,
120,15.613258185721953,51.16076221148685,13.6406333870102,9.131776704240472,4.8443370907139025,2.703972088030059,2.9052603327965647,,
121,15.83467525496511,51.039989264626946,13.546698872785829,9.131776704240472,4.8376274825550185,2.703972088030059,2.9052603327965647,,
122,16.035963499731615,50.54347826086956,11.56736446591519,11.406333870101985,4.8376274825550185,2.703972088030059,2.9052603327965647,,
123,16.150026838432634,50.44283413848631,11.553945249597424,11.406333870101985,4.8376274825550185,2.703972088030059,2.9052603327965647,,
124,16.0426731078905,48.97342995169082,11.399624261943103,11.366076221148685,7.836822329575953,2.6972624798711755,1.6841116478797638,,
125,16.190284487385938,48.86607622114869,11.399624261943103,11.325818572195384,7.836822329575953,2.6972624798711755,1.6841116478797638,,
126,16.15673644659152,48.72517444981213,11.399624261943103,11.325818572195384,8.011272141706923,2.6972624798711755,1.6841116478797638,,
127,16.210413311862588,48.718464841653244,11.372785829307569,11.305689747718732,8.011272141706923,2.6972624798711755,1.6841116478797638,,
128,16.861245303274288,47.99382716049383,11.325818572195384,11.305689747718732,8.011272141706923,2.6972624798711755,1.6841116478797638,0.12077294685990338,
129,16.99543746645196,47.27589908749329,11.325818572195384,11.292270531400966,7.360440150295223,2.576489533011272,3.052871712292002,0.12077294685990338,
130,16.80756843800322,47.148416532474506,11.325818572195384,11.292270531400966,7.246376811594203,2.576489533011272,3.3682232957595275,0.23483628556092323,
131,15.848094471282877,46.12855609232421,10.735373054213634,14.210950080515298,7.219538378958669,2.5697799248523885,3.052871712292002,0.23483628556092323,
132,16.163446054750402,45.94739667203435,10.681696188942565,14.15727321524423,7.219538378958669,2.5697799248523885,3.052871712292002,0.20799785292538917,
133,16.33118625872249,45.873590982286636,10.63472893183038,14.110305958132045,7.219538378958669,2.5697799248523885,3.052871712292002,0.20799785292538917,
134,16.264090177133657,43.33064949006978,10.63472893183038,14.110305958132045,7.185990338164252,5.213365539452496,3.052871712292002,0.20799785292538917,
135,16.364734299516908,43.05555555555556,10.63472893183038,14.110305958132045,7.185990338164252,5.387815351583468,3.052871712292002,0.20799785292538917,
136,16.404991948470208,43.04884594739667,10.292538915727322,14.110305958132045,7.1658615136876005,5.387815351583468,3.052871712292002,0.20799785292538917,0.32877079978529256
137,16.458668813741276,42.58588298443371,10.00402576489533,14.083467525496511,7.139023081052066,5.314009661835748,3.878153515834675,0.20799785292538917,0.32877079978529256
138,16.5727321524423,41.93505099302201,9.681964573268921,14.029790660225443,6.863929146537842,6.561996779388084,3.8177670424047236,0.20799785292538917,0.32877079978529256
139,16.680085882984432,41.87466451959206,9.681964573268921,13.989533011272142,6.863929146537842,6.561996779388084,3.81105743424584,0.20799785292538917,0.32877079978529256
140,16.639828234031132,41.706924315619965,9.66183574879227,13.94927536231884,6.837090713902308,6.561996779388084,4.106280193236715,0.20799785292538917,0.32877079978529256
141,16.324476650563607,41.659957058507786,9.66183574879227,13.311862587224907,6.837090713902308,6.790123456790123,4.884594739667204,0.20128824476650564,0.32877079978529256
142,16.27079978529254,39.92216854535695,9.634997316156737,12.828770799785293,8.930488459473967,6.998121309715513,4.884594739667204,0.20128824476650564,0.32877079978529256
143,15.573000536768653,40.633387010198604,9.634997316156737,12.828770799785293,8.930488459473967,6.998121309715513,4.884594739667204,0.20128824476650564,0.3153515834675255
144,15.673644659151906,40.60654857756307,9.373322597960279,12.70799785292539,9.252549651100376,6.984702093397746,4.884594739667204,0.20128824476650564,0.3153515834675255
145,16.0829307568438,40.25764895330113,9.373322597960279,12.667740203972087,9.138486312399356,7.078636607622115,4.884594739667204,0.20128824476650564,0.3153515834675255
146,16.445249597423512,39.64036500268384,10.131508319914117,12.654320987654321,8.836553945249598,6.944444444444445,4.830917874396135,0.20128824476650564,0.3153515834675255
147,16.51905528717123,39.60010735373054,10.111379495437467,12.426194310252281,8.816425120772946,7.179280730005368,4.830917874396135,0.20128824476650564,0.3153515834675255
148,16.069511540526033,38.117283950617285,10.111379495437467,12.144390767579173,10.326086956521738,7.179280730005368,5.535426731078905,0.20128824476650564,0.3153515834675255
149,16.33118625872249,37.88244766505636,10.057702630166398,12.144390767579173,10.326086956521738,7.206119162640902,5.535426731078905,0.20128824476650564,0.3153515834675255
150,16.505636070853463,37.80864197530864,9.977187332259795,12.144390767579173,10.326086956521738,7.206119162640902,5.515297906602254,0.20128824476650564,0.3153515834675255
151,16.6935050993022,37.80864197530864,9.930220075147611,12.097423510466989,10.23215244229737,7.206119162640902,5.515297906602254,0.20128824476650564,0.3153515834675255
152,16.794149221685455,37.754965110037574,9.930220075147611,12.070585077831455,10.23215244229737,7.185990338164252,5.515297906602254,0.20128824476650564,0.3153515834675255
153,16.854535695115406,37.69457863660762,9.681964573268921,12.037037037037036,10.560923242082662,7.139023081052066,5.515297906602254,0.20128824476650564,0.3153515834675255
154,16.921631776704242,37.68786902844874,9.681964573268921,12.010198604401502,10.527375201288244,7.139023081052066,5.515297906602254,0.20128824476650564,0.3153515834675255
155,17.371175523349436,37.43961352657005,9.681964573268921,11.808910359634996,10.527375201288244,7.139023081052066,5.515297906602254,0.20128824476650564,0.3153515834675255
156,17.53220611916264,37.05716586151369,9.54777241009125,12.057165861513688,10.527375201288244,7.273215244229737,5.488459473966721,0.20128824476650564,0.3153515834675255
157,17.659688674181428,36.983360171765966,9.500805152979066,12.050456253354804,10.527375201288244,7.273215244229737,5.488459473966721,0.20128824476650564,0.3153515834675255
158,18.06897477187332,36.42646269457864,9.480676328502415,12.04374664519592,10.829307568438002,7.14573268921095,5.488459473966721,0.20128824476650564,0.3153515834675255
159,18.297101449275363,36.3593666129898,9.480676328502415,11.963231347289318,10.802469135802468,7.118894256575416,5.4616210413311865,0.20128824476650564,0.3153515834675255
160,18.438003220611915,36.22517444981213,9.453837895866881,11.943102522812667,10.628019323671497,7.118894256575416,5.676328502415459,0.20128824476650564,0.3153515834675255
161,18.303811057434245,36.04401502952228,10.815888352120236,11.922973698336017,10.138217928073,7.105475040257649,5.152979066022544,0.20128824476650564,0.3153515834675255
162,18.50509930220075,35.04428341384863,10.654857756307031,11.90955448201825,11.3191089640365,6.984702093397746,5.152979066022544,0.11406333870101985,0.3153515834675255
163,18.50509930220075,35.04428341384863,10.654857756307031,11.90955448201825,11.3191089640365,6.984702093397746,5.152979066022544,0.11406333870101985,0.3153515834675255
164,18.659420289855074,34.95034889962426,10.654857756307031,11.90955448201825,11.292270531400966,6.951154052603328,5.152979066022544,0.11406333870101985,0.3153515834675255
165,18.98148148148148,34.72893183038111,10.654857756307031,11.822329575952764,11.285560923242082,6.944444444444445,5.152979066022544,0.11406333870101985,0.3153515834675255
166,19.30354267310789,34.68196457326892,10.507246376811594,11.79549114331723,11.245303274288782,6.89747718733226,5.152979066022544,0.10064412238325282,0.3153515834675255
167,19.196188942565755,34.534353193773484,10.815888352120236,11.79549114331723,11.20504562533548,6.89747718733226,5.139559849704777,0.10064412238325282,0.3153515834675255
168,19.33709071390231,34.50080515297907,10.789049919484702,11.79549114331723,11.124530327428879,6.89747718733226,5.139559849704777,0.10064412238325282,0.3153515834675255
169,19.390767579173378,34.46054750402576,10.789049919484702,11.79549114331723,11.11111111111111,6.89747718733226,5.139559849704777,0.10064412238325282,0.3153515834675255
170,19.330381105743424,33.52791196994095,13.123993558776167,11.017176596886742,11.104401502952227,6.89747718733226,4.582662372517445,0.10064412238325282,0.3153515834675255
171,19.632313472893184,33.42055823939882,13.097155126140633,10.903113258185721,11.07085346215781,6.877348362855609,4.582662372517445,0.10064412238325282,0.3153515834675255
172,19.162640901771336,33.10520665593129,12.86231884057971,12.010198604401502,11.07085346215781,6.816961889425658,4.555823939881911,0.10064412238325282,0.3153515834675255
173,19.39747718733226,32.910628019323674,12.86231884057971,11.996779388083736,11.07085346215781,6.816961889425658,4.528985507246377,0.10064412238325282,0.3153515834675255
174,19.444444444444443,32.88378958668814,12.86231884057971,11.990069779924852,11.07085346215781,6.8035426731078905,4.528985507246377,0.10064412238325282,0.3153515834675255
175,19.176060118089104,32.6556629092861,12.835480407944177,12.667740203972087,10.929951690821255,6.8035426731078905,4.51556629092861,0.10064412238325282,0.3153515834675255
176,19.605475040257648,32.46108427267848,12.795222758990874,12.620772946859903,10.929951690821255,6.8035426731078905,4.367954911433173,0.10064412238325282,0.3153515834675255
177,19.900697799248523,32.18599033816425,12.781803542673108,12.560386473429952,11.084272678475577,6.743156199677939,4.327697262479871,0.10064412238325282,0.3153515834675255
178,20.209339774557165,32.07192699946323,12.781803542673108,12.526838432635534,10.997047772410092,6.6760601180891035,4.320987654320987,0.10064412238325282,0.3153515834675255
179,20.29656468062265,32.07192699946323,12.781803542673108,12.466451959205582,10.970209339774557,6.6760601180891035,4.320987654320987,0.10064412238325282,0.3153515834675255
180,20.35024154589372,32.045088566827694,12.754965110037574,12.466451959205582,10.970209339774557,6.6760601180891035,4.320987654320987,0.10064412238325282,0.3153515834675255
181,20.50456253354804,32.024959742351044,12.627482555018787,12.4597423510467,10.970209339774557,6.6760601180891035,4.320987654320987,0.10064412238325282,0.3153515834675255
182,20.860171765968868,31.944444444444443,12.513419216317766,12.406065485775631,10.876274825550189,6.662640901771336,4.320987654320987,0.10064412238325282,0.3153515834675255
183,20.873590982286636,31.736446591519055,12.419484702093397,12.332259796027913,10.876274825550189,6.823671497584541,4.622920021470746,0.10064412238325282,0.2147074610842727
184,21.24932903918411,31.629092860976918,12.352388620504563,12.238325281803542,10.802469135802468,6.823671497584541,4.5893719806763285,0.10064412238325282,0.2147074610842727
185,21.618357487922705,31.488191089640367,12.164519592055823,12.238325281803542,10.775630703166936,6.823671497584541,4.575952764358561,0.10064412238325282,0.2147074610842727
186,21.544551798174986,30.62265163714439,12.13768115942029,12.191358024691358,11.419753086419753,6.488191089640365,5.287171229200215,0.0939345142243693,0.2147074610842727
187,21.38352120236178,30.54213633923779,12.06387546967257,14.170692431561998,9.782608695652174,6.488191089640365,5.260332796564681,0.0939345142243693,0.2147074610842727
188,21.76596886741814,30.46833064949007,12.030327428878154,14.170692431561998,9.541062801932368,6.488191089640365,5.260332796564681,0.0939345142243693,0.18115942028985507
189,21.967257112184647,30.421363392377884,12.010198604401502,14.143853998926463,9.500805152979066,6.488191089640365,5.193236714975845,0.0939345142243693,0.18115942028985507
190,22.48389694041868,30.340848094471284,11.869296833064949,13.955984970477724,9.4873859366613,6.4412238325281805,5.146269457863661,0.0939345142243693,0.18115942028985507
191,22.396672034353195,30.394524959742352,11.694847020933977,13.922436929683306,9.742351046698873,6.4412238325281805,5.132850241545894,0.0939345142243693,0.18115942028985507
192,22.0276435856146,29.716854535695116,11.694847020933977,13.922436929683306,10.923242082662373,6.3070316693505095,5.132850241545894,0.0939345142243693,0.18115942028985507
193,22.10144927536232,29.716854535695116,11.681427804616211,13.895598497047773,10.923242082662373,6.3070316693505095,5.0993022007514766,0.0939345142243693,0.18115942028985507
194,22.168545356951153,29.683306494900698,11.647879763821793,13.895598497047773,10.923242082662373,6.3070316693505095,5.0993022007514766,0.0939345142243693,0.18115942028985507
195,22.262479871175522,29.62962962962963,11.60762211486849,13.895598497047773,10.923242082662373,6.3070316693505095,5.0993022007514766,0.0939345142243693,0.18115942028985507
196,22.48389694041868,29.57595276435856,11.56736446591519,13.875469672571121,10.815888352120236,6.3070316693505095,5.0993022007514766,0.0939345142243693,0.18115942028985507
197,22.69860440150295,29.47530864197531,11.56736446591519,13.875469672571121,10.789049919484702,6.3070316693505095,5.01207729468599,0.0939345142243693,0.18115942028985507
198,22.81266774020397,29.47530864197531,11.553945249597424,13.81508319914117,10.789049919484702,6.3070316693505095,4.9718196457326895,0.0939345142243693,0.18115942028985507
199,22.84621578099839,29.408212560386474,11.540526033279656,13.81508319914117,11.05072463768116,6.092324208266238,4.9718196457326895,0.0939345142243693,0.18115942028985507
200,23.00053676865271,29.28743961352657,11.540526033279656,13.81508319914117,11.017176596886742,6.092324208266238,4.9718196457326895,0.0939345142243693,0.18115942028985507
201,22.403381642512077,29.20692431561997,11.446591519055287,14.61352657004831,11.017176596886742,6.092324208266238,4.944981213097155,0.0939345142243693,0.18115942028985507
202,22.416800858829845,29.1935050993022,11.446591519055287,14.61352657004831,11.017176596886742,6.092324208266238,4.944981213097155,0.0939345142243693,0.18115942028985507
203,22.517444981213096,29.086151368760063,11.54723564143854,14.593397745571659,10.95679012345679,6.078904991948471,4.944981213097155,0.0939345142243693,0.18115942028985507
204,22.530864197530864,28.911701556629094,11.533816425120772,14.579978529253891,10.95679012345679,6.353998926462695,4.85775630703167,0.0939345142243693,0.18115942028985507
205,22.497316156736446,28.005904455179817,11.513687600644122,14.774557165861514,10.943370907139023,7.226247987117552,4.7638217928073,0.0939345142243693,0.18115942028985507
206,22.893183038110575,27.95222758990875,11.513687600644122,14.439076757917338,10.943370907139023,7.226247987117552,4.757112184648417,0.0939345142243693,0.18115942028985507
207,23.161567364465917,27.75764895330113,11.372785829307569,14.412238325281804,11.044015029522276,7.226247987117552,4.750402576489533,0.0939345142243693,0.18115942028985507
208,23.295759527643586,27.26784755770263,11.372785829307569,14.412238325281804,11.023886205045626,7.6556629092860975,4.696725711218465,0.0939345142243693,0.18115942028985507
209,23.564143853998928,26.69753086419753,11.3593666129898,14.244498121309716,10.856146001073537,8.333333333333334,4.669887278582931,0.0939345142243693,0.18115942028985507
210,23.765432098765434,26.50966183574879,11.352657004830919,14.244498121309716,10.856146001073537,8.333333333333334,4.663177670424047,0.0939345142243693,0.18115942028985507
211,23.906333870101985,26.46940418679549,11.292270531400966,14.231078904991948,10.856146001073537,8.3064949006978,4.663177670424047,0.0939345142243693,0.18115942028985507
212,22.913311862587225,27.49597423510467,11.258722490606548,14.231078904991948,10.856146001073537,8.3064949006978,4.663177670424047,0.0939345142243693,0.18115942028985507
213,23.34272678475577,27.455716586151368,11.044015029522276,14.143853998926463,10.775630703166936,8.299785292538916,4.663177670424047,0.0939345142243693,0.18115942028985507
214,23.221953837895867,27.449006977992486,10.970209339774557,14.143853998926463,10.567632850241546,8.299785292538916,5.0858829844337095,0.08051529790660225,0.18115942028985507
215,23.523886205045624,27.42216854535695,10.950080515297907,14.036500268384327,10.567632850241546,8.299785292538916,4.938271604938271,0.08051529790660225,0.18115942028985507
216,23.812399355877616,27.3215244229737,10.903113258185721,14.023081052066559,10.547504025764896,8.232689210950081,4.898013955984971,0.08051529790660225,0.18115942028985507
217,23.919753086419753,27.3215244229737,10.876274825550189,14.023081052066559,10.520665593129362,8.232689210950081,4.8443370907139025,0.08051529790660225,0.18115942028985507
218,23.89291465378422,27.200751476113794,10.876274825550189,14.143853998926463,10.755501878690284,8.232689210950081,4.636339237788513,0.08051529790660225,0.18115942028985507
219,24.053945249597422,27.200751476113794,10.856146001073537,14.13714439076758,10.68840579710145,8.232689210950081,4.569243156199678,0.08051529790660225,0.18115942028985507
220,24.322329575952764,27.059849704777243,10.856146001073537,14.13714439076758,10.674986580783683,8.13875469672571,4.549114331723027,0.08051529790660225,0.18115942028985507
221,24.54374664519592,26.90552871712292,10.815888352120236,14.06333870101986,10.540794417606012,8.071658615136876,4.797369833601718,0.08051529790660225,0.18115942028985507
222,24.630971551261407,26.878690284487387,10.789049919484702,14.04320987654321,10.540794417606012,8.05823939881911,4.797369833601718,0.08051529790660225,0.18115942028985507
223,24.684648416532475,26.8719806763285,10.789049919484702,13.996242619431026,10.540794417606012,8.05823939881911,4.797369833601718,0.08051529790660225,0.18115942028985507
224,24.879227053140095,26.737788513150832,10.789049919484702,13.989533011272142,10.493827160493828,8.051529790660226,4.797369833601718,0.08051529790660225,0.18115942028985507
225,25.214707461084274,26.684111647879764,10.755501878690284,13.882179280730005,10.473698336017177,7.930756843800322,4.797369833601718,0.08051529790660225,0.18115942028985507
226,25.268384326355342,26.670692431561996,10.748792270531402,13.868760064412239,10.46027911969941,7.924047235641439,4.797369833601718,0.08051529790660225,0.18115942028985507
227,25.335480407944175,26.630434782608695,10.748792270531402,13.868760064412239,10.46027911969941,7.897208803005904,4.797369833601718,0.08051529790660225,0.18115942028985507
228,25.503220611916262,26.570048309178745,10.721953837895867,13.81508319914117,10.46027911969941,7.87037037037037,4.797369833601718,0.08051529790660225,0.18115942028985507
229,25.637412775093935,26.54320987654321,10.68840579710145,13.81508319914117,10.44015029522276,7.843531937734836,4.770531400966184,0.08051529790660225,0.18115942028985507
230,25.999731615673646,26.261406333870102,10.674986580783683,13.633923778851315,10.681696188942565,7.823403113258186,4.663177670424047,0.08051529790660225,0.18115942028985507
231,26.060118089103597,26.214439076757916,10.674986580783683,13.627214170692431,10.674986580783683,7.823403113258186,4.663177670424047,0.08051529790660225,0.18115942028985507
232,26.113794954374665,26.187600644122384,10.648148148148149,13.627214170692431,10.674986580783683,7.823403113258186,4.663177670424047,0.08051529790660225,0.18115942028985507
233,26.241277509393452,26.147342995169083,10.648148148148149,13.573537305421363,10.661567364465915,7.803274288781535,4.663177670424047,0.08051529790660225,0.18115942028985507
234,26.476113794954376,26.133923778851315,10.648148148148149,13.39237788513151,10.661567364465915,7.763016639828234,4.663177670424047,0.08051529790660225,0.18115942028985507
235,26.590177133655395,26.053408480944714,10.641438539989265,13.39237788513151,10.661567364465915,7.763016639828234,4.636339237788513,0.08051529790660225,0.18115942028985507
236,26.7512077294686,25.959473966720342,10.628019323671497,13.378958668813741,10.641438539989265,7.742887815351583,4.636339237788513,0.08051529790660225,0.18115942028985507
237,26.764626945786365,25.85882984433709,10.628019323671497,13.372249060654857,10.795759527643586,7.588566827697263,4.730273752012883,0.08051529790660225,0.18115942028985507
238,27.01959205582394,25.831991411701555,10.628019323671497,13.372249060654857,10.607890499194847,7.588566827697263,4.730273752012883,0.040257648953301126,0.18115942028985507
239,27.100107353730543,25.764895330112722,10.742082662372518,13.372249060654857,10.607890499194847,7.461084272678476,4.730273752012883,0.040257648953301126,0.18115942028985507
240,26.979334406870638,25.6105743424584,11.647879763821793,12.929414922168545,10.527375201288244,7.4006977992485234,4.683306494900698,0.040257648953301126,0.18115942028985507
241,26.959205582393988,25.563607085346217,11.621041331186259,12.734836285560924,10.50053676865271,7.4006977992485234,4.998658078368224,0.040257648953301126,0.18115942028985507
242,27.026301663982824,25.489801395598498,11.621041331186259,12.620772946859903,10.487117552334944,7.5348899624261945,4.998658078368224,0.040257648953301126,0.18115942028985507
243,27.194041867954912,25.53676865271068,11.533816425120772,12.593934514224369,10.433440687063875,7.501341921631776,4.985238862050457,0.040257648953301126,0.18115942028985507
244,27.2812667740204,25.503220611916262,11.533816425120772,12.426194310252281,10.433440687063875,7.615405260332796,4.985238862050457,0.040257648953301126,0.18115942028985507
245,27.408749329039185,25.489801395598498,11.453301127214171,12.406065485775631,10.420021470746109,7.615405260332796,4.985238862050457,0.040257648953301126,0.18115942028985507
246,27.462426194310254,25.355609232420825,11.392914653784219,12.406065485775631,10.57434245840043,7.615405260332796,4.9718196457326895,0.040257648953301126,0.18115942028985507
247,27.623456790123456,25.348899624261943,11.272141706924316,12.392646269457863,10.57434245840043,7.615405260332796,4.951690821256038,0.040257648953301126,0.18115942028985507
248,27.549651100375737,25.228126677402038,11.05072463768116,12.392646269457863,10.57434245840043,7.977724100912507,5.005367686527107,0.040257648953301126,0.18115942028985507
249,27.690552871712292,25.201288244766506,11.05072463768116,12.352388620504563,10.540794417606012,7.937466451959206,5.005367686527107,0.040257648953301126,0.18115942028985507
250,28.052871712292003,25.187869028448738,10.916532474503489,12.184648416532475,10.540794417606012,7.890499194847021,5.005367686527107,0.040257648953301126,0.18115942028985507
251,28.093129361245303,25.181159420289855,10.88298443370907,12.184648416532475,10.540794417606012,7.890499194847021,5.005367686527107,0.040257648953301126,0.18115942028985507
252,28.099838969404185,25.174449812130973,10.782340311325818,12.164519592055823,10.540794417606012,8.011272141706923,5.005367686527107,0.040257648953301126,0.18115942028985507
253,28.207192699946322,25.13419216317767,10.768921095008052,12.110842726784755,10.540794417606012,8.011272141706923,5.005367686527107,0.040257648953301126,0.18115942028985507
254,28.502415458937197,25.0805152979066,10.581052066559312,12.110842726784755,10.507246376811594,7.997852925389157,4.998658078368224,0.040257648953301126,0.18115942028985507
255,28.556092324208265,25.0805152979066,10.581052066559312,12.104133118625873,10.48040794417606,7.98443370907139,4.99194847020934,0.040257648953301126,0.18115942028985507
256,28.482286634460547,24.953032742887814,10.554213633923778,12.104133118625873,10.775630703166936,7.924047235641439,4.985238862050457,0.040257648953301126,0.18115942028985507
257,28.59634997316157,24.94632313472893,10.507246376811594,12.104133118625873,10.748792270531402,7.890499194847021,4.985238862050457,0.040257648953301126,0.18115942028985507
258,28.75738056897477,24.932903918411164,10.493827160493828,11.949812130971551,10.748792270531402,7.763016639828234,5.132850241545894,0.040257648953301126,0.18115942028985507
259,28.99892646269458,24.838969404186795,10.493827160493828,11.929683306494901,10.748792270531402,7.763016639828234,5.005367686527107,0.040257648953301126,0.18115942028985507
260,29.300858829844337,24.758454106280194,10.446859903381643,11.922973698336017,10.721953837895867,7.675791733762749,4.951690821256038,0.040257648953301126,0.18115942028985507
261,29.482018250134193,24.745034889962426,10.446859903381643,11.916264090177133,10.621309715512615,7.648953301127214,4.918142780461621,0.040257648953301126,0.18115942028985507
262,29.582662372517444,24.704777241009126,10.406602254428341,11.842458400429415,10.68840579710145,7.64224369296833,4.911433172302737,0.040257648953301126,0.18115942028985507
263,29.797369833601717,24.644390767579175,10.393183038110575,11.829039184111648,10.63472893183038,7.581857219538379,4.898013955984971,0.040257648953301126,0.18115942028985507
264,30.173107890499196,24.235104669887278,10.332796564680622,11.54723564143854,10.628019323671497,7.96430488459474,4.898013955984971,0.040257648953301126,0.18115942028985507
265,30.119431025228128,24.235104669887278,10.292538915727322,11.419753086419753,10.701825013419215,7.883789586688137,5.12614063338701,0.040257648953301126,0.18115942028985507
266,30.213365539452496,24.20155662909286,10.406602254428341,11.325818572195384,10.681696188942565,7.830112721417069,5.119431025228127,0.040257648953301126,0.18115942028985507
