,45,50,55,54,51,52,53,58,57,56,61,60,59
0,99.63097155126141,0.36902844873859364,,,,,,,,,,,
1,99.10762211486849,0.8923778851315083,,,,,,,,,,,
2,95.82662372517444,4.159957058507783,0.013419216317767043,,,,,,,,,,
3,92.97504025764896,7.011540526033279,0.013419216317767043,,,,,,,,,,
4,91.51905528717123,8.3467525496511,0.13419216317767044,,,,,,,,,,
5,91.10976918947934,8.756038647342995,0.13419216317767044,,,,,,,,,,
6,90.50590445517982,9.359903381642512,0.12077294685990338,0.013419216317767043,,,,,,,,,
7,90.1905528717123,9.675254965110037,0.12077294685990338,0.013419216317767043,,,,,,,,,
8,87.61406333870102,12.25174449812131,0.12077294685990338,0.013419216317767043,,,,,,,,,
9,87.31884057971014,12.526838432635534,0.14090177133655393,0.013419216317767043,,,,,,,,,
10,77.2410091250671,22.604669887278583,0.14090177133655393,0.013419216317767043,,,,,,,,,
11,76.8719806763285,22.758990874932906,0.24825550187869028,0.013419216317767043,0.10735373054213634,,,,,,,,
12,76.66398282340312,22.920021470746107,0.2952227589908749,0.013419216317767043,0.10735373054213634,,,,,,,,
13,62.5,36.8491680085883,0.3824476650563607,0.013419216317767043,0.10735373054213634,0.013419216317767043,0.13419216317767044,,,,,,
14,60.7487922705314,38.27831454643049,0.39586688137412773,0.28180354267310787,0.10735373054213634,0.013419216317767043,0.17444981213097155,,,,,,
15,60.487117552334944,38.38566827697262,0.4830917874396135,0.3488996242619431,0.10735373054213634,0.013419216317767043,0.17444981213097155,,,,,,
16,60.238862050456255,38.30515297906602,0.5032206119162641,0.4428341384863124,0.27509393451422437,0.013419216317767043,0.2214170692431562,,,,,,
17,59.75577026301664,38.60708534621578,0.5971551261406334,0.4428341384863124,0.3153515834675255,0.040257648953301126,0.24154589371980675,,,,,,
18,56.52173913043478,41.52576489533011,0.8454106280193237,0.2952227589908749,0.48980139559849706,0.08051529790660225,0.24154589371980675,,,,,,
19,56.30703166935051,41.47879763821793,0.9259259259259259,0.4092860976918948,0.5568974771873323,0.08051529790660225,0.24154589371980675,,,,,,
20,48.081052066559316,49.41626409017714,1.2949543746645196,0.2214170692431562,0.5166398282340311,0.06709608158883522,0.4025764895330113,,,,,,
21,47.87976382179281,49.39613526570049,1.3687600644122384,0.2885131508319914,0.5166398282340311,0.06709608158883522,0.4830917874396135,,,,,,
22,47.557702630166396,49.4699409554482,1.5432098765432098,0.2885131508319914,0.5166398282340311,0.06709608158883522,0.5568974771873323,,,,,,
23,47.22893183038111,49.52361782071927,1.6774020397208802,0.2885131508319914,0.5971551261406334,0.13419216317767044,0.5501878690284487,,,,,,
24,47.128287707997856,49.2686527106817,1.9659151905528718,0.2885131508319914,0.5971551261406334,0.13419216317767044,0.6172839506172839,,,,,,
25,38.31186258722491,57.31347289318304,1.8719806763285025,0.11406333870101985,0.41599570585077833,0.13419216317767044,1.8384326355340848,,,,,,
26,38.16425120772947,56.05877616747182,1.6975308641975309,0.10064412238325282,2.0799785292538915,0.13419216317767044,1.7646269457863661,,,,,,
27,36.45330112721417,57.47450348899624,2.033011272141707,0.10064412238325282,2.033011272141707,0.13419216317767044,1.7713365539452497,,,,,,
28,36.15807836822329,57.37385936661299,2.3349436392914655,0.10064412238325282,2.1269457863660763,0.13419216317767044,1.7646269457863661,0.0067096081588835215,,,,,
29,35.97691894793344,57.52818035426731,2.3483628556092326,0.10064412238325282,2.1403650026838434,0.13419216317767044,1.7646269457863661,0.0067096081588835215,,,,,
30,35.950080515297905,57.447665056360705,2.442297369833602,0.11406333870101985,2.1403650026838434,0.13419216317767044,1.7646269457863661,0.0067096081588835215,,,,,
31,35.587761674718195,57.35373054213634,2.771068169618894,0.11406333870101985,2.26784755770263,0.13419216317767044,1.7646269457863661,0.0067096081588835215,,,,,
32,29.810789049919485,62.78851315083199,2.61003757380569,0.06038647342995169,0.6642512077294686,2.5161030595813205,1.5297906602254427,0.0067096081588835215,0.013419216317767043,,,,
33,29.770531400966185,62.526838432635536,2.885131508319914,0.06038647342995169,0.6575415995705851,2.5161030595813205,1.5633387010198605,0.0067096081588835215,0.013419216317767043,,,,
34,29.70343531937735,61.882716049382715,3.5628019323671496,0.06038647342995169,0.6575415995705851,2.5161030595813205,1.5029522275899088,0.0067096081588835215,0.013419216317767043,0.0939345142243693,,,
35,28.858024691358025,62.30542136339238,3.965378421900161,0.06038647342995169,0.6575415995705851,2.5563607085346214,1.5029522275899088,0.0067096081588835215,0.013419216317767043,0.07380568974771873,,,
36,28.703703703703702,61.808910359635,4.388083735909823,0.18115942028985507,0.6575415995705851,2.6637144390767578,1.5029522275899088,0.0067096081588835215,0.013419216317767043,0.07380568974771873,,,
37,28.207192699946322,60.668276972624795,4.193505099302201,0.24825550187869028,0.6977992485238862,4.388083735909823,1.5029522275899088,0.0067096081588835215,0.013419216317767043,0.07380568974771873,,,
38,28.24074074074074,60.527375201288244,4.300858829844337,0.24825550187869028,0.6843800322061192,4.374664519592056,1.5029522275899088,0.0067096081588835215,0.013419216317767043,0.10064412238325282,,,
39,28.005904455179817,60.45356951154053,4.602791196994096,0.24825550187869028,0.6843800322061192,4.3478260869565215,1.5029522275899088,0.0067096081588835215,0.04696725711218465,0.10064412238325282,,,
40,27.67042404723564,60.42002147074611,4.64975845410628,0.24825550187869028,0.8789586688137413,4.334406870638754,1.4962426194310252,0.0067096081588835215,0.19457863660762212,0.10064412238325282,,,
41,27.576489533011273,60.18518518518518,4.7168545356951155,0.3824476650563607,1.0064412238325282,4.334406870638754,1.4962426194310252,0.0067096081588835215,0.19457863660762212,0.10064412238325282,,,
42,27.529522275899087,59.95034889962426,4.871175523349437,0.5099302200751477,1.0064412238325282,4.334406870638754,1.4962426194310252,0.0067096081588835215,0.19457863660762212,0.10064412238325282,,,
43,27.569779924852387,59.76247987117552,4.924852388620504,0.6105743424584005,1.0064412238325282,4.334406870638754,1.3486312399355878,0.0067096081588835215,0.33548040794417605,0.10064412238325282,,,
44,22.490606548577563,66.08964036500268,4.079441760601181,1.1674718196457328,0.5099302200751477,4.274020397208803,0.8789586688137413,0.0939345142243693,0.3153515834675255,0.10064412238325282,,,
45,22.396672034353195,64.88191089640365,5.193236714975845,1.1674718196457328,0.5099302200751477,4.260601180891036,1.0802469135802468,0.0939345142243693,0.3153515834675255,0.10064412238325282,,,
46,22.27589908749329,64.07004830917874,5.904455179817498,1.2748255501878691,0.5233494363929146,4.260601180891036,1.1406333870101986,0.13419216317767044,0.3153515834675255,0.10064412238325282,,,
47,22.15512614063339,63.6808910359635,6.333870101986044,1.2748255501878691,0.5233494363929146,4.253891572732153,1.2278582930756843,0.13419216317767044,0.3153515834675255,0.10064412238325282,,,
48,22.168545356951153,63.258185721953836,6.380837359098229,1.5365002683843263,0.6239935587761675,4.253891572732153,1.2278582930756843,0.13419216317767044,0.3153515834675255,0.10064412238325282,,,
49,21.71900161030596,52.99919484702093,5.46833064949007,1.5499194847020934,12.13768115942029,4.139828234031133,1.3150831991411702,0.13419216317767044,0.30864197530864196,0.2281266774020397,,,
50,20.779656468062264,53.7037037037037,5.555555555555555,1.5499194847020934,12.191358024691358,4.086151368760064,1.3016639828234031,0.13419216317767044,0.46967257112184646,0.2281266774020397,,,
51,20.79307568438003,53.48228663446055,5.636070853462158,1.596886741814278,12.265163714439076,4.019055287171229,1.3016639828234031,0.13419216317767044,0.46967257112184646,0.30193236714975846,,,
52,20.705850778314545,53.34138486312399,5.870907139023081,1.596886741814278,12.352388620504563,3.8714439076757916,1.3016639828234031,0.13419216317767044,0.5233494363929146,0.30193236714975846,,,
53,20.739398819108963,53.03945249597424,6.0587761674718195,1.596886741814278,12.332259796027913,3.9586688137412773,1.3016639828234031,0.13419216317767044,0.5233494363929146,0.3153515834675255,,,
54,20.739398819108963,53.0126140633387,6.105743424584004,1.596886741814278,12.31213097155126,3.9586688137412773,1.3016639828234031,0.13419216317767044,0.5233494363929146,0.3153515834675255,,,
55,20.638754696725712,51.952495974235106,7.105475040257649,1.6371443907675791,12.265163714439076,4.025764895330113,1.3016639828234031,0.13419216317767044,0.5233494363929146,0.41599570585077833,,,
56,20.585077831454644,51.45598497047772,7.555018786902845,1.7444981213097155,12.258454106280194,4.012345679012346,1.3016639828234031,0.13419216317767044,0.5367686527106817,0.41599570585077833,,,
57,20.585077831454644,51.40230810520666,7.635534084809447,1.8250134192163177,12.151100375738057,3.9519592055823938,1.2949543746645196,0.14090177133655393,0.5032206119162641,0.5099302200751477,,,
58,20.222758990874933,49.362587224906065,7.347020933977456,4.414922168545357,12.084004294149223,3.9519592055823938,1.3955984970477724,0.14090177133655393,0.5032206119162641,0.5770263016639828,,,
59,20.128824476650564,49.261943102522814,7.501341921631776,4.414922168545357,11.996779388083736,3.9519592055823938,1.3955984970477724,0.14090177133655393,0.5032206119162641,0.7045088566827697,,,
60,20.135534084809446,48.74530327428878,7.877079978529254,4.414922168545357,11.996779388083736,4.0995705850778315,1.3955984970477724,0.14090177133655393,0.48980139559849706,0.7045088566827697,,,
61,20.175791733762747,48.57756307031669,7.877079978529254,4.414922168545357,11.98336017176597,4.066022544283414,1.5029522275899088,0.14090177133655393,0.5099302200751477,0.7514761137949544,,,
62,20.061728395061728,48.41653247450349,8.11862587224906,4.455179817498658,11.862587224906065,4.1532474503489,1.415727321524423,0.14090177133655393,0.5099302200751477,0.8655394524959742,,,
63,20.014761137949545,47.91331186258722,8.487654320987655,4.468599033816425,11.882716049382717,4.1532474503489,1.5297906602254427,0.1610305958132045,0.5099302200751477,0.8655394524959742,0.013419216317767043,,
64,19.92753623188406,47.84621578099839,8.548040794417606,4.562533548040794,11.728395061728396,4.1532474503489,1.5297906602254427,0.1610305958132045,0.5099302200751477,1.0198604401502953,0.013419216317767043,,
65,19.900697799248523,47.50402576489533,8.756038647342995,4.7101449275362315,11.708266237251744,4.1532474503489,1.5297906602254427,0.19457863660762212,0.5099302200751477,1.0198604401502953,0.013419216317767043,,
66,19.85373054213634,47.497316156736446,8.769457863660762,4.723564143853999,11.674718196457327,4.26731078904992,1.5297906602254427,0.19457863660762212,0.5099302200751477,0.9057971014492754,,0.07380568974771873,
67,19.612184648416534,47.26918947933441,8.856682769726248,4.824208266237251,11.453301127214171,4.40150295222759,1.6035963499731616,0.19457863660762212,0.48980139559849706,1.221148684916801,,0.07380568974771873,
68,19.43102522812668,47.074610842726784,8.769457863660762,5.005367686527107,11.29898013955985,4.669887278582931,1.6371443907675791,0.19457863660762212,0.48980139559849706,1.3553408480944713,,0.07380568974771873,
69,18.666129898013956,47.638217928073,9.098228663446054,4.898013955984971,11.245303274288782,4.636339237788513,1.6706924315619969,0.19457863660762212,0.5166398282340311,1.3620504562533549,,0.07380568974771873,
70,12.721417069243156,54.86446591519055,8.722490606548577,4.777241009125067,10.943370907139023,4.2203435319377345,1.5297906602254427,0.15432098765432098,0.5166398282340311,1.4761137949543746,,0.07380568974771873,
71,11.2788513150832,57.360440150295226,8.903650026838433,4.7638217928073,10.929951690821255,3.193773483628556,1.4962426194310252,0.15432098765432098,0.36902844873859364,1.4761137949543746,,0.07380568974771873,
72,11.292270531400966,57.00483091787439,9.145195920558239,4.74369296833065,10.916532474503489,3.1870638754696725,1.6103059581320451,0.15432098765432098,0.36902844873859364,1.5029522275899088,,0.07380568974771873,
73,11.332528180354267,56.5552871712292,9.520933977455716,4.7168545356951155,10.86285560923242,3.1870638754696725,1.6237251744498122,0.15432098765432098,0.36902844873859364,1.5633387010198605,,0.07380568974771873,0.040257648953301126
74,11.258722490606548,56.26677402039721,9.822866344605474,4.7638217928073,10.86285560923242,3.2206119162640903,1.6237251744498122,0.15432098765432098,0.3488996242619431,1.5633387010198605,,0.07380568974771873,0.040257648953301126
75,11.131239935587761,56.353998926462694,9.822866344605474,4.777241009125067,10.856146001073537,3.2474503488996245,1.6170155662909287,0.15432098765432098,0.35560923242082665,1.570048309178744,,0.07380568974771873,0.040257648953301126
76,10.59447128287708,53.05958132045089,9.41358024691358,5.381105743424584,14.834943639291465,3.207192699946323,1.4224369296833066,0.08722490606548577,0.35560923242082665,1.5297906602254427,,0.07380568974771873,0.040257648953301126
77,10.607890499194847,52.012882447665056,10.393183038110575,5.495169082125604,14.761137949543746,3.207192699946323,1.402308105206656,0.08722490606548577,0.35560923242082665,1.5633387010198605,,0.07380568974771873,0.040257648953301126
78,10.567632850241546,51.918947933440684,10.493827160493828,5.495169082125604,13.6406333870102,3.207192699946323,2.442297369833602,0.08722490606548577,0.35560923242082665,1.6774020397208802,,0.07380568974771873,0.040257648953301126
79,10.554213633923778,51.61701556629093,10.768921095008052,5.495169082125604,13.47289318303811,3.207192699946323,2.442297369833602,0.08722490606548577,0.35560923242082665,1.8853998926462694,,0.07380568974771873,0.040257648953301126
80,10.171765968867419,47.38996242619431,9.66183574879227,5.072463768115942,19.659151905528716,3.079710144927536,2.408749329039184,0.08722490606548577,0.3153515834675255,2.0397208803005906,,0.07380568974771873,0.040257648953301126
81,10.144927536231885,46.9873859366613,10.11808910359635,4.87788513150832,19.585346215780998,3.079710144927536,2.341653247450349,0.08722490606548577,0.46296296296296297,2.200751476113795,,0.07380568974771873,0.040257648953301126
82,10.225442834138486,46.75925925925926,10.21202361782072,4.9651100375738055,19.390767579173378,3.0931293612453032,2.3215244229736984,0.08722490606548577,0.46296296296296297,2.368491680085883,,0.07380568974771873,0.040257648953301126
83,10.151637144390767,46.786097691894796,10.111379495437467,4.938271604938271,19.370638754696724,3.140096618357488,2.4557165861513686,0.08722490606548577,0.46296296296296297,2.38191089640365,,0.07380568974771873,0.040257648953301126
84,10.144927536231885,46.3768115942029,10.59447128287708,4.938271604938271,19.26328502415459,3.2541599570585076,2.4490069779924855,0.08722490606548577,0.46296296296296297,2.314814814814815,,0.07380568974771873,0.040257648953301126
85,10.11808910359635,46.34997316156736,10.581052066559312,4.938271604938271,19.189479334406872,3.2541599570585076,2.428878153515835,0.08722490606548577,0.46296296296296297,2.475845410628019,,0.07380568974771873,0.040257648953301126
86,10.165056360708535,46.175523349436396,10.742082662372518,4.938271604938271,19.189479334406872,3.2541599570585076,2.4221685453569513,0.08722490606548577,0.46296296296296297,2.4490069779924855,,0.07380568974771873,0.040257648953301126
87,10.02415458937198,46.0077831454643,10.903113258185721,4.99194847020934,19.176060118089104,3.2541599570585076,2.5161030595813205,0.08722490606548577,0.46296296296296297,2.462426194310252,,0.07380568974771873,0.040257648953301126
88,10.00402576489533,45.8467525496511,11.017176596886742,4.8443370907139025,19.07541599570585,3.2541599570585076,2.5161030595813205,0.08722490606548577,0.46296296296296297,2.6502952227589907,,0.07380568974771873,0.16774020397208803
89,9.816156736446592,44.558507783145465,10.916532474503489,4.891304347826087,17.914653784219002,6.260064412238325,2.3752012882447664,0.08722490606548577,0.46296296296296297,2.475845410628019,,0.07380568974771873,0.16774020397208803
90,9.88996242619431,44.34380032206119,11.07085346215781,4.824208266237251,17.827428878153516,6.260064412238325,2.3752012882447664,0.08722490606548577,0.46296296296296297,2.536231884057971,,0.07380568974771873,0.24825550187869028
91,9.849704777241008,44.196188942565755,11.171497584541063,4.824208266237251,17.8743961352657,6.226516371443908,2.328234031132582,0.08722490606548577,0.46296296296296297,2.657004830917874,,0.07380568974771873,0.24825550187869028
92,9.66183574879227,41.18357487922705,9.930220075147611,4.723564143853999,26.576757917337627,3.1065485775630703,1.415727321524423,0.23483628556092323,0.5904455179817498,2.2745571658615136,,0.07380568974771873,0.2281266774020397
93,9.64170692431562,41.015834675254965,10.02415458937198,4.783950617283951,26.33521202361782,3.1065485775630703,1.415727321524423,0.23483628556092323,0.5904455179817498,2.5496511003757383,,0.07380568974771873,0.2281266774020397
94,9.668545356951155,40.78770799785293,10.165056360708535,4.783950617283951,26.120504562533547,3.0931293612453032,1.415727321524423,0.23483628556092323,0.5703166935050993,2.85829307568438,,0.07380568974771873,0.2281266774020397
95,9.668545356951155,40.56629092860977,10.326086956521738,4.783950617283951,25.811862587224905,3.0931293612453032,1.4895330112721417,0.23483628556092323,0.5703166935050993,3.1535158346752548,,0.07380568974771873,0.2281266774020397
96,9.688674181427805,39.82823403113258,11.79549114331723,4.025764895330113,25.825281803542673,3.0931293612453032,1.5365002683843263,0.28180354267310787,0.5636070853462157,3.026033279656468,,0.07380568974771873,0.2616747181964573
97,9.722222222222221,39.801395598497045,11.79549114331723,4.019055287171229,25.697799248523886,3.0931293612453032,1.5365002683843263,0.28180354267310787,0.5636070853462157,3.1535158346752548,,0.07380568974771873,0.2616747181964573
98,9.75577026301664,39.76784755770263,11.768652710681696,4.019055287171229,25.684380032206118,3.0931293612453032,1.5365002683843263,0.28180354267310787,0.5434782608695652,3.2139023081052067,,0.07380568974771873,0.2616747181964573
99,9.769189479334408,39.54643048845947,11.929683306494901,4.032474503488996,25.40257648953301,3.0931293612453032,1.5365002683843263,0.28180354267310787,0.5434782608695652,3.5292538915727323,,0.07380568974771873,0.2616747181964573
100,9.769189479334408,39.47933440687064,11.969940955448202,4.066022544283414,25.234836285560924,3.0931293612453032,1.5365002683843263,0.28180354267310787,0.5434782608695652,3.6902844873859366,,0.07380568974771873,0.2616747181964573
101,9.73564143853999,39.33843263553408,12.016908212560386,4.086151368760064,25.234836285560924,3.2206119162640903,1.5365002683843263,0.24825550187869028,0.5568974771873323,3.6902844873859366,,0.07380568974771873,0.2616747181964573
102,9.702093397745571,39.10359634997316,12.124261943102523,5.401234567901234,23.91304347826087,3.1199677938808374,1.6841116478797638,0.24825550187869028,0.5568974771873323,3.81105743424584,,0.07380568974771873,0.2616747181964573
103,9.708803005904455,39.04320987654321,12.453032742887816,5.293880837359098,23.65136876006441,3.1199677938808374,1.8250134192163177,0.24825550187869028,0.5568974771873323,3.7640901771336552,,0.07380568974771873,0.2616747181964573
104,9.73564143853999,38.89559849704777,12.446323134728932,5.421363392377885,23.617820719269993,3.1199677938808374,1.8250134192163177,0.24825550187869028,0.5568974771873323,3.797638217928073,,0.07380568974771873,0.2616747181964573
105,9.621578099838969,36.68813741277509,11.889425657541599,8.474235104669887,23.49704777241009,3.1065485775630703,1.7579173376274826,0.24825550187869028,0.5434782608695652,3.8378958668813743,,0.07380568974771873,0.2616747181964573
106,9.574610842726784,36.3996242619431,12.010198604401502,8.675523349436393,23.443370907139023,3.0931293612453032,1.7579173376274826,0.24825550187869028,0.5434782608695652,3.9184111647879765,,0.07380568974771873,0.2616747181964573
107,9.514224369296834,35.13150831991412,11.500268384326356,10.453569511540525,23.336017176596886,3.0931293612453032,1.8585614600107354,0.24825550187869028,0.5434782608695652,3.9855072463768115,,0.07380568974771873,0.2616747181964573
108,9.386741814278047,35.037573805689746,11.600912506709609,10.473698336017177,23.34272678475577,3.0931293612453032,1.8585614600107354,0.24825550187869028,0.5434782608695652,4.079441760601181,,0.07380568974771873,0.2616747181964573
109,9.460547504025765,33.59500805152979,11.225174449812132,10.373054213633925,23.32259796027912,3.026033279656468,3.589640365002684,0.32877079978529256,0.5971551261406334,4.072732152442297,,0.12077294685990338,0.2885131508319914
110,9.440418679549115,33.46081588835212,11.245303274288782,10.413311862587225,23.242082662372518,3.026033279656468,3.589640365002684,0.32877079978529256,0.5971551261406334,4.247181964573269,,0.12077294685990338,0.2885131508319914
111,9.420289855072463,33.293075684380035,11.285560923242082,10.399892646269459,23.18840579710145,3.113258185721954,3.589640365002684,0.32877079978529256,0.630703166935051,4.341116478797638,,0.12077294685990338,0.2885131508319914
112,9.359903381642512,33.25952764358561,11.265432098765432,10.332796564680622,23.17498658078368,3.260869565217391,3.6634460547504024,0.322061191626409,0.630703166935051,4.30756843800322,,0.13419216317767044,0.2885131508319914
113,9.39345142243693,33.13875469672571,11.258722490606548,10.319377348362856,22.966988727858293,3.260869565217391,3.7775093934514223,0.322061191626409,0.630703166935051,4.508856682769726,,0.13419216317767044,0.2885131508319914
114,9.400161030595813,32.971014492753625,11.453301127214171,10.151637144390767,22.705314009661837,3.2474503488996245,3.8043478260869565,0.322061191626409,0.6508319914117016,4.871175523349437,,0.13419216317767044,0.2885131508319914
115,9.400161030595813,32.62211486849168,11.500268384326356,10.379763821792807,22.67176596886742,3.294417606011809,3.8177670424047236,0.322061191626409,0.6508319914117016,4.891304347826087,,0.13419216317767044,0.3153515834675255
116,9.359903381642512,32.54830917874396,11.493558776167472,10.084541062801932,22.423510466988727,3.294417606011809,3.978797638217928,0.5770263016639828,0.6508319914117016,5.139559849704777,,0.13419216317767044,0.3153515834675255
117,9.225711218464841,32.59527643585615,11.379495437466453,9.96376811594203,22.21551261406334,3.294417606011809,4.159957058507783,0.5904455179817498,0.8118625872249061,5.314009661835748,,0.13419216317767044,0.3153515834675255
118,9.118357487922705,32.420826623725176,11.426462694578637,9.923510466988727,22.20209339774557,3.227321524422974,4.274020397208803,0.7447665056360708,0.8789586688137413,5.347557702630167,,0.13419216317767044,0.30193236714975846
119,9.118357487922705,32.340311325818575,11.540526033279656,9.91009125067096,21.920289855072465,3.227321524422974,4.274020397208803,0.7447665056360708,0.8789586688137413,5.595813204508857,,0.13419216317767044,0.3153515834675255
120,8.76274825550188,31.796833064949006,11.372785829307569,9.883252818035427,20.819914117015568,3.126677402039721,6.367418142780462,0.7447665056360708,0.8789586688137413,5.803811057434245,,0.1274825550187869,0.3153515834675255
121,8.709071390230811,31.769994632313473,11.513687600644122,9.749060654857756,20.591787439613526,3.126677402039721,6.494900697799249,0.7380568974771873,0.8789586688137413,5.877616747181965,,0.1274825550187869,0.4227053140096618
122,8.695652173913043,31.488191089640367,11.60762211486849,9.930220075147611,20.45088566827697,3.2139023081052067,6.508319914117015,0.7447665056360708,0.8789586688137413,5.917874396135265,0.013419216317767043,0.1274825550187869,0.4227053140096618
123,8.695652173913043,31.353998926462694,12.097423510466989,9.957058507783145,20.189210950080515,3.2139023081052067,6.508319914117015,0.7447665056360708,0.8789586688137413,5.797101449275362,0.013419216317767043,0.1274825550187869,0.4227053140096618
124,8.648684916800859,31.07890499194847,12.298711755233494,9.977187332259795,20.242887815351583,3.1870638754696725,6.4345142243692965,0.8185721953837896,0.8588298443370908,5.83064949006978,0.013419216317767043,0.1274825550187869,0.4830917874396135
125,8.756038647342995,30.971551261406333,12.466451959205582,9.957058507783145,20.021470746108427,3.207192699946323,6.394256575415996,0.8185721953837896,0.8588298443370908,5.931293612453032,0.013419216317767043,0.1274825550187869,0.47638217928073
126,8.809715512614064,30.85077831454643,12.432903918411165,10.050993022007514,19.766505636070853,3.2004830917874396,6.320450885668277,0.9460547504025765,0.8588298443370908,6.152710681696189,0.013419216317767043,0.1274825550187869,0.46967257112184646
127,8.709071390230811,30.917874396135264,12.453032742887816,9.91009125067096,19.632313472893184,3.2206119162640903,6.320450885668277,0.9460547504025765,0.8588298443370908,6.421095008051529,0.013419216317767043,0.1274825550187869,0.46967257112184646
128,8.668813741277509,30.803811057434245,12.607353730542137,9.876543209876543,19.57192699946323,3.207192699946323,6.407675791733762,0.9460547504025765,0.785024154589372,6.481481481481482,0.013419216317767043,0.1610305958132045,0.46967257112184646
129,8.655394524959743,30.689747718733226,12.607353730542137,10.02415458937198,19.464573268921097,3.2340311325818574,6.380837359098229,0.9460547504025765,0.785024154589372,6.568706387546968,0.013419216317767043,0.1610305958132045,0.46967257112184646
130,8.655394524959743,30.44820182501342,12.694578636607622,10.124798711755233,19.410896403650028,3.2742887815351582,6.394256575415996,0.9057971014492754,0.785024154589372,6.649221685453569,0.013419216317767043,0.17444981213097155,0.46967257112184646
131,8.655394524959743,30.01207729468599,12.801932367149758,10.473698336017177,19.290123456790123,3.2742887815351582,6.387546967257112,0.9125067096081588,0.785024154589372,6.749865807836822,0.013419216317767043,0.17444981213097155,0.46967257112184646
132,8.722490606548577,29.8040794417606,12.989801395598498,10.547504025764896,19.229736983360173,3.2742887815351582,6.387546967257112,0.9057971014492754,0.785024154589372,6.729736983360172,0.013419216317767043,0.14761137949543746,0.46296296296296297
133,8.749329039184111,29.73027375201288,13.077026301663983,10.493827160493828,19.189479334406872,3.2742887815351582,6.454643048845948,0.9057971014492754,0.785024154589372,6.6827697262479875,0.013419216317767043,0.14761137949543746,0.49651100375738055
134,8.76274825550188,29.643048845947398,13.130703166935051,10.547504025764896,19.16935050993022,3.2742887815351582,6.4412238325281805,0.9192163177670424,0.785024154589372,6.66935050993022,0.013419216317767043,0.14761137949543746,0.49651100375738055
135,8.776167471819646,29.636339237788512,13.130703166935051,10.44015029522276,19.16935050993022,3.2474503488996245,6.575415995705851,0.9192163177670424,0.785024154589372,6.662640901771336,0.013419216317767043,0.14761137949543746,0.49651100375738055
136,8.675523349436393,29.562533548040793,13.043478260869565,10.520665593129362,19.296833064949006,3.193773483628556,6.622383252818035,0.9192163177670424,0.785024154589372,6.662640901771336,0.013419216317767043,0.14761137949543746,0.5568974771873323
137,8.61513687600644,29.421631776704242,13.030059044551798,10.413311862587225,19.350509930220074,3.3011272141706924,6.508319914117015,0.9259259259259259,0.8118625872249061,6.904186795491143,0.013419216317767043,0.14761137949543746,0.5568974771873323
138,8.641975308641975,29.341116478797638,13.009930220075148,10.413311862587225,19.32367149758454,3.3011272141706924,6.535158346752549,0.9125067096081588,0.8722490606548577,6.9310252281266775,0.013419216317767043,0.14761137949543746,0.5568974771873323
139,8.655394524959743,29.28743961352657,13.09044551798175,10.426731078904991,19.256575415995705,3.3011272141706924,6.468062265163715,0.8588298443370908,0.9125067096081588,7.024959742351046,0.013419216317767043,0.14761137949543746,0.5568974771873323
140,8.702361782071927,29.20692431561997,13.056897477187333,10.38647342995169,19.082125603864736,3.388352120236178,6.515029522275899,0.8588298443370908,0.966183574879227,7.118894256575416,0.013419216317767043,0.14761137949543746,0.5568974771873323
141,8.735909822866345,29.11969940955448,13.103864734299517,10.34621578099839,19.088835212023618,3.260869565217391,6.515029522275899,0.8588298443370908,0.9796027911969941,7.25979602791197,0.013419216317767043,0.14761137949543746,0.5703166935050993
142,8.769457863660762,29.012345679012345,13.16425120772947,10.25228126677402,19.02173913043478,3.307836822329576,6.407675791733762,0.9057971014492754,0.9796027911969941,7.447665056360709,0.013419216317767043,0.14761137949543746,0.5703166935050993
143,8.715780998389693,28.978797638217927,13.251476113794954,10.245571658615138,18.907675791733762,3.280998389694042,6.508319914117015,0.9393451422436929,1.0064412238325282,7.434245840042942,0.013419216317767043,0.14761137949543746,0.5703166935050993
144,8.735909822866345,28.871443907675793,13.378958668813741,10.245571658615138,18.907675791733762,3.361513687600644,6.394256575415996,0.9393451422436929,1.0198604401502953,7.4141170155662905,0.013419216317767043,0.14761137949543746,0.5703166935050993
145,8.735909822866345,28.824476650563607,13.45276435856146,10.23215244229737,18.84728931830381,3.374932903918411,6.407675791733762,0.9393451422436929,1.0198604401502953,7.434245840042942,0.013419216317767043,0.14761137949543746,0.5703166935050993
146,8.729200214707461,28.73054213633924,13.714439076757918,10.19189479334407,18.760064412238325,3.361513687600644,6.407675791733762,0.9393451422436929,0.9728931830381106,7.353730542136339,0.013419216317767043,0.2549651100375738,0.5703166935050993
147,8.521202361782072,28.63660762211487,13.667471819645733,10.393183038110575,18.699677938808374,3.4621578099838968,6.374127750939345,0.9393451422436929,0.9728931830381106,7.494632313472893,0.013419216317767043,0.2549651100375738,0.5703166935050993
148,8.501073537305421,28.535963499731615,13.741277509393452,11.245303274288782,18.169618894256576,3.4420289855072466,6.380837359098229,0.9259259259259259,0.966183574879227,7.266505636070853,0.013419216317767043,0.24154589371980675,0.5703166935050993
149,8.474235104669887,28.019323671497585,14.06333870101986,11.252012882447666,18.10252281266774,3.5426731078904994,6.380837359098229,1.0399892646269457,0.966183574879227,7.407407407407407,0.013419216317767043,0.16774020397208803,0.5703166935050993
150,8.407139023081053,27.89855072463768,14.130434782608695,11.386205045625335,18.04884594739667,3.455448201825013,6.347289318303811,1.0399892646269457,1.107085346215781,7.427536231884058,0.013419216317767043,0.16774020397208803,0.5703166935050993
151,8.32662372517445,27.80461621041331,14.325013419216317,11.29898013955985,18.00858829844337,3.455448201825013,6.380837359098229,1.0399892646269457,1.0869565217391304,7.454374664519592,0.040257648953301126,0.16774020397208803,0.6105743424584005
152,8.353462157809984,27.76435856146001,14.351851851851851,11.372785829307569,17.860976918947934,3.455448201825013,6.380837359098229,1.0534084809447128,1.0869565217391304,7.521470746108427,0.040257648953301126,0.1610305958132045,0.5971551261406334
153,8.299785292538916,27.717391304347824,14.284755770263017,11.43317230273752,17.954911433172303,3.515834675254965,6.320450885668277,1.0466988727858293,1.06682769726248,7.561728395061729,0.040257648953301126,0.1610305958132045,0.5971551261406334
154,8.259527643585615,27.086688137412775,13.754696725711218,11.996779388083736,20.618625872249062,2.200751476113795,6.293612453032743,1.0466988727858293,0.6776704240472357,7.266505636070853,0.040257648953301126,0.1610305958132045,0.5971551261406334
155,8.219269994632313,26.959205582393988,13.674181427804616,11.996779388083736,20.611916264090176,2.187332259796028,6.535158346752549,1.0735373054213635,0.6776704240472357,7.273215244229737,0.03354804079441761,0.1610305958132045,0.5971551261406334
156,8.132045088566828,26.82501341921632,13.768115942028986,11.996779388083736,20.605206655931294,2.187332259796028,6.608964036500268,1.1003757380568975,0.6910896403650026,7.2933440687063875,0.03354804079441761,0.1610305958132045,0.5971551261406334
157,8.091787439613526,26.7914653784219,13.855340848094471,12.016908212560386,20.477724100912507,2.2074610842726785,6.608964036500268,1.1003757380568975,0.6575415995705851,7.387278582930757,0.03354804079441761,0.1610305958132045,0.6105743424584005
158,8.091787439613526,26.704240472356414,13.942565754159958,12.016908212560386,20.229468599033815,2.2074610842726785,6.608964036500268,1.1003757380568975,0.6575415995705851,7.635534084809447,0.03354804079441761,0.1610305958132045,0.6105743424584005
159,8.07836822329576,26.50966183574879,14.150563607085346,11.969940955448202,20.229468599033815,2.2342995169082127,6.608964036500268,1.1003757380568975,0.644122383252818,7.615405260332796,0.03354804079441761,0.1610305958132045,0.6642512077294686
160,7.977724100912507,26.576757917337627,14.002952227589908,11.936392914653783,20.189210950080515,2.227589908749329,6.736446591519055,1.133923778851315,0.7246376811594203,7.648953301127214,0.03354804079441761,0.14761137949543746,0.6642512077294686
161,7.977724100912507,26.570048309178745,14.070048309178745,11.83574879227053,20.189210950080515,2.3483628556092326,6.709608158883521,1.2144390767579174,0.7246376811594203,7.5281803542673105,0.03354804079441761,0.14761137949543746,0.6508319914117016
162,7.991143317230274,26.570048309178745,14.070048309178745,11.83574879227053,20.175791733762747,2.3483628556092326,6.709608158883521,1.2144390767579174,0.7246376811594203,7.5281803542673105,0.03354804079441761,0.14761137949543746,0.6508319914117016
163,7.991143317230274,26.476113794954376,14.184111647879764,11.822329575952764,20.162372517444982,2.3483628556092326,6.709608158883521,1.2144390767579174,0.7246376811594203,7.521470746108427,0.03354804079441761,0.1610305958132045,0.6508319914117016
164,8.004562533548041,26.442565754159958,14.257917337627482,11.688137412775093,20.108695652173914,2.3483628556092326,6.850509930220075,1.2077294685990339,0.7246376811594203,7.521470746108427,0.03354804079441761,0.1610305958132045,0.6508319914117016
165,7.971014492753623,25.49651100375738,14.184111647879764,11.688137412775093,19.840311325818572,3.7037037037037037,6.769994632313473,1.2077294685990339,0.7246376811594203,7.568438003220612,0.03354804079441761,0.1610305958132045,0.6508319914117016
166,7.957595276435856,25.335480407944175,14.184111647879764,11.56736446591519,19.867149758454108,3.717122920021471,6.776704240472356,1.415727321524423,0.7648953301127214,7.514761137949543,0.03354804079441761,0.1610305958132045,0.7045088566827697
167,8.004562533548041,25.214707461084274,14.378690284487385,11.493558776167472,19.81347289318304,3.717122920021471,6.756575415995706,1.415727321524423,0.7648953301127214,7.521470746108427,0.05367686527106817,0.1610305958132045,0.7045088566827697
168,8.017981749865807,25.07380568974772,14.224369296833064,11.58749329039184,19.746376811594203,3.7640901771336552,6.951154052603328,1.3352120236178207,0.8319914117015567,7.561728395061729,0.05367686527106817,0.1610305958132045,0.6910896403650026
169,8.051529790660226,25.046967257112186,14.358561460010735,11.486849168008588,19.692699946323135,3.7640901771336552,6.951154052603328,1.3352120236178207,0.8252818035426731,7.561728395061729,0.05367686527106817,0.1610305958132045,0.7112184648416533
170,8.071658615136876,25.013419216317768,14.318303811057435,11.41304347826087,19.53166935050993,3.7573805689747717,6.998121309715513,1.3620504562533549,0.9192163177670424,7.702630166398282,0.05367686527106817,0.14761137949543746,0.7112184648416533
171,7.997852925389157,24.724906065485776,14.459205582393988,11.131239935587761,17.921363392377884,7.521470746108427,5.9514224369296835,1.3553408480944713,0.9125067096081588,7.185990338164252,0.05367686527106817,0.14761137949543746,0.6374127750939346
172,8.071658615136876,24.718196457326894,14.53972088030059,11.16478797638218,17.72007514761138,7.568438003220612,5.763553408480945,1.328502415458937,0.9796027911969941,7.347020933977456,0.03354804079441761,0.1274825550187869,0.6374127750939346
173,8.105206655931294,24.664519592055825,14.586688137412775,11.131239935587761,17.59259259259259,7.568438003220612,5.730005367686527,1.3553408480944713,0.9796027911969941,7.461084272678476,0.03354804079441761,0.15432098765432098,0.6374127750939346
174,8.038110574342458,24.422973698336016,14.626945786366075,11.332528180354267,17.746913580246915,7.555018786902845,5.730005367686527,1.3217928073000538,0.9594739667203436,7.440955448201825,0.03354804079441761,0.15432098765432098,0.6374127750939346
175,7.937466451959206,24.510198604401502,14.855072463768115,11.345947396672035,17.398013955984972,7.548309178743962,5.730005367686527,1.3217928073000538,0.9796027911969941,7.5281803542673105,0.05367686527106817,0.15432098765432098,0.6374127750939346
176,7.971014492753623,24.382716049382715,14.935587761674718,11.439881910896403,17.317498658078367,7.427536231884058,5.730005367686527,1.3150831991411702,1.0735373054213635,7.561728395061729,0.05367686527106817,0.15432098765432098,0.6374127750939346
177,7.98443370907139,24.422973698336016,15.042941492216855,11.3593666129898,17.20343531937735,7.427536231884058,5.730005367686527,1.3150831991411702,1.1741814278046163,7.494632313472893,0.05367686527106817,0.15432098765432098,0.6374127750939346
178,8.004562533548041,24.08078368223296,15.378421900161031,11.352657004830919,17.16988727858293,7.427536231884058,5.730005367686527,1.288244766505636,1.1741814278046163,7.548309178743962,0.05367686527106817,0.15432098765432098,0.6374127750939346
179,8.038110574342458,23.993558776167472,15.445517981749866,11.366076221148685,17.06924315619968,7.360440150295223,5.730005367686527,1.288244766505636,1.261406333870102,7.568438003220612,0.05367686527106817,0.15432098765432098,0.6709608158883521
180,7.997852925389157,23.906333870101985,15.35829307568438,11.741814278046162,16.901502952227588,7.360440150295223,5.743424584004294,1.3754696725711217,1.288244766505636,7.447665056360709,0.05367686527106817,0.15432098765432098,0.6709608158883521
181,8.011272141706923,23.8191089640365,15.35829307568438,11.600912506709609,16.861245303274288,7.367149758454106,5.803811057434245,1.4626945786366077,1.328502415458937,7.440955448201825,0.05367686527106817,0.2214170692431562,0.6709608158883521
182,7.997852925389157,23.72517444981213,15.411969940955448,11.594202898550725,16.941760601180892,7.340311325818572,5.803811057434245,1.4626945786366077,1.3486312399355878,7.427536231884058,0.05367686527106817,0.2214170692431562,0.6709608158883521
183,7.930756843800322,23.2487922705314,15.485775630703166,11.43317230273752,17.270531400966185,7.501341921631776,5.917874396135265,1.4626945786366077,1.3486312399355878,7.440955448201825,0.05367686527106817,0.23483628556092323,0.6709608158883521
184,7.9106280193236715,23.2487922705314,15.566290928609769,11.426462694578637,17.2638217928073,7.481213097155126,5.917874396135265,1.4358561460010735,1.3486312399355878,7.440955448201825,0.05367686527106817,0.23483628556092323,0.6709608158883521
185,7.997852925389157,22.953569511540525,15.727321524422974,11.520397208803006,17.163177670424048,7.4141170155662905,5.83064949006978,1.5029522275899088,1.3083735909822867,7.648953301127214,0.05367686527106817,0.23483628556092323,0.644122383252818
186,7.749597423510467,22.34970477724101,15.673644659151906,11.473429951690822,18.625872249060656,6.91760601180891,5.964841653247451,1.5029522275899088,1.2345679012345678,7.575147611379496,0.05367686527106817,0.23483628556092323,0.644122383252818
187,7.776435856146001,22.19538378958669,15.485775630703166,11.627750939345143,18.451422436929683,6.904186795491143,6.092324208266238,1.5029522275899088,1.3016639828234031,7.729468599033816,0.05367686527106817,0.23483628556092323,0.644122383252818
188,7.830112721417069,22.148416532474503,15.485775630703166,11.621041331186259,18.344068706387546,6.890767579173376,6.152710681696189,1.4962426194310252,1.3016639828234031,7.796564680622652,0.05367686527106817,0.23483628556092323,0.644122383252818
