,45,50,51,55,54,52,53,56,60,57,59,58,61
0,97.85963499731616,2.1403650026838434,,,,,,,,,,,
1,96.33655394524959,3.4286097691894795,0.23483628556092323,,,,,,,,,,
2,95.47772410091251,4.2270531400966185,0.2683843263553409,0.026838432635534086,,,,,,,,,
3,94.55850778314546,5.10601180891036,0.2952227589908749,0.026838432635534086,0.013419216317767043,,,,,,,,
4,93.24342458400429,6.3070316693505095,0.3488996242619431,0.026838432635534086,0.013419216317767043,0.06038647342995169,,,,,,,
5,90.58641975308642,8.876811594202898,0.4092860976918948,0.026838432635534086,0.013419216317767043,0.06038647342995169,0.026838432635534086,,,,,,
6,90.08319914117016,9.353193773483628,0.43612453032742887,0.026838432635534086,0.013419216317767043,0.06038647342995169,0.026838432635534086,,,,,,
7,88.2380568974772,10.997047772410092,0.5032206119162641,0.026838432635534086,0.013419216317767043,0.16774020397208803,0.05367686527106817,,,,,,
8,87.26516371443908,11.788781535158346,0.5300590445517982,0.026838432635534086,0.026838432635534086,0.28180354267310787,0.08051529790660225,,,,,,
9,86.3593666129898,12.5402576489533,0.5434782608695652,0.03354804079441761,0.026838432635534086,0.41599570585077833,0.08051529790660225,,,,,,
10,85.47369833601718,13.378958668813741,0.5703166935050993,0.05367686527106817,0.026838432635534086,0.41599570585077833,0.08051529790660225,,,,,,
11,84.63499731615674,14.163982823403114,0.5971551261406334,0.05367686527106817,0.04696725711218465,0.4227053140096618,0.08051529790660225,,,,,,
12,75.69779924852389,22.987117552334944,0.6709608158883521,0.08722490606548577,0.04696725711218465,0.4092860976918948,0.10064412238325282,,,,,,
13,73.2487922705314,25.11406333870102,0.7581857219538379,0.27509393451422437,0.04696725711218465,0.43612453032742887,0.12077294685990338,,,,,,
14,71.80622651637144,26.221148684916802,0.8252818035426731,0.2885131508319914,0.24154589371980675,0.49651100375738055,0.12077294685990338,,,,,,
15,71.34997316156736,26.496242619431026,0.8789586688137413,0.4025764895330113,0.24154589371980675,0.5233494363929146,0.10735373054213634,,,,,,
16,68.39774557165862,29.274020397208805,0.9259259259259259,0.46967257112184646,0.2549651100375738,0.5501878690284487,0.1274825550187869,,,,,,
17,67.93478260869566,29.13311862587225,1.0332796564680622,0.9125067096081588,0.2549651100375738,0.5904455179817498,0.14090177133655393,,,,,,
18,66.12989801395598,30.669618894256576,1.0332796564680622,1.0802469135802468,0.2549651100375738,0.6105743424584005,0.2214170692431562,,,,,,
19,65.80783682232958,30.837359098228664,1.0802469135802468,1.1137949543746646,0.30864197530864196,0.630703166935051,0.2214170692431562,,,,,,
20,65.3918411164788,30.52871712292002,1.1943102522812667,1.4559849704777241,0.5099302200751477,0.6776704240472357,0.24154589371980675,,,,,,
21,61.178207192699944,34.16532474503489,1.4358561460010735,1.7042404723564144,0.5837359098228664,0.6776704240472357,0.2549651100375738,,,,,,
22,58.9975845410628,35.909822866344605,1.5230810520665594,2.033011272141707,0.6239935587761675,0.644122383252818,0.2683843263553409,,,,,,
23,58.541331186258724,35.91653247450349,1.6505636070853462,2.200751476113795,0.6843800322061192,0.6709608158883521,0.33548040794417605,,,,,,
24,55.53542673107891,36.902844873859365,3.5091250670960816,2.2208803005904456,0.6508319914117016,0.7447665056360708,0.43612453032742887,,,,,,
25,55.14626945786366,36.72839506172839,3.6902844873859366,2.4154589371980677,0.6508319914117016,0.9125067096081588,0.4562533548040794,,,,,,
26,54.99865807836822,36.41975308641975,3.9586688137412773,2.5697799248523885,0.6374127750939346,0.8990874932903918,0.48980139559849706,0.026838432635534086,,,,,
27,54.82420826623725,36.38620504562534,4.086151368760064,2.623456790123457,0.6374127750939346,0.9259259259259259,0.48980139559849706,0.026838432635534086,,,,,
28,50.89237788513151,41.06280193236715,3.2340311325818574,2.6502952227589907,0.7313472893183038,0.8923778851315083,0.5099302200751477,0.026838432635534086,,,,,
29,46.43048845947396,45.46430488459474,3.099838969404187,2.717391304347826,0.8185721953837896,0.8789586688137413,0.5636070853462157,0.026838432635534086,,,,,
30,45.69243156199678,45.69914117015566,3.2742887815351582,2.965646806226516,0.8856682769726248,0.8387010198604401,0.6172839506172839,0.026838432635534086,,,,,
31,45.3972088030059,45.571658615136876,3.33467525496511,3.0595813204508855,0.9057971014492754,1.093666129898014,0.6105743424584005,0.026838432635534086,,,,,
32,45.01476113794954,45.7662372517445,3.4286097691894795,3.0931293612453032,0.9326355340848095,1.093666129898014,0.644122383252818,0.026838432635534086,,,,,
33,44.7866344605475,45.63204508856683,3.5091250670960816,2.985775630703167,0.9728931830381106,1.3687600644122384,0.7179280730005367,0.026838432635534086,,,,,
34,44.196188942565755,45.75952764358561,3.629898013955985,3.166935050993022,1.1003757380568975,1.3955984970477724,0.7246376811594203,0.026838432635534086,,,,,
35,43.874127750939344,45.880300590445515,3.7037037037037037,3.193773483628556,1.1272141706924315,1.42914653784219,0.7648953301127214,0.026838432635534086,,,,,
36,43.88083735909823,45.61862587224906,3.69699409554482,3.3011272141706924,1.2010198604401503,1.4895330112721417,0.785024154589372,0.026838432635534086,,,,,
37,43.69296833064949,45.3972088030059,3.8311862587224907,3.435319377348363,1.2546967257112185,1.5432098765432098,0.8185721953837896,0.026838432635534086,,,,,
38,26.603596349973163,64.02308105206656,2.4892646269457863,3.6366076221148687,1.2815351583467525,1.221148684916801,0.6977992485238862,0.04696725711218465,,,,,
39,26.50966183574879,63.466183574879224,2.4825550187869028,4.2203435319377345,1.3150831991411702,1.247987117552335,0.7112184648416533,0.04696725711218465,,,,,
40,26.46940418679549,62.734836285560924,2.563070316693505,4.757112184648417,1.4090177133655395,1.3083735909822867,0.7112184648416533,0.04696725711218465,,,,,
41,25.281803542673106,64.06333870101986,2.5697799248523885,4.757112184648417,1.3150831991411702,1.2144390767579174,0.7246376811594203,0.07380568974771873,,,,,
42,25.167740203972087,63.71443907675792,2.657004830917874,4.931561996779388,1.3687600644122384,1.328502415458937,0.7581857219538379,0.07380568974771873,,,,,
43,24.315619967793882,64.56655931293612,2.5831991411701556,5.065754159957058,1.3821792807300053,1.247987117552335,0.7648953301127214,0.07380568974771873,,,,,
44,24.288781535158346,64.15056360708535,2.6637144390767578,5.300590445517981,1.3888888888888888,1.2546967257112185,0.8655394524959742,0.08722490606548577,,,,,
45,24.013687600644122,64.03650026838433,2.7308105206655933,5.367686527106817,1.5901771336553945,1.261406333870102,0.9125067096081588,0.08722490606548577,,,,,
46,23.731884057971016,60.29253891572732,2.932098765432099,8.709071390230811,1.8250134192163177,1.328502415458937,1.0534084809447128,0.10735373054213634,0.020128824476650563,,,,
47,23.64465915190553,59.62157809983897,2.965646806226516,8.99087493290392,1.8183038110574343,1.737788513150832,1.0466988727858293,0.10735373054213634,0.06709608158883522,,,,
48,19.02173913043478,66.10305958132045,2.2745571658615136,8.521202361782072,1.3955984970477724,1.5163714439076759,0.9460547504025765,0.15432098765432098,0.06709608158883522,,,,
49,19.189479334406872,65.5126140633387,2.2946859903381642,8.76274825550188,1.4761137949543746,1.5163714439076759,1.0198604401502953,0.1610305958132045,0.06709608158883522,,,,
50,19.39747718733226,64.86849168008588,2.254428341384863,8.970746108427267,1.6371443907675791,1.596886741814278,1.0198604401502953,0.1878690284487386,0.06709608158883522,,,,
51,18.739935587761675,62.245034889962426,2.281266774020397,9.23913043478261,1.7176596886741815,4.414922168545357,1.0332796564680622,0.1878690284487386,0.06709608158883522,0.07380568974771873,,,
52,18.84728931830381,61.86929683306495,2.3081052066559313,9.420289855072463,1.710950080515298,4.374664519592056,1.0869565217391304,0.1878690284487386,0.06709608158883522,0.1274825550187869,,,
53,18.98148148148148,61.580783682232955,2.3215244229736984,9.4873859366613,1.7310789049919484,4.28743961352657,1.1607622114868492,0.1878690284487386,0.0939345142243693,0.14090177133655393,0.026838432635534086,,
54,19.11567364465915,60.929951690821255,2.254428341384863,9.876543209876543,1.6975308641975309,4.367954911433173,1.261406333870102,0.2214170692431562,0.0939345142243693,0.15432098765432098,0.026838432635534086,,
55,19.243156199677937,60.52066559312936,2.26784755770263,10.010735373054214,1.7042404723564144,4.408212560386473,1.2949543746645196,0.23483628556092323,0.0939345142243693,0.1610305958132045,0.026838432635534086,0.03354804079441761,
56,19.33709071390231,59.92351046698873,2.3886205045625335,10.34621578099839,1.778046162104133,4.40150295222759,1.2748255501878691,0.23483628556092323,0.0939345142243693,0.1610305958132045,0.026838432635534086,0.03354804079441761,
57,19.43773483628556,59.38003220611916,2.4154589371980677,10.50053676865271,1.8048845947396672,4.394793344068707,1.3888888888888888,0.32877079978529256,0.11406333870101985,0.17444981213097155,0.026838432635534086,0.03354804079441761,
58,19.43102522812668,59.16532474503489,2.4221685453569513,10.57434245840043,1.9189479334406871,4.3545356951154055,1.415727321524423,0.32877079978529256,0.1274825550187869,0.20128824476650564,0.026838432635534086,0.03354804079441761,
59,19.424315619967793,58.641975308641975,2.4221685453569513,10.95679012345679,2.033011272141707,4.374664519592056,1.42914653784219,0.32877079978529256,0.1274825550187869,0.20128824476650564,0.026838432635534086,0.03354804079441761,
60,19.082125603864736,56.085614600107355,2.5026838432635534,10.88298443370907,2.01959205582394,4.334406870638754,4.28743961352657,0.32877079978529256,0.1274825550187869,0.2147074610842727,0.026838432635534086,0.10735373054213634,
61,19.0150295222759,55.26033279656468,2.5026838432635534,11.460010735373054,2.100107353730542,4.3545356951154055,4.502147074610843,0.3421900161030596,0.1274825550187869,0.2281266774020397,,0.10735373054213634,
62,19.048577563070317,54.730273752012884,2.636876006441224,11.681427804616211,2.187332259796028,4.40150295222759,4.508856682769726,0.3421900161030596,0.14090177133655393,0.2147074610842727,,0.10735373054213634,
63,19.142512077294686,54.39479334406871,2.6301663982823404,11.748523886205046,2.2074610842726785,4.49543746645196,4.502147074610843,0.35560923242082665,0.14090177133655393,0.2147074610842727,0.026838432635534086,0.14090177133655393,
64,19.04186795491143,53.4621578099839,2.7106816961889426,12.224906065485776,2.6301663982823404,4.562533548040794,4.435050993022007,0.3824476650563607,0.1274825550187869,0.2147074610842727,0.06709608158883522,0.14090177133655393,
65,18.592324208266238,48.87278582930757,2.509393451422437,9.91009125067096,2.4355877616747184,12.332259796027913,4.468599033816425,0.36902844873859364,0.05367686527106817,0.28180354267310787,0.040257648953301126,0.13419216317767044,
66,13.110574342458401,60.950080515297905,1.8115942028985508,8.011272141706923,2.2074610842726785,11.98336017176597,1.3217928073000538,0.2952227589908749,,0.30864197530864196,,,
67,12.010198604401502,60.87627482555019,3.0730005367686526,8.21256038647343,2.120236178207193,11.674718196457327,1.4090177133655395,0.2683843263553409,,0.35560923242082665,,,
68,12.171229200214707,60.50053676865271,3.0730005367686526,8.353462157809984,2.13365539452496,11.560654857756306,1.5029522275899088,0.30193236714975846,,0.4025764895330113,,,
69,12.164519592055823,60.02415458937198,3.1535158346752548,8.454106280193237,2.3483628556092326,11.553945249597424,1.5633387010198605,0.2885131508319914,,0.4495437466451959,,,
70,12.171229200214707,59.58803005904455,3.1602254428341383,8.447396672034353,2.4355877616747184,11.647879763821793,1.8183038110574343,0.28180354267310787,,0.4495437466451959,,,
71,12.191358024691358,59.29951690821256,3.180354267310789,8.61513687600644,2.536231884057971,11.540526033279656,1.8183038110574343,0.28180354267310787,,0.5367686527106817,,,
72,12.265163714439076,55.683038110574344,3.2139023081052067,8.32662372517445,2.7106816961889426,14.774557165861514,1.8786902844873858,0.28180354267310787,,0.8655394524959742,,,
73,12.379227053140097,55.34755770263017,3.280998389694042,8.467525496511003,2.7979066022544283,14.620236178207193,1.9122383252818036,0.30864197530864196,,0.8454106280193237,,0.040257648953301126,
74,12.050456253354804,51.49624261943102,6.964573268921095,7.897208803005904,2.38191089640365,14.103596349973161,3.851315083199141,0.36231884057971014,,0.8319914117015567,,0.06038647342995169,
75,12.070585077831455,50.89237788513151,7.011540526033279,8.185721953837897,2.6167471819645733,14.023081052066559,3.9452495974235107,0.36231884057971014,0.013419216317767043,0.8185721953837896,,0.06038647342995169,
76,12.157809983896941,50.24825550187869,6.9243156199677935,8.514492753623188,2.804616210413312,13.727858293075684,4.159957058507783,0.4294149221685454,0.013419216317767043,0.9326355340848095,,0.08722490606548577,
77,12.224906065485776,49.85238862050456,6.89747718733226,8.55475040257649,2.818035426731079,13.694310252281268,4.253891572732153,0.5233494363929146,0.013419216317767043,1.0802469135802468,,0.08722490606548577,
78,12.392646269457863,49.18142780461621,6.91760601180891,8.82313472893183,3.026033279656468,13.613794954374665,4.274020397208803,0.5099302200751477,0.013419216317767043,1.1473429951690821,,0.10064412238325282,
79,12.446323134728932,48.58427267847558,6.91760601180891,9.145195920558239,3.193773483628556,13.593666129898015,4.28743961352657,0.5099302200751477,0.013419216317767043,1.1808910359634996,,0.1274825550187869,
80,12.560386473429952,47.73215244229737,6.9243156199677935,9.581320450885668,3.307836822329576,13.378958668813741,4.502147074610843,0.5300590445517982,0.013419216317767043,1.3150831991411702,0.026838432635534086,0.1274825550187869,
81,12.593934514224369,47.47047772410091,6.8035426731078905,9.73564143853999,3.3816425120772946,13.318572195383789,4.542404723564144,0.5166398282340311,0.013419216317767043,1.4694041867954912,0.026838432635534086,0.1274825550187869,
82,12.70799785292539,46.88674181427805,6.6827697262479875,10.245571658615138,3.44873859366613,13.217928073000536,4.502147074610843,0.6508319914117016,0.013419216317767043,1.5297906602254427,0.026838432635534086,0.08722490606548577,
83,11.560654857756306,49.3491680085883,5.964841653247451,10.25228126677402,3.33467525496511,12.667740203972087,4.4753086419753085,0.6508319914117016,0.013419216317767043,1.6170155662909287,0.026838432635534086,0.08722490606548577,
84,11.325818572195384,49.362587224906065,5.776972624798712,10.493827160493828,3.3279656468062266,12.701288244766506,4.502147074610843,0.7917337627482555,0.013419216317767043,1.5901771336553945,0.026838432635534086,0.08722490606548577,
85,11.312399355877616,48.8996242619431,6.038647342995169,10.473698336017177,3.556092324208266,12.640901771336553,4.562533548040794,0.8051529790660226,0.013419216317767043,1.583467525496511,0.026838432635534086,0.08722490606548577,
86,11.33923778851315,48.51717659688674,5.978260869565218,10.815888352120236,3.670155662909286,12.5402576489533,4.488727858293076,0.8588298443370908,0.013419216317767043,1.6505636070853462,0.026838432635534086,0.10064412238325282,
87,11.560654857756306,48.22195383789587,5.958132045088567,10.916532474503489,3.69699409554482,12.5,4.42163177670424,0.8923778851315083,0.013419216317767043,1.6572732152442298,0.026838432635534086,0.13419216317767044,
88,9.728931830381105,43.022007514761135,15.063070316693505,9.990606548577563,3.166935050993022,11.943102522812667,4.133118625872249,1.1272141706924315,0.013419216317767043,1.6505636070853462,0.026838432635534086,0.13419216317767044,
89,9.668545356951155,42.68652710681696,15.237520128824476,10.198604401502953,3.180354267310789,11.922973698336017,4.126409017713366,1.1540526033279657,0.013419216317767043,1.6505636070853462,0.026838432635534086,0.13419216317767044,
90,9.695383789586689,42.15646806226516,15.076489533011273,10.433440687063875,3.797638217928073,11.741814278046162,3.9720880300590444,1.1540526033279657,0.026838432635534086,1.8250134192163177,0.026838432635534086,0.0939345142243693,
91,9.802737520128824,41.6532474503489,15.03623188405797,10.748792270531402,3.670155662909286,11.594202898550725,3.844605475040258,1.5163714439076759,0.026838432635534086,1.9726247987117553,0.026838432635534086,0.10735373054213634,
92,8.467525496511003,36.3593666129898,23.577563070316693,9.762479871175524,3.260869565217391,11.084272678475577,3.5426731078904994,1.8115942028985508,0.026838432635534086,1.9793344068706387,0.026838432635534086,0.10064412238325282,
93,8.628556092324208,35.99704777241009,23.329307568438004,9.96376811594203,3.2340311325818574,11.117820719269995,3.670155662909286,1.9256575415995705,0.026838432635534086,1.9793344068706387,0.026838432635534086,0.10064412238325282,
94,8.742619431025227,35.68169618894257,23.141438539989263,10.0979602791197,3.3816425120772946,11.057434245840042,3.7104133118625873,2.0665593129361244,0.026838432635534086,1.9659151905528718,0.026838432635534086,0.10064412238325282,
95,9.03113258185722,35.178475577026305,22.36983360171766,10.446859903381643,3.4286097691894795,10.970209339774557,3.69699409554482,2.7979066022544283,0.026838432635534086,1.9256575415995705,0.026838432635534086,0.10064412238325282,
96,9.131776704240472,34.66183574879227,22.148416532474503,10.265700483091788,3.9318303811057436,10.856146001073537,3.878153515834675,2.999194847020934,0.026838432635534086,1.9390767579173376,0.05367686527106817,0.10735373054213634,
97,9.111647879763822,34.628287707997856,21.93370907139023,10.305958132045088,3.978797638217928,10.815888352120236,3.92512077294686,3.1333870101986045,0.026838432635534086,1.9793344068706387,0.05367686527106817,0.10735373054213634,
98,9.29951690821256,34.16532474503489,21.792807300053678,10.339506172839506,4.320987654320987,10.775630703166936,3.878153515834675,3.180354267310789,0.040257648953301126,2.046430488459474,0.05367686527106817,0.10735373054213634,
99,9.41358024691358,33.943907675791735,21.36339237788513,10.299248523886206,4.569243156199678,10.755501878690284,3.8580246913580245,3.535963499731616,0.07380568974771873,2.0128824476650564,0.05367686527106817,0.12077294685990338,
100,9.567901234567902,33.78958668813741,21.034621578099838,10.285829307568438,4.528985507246377,10.735373054213634,3.878153515834675,3.851315083199141,0.08051529790660225,2.0263016639828235,0.05367686527106817,0.16774020397208803,
101,8.890230810520666,38.506441223832525,20.30998389694042,10.111379495437467,4.086151368760064,8.21256038647343,3.7037037037037037,4.28743961352657,0.05367686527106817,1.570048309178744,0.05367686527106817,0.2147074610842727,
102,8.917069243156199,38.21121846484165,20.142243692968332,10.319377348362856,4.146537842190016,8.179012345679013,3.730542136339238,4.441760601180891,0.05367686527106817,1.583467525496511,0.05367686527106817,0.2214170692431562,
103,9.064680622651638,37.7012882447665,20.034889962426195,10.406602254428341,4.4753086419753085,8.152173913043478,3.7909286097691894,4.461889425657541,0.05367686527106817,1.583467525496511,0.05367686527106817,0.2214170692431562,
104,9.192163177670425,37.513419216317764,19.80005367686527,10.420021470746109,4.435050993022007,8.13875469672571,3.7573805689747717,4.85775630703167,0.05367686527106817,1.596886741814278,0.026838432635534086,0.20799785292538917,
105,9.346484165324744,37.33225979602791,19.545088566827697,10.413311862587225,4.51556629092861,8.05823939881911,3.8043478260869565,5.032206119162641,0.05367686527106817,1.6639828234031133,0.026838432635534086,0.20799785292538917,
106,9.494095544820183,37.144390767579175,19.310252281266774,10.50053676865271,4.643048845947397,8.05823939881911,3.770799785292539,5.059044551798175,0.05367686527106817,1.6706924315619969,0.04696725711218465,0.24825550187869028,
107,9.655126140633387,36.922973698336016,19.216317767042405,10.513955984970478,4.64975845410628,8.11862587224906,3.898282340311326,5.025496511003757,0.05367686527106817,1.6438539989264627,0.04696725711218465,0.24154589371980675,0.013419216317767043
108,9.688674181427805,36.41304347826087,18.99490069779925,10.379763821792807,4.683306494900698,8.158883521202362,4.549114331723027,5.193236714975845,0.05367686527106817,1.5499194847020934,0.06709608158883522,0.2549651100375738,0.013419216317767043
109,9.749060654857756,36.11782071926999,18.98148148148148,10.607890499194847,4.7638217928073,8.071658615136876,4.5960815888352125,5.173107890499195,0.05367686527106817,1.5499194847020934,0.06709608158883522,0.2549651100375738,0.013419216317767043
110,9.75577026301664,35.581052066559316,18.874127750939344,11.158078368223295,4.871175523349437,8.111916264090176,4.656468062265164,5.052334943639291,0.05367686527106817,1.5499194847020934,0.06709608158883522,0.2549651100375738,0.013419216317767043
111,9.836285560923242,35.158346752549654,18.800322061191626,11.466720343531938,4.918142780461621,8.11862587224906,4.7168545356951155,5.10601180891036,0.05367686527106817,1.4895330112721417,0.06709608158883522,0.2549651100375738,0.013419216317767043
112,9.829575952764358,35.03086419753087,18.686258722490606,11.540526033279656,4.924852388620504,8.152173913043478,4.750402576489533,5.139559849704777,0.05367686527106817,1.5633387010198605,0.06709608158883522,0.24825550187869028,0.013419216317767043
113,9.883252818035427,34.66183574879227,18.69296833064949,11.621041331186259,5.340848094471283,7.971014492753623,4.757112184648417,5.10601180891036,0.07380568974771873,1.5499194847020934,0.08051529790660225,0.24825550187869028,0.013419216317767043
114,10.02415458937198,34.43370907139023,18.552066559312937,11.506977992485238,5.555555555555555,7.930756843800322,4.7638217928073,5.253623188405797,0.07380568974771873,1.5297906602254427,0.08051529790660225,0.28180354267310787,0.013419216317767043
115,10.071121846484166,34.20558239398819,18.317230273752013,11.480139559849706,5.60252281266774,8.13875469672571,4.810789049919484,5.367686527106817,0.05367686527106817,1.5499194847020934,0.08051529790660225,0.30864197530864196,0.013419216317767043
116,10.091250670960816,33.93719806763285,18.00187869028449,11.79549114331723,5.884326355340848,8.11862587224906,4.898013955984971,5.246913580246914,0.05367686527106817,1.570048309178744,0.08051529790660225,0.30864197530864196,0.013419216317767043
117,10.198604401502953,33.662104133118625,17.914653784219002,11.976650563607086,5.904455179817498,8.111916264090176,4.958400429414922,5.246913580246914,0.05367686527106817,1.5432098765432098,0.08051529790660225,0.33548040794417605,0.013419216317767043
118,10.299248523886206,33.3870101986044,17.807300053676865,12.090713902308105,6.025228126677402,8.152173913043478,4.924852388620504,5.3341384863123995,0.05367686527106817,1.4962426194310252,0.08051529790660225,0.33548040794417605,0.013419216317767043
119,10.02415458937198,32.58185721953838,19.672571121846484,11.929683306494901,5.803811057434245,8.064949006977992,4.643048845947397,5.287171229200215,0.05367686527106817,1.5096618357487923,0.08051529790660225,0.33548040794417605,0.013419216317767043
120,10.158346752549651,32.33360171765969,19.47128287707998,12.00348899624262,6.025228126677402,7.971014492753623,4.7168545356951155,5.314009661835748,0.05367686527106817,1.5365002683843263,0.08051529790660225,0.322061191626409,0.013419216317767043
121,10.19189479334407,32.15915190552872,19.30354267310789,11.929683306494901,6.166129898013956,8.132045088566828,4.730273752012883,5.340848094471283,0.05367686527106817,1.5767579173376274,0.08051529790660225,0.322061191626409,0.013419216317767043
122,10.265700483091788,31.99812130971551,19.155931293612454,11.922973698336017,6.213097155126141,8.11862587224906,4.74369296833065,5.448201825013419,0.06709608158883522,1.6505636070853462,0.08051529790660225,0.322061191626409,0.013419216317767043
123,10.399892646269459,31.49490069779925,18.67283950617284,12.31213097155126,6.615673644659152,8.158883521202362,4.74369296833065,5.495169082125604,0.06709608158883522,1.6371443907675791,0.08051529790660225,0.30864197530864196,0.013419216317767043
124,10.017444981213098,30.595813204508858,17.51207729468599,12.016908212560386,7.474503488996243,8.152173913043478,6.763285024154589,5.35426731078905,0.10735373054213634,1.6639828234031133,0.06709608158883522,0.23483628556092323,0.040257648953301126
125,10.091250670960816,30.54213633923779,17.444981213097154,11.969940955448202,7.5348899624261945,8.085077831454644,6.655931293612453,5.428073000536768,0.10064412238325282,1.8183038110574343,0.06709608158883522,0.2214170692431562,0.040257648953301126
126,10.245571658615138,30.139559849704778,17.444981213097154,12.171229200214707,7.555018786902845,8.044820182501342,6.769994632313473,5.367686527106817,0.10064412238325282,1.751207729468599,0.17444981213097155,0.19457863660762212,0.040257648953301126
127,10.279119699409554,29.857756307031668,17.297369833601717,12.372517444981213,7.5281803542673105,8.05823939881911,6.863929146537842,5.475040257648954,0.10064412238325282,1.7579173376274826,0.17444981213097155,0.19457863660762212,0.040257648953301126
128,10.38647342995169,29.66988727858293,17.24369296833065,12.453032742887816,7.601986044015029,7.957595276435856,6.91760601180891,5.434782608695652,0.14090177133655393,1.7713365539452497,0.17444981213097155,0.19457863660762212,0.05367686527106817
129,10.507246376811594,29.441760601180892,17.09608158883521,12.439613526570048,7.6556629092860975,7.9106280193236715,6.944444444444445,5.5689747718733225,0.1274825550187869,1.8384326355340848,0.20128824476650564,0.2147074610842727,0.05367686527106817
130,10.57434245840043,29.28743961352657,16.988727858293075,12.332259796027913,7.675791733762749,7.997852925389157,6.957863660762212,5.642780461621041,0.14090177133655393,1.9122383252818036,0.2214170692431562,0.2147074610842727,0.05367686527106817
131,10.57434245840043,29.22705314009662,16.881374127750938,12.338969404186795,7.62211486849168,8.064949006977992,7.024959742351046,5.683038110574342,0.14090177133655393,1.9122383252818036,0.2616747181964573,0.2147074610842727,0.05367686527106817
132,10.628019323671497,29.166666666666668,16.74718196457327,12.372517444981213,7.7361782071927,8.044820182501342,6.964573268921095,5.790391841116479,0.14090177133655393,1.8988191089640365,0.24154589371980675,0.2147074610842727,0.05367686527106817
133,10.61460010735373,29.106280193236714,16.505636070853463,12.318840579710145,7.75630703166935,8.07836822329576,7.092055823939882,5.978260869565218,0.14090177133655393,1.9122383252818036,0.24154589371980675,0.20128824476650564,0.05367686527106817
134,10.352925389157273,28.515834675254965,14.828234031132581,12.533548040794418,7.9106280193236715,8.501073537305421,9.057971014492754,5.703166935050993,0.10735373054213634,1.9726247987117553,0.24154589371980675,0.2214170692431562,0.05367686527106817
135,10.34621578099839,28.442028985507246,14.794685990338165,12.533548040794418,7.971014492753623,8.521202361782072,9.151905528717123,5.615942028985507,0.14761137949543746,1.9592055823939882,0.24154589371980675,0.2214170692431562,0.05367686527106817
136,10.453569511540525,28.073000536768653,14.593397745571659,12.392646269457863,8.541331186258722,8.487654320987655,9.057971014492754,5.783682232957595,0.14761137949543746,1.9390767579173376,0.2683843263553409,0.20799785292538917,0.05367686527106817
137,10.413311862587225,28.005904455179817,13.633923778851315,12.379227053140097,8.61513687600644,10.178475577026301,8.487654320987655,5.669618894256575,0.14090177133655393,1.932367149758454,0.28180354267310787,0.20799785292538917,0.05367686527106817
138,10.534084809447128,27.938808373590984,13.553408480944713,12.406065485775631,8.621846484165324,10.144927536231885,8.447396672034353,5.71658615136876,0.10735373054213634,1.9592055823939882,0.30864197530864196,0.20799785292538917,0.05367686527106817
139,10.674986580783683,27.42216854535695,13.519860440150294,12.191358024691358,9.23913043478261,10.077831454643048,8.460815888352121,5.803811057434245,0.12077294685990338,1.9256575415995705,0.27509393451422437,0.23483628556092323,0.05367686527106817
140,10.628019323671497,27.113526570048307,13.258185721953838,12.399355877616747,9.453837895866881,10.091250670960816,8.621846484165324,5.790391841116479,0.12077294685990338,1.9256575415995705,0.2952227589908749,0.24825550187869028,0.05367686527106817
141,10.668276972624799,26.120504562533547,13.258185721953838,13.191089640365004,9.789318303811058,9.970477724100913,8.521202361782072,5.736714975845411,0.14761137949543746,1.9994632313472893,0.2952227589908749,0.24825550187869028,0.05367686527106817
142,10.695115405260333,25.946054750402578,13.177670424047236,13.372249060654857,9.849704777241008,9.977187332259795,8.480944712828771,5.689747718733226,0.14761137949543746,2.0397208803005906,0.2952227589908749,0.27509393451422437,0.05367686527106817
143,10.701825013419215,25.771604938271604,12.93612453032743,13.94927536231884,9.802737520128824,9.997316156736447,8.299785292538916,5.756843800322061,0.15432098765432098,1.9994632313472893,0.30193236714975846,0.27509393451422437,0.05367686527106817
144,10.795759527643586,25.704508856682768,12.889157273215245,13.92914653784219,9.608158883521202,9.903381642512077,8.480944712828771,5.837359098228664,0.15432098765432098,2.0263016639828235,0.3421900161030596,0.27509393451422437,0.05367686527106817
145,10.876274825550189,25.53676865271068,12.86231884057971,14.06333870101986,9.500805152979066,9.849704777241008,8.561460010735374,5.8172302737520125,0.15432098765432098,2.073268921095008,0.3757380568974772,0.27509393451422437,0.05367686527106817
146,10.909822866344605,25.120772946859905,12.734836285560924,14.298174986580785,9.594739667203436,9.91009125067096,8.57487922705314,5.891035963499732,0.15432098765432098,2.0933977455716586,0.3757380568974772,0.27509393451422437,0.06709608158883522
147,10.983628556092324,24.698067632850243,12.681159420289855,14.486044015029522,9.702093397745571,9.957058507783145,8.655394524959743,5.857487922705314,0.15432098765432098,2.1068169618894257,0.3757380568974772,0.2616747181964573,0.08051529790660225
148,10.86285560923242,24.342458400429415,12.593934514224369,14.325013419216317,10.11808910359635,9.997316156736447,8.870101986044014,5.790391841116479,0.15432098765432098,2.13365539452496,0.46967257112184646,0.2616747181964573,0.08051529790660225
149,11.037305421363392,24.194847020933977,12.560386473429952,14.224369296833064,10.19189479334407,9.970477724100913,9.017713365539452,5.71658615136876,0.15432098765432098,2.13365539452496,0.4562533548040794,0.2616747181964573,0.08051529790660225
150,11.117820719269995,24.134460547504027,12.493290391841116,14.264626945786366,10.158346752549651,9.916800858829845,9.044551798174986,5.776972624798712,0.15432098765432098,2.0665593129361244,0.4830917874396135,0.28180354267310787,0.10735373054213634
151,10.856146001073537,23.832528180354267,12.338969404186795,14.486044015029522,10.037573805689748,10.413311862587225,9.125067096081589,5.783682232957595,0.18115942028985507,2.046430488459474,0.4562533548040794,0.33548040794417605,0.10735373054213634
152,10.775630703166936,23.765432098765434,12.157809983896941,14.351851851851851,10.57434245840043,10.393183038110575,9.205582393988191,5.669618894256575,0.2281266774020397,1.9860440150295222,0.4562533548040794,0.32877079978529256,0.10735373054213634
153,10.721953837895867,23.64465915190553,12.084004294149223,14.371980676328503,10.607890499194847,10.44015029522276,9.104938271604938,5.783682232957595,0.2147074610842727,2.0397208803005906,0.48980139559849706,0.38915727321524424,0.10735373054213634
154,10.648148148148149,23.55072463768116,12.04374664519592,14.42565754159957,10.909822866344605,10.34621578099839,8.977455716586151,5.877616747181965,0.2147074610842727,1.9860440150295222,0.5032206119162641,0.4092860976918948,0.10735373054213634
155,10.668276972624799,23.45679012345679,11.969940955448202,14.31159420289855,10.836017176596886,10.393183038110575,9.205582393988191,5.877616747181965,0.2281266774020397,1.9994632313472893,0.5367686527106817,0.4092860976918948,0.10735373054213634
156,10.567632850241546,23.470209339774556,11.829039184111648,14.2914653784219,11.030595813204508,10.426731078904991,9.212292002147075,5.877616747181965,0.2281266774020397,2.0128824476650564,0.49651100375738055,0.4495437466451959,0.10735373054213634
157,10.581052066559312,23.201825013419217,11.714975845410628,14.553140096618357,11.097691894793345,10.520665593129362,9.23913043478261,5.857487922705314,0.2281266774020397,1.9994632313472893,0.49651100375738055,0.4025764895330113,0.10735373054213634
158,10.701825013419215,22.96027911969941,11.614331723027375,14.600107353730541,11.097691894793345,10.487117552334944,9.373322597960279,5.870907139023081,0.2281266774020397,2.01959205582394,0.5099302200751477,0.4294149221685454,0.10735373054213634
159,10.896403650026839,22.832796564680624,11.540526033279656,14.626945786366075,11.20504562533548,10.466988727858293,9.272678475577026,5.83064949006978,0.2281266774020397,2.0531400966183573,0.5099302200751477,0.4294149221685454,0.10735373054213634
160,11.003757380568974,22.457058507783145,11.553945249597424,14.65378421900161,11.379495437466453,10.379763821792807,9.400161030595813,5.850778314546431,0.24154589371980675,2.0128824476650564,0.5099302200751477,0.4294149221685454,0.1274825550187869
161,11.07085346215781,22.322866344605476,11.446591519055287,14.700751476113794,11.426462694578637,10.339506172839506,9.447128287707997,5.844068706387547,0.2683843263553409,2.0263016639828235,0.5099302200751477,0.46967257112184646,0.1274825550187869
162,10.68840579710145,22.061191626409016,11.41304347826087,14.472624798711756,11.158078368223295,9.96376811594203,11.332528180354267,5.5756843800322065,0.2683843263553409,1.8719806763285025,0.5300590445517982,0.5367686527106817,0.1274825550187869
163,10.721953837895867,21.900161030595815,11.372785829307569,14.479334406870638,11.3191089640365,9.970477724100913,11.29898013955985,5.58239398819109,0.2683843263553409,1.8048845947396672,0.5501878690284487,0.6038647342995169,0.1274825550187869
164,10.84272678475577,21.866612989801396,11.117820719269995,14.345142243692969,11.16478797638218,10.00402576489533,11.728395061728396,5.495169082125604,0.2683843263553409,1.8317230273752012,0.5770263016639828,0.630703166935051,0.1274825550187869
165,10.856146001073537,21.71900161030596,11.084272678475577,14.13714439076758,11.460010735373054,10.071121846484166,11.768652710681696,5.434782608695652,0.2549651100375738,1.8853998926462694,0.5501878690284487,0.630703166935051,0.14761137949543746
166,10.809178743961352,21.62506709608159,10.903113258185721,14.398819108964037,11.379495437466453,10.272410091250672,11.681427804616211,5.4549114331723025,0.23483628556092323,1.9122383252818036,0.5233494363929146,0.6575415995705851,0.14761137949543746
167,10.809178743961352,21.443907675791735,10.869565217391305,14.398819108964037,11.513687600644122,10.279119699409554,11.701556629092861,5.515297906602254,0.23483628556092323,1.9390767579173376,0.5233494363929146,0.6239935587761675,0.14761137949543746
168,10.889694041867955,21.22249060654858,10.809178743961352,14.264626945786366,11.741814278046162,10.299248523886206,11.714975845410628,5.535426731078905,0.24825550187869028,1.90552871712292,0.5300590445517982,0.6776704240472357,0.1610305958132045
169,11.010466988727858,21.195652173913043,10.789049919484702,14.170692431561998,11.741814278046162,10.359634997316157,11.714975845410628,5.548845947396672,0.2281266774020397,1.8786902844873858,0.5367686527106817,0.6642512077294686,0.1610305958132045
170,11.030595813204508,21.128556092324207,10.829307568438002,14.076757917337627,11.782071926999464,10.420021470746109,11.701556629092861,5.515297906602254,0.19457863660762212,1.9256575415995705,0.5568974771873323,0.6642512077294686,0.17444981213097155
171,11.151368760064413,20.90042941492217,10.768921095008052,14.029790660225443,11.922973698336017,10.332796564680622,11.614331723027375,5.5756843800322065,0.2549651100375738,2.0263016639828235,0.5367686527106817,0.7112184648416533,0.17444981213097155
172,11.20504562533548,20.947396672034355,10.641438539989265,14.023081052066559,11.976650563607086,10.225442834138486,11.66129898013956,5.548845947396672,0.2549651100375738,2.1068169618894257,0.5367686527106817,0.7112184648416533,0.1610305958132045
173,11.258722490606548,20.725979602791195,10.755501878690284,13.747987117552334,11.949812130971551,10.285829307568438,11.929683306494901,5.4616210413311865,0.23483628556092323,2.1806226516371443,0.5703166935050993,0.7112184648416533,0.1878690284487386
174,11.178207192699947,20.45088566827697,10.84272678475577,13.942565754159958,12.110842726784755,10.305958132045088,11.876006441223833,5.360976918947934,0.23483628556092323,2.281266774020397,0.5434782608695652,0.6843800322061192,0.1878690284487386
175,11.292270531400966,20.356951154052602,11.023886205045626,13.90901771336554,12.084004294149223,10.178475577026301,11.808910359634996,5.381105743424584,0.23483628556092323,2.341653247450349,0.5166398282340311,0.6843800322061192,0.1878690284487386
176,11.117820719269995,19.524959742351047,10.513955984970478,13.20450885668277,12.117552334943639,10.124798711755233,14.412238325281804,5.152979066022544,0.20799785292538917,2.2342995169082127,0.48980139559849706,0.6843800322061192,0.2147074610842727
177,11.231884057971014,19.424315619967793,10.547504025764896,13.144122383252817,12.037037037037036,10.312667740203972,14.351851851851851,5.092592592592593,0.24825550187869028,2.1940418679549114,0.49651100375738055,0.7045088566827697,0.2147074610842727
178,11.137949543746645,19.296833064949006,10.59447128287708,13.070316693505099,12.29200214707461,10.312667740203972,14.452495974235104,5.065754159957058,0.24825550187869028,2.167203435319377,0.4830917874396135,0.6642512077294686,0.2147074610842727
179,11.18491680085883,19.243156199677937,10.520665593129362,12.99651100375738,12.245034889962426,10.755501878690284,14.298174986580785,5.045625335480408,0.23483628556092323,2.086688137412775,0.4830917874396135,0.6776704240472357,0.2281266774020397
180,11.218464841653248,19.14922168545357,10.406602254428341,13.030059044551798,12.157809983896941,10.82259796027912,14.31159420289855,5.032206119162641,0.23483628556092323,2.200751476113795,0.5233494363929146,0.6776704240472357,0.23483628556092323
181,11.345947396672035,19.048577563070317,10.38647342995169,13.24476650563607,12.144390767579173,10.715244229736983,14.278046162104133,4.951690821256038,0.23483628556092323,2.214170692431562,0.5166398282340311,0.7112184648416533,0.20799785292538917
182,11.386205045625335,18.907675791733762,10.319377348362856,13.405797101449275,12.385936661298981,10.61460010735373,14.237788513150832,4.911433172302737,0.23483628556092323,2.1940418679549114,0.5099302200751477,0.6843800322061192,0.20799785292538917
183,11.480139559849706,18.699677938808374,10.319377348362856,13.613794954374665,12.117552334943639,10.970209339774557,14.163982823403114,4.817498658078368,0.23483628556092323,2.187332259796028,0.5099302200751477,0.6508319914117016,0.23483628556092323
184,11.406333870101985,18.57890499194847,10.258990874932904,13.446054750402576,12.298711755233494,10.983628556092324,14.17740203972088,4.8376274825550185,0.23483628556092323,2.26784755770263,0.5099302200751477,0.7648953301127214,0.23483628556092323
185,11.399624261943103,18.45813204508857,10.225442834138486,13.372249060654857,12.587224906065487,10.976918947933441,14.103596349973161,4.8376274825550185,0.23483628556092323,2.2611379495437465,0.5501878690284487,0.7581857219538379,0.23483628556092323
186,11.600912506709609,18.38432635534085,10.151637144390767,13.264895330112722,12.5402576489533,11.225174449812132,13.982823403113258,4.8443370907139025,0.23483628556092323,2.2611379495437465,0.5434782608695652,0.7313472893183038,0.23483628556092323
187,11.29898013955985,18.243424584004295,10.151637144390767,13.050187869028449,12.399355877616747,12.372517444981213,13.868760064412239,4.757112184648417,0.2281266774020397,2.13365539452496,0.5233494363929146,0.7380568974771873,0.23483628556092323
