,45,50,51,55,53,52,54,57,58,56,59
0,99.64439076757917,0.35560923242082665,,,,,,,,,
1,57.75630703166935,38.99624261943102,3.126677402039721,0.12077294685990338,,,,,,,
2,57.54159957058508,39.110305958132045,3.126677402039721,0.2214170692431562,,,,,,,
3,50.59044551798175,45.880300590445515,3.1736446591519054,0.35560923242082665,,,,,,,
4,50.15432098765432,43.25013419216318,3.1602254428341383,0.6038647342995169,2.831454643048846,,,,,,
5,47.08803005904455,45.410628019323674,3.2675791733762747,0.7045088566827697,2.831454643048846,0.644122383252818,0.05367686527106817,,,,
6,46.57809983896941,45.92055823939882,3.2675791733762747,0.7045088566827697,2.831454643048846,0.644122383252818,0.05367686527106817,,,,
7,39.472624798711756,52.44900697799248,3.240740740740741,0.6910896403650026,2.831454643048846,0.644122383252818,0.6709608158883521,,,,
8,39.61352657004831,51.88539989264627,3.240740740740741,1.1137949543746646,2.831454643048846,0.644122383252818,0.6709608158883521,,,,
9,35.31266774020397,57.35373054213634,3.240740740740741,1.221148684916801,2.8113258185721954,0.020128824476650563,0.040257648953301126,,,,
10,31.682769726247987,60.869565217391305,3.240740740740741,1.3352120236178207,2.8113258185721954,0.020128824476650563,0.040257648953301126,,,,
11,24.718196457326894,65.9151905528717,3.3816425120772946,2.771068169618894,2.4691358024691357,0.020128824476650563,0.040257648953301126,0.5636070853462157,0.12077294685990338,,
12,24.92619431025228,65.50590445517982,3.3816425120772946,2.999194847020934,2.4691358024691357,0.020128824476650563,0.040257648953301126,0.5367686527106817,0.12077294685990338,,
13,24.590713902308106,64.87520128824477,3.5963499731615673,2.9589371980676327,2.509393451422437,0.7716049382716049,0.040257648953301126,0.5367686527106817,0.12077294685990338,,
14,24.282071926999464,62.68115942028985,4.019055287171229,4.924852388620504,2.509393451422437,0.7716049382716049,0.15432098765432098,0.5367686527106817,0.12077294685990338,,
15,24.335748792270532,62.42619431025228,4.019055287171229,4.924852388620504,2.6502952227589907,0.7716049382716049,0.24154589371980675,0.5099302200751477,0.12077294685990338,,
16,24.54374664519592,61.131239935587764,4.019055287171229,5.891035963499732,2.509393451422437,0.7716049382716049,0.36231884057971014,0.5099302200751477,0.2616747181964573,,
17,24.60413311862587,60.889694041867955,4.019055287171229,6.005099302200751,2.49597423510467,0.7716049382716049,0.4428341384863124,0.5099302200751477,0.2616747181964573,,
18,23.577563070316693,56.90418679549114,8.984165324745035,6.052066559312936,2.49597423510467,0.7716049382716049,0.4428341384863124,0.5099302200751477,0.2616747181964573,,
19,23.658078368223297,54.1129898013956,8.668813741277509,9.078099838969404,2.49597423510467,0.7716049382716049,0.4428341384863124,0.5099302200751477,0.2616747181964573,,
20,21.91358024691358,45.61862587224906,19.692699946323135,8.682232957595277,2.4020397208803006,0.47638217928073,0.4428341384863124,0.5099302200751477,0.2616747181964573,,
21,22.020933977455716,45.410628019323674,19.249865807836823,8.769457863660762,2.4020397208803006,0.47638217928073,0.4428341384863124,0.5099302200751477,0.2616747181964573,0.4562533548040794,
22,21.692163177670423,38.419216317767045,19.196188942565755,7.004830917874396,2.4020397208803006,9.816156736446592,0.28180354267310787,0.46967257112184646,0.2616747181964573,0.4562533548040794,
23,21.544551798174986,38.56682769726248,19.07541599570585,7.004830917874396,2.4020397208803006,9.64170692431562,0.28180354267310787,0.644122383252818,0.2616747181964573,0.5770263016639828,
24,20.679012345679013,36.72168545356951,22.564412238325282,7.092055823939882,2.301395598497048,9.16532474503489,0.28180354267310787,0.644122383252818,0.3153515834675255,0.23483628556092323,
25,20.625335480407944,36.500268384326354,22.289318303811058,7.387278582930757,2.3349436392914655,9.004294149221685,0.28180354267310787,0.8722490606548577,0.3153515834675255,0.38915727321524424,
26,11.949812130971551,52.29468599033817,18.256843800322063,5.958132045088567,1.2010198604401503,9.004294149221685,0.10735373054213634,0.7648953301127214,0.2616747181964573,0.20128824476650564,
27,11.929683306494901,49.993290391841114,21.68545356951154,4.9718196457326895,1.2010198604401503,8.890230810520666,0.10735373054213634,0.8789586688137413,0.2616747181964573,0.08051529790660225,
28,12.124261943102523,49.85238862050456,21.511003757380568,4.9718196457326895,1.2010198604401503,8.890230810520666,0.10735373054213634,0.8789586688137413,0.2616747181964573,0.20128824476650564,
29,12.238325281803542,49.77187332259796,21.450617283950617,4.9718196457326895,1.2010198604401503,8.299785292538916,0.10735373054213634,1.4694041867954912,0.2616747181964573,0.2281266774020397,
30,11.151368760064413,47.69189479334407,23.792270531400966,5.790391841116479,1.2010198604401503,8.299785292538916,0.24825550187869028,1.4559849704777241,0.2616747181964573,0.10735373054213634,
31,11.231884057971014,47.537573805689746,23.765432098765434,5.877616747181965,1.2010198604401503,8.272946859903382,0.24825550187869028,1.4559849704777241,0.30193236714975846,0.10735373054213634,
32,11.500268384326356,47.215512614063336,23.658078368223297,5.938003220611916,1.2010198604401503,8.246108427267847,0.24825550187869028,1.583467525496511,0.30193236714975846,0.10735373054213634,
33,11.500268384326356,44.337090713902306,23.64465915190553,6.005099302200751,1.2010198604401503,8.246108427267847,3.0730005367686526,1.583467525496511,0.30193236714975846,0.10735373054213634,
34,7.87037037037037,32.326892109500804,39.99597423510467,5.10601180891036,1.1540526033279657,8.454106280193237,2.965646806226516,1.5230810520665594,0.30193236714975846,0.2147074610842727,0.08722490606548577
35,8.031400966183575,32.17928073000537,39.754428341384866,5.10601180891036,1.1540526033279657,8.427267847557703,2.965646806226516,1.5230810520665594,0.30193236714975846,0.46967257112184646,0.08722490606548577
36,8.11862587224906,30.797101449275363,36.292270531400966,5.10601180891036,5.911164787976382,8.393719806763285,3.079710144927536,1.4492753623188406,0.30193236714975846,0.46296296296296297,0.08722490606548577
37,8.28636607622115,30.56897477187332,35.98362855609233,5.018786902844874,5.857487922705314,8.28636607622115,3.3480944712828773,1.4492753623188406,0.30193236714975846,0.8118625872249061,0.08722490606548577
38,8.561460010735374,30.54213633923779,35.71524422973698,5.005367686527107,5.964841653247451,8.232689210950081,3.227321524422974,1.4492753623188406,0.30193236714975846,0.9125067096081588,0.08722490606548577
39,8.61513687600644,30.233494363929147,35.65485775630703,5.35426731078905,5.964841653247451,8.225979602791197,3.227321524422974,1.4224369296833066,0.30193236714975846,0.9125067096081588,0.08722490606548577
40,8.527911969940956,25.55689747718733,35.28582930756844,6.414385399892646,11.66129898013956,8.225979602791197,1.3955984970477724,1.4224369296833066,0.30193236714975846,1.2077294685990339,
41,7.890499194847021,24.335748792270532,45.53811057434246,4.3545356951154055,11.493558776167472,3.1870638754696725,1.3620504562533549,0.4294149221685454,0.30193236714975846,1.107085346215781,
42,8.165593129361245,23.879495437466453,45.3166935050993,4.851046698872786,11.41304347826087,3.1736446591519054,1.3620504562533549,0.4294149221685454,0.30193236714975846,1.107085346215781,
43,8.111916264090176,23.879495437466453,44.826892109500804,5.8172302737520125,11.20504562533548,3.1736446591519054,1.3620504562533549,0.28180354267310787,0.2549651100375738,1.0869565217391304,
44,8.158883521202362,20.86688137412775,44.65244229736983,5.703166935050993,11.010466988727858,6.4412238325281805,1.3620504562533549,0.28180354267310787,0.33548040794417605,1.1876006441223832,
45,8.3467525496511,20.685721953837895,41.50563607085346,5.8239398819108965,10.581052066559312,8.970746108427267,1.3620504562533549,0.4227053140096618,0.33548040794417605,1.9659151905528718,
46,8.78287707997853,19.826892109500804,41.136607622114866,6.541867954911433,10.534084809447128,8.789586688137414,1.3620504562533549,0.6038647342995169,0.33548040794417605,2.086688137412775,
47,8.896940418679549,19.826892109500804,41.035963499731615,6.488191089640365,10.473698336017177,8.776167471819646,1.3620504562533549,0.5971551261406334,0.4092860976918948,2.13365539452496,
48,8.964036500268385,19.672571121846484,40.82796564680623,6.749865807836822,10.473698336017177,8.695652173913043,1.3620504562533549,0.6642512077294686,0.4092860976918948,2.1806226516371443,
49,8.313204508856682,19.14922168545357,38.83521202361782,6.749865807836822,7.313472893183038,14.31159420289855,1.5163714439076759,0.6642512077294686,0.4092860976918948,2.737520128824477,
50,8.132045088566828,17.941492216854535,36.72168545356951,6.696188942565755,7.25979602791197,18.00858829844337,1.5096618357487923,0.6642512077294686,0.3824476650563607,2.6838432635534084,
51,8.266237251744498,17.652979066022546,35.89640365002684,6.515029522275899,7.152442297369833,17.867686527106816,2.898550724637681,0.7112184648416533,0.3824476650563607,2.657004830917874,
52,8.393719806763285,17.652979066022546,36.25872249060655,6.515029522275899,7.14573268921095,17.746913580246915,2.898550724637681,0.7112184648416533,0.3824476650563607,2.2946859903381642,
53,8.279656468062266,15.002683843263553,33.2259796027912,6.166129898013956,14.096886741814279,16.99543746645196,2.9924852388620504,0.7112184648416533,0.3488996242619431,2.1806226516371443,
54,8.313204508856682,14.962426194310252,33.11862587224906,6.166129898013956,11.90955448201825,19.732957595276435,2.3550724637681157,0.8051529790660226,0.3488996242619431,2.2879763821792807,
55,8.447396672034353,14.949006977992486,32.991143317230275,6.239935587761675,11.902844873859367,19.685990338164252,2.341653247450349,0.8051529790660226,0.3488996242619431,2.2879763821792807,
56,8.621846484165324,14.949006977992486,32.82340311325819,6.407675791733762,11.882716049382717,19.330381105743424,2.341653247450349,0.9192163177670424,0.3488996242619431,2.3752012882447664,
57,8.675523349436393,14.304884594739667,32.76301663982824,5.736714975845411,11.486849168008588,19.142512077294686,3.6902844873859366,1.415727321524423,0.3488996242619431,2.4355877616747184,
58,9.057971014492754,14.304884594739667,32.6959205582394,5.723295759527644,11.58749329039184,18.88083735909823,3.656736446591519,1.415727321524423,0.3488996242619431,2.328234031132582,
59,8.809715512614064,14.130434782608695,29.012345679012345,5.629361245303274,11.506977992485238,23.564143853998928,3.8311862587224907,1.1205045625335481,0.3488996242619431,2.046430488459474,
60,8.943907675791733,14.049919484702093,28.690284487385938,6.038647342995169,11.379495437466453,23.369565217391305,3.8311862587224907,1.3620504562533549,0.3488996242619431,1.9860440150295222,
61,9.05126140633387,14.029790660225443,34.62157809983897,6.038647342995169,11.265432098765432,16.680085882984432,3.81105743424584,1.5230810520665594,0.3488996242619431,2.6301663982823404,
62,8.57487922705314,12.31213097155126,31.233225979602793,5.287171229200215,8.185721953837897,27.91867954911433,2.85829307568438,1.4492753623188406,0.30193236714975846,1.8786902844873858,
63,8.709071390230811,12.305421363392378,31.179549114331724,5.253623188405797,8.165593129361245,27.89855072463768,2.932098765432099,1.4492753623188406,0.2281266774020397,1.8786902844873858,
64,8.870101986044014,12.084004294149223,30.971551261406333,5.763553408480945,8.105206655931294,27.690552871712292,2.8918411164787976,1.3352120236178207,0.32877079978529256,1.9592055823939882,
65,9.131776704240472,12.06387546967257,30.870907139023082,5.743424584004294,8.085077831454644,27.58990874932904,2.8918411164787976,1.3352120236178207,0.32877079978529256,1.9592055823939882,
66,8.93719806763285,12.130971551261407,31.36070853462158,6.045356951154052,7.729468599033816,26.69753086419753,2.8918411164787976,1.3888888888888888,0.32877079978529256,2.4892646269457863,
67,9.306226516371444,12.130971551261407,31.30703166935051,6.045356951154052,7.64224369296833,26.42914653784219,2.8918411164787976,1.42914653784219,0.32877079978529256,2.4892646269457863,
68,9.930220075147611,12.104133118625873,31.132581857219538,6.031937734836285,7.64224369296833,26.04669887278583,2.885131508319914,1.4224369296833066,0.32877079978529256,2.475845410628019,
69,8.903650026838433,7.729468599033816,29.998658078368223,5.179817498658078,6.89747718733226,34.88996242619431,2.7979066022544283,0.8789586688137413,0.24825550187869028,2.475845410628019,
70,8.883521202361782,7.722758990874933,26.435856146001072,5.837359098228664,10.292538915727322,33.93048845947396,2.771068169618894,1.2144390767579174,0.2952227589908749,2.6167471819645733,
71,8.655394524959743,7.219538378958669,26.362050456253353,5.897745571658615,11.265432098765432,33.742619431025226,2.7308105206655933,1.2144390767579174,0.2952227589908749,2.6167471819645733,
72,8.943907675791733,7.219538378958669,26.167471819645733,5.897745571658615,11.20504562533548,33.57487922705314,2.7308105206655933,1.2144390767579174,0.35560923242082665,2.690552871712292,
73,9.125067096081589,7.219538378958669,25.946054750402578,5.897745571658615,11.144659151905529,33.561460010735374,2.7308105206655933,1.2144390767579174,0.35560923242082665,2.804616210413312,
74,9.333064949006978,7.219538378958669,25.805152979066023,5.884326355340848,11.117820719269995,33.54804079441761,2.7308105206655933,1.2144390767579174,0.35560923242082665,2.791196994095545,
75,9.46725711218465,7.219538378958669,25.563607085346217,6.005099302200751,11.104401502952227,33.51449275362319,2.7308105206655933,1.2144390767579174,0.35560923242082665,2.8247450348899625,
76,9.722222222222221,7.212828770799785,24.644390767579175,5.891035963499732,11.379495437466453,32.59527643585615,4.139828234031133,1.1540526033279657,0.35560923242082665,2.9052603327965647,
77,9.520933977455716,6.850509930220075,20.71256038647343,5.555555555555555,8.05823939881911,40.92190016103059,4.025764895330113,0.9796027911969941,0.35560923242082665,3.0193236714975846,
78,9.681964573268921,6.796833064949007,20.69243156199678,5.609232420826624,8.05823939881911,40.84809447128288,4.025764895330113,0.966183574879227,0.35560923242082665,2.965646806226516,
79,9.883252818035427,6.769994632313473,20.605206655931294,5.662909286097692,8.038110574342458,40.58641975308642,4.025764895330113,0.966183574879227,0.35560923242082665,3.1065485775630703,
80,10.017444981213098,6.749865807836822,20.605206655931294,5.864197530864198,7.917337627482555,40.3918411164788,4.133118625872249,0.966183574879227,0.35560923242082665,2.999194847020934,
81,10.285829307568438,6.723027375201288,20.48443370907139,5.864197530864198,7.917337627482555,40.07648953301127,4.133118625872249,1.1607622114868492,0.35560923242082665,2.999194847020934,
82,10.581052066559312,6.723027375201288,20.377079978529252,5.850778314546431,8.53462157809984,39.029790660225444,4.133118625872249,1.3486312399355878,0.4227053140096618,2.999194847020934,
83,10.245571658615138,6.1862587224906065,24.349168008588297,5.897745571658615,8.53462157809984,36.08427267847558,4.119699409554482,1.2144390767579174,0.4227053140096618,2.945517981749866,
84,10.547504025764896,6.266774020397209,24.114331723027377,5.897745571658615,8.53462157809984,35.587761674718195,4.119699409554482,1.4626945786366077,0.4227053140096618,3.046162104133119,
85,10.681696188942565,6.246645195920558,23.852657004830917,5.884326355340848,8.527911969940956,35.20531400966183,4.052603327965647,1.724369296833065,0.4227053140096618,3.4017713365539453,
86,10.815888352120236,6.246645195920558,23.429951690821255,5.958132045088567,8.521202361782072,35.08454106280193,4.045893719806763,1.710950080515298,0.4227053140096618,3.7640901771336552,
87,10.802469135802468,6.199677938808374,23.15485775630703,6.199677938808374,9.406870638754697,34.10493827160494,4.045893719806763,1.8048845947396672,0.4227053140096618,3.8580246913580245,
88,10.997047772410092,6.072195383789587,22.249060654857757,6.333870101986044,9.353193773483628,34.0378421900161,4.045893719806763,1.8048845947396672,0.4227053140096618,4.683306494900698,
89,11.137949543746645,6.072195383789587,22.249060654857757,6.286902844873859,9.41358024691358,34.01100375738057,3.938539989264627,1.8048845947396672,0.4227053140096618,4.663177670424047,
90,11.493558776167472,5.978260869565218,22.15512614063339,6.3070316693505095,9.326355340848094,33.84997316156736,3.938539989264627,1.8853998926462694,0.41599570585077833,4.64975845410628,
91,10.581052066559312,5.776972624798712,30.823939881910896,5.676328502415459,8.55475040257649,28.287707997852927,3.9586688137412773,1.415727321524423,0.41599570585077833,4.508856682769726,
92,10.72866344605475,5.542136339237788,30.414653784219002,5.629361245303274,8.55475040257649,28.83118625872249,3.8177670424047236,1.556629092860977,0.41599570585077833,4.508856682769726,
93,11.023886205045626,5.4616210413311865,30.267042404723565,5.629361245303274,8.541331186258722,28.83118625872249,3.8043478260869565,1.556629092860977,0.41599570585077833,4.468599033816425,
94,11.144659151905529,5.421363392377885,30.10601180891036,5.629361245303274,8.541331186258722,28.804347826086957,3.8043478260869565,1.556629092860977,0.41599570585077833,4.575952764358561,
95,11.158078368223295,5.374396135265701,30.02549651100376,5.850778314546431,8.53462157809984,28.67686527106817,3.7909286097691894,1.5365002683843263,0.41599570585077833,4.636339237788513,
96,11.406333870101985,5.320719269994632,29.683306494900698,5.850778314546431,8.527911969940956,28.67686527106817,3.7909286097691894,1.5365002683843263,0.41599570585077833,4.790660225442834,
97,11.225174449812132,5.273752012882448,35.47369833601718,5.629361245303274,8.387010198604402,24.174718196457327,3.750670960815888,1.415727321524423,0.35560923242082665,4.314278046162104,
98,11.419753086419753,5.233494363929147,35.279119699409556,5.615942028985507,8.32662372517445,24.013687600644122,4.052603327965647,1.5432098765432098,0.35560923242082665,4.159957058507783,
99,11.60762211486849,5.119431025228127,35.057702630166396,6.0587761674718195,8.071658615136876,23.879495437466453,4.045893719806763,1.5365002683843263,0.5904455179817498,4.032474503488996,
100,11.788781535158346,5.092592592592593,34.896672034353195,5.991680085882985,8.011272141706923,23.68491680085883,4.26731078904992,1.5230810520665594,0.5166398282340311,4.2270531400966185,
101,11.90955448201825,5.092592592592593,34.46725711218465,5.991680085882985,8.011272141706923,23.658078368223297,4.206924315619967,1.5230810520665594,0.5166398282340311,4.622920021470746,
102,12.097423510466989,5.092592592592593,33.54804079441761,6.146001073537305,8.011272141706923,23.63123993558776,4.200214707461084,1.5230810520665594,0.5166398282340311,5.233494363929147,
103,12.419484702093397,5.092592592592593,33.333333333333336,6.099033816425121,8.011272141706923,23.470209339774556,4.186795491143317,1.5230810520665594,0.5166398282340311,5.347557702630167,
104,12.399355877616747,5.072463768115942,33.17230273752013,6.099033816425121,7.957595276435856,23.221953837895867,4.327697262479871,1.6706924315619969,0.5166398282340311,5.562265163714439,
105,11.869296833064949,4.777241009125067,32.31347289318304,5.998389694041868,7.957595276435856,25.41599570585078,4.616210413311863,1.5365002683843263,0.5166398282340311,4.998658078368224,
106,11.929683306494901,4.522275899087493,31.99812130971551,5.897745571658615,7.856951154052603,25.187869028448738,5.434782608695652,1.6438539989264627,0.5568974771873323,4.9718196457326895,
107,12.084004294149223,4.468599033816425,31.964573268921097,6.018518518518518,7.843531937734836,25.167740203972087,5.347557702630167,1.6304347826086956,0.5568974771873323,4.918142780461621,
108,12.157809983896941,4.468599033816425,31.93773483628556,6.005099302200751,7.843531937734836,25.13419216317767,5.347557702630167,1.6304347826086956,0.5568974771873323,4.918142780461621,
109,12.392646269457863,4.461889425657541,31.709608158883523,6.085614600107354,7.709339774557166,25.013419216317768,5.347557702630167,1.6170155662909287,0.5568974771873323,5.10601180891036,
110,12.5,4.461889425657541,31.528448738593667,6.286902844873859,7.709339774557166,24.812130971551262,5.347557702630167,1.5901771336553945,0.5568974771873323,5.2066559312936125,
111,12.587224906065487,4.428341384863124,31.300322061191626,6.327160493827161,7.494632313472893,24.731615673644658,5.421363392377885,1.5901771336553945,0.6977992485238862,5.421363392377885,
112,12.573805689747719,4.38137412775094,29.931561996779386,6.427804616210413,7.353730542136339,26.33521202361782,5.421363392377885,1.7042404723564144,0.7246376811594203,5.146269457863661,
113,12.627482555018787,4.327697262479871,24.785292538915726,6.320450885668277,13.050187869028449,26.31508319914117,5.4616210413311865,1.6841116478797638,0.7246376811594203,4.703435319377348,
114,12.473161567364466,3.4621578099838968,24.67793880837359,6.468062265163715,15.559581320450885,25.06038647342995,5.320719269994632,1.6639828234031133,0.7246376811594203,4.5893719806763285,
115,12.721417069243156,3.44873859366613,24.550456253354803,6.468062265163715,15.49248523886205,24.9194847020934,5.307300053676865,1.6505636070853462,0.7246376811594203,4.7168545356951155,
116,12.714707461084272,3.4420289855072466,24.074074074074073,6.374127750939345,15.546162104133119,24.382716049382715,5.293880837359098,1.7310789049919484,0.7246376811594203,5.71658615136876,
117,12.4597423510467,3.4420289855072466,23.980139559849704,6.300322061191626,16.324476650563607,23.91304347826087,5.287171229200215,1.710950080515298,0.7648953301127214,5.8172302737520125,
118,12.614063338701019,3.435319377348363,24.060654857756308,6.273483628556092,16.27079978529254,23.74530327428878,5.233494363929147,1.710950080515298,0.7648953301127214,5.891035963499732,
119,12.822061191626409,3.4151905528717124,23.980139559849704,6.273483628556092,16.23054213633924,23.678207192699947,5.233494363929147,1.710950080515298,0.7648953301127214,5.891035963499732,
120,13.030059044551798,3.4151905528717124,23.805689747718734,6.1862587224906065,16.21712292002147,23.658078368223297,5.3274288781535155,1.710950080515298,0.7648953301127214,5.884326355340848,
121,13.41250670960816,3.4151905528717124,22.839506172839506,6.964573268921095,16.15673644659152,23.47691894793344,5.246913580246914,1.7042404723564144,0.7648953301127214,5.938003220611916,0.08051529790660225
122,13.45276435856146,3.3279656468062266,22.725442834138487,6.951154052603328,16.089640365002683,23.389694041867955,5.246913580246914,1.9457863660762211,0.7380568974771873,6.052066559312936,0.08051529790660225
123,13.506441223832528,3.2877079978529253,22.074610842726784,6.977992485238862,17.693236714975846,23.30246913580247,4.159957058507783,2.0128824476650564,0.7380568974771873,5.984970477724101,0.2616747181964573
124,13.513150831991412,3.2877079978529253,22.061191626409016,6.977992485238862,17.64626945786366,23.21524422973698,4.159957058507783,2.100107353730542,0.7917337627482555,5.984970477724101,0.2616747181964573
125,13.620504562533547,3.2675791733762747,22.034353193773484,6.951154052603328,17.538915727321523,23.00053676865271,4.159957058507783,2.26784755770263,0.9125067096081588,5.984970477724101,0.2616747181964573
126,13.66076221148685,3.2675791733762747,21.83977455716586,6.790123456790123,17.465110037573805,22.96027911969941,4.64975845410628,2.2611379495437465,0.9057971014492754,5.938003220611916,0.2616747181964573
127,13.20450885668277,3.978797638217928,21.71900161030596,6.702898550724638,17.45169082125604,22.73886205045625,4.616210413311863,2.314814814814815,0.9057971014492754,6.105743424584004,0.2616747181964573
128,13.358829844337091,3.978797638217928,21.484165324745035,6.702898550724638,17.37788513150832,22.852925389157274,4.616210413311863,2.314814814814815,0.9057971014492754,6.1862587224906065,0.2214170692431562
129,13.600375738056897,3.9318303811057436,21.484165324745035,6.655931293612453,17.12962962962963,22.832796564680624,4.663177670424047,2.26784755770263,1.1272141706924315,6.085614600107354,0.2214170692431562
130,13.043478260869565,3.7573805689747717,23.557434245840042,6.481481481481482,17.156468062265162,21.93370907139023,4.522275899087493,2.2611379495437465,1.1272141706924315,5.938003220611916,0.2214170692431562
131,11.936392914653783,3.6902844873859366,32.8569511540526,6.380837359098229,16.404991948470208,16.700214707461082,4.274020397208803,1.9860440150295222,1.1540526033279657,4.394793344068707,0.2214170692431562
132,11.902844873859367,3.670155662909286,31.76328502415459,6.266774020397209,17.330917874396135,16.5727321524423,4.274020397208803,2.1135265700483092,1.1540526033279657,4.730273752012883,0.2214170692431562
133,11.66129898013956,3.5762211486849167,32.06521739130435,6.246645195920558,17.290660225442835,16.451959205582394,4.327697262479871,2.086688137412775,1.1540526033279657,4.918142780461621,0.2214170692431562
134,11.896135265700483,3.5762211486849167,31.716317767042405,6.219806763285024,17.122920021470748,16.384863123993558,4.327697262479871,2.147074610842727,1.1540526033279657,5.233494363929147,0.2214170692431562
135,12.164519592055823,3.5762211486849167,31.54186795491143,6.219806763285024,17.122920021470748,16.344605475040257,4.294149221685454,2.147074610842727,1.1540526033279657,5.22007514761138,0.2147074610842727
136,11.305689747718732,2.844873859366613,41.277509393451425,5.253623188405797,12.828770799785293,14.318303811057435,4.206924315619967,1.9927536231884058,0.6172839506172839,5.146269457863661,0.20799785292538917
137,11.520397208803006,2.844873859366613,40.96886741814278,5.159688674181428,12.734836285560924,14.224369296833064,4.361245303274289,1.9860440150295222,0.6172839506172839,5.374396135265701,0.20799785292538917
138,11.75523349436393,2.844873859366613,40.88164251207729,5.112721417069243,12.620772946859903,14.325013419216317,4.274020397208803,1.9860440150295222,0.6172839506172839,5.374396135265701,0.20799785292538917
139,11.916264090177133,2.8247450348899625,40.61996779388084,5.381105743424584,12.620772946859903,14.190821256038648,4.213633923778851,2.100107353730542,0.6172839506172839,5.307300053676865,0.20799785292538917
140,11.822329575952764,2.7643585614600106,40.03623188405797,5.528717122920021,12.614063338701019,13.828502415458937,5.025496511003757,2.100107353730542,0.6172839506172839,5.4549114331723025,0.20799785292538917
141,12.245034889962426,2.7643585614600106,39.76784755770263,5.515297906602254,12.614063338701019,13.687600644122384,5.025496511003757,2.100107353730542,0.6172839506172839,5.4549114331723025,0.20799785292538917
142,12.278582930756844,2.7643585614600106,39.660493827160494,5.642780461621041,12.614063338701019,13.647342995169081,5.025496511003757,2.100107353730542,0.6172839506172839,5.441492216854535,0.20799785292538917
143,12.332259796027913,2.7643585614600106,39.801395598497045,5.656199677938808,12.640901771336553,13.560118089103597,4.911433172302737,2.100107353730542,0.6172839506172839,5.434782608695652,0.18115942028985507
144,12.285292538915728,2.4020397208803006,37.82206119162641,5.508588298443371,12.473161567364466,16.70692431561997,4.468599033816425,1.9726247987117553,0.6172839506172839,5.589103596349974,0.15432098765432098
145,12.466451959205582,2.4020397208803006,37.6610305958132,5.414653784219001,12.258454106280194,16.80756843800322,4.468599033816425,2.033011272141707,0.6038647342995169,5.730005367686527,0.15432098765432098
146,12.694578636607622,2.4020397208803006,37.3389694041868,5.314009661835748,12.359098228663447,16.659957058507782,4.455179817498658,2.15378421900161,0.6038647342995169,5.931293612453032,0.08722490606548577
147,12.869028448738593,2.4020397208803006,37.265163714439076,5.307300053676865,12.258454106280194,16.566022544283413,4.374664519592056,2.120236178207193,0.7179280730005367,6.031937734836285,0.08722490606548577
148,12.962962962962964,2.314814814814815,37.15780998389694,5.421363392377885,12.258454106280194,16.552603327965645,4.374664519592056,2.120236178207193,0.7179280730005367,6.031937734836285,0.08722490606548577
149,13.123993558776167,2.2611379495437465,36.882716049382715,5.488459473966721,12.184648416532475,16.525764895330113,4.374664519592056,2.1135265700483092,0.7179280730005367,6.239935587761675,0.08722490606548577
150,13.278314546430488,2.2611379495437465,36.7686527106817,5.488459473966721,12.164519592055823,16.525764895330113,4.3545356951154055,2.1135265700483092,0.7179280730005367,6.239935587761675,0.08722490606548577
151,13.47289318303811,2.2611379495437465,36.68142780461621,5.374396135265701,12.090713902308105,16.525764895330113,4.3545356951154055,2.1068169618894257,0.7179280730005367,6.327160493827161,0.08722490606548577
152,13.627214170692431,2.059849704777241,36.42646269457864,5.0858829844337095,12.090713902308105,16.458668813741276,4.938271604938271,2.0128824476650564,0.7179280730005367,6.494900697799249,0.08722490606548577
153,13.989533011272142,2.046430488459474,36.10440150295223,5.072463768115942,12.016908212560386,16.29092860976919,4.931561996779388,1.9860440150295222,0.7179280730005367,6.756575415995706,0.08722490606548577
154,14.251207729468598,2.046430488459474,35.82259796027912,5.025496511003757,11.98336017176597,16.150026838432634,4.931561996779388,1.9860440150295222,0.7179280730005367,6.998121309715513,0.08722490606548577
155,14.432367149758454,2.046430488459474,34.42699946323135,5.025496511003757,11.855877616747183,16.150026838432634,6.394256575415996,1.9994632313472893,0.7179280730005367,6.863929146537842,0.08722490606548577
156,14.439076757917338,2.033011272141707,33.51449275362319,5.756843800322061,11.855877616747183,15.666935050993022,6.414385399892646,1.9994632313472893,0.7179280730005367,7.514761137949543,0.08722490606548577
157,14.512882447665056,2.033011272141707,33.380300590445515,5.756843800322061,11.574074074074074,15.72061191626409,6.474771873322598,1.9860440150295222,0.8118625872249061,7.6623725174449815,0.08722490606548577
158,14.036500268384327,1.8853998926462694,32.31347289318304,5.669618894256575,10.755501878690284,18.625872249060656,6.333870101986044,1.9726247987117553,0.8118625872249061,7.50805152979066,0.08722490606548577
159,14.023081052066559,1.8786902844873858,32.03166935050993,5.669618894256575,10.674986580783683,18.42458400429415,6.333870101986044,1.9994632313472893,0.8118625872249061,8.064949006977992,0.08722490606548577
160,14.284755770263017,1.8786902844873858,31.776704240472355,5.589103596349974,10.393183038110575,18.397745571658614,6.575415995705851,2.059849704777241,0.7783145464304885,8.179012345679013,0.08722490606548577
161,14.36527106816962,1.8786902844873858,31.689479334406872,5.58239398819109,10.393183038110575,18.35077831454643,6.575415995705851,2.0531400966183573,0.7783145464304885,8.246108427267847,0.08722490606548577
162,13.996242619431026,1.865271068169619,35.86285560923242,4.8443370907139025,10.071121846484166,15.96886741814278,6.481481481481482,1.932367149758454,0.7783145464304885,8.111916264090176,0.08722490606548577
163,14.090177133655395,1.865271068169619,34.35319377348363,4.830917874396135,10.782340311325818,15.787707997852925,6.052066559312936,1.932367149758454,0.7581857219538379,9.460547504025765,0.08722490606548577
164,14.2914653784219,1.8518518518518519,34.20558239398819,4.804079441760601,10.721953837895867,15.76086956521739,6.052066559312936,1.932367149758454,0.7581857219538379,9.534353193773484,0.08722490606548577
165,14.42565754159957,1.8250134192163177,33.9975845410628,4.703435319377348,10.943370907139023,15.734031132581856,6.052066559312936,1.932367149758454,0.7581857219538379,9.541062801932368,0.08722490606548577
166,14.51959205582394,1.8250134192163177,33.803005904455176,4.978529253891573,10.876274825550189,15.666935050993022,6.038647342995169,1.932367149758454,0.7581857219538379,9.514224369296834,0.08722490606548577
167,14.848362855609233,1.8250134192163177,33.64868491680086,4.985238862050457,10.782340311325818,15.707192699946322,5.911164787976382,1.932367149758454,0.7581857219538379,9.514224369296834,0.08722490606548577
168,15.063070316693505,1.8250134192163177,33.4272678475577,5.059044551798175,10.768921095008052,15.687063875469672,5.904455179817498,1.932367149758454,0.7581857219538379,9.4873859366613,0.08722490606548577
169,14.942297369833602,1.8250134192163177,33.41384863123994,5.193236714975845,10.768921095008052,15.633387010198604,5.998389694041868,1.9122383252818036,0.7581857219538379,9.46725711218465,0.08722490606548577
170,15.398550724637682,1.8250134192163177,33.16559312936125,5.314009661835748,10.7085346215781,15.405260332796564,5.917874396135265,1.9122383252818036,0.7581857219538379,9.50751476113795,0.08722490606548577
171,15.096618357487923,1.8115942028985508,32.21953837895867,5.213365539452496,10.581052066559312,17.310789049919485,5.615942028985507,1.9122383252818036,0.7581857219538379,9.39345142243693,0.08722490606548577
172,15.418679549114332,1.8115942028985508,31.924315619967793,5.199946323134729,10.520665593129362,17.14975845410628,5.5756843800322065,2.006172839506173,0.7581857219538379,9.54777241009125,0.08722490606548577
173,15.063070316693505,1.7981749865807837,31.233225979602793,5.246913580246914,7.481213097155126,20.739398819108963,5.5689747718733225,1.9390767579173376,0.5971551261406334,10.245571658615138,0.08722490606548577
174,15.123456790123457,1.7981749865807837,31.112453032742888,5.394524959742351,7.481213097155126,20.39049919484702,5.555555555555555,2.0128824476650564,0.5971551261406334,10.446859903381643,0.08722490606548577
175,15.250939345142244,1.7914653784219001,31.04535695115405,5.394524959742351,7.407407407407407,20.356951154052602,5.535426731078905,1.9994632313472893,0.5971551261406334,10.534084809447128,0.08722490606548577
176,15.26435856146001,1.7914653784219001,30.95813204508857,6.206387546967257,7.313472893183038,19.64573268921095,5.495169082125604,2.0799785292538915,0.644122383252818,10.513955984970478,0.08722490606548577
177,15.445517981749866,1.7914653784219001,30.756843800322063,6.206387546967257,7.273215244229737,19.618894256575416,5.481749865807837,2.0799785292538915,0.644122383252818,10.61460010735373,0.08722490606548577
178,15.45222758990875,1.7914653784219001,30.56897477187332,6.790123456790123,7.226247987117552,19.209608158883523,5.515297906602254,2.1403650026838434,0.644122383252818,10.57434245840043,0.08722490606548577
179,15.861513687600644,1.7914653784219001,30.213365539452496,6.622383252818035,7.64224369296833,19.00161030595813,5.622651637144391,2.13365539452496,0.644122383252818,10.379763821792807,0.08722490606548577
180,15.895061728395062,1.778046162104133,30.05233494363929,6.541867954911433,7.9039184111647875,18.59903381642512,6.380837359098229,2.13365539452496,0.644122383252818,9.98389694041868,0.08722490606548577
181,16.015834675254965,1.778046162104133,29.944981213097154,6.541867954911433,7.87037037037037,18.592324208266238,6.380837359098229,2.1806226516371443,0.644122383252818,9.96376811594203,0.08722490606548577
182,16.431830381105744,1.778046162104133,29.663177670424048,6.655931293612453,7.769726247987117,18.49838969404187,6.293612453032743,2.15378421900161,0.644122383252818,10.02415458937198,0.08722490606548577
183,16.505636070853463,1.778046162104133,29.56924315619968,6.723027375201288,7.769726247987117,18.417874396135264,6.454643048845948,2.1403650026838434,0.644122383252818,9.91009125067096,0.08722490606548577
184,16.680085882984432,1.778046162104133,29.455179817498657,6.729736983360172,7.98443370907139,18.08239398819109,6.494900697799249,2.1403650026838434,0.630703166935051,9.936929683306495,0.08722490606548577
185,16.76731078904992,1.778046162104133,29.354535695115406,6.884057971014493,7.944176060118089,17.921363392377884,6.488191089640365,2.1940418679549114,0.630703166935051,9.950348899624261,0.08722490606548577
186,16.680085882984432,1.7646269457863661,29.05931293612453,7.246376811594203,7.843531937734836,17.753623188405797,6.756575415995706,2.167203435319377,0.5971551261406334,10.044283413848632,0.08722490606548577
187,16.666666666666668,1.7646269457863661,28.797638217928075,7.568438003220612,7.843531937734836,17.753623188405797,6.662640901771336,2.167203435319377,0.5971551261406334,10.010735373054214,0.16774020397208803
188,15.53274288781535,1.7646269457863661,27.945517981749866,7.440955448201825,7.863660762211487,21.651905528717123,5.763553408480945,1.9659151905528718,0.5971551261406334,9.306226516371444,0.16774020397208803
189,15.499194847020934,1.7646269457863661,26.44927536231884,7.434245840042942,7.863660762211487,23.98684916800859,5.763553408480945,1.9659151905528718,0.5971551261406334,8.507783145464305,0.16774020397208803
190,15.814546430488459,1.7646269457863661,26.31508319914117,7.4006977992485234,7.863660762211487,23.839237788513152,5.736714975845411,1.9659151905528718,0.5971551261406334,8.53462157809984,0.16774020397208803
191,16.029253891572733,1.7646269457863661,26.25469672571122,7.340311325818572,7.863660762211487,23.812399355877616,5.736714975845411,1.9659151905528718,0.5971551261406334,8.467525496511003,0.16774020397208803
192,16.223832528180353,1.7646269457863661,26.174181427804616,7.340311325818572,7.816693505099302,23.772141706924316,5.736714975845411,1.9457863660762211,0.5971551261406334,8.460815888352121,0.16774020397208803
193,16.431830381105744,1.751207729468599,26.060118089103597,7.273215244229737,7.803274288781535,23.51046698872786,5.736714975845411,1.9927536231884058,0.5971551261406334,8.675523349436393,0.16774020397208803
194,16.505636070853463,1.751207729468599,25.805152979066023,7.266505636070853,7.702630166398282,23.47691894793344,5.864197530864198,2.1940418679549114,0.5971551261406334,8.668813741277509,0.16774020397208803
195,16.686795491143318,1.7444981213097155,25.711218464841654,7.300053676865271,7.669082125603865,23.13472893183038,6.052066559312936,2.3215244229736984,0.5837359098228664,8.628556092324208,0.16774020397208803
196,17.09608158883521,1.7444981213097155,25.0,7.380568974771873,7.709339774557166,22.966988727858293,5.984970477724101,2.187332259796028,0.5837359098228664,9.178743961352657,0.16774020397208803
197,17.317498658078367,1.7444981213097155,24.932903918411164,7.353730542136339,7.7361782071927,22.926731078904993,5.870907139023081,2.187332259796028,0.5837359098228664,9.178743961352657,0.16774020397208803
198,17.619431025228128,1.7444981213097155,24.04723564143854,8.353462157809984,7.648953301127214,22.82608695652174,5.790391841116479,2.1604938271604937,0.5703166935050993,9.07139023081052,0.16774020397208803
199,17.69994632313473,1.7444981213097155,23.752012882447666,8.655394524959743,7.628824476650563,22.805958132045088,5.810520665593129,2.1269457863660763,0.5703166935050993,9.037842190016104,0.16774020397208803
200,18.015297906602253,1.7444981213097155,23.678207192699947,8.641975308641975,7.628824476650563,22.5979602791197,5.797101449275362,2.120236178207193,0.5703166935050993,9.037842190016104,0.16774020397208803
201,18.14278046162104,1.7444981213097155,23.65136876006441,8.641975308641975,7.628824476650563,22.5979602791197,5.797101449275362,2.120236178207193,0.5703166935050993,8.93719806763285,0.16774020397208803
202,17.954911433172303,1.7444981213097155,23.235373054213635,8.373590982286634,6.863929146537842,24.302200751476114,5.844068706387547,2.006172839506173,0.5703166935050993,8.93719806763285,0.16774020397208803
203,18.42458400429415,1.7444981213097155,23.087761674718198,8.299785292538916,6.9243156199677935,24.10091250670961,5.844068706387547,1.9390767579173376,0.5703166935050993,8.896940418679549,0.16774020397208803
204,18.54535695115405,1.724369296833065,22.859634997316157,8.387010198604402,6.9243156199677935,23.926462694578635,5.844068706387547,1.9390767579173376,0.5703166935050993,9.111647879763822,0.16774020397208803
205,18.5654857756307,1.724369296833065,22.926731078904993,8.360171765968868,6.9243156199677935,23.926462694578635,5.803811057434245,1.9390767579173376,0.5703166935050993,9.091519055287172,0.16774020397208803
206,18.659420289855074,1.724369296833065,22.832796564680624,8.501073537305421,6.843800322061192,23.886205045625335,5.797101449275362,1.9256575415995705,0.5703166935050993,9.091519055287172,0.16774020397208803
