,45,50,51,54,53,52,57,55,58,56
0,75.69779924852389,24.302200751476114,,,,,,,,
1,75.69779924852389,24.302200751476114,,,,,,,,
2,70.29656468062265,29.70343531937735,,,,,,,,
3,68.00187869028449,31.99812130971551,,,,,,,,
4,61.9699409554482,38.0300590445518,,,,,,,,
5,60.990338164251206,33.722490606548575,5.287171229200215,,,,,,,
6,56.94444444444444,37.4194847020934,5.287171229200215,0.3488996242619431,,,,,,
7,54.6833064949007,39.680622651637144,5.287171229200215,0.3488996242619431,,,,,,
8,50.617283950617285,35.601180891035966,13.43263553408481,0.3488996242619431,,,,,,
9,50.71121846484165,35.507246376811594,13.43263553408481,0.3488996242619431,,,,,,
10,37.68115942028985,50.09393451422437,11.728395061728396,0.3488996242619431,0.14761137949543746,,,,,
11,23.49704777241009,51.92565754159957,21.22920021470746,0.23483628556092323,0.14761137949543746,2.965646806226516,,,,
12,23.15485775630703,43.41116478797638,16.5727321524423,0.23483628556092323,0.14761137949543746,16.478797638217927,,,,
13,22.966988727858293,43.07568438003221,15.814546430488459,0.23483628556092323,0.14761137949543746,17.76033279656468,,,,
14,23.275630703166936,42.76704240472356,15.814546430488459,0.23483628556092323,0.14761137949543746,17.76033279656468,,,,
15,19.129092860976918,47.04777241009125,15.780998389694043,0.23483628556092323,0.14090177133655393,17.66639828234031,,,,
16,19.249865807836823,47.014224369296834,15.734031132581856,0.23483628556092323,0.14090177133655393,17.62614063338701,,,,
17,19.464573268921097,46.88674181427805,15.734031132581856,0.23483628556092323,0.14090177133655393,17.538915727321523,,,,
18,19.558507783145465,46.806226516371446,15.734031132581856,0.23483628556092323,0.14090177133655393,17.52549651100376,,,,
19,19.639023081052066,46.43048845947396,15.70048309178744,1.1741814278046163,0.14090177133655393,16.914922168545356,,,,
20,19.81347289318304,46.06816961889426,17.954911433172303,1.1741814278046163,0.14090177133655393,14.848362855609233,,,,
21,20.169082125603865,43.001878690284485,20.8064949006978,1.1741814278046163,,14.848362855609233,,,,
22,20.283145464304884,42.99516908212561,20.73268921095008,1.1741814278046163,,14.814814814814815,,,,
23,20.477724100912507,36.22517444981213,23.95330112721417,1.0399892646269457,,18.303811057434245,,,,
24,9.39345142243693,65.17042404723564,10.735373054213634,4.166666666666667,,10.534084809447128,,,,
25,7.9039184111647875,44.618894256575416,10.674986580783683,4.166666666666667,9.353193773483628,23.282340311325818,,,,
26,7.98443370907139,34.39345142243693,10.674986580783683,4.0995705850778315,18.203166935050994,24.396135265700483,0.24825550187869028,,,
27,8.192431561996779,33.5077831454643,10.641438539989265,5.629361245303274,17.478529253891573,24.302200751476114,0.24825550187869028,,,
28,8.360171765968868,33.340042941492214,10.641438539989265,5.629361245303274,17.478529253891573,24.302200751476114,0.24825550187869028,,,
29,8.76274825550188,33.17230273752013,10.567632850241546,5.629361245303274,17.344337090713903,24.27536231884058,0.24825550187869028,,,
30,8.722490606548577,32.56843800322061,10.567632850241546,5.629361245303274,13.607085346215781,25.583735909822867,0.24825550187869028,3.0730005367686526,,
31,9.172034353193773,32.49463231347289,10.534084809447128,5.629361245303274,13.58695652173913,25.39586688137413,0.24825550187869028,2.9388083735909825,,
32,9.326355340848094,32.326892109500804,10.279119699409554,5.897745571658615,13.58695652173913,25.39586688137413,0.24825550187869028,2.9388083735909825,,
33,9.695383789586689,32.09205582393988,10.265700483091788,5.897745571658615,13.58695652173913,25.275093934514224,0.24825550187869028,2.9388083735909825,,
34,10.0979602791197,31.93102522812668,10.205314009661835,5.897745571658615,13.459473966720344,25.221417069243156,0.24825550187869028,2.9388083735909825,,
35,10.185185185185185,31.890767579173378,10.205314009661835,5.897745571658615,13.43263553408481,25.201288244766506,0.24825550187869028,2.9388083735909825,,
36,10.144927536231885,29.817498658078367,10.19189479334407,5.897745571658615,13.419216317767042,24.322329575952764,0.24825550187869028,5.958132045088567,,
37,8.501073537305421,26.710950080515296,17.324208266237253,5.897745571658615,12.93612453032743,21.947128287707997,0.24825550187869028,5.958132045088567,0.47638217928073,
38,8.702361782071927,26.710950080515296,17.310789049919485,5.897745571658615,12.842190016103059,21.85319377348363,0.24825550187869028,5.958132045088567,0.47638217928073,
39,8.735909822866345,26.496242619431026,17.310789049919485,5.897745571658615,12.701288244766506,23.443370907139023,0.24825550187869028,4.690016103059581,0.47638217928073,
40,8.319914117015566,20.249597423510465,19.920826623725173,4.079441760601181,9.916800858829845,33.81642512077295,0.24825550187869028,3.099838969404187,0.3488996242619431,
41,8.36688137412775,19.699409554482017,19.920826623725173,4.079441760601181,8.903650026838433,33.05823939881911,0.24825550187869028,5.374396135265701,0.3488996242619431,
42,8.668813741277509,19.659151905528716,19.860440150295222,4.079441760601181,8.903650026838433,33.00456253354804,0.24825550187869028,5.226784755770263,0.3488996242619431,
43,8.964036500268385,19.484702093397747,19.786634460547504,4.079441760601181,8.856682769726248,32.19940955448202,0.14761137949543746,6.132581857219538,0.3488996242619431,
44,9.158615136876007,19.45786366076221,19.77992485238862,3.2675791733762747,11.842458400429415,29.864465915190554,0.14761137949543746,6.132581857219538,0.3488996242619431,
45,8.59500805152979,18.753354804079443,21.3768115942029,3.2675791733762747,11.56736446591519,29.810789049919485,0.14761137949543746,6.132581857219538,0.3488996242619431,
46,8.293075684380032,14.781266774020397,30.42807300053677,3.2474503488996245,11.506977992485238,25.11406333870102,0.14761137949543746,6.132581857219538,0.3488996242619431,
47,7.830112721417069,12.553676865271068,22.074610842726784,3.240740740740741,11.399624261943103,35.95679012345679,0.14761137949543746,6.447933440687064,0.3488996242619431,
48,7.199409554482019,10.72866344605475,20.759527643585614,3.052871712292002,15.613258185721953,38.71443907675792,0.14761137949543746,3.435319377348363,0.3488996242619431,
49,6.481481481481482,7.7361782071927,34.35990338164251,0.6910896403650026,11.003757380568974,36.47342995169082,0.14761137949543746,2.757648953301127,0.3488996242619431,
50,6.454643048845948,7.7361782071927,34.272678475577024,0.6910896403650026,11.003757380568974,35.929951690821255,0.14761137949543746,2.757648953301127,0.3488996242619431,0.6575415995705851
51,5.984970477724101,7.729468599033816,33.95061728395062,0.6910896403650026,11.003757380568974,36.72839506172839,0.14761137949543746,2.757648953301127,0.3488996242619431,0.6575415995705851
52,6.179549114331723,7.6556629092860975,33.662104133118625,0.6910896403650026,11.003757380568974,35.789049919484704,0.14761137949543746,3.864734299516908,0.3488996242619431,0.6575415995705851
53,6.146001073537305,7.501341921631776,34.45383789586688,0.6910896403650026,10.889694041867955,35.79575952764358,,3.589640365002684,0.3488996242619431,0.5837359098228664
54,6.213097155126141,7.501341921631776,34.43370907139023,0.6910896403650026,10.889694041867955,35.7487922705314,,3.589640365002684,0.3488996242619431,0.5837359098228664
55,6.045356951154052,7.440955448201825,31.769994632313473,0.5904455179817498,9.111647879763822,40.51932367149758,,3.589640365002684,0.3488996242619431,0.5837359098228664
56,6.78341384863124,7.4141170155662905,31.38083735909823,0.5904455179817498,9.057971014492754,40.25764895330113,,3.589640365002684,0.3421900161030596,0.5837359098228664
57,6.219806763285024,6.152710681696189,39.05662909286098,0.5904455179817498,7.27992485238862,36.808910359635,,3.1736446591519054,0.3421900161030596,0.3757380568974772
58,5.723295759527644,23.711755233494365,28.743961352657006,0.5904455179817498,5.5689747718733225,32.045088566827694,,3.1736446591519054,0.06709608158883522,0.3757380568974772
59,5.8239398819108965,23.51046698872786,36.560654857756305,0.5904455179817498,5.0791733762748255,25.34219001610306,,2.9119699409554483,0.06709608158883522,0.11406333870101985
60,5.032206119162641,19.35721953837896,36.33252818035427,0.5904455179817498,10.406602254428341,25.187869028448738,,2.9119699409554483,0.06709608158883522,0.11406333870101985
61,5.10601180891036,19.343800322061192,36.09769189479334,0.5904455179817498,10.373054213633925,24.684648416532475,,3.6231884057971016,0.06709608158883522,0.11406333870101985
62,5.924584004294149,19.343800322061192,35.74208266237252,0.5904455179817498,10.373054213633925,24.22168545356951,,3.6231884057971016,0.06709608158883522,0.11406333870101985
63,6.273483628556092,19.30354267310789,35.59447128287708,0.5904455179817498,10.373054213633925,24.14787976382179,,3.535963499731616,0.06709608158883522,0.11406333870101985
64,5.964841653247451,19.155931293612454,43.283682232957595,0.5904455179817498,9.675254965110037,18.115942028985508,,3.0327428878153517,0.06709608158883522,0.11406333870101985
65,6.105743424584004,19.11567364465915,43.243424584004295,0.5904455179817498,9.614868491680086,18.04213633923779,0.07380568974771873,3.0327428878153517,0.06709608158883522,0.11406333870101985
66,5.495169082125604,19.11567364465915,47.799248523886206,0.5770263016639828,9.614868491680086,14.110305958132045,0.07380568974771873,3.0327428878153517,0.06709608158883522,0.11406333870101985
67,5.609232420826624,19.102254428341386,47.68518518518518,0.6239935587761675,9.581320450885668,14.110305958132045,0.07380568974771873,3.0327428878153517,0.06709608158883522,0.11406333870101985
68,5.528717122920021,12.057165861513688,57.830112721417066,0.6239935587761675,8.132045088566828,12.828770799785293,0.07380568974771873,2.8113258185721954,,0.11406333870101985
69,5.508588298443371,12.057165861513688,49.563875469672574,0.6239935587761675,16.512345679012345,12.734836285560924,0.07380568974771873,2.8113258185721954,,0.11406333870101985
70,5.703166935050993,11.902844873859367,49.40955448201825,0.6239935587761675,16.485507246376812,12.734836285560924,0.07380568974771873,2.952227589908749,,0.11406333870101985
71,5.776972624798712,11.902844873859367,45.69243156199678,0.6239935587761675,20.356951154052602,12.580515297906603,0.07380568974771873,2.8784219001610305,,0.11406333870101985
72,4.019055287171229,10.970209339774557,45.531400966183575,0.6239935587761675,19.088835212023618,17.632850241545892,0.07380568974771873,1.9457863660762211,,0.11406333870101985
73,4.663177670424047,10.701825013419215,45.531400966183575,0.6239935587761675,18.968062265163713,17.37788513150832,0.07380568974771873,1.9457863660762211,,0.11406333870101985
74,4.7638217928073,8.863392377885132,42.921363392377884,0.6239935587761675,18.95464304884595,17.351046698872786,0.07380568974771873,1.9457863660762211,,4.502147074610843
75,4.817498658078368,8.863392377885132,42.901234567901234,0.6239935587761675,18.95464304884595,17.351046698872786,0.07380568974771873,1.9122383252818036,,4.502147074610843
76,5.10601180891036,8.863392377885132,42.860976918947934,0.6239935587761675,18.84728931830381,17.21014492753623,0.07380568974771873,1.9122383252818036,,4.502147074610843
77,5.186527106816962,8.011272141706923,44.296833064949006,0.24154589371980675,18.71309715512614,17.183306494900698,0.07380568974771873,1.9122383252818036,,4.38137412775094
78,4.40150295222759,7.98443370907139,53.97208803005905,0.24154589371980675,7.03166935050993,23.081052066559312,0.07380568974771873,0.7648953301127214,,2.4490069779924855
79,4.911433172302737,7.6556629092860975,48.55072463768116,2.952227589908749,10.272410091250672,20.853462157809982,0.07380568974771873,0.9326355340848095,,3.797638217928073
80,4.985238862050457,7.6556629092860975,48.510466988727856,2.952227589908749,10.272410091250672,20.8467525496511,0.07380568974771873,0.9057971014492754,,3.797638217928073
81,4.562533548040794,5.112721417069243,44.87385936661299,2.952227589908749,10.151637144390767,29.086151368760063,0.07380568974771873,0.7648953301127214,,2.4221685453569513
82,4.609500805152979,5.0858829844337095,44.85373054213634,2.952227589908749,10.151637144390767,29.086151368760063,0.07380568974771873,0.7648953301127214,,2.4221685453569513
83,4.4753086419753085,5.018786902844874,40.25093934514224,0.9125067096081588,9.198872785829307,37.1309715512614,0.07380568974771873,0.5166398282340311,,2.4221685453569513
84,4.690016103059581,5.005367686527107,39.700751476113794,0.9125067096081588,7.601986044015029,39.07675791733763,0.07380568974771873,0.5166398282340311,,2.4221685453569513
85,4.052603327965647,4.958400429414922,41.82769726247987,0.9125067096081588,7.601986044015029,37.63419216317767,0.07380568974771873,0.5166398282340311,,2.4221685453569513
86,4.139828234031133,4.951690821256038,41.8142780461621,0.9125067096081588,7.601986044015029,37.567096081588836,0.07380568974771873,0.5166398282340311,,2.4221685453569513
87,4.253891572732153,4.951690821256038,41.76060118089104,0.9125067096081588,7.601986044015029,37.506709608158886,0.07380568974771873,0.5166398282340311,,2.4221685453569513
88,4.569243156199678,4.951690821256038,38.94927536231884,0.6977992485238862,10.943370907139023,36.87600644122383,0.07380568974771873,0.5166398282340311,,2.4221685453569513
89,4.676596886741814,4.951690821256038,38.92243692968331,0.6977992485238862,13.399087493290391,34.33977455716586,0.07380568974771873,0.5166398282340311,,2.4221685453569513
90,4.87788513150832,4.951690821256038,38.79495437466452,0.8588298443370908,13.238056897477188,34.292807300053674,0.07380568974771873,0.5166398282340311,,2.395330112721417
91,5.032206119162641,4.951690821256038,38.768115942028984,0.8588298443370908,13.238056897477188,34.16532474503489,0.07380568974771873,0.5166398282340311,,2.395330112721417
92,5.481749865807837,4.944981213097155,38.35212023617821,0.8588298443370908,13.231347289318304,34.14519592055824,0.07380568974771873,0.5166398282340311,,2.395330112721417
93,5.4616210413311865,4.931561996779388,34.84970477724101,0.8588298443370908,14.432367149758454,37.15780998389694,0.07380568974771873,0.5099302200751477,,1.724369296833065
94,5.615942028985507,4.931561996779388,30.877616747181964,0.8454106280193237,14.325013419216317,41.116478797638216,0.07380568974771873,0.5099302200751477,,1.7042404723564144
95,5.971551261406334,4.924852388620504,30.756843800322063,0.8185721953837896,14.318303811057435,40.92190016103059,0.07380568974771873,0.5099302200751477,,1.7042404723564144
96,6.0654857756307035,4.924852388620504,30.756843800322063,0.8185721953837896,14.318303811057435,40.82796564680623,0.07380568974771873,0.5099302200751477,,1.7042404723564144
97,6.340579710144928,4.911433172302737,28.992216854535695,0.8185721953837896,13.459473966720344,40.39855072463768,0.07380568974771873,3.603059581320451,,1.402308105206656
98,6.4412238325281805,4.911433172302737,28.945249597423512,0.8185721953837896,13.439345142243694,40.365002683843265,0.07380568974771873,3.603059581320451,,1.402308105206656
99,6.474771873322598,4.911433172302737,28.858024691358025,0.5971551261406334,15.754159957058508,38.32528180354267,0.07380568974771873,3.603059581320451,,1.402308105206656
100,6.575415995705851,4.871175523349437,28.710413311862588,0.5971551261406334,15.754159957058508,38.41250670960816,0.07380568974771873,3.603059581320451,,1.402308105206656
101,6.749865807836822,4.871175523349437,28.710413311862588,0.5971551261406334,15.613258185721953,38.378958668813745,0.07380568974771873,3.603059581320451,,1.402308105206656
102,6.877348362855609,4.64975845410628,28.187063875469672,0.5971551261406334,15.767579173376275,38.35212023617821,0.07380568974771873,4.092860976918948,,1.402308105206656
103,6.615673644659152,4.643048845947397,33.722490606548575,0.5971551261406334,14.720880300590446,36.45330112721417,0.07380568974771873,1.9524959742351047,,1.221148684916801
104,6.3137412775093935,4.62962962962963,31.890767579173378,0.5971551261406334,14.640365002683843,38.6808910359635,0.07380568974771873,1.9524959742351047,,1.221148684916801
105,6.561996779388084,4.62962962962963,29.240472356414386,0.5971551261406334,17.94820182501342,38.157541599570585,0.07380568974771873,1.570048309178744,,1.221148684916801
106,5.199946323134729,3.9184111647879765,33.03811057434246,0.5367686527106817,16.968599033816425,37.473161567364464,0.07380568974771873,1.570048309178744,,1.221148684916801
107,4.9651100375738055,3.8177670424047236,31.66935050993022,2.589908749329039,16.794149221685455,37.2987117552335,0.07380568974771873,1.570048309178744,,1.221148684916801
108,5.166398282340311,3.8177670424047236,31.468062265163713,3.193773483628556,16.21712292002147,37.27187332259796,0.07380568974771873,1.570048309178744,,1.221148684916801
109,5.173107890499195,3.8177670424047236,31.407675791733762,3.193773483628556,15.935319377348362,36.87600644122383,0.39586688137412773,1.9793344068706387,,1.221148684916801
110,5.347557702630167,3.8177670424047236,31.407675791733762,3.1602254428341383,15.874932903918411,36.79549114331723,0.39586688137412773,1.9793344068706387,,1.221148684916801
111,5.501878690284487,3.8177670424047236,31.179549114331724,3.126677402039721,16.51905528717123,36.25872249060655,0.39586688137412773,1.9793344068706387,,1.221148684916801
112,5.662909286097692,3.8177670424047236,31.13929146537842,3.126677402039721,16.478797638217927,36.06414385399893,0.39586688137412773,1.9793344068706387,,1.3352120236178207
113,4.884594739667204,0.5032206119162641,30.50187869028449,3.126677402039721,16.418411164787976,41.02254428341385,0.39586688137412773,1.9793344068706387,,1.1674718196457328
114,4.931561996779388,0.5032206119162641,30.475040257648953,3.126677402039721,16.411701556629094,41.00912506709608,0.39586688137412773,1.9793344068706387,,1.1674718196457328
115,4.944981213097155,0.5032206119162641,30.475040257648953,3.126677402039721,16.411701556629094,40.995705850778315,0.39586688137412773,1.9793344068706387,,1.1674718196457328
116,4.8443370907139025,0.5032206119162641,33.3870101986044,2.6301663982823404,16.398282340311326,35.57434245840043,0.39586688137412773,5.0993022007514766,,1.1674718196457328
117,4.938271604938271,0.5032206119162641,33.340042941492214,2.6301663982823404,16.358024691358025,35.567632850241544,0.39586688137412773,5.0993022007514766,,1.1674718196457328
118,5.193236714975845,0.5032206119162641,33.2259796027912,2.6301663982823404,16.358024691358025,35.42673107890499,0.39586688137412773,5.0993022007514766,,1.1674718196457328
119,5.273752012882448,0.5032206119162641,33.2259796027912,2.6301663982823404,16.358024691358025,35.35963499731616,0.39586688137412773,5.0858829844337095,,1.1674718196457328
120,5.367686527106817,0.5032206119162641,33.19243156199678,2.6301663982823404,16.324476650563607,35.34621578099839,0.39586688137412773,5.072463768115942,,1.1674718196457328
121,5.374396135265701,0.5032206119162641,31.00509930220075,2.6301663982823404,16.324476650563607,35.32608695652174,0.39586688137412773,5.072463768115942,,3.3682232957595275
122,4.918142780461621,0.3488996242619431,27.147074610842726,2.61003757380569,21.900161030595815,34.312936124530324,0.39586688137412773,5.072463768115942,,3.294417606011809
123,4.958400429414922,0.3488996242619431,27.120236178207193,2.61003757380569,21.89345142243693,34.306226516371446,0.39586688137412773,5.072463768115942,,3.294417606011809
124,5.4616210413311865,0.3421900161030596,26.838432635534083,2.61003757380569,21.79951690821256,33.8768115942029,0.39586688137412773,5.072463768115942,,3.603059581320451
125,5.535426731078905,0.3421900161030596,26.818303811057433,2.61003757380569,21.79951690821256,33.823134728931834,0.39586688137412773,5.072463768115942,,3.603059581320451
126,5.783682232957595,0.3421900161030596,26.757917337627482,2.61003757380569,21.752549651100377,33.69565217391305,0.39586688137412773,5.072463768115942,,3.589640365002684
127,6.159420289855072,0.3421900161030596,26.704240472356414,2.61003757380569,21.71900161030596,33.50107353730542,0.39586688137412773,4.978529253891573,,3.589640365002684
128,6.293612453032743,0.3421900161030596,26.637144390767578,2.61003757380569,21.67874396135266,33.47423510466989,0.39586688137412773,4.978529253891573,,3.589640365002684
129,6.400966183574879,0.3421900161030596,26.637144390767578,2.61003757380569,21.64519592055824,33.400429414922165,0.39586688137412773,4.978529253891573,,3.589640365002684
130,6.414385399892646,0.3421900161030596,26.637144390767578,2.61003757380569,21.64519592055824,33.3870101986044,0.39586688137412773,4.978529253891573,,3.589640365002684
131,6.421095008051529,0.3421900161030596,26.221148684916802,3.1870638754696725,21.584809447128286,33.3870101986044,0.39586688137412773,4.871175523349437,,3.589640365002684
132,6.78341384863124,0.3421900161030596,26.039989264626946,3.1870638754696725,21.490874932903917,33.299785292538914,0.39586688137412773,4.871175523349437,,3.589640365002684
133,6.709608158883521,0.28180354267310787,28.73725174449812,3.1870638754696725,21.430488459473967,30.52200751476114,0.39586688137412773,5.146269457863661,,3.589640365002684
134,6.749865807836822,0.28180354267310787,28.73725174449812,3.1870638754696725,21.39694041867955,30.515297906602253,0.39586688137412773,5.146269457863661,,3.589640365002684
135,6.91760601180891,0.28180354267310787,28.475577026301664,3.0595813204508855,21.28287707997853,30.46833064949007,0.39586688137412773,5.528717122920021,,3.589640365002684
136,7.118894256575416,0.28180354267310787,28.35480407944176,3.0595813204508855,21.26945786366076,30.441492216854535,0.39586688137412773,5.488459473966721,,3.589640365002684
137,7.192699946323135,0.28180354267310787,28.348094471282877,3.0595813204508855,21.24932903918411,30.42807300053677,0.39586688137412773,5.4549114331723025,,3.589640365002684
138,7.25979602791197,0.28180354267310787,28.30112721417069,3.0595813204508855,21.22920021470746,30.287171229200215,0.5434782608695652,5.448201825013419,,3.589640365002684
139,7.1725711218464845,0.28180354267310787,31.300322061191626,3.0595813204508855,18.699677938808374,30.273752012882447,0.5434782608695652,5.300590445517981,,3.3682232957595275
140,6.78341384863124,0.28180354267310787,28.10654857756307,2.509393451422437,16.861245303274288,36.45330112721417,0.5434782608695652,5.300590445517981,,3.1602254428341383
141,6.944444444444445,0.28180354267310787,28.046162104133117,2.509393451422437,16.834406870638755,36.39291465378422,0.5434782608695652,5.300590445517981,,3.1468062265163717
142,7.078636607622115,0.28180354267310787,28.046162104133117,2.509393451422437,16.700214707461082,36.39291465378422,0.5434782608695652,5.300590445517981,,3.1468062265163717
143,7.253086419753086,0.28180354267310787,27.992485238862052,2.509393451422437,16.700214707461082,36.29898013955985,0.5434782608695652,5.273752012882448,,3.1468062265163717
144,7.461084272678476,0.28180354267310787,27.945517981749866,2.509393451422437,16.6129898013956,36.2385936661299,0.5434782608695652,5.260332796564681,,3.1468062265163717
145,7.675791733762749,0.28180354267310787,27.885131508319915,2.509393451422437,16.55931293612453,36.13794954374664,0.5434782608695652,5.260332796564681,,3.1468062265163717
146,7.944176060118089,0.28180354267310787,27.78448738593666,2.509393451422437,16.532474503488995,35.99704777241009,0.5434782608695652,5.260332796564681,,3.1468062265163717
147,8.185721953837897,0.28180354267310787,27.78448738593666,2.509393451422437,16.532474503488995,35.75550187869028,0.5434782608695652,5.260332796564681,,3.1468062265163717
148,8.225979602791197,0.28180354267310787,27.74422973698336,2.509393451422437,16.532474503488995,35.75550187869028,0.5434782608695652,5.260332796564681,,3.1468062265163717
149,8.36688137412775,0.28180354267310787,27.636876006441224,2.509393451422437,16.532474503488995,35.72195383789587,0.5434782608695652,5.260332796564681,,3.1468062265163717
150,8.628556092324208,0.28180354267310787,27.61003757380569,2.791196994095545,16.431830381105744,35.30595813204509,0.5434782608695652,5.260332796564681,,3.1468062265163717
151,8.789586688137414,0.28180354267310787,27.49597423510467,2.791196994095545,16.418411164787976,35.27241009125067,0.5434782608695652,5.260332796564681,,3.1468062265163717
152,9.091519055287172,0.28180354267310787,27.482555018786904,2.791196994095545,16.418411164787976,34.98389694041868,0.5434782608695652,5.260332796564681,,3.1468062265163717
153,9.145195920558239,0.28180354267310787,27.462426194310254,2.791196994095545,16.418411164787976,34.95034889962426,0.5434782608695652,5.260332796564681,,3.1468062265163717
154,9.400161030595813,0.28180354267310787,27.408749329039185,2.791196994095545,16.418411164787976,34.796027911969944,0.5434782608695652,5.213365539452496,,3.1468062265163717
155,9.46725711218465,0.28180354267310787,27.408749329039185,2.7777777777777777,16.418411164787976,34.76918947933441,0.5434782608695652,5.186527106816962,,3.1468062265163717
156,9.614868491680086,0.28180354267310787,27.395330112721417,2.7777777777777777,16.384863123993558,34.66854535695116,0.5434782608695652,5.186527106816962,,3.1468062265163717
157,9.742351046698873,0.28180354267310787,27.38191089640365,2.7643585614600106,16.358024691358025,34.614868491680085,0.5434782608695652,5.166398282340311,,3.1468062265163717
158,9.916800858829845,0.28180354267310787,27.355072463768117,2.7509393451422435,16.337895866881375,34.50080515297907,0.5434782608695652,5.166398282340311,,3.1468062265163717
159,9.796027911969942,0.28180354267310787,26.154052603327965,2.7509393451422435,16.33118625872249,33.662104133118625,0.5434782608695652,7.333601717659689,,3.1468062265163717
160,10.225442834138486,0.28180354267310787,26.06682769726248,2.7509393451422435,16.0829307568438,33.56816961889426,0.5434782608695652,7.333601717659689,,3.1468062265163717
161,10.151637144390767,0.28180354267310787,25.959473966720342,2.677133655394525,17.06924315619968,32.950885668276975,0.5434782608695652,7.333601717659689,,3.0327428878153517
162,10.272410091250672,0.28180354267310787,25.89237788513151,2.677133655394525,17.03569511540526,32.930756843800324,0.5434782608695652,7.333601717659689,,3.0327428878153517
163,10.379763821792807,0.28180354267310787,25.89237788513151,2.677133655394525,17.03569511540526,32.82340311325819,0.5434782608695652,7.333601717659689,,3.0327428878153517
164,10.46027911969941,0.28180354267310787,25.489801395598498,2.677133655394525,14.123725174449811,36.09769189479334,0.5434782608695652,7.300053676865271,,3.026033279656468
165,10.57434245840043,0.28180354267310787,25.335480407944175,2.677133655394525,14.083467525496511,36.03730542136339,0.5434782608695652,7.286634460547504,,3.180354267310789
166,10.554213633923778,0.28180354267310787,23.53059581320451,2.677133655394525,14.083467525496511,37.92941492216855,0.5233494363929146,7.239667203435319,,3.180354267310789
167,10.621309715512615,0.28180354267310787,22.38996242619431,2.677133655394525,15.499194847020934,37.58722490606549,0.5233494363929146,7.239667203435319,,3.180354267310789
168,10.721953837895867,0.28180354267310787,22.34970477724101,2.6637144390767578,15.45222758990875,37.58722490606549,0.5233494363929146,7.239667203435319,,3.180354267310789
169,11.399624261943103,0.28180354267310787,22.33628556092324,2.6502952227589907,15.418679549114332,36.9699409554482,0.5233494363929146,7.239667203435319,,3.180354267310789
170,11.56736446591519,0.28180354267310787,22.31615673644659,2.6502952227589907,15.297906602254429,36.943102522812666,0.5233494363929146,7.239667203435319,,3.180354267310789
171,11.56736446591519,0.28180354267310787,22.31615673644659,2.6502952227589907,15.371712292002147,36.86929683306495,0.5233494363929146,7.239667203435319,,3.180354267310789
172,11.614331723027375,0.28180354267310787,22.041062801932366,2.6502952227589907,13.942565754159958,38.30515297906602,0.24825550187869028,7.7361782071927,,3.180354267310789
173,11.52710681696189,0.28180354267310787,20.52469135802469,2.6502952227589907,13.43263553408481,40.687063875469676,0.24825550187869028,7.467793880837359,,3.180354267310789
174,11.996779388083736,0.28180354267310787,20.276435856146,2.6502952227589907,13.43263553408481,40.49919484702093,0.24154589371980675,7.467793880837359,,3.1535158346752548
175,12.184648416532475,0.28180354267310787,20.25630703166935,2.6502952227589907,13.405797101449275,40.35829307568438,0.24154589371980675,7.467793880837359,,3.1535158346752548
176,12.198067632850242,0.28180354267310787,20.25630703166935,2.6502952227589907,13.405797101449275,40.35829307568438,0.24154589371980675,7.454374664519592,,3.1535158346752548
177,11.990069779924852,0.28180354267310787,22.745571658615138,2.6502952227589907,11.788781535158346,39.76784755770263,0.16774020397208803,7.454374664519592,,3.1535158346752548
178,12.218196457326892,0.28180354267310787,22.61808910359635,2.6502952227589907,11.788781535158346,39.680622651637144,0.16774020397208803,7.454374664519592,,3.140096618357488
179,12.600644122383253,0.28180354267310787,22.564412238325282,2.6502952227589907,11.788781535158346,39.351851851851855,0.16774020397208803,7.454374664519592,,3.140096618357488
180,12.681159420289855,0.28180354267310787,22.530864197530864,2.6502952227589907,11.788781535158346,39.30488459473967,0.16774020397208803,7.454374664519592,,3.140096618357488
181,12.801932367149758,0.28180354267310787,22.490606548577563,2.623456790123457,11.735104669887278,39.30488459473967,0.16774020397208803,7.454374664519592,,3.140096618357488
182,13.117283950617283,0.28180354267310787,22.450348899624263,2.623456790123457,11.580783682232958,39.16398282340311,0.16774020397208803,7.474503488996243,,3.140096618357488
183,13.58695652173913,0.28180354267310787,22.168545356951153,2.6167471819645733,11.553945249597424,39.03650026838432,0.16774020397208803,7.447665056360709,,3.140096618357488
184,13.781535158346752,0.28180354267310787,22.134997316156735,2.6167471819645733,11.553945249597424,38.87546967257112,0.16774020397208803,7.447665056360709,,3.140096618357488
185,13.88888888888889,0.27509393451422437,22.114868491680085,2.7777777777777777,11.553945249597424,38.73456790123457,0.16774020397208803,7.447665056360709,,3.0394524959742353
186,13.613794954374665,0.27509393451422437,21.410359634997317,6.582125603864735,11.553945249597424,35.809178743961354,0.30193236714975846,7.447665056360709,,3.0059044551798175
187,13.882179280730005,0.27509393451422437,21.35668276972625,6.582125603864735,11.533816425120772,35.61460010735373,0.30193236714975846,7.447665056360709,,3.0059044551798175
188,13.90901771336554,0.27509393451422437,19.806763285024154,6.582125603864735,13.009930220075148,35.507246376811594,0.30193236714975846,7.447665056360709,0.15432098765432098,3.0059044551798175
189,14.096886741814279,0.27509393451422437,19.806763285024154,6.5552871712292005,13.009930220075148,35.34621578099839,0.30193236714975846,7.447665056360709,0.15432098765432098,3.0059044551798175
190,14.143853998926463,0.27509393451422437,19.538378958668815,6.5552871712292005,13.009930220075148,35.02415458937198,0.30193236714975846,7.9039184111647875,0.15432098765432098,3.0931293612453032
191,14.217659688674182,0.27509393451422437,19.538378958668815,6.528448738593666,13.003220611916264,35.01073537305421,0.30193236714975846,7.890499194847021,0.15432098765432098,3.079710144927536
192,14.398819108964037,0.27509393451422437,19.47128287707998,6.521739130434782,12.969672571121846,34.98389694041868,0.30193236714975846,7.843531937734836,0.15432098765432098,3.079710144927536
193,13.92914653784219,0.24825550187869028,21.712292002147073,6.072195383789587,12.929414922168545,34.49409554482018,0.30193236714975846,7.125603864734299,0.15432098765432098,3.0327428878153517
194,14.11701556629093,0.24825550187869028,21.672034353193773,6.072195383789587,12.902576489533011,34.37332259796028,0.30193236714975846,7.125603864734299,0.15432098765432098,3.0327428878153517
195,14.11701556629093,0.24825550187869028,21.672034353193773,6.072195383789587,12.902576489533011,34.37332259796028,0.30193236714975846,7.125603864734299,0.15432098765432098,3.0327428878153517
196,14.378690284487385,0.24825550187869028,21.651905528717123,6.072195383789587,12.86231884057971,34.18545356951154,0.30193236714975846,7.125603864734299,0.15432098765432098,3.0193236714975846
197,14.472624798711756,0.24825550187869028,21.651905528717123,6.072195383789587,12.86231884057971,34.09151905528717,0.30193236714975846,7.125603864734299,0.15432098765432098,3.0193236714975846
198,14.586688137412775,0.24825550187869028,21.584809447128286,6.031937734836285,12.86231884057971,33.99087493290392,0.30193236714975846,7.239667203435319,0.15432098765432098,2.999194847020934
199,14.754428341384862,0.24825550187869028,21.450617283950617,6.031937734836285,12.835480407944177,33.99087493290392,0.30193236714975846,7.239667203435319,0.15432098765432098,2.9924852388620504
200,14.875201288244767,0.24825550187869028,21.450617283950617,6.031937734836285,12.828770799785293,33.8768115942029,0.30193236714975846,7.239667203435319,0.15432098765432098,2.9924852388620504
201,15.002683843263553,0.24825550187869028,21.43719806763285,6.78341384863124,12.614063338701019,33.3467525496511,0.30193236714975846,7.118894256575416,0.15432098765432098,2.9924852388620504
202,15.056360708534621,0.24825550187869028,21.423778851315085,6.78341384863124,12.614063338701019,33.340042941492214,0.30193236714975846,7.085346215780999,0.15432098765432098,2.9924852388620504
203,15.217391304347826,0.24825550187869028,21.423778851315085,6.78341384863124,12.614063338701019,33.20585077831455,0.27509393451422437,7.085346215780999,0.15432098765432098,2.9924852388620504
204,15.217391304347826,0.24825550187869028,21.423778851315085,6.78341384863124,12.614063338701019,33.20585077831455,0.27509393451422437,7.085346215780999,0.15432098765432098,2.9924852388620504
205,15.687063875469672,0.24825550187869028,21.32313472893183,6.776704240472356,12.419484702093397,33.03811057434246,0.27509393451422437,7.085346215780999,0.15432098765432098,2.9924852388620504
206,15.895061728395062,0.24825550187869028,21.32313472893183,6.776704240472356,12.365807836822329,32.91733762748255,0.27509393451422437,7.051798174986581,0.15432098765432098,2.9924852388620504
207,16.1231884057971,0.24825550187869028,21.195652173913043,6.769994632313473,12.359098228663447,32.8569511540526,0.24825550187869028,7.051798174986581,0.15432098765432098,2.9924852388620504
208,16.297638217928075,0.24825550187869028,21.195652173913043,6.769994632313473,12.359098228663447,32.776435856146,0.24825550187869028,6.957863660762212,0.15432098765432098,2.9924852388620504
209,16.404991948470208,0.24825550187869028,21.195652173913043,6.729736983360172,12.359098228663447,32.72275899087493,0.24825550187869028,6.957863660762212,0.15432098765432098,2.9790660225442833
210,16.532474503488995,0.24825550187869028,21.175523349436393,6.729736983360172,12.285292538915728,32.709339774557165,0.24825550187869028,6.937734836285561,0.15432098765432098,2.9790660225442833
211,16.7337627482555,0.24825550187869028,21.027911969940956,6.729736983360172,12.265163714439076,32.67579173376275,0.24825550187869028,6.937734836285561,0.15432098765432098,2.9790660225442833
212,16.71363392377885,0.24825550187869028,19.97450348899624,6.702898550724638,13.734567901234568,32.29334406870639,0.24825550187869028,6.810252281266774,0.15432098765432098,3.1199677938808374
213,16.42512077294686,0.24825550187869028,19.30354267310789,6.702898550724638,13.7211486849168,33.2662372517445,0.24825550187869028,6.810252281266774,0.15432098765432098,3.1199677938808374
214,9.668545356951155,25.831991411701555,29.696725711218466,6.280193236714976,3.3145464304884595,16.344605475040257,,6.139291465378422,,2.7241009125067097
215,9.903381642512077,25.831991411701555,29.61621041331186,6.280193236714976,3.1870638754696725,16.317767042404725,,6.139291465378422,,2.7241009125067097
216,9.98389694041868,25.831991411701555,29.562533548040793,6.280193236714976,3.1870638754696725,16.29092860976919,,6.139291465378422,,2.7241009125067097
217,9.997316156736447,21.77938808373591,29.180085882984432,6.280193236714976,3.1870638754696725,19.276704240472355,,7.588566827697263,,2.7106816961889426
218,10.138217928073,21.77938808373591,29.139828234031132,6.280193236714976,3.1870638754696725,19.276704240472355,,7.588566827697263,,2.61003757380569
219,10.245571658615138,21.75925925925926,29.139828234031132,6.260064412238325,3.1870638754696725,19.276704240472355,,7.521470746108427,,2.61003757380569
220,10.352925389157273,21.75925925925926,29.07944176060118,6.260064412238325,3.1870638754696725,19.249865807836823,,7.521470746108427,,2.589908749329039
221,10.59447128287708,21.631776704240472,28.992216854535695,6.239935587761675,3.1870638754696725,19.229736983360173,,7.4141170155662905,,2.7106816961889426
222,10.61460010735373,21.631776704240472,28.972088030059044,6.239935587761675,3.1870638754696725,19.229736983360173,,7.4141170155662905,,2.7106816961889426
223,10.802469135802468,21.62506709608159,28.911701556629094,6.239935587761675,3.1870638754696725,19.162640901771336,,7.37385936661299,,2.6972624798711755
224,11.064143853998926,21.544551798174986,28.878153515834676,6.239935587761675,3.140096618357488,19.129092860976918,,7.306763285024155,,2.6972624798711755
225,11.285560923242082,21.497584541062803,28.83118625872249,6.239935587761675,3.1199677938808374,19.02173913043478,,7.306763285024155,,2.6972624798711755
226,11.520397208803006,21.484165324745035,28.670155662909288,6.239935587761675,3.099838969404187,18.98148148148148,,7.306763285024155,,2.6972624798711755
227,11.66129898013956,21.484165324745035,28.63660762211487,6.206387546967257,3.0595813204508855,18.947933440687063,,7.306763285024155,,2.6972624798711755
228,11.406333870101985,21.470746108427267,28.019323671497585,5.9447128287707995,3.0595813204508855,21.71900161030596,,7.467793880837359,,0.9125067096081588
229,9.23913043478261,20.222758990874933,38.828502415458935,3.113258185721954,2.4490069779924855,18.317230273752013,,6.91760601180891,,0.9125067096081588
230,9.460547504025765,20.189210950080515,38.66747181964573,3.113258185721954,2.4490069779924855,18.317230273752013,,6.91760601180891,,0.8856682769726248
231,9.494095544820183,20.175791733762747,38.66076221148685,3.113258185721954,2.4490069779924855,18.303811057434245,,6.91760601180891,,0.8856682769726248
232,9.588030059044552,20.142243692968332,38.63392377885131,3.2742887815351582,2.4490069779924855,18.136070853462158,,6.91760601180891,,0.8588298443370908
233,9.688674181427805,20.115405260332796,38.47289318303811,3.421900161030596,2.4490069779924855,18.075684380032207,,6.91760601180891,,0.8588298443370908
234,9.829575952764358,20.115405260332796,38.446054750402574,3.3145464304884595,2.4490069779924855,18.06897477187332,,6.91760601180891,,0.8588298443370908
235,9.88996242619431,20.115405260332796,38.43263553408481,3.3145464304884595,2.4490069779924855,18.02200751476114,,6.91760601180891,,0.8588298443370908
236,10.017444981213098,20.088566827697264,38.399087493290395,3.3145464304884595,2.4490069779924855,17.954911433172303,,6.91760601180891,,0.8588298443370908
237,10.21202361782072,20.088566827697264,38.22463768115942,3.3145464304884595,2.4490069779924855,17.954911433172303,,6.89747718733226,,0.8588298443370908
238,10.406602254428341,20.088566827697264,38.056897477187334,3.3011272141706924,2.4490069779924855,17.941492216854535,,6.89747718733226,,0.8588298443370908
239,10.654857756307031,19.961084272678477,37.64090177133655,3.3011272141706924,2.4490069779924855,17.907944176060116,,6.884057971014493,,1.2010198604401503
240,10.715244229736983,19.961084272678477,37.5805152979066,3.3011272141706924,2.4490069779924855,17.907944176060116,,6.884057971014493,,1.2010198604401503
241,10.909822866344605,19.961084272678477,37.533548040794415,3.3011272141706924,2.4490069779924855,17.76033279656468,,6.884057971014493,,1.2010198604401503
242,11.117820719269995,19.961084272678477,37.526838432635536,3.3011272141706924,2.4490069779924855,17.579173376274827,,6.863929146537842,,1.2010198604401503
243,11.366076221148685,19.87385936661299,37.466451959205585,3.4017713365539453,2.4490069779924855,17.485238862050455,,6.756575415995706,,1.2010198604401503
