,45,50,55,51,52,54,56,57,53,58,59,62,60,61,46
0,95.04830917874396,4.951690821256038,,,,,,,,,,,,,
1,86.31239935587762,13.620504562533547,0.06709608158883522,,,,,,,,,,,,
2,67.88110574342458,31.91760601180891,0.20128824476650564,,,,,,,,,,,,
3,67.19001610305958,32.51476113794954,0.2952227589908749,,,,,,,,,,,,
4,65.68706387546968,33.80971551261406,0.38915727321524424,0.11406333870101985,,,,,,,,,,,
5,56.474771873322595,41.83440687063875,0.5568974771873323,,1.133923778851315,,,,,,,,,,
6,51.01315083199141,29.367954911433173,0.36231884057971014,3.227321524422974,15.787707997852925,0.03354804079441761,0.14761137949543746,0.06038647342995169,,,,,,,
7,43.72651637144391,36.252012882447666,0.4227053140096618,3.227321524422974,15.72061191626409,0.06709608158883522,0.14761137949543746,0.10735373054213634,0.32877079978529256,,,,,,
8,43.45813204508857,35.83601717659689,0.6642512077294686,3.193773483628556,15.505904455179817,0.30193236714975846,0.18115942028985507,0.2683843263553409,0.5904455179817498,,,,,,
9,43.41116478797638,35.57434245840043,0.7514761137949544,3.193773483628556,15.297906602254429,0.5032206119162641,0.08722490606548577,0.46967257112184646,0.7112184648416533,,,,,,
10,43.33064949006978,35.57434245840043,0.7648953301127214,3.2742887815351582,15.28448738593666,0.5032206119162641,0.08722490606548577,0.46967257112184646,0.7112184648416533,,,,,,
11,41.31105743424584,35.279119699409556,0.8118625872249061,6.816961889425658,14.06333870101986,0.46967257112184646,0.08722490606548577,0.46967257112184646,0.6910896403650026,,,,,,
12,37.17122920021471,42.632850241545896,0.7514761137949544,3.012614063338701,12.298711755233494,0.46967257112184646,0.03354804079441761,0.4830917874396135,3.126677402039721,0.020128824476650563,,,,,
13,30.837359098228664,54.04589371980676,0.7045088566827697,2.999194847020934,7.1658615136876005,0.5703166935050993,0.03354804079441761,0.4562533548040794,3.126677402039721,0.020128824476650563,0.040257648953301126,,,,
14,29.97181964573269,48.678207192699944,1.06682769726248,6.347289318303811,8.272946859903382,0.5703166935050993,0.2147074610842727,0.5099302200751477,4.30756843800322,0.020128824476650563,0.040257648953301126,,,,
15,25.6105743424584,53.07300053676865,1.0802469135802468,6.3070316693505095,8.272946859903382,0.5837359098228664,0.2214170692431562,0.5367686527106817,4.240472356414386,0.03354804079441761,0.040257648953301126,,,,
16,23.027375201288244,54.106280193236714,1.247987117552335,6.3070316693505095,7.917337627482555,2.38191089640365,0.30193236714975846,0.5099302200751477,4.126409017713366,0.03354804079441761,0.040257648953301126,,,,
17,20.8467525496511,50.56360708534621,1.5767579173376274,12.573805689747719,6.857219538378959,2.38191089640365,0.35560923242082665,0.5636070853462157,4.1532474503489,0.08722490606548577,0.040257648953301126,,,,
18,16.404991948470208,54.6027911969941,1.9390767579173376,12.184648416532475,6.830381105743425,2.6502952227589907,0.4830917874396135,0.6239935587761675,4.1532474503489,0.08722490606548577,0.040257648953301126,,,,
19,11.29898013955985,61.07756307031669,2.1269457863660763,12.13768115942029,6.072195383789587,2.623456790123457,0.2549651100375738,0.5099302200751477,3.770799785292539,0.08722490606548577,0.040257648953301126,,,,
20,11.392914653784219,60.80246913580247,2.3483628556092326,12.117552334943639,6.0587761674718195,2.6167471819645733,0.2549651100375738,0.5099302200751477,3.770799785292539,0.08722490606548577,0.040257648953301126,,,,
21,10.151637144390767,50.1610305958132,2.187332259796028,17.559044551798173,12.754965110037574,2.509393451422437,0.2549651100375738,0.5904455179817498,3.7037037037037037,0.08722490606548577,0.040257648953301126,,,,
22,9.380032206119163,45.276435856146,1.9189479334406871,17.49194847020934,18.94122383252818,2.5026838432635534,0.2549651100375738,0.4025764895330113,3.7037037037037037,0.08722490606548577,0.040257648953301126,,,,
23,7.769726247987117,41.257380568974774,2.3550724637681157,23.121309715512613,18.867418142780462,1.8518518518518519,0.5434782608695652,0.38915727321524424,3.7037037037037037,0.10064412238325282,0.040257648953301126,,,,
24,7.722758990874933,37.0101986044015,2.187332259796028,28.69699409554482,18.739935587761675,1.556629092860977,0.5367686527106817,0.3488996242619431,2.9052603327965647,0.2549651100375738,0.040257648953301126,,,,
25,7.6556629092860975,36.64787976382179,2.5831991411701556,28.576221148684915,18.800322061191626,1.5499194847020934,0.5971551261406334,0.38915727321524424,2.9052603327965647,0.2549651100375738,0.040257648953301126,,,,
26,7.742887815351583,36.29898013955985,2.9589371980676327,28.27428878153516,18.753354804079443,1.5633387010198605,0.8051529790660226,0.38915727321524424,2.918679549114332,0.2549651100375738,0.040257648953301126,,,,
27,7.924047235641439,35.95679012345679,3.421900161030596,27.68384326355341,17.807300053676865,2.757648953301127,1.0534084809447128,0.43612453032742887,2.703972088030059,0.2147074610842727,0.040257648953301126,,,,
28,4.924852388620504,21.64519592055824,2.6502952227589907,47.054482018250134,17.364465915190554,1.7444981213097155,1.107085346215781,0.5636070853462157,2.6435856146001075,0.2616747181964573,0.040257648953301126,,,,
29,4.394793344068707,16.552603327965645,2.2074610842726785,53.16022544283414,17.357756307031668,1.4895330112721417,1.2949543746645196,0.6709608158883521,2.61003757380569,0.2616747181964573,,,,,
30,3.938539989264627,15.982286634460548,2.3617820719269993,54.67659688674181,15.861513687600644,1.9390767579173376,1.6706924315619969,0.7112184648416533,2.5966183574879227,0.2616747181964573,,,,,
31,3.938539989264627,15.935319377348362,1.9524959742351047,54.91814278046162,15.83467525496511,1.9592055823939882,1.892109500805153,0.7112184648416533,2.5966183574879227,0.2616747181964573,,,,,
32,3.965378421900161,15.874932903918411,2.227589908749329,54.54240472356415,15.83467525496511,1.9592055823939882,2.0263016639828235,0.7112184648416533,2.5966183574879227,0.2616747181964573,,,,,
33,3.227321524422974,36.06414385399893,1.1473429951690821,55.38781535158347,2.059849704777241,0.6172839506172839,1.1607622114868492,0.026838432635534086,0.2616747181964573,0.04696725711218465,,,,,
34,3.2340311325818574,35.75550187869028,1.4090177133655395,55.23349436392915,2.059849704777241,0.6172839506172839,1.3553408480944713,0.026838432635534086,0.2616747181964573,0.04696725711218465,,,,,
35,3.2541599570585076,35.25228126677402,1.4358561460010735,55.27375201288245,2.059849704777241,0.6172839506172839,1.7713365539452497,0.026838432635534086,0.2616747181964573,0.04696725711218465,,,,,
36,2.945517981749866,35.08454106280193,1.4761137949543746,55.844068706387546,2.033011272141707,0.5099302200751477,1.6841116478797638,0.026838432635534086,0.2952227589908749,0.10064412238325282,,,,,
37,2.7777777777777777,30.132850241545892,1.6170155662909287,54.032474503489,2.033011272141707,3.4286097691894795,1.8585614600107354,0.026838432635534086,3.978797638217928,0.11406333870101985,,,,,
38,2.9924852388620504,30.038915727321523,1.7176596886741815,53.40848094471283,2.033011272141707,3.4957058507783145,2.1604938271604937,0.07380568974771873,3.965378421900161,0.11406333870101985,,,,,
39,2.5697799248523885,25.523349436392916,1.6841116478797638,54.0727321524423,2.831454643048846,3.361513687600644,2.059849704777241,0.08722490606548577,7.669082125603865,0.10735373054213634,0.03354804079441761,,,,
40,2.6301663982823404,25.15432098765432,1.8786902844873858,52.462426194310254,7.481213097155126,3.33467525496511,2.4892646269457863,0.12077294685990338,4.240472356414386,0.17444981213097155,0.03354804079441761,,,,
41,2.61003757380569,20.2361782071927,1.865271068169619,49.40955448201825,17.74020397208803,3.3145464304884595,2.428878153515835,0.30864197530864196,1.8719806763285025,0.1610305958132045,0.05367686527106817,,,,
42,2.576489533011272,20.135534084809446,1.865271068169619,43.94122383252818,23.832528180354267,3.0327428878153517,2.3617820719269993,0.6642512077294686,1.42914653784219,0.10735373054213634,0.05367686527106817,,,,
43,2.657004830917874,19.95437466451959,2.033011272141707,43.887546967257116,23.765432098765434,2.999194847020934,2.4020397208803006,0.6776704240472357,1.4626945786366077,0.10735373054213634,0.05367686527106817,,,,
44,2.7442297369833604,19.826892109500804,2.1068169618894257,43.592324208266234,23.617820719269993,2.9723564143853998,2.6704240472356413,0.8387010198604401,1.442565754159957,0.10735373054213634,0.08051529790660225,,,,
45,2.818035426731079,19.639023081052066,2.0933977455716586,43.14949006977992,23.396403650026837,2.898550724637681,2.804616210413312,1.0198604401502953,1.9592055823939882,0.10735373054213634,0.11406333870101985,,,,
46,3.012614063338701,19.504830917874397,2.086688137412775,43.02871712292002,23.30246913580247,2.791196994095545,3.0864197530864197,1.0601180891035964,1.9592055823939882,0.10735373054213634,0.06038647342995169,,,,
47,3.0931293612453032,19.350509930220074,2.1806226516371443,41.156736446591516,25.120772946859905,2.717391304347826,3.012614063338701,1.1205045625335481,1.9994632313472893,0.16774020397208803,0.08051529790660225,,,,
48,3.180354267310789,19.162640901771336,2.314814814814815,40.995705850778315,25.006709608158882,2.717391304347826,3.126677402039721,1.2077294685990339,2.0397208803005906,0.16774020397208803,0.08051529790660225,,,,
49,3.0864197530864197,16.968599033816425,2.1068169618894257,37.42619431025228,32.56172839506173,2.395330112721417,2.7442297369833604,0.9997316156736447,1.4694041867954912,0.1610305958132045,0.08051529790660225,,,,
50,3.099838969404187,16.867954911433173,2.3752012882447664,36.95652173913044,32.30005367686527,2.677133655394525,2.932098765432099,1.0332796564680622,1.4895330112721417,0.1610305958132045,0.10735373054213634,,,,
51,3.1535158346752548,16.5727321524423,2.5496511003757383,36.943102522812666,32.25308641975309,2.677133655394525,2.9119699409554483,1.1808910359634996,1.4895330112721417,0.1610305958132045,0.10735373054213634,,,,
52,3.0730005367686526,16.183574879227052,2.462426194310252,46.47074610842727,22.75228126677402,3.6231884057971016,2.8918411164787976,0.8387010198604401,1.4358561460010735,0.1610305958132045,0.10735373054213634,,,,
53,3.113258185721954,16.022544283413847,2.61003757380569,45.60520665593129,22.6784755770263,3.556092324208266,3.81105743424584,0.8990874932903918,1.4358561460010735,0.1610305958132045,0.10735373054213634,,,,
54,3.099838969404187,15.076489533011273,2.3483628556092326,44.80005367686527,24.12104133118626,3.616478797638218,3.92512077294686,1.3150831991411702,1.42914653784219,0.1610305958132045,0.10735373054213634,,,,
55,2.4892646269457863,14.123725174449811,2.187332259796028,51.892109500805155,18.59903381642512,3.44873859366613,4.2270531400966185,1.3419216317767042,1.4224369296833066,0.1610305958132045,0.10735373054213634,,,,
56,2.281266774020397,14.029790660225443,2.0128824476650564,44.64573268921095,26.281535158346752,3.44873859366613,4.542404723564144,1.1406333870101986,1.3486312399355878,0.1610305958132045,0.10735373054213634,,,,
57,2.3752012882447664,14.009661835748792,2.033011272141707,44.6256038647343,26.006441223832528,3.5829307568438002,4.542404723564144,1.2077294685990339,1.3486312399355878,0.1610305958132045,0.10735373054213634,,,,
58,2.4557165861513686,13.989533011272142,2.046430488459474,44.477992485238865,25.885668276972623,3.5829307568438002,4.616210413311863,1.328502415458937,1.3486312399355878,0.1610305958132045,0.10735373054213634,,,,
59,2.4825550187869028,13.935856146001074,2.0665593129361244,42.8743961352657,27.34165324745035,3.5426731078904994,4.723564143853999,1.3888888888888888,1.3486312399355878,0.1610305958132045,0.13419216317767044,,,,
60,2.5295222758990876,13.868760064412239,2.0799785292538915,41.80756843800322,27.126945786366075,4.019055287171229,5.374396135265701,1.4694041867954912,1.2949543746645196,0.27509393451422437,0.15432098765432098,,,,
61,2.6167471819645733,13.22463768115942,2.5563607085346214,40.19726247987118,28.797638217928075,3.878153515834675,5.703166935050993,1.3955984970477724,1.2949543746645196,0.2147074610842727,0.12077294685990338,,,,
62,2.6838432635534084,13.18438003220612,2.563070316693505,39.841653247450346,28.67686527106817,3.8915727321524423,5.984970477724101,1.5163714439076759,1.3016639828234031,0.2147074610842727,0.14090177133655393,,,,
63,2.7106816961889426,13.009930220075148,2.7979066022544283,39.65378421900161,28.482286634460547,3.8915727321524423,6.213097155126141,1.5432098765432098,1.3083735909822867,0.2147074610842727,0.17444981213097155,,,,
64,2.831454643048846,12.909286097691895,2.9388083735909825,39.412238325281805,28.435319377348364,3.8915727321524423,6.353998926462695,1.5365002683843263,1.2949543746645196,0.2214170692431562,0.17444981213097155,,,,
65,2.999194847020934,12.788513150831992,3.113258185721954,39.03650026838432,28.307836822329577,3.864734299516908,6.5552871712292005,1.6237251744498122,1.261406333870102,0.24825550187869028,0.20128824476650564,,,,
66,2.9723564143853998,12.332259796027913,3.1736446591519054,39.95571658615137,28.06629092860977,3.7909286097691894,6.152710681696189,1.8719806763285025,1.2345679012345678,0.24825550187869028,0.20128824476650564,,,,
67,3.0327428878153517,12.27187332259796,3.515834675254965,39.49946323134729,27.81803542673108,3.7775093934514223,6.515029522275899,1.8853998926462694,1.2345679012345678,0.24825550187869028,0.20128824476650564,,,,
68,3.1535158346752548,12.258454106280194,3.4957058507783145,39.29817498658078,27.536231884057973,3.81105743424584,6.649221685453569,1.7713365539452497,1.570048309178744,0.2683843263553409,0.1878690284487386,,,,
69,3.207192699946323,11.312399355877616,3.5091250670960816,39.231078904991946,26.78475577026302,5.904455179817498,6.743156199677939,1.8518518518518519,0.9728931830381106,0.2952227589908749,0.1878690284487386,,,,
70,3.2474503488996245,11.2788513150832,3.5292538915727323,39.15727321524423,26.442565754159958,5.850778314546431,6.904186795491143,2.120236178207193,0.9728931830381106,0.30864197530864196,0.1878690284487386,,,,
71,3.1199677938808374,10.668276972624799,3.992216854535695,43.934514224369295,23.718464841653248,4.441760601180891,7.0383789586688135,1.7310789049919484,0.9728931830381106,0.2147074610842727,0.16774020397208803,,,,
72,3.2004830917874396,10.601180891035963,4.28743961352657,43.525228126677405,23.658078368223297,4.428341384863124,7.1725711218464845,1.7579173376274826,0.9728931830381106,0.2147074610842727,0.18115942028985507,,,,
73,3.126677402039721,10.534084809447128,4.0995705850778315,47.38325281803543,21.135265700483092,4.408212560386473,6.488191089640365,1.4559849704777241,0.9728931830381106,0.2147074610842727,0.18115942028985507,,,,
74,3.1468062265163717,10.413311862587225,4.2270531400966185,46.87332259796028,20.947396672034355,4.448470209339774,7.004830917874396,1.556629092860977,0.9728931830381106,0.2147074610842727,0.18115942028985507,0.013419216317767043,,,
75,3.1602254428341383,10.332796564680622,4.260601180891036,46.62506709608159,20.699141170155663,4.575952764358561,7.4141170155662905,1.5499194847020934,0.9728931830381106,0.2147074610842727,0.18115942028985507,0.013419216317767043,,,
76,3.166935050993022,10.165056360708535,5.059044551798175,46.03462157809984,20.457595276435857,4.562533548040794,7.501341921631776,1.5297906602254427,1.1003757380568975,0.2147074610842727,0.18115942028985507,0.013419216317767043,0.013419216317767043,,
77,3.207192699946323,10.165056360708535,5.199946323134729,45.7259796027912,20.29656468062265,4.5893719806763285,7.669082125603865,1.6237251744498122,1.1003757380568975,0.2147074610842727,0.18115942028985507,0.013419216317767043,0.013419216317767043,,
78,3.3145464304884595,9.997316156736447,5.314009661835748,45.471014492753625,20.101986044015028,4.569243156199678,7.991143317230274,1.6908212560386473,1.1137949543746646,0.2147074610842727,0.18115942028985507,0.013419216317767043,0.026838432635534086,,
79,3.33467525496511,9.970477724100913,5.213365539452496,48.32259796027912,17.357756307031668,5.213365539452496,7.5348899624261945,1.5297906602254427,1.0869565217391304,0.2147074610842727,0.18115942028985507,0.013419216317767043,0.026838432635534086,,
80,3.4286097691894795,9.836285560923242,7.011540526033279,46.85990338164251,17.01556629092861,5.213365539452496,7.239667203435319,1.570048309178744,1.3687600644122384,0.2147074610842727,0.18115942028985507,0.013419216317767043,0.04696725711218465,,
81,3.535963499731616,9.655126140633387,7.695920558239399,46.175523349436396,16.841116478797638,5.22007514761138,7.347020933977456,1.6706924315619969,1.402308105206656,0.2147074610842727,0.18115942028985507,0.013419216317767043,0.04696725711218465,,
82,3.589640365002684,9.118357487922705,7.843531937734836,44.99463231347289,16.71363392377885,5.112721417069243,7.360440150295223,1.7579173376274826,3.079710144927536,0.1878690284487386,0.18115942028985507,0.013419216317767043,0.04696725711218465,,
83,3.7104133118625873,9.118357487922705,7.98443370907139,45.02147074610843,16.646537842190018,5.0791733762748255,7.112184648416532,1.7914653784219001,3.1065485775630703,0.1878690284487386,0.18115942028985507,0.013419216317767043,0.04696725711218465,,
84,3.670155662909286,9.084809447128288,8.158883521202362,44.81347289318304,16.61969940955448,5.005367686527107,7.092055823939882,1.8585614600107354,3.240740740740741,0.2549651100375738,0.14090177133655393,0.013419216317767043,0.04696725711218465,,
85,3.6366076221148687,9.064680622651638,8.038110574342458,43.41116478797638,19.223027375201287,4.958400429414922,6.810252281266774,1.3888888888888888,3.012614063338701,0.23483628556092323,0.1610305958132045,0.013419216317767043,0.04696725711218465,,
86,3.6768652710681695,9.024422973698336,8.017981749865807,39.34514224369297,23.356146001073537,4.951690821256038,6.66935050993022,1.4895330112721417,3.012614063338701,0.2281266774020397,0.1610305958132045,0.013419216317767043,0.04696725711218465,0.0067096081588835215,
87,3.770799785292539,8.964036500268385,7.997852925389157,38.85534084809447,23.161567364465917,4.985238862050457,6.957863660762212,1.5432098765432098,3.280998389694042,0.2281266774020397,0.1610305958132045,0.013419216317767043,0.07380568974771873,0.0067096081588835215,
88,3.824476650563607,8.903650026838433,8.07836822329576,38.6406333870102,23.07434245840043,4.9651100375738055,7.098765432098766,1.6237251744498122,3.280998389694042,0.2281266774020397,0.1610305958132045,0.013419216317767043,0.10064412238325282,0.0067096081588835215,
89,3.878153515834675,8.903650026838433,8.32662372517445,38.34541062801932,23.040794417606012,4.951690821256038,7.105475040257649,1.6572732152442298,3.260869565217391,0.24825550187869028,0.1610305958132045,0.013419216317767043,0.10064412238325282,0.0067096081588835215,
90,3.978797638217928,8.863392377885132,8.433977455716587,38.217928073000536,23.007246376811594,4.911433172302737,7.085346215780999,1.6774020397208802,3.2675791733762747,0.28180354267310787,0.1610305958132045,0.013419216317767043,0.10064412238325282,,
91,3.898282340311326,8.3064949006978,8.702361782071927,40.98899624261943,21.115136876006442,4.884594739667204,7.018250134192163,2.01959205582394,2.5429414922168547,0.2683843263553409,0.14090177133655393,0.013419216317767043,0.10064412238325282,,
92,3.965378421900161,8.28636607622115,8.655394524959743,40.915190552871714,20.94068706387547,4.951690821256038,7.112184648416532,2.046430488459474,2.576489533011272,0.2683843263553409,0.14090177133655393,0.040257648953301126,0.10064412238325282,,
93,4.012345679012346,8.232689210950081,9.044551798174986,40.4320987654321,20.719269994632313,5.018786902844874,7.407407407407407,2.0397208803005906,2.576489533011272,0.2683843263553409,0.10735373054213634,0.040257648953301126,0.10064412238325282,,
94,4.025764895330113,8.172302737520129,9.23913043478261,39.85507246376812,20.538110574342458,5.0858829844337095,7.877079978529254,2.1135265700483092,2.576489533011272,0.2683843263553409,0.10735373054213634,0.040257648953301126,0.10064412238325282,,
95,4.106280193236715,8.172302737520129,9.272678475577026,39.781266774020395,20.081857219538378,5.10601180891036,7.85024154589372,2.3752012882447664,2.7509393451422435,0.2683843263553409,0.0939345142243693,0.040257648953301126,0.10064412238325282,,
96,4.159957058507783,8.172302737520129,9.306226516371444,39.48604401502952,19.87385936661299,4.938271604938271,7.971014492753623,2.49597423510467,3.079710144927536,0.28180354267310787,0.0939345142243693,0.040257648953301126,0.10064412238325282,,
97,4.213633923778851,8.172302737520129,10.332796564680622,38.62721417069243,19.82018250134192,4.898013955984971,7.749597423510467,2.49597423510467,3.126677402039721,0.2952227589908749,0.0939345142243693,0.040257648953301126,0.13419216317767044,,
98,4.28743961352657,8.158883521202362,10.332796564680622,38.35882984433709,19.679280730005367,4.898013955984971,7.991143317230274,2.576489533011272,3.140096618357488,0.30864197530864196,0.0939345142243693,0.040257648953301126,0.13419216317767044,,
99,4.2270531400966185,7.809983896940419,10.795759527643586,38.09044551798175,19.57192699946323,4.9651100375738055,8.219269994632313,2.6167471819645733,3.140096618357488,0.30864197530864196,0.08722490606548577,0.040257648953301126,0.1274825550187869,,
100,4.133118625872249,7.796564680622652,10.21202361782072,36.64117015566291,21.926999463231347,5.152979066022544,8.179012345679013,2.3550724637681157,3.0394524959742353,0.30864197530864196,0.08722490606548577,0.040257648953301126,0.1274825550187869,,
101,4.233762748255502,7.749597423510467,10.017444981213098,36.533816425120776,21.73913043478261,5.132850241545894,8.440687063875469,2.522812667740204,3.046162104133119,0.30864197530864196,0.0939345142243693,0.040257648953301126,0.1274825550187869,0.013419216317767043,
102,4.320987654320987,7.749597423510467,10.077831454643048,36.39291465378422,21.70558239398819,5.119431025228127,8.433977455716587,2.522812667740204,3.0394524959742353,0.36231884057971014,0.0939345142243693,0.040257648953301126,0.1274825550187869,0.013419216317767043,
103,4.428341384863124,7.702630166398282,10.077831454643048,36.3191089640365,21.484165324745035,5.092592592592593,8.507783145464305,2.677133655394525,3.0394524959742353,0.36231884057971014,0.11406333870101985,0.040257648953301126,0.14090177133655393,0.013419216317767043,
104,4.488727858293076,7.440955448201825,10.279119699409554,36.04401502952228,21.26945786366076,5.112721417069243,8.682232957595277,2.7777777777777777,3.2004830917874396,0.39586688137412773,0.11406333870101985,0.040257648953301126,0.14090177133655393,0.013419216317767043,
105,4.555823939881911,7.367149758454106,10.292538915727322,35.82259796027912,21.081588835212024,5.173107890499195,8.78287707997853,2.918679549114332,3.321256038647343,0.4025764895330113,0.11406333870101985,0.040257648953301126,0.11406333870101985,0.013419216317767043,
106,4.575952764358561,7.367149758454106,9.903381642512077,35.64143853998927,21.007783145464305,5.448201825013419,9.05126140633387,2.9924852388620504,3.294417606011809,0.43612453032742887,0.11406333870101985,0.040257648953301126,0.11406333870101985,0.013419216317767043,
107,4.690016103059581,7.333601717659689,9.75577026301664,35.45356951154053,20.974235104669887,5.441492216854535,9.272678475577026,2.9924852388620504,3.361513687600644,0.4428341384863124,0.11406333870101985,0.040257648953301126,0.11406333870101985,0.013419216317767043,
108,4.85775630703167,7.313472893183038,10.272410091250672,34.98389694041868,20.471014492753625,5.374396135265701,9.54777241009125,3.0327428878153517,3.361513687600644,0.4428341384863124,0.17444981213097155,0.040257648953301126,0.11406333870101985,0.013419216317767043,
109,4.851046698872786,7.232957595276436,10.332796564680622,32.9374664519592,22.765700483091788,5.320719269994632,9.480676328502415,2.9723564143853998,3.294417606011809,0.4428341384863124,0.17444981213097155,0.040257648953301126,0.11406333870101985,0.040257648953301126,
110,4.871175523349437,7.206119162640902,10.48040794417606,32.78314546430489,22.67176596886742,5.3341384863123995,9.473966720343531,3.079710144927536,3.280998389694042,0.4428341384863124,0.18115942028985507,0.040257648953301126,0.11406333870101985,0.040257648953301126,
111,4.864465915190553,6.957863660762212,11.252012882447666,32.139023081052066,22.33628556092324,5.320719269994632,9.829575952764358,3.1736446591519054,3.307836822329576,0.4428341384863124,0.18115942028985507,0.040257648953301126,0.11406333870101985,0.040257648953301126,
112,4.884594739667204,6.816961889425658,11.674718196457327,31.82367149758454,22.497316156736446,5.213365539452496,9.749060654857756,3.2139023081052067,3.280998389694042,0.46967257112184646,0.18115942028985507,0.040257648953301126,0.11406333870101985,0.040257648953301126,
113,4.864465915190553,6.816961889425658,12.211486849168008,31.112453032742888,22.356414385399894,5.360976918947934,9.936929683306495,3.1535158346752548,3.4017713365539453,0.4092860976918948,0.18115942028985507,0.040257648953301126,0.11406333870101985,0.040257648953301126,
114,4.830917874396135,6.723027375201288,12.278582930756844,31.00509930220075,22.108158883521202,5.730005367686527,9.809447128287708,3.240740740740741,3.488996242619431,0.4092860976918948,0.18115942028985507,0.040257648953301126,0.11406333870101985,0.040257648953301126,
115,4.8443370907139025,6.723027375201288,12.298711755233494,30.877616747181964,21.91358024691358,5.71658615136876,9.903381642512077,3.307836822329576,3.6097691894793345,0.4092860976918948,0.18115942028985507,0.040257648953301126,0.11406333870101985,0.06038647342995169,
116,4.87788513150832,6.6760601180891035,12.446323134728932,30.609232420826622,21.658615136876005,5.669618894256575,10.131508319914117,3.408480944712829,3.5829307568438002,0.43612453032742887,0.18115942028985507,0.040257648953301126,0.2214170692431562,0.06038647342995169,
117,4.924852388620504,6.6760601180891035,12.493290391841116,30.434782608695652,21.69887278582931,5.636070853462158,10.171765968867419,3.4017713365539453,3.5762211486849167,0.4562533548040794,0.18115942028985507,0.040257648953301126,0.2214170692431562,0.08722490606548577,
118,4.851046698872786,6.649221685453569,12.607353730542137,29.998658078368223,21.38352120236178,5.5756843800322065,10.983628556092324,3.435319377348363,3.556092324208266,0.4562533548040794,0.18115942028985507,0.040257648953301126,0.19457863660762212,0.08722490606548577,
119,4.924852388620504,6.649221685453569,12.674449812130971,29.871175523349436,21.16881374127751,5.703166935050993,10.909822866344605,3.5762211486849167,3.556092324208266,0.4495437466451959,0.18115942028985507,0.040257648953301126,0.20799785292538917,0.08722490606548577,
120,4.9651100375738055,6.629092860976919,12.5402576489533,29.656468062265162,21.054750402576488,5.991680085882985,11.064143853998926,3.556092324208266,3.5762211486849167,0.4495437466451959,0.18115942028985507,0.040257648953301126,0.20799785292538917,0.08722490606548577,
121,4.99194847020934,6.454643048845948,12.426194310252281,29.54911433172303,21.155394524959743,6.078904991948471,11.084272678475577,3.656736446591519,3.5762211486849167,0.4830917874396135,0.20799785292538917,0.040257648953301126,0.20799785292538917,0.08722490606548577,
122,5.065754159957058,6.4345142243692965,12.426194310252281,29.421631776704242,21.141975308641975,6.0654857756307035,11.151368760064413,3.656736446591519,3.6231884057971016,0.46967257112184646,0.20799785292538917,0.040257648953301126,0.20799785292538917,0.08722490606548577,
123,5.059044551798175,6.4345142243692965,12.144390767579173,29.066022544283413,20.9272678475577,6.696188942565755,11.29898013955985,3.7037037037037037,3.616478797638218,0.46967257112184646,0.24825550187869028,0.040257648953301126,0.20799785292538917,0.08722490606548577,
124,5.139559849704777,6.427804616210413,12.359098228663447,28.871443907675793,20.77294685990338,6.6760601180891035,11.312399355877616,3.743961352657005,3.6500268384326353,0.4562533548040794,0.2281266774020397,0.040257648953301126,0.23483628556092323,0.08722490606548577,
125,5.2066559312936125,6.367418142780462,12.714707461084272,28.569511540526033,20.90713902308105,6.709608158883521,11.245303274288782,3.7104133118625873,3.5829307568438002,0.41599570585077833,0.2281266774020397,0.040257648953301126,0.2147074610842727,0.08722490606548577,
126,5.199946323134729,6.360708534621578,12.714707461084272,27.965646806226516,20.813204508856682,6.884057971014493,11.761943102522812,3.7573805689747717,3.5426731078904994,0.4092860976918948,0.2281266774020397,0.040257648953301126,0.2147074610842727,0.10735373054213634,
127,4.757112184648417,5.394524959742351,11.761943102522812,34.836285560923244,19.370638754696724,5.199946323134729,11.05072463768116,3.784219001610306,2.945517981749866,0.3757380568974772,0.1610305958132045,0.040257648953301126,0.2147074610842727,0.10735373054213634,
128,4.757112184648417,4.488727858293076,12.869028448738593,34.58132045088567,19.343800322061192,5.179817498658078,11.20504562533548,3.770799785292539,2.9119699409554483,0.36902844873859364,0.1610305958132045,0.040257648953301126,0.2147074610842727,0.10735373054213634,
129,4.85775630703167,4.4753086419753085,12.734836285560924,34.29951690821256,19.0150295222759,5.173107890499195,11.553945249597424,3.8915727321524423,3.099838969404187,0.36902844873859364,0.15432098765432098,0.040257648953301126,0.2281266774020397,0.10735373054213634,
130,4.931561996779388,4.4753086419753085,12.754965110037574,34.064680622651636,18.988191089640367,5.2066559312936125,11.641170155662909,3.9184111647879765,3.113258185721954,0.3757380568974772,0.15432098765432098,0.040257648953301126,0.2281266774020397,0.10735373054213634,
131,4.911433172302737,4.455179817498658,12.721417069243156,33.964036500268385,18.94122383252818,5.173107890499195,11.694847020933977,4.012345679012346,3.113258185721954,0.4227053140096618,0.1878690284487386,0.040257648953301126,0.2549651100375738,0.10735373054213634,
132,4.911433172302737,4.455179817498658,12.640901771336553,33.782877079978526,18.947933440687063,5.421363392377885,11.748523886205046,3.9855072463768115,3.113258185721954,0.4227053140096618,0.1878690284487386,0.040257648953301126,0.2616747181964573,0.08051529790660225,
133,4.388083735909823,4.0995705850778315,12.070585077831455,39.44578636607622,17.257112184648417,5.10601180891036,10.795759527643586,3.8580246913580245,2.120236178207193,0.2952227589908749,0.1878690284487386,0.040257648953301126,0.24154589371980675,0.0939345142243693,
134,4.441760601180891,4.0995705850778315,11.896135265700483,39.27133655394525,17.223564143854,5.038915727321524,10.876274825550189,3.8378958668813743,2.4691358024691357,0.2952227589908749,0.1878690284487386,0.040257648953301126,0.2281266774020397,0.0939345142243693,
135,4.4820182501341925,4.0995705850778315,11.855877616747183,38.79495437466452,17.196725711218466,5.24020397208803,11.171497584541063,3.770799785292539,2.4691358024691357,0.2952227589908749,0.1878690284487386,0.040257648953301126,0.30193236714975846,0.0939345142243693,
136,4.53569511540526,4.079441760601181,11.829039184111648,38.479602791196996,17.022275899087493,5.763553408480945,11.131239935587761,3.770799785292539,2.49597423510467,0.2952227589908749,0.17444981213097155,0.040257648953301126,0.30193236714975846,0.08051529790660225,
137,4.609500805152979,3.9989264626945786,11.553945249597424,38.35212023617821,16.955179817498657,6.099033816425121,11.137949543746645,3.7909286097691894,2.509393451422437,0.3824476650563607,0.1878690284487386,0.040257648953301126,0.30193236714975846,0.08051529790660225,
138,4.7168545356951155,3.965378421900161,11.574074074074074,38.16425120772947,16.485507246376812,6.099033816425121,11.352657004830919,4.086151368760064,2.5496511003757383,0.3824476650563607,0.1878690284487386,0.040257648953301126,0.3153515834675255,0.08051529790660225,
139,4.730273752012883,3.965378421900161,11.681427804616211,37.915995705850776,16.31105743424584,6.0654857756307035,11.52710681696189,4.240472356414386,2.5429414922168547,0.36902844873859364,0.1878690284487386,0.040257648953301126,0.3421900161030596,0.08051529790660225,
140,4.757112184648417,3.9318303811057436,11.641170155662909,38.22463768115942,15.438808373590982,6.528448738593666,11.500268384326356,3.8177670424047236,3.066290928609769,0.38915727321524424,0.20128824476650564,0.040257648953301126,0.3824476650563607,0.08051529790660225,
141,4.810789049919484,3.9049919484702094,11.674718196457327,37.996511003757384,15.411969940955448,6.528448738593666,11.668008588298443,3.797638217928073,3.1468062265163717,0.38915727321524424,0.20128824476650564,0.040257648953301126,0.3757380568974772,0.05367686527106817,
142,4.864465915190553,3.878153515834675,11.634460547504025,37.895866881374126,15.72061191626409,6.508319914117015,11.493558776167472,3.7909286097691894,3.126677402039721,0.41599570585077833,0.20128824476650564,0.040257648953301126,0.36231884057971014,0.06709608158883522,
143,4.8443370907139025,3.851315083199141,11.520397208803006,37.60064412238325,15.72061191626409,6.763285024154589,11.721685453569512,3.7909286097691894,3.099838969404187,0.4025764895330113,0.20128824476650564,0.04696725711218465,0.36231884057971014,0.07380568974771873,
144,4.891304347826087,3.851315083199141,11.520397208803006,37.546967257112186,15.546162104133119,6.749865807836822,11.855877616747183,3.8311862587224907,3.099838969404187,0.4025764895330113,0.20128824476650564,0.04696725711218465,0.3824476650563607,0.07380568974771873,
145,4.62962962962963,3.844605475040258,11.366076221148685,40.89506172839506,14.432367149758454,6.333870101986044,10.701825013419215,3.670155662909286,3.0327428878153517,0.4025764895330113,0.20128824476650564,0.04696725711218465,0.39586688137412773,0.04696725711218465,
146,4.696725711218465,3.844605475040258,11.352657004830919,40.68035426731079,14.358561460010735,6.474771873322598,10.950080515297907,3.656736446591519,2.9119699409554483,0.3824476650563607,0.20128824476650564,0.04696725711218465,0.39586688137412773,0.04696725711218465,
147,4.663177670424047,3.8378958668813743,11.238593666129898,40.54616210413312,14.143853998926463,6.655931293612453,11.003757380568974,3.656736446591519,3.2004830917874396,0.3824476650563607,0.20128824476650564,0.04696725711218465,0.3757380568974772,0.04696725711218465,
148,4.696725711218465,3.8378958668813743,11.493558776167472,40.03623188405797,14.029790660225443,6.528448738593666,11.426462694578637,3.656736446591519,3.2004830917874396,0.3824476650563607,0.2281266774020397,0.04696725711218465,0.38915727321524424,0.04696725711218465,
149,4.502147074610843,3.824476650563607,10.534084809447128,39.10359634997316,17.438271604938272,6.266774020397209,10.487117552334944,3.569511540526033,3.207192699946323,0.3824476650563607,0.2281266774020397,0.06038647342995169,0.3757380568974772,0.020128824476650563,
150,4.62962962962963,3.683574879227053,10.661567364465915,38.74127750939345,17.3040794417606,6.273483628556092,10.82259796027912,3.5963499731615673,3.240740740740741,0.3824476650563607,0.20799785292538917,0.06038647342995169,0.3757380568974772,0.020128824476650563,
151,4.636339237788513,3.6634460547504024,10.668276972624799,37.96296296296296,17.223564143854,6.3137412775093935,11.513687600644122,3.6097691894793345,3.3682232957595275,0.3824476650563607,0.2281266774020397,0.06038647342995169,0.3488996242619431,0.020128824476650563,
152,4.790660225442834,3.6500268384326353,10.943370907139023,37.70799785292539,17.12962962962963,6.293612453032743,11.52710681696189,3.569511540526033,3.374932903918411,0.3824476650563607,0.2281266774020397,0.06038647342995169,0.322061191626409,0.020128824476650563,
153,4.918142780461621,3.616478797638218,10.990338164251208,36.72168545356951,17.102791196994094,7.1725711218464845,11.54723564143854,3.569511540526033,3.374932903918411,0.3824476650563607,0.2281266774020397,0.06038647342995169,0.2952227589908749,0.020128824476650563,
154,4.904723564143854,3.616478797638218,10.970209339774557,36.64787976382179,17.102791196994094,7.246376811594203,11.58749329039184,3.5426731078904994,3.374932903918411,0.4428341384863124,0.2281266774020397,0.06038647342995169,0.2549651100375738,0.020128824476650563,
155,4.944981213097155,3.549382716049383,11.238593666129898,36.42646269457864,17.06924315619968,7.2933440687063875,11.540526033279656,3.5426731078904994,3.361513687600644,0.4428341384863124,0.2549651100375738,0.06038647342995169,0.2549651100375738,0.020128824476650563,
156,4.032474503488996,3.535963499731616,9.621578099838969,37.915995705850776,24.174718196457327,5.736714975845411,8.950617283950617,2.2879763821792807,2.9052603327965647,0.36902844873859364,0.16774020397208803,0.040257648953301126,0.2281266774020397,0.03354804079441761,
157,3.938539989264627,3.488996242619431,9.46725711218465,38.69431025228127,23.832528180354267,5.904455179817498,8.333333333333334,2.5563607085346214,2.8918411164787976,0.36902844873859364,0.2214170692431562,0.040257648953301126,0.2281266774020397,0.03354804079441761,
158,4.03918411164788,3.4688674181427803,9.400161030595813,38.459473966720346,23.691626409017715,5.924584004294149,8.521202361782072,2.6972624798711755,2.9052603327965647,0.36902844873859364,0.2214170692431562,0.040257648953301126,0.2281266774020397,0.03354804079441761,
159,4.1129898013955986,3.4688674181427803,9.46725711218465,38.35212023617821,23.416532474503487,5.911164787976382,8.548040794417606,2.932098765432099,2.9052603327965647,0.35560923242082665,0.2281266774020397,0.040257648953301126,0.2281266774020397,0.03354804079441761,
160,4.28743961352657,3.4688674181427803,9.883252818035427,37.74825550187869,23.087761674718198,5.884326355340848,8.514492753623188,3.2675791733762747,2.9253891572732154,0.3824476650563607,0.24825550187869028,0.040257648953301126,0.2281266774020397,0.03354804079441761,
161,4.300858829844337,3.4621578099838968,10.071121846484166,37.61406333870102,22.859634997316157,5.857487922705314,8.702361782071927,3.2742887815351582,2.9253891572732154,0.3824476650563607,0.24825550187869028,0.040257648953301126,0.2281266774020397,0.03354804079441761,
162,4.146537842190016,3.435319377348363,9.990606548577563,33.70907139023081,27.985775630703166,5.870907139023081,7.702630166398282,3.3548040794417604,2.844873859366613,0.4092860976918948,0.24825550187869028,0.040257648953301126,0.24154589371980675,0.020128824476650563,
163,4.260601180891036,3.435319377348363,10.064412238325282,33.581588835212024,27.811325818572197,5.8239398819108965,7.675791733762749,3.515834675254965,2.8515834675254963,0.38915727321524424,0.2885131508319914,0.040257648953301126,0.24154589371980675,0.020128824476650563,
164,4.300858829844337,3.435319377348363,10.104669887278583,33.3870101986044,27.509393451422437,5.8172302737520125,7.7898550724637685,3.797638217928073,2.8784219001610305,0.38915727321524424,0.2885131508319914,0.040257648953301126,0.24154589371980675,0.020128824476650563,
165,4.30756843800322,3.435319377348363,9.802737520128824,34.76247987117552,26.167471819645733,5.743424584004294,7.776435856146001,3.603059581320451,3.408480944712829,0.3757380568974772,0.3153515834675255,0.040257648953301126,0.24154589371980675,0.020128824476650563,
166,4.394793344068707,3.435319377348363,9.96376811594203,34.21229200214707,26.060118089103597,5.750134192163178,8.031400966183575,3.6768652710681695,3.421900161030596,0.4025764895330113,0.3488996242619431,0.040257648953301126,0.24154589371980675,0.020128824476650563,
167,4.374664519592056,3.3950617283950617,9.91009125067096,34.09151905528717,25.751476113794954,6.085614600107354,8.28636607622115,3.670155662909286,3.3548040794417604,0.4294149221685454,0.3488996242619431,0.040257648953301126,0.24154589371980675,0.020128824476650563,
168,4.414922168545357,3.3950617283950617,9.88996242619431,33.97745571658615,25.664251207729468,6.085614600107354,8.413848631239935,3.656736446591519,3.374932903918411,0.4495437466451959,0.33548040794417605,0.040257648953301126,0.28180354267310787,0.020128824476650563,
169,4.461889425657541,3.3011272141706924,9.722222222222221,33.61513687600644,25.37573805689748,6.407675791733762,8.78287707997853,3.851315083199141,3.361513687600644,0.4495437466451959,0.322061191626409,0.040257648953301126,0.2885131508319914,0.020128824476650563,
