,45,50,55,54,51,53,52,56,57,59,58,60,61
0,96.43048845947396,3.569511540526033,,,,,,,,,,,
1,92.09608158883522,7.9039184111647875,,,,,,,,,,,
2,89.29817498658079,10.681696188942565,0.020128824476650563,,,,,,,,,,
3,86.22517444981213,13.7211486849168,0.020128824476650563,0.03354804079441761,,,,,,,,,
4,76.73778851315083,23.181696188942567,0.020128824476650563,0.03354804079441761,0.026838432635534086,,,,,,,,
5,76.73107890499195,22.779119699409556,0.08722490606548577,0.03354804079441761,0.026838432635534086,0.3421900161030596,,,,,,,
6,64.2109500805153,35.265700483091784,0.12077294685990338,0.03354804079441761,0.026838432635534086,0.3421900161030596,,,,,,,
7,64.29817498658079,35.178475577026305,0.12077294685990338,0.03354804079441761,0.026838432635534086,0.3421900161030596,,,,,,,
8,64.16398282340312,35.31266774020397,0.12077294685990338,0.03354804079441761,0.026838432635534086,0.3421900161030596,,,,,,,
9,64.06333870101986,35.41331186258722,0.12077294685990338,0.03354804079441761,0.026838432635534086,0.3421900161030596,,,,,,,
10,64.04320987654322,35.43344068706388,0.12077294685990338,0.03354804079441761,0.026838432635534086,0.3421900161030596,,,,,,,
11,63.687600644122384,35.75550187869028,0.15432098765432098,0.03354804079441761,0.026838432635534086,0.3421900161030596,,,,,,,
12,60.158346752549654,39.150563607085346,0.2885131508319914,0.03354804079441761,0.026838432635534086,0.3421900161030596,,,,,,,
13,58.77616747181965,40.344873859366615,0.43612453032742887,0.03354804079441761,0.06709608158883522,0.3421900161030596,,,,,,,
14,58.80971551261406,39.55314009661836,0.6709608158883521,0.36902844873859364,0.06709608158883522,0.5300590445517982,,,,,,,
15,57.74288781535159,38.47289318303811,0.8655394524959742,0.36902844873859364,2.01959205582394,0.5300590445517982,,,,,,,
16,54.94498121309716,41.27079978529254,0.8655394524959742,0.36902844873859364,2.01959205582394,0.5300590445517982,,,,,,,
17,54.032474503489,42.52549651100376,0.8655394524959742,0.36902844873859364,2.01959205582394,0.1878690284487386,,,,,,,
18,53.36151368760064,43.15619967793881,0.8655394524959742,0.36902844873859364,1.9994632313472893,0.1878690284487386,0.06038647342995169,,,,,,
19,51.952495974235106,41.78073000536769,1.1272141706924315,0.36902844873859364,4.549114331723027,0.1610305958132045,0.06038647342995169,,,,,,
20,47.68518518518518,43.71309715512614,0.785024154589372,0.36902844873859364,0.4025764895330113,0.1610305958132045,6.884057971014493,,,,,,
21,47.56441223832528,42.599302200751474,0.785024154589372,1.6035963499731616,0.4025764895330113,0.1610305958132045,6.884057971014493,,,,,,
22,37.21148684916801,52.42887815351583,0.7581857219538379,1.288244766505636,0.36231884057971014,,7.950885668276973,,,,,,
23,34.50751476113795,55.18652710681696,0.7581857219538379,1.288244766505636,0.36231884057971014,,7.897208803005904,,,,,,
24,34.19216317767042,55.132850241545896,0.7716049382716049,1.5365002683843263,0.36231884057971014,,8.004562533548041,,,,,,
25,26.301663982823403,61.64117015566291,2.1940418679549114,1.5365002683843263,0.3488996242619431,,7.977724100912507,,,,,,
26,26.39559849704777,61.42646269457864,2.314814814814815,1.5365002683843263,0.3488996242619431,,7.977724100912507,,,,,,
27,21.497584541062803,40.57971014492754,0.8319914117015567,1.5365002683843263,27.435587761674718,,7.950885668276973,0.16774020397208803,,,,,
28,21.69887278582931,40.45893719806763,0.8588298443370908,1.5365002683843263,27.36849168008588,,7.9106280193236715,0.16774020397208803,,,,,
29,21.752549651100377,39.190821256038646,0.8722490606548577,1.5365002683843263,29.32769726247987,,7.132313472893183,0.16774020397208803,0.020128824476650563,,,,
30,20.967525496511005,38.58695652173913,0.8722490606548577,1.133923778851315,30.535426731078903,,7.132313472893183,0.7514761137949544,0.020128824476650563,,,,
31,21.121846484165324,38.486312399355874,0.8722490606548577,1.133923778851315,30.48174986580784,,7.132313472893183,0.7514761137949544,0.020128824476650563,,,,
32,21.155394524959743,38.61379495437466,1.0131508319914118,1.1205045625335481,30.226784755770264,,7.098765432098766,0.7514761137949544,0.020128824476650563,,,,
33,21.30300590445518,38.53327965646806,1.0131508319914118,1.1205045625335481,30.173107890499196,,7.078636607622115,0.7783145464304885,,,,,
34,16.70692431561997,45.819914117015564,1.1674718196457328,0.30193236714975846,28.33467525496511,,6.890767579173376,0.7783145464304885,,,,,
35,16.297638217928075,45.92055823939882,1.1943102522812667,0.33548040794417605,28.5829307568438,,6.890767579173376,0.7783145464304885,,,,,
36,16.398282340311326,45.330112721417066,1.6237251744498122,0.33548040794417605,25.63070316693505,2.589908749329039,6.904186795491143,1.1473429951690821,,0.040257648953301126,,,
37,16.61969940955448,45.28314546430489,1.6237251744498122,0.33548040794417605,25.44283413848631,2.576489533011272,6.877348362855609,1.2010198604401503,,0.040257648953301126,,,
38,16.67337627482555,44.99463231347289,1.6505636070853462,0.33548040794417605,23.939881910896403,2.1806226516371443,8.984165324745035,1.2010198604401503,,0.040257648953301126,,,
39,16.63311862587225,45.08185721953838,1.6639828234031133,0.39586688137412773,23.845947396672035,2.1806226516371443,8.957326892109501,1.2010198604401503,,0.040257648953301126,,,
40,16.586151368760063,44.95437466451959,1.5432098765432098,0.36902844873859364,23.1280193236715,2.1806226516371443,10.030864197530864,1.1674718196457328,,0.040257648953301126,,,
41,16.75389157273215,44.847020933977454,1.5767579173376274,0.3488996242619431,23.027375201288244,2.167203435319377,9.950348899624261,1.2345679012345678,0.05367686527106817,0.040257648953301126,,,
42,16.961889425657542,44.65915190552872,1.5901771336553945,0.3757380568974772,22.993827160493826,2.167203435319377,9.950348899624261,1.2077294685990339,0.05367686527106817,0.040257648953301126,,,
43,15.150295222758992,46.725711218464845,1.4559849704777241,0.3757380568974772,22.920021470746107,2.167203435319377,9.816156736446592,1.2077294685990339,0.14090177133655393,0.040257648953301126,,,
44,15.331454643048845,46.2157809983897,1.8451422436929683,0.3757380568974772,22.873054213633925,2.167203435319377,9.816156736446592,1.1943102522812667,0.14090177133655393,0.040257648953301126,,,
45,15.425389157273216,46.14868491680086,1.8451422436929683,0.3757380568974772,24.476650563607084,2.167203435319377,8.205850778314547,1.2278582930756843,0.08722490606548577,0.040257648953301126,,,
46,15.505904455179817,45.98094471282877,1.9592055823939882,0.3757380568974772,24.46323134728932,2.167203435319377,8.192431561996779,1.2278582930756843,0.08722490606548577,0.040257648953301126,,,
47,15.780998389694043,45.74610842726785,1.9592055823939882,0.3757380568974772,24.4296833064949,2.167203435319377,8.185721953837897,1.2278582930756843,0.08722490606548577,0.040257648953301126,,,
48,15.827965646806227,45.59849704777241,1.9592055823939882,0.5099302200751477,24.396135265700483,2.167203435319377,8.185721953837897,1.2278582930756843,0.08722490606548577,0.040257648953301126,,,
49,15.975577026301664,45.430756843800324,1.9860440150295222,0.5434782608695652,24.040526033279658,2.1403650026838434,8.152173913043478,1.5767579173376274,0.08722490606548577,0.040257648953301126,0.026838432635534086,,
50,15.982286634460548,44.498121309715515,2.589908749329039,0.5434782608695652,27.49597423510467,2.1403650026838434,5.233494363929147,1.3955984970477724,0.05367686527106817,0.040257648953301126,0.026838432635534086,,
51,15.921900161030596,44.41760601180891,2.589908749329039,0.5434782608695652,27.677133655394524,2.1403650026838434,5.193236714975845,1.3955984970477724,0.05367686527106817,0.040257648953301126,0.026838432635534086,,
52,16.129898013955984,44.22973698336017,2.6301663982823404,0.5434782608695652,27.455716586151368,2.1403650026838434,5.193236714975845,1.556629092860977,0.05367686527106817,0.040257648953301126,0.026838432635534086,,
53,16.089640365002683,42.51207729468599,2.6637144390767578,0.5099302200751477,25.89908749329039,5.5689747718733225,4.958400429414922,1.6774020397208802,0.05367686527106817,0.040257648953301126,0.026838432635534086,,
54,16.022544283413847,42.60601180891036,3.9989264626945786,0.5099302200751477,24.798711755233494,5.387815351583468,4.924852388620504,1.6304347826086956,0.05367686527106817,0.040257648953301126,0.026838432635534086,,
55,16.076221148684915,42.21685453569511,4.455179817498658,0.5099302200751477,24.46323134728932,5.260332796564681,4.924852388620504,1.9726247987117553,0.05367686527106817,0.040257648953301126,0.026838432635534086,,
56,16.203703703703702,42.13633923778851,4.455179817498658,0.5099302200751477,24.40955448201825,5.24020397208803,4.864465915190553,1.9994632313472893,0.11406333870101985,0.040257648953301126,0.026838432635534086,,
57,16.31105743424584,42.089371980676326,4.461889425657541,0.5099302200751477,24.255233494363928,5.2066559312936125,4.985238862050457,1.9994632313472893,0.11406333870101985,0.040257648953301126,0.026838432635534086,,
58,16.512345679012345,41.7337627482555,4.696725711218465,0.5099302200751477,24.040526033279658,5.186527106816962,4.978529253891573,2.1604938271604937,0.11406333870101985,0.040257648953301126,0.026838432635534086,,
59,15.901771336553946,42.33762748255502,4.669887278582931,0.5099302200751477,22.86634460547504,7.139023081052066,4.2203435319377345,2.1940418679549114,0.0939345142243693,0.040257648953301126,0.026838432635534086,,
60,15.982286634460548,42.12292002147075,4.830917874396135,0.5233494363929146,22.591250670960815,7.085346215780999,4.2203435319377345,2.4825550187869028,0.0939345142243693,0.040257648953301126,0.026838432635534086,,
61,16.089640365002683,41.90150295222759,4.931561996779388,0.5233494363929146,22.564412238325282,7.085346215780999,4.066022544283414,2.522812667740204,0.0939345142243693,0.040257648953301126,0.18115942028985507,,
62,16.17686527106817,41.86124530327429,4.931561996779388,0.5233494363929146,22.544283413848632,7.085346215780999,4.066022544283414,2.49597423510467,0.0939345142243693,0.040257648953301126,0.18115942028985507,,
63,16.163446054750402,41.706924315619965,5.12614063338701,0.5233494363929146,22.537573805689746,7.065217391304348,4.066022544283414,2.49597423510467,0.0939345142243693,0.040257648953301126,0.18115942028985507,,
64,16.210413311862588,41.51234567901235,5.273752012882448,0.5233494363929146,22.249060654857757,7.051798174986581,4.066022544283414,2.7979066022544283,0.0939345142243693,0.040257648953301126,0.18115942028985507,,
65,16.337895866881375,41.398282340311326,5.273752012882448,0.5233494363929146,22.249060654857757,6.944444444444445,4.066022544283414,2.7979066022544283,0.1610305958132045,0.040257648953301126,0.20799785292538917,,
66,16.438539989264626,41.2842190016103,5.179817498658078,0.46967257112184646,21.960547504025765,7.085346215780999,4.066022544283414,3.1065485775630703,0.1610305958132045,0.040257648953301126,0.20799785292538917,,
67,16.304347826086957,39.06333870101986,4.736983360171766,0.46967257112184646,21.85319377348363,10.50053676865271,3.4688674181427803,3.227321524422974,0.1274825550187869,0.040257648953301126,0.20799785292538917,,
68,14.88191089640365,40.53274288781535,4.8376274825550185,0.46967257112184646,21.4573268921095,10.433440687063875,3.4420289855072466,3.569511540526033,0.1274825550187869,0.040257648953301126,0.20799785292538917,,
69,14.928878153515834,40.365002683843265,4.898013955984971,0.46967257112184646,20.90042941492217,10.433440687063875,3.4420289855072466,4.159957058507783,0.15432098765432098,0.040257648953301126,0.20799785292538917,,
70,15.049651100375739,40.25764895330113,4.938271604938271,0.5367686527106817,20.819914117015568,10.420021470746109,3.2877079978529253,4.159957058507783,0.15432098765432098,0.040257648953301126,0.33548040794417605,,
71,11.943102522812667,42.2638217928073,5.340848094471283,1.3150831991411702,20.779656468062264,10.393183038110575,3.2742887815351582,4.159957058507783,0.15432098765432098,0.040257648953301126,0.33548040794417605,,
72,11.198336017176597,36.68142780461621,5.139559849704777,4.575952764358561,24.214975845410628,9.829575952764358,3.5829307568438002,4.247181964573269,0.15432098765432098,0.040257648953301126,0.33548040794417605,,
73,10.997047772410092,34.366612989801396,4.864465915190553,4.012345679012346,23.899624261943103,9.789318303811058,7.226247987117552,4.240472356414386,0.15432098765432098,0.040257648953301126,0.4092860976918948,,
74,10.916532474503489,34.326355340848096,4.830917874396135,4.005636070853462,22.403381642512077,8.333333333333334,10.473698336017177,4.159957058507783,0.15432098765432098,0.040257648953301126,0.35560923242082665,,
75,10.983628556092324,32.1256038647343,4.28743961352657,4.824208266237251,22.014224369296834,8.28636607622115,13.58695652173913,3.3816425120772946,0.15432098765432098,,0.35560923242082665,,
76,11.158078368223295,32.038378958668815,4.30756843800322,4.810789049919484,21.62506709608159,8.199141170155663,13.580246913580247,3.770799785292539,0.15432098765432098,,0.35560923242082665,,
77,11.325818572195384,31.95115405260333,4.300858829844337,4.777241009125067,21.571390230810522,8.21256038647343,13.580246913580247,3.770799785292539,0.15432098765432098,,0.35560923242082665,,
78,11.500268384326356,31.5150295222759,4.274020397208803,4.777241009125067,21.18894256575416,8.541331186258722,13.976113794954374,3.6902844873859366,0.18115942028985507,,0.35560923242082665,,
79,11.621041331186259,31.0654857756307,5.4616210413311865,4.64975845410628,20.551529790660226,8.507783145464305,13.915727321524423,3.6902844873859366,0.18115942028985507,,0.35560923242082665,,
80,11.77536231884058,30.96484165324745,5.4549114331723025,4.64975845410628,20.50456253354804,8.507783145464305,13.895598497047773,3.7104133118625873,0.18115942028985507,,0.35560923242082665,,
81,12.00348899624262,30.797101449275363,5.515297906602254,4.64975845410628,20.46430488459474,8.454106280193237,13.828502415458937,3.7104133118625873,0.18115942028985507,,0.39586688137412773,,
82,12.030327428878154,30.669618894256576,5.495169082125604,4.830917874396135,20.38378958668814,8.387010198604402,13.801663982823403,3.7104133118625873,0.2952227589908749,,0.39586688137412773,,
83,12.285292538915728,30.52871712292002,5.46833064949007,4.790660225442834,20.316693505099302,8.340042941492216,13.828502415458937,3.7104133118625873,0.2952227589908749,0.040257648953301126,0.39586688137412773,,
84,12.372517444981213,30.48845947396672,5.763553408480945,4.7638217928073,19.96779388083736,8.373590982286634,13.828502415458937,3.7104133118625873,0.2952227589908749,0.040257648953301126,0.39586688137412773,,
85,12.224906065485776,30.159688674181428,7.058507783145465,4.723564143853999,19.43773483628556,8.373590982286634,13.781535158346752,3.435319377348363,0.36902844873859364,0.040257648953301126,0.39586688137412773,,
86,12.473161567364466,30.05233494363929,7.058507783145465,4.676596886741814,19.32367149758454,8.3467525496511,13.781535158346752,3.4957058507783145,0.35560923242082665,0.040257648953301126,0.39586688137412773,,
87,12.620772946859903,29.958400429414922,7.092055823939882,4.62962962962963,19.256575415995705,8.32662372517445,13.781535158346752,3.4957058507783145,0.35560923242082665,0.08722490606548577,0.39586688137412773,,
88,12.76838432635534,29.891304347826086,7.058507783145465,4.622920021470746,19.223027375201287,8.32662372517445,13.774825550187868,3.4957058507783145,0.35560923242082665,0.08722490606548577,0.39586688137412773,,
89,12.694578636607622,29.757112184648417,7.024959742351046,4.616210413311863,19.47128287707998,8.313204508856682,13.727858293075684,3.556092324208266,0.35560923242082665,0.08722490606548577,0.39586688137412773,,
90,12.801932367149758,29.56924315619968,6.991411701556629,4.783950617283951,19.424315619967793,8.313204508856682,13.727858293075684,3.549382716049383,0.35560923242082665,0.08722490606548577,0.39586688137412773,,
91,12.929414922168545,29.428341384863124,7.105475040257649,5.394524959742351,18.679549114331724,8.279656468062266,13.580246913580247,3.6768652710681695,0.4428341384863124,0.08722490606548577,0.39586688137412773,,
92,12.983091787439614,29.388083735909824,7.105475040257649,5.394524959742351,18.679549114331724,8.373590982286634,13.573537305421363,3.5762211486849167,0.4428341384863124,0.08722490606548577,0.39586688137412773,,
93,13.01663982823403,29.2337627482555,7.340311325818572,5.35426731078905,18.49838969404187,8.373590982286634,13.546698872785829,3.7372517444981215,0.41599570585077833,0.08722490606548577,0.39586688137412773,,
94,12.204777241009126,27.536231884057973,8.272946859903382,5.3341384863123995,18.16290928609769,7.897208803005904,15.895061728395062,3.92512077294686,0.2885131508319914,0.08722490606548577,0.39586688137412773,,
95,12.352388620504563,27.51610305958132,8.259527643585615,5.3341384863123995,18.149490069779926,8.675523349436393,14.875201288244767,4.119699409554482,0.322061191626409,0.08722490606548577,0.30864197530864196,,
96,12.600644122383253,27.355072463768117,8.225979602791197,5.320719269994632,18.129361245303276,8.628556092324208,14.680622651637144,4.213633923778851,0.4562533548040794,0.08722490606548577,0.30193236714975846,,
97,12.681159420289855,27.34836285560923,8.21256038647343,5.347557702630167,18.095813204508858,8.641975308641975,14.63365539452496,4.193505099302201,0.4562533548040794,0.08722490606548577,0.30193236714975846,,
98,12.587224906065487,27.086688137412775,8.460815888352121,5.347557702630167,17.404723564143854,8.682232957595277,14.593397745571659,4.998658078368224,0.4495437466451959,0.08722490606548577,0.30193236714975846,,
99,12.681159420289855,27.046430488459475,8.299785292538916,5.347557702630167,17.364465915190554,8.407139023081053,14.579978529253891,5.434782608695652,0.4495437466451959,0.08722490606548577,0.30193236714975846,,
100,12.761674718196458,27.026301663982824,8.299785292538916,5.3274288781535155,17.364465915190554,8.400429414922169,14.566559312936125,5.414653784219001,0.4495437466451959,0.08722490606548577,0.30193236714975846,,
101,12.99651100375738,26.932367149758456,7.883789586688137,5.636070853462158,17.324208266237253,8.36688137412775,14.506172839506172,5.515297906602254,0.4495437466451959,0.08722490606548577,0.30193236714975846,,
102,13.097155126140633,26.912238325281802,7.823403113258186,5.669618894256575,17.297369833601717,8.36688137412775,14.472624798711756,5.522007514761138,0.4495437466451959,0.08722490606548577,0.30193236714975846,,
103,13.385668276972625,26.684111647879764,7.883789586688137,5.662909286097692,17.223564143854,8.36688137412775,14.439076757917338,5.515297906602254,0.4495437466451959,0.08722490606548577,0.30193236714975846,,
104,13.41250670960816,26.603596349973163,7.890499194847021,5.730005367686527,17.143048845947398,8.400429414922169,14.42565754159957,5.555555555555555,0.4495437466451959,0.08722490606548577,0.30193236714975846,,
105,13.533279656468062,26.556629092860977,7.890499194847021,5.730005367686527,17.143048845947398,8.272946859903382,14.345142243692969,5.555555555555555,0.5837359098228664,0.08722490606548577,0.30193236714975846,,
106,13.580246913580247,25.758185721953836,8.756038647342995,5.723295759527644,17.102791196994094,8.246108427267847,14.184111647879764,5.555555555555555,0.5837359098228664,0.08722490606548577,0.4227053140096618,,
107,13.88888888888889,25.697799248523886,8.722490606548577,5.6964573268921095,17.002147074610843,8.28636607622115,14.096886741814279,5.515297906602254,0.5837359098228664,0.08722490606548577,0.4227053140096618,,
108,14.090177133655395,25.637412775093935,8.68894256575416,5.6964573268921095,16.961889425657542,8.279656468062266,13.94927536231884,5.656199677938808,0.5703166935050993,0.08722490606548577,0.3824476650563607,,
109,14.224369296833064,25.49651100375738,8.769457863660762,5.683038110574342,16.961889425657542,8.279656468062266,13.94927536231884,5.595813204508857,0.5703166935050993,0.08722490606548577,0.3824476650563607,,
110,14.345142243692969,25.489801395598498,8.742619431025227,5.669618894256575,16.941760601180892,8.266237251744498,13.90901771336554,5.595813204508857,0.5703166935050993,0.08722490606548577,0.3824476650563607,,
111,13.7211486849168,22.443639291465377,8.145464304884594,5.5689747718733225,17.995169082125603,8.21256038647343,17.384594739667204,5.421363392377885,0.6374127750939346,0.08722490606548577,0.3824476650563607,,
112,13.774825550187868,22.38996242619431,8.185721953837897,5.656199677938808,17.94820182501342,8.172302737520129,17.236983360171767,5.4616210413311865,0.630703166935051,0.08722490606548577,0.4562533548040794,,
113,13.942565754159958,22.376543209876544,8.165593129361245,5.656199677938808,17.840848094471284,8.165593129361245,17.09608158883521,5.434782608695652,0.7783145464304885,0.08722490606548577,0.4562533548040794,,
114,14.036500268384327,22.148416532474503,8.3467525496511,5.434782608695652,17.820719269994633,8.380300590445518,17.062533548040793,5.414653784219001,0.8118625872249061,0.08722490606548577,0.4562533548040794,,
115,14.197530864197532,22.114868491680085,8.319914117015566,5.434782608695652,17.773752012882447,8.373590982286634,17.028985507246375,5.401234567901234,0.8118625872249061,0.08722490606548577,0.4562533548040794,,
116,14.338432635534085,22.10144927536232,8.333333333333334,5.528717122920021,17.733494363929147,8.3467525496511,16.874664519592056,5.401234567901234,0.8118625872249061,0.04696725711218465,0.4562533548040794,0.026838432635534086,
117,14.418947933440688,22.000805152979066,8.36688137412775,5.528717122920021,17.733494363929147,8.239398819108963,16.72705314009662,5.381105743424584,0.9997316156736447,0.04696725711218465,0.5300590445517982,0.026838432635534086,
118,14.51959205582394,21.973966720343533,8.36688137412775,5.481749865807837,17.66639828234031,8.205850778314547,16.63311862587225,5.548845947396672,0.9997316156736447,0.04696725711218465,0.5300590445517982,0.026838432635534086,
119,12.607353730542137,18.699677938808374,8.091787439613526,5.434782608695652,27.657004830917874,8.038110574342458,12.889157273215245,5.233494363929147,0.8655394524959742,0.04696725711218465,0.4092860976918948,0.026838432635534086,
120,12.734836285560924,18.659420289855074,8.071658615136876,5.434782608695652,27.657004830917874,7.977724100912507,12.848899624261943,5.233494363929147,0.8655394524959742,0.04696725711218465,0.4428341384863124,0.026838432635534086,
121,12.795222758990874,18.45813204508857,8.246108427267847,5.434782608695652,27.643585614600106,7.9106280193236715,12.842190016103059,5.287171229200215,0.8655394524959742,0.04696725711218465,0.4428341384863124,0.026838432635534086,
122,12.882447665056361,18.391035963499732,8.232689210950081,5.501878690284487,27.583199141170155,7.856951154052603,12.828770799785293,5.314009661835748,0.8655394524959742,0.04696725711218465,0.46967257112184646,0.026838432635534086,
123,13.050187869028449,18.357487922705314,8.232689210950081,5.495169082125604,27.502683843263554,7.843531937734836,12.781803542673108,5.3274288781535155,0.8655394524959742,0.04696725711218465,0.46967257112184646,0.026838432635534086,
124,13.177670424047236,18.297101449275363,8.21256038647343,5.441492216854535,27.47584541062802,7.924047235641439,12.70799785292539,5.3274288781535155,0.8387010198604401,0.04696725711218465,0.5233494363929146,0.026838432635534086,
125,13.231347289318304,18.243424584004295,8.239398819108963,5.428073000536768,27.194041867954912,7.897208803005904,12.681159420289855,5.649490069779925,0.8387010198604401,0.04696725711218465,0.5233494363929146,0.026838432635534086,
126,13.298443370907139,18.230005367686527,8.239398819108963,5.414653784219001,27.167203435319376,7.883789586688137,12.681159420289855,5.649490069779925,0.8387010198604401,0.04696725711218465,0.5233494363929146,0.026838432635534086,
127,13.345410628019323,18.21658615136876,8.239398819108963,5.414653784219001,27.086688137412775,7.883789586688137,12.667740203972087,5.689747718733226,0.8588298443370908,0.04696725711218465,0.5233494363929146,0.026838432635534086,
128,13.513150831991412,18.06897477187332,8.205850778314547,5.287171229200215,27.012882447665056,7.87037037037037,12.848899624261943,5.689747718733226,0.8588298443370908,0.04696725711218465,0.5703166935050993,0.026838432635534086,
129,13.593666129898015,18.04884594739667,8.205850778314547,5.273752012882448,26.8317230273752,7.843531937734836,12.848899624261943,5.850778314546431,0.8588298443370908,0.04696725711218465,0.5703166935050993,0.026838432635534086,
130,13.81508319914117,18.04884594739667,8.205850778314547,5.233494363929147,26.690821256038646,7.816693505099302,12.835480407944177,5.850778314546431,0.8588298443370908,0.04696725711218465,0.5703166935050993,0.026838432635534086,
131,13.94927536231884,17.995169082125603,8.205850778314547,5.233494363929147,26.643853998926463,7.7831454643048845,12.788513150831992,5.897745571658615,0.8588298443370908,0.04696725711218465,0.5703166935050993,0.026838432635534086,
132,14.163982823403114,17.94820182501342,8.185721953837897,5.233494363929147,26.630434782608695,7.729468599033816,12.721417069243156,5.884326355340848,0.8588298443370908,0.04696725711218465,0.5703166935050993,0.026838432635534086,
133,14.190821256038648,17.404723564143854,7.917337627482555,5.052334943639291,26.496242619431026,8.82313472893183,12.681159420289855,5.810520665593129,0.8454106280193237,0.04696725711218465,0.7045088566827697,0.026838432635534086,
134,14.036500268384327,17.37788513150832,7.897208803005904,5.052334943639291,25.81857219538379,11.057434245840042,10.88298443370907,6.1929683306494905,0.8722490606548577,0.04696725711218465,0.7380568974771873,0.026838432635534086,
135,14.016371443907676,17.20343531937735,8.111916264090176,5.052334943639291,25.77831454643049,11.057434245840042,10.88298443370907,6.213097155126141,0.8722490606548577,0.04696725711218465,0.7380568974771873,0.026838432635534086,
136,14.163982823403114,17.20343531937735,8.111916264090176,5.052334943639291,25.664251207729468,11.05072463768116,10.856146001073537,6.213097155126141,0.8722490606548577,0.04696725711218465,0.7380568974771873,0.026838432635534086,
137,14.251207729468598,17.183306494900698,8.199141170155663,5.112721417069243,25.55018786902845,11.037305421363392,10.789049919484702,6.166129898013956,0.8722490606548577,0.08051529790660225,0.7313472893183038,0.026838432635534086,
138,14.412238325281804,17.102791196994094,8.259527643585615,5.112721417069243,25.47638217928073,11.023886205045626,10.775630703166936,6.125872249060655,0.8722490606548577,0.08051529790660225,0.7313472893183038,0.026838432635534086,
139,14.533011272141707,17.062533548040793,8.272946859903382,5.112721417069243,25.462962962962962,11.023886205045626,10.695115405260333,6.125872249060655,0.8722490606548577,0.08051529790660225,0.7313472893183038,0.026838432635534086,
140,14.63365539452496,16.99543746645196,8.293075684380032,5.092592592592593,25.348899624261943,10.990338164251208,10.654857756307031,6.166129898013956,0.9863123993558777,0.08051529790660225,0.7313472893183038,0.026838432635534086,
141,14.9020397208803,16.861245303274288,8.225979602791197,5.0858829844337095,25.261674718196456,11.07085346215781,10.61460010735373,6.152710681696189,0.9863123993558777,0.08051529790660225,0.7313472893183038,0.026838432635534086,
142,15.08990874932904,16.820987654320987,8.232689210950081,5.045625335480408,25.207997852925388,11.064143853998926,10.581052066559312,6.125872249060655,0.9863123993558777,0.11406333870101985,0.7045088566827697,0.026838432635534086,
143,15.056360708534621,16.74718196457327,8.192431561996779,4.978529253891573,25.174449812130973,11.688137412775093,10.359634997316157,5.971551261406334,0.9863123993558777,0.11406333870101985,0.7045088566827697,0.026838432635534086,
144,15.385131508319914,16.71363392377885,8.179012345679013,4.978529253891573,25.06038647342995,11.54723564143854,10.332796564680622,5.971551261406334,0.9863123993558777,0.11406333870101985,0.7045088566827697,0.026838432635534086,
145,15.24422973698336,16.659957058507782,7.682501341921632,5.045625335480408,24.94632313472893,10.44015029522276,12.31213097155126,5.891035963499732,0.9863123993558777,0.11406333870101985,0.6508319914117016,0.026838432635534086,
146,15.237520128824476,16.525764895330113,7.6556629092860975,5.045625335480408,24.476650563607084,10.721953837895867,12.29200214707461,6.266774020397209,0.9863123993558777,0.11406333870101985,0.6508319914117016,0.026838432635534086,
147,15.405260332796564,16.391572732152444,7.816693505099302,4.985238862050457,24.3894256575416,10.721953837895867,12.238325281803542,6.293612453032743,0.966183574879227,0.11406333870101985,0.6508319914117016,0.026838432635534086,
148,15.546162104133119,16.391572732152444,7.796564680622652,4.978529253891573,24.228395061728396,11.406333870101985,11.473429951690822,6.387546967257112,0.9594739667203436,0.11406333870101985,0.6910896403650026,0.026838432635534086,
149,15.311325818572195,16.378153515834676,10.997047772410092,4.9718196457326895,22.249060654857757,11.11111111111111,10.896403650026839,6.246645195920558,0.8387010198604401,0.11406333870101985,0.8588298443370908,0.026838432635534086,
150,15.519323671497585,16.29092860976919,10.849436392914654,4.958400429414922,22.20209339774557,11.117820719269995,10.86285560923242,6.327160493827161,0.8722490606548577,0.11406333870101985,0.8588298443370908,0.026838432635534086,
151,15.573000536768653,16.15673644659152,10.923242082662373,5.045625335480408,22.188674181427803,11.117820719269995,10.795759527643586,6.327160493827161,0.8722490606548577,0.11406333870101985,0.8588298443370908,0.026838432635534086,
152,15.70048309178744,16.10305958132045,10.88298443370907,5.038915727321524,22.16183574879227,11.117820719269995,10.768921095008052,6.353998926462695,0.8722490606548577,0.11406333870101985,0.8588298443370908,0.026838432635534086,
153,15.874932903918411,15.942028985507246,10.829307568438002,5.179817498658078,22.12157809983897,11.097691894793345,10.768921095008052,6.3137412775093935,0.8722490606548577,0.11406333870101985,0.8588298443370908,0.026838432635534086,
154,15.874932903918411,15.868223295759528,10.815888352120236,5.146269457863661,22.074610842726784,11.044015029522276,10.916532474503489,6.333870101986044,0.8990874932903918,0.14090177133655393,0.8588298443370908,0.026838432635534086,
155,15.304616210413311,15.26435856146001,10.88298443370907,5.092592592592593,22.074610842726784,11.56736446591519,11.714975845410628,6.226516371443908,0.8990874932903918,0.14090177133655393,0.8051529790660226,0.026838432635534086,
156,15.344873859366613,15.26435856146001,10.88298443370907,5.092592592592593,22.034353193773484,11.614331723027375,11.681427804616211,6.213097155126141,0.8990874932903918,0.14090177133655393,0.8051529790660226,0.026838432635534086,
157,15.526033279656469,15.190552871712292,10.876274825550189,5.092592592592593,21.900161030595815,11.506977992485238,11.681427804616211,6.3070316693505095,0.9460547504025765,0.14090177133655393,0.8051529790660226,0.026838432635534086,
158,15.734031132581856,15.11003757380569,10.896403650026839,5.119431025228127,21.846484165324746,11.419753086419753,11.627750939345143,6.293612453032743,0.9796027911969941,0.14090177133655393,0.8051529790660226,0.026838432635534086,
159,15.995705850778315,15.009393451422437,10.84272678475577,5.22007514761138,21.77938808373591,11.379495437466453,11.60762211486849,6.1862587224906065,1.0064412238325282,0.14090177133655393,0.8051529790660226,0.026838432635534086,
160,16.009125067096083,14.99597423510467,10.84272678475577,5.22007514761138,21.752549651100377,11.345947396672035,11.641170155662909,6.213097155126141,1.0064412238325282,0.14090177133655393,0.8051529790660226,0.026838432635534086,
161,16.17686527106817,14.734299516908212,11.097691894793345,5.0858829844337095,21.71900161030596,11.325818572195384,11.540526033279656,6.206387546967257,1.0064412238325282,0.27509393451422437,0.8051529790660226,0.026838432635534086,
162,16.364734299516908,14.720880300590446,11.131239935587761,5.0791733762748255,21.69887278582931,11.272141706924316,11.480139559849706,6.146001073537305,1.0064412238325282,0.2683843263553409,0.8051529790660226,0.026838432635534086,
163,16.5727321524423,14.694041867954912,11.09098228663446,5.0791733762748255,21.66532474503489,11.171497584541063,11.3593666129898,6.260064412238325,1.0064412238325282,0.2683843263553409,0.8051529790660226,0.026838432635534086,
164,16.6532474503489,14.680622651637144,11.084272678475577,5.0791733762748255,21.68545356951154,11.117820719269995,11.3593666129898,6.233225979602791,1.0064412238325282,0.2683843263553409,0.8051529790660226,0.026838432635534086,
165,16.049382716049383,14.49946323134729,9.990606548577563,5.213365539452496,21.40365002683843,10.68840579710145,14.278046162104133,6.105743424584004,0.8655394524959742,0.2683843263553409,0.6105743424584005,0.026838432635534086,
166,16.109769189479334,14.479334406870638,9.977187332259795,5.193236714975845,21.329844337090712,10.661567364465915,14.231078904991948,6.105743424584004,0.9728931830381106,0.3153515834675255,0.5971551261406334,0.026838432635534086,
167,16.163446054750402,14.432367149758454,10.091250670960816,5.132850241545894,21.202361782071925,10.63472893183038,14.217659688674182,6.213097155126141,0.9728931830381106,0.3153515834675255,0.5971551261406334,0.026838432635534086,
168,16.284219001610307,14.418947933440688,10.178475577026301,5.132850241545894,21.061460010735374,10.68840579710145,14.210950080515298,6.099033816425121,1.0064412238325282,0.3153515834675255,0.5770263016639828,0.026838432635534086,
169,16.344605475040257,14.2914653784219,10.124798711755233,5.132850241545894,21.061460010735374,11.621041331186259,13.399087493290391,6.099033816425121,1.0064412238325282,0.3153515834675255,0.5770263016639828,0.026838432635534086,
170,16.465378421900162,14.103596349973161,10.084541062801932,5.0993022007514766,20.873590982286636,11.688137412775093,13.593666129898015,6.166129898013956,1.0064412238325282,0.3153515834675255,0.5770263016639828,0.026838432635534086,
171,16.512345679012345,14.110305958132045,10.084541062801932,5.0858829844337095,20.860171765968868,11.674718196457327,13.553408480944713,6.1929683306494905,1.0064412238325282,0.3153515834675255,0.5770263016639828,0.026838432635534086,
172,16.639828234031132,14.103596349973161,10.755501878690284,5.0858829844337095,20.1959205582394,11.654589371980677,13.519860440150294,6.092324208266238,1.0332796564680622,0.3153515834675255,0.5770263016639828,0.026838432635534086,
173,16.646537842190018,14.103596349973161,10.715244229736983,5.0858829844337095,20.148953301127214,11.58749329039184,13.506441223832528,6.253354804079442,1.0332796564680622,0.3153515834675255,0.5770263016639828,0.026838432635534086,
174,16.7337627482555,14.103596349973161,10.715244229736983,5.0858829844337095,20.095276435856146,11.58749329039184,13.499731615673644,6.226516371443908,1.0332796564680622,0.3153515834675255,0.5770263016639828,0.026838432635534086,
175,16.71363392377885,14.083467525496511,10.701825013419215,5.065754159957058,20.081857219538378,11.674718196457327,13.47289318303811,6.226516371443908,1.0332796564680622,0.3153515834675255,0.6038647342995169,0.026838432635534086,
176,16.74718196457327,13.996242619431026,10.775630703166936,5.065754159957058,19.719538378958667,11.990069779924852,13.144122383252817,6.541867954911433,1.0332796564680622,0.3153515834675255,0.644122383252818,0.026838432635534086,
177,16.78743961352657,13.976113794954374,10.762211486849168,5.065754159957058,19.618894256575416,12.057165861513688,13.077026301663983,6.635802469135802,1.0332796564680622,0.3153515834675255,0.644122383252818,0.026838432635534086,
178,16.861245303274288,13.868760064412239,11.701556629092861,5.032206119162641,19.082125603864736,11.81561996779388,13.077026301663983,6.515029522275899,1.0601180891035964,0.3153515834675255,0.644122383252818,0.026838432635534086,
179,16.908212560386474,13.841921631776705,11.674718196457327,5.065754159957058,19.082125603864736,11.802200751476114,13.077026301663983,6.501610305958132,1.0601180891035964,0.3153515834675255,0.644122383252818,0.026838432635534086,
180,16.948470209339774,13.841921631776705,11.943102522812667,5.045625335480408,18.833870101986044,11.802200751476114,13.050187869028449,6.488191089640365,1.0601180891035964,0.3153515834675255,0.644122383252818,0.026838432635534086,
181,17.09608158883521,13.841921631776705,11.902844873859367,5.038915727321524,18.833870101986044,12.157809983896941,12.587224906065487,6.501610305958132,1.0534084809447128,0.3153515834675255,0.644122383252818,0.026838432635534086,
182,17.136339237788512,13.828502415458937,11.81561996779388,5.253623188405797,18.699677938808374,12.050456253354804,12.587224906065487,6.622383252818035,1.0198604401502953,0.3153515834675255,0.644122383252818,0.026838432635534086,
183,17.216854535695116,13.828502415458937,11.81561996779388,5.22007514761138,18.63929146537842,12.050456253354804,12.620772946859903,6.602254428341385,1.0198604401502953,0.3153515834675255,0.644122383252818,0.026838432635534086,
184,17.384594739667204,13.828502415458937,11.81561996779388,5.166398282340311,18.612453032742888,11.896135265700483,12.593934514224369,6.66935050993022,1.0198604401502953,0.3153515834675255,0.6709608158883521,0.026838432635534086,
185,17.53220611916264,13.79495437466452,11.79549114331723,5.159688674181428,18.612453032742888,11.862587224906065,12.553676865271068,6.655931293612453,1.0198604401502953,0.3153515834675255,0.6709608158883521,0.026838432635534086,
186,17.60601180891036,13.66076221148685,11.647879763821793,5.501878690284487,18.38432635534085,11.862587224906065,12.553676865271068,6.749865807836822,1.0198604401502953,0.3153515834675255,0.6709608158883521,0.026838432635534086,
187,17.726784755770264,13.647342995169081,11.654589371980677,5.501878690284487,18.323939881910896,11.842458400429415,12.533548040794418,6.736446591519055,1.0198604401502953,0.3153515834675255,0.6709608158883521,0.026838432635534086,
188,17.834138486312398,13.620504562533547,11.674718196457327,5.475040257648954,18.4044551798175,11.788781535158346,12.473161567364466,6.709608158883521,1.0198604401502953,0.30193236714975846,0.6709608158883521,0.026838432635534086,
189,17.58588298443371,12.640901771336553,11.641170155662909,5.005367686527107,18.203166935050994,11.735104669887278,14.412238325281804,6.790123456790123,1.0198604401502953,0.32877079978529256,0.6105743424584005,0.026838432635534086,
190,17.72007514761138,12.640901771336553,11.634460547504025,5.005367686527107,18.14278046162104,11.681427804616211,14.358561460010735,6.716317767042405,1.133923778851315,0.32877079978529256,0.6105743424584005,0.026838432635534086,
191,17.69994632313473,12.634192163177671,11.614331723027375,5.038915727321524,18.14278046162104,11.453301127214171,14.224369296833064,6.991411701556629,1.2412775093934514,0.32877079978529256,0.6038647342995169,0.026838432635534086,
192,17.887815351583466,12.573805689747719,11.60762211486849,5.072463768115942,18.06226516371444,11.312399355877616,14.15727321524423,7.132313472893183,1.2412775093934514,0.32877079978529256,0.5971551261406334,0.026838432635534086,
193,17.914653784219002,12.546967257112184,11.60762211486849,5.045625335480408,18.089103596349972,11.137949543746645,14.15727321524423,7.306763285024155,1.2412775093934514,0.32877079978529256,0.5971551261406334,0.026838432635534086,
194,18.06897477187332,12.5402576489533,11.56736446591519,5.045625335480408,18.02871712292002,11.11111111111111,14.13714439076758,7.306763285024155,1.2412775093934514,0.32877079978529256,0.5971551261406334,0.026838432635534086,
195,18.14278046162104,12.533548040794418,11.560654857756306,5.045625335480408,18.015297906602253,11.07085346215781,14.096886741814279,7.306763285024155,1.2748255501878691,0.32877079978529256,0.5971551261406334,0.026838432635534086,
196,18.270263016639827,12.513419216317766,11.708266237251744,5.038915727321524,17.901234567901234,10.896403650026839,14.023081052066559,7.306763285024155,1.2748255501878691,0.32877079978529256,0.7112184648416533,0.026838432635534086,
