,45,50,51,53,54,55,52,56,57
0,96.02120236178207,3.978797638217928,,,,,,,
1,93.0756843800322,6.9243156199677935,,,,,,,
2,92.86097691894793,7.139023081052066,,,,,,,
3,90.5931293612453,9.406870638754697,,,,,,,
4,89.53972088030059,10.46027911969941,,,,,,,
5,88.01663982823403,11.98336017176597,,,,,,,
6,82.18599033816425,17.28395061728395,0.2952227589908749,0.23483628556092323,,,,,
7,82.25308641975309,17.216854535695116,0.2952227589908749,0.23483628556092323,,,,,
8,52.89855072463768,46.57139023081052,0.2952227589908749,0.23483628556092323,,,,,
9,52.824745034889965,46.64519592055824,0.2952227589908749,0.23483628556092323,,,,,
10,52.59661835748792,45.229468599033815,0.2952227589908749,0.23483628556092323,1.556629092860977,0.08722490606548577,,,
11,50.44283413848631,47.38325281803543,0.2952227589908749,0.23483628556092323,1.556629092860977,0.08722490606548577,,,
12,50.355609232420825,47.47047772410091,0.2952227589908749,0.23483628556092323,1.556629092860977,0.08722490606548577,,,
13,49.3894256575416,48.60440150295223,0.2952227589908749,,1.5297906602254427,0.18115942028985507,,,
14,49.32903918411165,39.88862050456253,8.59500805152979,0.46967257112184646,1.5297906602254427,0.1878690284487386,,,
15,48.83923778851315,31.662640901771336,6.166129898013956,0.46967257112184646,1.5163714439076759,0.18115942028985507,11.16478797638218,,
16,47.86634460547504,30.703166935050994,8.145464304884594,0.46967257112184646,1.5163714439076759,0.18115942028985507,11.117820719269995,,
17,47.28931830381106,32.024959742351044,7.62211486849168,0.026838432635534086,1.5163714439076759,0.18115942028985507,11.117820719269995,0.2214170692431562,
18,46.51100375738057,32.689210950080515,7.581857219538379,0.026838432635534086,1.570048309178744,0.2885131508319914,10.809178743961352,0.2214170692431562,0.30193236714975846
19,46.39694041867955,32.84353193773484,7.581857219538379,0.026838432635534086,1.556629092860977,0.2885131508319914,10.628019323671497,0.2214170692431562,0.4562533548040794
20,46.34997316156736,32.80327428878154,7.581857219538379,0.026838432635534086,1.6438539989264627,0.2885131508319914,10.628019323671497,0.2214170692431562,0.4562533548040794
21,43.37090713902308,35.81588835212023,7.568438003220612,0.026838432635534086,1.6438539989264627,0.2885131508319914,10.607890499194847,0.2214170692431562,0.4562533548040794
22,41.71363392377885,35.279119699409556,8.239398819108963,0.026838432635534086,3.1870638754696725,0.2885131508319914,10.601180891035963,0.20799785292538917,0.4562533548040794
23,41.88137412775094,33.56816961889426,8.239398819108963,0.026838432635534086,4.904723564143854,0.20128824476650564,10.513955984970478,0.20799785292538917,0.4562533548040794
24,41.26409017713365,30.96484165324745,11.56736446591519,0.026838432635534086,4.8443370907139025,0.20128824476650564,10.487117552334944,0.20799785292538917,0.43612453032742887
25,41.71363392377885,30.71658615136876,11.131239935587761,0.026838432635534086,4.8443370907139025,0.20128824476650564,10.218733225979603,0.5434782608695652,0.6038647342995169
26,41.76731078904992,30.434782608695652,11.05072463768116,0.026838432635534086,6.280193236714976,0.20128824476650564,9.091519055287172,0.5434782608695652,0.6038647342995169
27,40.86151368760064,28.703703703703702,13.83521202361782,0.026838432635534086,6.152710681696189,0.20128824476650564,9.07139023081052,0.5434782608695652,0.6038647342995169
28,40.98899624261943,28.60305958132045,13.83521202361782,0.026838432635534086,6.152710681696189,0.20128824476650564,9.044551798174986,0.5434782608695652,0.6038647342995169
29,41.076221148684915,28.44873859366613,13.915727321524423,0.026838432635534086,6.152710681696189,0.20128824476650564,9.044551798174986,0.5300590445517982,0.6038647342995169
30,38.96269457863661,30.62265163714439,13.7211486849168,0.026838432635534086,6.152710681696189,0.20128824476650564,8.769457863660762,0.9393451422436929,0.6038647342995169
31,39.07675791733763,30.441492216854535,13.841921631776705,0.026838432635534086,6.125872249060655,0.20128824476650564,8.749329039184111,0.9393451422436929,0.5971551261406334
32,38.99624261943102,30.515297906602253,13.828502415458937,0.026838432635534086,6.125872249060655,0.30864197530864196,8.662104133118627,0.9393451422436929,0.5971551261406334
33,38.54669887278583,28.67686527106817,13.801663982823403,2.227589908749329,5.998389694041868,0.30864197530864196,8.816425120772946,0.9393451422436929,0.6843800322061192
34,38.26489533011272,28.247450348899623,12.882447665056361,2.227589908749329,5.515297906602254,0.30864197530864196,10.661567364465915,1.2077294685990339,0.6843800322061192
35,38.459473966720346,28.166935050993022,12.634192163177671,2.227589908749329,5.676328502415459,0.30864197530864196,10.63472893183038,1.2077294685990339,0.6843800322061192
36,38.405797101449274,28.20048309178744,12.634192163177671,2.227589908749329,5.676328502415459,0.30864197530864196,10.359634997316157,1.2077294685990339,0.9796027911969941
37,38.499731615673646,27.932098765432098,12.553676865271068,2.200751476113795,5.495169082125604,0.5233494363929146,10.305958132045088,1.2077294685990339,1.2815351583467525
38,38.446054750402574,27.999194847020934,12.553676865271068,2.187332259796028,5.495169082125604,0.5233494363929146,10.305958132045088,1.2077294685990339,1.2815351583467525
39,38.63392377885131,27.851583467525497,12.305421363392378,2.15378421900161,5.495169082125604,0.5233494363929146,10.245571658615138,1.5096618357487923,1.2815351583467525
40,38.5601180891036,27.58990874932904,12.090713902308105,2.15378421900161,5.743424584004294,0.5233494363929146,10.547504025764896,1.5096618357487923,1.2815351583467525
41,37.3792270531401,28.743961352657006,12.04374664519592,2.15378421900161,5.730005367686527,0.5233494363929146,10.63472893183038,1.5096618357487923,1.2815351583467525
42,36.842458400429415,27.66371443907676,11.768652710681696,0.6508319914117016,5.166398282340311,0.32877079978529256,15.096618357487923,1.5029522275899088,0.9796027911969941
43,34.88325281803543,29.562533548040793,11.708266237251744,0.785024154589372,5.166398282340311,0.32877079978529256,14.982555018786902,1.5029522275899088,1.0802469135802468
44,33.581588835212024,27.274557165861513,15.559581320450885,0.7648953301127214,5.0791733762748255,0.23483628556092323,14.922168545356952,1.5029522275899088,1.0802469135802468
45,32.86366076221149,27.395330112721417,15.526033279656469,1.4090177133655395,7.27992485238862,0.48980139559849706,12.567096081588835,1.42914653784219,1.0399892646269457
46,32.628824476650564,26.549919484702095,16.384863123993558,1.4090177133655395,7.501341921631776,0.48980139559849706,12.567096081588835,1.42914653784219,1.0399892646269457
47,32.588566827697264,25.637412775093935,16.941760601180892,1.4090177133655395,7.454374664519592,0.48980139559849706,13.009930220075148,1.42914653784219,1.0399892646269457
48,32.628824476650564,25.63070316693505,16.921631776704242,1.4090177133655395,7.440955448201825,0.48980139559849706,13.009930220075148,1.42914653784219,1.0399892646269457
49,32.56843800322061,25.758185721953836,16.61969940955448,1.6572732152442298,7.440955448201825,0.48980139559849706,12.99651100375738,1.42914653784219,1.0399892646269457
50,32.23966720343532,26.154052603327965,16.545893719806763,1.6572732152442298,7.300053676865271,0.48980139559849706,12.942834138486312,1.6304347826086956,1.0399892646269457
51,31.179549114331724,25.11406333870102,18.9345142243693,1.5432098765432098,7.461084272678476,0.5971551261406334,12.533548040794418,1.596886741814278,1.0399892646269457
52,30.69645732689211,25.268384326355342,19.41760601180891,1.5365002683843263,7.4006977992485234,0.5971551261406334,12.446323134728932,1.596886741814278,1.0399892646269457
53,30.823939881910896,25.254965110037574,19.37734836285561,1.5029522275899088,7.4006977992485234,0.5971551261406334,12.406065485775631,1.596886741814278,1.0399892646269457
54,29.508856682769725,26.583467525496513,19.370638754696724,1.5029522275899088,7.4006977992485234,0.5971551261406334,12.399355877616747,1.596886741814278,1.0399892646269457
55,29.59608158883521,26.402308105206657,19.350509930220074,1.5029522275899088,7.675791733762749,0.5971551261406334,12.238325281803542,1.596886741814278,1.0399892646269457
56,29.696725711218466,26.194310252281266,19.0955448201825,1.724369296833065,7.675791733762749,0.5971551261406334,12.412775093934513,1.5633387010198605,1.0399892646269457
57,29.790660225442835,26.140633387010197,18.699677938808374,1.6841116478797638,7.675791733762749,0.7648953301127214,12.198067632850242,1.7981749865807837,1.247987117552335
58,28.23403113258186,24.57729468599034,33.61513687600644,1.1674718196457328,5.166398282340311,0.6575415995705851,5.428073000536768,0.630703166935051,0.5233494363929146
59,28.482286634460547,24.3894256575416,33.313204508856685,1.221148684916801,5.166398282340311,0.8588298443370908,5.414653784219001,0.630703166935051,0.5233494363929146
60,28.556092324208265,24.342458400429415,33.293075684380035,1.221148684916801,5.166398282340311,0.8588298443370908,5.407944176060118,0.630703166935051,0.5233494363929146
61,28.14009661835749,24.10762211486849,33.21926999463231,1.2010198604401503,5.139559849704777,1.2077294685990339,6.011808910359635,0.4495437466451959,0.5233494363929146
62,28.30112721417069,24.060654857756308,33.13204508856683,1.2010198604401503,4.871175523349437,1.1808910359634996,6.280193236714976,0.4495437466451959,0.5233494363929146
63,28.475577026301664,23.825818572195384,33.031400966183575,1.1876006441223832,4.730273752012883,1.2546967257112185,6.521739130434782,0.4495437466451959,0.5233494363929146
64,27.958937198067634,23.55072463768116,33.662104133118625,1.1876006441223832,4.783950617283951,1.2546967257112185,6.494900697799249,0.5837359098228664,0.5233494363929146
65,27.4020397208803,22.249060654857757,35.09125067096082,1.1674718196457328,4.985238862050457,1.415727321524423,6.427804616210413,0.7380568974771873,0.5233494363929146
66,27.549651100375737,21.973966720343533,35.04428341384863,1.1674718196457328,4.985238862050457,1.6237251744498122,6.394256575415996,0.7380568974771873,0.5233494363929146
67,27.34165324745035,21.477455716586153,33.28636607622115,3.5091250670960816,5.22007514761138,1.556629092860977,6.099033816425121,0.9863123993558777,0.5233494363929146
68,23.939881910896403,20.652173913043477,37.96296296296296,3.3145464304884595,5.12614063338701,1.8384326355340848,5.891035963499732,0.7514761137949544,0.5233494363929146
69,24.094202898550726,20.477724100912507,36.95652173913044,3.603059581320451,5.850778314546431,1.8518518518518519,5.891035963499732,0.7514761137949544,0.5233494363929146
70,23.98684916800859,20.43075684380032,37.124261943102525,3.603059581320451,5.837359098228664,1.8518518518518519,5.891035963499732,0.7514761137949544,0.5233494363929146
71,24.12775093934514,20.38378958668814,37.0504562533548,3.6634460547504024,5.481749865807837,2.1403650026838434,5.877616747181965,0.7514761137949544,0.5233494363929146
72,24.134460547504027,20.28985507246377,36.2788513150832,3.5426731078904994,5.481749865807837,2.1403650026838434,6.870638754696726,0.7514761137949544,0.5099302200751477
73,24.40955448201825,20.169082125603865,35.81588835212023,3.8848631239935587,5.481749865807837,2.13365539452496,6.743156199677939,0.8521202361782072,0.5099302200751477
74,24.67793880837359,20.02818035426731,35.53408480944713,3.8848631239935587,5.374396135265701,2.4221685453569513,6.716317767042405,0.8521202361782072,0.5099302200751477
75,24.785292538915726,19.73966720343532,35.43344068706388,3.8848631239935587,5.374396135265701,2.5966183574879227,6.823671497584541,0.8521202361782072,0.5099302200751477
76,21.806226516371442,23.309178743961354,35.42673107890499,3.8311862587224907,5.374396135265701,2.314814814814815,6.582125603864735,0.8521202361782072,0.5032206119162641
77,21.947128287707997,22.993827160493826,35.16505636070853,3.8311862587224907,5.360976918947934,2.428878153515835,6.830381105743425,0.9393451422436929,0.5032206119162641
78,22.108158883521202,22.953569511540525,35.01073537305421,3.6768652710681695,5.58239398819109,2.428878153515835,6.796833064949007,0.9393451422436929,0.5032206119162641
79,22.22222222222222,22.779119699409556,34.74235104669887,3.670155662909286,5.528717122920021,2.6033279656468062,6.776704240472356,1.1741814278046163,0.5032206119162641
80,22.32957595276436,22.779119699409556,34.68867418142781,3.6500268384326353,5.528717122920021,2.6033279656468062,6.743156199677939,1.1741814278046163,0.5032206119162641
81,22.436929683306495,22.571121846484164,34.628287707997856,3.784219001610306,5.528717122920021,2.6502952227589907,6.723027375201288,1.1741814278046163,0.5032206119162641
82,22.450348899624263,22.571121846484164,34.628287707997856,3.784219001610306,5.528717122920021,2.6502952227589907,6.709608158883521,1.1741814278046163,0.5032206119162641
83,22.571121846484164,22.208803005904453,34.58803005904455,3.784219001610306,5.528717122920021,2.85829307568438,6.78341384863124,1.1741814278046163,0.5032206119162641
84,19.504830917874397,29.408212560386474,30.776972624798713,5.025496511003757,4.64975845410628,2.85829307568438,6.005099302200751,1.2681159420289856,0.5032206119162641
85,18.98148148148148,28.173644659151904,33.031400966183575,5.018786902844874,4.5893719806763285,2.5295222758990876,5.850778314546431,1.3352120236178207,0.48980139559849706
86,19.0552871712292,28.113258185721953,33.031400966183575,5.005367686527107,4.5893719806763285,2.5295222758990876,5.850778314546431,1.3352120236178207,0.48980139559849706
87,19.176060118089104,27.958937198067634,32.789855072463766,4.958400429414922,4.911433172302737,2.5295222758990876,5.850778314546431,1.3352120236178207,0.48980139559849706
88,19.28341384863124,27.851583467525497,32.830112721417066,4.951690821256038,4.911433172302737,2.5161030595813205,5.669618894256575,1.4962426194310252,0.48980139559849706
89,19.45115405260333,27.81803542673108,32.420826623725176,5.0791733762748255,4.904723564143854,2.690552871712292,5.649490069779925,1.4962426194310252,0.48980139559849706
90,19.726247987117553,27.68384326355341,32.306763285024154,5.038915727321524,4.931561996779388,2.677133655394525,5.649490069779925,1.4962426194310252,0.48980139559849706
91,19.685990338164252,27.234299516908212,32.86366076221149,5.038915727321524,4.924852388620504,2.677133655394525,5.589103596349974,1.4962426194310252,0.48980139559849706
92,18.726516371443907,26.060118089103597,32.427536231884055,5.01207729468599,5.166398282340311,2.4490069779924855,8.05823939881911,1.6103059581320451,0.48980139559849706
93,18.612453032742888,23.544015029522274,32.07192699946323,8.071658615136876,5.166398282340311,2.4490069779924855,8.017981749865807,1.5767579173376274,0.48980139559849706
94,18.739935587761675,23.544015029522274,31.99812130971551,8.05823939881911,5.139559849704777,2.4355877616747184,8.017981749865807,1.5767579173376274,0.48980139559849706
95,18.679549114331724,23.67149758454106,31.964573268921097,8.038110574342458,5.166398282340311,2.428878153515835,7.98443370907139,1.5767579173376274,0.48980139559849706
96,18.813741277509394,23.67149758454106,31.884057971014492,8.038110574342458,5.159688674181428,2.475845410628019,7.890499194847021,1.5767579173376274,0.48980139559849706
97,18.61916264090177,23.429951690821255,29.830917874396135,7.729468599033816,5.159688674181428,3.0193236714975846,10.426731078904991,1.2949543746645196,0.48980139559849706
98,18.88083735909823,23.34272678475577,29.51556629092861,7.6556629092860975,5.159688674181428,3.0193236714975846,10.399892646269459,1.5365002683843263,0.48980139559849706
99,17.68652710681696,21.886741814278047,32.57514761137949,7.635534084809447,4.696725711218465,3.4621578099838968,10.057702630166398,1.5096618357487923,0.48980139559849706
100,17.847557702630166,21.833064949006978,32.52818035426731,7.635534084809447,4.669887278582931,3.44873859366613,10.037573805689748,1.5096618357487923,0.48980139559849706
101,17.92807300053677,21.752549651100377,32.1256038647343,7.809983896940419,4.656468062265164,3.7104133118625873,10.017444981213098,1.5096618357487923,0.48980139559849706
102,14.97584541062802,32.950885668276975,25.764895330112722,7.682501341921632,3.1333870101986045,3.5628019323671496,10.037573805689748,1.402308105206656,0.48980139559849706
103,15.056360708534621,32.6154052603328,25.55689747718733,7.682501341921632,3.6231884057971016,3.5426731078904994,10.030864197530864,1.402308105206656,0.48980139559849706
104,15.163714439076758,32.306763285024154,25.067096081588836,7.608695652173913,3.455448201825013,3.5426731078904994,10.963499731615673,1.402308105206656,0.48980139559849706
105,14.969135802469136,32.1658615136876,25.207997852925388,7.581857219538379,3.44873859366613,3.5426731078904994,10.923242082662373,1.6706924315619969,0.48980139559849706
106,15.203972088030058,32.058507783145465,25.174449812130973,7.575147611379496,3.44873859366613,3.5426731078904994,10.836017176596886,1.6706924315619969,0.48980139559849706
107,14.251207729468598,30.709876543209877,25.704508856682768,7.300053676865271,3.629898013955985,3.3279656468062266,12.929414922168545,1.6706924315619969,0.47638217928073
108,14.378690284487385,30.683038110574344,25.47638217928073,7.300053676865271,3.629898013955985,3.3279656468062266,13.056897477187333,1.6706924315619969,0.47638217928073
109,13.130703166935051,28.609769189479334,31.769994632313473,6.595544820182502,2.0665593129361244,2.26784755770263,13.90901771336554,1.3352120236178207,0.3153515834675255
110,13.33870101986044,28.488996242619432,29.66988727858293,8.628556092324208,2.059849704777241,2.26784755770263,13.895598497047773,1.3352120236178207,0.3153515834675255
111,13.439345142243694,28.408480944712828,29.56924315619968,8.756038647342995,2.059849704777241,2.2410091250670963,13.875469672571121,1.3352120236178207,0.3153515834675255
112,13.050187869028449,25.328770799785293,33.400429414922165,8.756038647342995,2.059849704777241,1.9994632313472893,13.754696725711218,1.3352120236178207,0.3153515834675255
113,13.22463768115942,25.234836285560924,33.293075684380035,8.84326355340848,2.059849704777241,1.9390767579173376,13.754696725711218,1.3352120236178207,0.3153515834675255
114,13.39237788513151,25.10064412238325,33.2259796027912,9.004294149221685,2.059849704777241,1.9390767579173376,13.533279656468062,1.3352120236178207,0.4092860976918948
115,13.439345142243694,24.691358024691358,31.233225979602793,9.5276435856146,2.059849704777241,1.9390767579173376,15.458937198067632,1.2412775093934514,0.4092860976918948
116,13.633923778851315,24.711486849168008,31.19296833064949,9.5276435856146,2.0531400966183573,1.9390767579173376,15.304616210413311,1.2278582930756843,0.4092860976918948
117,13.6808910359635,24.684648416532475,30.88432635534085,9.494095544820183,2.0531400966183573,2.281266774020397,15.304616210413311,1.2077294685990339,0.4092860976918948
118,13.848631239935587,24.630971551261407,30.64278046162104,9.29951690821256,2.0397208803005906,2.771068169618894,15.190552871712292,1.1943102522812667,0.3824476650563607
119,13.88888888888889,24.590713902308106,30.54884594739667,9.29951690821256,2.1739130434782608,2.771068169618894,15.177133655394526,1.1674718196457328,0.3824476650563607
120,13.345410628019323,24.382716049382715,27.469135802469136,7.568438003220612,2.0665593129361244,2.2611379495437465,21.390230810520666,1.133923778851315,0.3824476650563607
121,13.580246913580247,24.36929683306495,27.34836285560923,7.675791733762749,2.0665593129361244,2.2410091250670963,21.22249060654858,1.1137949543746646,0.3824476650563607
122,13.821792807300053,24.174718196457327,27.2812667740204,7.64224369296833,2.0531400966183573,2.3483628556092326,21.195652173913043,1.1003757380568975,0.3824476650563607
123,14.049919484702093,23.68491680085883,27.24771873322598,7.561728395061729,2.046430488459474,2.7442297369833604,21.182232957595275,1.1003757380568975,0.3824476650563607
124,13.56682769726248,22.973698336017176,27.140365002683843,7.521470746108427,1.6841116478797638,2.5026838432635534,23.1280193236715,1.1003757380568975,0.3824476650563607
125,13.674181427804616,22.7187332259796,27.093397745571657,7.581857219538379,1.6841116478797638,2.677133655394525,23.087761674718198,1.1003757380568975,0.3824476650563607
126,13.79495437466452,22.61808910359635,28.395061728395063,6.535158346752549,1.6841116478797638,2.4154589371980677,23.07434245840043,1.1003757380568975,0.3824476650563607
127,14.002952227589908,22.376543209876544,28.327965646806227,5.8172302737520125,2.636876006441224,2.3752012882447664,22.98040794417606,1.1003757380568975,0.3824476650563607
128,14.278046162104133,22.376543209876544,28.23403113258186,5.978260869565218,2.341653247450349,2.3752012882447664,22.953569511540525,1.0802469135802468,0.3824476650563607
129,14.251207729468598,22.289318303811058,28.502415458937197,5.938003220611916,2.2946859903381642,2.368491680085883,22.893183038110575,1.0802469135802468,0.3824476650563607
130,14.264626945786366,22.228931830381107,26.38888888888889,8.199141170155663,2.254428341384863,2.368491680085883,22.832796564680624,1.0802469135802468,0.3824476650563607
131,14.15727321524423,20.67230273752013,26.214439076757916,8.152173913043478,2.254428341384863,2.522812667740204,24.56387546967257,1.0802469135802468,0.3824476650563607
132,14.36527106816962,20.343531937734838,25.979602791196996,8.145464304884594,2.254428341384863,2.522812667740204,24.859098228663445,1.1473429951690821,0.3824476650563607
133,14.479334406870638,20.343531937734838,25.89908749329039,8.246108427267847,2.2342995169082127,2.5026838432635534,24.778582930756844,1.133923778851315,0.3824476650563607
134,14.566559312936125,20.30998389694042,25.87224906065486,8.246108427267847,2.2745571658615136,2.4691358024691357,24.745034889962426,1.133923778851315,0.3824476650563607
135,14.720880300590446,20.303274288781534,25.81857219538379,8.185721953837897,2.2745571658615136,2.4691358024691357,24.711486849168008,1.133923778851315,0.3824476650563607
136,14.935587761674718,20.276435856146,25.717928073000536,8.185721953837897,2.2745571658615136,2.4691358024691357,24.62426194310252,1.133923778851315,0.3824476650563607
137,15.069779924852389,20.276435856146,25.717928073000536,8.152173913043478,2.2745571658615136,2.4691358024691357,24.590713902308106,1.06682769726248,0.3824476650563607
138,15.177133655394526,20.249597423510465,25.670960815888353,8.152173913043478,2.2745571658615136,2.442297369833602,24.476650563607084,1.06682769726248,0.48980139559849706
139,15.324745034889963,20.169082125603865,25.603864734299517,8.132045088566828,2.3617820719269993,2.442297369833602,24.40955448201825,1.06682769726248,0.48980139559849706
140,15.519323671497585,20.12211486849168,25.489801395598498,8.09849704777241,2.3617820719269993,2.442297369833602,24.40955448201825,1.06682769726248,0.48980139559849706
141,15.780998389694043,20.075147611379496,25.44283413848631,8.05823939881911,2.3617820719269993,2.4221685453569513,24.36929683306495,0.9997316156736447,0.48980139559849706
142,15.807836822329575,19.981213097155127,25.637412775093935,8.05823939881911,2.3617820719269993,2.4221685453569513,24.241814278046164,0.9997316156736447,0.48980139559849706
143,16.17686527106817,19.920826623725173,25.53676865271068,8.031400966183575,2.3483628556092326,2.4221685453569513,24.10762211486849,0.9863123993558777,0.46967257112184646
144,16.358024691358025,19.880568974771872,25.523349436392916,7.890499194847021,2.3483628556092326,2.3886205045625335,24.060654857756308,0.9863123993558777,0.5636070853462157
145,16.358024691358025,18.86070853462158,25.45625335480408,7.883789586688137,2.314814814814815,3.515834675254965,23.758722490606548,0.9863123993558777,0.8655394524959742
146,16.59957058507783,18.733225979602793,25.39586688137413,7.883789586688137,2.314814814814815,3.5628019323671496,23.658078368223297,0.9863123993558777,0.8655394524959742
147,16.72705314009662,18.69296833064949,25.369028448738593,7.883789586688137,3.2474503488996245,3.5628019323671496,22.665056360708533,0.9863123993558777,0.8655394524959742
148,16.834406870638755,18.69296833064949,25.335480407944175,7.863660762211487,3.4621578099838968,3.3548040794417604,22.604669887278583,0.9863123993558777,0.8655394524959742
149,16.358024691358025,16.659957058507782,23.47691894793344,9.460547504025765,3.5426731078904994,3.0730005367686526,25.577026301663984,0.9863123993558777,0.8655394524959742
150,16.505636070853463,16.61969940955448,23.389694041867955,9.447128287707997,3.643317230273752,2.9723564143853998,25.5703166935051,0.9863123993558777,0.8655394524959742
151,16.774020397208805,16.545893719806763,23.32259796027912,9.440418679549115,3.7372517444981215,3.052871712292002,25.167740203972087,0.9863123993558777,0.9728931830381106
152,16.80756843800322,16.09634997316157,23.275630703166936,10.695115405260333,3.2742887815351582,2.9589371980676327,24.88593666129898,0.9863123993558777,1.0198604401502953
153,16.888083735909824,15.646806226516372,23.235373054213635,10.648148148148149,3.2742887815351582,3.475577026301664,24.825550187869027,0.9863123993558777,1.0198604401502953
154,16.901502952227588,15.646806226516372,23.09447128287708,10.648148148148149,3.166935050993022,3.683574879227053,24.805421363392377,1.0332796564680622,1.0198604401502953
155,16.109769189479334,13.694310252281268,31.280193236714975,9.01100375738057,2.4892646269457863,2.522812667740204,23.13472893183038,0.8319914117015567,0.9259259259259259
156,16.14331723027375,13.774825550187868,31.280193236714975,9.01100375738057,2.4892646269457863,2.509393451422437,23.040794417606012,0.8252818035426731,0.9259259259259259
157,16.210413311862588,13.714439076757918,31.468062265163713,8.970746108427267,2.4892646269457863,2.509393451422437,22.799248523886206,0.9594739667203436,0.8789586688137413
158,16.485507246376812,13.674181427804616,31.44122383252818,8.78287707997853,2.4892646269457863,2.6972624798711755,22.591250670960815,0.9594739667203436,0.8789586688137413
159,16.6532474503489,13.513150831991412,31.387546967257112,8.849973161567364,2.623456790123457,2.6167471819645733,22.571121846484164,0.9057971014492754,0.8789586688137413
160,16.740472356414386,13.513150831991412,31.159420289855074,8.849973161567364,2.6167471819645733,2.6033279656468062,22.571121846484164,1.06682769726248,0.8789586688137413
161,16.955179817498657,13.47289318303811,30.837359098228664,8.84326355340848,2.7442297369833604,2.589908749329039,22.611379495437465,1.06682769726248,0.8789586688137413
162,16.74718196457327,13.446054750402576,30.770263016639827,8.709071390230811,2.7241009125067097,2.9119699409554483,22.450348899624263,1.3620504562533549,0.8789586688137413
163,16.774020397208805,12.902576489533011,30.689747718733226,8.507783145464305,2.717391304347826,3.616478797638218,22.36983360171766,1.6237251744498122,0.798443370907139
164,16.867954911433173,12.895866881374127,30.64278046162104,8.507783145464305,2.717391304347826,3.6097691894793345,22.33628556092324,1.6237251744498122,0.798443370907139
165,16.99543746645196,12.761674718196458,30.535426731078903,8.776167471819646,2.6637144390767578,3.6097691894793345,22.23564143853999,1.6237251744498122,0.798443370907139
166,17.156468062265162,12.513419216317766,30.287171229200215,8.76274825550188,2.85829307568438,3.8311862587224907,22.188674181427803,1.6035963499731616,0.798443370907139
167,17.2638217928073,12.506709608158884,30.18652710681696,8.76274825550188,2.85829307568438,3.8311862587224907,22.188674181427803,1.6035963499731616,0.798443370907139
168,17.183306494900698,12.4597423510467,30.16639828234031,8.709071390230811,2.8515834675254963,3.8311862587224907,22.396672034353195,1.6035963499731616,0.798443370907139
169,17.317498658078367,12.392646269457863,30.16639828234031,8.695652173913043,3.1870638754696725,3.8177670424047236,22.0276435856146,1.6035963499731616,0.7917337627482555
170,17.10950080515298,11.466720343531938,29.71014492753623,9.03113258185722,3.3480944712828773,5.032206119162641,21.994095544820183,1.5163714439076759,0.7917337627482555
171,17.20343531937735,11.43317230273752,29.60950080515298,9.017713365539452,3.321256038647343,5.146269457863661,21.960547504025765,1.5163714439076759,0.7917337627482555
172,17.465110037573805,11.43317230273752,29.522275899087493,8.675523349436393,3.616478797638218,5.059044551798175,21.920289855072465,1.5163714439076759,0.7917337627482555
173,17.579173376274827,11.41304347826087,29.200214707461082,8.675523349436393,3.589640365002684,5.032206119162641,21.87332259796028,1.8451422436929683,0.7917337627482555
174,17.934782608695652,11.406333870101985,29.09286097691895,8.608427267847558,3.589640365002684,4.904723564143854,21.79951690821256,1.8786902844873858,0.785024154589372
175,18.06226516371444,11.386205045625335,28.69699409554482,8.628556092324208,3.589640365002684,4.723564143853999,21.866612989801396,2.2611379495437465,0.785024154589372
176,18.33064949006978,11.386205045625335,28.690284487385938,8.601717659688674,3.589640365002684,4.723564143853999,21.631776704240472,2.2611379495437465,0.785024154589372
177,18.45813204508857,11.352657004830919,27.63016639828234,8.57487922705314,3.589640365002684,4.723564143853999,21.564680622651636,3.321256038647343,0.785024154589372
178,18.625872249060656,11.312399355877616,27.529522275899087,8.57487922705314,3.589640365002684,4.723564143853999,21.537842190016104,3.321256038647343,0.785024154589372
179,18.80703166935051,11.305689747718732,27.47584541062802,8.447396672034353,3.589640365002684,4.7168545356951155,21.504294149221685,3.3682232957595275,0.785024154589372
180,19.07541599570585,11.245303274288782,27.4422973698336,8.433977455716587,3.589640365002684,5.025496511003757,21.175523349436393,3.260869565217391,0.7514761137949544
181,19.07541599570585,11.33923778851315,27.200751476113794,8.668813741277509,3.4286097691894795,5.0858829844337095,21.07487922705314,3.374932903918411,0.7514761137949544
182,19.32367149758454,11.252012882447666,27.079978529253893,8.662104133118627,3.421900161030596,5.0858829844337095,21.048040794417606,3.374932903918411,0.7514761137949544
183,19.49812130971551,11.218464841653248,26.992753623188406,8.662104133118627,3.421900161030596,5.0858829844337095,20.994363929146537,3.374932903918411,0.7514761137949544
184,19.51825013419216,11.20504562533548,26.918947933440688,8.809715512614064,3.556092324208266,5.199946323134729,20.739398819108963,3.374932903918411,0.6776704240472357
185,19.672571121846484,11.11111111111111,26.898819108964037,8.749329039184111,3.556092324208266,5.199946323134729,20.69243156199678,3.3682232957595275,0.7514761137949544
186,19.082125603864736,10.909822866344605,27.428878153515836,9.192163177670425,3.488996242619431,5.0993022007514766,20.679012345679013,3.3682232957595275,0.7514761137949544
187,19.404186795491142,10.909822866344605,27.20746108427268,9.192163177670425,3.488996242619431,5.193236714975845,20.48443370907139,3.3682232957595275,0.7514761137949544
188,19.37734836285561,10.889694041867955,26.99946323134729,9.373322597960279,3.851315083199141,5.159688674181428,20.229468599033815,3.3682232957595275,0.7514761137949544
189,19.444444444444443,10.695115405260333,26.7914653784219,9.339774557165862,3.851315083199141,5.387815351583468,20.128824476650564,3.6097691894793345,0.7514761137949544
190,19.746376811594203,10.674986580783683,26.637144390767578,8.420558239398819,3.8177670424047236,5.340848094471283,21.128556092324207,3.556092324208266,0.6776704240472357
191,19.706119162640903,10.621309715512615,26.86527106816962,8.36688137412775,3.81105743424584,5.293880837359098,21.101717659688674,3.556092324208266,0.6776704240472357
192,20.075147611379496,10.59447128287708,26.710950080515296,8.3467525496511,3.7909286097691894,5.293880837359098,20.954106280193237,3.556092324208266,0.6776704240472357
193,19.726247987117553,9.903381642512077,26.268115942028984,6.6760601180891035,3.5292538915727323,4.690016103059581,24.4699409554482,4.05931293612453,0.6776704240472357
194,20.034889962426195,9.903381642512077,25.999731615673646,6.635802469135802,3.5292538915727323,4.690016103059581,24.50348899624262,4.025764895330113,0.6776704240472357
195,20.068438003220614,9.903381642512077,25.966183574879228,6.635802469135802,3.5292538915727323,4.690016103059581,24.50348899624262,4.025764895330113,0.6776704240472357
196,19.981213097155127,9.849704777241008,25.758185721953836,6.528448738593666,3.730542136339238,4.5960815888352125,24.97987117552335,3.898282340311326,0.6776704240472357
197,20.155662909286097,9.77589908749329,25.43612453032743,6.528448738593666,3.7640901771336552,4.904723564143854,24.89935587761675,3.8848631239935587,0.6508319914117016
198,20.128824476650564,9.742351046698873,25.0402576489533,7.360440150295223,3.9452495974235107,5.065754159957058,24.65780998389694,3.408480944712829,0.6508319914117016
199,20.135534084809446,9.742351046698873,24.738325281803544,7.675791733762749,4.294149221685454,5.018786902844874,24.342458400429415,3.408480944712829,0.644122383252818
200,20.276435856146,9.728931830381105,24.698067632850243,7.675791733762749,4.260601180891036,5.018786902844874,24.308910359634996,3.388352120236178,0.644122383252818
201,20.511272141706925,9.71551261406334,24.315619967793882,7.675791733762749,4.247181964573269,5.253623188405797,24.295491143317232,3.3413848631239937,0.644122383252818
202,20.67230273752013,9.688674181427805,24.241814278046164,7.628824476650563,4.361245303274289,5.246913580246914,24.174718196457327,3.3413848631239937,0.644122383252818
203,20.779656468062264,9.648416532474503,24.22168545356951,7.333601717659689,4.683306494900698,5.22007514761138,24.12775093934514,3.3413848631239937,0.644122383252818
204,20.739398819108963,9.561191626409018,24.235104669887278,7.333601717659689,4.683306494900698,5.401234567901234,24.060654857756308,3.3413848631239937,0.644122383252818
205,20.98094471282877,9.554482018250134,24.10091250670961,7.434245840042942,4.663177670424047,5.394524959742351,23.946591519055286,3.280998389694042,0.644122383252818
206,21.108427267847556,9.520933977455716,24.00697799248524,7.434245840042942,4.690016103059581,5.428073000536768,23.926462694578635,3.240740740740741,0.644122383252818
207,21.121846484165324,9.494095544820183,23.993558776167472,7.628824476650563,4.643048845947397,5.287171229200215,23.66478797638218,3.5225442834138487,0.644122383252818
208,21.235909822866343,9.494095544820183,23.919753086419753,7.628824476650563,4.643048845947397,5.287171229200215,23.62453032742888,3.5225442834138487,0.644122383252818
209,21.316425120772948,9.41358024691358,23.906333870101985,7.608695652173913,4.528985507246377,5.394524959742351,23.57085346215781,3.6366076221148687,0.6239935587761675
210,21.430488459473967,9.400161030595813,23.65136876006441,7.575147611379496,4.522275899087493,5.938003220611916,23.26892109500805,3.589640365002684,0.6239935587761675
211,21.584809447128286,9.400161030595813,23.58427267847558,7.930756843800322,4.361245303274289,5.884326355340848,23.141438539989263,3.589640365002684,0.5233494363929146
212,21.69887278582931,9.359903381642512,23.577563070316693,7.924047235641439,4.428341384863124,5.884326355340848,23.013955984970476,3.589640365002684,0.5233494363929146
213,21.77938808373591,9.339774557165862,23.396403650026837,7.9106280193236715,4.428341384863124,6.031937734836285,23.00053676865271,3.589640365002684,0.5233494363929146
214,21.833064949006978,9.312936124530328,23.396403650026837,7.897208803005904,4.361245303274289,6.146001073537305,22.993827160493826,3.5762211486849167,0.4830917874396135
215,21.91358024691358,9.306226516371444,23.2487922705314,7.85024154589372,4.3545356951154055,6.1862587224906065,22.940150295222757,3.717122920021471,0.4830917874396135
216,22.074610842726784,9.272678475577026,23.15485775630703,8.299785292538916,4.341116478797638,6.1862587224906065,22.470477724100913,3.717122920021471,0.4830917874396135
217,22.282608695652176,9.225711218464841,22.987117552334944,8.279656468062266,4.609500805152979,6.1862587224906065,22.228931830381107,3.717122920021471,0.4830917874396135
218,22.48389694041868,9.225711218464841,22.899892646269457,8.266237251744498,4.757112184648417,6.132581857219538,22.10144927536232,3.656736446591519,0.47638217928073
219,22.725442834138487,9.192163177670425,22.497316156736446,8.507783145464305,4.757112184648417,6.286902844873859,21.900161030595815,3.656736446591519,0.47638217928073
220,22.79253891572732,9.192163177670425,22.497316156736446,8.507783145464305,4.757112184648417,6.273483628556092,21.846484165324746,3.656736446591519,0.47638217928073
221,22.98040794417606,9.178743961352657,22.356414385399894,8.494363929146537,4.690016103059581,6.260064412238325,21.73913043478261,3.824476650563607,0.47638217928073
222,23.00053676865271,9.178743961352657,22.094739667203434,8.494363929146537,4.690016103059581,6.736446591519055,21.584809447128286,3.784219001610306,0.43612453032742887
223,23.03408480944713,9.111647879763822,22.020933977455716,8.447396672034353,4.817498658078368,6.78341384863124,21.410359634997317,3.938539989264627,0.43612453032742887
224,23.060923242082662,9.017713365539452,22.000805152979066,8.702361782071927,4.723564143853999,6.78341384863124,21.39694041867955,3.878153515834675,0.43612453032742887
225,23.15485775630703,8.950617283950617,21.87332259796028,8.702361782071927,4.7168545356951155,6.890767579173376,21.39694041867955,3.878153515834675,0.43612453032742887
226,23.349436392914654,8.950617283950617,21.846484165324746,8.641975308641975,4.683306494900698,6.884057971014493,21.22249060654858,3.8714439076757916,0.5501878690284487
227,23.329307568438004,8.809715512614064,21.833064949006978,8.641975308641975,4.683306494900698,7.078636607622115,21.202361782071925,3.8714439076757916,0.5501878690284487
228,23.49033816425121,8.789586688137414,21.69887278582931,8.628556092324208,4.669887278582931,7.226247987117552,21.175523349436393,3.770799785292539,0.5501878690284487
229,23.66478797638218,8.729200214707461,21.443907675791735,8.507783145464305,4.669887278582931,7.212828770799785,21.464036500268385,3.7573805689747717,0.5501878690284487
230,23.711755233494365,8.695652173913043,21.423778851315085,8.53462157809984,4.669887278582931,7.199409554482019,21.464036500268385,3.750670960815888,0.5501878690284487
231,23.59098228663446,8.514492753623188,21.658615136876005,8.53462157809984,4.830917874396135,7.179280730005368,21.390230810520666,3.750670960815888,0.5501878690284487
232,23.369565217391305,8.78287707997853,21.638486312399355,8.53462157809984,4.830917874396135,7.1725711218464845,21.38352120236178,3.7372517444981215,0.5501878690284487
233,23.336017176596886,8.769457863660762,21.4573268921095,8.749329039184111,5.173107890499195,6.971282877079979,21.30300590445518,3.6902844873859366,0.5501878690284487
234,23.47691894793344,8.756038647342995,21.4573268921095,8.715780998389693,5.166398282340311,7.078636607622115,21.128556092324207,3.670155662909286,0.5501878690284487
235,23.61111111111111,8.749329039184111,21.4573268921095,8.648684916800859,5.159688674181428,7.078636607622115,21.095008051529792,3.6500268384326353,0.5501878690284487
236,23.785560923242084,8.709071390230811,21.32313472893183,8.61513687600644,5.159688674181428,7.206119162640902,21.081588835212024,3.569511540526033,0.5501878690284487
237,23.89291465378422,8.709071390230811,21.276167471819647,8.588298443370908,5.152979066022544,7.206119162640902,21.068169618894256,3.556092324208266,0.5501878690284487
238,23.97342995169082,8.709071390230811,21.24932903918411,8.876811594202898,5.146269457863661,7.0450885668276975,20.893719806763286,3.556092324208266,0.5501878690284487
239,24.12104133118626,8.68894256575416,21.22249060654858,9.084809447128288,4.99194847020934,7.051798174986581,20.74610842726785,3.5426731078904994,0.5501878690284487
240,24.08078368223296,8.682232957595277,21.20907139023081,9.01100375738057,5.273752012882448,7.0450885668276975,20.632045088566827,3.515834675254965,0.5501878690284487
241,24.268652710681696,8.61513687600644,20.98094471282877,9.01100375738057,5.267042404723564,7.0450885668276975,20.571658615136876,3.6902844873859366,0.5501878690284487
242,24.22168545356951,8.776167471819646,20.96081588835212,8.977455716586151,5.267042404723564,6.998121309715513,20.558239398819108,3.6902844873859366,0.5501878690284487
