,45,50,53,54,55,51,56,52,57,58,59,61,60,46
0,83.36017176596887,16.639828234031132,,,,,,,,,,,,
1,81.66935050993023,17.579173376274827,0.7514761137949544,,,,,,,,,,,
2,76.96591519055288,22.10144927536232,0.7514761137949544,0.14761137949543746,0.03354804079441761,,,,,,,,,
3,74.60413311862587,24.44981213097155,0.7514761137949544,0.14761137949543746,0.04696725711218465,,,,,,,,,
4,73.97342995169082,24.953032742887814,0.7380568974771873,0.14761137949543746,0.1878690284487386,,,,,,,,,
5,72.7589908749329,26.140633387010197,0.7380568974771873,0.14761137949543746,0.2147074610842727,,,,,,,,,
6,70.51798174986581,26.952495974235106,0.7380568974771873,0.14761137949543746,0.24154589371980675,1.402308105206656,,,,,,,,
7,68.59903381642512,25.72463768115942,0.7380568974771873,0.14761137949543746,0.2549651100375738,4.522275899087493,0.013419216317767043,,,,,,,
8,65.73403113258186,28.576221148684915,0.7380568974771873,0.14761137949543746,0.2549651100375738,4.53569511540526,0.013419216317767043,,,,,,,
9,65.70048309178743,28.529253891572733,0.7380568974771873,0.2281266774020397,0.2549651100375738,4.508856682769726,0.040257648953301126,,,,,,,
10,65.44551798174986,28.73725174449812,0.7380568974771873,0.2281266774020397,0.2616747181964573,4.549114331723027,0.040257648953301126,,,,,,,
11,65.30461621041331,28.73725174449812,0.7380568974771873,0.2281266774020397,0.4025764895330113,4.549114331723027,0.040257648953301126,,,,,,,
12,65.25764895330113,28.784219001610307,0.7380568974771873,0.2281266774020397,0.4025764895330113,4.549114331723027,0.040257648953301126,,,,,,,
13,65.06977992485238,28.972088030059044,0.7380568974771873,0.2281266774020397,0.4025764895330113,4.549114331723027,0.040257648953301126,,,,,,,
14,62.245034889962426,31.00509930220075,0.7380568974771873,0.2281266774020397,0.36902844873859364,5.287171229200215,0.1274825550187869,,,,,,,
15,61.64787976382179,31.253354804079443,0.7380568974771873,0.2616747181964573,0.36231884057971014,5.287171229200215,0.1274825550187869,0.322061191626409,,,,,,
16,61.621041331186255,31.280193236714975,0.7514761137949544,0.2616747181964573,0.3488996242619431,5.287171229200215,0.1274825550187869,0.322061191626409,,,,,,
17,60.94337090713902,31.884057971014492,0.7514761137949544,0.2616747181964573,0.4227053140096618,5.287171229200215,0.1274825550187869,0.322061191626409,,,,,,
18,52.29468599033817,37.52012882447665,0.7514761137949544,0.5367686527106817,0.4092860976918948,8.017981749865807,0.14761137949543746,0.322061191626409,,,,,,
19,50.91250670960816,39.090177133655395,0.7514761137949544,0.4562533548040794,0.4227053140096618,8.185721953837897,0.14761137949543746,0.03354804079441761,,,,,,
20,50.691089640365,39.22436929683307,0.7514761137949544,0.4562533548040794,0.5099302200751477,8.185721953837897,0.14761137949543746,0.03354804079441761,,,,,,
21,50.50322061191626,39.32501341921632,0.7514761137949544,0.4562533548040794,0.5837359098228664,8.185721953837897,0.14761137949543746,0.04696725711218465,,,,,,
22,49.4699409554482,40.203972088030056,0.7514761137949544,0.4562533548040794,0.7716049382716049,8.172302737520129,0.14761137949543746,0.026838432635534086,,,,,,
23,47.79253891572732,42.49194847020934,0.7514761137949544,0.4562533548040794,0.8454106280193237,7.575147611379496,0.06038647342995169,0.026838432635534086,,,,,,
24,47.53086419753087,41.639828234031135,0.7514761137949544,0.4562533548040794,0.8454106280193237,7.541599570585078,0.06038647342995169,1.1741814278046163,,,,,,
25,44.867149758454104,43.16961889425657,0.7514761137949544,1.2278582930756843,0.8588298443370908,7.27992485238862,0.322061191626409,1.5230810520665594,,,,,,
26,44.10896403650027,43.73993558776167,0.7917337627482555,1.4761137949543746,0.9057971014492754,7.132313472893183,0.322061191626409,1.5230810520665594,,,,,,
27,43.86741814278046,43.81374127750939,0.8454106280193237,1.4090177133655395,1.0534084809447128,7.112184648416532,0.322061191626409,1.5767579173376274,,,,,,
28,43.47826086956522,44.00831991411702,0.9393451422436929,1.4090177133655395,1.3419216317767042,6.9243156199677935,0.322061191626409,1.5767579173376274,,,,,,
29,43.323939881910896,43.4447128287708,1.9390767579173376,1.4090177133655395,1.3754696725711217,6.582125603864735,0.322061191626409,1.6035963499731616,,,,,,
30,43.323939881910896,43.39103596349973,1.9390767579173376,1.4090177133655395,1.4358561460010735,6.575415995705851,0.322061191626409,1.6035963499731616,,,,,,
31,43.06897477187332,43.042136339237786,2.4557165861513686,1.4090177133655395,1.5297906602254427,6.568706387546968,0.322061191626409,1.6035963499731616,,,,,,
32,41.74718196457327,44.155931293612454,2.4557165861513686,1.442565754159957,1.7310789049919484,6.541867954911433,0.322061191626409,1.6035963499731616,,,,,,
33,40.385131508319915,45.511272141706925,2.4557165861513686,1.4626945786366077,1.7176596886741815,6.515029522275899,0.3488996242619431,1.6035963499731616,,,,,,
34,40.00939345142244,45.17579173376275,2.7979066022544283,1.4626945786366077,1.751207729468599,6.850509930220075,0.3488996242619431,1.6035963499731616,,,,,,
35,39.95571658615137,45.04830917874396,2.7979066022544283,1.5633387010198605,1.8115942028985508,6.870638754696726,0.3488996242619431,1.6035963499731616,,,,,,
36,39.94900697799248,44.83360171765969,2.7979066022544283,1.5633387010198605,1.7914653784219001,7.112184648416532,0.3488996242619431,1.6035963499731616,,,,,,
37,28.30112721417069,56.97128287707998,2.757648953301127,1.5633387010198605,1.6438539989264627,6.78341384863124,0.3824476650563607,1.5633387010198605,0.03354804079441761,,,,,
38,28.207192699946322,56.76999463231347,2.757648953301127,1.5633387010198605,1.9927536231884058,6.729736983360172,0.3824476650563607,1.5297906602254427,0.06709608158883522,,,,,
39,27.70397208803006,56.83038110574343,3.643317230273752,1.4626945786366077,1.9726247987117553,6.4345142243692965,0.3824476650563607,1.5029522275899088,0.06709608158883522,,,,,
40,23.336017176596886,60.037573805689746,3.603059581320451,1.6706924315619969,2.2208803005904456,7.018250134192163,0.5099302200751477,1.5297906602254427,0.06709608158883522,0.0067096081588835215,,,,
41,22.81266774020397,57.038378958668815,3.589640365002684,0.9393451422436929,1.583467525496511,12.258454106280194,0.17444981213097155,1.5297906602254427,0.06709608158883522,0.0067096081588835215,,,,
42,22.71202361782072,53.596349973161566,3.589640365002684,3.2474503488996245,1.7914653784219001,13.285024154589372,0.17444981213097155,1.5297906602254427,0.06709608158883522,0.0067096081588835215,,,,
43,20.893719806763286,54.67659688674181,3.5091250670960816,3.1065485775630703,1.8250134192163177,14.184111647879764,0.17444981213097155,1.5163714439076759,0.06709608158883522,0.04696725711218465,,,,
44,20.893719806763286,54.64975845410628,3.5091250670960816,3.1065485775630703,1.8518518518518519,13.915727321524423,0.17444981213097155,1.7847557702630166,0.06709608158883522,0.04696725711218465,,,,
45,20.719269994632313,54.166666666666664,3.5091250670960816,3.1065485775630703,2.046430488459474,12.969672571121846,0.20799785292538917,3.1602254428341383,0.06709608158883522,0.04696725711218465,,,,
46,20.719269994632313,53.777509393451425,3.6634460547504024,3.1065485775630703,2.1604938271604937,12.942834138486312,0.18115942028985507,3.33467525496511,0.06709608158883522,0.04696725711218465,,,,
47,20.571658615136876,53.22061191626409,3.6634460547504024,3.0931293612453032,2.6033279656468062,12.942834138486312,0.18115942028985507,3.6097691894793345,0.06709608158883522,0.04696725711218465,,,,
48,17.21014492753623,49.52361782071927,3.6634460547504024,3.052871712292002,2.428878153515835,21.115136876006442,0.23483628556092323,2.690552871712292,0.03354804079441761,0.04696725711218465,,,,
49,17.270531400966185,49.41626409017714,4.723564143853999,3.052871712292002,2.4557165861513686,20.101986044015028,0.24154589371980675,2.657004830917874,0.03354804079441761,0.04696725711218465,,,,
50,16.411701556629094,48.88620504562534,4.696725711218465,3.052871712292002,2.563070316693505,21.410359634997317,0.24154589371980675,2.657004830917874,0.03354804079441761,0.04696725711218465,,,,
51,16.411701556629094,48.83923778851315,4.703435319377348,3.046162104133119,2.737520128824477,21.24261943102523,0.28180354267310787,2.657004830917874,0.03354804079441761,0.04696725711218465,,,,
52,15.901771336553946,50.80515297906602,4.703435319377348,3.1333870101986045,2.7442297369833604,18.471551261406333,1.2815351583467525,2.589908749329039,0.322061191626409,0.04696725711218465,,,,
53,15.888352120236178,50.5703166935051,4.7168545356951155,3.1333870101986045,2.8113258185721954,18.45813204508857,1.2815351583467525,2.771068169618894,0.322061191626409,0.04696725711218465,,,,
54,15.814546430488459,50.18115942028985,5.119431025228127,3.1333870101986045,2.871712292002147,18.4447128287708,1.3083735909822867,2.757648953301127,0.322061191626409,0.04696725711218465,,,,
55,15.197262479871176,49.986580783682236,5.119431025228127,3.1333870101986045,2.871712292002147,19.28341384863124,1.2681159420289856,2.757648953301127,0.33548040794417605,0.04696725711218465,,,,
56,15.197262479871176,49.73161567364466,5.112721417069243,3.1535158346752548,3.280998389694042,19.196188942565755,1.1876006441223832,2.757648953301127,0.33548040794417605,0.04696725711218465,,,,
57,15.197262479871176,49.32903918411165,5.0858829844337095,3.9720880300590444,3.1333870101986045,19.16935050993022,1.1943102522812667,2.7241009125067097,0.12077294685990338,0.07380568974771873,,,,
58,15.177133655394526,48.8996242619431,4.696725711218465,4.119699409554482,3.1065485775630703,19.766505636070853,1.288244766505636,2.7241009125067097,0.14761137949543746,0.07380568974771873,,,,
59,15.170424047235642,48.23537305421363,4.696725711218465,4.106280193236715,3.1199677938808374,19.766505636070853,1.288244766505636,3.3682232957595275,0.17444981213097155,0.07380568974771873,,,,
60,13.58695652173913,49.63768115942029,4.750402576489533,4.106280193236715,3.2206119162640903,19.77992485238862,1.288244766505636,3.3682232957595275,0.1878690284487386,0.07380568974771873,,,,
61,12.654320987654321,50.83870101986044,4.636339237788513,4.106280193236715,2.999194847020934,20.04830917874396,1.9592055823939882,2.5161030595813205,0.16774020397208803,0.07380568974771873,,,,
62,12.412775093934513,43.47155126140633,2.1739130434782608,4.072732152442297,7.1658615136876005,26.247987117552334,1.7444981213097155,2.4154589371980677,0.2147074610842727,0.06709608158883522,0.013419216317767043,,,
63,12.385936661298981,43.31723027375201,2.1403650026838434,4.092860976918948,8.601717659688674,24.986580783682232,1.7310789049919484,2.4154589371980677,0.24825550187869028,0.06709608158883522,0.013419216317767043,,,
64,12.104133118625873,42.16317767042405,2.844873859366613,5.226784755770263,8.507783145464305,24.57729468599034,1.7310789049919484,2.49597423510467,0.2683843263553409,0.06709608158883522,0.013419216317767043,,,
65,11.949812130971551,42.351046698872786,2.844873859366613,5.22007514761138,8.507783145464305,24.476650563607084,1.7914653784219001,2.49597423510467,0.2683843263553409,0.06709608158883522,0.013419216317767043,0.013419216317767043,,
66,11.58749329039184,41.41170155662909,2.8515834675254963,5.199946323134729,8.641975308641975,26.596886741814277,1.1272141706924315,2.1806226516371443,0.2683843263553409,0.06709608158883522,0.013419216317767043,0.013419216317767043,0.040257648953301126,
67,11.560654857756306,41.25067096081589,2.8515834675254963,5.3341384863123995,8.769457863660762,26.529790660225444,1.1205045625335481,2.1806226516371443,0.2683843263553409,0.06709608158883522,0.013419216317767043,0.013419216317767043,0.040257648953301126,
68,11.386205045625335,39.231078904991946,2.844873859366613,5.01207729468599,8.561460010735374,29.47530864197531,1.093666129898014,2.046430488459474,0.2147074610842727,0.06709608158883522,0.013419216317767043,0.013419216317767043,0.040257648953301126,
69,11.399624261943103,39.090177133655395,2.844873859366613,5.038915727321524,8.641975308641975,29.408212560386474,1.1607622114868492,2.0397208803005906,0.2147074610842727,0.0939345142243693,0.013419216317767043,0.013419216317767043,0.040257648953301126,
70,11.406333870101985,38.888888888888886,2.844873859366613,7.407407407407407,8.742619431025227,27.49597423510467,0.7179280730005367,2.0397208803005906,0.2952227589908749,0.0939345142243693,0.013419216317767043,0.013419216317767043,0.040257648953301126,
71,11.225174449812132,38.70101986044015,3.0730005367686526,7.407407407407407,8.682232957595277,27.63016639828234,0.7581857219538379,2.0397208803005906,0.2952227589908749,0.12077294685990338,0.013419216317767043,0.013419216317767043,0.040257648953301126,
72,11.231884057971014,38.6808910359635,3.066290928609769,7.454374664519592,8.655394524959743,27.63016639828234,0.7581857219538379,2.0397208803005906,0.2952227589908749,0.12077294685990338,0.013419216317767043,0.013419216317767043,0.040257648953301126,
73,11.218464841653248,37.19135802469136,3.0394524959742353,7.454374664519592,8.279656468062266,27.012882447665056,0.7313472893183038,4.53569511540526,0.3488996242619431,0.12077294685990338,0.013419216317767043,0.013419216317767043,0.040257648953301126,
74,10.064412238325282,37.875738056897475,2.898550724637681,7.944176060118089,8.413848631239935,26.536500268384327,0.7514761137949544,4.911433172302737,0.3421900161030596,0.13419216317767044,0.07380568974771873,0.013419216317767043,0.040257648953301126,
75,8.709071390230811,33.46081588835212,3.012614063338701,8.3064949006978,8.185721953837897,31.843800322061192,0.7581857219538379,5.119431025228127,0.3421900161030596,0.13419216317767044,0.07380568974771873,0.013419216317767043,0.040257648953301126,
76,8.715780998389693,33.400429414922165,3.012614063338701,8.3064949006978,8.299785292538916,31.78341384863124,0.7581857219538379,5.10601180891036,0.35560923242082665,0.13419216317767044,0.07380568974771873,0.013419216317767043,0.040257648953301126,
77,8.709071390230811,33.03811057434246,3.012614063338701,8.662104133118627,8.299785292538916,31.743156199677937,0.798443370907139,5.10601180891036,0.35560923242082665,0.13419216317767044,0.08722490606548577,0.013419216317767043,0.040257648953301126,
78,8.648684916800859,32.82340311325819,2.965646806226516,8.662104133118627,8.59500805152979,31.206387546967257,1.1205045625335481,5.3341384863123995,0.36902844873859364,0.13419216317767044,0.08722490606548577,0.013419216317767043,0.040257648953301126,
79,8.433977455716587,32.789855072463766,2.985775630703167,8.655394524959743,8.648684916800859,31.36070853462158,1.1205045625335481,5.3341384863123995,0.36902844873859364,0.13419216317767044,0.11406333870101985,0.013419216317767043,0.040257648953301126,
80,8.433977455716587,32.749597423510465,2.985775630703167,8.621846484165324,8.702361782071927,31.34728931830381,1.1205045625335481,5.3341384863123995,0.36902844873859364,0.16774020397208803,0.11406333870101985,0.013419216317767043,0.040257648953301126,
81,8.373590982286634,32.360440150295226,3.7640901771336552,8.53462157809984,8.648684916800859,31.072195383789587,1.1943102522812667,5.347557702630167,0.36902844873859364,0.16774020397208803,0.11406333870101985,0.013419216317767043,0.040257648953301126,
82,8.407139023081053,32.17257112184648,3.730542136339238,8.313204508856682,9.520933977455716,30.334138486312398,1.221148684916801,5.555555555555555,0.4092860976918948,0.16774020397208803,0.11406333870101985,0.013419216317767043,0.040257648953301126,
83,8.433977455716587,32.118894256575416,3.730542136339238,8.299785292538916,9.5276435856146,30.334138486312398,1.221148684916801,5.548845947396672,0.4092860976918948,0.16774020397208803,0.1274825550187869,0.013419216317767043,0.06709608158883522,
84,7.957595276435856,31.622383252818036,3.730542136339238,8.279656468062266,9.574610842726784,31.125872249060656,1.3620504562533549,5.542136339237788,0.4092860976918948,0.16774020397208803,0.1274825550187869,0.013419216317767043,0.08722490606548577,
85,7.957595276435856,31.608964036500268,3.730542136339238,8.266237251744498,9.588030059044552,31.11916264090177,1.3821792807300053,5.542136339237788,0.4092860976918948,0.16774020397208803,0.1274825550187869,0.013419216317767043,0.08722490606548577,
86,7.890499194847021,31.54186795491143,3.824476650563607,8.460815888352121,9.64170692431562,30.891035963499732,1.3888888888888888,5.542136339237788,0.4092860976918948,0.18115942028985507,0.1274825550187869,0.013419216317767043,0.08722490606548577,
87,7.709339774557166,31.64922168545357,3.9720880300590444,8.460815888352121,9.816156736446592,30.817230273752013,1.4626945786366077,5.293880837359098,0.4092860976918948,0.18115942028985507,0.1274825550187869,0.013419216317767043,0.08722490606548577,
88,7.514761137949543,30.689747718733226,4.455179817498658,8.876811594202898,9.742351046698873,31.092324208266238,1.4895330112721417,5.293880837359098,0.43612453032742887,0.18115942028985507,0.1274825550187869,0.013419216317767043,0.08722490606548577,
89,7.514761137949543,30.67632850241546,4.455179817498658,8.917069243156199,9.71551261406334,31.092324208266238,1.4895330112721417,5.293880837359098,0.43612453032742887,0.18115942028985507,0.1274825550187869,0.013419216317767043,0.08722490606548577,
90,7.514761137949543,30.60252281266774,4.468599033816425,8.943907675791733,9.789318303811058,31.0252281266774,1.5163714439076759,5.293880837359098,0.43612453032742887,0.18115942028985507,0.1274825550187869,0.013419216317767043,0.08722490606548577,
91,7.481213097155126,30.54884594739667,4.461889425657541,9.601449275362318,9.822866344605474,30.300590445517983,1.5432098765432098,5.293880837359098,0.5032206119162641,0.2147074610842727,0.1274825550187869,0.013419216317767043,0.08722490606548577,
92,7.494632313472893,30.48845947396672,4.461889425657541,9.601449275362318,10.151637144390767,30.005367686527105,1.556629092860977,5.293880837359098,0.5032206119162641,0.2147074610842727,0.1274825550187869,0.013419216317767043,0.08722490606548577,
93,7.078636607622115,29.663177670424048,4.334406870638754,9.534353193773484,9.842995169082126,31.50161030595813,1.556629092860977,5.293880837359098,0.5032206119162641,0.2147074610842727,0.2616747181964573,0.026838432635534086,0.1878690284487386,
94,7.132313472893183,29.381374127750938,4.334406870638754,9.514224369296834,9.681964573268921,31.904186795491142,1.556629092860977,5.293880837359098,0.5032206119162641,0.2147074610842727,0.2616747181964573,0.026838432635534086,0.19457863660762212,
95,7.071926999463232,27.2812667740204,4.334406870638754,9.473966720343531,9.534353193773484,34.292807300053674,1.5163714439076759,5.293880837359098,0.5032206119162641,0.2147074610842727,0.2616747181964573,0.026838432635534086,0.19457863660762212,
96,7.0383789586688135,27.26113794954375,4.193505099302201,9.420289855072463,9.41358024691358,32.420826623725176,1.5163714439076759,7.501341921631776,0.48980139559849706,0.19457863660762212,0.2616747181964573,0.026838432635534086,0.2616747181964573,
97,7.03166935050993,27.140365002683843,4.193505099302201,9.50751476113795,9.473966720343531,32.387278582930755,1.5163714439076759,7.48792270531401,0.5166398282340311,0.19457863660762212,0.2616747181964573,0.026838432635534086,0.2616747181964573,
98,7.0450885668276975,27.046430488459475,4.2203435319377345,9.460547504025765,9.433709071390231,31.548577563070317,1.5029522275899088,8.501073537305421,0.47638217928073,0.1878690284487386,0.2885131508319914,0.026838432635534086,0.2616747181964573,
99,6.998121309715513,26.986044015029524,4.17337627482555,9.433709071390231,9.668545356951155,31.45464304884595,1.5029522275899088,8.487654320987655,0.48980139559849706,0.1878690284487386,0.30864197530864196,0.026838432635534086,0.28180354267310787,
100,6.991411701556629,26.972624798711756,4.17337627482555,9.433709071390231,9.655126140633387,31.44122383252818,1.5365002683843263,8.487654320987655,0.48980139559849706,0.1878690284487386,0.30864197530864196,0.026838432635534086,0.2952227589908749,
101,7.018250134192163,26.972624798711756,4.133118625872249,9.433709071390231,9.681964573268921,31.32716049382716,1.570048309178744,8.487654320987655,0.5166398282340311,0.20128824476650564,0.33548040794417605,0.026838432635534086,0.2952227589908749,
102,6.991411701556629,26.912238325281802,4.133118625872249,9.581320450885668,9.708803005904455,31.293612453032743,1.5767579173376274,8.427267847557703,0.5166398282340311,0.20128824476650564,0.33548040794417605,0.026838432635534086,0.2952227589908749,
103,6.91760601180891,26.90552871712292,4.133118625872249,9.561191626409018,9.903381642512077,31.179549114331724,1.5633387010198605,8.427267847557703,0.5166398282340311,0.20128824476650564,0.36902844873859364,0.026838432635534086,0.2952227589908749,
104,6.890767579173376,26.798174986580783,6.159420289855072,8.870101986044014,9.96376811594203,30.059044551798173,1.4559849704777241,8.380300590445518,0.5837359098228664,0.20128824476650564,0.3153515834675255,0.026838432635534086,0.2952227589908749,
105,6.884057971014493,26.65727321524423,6.266774020397209,8.709071390230811,9.91009125067096,30.059044551798173,1.4559849704777241,8.521202361782072,0.644122383252818,0.20128824476650564,0.3153515834675255,0.08051529790660225,0.2952227589908749,
106,6.884057971014493,26.630434782608695,6.474771873322598,8.709071390230811,9.688674181427805,30.038915727321523,1.4559849704777241,8.447396672034353,0.644122383252818,0.33548040794417605,0.3153515834675255,0.08051529790660225,0.2952227589908749,
107,6.769994632313473,26.127214170692433,6.400966183574879,7.809983896940419,9.789318303811058,28.663446054750402,1.415727321524423,11.352657004830919,0.644122383252818,0.33548040794417605,0.3153515834675255,0.08051529790660225,0.2952227589908749,
108,6.474771873322598,25.5703166935051,6.166129898013956,8.09849704777241,9.789318303811058,29.488727858293075,1.415727321524423,11.2788513150832,0.7045088566827697,0.322061191626409,0.3153515834675255,0.08051529790660225,0.2952227589908749,
109,5.776972624798712,24.93961352657005,6.1929683306494905,7.997852925389157,9.883252818035427,30.837359098228664,1.415727321524423,11.225174449812132,0.7045088566827697,0.322061191626409,0.3153515834675255,0.08051529790660225,0.30864197530864196,
110,5.723295759527644,24.738325281803544,6.1862587224906065,8.09849704777241,9.849704777241008,30.797101449275363,1.4358561460010735,11.379495437466453,0.7045088566827697,0.322061191626409,0.3421900161030596,0.08051529790660225,0.3421900161030596,
111,5.24020397208803,25.785024154589372,6.038647342995169,8.051529790660226,9.91009125067096,30.475040257648953,1.4694041867954912,11.211755233494364,0.7045088566827697,0.322061191626409,0.36902844873859364,0.08051529790660225,0.3421900161030596,
112,5.22007514761138,25.738056897477186,6.112453032742888,8.064949006977992,9.936929683306495,30.42807300053677,1.4895330112721417,11.178207192699947,0.7179280730005367,0.322061191626409,0.36902844873859364,0.08051529790660225,0.3421900161030596,
113,5.226784755770263,25.704508856682768,6.112453032742888,8.038110574342458,9.782608695652174,30.401234567901234,1.4895330112721417,11.419753086419753,0.7179280730005367,0.28180354267310787,0.39586688137412773,0.08051529790660225,0.3488996242619431,
114,5.226784755770263,25.670960815888353,6.112453032742888,8.051529790660226,9.836285560923242,30.347557702630166,1.5230810520665594,11.406333870101985,0.7179280730005367,0.28180354267310787,0.39586688137412773,0.08051529790660225,0.3488996242619431,
115,5.226784755770263,25.509930220075148,6.105743424584004,8.024691358024691,10.493827160493828,29.898013955984972,1.5230810520665594,11.399624261943103,0.7112184648416533,0.28180354267310787,0.39586688137412773,0.08051529790660225,0.3488996242619431,
116,5.226784755770263,25.49651100375738,6.105743424584004,8.017981749865807,10.507246376811594,29.884594739667204,1.5365002683843263,11.399624261943103,0.7112184648416533,0.28180354267310787,0.4025764895330113,0.08051529790660225,0.3488996242619431,
117,5.199946323134729,24.376006441223833,6.219806763285024,10.84272678475577,9.842995169082126,29.146537842190018,1.5499194847020934,11.030595813204508,0.7112184648416533,0.2549651100375738,0.39586688137412773,0.08051529790660225,0.3488996242619431,
118,5.166398282340311,24.255233494363928,6.273483628556092,10.721953837895867,9.883252818035427,29.07944176060118,1.751207729468599,11.030595813204508,0.7514761137949544,0.2683843263553409,0.4025764895330113,0.06709608158883522,0.3488996242619431,
119,4.918142780461621,23.081052066559312,6.146001073537305,10.72866344605475,9.950348899624261,30.615942028985508,1.7646269457863661,10.943370907139023,0.7514761137949544,0.2683843263553409,0.4025764895330113,0.08051529790660225,0.3488996242619431,
120,4.904723564143854,22.84621578099839,7.011540526033279,10.312667740203972,10.171765968867419,32.66237251744498,1.7713365539452497,8.668813741277509,0.5837359098228664,0.2683843263553409,0.3757380568974772,0.07380568974771873,0.3488996242619431,
121,4.891304347826087,22.41009125067096,6.353998926462695,7.924047235641439,9.567901234567902,38.70101986044015,1.4626945786366077,7.199409554482019,0.49651100375738055,0.2214170692431562,0.36231884057971014,0.07380568974771873,0.33548040794417605,
122,4.85775630703167,22.262479871175522,6.374127750939345,7.7831454643048845,9.41358024691358,38.58695652173913,1.4358561460010735,7.669082125603865,0.5166398282340311,0.30864197530864196,0.38915727321524424,0.07380568974771873,0.32877079978529256,
123,4.871175523349437,22.228931830381107,6.353998926462695,7.816693505099302,9.400161030595813,38.519860440150296,1.4962426194310252,7.669082125603865,0.5166398282340311,0.33548040794417605,0.38915727321524424,0.07380568974771873,0.32877079978529256,
124,4.851046698872786,22.12157809983897,9.017713365539452,7.695920558239399,9.118357487922705,35.98362855609233,1.3016639828234031,8.272946859903382,0.5166398282340311,0.33548040794417605,0.3824476650563607,0.07380568974771873,0.32877079978529256,
125,4.85775630703167,21.886741814278047,8.997584541062801,7.689210950080516,9.5276435856146,35.83601717659689,1.3016639828234031,8.259527643585615,0.49651100375738055,0.35560923242082665,0.3824476650563607,0.07380568974771873,0.33548040794417605,
126,4.898013955984971,21.846484165324746,8.997584541062801,7.689210950080516,9.514224369296834,35.83601717659689,1.3016639828234031,8.259527643585615,0.49651100375738055,0.35560923242082665,0.3824476650563607,0.08722490606548577,0.33548040794417605,
127,4.904723564143854,21.85319377348363,8.997584541062801,7.689210950080516,9.628287707997853,35.69511540526033,1.3016639828234031,8.219269994632313,0.5501878690284487,0.35560923242082665,0.3824476650563607,0.08722490606548577,0.33548040794417605,
128,4.938271604938271,21.67874396135266,8.957326892109501,7.7898550724637685,9.71551261406334,35.581052066559316,1.3888888888888888,8.219269994632313,0.5501878690284487,0.35560923242082665,0.39586688137412773,0.0939345142243693,0.33548040794417605,
129,4.958400429414922,21.504294149221685,8.78287707997853,8.044820182501342,9.688674181427805,35.50053676865271,1.4224369296833066,8.125335480407944,0.6172839506172839,0.39586688137412773,0.39586688137412773,0.0939345142243693,0.46967257112184646,
130,4.944981213097155,21.048040794417606,8.675523349436393,8.038110574342458,9.561191626409018,34.82957595276436,1.4358561460010735,9.50751476113795,0.6172839506172839,0.38915727321524424,0.39586688137412773,0.08722490606548577,0.46967257112184646,
131,4.918142780461621,21.048040794417606,9.541062801932368,8.038110574342458,9.688674181427805,33.95061728395062,1.4895330112721417,9.353193773483628,0.630703166935051,0.38915727321524424,0.39586688137412773,0.08722490606548577,0.46967257112184646,
132,4.931561996779388,21.048040794417606,9.541062801932368,8.017981749865807,9.749060654857756,33.883521202361784,1.5163714439076759,9.292807300053678,0.6776704240472357,0.38915727321524424,0.39586688137412773,0.08722490606548577,0.46967257112184646,
133,4.904723564143854,19.85373054213634,9.460547504025765,7.796564680622652,9.614868491680086,35.78234031132582,1.6774020397208802,8.950617283950617,0.6776704240472357,0.35560923242082665,0.36902844873859364,0.08722490606548577,0.46967257112184646,
134,4.931561996779388,19.706119162640903,10.379763821792807,9.03113258185722,9.601449275362318,33.91035963499731,1.6841116478797638,8.749329039184111,0.7179280730005367,0.35560923242082665,0.3757380568974772,0.08722490606548577,0.46967257112184646,
135,4.944981213097155,19.679280730005367,10.326086956521738,9.03113258185722,9.634997316156737,33.8768115942029,1.7176596886741815,8.742619431025227,0.7179280730005367,0.39586688137412773,0.3757380568974772,0.08722490606548577,0.46967257112184646,
136,4.696725711218465,19.82018250134192,10.44015029522276,9.024422973698336,9.66183574879227,33.803005904455176,1.7713365539452497,8.735909822866345,0.7179280730005367,0.39586688137412773,0.3757380568974772,0.08722490606548577,0.46967257112184646,
137,4.7168545356951155,19.82018250134192,10.426731078904991,8.76274825550188,9.916800858829845,33.78958668813741,1.7713365539452497,8.735909822866345,0.6776704240472357,0.4227053140096618,0.4025764895330113,0.08722490606548577,0.46967257112184646,
138,4.723564143853999,19.806763285024154,10.426731078904991,8.856682769726248,9.896672034353195,33.64868491680086,1.7646269457863661,8.80300590445518,0.6910896403650026,0.4227053140096618,0.4025764895330113,0.08722490606548577,0.46967257112184646,
139,4.703435319377348,19.64573268921095,10.36634460547504,9.708803005904455,9.923510466988727,32.91733762748255,1.7646269457863661,8.896940418679549,0.6910896403650026,0.4227053140096618,0.4025764895330113,0.08722490606548577,0.46967257112184646,
140,4.64975845410628,19.129092860976918,10.144927536231885,8.024691358024691,9.655126140633387,35.77563070316693,1.8250134192163177,8.82313472893183,0.6374127750939346,0.4227053140096618,0.3757380568974772,0.07380568974771873,0.46296296296296297,
141,4.62962962962963,19.122383252818036,10.131508319914117,8.051529790660226,9.681964573268921,35.65485775630703,1.8115942028985508,8.957326892109501,0.6374127750939346,0.43612453032742887,0.3488996242619431,0.07380568974771873,0.46296296296296297,
142,4.616210413311863,18.719806763285025,10.131508319914117,8.031400966183575,10.849436392914654,34.88325281803543,1.8384326355340848,8.950617283950617,0.6374127750939346,0.43612453032742887,0.36902844873859364,0.07380568974771873,0.46296296296296297,
143,4.052603327965647,17.70665593129361,10.010735373054214,7.98443370907139,10.768921095008052,37.02361782071927,1.8384326355340848,8.561460010735374,0.6843800322061192,0.43612453032742887,0.36902844873859364,0.10064412238325282,0.46296296296296297,
144,4.086151368760064,17.673107890499196,10.02415458937198,7.971014492753623,11.366076221148685,36.44659151905529,1.8317230273752012,8.548040794417606,0.6843800322061192,0.43612453032742887,0.36902844873859364,0.10064412238325282,0.46296296296296297,
145,4.139828234031133,17.619431025228128,10.02415458937198,7.977724100912507,11.41304347826087,36.3996242619431,1.8317230273752012,8.541331186258722,0.6843800322061192,0.43612453032742887,0.36902844873859364,0.10064412238325282,0.46296296296296297,
146,4.146537842190016,17.619431025228128,10.02415458937198,7.977724100912507,11.41304347826087,36.218464841653244,1.932367149758454,8.501073537305421,0.7246376811594203,0.43612453032742887,0.43612453032742887,0.12077294685990338,0.4495437466451959,
147,4.126409017713366,17.290660225442835,10.138217928073,7.648953301127214,11.426462694578637,36.70826623725174,1.8585614600107354,8.655394524959743,0.7246376811594203,0.4562533548040794,0.39586688137412773,0.12077294685990338,0.4495437466451959,
148,4.133118625872249,17.257112184648417,10.171765968867419,7.648953301127214,11.453301127214171,36.68142780461621,1.8585614600107354,8.648684916800859,0.7246376811594203,0.4562533548040794,0.39586688137412773,0.12077294685990338,0.4495437466451959,
149,4.1532474503489,17.257112184648417,10.171765968867419,7.648953301127214,11.493558776167472,36.621041331186255,1.8585614600107354,8.628556092324208,0.7447665056360708,0.4562533548040794,0.39586688137412773,0.12077294685990338,0.4495437466451959,
150,4.1532474503489,17.257112184648417,10.171765968867419,7.648953301127214,11.446591519055287,36.60762211486849,1.8518518518518519,8.628556092324208,0.7447665056360708,0.4495437466451959,0.4562533548040794,0.13419216317767044,0.4495437466451959,
151,4.1532474503489,17.183306494900698,10.171765968867419,7.380568974771873,11.486849168008588,37.104133118625874,1.8585614600107354,8.447396672034353,0.7447665056360708,0.4294149221685454,0.4562533548040794,0.13419216317767044,0.4495437466451959,
152,4.180085882984434,17.14975845410628,10.171765968867419,7.380568974771873,11.520397208803006,36.943102522812666,2.0128824476650564,8.400429414922169,0.7716049382716049,0.4294149221685454,0.4562533548040794,0.13419216317767044,0.4495437466451959,
153,4.206924315619967,17.14975845410628,10.158346752549651,7.380568974771873,11.553945249597424,36.89613526570049,2.0128824476650564,8.387010198604402,0.785024154589372,0.4294149221685454,0.4562533548040794,0.13419216317767044,0.4495437466451959,
154,4.193505099302201,17.14975845410628,10.158346752549651,7.367149758454106,11.634460547504025,36.882716049382715,2.0397208803005906,8.387010198604402,0.7716049382716049,0.4294149221685454,0.4092860976918948,0.13419216317767044,0.4428341384863124,
155,4.206924315619967,16.72705314009662,10.064412238325282,7.03166935050993,11.500268384326356,37.61406333870102,2.073268921095008,8.447396672034353,0.8118625872249061,0.5367686527106817,0.4092860976918948,0.12077294685990338,0.4562533548040794,
156,4.240472356414386,16.700214707461082,10.057702630166398,7.03166935050993,11.513687600644122,37.567096081588836,2.073268921095008,8.447396672034353,0.8454106280193237,0.5367686527106817,0.4092860976918948,0.12077294685990338,0.4562533548040794,
157,4.247181964573269,16.6935050993022,10.084541062801932,7.159151905528717,11.520397208803006,37.39935587761675,2.0665593129361244,8.447396672034353,0.8454106280193237,0.5367686527106817,0.4092860976918948,0.13419216317767044,0.4562533548040794,
158,4.253891572732153,16.6935050993022,13.023349436392914,7.159151905528717,11.493558776167472,34.66854535695116,1.8988191089640365,8.353462157809984,0.8454106280193237,0.6105743424584005,0.4092860976918948,0.13419216317767044,0.4562533548040794,
159,4.233762748255502,16.67337627482555,13.023349436392914,7.159151905528717,11.52710681696189,34.648416532474506,1.9524959742351047,8.333333333333334,0.8454106280193237,0.6038647342995169,0.4092860976918948,0.13419216317767044,0.4562533548040794,
160,4.2203435319377345,16.646537842190018,12.875738056897477,7.159151905528717,11.52710681696189,34.5679012345679,1.9793344068706387,8.57487922705314,0.8454106280193237,0.6038647342995169,0.4092860976918948,0.13419216317767044,0.4562533548040794,
161,4.133118625872249,16.002415458937197,12.842190016103059,7.065217391304348,11.594202898550725,35.225442834138484,1.9994632313472893,8.57487922705314,0.8789586688137413,0.630703166935051,0.43612453032742887,0.1610305958132045,0.4562533548040794,
162,4.119699409554482,15.573000536768653,12.788513150831992,7.561728395061729,11.641170155662909,35.17176596886742,2.006172839506173,8.568169618894256,0.9192163177670424,0.6239935587761675,0.4092860976918948,0.1610305958132045,0.4562533548040794,
163,4.119699409554482,15.566290928609769,12.929414922168545,7.467793880837359,11.614331723027375,35.15163714439077,2.01959205582394,8.561460010735374,0.9192163177670424,0.6239935587761675,0.4092860976918948,0.1610305958132045,0.4562533548040794,
164,4.106280193236715,15.566290928609769,12.922705314009661,7.48792270531401,11.627750939345143,35.05099302200752,2.100107353730542,8.3467525496511,1.1540526033279657,0.6239935587761675,0.39586688137412773,0.1610305958132045,0.4562533548040794,
165,4.106280193236715,15.566290928609769,12.909286097691895,7.50805152979066,11.641170155662909,35.03086419753087,2.100107353730542,8.3467525496511,1.1540526033279657,0.6239935587761675,0.39586688137412773,0.1610305958132045,0.4562533548040794,
166,4.032474503488996,15.33816425120773,12.909286097691895,6.213097155126141,11.540526033279656,36.902844873859365,2.1135265700483092,8.3467525496511,1.06682769726248,0.6374127750939346,0.3153515834675255,0.1610305958132045,0.4227053140096618,
167,4.025764895330113,15.331454643048845,12.909286097691895,6.213097155126141,11.506977992485238,36.822329575952764,2.24771873322598,8.373590982286634,1.1205045625335481,0.5971551261406334,0.3153515834675255,0.1610305958132045,0.3757380568974772,
168,4.03918411164788,15.063070316693505,13.446054750402576,6.092324208266238,11.453301127214171,36.65458937198068,2.2946859903381642,8.373590982286634,1.1272141706924315,0.5971551261406334,0.3153515834675255,0.1610305958132045,0.3824476650563607,
169,4.03918411164788,15.063070316693505,13.446054750402576,6.085614600107354,11.486849168008588,36.58749329039184,2.3617820719269993,8.36688137412775,1.107085346215781,0.5971551261406334,0.3153515834675255,0.1610305958132045,0.3824476650563607,
170,4.025764895330113,15.063070316693505,13.385668276972625,6.052066559312936,11.553945249597424,36.50697799248524,2.395330112721417,8.413848631239935,1.133923778851315,0.5971551261406334,0.32877079978529256,0.1610305958132045,0.3824476650563607,
171,4.019055287171229,14.378690284487385,14.103596349973161,6.078904991948471,11.446591519055287,36.46672034353194,2.408749329039184,8.407139023081053,1.1808910359634996,0.6239935587761675,0.3421900161030596,0.1610305958132045,0.3824476650563607,
172,3.9184111647879765,14.345142243692969,14.130434782608695,6.0587761674718195,11.52710681696189,36.30568974771873,2.6167471819645733,8.387010198604402,1.1808910359634996,0.6239935587761675,0.36231884057971014,0.1610305958132045,0.3824476650563607,
173,3.938539989264627,14.304884594739667,14.130434782608695,6.0587761674718195,11.560654857756306,36.2788513150832,2.636876006441224,8.380300590445518,1.1808910359634996,0.6239935587761675,0.36231884057971014,0.1610305958132045,0.3824476650563607,
174,3.9586688137412773,14.304884594739667,14.110305958132045,6.0587761674718195,11.54723564143854,36.2385936661299,2.636876006441224,8.353462157809984,1.2412775093934514,0.644122383252818,0.36231884057971014,0.1610305958132045,0.3824476650563607,
175,3.8714439076757916,14.009661835748792,14.103596349973161,6.052066559312936,11.540526033279656,35.38647342995169,2.677133655394525,9.561191626409018,1.2681159420289856,0.6239935587761675,0.36231884057971014,0.1610305958132045,0.3824476650563607,
176,3.5829307568438002,13.419216317767042,13.781535158346752,5.924584004294149,10.869565217391305,36.15807836822329,2.6972624798711755,10.86285560923242,1.2077294685990339,0.6172839506172839,0.36231884057971014,0.13419216317767044,0.3824476650563607,
177,3.5829307568438002,13.170960815888352,13.768115942028986,6.233225979602791,10.802469135802468,36.15807836822329,2.703972088030059,10.849436392914654,1.221148684916801,0.630703166935051,0.36231884057971014,0.13419216317767044,0.3824476650563607,
178,3.5963499731615673,13.110574342458401,13.714439076757918,6.293612453032743,10.849436392914654,36.09769189479334,2.703972088030059,10.856146001073537,1.221148684916801,0.6843800322061192,0.36231884057971014,0.13419216317767044,0.3757380568974772,
179,3.5829307568438002,12.432903918411165,13.036768652710682,5.609232420826624,10.668276972624799,38.37224906065486,2.677133655394525,10.856146001073537,1.221148684916801,0.6709608158883521,0.36231884057971014,0.13419216317767044,0.3757380568974772,
180,3.5829307568438002,12.419484702093397,13.003220611916264,5.609232420826624,10.829307568438002,38.32528180354267,2.657004830917874,10.742082662372518,1.288244766505636,0.6709608158883521,0.36231884057971014,0.13419216317767044,0.3757380568974772,
181,3.556092324208266,12.392646269457863,12.909286097691895,5.595813204508857,11.124530327428879,37.9092860976919,2.3483628556092326,11.332528180354267,1.288244766505636,0.6709608158883521,0.36231884057971014,0.13419216317767044,0.3757380568974772,
