,45,50,55,51,52,53,56,57,54,58,59
0,99.56387546967257,0.43612453032742887,,,,,,,,,
1,99.308910359635,0.6910896403650026,,,,,,,,,
2,96.65861513687601,3.3413848631239937,,,,,,,,,
3,96.59151905528716,3.408480944712829,,,,,,,,,
4,90.16371443907676,9.836285560923242,,,,,,,,,
5,89.68062265163715,10.319377348362856,,,,,,,,,
6,80.81052066559313,19.189479334406872,,,,,,,,,
7,80.67632850241546,19.229736983360173,0.0939345142243693,,,,,,,,
8,60.39318303811057,31.99141170155663,0.0939345142243693,0.11406333870101985,0.13419216317767044,7.179280730005368,0.0939345142243693,,,,
9,60.45356951154053,31.99141170155663,0.1610305958132045,0.10735373054213634,0.13419216317767044,6.910896403650026,0.0939345142243693,0.14761137949543746,,,
10,51.2211486849168,41.337895866881375,0.05367686527106817,0.10735373054213634,0.24825550187869028,6.790123456790123,0.0939345142243693,0.14761137949543746,,,
11,51.45598497047772,40.82125603864734,0.2616747181964573,0.10735373054213634,1.1406333870101986,6.0654857756307035,,0.14761137949543746,,,
12,51.630434782608695,40.13687600644123,0.6776704240472357,0.10735373054213634,1.1003757380568975,6.199677938808374,,0.14761137949543746,,,
13,51.630434782608695,40.09661835748792,0.7514761137949544,0.10735373054213634,1.1003757380568975,6.166129898013956,,0.14761137949543746,,,
14,48.7788513150832,43.27026301663983,0.6172839506172839,0.10735373054213634,1.0064412238325282,5.864197530864198,,0.14761137949543746,0.20799785292538917,,
15,48.91304347826087,43.09581320450886,0.8319914117015567,0.10735373054213634,1.0064412238325282,5.689747718733226,,0.14761137949543746,0.20799785292538917,,
16,48.792270531400966,43.10923242082662,0.8319914117015567,0.10735373054213634,1.1137949543746646,5.689747718733226,,0.14761137949543746,0.20799785292538917,,
17,47.799248523886206,43.585614600107355,1.2077294685990339,0.24825550187869028,1.1137949543746646,5.689747718733226,,0.14761137949543746,0.20799785292538917,,
18,44.437734836285564,45.7662372517445,1.1876006441223832,1.6706924315619969,0.9997316156736447,5.790391841116479,,0.14761137949543746,,,
19,44.45115405260333,45.66559312936125,1.1876006441223832,1.6438539989264627,0.9997316156736447,5.770263016639828,,0.14761137949543746,0.13419216317767044,,
20,44.45115405260333,45.67901234567901,1.1876006441223832,1.6304347826086956,0.9997316156736447,5.649490069779925,0.14090177133655393,0.1274825550187869,0.13419216317767044,,
21,44.67928073000537,45.12211486849168,1.3217928073000538,1.7444981213097155,0.9997316156736447,5.649490069779925,0.14090177133655393,0.1274825550187869,0.2147074610842727,,
22,44.840311325818575,44.639023081052066,1.778046162104133,1.7310789049919484,0.9863123993558777,5.562265163714439,0.12077294685990338,0.1274825550187869,0.2147074610842727,,
23,43.874127750939344,45.819914117015564,1.778046162104133,1.7310789049919484,0.9863123993558777,5.347557702630167,0.12077294685990338,0.1274825550187869,0.2147074610842727,,
24,32.15244229736983,58.23268921095008,1.4224369296833066,1.4761137949543746,0.8789586688137413,5.4549114331723025,0.12077294685990338,0.1274825550187869,0.13419216317767044,,
25,32.56172839506173,56.56870638754697,1.6841116478797638,1.4761137949543746,0.8655394524959742,6.374127750939345,0.12077294685990338,0.1274825550187869,0.13419216317767044,0.08722490606548577,
26,32.9374664519592,56.13929146537842,1.7713365539452497,1.4761137949543746,0.8655394524959742,6.300322061191626,0.12077294685990338,0.1274825550187869,0.13419216317767044,0.1274825550187869,
27,33.05823939881911,54.93827160493827,2.771068169618894,1.4761137949543746,0.8655394524959742,6.038647342995169,0.46296296296296297,0.1274825550187869,0.13419216317767044,0.1274825550187869,
28,28.482286634460547,45.088566827697264,2.61003757380569,16.10305958132045,0.9930220075147611,5.938003220611916,0.46296296296296297,0.1274825550187869,0.06709608158883522,0.1274825550187869,
29,28.703703703703702,41.92163177670424,3.7909286097691894,15.734031132581856,0.9259259259259259,8.07836822329576,0.4562533548040794,0.19457863660762212,0.06709608158883522,0.1274825550187869,
30,23.349436392914654,32.038378958668815,2.563070316693505,34.25925925925926,0.6977992485238862,6.716317767042405,0.03354804079441761,0.14761137949543746,0.06709608158883522,0.1274825550187869,
31,23.765432098765434,31.662640901771336,2.844873859366613,33.9573268921095,0.6977992485238862,6.696188942565755,0.03354804079441761,0.14761137949543746,0.06709608158883522,0.1274825550187869,
32,23.899624261943103,31.468062265163713,2.844873859366613,33.81642512077295,0.6977992485238862,6.78341384863124,0.03354804079441761,0.14761137949543746,0.1878690284487386,0.12077294685990338,
33,24.208266237251745,31.112453032742888,2.898550724637681,33.762748255501876,0.6977992485238862,6.6760601180891035,0.03354804079441761,0.14761137949543746,0.28180354267310787,0.18115942028985507,
34,24.496779388083738,31.0252281266774,4.17337627482555,32.50805152979066,0.6977992485238862,6.454643048845948,0.03354804079441761,0.14761137949543746,0.28180354267310787,0.18115942028985507,
35,22.074610842726784,42.80059044551798,3.44873859366613,23.74530327428878,0.7514761137949544,6.4412238325281805,0.03354804079441761,0.14761137949543746,0.3757380568974772,0.18115942028985507,
36,22.31615673644659,42.552334943639295,3.5292538915727323,23.557434245840042,0.8051529790660226,6.4345142243692965,0.14090177133655393,0.14761137949543746,0.3757380568974772,0.14090177133655393,
37,22.611379495437465,42.37788513150832,3.5963499731615673,23.121309715512613,0.9192163177670424,6.347289318303811,0.36231884057971014,0.14761137949543746,0.3757380568974772,0.14090177133655393,
38,23.201825013419217,41.78743961352657,3.8714439076757916,22.933440687063875,0.9192163177670424,6.266774020397209,0.36231884057971014,0.14761137949543746,0.36902844873859364,0.14090177133655393,
39,23.60440150295223,41.21041331186259,4.3478260869565215,22.69860440150295,0.9192163177670424,6.226516371443908,0.36231884057971014,0.14761137949543746,0.3421900161030596,0.14090177133655393,
40,23.993558776167472,40.727321524422976,4.64975845410628,21.920289855072465,0.9192163177670424,6.199677938808374,0.9594739667203436,0.14761137949543746,0.3421900161030596,0.14090177133655393,
41,24.362587224906065,40.31803542673108,4.663177670424047,21.81964573268921,0.9728931830381106,6.179549114331723,1.0534084809447128,0.14761137949543746,0.3421900161030596,0.14090177133655393,
42,24.792002147074612,40.19726247987118,4.676596886741814,21.38352120236178,0.966183574879227,6.139291465378422,1.2144390767579174,0.14761137949543746,0.3421900161030596,0.14090177133655393,
43,22.973698336017176,42.49194847020934,4.64975845410628,21.014492753623188,0.966183574879227,6.105743424584004,1.1674718196457328,0.14761137949543746,0.3421900161030596,0.14090177133655393,
44,23.26892109500805,42.230273752012884,5.01207729468599,20.645464304884594,0.966183574879227,6.078904991948471,1.1674718196457328,0.14761137949543746,0.3421900161030596,0.14090177133655393,
45,23.362855609232422,41.99543746645196,6.461352657004831,19.384057971014492,0.9326355340848095,5.938003220611916,1.3083735909822867,0.14761137949543746,0.32877079978529256,0.14090177133655393,
46,21.72571121846484,45.14224369296833,6.4345142243692965,19.249865807836823,0.8588298443370908,4.944981213097155,1.3083735909822867,0.06709608158883522,0.20799785292538917,0.06038647342995169,
47,22.32957595276436,44.67257112184648,6.655931293612453,18.92109500805153,0.8588298443370908,4.924852388620504,1.3083735909822867,0.06709608158883522,0.20128824476650564,0.06038647342995169,
48,22.859634997316157,44.14922168545357,6.857219538378959,18.733225979602793,0.8588298443370908,4.924852388620504,1.288244766505636,0.06709608158883522,0.20128824476650564,0.06038647342995169,
49,23.18840579710145,43.21658615136876,7.615405260332796,18.59903381642512,0.8588298443370908,4.904723564143854,1.288244766505636,0.06709608158883522,0.20128824476650564,0.06038647342995169,
50,23.537305421363392,42.7536231884058,7.944176060118089,18.47826086956522,0.8387010198604401,4.871175523349437,1.247987117552335,0.06709608158883522,0.20128824476650564,0.06038647342995169,
51,24.094202898550726,42.28395061728395,7.9039184111647875,18.243424584004295,0.8387010198604401,4.851046698872786,1.4559849704777241,0.06709608158883522,0.20128824476650564,0.06038647342995169,
52,24.570585077831456,41.71363392377885,8.172302737520129,18.06897477187332,0.8387010198604401,4.851046698872786,1.4559849704777241,0.06709608158883522,0.20128824476650564,0.06038647342995169,
53,25.02012882447665,41.418411164787976,8.044820182501342,17.907944176060116,0.8319914117015567,4.669887278582931,1.5633387010198605,0.13419216317767044,0.3488996242619431,0.06038647342995169,
54,25.07380568974772,41.27079978529254,9.25925925925926,17.11621041331186,0.785024154589372,4.669887278582931,1.2010198604401503,0.13419216317767044,0.4294149221685454,0.06038647342995169,
55,24.892646269457863,41.42512077294686,9.192163177670425,17.008856682769725,0.785024154589372,4.64975845410628,1.2681159420289856,0.13419216317767044,0.5837359098228664,0.06038647342995169,
56,25.05367686527107,41.297638217928075,9.25925925925926,16.955179817498657,0.7514761137949544,4.64975845410628,1.2546967257112185,0.13419216317767044,0.5837359098228664,0.06038647342995169,
57,25.40257648953301,40.60654857756307,9.406870638754697,16.800858829844337,0.7514761137949544,4.555823939881911,1.3486312399355878,0.11406333870101985,0.95276435856146,0.06038647342995169,
58,25.77831454643049,39.78797638217928,9.970477724100913,16.55931293612453,0.7514761137949544,4.455179817498658,1.482823403113258,0.11406333870101985,1.0399892646269457,0.06038647342995169,
59,26.073537305421365,39.34514224369297,10.205314009661835,16.49892646269458,0.7514761137949544,4.455179817498658,1.4559849704777241,0.11406333870101985,1.0399892646269457,0.06038647342995169,
60,26.462694578636608,39.10359634997316,9.950348899624261,16.485507246376812,0.7447665056360708,4.320987654320987,1.4492753623188406,0.2683843263553409,1.1540526033279657,0.06038647342995169,
61,26.39559849704777,37.714707461084274,10.077831454643048,16.304347826086957,2.4355877616747184,4.253891572732153,1.3888888888888888,0.2683843263553409,1.1003757380568975,0.06038647342995169,
62,26.8317230273752,37.33225979602791,10.077831454643048,16.264090177133657,2.428878153515835,4.253891572732153,1.3888888888888888,0.2683843263553409,1.093666129898014,0.06038647342995169,
63,27.18733225979603,37.03032742887815,10.111379495437467,16.243961352657006,2.4020397208803006,4.213633923778851,1.3888888888888888,0.2683843263553409,1.093666129898014,0.06038647342995169,
64,26.549919484702095,36.05072463768116,9.749060654857756,12.93612453032743,8.393719806763285,4.193505099302201,0.7917337627482555,0.2683843263553409,1.0064412238325282,0.06038647342995169,
65,26.643853998926463,35.92324208266237,9.916800858829845,12.86231884057971,8.353462157809984,4.193505099302201,0.7917337627482555,0.2683843263553409,0.9863123993558777,0.06038647342995169,
66,27.01959205582394,35.789049919484704,10.017444981213098,12.647611379495437,8.299785292538916,4.0995705850778315,0.7581857219538379,0.322061191626409,0.9863123993558777,0.06038647342995169,
67,27.241009125067094,35.33279656468062,10.124798711755233,12.546967257112184,8.259527643585615,4.300858829844337,0.8722490606548577,0.322061191626409,0.9393451422436929,0.06038647342995169,
68,25.0402576489533,29.871175523349436,8.36688137412775,11.044015029522276,7.98443370907139,15.747450348899624,0.6776704240472357,0.38915727321524424,0.8185721953837896,0.06038647342995169,
69,25.751476113794954,29.70343531937735,8.232689210950081,10.742082662372518,7.843531937734836,15.70048309178744,0.6776704240472357,0.46967257112184646,0.8185721953837896,0.06038647342995169,
70,24.476650563607084,26.878690284487387,7.447665056360709,16.525764895330113,7.816693505099302,14.97584541062802,0.6776704240472357,0.43612453032742887,0.7045088566827697,0.06038647342995169,
71,21.960547504025765,29.844337090713903,7.467793880837359,15.613258185721953,7.682501341921632,14.378690284487385,0.6776704240472357,0.6709608158883521,1.6438539989264627,0.06038647342995169,
72,22.564412238325282,29.562533548040793,7.548309178743962,15.526033279656469,7.521470746108427,14.244498121309716,0.6575415995705851,0.6709608158883521,1.6438539989264627,0.06038647342995169,
73,22.859634997316157,29.401502952227588,7.675791733762749,15.45222758990875,7.521470746108427,14.090177133655395,0.6239935587761675,0.6709608158883521,1.6438539989264627,0.06038647342995169,
74,23.443370907139023,28.871443907675793,7.917337627482555,15.183843263553408,7.286634460547504,14.023081052066559,0.7380568974771873,0.7716049382716049,1.7042404723564144,0.06038647342995169,
75,23.74530327428878,28.61647879763822,7.749597423510467,15.13016639828234,7.266505636070853,13.841921631776705,0.7246376811594203,0.7716049382716049,2.0933977455716586,0.06038647342995169,
76,23.939881910896403,28.415190552871714,7.695920558239399,14.97584541062802,7.112184648416532,13.79495437466452,1.0064412238325282,0.7716049382716049,2.227589908749329,0.06038647342995169,
77,24.288781535158346,28.012614063338702,8.628556092324208,14.720880300590446,6.4412238325281805,13.855340848094471,1.0064412238325282,0.7716049382716049,2.214170692431562,0.06038647342995169,
78,24.322329575952764,27.737520128824478,8.964036500268385,14.687332259796028,6.427804616210413,13.654052603327965,1.0064412238325282,0.7716049382716049,2.214170692431562,0.2147074610842727,
79,23.03408480944713,24.758454106280194,8.051529790660226,22.014224369296834,6.427804616210413,11.842458400429415,0.8252818035426731,0.6239935587761675,2.2074610842726785,0.2147074610842727,
80,23.11460010735373,24.44981213097155,8.219269994632313,21.93370907139023,6.394256575415996,11.83574879227053,1.0131508319914118,0.6239935587761675,2.200751476113795,0.2147074610842727,
81,23.429951690821255,24.235104669887278,8.239398819108963,21.812936124530328,6.427804616210413,11.822329575952764,0.9930220075147611,0.6239935587761675,2.200751476113795,0.2147074610842727,
82,23.778851315083198,23.96672034353194,8.507783145464305,21.591519055287172,6.199677938808374,12.00348899624262,0.9930220075147611,0.5703166935050993,2.1739130434782608,0.2147074610842727,
83,24.04723564143854,23.832528180354267,8.474235104669887,21.537842190016104,6.105743424584004,11.90955448201825,0.9930220075147611,0.5703166935050993,2.314814814814815,0.2147074610842727,
84,24.456521739130434,23.678207192699947,8.55475040257649,21.35668276972625,5.998389694041868,11.896135265700483,0.9930220075147611,0.5703166935050993,2.3081052066559313,0.1878690284487386,
85,25.174449812130973,23.423242082662373,8.413848631239935,20.913848631239937,5.9514224369296835,11.735104669887278,1.3352120236178207,0.5703166935050993,2.2946859903381642,0.1878690284487386,
86,24.825550187869027,22.98040794417606,8.373590982286634,23.13472893183038,4.804079441760601,11.533816425120772,1.2949543746645196,0.4495437466451959,2.328234031132582,0.27509393451422437,
87,25.483091787439612,22.86634460547504,8.514492753623188,22.450348899624263,4.783950617283951,11.627750939345143,1.2815351583467525,0.4495437466451959,2.26784755770263,0.27509393451422437,
88,25.577026301663984,22.644927536231883,8.548040794417606,21.980676328502415,4.770531400966184,11.949812130971551,1.2815351583467525,0.4495437466451959,2.408749329039184,0.38915727321524424,
89,25.677670424047236,22.57783145464305,8.601717659688674,21.792807300053678,4.770531400966184,11.748523886205046,1.4895330112721417,0.43612453032742887,2.5161030595813205,0.38915727321524424,
90,25.885668276972623,22.36983360171766,8.715780998389693,21.64519592055824,4.750402576489533,11.668008588298443,1.4895330112721417,0.43612453032742887,2.6502952227589907,0.38915727321524424,
91,26.455984970477726,22.16183574879227,8.57487922705314,21.349973161567366,4.750402576489533,11.668008588298443,1.4895330112721417,0.4227053140096618,2.737520128824477,0.38915727321524424,
92,26.89210950080515,22.034353193773484,8.507783145464305,21.235909822866343,4.696725711218465,11.634460547504025,1.4895330112721417,0.4227053140096618,2.6972624798711755,0.38915727321524424,
93,27.180622651637144,21.953837895866883,8.353462157809984,20.96081588835212,4.696725711218465,11.473429951690822,1.6706924315619969,0.4227053140096618,2.898550724637681,0.38915727321524424,
94,27.717391304347824,21.66532474503489,8.272946859903382,20.7662372517445,4.683306494900698,11.594202898550725,1.596886741814278,0.4227053140096618,2.8918411164787976,0.38915727321524424,
95,27.68384326355341,21.041331186258724,8.152173913043478,20.242887815351583,6.407675791733762,11.158078368223295,1.556629092860977,0.4227053140096618,2.9790660225442833,0.35560923242082665,
96,28.099838969404185,20.94068706387547,8.125335480407944,20.095276435856146,6.3070316693505095,11.037305421363392,1.6438539989264627,0.4227053140096618,2.9723564143853998,0.35560923242082665,
97,28.844605475040257,20.598497047772412,8.313204508856682,19.719538378958667,6.132581857219538,10.970209339774557,1.6908212560386473,0.41599570585077833,2.9589371980676327,0.35560923242082665,
98,29.300858829844337,20.40391841116479,8.232689210950081,19.592055823939884,6.119162640901771,10.983628556092324,1.6371443907675791,0.41599570585077833,2.9589371980676327,0.35560923242082665,
99,29.488727858293075,20.189210950080515,8.219269994632313,19.558507783145465,6.038647342995169,10.802469135802468,1.6371443907675791,0.41599570585077833,3.294417606011809,0.35560923242082665,
100,29.683306494900698,20.034889962426195,7.950885668276973,19.424315619967793,6.005099302200751,10.795759527643586,1.6639828234031133,0.41599570585077833,3.670155662909286,0.35560923242082665,
101,30.193236714975846,19.940955448201827,8.105206655931294,19.16935050993022,5.938003220611916,10.72866344605475,1.5029522275899088,0.41599570585077833,3.6500268384326353,0.35560923242082665,
102,30.287171229200215,19.719538378958667,8.319914117015566,19.082125603864736,5.743424584004294,10.61460010735373,1.6975308641975309,0.41599570585077833,3.7640901771336552,0.35560923242082665,
103,24.825550187869027,13.882179280730005,6.139291465378422,34.5276435856146,5.790391841116479,9.655126140633387,1.5499194847020934,0.4092860976918948,2.8650026838432634,0.35560923242082665,
104,24.93961352657005,13.741277509393452,6.199677938808374,34.312936124530324,5.750134192163178,9.54777241009125,1.6170155662909287,0.4025764895330113,3.1333870101986045,0.35560923242082665,
105,25.677670424047236,13.607085346215781,6.085614600107354,34.05797101449275,5.649490069779925,9.460547504025765,1.5499194847020934,0.4025764895330113,3.166935050993022,0.3421900161030596,
106,26.154052603327965,13.506441223832528,5.984970477724101,33.66881374127751,5.615942028985507,9.346484165324744,1.737788513150832,0.4025764895330113,3.166935050993022,0.41599570585077833,
107,26.37546967257112,13.137412775093935,6.219806763285024,33.621846484165324,5.615942028985507,9.333064949006978,1.737788513150832,0.38915727321524424,3.166935050993022,0.4025764895330113,
108,26.744498121309714,12.97638217928073,6.206387546967257,33.45410628019324,5.595813204508857,9.31964573268921,1.6035963499731616,0.38915727321524424,3.307836822329576,0.4025764895330113,
109,26.27482555018787,11.788781535158346,6.018518518518518,32.420826623725176,5.515297906602254,9.272678475577026,1.6774020397208802,0.38915727321524424,6.239935587761675,0.4025764895330113,
110,26.496242619431026,11.621041331186259,6.0587761674718195,32.367149758454104,5.3341384863123995,8.93719806763285,1.6304347826086956,0.38915727321524424,6.414385399892646,0.7514761137949544,
111,26.7512077294686,11.681427804616211,6.239935587761675,31.87734836285561,5.3341384863123995,8.870101986044014,1.7310789049919484,0.38915727321524424,6.374127750939345,0.7514761137949544,
112,26.596886741814277,11.3593666129898,6.199677938808374,26.04669887278583,5.3341384863123995,15.150295222758992,1.7310789049919484,0.38915727321524424,6.488191089640365,0.7045088566827697,
113,26.744498121309714,11.258722490606548,6.213097155126141,26.006441223832528,5.3341384863123995,15.076489533011273,1.7310789049919484,0.38915727321524424,6.488191089640365,0.7581857219538379,
114,26.898819108964037,11.245303274288782,6.300322061191626,25.811862587224905,5.267042404723564,15.029522275899087,1.7310789049919484,0.4562533548040794,6.501610305958132,0.7581857219538379,
115,27.20746108427268,11.11111111111111,6.273483628556092,25.583735909822867,5.166398282340311,14.962426194310252,1.8853998926462694,0.4562533548040794,6.468062265163715,0.8856682769726248,
116,27.34165324745035,11.003757380568974,6.561996779388084,25.167740203972087,5.139559849704777,14.868491680085883,1.8451422436929683,0.4562533548040794,6.655931293612453,0.9594739667203436,
117,27.67042404723564,10.916532474503489,6.535158346752549,25.026838432635532,5.132850241545894,14.734299516908212,1.8115942028985508,0.4562533548040794,6.649221685453569,1.06682769726248,
118,27.85829307568438,10.86285560923242,6.474771873322598,24.792002147074612,5.0858829844337095,14.63365539452496,1.8988191089640365,0.4562533548040794,6.743156199677939,1.1943102522812667,
119,27.563070316693505,10.406602254428341,6.515029522275899,24.422973698336016,5.065754159957058,14.452495974235104,1.8988191089640365,0.43612453032742887,7.890499194847021,1.3486312399355878,
120,27.945517981749866,10.34621578099839,6.515029522275899,24.315619967793882,5.018786902844874,14.2914653784219,1.8317230273752012,0.43612453032742887,7.85024154589372,1.4492753623188406,
121,28.408480944712828,10.25228126677402,6.501610305958132,24.16129898013956,5.018786902844874,14.130434782608695,1.8317230273752012,0.43612453032742887,7.809983896940419,1.4492753623188406,
122,28.482286634460547,10.21202361782072,6.568706387546968,24.020397208803004,5.005367686527107,14.06333870101986,1.8317230273752012,0.43612453032742887,7.950885668276973,1.42914653784219,
123,28.797638217928075,10.158346752549651,6.568706387546968,23.396403650026837,4.958400429414922,13.902308105206655,1.6975308641975309,0.43612453032742887,8.695652173913043,1.3888888888888888,
124,25.462962962962962,9.588030059044552,5.2066559312936125,32.52147074610843,2.281266774020397,13.378958668813741,1.3754696725711217,0.19457863660762212,8.61513687600644,1.3754696725711217,
125,25.885668276972623,9.574610842726784,5.179817498658078,32.11218464841653,2.281266774020397,13.197799248523886,1.6237251744498122,0.19457863660762212,8.57487922705314,1.3754696725711217,
126,26.073537305421365,9.541062801932368,5.347557702630167,30.19994632313473,2.26784755770263,13.191089640365004,1.6103059581320451,0.19457863660762212,10.25228126677402,1.3217928073000538,
127,26.536500268384327,9.440418679549115,5.555555555555555,29.643048845947398,2.26784755770263,13.083735909822867,1.6103059581320451,0.32877079978529256,10.21202361782072,1.3217928073000538,
128,26.570048309178745,9.473966720343531,5.4616210413311865,29.53569511540526,2.7442297369833604,12.97638217928073,1.6103059581320451,0.2952227589908749,10.010735373054214,1.3217928073000538,
129,26.979334406870638,9.333064949006978,5.367686527106817,28.99892646269458,2.7442297369833604,12.869028448738593,1.9189479334406871,0.2952227589908749,10.19189479334407,1.3016639828234031,
130,26.744498121309714,8.225979602791197,7.0450885668276975,28.945249597423512,2.703972088030059,12.76838432635534,1.8786902844873858,0.2952227589908749,9.990606548577563,1.402308105206656,
131,27.20746108427268,8.125335480407944,6.944444444444445,28.703703703703702,2.6704240472356413,12.99651100375738,1.8786902844873858,0.2952227589908749,9.809447128287708,1.3687600644122384,
132,27.34165324745035,8.125335480407944,7.4006977992485234,28.213902308105208,2.7509393451422435,12.86231884057971,1.8719806763285025,0.2952227589908749,9.77589908749329,1.3620504562533549,
133,27.18733225979603,7.971014492753623,8.21256038647343,27.710681696188942,2.6972624798711755,12.808641975308642,1.7579173376274826,0.2952227589908749,9.997316156736447,1.3620504562533549,
134,26.67740203972088,9.5276435856146,8.13875469672571,27.3215244229737,2.38191089640365,12.701288244766506,1.7310789049919484,0.2952227589908749,9.86983360171766,1.3553408480944713,
135,27.093397745571657,9.366612989801396,8.299785292538916,26.85185185185185,2.38191089640365,12.553676865271068,1.932367149758454,0.3488996242619431,9.816156736446592,1.3553408480944713,
136,27.375201288244767,9.286097691894794,10.124798711755233,25.583735909822867,2.368491680085883,11.882716049382717,2.01959205582394,0.3488996242619431,9.668545356951155,1.288244766505636,0.05367686527106817
137,27.435587761674718,8.849973161567364,9.749060654857756,25.38244766505636,3.556092324208266,11.66129898013956,2.0128824476650564,0.3488996242619431,9.588030059044552,1.3620504562533549,0.05367686527106817
138,27.643585614600106,8.796296296296296,9.728931830381105,25.355609232420825,3.4957058507783145,11.600912506709609,1.9994632313472893,0.3488996242619431,9.5276435856146,1.4492753623188406,0.05367686527106817
139,27.91867954911433,8.668813741277509,9.668545356951155,25.348899624261943,3.4957058507783145,11.58749329039184,1.9927536231884058,0.3488996242619431,9.500805152979066,1.415727321524423,0.05367686527106817
140,27.77777777777778,8.514492753623188,9.722222222222221,25.0,4.005636070853462,11.668008588298443,1.9927536231884058,0.4294149221685454,9.420289855072463,1.415727321524423,0.05367686527106817
141,28.039452495974235,7.702630166398282,9.588030059044552,26.167471819645733,3.9184111647879765,11.520397208803006,1.9793344068706387,0.4294149221685454,9.205582393988191,1.3955984970477724,0.05367686527106817
142,28.26086956521739,7.6556629092860975,9.588030059044552,25.95276435856146,3.9049919484702094,11.460010735373054,2.24771873322598,0.4294149221685454,9.05126140633387,1.3955984970477724,0.05367686527106817
143,28.5426731078905,7.75630703166935,9.380032206119163,25.845410628019323,3.9049919484702094,11.439881910896403,2.24771873322598,0.4294149221685454,9.01100375738057,1.3955984970477724,0.04696725711218465
144,28.77750939345142,7.675791733762749,9.54777241009125,25.509930220075148,3.8915727321524423,11.41304347826087,2.2879763821792807,0.4294149221685454,9.084809447128288,1.3352120236178207,0.04696725711218465
145,29.1935050993022,7.514761137949543,9.822866344605474,25.067096081588836,3.8915727321524423,11.352657004830919,2.3483628556092326,0.4294149221685454,8.997584541062801,1.3352120236178207,0.04696725711218465
146,29.508856682769725,7.494632313472893,9.782608695652174,24.838969404186795,3.8848631239935587,11.332528180354267,2.4825550187869028,0.4294149221685454,8.890230810520666,1.3083735909822867,0.04696725711218465
147,29.70343531937735,7.5281803542673105,9.728931830381105,24.65780998389694,3.9519592055823938,11.231884057971014,2.5026838432635534,0.4294149221685454,8.910359634997317,1.3083735909822867,0.04696725711218465
148,30.17981749865808,7.39398819108964,9.681964573268921,24.36929683306495,3.9452495974235107,11.386205045625335,2.462426194310252,0.4294149221685454,8.796296296296296,1.3083735909822867,0.04696725711218465
149,30.46833064949007,7.37385936661299,9.66183574879227,24.154589371980677,3.9452495974235107,11.352657004830919,2.462426194310252,0.4294149221685454,8.796296296296296,1.3083735909822867,0.04696725711218465
150,30.797101449275363,7.306763285024155,9.856414385399892,23.993558776167472,3.9049919484702094,11.18491680085883,2.408749329039184,0.4294149221685454,8.776167471819646,1.2949543746645196,0.04696725711218465
151,31.00509930220075,7.286634460547504,9.829575952764358,23.93317230273752,3.9049919484702094,11.144659151905529,2.395330112721417,0.4294149221685454,8.729200214707461,1.2949543746645196,0.04696725711218465
152,31.226516371443907,7.253086419753086,9.916800858829845,23.79898013955985,3.9049919484702094,11.030595813204508,2.3483628556092326,0.4294149221685454,8.709071390230811,1.3352120236178207,0.04696725711218465
153,31.4345142243693,7.226247987117552,9.688674181427805,23.362855609232422,4.542404723564144,11.010466988727858,2.2410091250670963,0.4294149221685454,8.682232957595277,1.3352120236178207,0.04696725711218465
154,31.924315619967793,7.1658615136876005,9.695383789586689,23.007246376811594,4.414922168545357,11.010466988727858,2.2410091250670963,0.4294149221685454,8.729200214707461,1.3352120236178207,0.04696725711218465
155,32.31347289318304,7.125603864734299,9.668545356951155,22.79253891572732,4.388083735909823,10.970209339774557,2.2074610842726785,0.4294149221685454,8.722490606548577,1.3352120236178207,0.04696725711218465
156,32.427536231884055,7.071926999463232,9.541062801932368,22.564412238325282,4.528985507246377,11.017176596886742,2.328234031132582,0.4294149221685454,8.729200214707461,1.3150831991411702,0.04696725711218465
157,33.11862587224906,7.058507783145465,9.614868491680086,22.0276435856146,4.502147074610843,10.889694041867955,2.314814814814815,0.4294149221685454,8.635265700483092,1.3687600644122384,0.040257648953301126
158,33.333333333333336,7.03166935050993,9.567901234567902,21.987385936661298,4.488727858293076,10.829307568438002,2.2879763821792807,0.4294149221685454,8.635265700483092,1.3687600644122384,0.040257648953301126
159,33.56816961889426,6.998121309715513,9.514224369296834,21.792807300053678,4.488727858293076,10.782340311325818,2.3483628556092326,0.4294149221685454,8.735909822866345,1.3016639828234031,0.040257648953301126
160,33.8365539452496,6.9310252281266775,9.426999463231347,21.611647879763822,4.4753086419753085,10.648148148148149,2.3483628556092326,0.5434782608695652,8.836553945249598,1.3016639828234031,0.040257648953301126
161,33.93719806763285,6.857219538378959,9.473966720343531,21.4573268921095,4.461889425657541,10.661567364465915,2.3483628556092326,0.5434782608695652,8.917069243156199,1.3016639828234031,0.040257648953301126
162,34.38674181427805,6.696188942565755,9.5276435856146,21.35668276972625,4.388083735909823,10.567632850241546,2.3483628556092326,0.5434782608695652,8.896940418679549,1.247987117552335,0.040257648953301126
163,34.64170692431562,6.615673644659152,9.514224369296834,21.30300590445518,4.274020397208803,10.540794417606012,2.395330112721417,0.5300590445517982,8.896940418679549,1.247987117552335,0.040257648953301126
164,34.94363929146538,6.608964036500268,9.836285560923242,20.92055823939882,4.146537842190016,10.513955984970478,2.395330112721417,0.5300590445517982,8.876811594202898,1.1876006441223832,0.040257648953301126
165,35.11137949543747,6.582125603864735,9.769189479334408,20.625335480407944,4.126409017713366,10.701825013419215,2.522812667740204,0.5300590445517982,8.870101986044014,1.1205045625335481,0.040257648953301126
166,35.38647342995169,6.561996779388084,9.75577026301664,20.491143317230275,4.119699409554482,10.520665593129362,2.5697799248523885,0.5300590445517982,8.923778851315083,1.1003757380568975,0.040257648953301126
167,35.93666129898014,6.5485775630703165,9.702093397745571,20.202630166398283,4.166666666666667,10.446859903381643,2.623456790123457,0.5300590445517982,8.702361782071927,1.1003757380568975,0.040257648953301126
168,36.231884057971016,6.461352657004831,9.71551261406334,19.961084272678477,4.253891572732153,10.413311862587225,2.6167471819645733,0.5300590445517982,8.675523349436393,1.1003757380568975,0.040257648953301126
169,36.63446054750403,6.427804616210413,9.816156736446592,19.732957595276435,4.240472356414386,10.339506172839506,2.5831991411701556,0.5099302200751477,8.61513687600644,1.0601180891035964,0.040257648953301126
170,36.72839506172839,6.427804616210413,9.863123993558776,19.605475040257648,4.240472356414386,10.319377348362856,2.7442297369833604,0.5099302200751477,8.467525496511003,1.0534084809447128,0.040257648953301126
171,36.70826623725174,6.360708534621578,10.326086956521738,19.330381105743424,4.233762748255502,10.265700483091788,2.7241009125067097,0.5099302200751477,8.447396672034353,1.0534084809447128,0.040257648953301126
172,36.922973698336016,6.320450885668277,10.82259796027912,18.867418142780462,4.233762748255502,10.111379495437467,2.7106816961889426,0.49651100375738055,8.440687063875469,1.0332796564680622,0.040257648953301126
173,37.07058507783145,6.3137412775093935,10.802469135802468,18.820450885668276,4.233762748255502,10.091250670960816,2.6972624798711755,0.49651100375738055,8.400429414922169,1.0332796564680622,0.040257648953301126
174,37.0504562533548,6.3137412775093935,10.990338164251208,18.699677938808374,4.2203435319377345,10.178475577026301,2.677133655394525,0.43612453032742887,8.360171765968868,1.0332796564680622,0.040257648953301126
175,36.560654857756305,6.0587761674718195,10.990338164251208,18.605743424584006,5.072463768115942,10.138217928073,2.5966183574879227,0.43612453032742887,8.467525496511003,1.0332796564680622,0.040257648953301126
176,36.77536231884058,5.978260869565218,10.976918947933441,18.4044551798175,5.267042404723564,10.138217928073,2.5831991411701556,0.43612453032742887,8.36688137412775,1.0332796564680622,0.040257648953301126
177,36.93639291465379,5.9514224369296835,10.93666129898014,18.38432635534085,5.246913580246914,10.124798711755233,2.5831991411701556,0.39586688137412773,8.36688137412775,1.0332796564680622,0.040257648953301126
178,37.19135802469136,5.8239398819108965,10.768921095008052,18.183038110574344,5.2066559312936125,10.0979602791197,2.5563607085346214,0.3824476650563607,8.729200214707461,1.0198604401502953,0.040257648953301126
179,37.60064412238325,5.750134192163178,10.715244229736983,18.035426731078903,5.186527106816962,10.064412238325282,2.4221685453569513,0.3824476650563607,8.78287707997853,1.0198604401502953,0.040257648953301126
180,37.88244766505636,5.783682232957595,10.48040794417606,17.827428878153516,5.253623188405797,10.11808910359635,2.408749329039184,0.36231884057971014,8.82313472893183,1.0198604401502953,0.040257648953301126
181,38.29844337090714,5.71658615136876,10.61460010735373,17.45169082125604,5.246913580246914,10.017444981213098,2.4557165861513686,0.36231884057971014,8.776167471819646,1.0198604401502953,0.040257648953301126
182,38.405797101449274,5.709876543209877,10.621309715512615,17.330917874396135,5.213365539452496,10.02415458937198,2.509393451422437,0.36231884057971014,8.76274825550188,1.0198604401502953,0.040257648953301126
183,38.687600644122384,5.676328502415459,10.567632850241546,17.270531400966185,5.213365539452496,10.00402576489533,2.509393451422437,0.36231884057971014,8.682232957595277,0.9863123993558777,0.040257648953301126
184,38.79495437466452,5.60252281266774,10.493827160493828,17.20343531937735,5.340848094471283,9.98389694041868,2.509393451422437,0.36231884057971014,8.682232957595277,0.9863123993558777,0.040257648953301126
185,39.049919484702095,5.60252281266774,10.393183038110575,17.01556629092861,5.253623188405797,10.057702630166398,2.589908749329039,0.36231884057971014,8.648684916800859,0.9863123993558777,0.040257648953301126
186,39.16398282340311,5.5689747718733225,10.38647342995169,16.820987654320987,5.199946323134729,10.111379495437467,2.7106816961889426,0.3421900161030596,8.715780998389693,0.95276435856146,0.026838432635534086
187,39.472624798711756,5.428073000536768,10.420021470746109,16.841116478797638,5.10601180891036,9.997316156736447,2.703972088030059,0.30864197530864196,8.769457863660762,0.9259259259259259,0.026838432635534086
188,39.392109500805155,5.253623188405797,10.68840579710145,16.659957058507782,5.052334943639291,10.326086956521738,2.7106816961889426,0.30864197530864196,8.655394524959743,0.9259259259259259,0.026838432635534086
189,38.85534084809447,5.246913580246914,11.044015029522276,16.297638217928075,5.132850241545894,10.198604401502953,2.690552871712292,0.2214170692431562,9.373322597960279,0.9125067096081588,0.026838432635534086
190,39.34514224369297,5.246913580246914,10.815888352120236,16.264090177133657,5.246913580246914,10.010735373054214,2.657004830917874,0.2214170692431562,9.265968867418144,0.8990874932903918,0.026838432635534086
191,39.47933440687064,5.246913580246914,10.869565217391305,16.129898013955984,5.24020397208803,9.970477724100913,2.6502952227589907,0.2214170692431562,9.265968867418144,0.8990874932903918,0.026838432635534086
192,39.9020397208803,5.193236714975845,10.641438539989265,16.0829307568438,5.320719269994632,9.849704777241008,2.6502952227589907,0.2214170692431562,9.212292002147075,0.8990874932903918,0.026838432635534086
193,39.58668813741278,5.22007514761138,10.903113258185721,15.874932903918411,5.293880837359098,9.936929683306495,2.677133655394525,0.2214170692431562,9.386741814278047,0.8722490606548577,0.026838432635534086
194,31.17283950617284,3.643317230273752,8.514492753623188,31.447933440687063,5.032206119162641,9.822866344605474,1.9457863660762211,0.2214170692431562,7.387278582930757,0.8118625872249061,
195,31.46135265700483,3.6097691894793345,8.467525496511003,31.253354804079443,5.0858829844337095,9.816156736446592,1.9793344068706387,0.19457863660762212,7.320182501341922,0.8118625872249061,
196,31.696188942565755,3.5963499731615673,8.407139023081053,31.15271068169619,5.045625335480408,9.73564143853999,1.9793344068706387,0.19457863660762212,7.380568974771873,0.8118625872249061,
197,32.098765432098766,3.5628019323671496,8.333333333333334,30.9044551798175,5.045625335480408,9.681964573268921,2.0665593129361244,0.19457863660762212,7.300053676865271,0.8118625872249061,
198,32.29334406870639,3.515834675254965,8.460815888352121,30.67632850241546,5.112721417069243,9.628287707997853,2.059849704777241,0.14090177133655393,7.300053676865271,0.8118625872249061,
199,32.56172839506173,3.408480944712829,8.272946859903382,29.663177670424048,4.9718196457326895,10.668276972624799,2.1269457863660763,0.14090177133655393,7.37385936661299,0.8118625872249061,
200,32.91733762748255,3.388352120236178,8.232689210950081,29.421631776704242,4.951690821256038,10.748792270531402,2.1269457863660763,0.14090177133655393,7.25979602791197,0.8118625872249061,
201,33.08507783145464,3.4957058507783145,8.225979602791197,29.126409017713364,4.9651100375738055,10.715244229736983,2.1269457863660763,0.14090177133655393,7.326892109500805,0.7917337627482555,
202,33.011272141706925,3.44873859366613,8.279656468062266,29.716854535695116,5.059044551798175,10.50053676865271,2.1269457863660763,0.14090177133655393,6.9243156199677935,0.7917337627482555,
203,33.45410628019324,3.4420289855072466,8.239398819108963,29.441760601180892,5.226784755770263,10.352925389157273,2.1269457863660763,0.14090177133655393,6.78341384863124,0.7917337627482555,
204,33.641975308641975,3.4420289855072466,8.179012345679013,29.1935050993022,5.186527106816962,10.258990874932904,2.1269457863660763,0.14090177133655393,7.0383789586688135,0.7917337627482555,
205,33.9573268921095,3.4420289855072466,8.21256038647343,28.978797638217927,5.267042404723564,10.11808910359635,2.1269457863660763,0.14090177133655393,6.977992485238862,0.7783145464304885,
206,34.225711218464845,3.4151905528717124,8.185721953837897,28.690284487385938,5.233494363929147,10.23215244229737,2.1403650026838434,0.14090177133655393,6.957863660762212,0.7783145464304885,
207,34.54106280193237,3.4151905528717124,8.293075684380032,28.381642512077295,5.307300053676865,10.050993022007514,2.2208803005904456,0.14090177133655393,6.89747718733226,0.7514761137949544,
208,34.796027911969944,3.4017713365539453,8.333333333333334,28.133387010198604,5.300590445517981,10.02415458937198,2.2342995169082127,0.14090177133655393,6.884057971014493,0.7514761137949544,
209,35.05099302200752,3.4017713365539453,8.319914117015566,28.019323671497585,5.287171229200215,9.957058507783145,2.120236178207193,0.14090177133655393,6.951154052603328,0.7514761137949544,
210,35.10466988727858,3.3413848631239937,8.252818035426731,27.730810520665592,5.441492216854535,10.037573805689748,2.120236178207193,0.14090177133655393,7.078636607622115,0.7514761137949544,
211,34.896672034353195,3.3145464304884595,8.252818035426731,27.697262479871174,5.360976918947934,10.272410091250672,2.200751476113795,0.14090177133655393,7.112184648416532,0.7514761137949544,
