,45,50,54,55,51,53,52,57,56,58,59,60
0,82.85024154589372,16.71363392377885,0.11406333870101985,0.322061191626409,,,,,,,,
1,80.06575415995705,19.464573268921097,0.11406333870101985,0.35560923242082665,,,,,,,,
2,74.08078368223296,25.449543746645197,0.11406333870101985,0.35560923242082665,,,,,,,,
3,74.09420289855072,25.449543746645197,0.10064412238325282,0.35560923242082665,,,,,,,,
4,67.94820182501341,31.4345142243693,0.10064412238325282,0.5166398282340311,,,,,,,,
5,67.78717122920021,31.608964036500268,0.08722490606548577,0.5166398282340311,,,,,,,,
6,57.54159957058508,41.619699409554485,0.08722490606548577,0.7514761137949544,,,,,,,,
7,52.63687600644123,38.55340848094471,0.3824476650563607,0.4092860976918948,8.017981749865807,,,,,,,
8,52.20746108427268,38.486312399355874,0.3824476650563607,0.4495437466451959,7.360440150295223,1.1137949543746646,,,,,,
9,52.38191089640365,38.2313472893183,0.3824476650563607,0.6374127750939346,7.253086419753086,1.1137949543746646,,,,,,
10,52.44900697799248,37.76838432635534,0.3824476650563607,1.0064412238325282,7.253086419753086,1.1406333870101986,,,,,,
11,52.34836285560923,37.78180354267311,0.41599570585077833,1.107085346215781,7.226247987117552,1.1205045625335481,,,,,,
12,52.15378421900161,34.92351046698873,0.4428341384863124,1.133923778851315,10.225442834138486,1.1205045625335481,,,,,,
13,48.68491680085883,39.63365539452496,0.4428341384863124,1.261406333870102,8.984165324745035,0.9930220075147611,,,,,,
14,45.37707997852925,42.941492216854535,0.4428341384863124,1.261406333870102,8.984165324745035,0.9930220075147611,,,,,,
15,45.189210950080515,42.51207729468599,0.5770263016639828,1.4761137949543746,9.225711218464841,1.0198604401502953,,,,,,
16,45.16237251744498,41.56602254428341,0.5770263016639828,1.5029522275899088,9.212292002147075,1.0466988727858293,0.9326355340848095,,,,,
17,43.914385399892645,41.277509393451425,0.5770263016639828,1.5029522275899088,10.748792270531402,1.0466988727858293,0.9326355340848095,,,,,
18,42.43827160493827,39.32501341921632,0.5770263016639828,1.2681159420289856,14.42565754159957,1.0466988727858293,0.9192163177670424,,,,,
19,40.83467525496511,37.29200214707461,0.5770263016639828,1.482823403113258,17.847557702630166,1.0466988727858293,0.9192163177670424,,,,,
20,40.80783682232958,36.89613526570049,1.0198604401502953,1.482823403113258,17.827428878153516,1.0466988727858293,0.9192163177670424,,,,,
21,40.51932367149758,36.69484702093398,1.0198604401502953,1.8786902844873858,17.619431025228128,1.3016639828234031,0.966183574879227,,,,,
22,37.506709608158886,40.183843263553406,1.0198604401502953,1.7847557702630166,17.20343531937735,1.3016639828234031,0.966183574879227,0.03354804079441761,,,,
23,37.52012882447665,40.163714439076756,1.0198604401502953,1.8518518518518519,17.143048845947398,1.3016639828234031,0.966183574879227,0.03354804079441761,,,,
24,35.89640365002684,41.80756843800322,1.0064412238325282,1.8518518518518519,17.136339237788512,1.3016639828234031,0.966183574879227,0.03354804079441761,,,,
25,32.82340311325819,42.35775630703167,0.9796027911969941,1.8518518518518519,18.760064412238325,1.6237251744498122,1.570048309178744,0.03354804079441761,,,,
26,32.98443370907139,42.21685453569511,0.9796027911969941,1.8585614600107354,18.746645195920557,1.6103059581320451,1.570048309178744,0.03354804079441761,,,,
27,30.709876543209877,44.538378958668815,0.9796027911969941,1.8585614600107354,18.71309715512614,1.596886741814278,1.570048309178744,0.03354804079441761,,,,
28,27.61003757380569,46.57809983896941,0.8789586688137413,1.8719806763285025,19.860440150295222,1.596886741814278,1.570048309178744,0.03354804079441761,,,,
29,22.15512614063339,58.57487922705314,1.221148684916801,2.737520128824477,14.204240472356414,0.8319914117015567,0.24154589371980675,0.03354804079441761,,,,
30,22.041062801932366,57.43424584004294,2.885131508319914,2.7979066022544283,13.90901771336554,0.6239935587761675,0.24154589371980675,0.06709608158883522,,,,
31,22.0276435856146,54.5222758990875,2.885131508319914,2.7643585614600106,13.841921631776705,0.6239935587761675,3.2675791733762747,0.06709608158883522,,,,
32,22.168545356951153,54.159957058507786,1.4090177133655395,2.844873859366613,14.801395598497047,1.2815351583467525,3.2675791733762747,0.06709608158883522,,,,
33,22.067901234567902,49.82555018786903,1.288244766505636,2.844873859366613,18.92109500805153,1.6841116478797638,3.2675791733762747,0.06709608158883522,0.03354804079441761,,,
34,21.967257112184647,49.73161567364466,1.2748255501878691,2.8381642512077296,18.51851851851852,1.596886741814278,3.851315083199141,0.06709608158883522,0.15432098765432098,,,
35,21.336553945249598,47.70531400966183,1.3083735909822867,2.818035426731079,18.438003220611915,4.280730005367687,3.851315083199141,0.06709608158883522,0.19457863660762212,,,
36,21.041331186258724,47.28260869565217,1.2815351583467525,2.818035426731079,19.061996779388085,4.280730005367687,3.851315083199141,0.06709608158883522,0.3153515834675255,,,
37,20.947396672034355,42.270531400966185,1.2278582930756843,2.8247450348899625,19.0150295222759,9.541062801932368,3.851315083199141,0.06709608158883522,0.2549651100375738,,,
38,21.048040794417606,42.223564143854,1.2278582930756843,2.8247450348899625,19.00161030595813,9.520933977455716,3.8311862587224907,0.06709608158883522,0.2549651100375738,,,
39,19.585346215780998,40.5931293612453,1.1003757380568975,2.8247450348899625,23.047504025764894,9.339774557165862,3.2206119162640903,0.06709608158883522,0.2214170692431562,,,
40,18.820450885668276,39.03650026838432,1.1003757380568975,2.9924852388620504,28.415190552871714,9.125067096081589,0.19457863660762212,0.06709608158883522,0.24825550187869028,,,
41,18.625872249060656,38.10386473429951,1.06682769726248,3.193773483628556,29.341116478797638,9.084809447128288,0.19457863660762212,0.06709608158883522,0.28180354267310787,0.040257648953301126,,
42,13.848631239935587,43.79361245303274,1.0332796564680622,2.965646806226516,28.958668813741276,8.816425120772946,0.19457863660762212,0.06709608158883522,0.28180354267310787,0.040257648953301126,,
43,13.90901771336554,43.525228126677405,0.9930220075147611,2.965646806226516,28.30112721417069,7.615405260332796,1.9592055823939882,0.06709608158883522,0.322061191626409,0.3421900161030596,,
44,14.06333870101986,43.45142243692968,0.9930220075147611,2.965646806226516,28.119967793880836,7.615405260332796,1.9592055823939882,0.06709608158883522,0.4227053140096618,0.3421900161030596,,
45,13.862050456253355,41.8142780461621,0.6508319914117016,2.636876006441224,27.563070316693505,7.62211486849168,5.018786902844874,0.06709608158883522,0.4227053140096618,0.3421900161030596,,
46,13.774825550187868,41.532474503489,0.6508319914117016,2.636876006441224,24.973161567364468,7.62211486849168,7.924047235641439,0.06709608158883522,0.47638217928073,0.3421900161030596,,
47,13.895598497047773,39.754428341384866,0.6508319914117016,2.636876006441224,24.88593666129898,9.460547504025765,7.924047235641439,0.06709608158883522,0.41599570585077833,0.30864197530864196,,
48,13.533279656468062,35.40660225442834,3.898282340311326,2.5831991411701556,28.31454643048846,7.367149758454106,7.890499194847021,0.06709608158883522,0.630703166935051,0.30864197530864196,,
49,13.580246913580247,35.37305421363392,3.9049919484702094,2.5831991411701556,29.20692431561997,7.367149758454106,6.977992485238862,0.06709608158883522,0.630703166935051,0.30864197530864196,,
50,13.6406333870102,35.34621578099839,3.9049919484702094,2.6435856146001075,29.045893719806763,7.367149758454106,6.977992485238862,0.06709608158883522,0.6977992485238862,0.30864197530864196,,
51,13.768115942028986,35.225442834138484,3.9049919484702094,2.6435856146001075,27.905260332796566,7.367149758454106,7.98443370907139,0.06709608158883522,0.8252818035426731,0.30864197530864196,,
52,13.479602791196994,34.634997316156735,4.817498658078368,2.6637144390767578,28.77079978529254,7.367149758454106,7.065217391304348,0.06709608158883522,0.8252818035426731,0.30864197530864196,,
53,13.41250670960816,34.77589908749329,4.817498658078368,2.6637144390767578,28.703703703703702,7.367149758454106,7.065217391304348,0.06709608158883522,0.8185721953837896,0.30864197530864196,,
54,13.45276435856146,34.77589908749329,4.770531400966184,2.6637144390767578,28.67686527106817,7.360440150295223,7.065217391304348,0.06709608158883522,0.8185721953837896,0.3488996242619431,,
55,13.513150831991412,34.76247987117552,4.750402576489533,2.932098765432099,28.381642512077295,7.360440150295223,7.065217391304348,0.06709608158883522,0.8185721953837896,0.3488996242619431,,
56,13.56682769726248,34.75577026301664,4.730273752012883,2.985775630703167,27.536231884057973,8.246108427267847,7.024959742351046,0.06709608158883522,0.7380568974771873,0.3488996242619431,,
57,13.654052603327965,34.68867418142781,4.730273752012883,3.052871712292002,27.449006977992486,8.246108427267847,7.024959742351046,0.06709608158883522,0.7380568974771873,0.3488996242619431,,
58,13.654052603327965,34.43370907139023,4.669887278582931,3.026033279656468,29.025764895330113,8.246108427267847,5.911164787976382,0.06709608158883522,0.6172839506172839,0.3488996242619431,,
59,12.889157273215245,32.387278582930755,5.891035963499732,2.6637144390767578,27.140365002683843,12.084004294149223,5.884326355340848,0.0939345142243693,0.6172839506172839,0.3488996242619431,,
60,11.788781535158346,19.82018250134192,4.931561996779388,2.2879763821792807,42.80059044551798,11.688137412775093,5.689747718733226,0.0939345142243693,0.5501878690284487,0.3488996242619431,,
61,11.896135265700483,19.806763285024154,4.924852388620504,2.2879763821792807,42.74020397208803,11.66129898013956,5.689747718733226,0.0939345142243693,0.5501878690284487,0.3488996242619431,,
62,11.990069779924852,19.806763285024154,4.924852388620504,2.2745571658615136,42.70665593129361,11.621041331186259,5.656199677938808,0.0939345142243693,0.5770263016639828,0.3488996242619431,,
63,11.808910359634996,16.914922168545356,4.549114331723027,2.6637144390767578,40.21739130434783,9.219001610305957,14.076757917337627,0.0939345142243693,0.36902844873859364,0.08722490606548577,,
64,11.66129898013956,16.029253891572733,3.8311862587224907,2.5966183574879227,47.436929683306495,6.602254428341385,11.486849168008588,0.03354804079441761,0.19457863660762212,0.08722490606548577,0.040257648953301126,
65,11.688137412775093,16.015834675254965,3.8311862587224907,2.5966183574879227,47.42351046698873,6.602254428341385,11.486849168008588,0.03354804079441761,0.19457863660762212,0.08722490606548577,0.040257648953301126,
66,11.83574879227053,16.015834675254965,5.904455179817498,2.6704240472356413,45.14224369296833,6.622383252818035,11.426462694578637,0.03354804079441761,0.2214170692431562,0.08722490606548577,0.040257648953301126,
67,11.855877616747183,16.015834675254965,6.172839506172839,2.6704240472356413,44.867149758454104,6.615673644659152,11.332528180354267,0.12077294685990338,0.2214170692431562,0.08722490606548577,0.040257648953301126,
68,11.788781535158346,15.868223295759528,6.172839506172839,2.6704240472356413,41.99543746645196,6.615673644659152,14.526301663982823,0.12077294685990338,0.11406333870101985,0.08722490606548577,0.040257648953301126,
69,11.976650563607086,15.848094471282877,6.172839506172839,2.623456790123457,41.89479334406871,6.608964036500268,14.378690284487385,0.2214170692431562,0.15432098765432098,0.08051529790660225,0.040257648953301126,
70,11.902844873859367,12.614063338701019,6.159420289855072,2.536231884057971,45.840042941492214,6.588835212023618,13.66076221148685,0.2214170692431562,0.36902844873859364,0.06709608158883522,0.040257648953301126,
71,11.929683306494901,12.493290391841116,6.159420289855072,2.657004830917874,45.813204508856685,6.588835212023618,13.66076221148685,0.2214170692431562,0.36902844873859364,0.06709608158883522,0.040257648953301126,
72,11.98336017176597,12.211486849168008,6.159420289855072,2.8113258185721954,48.15485775630703,4.361245303274289,13.66076221148685,0.2214170692431562,0.36902844873859364,0.06709608158883522,,
73,12.130971551261407,12.184648416532475,6.139291465378422,3.8848631239935587,46.77938808373591,4.361245303274289,13.633923778851315,0.2214170692431562,0.5971551261406334,0.06709608158883522,,
74,11.58749329039184,11.003757380568974,5.763553408480945,2.952227589908749,44.85373054213634,9.373322597960279,13.519860440150294,0.322061191626409,0.5770263016639828,0.04696725711218465,,
75,11.506977992485238,11.003757380568974,5.763553408480945,2.952227589908749,44.83360171765969,9.4873859366613,13.506441223832528,0.322061191626409,0.5770263016639828,0.04696725711218465,,
76,11.808910359634996,11.003757380568974,5.709876543209877,2.9388083735909825,44.69269994632314,9.460547504025765,13.439345142243694,0.322061191626409,0.5770263016639828,0.04696725711218465,,
77,11.735104669887278,10.258990874932904,5.629361245303274,4.079441760601181,44.35050993022008,9.104938271604938,13.238056897477188,0.3488996242619431,1.247987117552335,0.0067096081588835215,,
78,11.386205045625335,10.23215244229737,5.629361245303274,3.7573805689747717,46.39023081052066,8.80300590445518,12.318840579710145,0.3488996242619431,1.1272141706924315,0.0067096081588835215,,
79,11.574074074074074,10.23215244229737,5.629361245303274,3.898282340311326,46.12855609232421,8.709071390230811,12.29200214707461,0.3488996242619431,1.1808910359634996,0.0067096081588835215,,
80,11.694847020933977,10.178475577026301,5.797101449275362,3.7037037037037037,46.02120236178207,8.709071390230811,12.27187332259796,0.3488996242619431,1.2681159420289856,0.0067096081588835215,,
81,11.75523349436393,10.165056360708535,5.797101449275362,3.6768652710681695,45.370370370370374,8.695652173913043,12.218196457326892,0.38915727321524424,1.9256575415995705,0.0067096081588835215,,
82,11.674718196457327,9.5276435856146,5.730005367686527,3.6768652710681695,42.572463768115945,10.856146001073537,13.6406333870102,0.38915727321524424,1.892109500805153,0.040257648953301126,,
83,11.2788513150832,9.111647879763822,5.676328502415459,4.569243156199678,41.97530864197531,10.809178743961352,14.150563607085346,0.36902844873859364,2.01959205582394,0.040257648953301126,,
84,11.131239935587761,7.481213097155126,5.22007514761138,3.535963499731616,40.81454643048846,11.594202898550725,17.793880837359097,0.36902844873859364,2.01959205582394,0.040257648953301126,,
85,11.044015029522276,7.481213097155126,3.455448201825013,3.361513687600644,45.6454643048846,8.910359634997317,17.793880837359097,0.36902844873859364,1.8988191089640365,0.040257648953301126,,
86,11.144659151905529,7.434245840042942,3.455448201825013,3.3548040794417604,45.471014492753625,8.910359634997317,17.76033279656468,0.36902844873859364,2.059849704777241,0.040257648953301126,,
87,9.86983360171766,8.80300590445518,3.4420289855072466,2.7442297369833604,43.887546967257116,8.910359634997317,19.665861513687602,0.33548040794417605,2.301395598497048,0.040257648953301126,,
88,9.990606548577563,8.776167471819646,3.4420289855072466,2.7442297369833604,43.484970477724104,8.910359634997317,19.665861513687602,0.33548040794417605,2.61003757380569,0.040257648953301126,,
89,9.75577026301664,8.756038647342995,3.8580246913580245,3.2206119162640903,43.49838969404187,8.84326355340848,19.598765432098766,0.33548040794417605,2.0933977455716586,0.040257648953301126,,
90,9.681964573268921,8.588298443370908,3.844605475040258,3.2206119162640903,43.68625872249061,8.923778851315083,19.57192699946323,0.33548040794417605,2.0933977455716586,0.040257648953301126,0.013419216317767043,
91,9.722222222222221,8.668813741277509,3.81105743424584,3.2206119162640903,43.63929146537842,8.910359634997317,19.53166935050993,0.33548040794417605,2.073268921095008,0.040257648953301126,0.04696725711218465,
92,9.742351046698873,8.514492753623188,3.81105743424584,3.3480944712828773,37.03703703703704,8.910359634997317,26.060118089103597,0.3757380568974772,2.1135265700483092,0.040257648953301126,0.04696725711218465,
93,9.359903381642512,8.387010198604402,3.81105743424584,2.771068169618894,41.0829307568438,8.896940418679549,22.852925389157274,0.8990874932903918,1.8518518518518519,0.040257648953301126,0.04696725711218465,
94,9.460547504025765,8.333333333333334,4.106280193236715,2.771068169618894,41.035963499731615,8.883521202361782,22.604669887278583,0.8789586688137413,1.8518518518518519,0.040257648953301126,0.03354804079441761,
95,9.50751476113795,8.319914117015566,4.106280193236715,2.9052603327965647,40.89506172839506,8.856682769726248,22.604669887278583,0.8789586688137413,1.8518518518518519,0.040257648953301126,0.03354804079441761,
96,9.447128287707997,8.293075684380032,4.032474503488996,2.9052603327965647,38.399087493290395,11.56736446591519,22.443639291465377,1.0534084809447128,1.7847557702630166,0.040257648953301126,0.03354804079441761,
97,9.480676328502415,8.293075684380032,4.032474503488996,2.9052603327965647,38.33199141170156,11.56736446591519,22.342995169082126,1.1540526033279657,1.7847557702630166,0.07380568974771873,0.03354804079441761,
98,9.494095544820183,8.279656468062266,4.367954911433173,2.898550724637681,36.61433172302738,11.54723564143854,23.778851315083198,1.1540526033279657,1.7579173376274826,0.07380568974771873,0.03354804079441761,
99,9.554482018250134,8.266237251744498,4.62962962962963,3.0931293612453032,36.40633387010199,11.52710681696189,23.637949543746647,1.093666129898014,1.6841116478797638,0.07380568974771873,0.03354804079441761,
100,9.648416532474503,8.266237251744498,4.938271604938271,3.0931293612453032,36.33252818035427,11.252012882447666,23.51046698872786,1.1674718196457328,1.6841116478797638,0.07380568974771873,0.03354804079441761,
101,9.71551261406334,8.232689210950081,4.924852388620504,3.1199677938808374,36.198336017176594,11.225174449812132,23.47691894793344,1.1607622114868492,1.8384326355340848,0.07380568974771873,0.03354804079441761,
102,9.749060654857756,8.232689210950081,4.911433172302737,3.1199677938808374,35.35963499731616,11.211755233494364,22.094739667203434,1.1607622114868492,4.052603327965647,0.07380568974771873,0.03354804079441761,
103,9.86983360171766,8.232689210950081,4.898013955984971,3.1199677938808374,35.11137949543747,11.191626409017713,22.034353193773484,1.1607622114868492,4.233762748255502,0.11406333870101985,0.03354804079441761,
104,9.782608695652174,15.277777777777779,4.898013955984971,3.1535158346752548,32.49463231347289,6.890767579173376,21.672034353193773,1.133923778851315,4.549114331723027,0.11406333870101985,0.03354804079441761,
105,9.326355340848094,15.183843263553408,4.898013955984971,3.193773483628556,32.971014492753625,6.890767579173376,21.631776704240472,1.1674718196457328,4.5893719806763285,0.11406333870101985,0.03354804079441761,
106,8.427267847557703,14.257917337627482,4.133118625872249,2.9253891572732154,42.53220611916264,7.239667203435319,16.935050993022006,0.5367686527106817,2.8381642512077296,0.11406333870101985,0.03354804079441761,0.026838432635534086
107,8.474235104669887,14.210950080515298,4.3478260869565215,2.945517981749866,41.90150295222759,7.232957595276436,17.619431025228128,0.5636070853462157,2.5295222758990876,0.11406333870101985,0.03354804079441761,0.026838432635534086
108,8.333333333333334,13.66076221148685,3.5963499731615673,2.9723564143853998,43.75335480407944,6.816961889425658,17.60601180891036,0.5636070853462157,2.5496511003757383,0.11406333870101985,0.0067096081588835215,0.026838432635534086
109,8.494363929146537,13.66076221148685,3.5963499731615673,2.9723564143853998,43.65271068169619,6.796833064949007,17.51207729468599,0.5636070853462157,2.6033279656468062,0.11406333870101985,0.0067096081588835215,0.026838432635534086
110,8.527911969940956,13.66076221148685,3.5963499731615673,2.9723564143853998,43.303811057434245,6.796833064949007,17.465110037573805,0.6038647342995169,2.9253891572732154,0.11406333870101985,0.0067096081588835215,0.026838432635534086
111,8.635265700483092,13.499731615673644,3.4151905528717124,3.113258185721954,43.23671497584541,5.938003220611916,18.511808910359633,0.5904455179817498,2.9119699409554483,0.11406333870101985,0.0067096081588835215,0.026838432635534086
112,8.668813741277509,13.499731615673644,3.4151905528717124,3.113258185721954,43.00858829844337,6.239935587761675,18.411164787976382,0.5837359098228664,2.9119699409554483,0.11406333870101985,0.0067096081588835215,0.026838432635534086
113,8.78287707997853,13.459473966720344,3.4151905528717124,3.099838969404187,42.954911433172306,6.239935587761675,18.4044551798175,0.5837359098228664,2.9119699409554483,0.11406333870101985,0.0067096081588835215,0.026838432635534086
114,8.870101986044014,13.459473966720344,3.4151905528717124,3.7104133118625873,42.25711218464841,6.239935587761675,18.4044551798175,0.5837359098228664,2.9119699409554483,0.11406333870101985,0.0067096081588835215,0.026838432635534086
115,8.970746108427267,13.459473966720344,3.4151905528717124,3.7104133118625873,42.069243156199676,6.239935587761675,18.344068706387546,0.5837359098228664,3.0595813204508855,0.11406333870101985,0.0067096081588835215,0.026838432635534086
116,8.917069243156199,13.405797101449275,6.709608158883521,3.7372517444981215,39.761137949543745,6.239935587761675,17.498658078368223,0.5837359098228664,2.999194847020934,0.11406333870101985,0.0067096081588835215,0.026838432635534086
117,9.044551798174986,13.405797101449275,6.696188942565755,3.7037037037037037,39.44578636607622,6.132581857219538,17.465110037573805,0.5837359098228664,3.2675791733762747,0.2214170692431562,0.0067096081588835215,0.026838432635534086
118,8.856682769726248,11.486849168008588,6.66935050993022,3.6634460547504024,41.706924315619965,6.085614600107354,17.45169082125604,0.5636070853462157,3.260869565217391,0.2214170692431562,0.0067096081588835215,0.026838432635534086
119,8.950617283950617,11.486849168008588,6.66935050993022,3.6634460547504024,41.646537842190014,6.072195383789587,17.411433172302736,0.5636070853462157,3.280998389694042,0.2214170692431562,0.0067096081588835215,0.026838432635534086
120,9.145195920558239,11.386205045625335,6.642512077294686,3.7104133118625873,41.532474503489,6.072195383789587,17.411433172302736,0.5636070853462157,3.280998389694042,0.2214170692431562,0.0067096081588835215,0.026838432635534086
121,9.158615136876007,10.795759527643586,6.5485775630703165,3.6366076221148687,41.035963499731615,7.360440150295223,17.391304347826086,0.5636070853462157,3.1602254428341383,0.3153515834675255,0.0067096081588835215,0.026838432635534086
122,9.104938271604938,8.205850778314547,6.085614600107354,2.8113258185721954,39.01637144390767,6.749865807836822,23.698336017176597,0.6575415995705851,3.4151905528717124,0.2214170692431562,0.0067096081588835215,0.026838432635534086
123,9.172034353193773,8.205850778314547,6.085614600107354,2.8113258185721954,38.94927536231884,6.716317767042405,23.698336017176597,0.6575415995705851,3.4151905528717124,0.2549651100375738,0.0067096081588835215,0.026838432635534086
124,9.125067096081589,5.025496511003757,10.064412238325282,2.7509393451422435,38.399087493290395,6.716317767042405,23.557434245840042,0.6575415995705851,3.4151905528717124,0.2549651100375738,0.0067096081588835215,0.026838432635534086
125,9.158615136876007,5.025496511003757,9.990606548577563,3.992216854535695,38.38566827697262,6.696188942565755,22.282608695652176,0.7917337627482555,3.388352120236178,0.2549651100375738,0.0067096081588835215,0.026838432635534086
126,9.205582393988191,5.052334943639291,10.178475577026301,4.086151368760064,36.71497584541063,8.07836822329576,21.953837895866883,0.7514761137949544,3.656736446591519,0.2885131508319914,0.0067096081588835215,0.026838432635534086
127,9.359903381642512,5.018786902844874,10.044283413848632,4.180085882984434,35.74208266237252,9.353193773483628,21.85319377348363,0.7514761137949544,3.374932903918411,0.2885131508319914,0.0067096081588835215,0.026838432635534086
128,9.406870638754697,5.018786902844874,10.19189479334407,4.066022544283414,35.67498658078368,9.29951690821256,21.792807300053678,0.7514761137949544,3.475577026301664,0.2885131508319914,0.0067096081588835215,0.026838432635534086
129,9.5276435856146,5.018786902844874,11.07085346215781,4.05931293612453,34.93022007514761,9.252549651100376,21.74584004294149,0.7514761137949544,3.321256038647343,0.2885131508319914,0.0067096081588835215,0.026838432635534086
130,9.594739667203436,5.018786902844874,11.057434245840042,4.05931293612453,34.88996242619431,9.252549651100376,21.73913043478261,0.7514761137949544,3.3145464304884595,0.2885131508319914,0.0067096081588835215,0.026838432635534086
131,9.64170692431562,4.998658078368224,11.003757380568974,4.05931293612453,34.80273752012882,9.23913043478261,21.732420826623724,0.8118625872249061,3.388352120236178,0.2885131508319914,0.0067096081588835215,0.026838432635534086
132,8.984165324745035,4.508856682769726,9.836285560923242,3.307836822329576,43.21658615136876,8.796296296296296,17.713365539452496,0.8722490606548577,2.5831991411701556,0.17444981213097155,0.0067096081588835215,
133,9.091519055287172,4.502147074610843,9.836285560923242,3.2742887815351582,42.93478260869565,8.78287707997853,17.68652710681696,0.8521202361782072,2.85829307568438,0.17444981213097155,0.0067096081588835215,
134,9.16532474503489,4.502147074610843,9.809447128287708,3.7573805689747717,42.552334943639295,8.648684916800859,17.68652710681696,0.8521202361782072,2.9052603327965647,0.11406333870101985,0.0067096081588835215,
135,9.25925925925926,4.448470209339774,10.513955984970478,3.7573805689747717,42.47181964573269,8.53462157809984,16.867954911433173,0.8521202361782072,2.9052603327965647,0.11406333870101985,0.27509393451422437,
136,9.145195920558239,4.448470209339774,9.581320450885668,3.1333870101986045,46.69216317767042,6.790123456790123,16.445249597423512,0.7246376811594203,2.703972088030059,0.06038647342995169,0.27509393451422437,
137,9.29951690821256,4.435050993022007,9.567901234567902,3.126677402039721,46.61164787976382,6.776704240472356,16.384863123993558,0.7246376811594203,2.703972088030059,0.0939345142243693,0.27509393451422437,
138,9.27938808373591,4.247181964573269,10.453569511540525,2.932098765432099,46.51771336553945,6.716317767042405,16.056092324208265,0.7246376811594203,2.703972088030059,0.0939345142243693,0.27509393451422437,
139,9.54777241009125,4.247181964573269,10.426731078904991,2.9119699409554483,46.443907675791735,6.716317767042405,16.015834675254965,0.7246376811594203,2.5966183574879227,0.0939345142243693,0.27509393451422437,
140,9.5276435856146,4.247181964573269,9.883252818035427,2.717391304347826,47.55099302200752,6.622383252818035,15.747450348899624,0.7246376811594203,2.61003757380569,0.0939345142243693,0.27509393451422437,
141,9.5276435856146,4.2270531400966185,10.00402576489533,2.717391304347826,47.40338164251208,6.541867954911433,15.613258185721953,0.8655394524959742,2.7308105206655933,0.0939345142243693,0.27509393451422437,
142,9.675254965110037,4.213633923778851,10.00402576489533,2.703972088030059,47.32286634460547,6.541867954911433,15.579710144927537,0.8588298443370908,2.7308105206655933,0.0939345142243693,0.27509393451422437,
143,9.702093397745571,4.213633923778851,10.017444981213098,2.6838432635534084,47.30273752012882,6.541867954911433,15.579710144927537,0.8588298443370908,2.7308105206655933,0.0939345142243693,0.27509393451422437,
144,9.675254965110037,3.9720880300590444,10.151637144390767,2.6838432635534084,48.027375201288244,5.897745571658615,15.526033279656469,0.8588298443370908,2.8381642512077296,0.0939345142243693,0.27509393451422437,
145,9.769189479334408,3.9720880300590444,10.151637144390767,2.6838432635534084,47.98040794417606,5.884326355340848,15.519323671497585,0.8588298443370908,2.8113258185721954,0.0939345142243693,0.27509393451422437,
146,9.916800858829845,3.965378421900161,10.138217928073,2.6838432635534084,47.725442834138484,5.870907139023081,15.5126140633387,0.8588298443370908,2.9589371980676327,0.0939345142243693,0.27509393451422437,
147,9.702093397745571,3.8714439076757916,10.111379495437467,2.657004830917874,48.752012882447666,5.615942028985507,15.150295222758992,0.8319914117015567,2.9388083735909825,0.0939345142243693,0.27509393451422437,
148,9.957058507783145,3.864734299516908,10.050993022007514,2.657004830917874,48.59769189479334,5.60252281266774,15.11003757380569,0.8319914117015567,2.932098765432099,0.12077294685990338,0.27509393451422437,
149,9.440418679549115,3.864734299516908,8.239398819108963,2.2879763821792807,53.616478797638216,4.341116478797638,14.11701556629093,1.0265700483091786,2.7308105206655933,0.06038647342995169,0.27509393451422437,
150,9.66183574879227,3.864734299516908,8.239398819108963,2.314814814814815,53.40177133655394,4.341116478797638,14.110305958132045,1.0131508319914118,2.717391304347826,0.06038647342995169,0.27509393451422437,
151,9.73564143853999,3.8580246913580245,8.205850778314547,2.3215244229736984,53.234031132581855,4.320987654320987,14.110305958132045,1.0131508319914118,2.8650026838432634,0.06038647342995169,0.27509393451422437,
152,9.66183574879227,3.7775093934514223,8.031400966183575,2.3081052066559313,51.80488459473967,4.280730005367687,15.747450348899624,1.0131508319914118,3.0394524959742353,0.06038647342995169,0.27509393451422437,
153,9.73564143853999,3.7775093934514223,7.809983896940419,2.3081052066559313,51.731078904991946,4.280730005367687,15.747450348899624,1.0131508319914118,3.0394524959742353,0.06038647342995169,0.49651100375738055,
154,9.749060654857756,3.7640901771336552,7.809983896940419,2.3081052066559313,49.704777241009126,6.3137412775093935,15.74074074074074,1.0131508319914118,3.0394524959742353,0.06038647342995169,0.49651100375738055,
155,9.849704777241008,3.8043478260869565,7.809983896940419,2.3081052066559313,49.604133118625874,6.273483628556092,15.74074074074074,1.0131508319914118,3.0394524959742353,0.06038647342995169,0.49651100375738055,
156,9.876543209876543,3.8043478260869565,7.7898550724637685,2.3081052066559313,49.503488996242616,6.273483628556092,14.935587761674718,1.8585614600107354,3.0931293612453032,0.06038647342995169,0.49651100375738055,
157,9.970477724100913,3.8043478260869565,7.628824476650563,2.1739130434782608,49.382716049382715,6.561996779388084,14.928878153515834,1.865271068169619,3.126677402039721,0.06038647342995169,0.49651100375738055,
158,10.151637144390767,3.8043478260869565,7.601986044015029,2.5831991411701556,49.080783682232955,6.561996779388084,14.80810520665593,1.865271068169619,2.985775630703167,0.06038647342995169,0.49651100375738055,
159,10.332796564680622,3.8043478260869565,7.561728395061729,2.5831991411701556,48.94659151905529,6.561996779388084,14.794685990338165,1.865271068169619,2.9589371980676327,0.06038647342995169,0.49651100375738055,0.03354804079441761
160,10.373054213633925,3.7775093934514223,7.561728395061729,2.5831991411701556,48.49704777241009,7.085346215780999,14.754428341384862,1.8585614600107354,2.918679549114332,0.06038647342995169,0.49651100375738055,0.03354804079441761
161,10.520665593129362,3.7775093934514223,7.561728395061729,2.5831991411701556,48.349436392914654,7.085346215780999,14.754428341384862,1.8585614600107354,2.918679549114332,0.06038647342995169,0.49651100375738055,0.03354804079441761
162,10.621309715512615,3.7775093934514223,7.5348899624261945,2.5831991411701556,48.22866344605475,7.065217391304348,14.74771873322598,1.8585614600107354,2.9924852388620504,0.06038647342995169,0.49651100375738055,0.03354804079441761
163,10.044283413848632,3.3279656468062266,7.5348899624261945,2.5831991411701556,49.074074074074076,6.884057971014493,14.78797638217928,1.8585614600107354,3.1468062265163717,0.2281266774020397,0.49651100375738055,0.03354804079441761
164,10.050993022007514,3.3279656468062266,7.5348899624261945,2.5831991411701556,49.013687600644126,6.863929146537842,14.9020397208803,1.8183038110574343,3.1468062265163717,0.2281266774020397,0.49651100375738055,0.03354804079441761
165,10.205314009661835,3.3279656468062266,7.5281803542673105,2.5831991411701556,48.91304347826087,6.837090713902308,14.794685990338165,1.90552871712292,3.1468062265163717,0.2281266774020397,0.49651100375738055,0.03354804079441761
166,10.165056360708535,3.166935050993022,7.152442297369833,2.7643585614600106,47.27589908749329,8.910359634997317,14.794685990338165,1.90552871712292,3.1065485775630703,0.2281266774020397,0.49651100375738055,0.03354804079441761
167,10.198604401502953,3.166935050993022,7.152442297369833,2.7643585614600106,47.148416532474506,8.910359634997317,14.734299516908212,1.9390767579173376,3.227321524422974,0.2281266774020397,0.49651100375738055,0.03354804079441761
168,9.608158883521202,2.6301663982823404,6.608964036500268,3.0327428878153517,50.77831454643049,7.340311325818572,14.264626945786366,1.9390767579173376,3.1870638754696725,0.08722490606548577,0.48980139559849706,0.03354804079441761
169,9.420289855072463,2.61003757380569,6.387546967257112,3.0327428878153517,53.04616210413312,7.071926999463232,12.828770799785293,1.8048845947396672,3.1602254428341383,0.08722490606548577,0.48980139559849706,0.06038647342995169
170,9.460547504025765,2.61003757380569,6.360708534621578,3.0327428878153517,53.03274288781535,7.071926999463232,12.828770799785293,1.8048845947396672,3.1602254428341383,0.08722490606548577,0.48980139559849706,0.06038647342995169
171,9.265968867418144,2.589908749329039,6.3137412775093935,3.0730005367686526,52.11352657004831,8.185721953837897,12.815351583467525,1.8048845947396672,3.2004830917874396,0.08722490606548577,0.48980139559849706,0.06038647342995169
172,9.406870638754697,2.589908749329039,6.286902844873859,3.0193236714975846,52.05984970477724,8.185721953837897,12.815351583467525,1.8048845947396672,3.193773483628556,0.08722490606548577,0.48980139559849706,0.06038647342995169
173,9.71551261406334,2.5831991411701556,6.253354804079442,2.985775630703167,50.959473966720346,9.16532474503489,12.761674718196458,1.8048845947396672,3.1333870101986045,0.08722490606548577,0.48980139559849706,0.06038647342995169
174,9.842995169082126,2.5697799248523885,6.253354804079442,2.985775630703167,50.556897477187334,9.151905528717123,12.734836285560924,1.8048845947396672,3.4621578099838968,0.08722490606548577,0.48980139559849706,0.06038647342995169
175,9.943639291465379,2.5697799248523885,6.273483628556092,2.9589371980676327,50.496511003757384,9.131776704240472,12.72812667740204,1.7713365539452497,3.488996242619431,0.08722490606548577,0.48980139559849706,0.06038647342995169
176,10.144927536231885,2.5697799248523885,6.246645195920558,2.9589371980676327,50.275093934514224,9.104938271604938,12.714707461084272,1.7713365539452497,3.5762211486849167,0.08722490606548577,0.48980139559849706,0.06038647342995169
177,10.19189479334407,2.5563607085346214,6.340579710144928,2.9589371980676327,49.20826623725174,9.03113258185722,12.701288244766506,1.7646269457863661,4.609500805152979,0.08722490606548577,0.48980139559849706,0.06038647342995169
178,10.305958132045088,2.5563607085346214,6.333870101986044,2.9589371980676327,49.080783682232955,8.99087493290392,12.734836285560924,1.7646269457863661,4.636339237788513,0.08722490606548577,0.48980139559849706,0.06038647342995169
179,10.493827160493828,2.5429414922168547,6.333870101986044,2.9589371980676327,48.97342995169082,8.984165324745035,12.681159420289855,1.7579173376274826,4.636339237788513,0.08722490606548577,0.48980139559849706,0.06038647342995169
180,10.493827160493828,2.5429414922168547,6.340579710144928,3.1333870101986045,48.718464841653244,8.970746108427267,12.681159420289855,1.751207729468599,4.730273752012883,0.08722490606548577,0.48980139559849706,0.06038647342995169
181,10.466988727858293,2.5429414922168547,5.776972624798712,3.1333870101986045,48.101180891035966,8.964036500268385,13.580246913580247,1.751207729468599,5.045625335480408,0.08722490606548577,0.48980139559849706,0.06038647342995169
182,10.567632850241546,2.623456790123457,5.743424584004294,3.2675791733762747,47.86634460547504,8.950617283950617,13.546698872785829,1.751207729468599,5.059044551798175,0.08722490606548577,0.47638217928073,0.06038647342995169
183,10.68840579710145,2.623456790123457,5.743424584004294,3.2675791733762747,47.698604401502955,8.950617283950617,13.533279656468062,1.751207729468599,5.119431025228127,0.08722490606548577,0.47638217928073,0.06038647342995169
184,10.795759527643586,2.6972624798711755,5.736714975845411,3.2340311325818574,47.57783145464305,8.950617283950617,13.513150831991412,1.751207729468599,5.119431025228127,0.08722490606548577,0.47638217928073,0.06038647342995169
185,10.916532474503489,2.6972624798711755,5.917874396135265,3.7104133118625873,47.014224369296834,8.702361782071927,13.305152979066023,1.865271068169619,5.260332796564681,0.07380568974771873,0.47638217928073,0.06038647342995169
186,10.983628556092324,2.7509393451422435,5.904455179817498,3.6902844873859366,46.806226516371446,8.715780998389693,13.291733762748256,1.865271068169619,5.381105743424584,0.07380568974771873,0.47638217928073,0.06038647342995169
187,10.513955984970478,2.737520128824477,5.891035963499732,3.6366076221148687,48.34272678475577,7.716049382716049,13.278314546430488,1.865271068169619,5.407944176060118,0.07380568974771873,0.47638217928073,0.06038647342995169
188,10.661567364465915,2.737520128824477,5.891035963499732,4.683306494900698,46.70558239398819,8.729200214707461,13.110574342458401,1.751207729468599,5.119431025228127,0.07380568974771873,0.47638217928073,0.06038647342995169
189,10.775630703166936,2.737520128824477,5.891035963499732,4.683306494900698,46.3365539452496,8.729200214707461,13.110574342458401,1.751207729468599,5.374396135265701,0.07380568974771873,0.47638217928073,0.06038647342995169
190,10.950080515297907,2.737520128824477,5.857487922705314,5.038915727321524,46.16881374127751,8.568169618894256,12.895866881374127,1.751207729468599,5.441492216854535,0.07380568974771873,0.4562533548040794,0.06038647342995169
191,11.030595813204508,2.7241009125067097,5.797101449275362,5.038915727321524,46.15539452495974,8.568169618894256,12.775093934514224,1.8786902844873858,5.441492216854535,0.07380568974771873,0.4562533548040794,0.06038647342995169
192,10.950080515297907,2.7241009125067097,6.005099302200751,5.038915727321524,46.3365539452496,8.433977455716587,12.634192163177671,1.932367149758454,5.35426731078905,0.07380568974771873,0.4562533548040794,0.06038647342995169
193,10.983628556092324,2.7241009125067097,5.984970477724101,5.038915727321524,46.303005904455176,8.433977455716587,12.52012882447665,2.0397208803005906,5.381105743424584,0.07380568974771873,0.4562533548040794,0.06038647342995169
194,11.003757380568974,2.6301663982823404,6.260064412238325,5.038915727321524,46.141975308641975,8.393719806763285,12.52012882447665,2.0397208803005906,5.381105743424584,0.07380568974771873,0.4562533548040794,0.06038647342995169
195,11.064143853998926,2.6301663982823404,6.260064412238325,5.038915727321524,45.94739667203435,8.393719806763285,12.506709608158884,2.0263016639828235,5.542136339237788,0.07380568974771873,0.4562533548040794,0.06038647342995169
196,11.151368760064413,2.6301663982823404,6.260064412238325,5.038915727321524,45.772946859903385,8.393719806763285,12.506709608158884,2.0263016639828235,5.629361245303274,0.07380568974771873,0.4562533548040794,0.06038647342995169
197,11.225174449812132,2.6301663982823404,6.253354804079442,5.038915727321524,45.71926999463231,8.36688137412775,12.184648416532475,2.0263016639828235,5.964841653247451,0.07380568974771873,0.4562533548040794,0.06038647342995169
198,11.332528180354267,2.6033279656468062,6.213097155126141,5.065754159957058,45.55823939881911,8.32662372517445,12.090713902308105,2.1604938271604937,6.0587761674718195,0.07380568974771873,0.4562533548040794,0.06038647342995169
199,11.486849168008588,2.6033279656468062,6.320450885668277,5.038915727321524,45.41733762748255,8.313204508856682,12.090713902308105,2.1604938271604937,5.978260869565218,0.07380568974771873,0.4562533548040794,0.06038647342995169
200,11.500268384326356,2.6033279656468062,6.293612453032743,5.065754159957058,45.1154052603328,8.32662372517445,12.010198604401502,2.1604938271604937,6.333870101986044,0.07380568974771873,0.4562533548040794,0.06038647342995169
