,45,50,55,51,53,54,56,52,57,58,59
0,92.11621041331186,7.843531937734836,0.040257648953301126,,,,,,,,
1,91.55931293612453,8.400429414922169,0.040257648953301126,,,,,,,,
2,90.48577563070317,9.473966720343531,0.040257648953301126,,,,,,,,
3,87.95625335480408,11.876006441223833,0.040257648953301126,0.1274825550187869,,,,,,,
4,87.88244766505636,11.949812130971551,0.040257648953301126,0.1274825550187869,,,,,,,
5,87.79522275899087,11.90955448201825,0.16774020397208803,0.1274825550187869,,,,,,,
6,83.58158883521202,16.022544283413847,0.16774020397208803,0.2281266774020397,,,,,,,
7,82.63553408480945,13.694310252281268,0.12077294685990338,3.408480944712829,0.14090177133655393,,,,,,
8,80.01878690284488,16.31105743424584,0.12077294685990338,3.408480944712829,0.14090177133655393,,,,,,
9,79.15995705850779,17.05582393988191,0.12077294685990338,3.408480944712829,0.14090177133655393,0.11406333870101985,,,,,
10,72.34299516908213,23.872785829307567,0.12077294685990338,3.408480944712829,0.14090177133655393,0.11406333870101985,,,,,
11,72.14170692431561,24.074074074074073,0.12077294685990338,3.408480944712829,0.14090177133655393,0.11406333870101985,,,,,
12,70.14224369296834,26.080246913580247,0.12077294685990338,3.3011272141706924,0.14090177133655393,0.10735373054213634,0.10735373054213634,,,,
13,69.99463231347289,26.01315083199141,0.20128824476650564,3.3011272141706924,0.27509393451422437,0.10735373054213634,0.10735373054213634,,,,
14,69.73295759527643,26.29495437466452,0.20128824476650564,3.3011272141706924,0.2549651100375738,0.10735373054213634,0.10735373054213634,,,,
15,69.00161030595814,26.78475577026302,0.20128824476650564,3.3011272141706924,0.36902844873859364,0.23483628556092323,0.10735373054213634,,,,
16,68.23000536768653,23.282340311325818,0.12077294685990338,3.3011272141706924,0.36902844873859364,0.23483628556092323,0.10735373054213634,4.280730005367687,0.07380568974771873,,
17,67.49194847020934,27.13365539452496,0.040257648953301126,0.4025764895330113,0.36902844873859364,0.10735373054213634,,4.38137412775094,0.07380568974771873,,
18,63.909017713365536,30.71658615136876,0.040257648953301126,0.4025764895330113,0.36902844873859364,0.10735373054213634,,4.38137412775094,0.07380568974771873,,
19,55.783682232957595,38.727858293075684,0.1878690284487386,0.4025764895330113,0.36902844873859364,0.10735373054213634,,4.3478260869565215,0.07380568974771873,,
20,48.8593666129898,48.2487922705314,0.1878690284487386,0.4025764895330113,0.4495437466451959,0.10735373054213634,,1.724369296833065,0.020128824476650563,,
21,48.95330112721417,48.18840579710145,0.30864197530864196,0.4025764895330113,0.3153515834675255,0.10735373054213634,,1.7042404723564144,0.020128824476650563,,
22,48.85265700483092,48.081052066559316,0.30864197530864196,0.32877079978529256,0.3153515834675255,0.10735373054213634,,1.9860440150295222,0.020128824476650563,,
23,48.389694041867955,48.52388620504563,0.30864197530864196,0.322061191626409,0.3153515834675255,0.10735373054213634,0.11406333870101985,1.8988191089640365,0.020128824476650563,,
24,34.50751476113795,62.9092860976919,0.13419216317767044,0.0939345142243693,0.11406333870101985,0.2214170692431562,0.11406333870101985,1.8853998926462694,0.020128824476650563,,
25,34.52093397745572,60.869565217391305,1.9592055823939882,0.0939345142243693,0.3153515834675255,0.2214170692431562,0.11406333870101985,1.8853998926462694,0.020128824476650563,,
26,34.72893183038111,60.547504025764894,2.073268921095008,0.0939345142243693,0.3153515834675255,0.2214170692431562,0.11406333870101985,1.8853998926462694,0.020128824476650563,,
27,34.796027911969944,60.19189479334407,2.26784755770263,0.0939345142243693,0.39586688137412773,0.2214170692431562,0.19457863660762212,1.8183038110574343,0.020128824476650563,,
28,34.78931830381106,50.54347826086956,2.6972624798711755,0.0939345142243693,0.39586688137412773,0.2214170692431562,0.19457863660762212,11.044015029522276,0.020128824476650563,,
29,34.95034889962426,50.395866881374126,2.6972624798711755,0.0939345142243693,0.39586688137412773,0.2214170692431562,0.19457863660762212,10.815888352120236,0.23483628556092323,,
30,34.856414385399894,48.90633387010199,2.932098765432099,0.03354804079441761,2.5563607085346214,0.2214170692431562,0.19457863660762212,10.064412238325282,0.23483628556092323,,
31,33.10520665593129,44.55179817498658,2.9119699409554483,15.438808373590982,0.5166398282340311,0.2214170692431562,0.19457863660762212,3.0394524959742353,0.020128824476650563,,
32,33.19914117015566,44.42431561996779,2.9924852388620504,15.391841116478798,0.5166398282340311,0.2214170692431562,0.19457863660762212,3.0394524959742353,0.020128824476650563,,
33,32.92404723564144,39.22436929683307,2.7844873859366612,19.155931293612454,0.5166398282340311,2.636876006441224,0.2281266774020397,2.442297369833602,0.020128824476650563,0.06709608158883522,
34,33.25952764358561,38.84192163177671,2.885131508319914,19.03515834675255,0.5166398282340311,2.757648953301127,0.20799785292538917,2.408749329039184,0.020128824476650563,0.06709608158883522,
35,32.749597423510465,38.57353730542136,2.871712292002147,18.766774020397207,1.3620504562533549,2.9723564143853998,0.20799785292538917,2.408749329039184,0.020128824476650563,0.06709608158883522,
36,33.04482018250134,38.14412238325282,3.140096618357488,18.659420289855074,1.3620504562533549,2.9723564143853998,0.20799785292538917,2.38191089640365,0.020128824476650563,0.06709608158883522,
37,33.3870101986044,37.78851315083199,3.0730005367686526,18.659420289855074,1.3620504562533549,3.079710144927536,0.20799785292538917,2.3550724637681157,0.020128824476650563,0.06709608158883522,
38,33.58829844337091,37.5,3.140096618357488,18.391035963499732,1.42914653784219,3.166935050993022,0.3488996242619431,2.3483628556092326,0.020128824476650563,0.06709608158883522,
39,33.7962962962963,37.33225979602791,3.361513687600644,17.961621041331185,1.42914653784219,3.166935050993022,0.5300590445517982,2.3483628556092326,0.0067096081588835215,0.06709608158883522,
40,34.024422973698336,36.862587224906065,3.475577026301664,17.847557702630166,1.42914653784219,3.421900161030596,0.5300590445517982,2.3349436392914655,0.0067096081588835215,0.06709608158883522,
41,29.723564143854,43.11594202898551,3.435319377348363,17.612721417069242,1.42914653784219,3.2742887815351582,0.4092860976918948,0.9326355340848095,,0.06709608158883522,
42,29.810789049919485,42.914653784219,3.435319377348363,17.59259259259259,1.4694041867954912,3.374932903918411,0.4092860976918948,0.9259259259259259,,0.06709608158883522,
43,29.844337090713903,42.673107890499196,3.180354267310789,17.498658078368223,1.9122383252818036,3.361513687600644,0.4092860976918948,1.0534084809447128,,0.06709608158883522,
44,29.636339237788512,42.42485238862051,3.6097691894793345,17.384594739667204,1.9122383252818036,3.361513687600644,0.4092860976918948,1.1943102522812667,,0.06709608158883522,
45,29.582662372517444,42.33762748255502,3.5762211486849167,14.345142243692969,5.0791733762748255,3.3548040794417604,0.49651100375738055,1.1607622114868492,,0.06709608158883522,
46,29.455179817498657,40.747450348899626,3.7104133118625873,14.298174986580785,4.824208266237251,5.193236714975845,0.49651100375738055,1.2077294685990339,,0.06709608158883522,
47,29.408212560386474,40.90177133655394,3.5762211486849167,14.210950080515298,4.938271604938271,5.193236714975845,0.49651100375738055,1.2077294685990339,,0.06709608158883522,
48,29.482018250134193,40.57971014492754,3.7372517444981215,14.056629092860977,4.817498658078368,5.193236714975845,0.7179280730005367,1.2077294685990339,0.14090177133655393,0.06709608158883522,
49,28.871443907675793,41.297638217928075,3.69699409554482,13.801663982823403,4.810789049919484,5.179817498658078,0.9259259259259259,1.2077294685990339,0.14090177133655393,0.06709608158883522,
50,28.884863123993558,39.99597423510467,4.978529253891573,13.828502415458937,4.777241009125067,5.193236714975845,0.9259259259259259,1.2077294685990339,0.14090177133655393,0.06709608158883522,
51,27.905260332796566,40.693773483628554,5.260332796564681,13.828502415458937,4.656468062265164,5.152979066022544,0.9259259259259259,1.2077294685990339,0.14090177133655393,0.06709608158883522,0.1610305958132045
52,27.771068169618893,40.405260332796566,5.186527106816962,12.211486849168008,7.917337627482555,4.455179817498658,0.6105743424584005,1.0735373054213635,0.14090177133655393,0.06709608158883522,0.1610305958132045
53,28.133387010198604,40.022812667740205,5.226784755770263,12.13768115942029,7.917337627482555,4.455179817498658,0.6642512077294686,1.0735373054213635,0.14090177133655393,0.06709608158883522,0.1610305958132045
54,28.33467525496511,39.36527106816962,5.253623188405797,11.285560923242082,7.843531937734836,4.891304347826087,1.5230810520665594,1.133923778851315,0.14090177133655393,0.06709608158883522,0.1610305958132045
55,28.287707997852927,39.170692431561996,5.233494363929147,11.238593666129898,7.843531937734836,4.871175523349437,1.5230810520665594,1.4694041867954912,0.13419216317767044,0.06709608158883522,0.1610305958132045
56,24.818840579710145,42.33762748255502,5.314009661835748,11.151368760064413,7.682501341921632,5.045625335480408,1.5230810520665594,1.7646269457863661,0.13419216317767044,0.06709608158883522,0.1610305958132045
57,25.02012882447665,42.08266237251745,5.35426731078905,10.896403650026839,7.64224369296833,5.119431025228127,1.7579173376274826,1.7646269457863661,0.13419216317767044,0.06709608158883522,0.1610305958132045
58,25.046967257112186,41.84782608695652,5.46833064949007,10.836017176596886,8.011272141706923,5.10601180891036,1.7579173376274826,1.751207729468599,0.040257648953301126,0.13419216317767044,
59,22.57783145464305,44.36392914653784,5.548845947396672,10.668276972624799,8.09849704777241,5.059044551798175,1.7579173376274826,1.751207729468599,0.040257648953301126,0.13419216317767044,
60,21.14868491680086,41.08964036500269,5.401234567901234,15.526033279656469,8.655394524959743,4.38137412775094,1.7579173376274826,1.583467525496511,0.040257648953301126,0.41599570585077833,
61,13.741277509393452,55.193236714975846,5.199946323134729,11.238593666129898,8.433977455716587,3.079710144927536,1.8518518518518519,0.8051529790660226,0.040257648953301126,0.41599570585077833,
62,13.92914653784219,55.112721417069245,5.300590445517981,11.117820719269995,8.333333333333334,3.026033279656468,1.8451422436929683,0.8789586688137413,0.040257648953301126,0.41599570585077833,
63,13.92914653784219,54.89801395598497,5.414653784219001,11.044015029522276,8.360171765968868,3.0595813204508855,1.8451422436929683,1.0332796564680622,0.040257648953301126,0.3757380568974772,
64,14.325013419216317,54.48201825013419,5.4616210413311865,11.077563070316694,8.299785292538916,3.046162104133119,1.8451422436929683,1.0332796564680622,0.040257648953301126,0.38915727321524424,
65,14.660493827160494,54.2337627482555,5.4616210413311865,11.064143853998926,8.185721953837897,3.046162104133119,1.7713365539452497,1.0332796564680622,0.040257648953301126,0.5032206119162641,
66,14.861782071927,53.44873859366613,6.1862587224906065,11.09098228663446,8.09849704777241,3.0394524959742353,1.710950080515298,1.0332796564680622,0.040257648953301126,0.48980139559849706,
67,15.029522275899087,51.878690284487384,6.327160493827161,10.997047772410092,8.064949006977992,3.4017713365539453,1.6841116478797638,2.13365539452496,0.040257648953301126,0.4428341384863124,
68,15.35829307568438,51.70424047235642,6.327160493827161,10.929951690821255,8.064949006977992,3.4017713365539453,1.6841116478797638,2.046430488459474,0.040257648953301126,0.4428341384863124,
69,15.593129361245303,51.53650026838432,6.333870101986044,10.849436392914654,8.064949006977992,3.44873859366613,1.6639828234031133,2.0397208803005906,0.040257648953301126,0.4294149221685454,
70,15.72061191626409,53.83118625872249,6.025228126677402,9.339774557165862,7.997852925389157,3.3480944712828773,1.6639828234031133,1.6035963499731616,0.040257648953301126,0.4294149221685454,
71,14.848362855609233,50.20799785292539,5.723295759527644,9.386741814278047,8.044820182501342,3.3480944712828773,1.6639828234031133,6.3070316693505095,0.040257648953301126,0.4294149221685454,
72,14.861782071927,50.053676865271065,5.877616747181965,9.31964573268921,8.044820182501342,3.3480944712828773,1.9524959742351047,6.072195383789587,0.040257648953301126,0.4294149221685454,
73,15.042941492216855,49.946323134728935,5.877616747181965,9.27938808373591,8.038110574342458,3.3480944712828773,1.9524959742351047,6.045356951154052,0.040257648953301126,0.4294149221685454,
74,15.579710144927537,49.77858293075684,5.857487922705314,9.024422973698336,8.024691358024691,3.3480944712828773,1.9390767579173376,5.978260869565218,0.040257648953301126,0.4294149221685454,
75,16.109769189479334,49.15458937198068,6.018518518518518,8.870101986044014,7.991143317230274,3.3480944712828773,2.0665593129361244,5.971551261406334,0.040257648953301126,0.4294149221685454,
76,15.895061728395062,48.409822866344605,5.971551261406334,9.447128287707997,7.991143317230274,3.8848631239935587,2.033011272141707,5.857487922705314,0.040257648953301126,0.46967257112184646,
77,16.14331723027375,48.14143853998927,6.105743424584004,9.433709071390231,7.930756843800322,3.9184111647879765,1.9860440150295222,5.83064949006978,0.040257648953301126,0.46967257112184646,
78,16.243961352657006,47.86634460547504,6.172839506172839,9.433709071390231,7.581857219538379,3.9049919484702094,1.9592055823939882,5.877616747181965,0.48980139559849706,0.46967257112184646,
79,16.431830381105744,47.56441223832528,6.206387546967257,9.541062801932368,7.581857219538379,3.9049919484702094,1.9592055823939882,5.850778314546431,0.48980139559849706,0.46967257112184646,
80,16.6935050993022,46.62506709608159,6.078904991948471,10.406602254428341,7.581857219538379,3.784219001610306,2.0665593129361244,5.803811057434245,0.48980139559849706,0.46967257112184646,
81,16.908212560386474,46.53113258185722,6.159420289855072,10.299248523886206,7.494632313472893,3.750670960815888,2.0665593129361244,5.850778314546431,0.48980139559849706,0.4495437466451959,
82,16.982018250134193,45.50456253354804,7.051798174986581,10.124798711755233,7.461084272678476,3.864734299516908,2.2208803005904456,5.850778314546431,0.48980139559849706,0.4495437466451959,
83,16.525764895330113,46.01449275362319,7.239667203435319,9.923510466988727,7.461084272678476,3.851315083199141,2.1940418679549114,5.850778314546431,0.48980139559849706,0.4495437466451959,
84,16.639828234031132,45.840042941492214,7.387278582930757,9.903381642512077,7.461084272678476,3.911701556629093,2.13365539452496,5.783682232957595,0.48980139559849706,0.4495437466451959,
85,16.908212560386474,45.35024154589372,7.749597423510467,9.883252818035427,7.461084272678476,3.844605475040258,2.120236178207193,5.743424584004294,0.48980139559849706,0.4495437466451959,
86,17.05582393988191,45.20263016639828,7.776435856146001,9.883252818035427,7.326892109500805,3.8177670424047236,2.120236178207193,5.743424584004294,0.6239935587761675,0.4495437466451959,
87,14.55984970477724,40.06977992485239,6.568706387546968,19.940955448201827,6.568706387546968,3.4822866344605474,2.046430488459474,5.689747718733226,0.6239935587761675,0.4495437466451959,
88,14.660493827160494,40.03623188405797,6.602254428341385,19.773215244229736,6.541867954911433,3.5091250670960816,2.1135265700483092,5.689747718733226,0.6239935587761675,0.4495437466451959,
89,14.51959205582394,37.104133118625874,6.360708534621578,23.336017176596886,6.474771873322598,3.535963499731616,1.9927536231884058,5.656199677938808,0.5703166935050993,0.4495437466451959,
90,14.700751476113794,36.9699409554482,6.347289318303811,22.81266774020397,6.461352657004831,3.5225442834138487,2.509393451422437,5.656199677938808,0.5703166935050993,0.4495437466451959,
91,13.56682769726248,34.75577026301664,6.327160493827161,26.187600644122384,6.535158346752549,3.455448201825013,2.690552871712292,5.374396135265701,0.6575415995705851,0.4495437466451959,
92,13.92914653784219,34.66183574879227,6.421095008051529,25.543478260869566,6.6760601180891035,3.455448201825013,2.690552871712292,5.293880837359098,0.8789586688137413,0.4495437466451959,
93,14.190821256038648,34.35319377348363,6.582125603864735,25.45625335480408,6.608964036500268,3.3413848631239937,2.885131508319914,5.273752012882448,0.8789586688137413,0.4294149221685454,
94,14.325013419216317,33.77616747181965,6.494900697799249,25.328770799785293,6.608964036500268,4.200214707461084,2.6838432635534084,5.287171229200215,0.8655394524959742,0.4294149221685454,
95,14.445786366076222,33.44739667203435,7.071926999463232,25.174449812130973,6.608964036500268,4.200214707461084,2.6704240472356413,5.112721417069243,0.8387010198604401,0.4294149221685454,
96,13.781535158346752,30.689747718733226,6.8035426731078905,29.066022544283413,6.421095008051529,4.200214707461084,2.657004830917874,5.112721417069243,0.8387010198604401,0.4294149221685454,
97,14.06333870101986,30.656199677938808,6.850509930220075,28.79092860976919,6.360708534621578,4.1532474503489,2.7442297369833604,5.112721417069243,0.8387010198604401,0.4294149221685454,
98,14.284755770263017,30.515297906602253,7.0383789586688135,28.482286634460547,5.662909286097692,4.904723564143854,2.85829307568438,4.998658078368224,0.8252818035426731,0.4294149221685454,
99,14.31159420289855,30.347557702630166,7.004830917874396,28.455448201825014,5.770263016639828,5.0791733762748255,2.791196994095545,4.998658078368224,0.8252818035426731,0.41599570585077833,
100,14.076757917337627,29.374664519592056,6.944444444444445,28.32125603864734,9.829575952764358,5.139559849704777,2.6637144390767578,2.6637144390767578,0.5703166935050993,0.41599570585077833,
101,14.40552871712292,29.21363392377885,6.957863660762212,27.958937198067634,9.71551261406334,5.0993022007514766,2.999194847020934,2.6637144390767578,0.5703166935050993,0.41599570585077833,
102,14.61352657004831,28.75738056897477,7.266505636070853,27.771068169618893,9.675254965110037,4.985238862050457,2.999194847020934,2.885131508319914,0.630703166935051,0.41599570585077833,
103,13.378958668813741,24.033816425120772,6.494900697799249,26.120504562533547,9.433709071390231,4.904723564143854,2.7308105206655933,11.855877616747183,0.630703166935051,0.41599570585077833,
104,13.58695652173913,23.97342995169082,6.421095008051529,26.060118089103597,9.433709071390231,4.891304347826087,2.7106816961889426,11.876006441223833,0.630703166935051,0.41599570585077833,
105,13.92914653784219,23.960010735373054,6.474771873322598,25.637412775093935,9.41358024691358,4.891304347826087,2.844873859366613,11.802200751476114,0.630703166935051,0.41599570585077833,
106,14.244498121309716,23.839237788513152,6.427804616210413,25.59044551798175,9.339774557165862,4.824208266237251,2.9119699409554483,11.77536231884058,0.630703166935051,0.41599570585077833,
107,14.412238325281804,23.731884057971016,6.561996779388084,25.40257648953301,9.339774557165862,4.824208266237251,2.9052603327965647,11.614331723027375,0.7917337627482555,0.41599570585077833,
108,14.660493827160494,23.60440150295223,6.535158346752549,25.348899624261943,9.286097691894794,4.851046698872786,2.8918411164787976,11.614331723027375,0.7917337627482555,0.41599570585077833,
109,14.88191089640365,23.21524422973698,6.863929146537842,25.13419216317767,9.219001610305957,4.851046698872786,3.046162104133119,11.513687600644122,0.8588298443370908,0.41599570585077833,
110,14.78797638217928,22.940150295222757,7.300053676865271,24.537037037037038,9.172034353193773,5.488459473966721,3.052871712292002,11.513687600644122,0.7917337627482555,0.41599570585077833,
111,14.855072463768115,22.920021470746107,7.27992485238862,24.496779388083738,9.31964573268921,5.488459473966721,2.9723564143853998,11.460010735373054,0.7917337627482555,0.41599570585077833,
112,15.063070316693505,22.799248523886206,7.239667203435319,24.456521739130434,9.312936124530328,5.555555555555555,2.9723564143853998,11.41304347826087,0.7917337627482555,0.39586688137412773,
113,15.391841116478798,22.5577026301664,7.4006977992485234,24.18142780461621,9.292807300053678,5.495169082125604,3.066290928609769,11.453301127214171,0.7917337627482555,0.36902844873859364,
114,15.579710144927537,22.423510466988727,7.474503488996243,24.040526033279658,9.292807300053678,5.428073000536768,3.1870638754696725,11.41304347826087,0.7917337627482555,0.36902844873859364,
115,15.942028985507246,22.054482018250134,7.595276435856146,23.95330112721417,9.306226516371444,5.401234567901234,3.1736446591519054,11.345947396672035,0.8588298443370908,0.36902844873859364,
116,16.0829307568438,21.980676328502415,7.675791733762749,23.785560923242084,9.252549651100376,5.71658615136876,2.999194847020934,11.158078368223295,0.9796027911969941,0.36902844873859364,
117,16.13660762211487,21.967257112184647,7.9039184111647875,23.785560923242084,9.245840042941492,5.756843800322061,2.9253891572732154,10.943370907139023,0.966183574879227,0.36902844873859364,
118,16.42512077294686,21.83977455716586,7.85024154589372,23.49033816425121,9.306226516371444,5.924584004294149,2.945517981749866,10.88298443370907,0.966183574879227,0.36902844873859364,
119,16.505636070853463,21.69887278582931,7.883789586688137,23.396403650026837,9.084809447128288,5.904455179817498,3.0595813204508855,10.909822866344605,1.1876006441223832,0.36902844873859364,
120,16.545893719806763,21.598228663446054,7.883789586688137,22.5979602791197,9.084809447128288,5.776972624798712,4.0995705850778315,10.72866344605475,1.3150831991411702,0.36902844873859364,
121,15.70048309178744,21.591519055287172,7.555018786902845,21.162104133118625,8.82313472893183,9.07139023081052,3.7775093934514223,10.674986580783683,1.2748255501878691,0.36902844873859364,
122,16.056092324208265,21.497584541062803,7.541599570585078,21.068169618894256,8.863392377885132,9.044551798174986,3.730542136339238,10.59447128287708,1.2345679012345678,0.36902844873859364,
123,16.190284487385938,21.24261943102523,7.474503488996243,20.9272678475577,9.366612989801396,8.917069243156199,3.784219001610306,10.413311862587225,1.3150831991411702,0.36902844873859364,
124,16.814278046162105,20.90713902308105,7.387278582930757,20.50456253354804,9.406870638754697,9.245840042941492,3.717122920021471,10.238862050456254,1.4090177133655395,0.36902844873859364,
125,16.948470209339774,20.645464304884594,7.514761137949543,20.437466451959207,9.400161030595813,9.178743961352657,3.717122920021471,10.238862050456254,1.4090177133655395,0.5099302200751477,
126,13.81508319914117,19.82018250134192,6.984702093397746,31.186258722490606,9.380032206119163,7.615405260332796,1.8585614600107354,7.6623725174449815,1.1808910359634996,0.49651100375738055,
127,13.687600644122384,19.316961889425656,6.635802469135802,30.810520665593128,11.131239935587761,7.675791733762749,1.8585614600107354,7.360440150295223,1.1406333870101986,0.3824476650563607,
128,13.734567901234568,18.78690284487386,6.608964036500268,30.273752012882447,11.117820719269995,8.789586688137414,1.8384326355340848,7.326892109500805,1.1406333870101986,0.3824476650563607,
129,14.110305958132045,18.760064412238325,6.595544820182502,29.924852388620504,11.023886205045626,8.749329039184111,2.0263016639828235,7.326892109500805,1.1406333870101986,0.3421900161030596,
130,14.029790660225443,18.592324208266238,6.944444444444445,29.716854535695116,11.151368760064413,8.776167471819646,2.073268921095008,7.2933440687063875,1.0802469135802468,0.3421900161030596,
131,13.982823403113258,18.411164787976382,7.347020933977456,29.508856682769725,11.037305421363392,8.957326892109501,2.187332259796028,7.1658615136876005,1.0601180891035964,0.3421900161030596,
132,13.41250670960816,25.42270531400966,7.467793880837359,29.126409017713364,9.608158883521202,4.703435319377348,2.1806226516371443,7.125603864734299,0.8521202361782072,0.10064412238325282,
133,13.788244766505636,24.704777241009126,7.971014492753623,28.978797638217927,9.581320450885668,4.703435319377348,2.24771873322598,7.078636607622115,0.8454106280193237,0.10064412238325282,
134,14.056629092860977,24.282071926999464,8.53462157809984,28.63660762211487,9.567901234567902,4.62962962962963,2.3349436392914655,7.03166935050993,0.8252818035426731,0.10064412238325282,
135,14.096886741814279,24.060654857756308,8.628556092324208,28.549382716049383,9.77589908749329,4.609500805152979,2.3349436392914655,7.03166935050993,0.8118625872249061,0.10064412238325282,
136,14.284755770263017,23.832528180354267,8.76274825550188,28.482286634460547,9.722222222222221,4.555823939881911,2.442297369833602,7.004830917874396,0.8118625872249061,0.10064412238325282,
137,14.573268921095009,23.45679012345679,8.99087493290392,28.29441760601181,9.822866344605474,4.555823939881911,2.3886205045625335,7.004830917874396,0.8118625872249061,0.10064412238325282,
138,14.700751476113794,23.289049919484704,9.178743961352657,28.213902308105208,9.789318303811058,4.53569511540526,2.38191089640365,7.004830917874396,0.8051529790660226,0.10064412238325282,
139,14.875201288244767,23.221953837895867,9.433709071390231,27.750939345142243,9.675254965110037,4.616210413311863,2.475845410628019,6.998121309715513,0.8051529790660226,0.14761137949543746,
140,15.365002683843263,22.96027911969941,9.842995169082126,27.20746108427268,9.594739667203436,4.549114331723027,2.5966183574879227,6.796833064949007,0.9594739667203436,0.1274825550187869,
141,15.68035426731079,22.75228126677402,9.883252818035427,27.18733225979603,9.534353193773484,4.4820182501341925,2.5966183574879227,6.796833064949007,0.9594739667203436,0.1274825550187869,
142,15.438808373590982,21.940418679549115,9.88996242619431,29.837627482555018,9.366612989801396,3.770799785292539,2.6435856146001075,6.146001073537305,0.8387010198604401,0.1274825550187869,
143,15.552871712292003,21.906870638754697,9.970477724100913,29.770531400966185,9.16532474503489,3.7372517444981215,2.7777777777777777,6.1929683306494905,0.798443370907139,0.1274825550187869,
144,15.935319377348362,21.571390230810522,9.77589908749329,29.61621041331186,9.091519055287172,4.17337627482555,2.7777777777777777,6.146001073537305,0.785024154589372,0.1274825550187869,
145,16.210413311862588,21.370101986044016,9.809447128287708,29.24718196457327,9.044551798174986,4.1532474503489,3.1065485775630703,6.146001073537305,0.785024154589372,0.1274825550187869,
146,16.472088030059044,21.276167471819647,9.77589908749329,29.045893719806763,8.970746108427267,4.1532474503489,3.1065485775630703,6.286902844873859,0.785024154589372,0.1274825550187869,
147,16.59957058507783,21.182232957595275,9.842995169082126,29.01905528717123,8.809715512614064,4.146537842190016,3.1065485775630703,6.260064412238325,0.785024154589372,0.24825550187869028,
148,16.928341384863124,21.07487922705314,9.883252818035427,28.83118625872249,8.756038647342995,4.092860976918948,3.140096618357488,6.260064412238325,0.785024154589372,0.24825550187869028,
149,17.330917874396135,20.94068706387547,9.930220075147611,28.569511540526033,8.702361782071927,4.092860976918948,3.1535158346752548,6.246645195920558,0.785024154589372,0.24825550187869028,
150,17.498658078368223,20.94068706387547,9.916800858829845,28.515834675254965,8.521202361782072,4.17337627482555,3.1535158346752548,6.246645195920558,0.785024154589372,0.24825550187869028,
151,17.619431025228128,20.860171765968868,10.017444981213098,28.415190552871714,8.521202361782072,4.17337627482555,3.113258185721954,6.246645195920558,0.785024154589372,0.24825550187869028,
152,17.787171229200215,20.625335480407944,10.071121846484166,28.361513687600645,8.494363929146537,4.294149221685454,3.113258185721954,6.219806763285024,0.785024154589372,0.24825550187869028,
153,17.901234567901234,20.585077831454644,10.299248523886206,28.119967793880836,8.36688137412775,4.294149221685454,3.113258185721954,6.286902844873859,0.785024154589372,0.24825550187869028,
154,17.840848094471284,20.249597423510465,10.560923242082662,27.89855072463768,8.293075684380032,4.777241009125067,3.113258185721954,6.105743424584004,0.9125067096081588,0.24825550187869028,
155,18.129361245303276,20.209339774557165,10.668276972624799,27.61003757380569,8.272946859903382,4.770531400966184,3.2139023081052067,5.857487922705314,1.0198604401502953,0.24825550187869028,
156,18.4849704777241,20.088566827697264,10.7085346215781,27.26113794954375,8.32662372517445,4.884594739667204,3.2139023081052067,5.776972624798712,1.0064412238325282,0.24825550187869028,
157,18.760064412238325,19.92753623188406,10.829307568438002,27.03972088030059,8.225979602791197,4.884594739667204,3.3011272141706924,5.776972624798712,1.0064412238325282,0.24825550187869028,
158,18.9747718733226,19.665861513687602,11.117820719269995,26.88539989264627,8.205850778314547,4.884594739667204,3.2877079978529253,5.723295759527644,1.0064412238325282,0.24825550187869028,
159,19.0955448201825,19.64573268921095,11.077563070316694,26.838432635534083,8.158883521202362,4.864465915190553,3.3413848631239937,5.723295759527644,1.0064412238325282,0.24825550187869028,
160,19.28341384863124,19.612184648416534,11.064143853998926,26.724369296833064,7.98443370907139,4.8443370907139025,3.4017713365539453,5.709876543209877,1.133923778851315,0.24154589371980675,
161,19.28341384863124,19.330381105743424,11.621041331186259,26.29495437466452,8.064949006977992,4.918142780461621,3.3816425120772946,5.730005367686527,1.133923778851315,0.24154589371980675,
162,19.28341384863124,19.249865807836823,11.75523349436393,25.986312399355878,8.09849704777241,4.918142780461621,3.502415458937198,5.83064949006978,1.133923778851315,0.24154589371980675,
163,19.370638754696724,19.03515834675255,11.896135265700483,24.724906065485776,7.96430488459474,5.059044551798175,3.3279656468062266,7.273215244229737,1.107085346215781,0.24154589371980675,
164,19.618894256575416,18.94122383252818,11.81561996779388,24.3894256575416,8.024691358024691,5.10601180891036,3.556092324208266,7.199409554482019,1.107085346215781,0.24154589371980675,
165,19.85373054213634,18.726516371443907,11.916264090177133,24.342458400429415,8.031400966183575,5.059044551798175,3.5225442834138487,7.14573268921095,1.1607622114868492,0.24154589371980675,
166,20.061728395061728,18.632581857219538,11.929683306494901,24.302200751476114,7.96430488459474,5.213365539452496,3.4957058507783145,7.011540526033279,1.1473429951690821,0.24154589371980675,
167,20.128824476650564,18.572195383789587,12.144390767579173,24.22168545356951,7.96430488459474,5.0791733762748255,3.4957058507783145,7.004830917874396,1.1473429951690821,0.24154589371980675,
168,20.316693505099302,18.438003220611915,11.969940955448202,24.06736446591519,7.9106280193236715,5.280461621041331,3.683574879227053,6.910896403650026,1.1406333870101986,0.28180354267310787,
169,20.638754696725712,18.323939881910896,12.13768115942029,23.74530327428878,7.924047235641439,5.253623188405797,3.643317230273752,6.910896403650026,1.1406333870101986,0.28180354267310787,
170,20.974235104669887,18.156199677938808,12.23161567364466,23.718464841653248,7.75630703166935,5.253623188405797,3.643317230273752,6.810252281266774,1.1741814278046163,0.28180354267310787,
171,21.182232957595275,18.04884594739667,12.104133118625873,23.57085346215781,7.7361782071927,5.401234567901234,3.8580246913580245,6.642512077294686,1.1741814278046163,0.28180354267310787,
172,21.088298443370906,17.579173376274827,11.788781535158346,23.564143853998928,9.346484165324744,5.367686527106817,3.717122920021471,6.199677938808374,1.06682769726248,0.28180354267310787,
173,21.24932903918411,17.51207729468599,12.070585077831455,23.15485775630703,9.326355340848094,5.407944176060118,3.730542136339238,6.199677938808374,1.06682769726248,0.28180354267310787,
174,21.578099838969404,17.384594739667204,12.124261943102523,22.98040794417606,9.265968867418144,5.347557702630167,3.784219001610306,6.1862587224906065,1.06682769726248,0.28180354267310787,
175,22.12157809983897,17.10950080515298,12.546967257112184,22.376543209876544,9.151905528717123,5.293880837359098,3.864734299516908,6.1862587224906065,1.06682769726248,0.28180354267310787,
176,22.322866344605476,17.082662372517444,12.325550187869029,22.24235104669887,9.353193773483628,5.293880837359098,3.864734299516908,6.166129898013956,1.06682769726248,0.28180354267310787,
177,22.416800858829845,16.67337627482555,12.406065485775631,22.17525496511004,9.440418679549115,5.542136339237788,3.844605475040258,6.152710681696189,1.06682769726248,0.28180354267310787,
178,22.6784755770263,16.505636070853463,12.379227053140097,21.967257112184647,9.514224369296834,5.542136339237788,3.911701556629093,6.152710681696189,1.06682769726248,0.28180354267310787,
179,22.61808910359635,16.42512077294686,12.184648416532475,21.390230810520666,9.426999463231347,5.642780461621041,3.9452495974235107,7.018250134192163,1.06682769726248,0.28180354267310787,
180,22.705314009661837,16.344605475040257,12.117552334943639,21.484165324745035,9.534353193773484,5.595813204508857,3.9452495974235107,6.9243156199677935,1.06682769726248,0.28180354267310787,
181,22.79253891572732,16.243961352657006,12.211486849168008,21.4573268921095,9.500805152979066,5.5756843800322065,3.9452495974235107,6.9243156199677935,1.06682769726248,0.28180354267310787,
182,22.993827160493826,16.170155662909288,12.5402576489533,21.088298443370906,9.494095544820183,5.535426731078905,4.045893719806763,6.78341384863124,1.06682769726248,0.28180354267310787,
183,23.443370907139023,16.089640365002683,12.29200214707461,20.954106280193237,9.440418679549115,5.656199677938808,4.045893719806763,6.729736983360172,1.06682769726248,0.28180354267310787,
184,24.00697799248524,15.908480944712828,12.29200214707461,20.74610842726785,9.23913043478261,5.730005367686527,4.005636070853462,6.723027375201288,1.06682769726248,0.28180354267310787,
185,24.20155662909286,15.814546430488459,12.359098228663447,20.571658615136876,9.252549651100376,5.683038110574342,4.086151368760064,6.6827697262479875,1.06682769726248,0.28180354267310787,
186,24.14117015566291,15.747450348899624,12.31213097155126,20.457595276435857,9.272678475577026,5.911164787976382,4.159957058507783,6.6827697262479875,1.0332796564680622,0.28180354267310787,
187,24.208266237251745,15.626677402039721,12.486580783682234,20.249597423510465,9.252549651100376,5.857487922705314,4.206924315619967,6.796833064949007,1.0332796564680622,0.28180354267310787,
188,24.382716049382715,15.60654857756307,12.573805689747719,19.83360171765969,9.219001610305957,5.9514224369296835,4.320987654320987,6.796833064949007,1.0332796564680622,0.28180354267310787,
189,24.731615673644658,15.411969940955448,12.526838432635534,19.639023081052066,9.373322597960279,5.844068706387547,4.582662372517445,6.702898550724638,0.9057971014492754,0.28180354267310787,
190,25.0402576489533,15.257648953301127,12.5402576489533,19.545088566827697,9.326355340848094,5.844068706387547,4.582662372517445,6.6760601180891035,0.9057971014492754,0.28180354267310787,
191,25.5703166935051,15.11003757380569,12.661030595813205,19.35721953837896,9.145195920558239,5.837359098228664,4.549114331723027,6.595544820182502,0.8923778851315083,0.28180354267310787,
192,25.55689747718733,14.982555018786902,12.795222758990874,19.30354267310789,9.064680622651638,5.978260869565218,4.549114331723027,6.595544820182502,0.8923778851315083,0.28180354267310787,
193,25.738056897477186,14.814814814814815,12.741545893719806,19.223027375201287,9.064680622651638,5.964841653247451,4.53569511540526,6.588835212023618,1.0466988727858293,0.28180354267310787,
194,25.811862587224905,14.814814814814815,12.741545893719806,19.122383252818036,8.903650026838433,6.078904991948471,4.64975845410628,6.588835212023618,1.0466988727858293,0.24154589371980675,
195,25.966183574879228,14.680622651637144,12.795222758990874,18.96135265700483,8.896940418679549,6.226516371443908,4.609500805152979,6.588835212023618,1.0466988727858293,0.2281266774020397,
196,25.85212023617821,14.620236178207193,12.546967257112184,18.813741277509394,9.346484165324744,6.025228126677402,4.609500805152979,6.910896403650026,1.0466988727858293,0.2281266774020397,
197,26.113794954374665,14.63365539452496,12.70799785292539,18.646001073537306,9.326355340848094,5.978260869565218,4.562533548040794,6.857219538378959,0.9460547504025765,0.2281266774020397,
198,26.227858293075684,14.479334406870638,12.493290391841116,18.632581857219538,9.205582393988191,6.474771873322598,4.455179817498658,6.857219538378959,0.9460547504025765,0.2281266774020397,
199,26.154052603327965,14.465915190552872,12.567096081588835,18.54535695115405,9.178743961352657,6.622383252818035,4.455179817498658,6.837090713902308,0.9460547504025765,0.2281266774020397,
200,26.154052603327965,14.251207729468598,12.681159420289855,18.438003220611915,9.272678475577026,6.756575415995706,4.582662372517445,6.696188942565755,0.9393451422436929,0.2281266774020397,
201,26.603596349973163,14.090177133655395,12.52012882447665,18.156199677938808,9.151905528717123,7.246376811594203,4.42163177670424,6.649221685453569,0.9326355340848095,0.2281266774020397,
202,26.724369296833064,13.942565754159958,12.72812667740204,17.96833064949007,8.997584541062801,7.313472893183038,4.468599033816425,6.575415995705851,1.0534084809447128,0.2281266774020397,
203,26.898819108964037,13.741277509393452,12.754965110037574,17.834138486312398,9.292807300053678,7.266505636070853,4.38137412775094,6.5485775630703165,1.0534084809447128,0.2281266774020397,
204,26.576757917337627,13.56682769726248,12.922705314009661,17.840848094471284,9.27938808373591,7.64224369296833,4.341116478797638,6.5485775630703165,1.0534084809447128,0.2281266774020397,
205,26.77133655394525,13.385668276972625,12.842190016103059,17.860976918947934,9.373322597960279,7.608695652173913,4.341116478797638,6.535158346752549,1.0534084809447128,0.2281266774020397,
206,26.939076757917338,13.305152979066023,12.741545893719806,17.85426731078905,9.326355340848094,7.682501341921632,4.334406870638754,6.535158346752549,1.0534084809447128,0.2281266774020397,
207,27.026301663982824,13.170960815888352,12.983091787439614,17.56575415995706,9.648416532474503,7.635534084809447,4.247181964573269,6.602254428341385,1.0131508319914118,0.10735373054213634,
208,27.234299516908212,13.030059044551798,13.070316693505099,17.411433172302736,9.339774557165862,7.716049382716049,4.180085882984434,6.910896403650026,0.9997316156736447,0.10735373054213634,
209,27.415458937198068,12.983091787439614,12.902576489533011,17.398013955984972,9.567901234567902,7.695920558239399,4.066022544283414,6.884057971014493,0.9796027911969941,0.10735373054213634,
210,27.395330112721417,12.915995705850777,12.895866881374127,17.324208266237253,9.601449275362318,7.682501341921632,4.066022544283414,7.03166935050993,0.9796027911969941,0.10735373054213634,
211,27.549651100375737,12.842190016103059,12.895866881374127,17.156468062265162,9.796027911969942,7.6623725174449815,4.045893719806763,6.964573268921095,0.9796027911969941,0.10735373054213634,
212,27.643585614600106,12.661030595813205,12.889157273215245,17.143048845947398,9.71551261406334,7.877079978529254,4.03918411164788,6.877348362855609,1.0601180891035964,0.0939345142243693,
213,27.435587761674718,12.526838432635534,12.788513150831992,17.216854535695116,9.594739667203436,8.36688137412775,4.03918411164788,6.877348362855609,1.0601180891035964,0.0939345142243693,
214,27.68384326355341,12.379227053140097,12.775093934514224,17.05582393988191,9.5276435856146,8.400429414922169,4.03918411164788,6.984702093397746,1.0601180891035964,0.0939345142243693,
215,27.865002683843265,12.278582930756844,12.922705314009661,16.888083735909824,9.39345142243693,8.621846484165324,4.019055287171229,6.91760601180891,0.9997316156736447,0.0939345142243693,
216,28.052871712292003,12.224906065485776,12.889157273215245,16.75389157273215,9.440418679549115,8.55475040257649,4.086151368760064,6.904186795491143,0.9997316156736447,0.0939345142243693,
217,28.14009661835749,12.151100375738057,13.056897477187333,16.626409017713364,9.366612989801396,8.641975308641975,4.03918411164788,6.884057971014493,0.9997316156736447,0.0939345142243693,
