,45,50,51,52,53,54,55,57,56
0,99.597423510467,0.4025764895330113,,,,,,,
1,98.6580783682233,1.3419216317767042,,,,,,,
2,89.30488459473966,10.695115405260333,,,,,,,
3,89.20424047235642,10.795759527643586,,,,,,,
4,84.95034889962426,15.049651100375739,,,,,,,
5,85.11808910359635,14.88191089640365,,,,,,,
6,85.0174449812131,14.982555018786902,,,,,,,
7,79.3947933440687,20.605206655931294,,,,,,,
8,74.6376811594203,25.36231884057971,,,,,,,
9,74.69806763285024,24.993290391841118,0.30864197530864196,,,,,,
10,72.27589908749329,27.415458937198068,0.30864197530864196,,,,,,
11,72.43692968330649,27.254428341384862,0.30864197530864196,,,,,,
12,70.11540526033279,29.166666666666668,0.7179280730005367,,,,,,
13,69.23644659151906,29.260601180891037,0.6172839506172839,0.49651100375738055,0.2549651100375738,0.13419216317767044,,,
14,69.24986580783683,29.24718196457327,0.6172839506172839,0.49651100375738055,0.2549651100375738,0.13419216317767044,,,
15,69.2163177670424,29.280730005367687,0.6172839506172839,0.49651100375738055,0.2549651100375738,0.13419216317767044,,,
16,66.57944176060118,32.03166935050993,0.6172839506172839,0.49651100375738055,0.2549651100375738,0.020128824476650563,,,
17,66.0024154589372,31.508319914117017,1.7176596886741815,0.49651100375738055,0.2549651100375738,0.020128824476650563,,,
18,66.08964036500268,31.42109500805153,1.7176596886741815,0.49651100375738055,0.2549651100375738,0.020128824476650563,,,
19,66.532474503489,30.97826086956522,1.7176596886741815,0.49651100375738055,0.2549651100375738,0.020128824476650563,,,
20,66.79414922168546,30.71658615136876,1.7176596886741815,0.49651100375738055,0.2549651100375738,0.020128824476650563,,,
21,66.80756843800322,30.703166935050994,1.7176596886741815,0.49651100375738055,0.2549651100375738,0.020128824476650563,,,
22,66.88137412775095,30.629361245303276,1.7176596886741815,0.49651100375738055,0.2549651100375738,0.020128824476650563,,,
23,66.92163177670425,30.589103596349972,1.7176596886741815,0.49651100375738055,0.2549651100375738,0.020128824476650563,,,
24,66.95517981749866,30.35426731078905,1.4224369296833066,0.49651100375738055,0.7514761137949544,0.020128824476650563,,,
25,67.12292002147075,30.18652710681696,1.4224369296833066,0.49651100375738055,0.7514761137949544,0.020128824476650563,,,
26,67.29066022544283,30.07246376811594,1.4224369296833066,0.49651100375738055,0.6977992485238862,0.020128824476650563,,,
27,66.83440687063876,30.52871712292002,1.4224369296833066,0.49651100375738055,0.6977992485238862,0.020128824476650563,,,
28,67.02898550724638,30.454911433172303,1.3016639828234031,0.49651100375738055,0.6977992485238862,0.020128824476650563,,,
29,63.87546967257112,32.57514761137949,1.3754696725711217,0.5837359098228664,1.570048309178744,0.020128824476650563,,,
30,62.66774020397209,33.2259796027912,1.3754696725711217,1.1406333870101986,1.570048309178744,0.020128824476650563,,,
31,61.8491680085883,34.044551798174986,1.3754696725711217,1.1406333870101986,1.570048309178744,0.020128824476650563,,,
32,61.93639291465379,31.266774020397207,1.3352120236178207,4.4820182501341925,0.9594739667203436,0.020128824476650563,,,
33,61.292270531400966,31.910896403650028,1.3352120236178207,4.4820182501341925,0.9594739667203436,0.020128824476650563,,,
34,59.064680622651636,34.27938808373591,1.2412775093934514,4.435050993022007,0.9594739667203436,0.020128824476650563,,,
35,57.387278582930755,36.030595813204506,1.3352120236178207,4.26731078904992,0.9594739667203436,0.020128824476650563,,,
36,50.395866881374126,29.25389157273215,15.22410091250671,4.26731078904992,0.8588298443370908,,,,
37,50.46296296296296,29.09957058507783,14.962426194310252,4.26731078904992,1.2077294685990339,,,,
38,50.46967257112185,29.180085882984432,14.962426194310252,4.180085882984434,1.2077294685990339,,,,
39,50.76489533011272,28.992216854535695,14.949006977992486,4.133118625872249,1.1607622114868492,,,,
40,49.77187332259796,29.73027375201288,14.949006977992486,4.133118625872249,1.1607622114868492,,0.2549651100375738,,
41,49.23510466988728,27.603327965646805,14.761137949543746,4.05931293612453,1.1607622114868492,,3.180354267310789,,
42,49.4699409554482,27.42216854535695,14.761137949543746,4.012345679012346,1.1540526033279657,,3.180354267310789,,
43,49.704777241009126,26.476113794954376,14.754428341384862,4.730273752012883,1.1540526033279657,,3.180354267310789,,
44,49.91277509393451,26.268115942028984,14.754428341384862,4.730273752012883,1.1540526033279657,,3.180354267310789,,
45,49.88593666129898,25.87224906065486,14.720880300590446,5.092592592592593,1.42914653784219,,2.999194847020934,,
46,50.053676865271065,25.87224906065486,14.694041867954912,4.9718196457326895,1.42914653784219,,2.9790660225442833,,
47,49.17471819645733,26.670692431561996,14.61352657004831,5.132850241545894,1.42914653784219,,2.9790660225442833,,
48,49.20155662909286,26.670692431561996,14.586688137412775,5.132850241545894,1.42914653784219,,2.9790660225442833,,
49,49.83225979602791,26.1808910359635,14.472624798711756,5.132850241545894,1.42914653784219,,2.952227589908749,,
50,50.13419216317767,26.08695652173913,14.325013419216317,5.072463768115942,1.42914653784219,,2.952227589908749,,
51,49.57058507783145,26.778046162104133,14.2914653784219,4.978529253891573,1.42914653784219,,2.952227589908749,,
52,47.819377348362856,28.442028985507246,14.15727321524423,4.622920021470746,2.006172839506173,,2.952227589908749,,
53,46.282877079978526,29.998658078368223,14.13714439076758,4.622920021470746,2.006172839506173,,2.952227589908749,,
54,45.088566827697264,30.267042404723565,12.76838432635534,6.91760601180891,2.006172839506173,,2.952227589908749,,
55,43.39774557165862,31.749865807836823,15.653515834675256,4.683306494900698,1.5901771336553945,,2.9253891572732154,,
56,43.974771873322595,31.40096618357488,15.425389157273216,4.683306494900698,1.5901771336553945,,2.9253891572732154,,
57,44.30354267310789,31.179549114331724,15.318035426731079,4.683306494900698,1.5901771336553945,,2.9253891572732154,,
58,44.46457326892109,31.4747718733226,14.935587761674718,4.609500805152979,1.5901771336553945,,2.9253891572732154,,
59,44.68599033816425,31.387546967257112,14.801395598497047,4.609500805152979,1.5901771336553945,,2.9253891572732154,,
60,45.02818035426731,31.21309715512614,14.801395598497047,4.542404723564144,1.5901771336553945,,2.8247450348899625,,
61,45.1959205582394,31.031937734836287,14.492753623188406,4.542404723564144,1.5901771336553945,,3.1468062265163717,,
62,45.67230273752013,30.703166935050994,14.445786366076222,4.53569511540526,1.5432098765432098,,3.099838969404187,,
63,44.558507783145465,31.924315619967793,14.445786366076222,4.4820182501341925,1.5432098765432098,,3.046162104133119,,
64,44.585346215781,31.61567364465915,15.063070316693505,4.4820182501341925,1.5432098765432098,,2.7106816961889426,,
65,44.98792270531401,30.71658615136876,15.593129361245303,4.448470209339774,1.5432098765432098,,2.7106816961889426,,
66,45.32340311325819,30.327428878153516,15.519323671497585,4.448470209339774,1.6706924315619969,,2.7106816961889426,,
67,44.61218464841653,30.656199677938808,15.962157809983896,4.388083735909823,1.6706924315619969,,2.7106816961889426,,
68,43.934514224369295,29.924852388620504,13.969404186795492,6.977992485238862,2.4825550187869028,,2.7106816961889426,,
69,44.14251207729468,29.70343531937735,14.257917337627482,6.702898550724638,2.4825550187869028,,2.7106816961889426,,
70,44.22302737520129,29.166666666666668,14.694041867954912,6.66935050993022,2.4020397208803006,0.13419216317767044,2.7106816961889426,,
71,44.40418679549114,29.025764895330113,14.694041867954912,6.66935050993022,2.395330112721417,0.13419216317767044,2.677133655394525,,
72,44.37734836285561,29.1935050993022,14.546430488459475,6.5552871712292005,2.3752012882447664,0.27509393451422437,2.677133655394525,,
73,44.35050993022008,29.106280193236714,14.210950080515298,7.0450885668276975,2.3349436392914655,0.27509393451422437,2.677133655394525,,
74,44.43102522812668,29.106280193236714,14.170692431561998,7.03166935050993,2.3349436392914655,0.27509393451422437,2.6502952227589907,,
75,44.7463768115942,28.938539989264626,14.090177133655395,7.024959742351046,2.3349436392914655,0.27509393451422437,2.589908749329039,,
76,44.65915190552872,28.61647879763822,14.090177133655395,7.434245840042942,2.3349436392914655,0.27509393451422437,2.589908749329039,,
77,44.65244229736983,28.25415995705851,14.264626945786366,7.6556629092860975,2.3081052066559313,0.27509393451422437,2.589908749329039,,
78,42.49865807836822,30.52871712292002,14.15727321524423,7.64224369296833,2.3081052066559313,0.27509393451422437,2.589908749329039,,
79,42.85426731078905,30.421363392377884,14.023081052066559,7.5281803542673105,2.3081052066559313,0.27509393451422437,2.589908749329039,,
80,42.84755770263017,30.52200751476114,14.023081052066559,7.50805152979066,2.2342995169082127,0.27509393451422437,2.589908749329039,,
81,42.25711218464841,31.233225979602793,13.962694578636608,7.454374664519592,2.2342995169082127,0.2683843263553409,2.589908749329039,,
82,41.727053140096615,30.730005367686527,15.002683843263553,7.447665056360709,2.2342995169082127,0.2683843263553409,2.589908749329039,,
83,41.87466451959206,30.03220611916264,14.969135802469136,7.4006977992485234,2.8650026838432634,0.2683843263553409,2.589908749329039,,
84,41.6935050993022,30.253623188405797,14.371980676328503,7.125603864734299,2.8650026838432634,0.4227053140096618,3.2675791733762747,,
85,40.88164251207729,29.643048845947398,17.05582393988191,7.058507783145465,2.737520128824477,0.5434782608695652,2.0799785292538915,,
86,40.94873859366613,29.602791196994094,16.337895866881375,7.769726247987117,2.717391304347826,0.5434782608695652,2.0799785292538915,,
87,41.176865271068166,29.522275899087493,16.324476650563607,7.6623725174449815,2.690552871712292,0.5434782608695652,2.0799785292538915,,
88,41.5727321524423,29.274020397208805,16.25067096081589,7.588566827697263,2.690552871712292,0.5434782608695652,2.0799785292538915,,
89,41.639828234031135,29.09286097691895,16.384863123993558,7.588566827697263,2.6704240472356413,0.5434782608695652,2.0799785292538915,,
90,41.96188942565754,28.918411164787976,16.304347826086957,7.561728395061729,2.636876006441224,0.5434782608695652,2.073268921095008,,
91,42.250402576489535,28.67686527106817,16.304347826086957,7.246376811594203,2.9052603327965647,0.5434782608695652,2.073268921095008,,
92,42.72678475577026,28.327965646806227,16.243961352657006,7.179280730005368,2.9052603327965647,0.5434782608695652,2.073268921095008,,
93,42.975040257648956,28.10654857756307,16.21712292002147,7.179280730005368,2.9052603327965647,0.5434782608695652,2.073268921095008,,
94,43.25684380032206,27.84487385936661,16.19699409554482,7.179280730005368,2.9052603327965647,0.5434782608695652,2.073268921095008,,
95,43.82716049382716,27.49597423510467,16.0426731078905,7.018250134192163,2.885131508319914,0.6575415995705851,2.073268921095008,,
96,43.853998926462694,27.388620504562535,16.129898013955984,7.018250134192163,2.8784219001610305,0.6575415995705851,2.073268921095008,,
97,43.73993558776167,27.83816425120773,15.942028985507246,7.018250134192163,2.871712292002147,0.6575415995705851,1.932367149758454,,
98,43.874127750939344,27.556360708534623,15.908480944712828,7.273215244229737,2.7979066022544283,0.6575415995705851,1.932367149758454,,
99,44.04857756307032,27.2812667740204,15.613258185721953,7.669082125603865,2.7979066022544283,0.6575415995705851,1.932367149758454,,
100,44.63231347289318,26.94578636607622,15.613258185721953,7.555018786902845,2.6637144390767578,0.6575415995705851,1.932367149758454,,
101,44.76650563607085,26.85185185185185,15.411969940955448,7.555018786902845,2.61003757380569,0.8722490606548577,1.932367149758454,,
102,44.880568974771876,25.53676865271068,14.734299516908212,9.702093397745571,2.6033279656468062,0.7648953301127214,1.778046162104133,,
103,45.75281803542673,25.335480407944175,14.27133655394525,9.219001610305957,2.5026838432635534,0.7648953301127214,1.7579173376274826,0.39586688137412773,
104,45.900429414922165,25.308641975308642,14.190821256038648,9.178743961352657,2.5026838432635534,0.7648953301127214,1.7579173376274826,0.39586688137412773,
105,45.42404723564144,25.811862587224905,14.184111647879764,9.158615136876007,2.5026838432635534,0.7648953301127214,1.7579173376274826,0.39586688137412773,
106,45.63204508856683,25.523349436392916,14.13714439076758,9.024422973698336,2.5026838432635534,1.1473429951690821,1.710950080515298,0.322061191626409,
107,45.4777241009125,25.489801395598498,13.915727321524423,9.024422973698336,3.0193236714975846,1.1473429951690821,1.6035963499731616,0.322061191626409,
108,46.06816961889426,25.087224906065487,13.855340848094471,9.024422973698336,3.0193236714975846,1.1473429951690821,1.4761137949543746,0.322061191626409,
109,46.343263553408484,24.859098228663445,13.821792807300053,8.93719806763285,3.1065485775630703,1.133923778851315,1.4761137949543746,0.322061191626409,
110,46.39694041867955,24.852388620504563,13.821792807300053,8.816425120772946,3.193773483628556,1.1205045625335481,1.4761137949543746,0.322061191626409,
111,46.22920021470746,24.698067632850243,14.17740203972088,8.675523349436393,3.3011272141706924,1.1205045625335481,1.4761137949543746,0.322061191626409,
112,45.92055823939882,25.02012882447665,14.17740203972088,8.662104133118627,3.3011272141706924,1.1205045625335481,1.4761137949543746,0.322061191626409,
113,46.16881374127751,24.832259796027913,14.17740203972088,8.662104133118627,3.3011272141706924,1.1205045625335481,1.415727321524423,0.322061191626409,
114,46.43719806763285,24.718196457326894,14.083467525496511,8.601717659688674,3.3011272141706924,1.1205045625335481,1.415727321524423,0.322061191626409,
115,46.866612989801396,24.530327428878152,13.94927536231884,8.494363929146537,3.3011272141706924,1.1205045625335481,1.415727321524423,0.322061191626409,
116,46.39023081052066,25.067096081588836,13.94927536231884,8.433977455716587,3.3011272141706924,1.1205045625335481,1.415727321524423,0.322061191626409,
117,46.4170692431562,24.590713902308106,14.398819108964037,8.433977455716587,3.3011272141706924,1.1205045625335481,1.415727321524423,0.322061191626409,
118,46.88003220611916,24.27536231884058,14.298174986580785,8.433977455716587,3.3011272141706924,1.1205045625335481,1.3687600644122384,0.322061191626409,
119,46.77938808373591,24.57729468599034,14.17740203972088,8.360171765968868,3.3011272141706924,1.1205045625335481,1.3620504562533549,0.322061191626409,
120,47.235641438539986,24.235104669887278,14.11701556629093,8.3064949006978,3.3011272141706924,1.1205045625335481,1.3620504562533549,0.322061191626409,
121,47.46376811594203,23.946591519055286,13.969404186795492,8.514492753623188,3.3011272141706924,1.1205045625335481,1.3620504562533549,0.322061191626409,
122,47.638217928073,23.825818572195384,13.935856146001074,8.507783145464305,3.294417606011809,1.1137949543746646,1.3620504562533549,0.322061191626409,
123,47.90660225442834,23.617820719269993,13.895598497047773,8.487654320987655,3.294417606011809,1.1137949543746646,1.3620504562533549,0.322061191626409,
124,48.55743424584004,23.060923242082662,13.828502415458937,7.863660762211487,3.294417606011809,1.1137949543746646,1.9726247987117553,0.30864197530864196,
125,48.61782071926999,23.020665593129362,13.808373590982287,7.863660762211487,3.294417606011809,1.1137949543746646,1.9726247987117553,0.30864197530864196,
126,48.7385936661299,22.899892646269457,13.808373590982287,7.863660762211487,3.294417606011809,1.1137949543746646,1.9726247987117553,0.30864197530864196,
127,47.765700483091784,22.24235104669887,14.76784755770263,7.716049382716049,3.656736446591519,1.570048309178744,1.9726247987117553,0.30864197530864196,
128,45.6857219538379,24.55716586151369,14.626945786366075,7.62211486849168,3.656736446591519,1.570048309178744,1.9726247987117553,0.30864197530864196,
129,45.17579173376275,23.201825013419217,16.71363392377885,7.467793880837359,3.656736446591519,1.570048309178744,1.90552871712292,0.30864197530864196,
130,45.59849704777241,22.893183038110575,16.63311862587225,7.4141170155662905,3.6768652710681695,1.570048309178744,1.90552871712292,0.30864197530864196,
131,45.67230273752013,22.839506172839506,16.61969940955448,7.407407407407407,3.6768652710681695,1.570048309178744,1.90552871712292,0.30864197530864196,
132,45.793075684380035,22.839506172839506,16.61969940955448,7.306763285024155,3.656736446591519,1.570048309178744,1.90552871712292,0.30864197530864196,
133,45.93397745571659,22.71202361782072,16.57944176060118,7.347020933977456,3.656736446591519,1.556629092860977,1.90552871712292,0.30864197530864196,
134,46.041331186258724,22.71202361782072,16.545893719806763,7.273215244229737,3.656736446591519,1.556629092860977,1.90552871712292,0.30864197530864196,
135,46.262748255501876,22.71202361782072,16.485507246376812,7.206119162640902,3.5762211486849167,1.5432098765432098,1.90552871712292,0.30864197530864196,
136,46.3365539452496,22.443639291465377,16.304347826086957,7.648953301127214,3.5628019323671496,1.4895330112721417,1.90552871712292,0.30864197530864196,
137,44.806763285024154,23.960010735373054,16.317767042404725,7.648953301127214,3.5628019323671496,1.4895330112721417,1.90552871712292,0.30864197530864196,
138,44.498121309715515,23.872785829307567,16.431830381105744,7.64224369296833,3.8378958668813743,1.3888888888888888,1.90552871712292,0.30864197530864196,0.11406333870101985
139,44.578636607622116,23.886205045625335,16.371443907675793,7.64224369296833,3.81105743424584,1.3821792807300053,1.90552871712292,0.30864197530864196,0.11406333870101985
140,44.91411701556629,23.443370907139023,16.358024691358025,7.769726247987117,3.8043478260869565,1.3821792807300053,1.90552871712292,0.30864197530864196,0.11406333870101985
141,45.229468599033815,23.275630703166936,16.25738056897477,7.763016639828234,3.8043478260869565,1.3821792807300053,1.90552871712292,0.30864197530864196,0.07380568974771873
142,43.49168008588298,25.207997852925388,16.11647879763822,7.716049382716049,3.8043478260869565,1.3754696725711217,1.90552871712292,0.30864197530864196,0.07380568974771873
143,43.71980676328502,24.97987117552335,16.11647879763822,7.716049382716049,3.8043478260869565,1.3754696725711217,1.90552871712292,0.30864197530864196,0.07380568974771873
144,44.115673644659154,24.731615673644658,16.009125067096083,7.689210950080516,3.717122920021471,1.3754696725711217,1.9793344068706387,0.30864197530864196,0.07380568974771873
145,44.26328502415459,24.65780998389694,15.975577026301664,7.675791733762749,3.717122920021471,1.3486312399355878,1.9793344068706387,0.30864197530864196,0.07380568974771873
146,44.578636607622116,24.40955448201825,15.787707997852925,7.648953301127214,3.717122920021471,1.4962426194310252,1.9793344068706387,0.30864197530864196,0.07380568974771873
147,41.639828234031135,26.140633387010197,17.733494363929147,7.353730542136339,3.629898013955985,1.1808910359634996,1.9726247987117553,0.30864197530864196,0.040257648953301126
148,41.63311862587225,25.811862587224905,17.726784755770264,7.695920558239399,3.629898013955985,1.1808910359634996,1.9726247987117553,0.30864197530864196,0.040257648953301126
149,41.83440687063875,25.79844337090714,17.62614063338701,7.608695652173913,3.629898013955985,1.1808910359634996,1.9726247987117553,0.30864197530864196,0.040257648953301126
150,42.40472356414385,25.63070316693505,17.07595276435856,7.467793880837359,3.5091250670960816,1.6035963499731616,1.9659151905528718,0.30193236714975846,0.040257648953301126
151,41.7337627482555,26.341921631776703,16.941760601180892,7.447665056360709,3.44873859366613,1.778046162104133,1.9659151905528718,0.30193236714975846,0.040257648953301126
152,41.277509393451425,26.288244766505635,16.894793344068706,7.447665056360709,4.575952764358561,1.778046162104133,1.3955984970477724,0.30193236714975846,0.040257648953301126
153,41.4922168545357,26.08695652173913,16.894793344068706,7.434245840042942,4.575952764358561,1.778046162104133,1.3955984970477724,0.30193236714975846,0.040257648953301126
154,41.337895866881375,26.35534084809447,16.794149221685455,7.4208266237251745,4.575952764358561,1.778046162104133,1.3955984970477724,0.30193236714975846,0.040257648953301126
155,41.46537842190016,26.35534084809447,16.472088030059044,7.360440150295223,4.468599033816425,2.1403650026838434,1.3955984970477724,0.30193236714975846,0.040257648953301126
156,41.700214707461086,26.27482555018787,16.33118625872249,7.360440150295223,4.320987654320987,2.1403650026838434,1.5297906602254427,0.30193236714975846,0.040257648953301126
157,41.54589371980676,26.637144390767578,16.17686527106817,7.353730542136339,4.320987654320987,2.0933977455716586,1.5297906602254427,0.30193236714975846,0.040257648953301126
158,41.7740203972088,26.40901771336554,16.17686527106817,7.353730542136339,4.320987654320987,2.0933977455716586,1.5297906602254427,0.30193236714975846,0.040257648953301126
159,41.727053140096615,25.523349436392916,15.962157809983896,7.407407407407407,5.421363392377885,2.086688137412775,1.5297906602254427,0.30193236714975846,0.040257648953301126
160,42.552334943639295,25.174449812130973,15.754159957058508,7.37385936661299,5.421363392377885,2.0263016639828235,1.3821792807300053,0.27509393451422437,0.040257648953301126
161,31.280193236714975,52.65700483091788,7.595276435856146,4.186795491143317,3.2004830917874396,0.9125067096081588,0.16774020397208803,,
162,31.5955448201825,51.368760064412236,7.608695652173913,4.133118625872249,3.2004830917874396,0.9125067096081588,1.1808910359634996,,
163,32.10547504025765,50.97289318303811,7.50805152979066,4.126409017713366,3.2004830917874396,0.9057971014492754,1.1808910359634996,,
164,32.058507783145465,50.78502415458937,7.447665056360709,3.938539989264627,3.683574879227053,0.9057971014492754,1.1808910359634996,,
165,32.17928073000537,50.758185721953836,7.39398819108964,3.898282340311326,3.683574879227053,0.9057971014492754,1.1808910359634996,,
166,32.35373054213634,50.6105743424584,7.367149758454106,3.898282340311326,3.683574879227053,0.9057971014492754,1.1808910359634996,,
167,32.63553408480945,49.986580783682236,7.823403113258186,3.898282340311326,3.6634460547504024,0.8118625872249061,1.1808910359634996,,
168,32.830112721417066,49.5907139023081,8.051529790660226,3.898282340311326,3.488996242619431,0.8118625872249061,1.328502415458937,,
169,33.03811057434246,49.483360171765966,8.051529790660226,3.8311862587224907,3.488996242619431,0.8118625872249061,1.2949543746645196,,
170,33.353462157809986,49.20826623725174,8.044820182501342,3.8311862587224907,3.455448201825013,0.8118625872249061,1.2949543746645196,,
171,33.61513687600644,49.074074074074076,7.977724100912507,3.770799785292539,3.455448201825013,0.8118625872249061,1.2949543746645196,,
172,33.49436392914654,48.22195383789587,7.977724100912507,4.74369296833065,3.455448201825013,0.8118625872249061,1.2949543746645196,,
173,33.47423510466989,47.799248523886206,7.96430488459474,5.199946323134729,3.455448201825013,0.8118625872249061,1.2949543746645196,,
174,33.333333333333336,47.54428341384863,8.548040794417606,5.038915727321524,3.4286097691894795,0.8118625872249061,1.2949543746645196,,
175,33.99087493290392,46.83977455716586,8.454106280193237,5.038915727321524,3.4286097691894795,0.8118625872249061,1.4358561460010735,,
176,34.11164787976382,46.765968867418145,8.407139023081053,5.038915727321524,3.4286097691894795,0.8118625872249061,1.4358561460010735,,
177,34.33977455716586,46.55126140633387,8.393719806763285,5.038915727321524,3.4286097691894795,0.8118625872249061,1.4358561460010735,,
178,34.46054750402576,46.18894256575416,8.353462157809984,5.038915727321524,3.4286097691894795,1.093666129898014,1.4358561460010735,,
179,34.90338164251208,45.9272678475577,8.199141170155663,5.038915727321524,3.4151905528717124,1.093666129898014,1.4224369296833066,,
180,35.11137949543747,45.38378958668814,8.145464304884594,5.038915727321524,3.4151905528717124,1.093666129898014,1.8115942028985508,,
181,35.138217928073,45.05501878690284,8.57487922705314,5.038915727321524,3.307836822329576,1.093666129898014,1.7914653784219001,,
182,35.35292538915727,44.81347289318304,8.896940418679549,5.01207729468599,3.0394524959742353,1.093666129898014,1.7914653784219001,,
183,35.53408480944713,44.67257112184648,8.870101986044014,5.01207729468599,3.0394524959742353,1.093666129898014,1.778046162104133,,
184,35.73537305421363,44.33038110574343,8.870101986044014,5.01207729468599,3.026033279656468,1.093666129898014,1.932367149758454,,
185,35.95679012345679,44.16935050993022,8.836553945249598,5.005367686527107,3.026033279656468,1.093666129898014,1.9122383252818036,,
186,36.191626409017715,44.04186795491143,8.80300590445518,4.9651100375738055,2.9924852388620504,1.093666129898014,1.9122383252818036,,
187,36.29898013955985,43.59903381642512,8.413848631239935,5.709876543209877,2.985775630703167,1.0802469135802468,1.9122383252818036,,
188,36.64787976382179,42.592592592592595,8.36688137412775,6.179549114331723,2.985775630703167,1.0534084809447128,2.1739130434782608,,
189,37.11084272678475,41.626409017713364,8.333333333333334,6.072195383789587,2.952227589908749,1.247987117552335,2.657004830917874,,
190,36.553945249597426,42.411433172302736,8.219269994632313,5.971551261406334,2.9388083735909825,1.247987117552335,2.657004830917874,,
191,36.73510466988728,42.3040794417606,8.152173913043478,5.971551261406334,2.9388083735909825,1.2412775093934514,2.657004830917874,,
192,36.621041331186255,42.47852925389157,8.125335480407944,5.924584004294149,2.871712292002147,1.3687600644122384,2.61003757380569,,
193,36.37949543746645,42.169887278582934,8.722490606548577,5.904455179817498,2.844873859366613,1.3687600644122384,2.61003757380569,,
194,36.8491680085883,41.82098765432099,8.641975308641975,5.904455179817498,2.804616210413312,1.3687600644122384,2.61003757380569,,
195,37.05716586151369,41.54589371980676,8.57487922705314,5.904455179817498,2.804616210413312,1.3620504562533549,2.7509393451422435,,
196,35.57434245840043,42.82071926999463,8.252818035426731,5.904455179817498,3.33467525496511,1.3620504562533549,2.7509393451422435,,
197,35.80246913580247,42.64626945786366,8.179012345679013,6.0654857756307035,3.33467525496511,1.221148684916801,2.7509393451422435,,
198,36.178207192699944,42.391304347826086,8.179012345679013,6.0654857756307035,3.2206119162640903,1.221148684916801,2.7442297369833604,,
199,36.33923778851315,42.25711218464841,8.179012345679013,6.038647342995169,3.2206119162640903,1.221148684916801,2.7442297369833604,,
200,36.71497584541063,41.95517981749866,8.179012345679013,5.998389694041868,3.2206119162640903,1.221148684916801,2.7106816961889426,,
201,37.0907139023081,41.5727321524423,8.07836822329576,5.991680085882985,3.2139023081052067,1.3419216317767042,2.7106816961889426,,
202,37.21819645732689,41.47879763821793,8.07836822329576,5.991680085882985,3.1870638754696725,1.3352120236178207,2.7106816961889426,,
203,37.996511003757384,40.754159957058505,8.05823939881911,5.971551261406334,3.180354267310789,1.3352120236178207,2.703972088030059,,
204,38.21121846484165,40.5931293612453,8.05823939881911,5.958132045088567,3.140096618357488,1.3352120236178207,2.703972088030059,,
205,37.97638217928073,38.39237788513151,8.038110574342458,5.958132045088567,3.140096618357488,1.3352120236178207,5.159688674181428,,
206,38.0703166935051,38.22463768115942,8.172302737520129,5.911164787976382,3.140096618357488,1.3217928073000538,5.159688674181428,,
207,38.217928073000536,38.137412775093935,8.13875469672571,5.884326355340848,3.140096618357488,1.3217928073000538,5.159688674181428,,
208,38.70101986044015,37.8690284487386,8.111916264090176,5.8239398819108965,3.140096618357488,1.3217928073000538,5.032206119162641,,
209,38.29173376274826,36.574074074074076,9.722222222222221,5.5756843800322065,3.730542136339238,1.402308105206656,4.703435319377348,,
210,38.6003757380569,36.30568974771873,9.722222222222221,5.5756843800322065,3.730542136339238,1.402308105206656,4.663177670424047,,
211,38.95598497047772,36.18491680085883,9.608158883521202,5.475040257648954,3.7104133118625873,1.402308105206656,4.663177670424047,,
212,39.231078904991946,35.99704777241009,9.534353193773484,5.475040257648954,3.69699409554482,1.402308105206656,4.663177670424047,,
213,39.50617283950617,35.64143853998927,9.520933977455716,5.441492216854535,3.824476650563607,1.402308105206656,4.663177670424047,,
214,40.002683843263554,35.238862050456255,9.440418679549115,5.414653784219001,3.8043478260869565,1.4358561460010735,4.663177670424047,,
215,40.15029522275899,35.17176596886742,9.426999463231347,5.347557702630167,3.8043478260869565,1.4358561460010735,4.663177670424047,,
216,40.87493290391841,34.534353193773484,9.41358024691358,5.340848094471283,3.7372517444981215,1.4358561460010735,4.663177670424047,,
217,41.217122920021474,34.292807300053674,9.346484165324744,5.340848094471283,3.717122920021471,1.4358561460010735,4.64975845410628,,
218,41.35131508319914,34.12506709608159,9.863123993558776,5.045625335480408,3.5292538915727323,1.4358561460010735,4.64975845410628,,
219,40.042941492216855,33.55475040257649,12.218196457326892,4.703435319377348,3.5292538915727323,1.3016639828234031,4.64975845410628,,
220,39.92887815351583,33.272946859903385,11.976650563607086,5.052334943639291,3.5292538915727323,1.5901771336553945,4.64975845410628,,
221,40.23081052066559,33.15217391304348,11.81561996779388,5.052334943639291,3.5292538915727323,1.570048309178744,4.64975845410628,,
222,40.673644659151904,32.90391841116479,11.701556629092861,5.032206119162641,3.4688674181427803,1.570048309178744,4.64975845410628,,
223,40.405260332796566,32.7361782071927,12.795222758990874,4.327697262479871,3.603059581320451,1.482823403113258,4.64975845410628,,
224,40.47906602254428,32.910628019323674,12.681159420289855,4.213633923778851,3.5829307568438002,1.482823403113258,4.64975845410628,,
225,40.552871712292,32.84353193773484,12.473161567364466,4.213633923778851,3.8177670424047236,1.482823403113258,4.616210413311863,,
226,40.88835212023618,32.64224369296833,12.25174449812131,4.213633923778851,3.978797638217928,1.482823403113258,4.542404723564144,,
227,40.76757917337628,32.62211486849168,12.25174449812131,4.213633923778851,4.119699409554482,1.482823403113258,4.542404723564144,,
228,41.26409017713365,32.407407407407405,12.171229200214707,4.200214707461084,4.03918411164788,1.482823403113258,4.435050993022007,,
229,41.67337627482555,32.13231347289318,12.090713902308105,4.200214707461084,4.03918411164788,1.482823403113258,4.38137412775094,,
230,41.948470209339774,31.870638754696724,12.090713902308105,4.200214707461084,4.025764895330113,1.482823403113258,4.38137412775094,,
231,42.3845947396672,31.5552871712292,12.050456253354804,4.200214707461084,4.005636070853462,1.482823403113258,4.320987654320987,,
232,42.42485238862051,31.313741277509394,12.546967257112184,4.17337627482555,3.7372517444981215,1.482823403113258,4.320987654320987,,
233,42.78046162104133,30.971551261406333,12.546967257112184,4.17337627482555,3.7238325281803544,1.482823403113258,4.320987654320987,,
234,43.33064949006978,30.67632850241546,12.473161567364466,4.106280193236715,3.6902844873859366,1.4559849704777241,4.26731078904992,,
235,43.4447128287708,30.495169082125603,12.620772946859903,4.106280193236715,3.6902844873859366,1.42914653784219,4.213633923778851,,
236,43.585614600107355,30.112721417069242,12.486580783682234,4.106280193236715,3.6902844873859366,1.9256575415995705,4.092860976918948,,
237,43.70638754696726,30.07246376811594,12.412775093934513,4.0995705850778315,3.6902844873859366,1.9256575415995705,4.092860976918948,,
238,44.16264090177134,29.864465915190554,12.265163714439076,3.9519592055823938,3.8378958668813743,1.8250134192163177,4.092860976918948,,
239,44.639023081052066,29.54911433172303,12.13768115942029,3.9519592055823938,3.8378958668813743,1.7914653784219001,4.092860976918948,,
240,44.96108427267848,29.441760601180892,12.057165861513688,3.9519592055823938,3.8378958668813743,1.7914653784219001,3.9586688137412773,,
241,45.229468599033815,29.300858829844337,12.030327428878154,3.9452495974235107,3.8378958668813743,1.7914653784219001,3.864734299516908,,
242,45.38378958668814,29.25389157273215,11.922973698336017,3.9452495974235107,3.8378958668813743,1.7914653784219001,3.864734299516908,,
243,45.813204508856685,28.864734299516908,11.922973698336017,3.9452495974235107,3.797638217928073,1.7914653784219001,3.864734299516908,,
244,46.20907139023081,28.529253891572733,11.808910359634996,3.9452495974235107,3.7573805689747717,1.9256575415995705,3.824476650563607,,
245,46.3768115942029,28.401771336553946,11.782071926999464,3.9452495974235107,3.7573805689747717,1.9122383252818036,3.824476650563607,,
246,46.464036500268385,28.341384863123995,11.75523349436393,3.9452495974235107,3.8714439076757916,1.9122383252818036,3.7104133118625873,,
247,46.51771336553945,28.267579173376276,11.75523349436393,3.9452495974235107,3.9586688137412773,1.90552871712292,3.6500268384326353,,
248,46.833064949006975,28.079710144927535,11.580783682232958,4.17337627482555,3.911701556629093,1.7713365539452497,3.6500268384326353,,
249,47.014224369296834,27.932098765432098,11.574074074074074,4.17337627482555,3.8848631239935587,1.7713365539452497,3.6500268384326353,,
250,47.02093397745572,27.911969940955448,11.56736446591519,4.17337627482555,3.878153515834675,1.7713365539452497,3.6768652710681695,,
251,47.054482018250134,27.82474503488996,11.627750939345143,4.17337627482555,3.8714439076757916,1.7713365539452497,3.6768652710681695,,
252,47.25577026301664,27.70397208803006,11.600912506709609,4.159957058507783,3.8714439076757916,1.7310789049919484,3.6768652710681695,,
253,47.48389694041868,27.549651100375737,11.52710681696189,4.159957058507783,3.8714439076757916,1.7310789049919484,3.6768652710681695,,
254,47.738862050456255,27.388620504562535,11.493558776167472,4.159957058507783,3.81105743424584,1.7310789049919484,3.6768652710681695,,
255,47.819377348362856,27.30810520665593,11.493558776167472,4.159957058507783,3.81105743424584,1.7310789049919484,3.6768652710681695,,
256,47.89989264626946,27.28797638217928,11.43317230273752,4.159957058507783,3.81105743424584,1.7310789049919484,3.6768652710681695,,
257,47.839506172839506,26.46940418679549,11.43317230273752,4.1532474503489,3.81105743424584,1.7310789049919484,4.562533548040794,,
258,47.96027911969941,26.362050456253353,11.426462694578637,4.146537842190016,3.81105743424584,1.7310789049919484,4.562533548040794,,
259,48.047504025764894,26.308373590982285,11.41304347826087,4.240472356414386,3.69699409554482,1.7310789049919484,4.562533548040794,,
260,48.28234031132582,26.25469672571122,11.258722490606548,4.240472356414386,3.670155662909286,1.7310789049919484,4.562533548040794,,
261,48.409822866344605,26.093666129898015,11.352657004830919,4.327697262479871,3.670155662909286,1.6505636070853462,4.49543746645196,,
262,48.59769189479334,25.946054750402578,11.345947396672035,4.327697262479871,3.670155662909286,1.6505636070853462,4.461889425657541,,
263,48.698336017176594,25.831991411701555,11.426462694578637,4.30756843800322,3.629898013955985,1.6505636070853462,4.455179817498658,,
264,48.90633387010199,25.791733762748255,11.41304347826087,4.166666666666667,3.616478797638218,1.6505636070853462,4.455179817498658,,
265,49.020397208803004,25.704508856682768,11.406333870101985,4.166666666666667,3.616478797638218,1.6438539989264627,4.441760601180891,,
266,49.22168545356951,25.53676865271068,11.406333870101985,4.159957058507783,3.6097691894793345,1.6438539989264627,4.42163177670424,,
267,49.63768115942029,25.268384326355342,11.3191089640365,4.159957058507783,3.569511540526033,1.6237251744498122,4.42163177670424,,
268,49.664519592055825,25.05367686527107,11.265432098765432,4.51556629092861,3.455448201825013,1.6237251744498122,4.42163177670424,,
269,49.77187332259796,24.805421363392377,11.225174449812132,4.51556629092861,3.455448201825013,1.6237251744498122,4.602791196994096,,
270,49.953032742887814,24.724906065485776,11.198336017176597,4.502147074610843,3.4420289855072466,1.6237251744498122,4.555823939881911,,
271,50.046967257112186,24.691358024691358,11.18491680085883,4.502147074610843,3.4420289855072466,1.6237251744498122,4.508856682769726,,
272,50.19457863660762,24.58400429414922,11.144659151905529,4.502147074610843,3.4420289855072466,1.6237251744498122,4.508856682769726,,
273,50.0805152979066,24.56387546967257,11.144659151905529,4.502147074610843,3.5762211486849167,1.6237251744498122,4.508856682769726,,
274,50.013419216317764,24.18142780461621,11.292270531400966,4.938271604938271,3.5762211486849167,1.5230810520665594,4.4753086419753085,,
275,49.463231347289316,23.792270531400966,11.392914653784219,4.938271604938271,3.6634460547504024,2.328234031132582,4.42163177670424,,
276,49.241814278046164,23.64465915190553,11.77536231884058,4.931561996779388,3.6634460547504024,2.328234031132582,4.414922168545357,,
277,49.39613526570049,23.58427267847558,11.761943102522812,4.931561996779388,3.6634460547504024,2.3215244229736984,4.341116478797638,,
278,49.63768115942029,23.544015029522274,11.58749329039184,4.924852388620504,3.6634460547504024,2.3215244229736984,4.320987654320987,,
279,49.81884057971015,23.369565217391305,11.58749329039184,4.924852388620504,3.656736446591519,2.3215244229736984,4.320987654320987,,
280,49.79200214707461,23.336017176596886,11.097691894793345,4.924852388620504,3.656736446591519,2.945517981749866,4.247181964573269,,
281,49.86580783682233,23.18840579710145,10.970209339774557,4.898013955984971,3.569511540526033,3.2877079978529253,4.2203435319377345,,
282,50.22141706924316,22.987117552334944,10.95679012345679,4.797369833601718,3.569511540526033,3.260869565217391,4.206924315619967,,
283,50.82528180354267,22.765700483091788,10.701825013419215,4.790660225442834,3.44873859366613,3.260869565217391,4.206924315619967,,
284,50.86553945249597,22.5979602791197,10.654857756307031,4.777241009125067,3.4286097691894795,3.5426731078904994,4.133118625872249,,
285,51.187600644122384,22.463768115942027,10.581052066559312,4.750402576489533,3.4151905528717124,3.5426731078904994,4.05931293612453,,
286,51.348631239935585,22.396672034353195,10.487117552334944,4.750402576489533,3.4151905528717124,3.5426731078904994,4.05931293612453,,
287,51.45598497047772,22.34970477724101,10.487117552334944,4.750402576489533,3.388352120236178,3.5225442834138487,4.045893719806763,,
288,51.670692431561996,22.16183574879227,10.487117552334944,4.683306494900698,3.5225442834138487,3.515834675254965,3.9586688137412773,,
289,51.610305958132045,21.987385936661298,10.856146001073537,4.683306494900698,3.4957058507783145,3.4286097691894795,3.938539989264627,,
290,51.90552871712292,21.658615136876005,10.983628556092324,4.53569511540526,3.603059581320451,3.4151905528717124,3.898282340311326,,
291,51.85856146001073,21.484165324745035,10.876274825550189,4.53569511540526,3.603059581320451,3.743961352657005,3.898282340311326,,
292,52.10681696188943,21.443907675791735,10.836017176596886,4.42163177670424,3.603059581320451,3.6902844873859366,3.898282340311326,,
293,52.301395598497045,21.329844337090712,10.836017176596886,4.361245303274289,3.603059581320451,3.6902844873859366,3.878153515834675,,
294,52.31481481481482,21.095008051529792,10.929951690821255,4.361245303274289,3.589640365002684,3.6500268384326353,4.05931293612453,,
295,52.361782071927,21.068169618894256,10.909822866344605,4.361245303274289,3.589640365002684,3.6500268384326353,4.05931293612453,,
296,52.234299516908216,20.86688137412775,10.896403650026839,4.300858829844337,3.5829307568438002,4.072732152442297,4.045893719806763,,
297,52.58990874932904,20.699141170155663,10.836017176596886,4.300858829844337,3.569511540526033,4.072732152442297,3.9318303811057436,,
298,52.75093934514224,20.625335480407944,10.815888352120236,4.300858829844337,3.569511540526033,4.05931293612453,3.878153515834675,,
299,52.97906602254428,20.558239398819108,10.789049919484702,4.300858829844337,3.569511540526033,3.92512077294686,3.878153515834675,,
300,53.187063875469676,20.497852925389157,10.742082662372518,4.300858829844337,3.515834675254965,3.911701556629093,3.844605475040258,,
