,45,50,55,52,54,51,53,57,59,56,58,60
0,99.57058507783145,0.4294149221685454,,,,,,,,,,
1,89.31159420289855,10.68840579710145,,,,,,,,,,
2,88.53998926462694,11.460010735373054,,,,,,,,,,
3,88.00322061191626,11.996779388083736,,,,,,,,,,
4,83.29978529253891,16.512345679012345,0.1878690284487386,,,,,,,,,
5,82.07863660762212,14.834943639291465,0.2281266774020397,2.737520128824477,0.12077294685990338,,,,,,,
6,82.05850778314546,14.801395598497047,0.2281266774020397,2.791196994095545,0.12077294685990338,,,,,,,
7,79.93827160493827,16.935050993022006,0.2281266774020397,2.7777777777777777,0.12077294685990338,,,,,,,
8,76.23456790123457,20.611916264090176,0.2549651100375738,2.7777777777777777,0.12077294685990338,,,,,,,
9,76.18760064412238,20.658883521202362,0.2549651100375738,2.7777777777777777,0.12077294685990338,,,,,,,
10,74.12775093934515,22.088030059044552,0.3421900161030596,2.7308105206655933,0.12077294685990338,0.03354804079441761,0.4830917874396135,0.07380568974771873,,,,
11,71.67203435319378,24.476650563607084,0.47638217928073,2.636876006441224,0.12077294685990338,0.03354804079441761,0.4830917874396135,0.10064412238325282,,,,
12,71.08158883521202,23.597691894793343,0.4227053140096618,3.9989264626945786,0.12077294685990338,0.11406333870101985,0.5636070853462157,0.10064412238325282,,,,
13,70.55152979066023,23.53059581320451,0.4227053140096618,4.428341384863124,0.23483628556092323,0.23483628556092323,0.49651100375738055,0.10064412238325282,,,,
14,52.14036500268384,40.183843263553406,0.5166398282340311,2.6637144390767578,3.421900161030596,0.1610305958132045,0.5971551261406334,0.2214170692431562,0.0939345142243693,,,
15,51.57675791733763,39.84836285560923,1.1674718196457328,2.5295222758990876,3.421900161030596,0.4092860976918948,0.5971551261406334,0.2147074610842727,0.0939345142243693,0.14090177133655393,,
16,50.26838432635534,38.33870101986044,2.2745571658615136,2.2208803005904456,3.4688674181427803,2.38191089640365,0.5971551261406334,0.2147074610842727,0.0939345142243693,0.14090177133655393,,
17,48.24208266237252,40.55958132045089,2.2074610842726785,2.26784755770263,3.4688674181427803,1.9524959742351047,0.8521202361782072,0.2147074610842727,0.0939345142243693,0.14090177133655393,,
18,48.19511540526033,40.64680622651637,2.2074610842726785,2.26784755770263,3.4420289855072466,1.9390767579173376,0.8521202361782072,0.2147074610842727,0.0939345142243693,0.14090177133655393,,
19,43.666129898013956,34.88996242619431,1.4358561460010735,2.2074610842726785,3.4420289855072466,12.969672571121846,0.9393451422436929,0.2147074610842727,0.0939345142243693,0.14090177133655393,,
20,43.78019323671498,34.60144927536232,1.5499194847020934,2.187332259796028,3.4420289855072466,12.93612453032743,1.0534084809447128,0.2147074610842727,0.0939345142243693,0.14090177133655393,,
21,41.217122920021474,37.57380568974772,1.5767579173376274,2.187332259796028,3.4420289855072466,12.5,1.0534084809447128,0.2147074610842727,0.0939345142243693,0.14090177133655393,,
22,33.49436392914654,45.25630703166935,1.6841116478797638,2.1806226516371443,3.3011272141706924,12.345679012345679,1.0534084809447128,0.2147074610842727,0.0939345142243693,0.3757380568974772,,
23,33.80971551261406,44.10896403650027,1.778046162104133,2.9253891572732154,3.3480944712828773,12.29200214707461,1.0534084809447128,0.2147074610842727,0.0939345142243693,0.3757380568974772,,
24,28.703703703703702,46.88003220611916,2.1806226516371443,2.885131508319914,3.502415458937198,13.687600644122384,1.4559849704777241,0.1878690284487386,0.0939345142243693,0.4227053140096618,,
25,26.764626945786365,49.644390767579175,2.3215244229736984,2.844873859366613,3.5225442834138487,12.754965110037574,1.3486312399355878,0.28180354267310787,0.0939345142243693,0.4227053140096618,,
26,26.496242619431026,49.75174449812131,2.49597423510467,2.844873859366613,3.5225442834138487,12.741545893719806,1.3486312399355878,0.28180354267310787,0.0939345142243693,0.4227053140096618,,
27,22.913311862587225,54.220343531937736,2.3483628556092326,1.9256575415995705,3.408480944712829,12.889157273215245,1.3486312399355878,0.28180354267310787,0.0939345142243693,0.5703166935050993,,
28,21.87332259796028,51.36205045625336,2.26784755770263,0.08722490606548577,3.4017713365539453,19.256575415995705,1.1473429951690821,0.026838432635534086,0.0939345142243693,0.38915727321524424,0.0939345142243693,
29,21.329844337090712,50.20799785292539,3.743961352657005,0.08722490606548577,3.3950617283950617,19.424315619967793,1.1473429951690821,0.026838432635534086,0.0939345142243693,0.4495437466451959,0.0939345142243693,
30,20.967525496511005,49.5504562533548,3.92512077294686,0.08722490606548577,3.3950617283950617,20.222758990874933,1.1473429951690821,0.026838432635534086,0.0939345142243693,0.48980139559849706,0.0939345142243693,
31,20.25630703166935,48.8191089640365,4.05931293612453,0.12077294685990338,3.2541599570585076,21.370101986044016,1.133923778851315,0.03354804079441761,0.0939345142243693,0.7648953301127214,0.0939345142243693,
32,20.148953301127214,47.65163714439077,4.106280193236715,0.12077294685990338,3.207192699946323,21.22249060654858,2.3550724637681157,0.03354804079441761,0.14090177133655393,0.9192163177670424,0.0939345142243693,
33,17.485238862050455,47.765700483091784,3.9586688137412773,0.0939345142243693,3.3145464304884595,20.9272678475577,5.2066559312936125,0.03354804079441761,0.14090177133655393,0.9192163177670424,0.15432098765432098,
34,17.136339237788512,47.95356951154053,4.180085882984434,0.0939345142243693,3.3145464304884595,20.88030059044552,5.193236714975845,0.03354804079441761,0.14090177133655393,0.9192163177670424,0.15432098765432098,
35,17.143048845947398,47.396672034353195,4.575952764358561,0.0939345142243693,3.4017713365539453,20.719269994632313,5.300590445517981,0.03354804079441761,0.14090177133655393,1.0399892646269457,0.15432098765432098,
36,17.196725711218466,46.88003220611916,4.569243156199678,0.0939345142243693,3.3548040794417604,20.71256038647343,5.844068706387547,0.03354804079441761,0.14090177133655393,1.0198604401502953,0.15432098765432098,
37,17.176596886741816,42.77375201288245,4.9718196457326895,3.864734299516908,3.3548040794417604,20.652173913043477,5.683038110574342,0.20799785292538917,0.14090177133655393,1.0198604401502953,0.15432098765432098,
38,17.391304347826086,42.51878690284487,5.059044551798175,3.8378958668813743,3.3145464304884595,20.652173913043477,5.709876543209877,0.20799785292538917,0.14090177133655393,1.0131508319914118,0.15432098765432098,
39,17.56575415995706,41.91492216854536,5.173107890499195,3.8378958668813743,3.616478797638218,20.544820182501343,5.703166935050993,0.20799785292538917,0.14090177133655393,1.1406333870101986,0.15432098765432098,
40,17.344337090713903,40.11003757380569,5.522007514761138,3.8378958668813743,4.17337627482555,19.91411701556629,7.212828770799785,0.20799785292538917,0.14090177133655393,1.3821792807300053,0.15432098765432098,
41,14.801395598497047,41.17015566290929,5.776972624798712,3.3816425120772946,4.461889425657541,21.027911969940956,7.159151905528717,0.15432098765432098,0.24825550187869028,1.6639828234031133,0.15432098765432098,
42,14.593397745571659,40.81454643048846,6.031937734836285,3.2340311325818574,4.488727858293076,21.36339237788513,7.105475040257649,0.15432098765432098,0.24825550187869028,1.8115942028985508,0.15432098765432098,
43,14.002952227589908,39.15727321524423,6.045356951154052,3.6768652710681695,4.388083735909823,22.81266774020397,7.50805152979066,0.27509393451422437,0.2616747181964573,1.6908212560386473,0.18115942028985507,
44,13.962694578636608,39.07675791733763,6.105743424584004,3.549382716049383,4.388083735909823,22.450348899624263,7.561728395061729,0.4025764895330113,0.2616747181964573,2.059849704777241,0.18115942028985507,
45,13.01663982823403,33.9573268921095,5.381105743424584,5.857487922705314,3.6768652710681695,23.389694041867955,11.701556629092861,0.4428341384863124,0.2147074610842727,2.187332259796028,0.17444981213097155,
46,12.93612453032743,32.88378958668814,5.381105743424584,5.837359098228664,3.6634460547504024,21.584809447128286,14.586688137412775,0.4428341384863124,0.2281266774020397,2.24771873322598,0.20799785292538917,
47,13.063607085346217,32.8166935050993,5.434782608695652,5.8239398819108965,3.6634460547504024,21.289586688137412,14.680622651637144,0.4428341384863124,0.2281266774020397,2.3550724637681157,0.20128824476650564,
48,12.929414922168545,32.52818035426731,5.891035963499732,5.770263016639828,3.307836822329576,21.24261943102523,15.163714439076758,0.46967257112184646,0.20128824476650564,2.227589908749329,0.2683843263553409,
49,12.869028448738593,32.018250134192165,6.400966183574879,7.152442297369833,3.69699409554482,21.135265700483092,13.607085346215781,0.46967257112184646,0.20128824476650564,2.1806226516371443,0.2683843263553409,
50,12.801932367149758,31.03864734299517,5.642780461621041,7.132313472893183,3.374932903918411,22.79253891572732,13.6808910359635,0.46967257112184646,0.1878690284487386,2.589908749329039,0.2885131508319914,
51,12.86231884057971,30.917874396135264,6.3137412775093935,7.179280730005368,3.361513687600644,22.12157809983897,13.613794954374665,0.46967257112184646,0.1878690284487386,2.6838432635534084,0.2885131508319914,
52,12.915995705850777,30.931293612453032,6.166129898013956,7.098765432098766,3.844605475040258,21.880032206119164,13.533279656468062,0.5233494363929146,0.1878690284487386,2.576489533011272,0.3421900161030596,
53,12.614063338701019,30.03220611916264,5.998389694041868,8.984165324745035,3.9049919484702094,21.296296296296298,13.526570048309178,0.46967257112184646,0.1878690284487386,2.6435856146001075,0.3421900161030596,
54,12.4597423510467,30.08588298443371,5.857487922705314,8.984165324745035,3.9049919484702094,21.24261943102523,13.687600644122384,0.6105743424584005,0.1878690284487386,2.636876006441224,0.3421900161030596,
55,12.52012882447665,29.750402576489535,6.105743424584004,8.930488459473967,4.032474503488996,21.16881374127751,13.526570048309178,0.6105743424584005,0.1878690284487386,2.8381642512077296,0.32877079978529256,
56,12.52012882447665,29.64975845410628,5.938003220611916,9.044551798174986,3.9452495974235107,20.967525496511005,13.493022007514762,0.6105743424584005,0.1878690284487386,3.1602254428341383,0.4830917874396135,
57,12.580515297906603,28.14680622651637,6.5552871712292005,9.044551798174986,4.005636070853462,21.477455716586153,13.694310252281268,0.6105743424584005,0.1878690284487386,3.1333870101986045,0.5636070853462157,
58,12.634192163177671,28.119967793880836,6.66935050993022,9.037842190016104,3.992216854535695,21.276167471819647,13.499731615673644,0.5971551261406334,0.1878690284487386,3.240740740740741,0.7447665056360708,
59,12.27187332259796,28.119967793880836,6.635802469135802,8.883521202361782,3.992216854535695,21.85990338164251,13.325281803542673,0.7380568974771873,0.1878690284487386,3.240740740740741,0.7447665056360708,
60,11.714975845410628,26.744498121309714,6.870638754696726,8.776167471819646,4.528985507246377,22.987117552334944,13.325281803542673,0.798443370907139,0.1878690284487386,3.321256038647343,0.7447665056360708,
61,11.869296833064949,26.442565754159958,7.065217391304348,8.903650026838433,4.51556629092861,22.899892646269457,13.22463768115942,0.798443370907139,0.20799785292538917,3.307836822329576,0.7648953301127214,
62,11.943102522812667,26.36876006441224,7.4006977992485234,8.769457863660762,4.5960815888352125,22.725442834138487,13.197799248523886,0.798443370907139,0.20799785292538917,3.227321524422974,0.7648953301127214,
63,11.943102522812667,26.247987117552334,7.4006977992485234,8.769457863660762,4.736983360171766,22.665056360708533,13.177670424047236,0.798443370907139,0.20799785292538917,3.2877079978529253,0.7648953301127214,
64,11.842458400429415,24.724906065485776,7.313472893183038,11.902844873859367,4.9651100375738055,22.584541062801932,11.976650563607086,0.7716049382716049,0.23483628556092323,3.1535158346752548,0.5300590445517982,
65,11.621041331186259,24.61755233494364,7.595276435856146,11.829039184111648,5.132850241545894,22.262479871175522,12.077294685990339,0.7917337627482555,0.23483628556092323,3.307836822329576,0.5300590445517982,
66,11.292270531400966,24.000268384326354,7.702630166398282,11.641170155662909,5.132850241545894,21.83977455716586,13.439345142243694,0.8923778851315083,0.23483628556092323,3.294417606011809,0.5300590445517982,
67,11.332528180354267,23.778851315083198,7.769726247987117,11.52710681696189,5.199946323134729,21.537842190016104,13.291733762748256,0.9594739667203436,0.23483628556092323,3.81105743424584,0.5568974771873323,
68,11.332528180354267,24.094202898550726,7.7361782071927,11.52710681696189,5.199946323134729,21.370101986044016,13.09044551798175,0.9594739667203436,0.23483628556092323,3.898282340311326,0.5568974771873323,
69,11.077563070316694,23.62453032742888,8.165593129361245,11.506977992485238,6.870638754696726,20.343531937734838,13.083735909822867,0.95276435856146,0.23483628556092323,3.5829307568438002,0.5568974771873323,
70,11.252012882447666,23.450080515297905,8.145464304884594,11.473429951690822,6.863929146537842,20.343531937734838,13.056897477187333,0.95276435856146,0.23483628556092323,3.670155662909286,0.5568974771873323,
71,10.265700483091788,21.43719806763285,7.27992485238862,15.116747181964573,6.696188942565755,21.007783145464305,13.144122383252817,0.7045088566827697,0.23483628556092323,3.603059581320451,0.5099302200751477,
72,10.178475577026301,21.4573268921095,7.246376811594203,15.573000536768653,6.843800322061192,20.860171765968868,12.76838432635534,0.8185721953837896,0.2683843263553409,3.475577026301664,0.5099302200751477,
73,10.25228126677402,21.40365002683843,7.313472893183038,15.4723564143854,6.072195383789587,22.269189479334408,12.245034889962426,0.8387010198604401,0.0939345142243693,3.5829307568438002,0.4562533548040794,
74,10.258990874932904,20.585077831454644,7.092055823939882,16.451959205582394,6.179549114331723,22.061191626409016,12.218196457326892,0.8990874932903918,0.1274825550187869,3.670155662909286,0.4562533548040794,
75,10.332796564680622,20.544820182501343,7.2933440687063875,16.391572732152444,6.219806763285024,21.833064949006978,12.218196457326892,0.9125067096081588,0.1274825550187869,3.670155662909286,0.4562533548040794,
76,10.352925389157273,20.075147611379496,7.763016639828234,16.304347826086957,6.152710681696189,21.73913043478261,12.25174449812131,1.0064412238325282,0.1610305958132045,3.7372517444981215,0.4562533548040794,
77,9.943639291465379,19.961084272678477,7.548309178743962,16.035963499731615,6.139291465378422,22.82608695652174,12.13768115942029,0.9326355340848095,0.1610305958132045,3.878153515834675,0.43612453032742887,
78,10.064412238325282,19.87385936661299,7.548309178743962,15.942028985507246,6.139291465378422,22.63150831991412,12.184648416532475,1.0802469135802468,0.1610305958132045,3.938539989264627,0.43612453032742887,
79,9.359903381642512,19.02173913043478,7.64224369296833,15.94873859366613,5.9514224369296835,24.329039184111647,12.164519592055823,1.0802469135802468,0.1610305958132045,3.9049919484702094,0.43612453032742887,
80,9.460547504025765,18.887546967257112,7.48792270531401,16.861245303274288,6.099033816425121,24.40955448201825,11.292270531400966,1.1137949543746646,0.1610305958132045,3.851315083199141,0.3757380568974772,
81,9.433709071390231,18.35077831454643,8.004562533548041,16.854535695115406,6.092324208266238,24.40955448201825,11.292270531400966,1.1137949543746646,0.1610305958132045,3.911701556629093,0.3757380568974772,
82,9.581320450885668,18.270263016639827,8.09849704777241,16.78743961352657,6.085614600107354,24.308910359634996,11.258722490606548,1.1137949543746646,0.1610305958132045,3.9586688137412773,0.3757380568974772,
83,9.728931830381105,18.12265163714439,8.038110574342458,16.760601180891037,6.172839506172839,24.16129898013956,11.285560923242082,1.1137949543746646,0.1610305958132045,4.079441760601181,0.3757380568974772,
84,9.86983360171766,17.94820182501342,8.038110574342458,16.70692431561997,6.159420289855072,24.174718196457327,11.3593666129898,1.1473429951690821,0.1610305958132045,4.05931293612453,0.3757380568974772,
85,9.943639291465379,17.887815351583466,8.091787439613526,16.6532474503489,6.085614600107354,24.10762211486849,11.2788513150832,1.402308105206656,0.1610305958132045,4.012345679012346,0.3757380568974772,
86,10.037573805689748,17.867686527106816,8.132045088566828,16.6129898013956,6.038647342995169,24.074074074074073,11.272141706924316,1.402308105206656,0.1610305958132045,4.012345679012346,0.3757380568974772,0.013419216317767043
87,9.957058507783145,17.518786902844873,8.246108427267847,16.49892646269458,6.152710681696189,24.698067632850243,11.017176596886742,1.2815351583467525,0.1610305958132045,4.079441760601181,0.3757380568974772,0.013419216317767043
88,9.98389694041868,17.257112184648417,8.299785292538916,16.458668813741276,6.723027375201288,24.476650563607084,10.856146001073537,1.2010198604401503,0.1610305958132045,4.193505099302201,0.3757380568974772,0.013419216317767043
89,10.084541062801932,17.24369296833065,8.527911969940956,16.438539989264626,6.702898550724638,24.08749329039184,10.815888352120236,1.42914653784219,0.1610305958132045,4.119699409554482,0.3757380568974772,0.013419216317767043
90,9.66183574879227,16.55931293612453,8.064949006977992,16.7337627482555,6.830381105743425,25.469672571121848,10.889694041867955,1.2748255501878691,0.1610305958132045,3.965378421900161,0.3757380568974772,0.013419216317767043
91,9.722222222222221,16.552603327965645,7.944176060118089,16.63311862587225,7.085346215780999,25.43612453032743,10.86285560923242,1.2748255501878691,0.1610305958132045,3.938539989264627,0.3757380568974772,0.013419216317767043
92,8.507783145464305,15.458937198067632,8.05823939881911,19.02173913043478,7.065217391304348,25.275093934514224,10.829307568438002,1.2546967257112185,0.1610305958132045,3.978797638217928,0.3757380568974772,0.013419216317767043
93,8.487654320987655,15.311325818572195,9.185453569511541,18.129361245303276,7.132313472893183,25.013419216317768,10.876274825550189,1.247987117552335,0.1610305958132045,4.066022544283414,0.3757380568974772,0.013419216317767043
94,8.433977455716587,15.150295222758992,9.27938808373591,18.531937734836287,6.951154052603328,24.745034889962426,11.023886205045626,1.247987117552335,0.1610305958132045,4.025764895330113,0.43612453032742887,0.013419216317767043
95,8.447396672034353,14.814814814814815,9.31964573268921,18.47826086956522,7.494632313472893,24.57729468599034,10.916532474503489,1.247987117552335,0.1610305958132045,4.092860976918948,0.43612453032742887,0.013419216317767043
96,8.55475040257649,14.626945786366075,9.41358024691358,18.310520665593128,7.64224369296833,24.537037037037038,11.010466988727858,1.247987117552335,0.1610305958132045,4.045893719806763,0.43612453032742887,0.013419216317767043
97,8.588298443370908,14.61352657004831,9.400161030595813,18.243424584004295,7.62211486849168,24.40955448201825,11.171497584541063,1.3016639828234031,0.1610305958132045,4.045893719806763,0.4294149221685454,0.013419216317767043
98,8.340042941492216,17.136339237788512,8.541331186258722,17.941492216854535,7.326892109500805,24.282071926999464,10.540794417606012,1.2815351583467525,0.14761137949543746,4.019055287171229,0.4294149221685454,0.013419216317767043
99,7.957595276435856,16.566022544283413,8.621846484165324,17.14975845410628,7.306763285024155,25.758185721953836,10.775630703166936,1.2546967257112185,0.14761137949543746,4.019055287171229,0.4294149221685454,0.013419216317767043
100,5.0858829844337095,43.12936124530327,6.629092860976919,9.084809447128288,4.824208266237251,18.10252281266774,8.756038647342995,0.9259259259259259,0.14761137949543746,2.985775630703167,0.3153515834675255,0.013419216317767043
101,5.072463768115942,40.94873859366613,7.118894256575416,8.923778851315083,4.938271604938271,18.095813204508858,10.507246376811594,0.8588298443370908,0.14761137949543746,2.985775630703167,0.38915727321524424,0.013419216317767043
102,4.884594739667204,40.15700483091788,7.454374664519592,8.494363929146537,4.797369833601718,20.155662909286097,9.957058507783145,0.8588298443370908,0.14761137949543746,2.7442297369833604,0.33548040794417605,0.013419216317767043
103,4.924852388620504,39.66720343531938,7.816693505099302,9.75577026301664,4.884594739667204,18.907675791733762,9.916800858829845,0.8588298443370908,0.14761137949543746,2.717391304347826,0.38915727321524424,0.013419216317767043
104,5.0993022007514766,39.56655931293612,7.890499194847021,9.728931830381105,4.884594739667204,18.780193236714975,9.916800858829845,0.8588298443370908,0.14761137949543746,2.7241009125067097,0.38915727321524424,0.013419216317767043
105,5.173107890499195,39.30488459473967,8.179012345679013,9.628287707997853,4.884594739667204,18.780193236714975,9.916800858829845,0.8588298443370908,0.14761137949543746,2.7241009125067097,0.38915727321524424,0.013419216317767043
106,5.35426731078905,37.795222758990874,8.427267847557703,10.896403650026839,4.978529253891573,18.431293612453032,9.702093397745571,0.8588298443370908,0.14761137949543746,3.0059044551798175,0.38915727321524424,0.013419216317767043
107,5.528717122920021,37.506709608158886,8.668813741277509,10.856146001073537,4.978529253891573,18.250134192163177,9.688674181427805,0.95276435856146,0.14761137949543746,3.0193236714975846,0.38915727321524424,0.013419216317767043
108,5.636070853462158,37.0101986044015,9.057971014492754,10.567632850241546,5.186527106816962,18.035426731078903,9.675254965110037,1.261406333870102,0.14761137949543746,3.0193236714975846,0.38915727321524424,0.013419216317767043
109,5.763553408480945,36.74852388620504,9.31964573268921,10.661567364465915,5.193236714975845,17.94820182501342,9.554482018250134,1.261406333870102,0.14761137949543746,3.012614063338701,0.3757380568974772,0.013419216317767043
110,5.683038110574342,35.74208266237252,10.648148148148149,10.63472893183038,5.24020397208803,17.746913580246915,9.554482018250134,1.2077294685990339,0.14761137949543746,2.965646806226516,0.41599570585077833,0.013419216317767043
111,5.864197530864198,35.64143853998927,10.997047772410092,10.889694041867955,5.139559849704777,17.411433172302736,9.440418679549115,1.1674718196457328,0.1274825550187869,2.8918411164787976,0.41599570585077833,0.013419216317767043
112,5.917874396135265,35.38647342995169,10.661567364465915,11.882716049382717,5.0858829844337095,17.337627482555018,9.158615136876007,1.0198604401502953,0.1274825550187869,2.999194847020934,0.4092860976918948,0.013419216317767043
113,5.5689747718733225,31.816961889425656,10.326086956521738,10.19189479334407,5.428073000536768,23.617820719269993,8.829844337090714,0.8588298443370908,0.1274825550187869,2.8247450348899625,0.39586688137412773,0.013419216317767043
114,5.615942028985507,31.749865807836823,10.44015029522276,10.144927536231885,5.401234567901234,23.57085346215781,8.722490606548577,0.966183574879227,0.1274825550187869,2.8515834675254963,0.39586688137412773,0.013419216317767043
115,5.314009661835748,32.8166935050993,11.05072463768116,10.131508319914117,5.260332796564681,22.920021470746107,8.272946859903382,1.0064412238325282,0.1274825550187869,2.703972088030059,0.3824476650563607,0.013419216317767043
116,5.367686527106817,32.31347289318304,11.513687600644122,10.084541062801932,5.260332796564681,22.906602254428343,8.299785292538916,1.0332796564680622,0.1274825550187869,2.6972624798711755,0.3824476650563607,0.013419216317767043
117,5.501878690284487,32.078636607622116,11.460010735373054,10.084541062801932,5.60252281266774,22.705314009661837,8.199141170155663,1.0332796564680622,0.1274825550187869,2.8113258185721954,0.3824476650563607,0.013419216317767043
118,5.669618894256575,31.99141170155663,11.460010735373054,10.071121846484166,5.615942028985507,22.638217928073,8.185721953837897,1.0332796564680622,0.1274825550187869,2.8113258185721954,0.3824476650563607,0.013419216317767043
119,5.6964573268921095,31.61567364465915,11.634460547504025,9.73564143853999,6.1929683306494905,22.436929683306495,8.179012345679013,1.0332796564680622,0.1274825550187869,2.952227589908749,0.3824476650563607,0.013419216317767043
120,5.555555555555555,28.824476650563607,10.889694041867955,9.628287707997853,9.769189479334408,22.436929683306495,8.179012345679013,1.0332796564680622,0.1274825550187869,2.952227589908749,0.5367686527106817,0.06709608158883522
121,5.649490069779925,28.670155662909288,10.997047772410092,9.594739667203436,9.769189479334408,22.356414385399894,8.219269994632313,1.0332796564680622,0.1274825550187869,2.9790660225442833,0.5367686527106817,0.06709608158883522
122,5.683038110574342,28.522544283413847,11.064143853998926,9.64170692431562,9.769189479334408,22.25577026301664,8.219269994632313,1.0332796564680622,0.1274825550187869,3.079710144927536,0.5367686527106817,0.06709608158883522
123,5.730005367686527,27.992485238862052,11.634460547504025,9.64170692431562,9.621578099838969,22.168545356951153,8.205850778314547,1.0332796564680622,0.1274825550187869,3.240740740740741,0.5367686527106817,0.06709608158883522
124,5.844068706387547,27.851583467525497,11.83574879227053,9.561191626409018,9.614868491680086,22.014224369296834,8.105206655931294,1.1943102522812667,0.1274825550187869,3.2474503488996245,0.5367686527106817,0.06709608158883522
125,5.911164787976382,24.818840579710145,12.037037037037036,9.520933977455716,8.360171765968868,21.85319377348363,12.513419216317766,1.0869565217391304,0.1274825550187869,3.3480944712828773,0.4092860976918948,0.013419216317767043
126,5.971551261406334,24.62426194310252,12.00348899624262,9.520933977455716,8.55475040257649,21.631776704240472,12.614063338701019,1.0399892646269457,0.1274825550187869,3.488996242619431,0.4092860976918948,0.013419216317767043
127,6.078904991948471,24.396135265700483,12.379227053140097,9.480676328502415,8.521202361782072,21.289586688137412,12.627482555018787,1.0399892646269457,0.1274825550187869,3.589640365002684,0.4562533548040794,0.013419216317767043
128,6.005099302200751,24.295491143317232,12.164519592055823,9.41358024691358,8.568169618894256,21.20907139023081,13.123993558776167,1.093666129898014,0.06709608158883522,3.535963499731616,0.5099302200751477,0.013419216317767043
129,6.038647342995169,23.698336017176597,13.083735909822867,9.31964573268921,8.413848631239935,21.088298443370906,13.023349436392914,1.2010198604401503,0.06709608158883522,3.535963499731616,0.5166398282340311,0.013419216317767043
130,5.3341384863123995,26.56333870101986,12.895866881374127,8.393719806763285,8.333333333333334,20.578368223295758,12.620772946859903,1.2010198604401503,0.06709608158883522,3.4822866344605474,0.5166398282340311,0.013419216317767043
131,5.307300053676865,26.227858293075684,13.291733762748256,8.353462157809984,8.32662372517445,20.42404723564144,12.620772946859903,1.221148684916801,0.06709608158883522,3.629898013955985,0.5166398282340311,0.013419216317767043
132,5.407944176060118,26.133923778851315,13.325281803542673,8.474235104669887,8.319914117015566,20.26972624798712,12.593934514224369,1.1607622114868492,0.06709608158883522,3.717122920021471,0.5166398282340311,0.013419216317767043
133,5.508588298443371,24.93961352657005,12.902576489533011,8.340042941492216,8.373590982286634,20.075147611379496,14.304884594739667,1.1540526033279657,0.15432098765432098,3.717122920021471,0.5166398282340311,0.013419216317767043
134,5.555555555555555,24.838969404186795,12.801932367149758,8.32662372517445,8.521202361782072,20.04830917874396,14.27133655394525,1.1540526033279657,0.15432098765432098,3.7640901771336552,0.5501878690284487,0.013419216317767043
135,5.434782608695652,24.630971551261407,12.895866881374127,8.521202361782072,8.930488459473967,19.867149758454108,13.922436929683306,1.2546967257112185,0.15432098765432098,3.824476650563607,0.5501878690284487,0.013419216317767043
136,5.636070853462158,24.44310252281267,12.828770799785293,8.997584541062801,8.729200214707461,19.524959742351047,13.768115942028986,1.2345679012345678,0.2281266774020397,4.045893719806763,0.5501878690284487,0.013419216317767043
137,5.636070853462158,24.349168008588297,12.801932367149758,9.118357487922705,8.870101986044014,19.33709071390231,13.734567901234568,1.2345679012345678,0.2281266774020397,4.0995705850778315,0.5770263016639828,0.013419216317767043
138,5.709876543209877,24.20155662909286,12.93612453032743,8.997584541062801,8.863392377885132,19.269994632313473,13.801663982823403,1.2345679012345678,0.2281266774020397,4.126409017713366,0.6172839506172839,0.013419216317767043
139,5.844068706387547,24.18142780461621,12.828770799785293,9.098228663446054,8.756038647342995,19.223027375201287,13.754696725711218,1.2345679012345678,0.2281266774020397,4.17337627482555,0.6642512077294686,0.013419216317767043
140,6.031937734836285,24.14787976382179,12.761674718196458,8.970746108427267,8.836553945249598,19.088835212023618,13.70101986044015,1.221148684916801,0.2281266774020397,4.334406870638754,0.6642512077294686,0.013419216317767043
141,6.219806763285024,23.926462694578635,12.620772946859903,8.93719806763285,8.789586688137414,18.84728931830381,13.92914653784219,1.3955984970477724,0.2281266774020397,4.441760601180891,0.6508319914117016,0.013419216317767043
142,6.199677938808374,23.65136876006441,12.647611379495437,9.25925925925926,8.78287707997853,18.706387546967257,13.79495437466452,1.3955984970477724,0.2281266774020397,4.669887278582931,0.6508319914117016,0.013419216317767043
143,6.374127750939345,23.43666129898014,12.761674718196458,9.212292002147075,8.977455716586151,18.5654857756307,13.6406333870102,1.3486312399355878,0.2281266774020397,4.703435319377348,0.7380568974771873,0.013419216317767043
144,6.3137412775093935,23.275630703166936,12.627482555018787,8.662104133118627,8.93719806763285,19.826892109500804,13.499731615673644,1.3150831991411702,0.2885131508319914,4.502147074610843,0.7380568974771873,0.013419216317767043
145,6.387546967257112,23.101180891035963,12.72812667740204,8.57487922705314,8.890230810520666,19.685990338164252,13.405797101449275,1.3888888888888888,0.2885131508319914,4.797369833601718,0.7380568974771873,0.013419216317767043
146,6.468062265163715,22.819377348362856,12.95625335480408,8.561460010735374,8.903650026838433,19.685990338164252,13.352120236178207,1.4559849704777241,0.2885131508319914,4.757112184648417,0.7380568974771873,0.013419216317767043
147,6.541867954911433,22.604669887278583,12.734836285560924,8.460815888352121,10.171765968867419,19.55179817498658,12.587224906065487,1.5432098765432098,0.2885131508319914,4.757112184648417,0.7447665056360708,0.013419216317767043
148,6.561996779388084,22.31615673644659,12.835480407944177,8.621846484165324,9.990606548577563,19.061996779388085,13.18438003220612,1.5432098765432098,0.2885131508319914,4.730273752012883,0.8521202361782072,0.013419216317767043
149,6.662640901771336,22.188674181427803,12.68786902844874,8.467525496511003,10.064412238325282,18.94122383252818,13.231347289318304,1.4761137949543746,0.2885131508319914,5.139559849704777,0.8387010198604401,0.013419216317767043
150,5.709876543209877,21.973966720343533,12.00348899624262,8.024691358024691,7.501341921631776,27.15378421900161,11.829039184111648,0.8856682769726248,0.13419216317767044,3.898282340311326,0.8856682769726248,
151,5.864197530864198,21.866612989801396,12.104133118625873,7.997852925389157,7.447665056360709,27.106816961889425,11.701556629092861,0.95276435856146,0.13419216317767044,3.8915727321524423,0.9326355340848095,
152,5.723295759527644,21.215780998389693,11.18491680085883,7.877079978529254,7.192699946323135,29.61621041331186,11.372785829307569,0.9259259259259259,0.13419216317767044,3.8311862587224907,0.9259259259259259,
153,5.723295759527644,21.034621578099838,11.29898013955985,7.863660762211487,7.118894256575416,29.53569511540526,11.399624261943103,1.0332796564680622,0.13419216317767044,3.9318303811057436,0.9259259259259259,
154,5.750134192163178,19.732957595276435,11.124530327428879,7.856951154052603,7.179280730005368,29.274020397208805,13.117283950617283,0.9930220075147611,0.13419216317767044,3.9452495974235107,0.8923778851315083,
155,5.897745571658615,19.692699946323135,11.265432098765432,7.702630166398282,7.179280730005368,29.07944176060118,13.258185721953838,0.9930220075147611,0.13419216317767044,3.9720880300590444,0.8252818035426731,
156,5.958132045088567,19.639023081052066,11.580783682232958,7.648953301127214,6.984702093397746,28.65673644659152,13.298443370907139,1.1272141706924315,0.13419216317767044,4.146537842190016,0.8252818035426731,
157,6.166129898013956,19.45115405260333,11.79549114331723,7.62211486849168,6.984702093397746,28.428609769189478,13.358829844337091,1.1137949543746646,0.13419216317767044,4.119699409554482,0.8252818035426731,
158,6.3137412775093935,19.162640901771336,11.654589371980677,8.051529790660226,7.1725711218464845,28.166935050993022,13.331991411701557,1.1003757380568975,0.13419216317767044,4.086151368760064,0.8252818035426731,
159,6.3070316693505095,19.135802469135804,11.66129898013956,8.071658615136876,7.192699946323135,27.95222758990875,13.298443370907139,1.1272141706924315,0.13419216317767044,4.294149221685454,0.8252818035426731,
160,6.092324208266238,17.834138486312398,11.292270531400966,8.071658615136876,7.266505636070853,27.563070316693505,15.351583467525497,1.107085346215781,0.13419216317767044,4.334406870638754,0.95276435856146,
161,6.139291465378422,17.76033279656468,11.325818572195384,8.05823939881911,7.253086419753086,27.355072463768117,15.378421900161031,1.107085346215781,0.13419216317767044,4.53569511540526,0.95276435856146,
162,6.286902844873859,17.538915727321523,11.500268384326356,8.05823939881911,7.192699946323135,27.26113794954375,15.344873859366613,1.133923778851315,0.13419216317767044,4.5960815888352125,0.95276435856146,
163,6.239935587761675,17.384594739667204,11.56736446591519,7.4208266237251745,7.212828770799785,28.052871712292003,15.344873859366613,1.0601180891035964,0.13419216317767044,4.62962962962963,0.95276435856146,
164,6.293612453032743,17.09608158883521,11.869296833064949,7.333601717659689,7.0450885668276975,27.95222758990875,15.646806226516372,1.0198604401502953,0.13419216317767044,4.656468062265164,0.95276435856146,
165,6.421095008051529,16.23725174449812,11.453301127214171,8.957326892109501,6.951154052603328,27.697262479871174,15.391841116478798,1.0064412238325282,0.13419216317767044,4.770531400966184,0.9796027911969941,
166,6.568706387546968,16.17686527106817,11.466720343531938,8.93719806763285,6.9310252281266775,27.603327965646805,15.35829307568438,1.0064412238325282,0.13419216317767044,4.864465915190553,0.95276435856146,
167,6.575415995705851,16.0829307568438,11.513687600644122,9.125067096081589,6.91760601180891,27.938808373590984,15.056360708534621,0.9863123993558777,0.13419216317767044,4.7168545356951155,0.95276435856146,
168,6.528448738593666,15.995705850778315,11.614331723027375,9.044551798174986,7.944176060118089,27.32823403113258,15.009393451422437,0.9863123993558777,0.13419216317767044,4.435050993022007,0.9796027911969941,
169,6.582125603864735,15.995705850778315,11.66129898013956,9.125067096081589,7.950885668276973,27.113526570048307,14.969135802469136,0.9863123993558777,0.13419216317767044,4.542404723564144,0.9393451422436929,
170,6.702898550724638,15.787707997852925,11.976650563607086,9.004294149221685,7.87037037037037,27.006172839506174,14.935587761674718,0.9728931830381106,0.18115942028985507,4.622920021470746,0.9393451422436929,
171,6.850509930220075,15.74074074074074,12.00348899624262,8.836553945249598,7.937466451959206,26.84514224369297,14.895330112721417,0.9997316156736447,0.18115942028985507,4.750402576489533,0.9594739667203436,
172,6.971282877079979,15.465646806226516,12.177938808373591,8.930488459473967,7.937466451959206,26.603596349973163,14.76784755770263,0.966183574879227,0.18115942028985507,5.052334943639291,0.9460547504025765,
173,6.863929146537842,15.163714439076758,12.95625335480408,8.501073537305421,7.836822329575953,26.549919484702095,15.03623188405797,0.966183574879227,0.18115942028985507,4.9718196457326895,0.9728931830381106,
174,6.843800322061192,15.08990874932904,13.24476650563607,8.3467525496511,8.051529790660226,26.288244766505635,14.989264626945786,1.093666129898014,0.18115942028985507,4.898013955984971,0.9728931830381106,
175,6.91760601180891,14.942297369833602,13.251476113794954,8.333333333333334,8.21256038647343,26.247987117552334,14.949006977992486,1.093666129898014,0.18115942028985507,4.898013955984971,0.9728931830381106,
176,7.004830917874396,14.868491680085883,13.331991411701557,8.266237251744498,8.319914117015566,26.154052603327965,14.754428341384862,1.1674718196457328,0.18115942028985507,4.998658078368224,0.95276435856146,
177,7.018250134192163,14.727589908749328,13.09044551798175,10.621309715512615,8.420558239398819,24.27536231884058,14.741009125067096,1.1540526033279657,0.18115942028985507,4.74369296833065,1.0265700483091786,
178,7.03166935050993,14.459205582393988,13.385668276972625,10.621309715512615,8.454106280193237,22.5577026301664,16.61969940955448,1.1540526033279657,0.18115942028985507,4.508856682769726,1.0265700483091786,
179,7.065217391304348,14.278046162104133,13.110574342458401,9.017713365539452,8.61513687600644,24.268652710681696,16.666666666666668,1.0466988727858293,0.18115942028985507,4.616210413311863,1.133923778851315,
180,7.239667203435319,14.264626945786366,13.170960815888352,9.004294149221685,8.61513687600644,24.134460547504027,16.61969940955448,1.0466988727858293,0.18115942028985507,4.5893719806763285,1.133923778851315,
181,7.300053676865271,13.875469672571121,13.16425120772947,8.950617283950617,8.964036500268385,24.060654857756308,16.51905528717123,1.1943102522812667,0.18115942028985507,4.696725711218465,1.093666129898014,
182,7.37385936661299,13.862050456253355,13.18438003220612,8.856682769726248,8.964036500268385,23.658078368223297,16.512345679012345,1.2546967257112185,0.18115942028985507,4.898013955984971,1.2546967257112185,
183,7.4208266237251745,13.747987117552334,13.365539452495975,8.68894256575416,9.265968867418144,23.17498658078368,16.780730005367687,1.2546967257112185,0.18115942028985507,4.871175523349437,1.247987117552335,
184,7.494632313472893,13.56682769726248,13.607085346215781,8.675523349436393,9.265968867418144,23.121309715512613,16.71363392377885,1.2546967257112185,0.18115942028985507,4.871175523349437,1.247987117552335,
185,7.575147611379496,13.539989264626946,13.446054750402576,8.655394524959743,9.252549651100376,23.121309715512613,16.78743961352657,1.2748255501878691,0.18115942028985507,4.918142780461621,1.247987117552335,
186,7.581857219538379,13.533279656468062,13.419216317767042,8.655394524959743,9.252549651100376,22.953569511540525,16.80756843800322,1.2748255501878691,0.18115942028985507,5.092592592592593,1.247987117552335,
187,7.675791733762749,12.171229200214707,13.345410628019323,8.628556092324208,9.440418679549115,22.779119699409556,18.156199677938808,1.2546967257112185,0.18115942028985507,5.0791733762748255,1.288244766505636,
188,7.6623725174449815,11.3593666129898,13.123993558776167,9.728931830381105,9.581320450885668,22.65834675254965,18.19645732689211,1.2546967257112185,0.18115942028985507,5.0858829844337095,1.1674718196457328,
189,7.924047235641439,11.3191089640365,13.056897477187333,9.655126140633387,9.588030059044552,22.383252818035427,18.364197530864196,1.2546967257112185,0.18115942028985507,5.10601180891036,1.1674718196457328,
190,7.937466451959206,11.265432098765432,13.130703166935051,9.554482018250134,9.655126140633387,22.282608695652176,18.42458400429415,1.2748255501878691,0.18115942028985507,5.12614063338701,1.1674718196457328,
191,7.843531937734836,11.16478797638218,12.93612453032743,9.534353193773484,10.272410091250672,21.692163177670423,18.84728931830381,1.2748255501878691,0.18115942028985507,5.045625335480408,1.2077294685990339,
192,7.9106280193236715,11.044015029522276,13.47289318303811,9.453837895866881,10.359634997316157,21.309715512614062,18.377616747181964,1.2748255501878691,0.18115942028985507,5.562265163714439,1.0534084809447128,
