,45,50,53,54,51,52,55,56,57
0,83.72920021470746,16.27079978529254,,,,,,,
1,82.21953837895867,17.028985507246375,0.7514761137949544,,,,,,
2,77.49597423510467,21.604938271604937,0.7514761137949544,0.14761137949543746,,,,,
3,75.26838432635535,23.832528180354267,0.7514761137949544,0.14761137949543746,,,,,
4,74.99329039184111,24.10762211486849,0.7514761137949544,0.14761137949543746,,,,,
5,73.78556092324209,25.315351583467525,0.7514761137949544,0.14761137949543746,,,,,
6,71.77267847557702,25.925925925925927,0.7514761137949544,0.14761137949543746,1.402308105206656,,,,
7,70.32340311325818,24.322329575952764,0.7514761137949544,0.14761137949543746,4.455179817498658,,,,
8,67.44498121309715,27.200751476113794,0.7514761137949544,0.14761137949543746,4.455179817498658,,,,
9,67.52549651100375,27.120236178207193,0.7514761137949544,0.14761137949543746,4.455179817498658,,,,
10,67.4315619967794,27.214170692431562,0.7514761137949544,0.14761137949543746,4.455179817498658,,,,
11,67.47852925389158,27.167203435319376,0.7514761137949544,0.14761137949543746,4.455179817498658,,,,
12,67.47852925389158,27.167203435319376,0.7514761137949544,0.14761137949543746,4.455179817498658,,,,
13,67.47852925389158,27.167203435319376,0.7514761137949544,0.14761137949543746,4.455179817498658,,,,
14,64.66720343531938,29.24718196457327,0.7514761137949544,0.14761137949543746,5.186527106816962,,,,
15,64.8215244229737,29.09286097691895,0.7514761137949544,0.14761137949543746,5.186527106816962,,,,
16,64.83494363929147,29.07944176060118,0.7514761137949544,0.14761137949543746,5.186527106816962,,,,
17,64.2512077294686,29.663177670424048,0.7514761137949544,0.14761137949543746,5.186527106816962,,,,
18,55.30059044551798,35.63472893183038,0.7514761137949544,0.4227053140096618,7.890499194847021,,,,
19,53.48899624261943,37.27858293075684,0.7514761137949544,0.4227053140096618,8.05823939881911,,,,
20,53.616478797638216,37.151100375738054,0.7514761137949544,0.4227053140096618,8.05823939881911,,,,
21,53.696994095544824,37.07058507783145,0.7514761137949544,0.4227053140096618,8.05823939881911,,,,
22,53.02603327965647,37.754965110037574,0.7514761137949544,0.4227053140096618,8.044820182501342,,,,
23,51.1406333870102,40.25764895330113,0.7514761137949544,0.4227053140096618,7.427536231884058,,,,
24,51.14734299516908,39.21765968867418,0.7514761137949544,0.4227053140096618,7.367149758454106,1.093666129898014,,,
25,48.65807836822329,40.84809447128288,0.7514761137949544,1.1943102522812667,7.105475040257649,1.442565754159957,,,
26,48.060923242082666,41.34460547504026,0.7514761137949544,1.442565754159957,6.957863660762212,1.442565754159957,,,
27,47.99382716049383,41.44524959742351,0.7514761137949544,1.3754696725711217,6.937734836285561,1.4962426194310252,,,
28,47.97369833601718,41.57944176060118,0.8252818035426731,1.3754696725711217,6.749865807836822,1.4962426194310252,,,
29,47.99382716049383,40.88835212023618,1.8250134192163177,1.3754696725711217,6.421095008051529,1.4962426194310252,,,
30,48.05421363392378,40.83467525496511,1.8250134192163177,1.3754696725711217,6.414385399892646,1.4962426194310252,,,
31,47.70531400966183,40.52603327965647,2.341653247450349,1.3754696725711217,6.414385399892646,1.4962426194310252,0.14090177133655393,,
32,46.18894256575416,41.91492216854536,2.341653247450349,1.3754696725711217,6.414385399892646,1.4962426194310252,0.2683843263553409,,
33,44.91411701556629,43.21658615136876,2.341653247450349,1.3754696725711217,6.387546967257112,1.4962426194310252,0.2683843263553409,,
34,44.98792270531401,42.93478260869565,2.5496511003757383,1.3754696725711217,6.387546967257112,1.4962426194310252,0.2683843263553409,,
35,45.04830917874396,42.77375201288245,2.5496511003757383,1.4761137949543746,6.387546967257112,1.4962426194310252,0.2683843263553409,,
36,45.02818035426731,42.552334943639295,2.5496511003757383,1.4761137949543746,6.629092860976919,1.4962426194310252,0.2683843263553409,,
37,32.54159957058508,55.36768652710682,2.5496511003757383,1.4761137949543746,6.300322061191626,1.4962426194310252,0.2683843263553409,,
38,32.67579173376275,55.08588298443371,2.5496511003757383,1.4761137949543746,6.219806763285024,1.4626945786366077,0.5300590445517982,,
39,32.11218464841653,55.159688674181425,3.435319377348363,1.3754696725711217,5.924584004294149,1.4626945786366077,0.5300590445517982,,
40,27.83816425120773,58.702361782071925,3.4017713365539453,1.583467525496511,6.481481481481482,1.4626945786366077,0.5300590445517982,,
41,26.724369296833064,55.58239398819109,3.388352120236178,0.8521202361782072,11.721685453569512,1.4626945786366077,0.2683843263553409,,
42,26.878690284487387,52.09339774557166,3.388352120236178,3.1602254428341383,12.74825550187869,1.4626945786366077,0.2683843263553409,,
43,25.0402576489533,53.213902308105204,3.307836822329576,3.052871712292002,13.654052603327965,1.4626945786366077,0.2683843263553409,,
44,25.067096081588836,53.187063875469676,3.307836822329576,3.052871712292002,13.385668276972625,1.7310789049919484,0.2683843263553409,,
45,25.107353730542137,52.71739130434783,3.307836822329576,3.052871712292002,12.439613526570048,3.1065485775630703,0.2683843263553409,,
46,25.181159420289855,52.36849168008588,3.435319377348363,3.052871712292002,12.412775093934513,3.280998389694042,0.2683843263553409,,
47,25.32206119162641,51.82501341921632,3.435319377348363,3.0394524959742353,12.412775093934513,3.280998389694042,0.6843800322061192,,
48,21.631776704240472,48.24208266237252,3.435319377348363,2.999194847020934,20.679012345679013,2.328234031132582,0.6843800322061192,,
49,21.611647879763822,48.19511540526033,4.49543746645196,2.999194847020934,19.719538378958667,2.2946859903381642,0.6843800322061192,,
50,20.8064949006978,47.738862050456255,4.468599033816425,2.999194847020934,21.007783145464305,2.2946859903381642,0.6843800322061192,,
51,20.8870101986044,47.69189479334407,4.468599033816425,2.9924852388620504,20.840042941492218,2.2946859903381642,0.8252818035426731,,
52,20.618625872249062,49.724906065485776,4.468599033816425,3.052871712292002,18.095813204508858,2.227589908749329,0.785024154589372,1.0265700483091786,
53,20.67230273752013,49.49677938808374,4.468599033816425,3.052871712292002,18.089103596349972,2.408749329039184,0.785024154589372,1.0265700483091786,
54,20.8467525496511,49.11433172302738,4.703435319377348,3.052871712292002,18.075684380032207,2.395330112721417,0.785024154589372,1.0265700483091786,
55,20.189210950080515,48.93317230273752,4.703435319377348,3.052871712292002,18.914385399892645,2.395330112721417,0.785024154589372,1.0265700483091786,
56,20.598497047772412,48.698336017176594,4.696725711218465,3.052871712292002,18.82716049382716,2.395330112721417,0.785024154589372,0.9460547504025765,
57,20.457595276435857,48.268921095008054,4.669887278582931,3.8714439076757916,18.78690284487386,2.3617820719269993,0.6374127750939346,0.9460547504025765,
58,20.618625872249062,47.819377348362856,4.280730005367687,4.019055287171229,19.384057971014492,2.3617820719269993,0.5703166935050993,0.9460547504025765,
59,20.632045088566827,47.175254965110035,4.280730005367687,4.005636070853462,19.384057971014492,3.0059044551798175,0.5703166935050993,0.9460547504025765,
60,19.142512077294686,48.678207192699944,4.274020397208803,4.005636070853462,19.37734836285561,3.0059044551798175,0.5703166935050993,0.9460547504025765,
61,17.995169082125603,49.946323134728935,4.186795491143317,4.005636070853462,19.64573268921095,2.15378421900161,0.4428341384863124,1.6237251744498122,
62,17.270531400966185,42.53220611916264,1.724369296833065,3.992216854535695,25.831991411701555,2.0531400966183573,4.9718196457326895,1.6237251744498122,
63,17.344337090713903,42.351046698872786,1.6908212560386473,3.992216854535695,24.570585077831456,2.0531400966183573,6.374127750939345,1.6237251744498122,
64,16.988727858293075,41.243961352657,2.4154589371980677,5.12614063338701,24.16129898013956,2.15378421900161,6.286902844873859,1.6237251744498122,
65,17.07595276435856,41.23054213633924,2.4154589371980677,5.12614063338701,24.10091250670961,2.15378421900161,6.273483628556092,1.6237251744498122,
66,16.586151368760063,40.33816425120773,2.408749329039184,5.12614063338701,26.247987117552334,2.1269457863660763,6.233225979602791,0.9326355340848095,
67,16.834406870638755,40.17713365539453,2.408749329039184,5.10601180891036,26.1808910359635,2.1269457863660763,6.233225979602791,0.9326355340848095,
68,16.33118625872249,38.197799248523886,2.4020397208803006,4.797369833601718,29.1129898013956,1.9927536231884058,6.233225979602791,0.9326355340848095,
69,16.545893719806763,38.077026301663984,2.4020397208803006,4.797369833601718,29.045893719806763,1.9860440150295222,6.213097155126141,0.9326355340848095,
70,16.485507246376812,37.88915727321525,2.4020397208803006,7.14573268921095,27.126945786366075,1.9860440150295222,6.367418142780462,0.48980139559849706,0.10735373054213634
71,16.384863123993558,37.64761137949544,2.6301663982823404,7.14573268921095,27.26784755770263,1.9860440150295222,6.340579710144928,0.48980139559849706,0.10735373054213634
72,16.404991948470208,37.62748255501879,2.6301663982823404,7.14573268921095,27.26784755770263,1.9860440150295222,6.340579710144928,0.48980139559849706,0.10735373054213634
73,16.431830381105744,36.13794954374664,2.6033279656468062,7.14573268921095,26.663982823403114,4.4820182501341925,5.938003220611916,0.48980139559849706,0.10735373054213634
74,15.787707997852925,36.808910359635,2.462426194310252,7.360440150295223,26.187600644122384,4.85775630703167,5.938003220611916,0.48980139559849706,0.10735373054213634
75,14.351851851851851,32.50134192163178,2.576489533011272,7.461084272678476,31.508319914117017,5.065754159957058,5.938003220611916,0.48980139559849706,0.10735373054213634
76,14.479334406870638,32.46108427267848,2.576489533011272,7.461084272678476,31.4345142243693,5.052334943639291,5.938003220611916,0.48980139559849706,0.10735373054213634
77,14.55984970477724,32.098765432098766,2.576489533011272,7.7831454643048845,31.394256575415994,5.052334943639291,5.938003220611916,0.48980139559849706,0.10735373054213634
78,14.526301663982823,31.884057971014492,2.576489533011272,7.7831454643048845,30.857487922705314,5.280461621041331,6.172839506172839,0.8118625872249061,0.10735373054213634
79,14.40552871712292,31.870638754696724,2.576489533011272,7.75630703166935,31.01851851851852,5.280461621041331,6.172839506172839,0.8118625872249061,0.10735373054213634
80,14.492753623188406,31.816961889425656,2.576489533011272,7.7361782071927,31.00509930220075,5.280461621041331,6.172839506172839,0.8118625872249061,0.10735373054213634
81,14.486044015029522,31.427804616210413,3.3548040794417604,7.702630166398282,30.730005367686527,5.280461621041331,6.099033816425121,0.8118625872249061,0.10735373054213634
82,14.680622651637144,31.266774020397207,3.321256038647343,7.48792270531401,29.998658078368223,5.4549114331723025,6.877348362855609,0.8118625872249061,0.10064412238325282
83,14.754428341384862,31.239935587761675,3.321256038647343,7.474503488996243,29.998658078368223,5.448201825013419,6.850509930220075,0.8118625872249061,0.10064412238325282
84,14.486044015029522,30.750134192163177,3.321256038647343,7.474503488996243,30.803811057434245,5.441492216854535,6.810252281266774,0.8118625872249061,0.10064412238325282
85,14.51959205582394,30.73671497584541,3.321256038647343,7.461084272678476,30.797101449275363,5.441492216854535,6.810252281266774,0.8118625872249061,0.10064412238325282
86,14.55984970477724,30.669618894256576,3.4151905528717124,7.64224369296833,30.56226516371444,5.441492216854535,6.810252281266774,0.798443370907139,0.10064412238325282
87,14.512882447665056,30.776972624798713,3.549382716049383,7.64224369296833,30.48845947396672,5.193236714975845,6.937734836285561,0.798443370907139,0.10064412238325282
88,14.338432635534085,29.844337090713903,4.0995705850778315,7.917337627482555,30.770263016639827,5.193236714975845,6.937734836285561,0.798443370907139,0.10064412238325282
89,14.351851851851851,29.830917874396135,4.0995705850778315,7.917337627482555,30.770263016639827,5.193236714975845,6.937734836285561,0.798443370907139,0.10064412238325282
90,14.472624798711756,29.770531400966185,4.0995705850778315,7.917337627482555,30.709876543209877,5.193236714975845,6.937734836285561,0.798443370907139,0.10064412238325282
91,14.667203435319378,29.683306494900698,4.066022544283414,8.59500805152979,29.985238862050455,5.193236714975845,6.910896403650026,0.798443370907139,0.10064412238325282
92,14.76784755770263,29.622920021470748,4.066022544283414,8.59500805152979,29.70343531937735,5.193236714975845,7.152442297369833,0.798443370907139,0.10064412238325282
93,14.459205582393988,28.79092860976919,3.965378421900161,8.548040794417606,31.199677938808374,5.193236714975845,6.944444444444445,0.798443370907139,0.10064412238325282
94,14.445786366076222,28.522544283413847,3.965378421900161,8.548040794417606,31.642512077294686,5.193236714975845,6.78341384863124,0.798443370907139,0.10064412238325282
95,14.304884594739667,26.40901771336554,3.965378421900161,8.521202361782072,34.05797101449275,5.193236714975845,6.649221685453569,0.798443370907139,0.10064412238325282
96,14.244498121309716,26.38888888888889,3.8311862587224907,8.467525496511003,32.14573268921095,7.4006977992485234,6.635802469135802,0.798443370907139,0.08722490606548577
97,14.398819108964037,26.29495437466452,3.8311862587224907,8.467525496511003,32.11218464841653,7.37385936661299,6.635802469135802,0.798443370907139,0.08722490606548577
98,14.418947933440688,26.214439076757916,3.824476650563607,8.420558239398819,31.253354804079443,8.387010198604402,6.595544820182502,0.798443370907139,0.08722490606548577
99,14.526301663982823,26.154052603327965,3.7775093934514223,8.393719806763285,31.159420289855074,8.373590982286634,6.729736983360172,0.798443370907139,0.08722490606548577
100,14.579978529253891,26.147342995169083,3.7775093934514223,8.393719806763285,31.125872249060656,8.373590982286634,6.716317767042405,0.798443370907139,0.08722490606548577
101,14.74771873322598,26.147342995169083,3.750670960815888,8.36688137412775,31.03864734299517,8.373590982286634,6.689479334406871,0.798443370907139,0.08722490606548577
102,14.781266774020397,26.060118089103597,3.750670960815888,8.514492753623188,31.00509930220075,8.313204508856682,6.689479334406871,0.798443370907139,0.08722490606548577
103,15.022812667740205,26.039989264626946,3.750670960815888,8.480944712828771,30.817230273752013,8.313204508856682,6.689479334406871,0.798443370907139,0.08722490606548577
104,15.056360708534621,25.959473966720342,5.776972624798712,7.75630703166935,29.66988727858293,8.239398819108963,6.689479334406871,0.7648953301127214,0.08722490606548577
105,15.096618357487923,25.81857219538379,5.938003220611916,7.595276435856146,29.66988727858293,8.393719806763285,6.635802469135802,0.7648953301127214,0.08722490606548577
106,15.257648953301127,25.791733762748255,6.146001073537305,7.595276435856146,29.66988727858293,8.319914117015566,6.367418142780462,0.7648953301127214,0.08722490606548577
107,15.230810520665592,25.288513150831992,6.072195383789587,6.689479334406871,28.27428878153516,11.225174449812132,6.367418142780462,0.7648953301127214,0.08722490606548577
108,14.982555018786902,24.738325281803544,5.8172302737520125,6.977992485238862,29.09957058507783,11.16478797638218,6.367418142780462,0.7648953301127214,0.08722490606548577
109,14.331723027375201,24.094202898550726,5.8172302737520125,6.977992485238862,30.44820182501342,11.11111111111111,6.367418142780462,0.7648953301127214,0.08722490606548577
110,14.667203435319378,23.89291465378422,5.8172302737520125,6.9243156199677935,30.407944176060116,11.104401502952227,6.333870101986044,0.7648953301127214,0.08722490606548577
111,14.04320987654321,24.966451959205582,5.689747718733226,6.89747718733226,30.099302200751477,10.93666129898014,6.515029522275899,0.7648953301127214,0.08722490606548577
112,14.190821256038648,24.912775093934513,5.676328502415459,6.89747718733226,30.05233494363929,10.903113258185721,6.515029522275899,0.7648953301127214,0.08722490606548577
113,14.15727321524423,24.89935587761675,5.676328502415459,6.870638754696726,30.05233494363929,11.144659151905529,6.347289318303811,0.7648953301127214,0.08722490606548577
114,14.257917337627482,24.86580783682233,5.676328502415459,6.870638754696726,29.998658078368223,11.131239935587761,6.347289318303811,0.7648953301127214,0.08722490606548577
115,14.224369296833064,24.704777241009126,5.669618894256575,6.870638754696726,29.562533548040793,11.124530327428879,6.991411701556629,0.7648953301127214,0.08722490606548577
116,14.251207729468598,24.691358024691358,5.669618894256575,6.870638754696726,29.54911433172303,11.124530327428879,6.991411701556629,0.7648953301127214,0.08722490606548577
117,14.15727321524423,23.577563070316693,5.669618894256575,9.708803005904455,28.81105743424584,10.755501878690284,6.468062265163715,0.7648953301127214,0.08722490606548577
118,14.526301663982823,23.523886205045624,5.656199677938808,9.594739667203436,28.743961352657006,10.755501878690284,6.347289318303811,0.7648953301127214,0.08722490606548577
119,13.841921631776705,22.73215244229737,5.5689747718733225,9.594739667203436,30.320719269994633,10.755501878690284,6.333870101986044,0.7648953301127214,0.08722490606548577
120,13.613794954374665,22.497316156736446,6.4345142243692965,9.178743961352657,32.360440150295226,8.480944712828771,6.582125603864735,0.7648953301127214,0.08722490606548577
121,13.217928073000536,22.061191626409016,5.776972624798712,6.89747718733226,38.39237788513151,7.024959742351046,5.971551261406334,0.5703166935050993,0.08722490606548577
122,13.20450885668277,21.886741814278047,5.776972624798712,6.810252281266774,38.29844337090714,7.467793880837359,5.9447128287707995,0.5233494363929146,0.08722490606548577
123,13.311862587224907,21.866612989801396,5.756843800322061,6.810252281266774,38.238056897477186,7.467793880837359,5.938003220611916,0.5233494363929146,0.08722490606548577
124,13.251476113794954,21.75925925925926,8.3467525496511,6.642512077294686,35.74208266237252,8.071658615136876,5.750134192163178,0.3488996242619431,0.08722490606548577
125,13.311862587224907,21.531132581857218,8.3467525496511,6.575415995705851,35.59447128287708,8.05823939881911,6.146001073537305,0.3488996242619431,0.08722490606548577
126,13.352120236178207,21.504294149221685,8.3467525496511,6.575415995705851,35.59447128287708,8.05823939881911,6.132581857219538,0.3488996242619431,0.08722490606548577
127,13.533279656468062,21.497584541062803,8.3467525496511,6.561996779388084,35.47369833601718,8.017981749865807,6.132581857219538,0.3488996242619431,0.08722490606548577
128,13.727858293075684,21.32313472893183,8.3467525496511,6.662640901771336,35.35963499731616,8.017981749865807,6.125872249060655,0.3488996242619431,0.08722490606548577
129,14.023081052066559,21.18894256575416,8.172302737520129,6.837090713902308,35.29253891572732,7.937466451959206,6.112453032742888,0.3488996242619431,0.08722490606548577
130,13.90901771336554,20.73268921095008,8.051529790660226,6.837090713902308,34.58803005904455,9.333064949006978,6.112453032742888,0.3488996242619431,0.08722490606548577
131,14.110305958132045,20.725979602791195,8.917069243156199,6.837090713902308,33.682232957595275,9.178743961352657,6.112453032742888,0.3488996242619431,0.08722490606548577
132,14.210950080515298,20.725979602791195,8.917069243156199,6.763285024154589,33.62855609232421,9.118357487922705,6.199677938808374,0.3488996242619431,0.08722490606548577
133,14.27133655394525,19.51825013419216,8.80300590445518,6.474771873322598,35.54079441760601,8.776167471819646,6.031937734836285,0.49651100375738055,0.08722490606548577
134,14.51959205582394,19.370638754696724,9.722222222222221,7.50805152979066,33.702361782071925,8.561460010735374,6.031937734836285,0.49651100375738055,0.08722490606548577
135,14.626945786366075,19.343800322061192,9.681964573268921,7.50805152979066,33.66881374127751,8.55475040257649,6.031937734836285,0.49651100375738055,0.08722490606548577
136,14.465915190552872,19.558507783145465,9.681964573268921,7.50805152979066,33.61513687600644,8.55475040257649,6.031937734836285,0.49651100375738055,0.08722490606548577
137,14.761137949543746,19.558507783145465,9.655126140633387,7.253086419753086,33.61513687600644,8.55475040257649,6.018518518518518,0.49651100375738055,0.08722490606548577
138,14.80810520665593,19.545088566827697,9.655126140633387,7.360440150295223,33.47423510466989,8.55475040257649,6.018518518518518,0.49651100375738055,0.08722490606548577
139,14.875201288244767,19.37734836285561,9.601449275362318,8.21256038647343,32.7361782071927,8.648684916800859,5.964841653247451,0.49651100375738055,0.08722490606548577
140,14.586688137412775,18.84728931830381,9.373322597960279,6.535158346752549,35.59447128287708,8.588298443370908,5.891035963499732,0.49651100375738055,0.08722490606548577
141,14.593397745571659,18.840579710144926,9.359903381642512,6.535158346752549,35.47369833601718,8.722490606548577,5.891035963499732,0.49651100375738055,0.08722490606548577
142,14.647074610842727,18.438003220611915,9.359903381642512,6.488191089640365,34.715512614063336,8.715780998389693,7.051798174986581,0.49651100375738055,0.08722490606548577
143,13.741277509393452,17.518786902844873,9.359903381642512,6.468062265163715,36.86929683306495,8.433977455716587,7.024959742351046,0.49651100375738055,0.08722490606548577
144,13.70101986044015,17.505367686527105,9.346484165324744,6.468062265163715,36.3191089640365,8.433977455716587,7.64224369296833,0.49651100375738055,0.08722490606548577
145,13.754696725711218,17.485238862050455,9.346484165324744,6.468062265163715,36.292270531400966,8.433977455716587,7.635534084809447,0.49651100375738055,0.08722490606548577
146,14.103596349973161,17.485238862050455,9.346484165324744,6.468062265163715,36.11782071926999,8.393719806763285,7.501341921631776,0.49651100375738055,0.08722490606548577
147,13.982823403113258,17.19001610305958,9.460547504025765,6.139291465378422,36.594202898550726,8.548040794417606,7.501341921631776,0.49651100375738055,0.08722490606548577
148,14.049919484702093,17.156468062265162,9.460547504025765,6.132581857219538,36.56736446591519,8.548040794417606,7.501341921631776,0.49651100375738055,0.08722490606548577
149,14.110305958132045,17.156468062265162,9.460547504025765,6.132581857219538,36.52710681696189,8.527911969940956,7.501341921631776,0.49651100375738055,0.08722490606548577
150,14.197530864197532,17.156468062265162,9.460547504025765,6.132581857219538,36.513687600644126,8.527911969940956,7.427536231884058,0.49651100375738055,0.08722490606548577
151,14.237788513150832,17.082662372517444,9.460547504025765,5.864197530864198,37.0101986044015,8.3467525496511,7.4141170155662905,0.49651100375738055,0.08722490606548577
152,14.452495974235104,17.04911433172303,9.460547504025765,5.864197530864198,36.87600644122383,8.299785292538916,7.4141170155662905,0.49651100375738055,0.08722490606548577
153,14.49946323134729,17.04911433172303,9.460547504025765,5.864197530864198,36.842458400429415,8.28636607622115,7.4141170155662905,0.49651100375738055,0.08722490606548577
154,14.486044015029522,17.04911433172303,9.460547504025765,5.837359098228664,36.82903918411165,8.28636607622115,7.467793880837359,0.49651100375738055,0.08722490606548577
155,14.304884594739667,16.61969940955448,9.380032206119163,5.837359098228664,37.567096081588836,8.3467525496511,7.360440150295223,0.49651100375738055,0.08722490606548577
156,14.345142243692969,16.59286097691895,9.373322597960279,5.837359098228664,37.56038647342995,8.3467525496511,7.360440150295223,0.49651100375738055,0.08722490606548577
157,14.38539989264627,16.586151368760063,9.373322597960279,5.991680085882985,37.38593666129898,8.3467525496511,7.347020933977456,0.49651100375738055,0.08722490606548577
158,14.304884594739667,16.586151368760063,12.31213097155126,5.991680085882985,34.628287707997856,8.252818035426731,7.340311325818572,0.49651100375738055,0.08722490606548577
159,14.40552871712292,16.586151368760063,12.31213097155126,5.991680085882985,34.574610842726784,8.219269994632313,7.340311325818572,0.4830917874396135,0.08722490606548577
160,14.418947933440688,16.5727321524423,12.164519592055823,5.991680085882985,34.49409554482018,8.447396672034353,7.340311325818572,0.4830917874396135,0.08722490606548577
161,14.371980676328503,15.942028985507246,12.13768115942029,5.931293612453032,35.158346752549654,8.447396672034353,7.440955448201825,0.4830917874396135,0.08722490606548577
162,14.338432635534085,15.505904455179817,12.117552334943639,6.400966183574879,35.12479871175523,8.427267847557703,7.514761137949543,0.4830917874396135,0.08722490606548577
163,14.371980676328503,15.499194847020934,12.258454106280194,6.260064412238325,35.10466988727858,8.420558239398819,7.514761137949543,0.4830917874396135,0.08722490606548577
164,14.754428341384862,15.485775630703166,12.25174449812131,6.213097155126141,35.00402576489533,8.205850778314547,7.514761137949543,0.4830917874396135,0.08722490606548577
165,14.78797638217928,15.485775630703166,12.25174449812131,6.213097155126141,34.97047772410091,8.205850778314547,7.514761137949543,0.4830917874396135,0.08722490606548577
166,14.707461084272678,15.163714439076758,12.238325281803542,4.924852388620504,36.842458400429415,8.205850778314547,7.427536231884058,0.4830917874396135,0.0067096081588835215
167,14.78797638217928,15.157004830917874,12.238325281803542,4.924852388620504,36.7686527106817,8.158883521202362,7.353730542136339,0.6038647342995169,0.0067096081588835215
168,14.78797638217928,14.9020397208803,12.781803542673108,4.804079441760601,36.60762211486849,8.158883521202362,7.347020933977456,0.6038647342995169,0.0067096081588835215
169,14.868491680085883,14.9020397208803,12.781803542673108,4.797369833601718,36.540526033279654,8.152173913043478,7.347020933977456,0.6038647342995169,0.0067096081588835215
170,15.002683843263553,14.9020397208803,12.70799785292539,4.783950617283951,36.460010735373054,8.185721953837897,7.347020933977456,0.6038647342995169,0.0067096081588835215
171,15.01610305958132,14.204240472356414,13.439345142243694,4.770531400966184,36.44659151905529,8.185721953837897,7.326892109500805,0.6038647342995169,0.0067096081588835215
172,15.056360708534621,14.170692431561998,13.439345142243694,4.723564143853999,36.292270531400966,8.179012345679013,7.407407407407407,0.7246376811594203,0.0067096081588835215
173,15.13016639828234,14.130434782608695,13.439345142243694,4.723564143853999,36.272141706924316,8.172302737520129,7.4006977992485234,0.7246376811594203,0.0067096081588835215
174,15.210681696188942,14.130434782608695,13.419216317767042,4.723564143853999,36.272141706924316,8.145464304884594,7.367149758454106,0.7246376811594203,0.0067096081588835215
175,15.197262479871176,13.79495437466452,13.41250670960816,4.723564143853999,35.42002147074611,9.353193773483628,7.367149758454106,0.7246376811594203,0.0067096081588835215
176,14.479334406870638,13.22463768115942,13.070316693505099,4.5893719806763285,36.218464841653244,10.654857756307031,7.03166935050993,0.7246376811594203,0.0067096081588835215
177,14.754428341384862,12.97638217928073,13.056897477187333,4.5893719806763285,36.218464841653244,10.641438539989265,7.03166935050993,0.7246376811594203,0.0067096081588835215
178,14.895330112721417,12.929414922168545,13.003220611916264,4.5893719806763285,36.178207192699944,10.641438539989265,7.03166935050993,0.7246376811594203,0.0067096081588835215
179,14.51959205582394,12.218196457326892,12.305421363392378,4.0995705850778315,38.45276435856146,10.641438539989265,7.03166935050993,0.7246376811594203,0.0067096081588835215
180,14.727589908749328,12.204777241009126,12.27187332259796,4.0995705850778315,38.405797101449274,10.527375201288244,7.03166935050993,0.7246376811594203,0.0067096081588835215
181,15.002683843263553,12.177938808373591,12.177938808373591,4.0995705850778315,37.9898013955985,11.117820719269995,7.0450885668276975,0.3824476650563607,0.0067096081588835215
182,14.915458937198068,11.976650563607086,10.57434245840043,4.066022544283414,37.03032742887815,14.009661835748792,7.0383789586688135,0.3824476650563607,0.0067096081588835215
183,14.97584541062802,11.976650563607086,10.57434245840043,4.066022544283414,37.01690821256039,13.982823403113258,7.018250134192163,0.3824476650563607,0.0067096081588835215
184,15.08990874932904,11.963231347289318,10.534084809447128,4.066022544283414,36.95652173913044,13.982823403113258,7.018250134192163,0.3824476650563607,0.0067096081588835215
185,14.962426194310252,10.795759527643586,10.507246376811594,3.938539989264627,36.922973698336016,15.479066022544284,7.011540526033279,0.3824476650563607,
186,15.042941492216855,10.795759527643586,10.50053676865271,3.938539989264627,36.8491680085883,15.479066022544284,7.011540526033279,0.3824476650563607,
187,14.761137949543746,10.138217928073,10.393183038110575,4.025764895330113,38.378958668813745,14.915458937198068,7.011540526033279,0.3757380568974772,
188,14.868491680085883,10.124798711755233,10.393183038110575,4.025764895330113,38.33199141170156,14.875201288244767,7.011540526033279,0.36902844873859364,
189,14.935587761674718,10.11808910359635,10.393183038110575,4.025764895330113,38.31186258722491,14.834943639291465,7.011540526033279,0.36902844873859364,
190,14.97584541062802,10.017444981213098,11.500268384326356,3.9989264626945786,37.875738056897475,14.378690284487385,7.011540526033279,0.24154589371980675,
191,15.143585614600108,9.883252818035427,11.500268384326356,3.9184111647879765,37.68786902844874,14.378690284487385,7.246376811594203,0.24154589371980675,
192,15.163714439076758,9.86983360171766,11.500268384326356,3.9184111647879765,37.68115942028985,14.378690284487385,7.246376811594203,0.24154589371980675,
193,15.297906602254429,9.856414385399892,11.500268384326356,4.072732152442297,37.506709608158886,14.278046162104133,7.246376811594203,0.24154589371980675,
194,15.727321524422974,9.802737520128824,11.406333870101985,4.052603327965647,37.30542136339238,14.244498121309716,7.219538378958669,0.24154589371980675,
195,15.787707997852925,9.789318303811058,11.292270531400966,4.159957058507783,37.265163714439076,14.244498121309716,7.219538378958669,0.24154589371980675,
196,15.841384863123993,9.789318303811058,11.292270531400966,4.159957058507783,37.21148684916801,14.244498121309716,7.219538378958669,0.24154589371980675,
197,16.089640365002683,9.789318303811058,11.292270531400966,4.159957058507783,36.99006977992485,14.217659688674182,7.219538378958669,0.24154589371980675,
198,16.15673644659152,9.762479871175524,11.366076221148685,4.126409017713366,36.9699409554482,14.170692431561998,7.206119162640902,0.24154589371980675,
199,16.210413311862588,9.73564143853999,11.366076221148685,4.126409017713366,36.943102522812666,14.070048309178745,7.206119162640902,0.24154589371980675,0.10064412238325282
200,16.25738056897477,9.73564143853999,11.352657004830919,4.119699409554482,36.91626409017714,14.070048309178745,7.206119162640902,0.24154589371980675,0.10064412238325282
201,16.29092860976919,9.708803005904455,11.352657004830919,4.0995705850778315,36.89613526570049,14.264626945786366,7.0450885668276975,0.24154589371980675,0.10064412238325282
202,16.337895866881375,9.708803005904455,11.312399355877616,4.0995705850778315,36.89613526570049,14.257917337627482,7.0450885668276975,0.24154589371980675,0.10064412238325282
203,16.532474503488995,9.708803005904455,11.29898013955985,4.0995705850778315,36.81561996779388,14.257917337627482,6.944444444444445,0.24154589371980675,0.10064412238325282
204,16.680085882984432,9.708803005904455,11.258722490606548,4.0995705850778315,36.802200751476114,14.190821256038648,6.91760601180891,0.24154589371980675,0.10064412238325282
205,17.04911433172303,9.567901234567902,11.037305421363392,3.9855072463768115,36.66800858829844,14.533011272141707,6.816961889425658,0.24154589371980675,0.10064412238325282
206,17.176596886741816,9.54777241009125,11.023886205045626,3.844605475040258,36.198336017176594,14.49946323134729,7.367149758454106,0.24154589371980675,0.10064412238325282
207,17.183306494900698,9.54777241009125,11.023886205045626,3.844605475040258,36.07085346215781,14.351851851851851,7.635534084809447,0.24154589371980675,0.10064412238325282
208,17.12962962962963,9.46725711218465,11.023886205045626,3.844605475040258,36.20504562533548,14.351851851851851,7.635534084809447,0.24154589371980675,0.10064412238325282
209,17.3040794417606,9.46725711218465,11.023886205045626,3.8311862587224907,36.09769189479334,14.298174986580785,7.635534084809447,0.24154589371980675,0.10064412238325282
210,17.478529253891573,9.460547504025765,10.950080515297907,3.898282340311326,36.00375738056898,14.231078904991948,7.635534084809447,0.24154589371980675,0.10064412238325282
211,17.66639828234031,9.400161030595813,10.876274825550189,3.898282340311326,35.96349973161568,14.217659688674182,7.635534084809447,0.24154589371980675,0.10064412238325282
212,17.76033279656468,9.39345142243693,10.84272678475577,3.898282340311326,35.94337090713902,14.197530864197532,7.628824476650563,0.24154589371980675,0.0939345142243693
213,17.941492216854535,9.386741814278047,10.809178743961352,3.898282340311326,36.13794954374664,13.902308105206655,7.588566827697263,0.24154589371980675,0.0939345142243693
214,18.129361245303276,9.386741814278047,10.809178743961352,3.851315083199141,36.03730542136339,13.862050456253355,7.588566827697263,0.24154589371980675,0.0939345142243693
215,18.867418142780462,9.380032206119163,10.265700483091788,3.851315083199141,35.90311325818572,13.821792807300053,7.575147611379496,0.24154589371980675,0.0939345142243693
216,18.90096618357488,9.373322597960279,10.265700483091788,3.851315083199141,35.88298443370907,13.81508319914117,7.575147611379496,0.24154589371980675,0.0939345142243693
217,18.914385399892645,9.373322597960279,10.185185185185185,3.851315083199141,35.86285560923242,13.81508319914117,7.6623725174449815,0.24154589371980675,0.0939345142243693
218,18.867418142780462,9.373322597960279,10.997047772410092,3.851315083199141,35.29253891572732,13.81508319914117,7.467793880837359,0.24154589371980675,0.0939345142243693
219,18.947933440687063,9.353193773483628,11.097691894793345,3.844605475040258,35.28582930756844,13.781535158346752,7.353730542136339,0.24154589371980675,0.0939345142243693
220,19.082125603864736,9.339774557165862,11.07085346215781,3.992216854535695,35.21202361782072,13.613794954374665,7.353730542136339,0.24154589371980675,0.0939345142243693
221,19.108964036500268,9.23913043478261,11.520397208803006,3.992216854535695,34.96376811594203,13.486312399355878,7.353730542136339,0.24154589371980675,0.0939345142243693
222,19.26328502415459,9.225711218464841,11.439881910896403,3.9519592055823938,34.96376811594203,13.47289318303811,7.347020933977456,0.24154589371980675,0.0939345142243693
223,19.598765432098766,8.910359634997317,11.43317230273752,3.9519592055823938,34.95034889962426,13.47289318303811,7.347020933977456,0.24154589371980675,0.0939345142243693
224,19.6256038647343,8.910359634997317,11.43317230273752,3.9519592055823938,34.95034889962426,13.446054750402576,7.347020933977456,0.24154589371980675,0.0939345142243693
225,19.545088566827697,8.80300590445518,11.674718196457327,3.9519592055823938,34.92351046698873,13.446054750402576,7.320182501341922,0.24154589371980675,0.0939345142243693
226,19.699409554482017,8.776167471819646,11.66129898013956,3.9519592055823938,34.80944712828771,13.446054750402576,7.320182501341922,0.24154589371980675,0.0939345142243693
227,19.719538378958667,8.769457863660762,11.60762211486849,3.9519592055823938,34.74235104669887,14.251207729468598,6.629092860976919,0.24154589371980675,0.08722490606548577
228,19.766505636070853,8.756038647342995,11.60762211486849,3.9519592055823938,34.74235104669887,14.251207729468598,6.595544820182502,0.24154589371980675,0.08722490606548577
229,19.786634460547504,8.756038647342995,11.60762211486849,3.9519592055823938,34.72222222222222,14.251207729468598,6.595544820182502,0.24154589371980675,0.08722490606548577
230,19.592055823939884,8.930488459473967,11.60762211486849,3.9519592055823938,34.74235104669887,14.251207729468598,6.595544820182502,0.24154589371980675,0.08722490606548577
231,19.732957595276435,8.930488459473967,11.600912506709609,3.9519592055823938,34.648416532474506,14.224369296833064,6.582125603864735,0.24154589371980675,0.08722490606548577
232,19.840311325818572,8.910359634997317,11.574074074074074,3.9519592055823938,34.58803005904455,14.224369296833064,6.582125603864735,0.24154589371980675,0.08722490606548577
233,19.97450348899624,8.849973161567364,11.540526033279656,3.9519592055823938,34.41358024691358,14.358561460010735,6.582125603864735,0.24154589371980675,0.08722490606548577
234,20.055018786902846,8.84326355340848,11.540526033279656,3.9318303811057436,34.37332259796028,14.345142243692969,6.582125603864735,0.24154589371980675,0.08722490606548577
235,20.128824476650564,8.84326355340848,11.52710681696189,3.898282340311326,34.35990338164251,14.331723027375201,6.582125603864735,0.24154589371980675,0.08722490606548577
236,18.820450885668276,8.601717659688674,11.426462694578637,3.69699409554482,36.97665056360709,14.325013419216317,5.8239398819108965,0.24154589371980675,0.08722490606548577
237,18.840579710144926,8.601717659688674,11.426462694578637,3.69699409554482,36.95652173913044,14.325013419216317,5.8239398819108965,0.24154589371980675,0.08722490606548577
238,18.659420289855074,8.53462157809984,11.352657004830919,3.69699409554482,37.5805152979066,14.076757917337627,5.770263016639828,0.24154589371980675,0.08722490606548577
239,18.69296833064949,8.521202361782072,11.352657004830919,3.69699409554482,37.57380568974772,14.06333870101986,5.770263016639828,0.24154589371980675,0.08722490606548577
240,18.766774020397207,8.521202361782072,11.352657004830919,3.69699409554482,37.5402576489533,14.023081052066559,5.770263016639828,0.24154589371980675,0.08722490606548577
241,18.646001073537306,8.78287707997853,11.33923778851315,3.69699409554482,37.453032742887814,13.982823403113258,5.770263016639828,0.24154589371980675,0.08722490606548577
242,19.07541599570585,8.78287707997853,11.104401502952227,3.6902844873859366,37.446323134728935,13.81508319914117,5.756843800322061,0.24154589371980675,0.08722490606548577
243,19.209608158883523,8.61513687600644,11.023886205045626,3.9519592055823938,37.41277509393451,13.70101986044015,5.756843800322061,0.24154589371980675,0.08722490606548577
244,19.229736983360173,8.581588835212024,11.245303274288782,3.6231884057971016,37.19135802469136,13.862050456253355,5.938003220611916,0.24154589371980675,0.08722490606548577
245,19.310252281266774,8.581588835212024,11.245303274288782,3.6231884057971016,37.11084272678475,13.862050456253355,5.938003220611916,0.24154589371980675,0.08722490606548577
246,19.32367149758454,8.568169618894256,11.352657004830919,3.6231884057971016,37.02361782071927,13.862050456253355,5.917874396135265,0.24154589371980675,0.08722490606548577
247,18.605743424584006,8.333333333333334,11.077563070316694,3.589640365002684,39.50617283950617,12.801932367149758,5.756843800322061,0.24154589371980675,0.08722490606548577
248,18.80703166935051,8.313204508856682,11.003757380568974,3.589640365002684,39.472624798711756,12.72812667740204,5.756843800322061,0.24154589371980675,0.08722490606548577
249,18.10252281266774,8.279656468062266,10.802469135802468,2.818035426731079,42.1027911969941,12.130971551261407,5.434782608695652,0.24154589371980675,0.08722490606548577
250,18.250134192163177,8.266237251744498,10.802469135802468,2.818035426731079,42.04240472356415,12.057165861513688,5.434782608695652,0.24154589371980675,0.08722490606548577
251,18.17632850241546,8.266237251744498,12.204777241009126,2.771068169618894,40.80783682232958,12.010198604401502,5.434782608695652,0.24154589371980675,0.08722490606548577
252,18.42458400429415,8.239398819108963,12.037037037037036,2.771068169618894,40.754159957058505,12.010198604401502,5.434782608695652,0.24154589371980675,0.08722490606548577
253,18.451422436929683,8.239398819108963,12.037037037037036,2.771068169618894,40.727321524422976,12.010198604401502,5.434782608695652,0.24154589371980675,0.08722490606548577
