,45,50,55,51,52,53,58,54,57,56,59,60,61,62,67,63,64
0,99.70477724100913,0.2952227589908749,,,,,,,,,,,,,,,
1,99.69135802469135,0.30864197530864196,,,,,,,,,,,,,,,
2,95.78636607622114,4.213633923778851,,,,,,,,,,,,,,,
3,95.73939881910897,4.2270531400966185,0.03354804079441761,,,,,,,,,,,,,,
4,87.2987117552335,12.667740203972087,0.03354804079441761,,,,,,,,,,,,,,
5,84.13848631239935,15.794417606011809,0.03354804079441761,0.03354804079441761,,,,,,,,,,,,,
6,83.93719806763285,15.982286634460548,0.03354804079441761,0.04696725711218465,,,,,,,,,,,,,
7,74.98658078368223,23.738593666129898,0.020128824476650563,1.2546967257112185,,,,,,,,,,,,,
8,72.16854535695116,25.885668276972623,0.03354804079441761,1.2546967257112185,0.6575415995705851,,,,,,,,,,,,
9,68.5654857756307,29.408212560386474,0.08051529790660225,1.2748255501878691,0.6709608158883521,,,,,,,,,,,,
10,68.43129361245303,29.542404723564143,0.08051529790660225,1.2748255501878691,0.6709608158883521,,,,,,,,,,,,
11,48.22195383789587,51.53650026838432,0.10735373054213634,,0.13419216317767044,,,,,,,,,,,,
12,48.128019323671495,51.570048309178745,0.16774020397208803,,0.13419216317767044,,,,,,,,,,,,
13,45.3569511540526,50.67096081588835,0.6105743424584005,0.013419216317767043,0.13419216317767044,3.1736446591519054,0.040257648953301126,,,,,,,,,,
14,45.3569511540526,50.67096081588835,0.6105743424584005,0.013419216317767043,0.13419216317767044,3.1736446591519054,0.040257648953301126,,,,,,,,,,
15,45.269726247987116,50.71121846484165,0.6374127750939346,0.013419216317767043,0.15432098765432098,3.1736446591519054,0.040257648953301126,,,,,,,,,,
16,45.25630703166935,50.68438003220612,0.6776704240472357,0.013419216317767043,0.15432098765432098,3.1736446591519054,0.040257648953301126,,,,,,,,,,
17,42.3443370907139,53.596349973161566,0.6776704240472357,0.013419216317767043,0.08722490606548577,3.1736446591519054,0.040257648953301126,0.06709608158883522,,,,,,,,,
18,42.33762748255502,53.60305958132045,0.6776704240472357,0.013419216317767043,0.08722490606548577,3.1736446591519054,0.040257648953301126,0.06709608158883522,,,,,,,,,
19,41.116478797638216,54.82420826623725,0.6776704240472357,0.013419216317767043,0.08722490606548577,3.1736446591519054,0.040257648953301126,0.06709608158883522,,,,,,,,,
20,40.465646806226516,52.35507246376812,1.3620504562533549,2.4020397208803006,0.13419216317767044,3.1736446591519054,0.040257648953301126,0.06709608158883522,,,,,,,,,
21,40.465646806226516,52.03301127214171,1.6438539989264627,2.4020397208803006,0.13419216317767044,3.1736446591519054,0.040257648953301126,0.06709608158883522,0.040257648953301126,,,,,,,,
22,40.3918411164788,51.92565754159957,1.8250134192163177,2.4020397208803006,0.13419216317767044,3.1736446591519054,0.040257648953301126,0.06709608158883522,0.040257648953301126,,,,,,,,
23,38.66747181964573,48.63794954374664,1.8585614600107354,4.931561996779388,2.368491680085883,3.1736446591519054,0.040257648953301126,0.06709608158883522,0.12077294685990338,0.13419216317767044,,,,,,,
24,35.158346752549654,51.97933440687064,1.8988191089640365,4.797369833601718,2.7643585614600106,3.1736446591519054,0.040257648953301126,0.08722490606548577,0.10064412238325282,,,,,,,,
25,32.58185721953838,50.99302200751476,1.9726247987117553,8.28636607622115,2.7509393451422435,3.1736446591519054,0.040257648953301126,0.08722490606548577,0.11406333870101985,,,,,,,,
26,30.17981749865808,53.06629092860977,2.2208803005904456,8.36688137412775,2.717391304347826,3.1736446591519054,0.040257648953301126,0.08722490606548577,0.14761137949543746,,,,,,,,
27,29.106280193236714,50.4898013955985,2.999194847020934,11.158078368223295,2.690552871712292,3.1736446591519054,0.040257648953301126,0.08722490606548577,0.14761137949543746,0.10735373054213634,,,,,,,
28,28.958668813741276,50.59044551798175,3.046162104133119,11.124530327428879,2.690552871712292,3.1736446591519054,0.040257648953301126,0.08722490606548577,0.14761137949543746,0.14090177133655393,,,,,,,
29,28.918411164787976,50.597155126140635,3.079710144927536,11.124530327428879,2.690552871712292,3.1736446591519054,0.040257648953301126,0.08722490606548577,0.14761137949543746,0.14090177133655393,,,,,,,
30,28.918411164787976,50.597155126140635,3.079710144927536,11.124530327428879,2.6637144390767578,3.1736446591519054,0.040257648953301126,0.08722490606548577,0.17444981213097155,0.14090177133655393,,,,,,,
31,28.898282340311326,50.5300590445518,3.180354267310789,11.084272678475577,2.6637144390767578,3.140096618357488,0.06038647342995169,0.08722490606548577,0.17444981213097155,0.18115942028985507,,,,,,,
32,28.884863123993558,48.18169618894257,3.9318303811057436,9.829575952764358,5.441492216854535,3.140096618357488,0.06038647342995169,0.15432098765432098,0.17444981213097155,0.20128824476650564,,,,,,,
33,28.79092860976919,45.02147074610843,3.851315083199141,9.829575952764358,8.742619431025227,3.1736446591519054,0.06038647342995169,0.15432098765432098,0.17444981213097155,0.20128824476650564,,,,,,,
34,28.35480407944176,42.11621041331186,3.7775093934514223,9.829575952764358,8.668813741277509,3.140096618357488,0.06038647342995169,3.603059581320451,0.24825550187869028,0.20128824476650564,,,,,,,
35,28.113258185721953,41.5727321524423,3.8848631239935587,8.225979602791197,10.88298443370907,3.126677402039721,0.06038647342995169,3.629898013955985,0.3153515834675255,0.1878690284487386,,,,,,,
36,27.012882447665056,38.74127750939345,1.7444981213097155,7.541599570585078,17.800590445517983,3.0193236714975846,0.06038647342995169,3.6366076221148687,0.30864197530864196,0.13419216317767044,,,,,,,
37,26.630434782608695,38.378958668813745,1.7847557702630166,7.541599570585078,18.471551261406333,3.0193236714975846,0.06038647342995169,3.6366076221148687,0.30864197530864196,0.16774020397208803,,,,,,,
38,24.718196457326894,40.09661835748792,2.5966183574879227,6.89747718733226,18.4849704777241,3.0193236714975846,0.06038647342995169,3.6366076221148687,0.322061191626409,0.16774020397208803,,,,,,,
39,22.33628556092324,36.218464841653244,2.2611379495437465,14.13714439076758,16.841116478797638,3.9989264626945786,0.06038647342995169,3.6634460547504024,0.322061191626409,0.1610305958132045,,,,,,,
40,21.866612989801396,32.50134192163178,2.033011272141707,14.009661835748792,16.25738056897477,7.132313472893183,0.020128824476650563,5.683038110574342,0.33548040794417605,0.1610305958132045,,,,,,,
41,21.32313472893183,31.99812130971551,2.0531400966183573,14.828234031132581,16.25738056897477,7.4141170155662905,,5.515297906602254,0.3757380568974772,0.23483628556092323,,,,,,,
42,21.32313472893183,31.85721953837896,2.1806226516371443,14.828234031132581,16.23054213633924,7.440955448201825,,5.515297906602254,0.38915727321524424,0.23483628556092323,,,,,,,
43,21.24932903918411,31.76328502415459,2.3081052066559313,14.707461084272678,16.223832528180353,7.440955448201825,,5.548845947396672,0.39586688137412773,0.36231884057971014,,,,,,,
44,19.89398819108964,33.09849704777241,2.368491680085883,14.593397745571659,16.183574879227052,7.440955448201825,0.08051529790660225,5.407944176060118,0.43612453032742887,0.49651100375738055,,,,,,,
45,18.230005367686527,40.49248523886205,2.341653247450349,11.305689747718732,15.807836822329575,5.441492216854535,0.12077294685990338,5.401234567901234,0.4495437466451959,0.4092860976918948,,,,,,,
46,18.16290928609769,40.49248523886205,2.3550724637681157,12.828770799785293,15.807836822329575,5.300590445517981,0.12077294685990338,4.092860976918948,0.4495437466451959,0.38915727321524424,,,,,,,
47,18.129361245303276,38.70101986044015,2.046430488459474,16.854535695115406,13.855340848094471,5.280461621041331,0.14090177133655393,4.092860976918948,0.5099302200751477,0.38915727321524424,,,,,,,
48,17.814009661835748,38.989533011272144,2.0933977455716586,16.80756843800322,13.855340848094471,5.307300053676865,0.14090177133655393,4.092860976918948,0.5099302200751477,0.38915727321524424,,,,,,,
49,17.814009661835748,38.55340848094471,2.5295222758990876,16.774020397208805,13.828502415458937,5.293880837359098,0.14090177133655393,4.092860976918948,0.5568974771873323,0.41599570585077833,,,,,,,
50,17.814009661835748,38.36553945249597,2.563070316693505,18.54535695115405,12.144390767579173,5.293880837359098,0.14090177133655393,4.092860976918948,0.5568974771873323,0.4830917874396135,,,,,,,
51,15.03623188405797,41.096349973161566,2.6167471819645733,18.54535695115405,11.976650563607086,5.293880837359098,0.14090177133655393,4.200214707461084,0.5837359098228664,0.4830917874396135,0.026838432635534086,,,,,,
52,14.834943639291465,40.264358561460014,2.6167471819645733,20.618625872249062,10.513955984970478,6.085614600107354,0.1610305958132045,3.8378958668813743,0.4227053140096618,0.6172839506172839,0.026838432635534086,,,,,,
53,14.78797638217928,40.29119699409554,2.6502952227589907,20.605206655931294,10.513955984970478,6.0587761674718195,0.1610305958132045,3.864734299516908,0.4227053140096618,0.6172839506172839,0.026838432635534086,,,,,,
54,14.78797638217928,40.23752012882448,2.690552871712292,20.618625872249062,10.48040794417606,6.0587761674718195,0.1610305958132045,3.864734299516908,0.4562533548040794,0.6172839506172839,0.026838432635534086,,,,,,
55,14.345142243692969,38.58695652173913,2.7106816961889426,20.591787439613526,10.48040794417606,8.091787439613526,0.19457863660762212,3.864734299516908,0.4562533548040794,0.6508319914117016,0.026838432635534086,,,,,,
56,14.076757917337627,25.275093934514224,4.562533548040794,35.99704777241009,9.903381642512077,7.763016639828234,0.19457863660762212,0.9192163177670424,0.5770263016639828,0.7313472893183038,,,,,,,
57,13.747987117552334,25.241545893719806,4.528985507246377,35.218733225979605,10.715244229736983,7.763016639828234,0.19457863660762212,0.9192163177670424,0.630703166935051,1.0198604401502953,,0.020128824476650563,,,,,
58,12.473161567364466,23.26892109500805,4.582662372517445,38.191089640365,10.836017176596886,7.709339774557166,0.24825550187869028,0.9460547504025765,0.644122383252818,1.0802469135802468,,0.020128824476650563,,,,,
59,11.493558776167472,18.63929146537842,4.3545356951154055,40.55958132045089,10.641438539989265,11.406333870101985,0.28180354267310787,0.8789586688137413,0.644122383252818,1.0802469135802468,,0.020128824476650563,,,,,
60,11.493558776167472,18.605743424584006,4.361245303274289,40.47906602254428,10.668276972624799,11.379495437466453,0.28180354267310787,0.8789586688137413,0.644122383252818,1.1607622114868492,0.026838432635534086,0.020128824476650563,,,,,
61,11.2788513150832,18.129361245303276,4.17337627482555,42.961621041331185,8.272946859903382,11.372785829307569,0.28180354267310787,0.7447665056360708,0.5837359098228664,2.15378421900161,0.026838432635534086,0.020128824476650563,,,,,
62,11.272141706924316,17.257112184648417,4.17337627482555,40.92190016103059,11.52710681696189,11.238593666129898,0.28180354267310787,0.7447665056360708,0.5837359098228664,1.9524959742351047,0.026838432635534086,0.020128824476650563,,,,,
63,11.272141706924316,17.257112184648417,4.17337627482555,40.92190016103059,11.513687600644122,11.238593666129898,0.28180354267310787,0.7447665056360708,0.5971551261406334,1.9524959742351047,0.026838432635534086,0.020128824476650563,,,,,
64,10.923242082662373,16.814278046162105,4.2203435319377345,44.06870638754697,11.493558776167472,8.59500805152979,0.2214170692431562,0.7447665056360708,0.6239935587761675,2.24771873322598,0.026838432635534086,0.020128824476650563,,,,,
65,10.923242082662373,16.72705314009662,3.3279656468062266,44.06870638754697,11.486849168008588,9.494095544820183,0.2214170692431562,0.7716049382716049,0.6239935587761675,2.3081052066559313,0.026838432635534086,0.020128824476650563,,,,,
66,10.923242082662373,16.71363392377885,3.3413848631239937,44.06199677938808,11.473429951690822,9.4873859366613,0.2214170692431562,0.7716049382716049,0.6172839506172839,2.314814814814815,0.05367686527106817,0.020128824476650563,,,,,
67,10.909822866344605,16.666666666666668,3.3279656468062266,44.015029522275896,11.473429951690822,9.41358024691358,0.32877079978529256,0.785024154589372,0.6172839506172839,2.3886205045625335,0.05367686527106817,0.020128824476650563,,,,,
68,10.909822866344605,16.61969940955448,3.3548040794417604,44.00161030595813,11.332528180354267,9.219001610305957,0.322061191626409,1.133923778851315,0.6172839506172839,2.4020397208803006,0.06709608158883522,0.020128824476650563,,,,,
69,10.909822866344605,16.606280193236714,3.374932903918411,43.934514224369295,11.312399355877616,9.192163177670425,0.3488996242619431,1.133923778851315,0.6374127750939346,2.462426194310252,0.06709608158883522,0.020128824476650563,,,,,
70,10.909822866344605,16.606280193236714,3.3480944712828773,43.894256575415994,11.245303274288782,9.158615136876007,0.3488996242619431,1.133923778851315,0.7648953301127214,2.5161030595813205,0.05367686527106817,0.020128824476650563,,,,,
71,10.909822866344605,16.606280193236714,3.3682232957595275,43.80703166935051,11.225174449812132,9.131776704240472,0.3488996242619431,1.133923778851315,0.8118625872249061,2.5831991411701556,0.05367686527106817,0.020128824476650563,,,,,
72,10.896403650026839,15.68035426731079,2.24771873322598,47.08132045088567,11.191626409017713,7.930756843800322,0.3488996242619431,1.133923778851315,0.8185721953837896,2.6167471819645733,0.05367686527106817,,,,,,
73,10.88298443370907,15.653515834675256,2.281266774020397,47.014224369296834,11.191626409017713,7.897208803005904,0.3488996242619431,1.133923778851315,0.8185721953837896,2.7106816961889426,0.06709608158883522,,,,,,
74,10.849436392914654,15.633387010198604,2.38191089640365,46.96054750402576,11.158078368223295,7.897208803005904,0.3488996242619431,1.0869565217391304,0.8521202361782072,2.7643585614600106,0.06709608158883522,,,,,,
75,10.849436392914654,15.619967793880837,2.38191089640365,48.87949543746645,11.158078368223295,6.031937734836285,0.36231884057971014,1.0869565217391304,0.8118625872249061,2.7844873859366612,0.03354804079441761,,,,,,
76,10.849436392914654,15.573000536768653,2.395330112721417,48.792270531400966,11.137949543746645,6.031937734836285,0.36231884057971014,1.1003757380568975,0.8185721953837896,2.9052603327965647,0.03354804079441761,,,,,,
77,10.815888352120236,15.485775630703166,5.381105743424584,43.001878690284485,14.278046162104133,6.031937734836285,0.36231884057971014,1.1003757380568975,0.8185721953837896,2.690552871712292,0.03354804079441761,,,,,,
78,10.641438539989265,15.197262479871176,5.347557702630167,42.92807300053677,16.264090177133657,4.7168545356951155,0.32877079978529256,1.1205045625335481,0.8051529790660226,2.6167471819645733,0.03354804079441761,,,,,,
79,10.641438539989265,15.009393451422437,5.146269457863661,41.37144390767579,15.103327965646805,7.689210950080516,0.32877079978529256,1.1205045625335481,0.8454106280193237,2.7106816961889426,0.03354804079441761,,,,,,
80,10.61460010735373,15.01610305958132,5.159688674181428,41.35131508319914,15.08990874932904,7.561728395061729,0.46296296296296297,1.1205045625335481,0.8588298443370908,2.7308105206655933,0.03354804079441761,,,,,,
81,10.601180891035963,15.022812667740205,5.2066559312936125,41.26409017713365,15.03623188405797,7.5348899624261945,0.48980139559849706,1.1205045625335481,0.9125067096081588,2.7777777777777777,0.03354804079441761,,,,,,
82,10.601180891035963,14.9020397208803,6.018518518518518,40.552871712292,15.03623188405797,7.5348899624261945,0.48980139559849706,1.1205045625335481,0.9125067096081588,2.7979066022544283,0.03354804079441761,,,,,,
83,10.601180891035963,14.9020397208803,6.031937734836285,40.425389157273216,15.03623188405797,7.809983896940419,0.48980139559849706,1.1205045625335481,0.9125067096081588,2.636876006441224,0.03354804079441761,,,,,,
84,10.59447128287708,14.908749329039184,6.045356951154052,40.39855072463768,14.9020397208803,7.769726247987117,0.5166398282340311,1.1205045625335481,1.0466988727858293,2.6637144390767578,0.03354804079441761,,,,,,
85,9.252549651100376,16.25738056897477,6.072195383789587,40.29119699409554,14.855072463768115,7.7361782071927,0.5300590445517982,1.1205045625335481,1.0802469135802468,2.771068169618894,0.03354804079441761,,,,,,
86,8.360171765968868,46.93370907139023,4.750402576489533,25.45625335480408,7.648953301127214,4.797369833601718,0.1878690284487386,0.4562533548040794,0.18115942028985507,1.2077294685990339,0.020128824476650563,,,,,,
87,8.360171765968868,46.765968867418145,4.918142780461621,25.45625335480408,7.648953301127214,4.797369833601718,0.1878690284487386,0.4562533548040794,0.18115942028985507,1.2077294685990339,0.020128824476650563,,,,,,
88,8.259527643585615,46.765968867418145,5.045625335480408,25.40257648953301,7.648953301127214,4.797369833601718,0.1878690284487386,0.4562533548040794,0.18115942028985507,1.2345679012345678,0.020128824476650563,,,,,,
89,8.205850778314547,46.14868491680086,5.0791733762748255,27.556360708534623,6.0587761674718195,4.797369833601718,0.1878690284487386,0.4562533548040794,0.12077294685990338,1.3687600644122384,0.020128824476650563,,,,,,
90,8.205850778314547,45.99436392914654,5.246913580246914,27.51610305958132,6.045356951154052,4.797369833601718,0.1878690284487386,0.4562533548040794,0.13419216317767044,1.3955984970477724,0.020128824476650563,,,,,,
91,8.185721953837897,45.880300590445515,5.314009661835748,27.49597423510467,6.045356951154052,4.851046698872786,0.1878690284487386,0.4562533548040794,0.13419216317767044,1.415727321524423,0.020128824476650563,,0.013419216317767043,,,,
92,8.185721953837897,45.880300590445515,5.314009661835748,27.455716586151368,6.045356951154052,4.851046698872786,0.1878690284487386,0.4562533548040794,0.13419216317767044,1.4559849704777241,0.020128824476650563,,0.013419216317767043,,,,
93,7.917337627482555,45.3972088030059,5.173107890499195,29.186795491143318,6.045356951154052,4.045893719806763,0.15432098765432098,0.4294149221685454,0.13419216317767044,1.482823403113258,0.020128824476650563,,0.013419216317767043,,,,
94,7.863660762211487,45.28314546430489,5.280461621041331,28.797638217928075,6.112453032742888,4.045893719806763,0.15432098765432098,0.4562533548040794,0.13419216317767044,1.8384326355340848,0.020128824476650563,,0.013419216317767043,,,,
95,7.863660762211487,45.28314546430489,5.280461621041331,28.797638217928075,6.112453032742888,4.045893719806763,0.15432098765432098,0.47638217928073,0.13419216317767044,1.8183038110574343,0.020128824476650563,,0.013419216317767043,,,,
96,7.843531937734836,44.87385936661299,4.7168545356951155,27.710681696188942,8.3064949006978,4.032474503488996,0.15432098765432098,0.47638217928073,0.10735373054213634,1.7444981213097155,0.020128824476650563,,0.013419216317767043,,,,
97,7.843531937734836,44.867149758454104,4.736983360171766,27.690552871712292,8.3064949006978,4.032474503488996,0.15432098765432098,0.47638217928073,0.10735373054213634,1.751207729468599,0.020128824476650563,,0.013419216317767043,,,,
98,7.816693505099302,44.75979602791197,4.824208266237251,27.737520128824478,8.3064949006978,4.032474503488996,0.15432098765432098,0.47638217928073,0.10735373054213634,1.751207729468599,0.020128824476650563,,0.013419216317767043,,,,
99,7.816693505099302,39.761137949543745,9.809447128287708,27.677133655394524,8.340042941492216,4.032474503488996,0.15432098765432098,0.5032206119162641,0.10735373054213634,1.751207729468599,0.020128824476650563,0.013419216317767043,0.013419216317767043,,,,
100,7.816693505099302,39.72758990874933,9.822866344605474,27.63016639828234,8.340042941492216,4.032474503488996,0.15432098765432098,0.5166398282340311,0.10735373054213634,1.7981749865807837,0.020128824476650563,0.020128824476650563,0.013419216317767043,,,,
101,7.803274288781535,39.52630166398282,9.27938808373591,27.569779924852387,8.340042941492216,4.032474503488996,0.15432098765432098,1.247987117552335,0.10735373054213634,1.8585614600107354,0.020128824476650563,0.04696725711218465,0.013419216317767043,,,,
102,7.803274288781535,39.48604401502952,9.151905528717123,27.556360708534623,8.340042941492216,4.032474503488996,0.15432098765432098,1.2681159420289856,0.10735373054213634,1.8518518518518519,0.020128824476650563,0.20799785292538917,0.020128824476650563,,,,
103,7.689210950080516,39.40552871712292,9.205582393988191,27.583199141170155,8.239398819108963,4.253891572732153,0.15432098765432098,1.2681159420289856,0.10064412238325282,1.8518518518518519,0.020128824476650563,0.20799785292538917,0.020128824476650563,,,,
104,7.689210950080516,38.69431025228127,10.111379495437467,27.34165324745035,8.28636607622115,4.253891572732153,0.15432098765432098,1.2681159420289856,0.10064412238325282,1.8518518518518519,0.020128824476650563,0.20799785292538917,0.020128824476650563,,,,
105,7.689210950080516,38.63392377885131,10.279119699409554,27.22758990874933,8.152173913043478,4.253891572732153,0.15432098765432098,1.2681159420289856,0.23483628556092323,1.8585614600107354,0.020128824476650563,0.20799785292538917,0.020128824476650563,,,,
106,7.6623725174449815,38.5601180891036,10.352925389157273,27.200751476113794,8.152173913043478,4.30756843800322,0.15432098765432098,1.2681159420289856,0.23483628556092323,1.8585614600107354,0.020128824476650563,0.20799785292538917,0.020128824476650563,,,,
107,7.6623725174449815,33.21256038647343,15.72061191626409,27.160493827160494,8.125335480407944,4.30756843800322,0.15432098765432098,1.2681159420289856,0.2616747181964573,1.8786902844873858,0.020128824476650563,0.20799785292538917,0.020128824476650563,,,,
108,7.6623725174449815,33.19243156199678,15.693773483628556,27.106816961889425,8.125335480407944,4.30756843800322,0.15432098765432098,1.2681159420289856,0.2616747181964573,1.932367149758454,0.020128824476650563,0.2214170692431562,0.05367686527106817,,,,
109,7.6623725174449815,33.1454643048846,15.707192699946322,27.066559312936125,8.11862587224906,4.280730005367687,0.15432098765432098,1.2681159420289856,0.2952227589908749,1.9726247987117553,0.020128824476650563,0.2549651100375738,0.05367686527106817,,,,
110,7.6623725174449815,33.091787439613526,15.707192699946322,26.90552871712292,8.11862587224906,4.280730005367687,0.15432098765432098,1.2681159420289856,0.2952227589908749,2.13365539452496,0.020128824476650563,0.28180354267310787,0.08051529790660225,,,,
111,7.347020933977456,33.2259796027912,15.291196994095545,25.0,8.071658615136876,7.326892109500805,0.07380568974771873,1.0198604401502953,0.3421900161030596,1.9256575415995705,0.020128824476650563,0.28180354267310787,0.07380568974771873,,,,
112,7.347020933977456,32.628824476650564,15.049651100375739,24.745034889962426,8.071658615136876,7.326892109500805,0.07380568974771873,2.033011272141707,0.3421900161030596,2.006172839506173,0.020128824476650563,0.28180354267310787,0.07380568974771873,,,,
113,7.199409554482019,32.7361782071927,15.076489533011273,24.731615673644658,8.071658615136876,7.340311325818572,0.07380568974771873,2.033011272141707,0.35560923242082665,1.9793344068706387,0.020128824476650563,0.30864197530864196,0.07380568974771873,,,,
114,7.199409554482019,32.6154052603328,15.197262479871176,24.718196457326894,8.071658615136876,7.306763285024155,0.10735373054213634,2.033011272141707,0.35560923242082665,1.9927536231884058,0.020128824476650563,0.30864197530864196,0.07380568974771873,,,,
115,7.179280730005368,32.058507783145465,11.714975845410628,24.63768115942029,12.090713902308105,7.306763285024155,0.10735373054213634,2.033011272141707,0.39586688137412773,2.073268921095008,0.020128824476650563,0.30864197530864196,0.07380568974771873,,,,
116,7.112184648416532,31.964573268921097,12.030327428878154,24.476650563607084,12.090713902308105,7.2933440687063875,0.12077294685990338,2.033011272141707,0.39586688137412773,2.0665593129361244,0.020128824476650563,0.322061191626409,0.07380568974771873,,,,
117,7.112184648416532,31.95115405260333,12.016908212560386,24.46323134728932,12.037037037037036,7.2933440687063875,0.12077294685990338,2.033011272141707,0.43612453032742887,2.0799785292538915,0.020128824476650563,0.322061191626409,0.10064412238325282,0.013419216317767043,,,
118,7.112184648416532,31.93773483628556,12.030327428878154,24.46323134728932,12.010198604401502,7.2933440687063875,0.12077294685990338,2.033011272141707,0.46296296296296297,2.0799785292538915,0.020128824476650563,0.322061191626409,0.10064412238325282,0.013419216317767043,,,
119,7.112184648416532,30.52871712292002,9.742351046698873,24.000268384326354,13.741277509393452,10.674986580783683,0.13419216317767044,1.3083735909822867,0.4495437466451959,2.0665593129361244,0.020128824476650563,0.10735373054213634,0.10064412238325282,0.013419216317767043,,,
120,6.367418142780462,31.427804616210413,10.030864197530864,23.45679012345679,13.6808910359635,10.581052066559312,0.14761137949543746,1.3083735909822867,0.47638217928073,2.281266774020397,0.020128824476650563,0.10735373054213634,0.10064412238325282,0.013419216317767043,,,
121,6.367418142780462,31.387546967257112,10.071121846484166,23.416532474503487,13.654052603327965,10.520665593129362,0.14761137949543746,1.3083735909822867,0.5032206119162641,2.38191089640365,0.020128824476650563,0.10735373054213634,0.10064412238325282,0.013419216317767043,,,
122,6.353998926462695,31.38083735909823,10.104669887278583,23.403113258185723,13.654052603327965,10.520665593129362,0.14761137949543746,1.3083735909822867,0.5032206119162641,2.38191089640365,0.020128824476650563,0.10735373054213634,0.10064412238325282,0.013419216317767043,,,
123,6.347289318303811,31.340579710144926,10.131508319914117,23.389694041867955,13.627214170692431,10.540794417606012,0.14761137949543746,1.3083735909822867,0.5300590445517982,2.395330112721417,0.020128824476650563,0.10735373054213634,0.10064412238325282,0.013419216317767043,,,
124,6.347289318303811,31.179549114331724,10.292538915727322,23.356146001073537,13.560118089103597,10.540794417606012,0.14761137949543746,1.3083735909822867,0.5770263016639828,2.4490069779924855,0.020128824476650563,0.10735373054213634,0.10064412238325282,0.013419216317767043,,,
125,6.347289318303811,30.9849704777241,10.466988727858293,23.356146001073537,13.560118089103597,10.547504025764896,0.1610305958132045,1.3083735909822867,0.5770263016639828,2.4490069779924855,0.020128824476650563,0.10735373054213634,0.10064412238325282,0.013419216317767043,,,
126,6.347289318303811,30.9849704777241,10.466988727858293,23.275630703166936,13.533279656468062,10.520665593129362,0.1610305958132045,1.3419216317767042,0.7112184648416533,2.4154589371980677,0.020128824476650563,0.10735373054213634,0.10064412238325282,0.013419216317767043,,,
127,6.347289318303811,30.931293612453032,10.493827160493828,23.201825013419217,13.499731615673644,10.507246376811594,0.1610305958132045,1.3352120236178207,0.7581857219538379,2.4892646269457863,0.020128824476650563,0.11406333870101985,0.1274825550187869,0.013419216317767043,,,
128,6.347289318303811,30.9044551798175,10.520665593129362,23.18840579710145,13.499731615673644,10.487117552334944,0.1878690284487386,1.3352120236178207,0.7514761137949544,2.5026838432635534,0.020128824476650563,0.11406333870101985,0.1274825550187869,0.013419216317767043,,,
129,6.300322061191626,30.951422436929683,10.527375201288244,23.121309715512613,13.47289318303811,10.46027911969941,0.2147074610842727,1.3620504562533549,0.7783145464304885,2.536231884057971,0.020128824476650563,0.11406333870101985,0.1274825550187869,0.013419216317767043,,,
130,6.300322061191626,30.495169082125603,11.634460547504025,22.48389694041868,13.43263553408481,10.453569511540525,0.2147074610842727,1.3687600644122384,0.8185721953837896,2.522812667740204,0.020128824476650563,0.11406333870101985,0.1274825550187869,0.013419216317767043,,,
131,6.293612453032743,30.48174986580784,11.647879763821793,22.450348899624263,13.425925925925926,10.453569511540525,0.2281266774020397,1.3687600644122384,0.8185721953837896,2.5563607085346214,0.020128824476650563,0.11406333870101985,0.1274825550187869,0.013419216317767043,,,
132,6.266774020397209,29.71014492753623,11.728395061728396,22.19538378958669,13.425925925925926,11.366076221148685,0.2549651100375738,1.3955984970477724,0.8185721953837896,2.563070316693505,0.020128824476650563,0.11406333870101985,0.1274825550187869,0.013419216317767043,,,
133,6.266774020397209,29.70343531937735,11.75523349436393,22.128287707997853,13.425925925925926,11.345947396672035,0.27509393451422437,1.3217928073000538,0.8185721953837896,2.6838432635534084,0.020128824476650563,0.11406333870101985,0.1274825550187869,0.013419216317767043,,,
134,6.199677938808374,29.49543746645196,11.768652710681696,22.12157809983897,13.493022007514762,11.238593666129898,0.30193236714975846,1.42914653784219,0.966183574879227,2.7106816961889426,0.020128824476650563,0.11406333870101985,0.1274825550187869,0.013419216317767043,,,
135,6.072195383789587,29.448470209339774,11.748523886205046,21.980676328502415,13.493022007514762,11.533816425120772,0.322061191626409,1.42914653784219,0.9997316156736447,2.6838432635534084,0.020128824476650563,0.10064412238325282,0.15432098765432098,0.013419216317767043,,,
136,6.072195383789587,29.414922168545356,11.768652710681696,21.940418679549115,13.47289318303811,11.500268384326356,0.322061191626409,1.442565754159957,1.093666129898014,2.6838432635534084,0.020128824476650563,0.10064412238325282,0.15432098765432098,0.013419216317767043,,,
137,6.031937734836285,29.260601180891037,12.31213097155126,21.611647879763822,13.47289318303811,11.54723564143854,0.33548040794417605,1.4761137949543746,1.093666129898014,2.5697799248523885,0.020128824476650563,0.10064412238325282,0.15432098765432098,0.013419216317767043,,,
138,6.031937734836285,29.1532474503489,12.412775093934513,21.598228663446054,13.43263553408481,11.520397208803006,0.36231884057971014,1.5163714439076759,1.093666129898014,2.5563607085346214,0.04696725711218465,0.10735373054213634,0.15432098765432098,0.013419216317767043,,,
139,6.005099302200751,28.341384863123995,11.285560923242082,21.584809447128286,11.808910359634996,15.157004830917874,0.36231884057971014,1.4761137949543746,0.9863123993558777,2.5496511003757383,0.04696725711218465,0.2281266774020397,0.15432098765432098,0.013419216317767043,,,
140,6.005099302200751,28.33467525496511,11.2788513150832,21.557971014492754,11.79549114331723,15.150295222758992,0.3824476650563607,1.4761137949543746,0.9997316156736447,2.576489533011272,0.04696725711218465,0.2281266774020397,0.15432098765432098,0.013419216317767043,,,
141,5.971551261406334,28.20048309178744,11.386205045625335,21.430488459473967,11.674718196457327,15.45222758990875,0.3824476650563607,1.4626945786366077,1.0265700483091786,2.5429414922168547,0.04696725711218465,0.2549651100375738,0.15432098765432098,0.013419216317767043,,,
142,5.958132045088567,27.375201288244767,11.20504562533548,21.4170692431562,12.761674718196458,15.4723564143854,0.3824476650563607,1.4090177133655395,1.0265700483091786,2.522812667740204,0.04696725711218465,0.2549651100375738,0.15432098765432098,0.013419216317767043,,,
143,5.958132045088567,27.355072463768117,11.18491680085883,21.3768115942029,12.667740203972087,15.4723564143854,0.3824476650563607,1.4090177133655395,1.0534084809447128,2.536231884057971,0.18115942028985507,0.2549651100375738,0.15432098765432098,0.013419216317767043,,,
144,5.958132045088567,27.32823403113258,11.211755233494364,21.370101986044016,12.640901771336553,15.418679549114332,0.43612453032742887,1.4090177133655395,1.0802469135802468,2.5429414922168547,0.18115942028985507,0.2549651100375738,0.15432098765432098,0.013419216317767043,,,
145,5.9447128287707995,27.126945786366075,11.345947396672035,21.36339237788513,12.634192163177671,15.418679549114332,0.5099302200751477,1.4090177133655395,1.0802469135802468,2.563070316693505,0.18115942028985507,0.2549651100375738,0.15432098765432098,0.013419216317767043,,,
146,5.58239398819109,27.47584541062802,11.366076221148685,21.30300590445518,12.634192163177671,15.365002683843263,0.5099302200751477,1.42914653784219,1.1540526033279657,2.576489533011272,0.18115942028985507,0.2549651100375738,0.15432098765432098,0.013419216317767043,,,
147,5.58239398819109,27.47584541062802,11.366076221148685,21.30300590445518,12.593934514224369,15.365002683843263,0.5099302200751477,1.42914653784219,1.1943102522812667,2.576489533011272,0.18115942028985507,0.2549651100375738,0.15432098765432098,0.013419216317767043,,,
148,5.58239398819109,27.449006977992486,11.600912506709609,21.081588835212024,12.419484702093397,15.351583467525497,0.5099302200751477,1.42914653784219,1.2144390767579174,2.7442297369833604,0.19457863660762212,0.2549651100375738,0.15432098765432098,0.013419216317767043,,,
149,5.58239398819109,27.42216854535695,11.614331723027375,21.081588835212024,12.392646269457863,15.351583467525497,0.5099302200751477,1.42914653784219,1.2412775093934514,2.757648953301127,0.19457863660762212,0.2549651100375738,0.15432098765432098,0.013419216317767043,,,
150,5.58239398819109,26.8719806763285,12.218196457326892,21.014492753623188,12.379227053140097,15.311325818572195,0.5434782608695652,1.42914653784219,1.2546967257112185,2.757648953301127,0.19457863660762212,0.2683843263553409,0.1610305958132045,0.013419216317767043,,,
151,5.320719269994632,26.247987117552334,11.688137412775093,19.82018250134192,12.258454106280194,18.075684380032207,0.5636070853462157,1.42914653784219,1.261406333870102,2.6972624798711755,0.19457863660762212,0.2683843263553409,0.1610305958132045,0.013419216317767043,,,
152,5.320719269994632,26.01315083199141,11.936392914653783,19.82018250134192,12.258454106280194,18.02871712292002,0.5971551261406334,1.42914653784219,1.261406333870102,2.6972624798711755,0.19457863660762212,0.2683843263553409,0.1610305958132045,0.013419216317767043,,,
153,5.307300053676865,26.02657004830918,11.876006441223833,19.82018250134192,12.86231884057971,17.438271604938272,0.5971551261406334,1.415727321524423,1.2949543746645196,2.690552871712292,0.2281266774020397,0.2683843263553409,0.1610305958132045,0.013419216317767043,,,
154,5.307300053676865,26.006441223832528,11.782071926999464,19.806763285024154,12.761674718196458,17.411433172302736,0.6239935587761675,1.415727321524423,1.5230810520665594,2.690552871712292,0.2281266774020397,0.2683843263553409,0.1610305958132045,0.013419216317767043,,,
155,5.307300053676865,25.764895330112722,11.936392914653783,19.726247987117553,12.734836285560924,17.411433172302736,0.6239935587761675,1.415727321524423,1.5499194847020934,2.8247450348899625,0.2281266774020397,0.2683843263553409,0.19457863660762212,0.013419216317767043,,,
156,5.307300053676865,25.711218464841654,11.98336017176597,19.122383252818036,12.714707461084272,17.411433172302736,0.6508319914117016,1.3821792807300053,1.570048309178744,3.4286097691894795,0.2281266774020397,0.28180354267310787,0.19457863660762212,0.013419216317767043,,,
157,5.307300053676865,25.711218464841654,11.996779388083736,19.102254428341386,12.614063338701019,17.404723564143854,0.6575415995705851,1.3821792807300053,1.6237251744498122,3.4822866344605474,0.2281266774020397,0.28180354267310787,0.19457863660762212,0.013419216317767043,,,
158,5.307300053676865,25.429414922168544,12.318840579710145,19.102254428341386,12.614063338701019,17.37788513150832,0.6709608158883521,1.3821792807300053,1.6237251744498122,3.4822866344605474,0.2281266774020397,0.2549651100375738,0.19457863660762212,0.013419216317767043,,,
159,5.307300053676865,25.315351583467525,12.526838432635534,19.082125603864736,12.573805689747719,17.337627482555018,0.7246376811594203,1.3687600644122384,1.5365002683843263,3.502415458937198,0.2281266774020397,0.2885131508319914,0.19457863660762212,0.013419216317767043,,,
160,5.307300053676865,24.255233494363928,10.36634460547504,17.411433172302736,14.647074610842727,17.257112184648417,0.7112184648416533,4.3545356951154055,1.5230810520665594,3.515834675254965,0.2281266774020397,0.2281266774020397,0.18115942028985507,0.013419216317767043,,,
161,5.260332796564681,24.248523886205046,10.420021470746109,17.411433172302736,14.647074610842727,17.257112184648417,0.7112184648416533,4.394793344068707,1.4962426194310252,3.502415458937198,0.2281266774020397,0.2281266774020397,0.18115942028985507,0.013419216317767043,,,
162,5.260332796564681,24.228395061728396,10.413311862587225,17.310789049919485,14.51959205582394,17.257112184648417,0.7112184648416533,4.582662372517445,1.5297906602254427,3.5225442834138487,0.2281266774020397,0.24154589371980675,0.18115942028985507,0.013419216317767043,,,
163,5.260332796564681,22.282608695652176,9.4873859366613,17.236983360171767,18.726516371443907,16.129898013955984,0.7045088566827697,4.555823939881911,1.402308105206656,3.589640365002684,0.20128824476650564,0.2281266774020397,0.18115942028985507,0.013419216317767043,,,
164,5.246913580246914,22.24235104669887,9.534353193773484,17.23027375201288,18.726516371443907,16.109769189479334,0.7246376811594203,4.555823939881911,1.402308105206656,3.5963499731615673,0.20128824476650564,0.2281266774020397,0.1878690284487386,0.013419216317767043,,,
165,5.246913580246914,22.228931830381107,9.4873859366613,17.20343531937735,18.71309715512614,16.09634997316157,0.7380568974771873,4.622920021470746,1.4090177133655395,3.5829307568438002,0.2147074610842727,0.2281266774020397,0.2147074610842727,0.013419216317767043,,,
166,5.22007514761138,22.108158883521202,9.4873859366613,17.136339237788512,18.67283950617284,16.23054213633924,0.7380568974771873,4.62962962962963,1.442565754159957,3.6500268384326353,0.2147074610842727,0.24154589371980675,0.2147074610842727,0.013419216317767043,,,
167,5.22007514761138,22.08132045088567,9.480676328502415,16.847826086956523,18.632581857219538,16.21712292002147,0.8185721953837896,4.636339237788513,1.482823403113258,3.898282340311326,0.2147074610842727,0.24154589371980675,0.2147074610842727,0.013419216317767043,,,
168,5.018786902844874,21.772678475577028,9.50751476113795,20.101986044015028,18.203166935050994,14.083467525496511,0.7783145464304885,4.602791196994096,1.3352120236178207,3.898282340311326,0.2281266774020397,0.24154589371980675,0.2147074610842727,0.013419216317767043,,,
169,5.018786902844874,21.772678475577028,9.4873859366613,20.101986044015028,18.04213633923779,14.083467525496511,0.8118625872249061,4.602791196994096,1.482823403113258,3.898282340311326,0.2281266774020397,0.24154589371980675,0.2147074610842727,0.013419216317767043,,,
170,5.005367686527107,21.752549651100377,9.5276435856146,20.068438003220614,18.04884594739667,14.056629092860977,0.8387010198604401,4.622920021470746,1.4895330112721417,3.8915727321524423,0.2281266774020397,0.24154589371980675,0.2147074610842727,0.013419216317767043,,,
171,4.978529253891573,21.752549651100377,9.514224369296834,20.034889962426195,18.02200751476114,14.06333870101986,0.8521202361782072,4.622920021470746,1.5096618357487923,3.92512077294686,0.2549651100375738,0.24154589371980675,0.2147074610842727,0.013419216317767043,,,
172,4.931561996779388,21.155394524959743,9.27938808373591,20.02818035426731,17.995169082125603,14.076757917337627,0.8588298443370908,5.22007514761138,1.5230810520665594,4.045893719806763,0.2549651100375738,0.4025764895330113,0.2147074610842727,0.013419216317767043,,,
173,4.931561996779388,21.128556092324207,9.31964573268921,20.02818035426731,17.995169082125603,14.076757917337627,0.8588298443370908,5.179817498658078,1.5432098765432098,4.045893719806763,0.2549651100375738,0.4092860976918948,0.2147074610842727,0.013419216317767043,,,
174,4.911433172302737,21.054750402576488,9.386741814278047,20.001341921631777,17.934782608695652,13.882179280730005,0.8521202361782072,5.193236714975845,1.556629092860977,4.334406870638754,0.2549651100375738,0.4092860976918948,0.2147074610842727,0.013419216317767043,,,
175,4.911433172302737,21.027911969940956,9.400161030595813,19.94766505636071,17.901234567901234,13.855340848094471,0.8387010198604401,5.193236714975845,1.6371443907675791,4.3478260869565215,0.30193236714975846,0.4092860976918948,0.2147074610842727,0.013419216317767043,,,
176,4.911433172302737,21.027911969940956,9.400161030595813,19.91411701556629,17.867686527106816,13.855340848094471,0.8722490606548577,5.193236714975845,1.6371443907675791,4.3545356951154055,0.30193236714975846,0.4092860976918948,0.24154589371980675,0.013419216317767043,,,
