,45,50,52,55,51,54,53,56
0,100.0,,,,,,,
1,90.15700483091787,9.514224369296834,0.32877079978529256,,,,,
2,81.25335480407944,18.417874396135264,0.32877079978529256,,,,,
3,81.11245303274289,18.55877616747182,0.32877079978529256,,,,,
4,81.03193773483629,18.21658615136876,0.7514761137949544,,,,,
5,71.69887278582931,27.375201288244767,0.7514761137949544,0.17444981213097155,,,,
6,71.72571121846484,27.34836285560923,0.7514761137949544,0.17444981213097155,,,,
7,71.65861513687601,27.415458937198068,0.7514761137949544,0.17444981213097155,,,,
8,65.84138486312399,32.32018250134192,0.7514761137949544,0.17444981213097155,0.9125067096081588,,,
9,64.31830381105743,33.843263553408484,0.7514761137949544,0.17444981213097155,0.9125067096081588,,,
10,64.00966183574879,33.01798174986581,0.7514761137949544,1.3083735909822867,0.9125067096081588,,,
11,63.30515297906602,33.15888352120236,0.7514761137949544,1.2815351583467525,0.9125067096081588,0.5904455179817498,,
12,63.38566827697262,33.07836822329576,0.7514761137949544,1.2815351583467525,0.9125067096081588,0.5904455179817498,,
13,63.33199141170156,33.13204508856683,0.7514761137949544,1.2815351583467525,0.9125067096081588,0.5904455179817498,,
14,63.38566827697262,32.74288781535159,0.7514761137949544,1.2815351583467525,0.9125067096081588,0.9259259259259259,,
15,63.459473966720346,32.709339774557165,0.7514761137949544,1.2815351583467525,0.9125067096081588,0.8856682769726248,,
16,63.59366612989801,32.57514761137949,0.7514761137949544,1.2815351583467525,0.9125067096081588,0.8856682769726248,,
17,63.707729468599034,32.46108427267848,0.7514761137949544,1.2815351583467525,0.9125067096081588,0.8856682769726248,,
18,63.73456790123457,32.43424584004294,0.7514761137949544,1.2815351583467525,0.9125067096081588,0.8856682769726248,,
19,63.31186258722491,32.88378958668814,0.7514761137949544,1.2546967257112185,0.9125067096081588,0.8856682769726248,,
20,61.902844873859365,34.0378421900161,0.7514761137949544,1.2546967257112185,1.1674718196457328,0.8856682769726248,,
21,61.902844873859365,34.0378421900161,0.7514761137949544,1.2546967257112185,1.1674718196457328,0.8856682769726248,,
22,58.80971551261406,37.151100375738054,0.7514761137949544,1.2546967257112185,1.1473429951690821,0.8856682769726248,,
23,58.70907139023081,37.27187332259796,0.7514761137949544,1.2345679012345678,1.1473429951690821,0.8856682769726248,,
24,58.68894256575416,37.29200214707461,0.7514761137949544,1.2345679012345678,1.1473429951690821,0.8856682769726248,,
25,57.045088566827694,38.60708534621578,0.7514761137949544,1.5633387010198605,1.1473429951690821,0.8856682769726248,,
26,54.08615136876006,38.10386473429951,0.32877079978529256,1.5365002683843263,5.12614063338701,0.8185721953837896,,
27,51.321792807300056,39.71417069243156,0.32877079978529256,1.4559849704777241,5.12614063338701,2.0531400966183573,,
28,51.34192163177671,39.45920558239399,0.32877079978529256,1.4559849704777241,5.24020397208803,2.0531400966183573,0.12077294685990338,
29,51.690821256038646,38.96269457863661,0.32877079978529256,1.4559849704777241,5.226784755770263,2.214170692431562,0.12077294685990338,
30,49.302200751476114,41.30434782608695,0.32877079978529256,1.6237251744498122,5.10601180891036,2.214170692431562,0.12077294685990338,
31,49.59742351046699,40.687063875469676,0.32877079978529256,1.9457863660762211,5.10601180891036,2.214170692431562,0.12077294685990338,
32,50.2012882447665,40.083199141170155,0.32877079978529256,1.9457863660762211,5.10601180891036,2.214170692431562,0.12077294685990338,
33,43.84728931830381,47.00751476113795,0.32877079978529256,1.6237251744498122,4.757112184648417,2.214170692431562,0.2214170692431562,
34,42.84084809447128,48.01395598497048,0.32877079978529256,1.6237251744498122,4.757112184648417,2.214170692431562,0.2214170692431562,
35,42.3845947396672,47.51073537305421,0.32877079978529256,1.6237251744498122,5.71658615136876,2.214170692431562,0.2214170692431562,
36,41.606280193236714,48.289049919484704,0.32877079978529256,1.6237251744498122,5.71658615136876,2.214170692431562,0.2214170692431562,
37,41.626409017713364,48.02066559312936,0.32877079978529256,1.6237251744498122,5.71658615136876,2.462426194310252,0.2214170692431562,
38,40.53945249597424,48.980139559849704,0.322061191626409,1.7713365539452497,5.71658615136876,2.4490069779924855,0.2214170692431562,
39,40.485775630703166,48.20182501341922,0.322061191626409,1.7713365539452497,5.924584004294149,2.4490069779924855,0.8454106280193237,
40,39.67391304347826,49.013687600644126,0.322061191626409,1.7713365539452497,5.924584004294149,2.4490069779924855,0.8454106280193237,
41,39.774557165861516,48.97342995169082,0.322061191626409,1.7713365539452497,5.877616747181965,2.4355877616747184,0.8454106280193237,
42,40.022812667740205,48.590982286634464,0.322061191626409,1.90552871712292,5.877616747181965,2.4355877616747184,0.8454106280193237,
43,36.74852388620504,50.4495437466452,0.322061191626409,1.7176596886741815,7.749597423510467,2.167203435319377,0.8454106280193237,
44,36.85587761674718,50.34219001610306,0.322061191626409,1.7176596886741815,7.749597423510467,2.167203435319377,0.8454106280193237,
45,37.184648416532475,50.033548040794415,0.322061191626409,1.7176596886741815,7.729468599033816,2.167203435319377,0.8454106280193237,
46,37.15780998389694,50.0,0.322061191626409,1.7176596886741815,7.548309178743962,2.408749329039184,0.8454106280193237,
47,37.63419216317767,49.57729468599034,0.322061191626409,1.7176596886741815,7.494632313472893,2.408749329039184,0.8454106280193237,
48,34.82957595276436,52.38191089640365,0.322061191626409,1.7176596886741815,7.494632313472893,2.408749329039184,0.8454106280193237,
49,34.12506709608159,50.6508319914117,0.6910896403650026,1.6103059581320451,9.789318303811058,2.3483628556092326,0.785024154589372,
50,34.064680622651636,50.2012882447665,0.6910896403650026,1.5767579173376274,9.789318303811058,2.8918411164787976,0.785024154589372,
51,30.844068706387546,42.25711218464841,1.710950080515298,1.133923778851315,20.658883521202362,2.636876006441224,0.7581857219538379,
52,31.4345142243693,41.74047235641439,1.710950080515298,1.0198604401502953,20.128824476650564,2.4355877616747184,1.5297906602254427,
53,32.078636607622116,41.297638217928075,1.710950080515298,1.0198604401502953,18.531937734836287,2.341653247450349,3.0193236714975846,
54,32.360440150295226,41.06951154052604,1.710950080515298,1.0198604401502953,18.51851851851852,2.341653247450349,2.9790660225442833,
55,32.427536231884055,41.035963499731615,1.710950080515298,1.0198604401502953,18.4849704777241,2.341653247450349,2.9790660225442833,
56,32.6556629092861,40.975577026301664,1.710950080515298,1.0198604401502953,18.317230273752013,2.341653247450349,2.9790660225442833,
57,32.729468599033815,40.90177133655394,1.710950080515298,1.0198604401502953,18.317230273752013,2.341653247450349,2.9790660225442833,
58,33.1454643048846,40.76757917337628,1.710950080515298,1.0198604401502953,18.203166935050994,2.1739130434782608,2.9790660225442833,
59,33.23939881910896,40.727321524422976,1.710950080515298,1.0198604401502953,18.156199677938808,2.167203435319377,2.9790660225442833,
60,32.55501878690284,39.96913580246913,1.7042404723564144,1.0131508319914118,19.612184648416534,2.167203435319377,2.9790660225442833,
61,32.87707997852925,39.62023617820719,1.8786902844873858,1.0131508319914118,19.464573268921097,2.167203435319377,2.9790660225442833,
62,32.44095544820183,40.07648953301127,1.8786902844873858,1.0131508319914118,19.444444444444443,2.167203435319377,2.9790660225442833,
63,32.56843800322061,39.99597423510467,1.8786902844873858,1.0131508319914118,19.444444444444443,2.120236178207193,2.9790660225442833,
64,32.628824476650564,39.96913580246913,1.8786902844873858,1.0131508319914118,19.410896403650028,2.120236178207193,2.9790660225442833,
65,32.608695652173914,39.32501341921632,1.8719806763285025,1.0131508319914118,18.370907139023082,3.8311862587224907,2.9790660225442833,
66,32.8972088030059,39.231078904991946,1.8317230273752012,1.0131508319914118,18.230005367686527,3.8177670424047236,2.9790660225442833,
67,32.90391841116479,39.029790660225444,5.038915727321524,1.0131508319914118,15.35829307568438,3.8177670424047236,2.8381642512077296,
68,32.340311325818575,38.87546967257112,4.830917874396135,1.0131508319914118,16.317767042404725,3.784219001610306,2.8381642512077296,
69,30.790391841116477,38.28502415458937,7.226247987117552,0.9997316156736447,16.317767042404725,3.5426731078904994,2.8381642512077296,
70,31.05877616747182,38.18438003220612,7.118894256575416,0.9997316156736447,16.29092860976919,3.5426731078904994,2.804616210413312,
71,31.132581857219538,38.0300590445518,7.333601717659689,0.9997316156736447,16.06280193236715,3.6366076221148687,2.804616210413312,
72,31.206387546967257,37.956253354804076,7.333601717659689,0.9997316156736447,16.06280193236715,3.6366076221148687,2.804616210413312,
73,28.24074074074074,41.666666666666664,6.870638754696726,0.9997316156736447,15.995705850778315,3.515834675254965,2.7106816961889426,
74,27.314814814814813,39.74771873322598,6.870638754696726,1.1406333870101986,18.739935587761675,3.475577026301664,2.7106816961889426,
75,27.361782071927,39.69404186795491,6.575415995705851,1.1406333870101986,18.46484165324745,3.475577026301664,3.2877079978529253,
76,27.737520128824478,39.45920558239399,6.575415995705851,1.1406333870101986,18.323939881910896,3.475577026301664,3.2877079978529253,
77,27.58990874932904,38.17096081588835,6.575415995705851,1.1406333870101986,17.934782608695652,3.475577026301664,5.112721417069243,
78,27.75764895330113,37.92270531400966,6.575415995705851,1.1406333870101986,17.934782608695652,3.166935050993022,5.501878690284487,
79,27.891841116478798,35.94337090713902,6.353998926462695,1.3754696725711217,19.766505636070853,3.166935050993022,5.501878690284487,
80,27.677133655394524,35.90311325818572,6.951154052603328,1.3754696725711217,19.45115405260333,3.166935050993022,5.475040257648954,
81,28.12667740203972,35.90311325818572,6.790123456790123,1.3754696725711217,19.176060118089104,3.1535158346752548,5.475040257648954,
82,28.227321524422972,35.668276972624795,7.078636607622115,1.3754696725711217,19.122383252818036,3.126677402039721,5.401234567901234,
83,28.871443907675793,35.057702630166396,7.185990338164252,1.3620504562533549,19.008319914117017,3.126677402039721,5.387815351583468,
84,29.20692431561997,34.816156736446594,7.118894256575416,1.3620504562533549,18.78690284487386,3.321256038647343,5.387815351583468,
85,29.07944176060118,35.057702630166396,7.118894256575416,1.3620504562533549,18.679549114331724,3.3145464304884595,5.387815351583468,
86,29.367954911433173,34.816156736446594,7.118894256575416,1.3620504562533549,18.646001073537306,3.3145464304884595,5.374396135265701,
87,29.528985507246375,34.75577026301664,7.058507783145465,1.3620504562533549,18.605743424584006,3.3145464304884595,5.374396135265701,
88,29.61621041331186,34.54106280193237,7.575147611379496,1.3620504562533549,18.344068706387546,3.193773483628556,5.367686527106817,
89,29.78395061728395,34.29951690821256,7.548309178743962,1.596886741814278,18.344068706387546,3.079710144927536,5.347557702630167,
90,29.924852388620504,34.21900161030596,7.548309178743962,1.5499194847020934,18.344068706387546,3.079710144927536,5.3341384863123995,
91,30.152979066022546,34.084809447128286,7.514761137949543,1.5499194847020934,18.33064949006978,3.079710144927536,5.287171229200215,
92,30.152979066022546,33.923778851315085,6.521739130434782,2.7308105206655933,18.303811057434245,3.079710144927536,5.287171229200215,
93,30.24020397208803,33.8365539452496,6.521739130434782,3.193773483628556,17.840848094471284,3.079710144927536,5.287171229200215,
94,30.461621041331185,33.80971551261406,6.461352657004831,3.193773483628556,17.726784755770264,3.079710144927536,5.267042404723564,
95,30.52200751476114,33.63526570048309,6.461352657004831,3.3480944712828773,17.68652710681696,3.079710144927536,5.267042404723564,
96,30.877616747181964,33.46081588835212,6.494900697799249,3.3480944712828773,17.505367686527105,3.0730005367686526,5.24020397208803,
97,30.96484165324745,33.45410628019324,6.4412238325281805,3.3480944712828773,17.478529253891573,3.0730005367686526,5.24020397208803,
98,29.663177670424048,31.280193236714975,6.179549114331723,3.1736446591519054,21.490874932903917,2.985775630703167,5.226784755770263,
99,29.528985507246375,30.575684380032207,7.749597423510467,3.3682232957595275,20.591787439613526,2.985775630703167,5.199946323134729,
100,27.529522275899087,26.81159420289855,6.353998926462695,3.3682232957595275,26.670692431561996,2.985775630703167,6.280193236714976,
101,27.945517981749866,26.77133655394525,6.353998926462695,3.3682232957595275,26.422436929683307,2.985775630703167,6.152710681696189,
102,27.911969940955448,26.710950080515296,6.333870101986044,4.186795491143317,25.966183574879228,2.985775630703167,5.904455179817498,
103,28.019323671497585,26.596886741814277,6.3070316693505095,4.300858829844337,25.885668276972623,2.985775630703167,5.904455179817498,
104,28.25415995705851,26.576757917337627,6.3070316693505095,4.26731078904992,25.704508856682768,2.985775630703167,5.904455179817498,
105,28.468867418142782,25.99302200751476,6.3070316693505095,4.2203435319377345,25.63070316693505,2.985775630703167,6.394256575415996,
106,28.509125067096083,25.99302200751476,6.3070316693505095,4.2203435319377345,25.59044551798175,2.985775630703167,6.394256575415996,
107,28.71712292002147,25.946054750402578,6.273483628556092,4.206924315619967,25.523349436392916,2.985775630703167,6.347289318303811,
108,28.019323671497585,24.134460547504027,6.038647342995169,4.05931293612453,28.64331723027375,3.307836822329576,5.797101449275362,
109,28.153515834675254,24.134460547504027,6.011808910359635,4.05931293612453,28.535963499731615,3.307836822329576,5.797101449275362,
110,28.29441760601181,24.060654857756308,6.011808910359635,4.05931293612453,28.475577026301664,3.3011272141706924,5.797101449275362,
111,28.455448201825014,23.980139559849704,5.958132045088567,4.045893719806763,28.462157809983896,3.3011272141706924,5.797101449275362,
112,28.576221148684915,23.8191089640365,6.105743424584004,4.045893719806763,28.428609769189478,3.227321524422974,5.797101449275362,
113,28.71712292002147,23.731884057971016,6.105743424584004,4.045893719806763,28.388352120236178,3.2139023081052067,5.797101449275362,
114,28.958668813741276,23.637949543746647,6.078904991948471,4.045893719806763,28.032742887815353,3.2139023081052067,6.031937734836285,
115,29.448470209339774,23.45679012345679,6.072195383789587,3.8177670424047236,27.958937198067634,3.2139023081052067,6.031937734836285,
116,29.57595276435856,23.409822866344605,6.038647342995169,3.8177670424047236,27.925389157273216,3.2139023081052067,6.018518518518518,
117,29.636339237788512,23.396403650026837,6.038647342995169,3.8177670424047236,27.87842190016103,3.2139023081052067,6.018518518518518,
118,29.70343531937735,23.396403650026837,6.038647342995169,3.8177670424047236,27.831454643048847,3.2139023081052067,5.998389694041868,
119,29.864465915190554,23.2487922705314,5.998389694041868,3.8177670424047236,27.583199141170155,3.193773483628556,6.293612453032743,
120,30.08588298443371,22.993827160493826,6.179549114331723,3.8177670424047236,27.4422973698336,3.1870638754696725,6.293612453032743,
121,30.18652710681696,22.993827160493826,6.172839506172839,3.797638217928073,27.36849168008588,3.1870638754696725,6.293612453032743,
122,30.387815351583466,22.966988727858293,6.159420289855072,3.797638217928073,27.20746108427268,3.1870638754696725,6.293612453032743,
123,30.07246376811594,21.73913043478261,9.205582393988191,3.7238325281803544,26.78475577026302,2.8650026838432634,5.609232420826624,
124,30.434782608695652,21.66532474503489,9.064680622651638,3.7238325281803544,26.637144390767578,2.8650026838432634,5.609232420826624,
125,30.454911433172303,21.66532474503489,9.064680622651638,3.7238325281803544,26.630434782608695,2.8650026838432634,5.595813204508857,
126,30.54213633923779,21.658615136876005,9.024422973698336,3.7238325281803544,26.590177133655395,2.8650026838432634,5.595813204508857,
127,27.985775630703166,25.221417069243156,9.024422973698336,3.7037037037037037,26.08695652173913,2.8650026838432634,5.112721417069243,
128,28.32125603864734,25.15432098765432,8.896940418679549,3.7037037037037037,25.946054750402578,2.8650026838432634,5.112721417069243,
129,28.475577026301664,25.013419216317768,8.896940418679549,3.6902844873859366,25.946054750402578,2.8650026838432634,5.112721417069243,
130,28.65673644659152,24.9194847020934,8.896940418679549,3.6902844873859366,25.85882984433709,2.8650026838432634,5.112721417069243,
131,29.052603327965645,24.765163714439076,8.76274825550188,3.670155662909286,25.664251207729468,2.9723564143853998,5.112721417069243,
132,29.17337627482555,24.63768115942029,8.76274825550188,3.670155662909286,25.597155126140635,2.9052603327965647,5.253623188405797,
133,29.25389157273215,24.58400429414922,9.057971014492754,3.475577026301664,25.47638217928073,2.9052603327965647,5.246913580246914,
134,29.461889425657542,24.56387546967257,9.057971014492754,3.475577026301664,25.308641975308642,2.898550724637681,5.233494363929147,
135,30.293880837359097,24.08749329039184,8.964036500268385,3.2877079978529253,24.86580783682233,3.1468062265163717,5.35426731078905,
136,30.401234567901234,24.060654857756308,8.890230810520666,3.2877079978529253,24.859098228663445,3.1468062265163717,5.35426731078905,
137,30.48845947396672,24.060654857756308,8.890230810520666,3.7909286097691894,24.308910359634996,3.1468062265163717,5.314009661835748,
138,27.01959205582394,36.22517444981213,7.1658615136876005,2.073268921095008,20.35024154589372,2.6167471819645733,4.549114331723027,
139,27.120236178207193,36.02388620504563,7.14573268921095,2.1940418679549114,20.35024154589372,2.6167471819645733,4.549114331723027,
140,27.4020397208803,35.76221148684917,7.125603864734299,2.1940418679549114,20.35024154589372,2.6167471819645733,4.549114331723027,
141,26.536500268384327,35.299248523886206,9.66183574879227,2.1940418679549114,19.290123456790123,2.536231884057971,4.4820182501341925,
142,26.69753086419753,35.279119699409556,9.66183574879227,2.167203435319377,19.176060118089104,2.536231884057971,4.4820182501341925,
143,26.85185185185185,35.15163714439077,9.66183574879227,2.1403650026838434,19.176060118089104,2.536231884057971,4.4820182501341925,
144,26.670692431561996,34.13177670424047,9.567901234567902,2.395330112721417,19.108964036500268,2.536231884057971,5.589103596349974,
145,27.073268921095007,33.7962962962963,9.534353193773484,2.5161030595813205,19.0955448201825,2.536231884057971,5.448201825013419,
146,27.42216854535695,33.48094471282877,9.534353193773484,2.5161030595813205,19.061996779388085,2.536231884057971,5.448201825013419,
147,27.932098765432098,33.23939881910896,9.473966720343531,2.5161030595813205,18.907675791733762,2.4825550187869028,5.448201825013419,
148,27.999194847020934,33.111916264090176,9.473966720343531,2.7777777777777777,18.739935587761675,2.475845410628019,5.421363392377885,
149,28.348094471282877,32.95759527643585,9.426999463231347,2.7241009125067097,18.679549114331724,2.442297369833602,5.421363392377885,
150,28.442028985507246,32.94417606011809,9.39345142243693,2.7241009125067097,18.632581857219538,2.442297369833602,5.421363392377885,
151,28.59634997316157,32.84353193773484,9.312936124530328,2.7241009125067097,18.54535695115405,2.4154589371980677,5.562265163714439,
152,28.743961352657006,32.74288781535159,9.312936124530328,2.7241009125067097,18.5252281266774,2.4154589371980677,5.535426731078905,
153,28.878153515834676,32.689210950080515,9.312936124530328,2.7241009125067097,18.4447128287708,2.4154589371980677,5.535426731078905,
154,28.25415995705851,33.13204508856683,9.312936124530328,2.9052603327965647,18.4447128287708,2.4154589371980677,5.535426731078905,
155,28.35480407944176,32.8569511540526,9.312936124530328,3.079710144927536,18.4447128287708,2.4154589371980677,5.535426731078905,
156,27.58990874932904,32.19940955448202,11.211755233494364,2.9790660225442833,18.552066559312937,1.9793344068706387,5.488459473966721,
157,27.623456790123456,32.118894256575416,11.33923778851315,2.9790660225442833,18.471551261406333,1.9793344068706387,5.488459473966721,
158,27.81803542673108,32.06521739130435,11.305689747718732,2.9790660225442833,18.364197530864196,1.9793344068706387,5.488459473966721,
159,28.026033279656467,31.776704240472355,11.305689747718732,2.965646806226516,18.45813204508857,1.9793344068706387,5.488459473966721,
160,28.119967793880836,31.696188942565755,11.292270531400966,2.965646806226516,18.45813204508857,1.9793344068706387,5.488459473966721,
161,28.30112721417069,31.568706387546968,11.285560923242082,2.952227589908749,18.42458400429415,1.9793344068706387,5.488459473966721,
162,28.462157809983896,31.4747718733226,11.285560923242082,2.952227589908749,18.357487922705314,1.9793344068706387,5.488459473966721,
163,28.83118625872249,31.01851851851852,11.18491680085883,3.2541599570585076,18.243424584004295,1.9793344068706387,5.488459473966721,
164,28.703703703703702,30.891035963499732,11.20504562533548,3.2541599570585076,18.16290928609769,1.9793344068706387,5.803811057434245,
165,29.09286097691895,30.763553408480945,11.198336017176597,3.240740740740741,18.035426731078903,1.9659151905528718,5.703166935050993,
166,29.522275899087493,30.48845947396672,11.158078368223295,3.227321524422974,18.035426731078903,1.9659151905528718,5.60252281266774,
167,29.1532474503489,29.58937198067633,12.567096081588835,3.166935050993022,18.035426731078903,1.9390767579173376,5.548845947396672,
168,29.656468062265162,29.508856682769725,12.473161567364466,3.166935050993022,17.867686527106816,1.9390767579173376,5.387815351583468,
169,29.683306494900698,29.508856682769725,12.446323134728932,3.166935050993022,17.867686527106816,1.9390767579173376,5.387815351583468,
170,29.73027375201288,29.488727858293075,12.419484702093397,3.166935050993022,17.867686527106816,1.9390767579173376,5.387815351583468,
171,29.73027375201288,29.488727858293075,12.419484702093397,3.166935050993022,17.867686527106816,1.9390767579173376,5.387815351583468,
172,29.911433172302736,28.23403113258186,12.385936661298981,4.3545356951154055,17.814009661835748,1.9390767579173376,5.360976918947934,
173,30.018786902844873,28.10654857756307,12.318840579710145,4.166666666666667,17.814009661835748,2.214170692431562,5.360976918947934,
174,30.461621041331185,27.992485238862052,12.151100375738057,4.159957058507783,17.800590445517983,2.214170692431562,5.22007514761138,
175,30.112721417069242,28.37493290391841,12.151100375738057,4.159957058507783,17.767042404723565,2.214170692431562,5.22007514761138,
176,30.233494363929147,28.227321524422972,12.077294685990339,4.139828234031133,17.753623188405797,2.3483628556092326,5.22007514761138,
177,30.139559849704778,28.213902308105208,12.224906065485776,4.139828234031133,17.753623188405797,2.3349436392914655,5.193236714975845,
178,30.16639828234031,28.153515834675254,12.204777241009126,4.025764895330113,17.746913580246915,2.509393451422437,5.193236714975845,
179,30.193236714975846,28.14680622651637,12.198067632850242,4.019055287171229,17.74020397208803,2.509393451422437,5.193236714975845,
180,30.22007514761138,28.133387010198604,12.198067632850242,4.019055287171229,17.726784755770264,2.509393451422437,5.193236714975845,
181,30.26033279656468,28.133387010198604,12.191358024691358,4.019055287171229,17.726784755770264,2.509393451422437,5.159688674181428,
182,30.770263016639827,27.737520128824478,12.151100375738057,4.019055287171229,17.659688674181428,2.509393451422437,5.152979066022544,
183,30.776972624798713,27.737520128824478,12.117552334943639,4.019055287171229,17.022275899087493,3.1736446591519054,5.152979066022544,
184,30.897745571658614,27.697262479871174,12.077294685990339,4.019055287171229,17.008856682769725,3.1535158346752548,5.146269457863661,
185,31.19296833064949,27.126945786366075,12.090713902308105,4.334406870638754,16.861245303274288,3.260869565217391,5.132850241545894,
186,30.844068706387546,26.979334406870638,12.030327428878154,4.334406870638754,17.733494363929147,2.999194847020934,5.0791733762748255,
187,30.891035963499732,26.959205582393988,12.030327428878154,4.334406870638754,17.733494363929147,2.985775630703167,5.065754159957058,
188,31.00509930220075,26.88539989264627,11.963231347289318,4.334406870638754,17.787171229200215,2.985775630703167,5.038915727321524,
189,30.837359098228664,26.85185185185185,11.936392914653783,4.334406870638754,17.76033279656468,3.240740740740741,5.038915727321524,
190,31.300322061191626,26.650563607085346,11.916264090177133,4.334406870638754,17.59259259259259,3.280998389694042,4.924852388620504,
191,31.34728931830381,26.603596349973163,11.916264090177133,4.334406870638754,17.59259259259259,3.280998389694042,4.924852388620504,
192,31.548577563070317,26.435856146001072,11.916264090177133,4.334406870638754,17.559044551798173,3.280998389694042,4.924852388620504,
193,31.716317767042405,26.435856146001072,11.916264090177133,4.334406870638754,17.404723564143854,3.280998389694042,4.911433172302737,
194,31.676060118089104,26.34863123993559,11.869296833064949,4.240472356414386,17.673107890499196,3.280998389694042,4.911433172302737,
195,31.796833064949006,25.49651100375738,11.674718196457327,4.133118625872249,17.52549651100376,3.4822866344605474,5.891035963499732,
196,31.78341384863124,25.32206119162641,11.674718196457327,4.052603327965647,17.52549651100376,3.7775093934514223,5.864197530864198,
197,31.97128287707998,25.228126677402038,11.674718196457327,4.052603327965647,17.431561996779386,3.7775093934514223,5.864197530864198,
198,32.1658615136876,25.120772946859905,11.782071926999464,4.052603327965647,17.398013955984972,3.750670960815888,5.730005367686527,
199,30.803811057434245,24.456521739130434,11.782071926999464,3.9452495974235107,19.81347289318304,3.750670960815888,5.448201825013419,
200,31.072195383789587,24.355877616747183,11.761943102522812,3.9452495974235107,19.786634460547504,3.683574879227053,5.394524959742351,
201,31.166129898013956,24.308910359634996,11.748523886205046,3.9452495974235107,19.786634460547504,3.683574879227053,5.360976918947934,
202,31.28690284487386,24.268652710681696,11.748523886205046,3.9452495974235107,19.706119162640903,3.683574879227053,5.360976918947934,
203,31.11916264090177,23.960010735373054,12.453032742887816,3.864734299516908,19.6256038647343,3.8580246913580245,5.119431025228127,
204,31.273483628556093,23.919753086419753,12.385936661298981,3.8378958668813743,19.605475040257648,3.8580246913580245,5.119431025228127,
205,31.38083735909823,23.886205045625335,12.385936661298981,3.8311862587224907,19.538378958668815,3.8580246913580245,5.119431025228127,
206,31.19296833064949,23.564143853998928,12.600644122383253,3.81105743424584,19.370638754696724,4.455179817498658,5.005367686527107,
207,31.32716049382716,23.53059581320451,12.600644122383253,3.8043478260869565,19.330381105743424,4.40150295222759,5.005367686527107,
208,32.14573268921095,23.416532474503487,12.600644122383253,3.502415458937198,19.296833064949006,4.193505099302201,4.8443370907139025,
209,32.55501878690284,23.03408480944713,12.600644122383253,3.5762211486849167,19.0955448201825,4.193505099302201,4.944981213097155,
210,32.749597423510465,22.893183038110575,12.506709608158884,3.549382716049383,19.196188942565755,4.159957058507783,4.944981213097155,
211,32.91733762748255,22.530864197530864,12.432903918411165,3.5426731078904994,19.182769726247987,4.448470209339774,4.944981213097155,
212,32.06521739130435,22.16183574879227,12.432903918411165,3.8580246913580245,20.108695652173914,4.441760601180891,4.931561996779388,
213,32.14573268921095,22.16183574879227,12.432903918411165,3.8580246913580245,20.095276435856146,4.435050993022007,4.871175523349437,
214,32.17257112184648,22.16183574879227,12.432903918411165,3.8580246913580245,20.068438003220614,4.435050993022007,4.871175523349437,
215,32.14573268921095,22.08132045088567,12.70799785292539,3.8580246913580245,20.02818035426731,4.435050993022007,4.74369296833065,
216,32.23295759527644,22.000805152979066,12.848899624261943,3.8580246913580245,19.887278582930758,4.428341384863124,4.74369296833065,
217,32.447665056360705,21.866612989801396,12.835480407944177,3.8177670424047236,19.867149758454108,4.42163177670424,4.74369296833065,
218,32.326892109500804,21.980676328502415,12.835480407944177,3.8177670424047236,19.726247987117553,4.569243156199678,4.74369296833065,
219,32.709339774557165,21.85990338164251,12.822061191626409,3.6902844873859366,19.692699946323135,4.569243156199678,4.656468062265164,
220,32.910628019323674,21.68545356951154,12.701288244766506,3.851315083199141,19.665861513687602,4.53569511540526,4.64975845410628,
221,33.20585077831455,21.584809447128286,12.694578636607622,3.851315083199141,19.6256038647343,4.502147074610843,4.53569511540526,
222,33.56816961889426,21.537842190016104,12.694578636607622,3.6366076221148687,19.592055823939884,4.502147074610843,4.468599033816425,
223,33.65539452495974,21.464036500268385,12.694578636607622,3.6366076221148687,19.592055823939884,4.502147074610843,4.455179817498658,
224,33.9573268921095,21.349973161567366,12.640901771336553,3.5829307568438002,19.592055823939884,4.488727858293076,4.388083735909823,
225,34.17874396135266,21.027911969940956,12.640901771336553,3.5829307568438002,19.578636607622116,4.609500805152979,4.38137412775094,
226,34.245840042941495,20.873590982286636,12.627482555018787,3.730542136339238,19.545088566827697,4.609500805152979,4.367954911433173,
227,33.400429414922165,20.135534084809446,12.614063338701019,3.730542136339238,21.175523349436393,4.575952764358561,4.367954911433173,
228,33.541331186258724,20.12211486849168,12.526838432635534,3.730542136339238,21.141975308641975,4.575952764358561,4.361245303274289,
229,33.64868491680086,20.12211486849168,12.513419216317766,3.730542136339238,21.128556092324207,4.49543746645196,4.361245303274289,
230,33.78958668813741,20.034889962426195,12.513419216317766,3.6902844873859366,21.128556092324207,4.4820182501341925,4.361245303274289,
231,34.01100375738057,19.994632313472895,12.439613526570048,3.6902844873859366,21.061460010735374,4.455179817498658,4.3478260869565215,
232,34.05797101449275,19.994632313472895,12.399355877616747,3.6902844873859366,21.061460010735374,4.455179817498658,4.341116478797638,
233,34.15190552871712,19.981213097155127,12.325550187869029,3.6902844873859366,21.061460010735374,4.448470209339774,4.341116478797638,
234,34.346484165324746,19.672571121846484,12.245034889962426,3.965378421900161,20.98094471282877,4.448470209339774,4.341116478797638,
235,34.50751476113795,19.578636607622116,12.198067632850242,3.965378421900161,20.96081588835212,4.448470209339774,4.341116478797638,
236,34.74906065485776,19.565217391304348,12.13768115942029,3.965378421900161,20.873590982286636,4.42163177670424,4.28743961352657,
237,34.66183574879227,19.26328502415459,12.117552334943639,4.408212560386473,20.86688137412775,4.394793344068707,4.28743961352657,
238,35.17176596886742,19.155931293612454,11.802200751476114,4.3545356951154055,20.833333333333332,4.394793344068707,4.28743961352657,
239,35.32608695652174,19.0552871712292,11.788781535158346,4.455179817498658,20.69243156199678,4.394793344068707,4.28743961352657,
240,35.35292538915727,19.0552871712292,11.77536231884058,4.455179817498658,20.69243156199678,4.394793344068707,4.274020397208803,
241,35.44015029522276,19.00161030595813,11.77536231884058,4.455179817498658,20.658883521202362,4.394793344068707,4.274020397208803,
242,35.46698872785829,19.00161030595813,11.75523349436393,4.455179817498658,20.652173913043477,4.394793344068707,4.274020397208803,
243,35.07112184648417,18.766774020397207,12.929414922168545,4.455179817498658,20.42404723564144,4.2203435319377345,4.133118625872249,
244,35.17176596886742,18.760064412238325,12.929414922168545,4.408212560386473,20.397208803005906,4.2203435319377345,4.1129898013955986,
245,35.33279656468062,18.686258722490606,12.842190016103059,4.408212560386473,20.43075684380032,4.2203435319377345,4.079441760601181,
246,35.581052066559316,18.666129898013956,12.828770799785293,4.361245303274289,20.33011272141707,4.200214707461084,4.032474503488996,
247,35.507246376811594,18.605743424584006,12.808641975308642,4.361245303274289,20.511272141706925,4.17337627482555,4.032474503488996,
248,35.66156736446592,18.53864734299517,12.788513150831992,4.361245303274289,20.45088566827697,4.17337627482555,4.025764895330113,
249,35.68169618894257,18.53864734299517,12.788513150831992,4.3545356951154055,20.437466451959207,4.17337627482555,4.025764895330113,
250,35.90311325818572,18.51851851851852,12.654320987654321,4.3545356951154055,20.37037037037037,4.17337627482555,4.025764895330113,
251,35.82259796027912,18.156199677938808,12.654320987654321,4.320987654320987,20.44417606011809,4.575952764358561,4.025764895330113,
252,35.84272678475577,18.109232420826622,12.654320987654321,4.320987654320987,20.1959205582394,4.53569511540526,4.341116478797638,
253,36.178207192699944,18.075684380032207,12.365807836822329,4.320987654320987,19.867149758454108,4.522275899087493,4.669887278582931,
254,36.594202898550726,17.954911433172303,12.325550187869029,4.260601180891036,19.73966720343532,4.522275899087493,4.602791196994096,
255,36.69484702093398,17.921363392377884,12.298711755233494,4.260601180891036,19.699409554482017,4.522275899087493,4.602791196994096,
256,36.983360171765966,17.914653784219002,12.151100375738057,4.260601180891036,19.598765432098766,4.49543746645196,4.5960815888352125,
257,37.01690821256039,17.901234567901234,12.13768115942029,4.260601180891036,19.592055823939884,4.49543746645196,4.5960815888352125,
258,37.084004294149224,17.85426731078905,12.050456253354804,4.461889425657541,19.45786366076221,4.49543746645196,4.5960815888352125,
259,37.224906065485776,17.800590445517983,12.050456253354804,4.461889425657541,19.424315619967793,4.468599033816425,4.569243156199678,
260,37.21148684916801,17.68652710681696,12.04374664519592,4.696725711218465,19.350509930220074,4.468599033816425,4.542404723564144,
261,37.58722490606549,17.391304347826086,11.996779388083736,4.616210413311863,19.424315619967793,4.468599033816425,4.51556629092861,
262,37.60064412238325,17.310789049919485,11.949812130971551,4.616210413311863,19.384057971014492,4.468599033816425,4.669887278582931,
263,38.00993022007515,17.062533548040793,12.486580783682234,4.549114331723027,18.98148148148148,4.428341384863124,4.4820182501341925,
264,38.05018786902845,17.04911433172303,12.4597423510467,4.851046698872786,18.679549114331724,4.428341384863124,4.4820182501341925,
265,37.9092860976919,16.451959205582394,12.097423510466989,4.851046698872786,18.592324208266238,5.548845947396672,4.4820182501341925,0.06709608158883522
266,37.9495437466452,16.451959205582394,12.338969404186795,4.851046698872786,18.370907139023082,5.548845947396672,4.42163177670424,0.06709608158883522
267,38.04347826086956,16.384863123993558,12.338969404186795,4.8376274825550185,18.370907139023082,5.535426731078905,4.42163177670424,0.06709608158883522
268,38.05018786902845,16.317767042404725,12.587224906065487,4.804079441760601,18.250134192163177,5.515297906602254,4.408212560386473,0.06709608158883522
269,38.14412238325282,16.304347826086957,12.406065485775631,4.804079441760601,18.223295759527645,5.515297906602254,4.53569511540526,0.06709608158883522
270,38.238056897477186,16.09634997316157,12.399355877616747,4.730273752012883,18.183038110574344,5.750134192163178,4.53569511540526,0.06709608158883522
271,38.33870101986044,16.0829307568438,12.359098228663447,4.7168545356951155,18.183038110574344,5.736714975845411,4.51556629092861,0.06709608158883522
272,38.45276435856146,15.874932903918411,12.359098228663447,4.864465915190553,18.129361245303276,5.736714975845411,4.51556629092861,0.06709608158883522
273,38.506441223832525,16.0829307568438,12.318840579710145,4.770531400966184,18.015297906602253,5.723295759527644,4.51556629092861,0.06709608158883522
274,38.62721417069243,16.076221148684915,12.278582930756844,4.770531400966184,17.941492216854535,5.723295759527644,4.51556629092861,0.06709608158883522
275,38.92914653784219,15.915190552871712,12.13768115942029,4.770531400966184,17.941492216854535,5.723295759527644,4.51556629092861,0.06709608158883522
276,39.08346752549651,15.915190552871712,12.13768115942029,4.62962962962963,17.92807300053677,5.723295759527644,4.51556629092861,0.06709608158883522
277,39.378690284487384,15.881642512077295,12.077294685990339,4.582662372517445,17.814009661835748,5.709876543209877,4.488727858293076,0.06709608158883522
278,38.51315083199141,15.613258185721953,13.446054750402576,4.582662372517445,17.579173376274827,5.709876543209877,4.488727858293076,0.06709608158883522
279,38.7614063338701,15.5126140633387,13.446054750402576,4.542404723564144,17.47181964573269,5.709876543209877,4.488727858293076,0.06709608158883522
280,38.868760064412236,15.5126140633387,13.446054750402576,4.542404723564144,17.37788513150832,5.709876543209877,4.4753086419753085,0.06709608158883522
281,38.909017713365536,15.5126140633387,13.43263553408481,4.542404723564144,17.351046698872786,5.709876543209877,4.4753086419753085,0.06709608158883522
282,39.19753086419753,15.505904455179817,13.419216317767042,4.51556629092861,17.16988727858293,5.709876543209877,4.414922168545357,0.06709608158883522
283,39.44578636607622,15.438808373590982,13.385668276972625,4.51556629092861,17.082662372517444,5.649490069779925,4.414922168545357,0.06709608158883522
284,39.049919484702095,15.163714439076758,14.707461084272678,4.51556629092861,16.431830381105744,5.649490069779925,4.414922168545357,0.06709608158883522
285,38.95598497047772,14.955716586151368,14.700751476113794,4.871175523349437,16.23054213633924,5.649490069779925,4.569243156199678,0.06709608158883522
286,39.03650026838432,14.935587761674718,14.673913043478262,4.871175523349437,16.223832528180353,5.622651637144391,4.569243156199678,0.06709608158883522
287,39.10359634997316,14.895330112721417,14.660493827160494,4.871175523349437,16.223832528180353,5.609232420826624,4.569243156199678,0.06709608158883522
288,39.24449812130972,14.861782071927,14.65378421900161,4.871175523349437,16.203703703703702,5.609232420826624,4.488727858293076,0.06709608158883522
289,39.392109500805155,14.727589908749328,14.65378421900161,4.864465915190553,16.203703703703702,5.60252281266774,4.488727858293076,0.06709608158883522
290,39.452495974235106,14.694041867954912,14.63365539452496,4.864465915190553,16.19699409554482,5.60252281266774,4.488727858293076,0.06709608158883522
291,39.51959205582394,14.694041867954912,14.63365539452496,4.8376274825550185,15.982286634460548,5.776972624798712,4.488727858293076,0.06709608158883522
292,39.79468599033817,14.667203435319378,14.53972088030059,4.804079441760601,15.861513687600644,5.776972624798712,4.488727858293076,0.06709608158883522
293,39.81481481481482,14.660493827160494,14.526301663982823,4.804079441760601,15.861513687600644,5.776972624798712,4.488727858293076,0.06709608158883522
294,40.371712292002144,14.553140096618357,14.251207729468598,4.777241009125067,15.83467525496511,5.6964573268921095,4.448470209339774,0.06709608158883522
295,40.60654857756307,14.49946323134729,14.163982823403114,4.777241009125067,15.74074074074074,5.6964573268921095,4.448470209339774,0.06709608158883522
296,40.774288781535155,14.49946323134729,14.070048309178745,4.74369296833065,15.707192699946322,5.6964573268921095,4.448470209339774,0.06038647342995169
297,40.78770799785293,14.486044015029522,14.070048309178745,4.74369296833065,15.707192699946322,5.6964573268921095,4.448470209339774,0.06038647342995169
298,40.9621578099839,14.486044015029522,14.009661835748792,4.74369296833065,15.666935050993022,5.636070853462158,4.435050993022007,0.06038647342995169
299,40.92190016103059,14.163982823403114,13.989533011272142,4.7168545356951155,15.646806226516372,5.60252281266774,4.898013955984971,0.06038647342995169
300,41.0024154589372,14.049919484702093,14.023081052066559,4.7168545356951155,15.646806226516372,5.60252281266774,4.898013955984971,0.06038647342995169
