,45,50,52,53,55,54,51,57,56,59,58,60,61
0,86.98336017176597,13.01663982823403,,,,,,,,,,,
1,86.94981213097155,13.050187869028449,,,,,,,,,,,
2,86.96323134728932,13.036768652710682,,,,,,,,,,,
3,84.42699946323135,15.143585614600108,0.4294149221685454,,,,,,,,,,
4,76.61030595813205,20.719269994632313,0.41599570585077833,2.214170692431562,0.040257648953301126,,,,,,,,
5,71.88003220611917,24.92619431025228,0.41599570585077833,2.3215244229736984,0.30864197530864196,0.14761137949543746,,,,,,,
6,70.08185721953838,22.342995169082126,0.41599570585077833,2.3215244229736984,0.35560923242082665,0.14761137949543746,4.334406870638754,,,,,,
7,67.4718196457327,24.838969404186795,0.41599570585077833,2.4355877616747184,0.35560923242082665,0.14761137949543746,4.334406870638754,,,,,,
8,67.47852925389158,24.892646269457863,0.41599570585077833,2.4020397208803006,0.35560923242082665,0.14761137949543746,4.30756843800322,,,,,,
9,65.16371443907676,27.26784755770263,0.41599570585077833,2.3550724637681157,0.35560923242082665,0.14761137949543746,4.294149221685454,,,,,,
10,41.47208803005905,54.166666666666664,,0.08722490606548577,,0.14761137949543746,4.126409017713366,,,,,,
11,29.374664519592056,59.68867418142781,,0.08722490606548577,0.14761137949543746,0.14761137949543746,10.554213633923778,,,,,,
12,29.401502952227588,44.98792270531401,,0.08722490606548577,0.1610305958132045,0.14761137949543746,25.214707461084274,,,,,,
13,29.334406870638755,43.59903381642512,0.08722490606548577,0.08722490606548577,0.27509393451422437,1.6237251744498122,24.993290391841118,,,,,,
14,29.49543746645196,43.4447128287708,0.08722490606548577,0.08722490606548577,0.3421900161030596,1.4895330112721417,24.9194847020934,0.13419216317767044,,,,,
15,27.059849704777243,46.081588835212024,0.08722490606548577,0.08722490606548577,0.41599570585077833,1.4895330112721417,24.54374664519592,0.13419216317767044,0.10064412238325282,,,,
16,24.4296833064949,48.8593666129898,0.08722490606548577,0.08722490606548577,0.4830917874396135,1.4895330112721417,24.329039184111647,0.13419216317767044,0.10064412238325282,,,,
17,24.731615673644658,48.611111111111114,0.08722490606548577,0.08722490606548577,0.4830917874396135,1.4895330112721417,24.16129898013956,0.13419216317767044,0.2147074610842727,,,,
18,21.994095544820183,51.19431025228127,0.08722490606548577,0.08722490606548577,0.785024154589372,1.4895330112721417,24.013687600644122,0.13419216317767044,0.2147074610842727,,,,
19,19.545088566827697,34.09151905528717,0.07380568974771873,0.08722490606548577,0.5032206119162641,0.14761137949543746,45.50456253354804,,0.04696725711218465,,,,
20,19.679280730005367,34.05797101449275,0.07380568974771873,0.08722490606548577,0.5032206119162641,0.14761137949543746,45.24288781535159,,0.20799785292538917,,,,
21,19.92753623188406,33.97074610842727,0.07380568974771873,0.08722490606548577,0.47638217928073,0.14761137949543746,44.96779388083736,,0.3488996242619431,,,,
22,20.202630166398283,33.61513687600644,0.07380568974771873,0.15432098765432098,0.6038647342995169,0.2616747181964573,44.73966720343532,,0.3488996242619431,,,,
23,19.39747718733226,30.71658615136876,0.07380568974771873,0.15432098765432098,0.6374127750939346,0.2616747181964573,48.268921095008054,,0.48980139559849706,,,,
24,19.92753623188406,30.555555555555557,0.07380568974771873,0.15432098765432098,0.6172839506172839,0.2616747181964573,47.839506172839506,,0.5703166935050993,,,,
25,20.276435856146,30.441492216854535,0.07380568974771873,0.15432098765432098,0.6172839506172839,0.2616747181964573,47.60466988727858,,0.5703166935050993,,,,
26,20.67230273752013,29.944981213097154,0.19457863660762212,0.15432098765432098,0.7716049382716049,0.2616747181964573,47.30273752012882,,0.6977992485238862,,,,
27,20.8467525496511,29.74369296833065,0.12077294685990338,0.36231884057971014,0.9997316156736447,0.2616747181964573,45.108695652173914,,2.5563607085346214,,,,
28,20.263016639828233,24.550456253354803,0.0939345142243693,0.2952227589908749,0.8722490606548577,6.857219538378959,44.518250134192165,,2.5496511003757383,,,,
29,20.39049919484702,24.308910359634996,0.0939345142243693,0.2952227589908749,0.8722490606548577,7.03166935050993,44.28341384863124,,2.7241009125067097,,,,
30,19.45115405260333,24.416264090177133,0.1878690284487386,0.2952227589908749,1.107085346215781,7.018250134192163,44.80005367686527,,2.7241009125067097,,,,
31,19.082125603864736,24.859098228663445,0.17444981213097155,0.2952227589908749,1.5767579173376274,6.977992485238862,43.71309715512614,,3.321256038647343,,,,
32,19.55179817498658,24.771873322597962,0.17444981213097155,0.2952227589908749,1.5767579173376274,6.9310252281266775,41.67337627482555,,5.025496511003757,,,,
33,19.53166935050993,23.18840579710145,0.17444981213097155,0.2952227589908749,1.8518518518518519,8.621846484165324,41.02925389157273,,5.307300053676865,,,,
34,20.021470746108427,23.11460010735373,0.17444981213097155,0.2952227589908749,1.8451422436929683,8.568169618894256,40.51932367149758,,5.4616210413311865,,,,
35,20.25630703166935,23.00053676865271,0.17444981213097155,0.2952227589908749,1.8451422436929683,8.501073537305421,40.203972088030056,0.04696725711218465,5.589103596349974,0.08722490606548577,,,
36,20.665593129361245,22.839506172839506,0.17444981213097155,0.2952227589908749,1.9189479334406871,8.454106280193237,39.85507246376812,0.04696725711218465,5.662909286097692,0.08722490606548577,,,
37,20.336822329575952,22.6784755770263,1.7042404723564144,0.24154589371980675,3.7775093934514223,9.41358024691358,36.40633387010199,0.04696725711218465,5.307300053676865,0.08722490606548577,,,
38,20.068438003220614,22.249060654857757,1.7042404723564144,1.1137949543746646,3.7104133118625873,9.406870638754697,36.09769189479334,0.04696725711218465,5.515297906602254,0.08722490606548577,,,
39,20.25630703166935,22.148416532474503,1.7042404723564144,1.1137949543746646,3.7104133118625873,9.380032206119163,36.03730542136339,0.04696725711218465,5.515297906602254,0.08722490606548577,,,
40,20.1959205582394,21.672034353193773,2.3886205045625335,1.1137949543746646,4.64975845410628,9.219001610305957,35.13150831991412,0.04696725711218465,5.495169082125604,0.08722490606548577,,,
41,20.336822329575952,21.578099838969404,2.3886205045625335,1.1137949543746646,4.64975845410628,9.219001610305957,34.957058507783145,0.04696725711218465,5.622651637144391,0.08722490606548577,,,
42,20.517981749865807,21.423778851315085,1.6438539989264627,4.669887278582931,4.636339237788513,10.668276972624799,32.56843800322061,0.04696725711218465,3.7372517444981215,0.08722490606548577,,,
43,20.095276435856146,21.329844337090712,10.950080515297907,4.5960815888352125,3.5829307568438002,10.46027911969941,26.140633387010197,0.04696725711218465,2.7106816961889426,0.08722490606548577,,,
44,20.242887815351583,21.22920021470746,9.990606548577563,4.575952764358561,3.743961352657005,10.446859903381643,25.825281803542673,0.9796027911969941,2.8784219001610305,0.08722490606548577,,,
45,20.457595276435857,21.061460010735374,9.990606548577563,4.575952764358561,3.743961352657005,10.466988727858293,25.791733762748255,0.9460547504025765,2.8784219001610305,0.08722490606548577,,,
46,20.21604938271605,19.47128287707998,9.950348899624261,3.9318303811057436,3.4822866344605474,10.0979602791197,28.985507246376812,0.8990874932903918,2.8784219001610305,0.08722490606548577,,,
47,19.860440150295222,19.00161030595813,13.969404186795492,3.864734299516908,3.0327428878153517,9.883252818035427,26.690821256038646,0.8990874932903918,2.6435856146001075,0.08722490606548577,0.06709608158883522,,
48,20.075147611379496,18.874127750939344,13.94927536231884,3.864734299516908,3.1065485775630703,9.809447128287708,26.623725174449813,0.8990874932903918,2.6435856146001075,0.08722490606548577,0.06709608158883522,,
49,20.363660762211488,18.887546967257112,13.875469672571121,3.8311862587224907,3.1065485775630703,9.809447128287708,26.42914653784219,0.8990874932903918,2.6435856146001075,0.08722490606548577,0.06709608158883522,,
50,20.538110574342458,18.853998926462694,13.855340848094471,3.8311862587224907,2.999194847020934,9.688674181427805,26.36876006441224,1.0198604401502953,2.690552871712292,0.08722490606548577,0.06709608158883522,,
51,20.75281803542673,18.773483628556093,13.855340848094471,3.8311862587224907,2.985775630703167,9.534353193773484,26.301663982823403,1.0198604401502953,2.6704240472356413,0.20799785292538917,0.06709608158883522,,
52,20.813204508856682,18.625872249060656,13.694310252281268,3.643317230273752,2.918679549114332,10.433440687063875,25.905797101449274,1.0198604401502953,2.6704240472356413,0.20799785292538917,0.06709608158883522,,
53,21.26945786366076,18.45813204508857,13.674181427804616,3.6366076221148687,3.0193236714975846,10.21202361782072,25.764895330112722,1.0198604401502953,2.6704240472356413,0.20799785292538917,0.06709608158883522,,
54,21.72571121846484,18.35077831454643,13.620504562533547,3.603059581320451,3.0193236714975846,10.165056360708535,25.664251207729468,1.0198604401502953,2.5563607085346214,0.20799785292538917,0.06709608158883522,,
55,22.007514761137948,18.310520665593128,13.43263553408481,3.549382716049383,3.0193236714975846,10.151637144390767,25.603864734299517,1.0198604401502953,2.6637144390767578,0.17444981213097155,0.06709608158883522,,
56,22.31615673644659,18.089103596349972,13.298443370907139,3.549382716049383,3.0193236714975846,10.151637144390767,25.489801395598498,1.0198604401502953,2.7308105206655933,0.17444981213097155,0.1610305958132045,,
57,22.544283413848632,18.04213633923779,13.24476650563607,3.4688674181427803,3.0193236714975846,10.111379495437467,25.469672571121848,0.8990874932903918,2.7308105206655933,0.17444981213097155,0.2952227589908749,,
58,22.443639291465377,17.975040257648953,13.18438003220612,2.4825550187869028,3.0864197530864197,13.399087493290391,23.523886205045624,0.8990874932903918,2.6033279656468062,0.17444981213097155,0.2281266774020397,,
59,22.5979602791197,17.632850241545892,13.318572195383789,2.4825550187869028,3.2206119162640903,13.305152979066023,23.49033816425121,0.8990874932903918,2.6033279656468062,0.24825550187869028,0.20128824476650564,,
60,22.839506172839506,17.57246376811594,13.177670424047236,2.4557165861513686,3.260869565217391,13.150831991411701,23.369565217391305,0.9728931830381106,2.6033279656468062,0.24825550187869028,0.3488996242619431,,
61,23.13472893183038,17.538915727321523,13.130703166935051,2.4490069779924855,3.2541599570585076,13.123993558776167,23.11460010735373,0.9728931830381106,2.6838432635534084,0.24825550187869028,0.3488996242619431,,
62,22.946859903381643,16.626409017713364,13.123993558776167,3.992216854535695,3.2474503488996245,12.801932367149758,22.966988727858293,0.9728931830381106,2.7241009125067097,0.24825550187869028,0.3488996242619431,,
63,23.07434245840043,16.586151368760063,13.123993558776167,3.992216854535695,3.3548040794417604,13.077026301663983,22.52415458937198,0.9728931830381106,2.717391304347826,0.24825550187869028,0.32877079978529256,,
64,23.275630703166936,16.626409017713364,13.070316693505099,3.8714439076757916,3.3413848631239937,13.20450885668277,22.342995169082126,0.9728931830381106,2.717391304347826,0.24825550187869028,0.32877079978529256,,
65,23.43666129898014,16.42512077294686,12.493290391841116,3.8714439076757916,4.74369296833065,13.123993558776167,22.12157809983897,0.36231884057971014,2.831454643048846,0.30193236714975846,0.2885131508319914,,
66,21.517713365539453,22.73215244229737,11.735104669887278,3.8714439076757916,4.736983360171766,9.923510466988727,21.987385936661298,0.36231884057971014,2.831454643048846,0.14090177133655393,0.1610305958132045,,
67,21.73913043478261,22.571121846484164,11.735104669887278,3.8714439076757916,4.985238862050457,9.903381642512077,21.712292002147073,0.36231884057971014,2.818035426731079,0.14090177133655393,0.1610305958132045,,
68,21.980676328502415,22.41009125067096,11.634460547504025,3.864734299516908,5.22007514761138,9.856414385399892,21.564680622651636,0.36231884057971014,2.804616210413312,0.14090177133655393,0.1610305958132045,,
69,22.041062801932366,22.21551261406334,12.204777241009126,3.8311862587224907,5.340848094471283,9.420289855072463,21.477455716586153,0.36231884057971014,2.804616210413312,0.14090177133655393,0.1610305958132045,,
70,22.32957595276436,22.0276435856146,12.124261943102523,3.8311862587224907,5.233494363929147,9.460547504025765,21.410359634997317,0.48980139559849706,2.791196994095545,0.14090177133655393,0.1610305958132045,,
71,22.33628556092324,21.79951690821256,11.627750939345143,3.8311862587224907,6.461352657004831,9.447128287707997,20.913848631239937,0.48980139559849706,2.791196994095545,0.14090177133655393,0.1610305958132045,,
72,22.5577026301664,21.64519592055824,11.614331723027375,3.965378421900161,6.575415995705851,9.366612989801396,20.719269994632313,0.48980139559849706,2.7643585614600106,0.14090177133655393,0.1610305958132045,,
73,22.108158883521202,20.551529790660226,11.58749329039184,3.965378421900161,8.514492753623188,9.353193773483628,20.26972624798712,0.48980139559849706,2.85829307568438,0.14090177133655393,0.1610305958132045,,
74,22.363123993558776,20.276435856146,11.52710681696189,3.8714439076757916,8.722490606548577,9.353193773483628,20.00805152979066,0.48980139559849706,3.1065485775630703,0.14090177133655393,0.14090177133655393,,
75,22.29602791196994,20.189210950080515,11.990069779924852,3.8714439076757916,8.581588835212024,9.554482018250134,19.692699946323135,0.48980139559849706,3.052871712292002,0.14090177133655393,0.14090177133655393,,
76,21.651905528717123,19.840311325818572,11.855877616747183,3.784219001610306,8.487654320987655,9.453837895866881,21.101717659688674,0.48980139559849706,3.052871712292002,0.14090177133655393,0.14090177133655393,,
77,21.67874396135266,19.766505636070853,11.741814278046162,3.7573805689747717,8.527911969940956,9.447128287707997,20.947396672034355,0.6977992485238862,3.1535158346752548,0.14090177133655393,0.14090177133655393,,
78,21.71900161030596,19.75979602791197,10.446859903381643,3.7573805689747717,8.480944712828771,10.95679012345679,20.779656468062264,0.6843800322061192,3.1333870101986045,0.14090177133655393,0.14090177133655393,,
79,22.14170692431562,19.585346215780998,10.413311862587225,3.730542136339238,8.467525496511003,10.95679012345679,20.605206655931294,0.6843800322061192,3.1333870101986045,0.14090177133655393,0.14090177133655393,,
80,22.18196457326892,19.343800322061192,10.373054213633925,3.7104133118625873,9.064680622651638,10.701825013419215,20.531400966183575,0.6843800322061192,3.126677402039721,0.14090177133655393,0.14090177133655393,,
81,21.886741814278047,18.4849704777241,12.27187332259796,3.7037037037037037,9.024422973698336,10.23215244229737,20.37037037037037,0.6843800322061192,3.0595813204508855,0.14090177133655393,0.14090177133655393,,
82,22.21551261406334,18.35077831454643,12.13768115942029,3.6634460547504024,9.125067096081589,10.144927536231885,20.189210950080515,0.8252818035426731,3.0193236714975846,0.1878690284487386,0.14090177133655393,,
83,22.363123993558776,18.344068706387546,12.00348899624262,3.6634460547504024,9.272678475577026,10.131508319914117,19.940955448201827,0.8252818035426731,3.126677402039721,0.1878690284487386,0.14090177133655393,,
84,22.765700483091788,17.632850241545892,11.943102522812667,3.6231884057971016,8.997584541062801,11.030595813204508,19.786634460547504,0.8252818035426731,3.066290928609769,0.1878690284487386,0.14090177133655393,,
85,23.161567364465917,17.59259259259259,11.929683306494901,3.6231884057971016,8.903650026838433,10.970209339774557,19.64573268921095,0.8252818035426731,3.0193236714975846,0.1878690284487386,0.14090177133655393,,
86,22.705314009661837,16.31105743424584,11.929683306494901,3.6231884057971016,9.044551798174986,10.775630703166936,21.443907675791735,0.8252818035426731,3.012614063338701,0.1878690284487386,0.14090177133655393,,
87,22.517444981213096,15.995705850778315,12.734836285560924,5.22007514761138,8.07836822329576,10.111379495437467,21.202361782071925,0.8252818035426731,2.985775630703167,0.1878690284487386,0.14090177133655393,,
88,21.155394524959743,12.580515297906603,12.828770799785293,5.0993022007514766,7.883789586688137,10.077831454643048,26.268115942028984,0.8252818035426731,2.952227589908749,0.1878690284487386,0.14090177133655393,,
89,19.196188942565755,19.692699946323135,12.681159420289855,5.0993022007514766,7.722758990874933,9.916800858829845,21.564680622651636,0.8252818035426731,2.932098765432099,0.1878690284487386,0.18115942028985507,,
90,19.685990338164252,19.51154052603328,12.627482555018787,5.072463768115942,7.689210950080516,9.876543209876543,21.410359634997317,0.8252818035426731,2.932098765432099,0.1878690284487386,0.18115942028985507,,
91,19.699409554482017,17.847557702630166,12.573805689747719,5.059044551798175,9.708803005904455,9.916800858829845,21.088298443370906,0.8252818035426731,2.9119699409554483,0.1878690284487386,0.18115942028985507,,
92,19.97450348899624,17.659688674181428,12.546967257112184,4.985238862050457,9.66183574879227,10.02415458937198,21.068169618894256,0.8252818035426731,2.885131508319914,0.1878690284487386,0.18115942028985507,,
93,20.202630166398283,17.52549651100376,12.486580783682234,5.132850241545894,9.621578099838969,9.98389694041868,20.92055823939882,0.8252818035426731,2.844873859366613,0.1878690284487386,0.1274825550187869,0.14090177133655393,
94,20.42404723564144,17.51207729468599,12.473161567364466,5.052334943639291,9.588030059044552,9.977187332259795,20.8467525496511,0.8252818035426731,2.844873859366613,0.1878690284487386,0.1274825550187869,0.14090177133655393,
95,20.585077831454644,17.398013955984972,11.822329575952764,5.052334943639291,9.588030059044552,10.7085346215781,20.73268921095008,0.8185721953837896,2.8381642512077296,0.1878690284487386,0.1274825550187869,0.14090177133655393,
96,20.873590982286636,17.411433172302736,11.768652710681696,5.052334943639291,9.54777241009125,10.681696188942565,20.558239398819108,0.8454106280193237,2.804616210413312,0.1878690284487386,0.1274825550187869,0.14090177133655393,
97,21.215780998389693,17.297369833601717,11.60762211486849,5.045625335480408,9.5276435856146,10.648148148148149,20.38378958668814,0.95276435856146,2.8650026838432634,0.1878690284487386,0.1274825550187869,0.14090177133655393,
98,21.390230810520666,17.10950080515298,11.553945249597424,5.045625335480408,9.655126140633387,10.621309715512615,20.316693505099302,0.95276435856146,2.8650026838432634,0.1878690284487386,0.1610305958132045,0.14090177133655393,
99,21.423778851315085,17.156468062265162,11.540526033279656,5.025496511003757,9.655126140633387,10.587761674718196,20.242887815351583,0.95276435856146,2.9253891572732154,0.1878690284487386,0.1610305958132045,0.14090177133655393,
100,21.866612989801396,17.002147074610843,11.366076221148685,5.025496511003757,9.621578099838969,10.513955984970478,20.189210950080515,0.9997316156736447,2.9253891572732154,0.1878690284487386,0.1610305958132045,0.14090177133655393,
101,22.041062801932366,16.794149221685455,11.345947396672035,5.025496511003757,9.728931830381105,10.513955984970478,20.169082125603865,0.9997316156736447,2.8918411164787976,0.1878690284487386,0.1610305958132045,0.14090177133655393,
102,22.228931830381107,16.70692431561997,11.292270531400966,4.958400429414922,9.789318303811058,10.513955984970478,20.128824476650564,0.9997316156736447,2.8918411164787976,0.1878690284487386,0.1610305958132045,0.14090177133655393,
103,22.450348899624263,16.61969940955448,11.198336017176597,4.951690821256038,9.876543209876543,10.453569511540525,19.95437466451959,0.9997316156736447,3.0059044551798175,0.1878690284487386,0.1610305958132045,0.14090177133655393,
104,21.947128287707997,15.230810520665592,11.131239935587761,4.851046698872786,9.588030059044552,10.352925389157273,22.416800858829845,0.9863123993558777,3.0059044551798175,0.1878690284487386,0.1610305958132045,0.14090177133655393,
105,21.906870638754697,14.298174986580785,11.09098228663446,4.8443370907139025,9.420289855072463,11.822329575952764,22.148416532474503,0.95276435856146,3.026033279656468,0.1878690284487386,0.1610305958132045,0.14090177133655393,
106,22.04777241009125,14.351851851851851,10.970209339774557,4.723564143853999,9.41358024691358,11.90955448201825,22.041062801932366,0.95276435856146,3.099838969404187,0.1878690284487386,0.1610305958132045,0.14090177133655393,
107,22.114868491680085,14.325013419216317,10.970209339774557,4.643048845947397,9.39345142243693,12.010198604401502,21.980676328502415,1.0265700483091786,3.052871712292002,0.18115942028985507,0.1610305958132045,0.14090177133655393,
108,22.15512614063339,14.284755770263017,11.037305421363392,4.5893719806763285,10.245571658615138,11.956521739130435,21.16881374127751,1.0265700483091786,3.079710144927536,0.15432098765432098,0.1610305958132045,0.14090177133655393,
109,22.17525496511004,14.264626945786366,10.856146001073537,4.260601180891036,10.19189479334407,11.52710681696189,22.061191626409016,1.0198604401502953,3.079710144927536,0.2616747181964573,0.1610305958132045,0.14090177133655393,
110,22.356414385399894,14.210950080515298,10.84272678475577,4.260601180891036,10.185185185185185,11.506977992485238,21.973966720343533,1.0198604401502953,3.079710144927536,0.2616747181964573,0.1610305958132045,0.14090177133655393,
111,22.852925389157274,14.15727321524423,10.768921095008052,4.240472356414386,10.091250670960816,11.500268384326356,21.79951690821256,1.0198604401502953,3.0059044551798175,0.2616747181964573,0.1610305958132045,0.14090177133655393,
112,21.215780998389693,15.895061728395062,10.735373054213634,4.233762748255502,10.158346752549651,11.426462694578637,21.74584004294149,1.0198604401502953,3.0059044551798175,0.2616747181964573,0.1610305958132045,0.14090177133655393,
113,21.557971014492754,15.774288781535159,10.701825013419215,4.300858829844337,10.265700483091788,11.392914653784219,21.477455716586153,1.0198604401502953,2.945517981749866,0.2616747181964573,0.1610305958132045,0.14090177133655393,
114,21.70558239398819,15.693773483628556,10.674986580783683,4.300858829844337,10.245571658615138,11.426462694578637,21.430488459473967,1.0198604401502953,2.9388083735909825,0.2616747181964573,0.1610305958132045,0.14090177133655393,
115,22.074610842726784,15.58641975308642,10.668276972624799,4.300858829844337,10.138217928073,11.392914653784219,21.34326355340848,0.9930220075147611,2.9388083735909825,0.2616747181964573,0.1610305958132045,0.14090177133655393,
116,22.450348899624263,15.385131508319914,10.648148148148149,4.28743961352657,10.178475577026301,11.325818572195384,21.182232957595275,0.9930220075147611,2.9388083735909825,0.2616747181964573,0.1610305958132045,0.14090177133655393,0.04696725711218465
117,22.65834675254965,15.371712292002147,10.607890499194847,4.28743961352657,9.997316156736447,11.473429951690822,21.115136876006442,0.9930220075147611,2.885131508319914,0.2616747181964573,0.1610305958132045,0.14090177133655393,0.04696725711218465
118,22.745571658615138,15.35829307568438,10.48040794417606,4.274020397208803,10.057702630166398,11.392914653784219,21.101717659688674,0.9930220075147611,2.885131508319914,0.2616747181964573,0.2616747181964573,0.14090177133655393,0.04696725711218465
119,22.873054213633925,15.35829307568438,10.36634460547504,4.274020397208803,10.044283413848632,11.379495437466453,21.00107353730542,0.9930220075147611,2.999194847020934,0.2616747181964573,0.2616747181964573,0.14090177133655393,0.04696725711218465
120,23.141438539989263,15.291196994095545,10.352925389157273,4.186795491143317,10.00402576489533,11.439881910896403,20.88030059044552,0.9930220075147611,2.999194847020934,0.2616747181964573,0.2616747181964573,0.14090177133655393,0.04696725711218465
121,23.087761674718198,14.962426194310252,10.158346752549651,4.032474503488996,10.044283413848632,10.93666129898014,21.772678475577028,0.9863123993558777,3.3548040794417604,0.2616747181964573,0.23483628556092323,0.12077294685990338,0.04696725711218465
122,23.470209339774556,14.848362855609233,10.0979602791197,4.032474503488996,9.957058507783145,10.916532474503489,21.67874396135266,0.9863123993558777,3.3480944712828773,0.2616747181964573,0.23483628556092323,0.12077294685990338,0.04696725711218465
123,23.617820719269993,14.76784755770263,10.0979602791197,4.019055287171229,9.96376811594203,10.889694041867955,21.517713365539453,0.9863123993558777,3.475577026301664,0.2616747181964573,0.23483628556092323,0.12077294685990338,0.04696725711218465
124,23.879495437466453,14.593397745571659,9.990606548577563,4.005636070853462,10.124798711755233,10.809178743961352,21.36339237788513,0.9863123993558777,3.5829307568438002,0.2616747181964573,0.23483628556092323,0.12077294685990338,0.04696725711218465
125,24.02710681696189,14.53972088030059,9.950348899624261,4.005636070853462,10.225442834138486,10.789049919484702,21.296296296296298,0.9796027911969941,3.5426731078904994,0.2616747181964573,0.2147074610842727,0.12077294685990338,0.04696725711218465
126,24.295491143317232,14.486044015029522,9.936929683306495,3.9855072463768115,10.299248523886206,10.7085346215781,21.128556092324207,0.9796027911969941,3.535963499731616,0.2616747181964573,0.2147074610842727,0.12077294685990338,0.04696725711218465
127,24.06736446591519,14.660493827160494,9.07139023081052,3.938539989264627,10.071121846484166,10.668276972624799,20.994363929146537,0.8923778851315083,4.99194847020934,0.2616747181964573,0.2147074610842727,0.12077294685990338,0.04696725711218465
128,24.248523886205046,14.55984970477724,9.01100375738057,3.9184111647879765,10.037573805689748,10.7085346215781,20.974235104669887,0.9460547504025765,4.951690821256038,0.2616747181964573,0.2147074610842727,0.12077294685990338,0.04696725711218465
129,24.56387546967257,13.513150831991412,9.01100375738057,3.8580246913580245,10.93666129898014,10.775630703166936,20.82662372517445,0.9393451422436929,4.931561996779388,0.2616747181964573,0.2147074610842727,0.12077294685990338,0.04696725711218465
130,24.698067632850243,13.493022007514762,8.997584541062801,3.8580246913580245,11.030595813204508,10.701825013419215,20.71256038647343,0.9326355340848095,4.931561996779388,0.2616747181964573,0.2147074610842727,0.12077294685990338,0.04696725711218465
131,24.718196457326894,13.45276435856146,8.709071390230811,3.8580246913580245,10.849436392914654,11.023886205045626,20.48443370907139,0.8789586688137413,5.381105743424584,0.2616747181964573,0.2147074610842727,0.12077294685990338,0.04696725711218465
132,24.88593666129898,13.170960815888352,8.59500805152979,3.7573805689747717,11.386205045625335,10.983628556092324,20.229468599033815,0.9930220075147611,5.35426731078905,0.2616747181964573,0.2147074610842727,0.12077294685990338,0.04696725711218465
133,25.194578636607623,12.949543746645196,8.57487922705314,3.7573805689747717,11.493558776167472,10.916532474503489,20.162372517444982,0.9796027911969941,5.3274288781535155,0.2616747181964573,0.2147074610842727,0.12077294685990338,0.04696725711218465
134,24.731615673644658,12.869028448738593,7.568438003220612,6.5485775630703165,10.909822866344605,10.560923242082662,19.867149758454108,0.9796027911969941,5.320719269994632,0.2616747181964573,0.2147074610842727,0.12077294685990338,0.04696725711218465
135,25.013419216317768,12.848899624261943,7.568438003220612,6.461352657004831,10.82259796027912,10.534084809447128,19.786634460547504,0.9796027911969941,5.260332796564681,0.2616747181964573,0.2952227589908749,0.12077294685990338,0.04696725711218465
136,25.107353730542137,12.822061191626409,7.494632313472893,6.414385399892646,10.755501878690284,10.59447128287708,19.53166935050993,0.9796027911969941,5.5756843800322065,0.2616747181964573,0.2952227589908749,0.12077294685990338,0.04696725711218465
137,25.38244766505636,12.815351583467525,7.474503488996243,6.340579710144928,10.72866344605475,10.547504025764896,19.43102522812668,0.9796027911969941,5.5756843800322065,0.2616747181964573,0.2952227589908749,0.12077294685990338,0.04696725711218465
138,25.194578636607623,12.714707461084272,7.440955448201825,6.045356951154052,10.21202361782072,12.989801395598498,18.47826086956522,0.8990874932903918,5.3341384863123995,0.24154589371980675,0.28180354267310787,0.12077294685990338,0.04696725711218465
139,25.301932367149757,12.701288244766506,7.4141170155662905,6.038647342995169,10.258990874932904,12.902576489533011,18.42458400429415,0.8990874932903918,5.307300053676865,0.24154589371980675,0.28180354267310787,0.18115942028985507,0.04696725711218465
140,25.53676865271068,12.661030595813205,7.4141170155662905,6.018518518518518,10.225442834138486,12.828770799785293,18.370907139023082,0.8990874932903918,5.293880837359098,0.24154589371980675,0.28180354267310787,0.18115942028985507,0.04696725711218465
141,25.127482555018787,11.392914653784219,7.387278582930757,8.017981749865807,10.88298443370907,12.70799785292539,17.713365539452496,0.7917337627482555,5.246913580246914,0.2214170692431562,0.28180354267310787,0.18115942028985507,0.04696725711218465
142,25.49651100375738,11.252012882447666,7.306763285024155,7.87037037037037,10.909822866344605,12.714707461084272,17.599302200751477,0.7783145464304885,5.340848094471283,0.2214170692431562,0.28180354267310787,0.18115942028985507,0.04696725711218465
143,25.583735909822867,10.782340311325818,7.192699946323135,8.756038647342995,10.876274825550189,12.714707461084272,17.277241009125067,0.7783145464304885,5.314009661835748,0.2214170692431562,0.27509393451422437,0.18115942028985507,0.04696725711218465
144,25.91250670960816,10.782340311325818,7.1658615136876005,8.756038647342995,10.695115405260333,12.795222758990874,17.07595276435856,0.7783145464304885,5.314009661835748,0.2214170692431562,0.27509393451422437,0.18115942028985507,0.04696725711218465
145,25.905797101449274,10.299248523886206,7.96430488459474,8.849973161567364,10.762211486849168,12.667740203972087,16.841116478797638,0.7313472893183038,5.260332796564681,0.2214170692431562,0.2683843263553409,0.18115942028985507,0.04696725711218465
146,26.053408480944714,10.299248523886206,7.924047235641439,8.829844337090714,10.795759527643586,12.614063338701019,16.7337627482555,0.8185721953837896,5.213365539452496,0.2214170692431562,0.2683843263553409,0.18115942028985507,0.04696725711218465
147,26.556629092860977,10.245571658615138,7.796564680622652,8.809715512614064,10.721953837895867,12.218196457326892,16.6935050993022,0.8185721953837896,5.300590445517981,0.3421900161030596,0.2683843263553409,0.18115942028985507,0.04696725711218465
148,26.86527106816962,10.225442834138486,7.796564680622652,8.668813741277509,10.661567364465915,12.191358024691358,16.67337627482555,0.8185721953837896,5.267042404723564,0.3421900161030596,0.2683843263553409,0.18115942028985507,0.040257648953301126
149,26.637144390767578,10.11808910359635,7.763016639828234,10.285829307568438,10.641438539989265,11.862587224906065,15.780998389694043,0.7917337627482555,5.287171229200215,0.3421900161030596,0.2683843263553409,0.18115942028985507,0.040257648953301126
150,26.912238325281802,10.071121846484166,7.716049382716049,10.218733225979603,10.748792270531402,11.808910359634996,15.633387010198604,0.7917337627482555,5.267042404723564,0.3421900161030596,0.2683843263553409,0.18115942028985507,0.040257648953301126
151,26.516371443907676,9.883252818035427,9.453837895866881,9.50751476113795,10.258990874932904,11.849168008588299,15.626677402039721,0.8319914117015567,5.260332796564681,0.322061191626409,0.2683843263553409,0.18115942028985507,0.040257648953301126
152,26.73107890499195,9.769189479334408,9.346484165324744,9.406870638754697,10.473698336017177,11.600912506709609,15.5126140633387,0.8319914117015567,5.394524959742351,0.4428341384863124,0.2683843263553409,0.18115942028985507,0.040257648953301126
153,26.56333870101986,9.373322597960279,10.540794417606012,9.64170692431562,10.473698336017177,11.124530327428879,15.049651100375739,0.8319914117015567,5.394524959742351,0.4428341384863124,0.3421900161030596,0.18115942028985507,0.040257648953301126
154,26.724369296833064,9.339774557165862,10.50053676865271,9.64170692431562,10.446859903381643,11.124530327428879,14.949006977992486,0.8319914117015567,5.434782608695652,0.4428341384863124,0.3421900161030596,0.18115942028985507,0.040257648953301126
155,26.878690284487387,9.23913043478261,10.393183038110575,9.64170692431562,10.38647342995169,11.3593666129898,14.828234031132581,0.8319914117015567,5.434782608695652,0.4428341384863124,0.3421900161030596,0.18115942028985507,0.040257648953301126
156,26.898819108964037,8.984165324745035,11.56736446591519,9.172034353193773,10.292538915727322,10.997047772410092,14.821524422973699,0.8319914117015567,5.428073000536768,0.4428341384863124,0.3421900161030596,0.18115942028985507,0.040257648953301126
157,27.160493827160494,8.950617283950617,11.480139559849706,9.172034353193773,10.258990874932904,10.923242082662373,14.821524422973699,0.8252818035426731,5.401234567901234,0.4428341384863124,0.3421900161030596,0.18115942028985507,0.040257648953301126
158,27.455716586151368,8.923778851315083,11.446591519055287,9.104938271604938,10.23215244229737,10.889694041867955,14.680622651637144,0.8252818035426731,5.401234567901234,0.4428341384863124,0.3757380568974772,0.18115942028985507,0.040257648953301126
159,27.61003757380569,8.903650026838433,11.439881910896403,9.07139023081052,10.205314009661835,10.88298443370907,14.63365539452496,0.8252818035426731,5.387815351583468,0.4428341384863124,0.3757380568974772,0.18115942028985507,0.040257648953301126
160,27.03972088030059,8.863392377885132,12.795222758990874,10.352925389157273,9.742351046698873,10.21202361782072,14.070048309178745,0.7179280730005367,5.159688674181428,0.5032206119162641,0.322061191626409,0.18115942028985507,0.040257648953301126
161,27.18733225979603,8.80300590445518,12.795222758990874,10.238862050456254,9.681964573268921,10.373054213633925,14.056629092860977,0.7179280730005367,5.0993022007514766,0.5032206119162641,0.322061191626409,0.18115942028985507,0.040257648953301126
162,27.462426194310254,8.776167471819646,12.781803542673108,10.19189479334407,9.634997316156737,10.312667740203972,13.982823403113258,0.7179280730005367,5.092592592592593,0.5032206119162641,0.322061191626409,0.18115942028985507,0.040257648953301126
163,27.569779924852387,8.776167471819646,12.775093934514224,10.158346752549651,9.588030059044552,10.084541062801932,13.976113794954374,0.7179280730005367,5.307300053676865,0.5032206119162641,0.322061191626409,0.18115942028985507,0.040257648953301126
164,27.68384326355341,8.682232957595277,12.775093934514224,10.091250670960816,9.561191626409018,10.084541062801932,14.070048309178745,0.7179280730005367,5.287171229200215,0.5032206119162641,0.322061191626409,0.18115942028985507,0.040257648953301126
165,27.905260332796566,8.662104133118627,12.600644122383253,9.977187332259795,9.561191626409018,10.057702630166398,14.056629092860977,0.7179280730005367,5.414653784219001,0.5032206119162641,0.322061191626409,0.18115942028985507,0.040257648953301126
166,28.039452495974235,8.695652173913043,12.560386473429952,10.071121846484166,9.64170692431562,9.916800858829845,13.83521202361782,0.7179280730005367,5.488459473966721,0.5032206119162641,0.322061191626409,0.16774020397208803,0.040257648953301126
167,28.119967793880836,8.59500805152979,12.533548040794418,9.98389694041868,9.742351046698873,9.836285560923242,13.81508319914117,0.7179280730005367,5.622651637144391,0.5032206119162641,0.322061191626409,0.16774020397208803,0.040257648953301126
168,28.16022544283414,8.460815888352121,12.513419216317766,9.970477724100913,9.742351046698873,9.561191626409018,13.466183574879228,0.7179280730005367,6.300322061191626,0.5770263016639828,0.322061191626409,0.16774020397208803,0.040257648953301126
169,28.27428878153516,8.380300590445518,12.372517444981213,9.936929683306495,9.796027911969942,9.541062801932368,13.446054750402576,0.7179280730005367,6.427804616210413,0.5770263016639828,0.322061191626409,0.16774020397208803,0.040257648953301126
170,28.327965646806227,8.380300590445518,12.359098228663447,9.936929683306495,9.782608695652174,9.541062801932368,13.425925925925926,0.7179280730005367,6.421095008051529,0.5770263016639828,0.322061191626409,0.16774020397208803,0.040257648953301126
171,28.327965646806227,8.36688137412775,12.27187332259796,9.849704777241008,9.769189479334408,9.614868491680086,13.41250670960816,0.7648953301127214,6.5485775630703165,0.5434782608695652,0.322061191626409,0.16774020397208803,0.040257648953301126
172,28.341384863123995,8.460815888352121,12.258454106280194,9.802737520128824,9.769189479334408,9.567901234567902,13.378958668813741,0.8185721953837896,6.528448738593666,0.5434782608695652,0.322061191626409,0.16774020397208803,0.040257648953301126
173,28.5829307568438,8.3467525496511,12.084004294149223,9.742351046698873,9.957058507783145,9.567901234567902,13.325281803542673,0.9728931830381106,6.347289318303811,0.5434782608695652,0.322061191626409,0.16774020397208803,0.040257648953301126
174,28.784219001610307,8.3467525496511,11.829039184111648,9.708803005904455,9.863123993558776,9.541062801932368,13.291733762748256,1.0802469135802468,6.481481481481482,0.5434782608695652,0.322061191626409,0.16774020397208803,0.040257648953301126
175,28.972088030059044,8.232689210950081,11.963231347289318,9.688674181427805,9.863123993558776,9.453837895866881,13.217928073000536,1.0802469135802468,6.454643048845948,0.5434782608695652,0.322061191626409,0.16774020397208803,0.040257648953301126
176,29.20692431561997,8.145464304884594,11.90955448201825,9.675254965110037,9.695383789586689,9.64170692431562,13.130703166935051,1.0802469135802468,6.4412238325281805,0.5434782608695652,0.322061191626409,0.16774020397208803,0.040257648953301126
177,29.166666666666668,8.13875469672571,11.896135265700483,9.66183574879227,10.050993022007514,9.4873859366613,13.050187869028449,1.0802469135802468,6.394256575415996,0.5434782608695652,0.322061191626409,0.16774020397208803,0.040257648953301126
178,29.468599033816425,8.13875469672571,11.79549114331723,9.594739667203436,9.936929683306495,9.426999463231347,12.99651100375738,1.0802469135802468,6.488191089640365,0.5434782608695652,0.322061191626409,0.16774020397208803,0.040257648953301126
179,29.64975845410628,8.13875469672571,11.714975845410628,9.541062801932368,9.896672034353195,9.54777241009125,12.889157273215245,1.0802469135802468,6.474771873322598,0.5367686527106817,0.322061191626409,0.16774020397208803,0.040257648953301126
180,29.49543746645196,8.13875469672571,11.714975845410628,9.541062801932368,10.218733225979603,9.426999463231347,12.86231884057971,1.0601180891035964,6.474771873322598,0.5367686527106817,0.322061191626409,0.16774020397208803,0.040257648953301126
181,29.57595276435856,8.111916264090176,11.688137412775093,9.5276435856146,10.071121846484166,9.561191626409018,12.86231884057971,1.0601180891035964,6.474771873322598,0.5367686527106817,0.322061191626409,0.16774020397208803,0.040257648953301126
182,28.5829307568438,7.7898550724637685,10.044283413848632,9.219001610305957,9.836285560923242,9.728931830381105,16.384863123993558,1.0601180891035964,6.286902844873859,0.5367686527106817,0.322061191626409,0.16774020397208803,0.040257648953301126
183,28.482286634460547,7.769726247987117,9.708803005904455,9.044551798174986,9.96376811594203,10.534084809447128,16.203703703703702,1.0466988727858293,6.1862587224906065,0.5367686527106817,0.322061191626409,0.1610305958132045,0.040257648953301126
184,28.64331723027375,7.749597423510467,9.628287707997853,9.017713365539452,9.950348899624261,10.534084809447128,16.203703703703702,1.0466988727858293,6.166129898013956,0.5367686527106817,0.322061191626409,0.1610305958132045,0.040257648953301126
185,28.83118625872249,7.7361782071927,9.541062801932368,8.950617283950617,9.950348899624261,10.520665593129362,16.203703703703702,1.1205045625335481,6.085614600107354,0.5367686527106817,0.322061191626409,0.1610305958132045,0.040257648953301126
186,29.01905528717123,7.716049382716049,9.4873859366613,8.93719806763285,9.916800858829845,10.520665593129362,16.150026838432634,1.107085346215781,6.085614600107354,0.5367686527106817,0.322061191626409,0.1610305958132045,0.040257648953301126
