,45,50,54,51,53,52,55,56,57,58
0,94.03515834675255,5.964841653247451,,,,,,,,
1,93.8137412775094,6.038647342995169,0.14761137949543746,,,,,,,
2,84.70209339774557,13.278314546430488,0.14761137949543746,1.8719806763285025,,,,,,
3,76.48953301127214,21.34326355340848,0.14761137949543746,1.8719806763285025,0.14761137949543746,,,,,
4,76.57675791733763,20.108695652173914,0.14761137949543746,3.0193236714975846,0.14761137949543746,,,,,
5,75.09393451422437,21.604938271604937,0.14761137949543746,3.0059044551798175,0.14761137949543746,,,,,
6,73.87278582930757,22.82608695652174,0.14761137949543746,3.0059044551798175,0.14761137949543746,,,,,
7,71.1285560923242,25.5703166935051,0.14761137949543746,3.0059044551798175,0.14761137949543746,,,,,
8,70.84004294149221,20.417337627482556,0.14761137949543746,3.0059044551798175,1.221148684916801,4.367954911433173,,,,
9,67.18330649490069,23.939881910896403,0.14761137949543746,3.0059044551798175,1.221148684916801,4.367954911433173,0.13419216317767044,,,
10,65.33145464304884,25.791733762748255,0.14761137949543746,3.0059044551798175,1.221148684916801,4.367954911433173,0.13419216317767044,,,
11,61.211755233494365,29.911433172302736,0.14761137949543746,3.0059044551798175,1.221148684916801,4.367954911433173,0.13419216317767044,,,
12,61.14465915190553,29.87788513150832,0.14761137949543746,3.0059044551798175,1.221148684916801,4.206924315619967,0.24154589371980675,0.15432098765432098,,
13,60.258990874932906,30.837359098228664,0.2214170692431562,3.0059044551798175,1.1943102522812667,4.086151368760064,0.24154589371980675,0.15432098765432098,,
14,56.07890499194847,35.00402576489533,0.2214170692431562,2.9723564143853998,1.1943102522812667,4.032474503488996,0.3421900161030596,0.15432098765432098,,
15,56.34057971014493,34.58803005904455,0.5636070853462157,1.6035963499731616,1.1943102522812667,5.213365539452496,0.3421900161030596,0.15432098765432098,,
16,54.3142780461621,36.00375738056898,0.5636070853462157,1.6035963499731616,1.133923778851315,5.609232420826624,0.6172839506172839,0.15432098765432098,,
17,54.34111647879764,36.131239935587764,0.5636070853462157,1.5230810520665594,1.133923778851315,5.535426731078905,0.6172839506172839,0.15432098765432098,,
18,53.40848094471283,37.063875469672574,0.5636070853462157,1.5230810520665594,1.133923778851315,5.535426731078905,0.6172839506172839,0.15432098765432098,,
19,48.82581857219538,41.80756843800322,0.6709608158883521,1.5230810520665594,1.133923778851315,5.501878690284487,0.3824476650563607,0.15432098765432098,,
20,47.175254965110035,42.09608158883521,0.5971551261406334,1.482823403113258,2.8381642512077296,5.428073000536768,0.3824476650563607,,,
21,46.98067632850242,42.19672571121846,0.5971551261406334,1.570048309178744,2.818035426731079,5.4549114331723025,0.3824476650563607,,,
22,46.18894256575416,41.02254428341385,0.5971551261406334,3.5829307568438002,2.818035426731079,5.428073000536768,0.36231884057971014,,,
23,46.59822866344606,40.64680622651637,0.5971551261406334,3.556092324208266,2.818035426731079,5.287171229200215,0.49651100375738055,,,
24,44.176060118089104,43.12265163714439,0.5971551261406334,3.556092324208266,2.818035426731079,5.233494363929147,0.49651100375738055,,,
25,43.183038110574344,39.861782071927,0.9259259259259259,7.521470746108427,2.831454643048846,5.233494363929147,0.4428341384863124,,,
26,43.27026301663983,39.68733225979603,1.0601180891035964,7.474503488996243,2.831454643048846,5.233494363929147,0.4428341384863124,,,
27,43.04884594739667,39.76784755770263,1.0601180891035964,7.447665056360709,2.831454643048846,5.246913580246914,0.5971551261406334,,,
28,40.304616210413315,35.65485775630703,0.7581857219538379,14.734299516908212,2.7979066022544283,5.159688674181428,0.5904455179817498,,,
29,36.574074074074076,36.54723564143854,0.6977992485238862,17.753623188405797,2.7979066022544283,5.0791733762748255,0.5501878690284487,,,
30,37.0101986044015,36.06414385399893,0.6575415995705851,17.713365539452496,2.7979066022544283,5.0791733762748255,0.6776704240472357,,,
31,36.67471819645733,34.46054750402576,0.7783145464304885,19.55179817498658,2.7509393451422435,5.032206119162641,0.7514761137949544,,,
32,36.73510466988728,34.47396672034353,0.7783145464304885,19.47799248523886,2.7509393451422435,5.032206119162641,0.7514761137949544,,,
33,36.2788513150832,28.864734299516908,0.6575415995705851,23.523886205045624,5.072463768115942,5.01207729468599,0.5904455179817498,,,
34,36.68142780461621,28.77750939345142,0.6508319914117016,23.22866344605475,5.059044551798175,5.01207729468599,0.5904455179817498,,,
35,35.73537305421363,27.47584541062802,0.6508319914117016,25.469672571121848,5.025496511003757,5.01207729468599,0.630703166935051,,,
36,34.21229200214707,37.03032742887815,0.1274825550187869,24.355877616747183,2.2879763821792807,1.5365002683843263,0.4495437466451959,,,
37,32.6556629092861,37.88915727321525,0.1274825550187869,23.013955984970476,4.327697262479871,1.5365002683843263,0.4495437466451959,,,
38,32.971014492753625,37.80864197530864,0.1274825550187869,22.73886205045625,4.26731078904992,1.5365002683843263,0.4495437466451959,0.10064412238325282,,
39,33.15888352120236,37.63419216317767,0.2683843263553409,22.463768115942027,4.253891572732153,1.5365002683843263,0.4495437466451959,0.23483628556092323,,
40,32.2463768115942,38.57353730542136,0.2683843263553409,22.228931830381107,4.253891572732153,1.5365002683843263,0.4495437466451959,0.4428341384863124,,
41,30.750134192163177,37.15780998389694,0.2683843263553409,22.208803005904453,7.078636607622115,1.556629092860977,0.5367686527106817,0.4428341384863124,,
42,31.011808910359633,35.23215244229737,0.2683843263553409,23.698336017176597,7.924047235641439,0.7648953301127214,0.6575415995705851,0.4428341384863124,,
43,30.797101449275363,34.23242082662372,0.36902844873859364,23.382984433709073,9.621578099838969,0.8454106280193237,0.5166398282340311,0.23483628556092323,,
44,31.253354804079443,33.964036500268385,0.36902844873859364,23.289049919484704,9.447128287707997,0.8454106280193237,0.5971551261406334,0.23483628556092323,,
45,31.508319914117017,33.68894256575416,0.36902844873859364,24.62426194310252,8.132045088566828,0.8454106280193237,0.5971551261406334,0.23483628556092323,,
46,31.50161030595813,33.3870101986044,0.36902844873859364,25.301932367149757,7.809983896940419,0.9326355340848095,0.46296296296296297,0.23483628556092323,,
47,31.5955448201825,33.373590982286636,0.36902844873859364,25.194578636607623,7.836822329575953,0.9326355340848095,0.46296296296296297,0.23483628556092323,,
48,31.723027375201287,33.333333333333336,0.36902844873859364,25.07380568974772,7.75630703166935,0.9326355340848095,0.5770263016639828,0.23483628556092323,,
49,12.875738056897477,78.22061191626409,0.14090177133655393,6.582125603864735,1.6304347826086956,0.33548040794417605,0.11406333870101985,0.10064412238325282,,
50,13.39237788513151,77.65700483091787,0.14090177133655393,6.427804616210413,1.6304347826086956,0.33548040794417605,0.19457863660762212,0.2214170692431562,,
51,13.66076221148685,77.25442834138487,0.14090177133655393,6.561996779388084,1.6304347826086956,0.33548040794417605,0.19457863660762212,0.2214170692431562,,
52,14.204240472356414,75.78502415458937,0.14090177133655393,6.481481481481482,1.6304347826086956,0.33548040794417605,1.2010198604401503,0.2214170692431562,,
53,13.365539452495975,76.52308105206656,0.14090177133655393,6.4345142243692965,1.6304347826086956,0.33548040794417605,1.3486312399355878,0.2214170692431562,,
54,14.090177133655395,75.79844337090714,0.14090177133655393,6.4345142243692965,1.6304347826086956,0.33548040794417605,1.3486312399355878,0.2214170692431562,,
55,13.117283950617283,76.7512077294686,0.20799785292538917,6.387546967257112,1.6304347826086956,0.33548040794417605,1.3486312399355878,0.2214170692431562,,
56,13.177670424047236,75.82528180354268,0.20799785292538917,6.233225979602791,1.6103059581320451,1.442565754159957,1.2815351583467525,0.2214170692431562,,
57,13.788244766505636,75.27509393451423,0.20799785292538917,6.233225979602791,1.583467525496511,1.442565754159957,1.247987117552335,0.2214170692431562,,
58,13.862050456253355,73.98684916800859,0.20799785292538917,6.031937734836285,2.9253891572732154,1.4224369296833066,1.3419216317767042,0.2214170692431562,,
59,14.103596349973161,70.31669350509931,1.8451422436929683,5.783682232957595,2.9253891572732154,1.4224369296833066,3.3816425120772946,0.2214170692431562,,
60,14.398819108964037,68.59903381642512,1.8451422436929683,5.783682232957595,2.9253891572732154,1.4224369296833066,4.723564143853999,0.2214170692431562,0.08051529790660225,
61,14.841653247450349,68.06897477187333,1.8451422436929683,5.743424584004294,2.9253891572732154,1.4224369296833066,4.851046698872786,0.2214170692431562,0.08051529790660225,
62,14.922168545356952,68.08239398819109,1.8115942028985508,5.683038110574342,2.9253891572732154,1.4224369296833066,4.851046698872786,0.2214170692431562,0.08051529790660225,
63,13.915727321524423,60.94337090713902,1.7444981213097155,14.63365539452496,2.9253891572732154,1.4224369296833066,4.193505099302201,0.2214170692431562,,
64,14.13714439076758,58.011272141706925,4.51556629092861,14.579978529253891,2.918679549114332,1.4224369296833066,4.193505099302201,0.2214170692431562,,
65,13.714439076757918,55.87090713902308,7.4006977992485234,13.895598497047773,2.7241009125067097,2.341653247450349,3.938539989264627,0.11406333870101985,,
66,14.224369296833064,55.642780461621044,7.4006977992485234,13.727858293075684,2.61003757380569,2.408749329039184,3.8714439076757916,0.11406333870101985,,
67,14.224369296833064,53.46886741814278,7.313472893183038,15.935319377348362,2.61003757380569,2.120236178207193,4.213633923778851,0.11406333870101985,,
68,14.720880300590446,51.7512077294686,7.266505636070853,15.888352120236178,2.5831991411701556,2.120236178207193,5.555555555555555,0.11406333870101985,,
69,14.123725174449811,50.71121846484165,7.125603864734299,17.538915727321523,3.140096618357488,2.120236178207193,5.01207729468599,0.2281266774020397,,
70,14.130434782608695,48.72517444981213,7.085346215780999,17.538915727321523,3.140096618357488,2.120236178207193,7.03166935050993,0.2281266774020397,,
71,14.868491680085883,48.31588835212023,7.051798174986581,17.04911433172303,3.140096618357488,2.120236178207193,6.951154052603328,0.36902844873859364,0.13419216317767044,
72,15.150295222758992,48.03408480944713,7.051798174986581,17.04911433172303,3.140096618357488,2.120236178207193,6.951154052603328,0.36902844873859364,0.13419216317767044,
73,15.425389157273216,47.557702630166396,7.219538378958669,17.04911433172303,3.0864197530864197,2.120236178207193,7.0383789586688135,0.36902844873859364,0.13419216317767044,
74,16.163446054750402,46.85990338164251,7.152442297369833,16.908212560386474,3.0864197530864197,2.120236178207193,6.736446591519055,0.5367686527106817,0.2885131508319914,0.14761137949543746
75,16.532474503488995,46.73913043478261,7.0450885668276975,16.854535695115406,3.0394524959742353,2.120236178207193,6.696188942565755,0.5367686527106817,0.2885131508319914,0.14761137949543746
76,16.49892646269458,45.8064949006978,6.904186795491143,17.860976918947934,2.985775630703167,2.0531400966183573,6.696188942565755,0.7581857219538379,0.2885131508319914,0.14761137949543746
77,16.834406870638755,45.51798174986581,6.964573268921095,17.753623188405797,2.985775630703167,2.0531400966183573,6.696188942565755,0.7581857219538379,0.2885131508319914,0.14761137949543746
78,17.257112184648417,45.209339774557165,6.843800322061192,17.753623188405797,2.9790660225442833,2.006172839506173,6.756575415995706,0.7581857219538379,0.2885131508319914,0.14761137949543746
79,17.57246376811594,44.98121309715513,6.830381105743425,17.54562533548041,2.9790660225442833,2.006172839506173,6.850509930220075,0.798443370907139,0.2885131508319914,0.14761137949543746
80,15.083199141170155,40.351583467525494,6.743156199677939,27.066559312936125,2.7979066022544283,0.1274825550187869,6.756575415995706,0.6374127750939346,0.2885131508319914,0.14761137949543746
81,15.45222758990875,39.60010735373054,7.273215244229737,25.11406333870102,4.616210413311863,0.1274825550187869,6.6760601180891035,0.7045088566827697,0.2885131508319914,0.14761137949543746
82,15.438808373590982,39.09688674181428,7.809983896940419,24.973161567364468,4.616210413311863,0.1274825550187869,6.655931293612453,0.8454106280193237,0.2885131508319914,0.14761137949543746
83,15.848094471282877,38.97611379495437,7.809983896940419,24.59742351046699,4.616210413311863,0.1274825550187869,6.743156199677939,0.8454106280193237,0.2885131508319914,0.14761137949543746
84,15.921900161030596,37.9495437466452,9.75577026301664,24.362587224906065,4.616210413311863,0.1274825550187869,5.891035963499732,0.9393451422436929,0.2885131508319914,0.14761137949543746
85,15.391841116478798,39.67391304347826,9.728931830381105,22.946859903381643,3.643317230273752,1.2077294685990339,6.078904991948471,0.8923778851315083,0.2885131508319914,0.14761137949543746
86,15.4723564143854,39.59339774557166,9.702093397745571,22.886473429951693,3.6366076221148687,1.2077294685990339,5.978260869565218,1.1272141706924315,0.24825550187869028,0.14761137949543746
87,15.579710144927537,39.49946323134729,9.876543209876543,22.785829307568438,3.616478797638218,1.2077294685990339,5.911164787976382,1.1272141706924315,0.24825550187869028,0.14761137949543746
88,15.646806226516372,37.64761137949544,9.876543209876543,21.121846484165324,3.616478797638218,3.0595813204508855,7.50805152979066,1.1272141706924315,0.24825550187869028,0.14761137949543746
89,16.10305958132045,37.4597423510467,9.849704777241008,20.9272678475577,3.603059581320451,3.0595813204508855,7.474503488996243,1.1272141706924315,0.24825550187869028,0.14761137949543746
90,15.98899624261943,36.151368760064415,8.641975308641975,20.819914117015568,6.790123456790123,4.26731078904992,6.119162640901771,1.107085346215781,0.11406333870101985,
91,16.06280193236715,35.91653247450349,8.601717659688674,20.598497047772412,7.139023081052066,4.26731078904992,6.105743424584004,1.1943102522812667,0.11406333870101985,
92,15.921900161030596,35.37976382179281,8.494363929146537,21.604938271604937,7.139023081052066,4.139828234031133,6.132581857219538,1.0735373054213635,0.11406333870101985,
93,15.915190552871712,34.86312399355877,8.836553945249598,21.604938271604937,7.139023081052066,4.139828234031133,6.407675791733762,0.9796027911969941,0.11406333870101985,
94,15.707192699946322,33.3467525496511,8.454106280193237,21.370101986044016,7.018250134192163,6.5552871712292005,6.3137412775093935,1.1205045625335481,0.11406333870101985,
95,15.801127214170693,33.47423510466989,8.380300590445518,21.121846484165324,6.991411701556629,6.5552871712292005,6.280193236714976,1.3083735909822867,0.08722490606548577,
96,16.076221148684915,33.23939881910896,8.373590982286634,20.860171765968868,6.991411701556629,6.400966183574879,6.421095008051529,1.5499194847020934,0.08722490606548577,
97,16.525764895330113,33.20585077831455,8.299785292538916,20.632045088566827,6.944444444444445,6.280193236714976,6.515029522275899,1.5096618357487923,0.08722490606548577,
98,16.901502952227588,33.17901234567901,8.259527643585615,20.437466451959207,6.843800322061192,6.280193236714976,6.515029522275899,1.4962426194310252,0.08722490606548577,
99,17.431561996779386,32.991143317230275,8.259527643585615,20.135534084809446,6.696188942565755,6.280193236714976,6.629092860976919,1.4895330112721417,0.08722490606548577,
100,17.391304347826086,32.18599033816425,8.179012345679013,19.243156199677937,8.433977455716587,6.367418142780462,6.622383252818035,1.4895330112721417,0.08722490606548577,
101,17.579173376274827,32.018250134192165,8.179012345679013,19.176060118089104,8.440687063875469,6.300322061191626,6.622383252818035,1.4895330112721417,0.19457863660762212,
102,17.60601180891036,31.863929146537842,8.145464304884594,19.082125603864736,8.440687063875469,6.427804616210413,6.749865807836822,1.4895330112721417,0.19457863660762212,
103,17.746913580246915,31.91760601180891,8.259527643585615,18.914385399892645,8.36688137412775,6.3070316693505095,6.66935050993022,1.6237251744498122,0.19457863660762212,
104,18.04213633923779,31.796833064949006,8.232689210950081,18.853998926462694,8.36688137412775,6.152710681696189,6.582125603864735,1.6237251744498122,0.3488996242619431,
105,18.57890499194847,31.57541599570585,8.172302737520129,18.67283950617284,8.380300590445518,6.119162640901771,6.528448738593666,1.6237251744498122,0.3488996242619431,
106,18.78690284487386,31.226516371443907,8.152173913043478,18.592324208266238,8.32662372517445,6.119162640901771,6.823671497584541,1.6237251744498122,0.3488996242619431,
107,18.793612453032743,30.776972624798713,7.0450885668276975,18.270263016639827,10.064412238325282,6.119162640901771,6.850509930220075,1.7310789049919484,0.3488996242619431,
108,19.223027375201287,30.69645732689211,6.944444444444445,17.98845947396672,10.057702630166398,5.978260869565218,6.816961889425658,1.9457863660762211,0.3488996242619431,
109,19.51825013419216,30.3743961352657,6.837090713902308,17.780461621041333,10.151637144390767,5.978260869565218,6.984702093397746,2.0263016639828235,0.3488996242619431,
110,19.726247987117553,30.04562533548041,6.837090713902308,17.68652710681696,10.151637144390767,5.978260869565218,7.206119162640902,2.01959205582394,0.3488996242619431,
111,20.108695652173914,29.99194847020934,6.837090713902308,17.67981749865808,9.876543209876543,5.978260869565218,7.159151905528717,2.01959205582394,0.3488996242619431,
112,20.69243156199678,29.696725711218466,6.830381105743425,17.52549651100376,9.782608695652174,5.897745571658615,7.085346215780999,2.1403650026838434,0.3488996242619431,
113,21.135265700483092,29.508856682769725,6.709608158883521,17.52549651100376,9.581320450885668,5.857487922705314,7.071926999463232,2.1269457863660763,0.4830917874396135,
114,21.544551798174986,28.904991948470208,6.904186795491143,17.391304347826086,9.232420826623725,5.709876543209877,7.628824476650563,2.1068169618894257,0.4830917874396135,0.0939345142243693
115,21.967257112184647,28.63660762211487,6.850509930220075,17.337627482555018,9.225711218464841,5.709876543209877,7.595276435856146,2.100107353730542,0.4830917874396135,0.0939345142243693
116,22.168545356951153,28.153515834675254,6.850509930220075,17.11621041331186,9.225711218464841,5.629361245303274,7.997852925389157,2.073268921095008,0.6910896403650026,0.0939345142243693
117,22.36983360171766,28.079710144927535,6.756575415995706,17.08937198067633,9.192163177670425,5.595813204508857,7.957595276435856,2.073268921095008,0.7917337627482555,0.0939345142243693
118,22.443639291465377,27.932098765432098,7.118894256575416,16.988727858293075,8.917069243156199,5.595813204508857,8.044820182501342,2.073268921095008,0.7917337627482555,0.0939345142243693
119,22.34970477724101,27.30139559849705,7.0450885668276975,17.94820182501342,8.796296296296296,5.562265163714439,8.038110574342458,2.073268921095008,0.7917337627482555,0.0939345142243693
120,22.852925389157274,26.86527106816962,7.0450885668276975,17.767042404723565,8.796296296296296,5.562265163714439,8.232689210950081,1.9927536231884058,0.7917337627482555,0.0939345142243693
121,23.15485775630703,26.78475577026302,6.998121309715513,17.726784755770264,8.709071390230811,5.562265163714439,8.192431561996779,1.9860440150295222,0.7917337627482555,0.0939345142243693
122,23.047504025764894,26.214439076757916,8.313204508856682,17.659688674181428,8.695652173913043,5.025496511003757,8.185721953837897,1.9726247987117553,0.7917337627482555,0.0939345142243693
123,23.201825013419217,25.791733762748255,8.09849704777241,17.51207729468599,9.514224369296834,4.918142780461621,8.360171765968868,1.9457863660762211,0.6575415995705851,
124,23.564143853998928,25.63070316693505,8.085077831454644,17.505367686527105,9.339774557165862,4.918142780461621,8.353462157809984,1.9457863660762211,0.6575415995705851,
125,23.765432098765434,25.281803542673106,8.044820182501342,17.364465915190554,9.440418679549115,4.864465915190553,8.360171765968868,2.147074610842727,0.7313472893183038,
126,23.68491680085883,25.0,8.55475040257649,17.196725711218466,9.440418679549115,4.824208266237251,8.319914117015566,2.24771873322598,0.7313472893183038,
127,23.886205045625335,24.953032742887814,8.55475040257649,17.163177670424048,9.440418679549115,4.703435319377348,8.319914117015566,2.24771873322598,0.7313472893183038,
128,24.06736446591519,24.879227053140095,8.816425120772946,16.948470209339774,9.440418679549115,4.703435319377348,8.28636607622115,2.1269457863660763,0.7313472893183038,
129,23.95330112721417,24.58400429414922,8.78287707997853,16.680085882984432,8.675523349436393,6.253354804079442,8.279656468062266,1.9726247987117553,0.8185721953837896,
130,24.10091250670961,24.208266237251745,8.78287707997853,16.680085882984432,8.581588835212024,6.253354804079442,8.601717659688674,1.9726247987117553,0.8185721953837896,
131,24.3894256575416,24.168008588298445,8.729200214707461,16.55931293612453,8.541331186258722,6.253354804079442,8.568169618894256,1.9726247987117553,0.8185721953837896,
132,24.630971551261407,24.074074074074073,9.31964573268921,16.015834675254965,8.501073537305421,6.219806763285024,8.568169618894256,1.8719806763285025,0.798443370907139,
133,24.671229200214707,23.09447128287708,9.29951690821256,15.713902308105206,8.480944712828771,6.280193236714976,9.762479871175524,1.8988191089640365,0.798443370907139,
134,24.55716586151369,22.71202361782072,9.25925925925926,16.29092860976919,8.480944712828771,6.246645195920558,9.73564143853999,1.9189479334406871,0.798443370907139,
135,24.993290391841118,22.69189479334407,9.205582393988191,16.11647879763822,8.353462157809984,6.179549114331723,9.621578099838969,1.9189479334406871,0.9192163177670424,
136,25.295222758990874,22.443639291465377,9.359903381642512,15.995705850778315,8.3467525496511,6.132581857219538,9.588030059044552,1.9189479334406871,0.9192163177670424,
137,25.644122383252817,22.322866344605476,9.359903381642512,15.707192699946322,8.279656468062266,6.132581857219538,9.588030059044552,2.046430488459474,0.9192163177670424,
138,25.77831454643049,22.249060654857757,9.292807300053678,15.633387010198604,8.192431561996779,6.119162640901771,9.796027911969942,2.01959205582394,0.9192163177670424,
139,25.845410628019323,22.23564143853999,9.681964573268921,15.552871712292003,8.165593129361245,5.743424584004294,9.842995169082126,2.0128824476650564,0.9192163177670424,
140,26.060118089103597,22.088030059044552,9.648416532474503,15.445517981749866,8.272946859903382,5.743424584004294,9.695383789586689,2.1269457863660763,0.9192163177670424,
141,25.39586688137413,21.826355340848096,9.655126140633387,16.324476650563607,8.239398819108963,5.736714975845411,9.802737520128824,2.100107353730542,0.9192163177670424,
142,26.080246913580247,21.712292002147073,9.561191626409018,16.129898013955984,8.064949006977992,5.736714975845411,9.695383789586689,2.100107353730542,0.9192163177670424,
143,26.073537305421365,21.578099838969404,9.668545356951155,15.841384863123993,7.682501341921632,5.877616747181965,10.359634997316157,1.9994632313472893,0.9192163177670424,
144,26.221148684916802,21.490874932903917,9.634997316156737,15.687063875469672,7.675791733762749,5.850778314546431,10.332796564680622,2.187332259796028,0.9192163177670424,
145,26.778046162104133,21.38352120236178,9.554482018250134,15.593129361245303,7.769726247987117,5.71658615136876,10.144927536231885,2.167203435319377,0.8923778851315083,
146,26.972624798711756,21.30300590445518,9.554482018250134,15.499194847020934,7.709339774557166,5.71658615136876,10.131508319914117,2.2342995169082127,0.8789586688137413,
147,27.388620504562535,21.16881374127751,9.64170692431562,15.432098765432098,7.608695652173913,5.542136339237788,10.131508319914117,2.2074610842726785,0.8789586688137413,
148,27.583199141170155,21.202361782071925,9.561191626409018,15.33816425120773,7.575147611379496,5.542136339237788,10.111379495437467,2.2074610842726785,0.8789586688137413,
149,28.166935050993022,20.840042941492218,9.480676328502415,15.33816425120773,7.340311325818572,5.609232420826624,10.151637144390767,2.1940418679549114,0.8789586688137413,
150,28.307836822329577,20.719269994632313,9.520933977455716,15.311325818572195,7.239667203435319,5.609232420826624,10.131508319914117,2.281266774020397,0.8789586688137413,
151,28.16022544283414,19.578636607622116,9.219001610305957,15.271068169618895,7.112184648416532,5.609232420826624,11.889425657541599,2.281266774020397,0.8789586688137413,
152,28.690284487385938,19.35721953837896,9.219001610305957,15.183843263553408,6.964573268921095,5.488459473966721,11.829039184111648,2.281266774020397,0.9863123993558777,
153,28.871443907675793,19.37734836285561,9.219001610305957,15.083199141170155,6.964573268921095,5.4616210413311865,11.768652710681696,2.281266774020397,0.9728931830381106,
154,29.0727321524423,19.310252281266774,9.192163177670425,15.022812667740205,6.964573268921095,5.4616210413311865,11.735104669887278,2.281266774020397,0.9594739667203436,
155,29.0727321524423,18.887546967257112,9.326355340848094,14.935587761674718,7.561728395061729,5.387815351583468,11.674718196457327,2.26784755770263,0.8856682769726248,
156,29.71014492753623,18.726516371443907,9.225711218464841,14.76784755770263,7.561728395061729,5.193236714975845,11.668008588298443,2.200751476113795,0.9460547504025765,
157,30.04562533548041,18.632581857219538,9.017713365539452,14.667203435319378,7.481213097155126,5.186527106816962,11.822329575952764,2.200751476113795,0.9460547504025765,
158,30.24020397208803,18.699677938808374,8.789586688137414,14.586688137412775,7.702630166398282,5.139559849704777,11.75523349436393,2.1403650026838434,0.9460547504025765,
159,30.327428878153516,18.699677938808374,8.789586688137414,14.586688137412775,7.702630166398282,5.139559849704777,11.668008588298443,2.1403650026838434,0.9460547504025765,
160,30.360976918947934,18.612453032742888,8.870101986044014,14.566559312936125,7.702630166398282,5.092592592592593,11.741814278046162,2.13365539452496,0.9192163177670424,
161,30.461621041331185,18.612453032742888,8.870101986044014,14.526301663982823,7.702630166398282,5.092592592592593,11.681427804616211,2.13365539452496,0.9192163177670424,
162,30.226784755770264,17.881105743424584,9.131776704240472,14.432367149758454,9.272678475577026,4.918142780461621,11.312399355877616,2.1068169618894257,0.7179280730005367,
163,30.07246376811594,17.599302200751477,9.078099838969404,14.418947933440688,8.548040794417606,6.085614600107354,11.399624261943103,2.1068169618894257,0.6910896403650026,
164,30.48174986580784,17.391304347826086,8.910359634997317,14.31159420289855,8.319914117015566,6.535158346752549,11.33923778851315,2.086688137412775,0.6239935587761675,
165,29.797369833601717,16.935050993022006,10.420021470746109,14.31159420289855,8.09849704777241,6.447933440687064,11.225174449812132,2.059849704777241,0.7045088566827697,
166,29.314278046162105,16.928341384863124,10.406602254428341,13.385668276972625,9.688674181427805,6.447933440687064,11.225174449812132,1.8988191089640365,0.7045088566827697,
167,29.676596886741816,16.881374127750938,10.21202361782072,13.077026301663983,9.96376811594203,6.447933440687064,11.017176596886742,2.01959205582394,0.7045088566827697,
168,29.931561996779386,16.82769726247987,10.0979602791197,13.030059044551798,9.96376811594203,6.394256575415996,10.95679012345679,2.0933977455716586,0.7045088566827697,
169,29.797369833601717,16.13660762211487,10.319377348362856,13.023349436392914,11.66129898013956,6.112453032742888,10.171765968867419,2.086688137412775,0.6910896403650026,
170,30.005367686527105,16.10305958132045,10.48040794417606,12.889157273215245,11.506977992485238,6.005099302200751,10.305958132045088,2.0531400966183573,0.6508319914117016,
171,30.17981749865808,16.076221148684915,10.373054213633925,12.875738056897477,11.493558776167472,5.991680085882985,10.305958132045088,2.0531400966183573,0.6508319914117016,
172,30.515297906602253,15.96886741814278,10.493827160493828,12.875738056897477,11.252012882447666,5.964841653247451,10.279119699409554,1.9994632313472893,0.6508319914117016,
173,30.95813204508857,15.70048309178744,10.581052066559312,12.875738056897477,11.124530327428879,5.924584004294149,10.185185185185185,1.9994632313472893,0.6508319914117016,
174,30.931293612453032,15.599838969404187,10.661567364465915,12.553676865271068,11.131239935587761,5.924584004294149,10.406602254428341,2.1403650026838434,0.6508319914117016,
175,31.17283950617284,15.593129361245303,10.61460010735373,12.506709608158884,11.05072463768116,5.870907139023081,10.292538915727322,2.1403650026838434,0.7581857219538379,
176,31.387546967257112,15.499194847020934,10.601180891035963,12.486580783682234,11.010466988727858,5.870907139023081,10.279119699409554,2.1403650026838434,0.7246376811594203,
177,31.676060118089104,15.33816425120773,10.547504025764896,12.406065485775631,10.963499731615673,5.870907139023081,10.34621578099839,2.1269457863660763,0.7246376811594203,
178,31.810252281266774,15.291196994095545,10.466988727858293,12.359098228663447,11.05072463768116,5.837359098228664,10.34621578099839,2.1135265700483092,0.7246376811594203,
179,31.07890499194847,14.720880300590446,11.842458400429415,12.338969404186795,11.010466988727858,5.837359098228664,10.339506172839506,2.1068169618894257,0.7246376811594203,
180,30.62265163714439,14.546430488459475,11.399624261943103,12.130971551261407,9.876543209876543,8.132045088566828,10.319377348362856,2.1403650026838434,0.7246376811594203,0.10735373054213634
181,30.92458400429415,14.479334406870638,11.325818572195384,12.110842726784755,9.842995169082126,8.071658615136876,10.319377348362856,2.0933977455716586,0.7246376811594203,0.10735373054213634
182,30.917874396135264,14.412238325281804,11.426462694578637,12.110842726784755,9.842995169082126,8.05823939881911,10.238862050456254,2.0933977455716586,0.7917337627482555,0.10735373054213634
183,30.730005367686527,14.029790660225443,12.721417069243156,12.00348899624262,9.621578099838969,8.031400966183575,9.896672034353195,2.0665593129361244,0.7917337627482555,0.10735373054213634
184,30.897745571658614,13.761406333870102,13.264895330112722,12.00348899624262,9.426999463231347,8.017981749865807,9.66183574879227,2.0665593129361244,0.7917337627482555,0.10735373054213634
185,30.92458400429415,13.747987117552334,13.20450885668277,11.929683306494901,9.426999463231347,7.944176060118089,9.943639291465379,2.059849704777241,0.7112184648416533,0.10735373054213634
186,30.991680085882983,13.687600644122384,13.20450885668277,11.929683306494901,9.420289855072463,7.944176060118089,9.943639291465379,2.059849704777241,0.7112184648416533,0.10735373054213634
187,31.105743424584006,13.20450885668277,14.049919484702093,11.916264090177133,9.326355340848094,7.87037037037037,9.648416532474503,2.059849704777241,0.7112184648416533,0.10735373054213634
188,31.387546967257112,13.009930220075148,14.070048309178745,11.896135265700483,9.400161030595813,7.87037037037037,9.4873859366613,2.059849704777241,0.7112184648416533,0.10735373054213634
189,31.769994632313473,12.942834138486312,14.049919484702093,11.782071926999464,9.353193773483628,7.796564680622652,9.426999463231347,2.059849704777241,0.7112184648416533,0.10735373054213634
190,30.790391841116477,12.855609232420827,13.425925925925926,14.546430488459475,8.964036500268385,7.454374664519592,9.192163177670425,1.9524959742351047,0.7112184648416533,0.10735373054213634
191,31.011808910359633,12.714707461084272,13.399087493290391,14.439076757917338,8.964036500268385,7.434245840042942,9.16532474503489,2.0531400966183573,0.7112184648416533,0.10735373054213634
192,31.4345142243693,12.580515297906603,13.238056897477188,14.38539989264627,9.057971014492754,7.2933440687063875,9.138486312399356,2.0531400966183573,0.7112184648416533,0.10735373054213634
193,31.622383252818036,12.513419216317766,13.39237788513151,14.31159420289855,9.01100375738057,7.179280730005368,9.111647879763822,2.0397208803005906,0.7112184648416533,0.10735373054213634
194,31.82367149758454,12.486580783682234,13.385668276972625,14.278046162104133,8.890230810520666,7.179280730005368,9.111647879763822,2.0263016639828235,0.7112184648416533,0.10735373054213634
195,32.03166935050993,12.419484702093397,13.231347289318304,14.083467525496511,9.017713365539452,7.179280730005368,9.004294149221685,2.214170692431562,0.7112184648416533,0.10735373054213634
196,32.347020933977454,12.372517444981213,13.036768652710682,13.982823403113258,9.111647879763822,7.306763285024155,8.769457863660762,2.254428341384863,0.7112184648416533,0.10735373054213634
197,32.340311325818575,12.318840579710145,13.036768652710682,13.882179280730005,9.339774557165862,7.333601717659689,8.675523349436393,2.254428341384863,0.7112184648416533,0.10735373054213634
198,32.58185721953838,12.29200214707461,12.989801395598498,13.882179280730005,9.16532474503489,7.333601717659689,8.561460010735374,2.3752012882447664,0.7112184648416533,0.10735373054213634
199,33.091787439613526,12.117552334943639,13.050187869028449,13.6406333870102,9.111647879763822,7.300053676865271,8.507783145464305,2.3617820719269993,0.7112184648416533,0.10735373054213634
200,33.42055823939882,12.057165861513688,13.030059044551798,13.553408480944713,9.078099838969404,7.199409554482019,8.507783145464305,2.3349436392914655,0.7112184648416533,0.10735373054213634
201,33.843263553408484,11.922973698336017,12.942834138486312,13.66076221148685,9.024422973698336,7.199409554482019,8.32662372517445,2.2611379495437465,0.7112184648416533,0.10735373054213634
202,34.42699946323135,11.641170155662909,12.822061191626409,13.553408480944713,8.957326892109501,7.212828770799785,8.266237251744498,2.200751476113795,0.8118625872249061,0.10735373054213634
203,34.45383789586688,11.641170155662909,12.909286097691895,13.553408480944713,8.84326355340848,7.212828770799785,8.266237251744498,2.200751476113795,0.8118625872249061,0.10735373054213634
204,34.84299516908212,11.641170155662909,12.842190016103059,13.479602791196994,8.836553945249598,7.199409554482019,8.085077831454644,2.200751476113795,0.7648953301127214,0.10735373054213634
205,34.80273752012882,11.58749329039184,12.775093934514224,13.331991411701557,9.004294149221685,7.098765432098766,8.232689210950081,2.2946859903381642,0.7648953301127214,0.10735373054213634
206,34.93022007514761,11.453301127214171,12.734836285560924,13.311862587224907,8.950617283950617,7.159151905528717,8.3064949006978,2.281266774020397,0.7648953301127214,0.10735373054213634
207,35.14492753623188,11.3593666129898,12.801932367149758,13.063607085346217,9.16532474503489,7.078636607622115,8.232689210950081,2.281266774020397,0.7648953301127214,0.10735373054213634
208,35.258990874932906,11.3593666129898,12.801932367149758,12.95625335480408,9.151905528717123,7.078636607622115,8.125335480407944,2.281266774020397,0.8789586688137413,0.10735373054213634
209,35.37305421363392,11.3191089640365,12.795222758990874,12.848899624261943,9.044551798174986,7.132313472893183,8.125335480407944,2.3752012882447664,0.8789586688137413,0.10735373054213634
210,35.829307568438004,11.29898013955985,12.580515297906603,12.848899624261943,8.836553945249598,7.112184648416532,8.152173913043478,2.3752012882447664,0.8588298443370908,0.10735373054213634
211,35.929951690821255,10.721953837895867,12.110842726784755,12.453032742887816,8.252818035426731,9.380032206119163,8.017981749865807,2.167203435319377,0.8588298443370908,0.10735373054213634
212,36.07756307031669,10.701825013419215,12.084004294149223,12.385936661298981,8.239398819108963,9.380032206119163,8.011272141706923,2.15378421900161,0.8588298443370908,0.10735373054213634
213,35.81588835212023,10.695115405260333,11.741814278046162,13.459473966720344,8.07836822329576,9.346484165324744,7.729468599033816,2.200751476113795,0.8252818035426731,0.10735373054213634
214,36.00375738056898,10.695115405260333,11.728395061728396,13.43263553408481,7.957595276435856,9.346484165324744,7.709339774557166,2.1940418679549114,0.8252818035426731,0.10735373054213634
215,35.53408480944713,9.567901234567902,14.2914653784219,13.211218464841654,7.722758990874933,9.27938808373591,7.4208266237251745,2.0397208803005906,0.8252818035426731,0.10735373054213634
216,35.80246913580247,9.5276435856146,14.190821256038648,13.097155126140633,7.675791733762749,9.27938808373591,7.340311325818572,2.15378421900161,0.8252818035426731,0.10735373054213634
217,36.01717659688674,9.514224369296834,13.94927536231884,13.097155126140633,7.675791733762749,9.27938808373591,7.380568974771873,2.15378421900161,0.8252818035426731,0.10735373054213634
218,36.11782071926999,9.386741814278047,13.882179280730005,13.043478260869565,7.6556629092860975,9.225711218464841,7.467793880837359,2.15378421900161,0.9594739667203436,0.10735373054213634
219,36.12453032742888,9.31964573268921,14.016371443907676,12.969672571121846,7.474503488996243,9.286097691894794,7.588566827697263,2.15378421900161,0.9594739667203436,0.10735373054213634
220,36.198336017176594,8.957326892109501,13.922436929683306,14.439076757917338,7.427536231884058,8.279656468062266,7.555018786902845,2.15378421900161,0.9594739667203436,0.10735373054213634
221,36.47342995169082,8.930488459473967,13.915727321524423,14.351851851851851,7.326892109500805,8.279656468062266,7.514761137949543,2.1403650026838434,0.9594739667203436,0.10735373054213634
222,36.69484702093398,8.930488459473967,13.915727321524423,14.197530864197532,7.313472893183038,8.179012345679013,7.474503488996243,2.227589908749329,0.9594739667203436,0.10735373054213634
223,36.95652173913044,8.709071390230811,13.741277509393452,14.103596349973161,7.2933440687063875,8.165593129361245,7.588566827697263,2.281266774020397,1.0534084809447128,0.10735373054213634
224,37.15780998389694,8.78287707997853,13.687600644122384,14.04320987654321,7.253086419753086,8.085077831454644,7.588566827697263,2.2410091250670963,1.0534084809447128,0.10735373054213634
225,37.40606548577563,8.76274825550188,13.506441223832528,14.036500268384327,7.246376811594203,8.11862587224906,7.5348899624261945,2.227589908749329,1.0534084809447128,0.10735373054213634
226,37.68786902844874,8.682232957595277,13.539989264626946,14.04320987654321,7.098765432098766,8.091787439613526,7.467793880837359,2.227589908749329,1.0534084809447128,0.10735373054213634
227,38.157541599570585,8.628556092324208,13.539989264626946,13.915727321524423,6.870638754696726,8.07836822329576,7.4208266237251745,2.227589908749329,1.0534084809447128,0.10735373054213634
228,38.378958668813745,8.588298443370908,13.539989264626946,13.801663982823403,6.984702093397746,7.977724100912507,7.360440150295223,2.2074610842726785,1.0534084809447128,0.10735373054213634
229,38.33870101986044,8.568169618894256,13.466183574879228,13.747987117552334,7.078636607622115,7.917337627482555,7.4208266237251745,2.2074610842726785,1.1473429951690821,0.10735373054213634
230,38.506441223832525,8.55475040257649,13.358829844337091,13.687600644122384,7.071926999463232,7.763016639828234,7.514761137949543,2.2074610842726785,1.2278582930756843,0.10735373054213634
231,38.92243692968331,8.527911969940956,13.305152979066023,13.687600644122384,6.971282877079979,7.635534084809447,7.474503488996243,2.1403650026838434,1.2278582930756843,0.10735373054213634
232,39.53301127214171,8.360171765968868,13.09044551798175,13.687600644122384,7.018250134192163,7.514761137949543,7.37385936661299,2.1403650026838434,1.1876006441223832,0.0939345142243693
233,39.66720343531938,8.293075684380032,13.01663982823403,13.506441223832528,6.998121309715513,7.514761137949543,7.481213097155126,2.2410091250670963,1.1876006441223832,0.0939345142243693
234,39.9020397208803,8.293075684380032,13.01663982823403,13.43263553408481,6.957863660762212,7.4208266237251745,7.481213097155126,2.2410091250670963,1.1607622114868492,0.0939345142243693
235,38.197799248523886,8.11862587224906,12.580515297906603,12.204777241009126,6.904186795491143,12.144390767579173,6.642512077294686,1.9592055823939882,1.1540526033279657,0.0939345142243693
