,45,50,51,55,52,54,56,53,58,60,57,59,62,61,63
0,98.55072463768116,1.4492753623188406,,,,,,,,,,,,,
1,97.82608695652173,2.0531400966183573,0.12077294685990338,,,,,,,,,,,,
2,96.87332259796028,3.0059044551798175,0.12077294685990338,,,,,,,,,,,,
3,86.3996242619431,13.47289318303811,0.12077294685990338,0.0067096081588835215,,,,,,,,,,,
4,86.11111111111111,13.734567901234568,0.14761137949543746,0.0067096081588835215,,,,,,,,,,,
5,84.92351046698873,13.788244766505636,0.14761137949543746,0.026838432635534086,1.1003757380568975,0.013419216317767043,,,,,,,,,
6,83.65539452495975,15.056360708534621,0.14090177133655393,0.03354804079441761,1.1003757380568975,0.013419216317767043,,,,,,,,,
7,83.0246913580247,13.311862587224907,3.4420289855072466,0.03354804079441761,0.12077294685990338,0.013419216317767043,0.05367686527106817,,,,,,,,
8,82.67579173376275,13.6406333870102,3.4621578099838968,0.03354804079441761,0.12077294685990338,0.013419216317767043,0.05367686527106817,,,,,,,,
9,82.5281803542673,13.747987117552334,3.4621578099838968,0.07380568974771873,0.12077294685990338,0.013419216317767043,0.05367686527106817,,,,,,,,
10,80.80381105743425,15.458937198067632,3.4621578099838968,0.08722490606548577,0.12077294685990338,0.013419216317767043,0.05367686527106817,,,,,,,,
11,80.414653784219,15.848094471282877,3.1870638754696725,0.32877079978529256,0.12077294685990338,0.013419216317767043,0.08722490606548577,,,,,,,,
12,79.63633923778852,16.626409017713364,3.1870638754696725,0.32877079978529256,0.12077294685990338,0.013419216317767043,0.08722490606548577,,,,,,,,
13,79.56253354804079,16.545893719806763,3.3011272141706924,0.36231884057971014,0.12077294685990338,0.013419216317767043,0.08722490606548577,0.0067096081588835215,,,,,,,
14,79.13982823403113,16.606280193236714,3.5963499731615673,0.36231884057971014,0.1878690284487386,0.013419216317767043,0.08722490606548577,0.0067096081588835215,,,,,,,
15,77.36849168008588,15.170424047235642,6.78341384863124,0.3824476650563607,0.1878690284487386,0.013419216317767043,0.08722490606548577,0.0067096081588835215,,,,,,,
16,77.01959205582394,15.485775630703166,6.776704240472356,0.39586688137412773,0.1878690284487386,0.013419216317767043,0.08722490606548577,0.03354804079441761,,,,,,,
17,74.49006977992485,18.00858829844337,6.78341384863124,0.39586688137412773,0.1878690284487386,0.013419216317767043,0.08722490606548577,0.03354804079441761,,,,,,,
18,71.1285560923242,20.283145464304884,7.977724100912507,0.3824476650563607,0.0939345142243693,0.013419216317767043,0.08722490606548577,0.03354804079441761,,,,,,,
19,69.45786366076221,21.67874396135266,7.957595276435856,0.41599570585077833,0.35560923242082665,0.013419216317767043,0.08722490606548577,0.03354804079441761,,,,,,,
20,57.76301663982824,35.037573805689746,6.119162640901771,0.20799785292538917,0.8319914117015567,0.013419216317767043,0.020128824476650563,0.0067096081588835215,,,,,,,
21,57.50134192163178,35.20531400966183,6.119162640901771,0.30193236714975846,0.8319914117015567,0.013419216317767043,0.020128824476650563,0.0067096081588835215,,,,,,,
22,57.33360171765969,35.18518518518518,6.119162640901771,0.3421900161030596,0.8319914117015567,0.1610305958132045,0.020128824476650563,0.0067096081588835215,,,,,,,
23,56.93102522812668,35.42002147074611,6.246645195920558,0.3824476650563607,0.8319914117015567,0.1610305958132045,0.020128824476650563,0.0067096081588835215,,,,,,,
24,56.58883521202362,35.71524422973698,6.246645195920558,0.39586688137412773,0.8319914117015567,0.1610305958132045,0.020128824476650563,0.040257648953301126,,,,,,,
25,55.34084809447128,36.862587224906065,6.246645195920558,0.43612453032742887,0.8655394524959742,0.1610305958132045,0.020128824476650563,0.06709608158883522,,,,,,,
26,55.17981749865808,36.72839506172839,6.246645195920558,0.47638217928073,0.8521202361782072,0.41599570585077833,0.020128824476650563,0.08051529790660225,,,,,,,
27,51.94578636607622,39.92887815351583,6.219806763285024,0.5099302200751477,0.8521202361782072,0.4294149221685454,0.03354804079441761,0.08051529790660225,,,,,,,
28,51.932367149758456,39.53972088030059,6.219806763285024,0.5971551261406334,1.2077294685990339,0.38915727321524424,0.03354804079441761,0.08051529790660225,,,,,,,
29,51.2614063338701,40.143585614600106,6.119162640901771,0.7514761137949544,1.2077294685990339,0.4025764895330113,0.03354804079441761,0.08051529790660225,,,,,,,
30,50.17444981213097,41.21041331186259,6.139291465378422,0.7514761137949544,1.2077294685990339,0.4025764895330113,0.03354804079441761,0.08051529790660225,,,,,,,
31,47.20880300590446,43.994900697799245,6.139291465378422,0.9125067096081588,1.2278582930756843,0.4025764895330113,0.03354804079441761,0.08051529790660225,,,,,,,
32,47.18196457326892,43.98819108964037,6.125872249060655,0.9594739667203436,1.2278582930756843,0.39586688137412773,0.03354804079441761,0.08051529790660225,0.0067096081588835215,,,,,,
33,47.134997316156735,43.86741814278046,6.125872249060655,1.0601180891035964,1.2681159420289856,0.4227053140096618,0.03354804079441761,0.08051529790660225,0.0067096081588835215,,,,,,
34,46.61835748792271,44.296833064949006,6.152710681696189,1.1205045625335481,1.2681159420289856,0.4227053140096618,0.03354804079441761,0.08051529790660225,0.0067096081588835215,,,,,,
35,46.00107353730542,43.43129361245303,5.428073000536768,1.221148684916801,3.3480944712828773,0.4495437466451959,0.03354804079441761,0.08051529790660225,0.0067096081588835215,,,,,,
36,44.37734836285561,44.85373054213634,5.132850241545894,1.6103059581320451,3.455448201825013,0.4495437466451959,0.03354804079441761,0.08051529790660225,0.0067096081588835215,,,,,,
37,43.53864734299517,45.60520665593129,5.152979066022544,1.6237251744498122,3.5091250670960816,0.4495437466451959,0.03354804079441761,0.08051529790660225,0.0067096081588835215,,,,,,
38,37.35238862050456,51.690821256038646,5.146269457863661,1.7310789049919484,3.5091250670960816,0.4495437466451959,0.03354804079441761,0.08051529790660225,0.0067096081588835215,,,,,,
39,35.319377348362856,53.6634460547504,5.186527106816962,1.778046162104133,3.475577026301664,0.4495437466451959,0.04696725711218465,0.07380568974771873,0.0067096081588835215,,,,,,
40,35.30595813204509,53.475577026301664,4.918142780461621,2.0933977455716586,3.6097691894793345,0.4495437466451959,0.06709608158883522,0.07380568974771873,0.0067096081588835215,,,,,,
41,35.158346752549654,53.20048309178744,5.35426731078905,2.0799785292538915,3.6097691894793345,0.4495437466451959,0.06709608158883522,0.07380568974771873,0.0067096081588835215,,,,,,
42,34.97047772410091,52.91196994095545,5.340848094471283,2.1269457863660763,3.6097691894793345,0.4294149221685454,0.06709608158883522,0.5367686527106817,0.0067096081588835215,,,,,,
43,34.74235104669887,51.952495974235106,5.307300053676865,2.167203435319377,3.643317230273752,0.4294149221685454,0.0939345142243693,1.6572732152442298,0.0067096081588835215,,,,,,
44,34.23913043478261,52.32823403113258,5.307300053676865,2.227589908749329,3.5091250670960816,0.43612453032742887,0.0939345142243693,1.8518518518518519,0.0067096081588835215,,,,,,
45,33.72920021470746,52.905260332796566,5.307300053676865,2.0933977455716586,3.589640365002684,0.4227053140096618,0.0939345142243693,1.8518518518518519,0.0067096081588835215,,,,,,
46,33.54804079441761,52.65700483091788,5.448201825013419,2.3617820719269993,3.589640365002684,0.4428341384863124,0.0939345142243693,1.8518518518518519,0.0067096081588835215,,,,,,
47,32.789855072463766,52.91196994095545,5.253623188405797,2.3550724637681157,3.6097691894793345,0.9326355340848095,0.0939345142243693,2.046430488459474,0.0067096081588835215,,,,,,
48,31.246645195920557,53.64331723027375,6.4412238325281805,2.38191089640365,3.455448201825013,0.7380568974771873,0.11406333870101985,1.9793344068706387,,,,,,,
49,31.199677938808374,53.274288781535155,6.327160493827161,2.5966183574879227,3.750670960815888,0.7112184648416533,0.11406333870101985,1.9994632313472893,,0.026838432635534086,,,,,
50,31.159420289855074,53.22061191626409,6.327160493827161,2.690552871712292,3.750670960815888,0.7112184648416533,0.11406333870101985,1.9994632313472893,,0.026838432635534086,,,,,
51,29.401502952227588,52.47584541062802,5.984970477724101,2.4892646269457863,6.8035426731078905,0.7380568974771873,0.11406333870101985,1.9659151905528718,,0.026838432635534086,,,,,
52,28.408480944712828,50.60386473429951,6.260064412238325,2.49597423510467,9.205582393988191,0.7246376811594203,0.17444981213097155,2.0665593129361244,0.03354804079441761,0.026838432635534086,,,,,
53,27.012882447665056,50.999731615673646,7.347020933977456,2.462426194310252,9.205582393988191,0.7246376811594203,0.17444981213097155,1.9860440150295222,0.06038647342995169,0.026838432635534086,,,,,
54,25.99302200751476,52.01959205582394,7.246376811594203,2.576489533011272,9.158615136876007,0.7246376811594203,0.19457863660762212,1.9860440150295222,0.06038647342995169,0.026838432635534086,0.013419216317767043,,,,
55,25.603864734299517,51.7512077294686,7.675791733762749,2.757648953301127,9.131776704240472,0.7246376811594203,0.23483628556092323,1.9927536231884058,0.08722490606548577,0.026838432635534086,0.013419216317767043,,,,
56,25.5703166935051,51.59688674181428,7.742887815351583,2.8381642512077296,9.131776704240472,0.7648953301127214,0.23483628556092323,1.9927536231884058,0.08722490606548577,0.026838432635534086,0.013419216317767043,,,,
57,25.55689747718733,51.57675791733763,7.742887815351583,2.871712292002147,9.131776704240472,0.7648953301127214,0.23483628556092323,1.9927536231884058,0.08722490606548577,0.026838432635534086,0.013419216317767043,,,,
58,25.335480407944175,51.690821256038646,7.769726247987117,2.898550724637681,9.185453569511541,0.7648953301127214,0.23483628556092323,1.9927536231884058,0.08722490606548577,0.026838432635534086,0.013419216317767043,,,,
59,24.9597423510467,50.375738056897475,9.252549651100376,2.7241009125067097,9.091519055287172,0.7917337627482555,0.23483628556092323,2.4154589371980677,0.08722490606548577,0.020128824476650563,0.04696725711218465,,,,
60,24.912775093934513,50.335480407944175,9.252549651100376,2.7442297369833604,9.084809447128288,0.8118625872249061,0.2549651100375738,2.4154589371980677,0.08722490606548577,0.020128824476650563,0.08051529790660225,,,,
61,24.52361782071927,50.17444981213097,9.158615136876007,2.844873859366613,9.681964573268921,0.9125067096081588,0.24154589371980675,2.2745571658615136,0.08722490606548577,0.020128824476650563,0.08051529790660225,,,,
62,24.362587224906065,50.14761137949544,9.158615136876007,3.046162104133119,9.668545356951155,0.9125067096081588,0.24154589371980675,2.2745571658615136,0.08722490606548577,0.020128824476650563,0.08051529790660225,,,,
63,23.691626409017715,50.83870101986044,8.99087493290392,3.0059044551798175,9.628287707997853,0.9125067096081588,0.24154589371980675,2.475845410628019,0.08722490606548577,0.020128824476650563,0.10735373054213634,,,,
64,23.637949543746647,50.87224906065486,8.957326892109501,3.0059044551798175,9.601449275362318,0.9125067096081588,0.2952227589908749,2.475845410628019,0.08722490606548577,0.020128824476650563,0.13419216317767044,,,,
65,23.429951690821255,50.10735373054214,8.950617283950617,3.0394524959742353,10.641438539989265,0.9125067096081588,0.322061191626409,2.3550724637681157,0.08722490606548577,0.020128824476650563,0.13419216317767044,,,,
66,23.416532474503487,50.11406333870102,8.930488459473967,3.046162104133119,10.641438539989265,0.8923778851315083,0.3488996242619431,2.3550724637681157,0.08722490606548577,0.03354804079441761,0.13419216317767044,,,,
67,23.403113258185723,50.026838432635536,8.930488459473967,3.052871712292002,10.742082662372518,0.8856682769726248,0.3488996242619431,2.328234031132582,0.11406333870101985,0.03354804079441761,0.13419216317767044,,,,
68,23.30246913580247,49.9194847020934,9.064680622651638,3.066290928609769,10.782340311325818,0.8856682769726248,0.3488996242619431,2.3483628556092326,0.11406333870101985,0.03354804079441761,0.13419216317767044,,,,
69,22.98040794417606,49.013687600644126,10.473698336017177,3.2474503488996245,10.446859903381643,0.9125067096081588,0.322061191626409,2.3215244229736984,0.11406333870101985,0.03354804079441761,0.13419216317767044,,,,
70,21.658615136876005,49.973161567364464,10.36634460547504,3.207192699946323,10.446859903381643,1.3955984970477724,0.3488996242619431,2.301395598497048,0.13419216317767044,0.03354804079441761,0.13419216317767044,,,,
71,21.464036500268385,48.8191089640365,10.560923242082662,3.2742887815351582,11.399624261943103,1.3955984970477724,0.3757380568974772,2.408749329039184,0.13419216317767044,0.03354804079441761,0.13419216317767044,,,,
72,21.430488459473967,48.8191089640365,10.560923242082662,3.307836822329576,11.379495437466453,1.3955984970477724,0.3757380568974772,2.408749329039184,0.13419216317767044,0.03354804079441761,0.15432098765432098,,,,
73,21.40365002683843,48.68491680085883,10.57434245840043,3.4420289855072466,11.305689747718732,1.4090177133655395,0.3757380568974772,2.408749329039184,0.20128824476650564,0.03354804079441761,0.1610305958132045,,,,
74,19.753086419753085,46.833064949006975,14.398819108964037,3.4017713365539453,11.104401502952227,1.3821792807300053,0.46296296296296297,2.2611379495437465,0.20128824476650564,0.03354804079441761,0.15432098765432098,0.013419216317767043,,,
75,15.754159957058508,54.30085882984434,10.406602254428341,2.690552871712292,10.453569511540525,1.2077294685990339,0.4227053140096618,4.435050993022007,0.11406333870101985,0.03354804079441761,0.16774020397208803,0.013419216317767043,,,
76,15.344873859366613,54.448470209339774,9.809447128287708,2.771068169618894,11.044015029522276,1.2077294685990339,0.41599570585077833,4.62962962962963,0.11406333870101985,0.03354804079441761,0.16774020397208803,0.013419216317767043,,,
77,15.304616210413311,54.38137412775094,9.789318303811058,2.85829307568438,10.950080515297907,1.288244766505636,0.4428341384863124,4.62962962962963,0.13419216317767044,0.03354804079441761,0.17444981213097155,0.013419216317767043,,,
78,15.069779924852389,54.6027911969941,9.426999463231347,2.945517981749866,10.581052066559312,1.261406333870102,0.43612453032742887,5.3341384863123995,0.13419216317767044,0.03354804079441761,0.1610305958132045,0.013419216317767043,,,
79,14.97584541062802,54.54240472356415,9.426999463231347,2.9790660225442833,10.628019323671497,1.3150831991411702,0.4294149221685454,5.360976918947934,0.13419216317767044,0.03354804079441761,0.1610305958132045,0.013419216317767043,,,
80,14.345142243692969,55.06575415995706,9.41358024691358,3.052871712292002,10.493827160493828,1.3150831991411702,0.4495437466451959,5.387815351583468,0.13419216317767044,0.03354804079441761,0.2952227589908749,0.013419216317767043,,,
81,14.224369296833064,54.6430488459474,9.386741814278047,3.294417606011809,10.809178743961352,1.3150831991411702,0.47638217928073,5.360976918947934,0.13419216317767044,0.03354804079441761,0.30864197530864196,0.013419216317767043,,,
82,14.076757917337627,54.408212560386474,9.71551261406334,3.3413848631239937,10.782340311325818,1.3419216317767042,0.49651100375738055,5.3274288781535155,0.16774020397208803,0.03354804079441761,0.30864197530864196,,,,
83,13.768115942028986,53.858024691358025,9.66183574879227,4.025764895330113,10.789049919484702,1.3620504562533549,0.46296296296296297,5.562265163714439,0.16774020397208803,0.03354804079441761,0.30864197530864196,,,,
84,13.747987117552334,53.54938271604938,9.621578099838969,4.025764895330113,10.755501878690284,1.6975308641975309,0.5099302200751477,5.562265163714439,0.16774020397208803,0.03354804079441761,0.32877079978529256,,,,
85,13.741277509393452,53.5426731078905,9.581320450885668,4.03918411164788,10.755501878690284,1.6975308641975309,0.5501878690284487,5.562265163714439,0.16774020397208803,0.03354804079441761,0.32877079978529256,,,,
86,13.687600644122384,53.576221148684915,9.567901234567902,4.03918411164788,10.721953837895867,1.724369296833065,0.5636070853462157,5.58239398819109,0.14761137949543746,0.03354804079441761,0.35560923242082665,,,,
87,13.050187869028449,49.724906065485776,11.09098228663446,5.2066559312936125,10.513955984970478,1.7310789049919484,0.5099302200751477,7.628824476650563,0.14761137949543746,0.03354804079441761,0.36231884057971014,,,,
88,13.01663982823403,49.67793880837359,11.117820719269995,5.5689747718733225,10.131508319914117,1.7646269457863661,0.5099302200751477,7.648953301127214,0.15432098765432098,0.03354804079441761,0.3757380568974772,,,,
89,13.003220611916264,49.57729468599034,11.137949543746645,5.649490069779925,10.144927536231885,1.751207729468599,0.5099302200751477,7.648953301127214,0.15432098765432098,0.03354804079441761,0.3757380568974772,0.013419216317767043,,,
90,12.654320987654321,50.415995705850776,10.88298443370907,5.629361245303274,10.010735373054214,1.7310789049919484,0.48980139559849706,7.608695652173913,0.15432098765432098,0.03354804079441761,0.3757380568974772,0.013419216317767043,,,
91,12.654320987654321,50.275093934514224,10.876274825550189,5.6964573268921095,9.950348899624261,1.8719806763285025,0.47638217928073,7.561728395061729,0.1878690284487386,0.03354804079441761,0.4025764895330113,0.013419216317767043,,,
92,12.647611379495437,50.17444981213097,10.782340311325818,5.763553408480945,9.950348899624261,1.9189479334406871,0.46296296296296297,7.615405260332796,0.20799785292538917,0.03354804079441761,0.4294149221685454,0.013419216317767043,,,
93,12.600644122383253,50.1610305958132,10.782340311325818,5.810520665593129,9.943639291465379,1.9189479334406871,0.46296296296296297,7.635534084809447,0.20799785292538917,0.03354804079441761,0.4294149221685454,0.013419216317767043,,,
94,12.600644122383253,50.0,10.668276972624799,5.958132045088567,9.930220075147611,1.90552871712292,0.5904455179817498,7.608695652173913,0.23483628556092323,0.03354804079441761,0.4562533548040794,0.013419216317767043,,,
95,12.432903918411165,49.35587761674718,11.688137412775093,6.005099302200751,9.574610842726784,1.9592055823939882,0.5837359098228664,7.5348899624261945,0.24154589371980675,0.03354804079441761,0.5501878690284487,0.040257648953301126,,,
96,12.372517444981213,49.21497584541063,11.688137412775093,6.018518518518518,9.574610842726784,2.147074610842727,0.5703166935050993,7.548309178743962,0.24154589371980675,0.03354804079441761,0.5501878690284487,0.040257648953301126,,,
97,12.345679012345679,48.289049919484704,11.654589371980677,6.951154052603328,9.554482018250134,2.1604938271604937,0.6105743424584005,7.548309178743962,0.24154589371980675,0.03354804079441761,0.5703166935050993,0.040257648953301126,,,
98,12.338969404186795,48.24208266237252,11.460010735373054,7.011540526033279,9.554482018250134,2.1604938271604937,0.6105743424584005,7.75630703166935,0.2214170692431562,0.03354804079441761,0.5703166935050993,0.040257648953301126,,,
99,11.218464841653248,47.00751476113795,13.647342995169081,7.092055823939882,9.433709071390231,2.0933977455716586,0.5300590445517982,8.071658615136876,0.2214170692431562,0.03354804079441761,0.6105743424584005,0.040257648953301126,,,
100,11.211755233494364,46.79951690821256,13.647342995169081,7.199409554482019,9.494095544820183,2.120236178207193,0.5300590445517982,8.071658615136876,0.2214170692431562,0.03354804079441761,0.6172839506172839,0.05367686527106817,,,
101,11.20504562533548,45.41733762748255,13.627214170692431,8.541331186258722,9.494095544820183,2.13365539452496,0.5300590445517982,8.125335480407944,0.2214170692431562,0.03354804079441761,0.6172839506172839,0.05367686527106817,,,
102,11.20504562533548,45.34353193773484,13.627214170692431,8.608427267847558,9.494095544820183,2.13365539452496,0.5568974771873323,8.09849704777241,0.24154589371980675,0.03354804079441761,0.6038647342995169,0.05367686527106817,,,
103,10.84272678475577,44.99463231347289,14.210950080515298,8.145464304884594,9.433709071390231,2.6838432635534084,0.5837359098228664,8.11862587224906,0.24154589371980675,0.03354804079441761,0.630703166935051,0.08051529790660225,,,
104,10.84272678475577,44.840311325818575,14.210950080515298,8.145464304884594,9.380032206119163,2.818035426731079,0.630703166935051,8.105206655931294,0.2549651100375738,0.06038647342995169,0.630703166935051,0.08051529790660225,,,
105,10.19189479334407,42.43156199677939,21.557971014492754,7.595276435856146,9.192163177670425,2.757648953301127,0.7380568974771873,4.703435319377348,0.2214170692431562,0.06038647342995169,0.5099302200751477,0.040257648953301126,,,
106,10.151637144390767,41.51234567901235,21.497584541062803,6.662640901771336,9.185453569511541,2.7442297369833604,0.798443370907139,6.615673644659152,0.2214170692431562,0.06038647342995169,0.5099302200751477,0.040257648953301126,,,
107,10.138217928073,41.47208803005905,21.497584541062803,6.729736983360172,9.192163177670425,2.7308105206655933,0.798443370907139,6.595544820182502,0.2214170692431562,0.06038647342995169,0.5233494363929146,0.040257648953301126,,,
108,10.050993022007514,40.57300053676865,22.396672034353195,6.709608158883521,9.346484165324744,2.636876006441224,0.7917337627482555,6.602254428341385,0.24154589371980675,0.06038647342995169,0.5501878690284487,0.040257648953301126,,,
109,10.037573805689748,40.485775630703166,22.17525496511004,6.78341384863124,9.346484165324744,2.677133655394525,0.8118625872249061,6.790123456790123,0.24154589371980675,0.06038647342995169,0.5501878690284487,0.040257648953301126,,,
110,10.037573805689748,40.344873859366615,22.061191626409016,6.78341384863124,9.31964573268921,2.690552871712292,0.8252818035426731,7.018250134192163,0.24154589371980675,0.06038647342995169,0.5770263016639828,0.040257648953301126,,,
111,10.037573805689748,40.27106816961889,22.034353193773484,6.843800322061192,9.306226516371444,2.690552871712292,0.8789586688137413,6.991411701556629,0.2683843263553409,0.06038647342995169,0.5770263016639828,0.040257648953301126,,,
112,9.977187332259795,40.21739130434783,21.85990338164251,7.353730542136339,8.863392377885132,2.818035426731079,0.9728931830381106,6.977992485238862,0.2683843263553409,0.06038647342995169,0.5636070853462157,0.06709608158883522,,,
113,9.977187332259795,38.83521202361782,21.772678475577028,8.756038647342995,8.856682769726248,2.818035426731079,1.0466988727858293,6.977992485238862,0.2683843263553409,0.06038647342995169,0.5636070853462157,0.06709608158883522,,,
114,9.722222222222221,37.8690284487386,22.604669887278583,8.76274825550188,8.829844337090714,3.240740740740741,1.0466988727858293,6.964573268921095,0.2683843263553409,0.06038647342995169,0.5636070853462157,0.06709608158883522,,,
115,9.722222222222221,37.58722490606549,22.611379495437465,8.57487922705314,8.829844337090714,2.885131508319914,1.0735373054213635,7.7831454643048845,0.2683843263553409,0.06038647342995169,0.5636070853462157,0.040257648953301126,,,
116,9.681964573268921,37.546967257112186,22.564412238325282,8.541331186258722,8.856682769726248,2.885131508319914,1.0735373054213635,7.930756843800322,0.2683843263553409,0.06038647342995169,0.5367686527106817,0.05367686527106817,,,
117,9.601449275362318,36.70155662909286,23.275630703166936,8.561460010735374,8.668813741277509,2.818035426731079,1.0601180891035964,8.413848631239935,0.2683843263553409,0.06038647342995169,0.5166398282340311,0.05367686527106817,,,
118,9.601449275362318,36.3996242619431,23.2085346215781,8.648684916800859,9.192163177670425,2.804616210413312,1.1272141706924315,8.111916264090176,0.2683843263553409,0.06038647342995169,0.5233494363929146,0.05367686527106817,,,
119,8.447396672034353,39.42565754159957,21.410359634997317,8.99087493290392,9.178743961352657,2.831454643048846,1.1540526033279657,7.675791733762749,0.2683843263553409,0.08051529790660225,0.5099302200751477,0.026838432635534086,,,
120,8.447396672034353,39.40552871712292,21.3768115942029,9.017713365539452,9.16532474503489,2.8515834675254963,1.1741814278046163,7.648953301127214,0.2683843263553409,0.08051529790660225,0.5367686527106817,0.026838432635534086,,,
121,8.433977455716587,39.36527106816962,21.3768115942029,9.024422973698336,9.16532474503489,2.8515834675254963,1.1741814278046163,7.682501341921632,0.28180354267310787,0.08051529790660225,0.5367686527106817,0.026838432635534086,,,
122,8.145464304884594,38.20450885668277,23.617820719269993,8.950617283950617,9.16532474503489,2.7308105206655933,1.107085346215781,7.118894256575416,0.3153515834675255,0.08051529790660225,0.5367686527106817,0.026838432635534086,,,
123,8.11862587224906,38.137412775093935,23.60440150295223,8.99087493290392,9.172034353193773,2.6972624798711755,1.1406333870101986,7.14573268921095,0.3153515834675255,0.08722490606548577,0.5367686527106817,0.05367686527106817,,,
124,8.09849704777241,37.96967257112185,23.429951690821255,9.104938271604938,9.185453569511541,2.9119699409554483,1.1406333870101986,7.1658615136876005,0.3153515834675255,0.08722490606548577,0.5367686527106817,0.05367686527106817,,,
125,7.796564680622652,37.895866881374126,23.329307568438004,9.131776704240472,9.172034353193773,2.9119699409554483,1.1808910359634996,7.581857219538379,0.3153515834675255,0.08722490606548577,0.5568974771873323,0.040257648953301126,,,
126,7.39398819108964,34.58803005904455,24.40955448201825,8.145464304884594,13.620504562533547,2.536231884057971,1.2077294685990339,7.1658615136876005,0.2952227589908749,0.06038647342995169,0.5636070853462157,0.013419216317767043,,,
127,7.387278582930757,34.13848631239936,24.27536231884058,8.521202361782072,13.768115942028986,3.052871712292002,1.1943102522812667,6.729736983360172,0.2683843263553409,0.06038647342995169,0.5904455179817498,0.013419216317767043,,,
128,7.367149758454106,34.11835748792271,24.22168545356951,8.521202361782072,13.79495437466452,3.052871712292002,1.261406333870102,6.723027375201288,0.2683843263553409,0.06038647342995169,0.5904455179817498,0.020128824476650563,,,
129,7.367149758454106,33.9170692431562,24.053945249597422,8.729200214707461,13.781535158346752,3.052871712292002,1.4224369296833066,6.723027375201288,0.2683843263553409,0.06038647342995169,0.6038647342995169,0.020128824476650563,,,
130,7.340311325818572,33.76945786366076,24.00697799248524,9.265968867418144,13.781535158346752,2.9589371980676327,1.4694041867954912,6.327160493827161,0.2683843263553409,0.07380568974771873,0.6038647342995169,0.13419216317767044,,,
131,7.340311325818572,33.64868491680086,23.557434245840042,9.400161030595813,14.392109500805153,2.9589371980676327,1.261406333870102,6.353998926462695,0.2683843263553409,0.08051529790660225,0.6038647342995169,0.13419216317767044,,,
132,7.313472893183038,33.59500805152979,23.544015029522274,9.426999463231347,14.358561460010735,2.9723564143853998,1.3687600644122384,6.320450885668277,0.2683843263553409,0.08051529790660225,0.5837359098228664,0.16774020397208803,,,
133,7.306763285024155,33.53462157809984,23.423242082662373,9.480676328502415,14.304884594739667,2.9723564143853998,1.556629092860977,6.320450885668277,0.2683843263553409,0.08051529790660225,0.5837359098228664,0.16774020397208803,,,
134,7.306763285024155,33.52120236178207,23.376274825550187,9.541062801932368,14.2914653784219,2.9723564143853998,1.5767579173376274,6.300322061191626,0.2549651100375738,0.08051529790660225,0.5971551261406334,0.18115942028985507,,,
135,7.27992485238862,33.04482018250134,23.315888352120236,9.621578099838969,14.170692431561998,3.5426731078904994,1.583467525496511,6.300322061191626,0.2549651100375738,0.08051529790660225,0.6239935587761675,0.18115942028985507,,,
136,7.226247987117552,32.347020933977454,23.30246913580247,9.648416532474503,15.116747181964573,3.603059581320451,1.5767579173376274,5.991680085882985,0.30193236714975846,0.08051529790660225,0.6239935587761675,0.18115942028985507,,,
137,7.226247987117552,31.816961889425656,23.1682769726248,10.138217928073,15.08990874932904,3.603059581320451,1.5432098765432098,6.172839506172839,0.2952227589908749,0.08051529790660225,0.6843800322061192,0.18115942028985507,,,
138,7.132313472893183,31.125872249060656,26.442565754159958,9.86983360171766,13.439345142243694,3.3145464304884595,1.4895330112721417,6.031937734836285,0.2549651100375738,0.08051529790660225,0.6374127750939346,0.18115942028985507,,,
139,7.132313472893183,31.011808910359633,26.261406333870102,9.829575952764358,13.439345142243694,3.227321524422974,1.596886741814278,6.286902844873859,0.28180354267310787,0.11406333870101985,0.6374127750939346,0.18115942028985507,,,
140,7.118894256575416,30.9447128287708,26.29495437466452,9.863123993558776,13.45276435856146,3.2139023081052067,1.596886741814278,6.286902844873859,0.28180354267310787,0.1274825550187869,0.6374127750939346,0.18115942028985507,,,
141,7.118894256575416,30.85077831454643,26.147342995169083,9.856414385399892,13.345410628019323,3.488996242619431,1.6304347826086956,6.246645195920558,0.28180354267310787,0.1274825550187869,0.6910896403650026,0.2147074610842727,,,
142,7.118894256575416,30.327428878153516,26.36876006441224,9.722222222222221,13.311862587224907,3.5091250670960816,1.7176596886741815,6.582125603864735,0.28180354267310787,0.13419216317767044,0.7112184648416533,0.2147074610842727,,,
143,7.03166935050993,30.287171229200215,26.341921631776703,9.802737520128824,13.285024154589372,3.488996242619431,1.7579173376274826,6.622383252818035,0.28180354267310787,0.13419216317767044,0.7514761137949544,0.2147074610842727,,,
144,7.004830917874396,30.24020397208803,26.25469672571122,9.836285560923242,13.278314546430488,3.488996242619431,1.8048845947396672,6.689479334406871,0.28180354267310787,0.13419216317767044,0.7716049382716049,0.2147074610842727,,,
145,6.957863660762212,30.253623188405797,26.160762211486848,9.809447128287708,13.150831991411701,3.488996242619431,1.8988191089640365,6.716317767042405,0.28180354267310787,0.13419216317767044,0.9326355340848095,0.2147074610842727,,,
146,6.957863660762212,30.09259259259259,26.080246913580247,9.957058507783145,13.144122383252817,3.488996242619431,1.9793344068706387,6.729736983360172,0.28180354267310787,0.13419216317767044,0.9393451422436929,0.2147074610842727,,,
147,6.528448738593666,28.381642512077295,25.865539452495973,8.883521202361782,16.002415458937197,3.488996242619431,1.932367149758454,7.407407407407407,0.28180354267310787,0.12077294685990338,0.9393451422436929,0.16774020397208803,,,
148,6.528448738593666,28.32125603864734,25.449543746645197,8.816425120772946,16.35131508319914,3.4286097691894795,2.1806226516371443,7.4208266237251745,0.2549651100375738,0.12077294685990338,0.9594739667203436,0.16774020397208803,,,
149,6.481481481481482,28.22061191626409,25.409286097691894,8.82313472893183,16.358024691358025,3.4286097691894795,2.2208803005904456,7.548309178743962,0.2549651100375738,0.12077294685990338,0.966183574879227,0.16774020397208803,,,
150,6.481481481481482,28.173644659151904,25.37573805689748,8.82313472893183,16.25067096081589,3.4621578099838968,2.3617820719269993,7.555018786902845,0.2616747181964573,0.12077294685990338,0.966183574879227,0.16774020397208803,,,
151,6.421095008051529,28.039452495974235,25.161030595813205,8.849973161567364,16.23054213633924,3.5292538915727323,2.341653247450349,7.9106280193236715,0.24154589371980675,0.12077294685990338,0.966183574879227,0.1878690284487386,,,
152,6.421095008051529,28.026033279656467,25.147611379495437,8.863392377885132,16.190284487385938,3.5292538915727323,2.3550724637681157,7.9039184111647875,0.24825550187869028,0.12077294685990338,1.0064412238325282,0.1878690284487386,,,
153,6.387546967257112,28.442028985507246,24.892646269457863,8.836553945249598,16.17686527106817,3.515834675254965,2.38191089640365,7.803274288781535,0.24825550187869028,0.12077294685990338,1.0064412238325282,0.1878690284487386,,,
154,6.387546967257112,28.31454643048846,24.88593666129898,8.809715512614064,16.15673644659152,3.6500268384326353,2.408749329039184,7.7831454643048845,0.24825550187869028,0.12077294685990338,1.0466988727858293,0.1878690284487386,,,
155,6.387546967257112,28.30112721417069,24.818840579710145,8.816425120772946,16.15673644659152,3.6500268384326353,2.475845410628019,7.749597423510467,0.2885131508319914,0.12077294685990338,1.0466988727858293,0.1878690284487386,,,
156,6.387546967257112,27.690552871712292,24.825550187869027,9.091519055287172,16.42512077294686,3.69699409554482,2.462426194310252,7.749597423510467,0.2885131508319914,0.14090177133655393,1.0534084809447128,0.1878690284487386,,,
157,6.387546967257112,27.67042404723564,24.724906065485776,9.098228663446054,16.42512077294686,3.6634460547504024,2.657004830917874,7.716049382716049,0.2885131508319914,0.14090177133655393,1.0399892646269457,0.1878690284487386,,,
158,6.159420289855072,27.891841116478798,24.704777241009126,9.131776704240472,16.418411164787976,3.6634460547504024,2.657004830917874,7.709339774557166,0.2952227589908749,0.14090177133655393,1.0399892646269457,0.1878690284487386,,,
159,6.159420289855072,27.65029522275899,24.590713902308106,9.339774557165862,16.418411164787976,3.6634460547504024,2.844873859366613,7.669082125603865,0.2952227589908749,0.14090177133655393,1.0399892646269457,0.1878690284487386,,,
160,6.152710681696189,27.529522275899087,24.349168008588297,9.272678475577026,16.384863123993558,3.2004830917874396,2.885131508319914,8.561460010735374,0.2885131508319914,0.1274825550187869,1.0601180891035964,0.1878690284487386,,,
161,5.743424584004294,29.052603327965645,23.906333870101985,8.883521202361782,16.27079978529254,3.2004830917874396,2.757648953301127,8.521202361782072,0.2885131508319914,0.1274825550187869,1.0601180891035964,0.1878690284487386,,,
162,5.743424584004294,28.99892646269458,23.852657004830917,8.93719806763285,16.23054213633924,3.2004830917874396,2.8113258185721954,8.521202361782072,0.2885131508319914,0.1274825550187869,1.1003757380568975,0.1878690284487386,,,
163,5.730005367686527,28.965378421900162,23.859366612989803,8.957326892109501,16.21712292002147,3.2004830917874396,2.8113258185721954,8.53462157809984,0.2885131508319914,0.1274825550187869,1.1205045625335481,0.1878690284487386,,,
164,5.730005367686527,28.844605475040257,23.852657004830917,9.024422973698336,16.09634997316157,3.3816425120772946,2.7509393451422435,8.507783145464305,0.32877079978529256,0.1274825550187869,1.1406333870101986,0.2147074610842727,,,
165,5.730005367686527,28.79092860976919,23.79898013955985,9.104938271604938,15.271068169618895,3.3682232957595275,2.7509393451422435,8.507783145464305,0.32877079978529256,0.13419216317767044,1.9994632313472893,0.2147074610842727,,,
166,5.730005367686527,28.77750939345142,23.772141706924316,9.104938271604938,15.237520128824476,3.3548040794417604,2.8113258185721954,8.507783145464305,0.3421900161030596,0.14761137949543746,2.0128824476650564,0.20128824476650564,,,
167,5.730005367686527,28.629898013955984,23.14814814814815,9.366612989801396,15.157004830917874,3.3816425120772946,2.8381642512077296,9.057971014492754,0.36902844873859364,0.14761137949543746,1.9994632313472893,0.17444981213097155,,,
168,5.730005367686527,28.529253891572733,22.859634997316157,9.29951690821256,15.190552871712292,3.408480944712829,2.831454643048846,9.41358024691358,0.36902844873859364,0.14761137949543746,2.046430488459474,0.17444981213097155,,,
169,5.730005367686527,28.502415458937197,22.859634997316157,9.326355340848094,15.210681696188942,3.3950617283950617,2.8247450348899625,9.41358024691358,0.36902844873859364,0.14761137949543746,2.046430488459474,0.17444981213097155,,,
170,5.562265163714439,27.61003757380569,24.852388620504563,9.426999463231347,14.801395598497047,3.374932903918411,2.771068169618894,8.910359634997317,0.3488996242619431,0.14761137949543746,2.01959205582394,0.17444981213097155,,,
171,5.562265163714439,27.576489533011273,24.832259796027913,9.480676328502415,14.774557165861514,3.374932903918411,2.771068169618894,8.910359634997317,0.3757380568974772,0.14761137949543746,2.01959205582394,0.17444981213097155,,,
172,5.562265163714439,27.509393451422437,24.758454106280194,9.4873859366613,14.774557165861514,3.5091250670960816,2.771068169618894,8.910359634997317,0.3757380568974772,0.14761137949543746,2.01959205582394,0.17444981213097155,,,
173,5.314009661835748,26.932367149758456,27.30810520665593,9.339774557165862,13.955984970477724,3.0864197530864197,2.6435856146001075,8.776167471819646,0.38915727321524424,0.14761137949543746,1.932367149758454,0.17444981213097155,,,
174,5.314009661835748,26.912238325281802,27.294685990338163,9.359903381642512,13.955984970477724,3.0864197530864197,2.657004830917874,8.776167471819646,0.38915727321524424,0.14761137949543746,1.932367149758454,0.17444981213097155,,,
175,5.314009661835748,26.261406333870102,27.294685990338163,10.312667740203972,13.935856146001074,3.052871712292002,2.636876006441224,8.608427267847558,0.38915727321524424,0.14761137949543746,1.8786902844873858,0.16774020397208803,,,
176,5.300590445517981,26.27482555018787,27.241009125067094,10.299248523886206,13.647342995169081,3.066290928609769,2.703972088030059,8.608427267847558,0.38915727321524424,0.14761137949543746,2.15378421900161,0.16774020397208803,,,
177,5.260332796564681,25.47638217928073,27.36849168008588,11.131239935587761,14.130434782608695,3.0327428878153517,2.7241009125067097,8.051529790660226,0.38915727321524424,0.14761137949543746,2.120236178207193,0.16774020397208803,,,
178,5.260332796564681,25.315351583467525,27.36849168008588,11.265432098765432,14.123725174449811,3.0327428878153517,2.7241009125067097,8.051529790660226,0.38915727321524424,0.14761137949543746,2.100107353730542,0.16774020397208803,0.05367686527106817,,
179,5.260332796564681,25.275093934514224,27.26784755770263,11.352657004830919,14.123725174449811,3.052871712292002,2.757648953301127,8.051529790660226,0.38915727321524424,0.14761137949543746,2.100107353730542,0.16774020397208803,0.05367686527106817,,
180,5.246913580246914,25.288513150831992,27.18733225979603,11.366076221148685,14.090177133655395,3.052871712292002,2.8381642512077296,8.038110574342458,0.38915727321524424,0.14761137949543746,2.13365539452496,0.16774020397208803,0.05367686527106817,,
181,5.213365539452496,24.84567901234568,27.03972088030059,11.79549114331723,14.070048309178745,3.079710144927536,2.9723564143853998,8.031400966183575,0.4025764895330113,0.17444981213097155,2.15378421900161,0.16774020397208803,0.05367686527106817,,
182,5.152979066022544,24.9194847020934,26.952495974235106,11.768652710681696,14.036500268384327,3.0595813204508855,3.0193236714975846,8.091787439613526,0.4025764895330113,0.17444981213097155,2.200751476113795,0.16774020397208803,0.05367686527106817,,
183,5.152979066022544,24.9194847020934,26.89210950080515,11.788781535158346,14.036500268384327,3.0595813204508855,3.0595813204508855,8.091787439613526,0.4025764895330113,0.17444981213097155,2.200751476113795,0.16774020397208803,0.05367686527106817,,
184,5.119431025228127,24.818840579710145,26.818303811057433,11.77536231884058,13.996242619431026,3.099838969404187,3.1065485775630703,8.192431561996779,0.4025764895330113,0.2147074610842727,2.2342995169082127,0.16774020397208803,0.05367686527106817,,
185,5.119431025228127,24.805421363392377,26.516371443907676,12.124261943102523,13.902308105206655,3.113258185721954,3.1602254428341383,8.192431561996779,0.3757380568974772,0.2147074610842727,2.254428341384863,0.16774020397208803,0.05367686527106817,,
186,5.092592592592593,24.724906065485776,26.167471819645733,12.453032742887816,13.90901771336554,3.2340311325818574,3.180354267310789,8.172302737520129,0.3757380568974772,0.2147074610842727,2.254428341384863,0.16774020397208803,0.05367686527106817,,
187,5.092592592592593,24.67793880837359,26.060118089103597,12.473161567364466,13.882179280730005,3.260869565217391,3.307836822329576,8.165593129361245,0.3757380568974772,0.2147074610842727,2.2410091250670963,0.16774020397208803,0.05367686527106817,0.026838432635534086,
188,5.092592592592593,24.60413311862587,26.04669887278583,12.392646269457863,13.868760064412239,3.374932903918411,3.3145464304884595,8.165593129361245,0.3757380568974772,0.2549651100375738,2.2611379495437465,0.16774020397208803,0.05367686527106817,0.026838432635534086,
