,45,50,55,51,52,53,54,56,58,60,59,57,61,46
0,99.73161567364465,0.2683843263553409,,,,,,,,,,,,
1,78.60305958132045,21.3768115942029,0.020128824476650563,,,,,,,,,,,
2,72.55099302200752,27.408749329039185,0.040257648953301126,,,,,,,,,,,
3,69.65244229736983,30.173107890499196,0.17444981213097155,,,,,,,,,,,
4,69.53166935050993,30.018786902844873,0.2549651100375738,0.040257648953301126,0.12077294685990338,0.03354804079441761,,,,,,,,
5,69.14922168545357,30.35426731078905,0.2885131508319914,0.05367686527106817,0.12077294685990338,0.03354804079441761,,,,,,,,
6,68.80032206119162,30.293880837359097,0.4562533548040794,0.0939345142243693,0.20128824476650564,0.03354804079441761,0.12077294685990338,,,,,,,
7,68.63929146537842,30.35426731078905,0.5367686527106817,0.11406333870101985,0.20128824476650564,0.03354804079441761,0.12077294685990338,,,,,,,
8,68.57219538378959,30.360976918947934,0.5568974771873323,0.15432098765432098,0.20128824476650564,0.03354804079441761,0.12077294685990338,,,,,,,
9,68.35077831454643,30.441492216854535,0.6709608158883521,0.15432098765432098,0.20128824476650564,0.03354804079441761,0.14761137949543746,,,,,,,
10,66.60628019323671,32.098765432098766,0.7581857219538379,0.16774020397208803,0.1878690284487386,0.03354804079441761,0.14761137949543746,,,,,,,
11,63.479602791196996,32.84353193773484,0.8118625872249061,0.1878690284487386,0.1878690284487386,2.3550724637681157,0.13419216317767044,,,,,,,
12,63.35882984433709,32.83682232957595,0.8923778851315083,0.2214170692431562,0.1878690284487386,2.3617820719269993,0.14090177133655393,,,,,,,
13,62.9495437466452,33.13204508856683,1.0064412238325282,0.2214170692431562,0.1878690284487386,2.3617820719269993,0.14090177133655393,,,,,,,
14,62.493290391841114,33.13875469672571,1.0802469135802468,0.5770263016639828,0.1878690284487386,2.38191089640365,0.14090177133655393,,,,,,,
15,57.11218464841653,38.25147611379496,1.2949543746645196,0.5837359098228664,0.1878690284487386,2.395330112721417,0.17444981213097155,,,,,,,
16,56.86392914653784,34.286097691894796,1.247987117552335,6.213097155126141,0.1878690284487386,1.093666129898014,0.07380568974771873,0.03354804079441761,,,,,,
17,50.89237788513151,40.21068169618894,1.3352120236178207,6.1929683306494905,0.1878690284487386,1.0802469135802468,0.06709608158883522,0.03354804079441761,,,,,,
18,47.89318303811057,41.277509393451425,2.965646806226516,4.87788513150832,1.7847557702630166,0.7917337627482555,0.12077294685990338,0.24825550187869028,0.040257648953301126,,,,,
19,47.73215244229737,41.44524959742351,2.952227589908749,4.7638217928073,1.7847557702630166,0.7917337627482555,0.12077294685990338,0.35560923242082665,0.040257648953301126,0.013419216317767043,,,,
20,47.678475577026305,41.37144390767579,3.046162104133119,4.7168545356951155,1.8048845947396672,0.8051529790660226,0.12077294685990338,0.4025764895330113,0.040257648953301126,0.013419216317767043,,,,
21,47.477187332259795,40.35829307568438,3.0595813204508855,5.803811057434245,1.8048845947396672,0.8185721953837896,0.14090177133655393,0.4562533548040794,0.040257648953301126,0.013419216317767043,0.026838432635534086,,,
22,47.0276435856146,40.485775630703166,3.2541599570585076,5.844068706387547,1.8183038110574343,0.8454106280193237,0.1878690284487386,0.4562533548040794,0.040257648953301126,0.013419216317767043,0.026838432635534086,,,
23,46.92028985507246,40.23752012882448,3.5292538915727323,5.797101449275362,1.8183038110574343,0.9192163177670424,0.20799785292538917,0.48980139559849706,0.040257648953301126,0.013419216317767043,0.026838432635534086,,,
24,44.477992485238865,40.66022544283414,3.475577026301664,5.0993022007514766,4.569243156199678,0.9393451422436929,0.36902844873859364,0.32877079978529256,0.040257648953301126,0.013419216317767043,0.026838432635534086,,,
25,43.98819108964037,38.217928073000536,3.33467525496511,8.11862587224906,4.616210413311863,0.8722490606548577,0.36902844873859364,0.3757380568974772,0.040257648953301126,0.013419216317767043,0.026838432635534086,0.026838432635534086,,
26,40.083199141170155,42.17659688674181,3.4017713365539453,7.997852925389157,4.508856682769726,0.9057971014492754,0.3421900161030596,0.47638217928073,0.040257648953301126,0.013419216317767043,0.026838432635534086,0.026838432635534086,,
27,39.741009125067094,42.109500805152976,3.589640365002684,8.085077831454644,4.622920021470746,0.9393451422436929,0.35560923242082665,0.4495437466451959,0.040257648953301126,0.013419216317767043,0.026838432635534086,0.026838432635534086,,
28,30.26033279656468,53.50912506709608,3.643317230273752,6.226516371443908,4.669887278582931,0.7648953301127214,0.3757380568974772,0.4428341384863124,0.040257648953301126,0.013419216317767043,0.026838432635534086,0.026838432635534086,,
29,23.564143853998928,60.31266774020397,3.670155662909286,6.038647342995169,4.62962962962963,0.8185721953837896,0.32877079978529256,0.47638217928073,0.040257648953301126,0.013419216317767043,0.026838432635534086,0.08051529790660225,,
30,23.55072463768116,60.17176596886742,3.7372517444981215,6.005099302200751,4.616210413311863,0.8185721953837896,0.36231884057971014,0.5501878690284487,0.040257648953301126,0.013419216317767043,0.026838432635534086,0.10735373054213634,,
31,23.58427267847558,56.58212560386473,3.978797638217928,5.978260869565218,7.85024154589372,0.9393451422436929,0.32877079978529256,0.5703166935050993,0.040257648953301126,0.013419216317767043,0.026838432635534086,0.10735373054213634,,
32,22.86634460547504,55.69645732689211,4.146537842190016,7.206119162640902,7.742887815351583,0.9393451422436929,0.5636070853462157,0.5703166935050993,0.040257648953301126,0.013419216317767043,0.026838432635534086,0.1878690284487386,,
33,22.973698336017176,54.6027911969941,4.367954911433173,7.25979602791197,7.75630703166935,0.966183574879227,1.1808910359634996,0.6239935587761675,0.040257648953301126,0.013419216317767043,0.026838432635534086,0.1878690284487386,,
34,23.027375201288244,54.43505099302201,4.455179817498658,7.25979602791197,7.709339774557166,1.0064412238325282,1.2278582930756843,0.6105743424584005,0.040257648953301126,0.013419216317767043,0.026838432635534086,0.1878690284487386,,
35,21.75925925925926,55.2536231884058,4.797369833601718,7.212828770799785,7.689210950080516,1.0332796564680622,1.2748255501878691,0.6776704240472357,0.05367686527106817,0.013419216317767043,0.026838432635534086,0.20799785292538917,,
36,21.591519055287172,55.112721417069245,4.918142780461621,7.273215244229737,7.467793880837359,1.093666129898014,1.247987117552335,0.785024154589372,0.05367686527106817,0.013419216317767043,0.040257648953301126,0.4025764895330113,,
37,21.537842190016104,54.93827160493827,5.475040257648954,6.9310252281266775,7.454374664519592,1.1205045625335481,1.247987117552335,0.8118625872249061,0.05367686527106817,0.013419216317767043,0.040257648953301126,0.3757380568974772,,
38,21.531132581857218,54.6027911969941,5.709876543209877,6.991411701556629,7.192699946323135,1.3955984970477724,1.247987117552335,0.8521202361782072,0.05367686527106817,0.013419216317767043,0.020128824476650563,0.38915727321524424,,
39,21.40365002683843,52.24771873322598,5.83064949006978,6.9310252281266775,9.406870638754697,1.4895330112721417,1.1741814278046163,1.0399892646269457,0.05367686527106817,0.013419216317767043,0.020128824476650563,0.38915727321524424,,
40,21.256038647342994,52.28797638217928,5.884326355340848,6.890767579173376,9.29951690821256,1.5499194847020934,1.221148684916801,1.0399892646269457,0.08051529790660225,0.013419216317767043,0.020128824476650563,0.4562533548040794,,
41,21.28287707997853,52.160493827160494,5.850778314546431,6.9310252281266775,9.145195920558239,1.6035963499731616,1.3016639828234031,1.0399892646269457,0.0939345142243693,0.03354804079441761,0.020128824476650563,0.5367686527106817,,
42,21.276167471819647,51.878690284487384,6.031937734836285,6.951154052603328,9.01100375738057,1.5901771336553945,1.3955984970477724,1.0601180891035964,0.13419216317767044,0.03354804079441761,0.020128824476650563,0.6172839506172839,,
43,21.370101986044016,51.69753086419753,6.078904991948471,6.9243156199677935,9.004294149221685,1.6572732152442298,1.3620504562533549,1.0869565217391304,0.14761137949543746,0.03354804079441761,0.020128824476650563,0.6172839506172839,,
44,21.390230810520666,51.42243692968331,6.031937734836285,6.890767579173376,8.99087493290392,1.8250134192163177,1.4492753623188406,1.1003757380568975,0.14761137949543746,0.03354804079441761,0.10064412238325282,0.6172839506172839,,
45,21.604938271604937,50.966183574879224,6.280193236714976,6.790123456790123,8.977455716586151,1.8786902844873858,1.442565754159957,1.1741814278046163,0.14761137949543746,0.03354804079441761,0.10064412238325282,0.6038647342995169,,
46,21.631776704240472,50.59044551798175,6.5485775630703165,6.78341384863124,8.896940418679549,1.90552871712292,1.4761137949543746,1.2815351583467525,0.14761137949543746,0.03354804079441761,0.10064412238325282,0.6038647342995169,,
47,21.62506709608159,50.30864197530864,6.635802469135802,6.8035426731078905,8.923778851315083,1.9390767579173376,1.6103059581320451,1.2815351583467525,0.14761137949543746,0.03354804079441761,0.10064412238325282,0.5904455179817498,,
48,21.36339237788513,48.76543209876543,6.474771873322598,6.89747718733226,10.923242082662373,1.892109500805153,1.6170155662909287,1.2412775093934514,0.1878690284487386,0.03354804079441761,0.08722490606548577,0.5166398282340311,,
49,21.4170692431562,48.25550187869028,6.830381105743425,6.91760601180891,10.923242082662373,1.9189479334406871,1.6237251744498122,1.247987117552335,0.1878690284487386,0.03354804079441761,0.08722490606548577,0.5568974771873323,,
50,20.135534084809446,52.77777777777778,6.488191089640365,6.367418142780462,8.702361782071927,1.7847557702630166,1.7042404723564144,1.2345679012345678,0.1878690284487386,0.03354804079441761,0.08722490606548577,0.49651100375738055,,
51,19.03515834675255,49.18142780461621,6.6760601180891035,6.005099302200751,10.050993022007514,5.273752012882448,1.6505636070853462,1.2681159420289856,0.20128824476650564,0.03354804079441761,0.08722490606548577,0.5367686527106817,,
52,19.108964036500268,48.85265700483092,6.991411701556629,5.991680085882985,10.017444981213098,5.260332796564681,1.6304347826086956,1.2681159420289856,0.23483628556092323,0.03354804079441761,0.08051529790660225,0.5300590445517982,,
53,18.907675791733762,48.530595813204506,5.958132045088567,4.294149221685454,13.862050456253355,5.173107890499195,1.5365002683843263,0.9326355340848095,0.2549651100375738,,,0.5501878690284487,,
54,18.94122383252818,47.839506172839506,6.515029522275899,4.341116478797638,13.687600644122384,5.065754159957058,1.5432098765432098,1.1205045625335481,0.2549651100375738,,0.020128824476650563,0.6709608158883521,,
55,18.773483628556093,45.1154052603328,6.239935587761675,4.4820182501341925,16.545893719806763,5.052334943639291,1.6035963499731616,1.1473429951690821,0.24154589371980675,,0.020128824476650563,0.7783145464304885,,
56,18.659420289855074,44.69940955448202,6.568706387546968,4.468599033816425,16.7337627482555,5.038915727321524,1.5767579173376274,1.133923778851315,0.2549651100375738,,0.020128824476650563,0.8454106280193237,,
57,18.572195383789587,44.498121309715515,6.6760601180891035,4.62962962962963,16.680085882984432,5.038915727321524,1.5901771336553945,1.1540526033279657,0.2616747181964573,,0.020128824476650563,0.8789586688137413,,
58,18.49838969404187,44.42431561996779,6.709608158883521,4.602791196994096,16.371443907675793,5.032206119162641,1.6103059581320451,1.3083735909822867,0.2616747181964573,,0.020128824476650563,1.1607622114868492,,
59,18.08239398819109,43.45142243692968,6.689479334406871,4.562533548040794,17.887815351583466,4.99194847020934,1.6170155662909287,1.328502415458937,0.2683843263553409,0.026838432635534086,0.020128824476650563,1.0735373054213635,,
60,18.04884594739667,43.10923242082662,6.964573268921095,4.64975845410628,17.793880837359097,4.99194847020934,1.5163714439076759,1.3150831991411702,0.46296296296296297,0.026838432635534086,0.020128824476650563,1.1003757380568975,,
61,18.23671497584541,42.901234567901234,7.004830917874396,4.643048845947397,17.62614063338701,5.038915727321524,1.482823403113258,1.4090177133655395,0.46296296296296297,0.026838432635534086,0.020128824476650563,1.1473429951690821,,
62,18.243424584004295,42.86768652710682,7.092055823939882,4.676596886741814,17.579173376274827,4.998658078368224,1.5432098765432098,1.4224369296833066,0.46967257112184646,0.026838432635534086,0.020128824476650563,1.0601180891035964,,
63,18.391035963499732,42.659688674181425,7.219538378958669,4.669887278582931,17.47181964573269,4.924852388620504,1.556629092860977,1.4224369296833066,0.5434782608695652,0.026838432635534086,0.020128824476650563,1.093666129898014,,
64,18.364197530864196,42.190016103059584,7.481213097155126,4.676596886741814,17.310789049919485,4.958400429414922,1.8585614600107354,1.3821792807300053,0.5971551261406334,0.026838432635534086,0.020128824476650563,1.133923778851315,,
65,18.290391841116477,41.84111647879764,7.380568974771873,5.159688674181428,17.28395061728395,4.998658078368224,1.8585614600107354,1.3687600644122384,0.630703166935051,0.026838432635534086,0.020128824476650563,1.1406333870101986,,
66,18.243424584004295,41.324476650563604,7.722758990874933,5.199946323134729,17.216854535695116,4.99194847020934,2.01959205582394,1.3687600644122384,0.6776704240472357,0.026838432635534086,0.020128824476650563,1.1876006441223832,,
67,18.203166935050994,41.21041331186259,8.064949006977992,5.226784755770263,16.71363392377885,5.159688674181428,2.046430488459474,1.583467525496511,0.6508319914117016,0.026838432635534086,0.020128824476650563,1.093666129898014,,
68,17.975040257648953,40.324745034889965,7.830112721417069,6.622383252818035,16.492216854535695,5.213365539452496,2.073268921095008,1.6103059581320451,0.6508319914117016,0.026838432635534086,,1.1808910359634996,,
69,17.773752012882447,40.4320987654321,7.823403113258186,6.635802469135802,16.31105743424584,5.213365539452496,2.1135265700483092,1.710950080515298,0.6977992485238862,0.026838432635534086,0.03354804079441761,1.2278582930756843,,
70,17.713365539452496,40.304616210413315,7.971014492753623,6.629092860976919,16.27750939345142,5.199946323134729,2.1135265700483092,1.737788513150832,0.6977992485238862,0.026838432635534086,0.03354804079441761,1.2949543746645196,,
71,17.391304347826086,40.45222758990875,8.004562533548041,6.66935050993022,16.163446054750402,5.179817498658078,2.120236178207193,1.8048845947396672,0.8185721953837896,0.026838432635534086,0.03354804079441761,1.3352120236178207,,
72,17.444981213097154,40.25764895330113,8.105206655931294,6.696188942565755,16.049382716049383,5.173107890499195,2.13365539452496,1.8048845947396672,0.8185721953837896,0.026838432635534086,0.03354804079441761,1.4559849704777241,,
73,17.391304347826086,39.98926462694579,8.36688137412775,6.6760601180891035,15.96886741814278,5.186527106816962,2.1604938271604937,1.8384326355340848,0.8185721953837896,0.026838432635534086,0.03354804079441761,1.5432098765432098,,
74,16.847826086956523,39.29817498658078,8.561460010735374,7.608695652173913,15.901771336553946,5.2066559312936125,2.15378421900161,2.0531400966183573,0.7716049382716049,0.026838432635534086,0.03354804079441761,1.5365002683843263,,
75,16.814278046162105,39.22436929683307,8.715780998389693,7.555018786902845,15.881642512077295,5.179817498658078,2.1068169618894257,2.15378421900161,0.7514761137949544,0.026838432635534086,0.03354804079441761,1.556629092860977,,
76,16.961889425657542,39.12372517444981,8.655394524959743,7.474503488996243,15.821256038647343,5.267042404723564,2.120236178207193,2.2745571658615136,0.7917337627482555,0.026838432635534086,0.03354804079441761,1.4492753623188406,,
77,16.458668813741276,37.506709608158886,8.474235104669887,7.347020933977456,18.00858829844337,5.401234567901234,2.0799785292538915,2.3617820719269993,0.7917337627482555,0.026838432635534086,0.03354804079441761,1.5096618357487923,,
78,16.639828234031132,37.4597423510467,8.407139023081053,7.266505636070853,17.894524959742352,5.475040257648954,2.086688137412775,2.3752012882447664,0.7917337627482555,0.026838432635534086,0.03354804079441761,1.5432098765432098,,
79,16.666666666666668,37.23832528180354,8.340042941492216,7.313472893183038,17.76033279656468,5.649490069779925,2.26784755770263,2.3617820719269993,0.7917337627482555,0.026838432635534086,0.03354804079441761,1.5499194847020934,,
80,16.6935050993022,37.13768115942029,8.407139023081053,7.246376811594203,17.733494363929147,5.71658615136876,2.281266774020397,2.408749329039184,0.7917337627482555,0.026838432635534086,0.03354804079441761,1.5230810520665594,,
81,16.626409017713364,36.9699409554482,8.561460010735374,7.340311325818572,17.70665593129361,5.6964573268921095,2.281266774020397,2.408749329039184,0.7783145464304885,0.026838432635534086,0.03354804079441761,1.570048309178744,,
82,16.774020397208805,36.72168545356951,8.608427267847558,7.300053676865271,17.69994632313473,5.669618894256575,2.3081052066559313,2.4557165861513686,0.7783145464304885,0.026838432635534086,0.03354804079441761,1.6237251744498122,,
83,16.820987654320987,36.480139559849704,8.756038647342995,7.347020933977456,17.599302200751477,5.736714975845411,2.3483628556092326,2.442297369833602,0.7917337627482555,0.0067096081588835215,0.03354804079441761,1.6371443907675791,,
84,16.6935050993022,36.16478797638218,8.78287707997853,7.716049382716049,17.55233494363929,5.756843800322061,2.408749329039184,2.428878153515835,0.7917337627482555,0.0067096081588835215,0.03354804079441761,1.6639828234031133,,
85,16.700214707461082,35.950080515297905,8.964036500268385,7.595276435856146,17.52549651100376,5.776972624798712,2.6167471819645733,2.38191089640365,0.7917337627482555,0.0067096081588835215,0.03354804079441761,1.6572732152442298,,
86,16.6129898013956,34.21229200214707,8.420558239398819,7.595276435856146,17.45169082125604,7.742887815351583,2.999194847020934,2.4154589371980677,0.8051529790660226,0.0067096081588835215,0.03354804079441761,1.7042404723564144,,
87,16.760601180891037,34.17874396135266,8.353462157809984,7.595276435856146,17.317498658078367,7.776435856146001,2.985775630703167,2.4154589371980677,0.8051529790660226,0.0067096081588835215,0.03354804079441761,1.7713365539452497,,
88,16.881374127750938,34.11164787976382,8.259527643585615,7.575147611379496,17.270531400966185,7.796564680622652,2.999194847020934,2.395330112721417,0.8454106280193237,0.0067096081588835215,0.03354804079441761,1.8250134192163177,,
89,16.820987654320987,33.93048845947396,8.219269994632313,7.521470746108427,17.196725711218466,8.004562533548041,3.126677402039721,2.408749329039184,0.8454106280193237,0.0067096081588835215,0.03354804079441761,1.8853998926462694,,
90,16.794149221685455,33.762748255501876,8.158883521202362,7.367149758454106,17.37788513150832,7.917337627482555,3.280998389694042,2.462426194310252,0.8923778851315083,0.0067096081588835215,0.03354804079441761,1.9457863660762211,,
91,16.720343531937736,33.69565217391305,8.152173913043478,7.300053676865271,17.478529253891573,7.9039184111647875,3.321256038647343,2.5295222758990876,0.9393451422436929,0.0067096081588835215,0.03354804079441761,1.9189479334406871,,
92,16.67337627482555,33.62855609232421,8.199141170155663,7.273215244229737,17.398013955984972,7.843531937734836,3.408480944712829,2.6301663982823404,0.9728931830381106,0.0067096081588835215,0.03354804079441761,1.932367149758454,,
93,16.659957058507782,33.52791196994095,8.199141170155663,7.427536231884058,17.351046698872786,7.823403113258186,3.421900161030596,2.6033279656468062,0.9997316156736447,0.0067096081588835215,0.03354804079441761,1.9457863660762211,,
94,16.7337627482555,33.13875469672571,8.440687063875469,7.467793880837359,17.277241009125067,7.87037037037037,3.4286097691894795,2.6033279656468062,0.9930220075147611,0.0067096081588835215,0.03354804079441761,2.006172839506173,,
95,16.740472356414386,32.50805152979066,8.393719806763285,8.252818035426731,17.122920021470748,7.897208803005904,3.408480944712829,2.636876006441224,0.9930220075147611,0.0067096081588835215,0.03354804079441761,2.006172839506173,,
96,16.1231884057971,31.246645195920557,8.07836822329576,14.432367149758454,14.251207729468598,7.675791733762749,3.227321524422974,2.4892646269457863,0.9930220075147611,0.0067096081588835215,0.03354804079441761,1.442565754159957,,
97,16.15673644659152,30.96484165324745,8.004562533548041,14.38539989264627,14.244498121309716,7.682501341921632,3.556092324208266,2.49597423510467,1.0332796564680622,0.0067096081588835215,0.03354804079441761,1.4358561460010735,,
98,16.264090177133657,30.85077831454643,7.977724100912507,14.204240472356414,14.13714439076758,7.749597423510467,3.6097691894793345,2.6704240472356413,1.0735373054213635,0.0067096081588835215,0.03354804079441761,1.4224369296833066,,
99,15.881642512077295,31.199677938808374,8.011272141706923,14.143853998926463,14.056629092860977,7.7831454643048845,3.656736446591519,2.690552871712292,1.0466988727858293,0.0067096081588835215,0.03354804079441761,1.4895330112721417,,
100,15.868223295759528,31.105743424584006,8.05823939881911,14.13714439076758,13.996242619431026,7.87037037037037,3.7037037037037037,2.6637144390767578,1.0735373054213635,0.0067096081588835215,0.03354804079441761,1.482823403113258,,
101,15.841384863123993,31.052066559312937,8.07836822329576,14.06333870101986,13.868760064412239,7.87037037037037,3.743961352657005,2.9119699409554483,1.093666129898014,0.0067096081588835215,0.03354804079441761,1.4358561460010735,,
102,15.83467525496511,30.810520665593128,8.111916264090176,14.002952227589908,13.81508319914117,8.179012345679013,3.750670960815888,2.8784219001610305,1.093666129898014,0.0067096081588835215,0.03354804079441761,1.482823403113258,,
103,15.854804079441761,30.461621041331185,8.474235104669887,13.969404186795492,13.539989264626946,8.179012345679013,3.7573805689747717,2.85829307568438,1.06682769726248,0.0067096081588835215,0.03354804079441761,1.7981749865807837,,
104,15.767579173376275,30.233494363929147,8.55475040257649,14.04320987654321,13.385668276972625,8.360171765968868,3.770799785292539,2.898550724637681,1.06682769726248,0.0067096081588835215,0.03354804079441761,1.8786902844873858,,
105,15.72061191626409,30.24020397208803,8.53462157809984,14.023081052066559,13.325281803542673,8.460815888352121,3.743961352657005,2.9253891572732154,1.0802469135802468,0.03354804079441761,0.03354804079441761,1.8786902844873858,,
106,15.774288781535159,30.14626945786366,8.514492753623188,14.002952227589908,13.305152979066023,8.527911969940956,3.7372517444981215,2.918679549114332,1.0735373054213635,0.0067096081588835215,0.06038647342995169,1.932367149758454,,
107,15.794417606011809,29.958400429414922,8.507783145464305,14.090177133655395,13.258185721953838,8.568169618894256,3.784219001610306,2.9723564143853998,1.0735373054213635,0.0067096081588835215,0.06038647342995169,1.9256575415995705,,
108,15.713902308105206,29.810789049919485,8.588298443370908,14.083467525496511,13.311862587224907,8.514492753623188,3.9184111647879765,2.9589371980676327,1.1272141706924315,0.0067096081588835215,0.06038647342995169,1.90552871712292,,
109,15.613258185721953,29.8040794417606,8.68894256575416,13.942565754159958,13.278314546430488,8.621846484165324,3.92512077294686,3.0394524959742353,1.1272141706924315,0.0067096081588835215,0.06038647342995169,1.892109500805153,,
110,15.821256038647343,29.643048845947398,8.756038647342995,13.88888888888889,13.271604938271604,8.55475040257649,3.9318303811057436,3.026033279656468,1.1741814278046163,0.0067096081588835215,0.06038647342995169,1.865271068169619,,
111,15.807836822329575,29.61621041331186,8.896940418679549,13.667471819645733,13.311862587224907,8.59500805152979,3.92512077294686,3.079710144927536,1.1540526033279657,0.0067096081588835215,0.06038647342995169,1.8786902844873858,,
112,15.734031132581856,29.57595276435856,8.863392377885132,13.647342995169081,13.33870101986044,8.588298443370908,4.019055287171229,3.079710144927536,1.1406333870101986,0.0067096081588835215,0.06038647342995169,1.9457863660762211,,
113,15.499194847020934,27.905260332796566,10.916532474503489,13.613794954374665,13.325281803542673,8.568169618894256,3.9318303811057436,3.0730005367686526,1.133923778851315,0.0067096081588835215,0.08051529790660225,1.9256575415995705,0.020128824476650563,
114,15.53274288781535,27.78448738593666,10.983628556092324,13.600375738056897,13.378958668813741,8.655394524959743,3.864734299516908,3.079710144927536,1.1137949543746646,0.0067096081588835215,0.08051529790660225,1.8988191089640365,0.020128824476650563,
115,15.217391304347826,26.422436929683307,10.601180891035963,13.58695652173913,12.68786902844874,11.634460547504025,3.6634460547504024,3.079710144927536,1.06682769726248,0.0067096081588835215,0.08051529790660225,1.9189479334406871,0.03354804079441761,
116,15.26435856146001,26.362050456253353,10.567632850241546,13.58695652173913,12.526838432635534,11.668008588298443,3.8714439076757916,3.0394524959742353,1.0534084809447128,0.0067096081588835215,0.08051529790660225,1.9189479334406871,0.05367686527106817,
117,15.318035426731079,26.29495437466452,10.648148148148149,13.560118089103597,12.466451959205582,11.641170155662909,3.898282340311326,3.052871712292002,1.0802469135802468,0.0067096081588835215,0.08051529790660225,1.8585614600107354,0.0939345142243693,
118,15.351583467525497,26.29495437466452,10.63472893183038,13.553408480944713,12.5,11.641170155662909,3.851315083199141,3.0595813204508855,1.0735373054213635,0.0067096081588835215,0.08051529790660225,1.8585614600107354,0.0939345142243693,
119,15.418679549114332,26.261406333870102,10.641438539989265,13.479602791196994,12.493290391841116,11.600912506709609,3.878153515834675,3.079710144927536,1.1205045625335481,0.0067096081588835215,0.08051529790660225,1.8451422436929683,0.0939345142243693,
120,15.324745034889963,25.711218464841654,10.795759527643586,13.446054750402576,12.506709608158884,11.533816425120772,4.528985507246377,3.052871712292002,1.093666129898014,0.0067096081588835215,0.07380568974771873,1.8317230273752012,0.0939345142243693,
121,15.197262479871176,25.563607085346217,10.111379495437467,13.144122383252817,14.251207729468598,11.419753086419753,4.4753086419753085,2.871712292002147,1.107085346215781,0.0067096081588835215,0.10064412238325282,1.6572732152442298,0.0939345142243693,
122,12.661030595813205,22.940150295222757,9.27938808373591,19.840311325818572,14.875201288244767,10.836017176596886,4.206924315619967,2.5429414922168547,0.966183574879227,0.03354804079441761,0.10064412238325282,1.6237251744498122,0.0939345142243693,
123,12.567096081588835,22.805958132045088,9.23913043478261,19.612184648416534,15.163714439076758,10.789049919484702,4.320987654320987,2.6167471819645733,0.9460547504025765,0.03354804079441761,0.10064412238325282,1.710950080515298,0.0939345142243693,
124,12.31213097155126,22.477187332259795,9.346484165324744,22.23564143853999,14.029790660225443,10.044283413848632,4.314278046162104,2.4892646269457863,0.9460547504025765,0.03354804079441761,0.10064412238325282,1.5499194847020934,0.12077294685990338,
125,12.191358024691358,21.39694041867955,9.004294149221685,24.315619967793882,12.184648416532475,11.426462694578637,4.2203435319377345,2.4825550187869028,0.95276435856146,0.03354804079441761,0.10064412238325282,1.570048309178744,0.12077294685990338,
126,12.29200214707461,21.20907139023081,8.93719806763285,23.731884057971016,12.110842726784755,11.352657004830919,5.166398282340311,2.442297369833602,0.95276435856146,0.03354804079441761,0.10064412238325282,1.5499194847020934,0.12077294685990338,
127,12.352388620504563,21.041331186258724,8.977455716586151,23.64465915190553,12.06387546967257,11.325818572195384,5.320719269994632,2.509393451422437,0.9728931830381106,0.03354804079441761,0.10064412238325282,1.5365002683843263,0.12077294685990338,
128,11.641170155662909,18.075684380032207,5.810520665593129,39.64036500268384,9.380032206119163,6.655931293612453,4.958400429414922,1.892109500805153,0.630703166935051,0.0067096081588835215,0.08051529790660225,1.2278582930756843,,
129,11.3593666129898,17.847557702630166,5.756843800322061,40.747450348899626,8.903650026838433,6.602254428341385,4.797369833601718,2.073268921095008,0.630703166935051,0.0067096081588835215,0.08051529790660225,1.1943102522812667,,
130,11.325818572195384,17.767042404723565,5.783682232957595,40.57300053676865,8.917069243156199,6.642512077294686,4.830917874396135,2.2208803005904456,0.6575415995705851,0.0067096081588835215,0.08051529790660225,1.1943102522812667,,
131,11.366076221148685,17.639559849704778,5.730005367686527,40.3918411164788,8.950617283950617,6.729736983360172,4.891304347826087,2.3349436392914655,0.6575415995705851,0.0067096081588835215,0.0939345142243693,1.2077294685990339,,
132,11.446591519055287,17.619431025228128,5.803811057434245,40.17042404723564,8.890230810520666,6.642512077294686,4.864465915190553,2.5563607085346214,0.7045088566827697,0.0067096081588835215,0.0939345142243693,1.2010198604401503,,
133,11.621041331186259,17.485238862050455,5.810520665593129,39.95571658615137,8.856682769726248,6.763285024154589,4.74369296833065,2.7509393451422435,0.7179280730005367,0.0067096081588835215,0.0939345142243693,1.1943102522812667,,
134,11.735104669887278,17.431561996779386,5.783682232957595,39.71417069243156,8.856682769726248,6.790123456790123,4.790660225442834,2.8515834675254963,0.7313472893183038,0.0067096081588835215,0.0939345142243693,1.2144390767579174,,
135,11.788781535158346,17.317498658078367,5.8239398819108965,39.418947933440684,8.84326355340848,6.756575415995706,4.810789049919484,3.166935050993022,0.7581857219538379,0.0067096081588835215,0.0939345142243693,1.2144390767579174,,
136,11.761943102522812,17.28395061728395,5.837359098228664,39.31159420289855,8.816425120772946,6.843800322061192,4.884594739667204,3.2004830917874396,0.7581857219538379,0.0067096081588835215,0.0939345142243693,1.2010198604401503,,
137,11.869296833064949,17.23027375201288,5.776972624798712,39.231078904991946,8.836553945249598,6.763285024154589,4.911433172302737,3.3011272141706924,0.7783145464304885,0.0067096081588835215,0.0939345142243693,1.2010198604401503,,
138,11.728395061728396,16.847826086956523,5.522007514761138,40.00939345142244,8.742619431025227,6.870638754696726,4.8376274825550185,3.3011272141706924,0.7783145464304885,0.0067096081588835215,0.0939345142243693,1.261406333870102,,
139,11.79549114331723,16.78743961352657,5.615942028985507,39.841653247450346,8.702361782071927,6.890767579173376,4.911433172302737,3.3548040794417604,0.7380568974771873,0.0067096081588835215,0.0939345142243693,1.261406333870102,,
140,11.788781535158346,16.659957058507782,5.615942028985507,39.801395598497045,8.709071390230811,6.944444444444445,4.884594739667204,3.3548040794417604,0.7648953301127214,0.0067096081588835215,0.0939345142243693,1.3754696725711217,,
141,11.855877616747183,16.53918411164788,5.60252281266774,39.398819108964034,8.507783145464305,7.273215244229737,5.320719269994632,3.361513687600644,0.7783145464304885,0.0067096081588835215,0.0939345142243693,1.261406333870102,,
142,11.822329575952764,16.364734299516908,5.595813204508857,39.30488459473967,8.501073537305421,7.219538378958669,5.629361245303274,3.4017713365539453,0.798443370907139,0.0067096081588835215,0.0939345142243693,1.261406333870102,,
143,11.869296833064949,16.344605475040257,5.649490069779925,39.18411164787977,8.501073537305421,7.300053676865271,5.615942028985507,3.361513687600644,0.8252818035426731,0.0067096081588835215,0.0939345142243693,1.247987117552335,,
144,11.788781535158346,16.398282340311326,5.649490069779925,39.06333870101986,8.494363929146537,7.320182501341922,5.71658615136876,3.421900161030596,0.8185721953837896,0.0067096081588835215,0.0939345142243693,1.2278582930756843,,
145,11.372785829307569,15.398550724637682,5.166398282340311,43.42458400429415,7.37385936661299,6.723027375201288,4.938271604938271,3.784219001610306,0.6105743424584005,0.0067096081588835215,0.08051529790660225,1.1205045625335481,,
146,11.486849168008588,15.371712292002147,5.0858829844337095,42.89452495974235,7.387278582930757,6.769994632313473,5.24020397208803,3.9452495974235107,0.6105743424584005,0.0067096081588835215,0.08051529790660225,1.1205045625335481,,
147,11.560654857756306,15.331454643048845,5.12614063338701,42.47852925389157,7.367149758454106,6.763285024154589,5.300590445517981,4.2203435319377345,0.6239935587761675,0.0067096081588835215,0.08051529790660225,1.1406333870101986,,
148,11.654589371980677,15.28448738593666,5.428073000536768,42.0222758990875,7.440955448201825,6.6760601180891035,5.320719269994632,4.28743961352657,0.6575415995705851,0.0067096081588835215,0.08051529790660225,1.1406333870101986,,
149,11.668008588298443,15.136876006441224,5.522007514761138,41.680085882984436,7.380568974771873,6.763285024154589,5.495169082125604,4.49543746645196,0.630703166935051,0.0067096081588835215,0.08051529790660225,1.1406333870101986,,
150,11.654589371980677,15.116747181964573,5.629361245303274,41.41170155662909,7.427536231884058,6.790123456790123,5.495169082125604,4.616210413311863,0.630703166935051,0.0067096081588835215,0.08051529790660225,1.1406333870101986,,
151,11.688137412775093,15.029522275899087,5.797101449275362,40.98228663446055,7.494632313472893,6.769994632313473,5.58239398819109,4.757112184648417,0.6843800322061192,0.0067096081588835215,0.08051529790660225,1.1272141706924315,,
152,11.728395061728396,14.888620504562533,5.844068706387547,40.85480407944176,7.50805152979066,6.830381105743425,5.629361245303274,4.790660225442834,0.6843800322061192,0.0067096081588835215,0.10735373054213634,1.1272141706924315,,
153,11.768652710681696,14.814814814814815,6.031937734836285,40.49248523886205,7.454374664519592,6.9243156199677935,5.589103596349974,4.998658078368224,0.6977992485238862,0.0067096081588835215,0.10735373054213634,1.1137949543746646,,
154,10.802469135802468,12.86231884057971,5.562265163714439,45.13553408480945,7.326892109500805,6.702898550724638,5.119431025228127,4.562533548040794,0.7045088566827697,0.0067096081588835215,0.10735373054213634,1.107085346215781,,
155,10.809178743961352,12.721417069243156,5.723295759527644,44.927536231884055,7.273215244229737,6.743156199677939,5.146269457863661,4.676596886741814,0.7313472893183038,0.0067096081588835215,0.10735373054213634,1.133923778851315,,
156,10.775630703166936,12.607353730542137,5.71658615136876,44.337090713902306,7.132313472893183,6.266774020397209,6.689479334406871,4.622920021470746,0.6575415995705851,0.0067096081588835215,0.10735373054213634,1.0802469135802468,,
157,10.802469135802468,12.533548040794418,5.803811057434245,44.015029522275896,7.112184648416532,6.474771873322598,6.729736983360172,4.676596886741814,0.644122383252818,0.0067096081588835215,0.10735373054213634,1.093666129898014,,
158,10.997047772410092,12.506709608158884,5.850778314546431,43.605743424584006,7.051798174986581,6.501610305958132,6.763285024154589,4.891304347826087,0.644122383252818,0.0067096081588835215,0.10735373054213634,1.0735373054213635,,
159,11.010466988727858,12.47987117552335,5.8239398819108965,43.4044551798175,7.0450885668276975,6.494900697799249,6.729736983360172,5.159688674181428,0.630703166935051,0.0067096081588835215,0.12077294685990338,1.093666129898014,,
160,10.983628556092324,12.493290391841116,5.8239398819108965,43.344068706387546,6.9310252281266775,6.541867954911433,6.729736983360172,5.186527106816962,0.6172839506172839,0.0067096081588835215,0.12077294685990338,1.221148684916801,,
161,10.997047772410092,12.4597423510467,5.964841653247451,43.15619967793881,6.9243156199677935,6.5552871712292005,6.702898550724638,5.199946323134729,0.6172839506172839,0.0067096081588835215,0.12077294685990338,1.2949543746645196,,
162,11.097691894793345,12.392646269457863,6.025228126677402,42.74691358024691,6.984702093397746,6.689479334406871,6.655931293612453,5.35426731078905,0.630703166935051,0.0067096081588835215,0.12077294685990338,1.2949543746645196,,
163,11.077563070316694,12.432903918411165,6.085614600107354,42.56575415995706,6.984702093397746,6.6760601180891035,6.6827697262479875,5.4549114331723025,0.630703166935051,0.0067096081588835215,0.12077294685990338,1.2815351583467525,,
164,11.144659151905529,12.258454106280194,6.038647342995169,42.1430488459474,7.011540526033279,6.810252281266774,6.91760601180891,5.642780461621041,0.630703166935051,0.0067096081588835215,0.12077294685990338,1.2748255501878691,,
165,10.86285560923242,11.540526033279656,5.542136339237788,41.92163177670424,7.011540526033279,8.568169618894256,6.991411701556629,5.508588298443371,0.6374127750939346,0.0067096081588835215,0.17444981213097155,1.2345679012345678,,
166,11.037305421363392,11.513687600644122,5.508588298443371,41.666666666666664,7.03166935050993,8.53462157809984,6.977992485238862,5.683038110574342,0.6374127750939346,,0.17444981213097155,1.2345679012345678,,
167,11.030595813204508,11.52710681696189,5.515297906602254,41.42512077294686,7.098765432098766,8.494363929146537,7.024959742351046,5.810520665593129,0.630703166935051,,0.17444981213097155,1.2681159420289856,,
168,11.05072463768116,11.171497584541063,5.495169082125604,42.21685453569511,7.078636607622115,8.373590982286634,6.729736983360172,5.83064949006978,0.630703166935051,,0.15432098765432098,1.2681159420289856,,
169,11.137949543746645,11.11111111111111,5.615942028985507,41.99543746645196,7.058507783145465,8.360171765968868,6.756575415995706,5.911164787976382,0.630703166935051,,0.15432098765432098,1.2681159420289856,,
170,11.238593666129898,11.037305421363392,5.522007514761138,41.639828234031135,7.085346215780999,8.78287707997853,6.635802469135802,5.964841653247451,0.630703166935051,,0.19457863660762212,1.2681159420289856,,
171,11.285560923242082,11.05072463768116,5.5689747718733225,41.40499194847021,7.085346215780999,8.776167471819646,6.662640901771336,6.078904991948471,0.6374127750939346,,0.19457863660762212,1.2546967257112185,,
172,11.406333870101985,11.023886205045626,5.689747718733226,41.1634460547504,7.152442297369833,8.776167471819646,6.655931293612453,6.0587761674718195,0.6374127750939346,,0.19457863660762212,1.2412775093934514,,
173,11.52710681696189,10.93666129898014,5.750134192163178,41.04938271604938,7.105475040257649,8.722490606548577,6.622383252818035,6.099033816425121,0.6776704240472357,,0.24154589371980675,1.2681159420289856,,
174,11.627750939345143,10.916532474503489,5.897745571658615,40.727321524422976,7.118894256575416,8.655394524959743,6.649221685453569,6.253354804079442,0.6709608158883521,,0.24154589371980675,1.2412775093934514,,
175,11.688137412775093,10.916532474503489,5.9447128287707995,40.56629092860977,7.0450885668276975,8.655394524959743,6.649221685453569,6.367418142780462,0.6709608158883521,,0.24154589371980675,1.2546967257112185,,
176,11.66129898013956,10.802469135802468,6.078904991948471,40.002683843263554,7.897208803005904,8.635265700483092,6.508319914117015,6.266774020397209,0.6709608158883521,,0.20128824476650564,1.2748255501878691,,
177,11.761943102522812,10.829307568438002,6.374127750939345,39.492753623188406,7.897208803005904,8.608427267847558,6.427804616210413,6.468062265163715,0.6642512077294686,,0.20128824476650564,1.2748255501878691,,
178,11.761943102522812,10.802469135802468,6.347289318303811,39.17740203972088,7.897208803005904,8.789586688137414,6.494900697799249,6.622383252818035,0.6642512077294686,,0.20128824476650564,1.2412775093934514,,
179,11.748523886205046,10.775630703166936,6.3137412775093935,39.130434782608695,7.9106280193236715,8.78287707997853,6.649221685453569,6.575415995705851,0.630703166935051,,0.20128824476650564,1.2815351583467525,,
180,11.77536231884058,10.755501878690284,6.347289318303811,39.01637144390767,7.924047235641439,8.796296296296296,6.702898550724638,6.568706387546968,0.6038647342995169,,0.20128824476650564,1.3083735909822867,,
181,11.77536231884058,10.661567364465915,6.602254428341385,38.6808910359635,8.011272141706923,8.756038647342995,6.790123456790123,6.494900697799249,0.6239935587761675,,0.23483628556092323,1.3687600644122384,,
