,45,50,52,55,51,54,53
0,100.0,,,,,,
1,94.06870638754697,5.931293612453032,,,,,
2,94.08212560386474,5.917874396135265,,,,,
3,90.5126140633387,9.4873859366613,,,,,
4,90.5126140633387,9.4873859366613,,,,,
5,90.25764895330113,9.742351046698873,,,,,
6,90.17713365539453,9.822866344605474,,,,,
7,87.52683843263553,12.473161567364466,,,,,
8,87.42619431025228,12.573805689747719,,,,,
9,87.42619431025228,12.573805689747719,,,,,
10,87.55367686527107,12.13768115942029,0.30864197530864196,,,,
11,86.46672034353193,13.238056897477188,0.2952227589908749,,,,
12,86.46672034353193,13.238056897477188,0.2952227589908749,,,,
13,86.47342995169082,13.231347289318304,0.2952227589908749,,,,
14,86.27214170692432,13.43263553408481,0.2952227589908749,,,,
15,72.33628556092324,27.36849168008588,0.2952227589908749,,,,
16,72.38996242619432,27.314814814814813,0.2952227589908749,,,,
17,72.67176596886742,27.033011272141707,0.2952227589908749,,,,
18,72.69189479334406,27.012882447665056,0.2952227589908749,,,,
19,72.87305421363392,26.724369296833064,0.2952227589908749,0.10735373054213634,,,
20,72.74557165861513,26.85185185185185,0.2952227589908749,0.10735373054213634,,,
21,70.31669350509931,29.280730005367687,0.2952227589908749,0.10735373054213634,,,
22,70.36366076221148,29.0727321524423,0.2952227589908749,0.2683843263553409,,,
23,70.276435856146,29.159957058507782,0.2952227589908749,0.2683843263553409,,,
24,70.04830917874396,29.17337627482555,0.2952227589908749,0.4830917874396135,,,
25,70.09527643585615,29.126409017713364,0.2952227589908749,0.4830917874396135,,,
26,70.2361782071927,28.85131508319914,0.2952227589908749,0.6172839506172839,,,
27,69.92753623188406,29.159957058507782,0.2952227589908749,0.6172839506172839,,,
28,70.06172839506173,29.01905528717123,0.4092860976918948,0.5099302200751477,,,
29,70.16237251744498,28.918411164787976,0.4092860976918948,0.5099302200751477,,,
30,70.18921095008052,28.891572732152444,0.4092860976918948,0.5099302200751477,,,
31,66.80085882984433,22.879763821792807,0.4092860976918948,0.13419216317767044,9.77589908749329,,
32,66.59286097691894,22.758990874932906,0.9192163177670424,0.41599570585077833,9.312936124530328,,
33,66.43183038110574,23.30246913580247,0.9192163177670424,0.41599570585077833,8.930488459473967,,
34,66.49892646269458,23.235373054213635,0.9192163177670424,0.41599570585077833,8.930488459473967,,
35,66.51234567901234,23.221953837895867,0.9192163177670424,0.41599570585077833,8.930488459473967,,
36,65.85480407944176,23.872785829307567,0.8923778851315083,0.41599570585077833,8.964036500268385,,
37,65.82125603864735,23.906333870101985,0.8923778851315083,0.41599570585077833,8.964036500268385,,
38,65.92860976918948,23.79898013955985,0.8923778851315083,0.33548040794417605,8.910359634997317,0.13419216317767044,
39,62.27858293075684,27.509393451422437,0.8923778851315083,0.32877079978529256,8.856682769726248,0.13419216317767044,
40,62.64090177133655,27.167203435319376,0.8789586688137413,0.32877079978529256,8.856682769726248,0.1274825550187869,
41,62.60064412238325,27.34836285560923,0.8789586688137413,0.322061191626409,8.722490606548577,0.1274825550187869,
42,61.91626409017714,28.032742887815353,0.8789586688137413,0.322061191626409,8.722490606548577,0.1274825550187869,
43,62.35909822866345,27.80461621041331,0.8789586688137413,0.322061191626409,8.507783145464305,0.1274825550187869,
44,62.38593666129898,27.958937198067634,0.8789586688137413,0.322061191626409,8.32662372517445,0.1274825550187869,
45,62.41277509393451,27.932098765432098,0.8789586688137413,0.322061191626409,8.32662372517445,0.1274825550187869,
46,63.30515297906602,27.449006977992486,0.8789586688137413,0.2214170692431562,8.05823939881911,0.08722490606548577,
47,59.76918947933441,31.105743424584006,0.8789586688137413,0.2214170692431562,7.937466451959206,0.08722490606548577,
48,60.07783145464305,30.797101449275363,0.8789586688137413,0.2214170692431562,7.937466451959206,0.08722490606548577,
49,60.198604401502955,30.67632850241546,0.8789586688137413,0.2214170692431562,7.937466451959206,0.08722490606548577,
50,60.507246376811594,30.35426731078905,0.8789586688137413,0.3421900161030596,7.830112721417069,0.08722490606548577,
51,60.560923242082666,30.300590445517983,0.8789586688137413,0.3421900161030596,7.830112721417069,0.08722490606548577,
52,54.87788513150832,35.99704777241009,0.8789586688137413,0.32877079978529256,7.830112721417069,0.08722490606548577,
53,55.20665593129361,35.30595813204509,0.8789586688137413,0.32877079978529256,7.830112721417069,0.4495437466451959,
54,55.414653784219,35.178475577026305,0.8789586688137413,0.30864197530864196,7.769726247987117,0.4495437466451959,
55,55.06575415995706,31.82367149758454,0.8789586688137413,0.8923778851315083,10.889694041867955,0.4495437466451959,
56,54.851046698872786,31.91760601180891,0.8789586688137413,0.8923778851315083,10.876274825550189,0.5837359098228664,
57,54.94498121309716,31.83709071390231,0.8789586688137413,0.8923778851315083,10.86285560923242,0.5837359098228664,
58,55.152979066022546,31.588835212023618,0.8789586688137413,0.8923778851315083,10.903113258185721,0.5837359098228664,
59,55.421363392377884,31.45464304884595,0.8789586688137413,0.8923778851315083,10.768921095008052,0.5837359098228664,
60,54.97181964573269,30.85077831454643,0.8588298443370908,0.3824476650563607,8.917069243156199,4.019055287171229,
61,50.959473966720346,34.52093397745572,0.8454106280193237,0.3824476650563607,8.917069243156199,4.374664519592056,
62,50.959473966720346,34.614868491680085,0.8454106280193237,0.3824476650563607,8.917069243156199,4.280730005367687,
63,51.08695652173913,34.50751476113795,0.8252818035426731,0.49651100375738055,8.870101986044014,4.213633923778851,
64,51.227858293075684,34.42699946323135,0.8252818035426731,0.49651100375738055,8.809715512614064,4.213633923778851,
65,51.288244766505635,33.97745571658615,0.8252818035426731,0.49651100375738055,8.588298443370908,4.213633923778851,0.6105743424584005
66,51.29495437466452,33.97074610842727,0.8252818035426731,0.49651100375738055,8.588298443370908,4.213633923778851,0.6105743424584005
67,50.87224906065486,32.890499194847024,1.7914653784219001,0.6105743424584005,8.863392377885132,4.361245303274289,0.6105743424584005
68,50.0402576489533,31.723027375201287,1.7914653784219001,0.6105743424584005,11.057434245840042,4.361245303274289,0.41599570585077833
69,50.09393451422437,31.709608158883523,1.6572732152442298,0.5837359098228664,11.057434245840042,4.4820182501341925,0.41599570585077833
70,50.32877079978529,31.61567364465915,1.6572732152442298,0.5837359098228664,11.044015029522276,4.341116478797638,0.4294149221685454
71,50.59044551798175,31.146001073537306,1.6438539989264627,0.5837359098228664,11.158078368223295,4.448470209339774,0.4294149221685454
72,49.14117015566291,32.68250134192163,1.6438539989264627,0.5837359098228664,11.07085346215781,4.448470209339774,0.4294149221685454
73,48.76543209876543,32.52818035426731,1.1741814278046163,0.5568974771873323,12.144390767579173,4.42163177670424,0.4092860976918948
74,48.21524422973698,32.14573268921095,1.1741814278046163,0.5501878690284487,13.170960815888352,4.334406870638754,0.4092860976918948
75,48.590982286634464,31.910896403650028,1.1741814278046163,0.5501878690284487,13.070316693505099,4.294149221685454,0.4092860976918948
76,48.42324208266237,31.125872249060656,1.1741814278046163,0.5501878690284487,14.023081052066559,4.294149221685454,0.4092860976918948
77,48.772141706924316,30.917874396135264,1.1741814278046163,0.5501878690284487,14.002952227589908,4.17337627482555,0.4092860976918948
78,48.76543209876543,30.837359098228664,1.1272141706924315,0.5501878690284487,14.002952227589908,4.159957058507783,0.5568974771873323
79,48.94659151905529,30.797101449275363,1.1272141706924315,0.5501878690284487,13.996242619431026,4.025764895330113,0.5568974771873323
80,49.14787976382179,30.870907139023082,1.0802469135802468,0.5501878690284487,13.734567901234568,3.9720880300590444,0.644122383252818
81,49.261943102522814,30.870907139023082,1.0802469135802468,0.5501878690284487,13.654052603327965,3.938539989264627,0.644122383252818
82,46.96054750402576,33.279656468062264,1.0802469135802468,0.5501878690284487,13.560118089103597,3.92512077294686,0.644122383252818
83,47.57112184648417,33.04482018250134,0.9930220075147611,0.5501878690284487,13.358829844337091,3.8378958668813743,0.644122383252818
84,48.07434245840043,32.6556629092861,0.9930220075147611,0.5501878690284487,13.150831991411701,3.8378958668813743,0.7380568974771873
85,48.470209339774556,32.25979602791197,0.9930220075147611,0.5501878690284487,13.150831991411701,3.8378958668813743,0.7380568974771873
86,48.55072463768116,32.07192699946323,1.2815351583467525,0.5501878690284487,12.989801395598498,3.8177670424047236,0.7380568974771873
87,48.98684916800859,31.716317767042405,1.2815351583467525,0.5501878690284487,12.93612453032743,3.8177670424047236,0.7112184648416533
88,49.19484702093398,31.602254428341386,1.2681159420289856,0.5501878690284487,12.855609232420827,3.8177670424047236,0.7112184648416533
89,49.19484702093398,31.57541599570585,1.2681159420289856,0.6642512077294686,12.76838432635534,3.8177670424047236,0.7112184648416533
90,49.644390767579175,31.266774020397207,1.1741814278046163,0.8118625872249061,12.573805689747719,3.8177670424047236,0.7112184648416533
91,49.7987117552335,31.146001073537306,1.1741814278046163,0.8118625872249061,12.5402576489533,3.8177670424047236,0.7112184648416533
92,48.698336017176594,29.414922168545356,1.1741814278046163,0.8118625872249061,15.465646806226516,3.8177670424047236,0.6172839506172839
93,48.698336017176594,29.414922168545356,1.1741814278046163,0.8118625872249061,15.465646806226516,3.8177670424047236,0.6172839506172839
94,48.66478797638218,29.32769726247987,1.2949543746645196,0.8118625872249061,15.465646806226516,3.8177670424047236,0.6172839506172839
95,48.83923778851315,29.13311862587225,1.2949543746645196,1.06682769726248,15.250939345142244,3.797638217928073,0.6172839506172839
96,48.62453032742888,29.274020397208805,1.2949543746645196,1.06682769726248,15.324745034889963,3.797638217928073,0.6172839506172839
97,49.013687600644126,29.07944176060118,1.2949543746645196,1.06682769726248,15.250939345142244,3.6768652710681695,0.6172839506172839
98,48.25550187869028,29.401502952227588,1.2949543746645196,1.06682769726248,15.687063875469672,3.6768652710681695,0.6172839506172839
99,48.44337090713902,28.73725174449812,1.2949543746645196,1.06682769726248,16.163446054750402,3.6768652710681695,0.6172839506172839
100,48.59769189479334,28.522544283413847,1.2949543746645196,1.06682769726248,16.364734299516908,3.535963499731616,0.6172839506172839
101,49.3491680085883,28.012614063338702,1.2949543746645196,0.9259259259259259,16.264090177133657,3.535963499731616,0.6172839506172839
102,49.45652173913044,27.76435856146001,1.2815351583467525,0.9125067096081588,16.478797638217927,3.488996242619431,0.6172839506172839
103,49.604133118625874,27.72410091250671,1.2815351583467525,0.9125067096081588,16.371443907675793,3.488996242619431,0.6172839506172839
104,49.77187332259796,27.4020397208803,1.4559849704777241,0.9125067096081588,16.364734299516908,3.475577026301664,0.6172839506172839
105,49.85909822866345,27.449006977992486,1.5767579173376274,1.107085346215781,15.915190552871712,3.475577026301664,0.6172839506172839
106,50.295222758990874,27.26784755770263,1.5767579173376274,1.107085346215781,15.660225442834138,3.475577026301664,0.6172839506172839
107,50.46296296296296,27.147074610842726,1.5767579173376274,1.1003757380568975,15.619967793880837,3.475577026301664,0.6172839506172839
108,50.597155126140635,26.912238325281802,1.5767579173376274,1.2345679012345678,15.58641975308642,3.475577026301664,0.6172839506172839
109,50.09393451422437,26.637144390767578,1.5767579173376274,1.221148684916801,16.378153515834676,3.475577026301664,0.6172839506172839
110,50.13419216317767,26.496242619431026,1.5767579173376274,1.3687600644122384,16.33118625872249,3.475577026301664,0.6172839506172839
111,48.82581857219538,25.0805152979066,1.4694041867954912,1.3687600644122384,19.249865807836823,3.388352120236178,0.6172839506172839
112,49.18813741277509,25.026838432635532,1.4559849704777241,1.261406333870102,19.061996779388085,3.388352120236178,0.6172839506172839
113,49.402844873859365,24.89935587761675,1.4358561460010735,1.261406333870102,19.048577563070317,3.374932903918411,0.5770263016639828
114,49.584004294149224,24.671229200214707,1.4358561460010735,1.261406333870102,18.988191089640367,3.374932903918411,0.6843800322061192
115,49.75845410628019,24.456521739130434,1.42914653784219,1.261406333870102,18.9747718733226,3.2877079978529253,0.8319914117015567
116,50.12748255501879,24.168008588298445,1.42914653784219,1.261406333870102,18.927804616210413,3.2541599570585076,0.8319914117015567
117,50.24154589371981,24.094202898550726,1.42914653784219,1.2546967257112185,18.92109500805153,3.227321524422974,0.8319914117015567
118,50.47638217928073,23.91304347826087,1.42914653784219,1.1808910359634996,18.800322061191626,3.3682232957595275,0.8319914117015567
119,49.13446054750403,23.349436392914654,1.1540526033279657,1.1205045625335481,21.048040794417606,3.361513687600644,0.8319914117015567
120,49.19484702093398,23.349436392914654,1.1540526033279657,1.1205045625335481,20.987654320987655,3.361513687600644,0.8319914117015567
121,48.812399355877616,22.705314009661837,1.1540526033279657,1.1205045625335481,22.014224369296834,3.361513687600644,0.8319914117015567
122,48.960010735373054,22.685185185185187,1.1540526033279657,1.1205045625335481,21.953837895866883,3.361513687600644,0.7648953301127214
123,49.43639291465379,22.25577026301664,1.1540526033279657,1.107085346215781,21.920289855072465,3.361513687600644,0.7648953301127214
124,49.785292538915726,22.061191626409016,1.1540526033279657,1.107085346215781,21.76596886741814,3.361513687600644,0.7648953301127214
125,49.21497584541063,22.77241009125067,1.1540526033279657,1.107085346215781,21.62506709608159,3.361513687600644,0.7648953301127214
126,49.39613526570049,22.71202361782072,1.1540526033279657,1.107085346215781,21.39694041867955,3.4688674181427803,0.7648953301127214
127,49.584004294149224,22.57783145464305,1.1540526033279657,1.107085346215781,21.195652173913043,3.616478797638218,0.7648953301127214
128,49.77858293075684,22.457058507783145,1.1540526033279657,1.107085346215781,21.121846484165324,3.616478797638218,0.7648953301127214
129,48.65807836822329,23.738593666129898,1.1540526033279657,1.107085346215781,20.8467525496511,3.616478797638218,0.8789586688137413
130,49.094202898550726,23.66478797638218,1.1540526033279657,1.107085346215781,20.699141170155663,3.4017713365539453,0.8789586688137413
131,49.342458400429415,23.49704777241009,1.1540526033279657,1.107085346215781,20.618625872249062,3.4017713365539453,0.8789586688137413
132,49.584004294149224,23.423242082662373,1.1540526033279657,1.093666129898014,20.477724100912507,3.388352120236178,0.8789586688137413
133,49.77858293075684,23.409822866344605,1.1540526033279657,1.093666129898014,20.356951154052602,3.3279656468062266,0.8789586688137413
134,50.16774020397209,23.19511540526033,1.093666129898014,1.2345679012345678,20.108695652173914,3.321256038647343,0.8789586688137413
135,50.254965110037574,23.26892109500805,1.093666129898014,1.2345679012345678,20.014761137949545,3.2541599570585076,0.8789586688137413
136,50.597155126140635,23.18840579710145,1.0601180891035964,1.2345679012345678,19.786634460547504,3.2541599570585076,0.8789586688137413
137,48.792270531400966,25.254965110037574,1.0601180891035964,1.0869565217391304,19.73966720343532,3.1870638754696725,0.8789586688137413
138,49.040526033279654,25.187869028448738,1.0601180891035964,1.0735373054213635,19.57192699946323,3.1870638754696725,0.8789586688137413
139,49.29549114331723,24.93961352657005,1.0601180891035964,1.0735373054213635,19.565217391304348,3.1870638754696725,0.8789586688137413
140,49.463231347289316,24.90606548577563,1.261406333870102,1.0601180891035964,19.243156199677937,3.1870638754696725,0.8789586688137413
141,49.53703703703704,24.879227053140095,1.261406333870102,1.0399892646269457,19.082125603864736,3.321256038647343,0.8789586688137413
142,49.664519592055825,24.771873322597962,1.261406333870102,1.0265700483091786,18.733225979602793,3.6634460547504024,0.8789586688137413
143,49.79200214707461,24.879227053140095,1.261406333870102,0.9930220075147611,18.5654857756307,3.629898013955985,0.8789586688137413
144,49.953032742887814,24.610842726784757,1.247987117552335,0.9863123993558777,18.55877616747182,3.7640901771336552,0.8789586688137413
145,49.92619431025228,24.322329575952764,1.247987117552335,1.093666129898014,18.5252281266774,3.69699409554482,1.1876006441223832
146,50.08722490606549,24.248523886205046,1.247987117552335,1.093666129898014,18.451422436929683,3.683574879227053,1.1876006441223832
147,50.20799785292539,24.22168545356951,1.247987117552335,1.093666129898014,18.323939881910896,3.5829307568438002,1.3217928073000538
148,50.4898013955985,24.060654857756308,1.247987117552335,1.093666129898014,18.209876543209877,3.5762211486849167,1.3217928073000538
149,51.34192163177671,23.738593666129898,1.247987117552335,1.0869565217391304,17.76033279656468,3.502415458937198,1.3217928073000538
150,51.590177133655395,23.597691894793343,1.247987117552335,1.0735373054213635,17.66639828234031,3.502415458937198,1.3217928073000538
151,51.86527106816962,23.329307568438004,1.1607622114868492,1.0601180891035964,17.66639828234031,3.502415458937198,1.415727321524423
152,51.892109500805155,23.1682769726248,1.1272141706924315,1.0601180891035964,17.57246376811594,3.435319377348363,1.7444981213097155
153,52.09339774557166,23.027375201288244,1.1137949543746646,1.0601180891035964,17.424852388620504,3.535963499731616,1.7444981213097155
154,52.522812667740205,22.571121846484164,1.1741814278046163,1.1943102522812667,17.317498658078367,3.502415458937198,1.7176596886741815
155,52.824745034889965,22.50402576489533,1.1741814278046163,1.1943102522812667,17.11621041331186,3.502415458937198,1.6841116478797638
156,52.97906602254428,22.470477724100913,1.1741814278046163,1.1943102522812667,17.06924315619968,3.502415458937198,1.6103059581320451
157,53.234031132581855,22.322866344605476,1.1540526033279657,1.1943102522812667,17.002147074610843,3.502415458937198,1.5901771336553945
158,52.77106816961889,22.25577026301664,1.1540526033279657,1.1943102522812667,17.579173376274827,3.4822866344605474,1.5633387010198605
159,52.87842190016103,22.25577026301664,1.1540526033279657,1.1943102522812667,17.47181964573269,3.4822866344605474,1.5633387010198605
160,53.227321524422976,21.994095544820183,1.1540526033279657,1.1876006441223832,17.404723564143854,3.4822866344605474,1.5499194847020934
161,53.46886741814278,21.83977455716586,1.1540526033279657,1.1741814278046163,17.357756307031668,3.455448201825013,1.5499194847020934
162,53.76409017713365,21.638486312399355,1.1540526033279657,1.1272141706924315,17.163177670424048,3.603059581320451,1.5499194847020934
163,52.75093934514224,21.38352120236178,1.1540526033279657,1.1272141706924315,17.787171229200215,3.603059581320451,2.1940418679549114
164,52.85829307568438,21.30300590445518,1.1473429951690821,1.1272141706924315,17.767042404723565,3.603059581320451,2.1940418679549114
165,53.133387010198604,20.954106280193237,1.1473429951690821,1.261406333870102,17.70665593129361,3.603059581320451,2.1940418679549114
166,53.207192699946326,20.86688137412775,1.1473429951690821,1.261406333870102,17.60601180891036,3.717122920021471,2.1940418679549114
167,53.133387010198604,20.75281803542673,1.1473429951690821,1.261406333870102,17.579173376274827,3.844605475040258,2.281266774020397
168,53.247450348899626,20.75281803542673,1.1473429951690821,1.247987117552335,17.538915727321523,3.784219001610306,2.281266774020397
169,53.28099838969404,19.712828770799785,2.49597423510467,1.1137949543746646,17.364465915190554,3.784219001610306,2.24771873322598
170,53.207192699946326,19.867149758454108,2.49597423510467,1.1137949543746646,17.28395061728395,3.784219001610306,2.24771873322598
171,53.28770799785293,20.155662909286097,2.4691358024691357,1.1137949543746646,16.968599033816425,3.7573805689747717,2.24771873322598
172,52.74422973698336,19.545088566827697,2.4691358024691357,1.1137949543746646,17.807300053676865,3.92512077294686,2.395330112721417
173,52.91196994095545,19.370638754696724,2.4691358024691357,1.2546967257112185,17.599302200751477,4.012345679012346,2.38191089640365
174,53.193773483628554,19.350509930220074,2.4691358024691357,1.2345679012345678,17.485238862050455,3.911701556629093,2.3550724637681157
175,52.54965110037574,18.411164787976382,2.4557165861513686,1.06682769726248,18.988191089640367,4.019055287171229,2.509393451422437
176,52.44900697799248,18.364197530864196,2.4557165861513686,1.0601180891035964,19.0150295222759,3.9720880300590444,2.6838432635534084
177,51.992753623188406,18.310520665593128,2.5966183574879227,1.0064412238325282,18.471551261406333,4.958400429414922,2.6637144390767578
178,52.234299516908216,18.183038110574344,2.5831991411701556,1.0064412238325282,18.370907139023082,4.958400429414922,2.6637144390767578
179,52.41545893719807,17.98845947396672,2.5563607085346214,1.0064412238325282,18.303811057434245,4.958400429414922,2.771068169618894
180,52.63687600644123,17.860976918947934,2.5563607085346214,1.0064412238325282,18.290391841116477,4.87788513150832,2.771068169618894
181,53.09983896940419,17.64626945786366,2.5563607085346214,0.9796027911969941,18.23671497584541,4.7101449275362315,2.771068169618894
182,53.556092324208265,17.559044551798173,2.5563607085346214,0.9796027911969941,18.075684380032207,4.669887278582931,2.6033279656468062
183,53.616478797638216,17.51207729468599,2.6502952227589907,0.9796027911969941,17.96833064949007,4.669887278582931,2.6033279656468062
184,53.636607622114866,17.49194847020934,2.6502952227589907,0.9796027911969941,17.96833064949007,4.669887278582931,2.6033279656468062
185,54.05260332796565,17.257112184648417,2.636876006441224,0.9796027911969941,17.76033279656468,4.830917874396135,2.4825550187869028
186,54.21363392377885,17.10950080515298,2.636876006441224,0.9796027911969941,17.67981749865808,4.804079441760601,2.576489533011272
187,54.126409017713364,16.968599033816425,2.636876006441224,0.9796027911969941,17.746913580246915,4.87788513150832,2.6637144390767578
188,53.616478797638216,18.10252281266774,2.636876006441224,0.9796027911969941,17.183306494900698,4.85775630703167,2.623456790123457
189,53.79092860976919,17.96833064949007,2.636876006441224,0.9796027911969941,17.143048845947398,4.85775630703167,2.623456790123457
190,54.220343531937736,17.72007514761138,2.636876006441224,0.9796027911969941,16.961889425657542,4.85775630703167,2.623456790123457
191,54.2337627482555,17.693236714975846,2.636876006441224,0.9796027911969941,16.935050993022006,4.777241009125067,2.7442297369833604
192,54.6027911969941,17.478529253891573,2.636876006441224,0.9796027911969941,16.901502952227588,4.656468062265164,2.7442297369833604
193,54.8040794417606,17.538915727321523,2.5563607085346214,0.9728931830381106,16.74718196457327,4.643048845947397,2.737520128824477
194,49.785292538915726,26.247987117552334,2.4355877616747184,0.966183574879227,13.620504562533547,4.636339237788513,2.3081052066559313
195,50.10735373054214,26.127214170692433,2.428878153515835,0.966183574879227,13.43263553408481,4.62962962962963,2.3081052066559313
196,50.1207729468599,26.019860440150296,2.428878153515835,0.966183574879227,13.331991411701557,4.62962962962963,2.5026838432635534
197,49.33574879227053,26.972624798711756,2.3886205045625335,0.966183574879227,13.20450885668277,4.62962962962963,2.5026838432635534
198,49.14117015566291,26.710950080515296,3.784219001610306,0.8588298443370908,13.056897477187333,4.045893719806763,2.4020397208803006
199,49.32903918411165,26.583467525496513,3.8915727321524423,0.8588298443370908,13.003220611916264,3.9318303811057436,2.4020397208803006
200,49.7987117552335,26.37546967257112,3.8915727321524423,0.8051529790660226,12.909286097691895,3.8848631239935587,2.3349436392914655
201,50.0,26.187600644122384,3.844605475040258,0.8655394524959742,12.889157273215245,3.878153515834675,2.3349436392914655
202,50.09393451422437,26.133923778851315,3.844605475040258,0.8655394524959742,12.848899624261943,3.878153515834675,2.3349436392914655
203,50.275093934514224,26.073537305421365,3.844605475040258,0.8655394524959742,12.734836285560924,3.8714439076757916,2.3349436392914655
204,50.40257648953301,25.83870101986044,3.9720880300590444,0.8655394524959742,12.526838432635534,4.05931293612453,2.3349436392914655
205,50.657541599570585,25.72463768115942,3.965378421900161,0.8655394524959742,12.486580783682234,3.965378421900161,2.3349436392914655
206,50.946054750402574,25.462962962962962,3.965378421900161,0.8655394524959742,12.47987117552335,3.9452495974235107,2.3349436392914655
207,51.31508319914117,25.295222758990874,3.965378421900161,0.8655394524959742,12.385936661298981,3.851315083199141,2.3215244229736984
208,51.509661835748794,25.127482555018787,3.9519592055823938,0.8655394524959742,12.372517444981213,3.851315083199141,2.3215244229736984
209,51.76462694578637,25.02012882447665,3.9519592055823938,0.8655394524959742,12.27187332259796,3.851315083199141,2.2745571658615136
210,51.84514224369297,24.966451959205582,3.9519592055823938,0.8655394524959742,12.245034889962426,3.851315083199141,2.2745571658615136
211,51.51637144390767,25.10064412238325,4.0995705850778315,0.8655394524959742,12.238325281803542,3.784219001610306,2.395330112721417
212,51.66398282340311,25.05367686527107,4.0995705850778315,0.8655394524959742,12.204777241009126,3.7372517444981215,2.3752012882447664
213,51.85856146001073,24.92619431025228,4.0995705850778315,0.8252818035426731,12.177938808373591,3.7372517444981215,2.3752012882447664
214,52.18733225979603,24.88593666129898,4.0995705850778315,0.8252818035426731,12.050456253354804,3.603059581320451,2.3483628556092326
215,52.37520128824477,24.58400429414922,4.0995705850778315,0.8252818035426731,12.191358024691358,3.5762211486849167,2.3483628556092326
216,52.54965110037574,24.496779388083738,4.0995705850778315,0.8252818035426731,12.130971551261407,3.5762211486849167,2.3215244229736984
217,52.53623188405797,24.4699409554482,4.0995705850778315,0.8252818035426731,12.171229200214707,3.5762211486849167,2.3215244229736984
218,52.57648953301127,24.456521739130434,4.0995705850778315,0.8252818035426731,12.171229200214707,3.549382716049383,2.3215244229736984
219,52.67042404723564,24.134460547504027,3.9720880300590444,0.8252818035426731,12.090713902308105,3.535963499731616,2.771068169618894
220,52.67713365539453,23.980139559849704,4.300858829844337,0.8252818035426731,11.929683306494901,3.515834675254965,2.771068169618894
221,52.824745034889965,23.95330112721417,4.28743961352657,0.8185721953837896,11.849168008588299,3.4957058507783145,2.771068169618894
222,53.11996779388084,23.872785829307567,4.274020397208803,0.798443370907139,11.83574879227053,3.4688674181427803,2.6301663982823404
223,53.10654857756307,23.785560923242084,4.274020397208803,0.9393451422436929,11.83574879227053,3.4420289855072466,2.6167471819645733
224,53.207192699946326,23.765432098765434,4.206924315619967,0.9393451422436929,11.822329575952764,3.4420289855072466,2.6167471819645733
225,53.515834675254965,23.564143853998928,4.206924315619967,0.9393451422436929,11.728395061728396,3.4420289855072466,2.6033279656468062
226,53.596349973161566,23.564143853998928,4.17337627482555,0.9393451422436929,11.721685453569512,3.4017713365539453,2.6033279656468062
227,53.88486312399356,23.396403650026837,4.186795491143317,0.9393451422436929,11.641170155662909,3.3480944712828773,2.6033279656468062
228,54.02576489533011,23.262211486849168,4.186795491143317,0.9393451422436929,11.634460547504025,3.3480944712828773,2.6033279656468062
229,53.918411164787976,23.03408480944713,4.180085882984434,0.9326355340848095,11.728395061728396,3.3480944712828773,2.85829307568438
230,53.97879763821793,23.020665593129362,4.180085882984434,0.9326355340848095,11.714975845410628,3.3480944712828773,2.8247450348899625
231,54.180085882984436,22.879763821792807,4.180085882984434,0.9326355340848095,11.654589371980677,3.3480944712828773,2.8247450348899625
232,54.46188942565754,22.7187332259796,4.180085882984434,0.9326355340848095,11.553945249597424,3.3480944712828773,2.804616210413312
233,54.408212560386474,22.50402576489533,4.180085882984434,1.288244766505636,11.466720343531938,3.3480944712828773,2.804616210413312
234,54.47530864197531,22.477187332259795,4.1532474503489,1.288244766505636,11.453301127214171,3.3480944712828773,2.804616210413312
235,54.55582393988191,22.36983360171766,4.1532474503489,1.2546967257112185,11.439881910896403,3.4420289855072466,2.7844873859366612
236,54.851046698872786,22.134997316156735,3.978797638217928,1.3821792807300053,11.439881910896403,3.4286097691894795,2.7844873859366612
237,54.92485238862051,22.054482018250134,3.978797638217928,1.3821792807300053,11.312399355877616,3.5628019323671496,2.7844873859366612
238,55.072463768115945,21.772678475577028,3.978797638217928,1.3821792807300053,11.312399355877616,3.69699409554482,2.7844873859366612
239,55.173107890499196,21.71900161030596,3.965378421900161,1.3821792807300053,11.292270531400966,3.69699409554482,2.771068169618894
240,55.06575415995706,21.71900161030596,4.247181964573269,1.3821792807300053,11.144659151905529,3.670155662909286,2.771068169618894
241,55.31400966183575,21.557971014492754,4.247181964573269,1.3687600644122384,11.158078368223295,3.643317230273752,2.7106816961889426
242,55.38781535158347,21.504294149221685,4.247181964573269,1.3687600644122384,11.137949543746645,3.643317230273752,2.7106816961889426
243,55.401234567901234,21.430488459473967,4.3478260869565215,1.3687600644122384,11.104401502952227,3.643317230273752,2.703972088030059
244,55.23349436392915,21.18894256575416,4.327697262479871,1.3687600644122384,11.540526033279656,3.643317230273752,2.6972624798711755
245,55.54884594739667,21.108427267847556,4.280730005367687,1.3687600644122384,11.392914653784219,3.603059581320451,2.6972624798711755
246,55.62936124530327,21.027911969940956,4.2203435319377345,1.3687600644122384,11.453301127214171,3.603059581320451,2.6972624798711755
247,55.99838969404187,20.833333333333332,4.0995705850778315,1.3620504562533549,11.453301127214171,3.603059581320451,2.6502952227589907
248,56.146001073537306,20.725979602791195,4.0995705850778315,1.3620504562533549,11.453301127214171,3.603059581320451,2.61003757380569
249,56.31374127750939,20.665593129361245,4.052603327965647,1.3620504562533549,11.392914653784219,3.603059581320451,2.61003757380569
250,56.46135265700483,20.67230273752013,4.052603327965647,1.3620504562533549,11.285560923242082,3.603059581320451,2.563070316693505
251,57.024959742351044,20.363660762211488,3.9519592055823938,1.3620504562533549,11.20504562533548,3.5963499731615673,2.49597423510467
252,57.306763285024154,20.323403113258184,3.864734299516908,1.3620504562533549,11.171497584541063,3.5628019323671496,2.408749329039184
253,57.17257112184648,20.283145464304884,3.717122920021471,1.3486312399355878,11.540526033279656,3.5292538915727323,2.408749329039184
254,57.447665056360705,20.04830917874396,3.717122920021471,1.3486312399355878,11.500268384326356,3.5292538915727323,2.408749329039184
255,57.59527643585615,19.87385936661299,3.938539989264627,1.3486312399355878,11.345947396672035,3.5091250670960816,2.3886205045625335
256,58.23268921095008,19.618894256575416,3.938539989264627,1.3217928073000538,11.05072463768116,3.4822866344605474,2.3550724637681157
257,58.41384863123994,19.53166935050993,3.9318303811057436,1.3217928073000538,10.990338164251208,3.475577026301664,2.3349436392914655
258,58.50107353730542,19.410896403650028,3.9318303811057436,1.3217928073000538,10.93666129898014,3.5628019323671496,2.3349436392914655
259,58.63526570048309,19.276704240472355,3.9318303811057436,1.3217928073000538,10.93666129898014,3.5628019323671496,2.3349436392914655
260,57.70263016639828,19.30354267310789,3.92512077294686,1.3217928073000538,11.849168008588299,3.5628019323671496,2.3349436392914655
261,57.84353193773484,19.26328502415459,3.9184111647879765,1.3217928073000538,11.849168008588299,3.4688674181427803,2.3349436392914655
262,58.00456253354804,19.209608158883523,3.9184111647879765,1.3217928073000538,11.741814278046162,3.4688674181427803,2.3349436392914655
263,58.21256038647343,19.135802469135804,3.9184111647879765,1.3217928073000538,11.681427804616211,3.3950617283950617,2.3349436392914655
264,58.299785292538914,19.135802469135804,3.9184111647879765,1.3016639828234031,11.634460547504025,3.374932903918411,2.3349436392914655
265,58.49436392914654,19.07541599570585,3.9184111647879765,1.3016639828234031,11.56736446591519,3.3279656468062266,2.314814814814815
266,58.73590982286635,18.96135265700483,3.911701556629093,1.1808910359634996,11.56736446591519,3.3279656468062266,2.314814814814815
267,58.77616747181965,18.86070853462158,4.193505099302201,1.1808910359634996,11.426462694578637,3.2474503488996245,2.314814814814815
268,57.55501878690284,18.21658615136876,4.079441760601181,1.107085346215781,13.499731615673644,3.240740740740741,2.301395598497048
269,57.648953301127214,18.12265163714439,4.079441760601181,1.107085346215781,13.499731615673644,3.240740740740741,2.301395598497048
270,57.9777241009125,17.8743961352657,4.502147074610843,1.107085346215781,13.083735909822867,3.166935050993022,2.2879763821792807
271,58.2662372517445,17.827428878153516,4.468599033816425,1.107085346215781,12.93612453032743,3.1065485775630703,2.2879763821792807
272,57.90391841116479,17.49194847020934,4.582662372517445,1.2345679012345678,13.24476650563607,3.0931293612453032,2.4490069779924855
273,58.21926999463231,16.451959205582394,5.589103596349974,1.2144390767579174,13.123993558776167,3.052871712292002,2.3483628556092326
274,58.47423510466989,16.324476650563607,5.589103596349974,1.2144390767579174,13.050187869028449,3.026033279656468,2.3215244229736984
275,58.49436392914654,16.304347826086957,5.589103596349974,1.2144390767579174,13.050187869028449,3.026033279656468,2.3215244229736984
276,58.581588835212024,16.27079978529254,5.58239398819109,1.1876006441223832,13.050187869028449,3.0059044551798175,2.3215244229736984
277,58.641975308641975,16.069511540526033,5.314009661835748,1.1876006441223832,13.050187869028449,2.952227589908749,2.7844873859366612
278,59.0378421900161,15.794417606011809,5.193236714975845,1.1876006441223832,13.050187869028449,2.952227589908749,2.7844873859366612
279,59.286097691894796,15.767579173376275,5.179817498658078,1.1876006441223832,12.915995705850777,2.952227589908749,2.7106816961889426
280,59.33977455716586,15.713902308105206,5.320719269994632,1.1741814278046163,12.882447665056361,2.952227589908749,2.6167471819645733
281,59.46054750402576,15.438808373590982,5.803811057434245,1.1741814278046163,12.654320987654321,2.871712292002147,2.5966183574879227
282,59.534353193773484,15.405260332796564,5.844068706387547,1.1741814278046163,12.600644122383253,2.871712292002147,2.5697799248523885
283,58.581588835212024,15.405260332796564,6.78341384863124,1.0735373054213635,12.526838432635534,2.408749329039184,3.2206119162640903
284,58.81642512077295,15.318035426731079,6.78341384863124,1.0735373054213635,12.426194310252281,2.368491680085883,3.2139023081052067
285,59.11164787976382,15.163714439076758,6.78341384863124,1.0735373054213635,12.285292538915728,2.368491680085883,3.2139023081052067
286,59.09151905528717,15.08990874932904,6.78341384863124,1.0735373054213635,12.379227053140097,2.368491680085883,3.2139023081052067
287,59.265968867418145,14.922168545356952,6.776704240472356,1.0735373054213635,12.379227053140097,2.368491680085883,3.2139023081052067
288,59.42699946323135,14.855072463768115,6.743156199677939,1.0735373054213635,12.345679012345679,2.368491680085883,3.1870638754696725
289,59.75577026301664,14.801395598497047,6.6760601180891035,1.0735373054213635,12.13768115942029,2.368491680085883,3.1870638754696725
290,59.82957595276436,14.74771873322598,6.655931293612453,1.0735373054213635,12.13768115942029,2.368491680085883,3.1870638754696725
291,60.03086419753087,14.694041867954912,6.541867954911433,1.0735373054213635,12.117552334943639,2.3550724637681157,3.1870638754696725
292,60.11808910359635,14.680622651637144,6.528448738593666,1.0735373054213635,12.090713902308105,2.3349436392914655,3.1736446591519054
293,60.245571658615134,14.640365002683843,6.521739130434782,1.06682769726248,12.090713902308105,2.2611379495437465,3.1736446591519054
294,60.39318303811057,14.606816961889425,6.521739130434782,1.06682769726248,12.02361782071927,2.227589908749329,3.1602254428341383
295,59.977187332259795,14.459205582393988,7.199409554482019,1.0332796564680622,11.990069779924852,2.2074610842726785,3.1333870101986045
296,60.017444981213096,14.432367149758454,7.300053676865271,1.0332796564680622,11.876006441223833,2.2074610842726785,3.1333870101986045
297,60.39989264626946,14.27133655394525,7.232957595276436,1.0332796564680622,11.748523886205046,2.2074610842726785,3.1065485775630703
298,60.628019323671495,14.13714439076758,7.206119162640902,1.0332796564680622,11.681427804616211,2.2074610842726785,3.1065485775630703
299,60.7085346215781,14.029790660225443,7.206119162640902,1.0332796564680622,11.621041331186259,2.2074610842726785,3.193773483628556
300,60.849436392914654,13.868760064412239,7.152442297369833,1.0198604401502953,11.486849168008588,2.314814814814815,3.307836822329576
301,60.83601717659689,13.828502415458937,7.058507783145465,1.0198604401502953,11.43317230273752,2.5161030595813205,3.307836822329576
302,60.849436392914654,13.81508319914117,7.058507783145465,1.0198604401502953,11.43317230273752,2.5161030595813205,3.307836822329576
303,60.89640365002684,13.801663982823403,7.058507783145465,1.0198604401502953,11.426462694578637,2.4892646269457863,3.307836822329576
304,61.11782071926999,13.714439076757918,6.9310252281266775,1.0198604401502953,11.426462694578637,2.4892646269457863,3.3011272141706924
305,61.178207192699944,13.553408480944713,7.065217391304348,1.0198604401502953,11.392914653784219,2.4892646269457863,3.3011272141706924
306,61.272141706924316,13.493022007514762,7.024959742351046,1.0198604401502953,11.366076221148685,2.4892646269457863,3.33467525496511
307,61.3191089640365,13.446054750402576,7.024959742351046,1.0198604401502953,11.366076221148685,2.4892646269457863,3.33467525496511
308,61.48684916800859,13.331991411701557,6.977992485238862,1.0198604401502953,11.41304347826087,2.462426194310252,3.307836822329576
309,61.65458937198068,13.211218464841654,6.977992485238862,1.0198604401502953,11.406333870101985,2.462426194310252,3.2675791733762747
310,61.761943102522814,13.16425120772947,6.9243156199677935,1.0198604401502953,11.406333870101985,2.462426194310252,3.260869565217391
311,62.124261943102525,13.009930220075148,6.904186795491143,0.9930220075147611,11.352657004830919,2.462426194310252,3.1535158346752548
312,62.3792270531401,13.003220611916264,6.796833064949007,0.9930220075147611,11.211755233494364,2.462426194310252,3.1535158346752548
313,62.5805152979066,12.902576489533011,6.796833064949007,0.9796027911969941,11.16478797638218,2.462426194310252,3.113258185721954
314,62.78180354267311,12.781803542673108,6.790123456790123,0.9796027911969941,11.104401502952227,2.4490069779924855,3.113258185721954
315,62.62748255501879,12.714707461084272,7.313472893183038,0.95276435856146,10.88298443370907,2.4490069779924855,3.0595813204508855
316,62.714707461084274,12.661030595813205,7.326892109500805,0.95276435856146,10.836017176596886,2.4490069779924855,3.0595813204508855
317,62.936124530327426,12.560386473429952,7.326892109500805,0.9460547504025765,10.721953837895867,2.4490069779924855,3.0595813204508855
318,63.02334943639291,12.426194310252281,7.27992485238862,0.9192163177670424,10.876274825550189,2.4154589371980677,3.0595813204508855
319,63.06360708534621,12.412775093934513,7.266505636070853,0.9192163177670424,10.876274825550189,2.4020397208803006,3.0595813204508855
