,45,50,52,53,54,51,55,56,57
0,95.69243156199678,4.30756843800322,,,,,,,
1,67.38459473966721,30.971551261406333,1.6438539989264627,,,,,,
2,67.5523349436393,30.803811057434245,1.6438539989264627,,,,,,
3,61.75523349436393,36.63446054750403,1.6103059581320451,,,,,,
4,57.15244229736983,32.870370370370374,7.541599570585078,2.4355877616747184,,,,,
5,54.90472356414385,33.031400966183575,7.48792270531401,2.4355877616747184,2.1403650026838434,,,,
6,50.86553945249597,26.529790660225444,7.25979602791197,1.5297906602254427,2.1403650026838434,11.674718196457327,,,
7,46.262748255501876,32.910628019323674,7.219538378958669,1.5297906602254427,2.086688137412775,9.64170692431562,0.3488996242619431,,
8,46.51100375738057,32.63553408480945,7.266505636070853,1.5297906602254427,2.341653247450349,9.366612989801396,0.3488996242619431,,
9,46.93370907139023,32.427536231884055,7.199409554482019,1.5297906602254427,2.2074610842726785,9.353193773483628,0.3488996242619431,,
10,40.687063875469676,33.541331186258724,7.159151905528717,0.4227053140096618,8.57487922705314,8.984165324745035,0.630703166935051,,
11,36.9699409554482,35.88298443370907,7.085346215780999,2.475845410628019,8.36688137412775,8.588298443370908,0.630703166935051,,
12,28.059581320450885,35.57434245840043,6.608964036500268,2.442297369833602,8.796296296296296,17.887815351583466,0.630703166935051,,
13,28.408480944712828,35.265700483091784,5.998389694041868,3.1065485775630703,8.695652173913043,17.820719269994633,0.7045088566827697,,
14,26.100375738056897,27.85829307568438,4.636339237788513,5.535426731078905,7.930756843800322,27.30810520665593,0.630703166935051,,
15,24.84567901234568,29.401502952227588,4.62962962962963,5.407944176060118,7.9106280193236715,27.180622651637144,0.6239935587761675,,
16,25.087224906065487,27.42216854535695,4.562533548040794,5.374396135265701,7.9039184111647875,29.025764895330113,0.6239935587761675,,
17,23.382984433709073,24.67793880837359,15.4723564143854,3.4957058507783145,9.044551798174986,23.517176596886742,0.4092860976918948,,
18,19.732957595276435,30.689747718733226,13.768115942028986,3.4957058507783145,8.662104133118627,23.242082662372518,0.4092860976918948,,
19,18.947933440687063,29.58937198067633,13.70101986044015,3.4621578099838968,8.588298443370908,25.301932367149757,0.4092860976918948,,
20,19.49812130971551,26.214439076757916,14.197530864197532,3.435319377348363,11.023886205045626,24.993290391841118,0.5032206119162641,0.13419216317767044,
21,17.163177670424048,28.153515834675254,13.962694578636608,3.6902844873859366,10.352925389157273,25.97289318303811,0.5233494363929146,0.18115942028985507,
22,15.593129361245303,29.47530864197531,15.136876006441224,3.6634460547504024,9.561191626409018,25.89908749329039,0.48980139559849706,0.18115942028985507,
23,15.713902308105206,28.958668813741276,19.202898550724637,3.6634460547504024,9.473966720343531,22.31615673644659,0.48980139559849706,0.18115942028985507,
24,16.1231884057971,28.824476650563607,19.082125603864736,3.656736446591519,9.460547504025765,22.18196457326892,0.48980139559849706,0.18115942028985507,
25,16.61969940955448,28.64331723027375,19.008319914117017,3.643317230273752,9.426999463231347,21.987385936661298,0.48980139559849706,0.18115942028985507,
26,16.492216854535695,27.2812667740204,18.894256575415994,5.394524959742351,9.386741814278047,21.880032206119164,0.48980139559849706,0.18115942028985507,
27,17.270531400966185,26.576757917337627,16.015834675254965,5.273752012882448,9.359903381642512,24.778582930756844,0.4025764895330113,0.322061191626409,
28,17.673107890499196,26.39559849704777,15.76086956521739,5.267042404723564,9.25925925925926,24.731615673644658,0.4025764895330113,0.5099302200751477,
29,18.129361245303276,26.29495437466452,15.666935050993022,5.22007514761138,9.219001610305957,24.570585077831456,0.38915727321524424,0.5099302200751477,
30,18.53864734299517,25.15432098765432,18.06226516371444,5.22007514761138,7.729468599033816,23.93317230273752,0.6038647342995169,0.7581857219538379,
31,18.075684380032207,23.235373054213635,16.532474503488995,5.213365539452496,5.441492216854535,30.139559849704778,0.6038647342995169,0.7581857219538379,
32,18.746645195920557,23.013955984970476,16.472088030059044,5.4616210413311865,5.340848094471283,29.602791196994094,0.6038647342995169,0.7581857219538379,
33,15.921900161030596,29.582662372517444,16.358024691358025,11.137949543746645,5.293880837359098,20.71256038647343,0.3824476650563607,0.6105743424584005,
34,16.378153515834676,29.30756843800322,16.304347826086957,11.097691894793345,5.267042404723564,20.652173913043477,0.3824476650563607,0.6105743424584005,
35,16.921631776704242,29.106280193236714,16.15673644659152,10.225442834138486,7.863660762211487,18.760064412238325,0.3824476650563607,0.5837359098228664,
36,17.632850241545892,28.764090177133657,15.814546430488459,10.104669887278583,7.809983896940419,18.625872249060656,0.4495437466451959,0.798443370907139,
37,16.71363392377885,26.7914653784219,14.982555018786902,8.635265700483092,4.300858829844337,27.20746108427268,0.785024154589372,0.5837359098228664,
38,16.391572732152444,24.020397208803004,19.310252281266774,5.984970477724101,2.2879763821792807,30.763553408480945,0.7783145464304885,0.46296296296296297,
39,14.855072463768115,19.236446591519055,7.957595276435856,4.549114331723027,2.2879763821792807,49.91277509393451,1.0601180891035964,0.14090177133655393,
40,15.613258185721953,19.082125603864736,7.863660762211487,4.508856682769726,2.24771873322598,49.382716049382715,1.0601180891035964,0.24154589371980675,
41,11.829039184111648,14.358561460010735,18.451422436929683,1.3083735909822867,0.30193236714975846,52.865002683843265,0.6508319914117016,0.23483628556092323,
42,8.809715512614064,22.262479871175522,16.089640365002683,1.1607622114868492,0.30193236714975846,50.79844337090714,0.3421900161030596,0.23483628556092323,
43,8.145464304884594,21.76596886741814,16.002415458937197,1.1607622114868492,0.30193236714975846,52.15378421900161,0.14090177133655393,0.32877079978529256,
44,8.266237251744498,21.618357487922705,36.35265700483092,0.9259259259259259,0.30193236714975846,31.82367149758454,0.14090177133655393,0.5703166935050993,
45,6.139291465378422,15.908480944712828,35.71524422973698,0.9259259259259259,0.30193236714975846,40.31132581857219,0.14090177133655393,0.5568974771873323,
46,6.877348362855609,15.693773483628556,35.01073537305421,0.9259259259259259,0.2952227589908749,40.022812667740205,0.41599570585077833,0.5099302200751477,0.24825550187869028
47,6.796833064949007,15.60654857756307,34.23242082662372,0.9259259259259259,0.2952227589908749,41.06951154052604,0.41599570585077833,0.4092860976918948,0.24825550187869028
48,7.50805152979066,15.411969940955448,33.97074610842727,0.9259259259259259,0.2952227589908749,40.45893719806763,0.41599570585077833,0.7648953301127214,0.24825550187869028
49,8.038110574342458,15.331454643048845,33.77616747181965,0.9125067096081588,0.2952227589908749,40.123456790123456,0.41599570585077833,0.8722490606548577,0.23483628556092323
50,8.413848631239935,15.069779924852389,33.9170692431562,0.8923778851315083,0.2952227589908749,39.92887815351583,0.14090177133655393,0.8722490606548577,0.46967257112184646
51,7.944176060118089,13.560118089103597,36.01717659688674,0.8923778851315083,2.7241009125067097,37.07729468599034,0.14090177133655393,1.1741814278046163,0.46967257112184646
52,8.467525496511003,12.037037037037036,37.35238862050456,0.8923778851315083,2.677133655394525,36.78878153515835,0.14090177133655393,1.1741814278046163,0.46967257112184646
53,9.25925925925926,12.00348899624262,37.13768115942029,0.8856682769726248,2.5697799248523885,36.3593666129898,0.14090177133655393,1.1741814278046163,0.46967257112184646
54,8.682232957595277,11.305689747718732,34.0378421900161,4.74369296833065,2.5697799248523885,37.21819645732689,0.14090177133655393,0.8319914117015567,0.46967257112184646
55,8.380300590445518,11.252012882447666,26.69753086419753,4.74369296833065,2.5429414922168547,44.71953837895867,0.14090177133655393,1.06682769726248,0.4562533548040794
56,7.360440150295223,9.728931830381105,20.625335480407944,4.703435319377348,2.5429414922168547,53.44202898550725,0.07380568974771873,1.06682769726248,0.4562533548040794
57,8.091787439613526,9.64170692431562,20.471014492753625,4.696725711218465,2.475845410628019,53.02603327965647,0.07380568974771873,1.06682769726248,0.4562533548040794
58,8.561460010735374,9.614868491680086,20.323403113258184,4.696725711218465,2.4154589371980677,52.38862050456253,0.07380568974771873,1.3486312399355878,0.5770263016639828
59,8.340042941492216,9.574610842726784,18.679549114331724,12.808641975308642,2.3617820719269993,46.59822866344606,0.07380568974771873,0.9863123993558777,0.5770263016639828
60,8.32662372517445,9.292807300053678,18.585614600107355,12.620772946859903,2.328234031132582,47.215512614063336,0.07380568974771873,0.9796027911969941,0.5770263016639828
61,8.917069243156199,9.25925925925926,18.451422436929683,12.533548040794418,2.2946859903381642,46.71229200214707,0.07380568974771873,1.1808910359634996,0.5770263016639828
62,9.856414385399892,9.198872785829307,18.23671497584541,12.4597423510467,2.2946859903381642,46.141975308641975,0.07380568974771873,1.1808910359634996,0.5568974771873323
63,9.286097691894794,8.729200214707461,16.069511540526033,12.325550187869029,1.9860440150295222,49.81884057971015,0.07380568974771873,1.1540526033279657,0.5568974771873323
64,8.3064949006978,5.4549114331723025,18.250134192163177,10.88298443370907,1.9726247987117553,53.5426731078905,,1.0399892646269457,0.5501878690284487
65,9.084809447128288,5.448201825013419,18.015297906602253,10.88298443370907,1.932367149758454,52.87842190016103,,1.0399892646269457,0.7179280730005367
66,9.514224369296834,5.401234567901234,17.914653784219002,10.795759527643586,1.9256575415995705,52.29468599033817,0.39586688137412773,1.0399892646269457,0.7179280730005367
67,8.729200214707461,5.401234567901234,21.571390230810522,10.768921095008052,3.6634460547504024,48.081052066559316,0.2616747181964573,1.1406333870101986,0.3824476650563607
68,9.111647879763822,5.367686527106817,21.484165324745035,10.668276972624799,3.6366076221148687,47.89989264626946,0.2616747181964573,1.1876006441223832,0.3824476650563607
69,9.621578099838969,5.273752012882448,21.329844337090712,10.111379495437467,3.6097691894793345,46.08829844337091,0.2616747181964573,3.3279656468062266,0.3757380568974772
70,10.339506172839506,5.2066559312936125,21.215780998389693,9.970477724100913,3.5963499731615673,45.65217391304348,0.24825550187869028,3.3950617283950617,0.3757380568974772
71,10.997047772410092,5.146269457863661,21.14868491680086,9.970477724100913,3.5426731078904994,44.75308641975309,0.24825550187869028,3.8177670424047236,0.3757380568974772
72,11.292270531400966,5.139559849704777,21.034621578099838,9.883252818035427,2.6167471819645733,43.09581320450886,2.717391304347826,3.844605475040258,0.3757380568974772
73,11.372785829307569,5.139559849704777,23.18840579710145,9.836285560923242,0.9728931830381106,42.96833064949007,2.6033279656468062,3.5426731078904994,0.3757380568974772
74,11.896135265700483,5.139559849704777,23.10789049919485,9.749060654857756,0.9393451422436929,42.693236714975846,2.6033279656468062,3.4957058507783145,0.3757380568974772
75,12.298711755233494,5.0993022007514766,22.82608695652174,9.628287707997853,0.9393451422436929,40.56629092860977,4.790660225442834,3.475577026301664,0.3757380568974772
76,12.848899624261943,5.052334943639291,22.765700483091788,9.426999463231347,1.0735373054213635,40.29790660225443,4.730273752012883,3.4286097691894795,0.3757380568974772
77,10.963499731615673,0.35560923242082665,20.531400966183575,10.742082662372518,1.0735373054213635,47.97369833601718,4.663177670424047,3.408480944712829,0.2885131508319914
78,11.057434245840042,0.35560923242082665,23.389694041867955,10.433440687063875,1.0466988727858293,46.846484165324746,3.9989264626945786,2.5831991411701556,0.2885131508319914
79,11.668008588298443,0.32877079978529256,23.2487922705314,10.225442834138486,1.2077294685990339,46.484165324745035,3.992216854535695,2.5563607085346214,0.2885131508319914
80,11.969940955448202,0.32877079978529256,28.978797638217927,10.158346752549651,1.2949543746645196,39.74771873322598,4.53569511540526,2.5496511003757383,0.43612453032742887
81,11.842458400429415,0.30864197530864196,28.341384863123995,9.373322597960279,1.2815351583467525,38.848631239935585,6.689479334406871,3.0059044551798175,0.30864197530864196
82,11.56736446591519,0.30864197530864196,25.979602791196996,5.159688674181428,1.2815351583467525,47.738862050456255,5.320719269994632,2.3349436392914655,0.30864197530864196
83,12.177938808373591,0.30864197530864196,25.89237788513151,5.112721417069243,1.2815351583467525,47.36983360171766,5.226784755770263,2.3215244229736984,0.30864197530864196
84,12.681159420289855,0.30864197530864196,25.811862587224905,5.0993022007514766,1.2815351583467525,47.1081588835212,5.179817498658078,2.2208803005904456,0.30864197530864196
85,11.956521739130435,0.30864197530864196,19.28341384863124,4.730273752012883,0.38915727321524424,57.400697799248526,3.556092324208266,2.100107353730542,0.27509393451422437
86,12.412775093934513,0.2952227589908749,19.142512077294686,4.703435319377348,0.38915727321524424,56.89747718733226,3.556092324208266,2.328234031132582,0.27509393451422437
87,11.178207192699947,0.16774020397208803,16.23725174449812,2.690552871712292,0.17444981213097155,63.788244766505635,3.126677402039721,2.408749329039184,0.2281266774020397
88,11.506977992485238,0.16774020397208803,16.0829307568438,2.690552871712292,0.4495437466451959,63.58024691358025,2.885131508319914,2.408749329039184,0.2281266774020397
89,8.943907675791733,12.097423510466989,10.943370907139023,1.3083735909822867,0.2549651100375738,60.63472893183038,4.012345679012346,1.6908212560386473,0.11406333870101985
90,9.601449275362318,11.996779388083736,10.869565217391305,1.3083735909822867,0.2549651100375738,60.178475577026305,3.9855072463768115,1.6908212560386473,0.11406333870101985
91,10.050993022007514,11.882716049382717,10.534084809447128,1.2949543746645196,0.2549651100375738,59.72893183038111,4.4820182501341925,1.6639828234031133,0.10735373054213634
92,9.997316156736447,11.855877616747183,10.158346752549651,1.2949543746645196,0.2549651100375738,60.81588835212023,3.864734299516908,1.6572732152442298,0.10064412238325282
93,10.319377348362856,11.714975845410628,10.111379495437467,1.2949543746645196,0.2549651100375738,59.54106280193237,3.864734299516908,2.7979066022544283,0.10064412238325282
94,10.352925389157273,11.688137412775093,17.773752012882447,1.2681159420289856,,52.603327965646805,3.4688674181427803,2.7442297369833604,0.10064412238325282
95,9.594739667203436,11.245303274288782,16.63311862587225,1.247987117552335,1.5767579173376274,53.616478797638216,3.294417606011809,2.737520128824477,0.05367686527106817
96,10.131508319914117,11.238593666129898,16.53918411164788,1.247987117552335,1.556629092860977,51.006441223832525,5.501878690284487,2.7241009125067097,0.05367686527106817
97,10.661567364465915,11.171497584541063,16.317767042404725,1.247987117552335,1.556629092860977,50.5703166935051,5.46833064949007,2.8650026838432634,0.14090177133655393
98,9.212292002147075,11.064143853998926,15.881642512077295,1.247987117552335,2.368491680085883,52.37520128824477,5.24020397208803,2.4691358024691357,0.14090177133655393
99,9.856414385399892,11.003757380568974,15.780998389694043,1.247987117552335,2.3550724637681157,51.90552871712292,5.24020397208803,2.4691358024691357,0.14090177133655393
100,10.305958132045088,10.84272678475577,15.707192699946322,2.6972624798711755,2.3550724637681157,50.295222758990874,5.193236714975845,2.462426194310252,0.14090177133655393
101,11.252012882447666,10.534084809447128,15.673644659151906,2.6972624798711755,2.2946859903381642,49.67793880837359,5.092592592592593,2.636876006441224,0.14090177133655393
102,11.922973698336017,10.507246376811594,15.526033279656469,2.6972624798711755,2.254428341384863,49.22839506172839,5.092592592592593,2.6301663982823404,0.14090177133655393
103,12.5402576489533,10.406602254428341,15.458937198067632,2.6637144390767578,2.214170692431562,48.772141706924316,5.092592592592593,2.7106816961889426,0.14090177133655393
104,13.170960815888352,10.285829307568438,15.28448738593666,2.636876006441224,2.214170692431562,48.48362855609233,5.0858829844337095,2.6972624798711755,0.14090177133655393
105,13.808373590982287,10.258990874932904,15.150295222758992,2.5966183574879227,2.214170692431562,48.03408480944713,5.052334943639291,2.7442297369833604,0.14090177133655393
106,13.90901771336554,8.460815888352121,15.069779924852389,2.5496511003757383,2.214170692431562,47.81266774020397,7.132313472893183,2.7106816961889426,0.14090177133655393
107,13.285024154589372,8.36688137412775,20.873590982286636,2.5026838432635534,2.1806226516371443,43.07568438003221,7.192699946323135,2.3886205045625335,0.13419216317767044
108,14.090177133655395,8.319914117015566,20.397208803005906,2.5026838432635534,2.1806226516371443,42.50536768652711,7.1658615136876005,2.3886205045625335,0.4495437466451959
109,14.65378421900161,8.259527643585615,20.283145464304884,2.5026838432635534,2.1806226516371443,42.190016103059584,7.112184648416532,2.3752012882447664,0.4428341384863124
110,14.841653247450349,8.111916264090176,20.303274288781534,2.4490069779924855,2.8515834675254963,41.84111647879764,6.454643048845948,2.703972088030059,0.4428341384863124
111,13.633923778851315,3.965378421900161,16.431830381105744,1.8183038110574343,2.1269457863660763,54.24718196457327,4.87788513150832,2.6972624798711755,0.20128824476650564
112,14.331723027375201,3.9519592055823938,16.364734299516908,1.8183038110574343,2.1068169618894257,53.676865271068166,4.851046698872786,2.6972624798711755,0.20128824476650564
113,12.775093934514224,3.6097691894793345,10.38647342995169,1.7579173376274826,2.428878153515835,59.97047772410091,6.91760601180891,1.9524959742351047,0.20128824476650564
114,13.22463768115942,3.6097691894793345,10.279119699409554,1.737788513150832,2.428878153515835,59.5276435856146,6.951154052603328,2.0397208803005906,0.20128824476650564
115,13.754696725711218,3.6097691894793345,10.198604401502953,1.737788513150832,2.4020397208803006,59.16532474503489,6.756575415995706,2.1739130434782608,0.20128824476650564
116,14.143853998926463,3.5963499731615673,10.124798711755233,1.737788513150832,2.3752012882447664,58.76945786366076,6.702898550724638,2.3483628556092326,0.20128824476650564
117,14.647074610842727,3.5963499731615673,9.997316156736447,1.737788513150832,2.3483628556092326,58.44739667203435,6.6760601180891035,2.3483628556092326,0.20128824476650564
118,15.24422973698336,3.549382716049383,9.943639291465379,1.737788513150832,2.3483628556092326,57.991143317230275,6.662640901771336,2.3215244229736984,0.20128824476650564
119,15.72061191626409,3.5426731078904994,9.816156736446592,1.737788513150832,2.2745571658615136,57.75630703166935,6.629092860976919,2.3215244229736984,0.20128824476650564
120,15.895061728395062,3.5426731078904994,11.386205045625335,1.737788513150832,2.2745571658615136,56.19296833064949,6.468062265163715,2.3215244229736984,0.18115942028985507
121,16.14331723027375,3.5292538915727323,10.446859903381643,3.0394524959742353,2.254428341384863,55.743424584004295,6.4412238325281805,2.3081052066559313,0.0939345142243693
122,16.74718196457327,3.5091250670960816,10.352925389157273,3.0193236714975846,2.2410091250670963,55.18652710681696,6.582125603864735,2.26784755770263,0.0939345142243693
123,15.526033279656469,3.488996242619431,17.424852388620504,2.5563607085346214,2.2208803005904456,49.97987117552335,6.541867954911433,2.167203435319377,0.0939345142243693
124,15.955448201825014,3.488996242619431,17.324208266237253,2.5563607085346214,2.2208803005904456,49.651100375738054,6.541867954911433,2.167203435319377,0.0939345142243693
125,16.458668813741276,3.44873859366613,17.277241009125067,2.5563607085346214,2.2208803005904456,49.302200751476114,6.488191089640365,2.15378421900161,0.0939345142243693
126,16.99543746645196,3.4286097691894795,17.07595276435856,2.509393451422437,2.2208803005904456,48.7385936661299,6.461352657004831,2.49597423510467,0.07380568974771873
127,17.69994632313473,3.374932903918411,15.975577026301664,3.44873859366613,2.187332259796028,48.42324208266237,6.333870101986044,2.4825550187869028,0.07380568974771873
128,18.156199677938808,3.3480944712828773,15.935319377348362,3.44873859366613,2.120236178207193,48.15485775630703,6.300322061191626,2.462426194310252,0.07380568974771873
129,18.552066559312937,3.3480944712828773,16.243961352657006,3.0059044551798175,2.120236178207193,47.99382716049383,6.199677938808374,2.462426194310252,0.07380568974771873
130,19.129092860976918,3.33467525496511,16.109769189479334,3.0059044551798175,2.120236178207193,47.60466988727858,6.159420289855072,2.462426194310252,0.07380568974771873
131,19.384057971014492,3.33467525496511,15.780998389694043,2.9790660225442833,2.1135265700483092,47.16183574879227,6.119162640901771,2.804616210413312,0.322061191626409
132,18.391035963499732,2.073268921095008,15.539452495974235,2.952227589908749,8.588298443370908,43.11594202898551,5.991680085882985,3.026033279656468,0.322061191626409
133,17.297369833601717,2.073268921095008,9.561191626409018,2.61003757380569,8.53462157809984,52.06655931293612,4.750402576489533,2.7844873859366612,0.322061191626409
134,17.424852388620504,2.073268921095008,8.78287707997853,2.61003757380569,8.433977455716587,53.48899624261943,4.086151368760064,2.7777777777777777,0.322061191626409
135,17.907944176060116,2.073268921095008,8.695652173913043,2.945517981749866,8.038110574342458,53.18035426731079,4.086151368760064,2.7509393451422435,0.322061191626409
136,18.531937734836287,2.0531400966183573,8.695652173913043,2.932098765432099,7.957595276435856,52.683843263553406,4.086151368760064,2.737520128824477,0.322061191626409
137,17.834138486312398,2.0531400966183573,11.822329575952764,2.918679549114332,7.809983896940419,50.30193236714976,4.079441760601181,2.85829307568438,0.322061191626409
138,18.270263016639827,2.046430488459474,11.768652710681696,2.9052603327965647,7.7831454643048845,49.97987117552335,4.072732152442297,2.85829307568438,0.3153515834675255
139,18.67283950617284,2.046430488459474,11.735104669887278,2.8784219001610305,7.689210950080516,49.75845410628019,4.045893719806763,2.85829307568438,0.3153515834675255
140,19.223027375201287,2.046430488459474,11.674718196457327,2.8247450348899625,7.561728395061729,49.45652173913044,4.03918411164788,2.85829307568438,0.3153515834675255
141,18.69296833064949,2.046430488459474,10.950080515297907,1.6908212560386473,7.514761137949543,52.13365539452496,4.005636070853462,2.657004830917874,0.30864197530864196
142,18.874127750939344,2.046430488459474,10.950080515297907,3.770799785292539,7.50805152979066,50.1610305958132,3.730542136339238,2.6502952227589907,0.30864197530864196
143,19.310252281266774,2.046430488459474,10.93666129898014,3.743961352657005,7.454374664519592,49.563875469672574,3.8580246913580245,2.7777777777777777,0.30864197530864196
144,19.665861513687602,2.046430488459474,10.903113258185721,3.6634460547504024,7.434245840042942,49.382716049382715,3.844605475040258,2.7509393451422435,0.30864197530864196
145,19.961084272678477,2.046430488459474,10.762211486849168,3.656736446591519,7.4141170155662905,48.53730542136339,3.8311862587224907,3.4822866344605474,0.30864197530864196
146,20.45088566827697,2.046430488459474,10.534084809447128,4.468599033816425,7.306763285024155,47.60466988727858,3.8311862587224907,3.4688674181427803,0.2885131508319914
147,20.96081588835212,2.046430488459474,10.433440687063875,4.441760601180891,7.306763285024155,47.25577026301664,3.8311862587224907,3.435319377348363,0.2885131508319914
148,21.155394524959743,2.046430488459474,10.413311862587225,4.441760601180891,7.112184648416532,46.89345142243693,3.8177670424047236,3.8311862587224907,0.2885131508319914
149,21.692163177670423,2.046430488459474,10.299248523886206,4.441760601180891,7.0450885668276975,46.65190552871712,3.743961352657005,3.7909286097691894,0.2885131508319914
150,21.994095544820183,2.033011272141707,10.272410091250672,4.441760601180891,7.0450885668276975,46.23590982286635,3.717122920021471,3.9720880300590444,0.2885131508319914
151,22.403381642512077,2.033011272141707,10.205314009661835,4.428341384863124,6.998121309715513,45.6454643048846,4.05931293612453,3.9452495974235107,0.28180354267310787
152,22.886473429951693,2.0128824476650564,10.131508319914117,4.428341384863124,6.998121309715513,45.25630703166935,4.05931293612453,3.9452495974235107,0.28180354267310787
153,23.45679012345679,1.9524959742351047,10.084541062801932,4.38137412775094,6.964573268921095,44.900697799248526,4.05931293612453,3.9184111647879765,0.28180354267310787
154,23.72517444981213,1.9524959742351047,10.044283413848632,4.367954911433173,6.964573268921095,44.7463768115942,4.019055287171229,3.898282340311326,0.28180354267310787
155,23.980139559849704,1.9256575415995705,10.037573805689748,4.314278046162104,6.964573268921095,44.20960815888352,4.414922168545357,3.8714439076757916,0.28180354267310787
156,24.27536231884058,1.9256575415995705,9.977187332259795,4.300858829844337,6.877348362855609,44.10225442834138,4.388083735909823,3.8714439076757916,0.28180354267310787
157,24.671229200214707,1.9256575415995705,9.91009125067096,4.300858829844337,6.863929146537842,43.70638754696726,4.361245303274289,3.978797638217928,0.28180354267310787
158,25.02012882447665,1.90552871712292,9.856414385399892,4.300858829844337,6.790123456790123,43.572195383789584,4.3545356951154055,3.9184111647879765,0.28180354267310787
159,25.308641975308642,1.90552871712292,9.75577026301664,4.247181964573269,6.776704240472356,43.283682232957595,4.542404723564144,3.898282340311326,0.28180354267310787
160,25.664251207729468,1.8786902844873858,9.66183574879227,4.247181964573269,6.776704240472356,43.08239398819109,4.542404723564144,3.864734299516908,0.28180354267310787
161,26.03327965646806,1.8786902844873858,9.64170692431562,4.2203435319377345,6.696188942565755,42.69994632313473,4.669887278582931,3.844605475040258,0.3153515834675255
162,26.36876006441224,1.8786902844873858,9.64170692431562,4.206924315619967,6.622383252818035,42.54562533548041,4.622920021470746,3.797638217928073,0.3153515834675255
163,26.33521202361782,1.8786902844873858,9.5276435856146,4.206924315619967,6.622383252818035,43.283682232957595,4.045893719806763,3.784219001610306,0.3153515834675255
164,26.92565754159957,1.8786902844873858,9.420289855072463,4.139828234031133,6.937734836285561,42.73349436392915,3.9184111647879765,3.730542136339238,0.3153515834675255
165,27.38191089640365,1.8585614600107354,9.359903381642512,4.106280193236715,6.937734836285561,42.48523886205046,3.8311862587224907,3.7238325281803544,0.3153515834675255
166,27.82474503488996,1.8585614600107354,9.286097691894794,4.072732152442297,6.904186795491143,42.210144927536234,3.8311862587224907,3.7037037037037037,0.30864197530864196
167,28.073000536768653,1.8585614600107354,9.225711218464841,4.025764895330113,7.024959742351046,41.94176060118089,3.7640901771336552,3.7775093934514223,0.30864197530864196
168,28.421900161030596,1.8585614600107354,9.16532474503489,4.012345679012346,6.984702093397746,41.76731078904992,3.750670960815888,3.730542136339238,0.30864197530864196
169,28.515834675254965,1.8585614600107354,8.709071390230811,3.978797638217928,6.964573268921095,41.57944176060118,3.743961352657005,4.341116478797638,0.30864197530864196
170,29.2337627482555,1.8585614600107354,8.709071390230811,3.643317230273752,6.937734836285561,41.22383252818035,3.743961352657005,4.341116478797638,0.30864197530864196
171,29.636339237788512,1.8183038110574343,8.675523349436393,3.603059581320451,6.837090713902308,41.035963499731615,3.743961352657005,4.341116478797638,0.30864197530864196
172,30.04562533548041,1.8048845947396672,8.59500805152979,3.5628019323671496,6.837090713902308,40.88164251207729,3.743961352657005,4.2203435319377345,0.30864197530864196
173,30.193236714975846,1.8048845947396672,8.59500805152979,3.5628019323671496,6.816961889425658,40.79441760601181,3.7037037037037037,4.2203435319377345,0.30864197530864196
174,30.173107890499196,1.7914653784219001,8.561460010735374,3.535963499731616,6.937734836285561,39.88862050456253,4.643048845947397,4.159957058507783,0.30864197530864196
175,29.723564143854,1.7914653784219001,8.507783145464305,3.535963499731616,7.64224369296833,38.65405260332797,5.797101449275362,4.03918411164788,0.30864197530864196
176,29.13311862587225,1.7579173376274826,8.427267847557703,3.535963499731616,9.426999463231347,37.5805152979066,5.790391841116479,4.03918411164788,0.30864197530864196
177,29.47530864197531,1.7310789049919484,8.387010198604402,3.535963499731616,9.312936124530328,37.453032742887814,5.770263016639828,4.025764895330113,0.30864197530864196
178,29.851046698872786,1.7310789049919484,8.239398819108963,3.5225442834138487,9.265968867418144,37.21819645732689,5.736714975845411,4.126409017713366,0.30864197530864196
179,30.367686527106816,1.724369296833065,8.172302737520129,3.515834675254965,9.252549651100376,36.8894256575416,5.649490069779925,4.119699409554482,0.30864197530864196
180,30.669618894256576,1.724369296833065,8.172302737520129,3.4822866344605474,9.225711218464841,36.70155662909286,5.622651637144391,4.106280193236715,0.2952227589908749
181,30.917874396135264,1.724369296833065,8.145464304884594,3.455448201825013,9.151905528717123,36.621041331186255,5.609232420826624,4.079441760601181,0.2952227589908749
182,31.246645195920557,1.724369296833065,8.145464304884594,3.3816425120772946,9.098228663446054,36.37949543746645,5.709876543209877,4.019055287171229,0.2952227589908749
183,31.07890499194847,1.724369296833065,8.145464304884594,3.260869565217391,8.997584541062801,34.88996242619431,7.434245840042942,4.17337627482555,0.2952227589908749
184,31.280193236714975,1.724369296833065,8.07836822329576,3.2541599570585076,8.950617283950617,34.84299516908212,7.434245840042942,4.139828234031133,0.2952227589908749
185,31.260064412238325,1.724369296833065,7.9039184111647875,3.589640365002684,9.111647879763822,34.62157809983897,7.39398819108964,4.0995705850778315,0.2952227589908749
186,31.15271068169619,1.482823403113258,7.749597423510467,3.5762211486849167,9.245840042941492,34.45383789586688,8.071658615136876,3.9720880300590444,0.2952227589908749
187,31.52173913043478,1.4694041867954912,7.722758990874933,3.5762211486849167,9.091519055287172,34.225711218464845,8.011272141706923,4.086151368760064,0.2952227589908749
188,31.702898550724637,1.4694041867954912,7.702630166398282,3.5762211486849167,9.078099838969404,34.14519592055824,7.957595276435856,4.072732152442297,0.2952227589908749
189,31.924315619967793,1.4694041867954912,7.682501341921632,3.5762211486849167,9.044551798174986,34.01771336553945,7.917337627482555,4.072732152442297,0.2952227589908749
190,31.34728931830381,1.4492753623188406,10.091250670960816,2.8918411164787976,9.044551798174986,33.2662372517445,7.87037037037037,3.911701556629093,0.1274825550187869
191,31.64922168545357,1.4492753623188406,9.977187332259795,2.885131508319914,9.004294149221685,33.21256038647343,7.7831454643048845,3.911701556629093,0.1274825550187869
192,32.00483091787439,1.4492753623188406,9.936929683306495,2.8650026838432634,8.923778851315083,33.091787439613526,7.689210950080516,3.911701556629093,0.1274825550187869
193,32.21953837895867,1.4492753623188406,9.896672034353195,2.85829307568438,8.883521202361782,33.01798174986581,7.6623725174449815,3.8848631239935587,0.1274825550187869
194,32.139023081052066,1.4492753623188406,9.796027911969942,2.85829307568438,10.48040794417606,31.716317767042405,7.581857219538379,3.851315083199141,0.1274825550187869
195,32.25308641975309,1.4492753623188406,9.608158883521202,2.85829307568438,10.836017176596886,31.52173913043478,7.50805152979066,3.8378958668813743,0.1274825550187869
196,32.420826623725176,1.4358561460010735,9.601449275362318,2.85829307568438,10.72866344605475,31.32716049382716,7.474503488996243,4.025764895330113,0.1274825550187869
197,32.50134192163178,1.42914653784219,9.460547504025765,2.8247450348899625,10.715244229736983,31.21309715512614,7.702630166398282,4.025764895330113,0.1274825550187869
198,32.776435856146,1.402308105206656,9.39345142243693,2.804616210413312,10.621309715512615,31.092324208266238,7.6623725174449815,4.119699409554482,0.1274825550187869
199,32.96430488459474,1.402308105206656,9.205582393988191,2.7844873859366612,10.57434245840043,30.88432635534085,7.635534084809447,4.42163177670424,0.1274825550187869
200,33.11862587224906,1.402308105206656,9.205582393988191,2.7844873859366612,10.520665593129362,30.636070853462158,7.7831454643048845,4.42163177670424,0.1274825550187869
201,33.3870101986044,1.402308105206656,9.131776704240472,2.7509393451422435,10.473698336017177,30.575684380032207,7.776435856146001,4.374664519592056,0.1274825550187869
202,33.62855609232421,1.402308105206656,8.923778851315083,2.7308105206655933,10.453569511540525,30.401234567901234,7.843531937734836,4.488727858293076,0.1274825550187869
203,33.662104133118625,1.402308105206656,8.896940418679549,2.717391304347826,10.426731078904991,30.273752012882447,8.031400966183575,4.461889425657541,0.1274825550187869
204,33.943907675791735,1.402308105206656,8.890230810520666,2.677133655394525,10.393183038110575,30.19994632313473,7.9106280193236715,4.455179817498658,0.1274825550187869
205,34.15190552871712,1.402308105206656,8.870101986044014,2.677133655394525,10.339506172839506,30.12614063338701,7.87037037037037,4.435050993022007,0.1274825550187869
206,34.514224369296834,1.402308105206656,8.809715512614064,2.6435856146001075,10.258990874932904,29.911433172302736,7.930756843800322,4.40150295222759,0.1274825550187869
207,34.86312399355877,1.402308105206656,8.702361782071927,2.6435856146001075,10.23215244229737,29.73027375201288,7.930756843800322,4.367954911433173,0.1274825550187869
208,35.13150831991412,1.3821792807300053,8.675523349436393,2.636876006441224,10.158346752549651,29.643048845947398,7.897208803005904,4.3478260869565215,0.1274825550187869
209,35.28582930756844,1.3821792807300053,8.675523349436393,2.623456790123457,10.151637144390767,29.53569511540526,7.87037037037037,4.3478260869565215,0.1274825550187869
210,35.581052066559316,1.3821792807300053,8.628556092324208,2.623456790123457,10.084541062801932,29.401502952227588,7.856951154052603,4.314278046162104,0.1274825550187869
211,35.829307568438004,1.3821792807300053,8.628556092324208,2.589908749329039,10.050993022007514,29.260601180891037,7.856951154052603,4.274020397208803,0.1274825550187869
212,36.010466988727856,1.3821792807300053,8.601717659688674,2.5831991411701556,10.077831454643048,29.180085882984432,7.823403113258186,4.213633923778851,0.1274825550187869
213,36.26543209876543,1.3821792807300053,8.447396672034353,2.5831991411701556,10.050993022007514,29.13311862587225,7.823403113258186,4.186795491143317,0.1274825550187869
214,36.47342995169082,1.3821792807300053,8.601717659688674,2.5831991411701556,9.842995169082126,29.03918411164788,7.809983896940419,4.139828234031133,0.1274825550187869
215,35.78234031132582,1.3754696725711217,8.387010198604402,2.033011272141707,9.930220075147611,30.62265163714439,7.615405260332796,4.126409017713366,0.1274825550187869
216,36.05072463768116,1.3754696725711217,8.28636607622115,2.0263016639828235,9.856414385399892,30.58239398819109,7.581857219538379,4.1129898013955986,0.1274825550187869
217,36.171497584541065,1.3754696725711217,8.279656468062266,2.0263016639828235,9.836285560923242,30.50858829844337,7.568438003220612,4.1129898013955986,0.12077294685990338
218,36.40633387010199,1.3754696725711217,8.199141170155663,2.0128824476650564,9.749060654857756,30.327428878153516,7.6623725174449815,4.052603327965647,0.2147074610842727
219,35.668276972624795,1.3754696725711217,8.011272141706923,2.006172839506173,9.574610842726784,32.10547504025765,7.004830917874396,4.03918411164788,0.2147074610842727
220,35.889694041867955,1.3754696725711217,8.011272141706923,1.9860440150295222,9.675254965110037,31.97799248523886,6.91760601180891,3.9519592055823938,0.2147074610842727
221,36.09769189479334,1.3620504562533549,8.004562533548041,1.9659151905528718,9.621578099838969,31.702898550724637,7.112184648416532,3.9452495974235107,0.1878690284487386
222,36.533816425120776,1.3620504562533549,8.004562533548041,1.9659151905528718,9.50751476113795,31.468062265163713,7.058507783145465,3.911701556629093,0.1878690284487386
223,36.69484702093398,1.3553408480944713,7.977724100912507,2.0531400966183573,9.4873859366613,31.353998926462694,7.0383789586688135,3.851315083199141,0.1878690284487386
224,36.963231347289316,1.3419216317767042,7.971014492753623,2.046430488459474,9.460547504025765,31.17283950617284,7.0383789586688135,3.8177670424047236,0.1878690284487386
225,37.1309715512614,1.3419216317767042,7.950885668276973,2.046430488459474,9.520933977455716,30.629361245303276,7.39398819108964,3.797638217928073,0.1878690284487386
226,37.19135802469136,1.3419216317767042,7.930756843800322,2.046430488459474,9.480676328502415,30.267042404723565,7.769726247987117,3.784219001610306,0.1878690284487386
227,37.47987117552335,1.3419216317767042,7.930756843800322,2.046430488459474,9.433709071390231,30.099302200751477,7.695920558239399,3.784219001610306,0.1878690284487386
228,37.67444981213097,1.3419216317767042,7.9106280193236715,2.046430488459474,9.366612989801396,30.01207729468599,7.695920558239399,3.7640901771336552,0.1878690284487386
229,37.9092860976919,1.3419216317767042,7.856951154052603,2.046430488459474,9.23913043478261,29.958400429414922,7.6623725174449815,3.797638217928073,0.1878690284487386
230,38.27831454643049,1.2681159420289856,7.776435856146001,2.033011272141707,9.192163177670425,29.87788513150832,7.588566827697263,3.797638217928073,0.1878690284487386
231,38.65405260332797,1.247987117552335,7.763016639828234,2.033011272141707,9.03113258185722,29.7638217928073,7.555018786902845,3.7640901771336552,0.1878690284487386
232,38.801663982823406,1.247987117552335,7.763016639828234,2.0128824476650564,8.984165324745035,29.61621041331186,7.635534084809447,3.750670960815888,0.1878690284487386
233,38.94927536231884,1.247987117552335,7.763016639828234,1.9927536231884058,8.970746108427267,29.53569511540526,7.635534084809447,3.717122920021471,0.1878690284487386
234,39.27133655394525,1.247987117552335,7.749597423510467,1.9927536231884058,8.910359634997317,29.388083735909824,7.561728395061729,3.6902844873859366,0.1878690284487386
235,39.2914653784219,1.247987117552335,7.648953301127214,1.9927536231884058,8.816425120772946,29.240472356414386,7.776435856146001,3.797638217928073,0.1878690284487386
236,39.439076757917334,1.247987117552335,7.595276435856146,1.9927536231884058,9.172034353193773,28.951959205582394,7.648953301127214,3.7640901771336552,0.1878690284487386
237,38.405797101449274,1.247987117552335,9.64170692431562,3.0864197530864197,9.125067096081589,27.093397745571657,7.461084272678476,3.750670960815888,0.1878690284487386
238,38.539989264626946,1.247987117552335,9.802737520128824,3.066290928609769,9.004294149221685,27.01959205582394,7.4208266237251745,3.7104133118625873,0.1878690284487386
239,38.70101986044015,1.247987117552335,9.742351046698873,3.33467525496511,8.76274825550188,26.898819108964037,7.4141170155662905,3.7104133118625873,0.1878690284487386
240,38.446054750402574,1.247987117552335,10.218733225979603,3.33467525496511,8.702361782071927,26.684111647879764,7.39398819108964,3.784219001610306,0.1878690284487386
241,38.821792807300056,1.247987117552335,10.171765968867419,3.260869565217391,8.655394524959743,26.617015566290927,7.313472893183038,3.7238325281803544,0.1878690284487386
242,39.05662909286098,1.247987117552335,10.11808910359635,3.2541599570585076,8.601717659688674,26.496242619431026,7.313472893183038,3.7238325281803544,0.1878690284487386
243,36.312399355877616,1.1943102522812667,8.977455716586151,3.2474503488996245,8.715780998389693,30.649490069779926,7.071926999463232,3.683574879227053,0.14761137949543746
