,45,50,51,55,52,54,53,57,58,56,59,60,61,62,63
0,96.13526570048309,3.750670960815888,0.10735373054213634,0.0067096081588835215,,,,,,,,,,,
1,93.35748792270532,6.461352657004831,0.13419216317767044,0.04696725711218465,,,,,,,,,,,
2,92.49194847020934,7.212828770799785,0.14761137949543746,0.10064412238325282,0.04696725711218465,,,,,,,,,,
3,91.8142780461621,7.856951154052603,0.18115942028985507,0.10064412238325282,0.04696725711218465,,,,,,,,,,
4,91.10305958132045,8.467525496511003,0.20799785292538917,0.1274825550187869,0.08722490606548577,0.0067096081588835215,,,,,,,,,
5,82.19269994632313,17.250402576489535,0.2616747181964573,0.16774020397208803,0.10064412238325282,0.0067096081588835215,0.020128824476650563,,,,,,,,
6,81.57541599570585,17.746913580246915,0.2616747181964573,0.24825550187869028,0.10735373054213634,0.026838432635534086,0.03354804079441761,,,,,,,,
7,80.72329575952764,18.49838969404187,0.30193236714975846,0.30193236714975846,0.10735373054213634,0.026838432635534086,0.040257648953301126,,,,,,,,
8,80.27375201288245,18.84728931830381,0.322061191626409,0.32877079978529256,0.1610305958132045,0.026838432635534086,0.040257648953301126,,,,,,,,
9,77.61003757380568,21.24932903918411,0.4428341384863124,0.46296296296296297,0.1610305958132045,0.026838432635534086,0.04696725711218465,,,,,,,,
10,76.89210950080515,21.39694041867955,0.46967257112184646,0.5367686527106817,0.6038647342995169,0.026838432635534086,0.07380568974771873,,,,,,,,
11,76.12050456253355,21.880032206119164,0.5367686527106817,0.7380568974771873,0.6239935587761675,0.026838432635534086,0.07380568974771873,,,,,,,,
12,71.79951690821257,25.684380032206118,0.8185721953837896,0.9728931830381106,0.6239935587761675,0.026838432635534086,0.07380568974771873,,,,,,,,
13,70.26972624798712,27.073268921095007,0.8521202361782072,1.0265700483091786,0.6776704240472357,0.026838432635534086,0.07380568974771873,,,,,,,,
14,66.92163177670425,27.945517981749866,3.1535158346752548,1.0534084809447128,0.6977992485238862,0.03354804079441761,0.18115942028985507,0.0067096081588835215,0.0067096081588835215,,,,,,
15,66.42512077294685,28.073000536768653,3.2877079978529253,1.1741814278046163,0.7179280730005367,0.1274825550187869,0.18115942028985507,0.0067096081588835215,0.0067096081588835215,,,,,,
16,65.84138486312399,28.381642512077295,3.361513687600644,1.2546967257112185,0.7783145464304885,0.13419216317767044,0.2214170692431562,0.0067096081588835215,0.0067096081588835215,0.013419216317767043,,,,,
17,64.23778851315083,29.797369833601717,3.3950617283950617,1.3419216317767042,0.8051529790660226,0.14761137949543746,0.23483628556092323,0.0067096081588835215,0.0067096081588835215,0.026838432635534086,,,,,
18,63.89559849704777,29.830917874396135,3.4621578099838968,1.4761137949543746,0.8252818035426731,0.17444981213097155,0.2885131508319914,0.0067096081588835215,0.0067096081588835215,0.03354804079441761,,,,,
19,63.27831454643049,29.898013955984972,3.556092324208266,1.6572732152442298,0.9997316156736447,0.17444981213097155,0.36902844873859364,0.0067096081588835215,0.0067096081588835215,0.05367686527106817,,,,,
20,57.51476113794954,36.01717659688674,3.3816425120772946,1.5163714439076759,0.9728931830381106,0.17444981213097155,0.3153515834675255,0.0067096081588835215,0.0067096081588835215,0.0939345142243693,,,,,
21,57.23966720343532,36.010466988727856,3.4621578099838968,1.5767579173376274,1.0198604401502953,0.2147074610842727,0.36902844873859364,0.0067096081588835215,0.0067096081588835215,0.0939345142243693,,,,,
22,57.078636607622116,35.7085346215781,3.5426731078904994,1.8317230273752012,1.0466988727858293,0.20128824476650564,0.46967257112184646,0.0067096081588835215,0.0067096081588835215,0.10735373054213634,,,,,
23,56.676060118089104,35.829307568438004,3.5963499731615673,1.9457863660762211,1.107085346215781,0.20128824476650564,0.5233494363929146,0.0067096081588835215,0.0067096081588835215,0.10735373054213634,,,,,
24,54.468599033816425,38.27831454643049,3.4151905528717124,1.9592055823939882,1.0064412238325282,0.23483628556092323,0.5166398282340311,0.0067096081588835215,0.0067096081588835215,0.10735373054213634,,,,,
25,52.77777777777778,39.64036500268384,3.549382716049383,2.0665593129361244,1.0131508319914118,0.24825550187869028,0.5837359098228664,0.0067096081588835215,0.0067096081588835215,0.10735373054213634,,,,,
26,51.690821256038646,38.808373590982285,5.166398282340311,2.3081052066559313,1.0601180891035964,0.24825550187869028,0.5837359098228664,0.0067096081588835215,0.0067096081588835215,0.12077294685990338,,,,,
27,50.97289318303811,37.533548040794415,5.213365539452496,2.4020397208803006,2.85829307568438,0.28180354267310787,0.5904455179817498,0.0067096081588835215,0.0067096081588835215,0.13419216317767044,,,,,
28,50.577026301663984,37.65432098765432,5.273752012882448,2.4221685453569513,2.9119699409554483,0.32877079978529256,0.644122383252818,0.04696725711218465,0.0067096081588835215,0.13419216317767044,,,,,
29,50.32206119162641,37.52012882447665,5.307300053676865,2.61003757380569,2.9253891572732154,0.3824476650563607,0.7045088566827697,0.06709608158883522,0.0067096081588835215,0.15432098765432098,,,,,
30,49.81213097155126,37.513419216317764,5.374396135265701,2.8381642512077296,2.9790660225442833,0.3824476650563607,0.8118625872249061,0.08051529790660225,0.0067096081588835215,0.20128824476650564,,,,,
31,48.01395598497048,38.99624261943102,5.387815351583468,3.0059044551798175,2.985775630703167,0.43612453032742887,0.8185721953837896,0.08051529790660225,0.0067096081588835215,0.2683843263553409,,,,,
32,41.10305958132045,50.12748255501879,3.717122920021471,2.3617820719269993,1.2077294685990339,0.3824476650563607,0.9125067096081588,0.03354804079441761,0.0067096081588835215,0.14761137949543746,,,,,
33,40.85480407944176,48.56414385399893,3.7238325281803544,2.328234031132582,1.1876006441223832,2.1940418679549114,0.8923778851315083,0.026838432635534086,0.0067096081588835215,0.19457863660762212,0.026838432635534086,,,,
34,40.64009661835749,48.31588835212023,3.8580246913580245,2.576489533011272,1.2144390767579174,2.1940418679549114,0.9192163177670424,0.040257648953301126,0.0067096081588835215,0.20799785292538917,0.026838432635534086,,,,
35,40.41196994095545,47.98040794417606,3.92512077294686,2.8381642512077296,1.3486312399355878,2.2342995169082127,0.9796027911969941,0.040257648953301126,0.0067096081588835215,0.20799785292538917,0.026838432635534086,,,,
36,40.21068169618894,41.2037037037037,3.9452495974235107,2.677133655394525,8.373590982286634,2.2410091250670963,1.0198604401502953,0.040257648953301126,0.0067096081588835215,0.2549651100375738,0.026838432635534086,,,,
37,39.861782071927,41.06951154052604,3.938539989264627,2.9723564143853998,8.333333333333334,2.2879763821792807,1.0534084809447128,0.14761137949543746,0.0067096081588835215,0.2885131508319914,0.040257648953301126,,,,
38,39.412238325281805,40.405260332796566,3.9989264626945786,3.770799785292539,8.340042941492216,2.3215244229736984,1.1205045625335481,0.20799785292538917,0.0067096081588835215,0.3757380568974772,0.040257648953301126,,,,
39,39.130434782608695,40.33816425120773,3.9989264626945786,3.8580246913580245,8.293075684380032,2.4691358024691357,1.2010198604401503,0.28180354267310787,0.0067096081588835215,0.3824476650563607,0.040257648953301126,,,,
40,39.00295222758991,40.203972088030056,3.9989264626945786,3.992216854535695,8.252818035426731,2.5429414922168547,1.2345679012345678,0.27509393451422437,0.0067096081588835215,0.4495437466451959,0.040257648953301126,,,,
41,38.89559849704777,40.13687600644123,4.072732152442297,4.019055287171229,8.252818035426731,2.5161030595813205,1.2815351583467525,0.2885131508319914,0.0067096081588835215,0.4495437466451959,0.08051529790660225,,,,
42,38.6003757380569,40.02952227589909,4.166666666666667,4.166666666666667,8.152173913043478,2.5496511003757383,1.328502415458937,0.4092860976918948,0.0067096081588835215,0.4830917874396135,0.08051529790660225,0.026838432635534086,,,
43,35.08454106280193,43.47155126140633,4.045893719806763,4.455179817498658,8.219269994632313,2.4154589371980677,1.2949543746645196,0.4025764895330113,0.020128824476650563,0.4562533548040794,0.10735373054213634,0.026838432635534086,,,
44,34.957058507783145,43.203166935050994,4.106280193236715,4.575952764358561,8.225979602791197,2.563070316693505,1.3486312399355878,0.4092860976918948,0.020128824476650563,0.4562533548040794,0.10735373054213634,0.026838432635534086,,,
45,31.199677938808374,39.452495974235106,12.057165861513688,4.569243156199678,8.07836822329576,2.5295222758990876,1.107085346215781,0.4227053140096618,0.020128824476650563,0.4294149221685454,0.10735373054213634,0.026838432635534086,,,
46,30.99838969404187,39.35856146001073,12.030327428878154,4.74369296833065,7.971014492753623,2.589908749329039,1.1272141706924315,0.5233494363929146,0.020128824476650563,0.5099302200751477,0.10735373054213634,0.013419216317767043,0.0067096081588835215,,
47,30.67632850241546,39.17740203972088,12.258454106280194,4.851046698872786,7.971014492753623,2.6435856146001075,1.1205045625335481,0.5971551261406334,0.020128824476650563,0.5501878690284487,0.11406333870101985,0.013419216317767043,0.0067096081588835215,,
48,30.280461621041333,39.31159420289855,12.359098228663447,4.924852388620504,7.890499194847021,2.61003757380569,1.107085346215781,0.7045088566827697,0.05367686527106817,0.6239935587761675,0.11406333870101985,0.013419216317767043,0.0067096081588835215,,
49,29.985238862050455,39.231078904991946,12.513419216317766,4.9718196457326895,7.9039184111647875,2.7106816961889426,1.093666129898014,0.7179280730005367,0.05367686527106817,0.6843800322061192,0.11406333870101985,0.013419216317767043,0.0067096081588835215,,
50,29.884594739667204,39.130434782608695,12.453032742887816,5.032206119162641,7.96430488459474,2.771068169618894,1.107085346215781,0.6910896403650026,0.06709608158883522,0.7648953301127214,0.11406333870101985,0.013419216317767043,0.0067096081588835215,,
51,29.73027375201288,38.989533011272144,12.432903918411165,5.213365539452496,8.017981749865807,2.7106816961889426,1.1540526033279657,0.6910896403650026,0.06709608158883522,0.798443370907139,0.17444981213097155,0.013419216317767043,0.0067096081588835215,,
52,29.468599033816425,38.91572732152442,12.318840579710145,5.35426731078905,8.051529790660226,2.771068169618894,1.261406333870102,0.6977992485238862,0.05367686527106817,0.9393451422436929,0.14761137949543746,0.013419216317767043,0.0067096081588835215,,
53,29.341116478797638,38.788244766505635,12.278582930756844,5.542136339237788,8.07836822329576,2.8113258185721954,1.2949543746645196,0.7045088566827697,0.05367686527106817,0.9393451422436929,0.14761137949543746,0.013419216317767043,0.0067096081588835215,,
54,29.2337627482555,38.64734299516908,12.278582930756844,5.555555555555555,8.11862587224906,2.844873859366613,1.4090177133655395,0.7447665056360708,0.05367686527106817,0.9460547504025765,0.14761137949543746,0.013419216317767043,0.0067096081588835215,,
55,28.502415458937197,39.170692431561996,12.224906065485776,5.642780461621041,8.071658615136876,2.804616210413312,1.482823403113258,0.8051529790660226,0.05367686527106817,1.0399892646269457,0.18115942028985507,0.013419216317767043,0.0067096081588835215,,
56,28.28099838969404,38.33870101986044,12.298711755233494,5.58239398819109,7.890499194847021,3.844605475040258,1.5096618357487923,0.95276435856146,0.05367686527106817,1.0466988727858293,0.18115942028985507,0.013419216317767043,0.0067096081588835215,,
57,27.78448738593666,38.00993022007515,12.835480407944177,5.676328502415459,7.7831454643048845,3.9720880300590444,1.5633387010198605,0.9393451422436929,0.05367686527106817,1.1406333870101986,0.2214170692431562,0.013419216317767043,0.0067096081588835215,,
58,27.63016639828234,37.92941492216855,12.828770799785293,5.763553408480945,7.937466451959206,3.878153515834675,1.6505636070853462,0.8588298443370908,0.05367686527106817,1.1876006441223832,0.2616747181964573,0.013419216317767043,0.0067096081588835215,,
59,26.992753623188406,38.197799248523886,12.640901771336553,6.239935587761675,7.877079978529254,3.824476650563607,1.7579173376274826,0.9259259259259259,0.08051529790660225,1.1943102522812667,0.2616747181964573,,0.0067096081588835215,,
60,26.8317230273752,38.09044551798175,12.573805689747719,6.427804616210413,7.87037037037037,3.851315083199141,1.7646269457863661,0.9728931830381106,0.08051529790660225,1.2748255501878691,0.2549651100375738,,0.0067096081588835215,,
61,26.52308105206656,37.567096081588836,13.023349436392914,6.575415995705851,7.87037037037037,4.025764895330113,1.751207729468599,0.9997316156736447,0.08051529790660225,1.3217928073000538,0.2549651100375738,,0.0067096081588835215,,
62,26.281535158346752,37.5,12.93612453032743,6.575415995705851,7.85024154589372,4.206924315619967,1.8183038110574343,1.0131508319914118,0.08051529790660225,1.4694041867954912,0.2549651100375738,0.0067096081588835215,0.0067096081588835215,,
63,26.113794954374665,37.30542136339238,13.01663982823403,6.776704240472356,7.709339774557166,4.327697262479871,1.8451422436929683,1.093666129898014,0.08051529790660225,1.4492753623188406,0.2549651100375738,0.020128824476650563,0.0067096081588835215,,
64,25.986312399355878,36.65458937198068,13.117283950617283,7.440955448201825,7.675791733762749,4.300858829844337,1.8518518518518519,1.1205045625335481,0.08051529790660225,1.4559849704777241,0.2885131508319914,0.020128824476650563,0.0067096081588835215,,
65,25.825281803542673,36.46672034353194,13.144122383252817,7.50805152979066,7.729468599033816,4.3545356951154055,1.9927536231884058,1.107085346215781,0.08051529790660225,1.442565754159957,0.27509393451422437,0.06709608158883522,0.0067096081588835215,,
66,25.644122383252817,35.668276972624795,13.150831991411701,7.340311325818572,10.084541062801932,3.280998389694042,2.033011272141707,1.1540526033279657,0.05367686527106817,1.4224369296833066,0.06709608158883522,0.0939345142243693,0.0067096081588835215,,
67,25.275093934514224,35.44685990338164,13.177670424047236,7.581857219538379,10.245571658615138,3.2474503488996245,1.9726247987117553,1.1674718196457328,0.05367686527106817,1.6170155662909287,0.06038647342995169,0.14761137949543746,0.0067096081588835215,,
68,25.161030595813205,35.42673107890499,13.20450885668277,7.568438003220612,10.245571658615138,3.2675791733762747,2.0665593129361244,1.1205045625335481,0.05367686527106817,1.6438539989264627,0.08722490606548577,0.14761137949543746,0.0067096081588835215,,
69,20.699141170155663,45.51798174986581,10.715244229736983,7.011540526033279,9.131776704240472,2.5966183574879227,1.724369296833065,1.0534084809447128,0.013419216317767043,1.3553408480944713,0.04696725711218465,0.13419216317767044,,,
70,20.67230273752013,44.82018250134192,10.7085346215781,7.581857219538379,9.111647879763822,2.6167471819645733,1.7579173376274826,1.1003757380568975,0.013419216317767043,1.4224369296833066,0.04696725711218465,0.14761137949543746,,,
71,20.558239398819108,44.56521739130435,10.648148148148149,7.85024154589372,9.07139023081052,2.6167471819645733,1.8048845947396672,1.107085346215781,0.013419216317767043,1.5499194847020934,0.06709608158883522,0.14761137949543746,,,
72,20.33011272141707,44.57192699946323,10.587761674718196,7.9106280193236715,8.883521202361782,2.6972624798711755,1.8719806763285025,1.1272141706924315,0.013419216317767043,1.7914653784219001,0.06709608158883522,0.14761137949543746,,,
73,20.135534084809446,44.32367149758454,10.641438539989265,8.111916264090176,8.957326892109501,2.7241009125067097,1.865271068169619,1.1137949543746646,0.013419216317767043,1.865271068169619,0.07380568974771873,0.17444981213097155,,,
74,19.592055823939884,44.806763285024154,10.487117552334944,8.199141170155663,8.977455716586151,2.7308105206655933,1.90552871712292,1.1205045625335481,0.013419216317767043,1.90552871712292,0.07380568974771873,0.1878690284487386,,,
75,19.47799248523886,44.64573268921095,10.466988727858293,8.28636607622115,8.984165324745035,2.791196994095545,1.9927536231884058,1.1272141706924315,0.040257648953301126,1.9256575415995705,0.07380568974771873,0.1878690284487386,,,
76,19.290123456790123,44.37063875469673,10.057702630166398,8.313204508856682,8.943907675791733,2.8381642512077296,2.636876006441224,1.1674718196457328,0.040257648953301126,2.073268921095008,0.07380568974771873,0.19457863660762212,,,
77,19.189479334406872,44.135802469135804,10.124798711755233,8.521202361782072,8.863392377885132,2.85829307568438,2.690552871712292,1.2278582930756843,0.040257648953301126,2.0665593129361244,0.07380568974771873,0.20799785292538917,,,
78,17.69994632313473,45.7259796027912,9.903381642512077,8.648684916800859,8.729200214707461,2.85829307568438,2.771068169618894,1.2681159420289856,0.06038647342995169,2.0397208803005906,0.08722490606548577,0.19457863660762212,0.013419216317767043,,
79,17.62614063338701,45.55823939881911,9.950348899624261,8.742619431025227,8.648684916800859,2.818035426731079,2.8381642512077296,1.3754696725711217,0.06038647342995169,2.033011272141707,0.10735373054213634,0.2281266774020397,0.013419216317767043,,
80,16.586151368760063,43.41787439613527,12.27187332259796,8.601717659688674,8.588298443370908,2.844873859366613,3.69699409554482,1.6438539989264627,0.06038647342995169,1.9390767579173376,0.10735373054213634,0.2281266774020397,0.013419216317767043,,
81,16.552603327965645,43.11594202898551,12.198067632850242,8.829844337090714,8.568169618894256,2.9388083735909825,3.7775093934514223,1.6237251744498122,0.08722490606548577,1.9726247987117553,0.10735373054213634,0.2147074610842727,0.013419216317767043,,
82,16.364734299516908,43.21658615136876,12.104133118625873,8.943907675791733,8.541331186258722,2.9924852388620504,3.7104133118625873,1.6639828234031133,0.10064412238325282,2.0263016639828235,0.10735373054213634,0.2147074610842727,0.013419216317767043,,
83,16.31105743424584,42.914653784219,12.084004294149223,8.863392377885132,8.53462157809984,3.3480944712828773,3.81105743424584,1.6908212560386473,0.0939345142243693,2.059849704777241,0.08722490606548577,0.1878690284487386,0.013419216317767043,,
84,16.29092860976919,42.62614063338701,12.050456253354804,9.037842190016104,8.527911969940956,3.4688674181427803,3.8177670424047236,1.6975308641975309,0.10735373054213634,2.073268921095008,0.08722490606548577,0.20128824476650564,0.013419216317767043,,
85,16.150026838432634,42.51207729468599,11.996779388083736,9.024422973698336,8.480944712828771,3.4822866344605474,3.938539989264627,1.8250134192163177,0.1274825550187869,2.1269457863660763,0.12077294685990338,0.20128824476650564,0.013419216317767043,,
86,16.06280193236715,42.11621041331186,11.963231347289318,9.037842190016104,8.527911969940956,3.8915727321524423,3.9519592055823938,1.8183038110574343,0.1274825550187869,2.1940418679549114,0.12077294685990338,0.17444981213097155,0.013419216317767043,,
87,16.022544283413847,41.98201825013419,11.90955448201825,9.064680622651638,8.487654320987655,3.992216854535695,3.978797638217928,1.8451422436929683,0.15432098765432098,2.2410091250670963,0.10735373054213634,0.20128824476650564,0.013419216317767043,,
88,15.821256038647343,41.19028448738594,11.956521739130435,11.332528180354267,7.407407407407407,4.1129898013955986,3.878153515834675,1.7042404723564144,0.18115942028985507,2.0933977455716586,0.10735373054213634,0.20128824476650564,0.013419216317767043,,
89,15.304616210413311,39.962426194310254,14.13714439076758,11.11111111111111,7.5281803542673105,3.7775093934514223,3.864734299516908,1.7042404723564144,0.18115942028985507,2.1135265700483092,0.10735373054213634,0.19457863660762212,0.013419216317767043,,
90,15.297906602254429,34.05126140633387,20.571658615136876,10.34621578099839,7.541599570585078,3.851315083199141,3.851315083199141,1.724369296833065,0.19457863660762212,2.2208803005904456,0.0939345142243693,0.2281266774020397,0.026838432635534086,,
91,15.28448738593666,33.89023081052066,20.591787439613526,10.326086956521738,7.501341921631776,3.9049919484702094,3.8311862587224907,1.7847557702630166,0.23483628556092323,2.2611379495437465,0.12077294685990338,0.24154589371980675,0.026838432635534086,,
92,14.150563607085346,30.750134192163177,25.483091787439612,9.98389694041868,7.313472893183038,3.851315083199141,3.7104133118625873,1.7847557702630166,0.23483628556092323,2.341653247450349,0.13419216317767044,0.24825550187869028,0.013419216317767043,,
93,14.130434782608695,30.656199677938808,25.355609232420825,10.050993022007514,7.273215244229737,3.824476650563607,3.770799785292539,1.8384326355340848,0.2214170692431562,2.442297369833602,0.1610305958132045,0.2616747181964573,0.013419216317767043,,
94,14.11701556629093,30.233494363929147,25.36231884057971,10.030864197530864,7.37385936661299,4.025764895330113,3.9049919484702094,1.8048845947396672,0.2281266774020397,2.4020397208803006,0.23483628556092323,0.2683843263553409,0.013419216317767043,,
95,14.056629092860977,29.95169082125604,25.248255501878692,9.997316156736447,7.48792270531401,4.233762748255502,3.911701556629093,1.737788513150832,0.2281266774020397,2.5966183574879227,0.2147074610842727,0.3153515834675255,0.013419216317767043,0.0067096081588835215,
96,13.935856146001074,29.97181964573269,25.127482555018787,9.98389694041868,7.481213097155126,4.40150295222759,3.898282340311326,1.751207729468599,0.28180354267310787,2.6167471819645733,0.2147074610842727,0.3153515834675255,0.013419216317767043,0.0067096081588835215,
97,13.895598497047773,29.810789049919485,24.966451959205582,10.057702630166398,7.5281803542673105,4.4820182501341925,3.9586688137412773,1.7444981213097155,0.24154589371980675,2.757648953301127,0.2147074610842727,0.322061191626409,0.013419216317767043,0.0067096081588835215,
98,13.855340848094471,29.602791196994094,24.89935587761675,10.0979602791197,7.5281803542673105,4.549114331723027,4.0995705850778315,1.7444981213097155,0.2549651100375738,2.7979066022544283,0.2147074610842727,0.33548040794417605,0.013419216317767043,0.0067096081588835215,
99,13.83521202361782,29.441760601180892,24.644390767579175,10.037573805689748,7.568438003220612,4.74369296833065,4.1129898013955986,1.7310789049919484,0.2683843263553409,3.0394524959742353,0.2281266774020397,0.32877079978529256,0.013419216317767043,0.0067096081588835215,
100,13.81508319914117,29.166666666666668,24.46323134728932,10.178475577026301,7.5348899624261945,4.7638217928073,4.146537842190016,1.7713365539452497,0.2683843263553409,3.3011272141706924,0.2281266774020397,0.3421900161030596,0.013419216317767043,0.0067096081588835215,
101,13.66076221148685,28.482286634460547,26.261406333870102,9.863123993558776,7.561728395061729,4.703435319377348,4.133118625872249,1.7914653784219001,0.3488996242619431,2.636876006441224,0.2147074610842727,0.322061191626409,0.013419216317767043,0.0067096081588835215,
102,13.439345142243694,28.468867418142782,26.33521202361782,9.742351046698873,7.796564680622652,4.461889425657541,4.30756843800322,1.7444981213097155,0.33548040794417605,2.6435856146001075,0.36231884057971014,0.3421900161030596,0.013419216317767043,0.0067096081588835215,
103,13.41250670960816,28.28099838969404,25.5703166935051,10.560923242082662,7.836822329575953,4.569243156199678,4.300858829844337,1.7444981213097155,0.33548040794417605,2.6435856146001075,0.36231884057971014,0.36231884057971014,0.013419216317767043,0.0067096081588835215,
104,13.405797101449275,28.039452495974235,25.49651100375738,10.641438539989265,7.917337627482555,4.64975845410628,4.260601180891036,1.778046162104133,0.33548040794417605,2.737520128824477,0.35560923242082665,0.36231884057971014,0.013419216317767043,0.0067096081588835215,
105,13.345410628019323,27.811325818572197,25.38244766505636,10.748792270531402,7.937466451959206,4.669887278582931,4.3478260869565215,1.778046162104133,0.33548040794417605,2.918679549114332,0.35560923242082665,0.3488996242619431,0.013419216317767043,0.0067096081588835215,
106,13.123993558776167,27.449006977992486,25.764895330112722,10.748792270531402,7.87037037037037,4.616210413311863,4.394793344068707,1.7579173376274826,0.33548040794417605,3.1870638754696725,0.3824476650563607,0.3488996242619431,0.013419216317767043,0.0067096081588835215,
107,13.123993558776167,27.32823403113258,25.563607085346217,10.802469135802468,7.897208803005904,4.64975845410628,4.468599033816425,1.7579173376274826,0.33548040794417605,3.321256038647343,0.3824476650563607,0.3488996242619431,0.013419216317767043,0.0067096081588835215,
108,13.036768652710682,27.274557165861513,25.355609232420825,10.909822866344605,7.883789586688137,4.790660225442834,4.428341384863124,1.8518518518518519,0.322061191626409,3.3816425120772946,0.4025764895330113,0.32877079978529256,0.026838432635534086,0.0067096081588835215,
109,12.942834138486312,27.113526570048307,25.254965110037574,10.916532474503489,8.111916264090176,4.891304347826087,4.334406870638754,1.8384326355340848,0.33548040794417605,3.44873859366613,0.4227053140096618,0.35560923242082665,0.026838432635534086,0.0067096081588835215,
110,12.895866881374127,27.046430488459475,25.207997852925388,10.876274825550189,8.158883521202362,4.985238862050457,4.320987654320987,1.8585614600107354,0.33548040794417605,3.475577026301664,0.47638217928073,0.322061191626409,0.03354804079441761,0.0067096081588835215,
111,12.882447665056361,26.82501341921632,25.05367686527107,10.869565217391305,8.165593129361245,5.10601180891036,4.334406870638754,1.865271068169619,0.36902844873859364,3.6902844873859366,0.47638217928073,0.322061191626409,0.03354804079441761,0.0067096081588835215,
112,12.808641975308642,26.67740203972088,24.973161567364468,10.88298443370907,8.192431561996779,5.12614063338701,4.334406870638754,1.8048845947396672,0.4025764895330113,3.978797638217928,0.4562533548040794,0.32877079978529256,0.03354804079441761,,
113,12.144390767579173,26.02657004830918,26.77133655394525,10.326086956521738,8.313204508856682,5.059044551798175,4.388083735909823,1.8384326355340848,0.41599570585077833,3.92512077294686,0.4227053140096618,0.33548040794417605,0.03354804079441761,,
114,12.144390767579173,25.85882984433709,26.643853998926463,10.305958132045088,8.387010198604402,5.10601180891036,4.461889425657541,1.8451422436929683,0.4092860976918948,4.045893719806763,0.4227053140096618,0.33548040794417605,0.03354804079441761,,
115,12.124261943102523,25.664251207729468,26.54320987654321,10.265700483091788,8.487654320987655,5.199946323134729,4.488727858293076,1.8384326355340848,0.4227053140096618,4.126409017713366,0.4495437466451959,0.35560923242082665,0.03354804079441761,,
116,12.124261943102523,25.623993558776167,26.42914653784219,10.245571658615138,8.454106280193237,5.280461621041331,4.528985507246377,1.8317230273752012,0.4227053140096618,4.2203435319377345,0.4495437466451959,0.35560923242082665,0.03354804079441761,,
117,12.090713902308105,25.664251207729468,26.36876006441224,10.205314009661835,8.460815888352121,5.314009661835748,4.542404723564144,1.8183038110574343,0.43612453032742887,4.26731078904992,0.46296296296296297,0.33548040794417605,0.03354804079441761,,
118,12.06387546967257,25.623993558776167,26.281535158346752,10.25228126677402,8.514492753623188,5.35426731078905,4.609500805152979,1.8048845947396672,0.4092860976918948,4.253891572732153,0.4562533548040794,0.3421900161030596,0.03354804079441761,,
119,11.996779388083736,25.181159420289855,26.127214170692433,10.86285560923242,8.487654320987655,5.407944176060118,4.64975845410628,1.8115942028985508,0.39586688137412773,4.260601180891036,0.4428341384863124,0.3421900161030596,0.03354804079441761,,
120,11.996779388083736,25.067096081588836,26.04669887278583,10.82259796027912,8.57487922705314,5.46833064949007,4.663177670424047,1.8048845947396672,0.4294149221685454,4.26731078904992,0.46967257112184646,0.35560923242082665,0.03354804079441761,,
121,11.211755233494364,23.59098228663446,29.28743961352657,10.527375201288244,8.165593129361245,5.387815351583468,4.461889425657541,1.8048845947396672,0.39586688137412773,4.314278046162104,0.4428341384863124,0.3757380568974772,0.03354804079441761,,
122,11.191626409017713,23.423242082662373,29.025764895330113,10.607890499194847,8.07836822329576,5.414653784219001,4.549114331723027,1.9457863660762211,0.41599570585077833,4.468599033816425,0.46967257112184646,0.3757380568974772,0.03354804079441761,,
123,11.144659151905529,23.376274825550187,28.81105743424584,10.59447128287708,7.991143317230274,5.4616210413311865,4.676596886741814,1.9256575415995705,0.46967257112184646,4.62962962962963,0.46296296296296297,0.4227053140096618,0.03354804079441761,,
124,11.064143853998926,23.295759527643586,28.569511540526033,10.72866344605475,8.132045088566828,5.401234567901234,4.804079441760601,1.9122383252818036,0.46967257112184646,4.676596886741814,0.49651100375738055,0.41599570585077833,0.03354804079441761,,
125,11.037305421363392,23.181696188942567,28.415190552871714,10.795759527643586,8.225979602791197,5.428073000536768,4.810789049919484,1.9659151905528718,0.4830917874396135,4.64975845410628,0.5032206119162641,0.46967257112184646,0.03354804079441761,,
126,10.990338164251208,23.141438539989263,28.173644659151904,10.909822866344605,8.145464304884594,5.428073000536768,4.924852388620504,2.0397208803005906,0.48980139559849706,4.736983360171766,0.5099302200751477,0.47638217928073,0.03354804079441761,,
127,10.950080515297907,23.14814814814815,28.039452495974235,10.95679012345679,8.192431561996779,5.441492216854535,4.998658078368224,2.0397208803005906,0.48980139559849706,4.783950617283951,0.46967257112184646,0.4562533548040794,0.03354804079441761,,
128,10.923242082662373,22.765700483091788,27.891841116478798,11.33923778851315,8.145464304884594,5.475040257648954,4.985238862050457,2.046430488459474,0.4830917874396135,4.891304347826087,0.5568974771873323,0.46296296296296297,0.03354804079441761,,
129,10.903113258185721,22.69189479334407,27.74422973698336,11.352657004830919,8.21256038647343,5.548845947396672,4.944981213097155,2.006172839506173,0.49651100375738055,5.018786902844874,0.5904455179817498,0.4562533548040794,0.03354804079441761,,
130,10.903113258185721,22.19538378958669,27.36849168008588,11.124530327428879,8.179012345679013,5.475040257648954,6.078904991948471,1.9189479334406871,0.4830917874396135,5.213365539452496,0.5770263016639828,0.4495437466451959,0.03354804079441761,,
131,10.88298443370907,22.08132045088567,27.254428341384862,11.16478797638218,8.158883521202362,5.562265163714439,6.085614600107354,1.8719806763285025,0.5166398282340311,5.3341384863123995,0.5770263016639828,0.4562533548040794,0.05367686527106817,,
132,10.856146001073537,21.926999463231347,27.214170692431562,11.05072463768116,8.21256038647343,5.669618894256575,6.266774020397209,1.8585614600107354,0.5166398282340311,5.35426731078905,0.5501878690284487,0.46967257112184646,0.05367686527106817,,
133,10.84272678475577,21.79951690821256,27.147074610842726,11.023886205045626,8.246108427267847,5.790391841116479,6.400966183574879,1.8317230273752012,0.5233494363929146,5.307300053676865,0.5636070853462157,0.46967257112184646,0.05367686527106817,,
134,10.829307568438002,21.732420826623724,26.684111647879764,11.211755233494364,8.319914117015566,5.857487922705314,6.454643048845948,1.8518518518518519,0.5233494363929146,5.46833064949007,0.5636070853462157,0.4495437466451959,0.05367686527106817,,
135,10.654857756307031,21.578099838969404,26.67740203972088,11.252012882447666,8.387010198604402,5.877616747181965,6.5552871712292005,1.8451422436929683,0.5904455179817498,5.508588298443371,0.5904455179817498,0.4294149221685454,0.05367686527106817,,
136,10.587761674718196,21.443907675791735,26.455984970477726,11.560654857756306,8.36688137412775,5.917874396135265,6.622383252818035,1.8183038110574343,0.5904455179817498,5.58239398819109,0.5837359098228664,0.41599570585077833,0.05367686527106817,,
137,10.560923242082662,21.4573268921095,26.32850241545894,11.627750939345143,8.387010198604402,5.931293612453032,6.655931293612453,1.8115942028985508,0.5837359098228664,5.609232420826624,0.5837359098228664,0.4092860976918948,0.05367686527106817,,
138,10.554213633923778,21.39694041867955,26.147342995169083,11.701556629092861,8.380300590445518,6.159420289855072,6.635802469135802,1.8451422436929683,0.5837359098228664,5.629361245303274,0.5233494363929146,0.4092860976918948,0.03354804079441761,,
139,10.554213633923778,21.34326355340848,26.039989264626946,11.668008588298443,8.440687063875469,6.132581857219538,6.756575415995706,1.8451422436929683,0.5837359098228664,5.656199677938808,0.5233494363929146,0.4227053140096618,0.03354804079441761,,
140,10.540794417606012,21.24932903918411,26.02657004830918,11.647879763821793,8.420558239398819,6.213097155126141,6.823671497584541,1.8853998926462694,0.6105743424584005,5.589103596349974,0.5099302200751477,0.4495437466451959,0.03354804079441761,,
141,10.507246376811594,21.14868491680086,26.006441223832528,11.668008588298443,8.460815888352121,6.280193236714976,6.971282877079979,1.8719806763285025,0.6172839506172839,5.528717122920021,0.5099302200751477,0.39586688137412773,0.03354804079441761,,
142,10.352925389157273,21.202361782071925,25.603864734299517,11.674718196457327,8.480944712828771,6.333870101986044,7.521470746108427,1.865271068169619,0.5837359098228664,5.448201825013419,0.5099302200751477,0.38915727321524424,0.03354804079441761,,
143,10.144927536231885,20.71256038647343,25.315351583467525,11.75523349436393,9.25925925925926,6.3137412775093935,7.501341921631776,1.865271068169619,0.5703166935050993,5.629361245303274,0.5099302200751477,0.38915727321524424,0.03354804079441761,,
144,10.144927536231885,20.544820182501343,25.40257648953301,11.768652710681696,9.198872785829307,6.380837359098229,7.568438003220612,1.865271068169619,0.5703166935050993,5.629361245303274,0.5032206119162641,0.38915727321524424,0.03354804079441761,,
145,10.0979602791197,20.46430488459474,25.288513150831992,11.735104669887278,9.225711218464841,6.340579710144928,7.635534084809447,1.865271068169619,0.5770263016639828,5.776972624798712,0.5300590445517982,0.4294149221685454,0.03354804079441761,,
146,10.077831454643048,20.397208803005906,25.147611379495437,11.674718196457327,9.225711218464841,6.407675791733762,7.7898550724637685,1.8451422436929683,0.6172839506172839,5.8239398819108965,0.5300590445517982,0.41599570585077833,0.04696725711218465,,
147,10.044283413848632,20.33011272141707,25.15432098765432,11.54723564143854,9.366612989801396,6.353998926462695,7.897208803005904,1.8317230273752012,0.5971551261406334,5.891035963499732,0.5300590445517982,0.4092860976918948,0.04696725711218465,,
148,9.943639291465379,20.283145464304884,24.973161567364468,11.621041331186259,9.406870638754697,6.387546967257112,7.930756843800322,1.8317230273752012,0.5971551261406334,5.998389694041868,0.5636070853462157,0.4092860976918948,0.04696725711218465,0.0067096081588835215,
149,9.943639291465379,20.202630166398283,23.020665593129362,11.701556629092861,11.869296833064949,6.407675791733762,7.769726247987117,1.9592055823939882,0.6038647342995169,5.488459473966721,0.5636070853462157,0.4227053140096618,0.04696725711218465,,
150,9.883252818035427,20.162372517444982,22.886473429951693,11.728395061728396,11.842458400429415,6.481481481481482,7.877079978529254,1.9726247987117553,0.630703166935051,5.508588298443371,0.5501878690284487,0.4294149221685454,0.04696725711218465,,
151,9.86983360171766,20.081857219538378,22.67176596886742,11.90955448201825,11.788781535158346,6.588835212023618,7.917337627482555,2.0397208803005906,0.644122383252818,5.441492216854535,0.5501878690284487,0.4428341384863124,0.05367686527106817,,
152,9.849704777241008,19.93424584004294,22.73215244229737,12.00348899624262,11.77536231884058,6.655931293612453,7.9106280193236715,2.0665593129361244,0.6172839506172839,5.414653784219001,0.5300590445517982,0.4562533548040794,0.05367686527106817,,
153,9.836285560923242,19.82018250134192,22.6784755770263,12.13768115942029,11.802200751476114,6.662640901771336,8.038110574342458,2.0263016639828235,0.6172839506172839,5.347557702630167,0.5300590445517982,0.46296296296296297,0.040257648953301126,,
154,9.822866344605474,19.504830917874397,21.77938808373591,11.674718196457327,13.378958668813741,7.246376811594203,7.796564680622652,2.046430488459474,0.6508319914117016,5.0791733762748255,0.5300590445517982,0.4495437466451959,0.040257648953301126,,
155,9.789318303811058,19.43773483628556,21.672034353193773,11.761943102522812,13.425925925925926,7.27992485238862,7.863660762211487,2.0397208803005906,0.6843800322061192,5.045625335480408,0.5300590445517982,0.4428341384863124,0.026838432635534086,,
156,9.722222222222221,19.32367149758454,21.651905528717123,11.869296833064949,13.539989264626946,7.300053676865271,7.776435856146001,2.086688137412775,0.6843800322061192,5.092592592592593,0.5300590445517982,0.39586688137412773,0.026838432635534086,,
157,9.71551261406334,19.296833064949006,21.672034353193773,11.768652710681696,13.479602791196994,7.353730542136339,7.809983896940419,2.1269457863660763,0.7112184648416533,5.0858829844337095,0.5434782608695652,0.4092860976918948,0.026838432635534086,,
158,9.702093397745571,19.088835212023618,21.544551798174986,11.231884057971014,12.922705314009661,7.48792270531401,9.346484165324744,1.9524959742351047,0.7514761137949544,5.12614063338701,0.46967257112184646,0.36231884057971014,0.013419216317767043,,
159,9.688674181427805,18.968062265163713,21.64519592055824,11.245303274288782,12.929414922168545,7.494632313472893,9.326355340848094,1.9994632313472893,0.7917337627482555,5.072463768115942,0.46967257112184646,0.35560923242082665,0.013419216317767043,,
160,9.688674181427805,18.86070853462158,21.557971014492754,11.218464841653248,12.949543746645196,7.541599570585078,9.27938808373591,2.0665593129361244,0.7917337627482555,5.139559849704777,0.5166398282340311,0.36902844873859364,0.020128824476650563,,
161,9.681964573268921,18.719806763285025,21.531132581857218,11.272141706924316,12.922705314009661,7.461084272678476,9.339774557165862,2.0263016639828235,0.8051529790660226,5.428073000536768,0.4294149221685454,0.35560923242082665,0.026838432635534086,,
162,9.64170692431562,18.632581857219538,21.557971014492754,11.211755233494364,12.86231884057971,7.50805152979066,9.39345142243693,2.0933977455716586,0.8252818035426731,5.434782608695652,0.47638217928073,0.33548040794417605,0.026838432635534086,,
163,9.621578099838969,18.5252281266774,21.578099838969404,11.191626409017713,12.93612453032743,7.561728395061729,9.306226516371444,2.13365539452496,0.8856682769726248,5.434782608695652,0.46296296296296297,0.33548040794417605,0.026838432635534086,,
164,9.581320450885668,18.397745571658614,21.55126140633387,11.010466988727858,12.889157273215245,7.575147611379496,9.75577026301664,2.1739130434782608,0.8856682769726248,5.374396135265701,0.46967257112184646,0.30864197530864196,0.026838432635534086,,
165,9.567901234567902,18.38432635534085,21.390230810520666,10.976918947933441,13.077026301663983,7.581857219538379,9.77589908749329,2.1403650026838434,0.9057971014492754,5.387815351583468,0.4562533548040794,0.3153515834675255,0.040257648953301126,,
166,9.447128287707997,18.209876543209877,21.833064949006978,11.097691894793345,13.271604938271604,7.682501341921632,9.648416532474503,2.059849704777241,0.8454106280193237,5.112721417069243,0.4562533548040794,0.2952227589908749,0.040257648953301126,,
167,9.447128287707997,18.10252281266774,21.83977455716586,11.124530327428879,13.305152979066023,7.85024154589372,9.54777241009125,2.01959205582394,0.9192163177670424,5.059044551798175,0.4562533548040794,0.2952227589908749,0.03354804079441761,,
168,9.447128287707997,17.98174986580784,21.584809447128286,11.144659151905529,13.130703166935051,8.145464304884594,9.66183574879227,2.0397208803005906,0.8923778851315083,5.199946323134729,0.4428341384863124,0.2952227589908749,0.03354804079441761,,
169,9.447128287707997,17.907944176060116,21.504294149221685,11.064143853998926,13.177670424047236,8.192431561996779,9.702093397745571,2.033011272141707,0.9057971014492754,5.280461621041331,0.4428341384863124,0.30864197530864196,0.03354804079441761,,
