,45,50,54,55,51,52,56,60,57,53,59,58,61
0,92.12292002147075,7.877079978529254,,,,,,,,,,,
1,75.23483628556092,23.919753086419753,0.7716049382716049,0.07380568974771873,,,,,,,,,
2,65.01610305958133,33.293075684380035,0.7716049382716049,0.2281266774020397,0.6910896403650026,,,,,,,,
3,59.17203435319377,34.90338164251208,1.2815351583467525,0.2281266774020397,4.159957058507783,0.2549651100375738,,,,,,,
4,51.690821256038646,42.310789049919485,1.261406333870102,0.32877079978529256,4.1532474503489,0.2549651100375738,,,,,,,
5,46.833064949006975,36.06414385399893,0.7514761137949544,0.16774020397208803,15.92860976918948,0.2549651100375738,,,,,,,
6,42.49865807836822,31.21309715512614,0.7514761137949544,0.2952227589908749,24.986580783682232,0.2549651100375738,,,,,,,
7,42.05582393988191,30.810520665593128,0.7514761137949544,0.33548040794417605,18.679549114331724,7.367149758454106,,,,,,,
8,40.85480407944176,30.56226516371444,0.7514761137949544,0.5434782608695652,19.91411701556629,7.347020933977456,0.026838432635534086,,,,,,
9,39.79468599033817,28.69699409554482,1.261406333870102,0.5703166935050993,19.89398819108964,9.71551261406334,0.026838432635534086,0.040257648953301126,,,,,
10,36.79549114331723,25.275093934514224,1.1876006441223832,0.5703166935050993,20.356951154052602,15.747450348899624,0.026838432635534086,0.040257648953301126,,,,,
11,24.90606548577563,41.12989801395599,0.6709608158883521,0.4830917874396135,17.746913580246915,15.022812667740205,,0.040257648953301126,,,,,
12,18.78690284487386,46.12855609232421,0.6709608158883521,0.7447665056360708,28.361513687600645,5.2066559312936125,0.06038647342995169,0.040257648953301126,,,,,
13,18.813741277509394,43.35748792270532,0.5568974771873323,0.5770263016639828,31.36070853462158,5.193236714975845,0.10064412238325282,0.040257648953301126,,,,,
14,19.03515834675255,42.69994632313473,0.5568974771873323,1.133923778851315,31.239935587761675,5.052334943639291,0.13419216317767044,0.040257648953301126,0.10735373054213634,,,,
15,19.26328502415459,42.52549651100376,0.5568974771873323,1.1607622114868492,31.125872249060656,5.052334943639291,0.16774020397208803,0.040257648953301126,0.10735373054213634,,,,
16,12.74825550187869,48.97342995169082,0.5568974771873323,3.5628019323671496,29.347826086956523,4.528985507246377,0.13419216317767044,0.040257648953301126,0.10735373054213634,,,,
17,9.802737520128824,39.2914653784219,2.4557165861513686,3.44873859366613,39.27804616210413,4.676596886741814,0.16774020397208803,0.040257648953301126,,0.8252818035426731,0.013419216317767043,,
18,9.212292002147075,33.293075684380035,2.4691358024691357,3.603059581320451,42.52549651100376,7.96430488459474,0.07380568974771873,0.040257648953301126,,0.8051529790660226,0.013419216317767043,,
19,9.339774557165862,33.15217391304348,1.42914653784219,3.6366076221148687,38.89559849704777,7.950885668276973,0.3824476650563607,0.040257648953301126,,5.173107890499195,,,
20,9.05126140633387,27.549651100375737,4.159957058507783,3.7104133118625873,44.31025228126678,5.709876543209877,0.3421900161030596,0.040257648953301126,,5.12614063338701,,,
21,9.05126140633387,27.542941492216855,4.159957058507783,7.716049382716049,40.37842190016103,5.676328502415459,0.3421900161030596,0.040257648953301126,,5.092592592592593,,,
22,9.225711218464841,27.388620504562535,4.2203435319377345,7.561728395061729,40.304616210413315,5.649490069779925,0.48980139559849706,0.040257648953301126,,5.119431025228127,,,
23,9.39345142243693,27.274557165861513,4.2203435319377345,7.474503488996243,40.70048309178744,5.642780461621041,0.6910896403650026,0.040257648953301126,,4.49543746645196,0.06709608158883522,,
24,4.636339237788513,27.2812667740204,3.7104133118625873,6.951154052603328,47.63150831991412,5.622651637144391,0.6575415995705851,0.040257648953301126,,3.4017713365539453,0.06709608158883522,,
25,3.374932903918411,18.9747718733226,3.7104133118625873,6.951154052603328,57.31347289318304,5.589103596349974,0.7447665056360708,0.040257648953301126,,3.2340311325818574,0.06709608158883522,,
26,3.7372517444981215,18.813741277509394,3.7104133118625873,6.984702093397746,56.85050993022008,5.515297906602254,1.0466988727858293,0.040257648953301126,,3.2340311325818574,0.06709608158883522,,
27,4.005636070853462,18.531937734836287,3.7104133118625873,6.971282877079979,56.62909286097692,5.46833064949007,1.2010198604401503,0.040257648953301126,,3.374932903918411,0.06709608158883522,,
28,4.2203435319377345,18.115942028985508,3.7104133118625873,7.306763285024155,55.61594202898551,6.286902844873859,1.261406333870102,0.040257648953301126,,3.374932903918411,0.06709608158883522,,
29,4.414922168545357,17.954911433172303,3.7104133118625873,7.521470746108427,54.44176060118089,6.266774020397209,1.247987117552335,0.040257648953301126,,4.314278046162104,0.08722490606548577,,
30,4.461889425657541,17.351046698872786,3.7104133118625873,7.575147611379496,54.32769726247987,5.884326355340848,1.2815351583467525,0.040257648953301126,,5.280461621041331,0.08722490606548577,,
31,4.502147074610843,16.21712292002147,3.502415458937198,7.306763285024155,54.85775630703167,5.649490069779925,1.3687600644122384,0.040257648953301126,,6.468062265163715,0.08722490606548577,,
32,4.193505099302201,10.916532474503489,3.4420289855072466,7.139023081052066,51.11379495437466,9.380032206119163,1.3486312399355878,0.040257648953301126,0.040257648953301126,12.298711755233494,0.08722490606548577,,
33,3.629898013955985,10.849436392914654,2.818035426731079,7.206119162640902,54.78395061728395,8.883521202361782,1.2815351583467525,0.040257648953301126,0.06038647342995169,10.359634997316157,0.08722490606548577,,
34,3.3279656468062266,6.78341384863124,2.2611379495437465,5.924584004294149,62.29200214707461,8.836553945249598,1.06682769726248,0.026838432635534086,0.06038647342995169,9.333064949006978,0.08722490606548577,,
35,3.475577026301664,6.756575415995706,2.2611379495437465,5.911164787976382,62.19135802469136,8.836553945249598,1.093666129898014,0.026838432635534086,0.06038647342995169,9.29951690821256,0.08722490606548577,,
36,3.4420289855072466,5.152979066022544,2.2611379495437465,5.307300053676865,63.36553945249597,8.293075684380032,1.3083735909822867,0.026838432635534086,0.2549651100375738,10.50053676865271,0.08722490606548577,,
37,3.797638217928073,5.052334943639291,2.100107353730542,5.414653784219001,60.00402576489533,8.225979602791197,1.2949543746645196,0.026838432635534086,0.2549651100375738,13.741277509393452,0.08722490606548577,,
38,4.17337627482555,5.052334943639291,2.086688137412775,5.387815351583468,59.60144927536232,8.205850778314547,1.8250134192163177,0.026838432635534086,0.2214170692431562,13.331991411701557,0.08722490606548577,,
39,4.562533548040794,5.052334943639291,2.01959205582394,5.314009661835748,59.23913043478261,8.199141170155663,1.8317230273752012,0.026838432635534086,0.2616747181964573,13.331991411701557,0.1610305958132045,,
40,4.448470209339774,5.052334943639291,2.01959205582394,5.381105743424584,56.64251207729468,10.59447128287708,2.1068169618894257,0.026838432635534086,0.2616747181964573,13.278314546430488,0.1610305958132045,0.026838432635534086,
41,4.508856682769726,5.032206119162641,1.4626945786366077,4.891304347826087,54.3545356951154,10.554213633923778,2.328234031132582,0.026838432635534086,0.2214170692431562,16.451959205582394,0.14090177133655393,0.026838432635534086,
42,4.676596886741814,5.032206119162641,1.4492753623188406,5.488459473966721,54.93156199677939,10.513955984970478,2.3550724637681157,0.026838432635534086,0.2214170692431562,15.136876006441224,0.14090177133655393,0.026838432635534086,
43,4.502147074610843,4.092860976918948,1.4492753623188406,4.985238862050457,58.61513687600644,10.513955984970478,2.7979066022544283,0.026838432635534086,0.2214170692431562,12.634192163177671,0.13419216317767044,0.026838432635534086,
44,4.656468062265164,4.092860976918948,1.4492753623188406,4.985238862050457,58.32662372517445,10.513955984970478,2.9924852388620504,0.026838432635534086,0.2214170692431562,12.573805689747719,0.13419216317767044,0.026838432635534086,
45,4.7101449275362315,3.5829307568438002,1.4492753623188406,4.951690821256038,56.53515834675255,14.358561460010735,2.677133655394525,0.026838432635534086,0.2214170692431562,11.325818572195384,0.13419216317767044,0.026838432635534086,
46,5.018786902844874,3.5829307568438002,1.3486312399355878,4.904723564143854,54.3142780461621,16.465378421900162,2.677133655394525,0.026838432635534086,0.2214170692431562,11.2788513150832,0.13419216317767044,0.026838432635534086,
47,5.0993022007514766,2.932098765432099,1.3217928073000538,4.74369296833065,59.88996242619431,12.204777241009126,2.918679549114332,0.026838432635534086,0.040257648953301126,10.68840579710145,0.13419216317767044,,
48,5.367686527106817,2.9253891572732154,1.3217928073000538,4.723564143853999,59.54106280193237,12.151100375738057,3.1065485775630703,0.026838432635534086,0.040257648953301126,10.661567364465915,0.13419216317767044,,
49,5.542136339237788,2.9253891572732154,2.4490069779924855,4.51556629092861,58.43397745571659,12.077294685990339,3.1333870101986045,0.026838432635534086,0.040257648953301126,10.789049919484702,0.06709608158883522,,
50,5.743424584004294,2.9253891572732154,2.4154589371980677,4.51556629092861,58.2662372517445,12.077294685990339,3.1333870101986045,0.026838432635534086,0.040257648953301126,10.789049919484702,0.06709608158883522,,
51,5.9447128287707995,2.918679549114332,2.4154589371980677,4.508856682769726,57.95759527643585,11.990069779924852,3.3950617283950617,,0.040257648953301126,10.748792270531402,0.08051529790660225,,
52,6.172839506172839,2.918679549114332,2.4154589371980677,4.508856682769726,57.729468599033815,11.922973698336017,3.4420289855072466,,0.07380568974771873,10.735373054213634,0.08051529790660225,,
53,5.790391841116479,2.9052603327965647,2.4154589371980677,4.367954911433173,60.00402576489533,13.620504562533547,2.9253891572732154,,0.10064412238325282,7.769726247987117,0.06709608158883522,0.03354804079441761,
54,5.938003220611916,2.9052603327965647,2.4154589371980677,4.367954911433173,59.836285560923244,13.593666129898015,2.9723564143853998,,0.13419216317767044,7.7361782071927,0.06709608158883522,0.03354804079441761,
55,5.978260869565218,2.9052603327965647,2.395330112721417,4.233762748255502,58.78958668813741,14.620236178207193,2.985775630703167,,0.13419216317767044,7.856951154052603,0.06709608158883522,0.03354804079441761,
56,4.51556629092861,7.809983896940419,2.368491680085883,3.3548040794417604,56.17283950617284,12.513419216317766,2.3215244229736984,,0.07380568974771873,10.836017176596886,,0.03354804079441761,
57,4.542404723564144,6.696188942565755,2.368491680085883,3.260869565217391,56.052066559312934,13.81508319914117,2.3215244229736984,,0.07380568974771873,10.836017176596886,,0.03354804079441761,
58,4.569243156199678,6.6760601180891035,3.1065485775630703,2.7241009125067097,57.13231347289318,13.620504562533547,2.301395598497048,,0.0939345142243693,9.742351046698873,,0.03354804079441761,
59,4.528985507246377,6.327160493827161,3.1065485775630703,2.7844873859366612,57.52147074610843,13.573537305421363,2.301395598497048,,0.0939345142243693,9.728931830381105,,0.03354804079441761,
60,4.783950617283951,6.327160493827161,3.1065485775630703,2.8650026838432634,57.21953837895867,13.573537305421363,2.281266774020397,,0.0939345142243693,9.71551261406334,,0.03354804079441761,
61,4.9718196457326895,6.300322061191626,5.5756843800322065,2.7979066022544283,52.55636070853462,15.626677402039721,2.2879763821792807,0.026838432635534086,0.11406333870101985,9.675254965110037,,0.06709608158883522,
62,4.542404723564144,6.286902844873859,5.401234567901234,2.006172839506173,46.826355340848096,24.838969404186795,2.0531400966183573,0.026838432635534086,0.14761137949543746,7.863660762211487,,0.0067096081588835215,
63,4.656468062265164,6.286902844873859,5.374396135265701,2.006172839506173,48.76543209876543,23.47691894793344,1.9256575415995705,0.026838432635534086,0.1878690284487386,7.286634460547504,,0.0067096081588835215,
64,4.5960815888352125,6.219806763285024,5.24020397208803,2.717391304347826,46.544551798174986,24.053945249597422,1.9189479334406871,,0.1878690284487386,8.514492753623188,,0.0067096081588835215,
65,4.448470209339774,5.9447128287707995,4.575952764358561,2.6637144390767578,51.11379495437466,22.08132045088567,1.892109500805153,,0.17444981213097155,7.004830917874396,,0.10064412238325282,
66,4.676596886741814,5.958132045088567,4.549114331723027,2.6637144390767578,50.75147611379496,22.020933977455716,2.059849704777241,,0.20128824476650564,6.991411701556629,0.026838432635534086,0.10064412238325282,
67,4.394793344068707,4.045893719806763,4.448470209339774,3.3145464304884595,55.70987654320987,17.136339237788512,1.7847557702630166,,0.30193236714975846,8.735909822866345,0.026838432635534086,0.10064412238325282,
68,4.334406870638754,4.045893719806763,4.193505099302201,3.3145464304884595,53.87144390767579,19.276704240472355,1.7713365539452497,,0.36231884057971014,8.668813741277509,0.026838432635534086,0.13419216317767044,
69,4.562533548040794,4.03918411164788,4.2203435319377345,3.3816425120772946,53.65002683843264,19.202898550724637,1.737788513150832,,0.3824476650563607,8.635265700483092,0.026838432635534086,0.1610305958132045,
70,4.669887278582931,2.1806226516371443,4.2203435319377345,3.3279656468062266,59.10493827160494,19.02173913043478,1.7713365539452497,,0.41599570585077833,5.132850241545894,0.026838432635534086,0.1274825550187869,
71,4.7101449275362315,2.1739130434782608,4.247181964573269,3.3279656468062266,59.05797101449275,19.008319914117017,1.7713365539452497,,0.41599570585077833,5.132850241545894,0.026838432635534086,0.1274825550187869,
72,4.884594739667204,2.1604938271604937,4.233762748255502,3.488996242619431,56.64922168545357,18.21658615136876,1.7713365539452497,,0.4025764895330113,8.038110574342458,0.026838432635534086,0.1274825550187869,
73,4.106280193236715,1.9122383252818036,4.582662372517445,4.005636070853462,60.40660225442834,15.881642512077295,1.7914653784219001,,0.43612453032742887,6.749865807836822,,0.1274825550187869,
74,4.260601180891036,1.892109500805153,4.64975845410628,4.005636070853462,60.218733225979605,15.70048309178744,1.7646269457863661,,0.6843800322061192,6.696188942565755,,0.1274825550187869,
75,4.26731078904992,1.892109500805153,9.158615136876007,3.898282340311326,58.313204508856685,13.197799248523886,1.737788513150832,,0.8185721953837896,6.588835212023618,,0.1274825550187869,
76,4.42163177670424,1.892109500805153,9.131776704240472,3.3480944712828773,56.72302737520129,13.16425120772947,1.737788513150832,,0.8185721953837896,8.635265700483092,,0.1274825550187869,
77,3.824476650563607,1.6841116478797638,6.790123456790123,1.8786902844873858,65.41196994095544,10.721953837895867,2.147074610842727,,0.7112184648416533,6.796833064949007,,0.03354804079441761,
78,3.965378421900161,1.6841116478797638,6.568706387546968,1.8786902844873858,63.24476650563607,11.641170155662909,2.147074610842727,,0.7112184648416533,8.125335480407944,,0.03354804079441761,
79,4.17337627482555,1.6371443907675791,6.5485775630703165,1.8384326355340848,62.432903918411164,11.641170155662909,2.8515834675254963,,0.7112184648416533,8.09849704777241,0.03354804079441761,0.03354804079441761,
80,3.770799785292539,1.6237251744498122,7.4208266237251745,1.8384326355340848,61.621041331186255,13.20450885668277,2.6167471819645733,,0.6642512077294686,7.1725711218464845,0.03354804079441761,0.03354804079441761,
81,3.9586688137412773,1.5901771336553945,8.225979602791197,1.9457863660762211,57.910628019323674,13.144122383252817,4.186795491143317,,0.6642512077294686,8.279656468062266,0.03354804079441761,0.06038647342995169,
82,4.045893719806763,1.5432098765432098,8.225979602791197,2.690552871712292,57.139023081052066,13.144122383252817,4.213633923778851,,0.6642512077294686,8.239398819108963,0.03354804079441761,0.06038647342995169,
83,4.159957058507783,1.5432098765432098,8.13875469672571,2.8113258185721954,55.35426731078905,14.868491680085883,4.079441760601181,,0.7380568974771873,8.21256038647343,0.03354804079441761,0.06038647342995169,
84,4.247181964573269,1.5432098765432098,8.259527643585615,2.804616210413312,55.22007514761138,14.868491680085883,4.03918411164788,,0.7380568974771873,8.185721953837897,0.03354804079441761,0.06038647342995169,
85,4.53569511540526,1.5432098765432098,8.521202361782072,2.918679549114332,54.669887278582934,14.74771873322598,4.045893719806763,,0.7380568974771873,8.185721953837897,0.03354804079441761,0.06038647342995169,
86,4.663177670424047,1.5432098765432098,8.387010198604402,2.9119699409554483,54.47530864197531,14.935587761674718,4.032474503488996,,0.8319914117015567,8.125335480407944,0.03354804079441761,0.06038647342995169,
87,4.864465915190553,1.5432098765432098,8.353462157809984,2.885131508319914,54.32098765432099,14.828234031132581,4.05931293612453,,0.9259259259259259,8.125335480407944,0.03354804079441761,0.06038647342995169,
88,5.018786902844874,1.5365002683843263,7.300053676865271,2.844873859366613,52.99919484702093,17.163177670424048,3.898282340311326,,1.0332796564680622,8.09849704777241,0.03354804079441761,0.07380568974771873,
89,5.01207729468599,0.9259259259259259,7.212828770799785,2.831454643048846,51.41572732152442,19.79334406870639,3.851315083199141,,0.9594739667203436,7.548309178743962,0.03354804079441761,0.41599570585077833,
90,4.958400429414922,0.9259259259259259,7.105475040257649,2.85829307568438,50.62399355877617,17.364465915190554,3.8378958668813743,,0.8521202361782072,11.023886205045626,0.03354804079441761,0.41599570585077833,
91,5.0791733762748255,0.9259259259259259,7.0383789586688135,2.8515834675254963,49.322329575952764,17.042404723564143,4.669887278582931,,0.8789586688137413,11.741814278046162,0.03354804079441761,0.41599570585077833,
92,5.347557702630167,0.9125067096081588,7.011540526033279,2.844873859366613,49.18142780461621,16.988727858293075,4.690016103059581,,0.8789586688137413,11.654589371980677,0.03354804079441761,0.4562533548040794,
93,5.173107890499195,0.9125067096081588,4.951690821256038,1.9860440150295222,46.95383789586688,24.550456253354803,4.126409017713366,,0.7716049382716049,10.017444981213098,0.03354804079441761,0.5233494363929146,
94,5.387815351583468,0.9057971014492754,4.924852388620504,2.0933977455716586,46.61164787976382,24.537037037037038,4.240472356414386,,0.7716049382716049,9.990606548577563,0.03354804079441761,0.5032206119162641,
95,5.515297906602254,0.8990874932903918,4.924852388620504,2.15378421900161,46.041331186258724,24.496779388083738,4.703435319377348,,0.785024154589372,9.943639291465379,0.03354804079441761,0.5032206119162641,
96,5.407944176060118,0.8990874932903918,8.232689210950081,2.1403650026838434,43.323939881910896,24.10762211486849,4.575952764358561,,0.8319914117015567,9.943639291465379,0.03354804079441761,0.5032206119162641,
97,5.662909286097692,0.8990874932903918,8.219269994632313,2.13365539452496,43.20987654320987,24.02710681696189,4.549114331723027,,0.8319914117015567,9.930220075147611,0.03354804079441761,0.5032206119162641,
98,5.676328502415459,0.8185721953837896,7.555018786902845,2.086688137412775,45.24288781535159,22.953569511540525,4.944981213097155,0.03354804079441761,0.7716049382716049,9.326355340848094,0.05367686527106817,0.5367686527106817,
99,5.864197530864198,0.7917337627482555,7.521470746108427,2.1269457863660763,44.69269994632314,22.82608695652174,5.481749865807837,0.03354804079441761,0.798443370907139,9.245840042941492,0.05367686527106817,0.5636070853462157,
100,5.709876543209877,0.7917337627482555,10.225442834138486,2.254428341384863,42.3040794417606,22.758990874932906,5.374396135265701,0.03354804079441761,0.8185721953837896,9.111647879763822,0.05367686527106817,0.5636070853462157,
101,5.884326355340848,0.7917337627482555,10.165056360708535,2.254428341384863,42.210144927536234,22.71202361782072,5.401234567901234,0.03354804079441761,0.8185721953837896,9.111647879763822,0.05367686527106817,0.5636070853462157,
102,5.555555555555555,0.7917337627482555,9.594739667203436,1.570048309178744,46.15539452495974,22.249060654857757,4.455179817498658,0.03354804079441761,0.785024154589372,8.192431561996779,0.05367686527106817,0.5636070853462157,
103,5.71658615136876,0.7917337627482555,9.594739667203436,1.570048309178744,45.98094471282877,22.128287707997853,4.555823939881911,0.03354804079441761,0.8185721953837896,8.192431561996779,0.05367686527106817,0.5636070853462157,
104,5.924584004294149,0.7917337627482555,9.561191626409018,1.556629092860977,45.799785292538914,22.088030059044552,4.582662372517445,0.06709608158883522,0.8185721953837896,8.192431561996779,0.05367686527106817,0.5636070853462157,
105,5.347557702630167,0.7917337627482555,7.769726247987117,1.4358561460010735,50.72463768115942,21.85319377348363,3.844605475040258,0.03354804079441761,0.8185721953837896,6.8035426731078905,0.03354804079441761,0.5434782608695652,
106,5.528717122920021,0.7917337627482555,7.75630703166935,1.4358561460010735,50.60386473429951,22.24235104669887,3.8714439076757916,0.03354804079441761,0.8722490606548577,6.327160493827161,0.03354804079441761,0.5032206119162641,
107,5.535426731078905,0.7917337627482555,9.75577026301664,1.3955984970477724,49.483360171765966,22.148416532474503,3.3548040794417604,0.03354804079441761,0.7112184648416533,6.1862587224906065,0.03354804079441761,0.5703166935050993,
108,5.810520665593129,0.7917337627482555,9.73564143853999,1.3955984970477724,49.033816425120776,22.128287707997853,3.6231884057971016,0.03354804079441761,0.7112184648416533,6.132581857219538,0.03354804079441761,0.5703166935050993,
109,6.119162640901771,0.7917337627482555,9.728931830381105,1.3955984970477724,48.83252818035427,22.014224369296834,3.6231884057971016,0.03354804079441761,0.7716049382716049,6.112453032742888,0.03354804079441761,0.5434782608695652,
110,6.099033816425121,0.7917337627482555,9.541062801932368,1.3955984970477724,48.64465915190553,21.618357487922705,3.6768652710681695,0.06709608158883522,0.7716049382716049,6.816961889425658,0.03354804079441761,0.5434782608695652,
111,6.360708534621578,0.7917337627482555,9.46725711218465,1.3955984970477724,48.56414385399893,21.55126140633387,3.6634460547504024,0.06709608158883522,0.8118625872249061,6.749865807836822,0.03354804079441761,0.5434782608695652,
112,6.494900697799249,0.7917337627482555,9.373322597960279,1.4626945786366077,48.429951690821255,21.497584541062803,3.7037037037037037,0.13419216317767044,0.8118625872249061,6.723027375201288,0.03354804079441761,0.5434782608695652,
113,6.729736983360172,0.7917337627482555,9.373322597960279,1.4626945786366077,48.26221148684917,21.423778851315085,3.7037037037037037,0.13419216317767044,0.8387010198604401,6.716317767042405,0.03354804079441761,0.5300590445517982,
114,6.253354804079442,0.7917337627482555,9.292807300053678,1.4559849704777241,50.64412238325282,21.081588835212024,3.4286097691894795,0.13419216317767044,0.8990874932903918,5.481749865807837,0.03354804079441761,0.5032206119162641,
115,6.447933440687064,0.7917337627482555,9.386741814278047,1.4559849704777241,50.275093934514224,20.96081588835212,3.569511540526033,0.13419216317767044,0.9594739667203436,5.481749865807837,0.03354804079441761,0.5032206119162641,
116,6.4345142243692965,0.7917337627482555,8.641975308641975,1.4492753623188406,48.067632850241544,24.52361782071927,3.670155662909286,0.13419216317767044,0.9259259259259259,4.797369833601718,0.03354804079441761,0.5300590445517982,
117,6.541867954911433,0.7917337627482555,8.856682769726248,1.402308105206656,47.725442834138484,24.3894256575416,3.8714439076757916,0.03354804079441761,1.0332796564680622,4.790660225442834,0.03354804079441761,0.5300590445517982,
118,5.703166935050993,0.7783145464304885,6.595544820182502,1.402308105206656,41.06280193236715,35.75550187869028,2.965646806226516,0.03354804079441761,0.9393451422436929,4.159957058507783,0.07380568974771873,0.5300590445517982,
119,5.763553408480945,0.7783145464304885,4.294149221685454,1.402308105206656,45.249597423510465,34.80944712828771,3.052871712292002,0.03354804079441761,0.8051529790660226,3.2742887815351582,0.03354804079441761,0.5032206119162641,
120,6.146001073537305,0.7783145464304885,4.294149221685454,1.402308105206656,44.99463231347289,34.66183574879227,3.0394524959742353,0.03354804079441761,0.8387010198604401,3.2742887815351582,0.03354804079441761,0.5032206119162641,
121,6.018518518518518,0.7783145464304885,3.1602254428341383,1.2681159420289856,46.73242082662372,33.97745571658615,3.1065485775630703,0.03354804079441761,0.8387010198604401,3.5628019323671496,0.03354804079441761,0.48980139559849706,
122,6.327160493827161,0.7447665056360708,3.1602254428341383,1.2748255501878691,46.39023081052066,33.95061728395062,3.166935050993022,0.03354804079441761,0.8655394524959742,3.5628019323671496,0.03354804079441761,0.48980139559849706,
123,5.884326355340848,0.36902844873859364,3.0730005367686526,1.1674718196457328,50.966183574879224,31.09903381642512,2.5966183574879227,0.03354804079441761,0.8118625872249061,3.475577026301664,0.03354804079441761,0.48980139559849706,
124,6.031937734836285,0.36902844873859364,3.0730005367686526,1.1808910359634996,50.81857219538379,31.085614600107355,2.623456790123457,0.03354804079441761,0.8118625872249061,3.44873859366613,0.03354804079441761,0.48980139559849706,
125,5.414653784219001,0.35560923242082665,3.1333870101986045,1.0802469135802468,54.94498121309716,28.24074074074074,2.636876006441224,0.03354804079441761,0.5904455179817498,3.0730005367686526,0.03354804079441761,0.46296296296296297,
126,5.797101449275362,0.35560923242082665,3.1333870101986045,1.8317230273752012,54.25389157273215,27.78448738593666,2.636876006441224,0.03354804079441761,0.6038647342995169,3.0730005367686526,0.03354804079441761,0.46296296296296297,
127,5.9447128287707995,0.35560923242082665,3.1468062265163717,1.8317230273752012,53.88486312399356,27.462426194310254,2.898550724637681,0.03354804079441761,0.8856682769726248,3.0595813204508855,0.03354804079441761,0.46296296296296297,
128,6.052066559312936,0.35560923242082665,3.1468062265163717,1.8183038110574343,54.03918411164788,27.26784755770263,2.818035426731079,0.03354804079441761,0.9125067096081588,3.0595813204508855,0.03354804079441761,0.46296296296296297,
129,6.327160493827161,0.35560923242082665,3.1468062265163717,1.8183038110574343,53.6634460547504,27.15378421900161,2.952227589908749,0.03354804079441761,0.966183574879227,3.0864197530864197,0.03354804079441761,0.46296296296296297,
130,6.528448738593666,0.35560923242082665,3.1333870101986045,1.8183038110574343,53.40177133655394,27.059849704777243,3.079710144927536,0.07380568974771873,0.966183574879227,3.0864197530864197,0.03354804079441761,0.46296296296296297,
131,6.588835212023618,0.35560923242082665,3.1333870101986045,1.8250134192163177,52.53623188405797,26.88539989264627,3.1736446591519054,0.07380568974771873,0.966183574879227,3.965378421900161,0.03354804079441761,0.46296296296296297,
132,6.709608158883521,0.35560923242082665,4.139828234031133,1.8250134192163177,50.456253354804076,26.838432635534083,3.113258185721954,0.07380568974771873,0.9393451422436929,5.052334943639291,0.03354804079441761,0.46296296296296297,
133,6.582125603864735,0.35560923242082665,4.126409017713366,1.8250134192163177,52.885131508319915,25.006709608158882,2.9723564143853998,0.07380568974771873,0.9125067096081588,4.85775630703167,0.03354804079441761,0.36902844873859364,
134,6.736446591519055,0.35560923242082665,4.1129898013955986,1.710950080515298,51.892109500805155,24.731615673644658,3.260869565217391,0.07380568974771873,1.107085346215781,5.615942028985507,0.03354804079441761,0.36902844873859364,
135,7.0450885668276975,0.35560923242082665,4.1129898013955986,1.710950080515298,51.60359634997316,24.65780998389694,3.3548040794417604,0.07380568974771873,1.1406333870101986,5.542136339237788,0.03354804079441761,0.36902844873859364,
136,7.1658615136876005,0.35560923242082665,4.086151368760064,1.710950080515298,51.38217928073001,24.61755233494364,3.4957058507783145,0.07380568974771873,1.133923778851315,5.5756843800322065,0.03354804079441761,0.36902844873859364,
137,6.743156199677939,0.35560923242082665,2.918679549114332,1.0265700483091786,57.09205582393988,21.55126140633387,3.2340311325818574,0.07380568974771873,1.0869565217391304,5.515297906602254,0.03354804079441761,0.36902844873859364,
138,5.850778314546431,0.322061191626409,2.85829307568438,0.2885131508319914,59.044551798174986,20.699141170155663,3.079710144927536,0.07380568974771873,0.8990874932903918,6.508319914117015,0.0067096081588835215,0.36902844873859364,
139,5.938003220611916,0.322061191626409,2.8650026838432634,0.2885131508319914,57.79656468062265,22.383252818035427,3.1870638754696725,0.040257648953301126,0.95276435856146,5.850778314546431,0.0067096081588835215,0.36902844873859364,
140,6.172839506172839,0.322061191626409,2.8650026838432634,0.2885131508319914,57.729468599033815,22.20209339774557,3.2206119162640903,0.040257648953301126,1.0399892646269457,5.750134192163178,0.0067096081588835215,0.36231884057971014,
141,6.615673644659152,0.322061191626409,2.8515834675254963,0.32877079978529256,57.058507783145465,22.134997316156735,3.475577026301664,0.040257648953301126,1.0735373054213635,5.730005367686527,0.0067096081588835215,0.36231884057971014,
142,6.729736983360172,0.322061191626409,2.8515834675254963,0.5837359098228664,56.76328502415459,22.061191626409016,3.488996242619431,0.040257648953301126,1.093666129898014,5.6964573268921095,0.0067096081588835215,0.36231884057971014,
143,6.743156199677939,0.322061191626409,3.717122920021471,0.5434782608695652,54.589371980676326,23.537305421363392,3.4621578099838968,0.040257648953301126,0.9930220075147611,5.683038110574342,0.0067096081588835215,0.36231884057971014,
144,6.716317767042405,0.322061191626409,3.052871712292002,0.5434782608695652,56.64251207729468,22.17525496511004,3.515834675254965,0.040257648953301126,0.9594739667203436,5.662909286097692,0.0067096081588835215,0.36231884057971014,
145,6.877348362855609,0.322061191626409,3.052871712292002,0.5770263016639828,56.374127750939344,22.061191626409016,3.6366076221148687,0.040257648953301126,1.0265700483091786,5.662909286097692,0.0067096081588835215,0.36231884057971014,
146,7.0450885668276975,0.322061191626409,3.052871712292002,0.5434782608695652,56.30703166935051,21.66532474503489,3.683574879227053,0.040257648953301126,1.3083735909822867,5.662909286097692,0.0067096081588835215,0.36231884057971014,
147,7.360440150295223,0.322061191626409,3.052871712292002,0.5434782608695652,56.05877616747182,21.658615136876005,3.670155662909286,0.040257648953301126,1.3083735909822867,5.615942028985507,0.0067096081588835215,0.36231884057971014,
148,6.863929146537842,0.3153515834675255,2.9388083735909825,0.322061191626409,48.651368760064415,30.340848094471284,3.2877079978529253,0.040257648953301126,1.3083735909822867,5.522007514761138,0.0067096081588835215,0.4025764895330113,
149,6.9310252281266775,0.3153515834675255,2.623456790123457,0.322061191626409,48.31588835212023,29.435050993022006,4.294149221685454,0.040257648953301126,1.3083735909822867,6.005099302200751,0.0067096081588835215,0.4025764895330113,
150,6.6760601180891035,0.3153515834675255,2.623456790123457,0.322061191626409,43.505099302200755,29.260601180891037,4.032474503488996,0.040257648953301126,1.2278582930756843,11.58749329039184,0.0067096081588835215,0.4025764895330113,
151,6.9310252281266775,0.3153515834675255,2.509393451422437,0.3488996242619431,43.183038110574344,29.166666666666668,4.032474503488996,0.040257648953301126,1.2010198604401503,11.782071926999464,0.0067096081588835215,0.4830917874396135,
152,7.212828770799785,0.3153515834675255,2.4892646269457863,0.3488996242619431,42.94820182501342,29.166666666666668,4.119699409554482,0.040257648953301126,1.2010198604401503,11.668008588298443,0.0067096081588835215,0.4830917874396135,
153,6.018518518518518,0.013419216317767043,2.227589908749329,0.2616747181964573,54.08615136876006,22.27589908749329,2.8113258185721954,0.040257648953301126,1.0802469135802468,10.963499731615673,0.0067096081588835215,0.2147074610842727,
154,6.119162640901771,0.013419216317767043,2.227589908749329,0.2616747181964573,53.5426731078905,20.75281803542673,2.9924852388620504,0.040257648953301126,1.0802469135802468,12.761674718196458,0.0067096081588835215,0.20128824476650564,
155,6.353998926462695,0.013419216317767043,3.7238325281803544,0.2616747181964573,53.153515834675254,19.35721953837896,3.0931293612453032,0.040257648953301126,1.0802469135802468,12.701288244766506,0.0067096081588835215,0.2147074610842727,
156,6.213097155126141,0.013419216317767043,3.69699409554482,0.2616747181964573,50.234836285560924,24.818840579710145,2.871712292002147,0.040257648953301126,1.107085346215781,10.493827160493828,0.03354804079441761,0.2147074610842727,
157,6.454643048845948,0.013419216317767043,3.670155662909286,0.2616747181964573,50.06038647342995,24.785292538915726,2.871712292002147,0.040257648953301126,1.133923778851315,10.46027911969941,0.03354804079441761,0.2147074610842727,
158,6.340579710144928,0.013419216317767043,3.6231884057971016,0.30864197530864196,48.91975308641975,26.34863123993559,2.844873859366613,0.040257648953301126,1.1137949543746646,10.198604401502953,0.03354804079441761,0.2147074610842727,
159,6.508319914117015,0.013419216317767043,3.6231884057971016,0.3421900161030596,48.731884057971016,26.301663982823403,2.844873859366613,0.040257648953301126,1.2278582930756843,10.11808910359635,0.03354804079441761,0.2147074610842727,
160,6.0587761674718195,0.013419216317767043,3.603059581320451,0.3421900161030596,50.496511003757384,24.745034889962426,3.1333870101986045,0.040257648953301126,1.2278582930756843,10.091250670960816,0.03354804079441761,0.2147074610842727,
161,6.206387546967257,0.013419216317767043,3.5963499731615673,0.3757380568974772,46.423778851315085,24.718196457326894,7.065217391304348,0.040257648953301126,1.2278582930756843,10.084541062801932,0.03354804079441761,0.2147074610842727,
162,6.494900697799249,0.013419216317767043,3.5963499731615673,0.5032206119162641,45.97423510466989,24.60413311862587,7.273215244229737,0.040257648953301126,1.2278582930756843,10.02415458937198,0.03354804079441761,0.2147074610842727,
163,6.602254428341385,0.013419216317767043,3.5963499731615673,0.48980139559849706,45.78636607622115,24.590713902308106,7.4006977992485234,0.040257648953301126,1.221148684916801,10.010735373054214,0.03354804079441761,0.2147074610842727,
164,6.850509930220075,0.013419216317767043,3.5628019323671496,0.48980139559849706,45.58507783145464,24.48336017176597,7.447665056360709,0.040257648953301126,1.2748255501878691,10.00402576489533,0.03354804079441761,0.2147074610842727,
165,6.474771873322598,0.013419216317767043,3.535963499731616,0.48980139559849706,51.13392377885131,19.766505636070853,7.024959742351046,0.040257648953301126,1.288244766505636,9.98389694041868,0.03354804079441761,0.2147074610842727,
166,6.474771873322598,0.013419216317767043,3.535963499731616,0.48980139559849706,50.28851315083199,18.9345142243693,7.078636607622115,0.040257648953301126,1.221148684916801,11.674718196457327,0.03354804079441761,0.2147074610842727,
167,6.6760601180891035,0.013419216317767043,3.535963499731616,0.6239935587761675,50.053676865271065,18.887546967257112,7.0383789586688135,0.040257648953301126,1.221148684916801,11.621041331186259,0.03354804079441761,0.2549651100375738,
168,6.957863660762212,0.013419216317767043,3.515834675254965,0.6239935587761675,49.946323134728935,18.80703166935051,7.011540526033279,0.040257648953301126,1.221148684916801,11.574074074074074,0.03354804079441761,0.2549651100375738,
169,6.1862587224906065,0.013419216317767043,3.0327428878153517,0.6977992485238862,44.20960815888352,27.603327965646805,7.212828770799785,0.040257648953301126,1.1674718196457328,9.54777241009125,0.03354804079441761,0.2549651100375738,
170,6.052066559312936,0.013419216317767043,3.0327428878153517,1.5096618357487923,43.46484165324745,29.508856682769725,7.118894256575416,0.040257648953301126,1.261406333870102,7.709339774557166,0.03354804079441761,0.2549651100375738,
171,6.286902844873859,0.013419216317767043,3.0327428878153517,1.5432098765432098,43.31052066559313,29.455179817498657,7.14573268921095,0.040257648953301126,1.2345679012345678,7.648953301127214,0.03354804079441761,0.2549651100375738,
172,6.521739130434782,0.013419216317767043,3.0327428878153517,1.5432098765432098,43.27026301663983,29.367954911433173,7.065217391304348,0.040257648953301126,1.2345679012345678,7.62211486849168,0.03354804079441761,0.2549651100375738,
173,6.6760601180891035,0.013419216317767043,3.0327428878153517,1.5767579173376274,43.16961889425657,29.280730005367687,7.065217391304348,0.040257648953301126,1.2345679012345678,7.62211486849168,0.03354804079441761,0.2549651100375738,
174,6.89747718733226,0.013419216317767043,2.9924852388620504,1.5767579173376274,45.51798174986581,25.79844337090714,7.125603864734299,0.040257648953301126,1.2345679012345678,8.514492753623188,0.03354804079441761,0.2549651100375738,
175,6.649221685453569,0.013419216317767043,2.9924852388620504,1.5767579173376274,43.10252281266774,24.50348899624262,6.863929146537842,0.040257648953301126,1.1003757380568975,12.929414922168545,0.03354804079441761,0.19457863660762212,
176,6.763285024154589,0.013419216317767043,2.9924852388620504,1.596886741814278,43.05555555555556,24.490069779924852,6.810252281266774,0.06709608158883522,1.093666129898014,12.915995705850777,0.03354804079441761,0.16774020397208803,
177,6.863929146537842,0.013419216317767043,3.0059044551798175,2.3081052066559313,42.54562533548041,24.476650563607084,6.622383252818035,0.06709608158883522,1.0802469135802468,12.815351583467525,0.03354804079441761,0.16774020397208803,
178,7.253086419753086,0.013419216317767043,2.999194847020934,2.2946859903381642,42.270531400966185,24.456521739130434,6.575415995705851,0.06709608158883522,1.0802469135802468,12.788513150831992,0.03354804079441761,0.16774020397208803,
179,7.427536231884058,0.013419216317767043,2.985775630703167,2.4020397208803006,42.13633923778851,24.44310252281267,6.588835212023618,0.06709608158883522,1.0802469135802468,12.654320987654321,0.03354804079441761,0.16774020397208803,
180,7.192699946323135,0.013419216317767043,2.999194847020934,2.2745571658615136,46.20907139023081,24.302200751476114,3.2541599570585076,0.040257648953301126,1.0802469135802468,12.432903918411165,0.03354804079441761,0.16774020397208803,
181,7.286634460547504,0.013419216317767043,2.999194847020934,2.2745571658615136,43.92109500805153,24.966451959205582,5.233494363929147,0.040257648953301126,1.0802469135802468,11.98336017176597,0.03354804079441761,0.16774020397208803,
182,7.669082125603865,0.013419216317767043,2.999194847020934,2.2745571658615136,43.612453032742884,24.718196457326894,5.387815351583468,0.040257648953301126,1.1406333870101986,11.943102522812667,0.03354804079441761,0.16774020397208803,
183,7.816693505099302,0.013419216317767043,2.999194847020934,2.2745571658615136,43.53193773483628,24.664519592055825,5.387815351583468,0.040257648953301126,1.1406333870101986,11.929683306494901,0.03354804079441761,0.16774020397208803,
184,8.105206655931294,0.013419216317767043,2.999194847020934,2.2745571658615136,43.39774557165862,24.55716586151369,5.35426731078905,0.040257648953301126,1.1406333870101986,11.929683306494901,0.03354804079441761,0.15432098765432098,
185,8.185721953837897,0.013419216317767043,2.9388083735909825,2.2410091250670963,41.888083735909824,26.080246913580247,5.360976918947934,0.040257648953301126,1.1540526033279657,11.90955448201825,0.03354804079441761,0.15432098765432098,
186,8.387010198604402,0.013419216317767043,2.9388083735909825,2.2410091250670963,41.7740203972088,26.039989264626946,5.3341384863123995,0.040257648953301126,1.133923778851315,11.876006441223833,0.03354804079441761,0.1878690284487386,
187,8.541331186258722,0.013419216317767043,2.9388083735909825,2.2410091250670963,41.659957058507786,25.89237788513151,5.475040257648954,0.040257648953301126,1.133923778851315,11.849168008588299,0.03354804079441761,0.18115942028985507,
