,45,50,51,52,55,53,54,56,58,57
0,100.0,,,,,,,,,
1,99.78529253891573,0.2147074610842727,,,,,,,,
2,99.29549114331724,0.7045088566827697,,,,,,,,
3,99.29549114331724,0.7045088566827697,,,,,,,,
4,95.97423510466989,4.025764895330113,,,,,,,,
5,91.57944176060118,8.420558239398819,,,,,,,,
6,91.57944176060118,8.420558239398819,,,,,,,,
7,91.6532474503489,8.3467525496511,,,,,,,,
8,90.955448201825,9.044551798174986,,,,,,,,
9,90.99570585077832,9.004294149221685,,,,,,,,
10,91.1231884057971,8.876811594202898,,,,,,,,
11,89.20424047235642,10.795759527643586,,,,,,,,
12,89.21765968867417,10.782340311325818,,,,,,,,
13,89.24449812130972,10.755501878690284,,,,,,,,
14,89.37869028448739,10.621309715512615,,,,,,,,
15,85.4669887278583,14.533011272141707,,,,,,,,
16,82.93746645195921,17.062533548040793,,,,,,,,
17,81.62909286097693,18.370907139023082,,,,,,,,
18,81.66264090177134,18.337359098228664,,,,,,,,
19,81.66264090177134,18.337359098228664,,,,,,,,
20,80.92458400429415,19.07541599570585,,,,,,,,
21,80.95142243692969,19.048577563070317,,,,,,,,
22,80.56226516371444,19.43773483628556,,,,,,,,
23,80.58910359634997,19.410896403650028,,,,,,,,
24,57.78314546430489,42.21685453569511,,,,,,,,
25,56.54186795491143,41.80756843800322,1.5029522275899088,0.14761137949543746,,,,,,
26,56.68947933440687,41.659957058507786,1.5029522275899088,0.14761137949543746,,,,,,
27,56.76999463231347,41.57944176060118,1.5029522275899088,0.14761137949543746,,,,,,
28,57.11218464841653,41.237251744498124,1.5029522275899088,0.14761137949543746,,,,,,
29,57.19269994632314,41.156736446591516,1.5029522275899088,0.14761137949543746,,,,,,
30,54.723564143854,43.31052066559313,1.8183038110574343,0.14761137949543746,,,,,,
31,53.696994095544824,42.639559849704774,3.515834675254965,0.14761137949543746,,,,,,
32,53.475577026301664,42.860976918947934,3.515834675254965,0.14761137949543746,,,,,,
33,53.68357487922705,42.68652710681696,3.4822866344605474,0.14761137949543746,,,,,,
34,53.89157273215244,42.49194847020934,3.4688674181427803,0.14761137949543746,,,,,,
35,54.01234567901235,42.3845947396672,3.455448201825013,0.14761137949543746,,,,,,
36,54.17337627482555,42.223564143854,3.455448201825013,0.14761137949543746,,,,,,
37,54.388083735909824,42.008856682769725,3.455448201825013,0.14761137949543746,,,,,,
38,48.57756307031669,49.074074074074076,2.3483628556092326,,,,,,,
39,47.06119162640902,47.18867418142781,5.750134192163178,,,,,,,
40,47.114868491680085,47.134997316156735,5.750134192163178,,,,,,,
41,46.9873859366613,46.30971551261406,5.750134192163178,0.95276435856146,,,,,,
42,47.235641438539986,46.11513687600644,5.709876543209877,0.9393451422436929,,,,,,
43,46.363392377885134,48.56414385399893,4.133118625872249,0.9393451422436929,,,,,,
44,45.92055823939882,49.00697799248524,4.133118625872249,0.9393451422436929,,,,,,
45,45.8870101986044,48.24208266237252,4.106280193236715,1.442565754159957,0.322061191626409,,,,,
46,46.01449275362319,47.68518518518518,4.066022544283414,1.442565754159957,0.7917337627482555,,,,,
47,46.20907139023081,47.50402576489533,4.052603327965647,1.442565754159957,0.7917337627482555,,,,,
48,46.22920021470746,47.24906065485776,4.03918411164788,1.3217928073000538,0.7917337627482555,0.36902844873859364,,,,
49,46.3365539452496,47.175254965110035,3.92512077294686,1.3217928073000538,0.8722490606548577,0.36902844873859364,,,,
50,46.504294149221685,47.034353193773484,3.92512077294686,1.3083735909822867,0.8588298443370908,0.36902844873859364,,,,
51,46.67203435319377,46.92699946323135,3.898282340311326,1.2748255501878691,0.8588298443370908,0.36902844873859364,,,,
52,46.81964573268921,46.262748255501876,3.8848631239935587,1.2748255501878691,1.3888888888888888,0.36902844873859364,,,,
53,41.988727858293075,39.40552871712292,16.129898013955984,1.2278582930756843,0.8789586688137413,0.36902844873859364,,,,
54,42.24369296833065,38.989533011272144,16.089640365002683,1.2278582930756843,1.0802469135802468,0.36902844873859364,,,,
55,39.25791733762748,41.80085882984434,16.049382716049383,1.2278582930756843,1.2949543746645196,0.36902844873859364,,,,
56,26.073537305421365,61.52710681696189,10.205314009661835,0.18115942028985507,1.1272141706924315,0.36902844873859364,0.5166398282340311,,,
57,26.402308105206657,61.22517444981213,10.178475577026301,0.18115942028985507,1.1272141706924315,0.36902844873859364,0.5166398282340311,,,
58,26.496242619431026,60.55421363392378,10.151637144390767,0.18115942028985507,1.7444981213097155,0.35560923242082665,0.5166398282340311,,,
59,26.764626945786365,60.33279656468062,10.104669887278583,0.18115942028985507,1.7444981213097155,0.35560923242082665,0.5166398282340311,,,
60,27.01959205582394,60.11808910359635,10.084541062801932,0.18115942028985507,1.7444981213097155,0.33548040794417605,0.5166398282340311,,,
61,27.38191089640365,59.836285560923244,10.00402576489533,0.18115942028985507,1.7444981213097155,0.33548040794417605,0.5166398282340311,,,
62,27.623456790123456,59.74235104669887,9.856414385399892,0.18115942028985507,1.7444981213097155,0.33548040794417605,0.5166398282340311,,,
63,28.026033279656467,59.272678475577024,9.856414385399892,0.18115942028985507,1.8250134192163177,0.33548040794417605,0.5032206119162641,,,
64,27.891841116478798,57.51476113794954,9.802737520128824,2.395330112721417,1.6572732152442298,0.23483628556092323,0.5032206119162641,,,
65,26.684111647879764,54.75711218464841,9.75577026301664,5.743424584004294,2.3215244229736984,0.23483628556092323,0.5032206119162641,,,
66,26.939076757917338,54.55582393988191,9.742351046698873,5.703166935050993,2.3215244229736984,0.23483628556092323,0.5032206119162641,,,
67,27.120236178207193,54.448470209339774,9.708803005904455,5.662909286097692,2.3215244229736984,0.23483628556092323,0.5032206119162641,,,
68,27.49597423510467,53.60976918947934,9.695383789586689,6.166129898013956,2.2946859903381642,0.23483628556092323,0.5032206119162641,,,
69,22.893183038110575,50.355609232420825,8.890230810520666,14.63365539452496,2.4892646269457863,0.23483628556092323,0.5032206119162641,,,
70,22.436929683306495,48.731884057971016,8.849973161567364,14.284755770263017,2.3550724637681157,0.5166398282340311,2.8247450348899625,,,
71,22.73886205045625,48.510466988727856,8.849973161567364,14.224369296833064,2.3349436392914655,0.5166398282340311,2.8247450348899625,,,
72,22.953569511540525,48.369565217391305,8.82313472893183,14.17740203972088,2.3349436392914655,0.5166398282340311,2.8247450348899625,,,
73,22.926731078904993,47.64492753623188,8.776167471819646,13.922436929683306,2.3349436392914655,0.5166398282340311,3.878153515834675,,,
74,23.30246913580247,47.50402576489533,8.735909822866345,13.801663982823403,2.2745571658615136,0.5166398282340311,3.864734299516908,,,
75,22.57783145464305,43.47155126140633,8.641975308641975,15.096618357487923,2.4355877616747184,3.911701556629093,3.864734299516908,,,
76,21.095008051529792,42.069243156199676,11.621041331186259,15.01610305958132,2.4355877616747184,3.911701556629093,3.851315083199141,,,
77,21.40365002683843,41.84111647879764,11.614331723027375,14.97584541062802,2.4355877616747184,3.911701556629093,3.8177670424047236,,,
78,20.994363929146537,41.458668813741276,11.58749329039184,15.573000536768653,2.3215244229736984,3.911701556629093,4.1532474503489,,,
79,20.585077831454644,43.572195383789584,10.091250670960816,15.49248523886205,2.1940418679549114,3.911701556629093,4.1532474503489,,,
80,21.068169618894256,43.4044551798175,9.876543209876543,15.45222758990875,2.1940418679549114,3.911701556629093,4.092860976918948,,,
81,21.4170692431562,43.19645732689211,9.863123993558776,15.324745034889963,2.1940418679549114,3.911701556629093,4.092860976918948,,,
82,21.631776704240472,43.10923242082662,9.822866344605474,15.237520128824476,2.1940418679549114,3.911701556629093,4.092860976918948,,,
83,22.054482018250134,42.76033279656468,9.809447128287708,15.197262479871176,2.1940418679549114,3.8915727321524423,4.092860976918948,,,
84,21.712292002147073,41.2842190016103,9.77589908749329,14.439076757917338,2.1806226516371443,4.327697262479871,6.125872249060655,0.15432098765432098,,
85,21.906870638754697,41.176865271068166,9.769189479334408,14.412238325281804,2.1806226516371443,4.280730005367687,6.119162640901771,0.15432098765432098,,
86,22.034353193773484,41.10976918947934,9.742351046698873,14.412238325281804,2.1806226516371443,4.280730005367687,6.085614600107354,0.15432098765432098,,
87,22.19538378958669,39.62023617820719,9.500805152979066,14.170692431561998,2.1806226516371443,6.146001073537305,6.031937734836285,0.15432098765432098,,
88,22.376543209876544,39.412238325281805,9.473966720343531,14.15727321524423,2.1806226516371443,6.421095008051529,5.8239398819108965,0.15432098765432098,,
89,22.16183574879227,37.60064412238325,9.453837895866881,16.586151368760063,1.9592055823939882,6.340579710144928,5.743424584004294,0.15432098765432098,,
90,21.967257112184647,37.33225979602791,10.091250670960816,16.25067096081589,1.9592055823939882,6.582125603864735,5.662909286097692,0.15432098765432098,,
91,22.18196457326892,37.224906065485776,10.064412238325282,16.21712292002147,1.9592055823939882,6.535158346752549,5.662909286097692,0.15432098765432098,,
92,22.470477724100913,37.003488996242616,10.02415458937198,16.163446054750402,1.7981749865807837,6.353998926462695,6.031937734836285,0.15432098765432098,,
93,22.745571658615138,36.902844873859365,9.977187332259795,16.09634997316157,1.751207729468599,6.340579710144928,6.031937734836285,0.15432098765432098,,
94,22.906602254428343,36.77536231884058,9.950348899624261,16.09634997316157,1.751207729468599,6.333870101986044,6.031937734836285,0.15432098765432098,,
95,23.309178743961354,36.61433172302738,9.943639291465379,15.734031132581856,1.724369296833065,6.300322061191626,6.219806763285024,0.15432098765432098,,
96,23.020665593129362,36.40633387010199,11.855877616747183,14.432367149758454,1.7176596886741815,6.1929683306494905,6.219806763285024,0.15432098765432098,,
97,23.262211486849168,36.26543209876543,11.855877616747183,14.38539989264627,1.6975308641975309,6.1929683306494905,6.1862587224906065,0.15432098765432098,,
98,23.470209339774556,36.18491680085883,11.822329575952764,14.31159420289855,1.6975308641975309,6.1929683306494905,6.166129898013956,0.15432098765432098,,
99,23.805689747718734,36.01717659688674,11.822329575952764,14.210950080515298,1.6975308641975309,6.139291465378422,6.152710681696189,0.15432098765432098,,
100,24.040526033279658,35.95679012345679,11.822329575952764,14.04320987654321,1.6975308641975309,6.0587761674718195,6.226516371443908,0.15432098765432098,,
101,23.731884057971016,35.46027911969941,13.358829844337091,13.714439076757918,1.6841116478797638,5.669618894256575,6.226516371443908,0.15432098765432098,,
102,23.980139559849704,35.42673107890499,13.325281803542673,13.687600644122384,1.5633387010198605,5.642780461621041,6.219806763285024,0.15432098765432098,,
103,20.283145464304884,27.697262479871174,27.30139559849705,13.311862587224907,1.5230810520665594,5.320719269994632,4.408212560386473,0.15432098765432098,,
104,20.363660762211488,27.63016639828234,26.88539989264627,13.285024154589372,1.5230810520665594,5.320719269994632,4.408212560386473,0.5837359098228664,,
105,20.679012345679013,27.47584541062802,26.623725174449813,13.231347289318304,1.5230810520665594,5.260332796564681,4.394793344068707,0.8118625872249061,,
106,21.00107353730542,27.4422973698336,26.590177133655395,13.003220611916264,1.5230810520665594,5.260332796564681,4.367954911433173,0.8118625872249061,,
107,21.36339237788513,27.375201288244767,26.516371443907676,12.875738056897477,1.5230810520665594,5.199946323134729,4.334406870638754,0.8118625872249061,,
108,21.658615136876005,27.34165324745035,26.288244766505635,12.869028448738593,1.5230810520665594,5.186527106816962,4.320987654320987,0.8118625872249061,,
109,21.732420826623724,27.30810520665593,26.288244766505635,12.828770799785293,1.5230810520665594,5.186527106816962,4.320987654320987,0.8118625872249061,,
110,21.960547504025765,27.26784755770263,26.207729468599034,12.734836285560924,1.5230810520665594,5.186527106816962,4.30756843800322,0.8118625872249061,,
111,22.12157809983897,27.079978529253893,25.89908749329039,12.714707461084272,1.8988191089640365,5.166398282340311,4.30756843800322,0.8118625872249061,,
112,22.450348899624263,26.88539989264627,25.831991411701555,12.681159420289855,1.8988191089640365,5.146269457863661,4.294149221685454,0.8118625872249061,,
113,22.604669887278583,26.8317230273752,25.758185721953836,12.681159420289855,1.8988191089640365,5.119431025228127,4.294149221685454,0.8118625872249061,,
114,22.705314009661837,26.7512077294686,25.59044551798175,12.620772946859903,2.1068169618894257,5.119431025228127,4.294149221685454,0.8118625872249061,,
115,22.63150831991412,25.637412775093935,25.221417069243156,12.587224906065487,2.1068169618894257,5.10601180891036,5.642780461621041,1.06682769726248,,
116,23.067632850241544,25.38244766505636,25.120772946859905,12.171229200214707,2.0799785292538915,5.065754159957058,5.642780461621041,1.4694041867954912,,
117,23.32259796027912,25.288513150831992,25.02012882447665,12.171229200214707,2.046430488459474,5.038915727321524,5.642780461621041,1.4694041867954912,,
118,23.47691894793344,25.254965110037574,24.92619431025228,12.171229200214707,2.046430488459474,5.038915727321524,5.636070853462158,1.4492753623188406,,
119,23.483628556092324,25.241545893719806,24.745034889962426,12.157809983896941,2.2879763821792807,5.01207729468599,5.622651637144391,1.4492753623188406,,
120,23.537305421363392,24.738325281803544,24.731615673644658,11.77536231884058,2.147074610842727,4.9718196457326895,6.649221685453569,1.4492753623188406,,
121,23.765432098765434,24.664519592055825,24.630971551261407,11.77536231884058,2.147074610842727,4.9718196457326895,6.595544820182502,1.4492753623188406,,
122,24.208266237251745,24.54374664519592,24.54374664519592,11.75523349436393,2.147074610842727,4.757112184648417,6.595544820182502,1.4492753623188406,,
123,24.59742351046699,24.50348899624262,24.322329575952764,11.735104669887278,2.147074610842727,4.64975845410628,6.595544820182502,1.4492753623188406,,
124,24.879227053140095,24.44310252281267,24.228395061728396,11.708266237251744,2.13365539452496,4.62962962962963,6.528448738593666,1.4492753623188406,,
125,24.731615673644658,23.939881910896403,24.16129898013956,11.694847020933977,1.6908212560386473,6.031937734836285,6.300322061191626,1.4492753623188406,,
126,24.986580783682232,23.8191089640365,24.06736446591519,11.66129898013956,1.6908212560386473,6.025228126677402,6.300322061191626,1.4492753623188406,,
127,25.261674718196456,23.785560923242084,23.980139559849704,11.634460547504025,1.6908212560386473,5.971551261406334,6.226516371443908,1.4492753623188406,,
128,25.489801395598498,23.731884057971016,23.51046698872786,11.621041331186259,1.6841116478797638,5.938003220611916,6.199677938808374,1.8250134192163177,,
129,25.691089640365004,23.64465915190553,23.503757380568974,11.594202898550725,1.6774020397208802,5.938003220611916,6.179549114331723,1.7713365539452497,,
130,25.785024154589372,23.62453032742888,23.450080515297905,11.580783682232958,1.6774020397208802,5.931293612453032,6.179549114331723,1.7713365539452497,,
131,26.120504562533547,23.409822866344605,23.376274825550187,11.56736446591519,1.6774020397208802,5.931293612453032,6.152710681696189,1.7646269457863661,,
132,26.341921631776703,23.32259796027912,23.349436392914654,11.52710681696189,1.6774020397208802,5.891035963499732,6.132581857219538,1.7579173376274826,,
133,26.603596349973163,23.221953837895867,23.255501878690286,11.473429951690822,1.6774020397208802,5.891035963499732,6.125872249060655,1.751207729468599,,
134,27.079978529253893,23.17498658078368,22.86634460547504,11.453301127214171,1.6572732152442298,5.891035963499732,6.125872249060655,1.751207729468599,,
135,27.180622651637144,23.14814814814815,22.82608695652174,11.453301127214171,1.6572732152442298,5.891035963499732,6.092324208266238,1.751207729468599,,
136,27.34836285560923,23.121309715512613,22.799248523886206,11.392914653784219,1.6572732152442298,5.891035963499732,6.072195383789587,1.7176596886741815,,
137,27.509393451422437,23.101180891035963,22.745571658615138,11.366076221148685,1.6572732152442298,5.891035963499732,6.025228126677402,1.7042404723564144,,
138,27.657004830917874,23.047504025764894,22.69860440150295,11.332528180354267,1.6438539989264627,5.891035963499732,6.025228126677402,1.7042404723564144,,
139,27.95222758990875,22.906602254428343,22.584541062801932,11.292270531400966,1.6438539989264627,5.891035963499732,6.025228126677402,1.7042404723564144,,
140,28.133387010198604,22.906602254428343,22.443639291465377,11.272141706924316,1.6438539989264627,5.891035963499732,6.005099302200751,1.7042404723564144,,
141,28.23403113258186,22.86634460547504,22.396672034353195,11.272141706924316,1.6438539989264627,5.891035963499732,5.991680085882985,1.7042404723564144,,
142,28.361513687600645,22.852925389157274,22.322866344605476,11.252012882447666,1.6438539989264627,5.891035963499732,5.991680085882985,1.6841116478797638,,
143,28.227321524422972,22.82608695652174,22.25577026301664,13.036768652710682,1.6438539989264627,4.723564143853999,5.991680085882985,1.2949543746645196,,
144,28.442028985507246,22.73886205045625,22.15512614063339,13.036768652710682,1.6438539989264627,4.723564143853999,5.964841653247451,1.2949543746645196,,
145,28.683574879227052,22.665056360708533,22.08132045088567,12.983091787439614,1.6438539989264627,4.7168545356951155,5.964841653247451,1.261406333870102,,
146,28.81105743424584,22.61808910359635,22.074610842726784,12.915995705850777,1.6371443907675791,4.7168545356951155,5.964841653247451,1.261406333870102,,
147,29.025764895330113,22.591250670960815,22.054482018250134,12.795222758990874,1.6371443907675791,4.669887278582931,5.964841653247451,1.261406333870102,,
148,29.361245303274288,22.57783145464305,22.020933977455716,12.775093934514224,1.6371443907675791,4.40150295222759,5.964841653247451,1.261406333870102,,
149,29.508856682769725,22.5577026301664,21.973966720343533,12.72812667740204,1.6371443907675791,4.40150295222759,5.931293612453032,1.261406333870102,,
150,29.750402576489535,22.537573805689746,21.91358024691358,12.694578636607622,1.6371443907675791,4.274020397208803,5.931293612453032,1.261406333870102,,
151,29.918142780461622,22.457058507783145,21.826355340848096,12.694578636607622,1.6371443907675791,4.274020397208803,5.931293612453032,1.261406333870102,,
152,26.556629092860977,18.59903381642512,32.48121309715513,12.580515297906603,1.2010198604401503,3.012614063338701,4.320987654320987,1.247987117552335,,
153,26.710950080515296,18.59903381642512,32.380568974771876,12.5402576489533,1.2010198604401503,3.012614063338701,4.320987654320987,1.2345679012345678,,
154,12.889157273215245,66.15002683843264,14.002952227589908,3.4286097691894795,0.8923778851315083,0.17444981213097155,2.120236178207193,0.3421900161030596,,
155,13.170960815888352,61.493558776167475,13.962694578636608,3.4151905528717124,5.320719269994632,0.17444981213097155,2.120236178207193,0.3421900161030596,,
156,13.533279656468062,61.28556092324208,13.862050456253355,3.4151905528717124,5.300590445517981,0.17444981213097155,2.086688137412775,0.3421900161030596,,
157,13.996242619431026,60.90311325818572,13.466183574879228,3.4151905528717124,5.260332796564681,0.17444981213097155,2.073268921095008,0.7112184648416533,,
158,14.130434782608695,60.80246913580247,13.459473966720344,3.4151905528717124,5.233494363929147,0.17444981213097155,2.073268921095008,0.7112184648416533,,
159,14.36527106816962,60.65485775630703,13.378958668813741,3.4151905528717124,5.233494363929147,0.17444981213097155,2.0665593129361244,0.7112184648416533,,
160,14.814814814814815,60.28582930756844,13.378958668813741,3.4151905528717124,5.233494363929147,0.17444981213097155,2.01959205582394,0.6776704240472357,,
161,15.069779924852389,60.13150831991412,13.305152979066023,3.4151905528717124,5.2066559312936125,0.17444981213097155,2.01959205582394,0.6776704240472357,,
162,14.506172839506172,59.01100375738057,12.942834138486312,2.2611379495437465,5.173107890499195,3.656736446591519,1.7713365539452497,0.6776704240472357,,
163,14.586688137412775,58.93048845947396,12.761674718196458,2.2611379495437465,5.139559849704777,3.6231884057971016,1.7579173376274826,0.9393451422436929,,
164,14.707461084272678,58.89694041867955,12.74825550187869,2.2611379495437465,5.065754159957058,3.6231884057971016,1.7579173376274826,0.9393451422436929,,
165,15.096618357487923,58.60842726784756,12.694578636607622,2.254428341384863,5.065754159957058,3.6231884057971016,1.7310789049919484,0.9259259259259259,,
166,15.35829307568438,56.60225442834138,12.647611379495437,2.254428341384863,3.797638217928073,6.723027375201288,1.7176596886741815,0.8990874932903918,,
167,15.83467525496511,56.09903381642512,12.526838432635534,2.214170692431562,3.9855072463768115,6.723027375201288,1.7176596886741815,0.8990874932903918,,
168,16.0426731078905,55.97155126140633,12.5,2.214170692431562,3.9855072463768115,6.66935050993022,1.7176596886741815,0.8990874932903918,,
169,16.25067096081589,53.42860976918948,12.352388620504563,2.214170692431562,6.5485775630703165,6.662640901771336,1.7176596886741815,0.8252818035426731,,
170,16.57944176060118,53.254159957058505,12.285292538915728,2.214170692431562,6.508319914117015,6.615673644659152,1.7176596886741815,0.8252818035426731,,
171,16.888083735909824,52.99248523886205,12.258454106280194,2.2074610842726785,6.414385399892646,6.159420289855072,2.046430488459474,1.0332796564680622,,
172,17.002147074610843,52.905260332796566,12.23161567364466,2.2074610842726785,6.414385399892646,6.159420289855072,2.046430488459474,1.0332796564680622,,
173,17.257112184648417,52.74422973698336,12.191358024691358,2.167203435319377,6.400966183574879,6.159420289855072,2.046430488459474,1.0332796564680622,,
174,17.49194847020934,52.59661835748792,12.104133118625873,2.167203435319377,6.5485775630703165,6.139291465378422,2.033011272141707,0.9192163177670424,,
175,17.96833064949007,52.35507246376812,12.057165861513688,2.13365539452496,6.494900697799249,6.038647342995169,2.033011272141707,0.9192163177670424,,
176,18.02871712292002,48.678207192699944,11.943102522812667,2.13365539452496,10.258990874932904,6.011808910359635,2.0263016639828235,0.9192163177670424,,
177,18.270263016639827,48.631239935587764,11.936392914653783,2.100107353730542,10.23215244229737,5.884326355340848,2.0263016639828235,0.9192163177670424,,
178,18.625872249060656,47.62479871175523,11.808910359634996,2.100107353730542,11.057434245840042,5.844068706387547,2.0263016639828235,0.9125067096081588,,
179,18.95464304884595,47.517444981213096,11.66129898013956,2.0799785292538915,11.044015029522276,5.803811057434245,2.0263016639828235,0.9125067096081588,,
180,19.35721953837896,47.38325281803543,11.560654857756306,2.0799785292538915,10.903113258185721,5.803811057434245,1.9994632313472893,0.9125067096081588,,
181,19.585346215780998,47.215512614063336,11.560654857756306,2.0799785292538915,10.86285560923242,5.783682232957595,1.9994632313472893,0.9125067096081588,,
182,19.961084272678477,46.97396672034353,11.560654857756306,2.0799785292538915,10.72866344605475,5.783682232957595,1.9994632313472893,0.9125067096081588,,
183,20.26972624798712,46.67874396135266,11.520397208803006,2.0799785292538915,10.674986580783683,5.421363392377885,2.442297369833602,0.9125067096081588,,
184,20.497852925389157,46.57139023081052,11.520397208803006,2.0799785292538915,10.63472893183038,5.320719269994632,2.408749329039184,0.966183574879227,,
185,20.719269994632313,46.51100375738057,11.392914653784219,2.0799785292538915,10.63472893183038,5.307300053676865,2.3886205045625335,0.966183574879227,,
186,20.82662372517445,46.11513687600644,11.3593666129898,2.0665593129361244,10.976918947933441,5.307300053676865,2.38191089640365,0.966183574879227,,
187,20.840042941492218,45.98094471282877,10.889694041867955,2.0665593129361244,10.88298443370907,5.307300053676865,3.066290928609769,0.966183574879227,,
188,21.276167471819647,45.551529790660226,10.88298443370907,2.0665593129361244,11.030595813204508,5.253623188405797,3.0193236714975846,0.9192163177670424,,
189,21.591519055287172,45.410628019323674,10.856146001073537,2.0665593129361244,10.943370907139023,5.193236714975845,3.0193236714975846,0.9192163177670424,,
190,21.712292002147073,45.34353193773484,10.829307568438002,2.0665593129361244,10.943370907139023,5.166398282340311,3.0193236714975846,0.9192163177670424,,
191,22.168545356951153,45.289855072463766,10.802469135802468,2.0665593129361244,10.909822866344605,4.824208266237251,3.0193236714975846,0.9192163177670424,,
192,22.29602791196994,45.09527643585615,10.654857756307031,2.38191089640365,10.896403650026839,4.7638217928073,2.9924852388620504,0.9192163177670424,,
193,22.403381642512077,45.02818035426731,10.654857756307031,2.38191089640365,10.896403650026839,4.7638217928073,2.985775630703167,0.8856682769726248,,
194,22.638217928073,44.95437466451959,10.61460010735373,2.3752012882447664,10.815888352120236,4.730273752012883,2.985775630703167,0.8856682769726248,,
195,22.805958132045088,44.07541599570585,10.48040794417606,2.3752012882447664,11.366076221148685,4.730273752012883,3.280998389694042,0.8856682769726248,,
196,23.067632850241544,42.70665593129361,10.446859903381643,2.3752012882447664,12.157809983896941,4.703435319377348,3.656736446591519,0.8856682769726248,,
197,23.14814814814815,42.599302200751474,10.420021470746109,2.3617820719269993,12.224906065485776,4.703435319377348,3.656736446591519,0.8856682769726248,,
198,23.1682769726248,42.53891572732152,10.084541062801932,2.3617820719269993,12.647611379495437,4.669887278582931,3.643317230273752,0.8856682769726248,,
199,23.57085346215781,42.48523886205046,9.796027911969942,2.3617820719269993,12.620772946859903,4.669887278582931,3.6231884057971016,0.8722490606548577,,
200,23.839237788513152,42.3845947396672,9.782608695652174,2.3617820719269993,12.486580783682234,4.64975845410628,3.6231884057971016,0.8722490606548577,,
201,24.362587224906065,42.1430488459474,9.608158883521202,2.3617820719269993,12.426194310252281,4.64975845410628,3.5762211486849167,0.8722490606548577,,
202,24.516908212560388,42.08266237251745,9.601449275362318,2.3617820719269993,12.352388620504563,4.643048845947397,3.569511540526033,0.8722490606548577,,
203,24.718196457326894,41.95517981749866,9.601449275362318,2.3617820719269993,12.278582930756844,4.643048845947397,3.569511540526033,0.8722490606548577,,
204,25.06038647342995,41.58615136876006,9.601449275362318,2.3617820719269993,12.352388620504563,4.609500805152979,3.5628019323671496,0.8655394524959742,,
205,25.38244766505636,41.31105743424584,9.601449275362318,2.3617820719269993,12.305421363392378,4.609500805152979,3.5628019323671496,0.8655394524959742,,
206,25.946054750402578,40.82796564680623,9.581320450885668,2.3617820719269993,12.265163714439076,4.609500805152979,3.5628019323671496,0.8454106280193237,,
207,26.154052603327965,40.58641975308642,9.554482018250134,2.3617820719269993,12.218196457326892,4.7168545356951155,3.5628019323671496,0.8454106280193237,,
208,26.174181427804616,40.284487385936664,9.554482018250134,2.3617820719269993,12.218196457326892,4.7168545356951155,3.844605475040258,0.8454106280193237,,
209,26.37546967257112,40.143585614600106,9.5276435856146,2.3617820719269993,12.218196457326892,4.7168545356951155,3.844605475040258,0.8118625872249061,,
210,26.78475577026302,39.841653247450346,9.5276435856146,2.3617820719269993,12.130971551261407,4.7168545356951155,3.824476650563607,0.8118625872249061,,
211,26.94578636607622,39.69404186795491,9.5276435856146,2.3483628556092326,12.130971551261407,4.7168545356951155,3.824476650563607,0.8118625872249061,,
212,27.126945786366075,39.53972088030059,9.5276435856146,2.3483628556092326,12.130971551261407,4.7168545356951155,3.824476650563607,0.785024154589372,,
213,27.200751476113794,39.52630166398282,9.494095544820183,2.3215244229736984,12.130971551261407,4.7168545356951155,3.824476650563607,0.785024154589372,,
214,27.34165324745035,39.45920558239399,9.440418679549115,2.3215244229736984,12.124261943102523,4.703435319377348,3.824476650563607,0.785024154589372,,
215,27.542941492216855,39.40552871712292,9.433709071390231,2.3215244229736984,12.057165861513688,4.62962962962963,3.824476650563607,0.785024154589372,,
216,27.482555018786904,39.27804616210413,9.433709071390231,2.3215244229736984,12.318840579710145,4.569243156199678,3.81105743424584,0.785024154589372,,
217,27.79790660225443,39.17740203972088,9.433709071390231,2.2946859903381642,12.130971551261407,4.569243156199678,3.81105743424584,0.785024154589372,,
218,28.28099838969404,38.87546967257112,9.420289855072463,2.2946859903381642,12.050456253354804,4.53569511540526,3.797638217928073,0.7447665056360708,,
219,28.361513687600645,38.868760064412236,9.359903381642512,2.2946859903381642,12.050456253354804,4.522275899087493,3.797638217928073,0.7447665056360708,,
220,28.59634997316157,38.768115942028984,9.346484165324744,2.2745571658615136,12.010198604401502,4.488727858293076,3.7909286097691894,0.7246376811594203,,
221,28.77079978529254,38.6406333870102,9.346484165324744,2.2745571658615136,11.976650563607086,4.488727858293076,3.7775093934514223,0.7246376811594203,,
222,28.33467525496511,38.519860440150296,7.7898550724637685,5.589103596349974,11.56736446591519,3.7573805689747717,3.717122920021471,0.7246376811594203,,
223,28.388352120236178,38.479602791196996,7.7898550724637685,5.589103596349974,11.56736446591519,3.7573805689747717,3.7037037037037037,0.7246376811594203,,
224,28.59634997316157,38.38566827697262,7.742887815351583,5.589103596349974,11.553945249597424,3.7037037037037037,3.7037037037037037,0.7246376811594203,,
225,28.784219001610307,38.31857219538379,7.722758990874933,5.589103596349974,11.473429951690822,3.683574879227053,3.7037037037037037,0.7246376811594203,,
226,28.978797638217927,38.22463768115942,7.6556629092860975,5.589103596349974,11.439881910896403,3.683574879227053,3.7037037037037037,0.7246376811594203,,
227,29.1129898013956,38.197799248523886,7.6556629092860975,5.589103596349974,11.3593666129898,3.6634460547504024,3.69699409554482,0.7246376811594203,,
228,29.341116478797638,38.13070316693505,7.6556629092860975,5.542136339237788,11.325818572195384,3.6634460547504024,3.616478797638218,0.7246376811594203,,
229,29.441760601180892,38.077026301663984,7.6556629092860975,5.542136339237788,11.285560923242082,3.656736446591519,3.616478797638218,0.7246376811594203,,
230,29.777241009125067,37.815351583467525,7.635534084809447,5.4616210413311865,11.05072463768116,3.5762211486849167,3.9586688137412773,0.7246376811594203,,
231,29.918142780461622,37.64090177133655,7.635534084809447,6.005099302200751,10.57434245840043,3.5762211486849167,3.92512077294686,0.7246376811594203,,
232,30.19994632313473,37.533548040794415,7.635534084809447,6.005099302200751,10.507246376811594,3.5225442834138487,3.8714439076757916,0.7246376811594203,,
233,30.50187869028449,37.466451959205585,7.615405260332796,5.958132045088567,10.339506172839506,3.5225442834138487,3.8714439076757916,0.7246376811594203,,
234,30.9044551798175,37.084004294149224,7.615405260332796,5.924584004294149,10.373054213633925,3.502415458937198,3.8714439076757916,0.7246376811594203,,
235,31.15271068169619,36.9699409554482,7.601986044015029,5.884326355340848,10.34621578099839,3.4621578099838968,3.8714439076757916,0.7112184648416533,,
236,31.5955448201825,36.75523349436393,7.601986044015029,5.877616747181965,10.124798711755233,3.4621578099838968,3.8714439076757916,0.7112184648416533,,
237,31.82367149758454,36.62775093934514,7.568438003220612,5.877616747181965,10.104669887278583,3.4621578099838968,3.824476650563607,0.7112184648416533,,
238,31.910896403650028,36.520397208803004,7.568438003220612,5.877616747181965,10.077831454643048,3.3950617283950617,3.824476650563607,0.8252818035426731,,
239,32.25979602791197,36.28556092324208,7.548309178743962,5.877616747181965,10.071121846484166,3.3480944712828773,3.784219001610306,0.8252818035426731,,
240,32.52818035426731,36.04401502952228,7.521470746108427,5.877616747181965,10.104669887278583,3.3480944712828773,3.7640901771336552,0.8118625872249061,,
241,32.78314546430489,35.90311325818572,7.501341921631776,5.837359098228664,10.064412238325282,3.3413848631239937,3.7573805689747717,0.8118625872249061,,
242,32.86366076221149,35.889694041867955,7.461084272678476,5.837359098228664,10.037573805689748,3.3413848631239937,3.7573805689747717,0.8118625872249061,,
243,32.9374664519592,35.86285560923242,7.4006977992485234,5.481749865807837,10.030864197530864,3.3413848631239937,4.133118625872249,0.8118625872249061,,
244,33.071658615136876,35.75550187869028,7.333601717659689,5.481749865807837,10.00402576489533,3.3279656468062266,4.213633923778851,0.8118625872249061,,
245,33.28636607622115,35.65485775630703,7.226247987117552,5.481749865807837,10.00402576489533,3.3279656468062266,4.213633923778851,0.8051529790660226,,
246,33.43397745571659,35.621309715512616,7.199409554482019,5.481749865807837,9.957058507783145,3.3279656468062266,4.213633923778851,0.7648953301127214,,
247,33.61513687600644,35.51395598497048,7.159151905528717,5.448201825013419,9.957058507783145,3.3279656468062266,4.213633923778851,0.7648953301127214,,
248,33.72920021470746,35.39989264626946,7.159151905528717,5.448201825013419,9.957058507783145,3.3279656468062266,4.213633923778851,0.7648953301127214,,
249,34.024422973698336,35.21202361782072,7.159151905528717,5.448201825013419,9.923510466988727,3.3279656468062266,4.1532474503489,0.7514761137949544,,
250,33.823134728931834,34.76247987117552,7.112184648416532,5.441492216854535,9.386741814278047,4.5960815888352125,4.126409017713366,0.7514761137949544,,
251,34.03113258185722,34.68867418142781,7.085346215780999,5.434782608695652,9.359903381642512,4.5960815888352125,4.052603327965647,0.7514761137949544,,
252,33.97745571658615,34.6081588835212,7.051798174986581,5.280461621041331,9.326355340848094,4.5960815888352125,4.408212560386473,0.7514761137949544,,
253,34.38003220611916,34.245840042941495,7.0450885668276975,5.260332796564681,9.31964573268921,4.5960815888352125,4.40150295222759,0.7514761137949544,,
254,34.6081588835212,34.084809447128286,7.0450885668276975,5.260332796564681,9.265968867418144,4.5960815888352125,4.388083735909823,0.7514761137949544,,
255,34.346484165324746,34.35990338164251,7.0450885668276975,5.260332796564681,9.265968867418144,4.582662372517445,4.388083735909823,0.7514761137949544,,
256,34.50080515297907,34.23913043478261,7.0450885668276975,5.260332796564681,9.252549651100376,4.575952764358561,4.374664519592056,0.7514761137949544,,
257,34.64170692431562,34.15861513687601,6.857219538378959,4.891304347826087,9.77589908749329,4.575952764358561,4.3478260869565215,0.7514761137949544,,
258,34.5679012345679,34.084809447128286,6.702898550724638,4.871175523349437,9.742351046698873,4.575952764358561,4.703435319377348,0.7514761137949544,,
259,34.64170692431562,34.084809447128286,6.6827697262479875,4.864465915190553,9.702093397745571,4.575952764358561,4.696725711218465,0.7514761137949544,,
260,34.58803005904455,33.65539452495974,6.6827697262479875,4.851046698872786,9.614868491680086,4.569243156199678,5.287171229200215,0.7514761137949544,,
261,34.695383789586685,33.62855609232421,6.655931293612453,4.851046698872786,9.574610842726784,4.555823939881911,5.287171229200215,0.7514761137949544,,
262,34.86312399355877,33.54804079441761,6.655931293612453,4.851046698872786,9.54777241009125,4.528985507246377,5.253623188405797,0.7514761137949544,,
263,35.245571658615134,33.313204508856685,6.642512077294686,4.824208266237251,9.480676328502415,4.528985507246377,5.22007514761138,0.7447665056360708,,
264,35.42673107890499,33.28636607622115,6.582125603864735,4.783950617283951,9.453837895866881,4.502147074610843,5.22007514761138,0.7447665056360708,,
265,35.63472893183038,33.19914117015566,6.582125603864735,4.783950617283951,9.420289855072463,4.414922168545357,5.22007514761138,0.7447665056360708,,
266,35.768921095008054,33.13204508856683,6.5552871712292005,4.783950617283951,9.359903381642512,4.408212560386473,5.246913580246914,0.7447665056360708,,
267,35.970209339774556,33.00456253354804,6.5485775630703165,4.757112184648417,9.333064949006978,4.408212560386473,5.233494363929147,0.7447665056360708,,
268,36.09769189479334,32.91733762748255,6.5485775630703165,4.736983360171766,9.333064949006978,4.408212560386473,5.213365539452496,0.7447665056360708,,
269,36.191626409017715,32.8569511540526,6.5485775630703165,4.7101449275362315,9.333064949006978,4.408212560386473,5.2066559312936125,0.7447665056360708,,
270,36.40633387010199,32.769726247987116,6.541867954911433,4.696725711218465,9.29951690821256,4.374664519592056,5.166398282340311,0.7447665056360708,,
271,36.553945249597426,32.709339774557165,6.521739130434782,4.696725711218465,9.286097691894794,4.374664519592056,5.112721417069243,0.7447665056360708,,
272,36.69484702093398,32.648953301127214,6.521739130434782,4.696725711218465,9.212292002147075,4.374664519592056,5.112721417069243,0.7380568974771873,,
273,36.802200751476114,32.58185721953838,6.521739130434782,4.696725711218465,9.212292002147075,4.361245303274289,5.0858829844337095,0.7380568974771873,,
274,36.9699409554482,32.54830917874396,6.474771873322598,4.696725711218465,9.212292002147075,4.327697262479871,5.0858829844337095,0.6843800322061192,,
275,37.084004294149224,32.50134192163178,6.474771873322598,4.64975845410628,9.205582393988191,4.327697262479871,5.072463768115942,0.6843800322061192,,
276,37.36580783682233,32.347020933977454,6.474771873322598,4.616210413311863,9.192163177670425,4.247181964573269,5.072463768115942,0.6843800322061192,,
277,37.92941492216855,31.93102522812668,6.468062265163715,4.542404723564144,9.192163177670425,4.186795491143317,5.072463768115942,0.6776704240472357,,
278,37.9898013955985,31.87734836285561,6.468062265163715,4.42163177670424,9.185453569511541,4.394793344068707,4.998658078368224,0.6642512077294686,,
279,38.28502415458937,31.676060118089104,6.4412238325281805,4.388083735909823,9.185453569511541,4.361245303274289,4.998658078368224,0.6642512077294686,,
280,38.57353730542136,31.57541599570585,6.380837359098229,4.388083735909823,9.111647879763822,4.3545356951154055,4.9651100375738055,0.6508319914117016,,
281,38.66076221148685,31.53515834675255,6.367418142780462,4.367954911433173,9.111647879763822,4.3545356951154055,4.951690821256038,0.6508319914117016,,
282,38.74127750939345,31.5150295222759,6.367418142780462,4.367954911433173,9.078099838969404,4.334406870638754,4.944981213097155,0.6508319914117016,,
283,38.81508319914117,31.50161030595813,6.367418142780462,4.361245303274289,9.078099838969404,4.280730005367687,4.944981213097155,0.6508319914117016,,
284,39.11701556629093,31.46135265700483,6.105743424584004,4.361245303274289,9.078099838969404,4.280730005367687,4.944981213097155,0.6508319914117016,,
285,39.16398282340311,31.407675791733762,6.105743424584004,4.4753086419753085,8.970746108427267,4.280730005367687,4.944981213097155,0.6508319914117016,,
286,37.61406333870102,27.999194847020934,6.105743424584004,4.4753086419753085,14.11701556629093,4.233762748255502,4.911433172302737,0.5434782608695652,,
287,37.68115942028985,27.958937198067634,6.092324208266238,4.4753086419753085,14.11701556629093,4.233762748255502,4.898013955984971,0.5434782608695652,,
288,37.915995705850776,27.85829307568438,6.092324208266238,4.435050993022007,13.882179280730005,4.233762748255502,4.898013955984971,0.5434782608695652,0.14090177133655393,
289,38.17096081588835,27.750939345142243,6.085614600107354,4.388083735909823,13.855340848094471,4.166666666666667,4.898013955984971,0.5434782608695652,0.14090177133655393,
290,38.38566827697262,27.563070316693505,6.078904991948471,4.388083735909823,13.855340848094471,4.166666666666667,4.87788513150832,0.5434782608695652,0.14090177133655393,
291,38.466183574879224,27.49597423510467,6.072195383789587,4.388083735909823,13.70101986044015,4.166666666666667,4.87788513150832,0.5434782608695652,0.2885131508319914,
