,45,50,55,54,52,51,56,53,57
0,95.61191626409018,4.388083735909823,,,,,,,
1,95.61191626409018,4.388083735909823,,,,,,,
2,93.18974771873323,6.414385399892646,0.39586688137412773,,,,,,
3,91.98201825013419,7.62211486849168,0.39586688137412773,,,,,,
4,78.38164251207729,19.236446591519055,0.39586688137412773,1.9860440150295222,,,,,
5,77.22758990874932,20.39049919484702,0.39586688137412773,1.9860440150295222,,,,,
6,68.94793344068707,28.670155662909288,0.39586688137412773,1.9860440150295222,,,,,
7,46.202361782071925,41.1231884057971,,0.0067096081588835215,12.667740203972087,,,,
8,46.30971551261406,41.10976918947934,,0.0067096081588835215,12.573805689747719,,,,
9,39.150563607085346,41.39157273215244,0.5703166935050993,0.0067096081588835215,12.27187332259796,6.608964036500268,,,
10,38.479602791196996,39.05662909286098,0.5703166935050993,0.0067096081588835215,7.071926999463232,14.814814814814815,,,
11,38.35212023617821,39.190821256038646,0.5703166935050993,0.0067096081588835215,7.071926999463232,14.80810520665593,,,
12,38.55340848094471,39.06333870101986,0.5703166935050993,0.0067096081588835215,7.071926999463232,14.734299516908212,,,
13,37.86231884057971,35.50053676865271,0.7447665056360708,0.0067096081588835215,11.580783682232958,14.304884594739667,,,
14,37.795222758990874,29.51556629092861,0.48980139559849706,0.0067096081588835215,7.581857219538379,24.610842726784757,,,
15,37.734836285560924,29.508856682769725,0.48980139559849706,0.48980139559849706,7.1658615136876005,24.610842726784757,,,
16,38.177670424047236,29.73027375201288,0.48980139559849706,0.48980139559849706,7.112184648416532,24.000268384326354,,,
17,38.20450885668277,29.414922168545356,0.8387010198604401,0.48980139559849706,7.051798174986581,24.000268384326354,,,
18,38.29173376274826,29.381374127750938,0.8387010198604401,0.48980139559849706,6.702898550724638,23.63123993558776,0.6642512077294686,,
19,34.675254965110035,34.13177670424047,0.8387010198604401,0.48980139559849706,6.702898550724638,22.497316156736446,0.6642512077294686,,
20,34.70880300590446,34.13177670424047,0.8387010198604401,0.48980139559849706,6.702898550724638,22.463768115942027,0.6642512077294686,,
21,33.85668276972625,34.4068706387547,0.8387010198604401,0.48980139559849706,7.340311325818572,22.403381642512077,0.6642512077294686,,
22,31.83709071390231,36.8894256575416,0.9594739667203436,0.48980139559849706,7.340311325818572,21.846484165324746,0.6374127750939346,,
23,29.790660225442835,35.46698872785829,0.9594739667203436,0.48980139559849706,7.065217391304348,25.59044551798175,0.6374127750939346,,
24,27.67042404723564,37.76838432635534,0.9259259259259259,0.48980139559849706,7.065217391304348,25.44283413848631,0.6374127750939346,,
25,28.093129361245303,37.21819645732689,0.9259259259259259,0.48980139559849706,7.018250134192163,25.617283950617285,0.6374127750939346,,
26,28.22061191626409,37.11084272678475,0.9259259259259259,0.46967257112184646,7.078636607622115,25.55689747718733,0.6374127750939346,,
27,27.831454643048847,33.903650026838434,0.8051529790660226,0.46967257112184646,7.0383789586688135,28.972088030059044,0.7514761137949544,0.2281266774020397,
28,20.075147611379496,34.39345142243693,0.5568974771873323,1.0466988727858293,6.5552871712292005,35.59447128287708,0.7514761137949544,1.0265700483091786,
29,20.115405260332796,34.38003220611916,0.5568974771873323,1.0466988727858293,6.528448738593666,35.59447128287708,0.7514761137949544,1.0265700483091786,
30,20.175791733762747,31.723027375201287,0.5568974771873323,1.0466988727858293,8.76274825550188,35.95679012345679,0.7514761137949544,1.0265700483091786,
31,20.075147611379496,31.179549114331724,0.5367686527106817,1.0466988727858293,8.749329039184111,36.24530327428878,0.7514761137949544,1.415727321524423,
32,16.928341384863124,25.39586688137413,0.8521202361782072,1.5163714439076759,7.9039184111647875,45.73939881910896,0.6374127750939346,1.0265700483091786,
33,15.707192699946322,20.44417606011809,0.7313472893183038,1.5163714439076759,7.830112721417069,48.41653247450349,0.6105743424584005,4.74369296833065,
34,15.848094471282877,20.30998389694042,0.7313472893183038,1.402308105206656,7.830112721417069,48.027375201288244,1.107085346215781,4.74369296833065,
35,16.069511540526033,20.29656468062265,0.7313472893183038,1.3687600644122384,7.809983896940419,46.90016103059581,1.4895330112721417,5.3341384863123995,
36,16.150026838432634,20.2361782071927,0.7313472893183038,1.3687600644122384,7.809983896940419,45.78636607622115,2.5831991411701556,5.3341384863123995,
37,12.406065485775631,31.01851851851852,0.7112184648416533,0.8990874932903918,6.0587761674718195,44.498121309715515,1.9726247987117553,2.4355877616747184,
38,12.151100375738057,31.54186795491143,0.7112184648416533,0.8990874932903918,6.0587761674718195,44.256575415995705,1.9457863660762211,2.4355877616747184,
39,10.46027911969941,29.683306494900698,0.7112184648416533,0.8990874932903918,6.052066559312936,47.40338164251208,1.9457863660762211,2.844873859366613,
40,10.896403650026839,29.54911433172303,0.7112184648416533,1.3754696725711217,6.052066559312936,46.69216317767042,1.8786902844873858,2.844873859366613,
41,7.695920558239399,36.902844873859365,0.7112184648416533,0.9057971014492754,5.46833064949007,43.592324208266234,1.8786902844873858,2.844873859366613,
42,7.742887815351583,36.8491680085883,0.7112184648416533,0.9057971014492754,6.078904991948471,43.39103596349973,1.8786902844873858,2.442297369833602,
43,7.843531937734836,29.643048845947398,0.7112184648416533,1.261406333870102,9.057971014492754,48.8996242619431,1.8786902844873858,0.7045088566827697,
44,8.225979602791197,29.602791196994094,0.95276435856146,1.6572732152442298,9.789318303811058,46.73242082662372,2.3349436392914655,0.7045088566827697,
45,8.279656468062266,29.602791196994094,1.5096618357487923,1.6572732152442298,9.688674181427805,46.27616747181965,2.3349436392914655,0.6508319914117016,
46,8.507783145464305,29.421631776704242,1.5096618357487923,1.6572732152442298,9.688674181427805,46.23590982286635,2.3349436392914655,0.644122383252818,
47,8.668813741277509,29.421631776704242,1.5096618357487923,1.6572732152442298,9.655126140633387,46.10842726784756,2.3349436392914655,0.644122383252818,
48,8.742619431025227,29.314278046162105,1.4895330112721417,2.1806226516371443,9.655126140633387,45.63875469672571,2.3349436392914655,0.644122383252818,
49,8.896940418679549,29.314278046162105,1.4895330112721417,2.1806226516371443,9.655126140633387,45.49785292538916,2.3215244229736984,0.644122383252818,
50,9.03113258185722,27.905260332796566,1.7847557702630166,3.4420289855072466,11.976650563607086,42.89452495974235,2.3215244229736984,0.644122383252818,
51,9.044551798174986,27.885131508319915,1.7847557702630166,3.911701556629093,11.701556629092861,42.74020397208803,2.3215244229736984,0.6105743424584005,
52,9.333064949006978,27.82474503488996,1.7847557702630166,3.911701556629093,11.674718196457327,42.53891572732152,2.3215244229736984,0.6105743424584005,
53,9.39345142243693,27.791196994095547,1.7847557702630166,3.911701556629093,11.674718196457327,42.51207729468599,2.3215244229736984,0.6105743424584005,
54,8.890230810520666,22.77241009125067,1.7847557702630166,3.911701556629093,10.621309715512615,49.08749329039184,2.3215244229736984,0.6105743424584005,
55,9.400161030595813,22.584541062801932,1.7847557702630166,3.8311862587224907,10.621309715512615,48.84594739667203,2.3215244229736984,0.6105743424584005,
56,9.104938271604938,21.638486312399355,1.7847557702630166,2.7979066022544283,20.73268921095008,41.48550724637681,1.8451422436929683,0.6105743424584005,
57,9.205582393988191,21.611647879763822,1.6706924315619969,3.0327428878153517,20.699141170155663,40.41867954911433,2.7509393451422435,0.6105743424584005,
58,9.25925925925926,21.611647879763822,1.6706924315619969,3.0327428878153517,20.679012345679013,40.405260332796566,2.7509393451422435,0.5904455179817498,
59,9.534353193773484,21.611647879763822,1.6706924315619969,3.4688674181427803,20.40391841116479,39.96913580246913,2.7509393451422435,0.5904455179817498,
60,7.763016639828234,16.6129898013956,1.6505636070853462,2.9589371980676327,12.104133118625873,56.94444444444444,1.7646269457863661,0.20128824476650564,
61,7.816693505099302,16.6129898013956,1.6505636070853462,2.9589371980676327,12.104133118625873,56.89076757917338,1.7646269457863661,0.20128824476650564,
62,7.971014492753623,16.472088030059044,2.120236178207193,2.9589371980676327,11.701556629092861,56.756575415995705,1.3888888888888888,0.630703166935051,
63,7.991143317230274,15.901771336553946,2.563070316693505,2.7241009125067097,11.674718196457327,55.79710144927536,1.3352120236178207,2.0128824476650564,
64,8.3064949006978,15.056360708534621,2.563070316693505,2.5429414922168547,11.52710681696189,56.655931293612454,1.3352120236178207,2.0128824476650564,
65,8.628556092324208,14.486044015029522,3.361513687600644,2.475845410628019,11.3191089640365,56.38083735909823,1.3352120236178207,2.0128824476650564,
66,8.756038647342995,14.486044015029522,3.3279656468062266,2.475845410628019,11.272141706924316,56.333870101986044,1.3352120236178207,2.0128824476650564,
67,7.5281803542673105,16.485507246376812,3.3279656468062266,6.749865807836822,10.010735373054214,52.65700483091788,1.3352120236178207,1.90552871712292,
68,7.64224369296833,15.26435856146001,3.844605475040258,2.475845410628019,7.803274288781535,59.76918947933441,1.328502415458937,1.8719806763285025,
69,7.769726247987117,15.197262479871176,4.361245303274289,2.475845410628019,7.64224369296833,59.35319377348363,1.328502415458937,1.8719806763285025,
70,7.809983896940419,15.197262479871176,4.361245303274289,2.475845410628019,7.64224369296833,59.312936124530324,1.328502415458937,1.8719806763285025,
71,7.957595276435856,15.177133655394526,4.361245303274289,2.475845410628019,7.601986044015029,59.25925925925926,1.3217928073000538,1.8451422436929683,
72,7.997852925389157,14.573268921095009,4.361245303274289,1.8853998926462694,9.380032206119163,58.63526570048309,1.3217928073000538,1.8451422436929683,
73,8.165593129361245,14.573268921095009,4.334406870638754,1.8853998926462694,9.380032206119163,58.380300590445515,1.4358561460010735,1.8451422436929683,
74,7.105475040257649,13.600375738056897,3.0595813204508855,1.093666129898014,5.723295759527644,67.17659688674182,0.8252818035426731,1.415727321524423,
75,7.1658615136876005,13.600375738056897,3.0595813204508855,1.093666129898014,5.723295759527644,66.59957058507783,0.8252818035426731,1.932367149758454,
76,7.380568974771873,13.56682769726248,3.5829307568438002,1.093666129898014,5.615942028985507,66.0024154589372,0.8252818035426731,1.932367149758454,
77,7.434245840042942,13.077026301663983,4.072732152442297,1.093666129898014,5.615942028985507,65.94873859366614,0.8252818035426731,1.932367149758454,
78,7.823403113258186,13.009930220075148,4.072732152442297,1.093666129898014,5.615942028985507,65.62667740203972,0.8252818035426731,1.932367149758454,
79,7.924047235641439,13.009930220075148,6.3137412775093935,0.9125067096081588,5.522007514761138,63.21121846484165,1.1741814278046163,1.932367149758454,
80,8.017981749865807,13.003220611916264,5.904455179817498,3.408480944712829,5.522007514761138,61.03730542136339,1.1741814278046163,1.932367149758454,
81,7.930756843800322,12.037037037037036,5.998389694041868,3.9720880300590444,5.783682232957595,58.923778851315085,1.1741814278046163,4.180085882984434,
82,7.843531937734836,11.969940955448202,5.3341384863123995,3.92512077294686,4.669887278582931,61.272141706924316,0.8252818035426731,4.159957058507783,
83,8.05823939881911,11.748523886205046,4.797369833601718,3.898282340311326,4.669887278582931,60.29253891572732,0.8252818035426731,5.709876543209877,
84,8.333333333333334,11.714975845410628,4.7638217928073,3.898282340311326,9.272678475577026,55.501878690284485,0.8051529790660226,5.709876543209877,
85,8.158883521202362,11.694847020933977,4.757112184648417,3.207192699946323,8.313204508856682,57.35373054213634,0.8051529790660226,5.709876543209877,
86,7.62211486849168,11.694847020933977,4.012345679012346,3.2004830917874396,7.776435856146001,59.68196457326892,0.8051529790660226,5.2066559312936125,
87,7.695920558239399,11.694847020933977,4.012345679012346,3.193773483628556,7.776435856146001,59.50751476113795,0.9125067096081588,5.2066559312936125,
88,8.601717659688674,11.16478797638218,4.394793344068707,3.1199677938808374,7.742887815351583,58.65539452495974,0.9125067096081588,5.407944176060118,
89,8.621846484165324,11.124530327428879,4.394793344068707,6.837090713902308,7.7361782071927,54.96511003757381,0.9125067096081588,5.407944176060118,
90,8.561460010735374,11.003757380568974,4.374664519592056,6.837090713902308,6.9310252281266775,54.7638217928073,1.0802469135802468,6.447933440687064,
91,8.715780998389693,11.003757380568974,4.810789049919484,6.837090713902308,6.91760601180891,54.30085882984434,1.0399892646269457,6.374127750939345,
92,8.769457863660762,10.950080515297907,4.797369833601718,6.977992485238862,6.91760601180891,54.17337627482555,1.0399892646269457,6.374127750939345,
93,8.84326355340848,10.950080515297907,4.797369833601718,7.239667203435319,6.890767579173376,53.86473429951691,1.0399892646269457,6.374127750939345,
94,7.192699946323135,6.729736983360172,2.6301663982823404,6.300322061191626,14.110305958132045,55.64949006977992,1.0131508319914118,6.374127750939345,
95,6.568706387546968,18.411164787976382,2.147074610842727,3.92512077294686,13.077026301663983,48.63794954374664,1.0131508319914118,6.219806763285024,
96,6.6827697262479875,18.35077831454643,2.147074610842727,4.891304347826087,13.077026301663983,47.61808910359635,1.0131508319914118,6.219806763285024,
97,6.9243156199677935,17.96833064949007,2.0933977455716586,5.320719269994632,12.983091787439614,46.564680622651636,1.0131508319914118,7.132313472893183,
98,7.0383789586688135,17.92807300053677,2.0933977455716586,5.320719269994632,12.969672571121846,46.504294149221685,1.0131508319914118,7.132313472893183,
99,7.03166935050993,17.92807300053677,2.0933977455716586,5.320719269994632,12.553676865271068,46.41035963499731,1.0131508319914118,7.132313472893183,0.5166398282340311
100,7.065217391304348,17.921363392377884,2.0933977455716586,5.253623188405797,16.680085882984432,42.673107890499196,1.0064412238325282,6.790123456790123,0.5166398282340311
101,6.414385399892646,17.357756307031668,1.4761137949543746,5.253623188405797,16.680085882984432,44.98792270531401,0.6239935587761675,6.689479334406871,0.5166398282340311
102,6.3070316693505095,17.257112184648417,1.4761137949543746,4.28743961352657,16.59957058507783,46.39023081052066,0.6239935587761675,6.541867954911433,0.5166398282340311
103,6.407675791733762,17.257112184648417,1.4761137949543746,4.28743961352657,16.59957058507783,46.28958668813741,0.6239935587761675,6.541867954911433,0.5166398282340311
104,6.481481481481482,17.05582393988191,1.4761137949543746,4.28743961352657,16.59957058507783,46.061460010735374,1.0131508319914118,6.508319914117015,0.5166398282340311
105,6.723027375201288,17.05582393988191,1.4761137949543746,4.28743961352657,16.49892646269458,45.98765432098765,1.0131508319914118,6.508319914117015,0.4495437466451959
106,6.9243156199677935,17.05582393988191,1.4761137949543746,4.240472356414386,16.465378421900162,45.86688137412775,1.0131508319914118,6.508319914117015,0.4495437466451959
107,6.857219538378959,16.774020397208805,1.4626945786366077,4.240472356414386,16.988727858293075,45.7259796027912,1.0131508319914118,6.488191089640365,0.4495437466451959
108,7.112184648416532,16.774020397208805,1.42914653784219,4.240472356414386,16.834406870638755,45.70585077831455,1.0131508319914118,6.4412238325281805,0.4495437466451959
109,7.098765432098766,15.935319377348362,1.42914653784219,4.240472356414386,16.800858829844337,45.55823939881911,1.0131508319914118,7.474503488996243,0.4495437466451959
110,6.964573268921095,14.38539989264627,1.2748255501878691,5.072463768115942,20.095276435856146,43.27026301663983,1.0131508319914118,7.474503488996243,0.4495437466451959
111,6.8035426731078905,14.325013419216317,2.147074610842727,5.072463768115942,20.061728395061728,42.77375201288245,1.0131508319914118,7.353730542136339,0.4495437466451959
112,6.991411701556629,14.31159420289855,2.147074610842727,5.072463768115942,19.96779388083736,42.693236714975846,1.0131508319914118,7.353730542136339,0.4495437466451959
113,7.1658615136876005,14.251207729468598,2.147074610842727,5.045625335480408,19.91411701556629,42.659688674181425,1.0131508319914118,7.353730542136339,0.4495437466451959
114,7.407407407407407,14.231078904991948,2.147074610842727,5.045625335480408,19.91411701556629,42.44498121309716,1.0131508319914118,7.347020933977456,0.4495437466451959
115,7.803274288781535,14.197530864197532,2.147074610842727,4.7168545356951155,19.91411701556629,42.411433172302736,1.0131508319914118,7.347020933977456,0.4495437466451959
116,8.011272141706923,14.11701556629093,2.147074610842727,4.703435319377348,19.87385936661299,42.33762748255502,1.0131508319914118,7.347020933977456,0.4495437466451959
117,8.145464304884594,14.096886741814279,2.6637144390767578,4.569243156199678,19.51154052603328,42.25711218464841,1.0131508319914118,7.347020933977456,0.39586688137412773
118,8.205850778314547,14.096886741814279,2.6637144390767578,4.549114331723027,19.51154052603328,42.21685453569511,1.0131508319914118,7.347020933977456,0.39586688137412773
119,8.460815888352121,14.070048309178745,2.6637144390767578,4.522275899087493,19.484702093397747,42.04240472356415,1.0131508319914118,7.347020933977456,0.39586688137412773
120,6.461352657004831,17.58588298443371,2.636876006441224,4.522275899087493,19.45786366076221,41.52576489533011,1.0131508319914118,6.400966183574879,0.39586688137412773
121,6.5485775630703165,17.55233494363929,2.623456790123457,4.522275899087493,19.43102522812668,41.51234567901235,1.0131508319914118,6.400966183574879,0.39586688137412773
122,6.501610305958132,16.74718196457327,3.4688674181427803,4.428341384863124,20.974235104669887,39.52630166398282,1.556629092860977,6.400966183574879,0.39586688137412773
123,5.4549114331723025,16.069511540526033,3.4688674181427803,2.1135265700483092,26.50966183574879,38.0300590445518,1.556629092860977,6.400966183574879,0.39586688137412773
124,5.199946323134729,16.069511540526033,2.9388083735909825,5.6964573268921095,24.268652710681696,37.56038647342995,1.556629092860977,6.400966183574879,0.30864197530864196
125,5.347557702630167,16.056092324208265,2.9253891572732154,5.676328502415459,24.228395061728396,37.5,1.556629092860977,6.400966183574879,0.30864197530864196
126,4.871175523349437,14.593397745571659,2.9253891572732154,4.810789049919484,20.987654320987655,43.565485775630705,1.556629092860977,6.400966183574879,0.2885131508319914
127,4.260601180891036,12.198067632850242,1.3620504562533549,4.7168545356951155,20.263016639828233,49.3491680085883,1.556629092860977,6.005099302200751,0.2885131508319914
128,4.374664519592056,12.177938808373591,1.3620504562533549,4.260601180891036,20.263016639828233,49.22168545356951,1.556629092860977,6.494900697799249,0.2885131508319914
129,4.4753086419753085,12.177938808373591,1.3620504562533549,4.260601180891036,20.209339774557165,49.17471819645733,1.556629092860977,6.494900697799249,0.2885131508319914
130,4.5960815888352125,12.124261943102523,1.3620504562533549,4.260601180891036,20.209339774557165,49.121041331186255,1.5432098765432098,6.494900697799249,0.2885131508319914
131,4.8376274825550185,11.963231347289318,1.3419216317767042,4.40150295222759,20.12211486849168,49.00697799248524,1.5432098765432098,6.494900697799249,0.2885131508319914
132,4.918142780461621,11.963231347289318,1.3419216317767042,4.394793344068707,20.142243692968332,48.92646269457864,1.5432098765432098,6.481481481481482,0.2885131508319914
133,5.139559849704777,11.963231347289318,1.3419216317767042,4.394793344068707,16.982018250134193,51.86527106816962,1.5432098765432098,6.481481481481482,0.2885131508319914
134,4.126409017713366,11.902844873859367,1.093666129898014,4.2203435319377345,15.197262479871176,57.84353193773484,0.49651100375738055,4.683306494900698,0.43612453032742887
135,4.206924315619967,11.902844873859367,1.093666129898014,4.2203435319377345,15.197262479871176,57.76301663982824,0.49651100375738055,4.683306494900698,0.43612453032742887
136,4.448470209339774,11.869296833064949,1.093666129898014,4.2203435319377345,15.183843263553408,57.56843800322061,0.49651100375738055,4.683306494900698,0.43612453032742887
137,4.549114331723027,11.862587224906065,1.093666129898014,4.2203435319377345,15.123456790123457,57.53488996242619,0.49651100375738055,4.683306494900698,0.43612453032742887
138,4.62962962962963,11.849168008588299,1.093666129898014,4.2203435319377345,14.989264626945786,57.46779388083736,0.630703166935051,4.683306494900698,0.43612453032742887
139,4.74369296833065,11.802200751476114,1.093666129898014,4.2203435319377345,14.928878153515834,57.46108427267848,0.630703166935051,4.683306494900698,0.43612453032742887
140,4.643048845947397,11.782071926999464,1.093666129898014,4.2203435319377345,19.81347289318304,52.81803542673108,0.5233494363929146,4.669887278582931,0.43612453032742887
141,4.676596886741814,11.782071926999464,1.093666129898014,4.2203435319377345,19.81347289318304,52.784487385936664,0.5233494363929146,4.669887278582931,0.43612453032742887
142,4.9651100375738055,11.782071926999464,1.093666129898014,4.2203435319377345,19.699409554482017,52.61003757380569,0.5233494363929146,4.669887278582931,0.43612453032742887
143,5.018786902844874,11.2788513150832,1.596886741814278,4.213633923778851,19.679280730005367,52.583199141170155,0.5233494363929146,4.669887278582931,0.43612453032742887
144,5.119431025228127,11.238593666129898,1.596886741814278,4.213633923778851,19.659151905528716,52.542941492216855,0.5233494363929146,4.669887278582931,0.43612453032742887
145,5.3274288781535155,11.238593666129898,1.596886741814278,4.206924315619967,19.538378958668815,52.47584541062802,0.5233494363929146,4.656468062265164,0.43612453032742887
146,5.46833064949007,11.211755233494364,1.596886741814278,3.797638217928073,21.55126140633387,51.07353730542136,0.6709608158883521,4.4820182501341925,0.14761137949543746
147,5.508588298443371,11.20504562533548,1.596886741814278,3.797638217928073,21.55126140633387,51.039989264626946,0.6709608158883521,4.4820182501341925,0.14761137949543746
148,5.656199677938808,11.18491680085883,1.8719806763285025,3.797638217928073,21.470746108427267,50.717928073000536,0.6709608158883521,4.4820182501341925,0.14761137949543746
149,6.226516371443908,11.151368760064413,1.8719806763285025,3.784219001610306,21.470746108427267,50.19457863660762,0.6709608158883521,4.4820182501341925,0.14761137949543746
150,6.266774020397209,11.151368760064413,1.8719806763285025,3.784219001610306,21.443907675791735,50.19457863660762,0.6709608158883521,4.468599033816425,0.14761137949543746
151,6.353998926462695,11.151368760064413,1.8719806763285025,5.615942028985507,21.162104133118625,48.87278582930757,0.6709608158883521,4.1532474503489,0.14761137949543746
152,6.353998926462695,11.137949543746645,1.8719806763285025,5.60252281266774,21.155394524959743,48.389694041867955,1.1876006441223832,4.1532474503489,0.14761137949543746
153,6.454643048845948,11.137949543746645,1.8719806763285025,5.60252281266774,21.108427267847556,48.33601717659689,1.1876006441223832,4.1532474503489,0.14761137949543746
154,6.629092860976919,11.137949543746645,1.8719806763285025,5.60252281266774,20.933977455716587,48.33601717659689,1.1876006441223832,4.1532474503489,0.14761137949543746
155,6.729736983360172,11.137949543746645,1.8719806763285025,5.60252281266774,20.90713902308105,48.26221148684917,1.1876006441223832,4.1532474503489,0.14761137949543746
156,6.810252281266774,11.09098228663446,1.8719806763285025,5.60252281266774,20.90713902308105,48.22866344605475,1.1876006441223832,4.1532474503489,0.14761137949543746
157,6.837090713902308,11.09098228663446,1.8719806763285025,5.60252281266774,20.893719806763286,48.21524422973698,1.1876006441223832,4.1532474503489,0.14761137949543746
158,7.380568974771873,10.997047772410092,1.8719806763285025,5.555555555555555,20.860171765968868,48.128019323671495,1.1876006441223832,3.8714439076757916,0.14761137949543746
159,7.467793880837359,10.997047772410092,1.8719806763285025,5.555555555555555,20.7662372517445,48.01395598497048,1.3083735909822867,3.8714439076757916,0.14761137949543746
160,7.769726247987117,10.929951690821255,1.8585614600107354,5.669618894256575,20.605206655931294,47.839506172839506,1.3083735909822867,3.8714439076757916,0.14761137949543746
161,7.856951154052603,10.903113258185721,1.8585614600107354,5.669618894256575,20.605206655931294,47.779119699409556,1.3083735909822867,3.8714439076757916,0.14761137949543746
162,7.997852925389157,10.903113258185721,1.8585614600107354,5.642780461621041,20.551529790660226,47.718733225979605,1.3083735909822867,3.8714439076757916,0.14761137949543746
163,8.024691358024691,10.903113258185721,1.8585614600107354,5.642780461621041,20.45088566827697,47.79253891572732,1.3083735909822867,3.8714439076757916,0.14761137949543746
164,8.722490606548577,10.889694041867955,1.8585614600107354,5.642780461621041,20.29656468062265,47.26247987117552,1.3083735909822867,3.8714439076757916,0.14761137949543746
165,8.883521202361782,10.889694041867955,1.8585614600107354,5.58239398819109,20.263016639828233,47.215512614063336,1.3016639828234031,3.8580246913580245,0.14761137949543746
166,9.057971014492754,10.889694041867955,1.8585614600107354,5.58239398819109,20.12211486849168,47.18196457326892,1.3016639828234031,3.8580246913580245,0.14761137949543746
167,9.078099838969404,10.889694041867955,1.8585614600107354,5.307300053676865,20.71256038647343,46.846484165324746,1.3016639828234031,3.8580246913580245,0.14761137949543746
168,9.125067096081589,10.829307568438002,1.8585614600107354,5.381105743424584,20.71256038647343,46.786097691894796,1.3016639828234031,3.8580246913580245,0.14761137949543746
169,9.219001610305957,10.829307568438002,1.8585614600107354,5.381105743424584,20.71256038647343,46.69216317767042,1.3016639828234031,3.8580246913580245,0.14761137949543746
170,8.158883521202362,6.850509930220075,2.5697799248523885,5.381105743424584,20.71256038647343,51.932367149758456,1.42914653784219,2.818035426731079,0.14761137949543746
171,8.21256038647343,6.850509930220075,2.5697799248523885,5.381105743424584,20.658883521202362,51.932367149758456,1.42914653784219,2.818035426731079,0.14761137949543746
172,8.239398819108963,6.850509930220075,2.5697799248523885,5.381105743424584,20.658883521202362,51.90552871712292,1.42914653784219,2.818035426731079,0.14761137949543746
173,8.192431561996779,6.850509930220075,2.5697799248523885,5.267042404723564,20.658883521202362,51.368760064412236,1.3016639828234031,3.643317230273752,0.14761137949543746
174,8.407139023081053,6.796833064949007,3.193773483628556,5.267042404723564,20.041599570585078,51.20101986044015,1.3016639828234031,3.643317230273752,0.14761137949543746
175,8.568169618894256,6.796833064949007,3.193773483628556,5.267042404723564,20.041599570585078,51.039989264626946,1.3016639828234031,3.643317230273752,0.14761137949543746
176,8.796296296296296,6.796833064949007,3.193773483628556,5.267042404723564,20.014761137949545,50.87224906065486,1.3016639828234031,3.6097691894793345,0.14761137949543746
177,8.910359634997317,6.796833064949007,3.1736446591519054,5.267042404723564,19.98792270531401,50.80515297906602,1.3016639828234031,3.6097691894793345,0.14761137949543746
178,9.098228663446054,6.796833064949007,3.1736446591519054,5.267042404723564,19.98792270531401,50.617283950617285,1.3016639828234031,3.6097691894793345,0.14761137949543746
179,9.07139023081052,6.092324208266238,3.1602254428341383,5.267042404723564,21.07487922705314,50.16774020397209,1.3016639828234031,3.717122920021471,0.14761137949543746
180,9.225711218464841,6.085614600107354,3.1602254428341383,5.267042404723564,20.987654320987655,50.11406333870102,1.2949543746645196,3.717122920021471,0.14761137949543746
181,9.27938808373591,6.0587761674718195,3.1602254428341383,4.508856682769726,21.85319377348363,49.97987117552335,1.2949543746645196,3.717122920021471,0.14761137949543746
182,9.614868491680086,5.991680085882985,3.1602254428341383,4.508856682769726,21.73913043478261,49.87251744498121,1.2949543746645196,3.670155662909286,0.14761137949543746
183,9.655126140633387,5.964841653247451,3.1602254428341383,4.508856682769726,21.72571121846484,49.87251744498121,1.2949543746645196,3.670155662909286,0.14761137949543746
184,9.75577026301664,5.964841653247451,3.1602254428341383,4.502147074610843,21.672034353193773,49.83225979602791,1.2949543746645196,3.670155662909286,0.14761137949543746
185,10.789049919484702,5.964841653247451,3.1602254428341383,4.502147074610843,21.651905528717123,48.85265700483092,1.2949543746645196,3.6366076221148687,0.14761137949543746
186,10.789049919484702,5.964841653247451,3.1602254428341383,4.502147074610843,22.852925389157274,47.92673107890499,1.0198604401502953,3.6366076221148687,0.14761137949543746
187,10.950080515297907,5.964841653247451,3.1602254428341383,4.461889425657541,22.832796564680624,47.82608695652174,1.0198604401502953,3.6366076221148687,0.14761137949543746
188,11.16478797638218,5.904455179817498,3.1468062265163717,4.448470209339774,22.765700483091788,47.819377348362856,0.966183574879227,3.6366076221148687,0.14761137949543746
189,11.3593666129898,5.783682232957595,3.1468062265163717,4.448470209339774,22.765700483091788,47.80595813204509,0.966183574879227,3.5762211486849167,0.14761137949543746
190,11.580783682232958,5.783682232957595,3.1468062265163717,4.327697262479871,22.725442834138487,47.745571658615134,0.966183574879227,3.5762211486849167,0.14761137949543746
191,11.808910359634996,5.756843800322061,2.945517981749866,4.817498658078368,22.22222222222222,47.20880300590446,0.966183574879227,4.126409017713366,0.14761137949543746
192,11.936392914653783,5.683038110574342,2.945517981749866,5.199946323134729,21.833064949006978,47.0276435856146,1.4224369296833066,3.8043478260869565,0.14761137949543746
193,12.130971551261407,5.683038110574342,2.945517981749866,5.199946323134729,21.81964573268921,46.846484165324746,1.4224369296833066,3.8043478260869565,0.14761137949543746
194,12.238325281803542,5.683038110574342,2.945517981749866,5.199946323134729,21.77938808373591,46.786097691894796,1.415727321524423,3.8043478260869565,0.14761137949543746
195,12.365807836822329,5.683038110574342,2.932098765432099,5.199946323134729,21.77938808373591,46.67203435319377,1.415727321524423,3.8043478260869565,0.14761137949543746
196,12.72812667740204,5.683038110574342,2.932098765432099,5.159688674181428,21.55126140633387,46.14868491680086,1.8451422436929683,3.8043478260869565,0.14761137949543746
197,13.58695652173913,5.683038110574342,2.932098765432099,5.159688674181428,21.410359634997317,45.4374664519592,1.8384326355340848,3.8043478260869565,0.14761137949543746
198,13.674181427804616,5.683038110574342,2.932098765432099,5.132850241545894,21.38352120236178,45.40391841116479,1.8384326355340848,3.8043478260869565,0.14761137949543746
199,13.754696725711218,5.421363392377885,2.932098765432099,5.528717122920021,21.32313472893183,45.249597423510465,1.8384326355340848,3.8043478260869565,0.14761137949543746
200,13.996242619431026,5.387815351583468,2.932098765432099,5.528717122920021,21.175523349436393,45.189210950080515,1.8384326355340848,3.8043478260869565,0.14761137949543746
201,14.190821256038648,5.387815351583468,2.8515834675254963,5.515297906602254,21.14868491680086,45.148953301127214,1.8384326355340848,3.770799785292539,0.14761137949543746
202,13.573537305421363,5.387815351583468,2.771068169618894,5.2066559312936125,16.76731078904992,50.55018786902845,1.8250134192163177,3.770799785292539,0.14761137949543746
203,13.58695652173913,5.387815351583468,2.771068169618894,5.2066559312936125,16.76731078904992,49.986580783682236,2.395330112721417,3.750670960815888,0.14761137949543746
204,11.245303274288782,5.300590445517981,2.7308105206655933,5.139559849704777,15.029522275899087,54.569243156199676,2.2208803005904456,3.616478797638218,0.14761137949543746
205,11.453301127214171,5.300590445517981,2.703972088030059,3.9318303811057436,14.06333870101986,54.2337627482555,2.187332259796028,5.978260869565218,0.14761137949543746
206,11.600912506709609,5.300590445517981,2.703972088030059,3.9318303811057436,13.976113794954374,54.180085882984436,2.187332259796028,5.971551261406334,0.14761137949543746
207,11.694847020933977,5.300590445517981,2.703972088030059,3.9318303811057436,13.976113794954374,54.126409017713364,2.15378421900161,5.964841653247451,0.14761137949543746
208,11.83574879227053,5.199946323134729,2.6972624798711755,3.9318303811057436,13.976113794954374,54.09286097691895,2.15378421900161,5.964841653247451,0.14761137949543746
209,11.721685453569512,5.0993022007514766,2.9723564143853998,3.9318303811057436,14.526301663982823,53.50912506709608,2.1269457863660763,5.964841653247451,0.14761137949543746
210,12.050456253354804,5.0993022007514766,2.945517981749866,3.824476650563607,14.506172839506172,53.33467525496511,2.1269457863660763,5.964841653247451,0.14761137949543746
211,12.084004294149223,5.0993022007514766,3.0327428878153517,3.824476650563607,14.492753623188406,53.234031132581855,2.1269457863660763,5.958132045088567,0.14761137949543746
212,12.124261943102523,5.072463768115942,3.0327428878153517,3.824476650563607,14.492753623188406,53.22061191626409,2.1269457863660763,5.958132045088567,0.14761137949543746
213,11.849168008588299,5.072463768115942,3.0193236714975846,3.824476650563607,14.472624798711756,52.99248523886205,2.1269457863660763,6.494900697799249,0.14761137949543746
214,11.90955448201825,5.072463768115942,3.0193236714975846,3.81105743424584,14.472624798711756,52.945517981749866,2.1269457863660763,6.494900697799249,0.14761137949543746
215,12.372517444981213,5.045625335480408,3.770799785292539,3.81105743424584,14.445786366076222,51.95920558239399,1.9524959742351047,6.494900697799249,0.14761137949543746
216,12.614063338701019,5.045625335480408,3.770799785292539,3.81105743424584,14.42565754159957,51.73778851315083,1.9524959742351047,6.494900697799249,0.14761137949543746
217,12.654320987654321,5.045625335480408,3.770799785292539,3.81105743424584,14.42565754159957,51.69753086419753,1.9524959742351047,6.494900697799249,0.14761137949543746
218,12.93612453032743,5.045625335480408,3.770799785292539,4.643048845947397,13.882179280730005,51.13392377885131,1.9524959742351047,6.488191089640365,0.14761137949543746
219,12.93612453032743,5.045625335480408,3.770799785292539,4.643048845947397,13.882179280730005,51.13392377885131,1.9524959742351047,6.488191089640365,0.14761137949543746
220,12.882447665056361,5.045625335480408,3.770799785292539,4.636339237788513,13.533279656468062,50.85882984433709,1.9524959742351047,7.1725711218464845,0.14761137949543746
221,12.99651100375738,5.045625335480408,3.770799785292539,4.636339237788513,13.533279656468062,50.74476650563607,1.9524959742351047,7.1725711218464845,0.14761137949543746
222,13.009930220075148,4.958400429414922,3.770799785292539,4.871175523349437,13.533279656468062,50.71121846484165,1.9524959742351047,7.0450885668276975,0.14761137949543746
223,12.587224906065487,4.958400429414922,3.670155662909286,8.36688137412775,13.533279656468062,47.18196457326892,2.5161030595813205,7.0383789586688135,0.14761137949543746
224,12.620772946859903,4.958400429414922,3.670155662909286,8.3467525496511,13.533279656468062,47.16854535695116,2.5161030595813205,7.0383789586688135,0.14761137949543746
225,12.788513150831992,4.951690821256038,3.670155662909286,8.3467525496511,13.526570048309178,47.014224369296834,2.5161030595813205,7.0383789586688135,0.14761137949543746
226,12.875738056897477,4.951690821256038,3.670155662909286,8.313204508856682,13.486312399355878,47.00080515297907,2.5161030595813205,7.0383789586688135,0.14761137949543746
227,13.137412775093935,4.951690821256038,3.670155662909286,8.299785292538916,13.399087493290391,46.83977455716586,2.5161030595813205,7.0383789586688135,0.14761137949543746
228,13.20450885668277,4.951690821256038,3.670155662909286,8.299785292538916,13.378958668813741,46.792807300053674,2.5161030595813205,7.0383789586688135,0.14761137949543746
229,13.352120236178207,4.951690821256038,3.556092324208266,8.299785292538916,13.378958668813741,46.75925925925926,2.5161030595813205,7.0383789586688135,0.14761137949543746
230,13.761406333870102,4.951690821256038,3.556092324208266,8.299785292538916,13.291733762748256,46.45061728395062,2.5161030595813205,7.024959742351046,0.14761137949543746
231,14.130434782608695,4.951690821256038,3.556092324208266,8.299785292538916,13.077026301663983,46.39694041867955,2.5161030595813205,7.024959742351046,0.04696725711218465
232,14.512882447665056,4.931561996779388,3.556092324208266,8.28636607622115,12.902576489533011,46.222490606548575,2.5161030595813205,7.024959742351046,0.04696725711218465
233,14.573268921095009,4.931561996779388,3.556092324208266,8.28636607622115,12.889157273215245,46.175523349436396,2.5161030595813205,7.024959742351046,0.04696725711218465
234,14.647074610842727,4.931561996779388,3.556092324208266,8.28636607622115,12.882447665056361,46.10842726784756,2.5161030595813205,7.024959742351046,0.04696725711218465
235,14.88191089640365,4.931561996779388,3.556092324208266,8.13875469672571,12.882447665056361,46.02120236178207,2.5161030595813205,7.024959742351046,0.04696725711218465
236,15.042941492216855,4.931561996779388,3.556092324208266,8.13875469672571,12.855609232420827,45.8870101986044,2.5161030595813205,7.024959742351046,0.04696725711218465
237,15.08990874932904,4.931561996779388,3.5426731078904994,8.13875469672571,12.855609232420827,45.853462157809986,2.5161030595813205,7.024959742351046,0.04696725711218465
238,15.190552871712292,4.931561996779388,3.5426731078904994,8.07836822329576,12.855609232420827,45.813204508856685,2.5161030595813205,7.024959742351046,0.04696725711218465
239,15.371712292002147,4.931561996779388,3.5426731078904994,7.924047235641439,12.848899624261943,45.793075684380035,2.5161030595813205,7.024959742351046,0.04696725711218465
240,14.834943639291465,4.904723564143854,3.5426731078904994,7.769726247987117,11.131239935587761,49.724906065485776,2.5161030595813205,5.528717122920021,0.04696725711218465
241,14.935587761674718,4.904723564143854,3.5426731078904994,7.769726247987117,11.131239935587761,49.624261943102525,2.5161030595813205,5.528717122920021,0.04696725711218465
242,14.720880300590446,4.817498658078368,3.9586688137412773,7.615405260332796,11.131239935587761,48.98684916800859,2.5161030595813205,6.206387546967257,0.04696725711218465
243,15.069779924852389,4.817498658078368,3.9586688137412773,7.615405260332796,11.077563070316694,48.72517444981213,2.5161030595813205,6.172839506172839,0.04696725711218465
244,15.049651100375739,4.817498658078368,3.9586688137412773,7.615405260332796,11.017176596886742,48.61782071926999,2.5161030595813205,6.360708534621578,0.04696725711218465
245,13.486312399355878,4.294149221685454,3.797638217928073,7.071926999463232,10.587761674718196,53.11325818572195,2.5161030595813205,5.0858829844337095,0.04696725711218465
246,13.459473966720344,4.294149221685454,3.797638217928073,7.360440150295223,10.587761674718196,52.851583467525494,2.5161030595813205,5.0858829844337095,0.04696725711218465
247,13.560118089103597,4.28743961352657,3.797638217928073,7.353730542136339,10.587761674718196,52.764358561460014,2.5161030595813205,5.0858829844337095,0.04696725711218465
248,13.674181427804616,4.28743961352657,3.797638217928073,7.353730542136339,10.567632850241546,52.67713365539453,2.5161030595813205,5.0791733762748255,0.04696725711218465
249,13.976113794954374,4.253891572732153,3.797638217928073,7.353730542136339,10.48040794417606,52.52952227589909,2.5161030595813205,5.045625335480408,0.04696725711218465
250,14.029790660225443,4.213633923778851,3.797638217928073,7.575147611379496,10.46027911969941,51.972624798711756,2.85829307568438,5.045625335480408,0.04696725711218465
