,45,50,53,55,52,51,54,56,57
0,100.0,,,,,,,,
1,97.16854535695116,2.831454643048846,,,,,,,
2,85.88969404186795,14.110305958132045,,,,,,,
3,82.99785292538915,16.666666666666668,0.1274825550187869,0.20799785292538917,,,,,
4,71.75925925925925,27.905260332796566,0.1274825550187869,0.20799785292538917,,,,,
5,69.92082662372518,29.7638217928073,0.1274825550187869,0.1878690284487386,,,,,
6,68.46484165324745,30.367686527106816,0.1274825550187869,,1.0399892646269457,,,,
7,68.58561460010735,30.267042404723565,0.1274825550187869,,1.0198604401502953,,,,
8,58.071658615136876,38.5601180891036,0.1274825550187869,,3.240740740740741,,,,
9,55.099302200751474,40.5931293612453,0.1274825550187869,,3.1602254428341383,1.0198604401502953,,,
10,55.30059044551798,40.3918411164788,0.1274825550187869,,3.1602254428341383,1.0198604401502953,,,
11,55.32071926999463,39.962426194310254,0.1274825550187869,0.4092860976918948,3.1602254428341383,1.0198604401502953,,,
12,52.865002683843265,41.51234567901235,0.1274825550187869,0.4092860976918948,3.140096618357488,1.9457863660762211,,,
13,52.281266774020395,36.70826623725174,0.1274825550187869,0.4092860976918948,3.140096618357488,5.736714975845411,1.596886741814278,,
14,43.67283950617284,40.64009661835749,0.1274825550187869,0.1610305958132045,3.280998389694042,12.117552334943639,,,
15,41.606280193236714,42.74691358024691,0.1274825550187869,0.1610305958132045,3.280998389694042,12.077294685990339,,,
16,39.942297369833604,42.0222758990875,0.1274825550187869,0.1610305958132045,3.280998389694042,14.465915190552872,,,
17,39.02308105206656,40.37842190016103,0.1274825550187869,0.1610305958132045,3.280998389694042,17.028985507246375,,,
18,38.94927536231884,40.49248523886205,0.1274825550187869,0.1610305958132045,3.280998389694042,16.988727858293075,,,
19,39.13714439076758,40.33816425120773,0.1274825550187869,0.1610305958132045,3.280998389694042,16.955179817498657,,,
20,39.31830381105743,40.21068169618894,0.1274825550187869,0.1610305958132045,3.280998389694042,16.901502952227588,,,
21,39.418947933440684,40.123456790123456,0.1274825550187869,0.1610305958132045,3.280998389694042,16.888083735909824,,,
22,39.68733225979603,39.95571658615137,0.1274825550187869,0.1610305958132045,3.2474503488996245,16.820987654320987,,,
23,39.05662909286098,39.439076757917334,0.1274825550187869,0.1610305958132045,3.2474503488996245,17.67981749865808,,0.2885131508319914,
24,39.432367149758456,38.95598497047772,0.1274825550187869,0.35560923242082665,3.2004830917874396,17.639559849704778,,0.2885131508319914,
25,38.84192163177671,39.27804616210413,0.1274825550187869,0.35560923242082665,3.0595813204508855,18.04884594739667,,0.2885131508319914,
26,37.92941492216855,40.29790660225443,0.1274825550187869,0.35560923242082665,3.0595813204508855,17.941492216854535,,0.2885131508319914,
27,37.5,40.58641975308642,0.1274825550187869,0.5501878690284487,3.0595813204508855,17.887815351583466,,0.2885131508319914,
28,32.52147074610843,45.46430488459474,0.1274825550187869,0.5300590445517982,4.4753086419753085,16.606280193236714,,0.27509393451422437,
29,32.05179817498658,41.706924315619965,0.1274825550187869,0.5300590445517982,6.045356951154052,19.189479334406872,,0.3488996242619431,
30,32.26650563607085,41.418411164787976,0.1274825550187869,0.5300590445517982,6.045356951154052,19.26328502415459,,0.3488996242619431,
31,31.602254428341386,40.04965110037574,0.1274825550187869,0.5300590445517982,6.045356951154052,21.296296296296298,,0.3488996242619431,
32,31.21309715512614,38.49302200751476,1.2010198604401503,0.4830917874396135,6.0587761674718195,22.20209339774557,,0.3488996242619431,
33,31.333870101986044,38.425925925925924,1.2010198604401503,0.4830917874396135,6.038647342995169,22.168545356951153,,0.3488996242619431,
34,31.253354804079443,36.37949543746645,1.1943102522812667,0.4830917874396135,5.709876543209877,24.63768115942029,,0.3421900161030596,
35,31.340579710144926,36.33923778851315,1.1943102522812667,0.7917337627482555,5.709876543209877,24.288781535158346,,0.33548040794417605,
36,31.776704240472355,36.00375738056898,1.1943102522812667,0.7917337627482555,5.689747718733226,24.208266237251745,,0.33548040794417605,
37,31.414385399892645,35.017444981213096,1.1943102522812667,0.9728931830381106,6.890767579173376,23.845947396672035,0.32877079978529256,0.33548040794417605,
38,30.95813204508857,34.84970477724101,1.1943102522812667,0.9728931830381106,5.669618894256575,25.691089640365004,0.32877079978529256,0.33548040794417605,
39,30.287171229200215,34.46054750402576,1.1943102522812667,1.288244766505636,5.669618894256575,26.435856146001072,0.32877079978529256,0.33548040794417605,
40,30.56226516371444,34.225711218464845,1.1943102522812667,1.288244766505636,5.669618894256575,26.39559849704777,0.32877079978529256,0.33548040794417605,
41,28.20048309178744,36.68813741277509,1.1943102522812667,1.288244766505636,5.629361245303274,26.33521202361782,0.32877079978529256,0.33548040794417605,
42,28.576221148684915,36.44659151905529,1.1943102522812667,1.288244766505636,5.58239398819109,26.247987117552334,0.32877079978529256,0.33548040794417605,
43,28.784219001610307,36.06414385399893,1.3754696725711217,1.288244766505636,5.743424584004294,26.080246913580247,0.32877079978529256,0.33548040794417605,
44,28.891572732152444,35.970209339774556,1.3754696725711217,1.288244766505636,5.743424584004294,26.06682769726248,0.32877079978529256,0.33548040794417605,
45,29.052603327965645,35.74208266237252,1.3754696725711217,1.261406333870102,5.71658615136876,26.053408480944714,0.46296296296296297,0.33548040794417605,
46,29.0727321524423,34.796027911969944,1.3754696725711217,1.261406333870102,6.655931293612453,26.04669887278583,0.4562533548040794,0.33548040794417605,
47,29.22705314009662,34.695383789586685,1.3352120236178207,1.3955984970477724,6.655931293612453,25.89908749329039,0.4562533548040794,0.33548040794417605,
48,28.073000536768653,32.92404723564144,1.3352120236178207,1.3955984970477724,6.655931293612453,28.85131508319914,0.4294149221685454,0.33548040794417605,
49,23.66478797638218,42.50536768652711,1.3352120236178207,1.3217928073000538,6.655931293612453,23.765432098765434,0.4294149221685454,0.322061191626409,
50,23.812399355877616,42.28395061728395,1.3352120236178207,1.4559849704777241,6.655931293612453,23.70504562533548,0.4294149221685454,0.322061191626409,
51,23.866076221148685,41.136607622114866,1.3352120236178207,1.4559849704777241,6.622383252818035,23.11460010735373,2.147074610842727,0.322061191626409,
52,24.154589371980677,40.552871712292,1.288244766505636,1.4559849704777241,6.622383252818035,23.027375201288244,2.5831991411701556,0.3153515834675255,
53,24.396135265700483,40.183843263553406,1.8518518518518519,1.442565754159957,6.494900697799249,22.73215244229737,2.5831991411701556,0.3153515834675255,
54,24.63768115942029,40.103327965646805,1.8518518518518519,1.442565754159957,6.474771873322598,22.644927536231883,2.5496511003757383,0.2952227589908749,
55,23.403113258185723,41.12989801395599,1.8183038110574343,1.442565754159957,6.769994632313473,22.591250670960815,2.5496511003757383,0.2952227589908749,
56,23.007246376811594,40.365002683843265,2.1135265700483092,1.6438539989264627,9.708803005904455,20.377079978529252,2.536231884057971,0.24825550187869028,
57,23.21524422973698,40.203972088030056,2.1135265700483092,1.6438539989264627,9.681964573268921,20.356951154052602,2.536231884057971,0.24825550187869028,
58,23.315888352120236,39.88862050456253,4.012345679012346,1.6438539989264627,9.440418679549115,18.914385399892645,2.536231884057971,0.24825550187869028,
59,23.57085346215781,39.754428341384866,4.012345679012346,1.6438539989264627,9.426999463231347,18.820450885668276,2.522812667740204,0.24825550187869028,
60,23.68491680085883,39.69404186795491,4.012345679012346,1.6438539989264627,9.386741814278047,18.67283950617284,2.522812667740204,0.3824476650563607,
61,23.993558776167472,39.48604401502952,3.992216854535695,1.6304347826086956,9.386741814278047,18.605743424584006,2.522812667740204,0.3824476650563607,
62,24.208266237251745,39.25791733762748,3.992216854535695,1.710950080515298,9.373322597960279,18.552066559312937,2.522812667740204,0.3824476650563607,
63,24.57729468599034,38.989533011272144,4.052603327965647,1.710950080515298,9.245840042941492,18.53864734299517,2.5026838432635534,0.3824476650563607,
64,24.745034889962426,38.7211486849168,5.0791733762748255,1.892109500805153,9.245840042941492,17.431561996779386,2.5026838432635534,0.3824476650563607,
65,24.89935587761675,38.53327965646806,5.0791733762748255,1.892109500805153,9.178743961352657,17.538915727321523,2.49597423510467,0.3824476650563607,
66,25.10064412238325,38.399087493290395,5.0791733762748255,1.892109500805153,9.16532474503489,17.485238862050455,2.49597423510467,0.3824476650563607,
67,25.39586688137413,38.25147611379496,5.025496511003757,1.8853998926462694,9.16532474503489,17.411433172302736,2.4825550187869028,0.3824476650563607,
68,25.637412775093935,36.72839506172839,4.931561996779388,1.6975308641975309,9.118357487922705,19.061996779388085,2.442297369833602,0.3824476650563607,
69,25.87895866881374,36.600912506709605,4.898013955984971,1.6975308641975309,9.07139023081052,19.028448738593667,2.442297369833602,0.3824476650563607,
70,25.55018786902845,36.943102522812666,4.898013955984971,1.6975308641975309,9.064680622651638,19.02173913043478,2.442297369833602,0.3824476650563607,
71,25.597155126140635,36.45330112721417,5.374396135265701,1.6841116478797638,9.064680622651638,19.008319914117017,2.4355877616747184,0.3824476650563607,
72,24.812130971551262,35.46027911969941,5.35426731078905,1.4962426194310252,9.064680622651638,18.98148148148148,4.448470209339774,0.3824476650563607,
73,24.86580783682233,35.44685990338164,5.35426731078905,1.4962426194310252,9.064680622651638,18.94122383252818,4.448470209339774,0.3824476650563607,
74,24.90606548577563,35.25228126677402,5.199946323134729,1.4962426194310252,9.064680622651638,19.249865807836823,4.448470209339774,0.3824476650563607,
75,25.234836285560924,35.01073537305421,5.199946323134729,1.4962426194310252,9.044551798174986,19.216317767042405,4.300858829844337,0.49651100375738055,
76,25.42270531400966,34.88325281803543,5.199946323134729,1.4962426194310252,9.017713365539452,19.182769726247987,4.300858829844337,0.49651100375738055,
77,25.731347289318304,34.75577026301664,5.199946323134729,1.4962426194310252,8.977455716586151,19.068706387546968,4.274020397208803,0.49651100375738055,
78,25.288513150831992,33.52120236178207,3.7775093934514223,1.3620504562533549,8.11862587224906,22.987117552334944,4.274020397208803,0.6709608158883521,
79,25.577026301663984,33.24610842726785,3.7775093934514223,1.3620504562533549,8.11862587224906,22.987117552334944,4.260601180891036,0.6709608158883521,
80,25.77831454643049,33.10520665593129,3.750670960815888,1.3620504562533549,8.28636607622115,22.852925389157274,4.193505099302201,0.6709608158883521,
81,26.04669887278583,31.91760601180891,3.6768652710681695,1.3620504562533549,8.239398819108963,23.89291465378422,4.193505099302201,0.6709608158883521,
82,26.227858293075684,31.863929146537842,3.6768652710681695,1.3620504562533549,8.185721953837897,23.845947396672035,4.166666666666667,0.6709608158883521,
83,26.41572732152442,31.54186795491143,3.6768652710681695,1.596886741814278,8.172302737520129,23.778851315083198,4.166666666666667,0.6508319914117016,
84,26.50295222758991,31.488191089640367,3.670155662909286,1.596886741814278,8.158883521202362,23.765432098765434,4.166666666666667,0.6508319914117016,
85,26.73107890499195,31.414385399892645,3.656736446591519,1.570048309178744,8.11862587224906,23.691626409017715,4.166666666666667,0.6508319914117016,
86,26.838432635534083,31.394256575415994,3.656736446591519,1.570048309178744,8.064949006977992,23.658078368223297,4.166666666666667,0.6508319914117016,
87,26.84514224369297,31.072195383789587,3.656736446591519,1.6774020397208802,9.406870638754697,23.57085346215781,3.1199677938808374,0.6508319914117016,
88,23.060923242082662,34.628287707997856,6.179549114331723,1.7713365539452497,8.695652173913043,22.282608695652176,2.7308105206655933,0.6508319914117016,
89,23.10789049919485,34.07809983896941,6.179549114331723,2.3752012882447664,8.655394524959743,21.69887278582931,3.2541599570585076,0.6508319914117016,
90,23.356146001073537,34.03113258185722,6.179549114331723,2.3752012882447664,8.527911969940956,21.62506709608159,3.2541599570585076,0.6508319914117016,
91,23.49704777241009,33.59500805152979,6.092324208266238,2.757648953301127,8.527911969940956,21.62506709608159,3.2541599570585076,0.6508319914117016,
92,23.65136876006441,33.54804079441761,6.085614600107354,2.8247450348899625,8.393719806763285,21.591519055287172,3.2541599570585076,0.6508319914117016,
93,23.8191089640365,33.41384863123994,6.0587761674718195,2.804616210413312,8.387010198604402,21.631776704240472,3.2340311325818574,0.6508319914117016,
94,23.980139559849704,33.11862587224906,6.038647342995169,2.771068169618894,8.3467525496511,21.557971014492754,3.535963499731616,0.6508319914117016,
95,24.235104669887278,32.9374664519592,6.011808910359635,2.771068169618894,8.340042941492216,21.524422973698336,3.535963499731616,0.644122383252818,
96,24.02710681696189,31.816961889425656,7.635534084809447,2.657004830917874,8.319914117015566,21.24932903918411,3.535963499731616,0.7581857219538379,
97,24.302200751476114,31.716317767042405,7.246376811594203,2.4825550187869028,8.789586688137414,21.182232957595275,3.535963499731616,0.7447665056360708,
98,24.516908212560388,31.568706387546968,7.353730542136339,2.4691358024691357,8.769457863660762,21.041331186258724,3.535963499731616,0.7447665056360708,
99,24.879227053140095,31.46135265700483,7.353730542136339,2.4557165861513686,8.541331186258722,21.027911969940956,3.535963499731616,0.7447665056360708,
100,25.167740203972087,31.125872249060656,7.353730542136339,2.6502952227589907,8.420558239398819,21.00107353730542,3.535963499731616,0.7447665056360708,
101,25.39586688137413,31.00509930220075,7.353730542136339,2.737520128824477,8.360171765968868,20.893719806763286,3.5091250670960816,0.7447665056360708,
102,25.704508856682768,30.823939881910896,7.25979602791197,2.737520128824477,8.360171765968868,20.860171765968868,3.5091250670960816,0.7447665056360708,
103,26.08695652173913,30.69645732689211,7.206119162640902,2.7308105206655933,8.313204508856682,20.71256038647343,3.5091250670960816,0.7447665056360708,
104,26.288244766505635,30.609232420826622,7.185990338164252,2.7308105206655933,8.266237251744498,20.685721953837895,3.488996242619431,0.7447665056360708,
105,26.422436929683307,30.575684380032207,7.1658615136876005,2.7308105206655933,8.246108427267847,20.625335480407944,3.488996242619431,0.7447665056360708,
106,26.50295222758991,30.555555555555557,7.159151905528717,2.7308105206655933,8.232689210950081,20.585077831454644,3.488996242619431,0.7447665056360708,
107,26.637144390767578,30.401234567901234,7.944176060118089,2.7308105206655933,8.179012345679013,19.87385936661299,3.488996242619431,0.7447665056360708,
108,26.89210950080515,30.300590445517983,7.930756843800322,2.703972088030059,8.145464304884594,19.80005367686527,3.4822866344605474,0.7447665056360708,
109,27.093397745571657,30.24020397208803,7.9106280193236715,2.677133655394525,8.145464304884594,19.726247987117553,3.4621578099838968,0.7447665056360708,
110,27.147074610842726,30.233494363929147,7.890499194847021,2.737520128824477,8.125335480407944,19.665861513687602,3.455448201825013,0.7447665056360708,
111,27.20746108427268,30.193236714975846,7.890499194847021,2.737520128824477,8.125335480407944,19.64573268921095,3.455448201825013,0.7447665056360708,
112,27.34165324745035,30.112721417069242,7.890499194847021,2.7106816961889426,8.125335480407944,19.632313472893184,3.455448201825013,0.7313472893183038,
113,27.569779924852387,30.07246376811594,7.843531937734836,2.6972624798711755,8.07836822329576,19.565217391304348,3.4420289855072466,0.7313472893183038,
114,27.74422973698336,29.736983360171767,7.427536231884058,2.6704240472356413,8.836553945249598,19.410896403650028,3.4420289855072466,0.7313472893183038,
115,26.959205582393988,29.414922168545356,7.4006977992485234,2.6637144390767578,8.514492753623188,20.873590982286636,3.4420289855072466,0.7313472893183038,
116,27.214170692431562,29.294149221685455,7.367149758454106,2.6637144390767578,8.507783145464305,20.79307568438003,3.4286097691894795,0.7313472893183038,
117,27.34165324745035,29.22705314009662,7.266505636070853,2.6637144390767578,8.588298443370908,20.75281803542673,3.4286097691894795,0.7313472893183038,
118,27.49597423510467,29.1532474503489,7.266505636070853,2.6637144390767578,8.568169618894256,20.69243156199678,3.4286097691894795,0.7313472893183038,
119,27.891841116478798,29.09286097691895,7.139023081052066,2.8247450348899625,8.561460010735374,20.37037037037037,3.3950617283950617,0.7246376811594203,
120,27.30810520665593,26.96591519055287,7.118894256575416,2.7777777777777777,11.66129898013956,20.229468599033815,3.2139023081052067,0.7246376811594203,
121,24.651100375738057,33.21926999463231,6.904186795491143,2.757648953301127,10.285829307568438,18.290391841116477,3.166935050993022,0.7246376811594203,
122,24.738325281803544,33.13875469672571,6.702898550724638,2.999194847020934,10.279119699409554,18.263553408480945,3.1535158346752548,0.7246376811594203,
123,24.88593666129898,33.091787439613526,6.689479334406871,2.9924852388620504,10.238862050456254,18.250134192163177,3.126677402039721,0.7246376811594203,
124,24.92619431025228,32.60198604401503,6.6760601180891035,2.9924852388620504,11.43317230273752,17.518786902844873,3.126677402039721,0.7246376811594203,
125,25.174449812130973,32.47450348899624,6.655931293612453,2.9924852388620504,11.399624261943103,17.45169082125604,3.126677402039721,0.7246376811594203,
126,25.37573805689748,32.407407407407405,6.622383252818035,2.9924852388620504,11.366076221148685,17.384594739667204,3.126677402039721,0.7246376811594203,
127,25.51663982823403,32.27992485238862,6.615673644659152,2.9924852388620504,11.312399355877616,17.10950080515298,3.44873859366613,0.7246376811594203,
128,25.577026301663984,32.25979602791197,6.602254428341385,2.9924852388620504,11.312399355877616,17.082662372517444,3.44873859366613,0.7246376811594203,
129,25.167740203972087,32.058507783145465,6.602254428341385,2.6704240472356413,11.29898013955985,18.417874396135264,3.0595813204508855,0.7246376811594203,
130,25.409286097691894,31.984702093397747,6.602254428341385,2.6704240472356413,11.18491680085883,18.391035963499732,3.0327428878153517,0.7246376811594203,
131,25.5703166935051,31.904186795491142,6.602254428341385,2.6704240472356413,11.131239935587761,18.364197530864196,3.0327428878153517,0.7246376811594203,
132,25.999731615673646,31.843800322061192,6.602254428341385,2.6637144390767578,10.889694041867955,18.256843800322063,3.0193236714975846,0.7246376811594203,
133,26.154052603327965,31.702898550724637,6.3137412775093935,2.952227589908749,10.654857756307031,18.230005367686527,2.999194847020934,0.9930220075147611,
134,26.247987117552334,31.66935050993022,6.3137412775093935,2.9388083735909825,10.654857756307031,18.203166935050994,2.985775630703167,0.9863123993558777,
135,25.87224906065486,32.39398819108964,6.280193236714976,2.932098765432099,10.352925389157273,18.19645732689211,2.985775630703167,0.9863123993558777,
136,25.885668276972623,31.54186795491143,6.025228126677402,2.7844873859366612,11.849168008588299,17.941492216854535,2.985775630703167,0.9863123993558777,
137,26.113794954374665,31.42109500805153,6.025228126677402,2.757648953301127,11.829039184111648,17.881105743424584,2.985775630703167,0.9863123993558777,
138,26.154052603327965,31.313741277509394,7.474503488996243,2.737520128824477,11.802200751476114,16.465378421900162,3.066290928609769,0.9863123993558777,
139,26.44927536231884,31.105743424584006,7.447665056360709,2.7241009125067097,11.75523349436393,16.465378421900162,3.066290928609769,0.9863123993558777,
140,26.576757917337627,31.0252281266774,7.434245840042942,2.7241009125067097,11.75523349436393,16.431830381105744,3.066290928609769,0.9863123993558777,
141,26.053408480944714,30.575684380032207,7.4141170155662905,2.7241009125067097,11.721685453569512,17.478529253891573,3.046162104133119,0.9863123993558777,
142,26.402308105206657,30.515297906602253,7.353730542136339,2.7241009125067097,11.714975845410628,17.351046698872786,2.9924852388620504,0.9460547504025765,
143,26.704240472356414,30.421363392377884,7.353730542136339,2.6972624798711755,11.654589371980677,17.236983360171767,2.985775630703167,0.9460547504025765,
144,26.737788513150832,30.414653784219002,7.353730542136339,3.260869565217391,11.399624261943103,16.928341384863124,2.9589371980676327,0.9460547504025765,
145,26.80488459473967,30.35426731078905,7.353730542136339,3.2541599570585076,11.399624261943103,16.928341384863124,2.9589371980676327,0.9460547504025765,
146,26.603596349973163,30.280461621041333,7.085346215780999,2.690552871712292,13.848631239935587,15.58641975308642,2.9589371980676327,0.9460547504025765,
147,26.623725174449813,30.280461621041333,7.085346215780999,2.690552871712292,13.848631239935587,15.566290928609769,2.9589371980676327,0.9460547504025765,
148,27.033011272141707,30.07246376811594,7.071926999463232,2.690552871712292,13.727858293075684,15.499194847020934,2.9589371980676327,0.9460547504025765,
149,27.126945786366075,30.059044551798173,7.065217391304348,2.690552871712292,13.687600644122384,15.4723564143854,2.952227589908749,0.9460547504025765,
150,27.24771873322598,29.985238862050455,7.0450885668276975,2.677133655394525,13.687600644122384,15.458937198067632,2.952227589908749,0.9460547504025765,
151,27.388620504562535,29.87788513150832,7.219538378958669,2.677133655394525,13.66076221148685,15.28448738593666,2.952227589908749,0.9393451422436929,
152,27.509393451422437,29.824208266237253,7.206119162640902,2.623456790123457,13.66076221148685,15.28448738593666,2.952227589908749,0.9393451422436929,
153,27.77777777777778,29.723564143854,7.206119162640902,2.61003757380569,13.647342995169081,15.150295222758992,2.952227589908749,0.9326355340848095,
154,27.905260332796566,29.696725711218466,7.1725711218464845,2.61003757380569,13.607085346215781,15.123456790123457,2.952227589908749,0.9326355340848095,
155,27.72410091250671,29.17337627482555,8.051529790660226,2.5295222758990876,13.546698872785829,15.08990874932904,2.952227589908749,0.9326355340848095,
156,28.327965646806227,29.09957058507783,7.944176060118089,2.5295222758990876,13.493022007514762,14.734299516908212,2.9388083735909825,0.9326355340848095,
157,28.549382716049383,29.086151368760063,7.897208803005904,2.5026838432635534,13.419216317767042,14.687332259796028,2.9253891572732154,0.9326355340848095,
158,28.710413311862588,29.03918411164788,7.930756843800322,2.5026838432635534,13.33870101986044,14.620236178207193,2.9253891572732154,0.9326355340848095,
159,27.375201288244767,27.583199141170155,8.521202361782072,2.7979066022544283,13.170960815888352,16.6935050993022,2.9253891572732154,0.9326355340848095,
160,27.522812667740205,27.49597423510467,8.501073537305421,2.7979066022544283,13.137412775093935,16.686795491143318,2.9253891572732154,0.9326355340848095,
161,27.84487385936661,27.254428341384862,8.487654320987655,2.844873859366613,13.083735909822867,16.626409017713364,2.9253891572732154,0.9326355340848095,
162,28.079710144927535,27.120236178207193,8.487654320987655,2.844873859366613,13.01663982823403,16.59957058507783,2.918679549114332,0.9326355340848095,
163,28.327965646806227,26.898819108964037,8.474235104669887,2.818035426731079,13.130703166935051,16.49892646269458,2.918679549114332,0.9326355340848095,
164,28.482286634460547,26.78475577026302,8.474235104669887,2.818035426731079,13.110574342458401,16.478797638217927,2.918679549114332,0.9326355340848095,
165,28.59634997316157,26.744498121309714,8.447396672034353,2.818035426731079,13.097155126140633,16.445249597423512,2.918679549114332,0.9326355340848095,
166,28.468867418142782,26.610305958132045,8.433977455716587,2.791196994095545,13.935856146001074,16.371443907675793,2.4557165861513686,0.9326355340848095,
167,27.80461621041331,27.690552871712292,8.393719806763285,2.791196994095545,13.6808910359635,16.33118625872249,2.3752012882447664,0.9326355340848095,
168,27.717391304347824,27.415458937198068,8.393719806763285,3.0864197530864197,13.855340848094471,16.23725174449812,2.3752012882447664,0.9192163177670424,
169,27.979066022544284,27.355072463768117,8.380300590445518,3.0730005367686526,13.774825550187868,16.14331723027375,2.3752012882447664,0.9192163177670424,
170,28.032742887815353,27.34165324745035,8.373590982286634,3.0730005367686526,13.647342995169081,16.0829307568438,2.3752012882447664,0.9192163177670424,0.15432098765432098
171,27.78448738593666,26.52308105206656,8.360171765968868,3.8915727321524423,13.325281803542673,16.552603327965645,2.3752012882447664,0.9192163177670424,0.2683843263553409
172,27.073268921095007,25.791733762748255,9.460547504025765,3.6097691894793345,12.211486849168008,18.290391841116477,2.3752012882447664,0.9192163177670424,0.2683843263553409
173,27.180622651637144,25.744766505636072,9.447128287707997,3.6097691894793345,12.204777241009126,18.290391841116477,2.341653247450349,0.9125067096081588,0.2683843263553409
174,27.274557165861513,25.711218464841654,9.400161030595813,3.6634460547504024,12.151100375738057,18.290391841116477,2.328234031132582,0.9125067096081588,0.2683843263553409
175,27.489264626945786,25.577026301663984,9.400161030595813,3.6231884057971016,12.110842726784755,18.290391841116477,2.328234031132582,0.9125067096081588,0.2683843263553409
176,27.643585614600106,25.53676865271068,9.366612989801396,3.8177670424047236,12.084004294149223,18.109232420826622,2.328234031132582,0.8454106280193237,0.2683843263553409
177,27.563070316693505,24.97987117552335,10.030864197530864,3.8177670424047236,12.016908212560386,18.109232420826622,2.147074610842727,1.06682769726248,0.2683843263553409
178,27.81803542673108,24.932903918411164,9.977187332259795,3.8177670424047236,11.990069779924852,18.04884594739667,2.0799785292538915,1.06682769726248,0.2683843263553409
179,28.059581320450885,24.89935587761675,9.950348899624261,3.8177670424047236,11.855877616747183,18.00187869028449,2.0799785292538915,1.06682769726248,0.2683843263553409
180,28.227321524422972,24.691358024691358,9.916800858829845,4.367954911433173,11.782071926999464,17.45169082125604,2.227589908749329,1.06682769726248,0.2683843263553409
181,28.10654857756307,24.36929683306495,9.916800858829845,4.361245303274289,11.782071926999464,17.444981213097154,2.6838432635534084,1.06682769726248,0.2683843263553409
182,28.16022544283414,24.302200751476114,9.903381642512077,4.750402576489533,11.701556629092861,17.176596886741816,2.6704240472356413,1.06682769726248,0.2683843263553409
183,28.20048309178744,23.845947396672035,10.654857756307031,4.750402576489533,11.634460547504025,17.163177670424048,2.6704240472356413,0.8118625872249061,0.2683843263553409
184,28.64331723027375,23.637949543746647,10.36634460547504,4.62962962962963,11.533816425120772,17.12962962962963,2.9790660225442833,0.8118625872249061,0.2683843263553409
185,28.73054213633924,23.58427267847558,10.36634460547504,4.62962962962963,11.513687600644122,17.122920021470748,2.9723564143853998,0.8118625872249061,0.2683843263553409
186,28.864734299516908,23.53059581320451,10.359634997316157,4.62962962962963,11.500268384326356,17.07595276435856,2.9723564143853998,0.8118625872249061,0.2549651100375738
187,29.05931293612453,23.43666129898014,10.352925389157273,4.5960815888352125,11.500268384326356,17.01556629092861,2.9723564143853998,0.8118625872249061,0.2549651100375738
188,29.260601180891037,23.403113258185723,10.339506172839506,4.5893719806763285,11.426462694578637,16.928341384863124,2.918679549114332,0.8789586688137413,0.2549651100375738
189,29.294149221685455,23.22866344605475,10.326086956521738,4.783950617283951,11.392914653784219,16.921631776704242,2.918679549114332,0.8789586688137413,0.2549651100375738
190,29.146537842190018,22.34970477724101,10.292538915727322,4.770531400966184,11.379495437466453,18.00858829844337,2.918679549114332,0.8789586688137413,0.2549651100375738
191,29.401502952227588,22.27589908749329,10.265700483091788,4.884594739667204,11.16478797638218,17.961621041331185,2.918679549114332,0.8722490606548577,0.2549651100375738
192,29.528985507246375,22.342995169082126,10.158346752549651,4.864465915190553,11.16478797638218,17.894524959742352,2.918679549114332,0.8722490606548577,0.2549651100375738
193,29.401502952227588,22.15512614063339,10.520665593129362,4.85775630703167,11.151368760064413,17.787171229200215,2.999194847020934,0.8722490606548577,0.2549651100375738
194,29.78395061728395,21.926999463231347,10.507246376811594,4.85775630703167,11.05072463768116,17.746913580246915,2.999194847020934,0.8722490606548577,0.2549651100375738
195,30.152979066022546,21.732420826623724,10.507246376811594,4.85775630703167,10.950080515297907,17.68652710681696,2.985775630703167,0.8722490606548577,0.2549651100375738
196,30.18652710681696,21.69887278582931,10.487117552334944,4.85775630703167,10.601180891035963,17.559044551798173,3.4822866344605474,0.8722490606548577,0.2549651100375738
197,30.14626945786366,21.638486312399355,10.674986580783683,4.824208266237251,10.829307568438002,17.297369833601717,3.4621578099838968,0.8722490606548577,0.2549651100375738
198,29.97181964573269,21.484165324745035,10.265700483091788,4.609500805152979,10.466988727858293,18.92109500805153,3.1535158346752548,0.8722490606548577,0.2549651100375738
199,29.7638217928073,21.34326355340848,10.265700483091788,4.643048845947397,11.225174449812132,18.47826086956522,3.1535158346752548,0.8722490606548577,0.2549651100375738
200,30.07246376811594,21.235909822866343,10.25228126677402,4.616210413311863,11.211755233494364,18.33064949006978,3.1535158346752548,0.8722490606548577,0.2549651100375738
201,30.273752012882447,21.182232957595275,10.178475577026301,4.616210413311863,11.18491680085883,18.283682232957595,3.1535158346752548,0.8722490606548577,0.2549651100375738
202,30.340848094471284,21.162104133118625,10.178475577026301,4.602791196994096,11.151368760064413,18.283682232957595,3.1535158346752548,0.8722490606548577,0.2549651100375738
203,30.54213633923779,21.061460010735374,10.151637144390767,4.669887278582931,11.151368760064413,18.14278046162104,3.1535158346752548,0.8722490606548577,0.2549651100375738
204,30.649490069779926,21.027911969940956,10.124798711755233,4.643048845947397,11.104401502952227,18.14278046162104,3.1870638754696725,0.8655394524959742,0.2549651100375738
205,30.790391841116477,20.994363929146537,10.057702630166398,4.643048845947397,11.064143853998926,18.14278046162104,3.1870638754696725,0.8655394524959742,0.2549651100375738
206,30.92458400429415,20.967525496511005,10.057702630166398,4.643048845947397,10.95679012345679,18.14278046162104,3.1870638754696725,0.8655394524959742,0.2549651100375738
207,31.0252281266774,20.954106280193237,10.044283413848632,4.622920021470746,10.93666129898014,18.109232420826622,3.1870638754696725,0.8655394524959742,0.2549651100375738
208,31.166129898013956,20.98094471282877,9.977187332259795,4.602791196994096,10.929951690821255,18.055555555555557,3.166935050993022,0.8655394524959742,0.2549651100375738
209,31.34728931830381,20.94068706387547,9.896672034353195,4.582662372517445,10.896403650026839,18.04884594739667,3.166935050993022,0.8655394524959742,0.2549651100375738
210,31.50161030595813,20.8870101986044,9.883252818035427,4.569243156199678,10.896403650026839,17.975040257648953,3.166935050993022,0.8655394524959742,0.2549651100375738
211,31.61567364465915,20.860171765968868,9.842995169082126,4.790660225442834,10.869565217391305,17.733494363929147,3.166935050993022,0.8655394524959742,0.2549651100375738
212,31.716317767042405,20.799785292538918,9.923510466988727,4.7168545356951155,10.86285560923242,17.693236714975846,3.166935050993022,0.8655394524959742,0.2549651100375738
213,31.904186795491142,20.79307568438003,9.863123993558776,4.7168545356951155,10.815888352120236,17.659688674181428,3.126677402039721,0.8655394524959742,0.2549651100375738
214,32.03166935050993,20.73268921095008,9.836285560923242,4.7168545356951155,10.802469135802468,17.652979066022546,3.113258185721954,0.8588298443370908,0.2549651100375738
215,32.18599033816425,20.591787439613526,10.030864197530864,4.683306494900698,10.802469135802468,17.632850241545892,3.113258185721954,0.7045088566827697,0.2549651100375738
216,32.25979602791197,20.578368223295758,10.02415458937198,4.683306494900698,10.802469135802468,17.579173376274827,3.113258185721954,0.7045088566827697,0.2549651100375738
217,31.97128287707998,20.50456253354804,11.137949543746645,4.622920021470746,10.68840579710145,16.867954911433173,3.113258185721954,0.8387010198604401,0.2549651100375738
218,32.2463768115942,20.41062801932367,11.097691894793345,4.5960815888352125,10.61460010735373,16.834406870638755,3.113258185721954,0.8319914117015567,0.2549651100375738
219,32.44095544820183,20.316693505099302,11.064143853998926,4.5960815888352125,10.581052066559312,16.800858829844337,3.113258185721954,0.8319914117015567,0.2549651100375738
220,32.56172839506173,20.263016639828233,11.05072463768116,4.569243156199678,10.426731078904991,16.72705314009662,3.3145464304884595,0.8319914117015567,0.2549651100375738
221,32.70263016639828,20.263016639828233,10.997047772410092,4.549114331723027,10.406602254428341,16.700214707461082,3.3011272141706924,0.8252818035426731,0.2549651100375738
222,32.8569511540526,20.25630703166935,10.93666129898014,4.542404723564144,10.373054213633925,16.6532474503489,3.3011272141706924,0.8252818035426731,0.2549651100375738
223,32.84353193773484,19.96779388083736,10.93666129898014,4.911433172302737,10.373054213633925,16.586151368760063,3.3011272141706924,0.8252818035426731,0.2549651100375738
224,32.87707997852925,19.81347289318304,11.017176596886742,5.045625335480408,10.373054213633925,16.512345679012345,3.280998389694042,0.8252818035426731,0.2549651100375738
225,32.890499194847024,19.585346215780998,11.285560923242082,5.032206119162641,10.352925389157273,16.418411164787976,3.280998389694042,0.8990874932903918,0.2549651100375738
226,33.031400966183575,19.53166935050993,11.513687600644122,5.032206119162641,10.245571658615138,16.210413311862588,3.280998389694042,0.8990874932903918,0.2549651100375738
227,33.091787439613526,19.51825013419216,11.513687600644122,5.032206119162641,10.21202361782072,16.210413311862588,3.2675791733762747,0.8990874932903918,0.2549651100375738
228,33.299785292538914,19.464573268921097,11.460010735373054,5.032206119162641,10.165056360708535,16.170155662909288,3.2675791733762747,0.8856682769726248,0.2549651100375738
229,32.427536231884055,21.38352120236178,11.2788513150832,5.173107890499195,10.104669887278583,15.22410091250671,3.2675791733762747,0.8856682769726248,0.2549651100375738
230,32.41411701556629,21.30300590445518,11.721685453569512,5.173107890499195,10.057702630166398,14.922168545356952,3.2675791733762747,0.8856682769726248,0.2549651100375738
231,32.39398819108964,21.289586688137412,11.681427804616211,5.676328502415459,10.050993022007514,14.49946323134729,3.2675791733762747,0.8856682769726248,0.2549651100375738
232,32.59527643585615,21.182232957595275,11.654589371980677,5.676328502415459,10.02415458937198,14.459205582393988,3.2675791733762747,0.8856682769726248,0.2549651100375738
233,32.70263016639828,21.128556092324207,11.634460547504025,5.676328502415459,10.00402576489533,14.445786366076222,3.2675791733762747,0.8856682769726248,0.2549651100375738
234,33.02469135802469,21.021202361782073,11.553945249597424,5.656199677938808,9.990606548577563,14.371980676328503,3.240740740740741,0.8856682769726248,0.2549651100375738
235,33.21926999463231,20.96081588835212,11.553945249597424,5.5689747718733225,9.96376811594203,14.351851851851851,3.240740740740741,0.8856682769726248,0.2549651100375738
236,33.380300590445515,20.90042941492217,11.520397208803006,5.555555555555555,9.930220075147611,14.351851851851851,3.240740740740741,0.8856682769726248,0.23483628556092323
237,33.55475040257649,20.853462157809982,11.466720343531938,5.555555555555555,9.916800858829845,14.331723027375201,3.227321524422974,0.8856682769726248,0.20799785292538917
238,33.56816961889426,20.699141170155663,11.379495437466453,5.548845947396672,9.849704777241008,14.298174986580785,3.5628019323671496,0.8856682769726248,0.20799785292538917
239,33.72920021470746,20.625335480407944,11.372785829307569,5.528717122920021,9.809447128287708,14.298174986580785,3.549382716049383,0.8789586688137413,0.20799785292538917
240,33.863392377885134,20.585077831454644,11.312399355877616,5.528717122920021,9.796027911969942,14.278046162104133,3.549382716049383,0.8789586688137413,0.20799785292538917
241,33.9573268921095,20.538110574342458,11.305689747718732,5.528717122920021,9.762479871175524,14.278046162104133,3.5426731078904994,0.8789586688137413,0.20799785292538917
242,34.05797101449275,20.531400966183575,11.265432098765432,5.495169082125604,9.762479871175524,14.278046162104133,3.5225442834138487,0.8789586688137413,0.20799785292538917
243,34.18545356951154,20.531400966183575,11.252012882447666,5.495169082125604,9.708803005904455,14.244498121309716,3.4957058507783145,0.8789586688137413,0.20799785292538917
244,34.27938808373591,20.50456253354804,11.198336017176597,5.495169082125604,9.702093397745571,14.237788513150832,3.4957058507783145,0.8789586688137413,0.20799785292538917
245,34.07139023081052,20.739398819108963,11.178207192699947,5.495169082125604,9.695383789586689,14.237788513150832,3.4957058507783145,0.8789586688137413,0.20799785292538917
246,34.45383789586688,20.625335480407944,11.131239935587761,5.394524959742351,9.614868491680086,14.197530864197532,3.4957058507783145,0.8789586688137413,0.20799785292538917
247,34.64170692431562,20.611916264090176,11.084272678475577,5.387815351583468,9.514224369296834,14.184111647879764,3.488996242619431,0.8789586688137413,0.20799785292538917
248,34.64170692431562,20.52469135802469,11.084272678475577,5.501878690284487,9.514224369296834,14.15727321524423,3.488996242619431,0.8789586688137413,0.20799785292538917
249,34.796027911969944,20.45088566827697,11.064143853998926,5.501878690284487,9.500805152979066,14.130434782608695,3.4688674181427803,0.8789586688137413,0.20799785292538917
250,35.017444981213096,20.39049919484702,11.057434245840042,5.46833064949007,9.460547504025765,14.049919484702093,3.4688674181427803,0.8789586688137413,0.20799785292538917
251,34.977187332259795,20.356951154052602,10.836017176596886,5.414653784219001,8.809715512614064,15.237520128824476,3.280998389694042,0.8789586688137413,0.20799785292538917
252,35.04428341384863,20.33011272141707,10.82259796027912,5.414653784219001,8.78287707997853,15.237520128824476,3.280998389694042,0.8789586688137413,0.20799785292538917
253,35.16505636070853,20.30998389694042,10.795759527643586,5.401234567901234,8.776167471819646,15.183843263553408,3.280998389694042,0.8789586688137413,0.20799785292538917
254,35.17176596886742,19.93424584004294,11.225174449812132,5.367686527106817,8.776167471819646,15.157004830917874,3.280998389694042,0.8789586688137413,0.20799785292538917
255,35.12479871175523,20.034889962426195,11.225174449812132,5.320719269994632,8.776167471819646,15.157004830917874,3.2742887815351582,0.8789586688137413,0.20799785292538917
256,35.158346752549654,20.014761137949545,11.225174449812132,5.320719269994632,8.776167471819646,15.143585614600108,3.2742887815351582,0.8789586688137413,0.20799785292538917
257,35.299248523886206,20.014761137949545,11.198336017176597,5.320719269994632,8.722490606548577,15.11003757380569,3.2474503488996245,0.8789586688137413,0.20799785292538917
258,35.41331186258722,19.94766505636071,11.158078368223295,5.280461621041331,8.709071390230811,15.157004830917874,3.2474503488996245,0.8789586688137413,0.20799785292538917
259,35.35292538915727,19.920826623725173,11.137949543746645,5.246913580246914,8.849973161567364,15.157004830917874,3.2474503488996245,0.8789586688137413,0.20799785292538917
