,45,50,51,53,54,55,52,56,57,58
0,93.20316693505099,6.796833064949007,,,,,,,,
1,88.01663982823403,11.98336017176597,,,,,,,,
2,83.59500805152979,16.404991948470208,,,,,,,,
3,73.75872249060654,23.315888352120236,1.4962426194310252,1.42914653784219,,,,,,
4,72.93344068706388,24.168008588298445,1.4962426194310252,1.402308105206656,,,,,,
5,69.14251207729468,23.59098228663446,5.730005367686527,1.402308105206656,0.13419216317767044,,,,,
6,65.74074074074075,26.36876006441224,5.8239398819108965,1.932367149758454,0.13419216317767044,,,,,
7,48.27563070316693,43.70638754696726,6.582125603864735,1.2144390767579174,0.13419216317767044,0.08722490606548577,,,,
8,43.947933440687066,45.860171765968865,6.850509930220075,1.2144390767579174,0.13419216317767044,0.08722490606548577,1.90552871712292,,,
9,41.93505099302201,44.37063875469673,10.299248523886206,1.2144390767579174,0.13419216317767044,0.08722490606548577,1.8518518518518519,0.10735373054213634,,
10,42.15646806226516,44.216317767042405,10.23215244229737,1.2144390767579174,0.13419216317767044,0.08722490606548577,1.8518518518518519,0.10735373054213634,,
11,41.8545356951154,44.538378958668815,10.21202361782072,1.2144390767579174,0.13419216317767044,0.08722490606548577,1.8518518518518519,0.10735373054213634,,
12,41.15002683843264,45.53811057434246,9.916800858829845,1.2144390767579174,0.13419216317767044,0.08722490606548577,1.8518518518518519,0.10735373054213634,,
13,40.17042404723564,44.42431561996779,10.86285560923242,2.3617820719269993,0.13419216317767044,0.08722490606548577,1.8518518518518519,0.10735373054213634,,
14,40.37842190016103,44.256575415995705,10.775630703166936,2.341653247450349,0.24154589371980675,0.08722490606548577,1.8115942028985508,0.10735373054213634,,
15,34.447128287708,41.7740203972088,18.625872249060656,2.3349436392914655,0.8319914117015567,0.08722490606548577,1.7914653784219001,0.10735373054213634,,
16,34.5679012345679,41.74047235641439,18.59903381642512,2.3349436392914655,0.8319914117015567,0.05367686527106817,1.7646269457863661,0.10735373054213634,,
17,34.54106280193237,41.619699409554485,16.23054213633924,2.3349436392914655,0.8118625872249061,0.05367686527106817,4.300858829844337,0.10735373054213634,,
18,32.21282877079979,41.8545356951154,15.74074074074074,4.918142780461621,0.8118625872249061,0.05367686527106817,4.300858829844337,0.10735373054213634,,
19,32.18599033816425,41.89479334406871,15.713902308105206,4.918142780461621,0.8118625872249061,0.13419216317767044,4.233762748255502,0.10735373054213634,,
20,31.468062265163713,41.7337627482555,16.814278046162105,4.918142780461621,0.6038647342995169,0.13419216317767044,4.2203435319377345,0.10735373054213634,,
21,28.764090177133657,44.55179817498658,16.780730005367687,4.918142780461621,0.6038647342995169,0.05367686527106817,4.2203435319377345,0.10735373054213634,,
22,26.878690284487387,47.02093397745572,16.700214707461082,4.441760601180891,0.6038647342995169,0.05367686527106817,4.193505099302201,0.10735373054213634,,
23,26.932367149758456,46.745840042941495,16.700214707461082,4.414922168545357,0.8521202361782072,0.05367686527106817,4.193505099302201,0.10735373054213634,,
24,21.195652173913043,53.274288781535155,15.908480944712828,4.414922168545357,0.8521202361782072,0.05367686527106817,4.193505099302201,0.10735373054213634,,
25,21.095008051529792,52.361782071927,16.867954911433173,4.28743961352657,0.8521202361782072,0.23483628556092323,4.193505099302201,0.10735373054213634,,
26,21.081588835212024,49.24852388620504,15.33816425120773,4.28743961352657,0.8521202361782072,1.328502415458937,7.75630703166935,0.10735373054213634,,
27,20.41062801932367,44.196188942565755,20.437466451959207,4.28743961352657,0.8521202361782072,1.328502415458937,8.28636607622115,0.20128824476650564,,
28,15.405260332796564,48.772141706924316,21.450617283950617,4.28743961352657,0.8521202361782072,2.737520128824477,6.293612453032743,0.20128824476650564,,
29,14.969135802469136,44.947665056360705,27.408749329039185,4.274020397208803,0.9259259259259259,2.737520128824477,4.643048845947397,0.0939345142243693,,
30,15.411969940955448,44.7061191626409,27.30139559849705,4.206924315619967,0.9259259259259259,2.7106816961889426,4.643048845947397,0.0939345142243693,,
31,15.566290928609769,44.16264090177134,27.2812667740204,4.193505099302201,0.9259259259259259,3.1602254428341383,4.616210413311863,0.0939345142243693,,
32,14.935587761674718,41.55260332796565,28.341384863123995,4.17337627482555,0.9259259259259259,2.7442297369833604,7.232957595276436,0.0939345142243693,,
33,14.640365002683843,41.21041331186259,26.610305958132045,4.468599033816425,0.9259259259259259,2.636876006441224,9.333064949006978,0.17444981213097155,,
34,13.875469672571121,36.72168545356951,33.299785292538914,2.100107353730542,0.9259259259259259,2.636876006441224,9.916800858829845,0.5233494363929146,,
35,14.029790660225443,36.580783682232955,32.1658615136876,2.0128824476650564,0.9259259259259259,2.636876006441224,11.044015029522276,0.6038647342995169,,
36,14.31159420289855,36.4398819108964,31.99812130971551,2.006172839506173,0.9259259259259259,2.690552871712292,11.023886205045626,0.6038647342995169,,
37,14.398819108964037,36.39291465378422,31.964573268921097,2.006172839506173,0.9259259259259259,2.6838432635534084,11.023886205045626,0.6038647342995169,,
38,12.385936661298981,41.438539989264626,27.214170692431562,1.8048845947396672,0.9259259259259259,3.603059581320451,12.02361782071927,0.6038647342995169,,
39,10.628019323671497,29.99194847020934,36.9296833064949,6.602254428341385,1.3687600644122384,3.5426731078904994,10.34621578099839,0.5904455179817498,,
40,10.265700483091788,28.784219001610307,36.808910359635,6.575415995705851,2.4154589371980677,3.1333870101986045,11.332528180354267,0.6843800322061192,,
41,10.453569511540525,28.73725174449812,36.741814278046164,6.561996779388084,2.368491680085883,3.180354267310789,11.158078368223295,0.6843800322061192,0.11406333870101985,
42,10.795759527643586,28.723832528180353,36.48684916800859,6.528448738593666,2.3349436392914655,3.1736446591519054,11.158078368223295,0.6843800322061192,0.11406333870101985,
43,10.943370907139023,28.368223295759528,35.621309715512616,7.387278582930757,2.3349436392914655,3.6097691894793345,10.93666129898014,0.6843800322061192,0.11406333870101985,
44,7.796564680622652,32.2866344605475,36.00375738056898,7.588566827697263,1.9994632313472893,3.6097691894793345,9.789318303811058,0.8118625872249061,0.11406333870101985,
45,7.863660762211487,32.2061191626409,38.27831454643049,5.555555555555555,1.9994632313472893,3.1736446591519054,9.789318303811058,1.0198604401502953,0.11406333870101985,
46,7.9106280193236715,32.13231347289318,38.27831454643049,5.522007514761138,1.9994632313472893,3.3816425120772946,9.668545356951155,0.9930220075147611,0.11406333870101985,
47,8.004562533548041,31.662640901771336,34.78931830381106,11.352657004830919,1.6170155662909287,2.4892646269457863,9.057971014492754,0.9930220075147611,0.03354804079441761,
48,6.904186795491143,24.382716049382715,40.29790660225443,11.037305421363392,1.247987117552335,2.4892646269457863,12.855609232420827,0.7514761137949544,0.03354804079441761,
49,6.937734836285561,24.114331723027377,41.10305958132045,10.88298443370907,3.1468062265163717,2.341653247450349,10.916532474503489,0.5568974771873323,,
50,6.863929146537842,23.369565217391305,40.29790660225443,11.748523886205046,4.240472356414386,2.0531400966183573,10.869565217391305,0.5568974771873323,,
51,7.011540526033279,23.020665593129362,37.567096081588836,11.714975845410628,4.240472356414386,2.0531400966183573,13.83521202361782,0.5568974771873323,,
52,7.159151905528717,22.65834675254965,37.27858293075684,11.701556629092861,4.166666666666667,2.475845410628019,13.66076221148685,0.8990874932903918,,
53,7.286634460547504,22.65834675254965,37.23161567364466,11.66129898013956,4.166666666666667,2.475845410628019,13.553408480944713,0.8990874932903918,0.06709608158883522,
54,5.60252281266774,20.075147611379496,43.484970477724104,9.31964573268921,4.750402576489533,2.2342995169082127,13.862050456253355,0.6038647342995169,0.06709608158883522,
55,5.763553408480945,19.96779388083736,42.76033279656468,9.31964573268921,4.750402576489533,2.2342995169082127,13.848631239935587,1.288244766505636,0.06709608158883522,
56,5.9514224369296835,19.79334406870639,42.66639828234031,9.292807300053678,4.750402576489533,2.2342995169082127,13.848631239935587,1.3955984970477724,0.06709608158883522,
57,6.226516371443908,19.605475040257648,41.599570585077835,9.245840042941492,5.8172302737520125,2.2342995169082127,13.6808910359635,1.3955984970477724,0.19457863660762212,
58,6.4345142243692965,18.531937734836287,39.20424047235642,12.23161567364466,5.756843800322061,2.5831991411701556,13.620504562533547,1.442565754159957,0.19457863660762212,
59,6.662640901771336,18.471551261406333,38.96269457863661,12.198067632850242,5.750134192163178,2.5831991411701556,13.620504562533547,1.556629092860977,0.19457863660762212,
60,7.024959742351046,18.417874396135264,38.85534084809447,12.191358024691358,5.743424584004294,2.5831991411701556,13.43263553408481,1.556629092860977,0.19457863660762212,
61,7.2933440687063875,18.364197530864196,38.81508319914117,12.157809983896941,5.689747718733226,2.5697799248523885,13.358829844337091,1.556629092860977,0.19457863660762212,
62,7.521470746108427,18.310520665593128,38.707729468599034,12.097423510466989,5.689747718733226,2.5697799248523885,13.352120236178207,1.556629092860977,0.19457863660762212,
63,7.6556629092860975,18.276972624798713,38.486312399355874,12.097423510466989,5.683038110574342,2.5697799248523885,13.352120236178207,1.6841116478797638,0.19457863660762212,
64,7.877079978529254,18.256843800322063,38.378958668813745,12.070585077831455,5.676328502415459,2.5496511003757383,13.311862587224907,1.6841116478797638,0.19457863660762212,
65,8.09849704777241,18.089103596349972,36.560654857756305,11.976650563607086,5.609232420826624,2.563070316693505,15.22410091250671,1.6841116478797638,0.19457863660762212,
66,7.48792270531401,17.847557702630166,36.10440150295223,11.399624261943103,5.5756843800322065,2.563070316693505,17.14975845410628,1.6774020397208802,0.19457863660762212,
67,7.548309178743962,17.921363392377884,36.030595813204506,11.366076221148685,5.5756843800322065,2.563070316693505,17.122920021470748,1.6774020397208802,0.19457863660762212,
68,7.803274288781535,17.85426731078905,35.88298443370907,11.352657004830919,5.548845947396672,2.563070316693505,17.082662372517444,1.6774020397208802,0.23483628556092323,
69,7.239667203435319,16.881374127750938,41.78073000536769,10.59447128287708,4.8443370907139025,2.5563607085346214,14.090177133655395,1.8451422436929683,0.16774020397208803,
70,7.1725711218464845,16.371443907675793,40.94202898550725,11.372785829307569,4.810789049919484,3.435319377348363,13.882179280730005,1.8451422436929683,0.16774020397208803,
71,7.4208266237251745,16.337895866881375,40.83467525496511,11.29898013955985,4.810789049919484,3.435319377348363,13.848631239935587,1.8451422436929683,0.16774020397208803,
72,7.48792270531401,16.29092860976919,40.49919484702093,11.285560923242082,4.810789049919484,3.435319377348363,13.399087493290391,2.623456790123457,0.16774020397208803,
73,7.85024154589372,16.09634997316157,40.27777777777778,11.285560923242082,4.790660225442834,3.535963499731616,13.385668276972625,2.61003757380569,0.16774020397208803,
74,8.038110574342458,16.06280193236715,40.183843263553406,11.285560923242082,4.790660225442834,3.5091250670960816,13.352120236178207,2.61003757380569,0.16774020397208803,
75,8.225979602791197,14.42565754159957,40.09661835748792,13.036768652710682,4.676596886741814,3.589640365002684,13.137412775093935,2.509393451422437,0.30193236714975846,
76,8.313204508856682,14.244498121309716,39.734299516908216,13.16425120772947,4.676596886741814,3.589640365002684,13.593666129898015,2.509393451422437,0.17444981213097155,
77,8.601717659688674,14.210950080515298,39.57997852925389,13.103864734299517,4.676596886741814,3.5628019323671496,13.580246913580247,2.509393451422437,0.17444981213097155,
78,8.735909822866345,14.17740203972088,39.55314009661836,13.097155126140633,4.663177670424047,3.556092324208266,13.459473966720344,2.5831991411701556,0.17444981213097155,
79,8.675523349436393,12.52012882447665,39.19753086419753,12.640901771336553,4.663177670424047,3.280998389694042,16.150026838432634,2.5831991411701556,0.2885131508319914,
80,7.957595276435856,10.044283413848632,38.425925925925924,12.030327428878154,4.045893719806763,3.2541599570585076,21.370101986044016,2.5831991411701556,0.2885131508319914,
81,8.044820182501342,10.044283413848632,38.37224906065486,12.016908212560386,4.03918411164788,3.2541599570585076,21.35668276972625,2.5831991411701556,0.2885131508319914,
82,8.158883521202362,10.00402576489533,38.33870101986044,13.808373590982287,4.03918411164788,3.2474503488996245,19.53166935050993,2.5831991411701556,0.2885131508319914,
83,6.226516371443908,7.454374664519592,34.534353193773484,13.130703166935051,3.6768652710681695,4.408212560386473,27.710681696188942,2.6838432635534084,0.17444981213097155,
84,4.64975845410628,22.168545356951153,30.334138486312398,8.407139023081053,2.1940418679549114,3.9586688137412773,25.583735909822867,2.5295222758990876,0.17444981213097155,
85,4.864465915190553,22.168545356951153,32.75630703166935,7.4141170155662905,2.1940418679549114,4.052603327965647,23.879495437466453,2.49597423510467,0.17444981213097155,
86,5.01207729468599,21.088298443370906,32.50805152979066,7.246376811594203,2.1940418679549114,5.528717122920021,23.752012882447666,2.49597423510467,0.17444981213097155,
87,5.159688674181428,21.00107353730542,32.48121309715513,7.219538378958669,2.187332259796028,5.528717122920021,23.752012882447666,2.49597423510467,0.17444981213097155,
88,5.260332796564681,21.00107353730542,32.43424584004294,7.219538378958669,2.187332259796028,5.528717122920021,23.64465915190553,2.49597423510467,0.2281266774020397,
89,4.924852388620504,18.491680085882983,35.51395598497048,7.14573268921095,3.44873859366613,5.528717122920021,22.32957595276436,2.442297369833602,0.17444981213097155,
90,4.683306494900698,18.12265163714439,43.39774557165862,7.14573268921095,3.066290928609769,4.730273752012883,16.70692431561997,2.01959205582394,0.1274825550187869,
91,4.871175523349437,18.109232420826622,43.33735909822866,7.14573268921095,3.066290928609769,4.696725711218465,16.626409017713364,2.01959205582394,0.1274825550187869,
92,4.87788513150832,17.236983360171767,35.92324208266237,7.011540526033279,3.052871712292002,4.643048845947397,25.107353730542137,2.01959205582394,0.1274825550187869,
93,5.132850241545894,17.09608158883521,35.92324208266237,7.011540526033279,3.052871712292002,4.602791196994096,25.046967257112186,2.01959205582394,0.11406333870101985,
94,5.2066559312936125,16.968599033816425,38.24476650563607,6.991411701556629,3.026033279656468,3.549382716049383,24.322329575952764,1.5767579173376274,0.11406333870101985,
95,5.421363392377885,16.935050993022006,38.13070316693505,6.991411701556629,2.985775630703167,3.549382716049383,24.295491143317232,1.5767579173376274,0.11406333870101985,
96,5.522007514761138,16.861245303274288,37.92941492216855,6.991411701556629,4.609500805152979,3.629898013955985,22.624798711755233,1.7176596886741815,0.11406333870101985,
97,5.756843800322061,16.774020397208805,37.58722490606549,6.89747718733226,4.609500805152979,3.629898013955985,22.933440687063875,1.6975308641975309,0.11406333870101985,
98,5.917874396135265,16.7337627482555,37.486580783682236,6.877348362855609,4.609500805152979,3.629898013955985,22.933440687063875,1.6975308641975309,0.11406333870101985,
99,6.239935587761675,16.7337627482555,37.2987117552335,6.877348362855609,4.555823939881911,3.629898013955985,22.765700483091788,1.7847557702630166,0.11406333870101985,
100,6.340579710144928,16.67337627482555,37.29200214707461,6.877348362855609,4.555823939881911,3.629898013955985,22.73215244229737,1.7847557702630166,0.11406333870101985,
101,6.515029522275899,16.492216854535695,37.184648416532475,6.870638754696726,4.555823939881911,3.784219001610306,22.69860440150295,1.7847557702630166,0.11406333870101985,
102,6.595544820182502,16.492216854535695,40.11003757380569,5.481749865807837,4.555823939881911,3.743961352657005,21.135265700483092,1.7713365539452497,0.11406333870101985,
103,6.206387546967257,7.071926999463232,38.13070316693505,18.887546967257112,3.656736446591519,3.1199677938808374,21.041331186258724,1.7713365539452497,0.11406333870101985,
104,6.152710681696189,6.796833064949007,36.983360171765966,18.84728931830381,3.656736446591519,3.0931293612453032,22.584541062801932,1.7713365539452497,0.11406333870101985,
105,5.917874396135265,6.582125603864735,38.197799248523886,18.189747718733226,3.5091250670960816,2.9924852388620504,23.040794417606012,1.4559849704777241,0.11406333870101985,
106,5.964841653247451,6.508319914117015,40.673644659151904,18.149490069779926,3.193773483628556,2.9052603327965647,21.034621578099838,1.4559849704777241,0.11406333870101985,
107,5.542136339237788,5.844068706387547,50.11406333870102,15.432098765432098,2.885131508319914,2.999194847020934,15.693773483628556,1.3150831991411702,0.11406333870101985,0.06038647342995169
108,5.71658615136876,5.837359098228664,50.046967257112186,15.371712292002147,2.85829307568438,2.999194847020934,15.619967793880837,1.3150831991411702,0.11406333870101985,0.12077294685990338
109,4.911433172302737,3.408480944712829,55.40794417606012,14.023081052066559,2.657004830917874,3.0730005367686526,14.88191089640365,1.402308105206656,0.11406333870101985,0.12077294685990338
110,4.575952764358561,3.3145464304884595,57.380568974771876,13.83521202361782,2.657004830917874,2.9790660225442833,13.633923778851315,1.3888888888888888,0.11406333870101985,0.12077294685990338
111,4.74369296833065,3.307836822329576,57.32018250134192,13.694310252281268,2.657004830917874,2.9790660225442833,13.405797101449275,1.482823403113258,0.2885131508319914,0.12077294685990338
112,4.582662372517445,3.307836822329576,58.78958668813741,13.526570048309178,2.24771873322598,2.589908749329039,13.331991411701557,1.1137949543746646,0.38915727321524424,0.12077294685990338
113,4.830917874396135,3.307836822329576,58.541331186258724,13.499731615673644,2.24771873322598,2.589908749329039,13.050187869028449,1.4224369296833066,0.38915727321524424,0.12077294685990338
114,5.092592592592593,3.307836822329576,58.3870101986044,13.41250670960816,2.2410091250670963,2.589908749329039,13.036768652710682,1.4224369296833066,0.38915727321524424,0.12077294685990338
115,5.253623188405797,3.2877079978529253,58.293075684380035,13.358829844337091,2.2879763821792807,2.589908749329039,12.99651100375738,1.4224369296833066,0.38915727321524424,0.12077294685990338
116,5.381105743424584,3.2742887815351582,56.90418679549114,13.325281803542673,2.999194847020934,2.6704240472356413,12.835480407944177,2.100107353730542,0.38915727321524424,0.12077294685990338
117,5.434782608695652,3.2742887815351582,52.03301127214171,13.305152979066023,2.536231884057971,2.6704240472356413,18.02871712292002,2.2074610842726785,0.38915727321524424,0.12077294685990338
118,5.649490069779925,3.2742887815351582,51.871980676328505,13.305152979066023,2.536231884057971,2.6704240472356413,17.975040257648953,2.2074610842726785,0.38915727321524424,0.12077294685990338
119,5.434782608695652,3.2541599570585076,52.36849168008588,13.70101986044015,2.536231884057971,2.6704240472356413,17.693236714975846,1.8317230273752012,0.38915727321524424,0.12077294685990338
120,5.615942028985507,3.2541599570585076,52.261137949543745,13.674181427804616,2.522812667740204,2.6704240472356413,17.693236714975846,1.7981749865807837,0.38915727321524424,0.12077294685990338
121,4.663177670424047,2.227589908749329,57.06521739130435,12.47987117552335,2.3483628556092326,2.6301663982823404,16.129898013955984,1.8317230273752012,0.5032206119162641,0.12077294685990338
122,5.01207729468599,2.227589908749329,56.78341384863124,12.466451959205582,2.341653247450349,2.6301663982823404,16.109769189479334,1.8048845947396672,0.5032206119162641,0.12077294685990338
123,5.267042404723564,2.227589908749329,56.5552871712292,12.466451959205582,2.3081052066559313,2.6301663982823404,16.022544283413847,1.8988191089640365,0.5032206119162641,0.12077294685990338
124,5.421363392377885,2.227589908749329,56.31374127750939,12.466451959205582,2.3081052066559313,2.7308105206655933,16.009125067096083,1.8988191089640365,0.5032206119162641,0.12077294685990338
125,5.669618894256575,2.227589908749329,56.18625872249061,12.318840579710145,2.3081052066559313,2.7308105206655933,15.895061728395062,2.0397208803005906,0.5032206119162641,0.12077294685990338
126,5.83064949006978,2.227589908749329,56.09903381642512,12.27187332259796,2.3081052066559313,2.7308105206655933,15.868223295759528,2.0397208803005906,0.5032206119162641,0.12077294685990338
127,5.964841653247451,2.227589908749329,55.91116478797638,12.27187332259796,2.3081052066559313,2.8113258185721954,15.841384863123993,2.0397208803005906,0.5032206119162641,0.12077294685990338
128,6.166129898013956,2.227589908749329,55.77697262479871,12.245034889962426,2.3081052066559313,2.8113258185721954,15.801127214170693,2.0397208803005906,0.5032206119162641,0.12077294685990338
129,6.119162640901771,2.147074610842727,54.83762748255502,12.218196457326892,3.5762211486849167,2.7979066022544283,15.646806226516372,2.033011272141707,0.5032206119162641,0.12077294685990338
130,6.286902844873859,2.147074610842727,54.66317767042405,12.218196457326892,3.5762211486849167,2.7979066022544283,15.593129361245303,2.0933977455716586,0.5032206119162641,0.12077294685990338
131,6.501610305958132,2.147074610842727,54.42163177670424,12.204777241009126,3.5762211486849167,2.7777777777777777,15.579710144927537,2.227589908749329,0.5032206119162641,0.06038647342995169
132,6.6760601180891035,2.147074610842727,53.85131508319914,12.191358024691358,4.931561996779388,2.7643585614600106,14.794685990338165,2.0799785292538915,0.5032206119162641,0.06038647342995169
133,6.763285024154589,2.0531400966183573,53.31454643048846,12.02361782071927,4.931561996779388,3.4017713365539453,14.76784755770263,2.1806226516371443,0.5032206119162641,0.06038647342995169
134,6.105743424584004,1.0131508319914118,63.69431025228127,7.937466451959206,4.569243156199678,3.488996242619431,10.668276972624799,2.0665593129361244,0.4562533548040794,
135,6.159420289855072,0.6910896403650026,63.58024691358025,7.937466451959206,4.555823939881911,4.126409017713366,10.426731078904991,2.0665593129361244,0.4562533548040794,
136,6.374127750939345,0.6910896403650026,63.41250670960816,7.937466451959206,4.528985507246377,4.126409017713366,10.413311862587225,2.059849704777241,0.4562533548040794,
137,6.3137412775093935,0.39586688137412773,64.73429951690821,9.232420826623725,3.9519592055823938,3.515834675254965,9.373322597960279,2.0263016639828235,0.4562533548040794,
138,6.421095008051529,0.39586688137412773,63.6406333870102,10.305958132045088,3.92512077294686,3.515834675254965,9.312936124530328,2.0263016639828235,0.4562533548040794,
139,6.528448738593666,0.39586688137412773,62.19806763285024,11.761943102522812,3.92512077294686,3.361513687600644,9.312936124530328,2.059849704777241,0.4562533548040794,
140,6.776704240472356,0.39586688137412773,61.82903918411165,11.761943102522812,3.8848631239935587,3.6231884057971016,9.232420826623725,2.0397208803005906,0.4562533548040794,
141,6.843800322061192,0.3757380568974772,60.037573805689746,11.741814278046162,4.468599033816425,3.5829307568438002,9.198872785829307,3.294417606011809,0.4562533548040794,
142,6.488191089640365,0.36231884057971014,65.8749329039184,11.721685453569512,2.9924852388620504,3.717122920021471,5.173107890499195,3.1535158346752548,0.5166398282340311,
143,6.810252281266774,0.36231884057971014,65.50590445517982,11.694847020933977,3.0059044551798175,3.6902844873859366,5.166398282340311,3.2474503488996245,0.5166398282340311,
144,7.0450885668276975,0.36231884057971014,65.33816425120773,11.668008588298443,2.9723564143853998,3.6902844873859366,5.159688674181428,3.2474503488996245,0.5166398282340311,
145,7.179280730005368,0.36231884057971014,65.04965110037574,11.614331723027375,2.9723564143853998,3.6902844873859366,5.159688674181428,3.455448201825013,0.5166398282340311,
146,7.387278582930757,0.36231884057971014,64.49946323134729,12.634192163177671,2.9723564143853998,3.2541599570585076,4.958400429414922,3.4151905528717124,0.5166398282340311,
147,7.581857219538379,0.36231884057971014,64.35185185185185,12.600644122383253,2.9723564143853998,3.2474503488996245,4.951690821256038,3.4151905528717124,0.5166398282340311,
148,7.669082125603865,0.36231884057971014,62.86231884057971,12.600644122383253,2.9723564143853998,4.683306494900698,4.951690821256038,3.3816425120772946,0.5166398282340311,
149,7.769726247987117,0.36231884057971014,62.47987117552335,12.600644122383253,2.9723564143853998,4.790660225442834,4.944981213097155,3.5628019323671496,0.5166398282340311,
150,7.575147611379496,0.36231884057971014,59.43370907139023,12.593934514224369,3.180354267310789,5.555555555555555,7.179280730005368,3.603059581320451,0.5166398282340311,
151,7.474503488996243,0.36231884057971014,57.11218464841653,11.312399355877616,3.180354267310789,6.743156199677939,9.695383789586689,3.603059581320451,0.5166398282340311,
152,7.595276435856146,0.36231884057971014,57.769726247987116,11.231884057971014,2.737520128824477,6.743156199677939,9.581320450885668,3.4621578099838968,0.5166398282340311,
153,7.716049382716049,0.3488996242619431,56.97128287707998,11.231884057971014,2.7241009125067097,7.481213097155126,9.54777241009125,3.4621578099838968,0.5166398282340311,
154,7.924047235641439,0.3488996242619431,56.796833064949006,11.231884057971014,2.7241009125067097,7.4208266237251745,9.514224369296834,3.4621578099838968,0.5770263016639828,
155,8.09849704777241,0.3488996242619431,56.68276972624799,11.20504562533548,2.7241009125067097,7.4208266237251745,9.480676328502415,3.4621578099838968,0.5770263016639828,
156,8.259527643585615,0.3421900161030596,56.57541599570585,11.191626409017713,2.7241009125067097,7.4208266237251745,9.447128287707997,3.4621578099838968,0.5770263016639828,
157,8.433977455716587,0.3421900161030596,56.454643048845945,11.191626409017713,2.7241009125067097,7.39398819108964,9.420289855072463,3.4621578099838968,0.5770263016639828,
158,8.588298443370908,0.3421900161030596,56.23322597960279,11.137949543746645,2.7241009125067097,7.387278582930757,9.420289855072463,3.589640365002684,0.5770263016639828,
159,8.420558239398819,0.3421900161030596,53.247450348899626,10.319377348362856,2.147074610842727,7.232957595276436,14.224369296833064,3.488996242619431,0.5770263016639828,
160,8.709071390230811,0.3421900161030596,53.133387010198604,10.272410091250672,2.147074610842727,7.212828770799785,14.11701556629093,3.488996242619431,0.5770263016639828,
161,8.682232957595277,0.3421900161030596,53.04616210413312,10.044283413848632,2.0799785292538915,7.273215244229737,14.586688137412775,3.488996242619431,0.4562533548040794,
162,8.816425120772946,0.3421900161030596,52.91867954911433,10.017444981213098,2.0799785292538915,7.253086419753086,14.512882447665056,3.5829307568438002,0.47638217928073,
163,8.923778851315083,0.3421900161030596,52.77106816961889,10.017444981213098,2.0799785292538915,7.239667203435319,14.49946323134729,3.6500268384326353,0.47638217928073,
164,8.071658615136876,0.3421900161030596,51.549919484702095,9.25925925925926,1.7646269457863661,4.408212560386473,20.779656468062264,3.1870638754696725,0.6374127750939346,
165,8.299785292538916,0.3421900161030596,51.13392377885131,10.581052066559312,1.7579173376274826,4.408212560386473,19.652442297369834,3.1870638754696725,0.6374127750939346,
166,8.480944712828771,0.33548040794417605,50.0805152979066,11.627750939345143,1.7579173376274826,4.294149221685454,19.585346215780998,3.2004830917874396,0.6374127750939346,
167,8.568169618894256,0.322061191626409,49.6309715512614,12.124261943102523,1.7579173376274826,4.280730005367687,19.504830917874397,3.1736446591519054,0.6374127750939346,
168,8.749329039184111,0.322061191626409,49.382716049382715,12.097423510466989,1.7579173376274826,4.280730005367687,19.35721953837896,3.4151905528717124,0.6374127750939346,
169,8.856682769726248,0.322061191626409,49.241814278046164,12.097423510466989,1.7579173376274826,4.280730005367687,19.310252281266774,3.4957058507783145,0.6374127750939346,
170,9.057971014492754,0.322061191626409,49.040526033279654,12.057165861513688,1.7579173376274826,4.280730005367687,19.236446591519055,3.6097691894793345,0.6374127750939346,
171,9.272678475577026,0.322061191626409,48.91304347826087,11.98336017176597,1.7579173376274826,4.280730005367687,19.223027375201287,3.6097691894793345,0.6374127750939346,
172,9.534353193773484,0.322061191626409,48.82581857219538,11.90955448201825,1.7579173376274826,4.280730005367687,19.14922168545357,3.5829307568438002,0.6374127750939346,
173,9.648416532474503,0.322061191626409,48.718464841653244,11.902844873859367,1.7579173376274826,4.280730005367687,19.14922168545357,3.5829307568438002,0.6374127750939346,
174,9.836285560923242,0.322061191626409,48.631239935587764,11.876006441223833,2.945517981749866,4.280730005367687,18.015297906602253,3.556092324208266,0.5367686527106817,
175,9.936929683306495,0.322061191626409,48.40311325818572,11.876006441223833,2.898550724637681,4.51556629092861,17.98174986580784,3.556092324208266,0.5099302200751477,
176,10.11808910359635,0.322061191626409,48.101180891035966,11.876006441223833,2.898550724637681,4.51556629092861,17.901234567901234,3.7573805689747717,0.5099302200751477,
177,10.453569511540525,0.322061191626409,47.91331186258722,11.81561996779388,2.898550724637681,4.4820182501341925,17.85426731078905,3.750670960815888,0.5099302200751477,
178,10.520665593129362,0.322061191626409,47.81266774020397,11.788781535158346,2.898550724637681,4.549114331723027,17.847557702630166,3.750670960815888,0.5099302200751477,
179,10.621309715512615,0.322061191626409,47.779119699409556,11.761943102522812,2.898550724637681,4.549114331723027,17.807300053676865,3.750670960815888,0.5099302200751477,
180,10.755501878690284,0.322061191626409,47.48389694041868,10.950080515297907,2.898550724637681,4.502147074610843,18.719806763285025,3.8580246913580245,0.5099302200751477,
181,11.077563070316694,0.322061191626409,47.356414385399894,10.889694041867955,2.8113258185721954,4.488727858293076,18.65271068169619,3.844605475040258,0.5568974771873323,
182,11.05072463768116,0.17444981213097155,47.094739667203434,10.681696188942565,4.126409017713366,4.374664519592056,17.92807300053677,3.965378421900161,0.6038647342995169,
183,11.2788513150832,0.17444981213097155,46.9873859366613,10.628019323671497,4.126409017713366,4.3478260869565215,17.887815351583466,3.965378421900161,0.6038647342995169,
184,11.137949543746645,0.17444981213097155,48.00053676865271,10.520665593129362,4.126409017713366,4.327697262479871,17.887815351583466,3.026033279656468,0.798443370907139,
185,11.352657004830919,0.15432098765432098,47.87305421363392,10.493827160493828,4.126409017713366,4.280730005367687,17.860976918947934,3.0595813204508855,0.798443370907139,
186,11.621041331186259,0.15432098765432098,47.698604401502955,10.46027911969941,4.126409017713366,4.435050993022007,17.66639828234031,3.0394524959742353,0.798443370907139,
187,11.735104669887278,0.15432098765432098,47.61808910359635,10.44015029522276,4.1129898013955986,4.435050993022007,17.66639828234031,3.0394524959742353,0.798443370907139,
188,11.79549114331723,0.15432098765432098,47.58454106280193,10.433440687063875,4.1129898013955986,4.435050993022007,17.64626945786366,3.0394524959742353,0.798443370907139,
189,12.097423510466989,0.15432098765432098,47.436929683306495,10.420021470746109,4.032474503488996,4.435050993022007,17.58588298443371,3.0394524959742353,0.798443370907139,
190,12.338969404186795,0.15432098765432098,47.27589908749329,10.420021470746109,4.019055287171229,4.414922168545357,17.538915727321523,3.0394524959742353,0.798443370907139,
191,12.432903918411165,0.15432098765432098,50.06038647342995,10.359634997316157,4.0995705850778315,4.49543746645196,14.700751476113794,2.965646806226516,0.7313472893183038,
192,12.050456253354804,0.14090177133655393,48.027375201288244,10.305958132045088,4.005636070853462,3.5225442834138487,18.471551261406333,2.8113258185721954,0.6642512077294686,
193,12.285292538915728,0.14090177133655393,47.89989264626946,10.272410091250672,4.005636070853462,3.4957058507783145,18.42458400429415,2.8113258185721954,0.6642512077294686,
194,12.305421363392378,0.14090177133655393,47.718733225979605,10.00402576489533,4.005636070853462,3.4957058507783145,18.42458400429415,2.945517981749866,0.9594739667203436,
195,12.419484702093397,0.14090177133655393,47.678475577026305,9.98389694041868,4.005636070853462,3.4957058507783145,18.377616747181964,2.945517981749866,0.95276435856146,
196,12.835480407944177,0.14090177133655393,47.43022007514761,9.86983360171766,4.005636070853462,3.475577026301664,18.364197530864196,2.945517981749866,0.9326355340848095,
197,13.036768652710682,0.14090177133655393,47.36312399355877,9.796027911969942,4.005636070853462,3.4420289855072466,18.337359098228664,2.945517981749866,0.9326355340848095,
198,13.298443370907139,0.14090177133655393,47.155126140633385,9.749060654857756,3.978797638217928,3.4420289855072466,18.223295759527645,3.079710144927536,0.9326355340848095,
199,13.425925925925926,0.14090177133655393,47.074610842726784,9.742351046698873,4.032474503488996,3.4420289855072466,18.156199677938808,3.052871712292002,0.9326355340848095,
200,13.560118089103597,0.14090177133655393,47.00751476113795,9.73564143853999,4.032474503488996,3.4420289855072466,18.095813204508858,3.052871712292002,0.9326355340848095,
201,13.788244766505636,0.14090177133655393,46.77938808373591,9.614868491680086,3.9989264626945786,3.502415458937198,18.035426731078903,3.099838969404187,1.0399892646269457,
202,14.130434782608695,0.14090177133655393,46.55797101449275,9.561191626409018,3.9720880300590444,3.4822866344605474,18.035426731078903,3.099838969404187,1.0198604401502953,
203,14.251207729468598,0.14090177133655393,46.484165324745035,9.534353193773484,3.9720880300590444,3.4822866344605474,18.015297906602253,3.099838969404187,1.0198604401502953,
204,14.492753623188406,0.1274825550187869,46.41035963499731,9.534353193773484,3.9720880300590444,3.4688674181427803,17.8743961352657,3.099838969404187,1.0198604401502953,
205,14.579978529253891,0.1274825550187869,46.343263553408484,9.534353193773484,3.9855072463768115,3.4688674181427803,17.840848094471284,3.099838969404187,1.0198604401502953,
206,14.61352657004831,0.0939345142243693,47.316156736446594,9.145195920558239,3.92512077294686,3.4688674181427803,17.518786902844873,3.099838969404187,0.8185721953837896,
207,14.351851851851851,0.0939345142243693,47.04777241009125,8.413848631239935,3.911701556629093,3.4688674181427803,18.914385399892645,3.099838969404187,0.6977992485238862,
208,14.553140096618357,0.0939345142243693,46.83977455716586,8.393719806763285,3.911701556629093,3.5762211486849167,18.84728931830381,3.0864197530864197,0.6977992485238862,
209,14.606816961889425,0.0939345142243693,46.79951690821256,8.393719806763285,3.911701556629093,3.5762211486849167,18.84728931830381,3.0730005367686526,0.6977992485238862,
210,14.868491680085883,0.0939345142243693,46.64519592055824,8.3064949006978,3.911701556629093,3.5762211486849167,18.82716049382716,3.0730005367686526,0.6977992485238862,
211,14.908749329039184,0.0939345142243693,46.484165324745035,8.3064949006978,3.911701556629093,3.7238325281803544,18.800322061191626,3.0730005367686526,0.6977992485238862,
212,15.116747181964573,0.0939345142243693,46.43048845947396,8.3064949006978,3.878153515834675,3.7238325281803544,18.686258722490606,3.066290928609769,0.6977992485238862,
213,15.217391304347826,0.0939345142243693,46.2157809983897,8.28636607622115,4.012345679012346,3.7238325281803544,18.57890499194847,3.1736446591519054,0.6977992485238862,
214,15.566290928609769,0.0939345142243693,45.98094471282877,8.272946859903382,4.012345679012346,3.7104133118625873,18.49838969404187,3.166935050993022,0.6977992485238862,
215,15.780998389694043,0.0939345142243693,45.819914117015564,8.272946859903382,4.012345679012346,3.7104133118625873,18.451422436929683,3.166935050993022,0.6910896403650026,
216,16.009125067096083,0.0939345142243693,45.75281803542673,8.232689210950081,4.012345679012346,3.7104133118625873,18.33064949006978,3.166935050993022,0.6910896403650026,
217,16.109769189479334,0.0939345142243693,45.69914117015566,8.225979602791197,4.005636070853462,3.7104133118625873,18.297101449275363,3.166935050993022,0.6910896403650026,
218,16.15673644659152,0.0939345142243693,45.49785292538916,8.205850778314547,4.005636070853462,3.69699409554482,18.290391841116477,3.361513687600644,0.6910896403650026,
219,16.391572732152444,0.0939345142243693,45.4777241009125,8.145464304884594,4.005636070853462,3.683574879227053,18.169618894256576,3.3413848631239937,0.6910896403650026,
220,16.492216854535695,0.0939345142243693,45.410628019323674,8.145464304884594,4.005636070853462,3.683574879227053,18.156199677938808,3.3413848631239937,0.6709608158883521,
221,16.774020397208805,0.0939345142243693,45.229468599033815,8.038110574342458,4.066022544283414,3.629898013955985,18.14278046162104,3.280998389694042,0.7447665056360708,
222,16.854535695115406,0.0939345142243693,45.10198604401503,8.038110574342458,4.052603327965647,3.629898013955985,18.115942028985508,3.3682232957595275,0.7447665056360708,
223,16.901502952227588,0.0939345142243693,45.08185721953838,8.038110574342458,4.052603327965647,3.629898013955985,18.089103596349972,3.3682232957595275,0.7447665056360708,
224,17.01556629092861,0.0939345142243693,45.00134192163178,8.004562533548041,4.052603327965647,3.616478797638218,18.06226516371444,3.408480944712829,0.7447665056360708,
225,17.163177670424048,0.0939345142243693,44.95437466451959,7.997852925389157,4.03918411164788,3.616478797638218,17.98174986580784,3.408480944712829,0.7447665056360708,
226,17.290660225442835,0.0939345142243693,44.927536231884055,7.98443370907139,4.03918411164788,3.616478797638218,17.894524959742352,3.408480944712829,0.7447665056360708,
227,17.47181964573269,0.0939345142243693,44.80005367686527,7.98443370907139,4.025764895330113,3.616478797638218,17.85426731078905,3.408480944712829,0.7447665056360708,
228,17.485238862050455,0.0939345142243693,44.67257112184648,7.98443370907139,4.05931293612453,3.616478797638218,17.820719269994633,3.5225442834138487,0.7447665056360708,
229,17.652979066022546,0.0939345142243693,44.598765432098766,7.98443370907139,4.019055287171229,3.603059581320451,17.787171229200215,3.515834675254965,0.7447665056360708,
230,17.746913580246915,0.0939345142243693,44.55179817498658,7.977724100912507,4.146537842190016,3.603059581320451,17.619431025228128,3.515834675254965,0.7447665056360708,
231,17.860976918947934,0.0939345142243693,44.48470209339774,7.977724100912507,4.146537842190016,3.603059581320451,17.57246376811594,3.515834675254965,0.7447665056360708,
232,15.995705850778315,10.044283413848632,40.92190016103059,7.494632313472893,3.797638217928073,3.421900161030596,14.284755770263017,3.3011272141706924,0.7380568974771873,
233,16.23054213633924,9.98389694041868,40.83467525496511,7.48792270531401,3.797638217928073,3.408480944712829,14.264626945786366,3.2541599570585076,0.7380568974771873,
234,16.022544283413847,9.950348899624261,42.1027911969941,7.48792270531401,3.750670960815888,3.388352120236178,13.378958668813741,3.2541599570585076,0.6642512077294686,
235,16.170155662909288,9.950348899624261,41.88137412775094,7.481213097155126,3.743961352657005,3.388352120236178,13.144122383252817,3.4621578099838968,0.7783145464304885,
236,16.203703703703702,9.896672034353195,41.358024691358025,7.367149758454106,3.743961352657005,3.3413848631239937,13.882179280730005,3.4286097691894795,0.7783145464304885,
237,16.264090177133657,9.86983360171766,41.324476650563604,7.367149758454106,3.743961352657005,3.3413848631239937,13.882179280730005,3.4286097691894795,0.7783145464304885,
