,45,50,51,52,55,54,53,57,56,60,58
0,98.68491680085883,1.3150831991411702,,,,,,,,,
1,98.14814814814815,1.7310789049919484,0.12077294685990338,,,,,,,,
2,97.41680085882984,2.462426194310252,0.12077294685990338,,,,,,,,
3,87.07729468599034,12.801932367149758,0.12077294685990338,,,,,,,,
4,87.01690821256038,12.86231884057971,0.12077294685990338,,,,,,,,
5,85.90311325818573,12.875738056897477,0.12077294685990338,1.1003757380568975,,,,,,,
6,84.71551261406334,14.070048309178745,0.11406333870101985,1.1003757380568975,,,,,,,
7,84.27267847557702,12.191358024691358,3.4151905528717124,0.12077294685990338,,,,,,,
8,84.13177670424047,12.332259796027913,3.4151905528717124,0.12077294685990338,,,,,,,
9,84.17203435319378,12.29200214707461,3.4151905528717124,0.12077294685990338,,,,,,,
10,82.44095544820182,14.023081052066559,3.4151905528717124,0.12077294685990338,,,,,,,
11,82.29334406870639,14.204240472356414,3.140096618357488,0.12077294685990338,0.24154589371980675,,,,,,
12,81.65593129361245,14.841653247450349,3.140096618357488,0.12077294685990338,0.24154589371980675,,,,,,
13,81.69618894256575,14.687332259796028,3.2541599570585076,0.12077294685990338,0.24154589371980675,,,,,,
14,81.48148148148148,14.606816961889425,3.549382716049383,0.12077294685990338,0.24154589371980675,,,,,,
15,79.85104669887279,13.063607085346217,6.723027375201288,0.12077294685990338,0.24154589371980675,,,,,,
16,79.8040794417606,13.117283950617283,6.716317767042405,0.12077294685990338,0.24154589371980675,,,,,,
17,77.26784755770262,15.653515834675256,6.716317767042405,0.12077294685990338,0.24154589371980675,,,,,,
18,73.91304347826087,17.914653784219002,7.930756843800322,,0.24154589371980675,,,,,,
19,72.35641438539989,19.229736983360173,7.9106280193236715,0.2616747181964573,0.24154589371980675,,,,,,
20,60.09125067096082,33.091787439613526,6.072195383789587,0.7380568974771873,0.0067096081588835215,,,,,,
21,60.03086419753087,33.17901234567901,6.045356951154052,0.7380568974771873,0.0067096081588835215,,,,,,
22,59.96376811594203,33.09849704777241,6.045356951154052,0.7380568974771873,0.0067096081588835215,0.14761137949543746,,,,,
23,59.64170692431562,33.3064949006978,6.159420289855072,0.7380568974771873,0.0067096081588835215,0.14761137949543746,,,,,
24,59.35990338164251,33.58829844337091,6.159420289855072,0.7380568974771873,0.0067096081588835215,0.14761137949543746,,,,,
25,58.36688137412775,34.58132045088567,6.159420289855072,0.7380568974771873,0.0067096081588835215,0.14761137949543746,,,,,
26,58.25952764358561,34.43370907139023,6.159420289855072,0.7380568974771873,0.0067096081588835215,0.4025764895330113,,,,,
27,54.90472356414385,37.80193236714976,6.146001073537305,0.7380568974771873,0.0067096081588835215,0.4025764895330113,,,,,
28,54.99194847020934,37.39935587761675,6.146001073537305,1.093666129898014,0.0067096081588835215,0.36231884057971014,,,,,
29,54.448470209339774,37.915995705850776,6.045356951154052,1.093666129898014,0.13419216317767044,0.36231884057971014,,,,,
30,53.36822329575953,38.99624261943102,6.045356951154052,1.093666129898014,0.13419216317767044,0.36231884057971014,,,,,
31,50.58373590982286,41.78073000536769,6.045356951154052,1.093666129898014,0.13419216317767044,0.36231884057971014,,,,,
32,50.637412775093935,41.74718196457327,6.031937734836285,1.093666129898014,0.13419216317767044,0.35560923242082665,,,,,
33,50.78502415458937,41.599570585077835,6.031937734836285,1.093666129898014,0.13419216317767044,0.35560923242082665,,,,,
34,50.355609232420825,42.028985507246375,6.031937734836285,1.093666129898014,0.13419216317767044,0.35560923242082665,,,,,
35,49.89264626945786,41.14331723027375,5.307300053676865,3.166935050993022,0.13419216317767044,0.35560923242082665,,,,,
36,48.11460010735373,42.592592592592595,5.01207729468599,3.307836822329576,0.6172839506172839,0.35560923242082665,,,,,
37,47.38325281803543,43.323939881910896,5.01207729468599,3.307836822329576,0.6172839506172839,0.35560923242082665,,,,,
38,41.18357487922705,49.543746645195924,4.99194847020934,3.307836822329576,0.6172839506172839,0.35560923242082665,,,,,
39,39.16398282340311,51.56333870101986,4.99194847020934,3.307836822329576,0.6172839506172839,0.35560923242082665,,,,,
40,39.19753086419753,51.37546967257112,4.723564143853999,3.435319377348363,0.9125067096081588,0.35560923242082665,,,,,
41,39.04320987654321,51.09366612989801,5.159688674181428,3.435319377348363,0.9125067096081588,0.35560923242082665,,,,,
42,38.94256575415996,50.79173376274826,5.146269457863661,3.435319377348363,0.9125067096081588,0.33548040794417605,0.43612453032742887,,,,
43,38.909017713365536,49.73832528180354,5.112721417069243,3.435319377348363,0.9125067096081588,0.33548040794417605,1.556629092860977,,,,
44,38.439345142243695,50.13419216317767,5.112721417069243,3.3145464304884595,0.9125067096081588,0.33548040794417605,1.751207729468599,,,,
45,37.96967257112185,50.68438003220612,5.112721417069243,3.4017713365539453,0.7447665056360708,0.33548040794417605,1.751207729468599,,,,
46,37.915995705850776,50.38915727321525,5.213365539452496,3.4017713365539453,0.9930220075147611,0.33548040794417605,1.751207729468599,,,,
47,37.164519592055825,50.64412238325282,5.018786902844874,3.3950617283950617,0.9930220075147611,0.8387010198604401,1.9457863660762211,,,,
48,35.59447128287708,51.44256575415996,6.206387546967257,3.2541599570585076,0.9930220075147611,0.630703166935051,1.8786902844873858,,,,
49,35.75550187869028,51.04669887278583,6.092324208266238,3.515834675254965,1.107085346215781,0.6038647342995169,1.8786902844873858,,,,
50,35.849436392914654,50.95276435856146,6.092324208266238,3.515834675254965,1.107085346215781,0.6038647342995169,1.8786902844873858,,,,
51,33.84997316156736,50.335480407944175,5.743424584004294,6.588835212023618,0.9997316156736447,0.6038647342995169,1.8786902844873858,,,,
52,32.991143317230275,48.60440150295223,6.018518518518518,8.964036500268385,0.9997316156736447,0.6038647342995169,1.8183038110574343,,,,
53,31.407675791733762,49.12775093934514,7.105475040257649,8.964036500268385,0.9997316156736447,0.6038647342995169,1.7914653784219001,,,,
54,30.454911433172303,50.28180354267311,6.951154052603328,8.917069243156199,0.9997316156736447,0.6038647342995169,1.7914653784219001,,,,
55,30.300590445517983,50.033548040794415,7.380568974771873,8.890230810520666,0.9997316156736447,0.6038647342995169,1.7914653784219001,,,,
56,30.421363392377884,49.932903918411164,7.360440150295223,8.890230810520666,0.9997316156736447,0.6038647342995169,1.7914653784219001,,,,
57,30.454911433172303,49.89935587761675,7.360440150295223,8.890230810520666,0.9997316156736447,0.6038647342995169,1.7914653784219001,,,,
58,30.35426731078905,50.0,7.360440150295223,8.890230810520666,0.9997316156736447,0.6038647342995169,1.7914653784219001,,,,
59,30.04562533548041,48.62453032742888,8.84326355340848,8.776167471819646,0.8789586688137413,0.6172839506172839,2.214170692431562,,,,
60,30.16639828234031,48.55743424584004,8.829844337090714,8.769457863660762,0.8454106280193237,0.6172839506172839,2.214170692431562,,,,
61,30.09259259259259,48.19511540526033,8.722490606548577,9.366612989801396,0.8454106280193237,0.7045088566827697,2.073268921095008,,,,
62,30.08588298443371,48.168276972624795,8.722490606548577,9.326355340848094,0.9192163177670424,0.7045088566827697,2.073268921095008,,,,
63,29.421631776704242,48.82581857219538,8.55475040257649,9.29951690821256,0.9192163177670424,0.7045088566827697,2.2745571658615136,,,,
64,29.502147074610843,48.80568974771873,8.521202361782072,9.272678475577026,0.9192163177670424,0.7045088566827697,2.2745571658615136,,,,
65,29.435050993022006,48.01395598497048,8.480944712828771,10.312667740203972,0.9192163177670424,0.7045088566827697,2.13365539452496,,,,
66,29.522275899087493,48.007246376811594,8.460815888352121,10.312667740203972,0.8990874932903918,0.6642512077294686,2.13365539452496,,,,
67,29.55582393988191,47.90660225442834,8.460815888352121,10.406602254428341,0.8990874932903918,0.6642512077294686,2.1068169618894257,,,,
68,29.643048845947398,47.82608695652174,8.454106280193237,10.406602254428341,0.8990874932903918,0.6642512077294686,2.1068169618894257,,,,
69,29.22705314009662,46.88003220611916,9.863123993558776,10.084541062801932,1.1876006441223832,0.6642512077294686,2.0933977455716586,,,,
70,27.851583467525497,47.87305421363392,9.809447128287708,10.084541062801932,1.1741814278046163,1.133923778851315,2.073268921095008,,,,
71,27.72410091250671,46.73242082662372,10.017444981213098,11.037305421363392,1.1741814278046163,1.133923778851315,2.1806226516371443,,,,
72,27.81803542673108,46.69887278582931,10.017444981213098,11.017176596886742,1.133923778851315,1.133923778851315,2.1806226516371443,,,,
73,28.039452495974235,46.55126140633387,10.017444981213098,10.943370907139023,1.133923778851315,1.133923778851315,2.1806226516371443,,,,
74,26.227858293075684,44.77321524422974,13.969404186795492,10.768921095008052,1.133923778851315,1.107085346215781,2.01959205582394,,,,
75,20.853462157809982,52.63687600644123,10.037573805689748,10.198604401502953,1.1272141706924315,0.8856682769726248,4.260601180891036,,,,
76,20.477724100912507,52.83145464304884,9.433709071390231,10.789049919484702,1.1272141706924315,0.8856682769726248,4.455179817498658,,,,
77,20.598497047772412,52.75093934514224,9.406870638754697,10.695115405260333,1.1272141706924315,0.966183574879227,4.455179817498658,,,,
78,20.40391841116479,52.99919484702093,9.017713365539452,10.326086956521738,1.1272141706924315,0.966183574879227,5.159688674181428,,,,
79,20.377079978529252,52.97906602254428,9.017713365539452,10.373054213633925,1.1272141706924315,0.966183574879227,5.159688674181428,,,,
80,19.746376811594203,53.6231884057971,9.004294149221685,10.238862050456254,1.1272141706924315,0.966183574879227,5.159688674181428,0.13419216317767044,,,
81,19.753086419753085,53.166935050993025,8.977455716586151,10.567632850241546,1.3016639828234031,0.966183574879227,5.132850241545894,0.13419216317767044,,,
82,19.746376811594203,52.905260332796566,9.306226516371444,10.540794417606012,1.3016639828234031,0.966183574879227,5.0993022007514766,0.13419216317767044,,,
83,19.51154052603328,52.341653247450346,9.27938808373591,10.540794417606012,1.892109500805153,0.966183574879227,5.3341384863123995,0.13419216317767044,,,
84,19.605475040257648,52.03972088030059,9.23913043478261,10.520665593129362,1.892109500805153,1.2345679012345678,5.3341384863123995,0.13419216317767044,,,
85,19.659151905528716,52.02630166398282,9.198872785829307,10.520665593129362,1.892109500805153,1.2345679012345678,5.3341384863123995,0.13419216317767044,,,
86,19.692699946323135,52.03972088030059,9.185453569511541,10.487117552334944,1.892109500805153,1.2345679012345678,5.3341384863123995,0.13419216317767044,,,
87,18.894256575415994,48.21524422973698,10.7085346215781,10.279119699409554,3.1535158346752548,1.2345679012345678,7.380568974771873,0.13419216317767044,,,
88,18.947933440687063,48.18169618894257,10.701825013419215,9.896672034353195,3.5292538915727323,1.2345679012345678,7.37385936661299,0.13419216317767044,,,
89,19.048577563070317,48.121309715512616,10.695115405260333,9.896672034353195,3.5091250670960816,1.221148684916801,7.37385936661299,0.13419216317767044,,,
90,18.59903381642512,49.000268384326354,10.44015029522276,9.762479871175524,3.5091250670960816,1.221148684916801,7.333601717659689,0.13419216317767044,,,
91,18.679549114331724,48.8593666129898,10.433440687063875,9.702093397745571,3.5426731078904994,1.3150831991411702,7.333601717659689,0.13419216317767044,,,
92,18.78690284487386,48.76543209876543,10.339506172839506,9.702093397745571,3.5426731078904994,1.3419216317767042,7.387278582930757,0.13419216317767044,,,
93,18.853998926462694,48.731884057971016,10.339506172839506,9.675254965110037,3.5426731078904994,1.3419216317767042,7.380568974771873,0.13419216317767044,,,
94,19.04186795491143,48.59769189479334,10.21202361782072,9.675254965110037,3.5426731078904994,1.328502415458937,7.353730542136339,0.13419216317767044,0.11406333870101985,,
95,19.02173913043478,47.97369833601718,11.231884057971014,9.326355340848094,3.5426731078904994,1.2748255501878691,7.27992485238862,0.23483628556092323,0.11406333870101985,,
96,19.202898550724637,47.79253891572732,11.231884057971014,9.326355340848094,3.5426731078904994,1.2748255501878691,7.27992485238862,0.23483628556092323,0.11406333870101985,,
97,19.370638754696724,46.85319377348363,11.198336017176597,9.306226516371444,4.367954911433173,1.2748255501878691,7.27992485238862,0.23483628556092323,0.11406333870101985,,
98,19.41760601180891,46.812936124530324,11.003757380568974,9.306226516371444,4.367954911433173,1.2748255501878691,7.467793880837359,0.23483628556092323,0.11406333870101985,,
99,18.00187869028449,45.779656468062264,13.231347289318304,9.185453569511541,4.4753086419753085,1.2748255501878691,7.7831454643048845,0.2281266774020397,0.040257648953301126,,
100,18.17632850241546,45.57836822329576,13.231347289318304,9.185453569511541,4.51556629092861,1.261406333870102,7.7831454643048845,0.2281266774020397,0.040257648953301126,,
101,18.149490069779926,44.20960815888352,13.211218464841654,9.185453569511541,5.931293612453032,1.261406333870102,7.7831454643048845,0.2281266774020397,0.040257648953301126,,
102,18.256843800322063,44.14922168545357,13.211218464841654,9.158615136876007,5.931293612453032,1.261406333870102,7.763016639828234,0.2281266774020397,0.040257648953301126,,
103,17.894524959742352,43.82045088566828,13.801663982823403,9.098228663446054,5.508588298443371,1.8719806763285025,7.7361782071927,0.2281266774020397,0.040257648953301126,,
104,18.00858829844337,43.666129898013956,13.801663982823403,9.044551798174986,5.481749865807837,2.006172839506173,7.722758990874933,0.2281266774020397,0.040257648953301126,,
105,17.21014492753623,41.33118625872249,21.14868491680086,8.870101986044014,4.938271604938271,1.9994632313472893,4.30756843800322,0.10064412238325282,0.0939345142243693,,
106,17.122920021470748,40.41867954911433,21.088298443370906,8.870101986044014,4.092860976918948,1.9994632313472893,6.213097155126141,0.10064412238325282,0.0939345142243693,,
107,17.19001610305958,40.37842190016103,21.088298443370906,8.84326355340848,4.092860976918948,1.9994632313472893,6.213097155126141,0.10064412238325282,0.0939345142243693,,
108,17.09608158883521,39.492753623188406,21.967257112184647,8.964036500268385,4.092860976918948,1.9994632313472893,6.1929683306494905,0.10064412238325282,0.0939345142243693,,
109,17.23027375201288,39.392109500805155,21.74584004294149,8.964036500268385,4.092860976918948,1.9994632313472893,6.380837359098229,0.10064412238325282,0.0939345142243693,,
110,17.28395061728395,39.2512077294686,21.631776704240472,8.93719806763285,4.092860976918948,1.9994632313472893,6.608964036500268,0.10064412238325282,0.0939345142243693,,
111,17.391304347826086,39.17740203972088,21.604938271604937,8.923778851315083,4.126409017713366,1.9994632313472893,6.582125603864735,0.10064412238325282,0.0939345142243693,,
112,17.498658078368223,39.06333870101986,21.430488459473967,8.480944712828771,4.636339237788513,2.1269457863660763,6.568706387546968,0.10064412238325282,0.0939345142243693,,
113,17.505367686527105,37.68115942028985,21.34326355340848,8.474235104669887,6.031937734836285,2.1269457863660763,6.568706387546968,0.10064412238325282,0.16774020397208803,,
114,17.14975845410628,36.73510466988728,22.188674181427803,8.474235104669887,6.031937734836285,2.5831991411701556,6.568706387546968,0.10064412238325282,0.16774020397208803,,
115,17.163177670424048,36.46672034353194,22.18196457326892,8.474235104669887,5.83064949006978,2.227589908749329,7.387278582930757,0.10064412238325282,0.16774020397208803,,
116,17.136339237788512,36.40633387010199,22.16183574879227,8.474235104669887,5.803811057434245,2.227589908749329,7.521470746108427,0.10064412238325282,0.16774020397208803,,
117,17.16988727858293,35.507246376811594,22.873054213633925,8.28636607622115,5.756843800322061,2.1604938271604937,7.977724100912507,0.10064412238325282,0.16774020397208803,,
118,17.337627482555018,35.218733225979605,22.805958132045088,8.809715512614064,5.723295759527644,2.1604938271604937,7.675791733762749,0.10064412238325282,0.16774020397208803,,
119,15.98899624261943,38.405797101449274,21.034621578099838,8.796296296296296,6.179549114331723,2.1604938271604937,7.1658615136876005,0.10064412238325282,0.16774020397208803,,
120,16.069511540526033,38.38566827697262,21.00107353730542,8.796296296296296,6.179549114331723,2.1604938271604937,7.139023081052066,0.10064412238325282,0.16774020397208803,,
121,16.06280193236715,38.34541062801932,21.00107353730542,8.796296296296296,6.179549114331723,2.1604938271604937,7.185990338164252,0.10064412238325282,0.16774020397208803,,
122,15.566290928609769,37.224906065485776,23.282340311325818,8.796296296296296,6.132581857219538,2.0397208803005906,6.696188942565755,0.10064412238325282,0.1610305958132045,,
123,15.693773483628556,37.184648416532475,23.2487922705314,8.776167471819646,6.125872249060655,2.0128824476650564,6.696188942565755,0.10064412238325282,0.1610305958132045,,
124,15.74074074074074,37.02361782071927,23.07434245840043,8.776167471819646,6.199677938808374,2.227589908749329,6.696188942565755,0.10064412238325282,0.1610305958132045,,
125,15.593129361245303,36.902844873859365,22.973698336017176,8.742619431025227,6.213097155126141,2.227589908749329,7.085346215780999,0.10064412238325282,0.1610305958132045,,
126,14.78797638217928,33.682232957595275,24.060654857756308,13.191089640365004,5.448201825013419,1.8317230273752012,6.696188942565755,0.10064412238325282,0.20128824476650564,,
127,14.741009125067096,33.23268921095008,23.926462694578635,13.325281803542673,5.924584004294149,2.2745571658615136,6.273483628556092,0.10064412238325282,0.20128824476650564,,
128,14.828234031132581,33.23268921095008,23.845947396672035,13.325281803542673,5.924584004294149,2.2745571658615136,6.266774020397209,0.10064412238325282,0.20128824476650564,,
129,15.076489533011273,33.031400966183575,23.678207192699947,13.311862587224907,5.924584004294149,2.2745571658615136,6.266774020397209,0.10064412238325282,0.33548040794417605,,
130,15.237520128824476,32.8569511540526,23.63123993558776,13.311862587224907,6.461352657004831,2.1806226516371443,5.884326355340848,0.10064412238325282,0.33548040794417605,,
131,15.351583467525497,32.7361782071927,23.181696188942567,13.922436929683306,6.461352657004831,2.1806226516371443,5.884326355340848,0.10064412238325282,0.18115942028985507,,
132,15.505904455179817,32.669082125603865,23.1682769726248,13.88888888888889,6.394256575415996,2.1739130434782608,5.850778314546431,0.10064412238325282,0.24825550187869028,,
133,15.754159957058508,32.608695652173914,23.047504025764894,13.83521202361782,6.394256575415996,2.1604938271604937,5.850778314546431,0.10064412238325282,0.24825550187869028,,
134,15.841384863123993,32.59527643585615,23.00053676865271,13.821792807300053,6.394256575415996,2.1604938271604937,5.837359098228664,0.10064412238325282,0.24825550187869028,,
135,15.915190552871712,32.118894256575416,22.953569511540525,13.70101986044015,6.394256575415996,2.7308105206655933,5.837359098228664,0.10064412238325282,0.24825550187869028,,
136,16.035963499731615,31.4345142243693,22.920021470746107,14.647074610842727,6.333870101986044,2.7308105206655933,5.548845947396672,0.10064412238325282,0.24825550187869028,,
137,16.056092324208265,30.9044551798175,22.785829307568438,14.620236178207193,6.870638754696726,2.7308105206655933,5.71658615136876,0.10064412238325282,0.2147074610842727,,
138,15.727321524422974,30.20665593129361,26.093666129898015,13.003220611916264,6.649221685453569,2.4691358024691357,5.589103596349974,0.04696725711218465,0.2147074610842727,,
139,15.780998389694043,30.09259259259259,25.91250670960816,13.003220611916264,6.615673644659152,2.38191089640365,5.844068706387547,0.04696725711218465,0.322061191626409,,
140,15.814546430488459,30.07246376811594,25.91250670960816,13.003220611916264,6.602254428341385,2.38191089640365,5.844068706387547,0.04696725711218465,0.322061191626409,,
141,15.921900161030596,29.978529253891573,25.771604938271604,12.895866881374127,6.602254428341385,2.657004830917874,5.803811057434245,0.04696725711218465,0.322061191626409,,
142,15.868223295759528,29.455179817498657,25.986312399355878,12.86231884057971,6.541867954911433,2.657004830917874,6.146001073537305,0.04696725711218465,0.43612453032742887,,
143,16.035963499731615,29.354535695115406,25.959473966720342,12.822061191626409,6.541867954911433,2.657004830917874,6.146001073537305,0.04696725711218465,0.43612453032742887,,
144,16.17686527106817,29.300858829844337,25.89237788513151,12.734836285560924,6.541867954911433,2.657004830917874,6.213097155126141,0.04696725711218465,0.43612453032742887,,
145,16.297638217928075,29.294149221685455,25.811862587224905,12.587224906065487,6.541867954911433,2.657004830917874,6.213097155126141,0.1610305958132045,0.43612453032742887,,
146,16.384863123993558,29.146537842190018,25.744766505636072,12.580515297906603,6.6760601180891035,2.657004830917874,6.213097155126141,0.1610305958132045,0.43612453032742887,,
147,15.814546430488459,27.47584541062802,25.55689747718733,15.445517981749866,5.629361245303274,2.657004830917874,6.890767579173376,0.1610305958132045,0.36902844873859364,,
148,15.975577026301664,27.415458937198068,25.140901771336555,15.794417606011809,5.548845947396672,2.5966183574879227,6.890767579173376,0.1610305958132045,0.47638217928073,,
149,16.029253891572733,27.274557165861513,25.10064412238325,15.787707997852925,5.548845947396672,2.5966183574879227,7.024959742351046,0.1610305958132045,0.47638217928073,,
150,16.10305958132045,27.22758990874933,25.067096081588836,15.68035426731079,5.555555555555555,2.5966183574879227,7.018250134192163,0.1610305958132045,0.5904455179817498,,
151,16.11647879763822,27.093397745571657,24.852388620504563,15.660225442834138,5.555555555555555,2.5966183574879227,7.37385936661299,0.1610305958132045,0.5904455179817498,,
152,16.203703703703702,27.079978529253893,24.838969404186795,15.619967793880837,5.555555555555555,2.5966183574879227,7.353730542136339,0.1610305958132045,0.5904455179817498,,
153,16.13660762211487,27.509393451422437,24.57729468599034,15.619967793880837,5.555555555555555,2.5831991411701556,7.266505636070853,0.1610305958132045,0.5904455179817498,,
154,16.183574879227052,27.38191089640365,24.570585077831456,15.599838969404187,5.555555555555555,2.703972088030059,7.253086419753086,0.1610305958132045,0.5904455179817498,,
155,16.304347826086957,27.36849168008588,24.50348899624262,15.599838969404187,5.548845947396672,2.703972088030059,7.219538378958669,0.1610305958132045,0.5904455179817498,,
156,16.27750939345142,26.77133655394525,24.496779388083738,15.854804079441761,5.924584004294149,2.703972088030059,7.219538378958669,0.1610305958132045,0.5904455179817498,,
157,16.49892646269458,26.7512077294686,24.396135265700483,15.854804079441761,5.911164787976382,2.6502952227589907,7.185990338164252,0.1610305958132045,0.5904455179817498,,
158,16.264090177133657,26.99946323134729,24.3894256575416,15.854804079441761,5.911164787976382,2.6502952227589907,7.179280730005368,0.1610305958132045,0.5904455179817498,,
159,16.27750939345142,26.744498121309714,24.27536231884058,15.854804079441761,6.119162640901771,2.6502952227589907,7.139023081052066,0.1610305958132045,0.7783145464304885,,
160,16.324476650563607,26.623725174449813,24.033816425120772,15.821256038647343,6.092324208266238,2.1403650026838434,8.024691358024691,0.1610305958132045,0.7783145464304885,,
161,15.573000536768653,28.20048309178744,23.64465915190553,15.666935050993022,5.810520665593129,2.1403650026838434,8.024691358024691,0.1610305958132045,0.7783145464304885,,
162,15.734031132581856,28.133387010198604,23.59098228663446,15.626677402039721,5.810520665593129,2.1403650026838434,8.024691358024691,0.1610305958132045,0.7783145464304885,,
163,15.801127214170693,28.08641975308642,23.59098228663446,15.60654857756307,5.810520665593129,2.1403650026838434,8.024691358024691,0.1610305958132045,0.7783145464304885,,
164,15.982286634460548,27.985775630703166,23.58427267847558,15.485775630703166,5.810520665593129,2.254428341384863,7.997852925389157,0.1610305958132045,0.7380568974771873,,
165,16.11647879763822,27.945517981749866,23.53059581320451,14.660493827160494,5.803811057434245,2.254428341384863,7.997852925389157,0.95276435856146,0.7380568974771873,,
166,16.203703703703702,27.932098765432098,23.503757380568974,14.626945786366075,5.803811057434245,2.2410091250670963,7.997852925389157,0.95276435856146,0.7380568974771873,,
167,16.27079978529254,27.78448738593666,22.873054213633925,14.546430488459475,6.031937734836285,2.2410091250670963,8.561460010735374,0.95276435856146,0.7380568974771873,,
168,16.438539989264626,27.68384326355341,22.584541062801932,14.546430488459475,5.911164787976382,2.2410091250670963,8.917069243156199,0.95276435856146,0.7246376811594203,,
169,16.465378421900162,27.657004830917874,22.584541062801932,14.546430488459475,5.911164787976382,2.2410091250670963,8.917069243156199,0.95276435856146,0.7246376811594203,,
170,16.069511540526033,26.7914653784219,24.590713902308106,14.170692431561998,6.072195383789587,2.2342995169082127,8.413848631239935,0.95276435856146,0.7045088566827697,,
171,16.150026838432634,26.757917337627482,24.570585077831456,14.143853998926463,6.072195383789587,2.2342995169082127,8.413848631239935,0.95276435856146,0.7045088566827697,,
172,16.150026838432634,26.710950080515296,24.496779388083738,14.143853998926463,6.078904991948471,2.3617820719269993,8.400429414922169,0.95276435856146,0.7045088566827697,,
173,15.613258185721953,26.160762211486848,27.046430488459475,13.325281803542673,6.005099302200751,1.9659151905528718,8.266237251744498,0.95276435856146,0.6642512077294686,,
174,15.646806226516372,26.140633387010197,27.033011272141707,13.325281803542673,6.005099302200751,1.9659151905528718,8.266237251744498,0.95276435856146,0.6642512077294686,,
175,15.519323671497585,25.47638217928073,27.033011272141707,13.305152979066023,7.004830917874396,1.9457863660762211,8.09849704777241,0.95276435856146,0.6642512077294686,,
176,15.58641975308642,25.47638217928073,26.979334406870638,13.01663982823403,7.004830917874396,1.9457863660762211,8.09849704777241,1.2278582930756843,0.6642512077294686,,
177,15.445517981749866,24.698067632850243,27.113526570048307,13.486312399355878,7.85024154589372,1.9457863660762211,7.568438003220612,1.2278582930756843,0.6642512077294686,,
178,15.559581320450885,24.537037037037038,27.113526570048307,13.45276435856146,7.98443370907139,1.9457863660762211,7.568438003220612,1.1741814278046163,0.6642512077294686,,
179,15.713902308105206,24.496779388083738,27.012882447665056,13.45276435856146,7.977724100912507,1.9457863660762211,7.568438003220612,1.1741814278046163,0.6575415995705851,,
180,15.848094471282877,24.496779388083738,26.932367149758456,13.419216317767042,7.977724100912507,1.9457863660762211,7.548309178743962,1.1741814278046163,0.6575415995705851,,
181,15.841384863123993,24.020397208803004,26.78475577026302,13.399087493290391,8.494363929146537,1.9457863660762211,7.541599570585078,1.1741814278046163,0.798443370907139,,
182,15.908480944712828,24.12775093934514,26.717659688674182,13.365539452495975,8.460815888352121,1.90552871712292,7.541599570585078,1.1741814278046163,0.798443370907139,,
183,15.96886741814278,24.12775093934514,26.65727321524423,13.365539452495975,8.460815888352121,1.90552871712292,7.541599570585078,1.1741814278046163,0.798443370907139,,
184,16.076221148684915,24.000268384326354,26.583467525496513,13.325281803542673,8.420558239398819,1.9793344068706387,7.64224369296833,1.1741814278046163,0.798443370907139,,
185,16.13660762211487,23.98684916800859,26.281535158346752,13.231347289318304,8.769457863660762,1.9793344068706387,7.64224369296833,1.1741814278046163,0.798443370907139,,
186,16.223832528180353,23.886205045625335,25.93263553408481,13.231347289318304,9.131776704240472,1.9793344068706387,7.64224369296833,1.1741814278046163,0.798443370907139,,
187,16.371443907675793,23.839237788513152,25.825281803542673,13.20450885668277,9.104938271604938,1.9793344068706387,7.635534084809447,1.1741814278046163,0.8655394524959742,,
188,16.545893719806763,23.765432098765434,25.811862587224905,13.191089640365004,9.064680622651638,1.9726247987117553,7.635534084809447,1.1741814278046163,0.8387010198604401,,
189,16.532474503488995,22.477187332259795,25.751476113794954,14.526301663982823,9.125067096081589,1.9457863660762211,7.7361782071927,1.1741814278046163,0.7313472893183038,,
190,16.659957058507782,22.450348899624263,25.691089640365004,14.486044015029522,9.125067096081589,1.9457863660762211,7.7361782071927,1.1741814278046163,0.7313472893183038,,
191,16.814278046162105,22.15512614063339,25.5703166935051,14.170692431561998,9.353193773483628,1.9457863660762211,8.085077831454644,1.1741814278046163,0.7313472893183038,,
192,16.680085882984432,22.014224369296834,25.543478260869566,15.217391304347826,9.333064949006978,1.7847557702630166,7.521470746108427,1.1741814278046163,0.7313472893183038,,
193,16.6935050993022,22.014224369296834,25.543478260869566,15.203972088030058,9.333064949006978,1.7847557702630166,7.521470746108427,1.1741814278046163,0.7313472893183038,,
194,16.63311862587225,21.93370907139023,25.288513150831992,15.203972088030058,9.809447128287708,1.7847557702630166,7.521470746108427,1.1741814278046163,0.6508319914117016,,
195,16.458668813741276,21.658615136876005,25.147611379495437,15.24422973698336,10.091250670960816,2.0128824476650564,7.561728395061729,1.1741814278046163,0.6508319914117016,,
196,16.532474503488995,21.618357487922705,25.120772946859905,15.24422973698336,10.091250670960816,2.0128824476650564,7.555018786902845,1.1741814278046163,0.6508319914117016,,
197,16.6129898013956,21.591519055287172,24.993290391841118,15.103327965646805,10.057702630166398,2.147074610842727,7.669082125603865,1.1741814278046163,0.6508319914117016,,
198,16.243961352657006,21.068169618894256,25.85212023617821,15.029522275899087,10.057702630166398,2.147074610842727,7.776435856146001,1.1741814278046163,0.6508319914117016,,
199,16.404991948470208,21.021202361782073,25.85212023617821,14.942297369833602,9.91009125067096,2.13365539452496,7.776435856146001,1.1741814278046163,0.6508319914117016,0.13419216317767044,
200,16.59957058507783,20.94068706387547,25.85212023617821,14.828234031132581,9.91009125067096,2.13365539452496,7.776435856146001,1.1741814278046163,0.6508319914117016,0.13419216317767044,
201,16.67337627482555,20.94068706387547,25.831991411701555,14.794685990338165,9.91009125067096,2.13365539452496,7.75630703166935,1.1741814278046163,0.6508319914117016,0.13419216317767044,
202,16.774020397208805,20.873590982286636,25.811862587224905,14.774557165861514,9.957058507783145,2.1269457863660763,7.729468599033816,1.1674718196457328,0.6508319914117016,0.13419216317767044,
203,16.438539989264626,21.4573268921095,25.731347289318304,14.620236178207193,9.943639291465379,2.1269457863660763,7.729468599033816,1.1674718196457328,0.6508319914117016,0.13419216317767044,
204,16.15673644659152,20.96081588835212,25.617283950617285,15.613258185721953,9.88996242619431,2.0531400966183573,7.75630703166935,1.1674718196457328,0.6508319914117016,0.13419216317767044,
205,16.19699409554482,20.44417606011809,25.39586688137413,15.573000536768653,10.493827160493828,2.0531400966183573,7.9106280193236715,1.1674718196457328,0.630703166935051,0.13419216317767044,
206,16.337895866881375,20.43075684380032,25.194578636607623,15.526033279656469,10.453569511540525,2.0531400966183573,7.991143317230274,1.1674718196457328,0.630703166935051,0.13419216317767044,0.08051529790660225
207,16.29092860976919,20.202630166398283,25.691089640365004,15.4723564143854,10.23215244229737,2.5831991411701556,7.548309178743962,1.1674718196457328,0.5971551261406334,0.13419216317767044,0.08051529790660225
208,15.915190552871712,20.081857219538378,26.32850241545894,15.4723564143854,10.19189479334407,2.5831991411701556,7.447665056360709,1.1674718196457328,0.5971551261406334,0.13419216317767044,0.08051529790660225
209,16.009125067096083,20.081857219538378,26.288244766505635,15.45222758990875,10.19189479334407,2.5831991411701556,7.4141170155662905,1.1674718196457328,0.5971551261406334,0.13419216317767044,0.08051529790660225
210,16.056092324208265,20.068438003220614,26.288244766505635,15.45222758990875,10.165056360708535,2.5831991411701556,7.4141170155662905,1.1674718196457328,0.5904455179817498,0.13419216317767044,0.08051529790660225
211,15.687063875469672,19.81347289318304,27.482555018786904,14.915458937198068,10.165056360708535,2.5831991411701556,7.380568974771873,1.1674718196457328,0.5904455179817498,0.13419216317767044,0.08051529790660225
212,15.72061191626409,19.786634460547504,27.47584541062802,14.915458937198068,10.131508319914117,2.6301663982823404,7.367149758454106,1.1674718196457328,0.5904455179817498,0.13419216317767044,0.08051529790660225
213,15.687063875469672,19.652442297369834,27.61003757380569,14.915458937198068,10.165056360708535,2.6301663982823404,7.367149758454106,1.1674718196457328,0.5904455179817498,0.13419216317767044,0.08051529790660225
214,15.780998389694043,19.64573268921095,27.529522275899087,14.855072463768115,10.165056360708535,2.6301663982823404,7.4208266237251745,1.1674718196457328,0.5904455179817498,0.13419216317767044,0.08051529790660225
215,15.921900161030596,19.618894256575416,27.469135802469136,14.821524422973699,10.165056360708535,2.6301663982823404,7.4006977992485234,1.1674718196457328,0.5904455179817498,0.13419216317767044,0.08051529790660225
216,16.14331723027375,19.524959742351047,27.428878153515836,14.700751476113794,10.25228126677402,2.6301663982823404,7.347020933977456,1.1674718196457328,0.5904455179817498,0.13419216317767044,0.08051529790660225
217,16.11647879763822,19.216317767042405,27.294685990338163,14.9020397208803,10.21202361782072,2.791196994095545,7.494632313472893,1.1674718196457328,0.5904455179817498,0.13419216317767044,0.08051529790660225
218,15.94873859366613,19.182769726247987,26.529790660225444,14.895330112721417,10.21202361782072,3.7640901771336552,7.494632313472893,1.1674718196457328,0.5904455179817498,0.13419216317767044,0.08051529790660225
219,16.029253891572733,19.11567364465915,26.42914653784219,14.895330112721417,10.171765968867419,3.7573805689747717,7.628824476650563,1.1674718196457328,0.5904455179817498,0.13419216317767044,0.08051529790660225
220,16.076221148684915,19.11567364465915,26.37546967257112,14.868491680085883,10.238862050456254,3.7238325281803544,7.628824476650563,1.1674718196457328,0.5904455179817498,0.13419216317767044,0.08051529790660225
221,16.27079978529254,19.108964036500268,26.31508319914117,14.834943639291465,10.19189479334407,3.717122920021471,7.588566827697263,1.1674718196457328,0.5904455179817498,0.13419216317767044,0.08051529790660225
222,16.472088030059044,19.028448738593667,26.241277509393452,14.814814814814815,10.165056360708535,3.717122920021471,7.588566827697263,1.1674718196457328,0.5904455179817498,0.13419216317767044,0.08051529790660225
223,16.6129898013956,18.988191089640367,26.154052603327965,14.801395598497047,10.165056360708535,3.717122920021471,7.588566827697263,1.1674718196457328,0.5904455179817498,0.13419216317767044,0.08051529790660225
224,16.841116478797638,18.84728931830381,26.01315083199141,14.801395598497047,10.238862050456254,3.717122920021471,7.568438003220612,1.1674718196457328,0.5904455179817498,0.13419216317767044,0.08051529790660225
225,16.867954911433173,18.65271068169619,25.986312399355878,15.042941492216855,10.238862050456254,3.6902844873859366,7.548309178743962,1.1674718196457328,0.5904455179817498,0.13419216317767044,0.08051529790660225
226,16.854535695115406,18.625872249060656,25.986312399355878,15.042941492216855,10.138217928073,3.6902844873859366,7.689210950080516,1.1674718196457328,0.5904455179817498,0.13419216317767044,0.08051529790660225
227,16.928341384863124,18.61916264090177,25.811862587224905,14.949006977992486,10.138217928073,3.770799785292539,7.809983896940419,1.1674718196457328,0.5904455179817498,0.13419216317767044,0.08051529790660225
228,16.97530864197531,18.612453032742888,25.791733762748255,14.949006977992486,10.138217928073,3.750670960815888,7.809983896940419,1.1674718196457328,0.5904455179817498,0.13419216317767044,0.08051529790660225
229,17.05582393988191,18.592324208266238,25.825281803542673,14.9020397208803,10.138217928073,3.750670960815888,7.763016639828234,1.1674718196457328,0.5904455179817498,0.13419216317767044,0.08051529790660225
230,16.814278046162105,18.16290928609769,25.959473966720342,14.888620504562533,10.755501878690284,3.743961352657005,7.722758990874933,1.1607622114868492,0.5904455179817498,0.12077294685990338,0.08051529790660225
231,16.914922168545356,17.814009661835748,25.704508856682768,14.828234031132581,10.674986580783683,3.911701556629093,8.225979602791197,1.1607622114868492,0.5636070853462157,0.12077294685990338,0.08051529790660225
232,16.982018250134193,17.800590445517983,25.664251207729468,14.828234031132581,10.661567364465915,3.911701556629093,8.225979602791197,1.1607622114868492,0.5636070853462157,0.12077294685990338,0.08051529790660225
233,17.10950080515298,17.66639828234031,25.6105743424584,14.801395598497047,10.601180891035963,4.079441760601181,8.205850778314547,1.1607622114868492,0.5636070853462157,0.12077294685990338,0.08051529790660225
234,17.143048845947398,17.652979066022546,25.583735909822867,14.680622651637144,10.587761674718196,4.079441760601181,8.205850778314547,1.3016639828234031,0.5636070853462157,0.12077294685990338,0.08051529790660225
235,16.901502952227588,17.082662372517444,25.925925925925927,15.982286634460548,10.077831454643048,3.898282340311326,8.064949006977992,1.3016639828234031,0.5636070853462157,0.12077294685990338,0.08051529790660225
236,17.03569511540526,17.062533548040793,25.905797101449274,15.935319377348362,10.077831454643048,3.8848631239935587,8.031400966183575,1.3016639828234031,0.5636070853462157,0.12077294685990338,0.08051529790660225
237,17.06924315619968,16.841116478797638,26.02657004830918,15.908480944712828,10.064412238325282,3.9989264626945786,8.024691358024691,1.3016639828234031,0.5636070853462157,0.12077294685990338,0.08051529790660225
238,17.236983360171767,16.431830381105744,25.966183574879228,16.284219001610307,10.030864197530864,3.9989264626945786,7.98443370907139,1.3016639828234031,0.5636070853462157,0.12077294685990338,0.08051529790660225
239,17.498658078368223,16.344605475040257,25.791733762748255,16.223832528180353,10.017444981213098,3.9989264626945786,7.917337627482555,1.3016639828234031,0.7045088566827697,0.12077294685990338,0.08051529790660225
240,17.559044551798173,16.337895866881375,25.785024154589372,16.223832528180353,10.00402576489533,3.9989264626945786,7.883789586688137,1.3016639828234031,0.7045088566827697,0.12077294685990338,0.08051529790660225
241,17.60601180891036,16.324476650563607,25.986312399355878,16.002415458937197,9.970477724100913,3.965378421900161,7.937466451959206,1.3016639828234031,0.7045088566827697,0.12077294685990338,0.08051529790660225
242,17.68652710681696,16.297638217928075,25.946054750402578,15.98899624261943,9.970477724100913,3.965378421900161,7.937466451959206,1.3016639828234031,0.7045088566827697,0.12077294685990338,0.08051529790660225
243,17.612721417069242,16.566022544283413,25.93263553408481,15.868223295759528,9.970477724100913,3.9452495974235107,7.897208803005904,1.3016639828234031,0.7045088566827697,0.12077294685990338,0.08051529790660225
244,17.62614063338701,16.55931293612453,25.55689747718733,16.398282340311326,10.138217928073,3.9452495974235107,7.434245840042942,1.4358561460010735,0.7045088566827697,0.12077294685990338,0.08051529790660225
245,17.693236714975846,16.404991948470208,25.489801395598498,16.384863123993558,9.876543209876543,4.139828234031133,7.682501341921632,1.4224369296833066,0.7045088566827697,0.12077294685990338,0.08051529790660225
246,17.85426731078905,16.19699409554482,25.483091787439612,16.378153515834676,9.957058507783145,4.139828234031133,7.575147611379496,1.4224369296833066,0.7917337627482555,0.12077294685990338,0.08051529790660225
