,45,50,53,51,55,52,56,54,57
0,100.0,,,,,,,,
1,79.13311862587224,20.86688137412775,,,,,,,
2,73.64465915190553,26.35534084809447,,,,,,,
3,71.34997316156736,28.650026838432634,,,,,,,
4,71.52442297369834,28.475577026301664,,,,,,,
5,71.55797101449275,28.442028985507246,,,,,,,
6,71.81293612453032,28.187063875469672,,,,,,,
7,71.89345142243693,28.10654857756307,,,,,,,
8,71.92699946323135,28.073000536768653,,,,,,,
9,72.13499731615674,27.865002683843265,,,,,,,
10,71.04133118625872,28.958668813741276,,,,,,,
11,67.8341384863124,29.95169082125604,2.214170692431562,,,,,,
12,67.94149221685454,29.844337090713903,2.214170692431562,,,,,,
13,68.06897477187333,29.716854535695116,2.214170692431562,,,,,,
14,67.94149221685454,29.502147074610843,2.214170692431562,0.3421900161030596,,,,,
15,62.59393451422437,34.72893183038111,2.214170692431562,0.3421900161030596,0.12077294685990338,,,,
16,62.47987117552335,30.56226516371444,0.8990874932903918,5.938003220611916,0.12077294685990338,,,,
17,56.30703166935051,36.73510466988728,0.8990874932903918,5.938003220611916,0.12077294685990338,,,,
18,53.30783682232958,37.96296296296296,0.6105743424584005,4.656468062265164,1.6438539989264627,1.596886741814278,0.2214170692431562,,
19,53.30783682232958,38.08373590982286,0.6105743424584005,4.549114331723027,1.6304347826086956,1.596886741814278,0.2214170692431562,,
20,53.48899624261943,37.9495437466452,0.6105743424584005,4.502147074610843,1.6304347826086956,1.596886741814278,0.2214170692431562,,
21,53.56280193236715,36.882716049382715,0.5971551261406334,5.535426731078905,1.6170155662909287,1.583467525496511,0.2214170692431562,,
22,53.824476650563604,36.64787976382179,0.5971551261406334,5.508588298443371,1.6170155662909287,1.583467525496511,0.2214170692431562,,
23,54.146537842190014,36.36607622114869,0.5971551261406334,5.46833064949007,1.6170155662909287,1.583467525496511,0.2214170692431562,,
24,51.65727321524423,36.782071926999464,0.5971551261406334,4.783950617283951,1.6170155662909287,4.367954911433173,0.19457863660762212,,
25,51.41572732152442,34.10493827160494,0.5971551261406334,7.816693505099302,1.5499194847020934,4.320987654320987,0.19457863660762212,,
26,47.69189479334407,37.996511003757384,0.5971551261406334,7.716049382716049,1.5499194847020934,4.253891572732153,0.19457863660762212,,
27,47.92673107890499,37.66774020397209,0.5971551261406334,7.716049382716049,1.5499194847020934,4.3478260869565215,0.19457863660762212,,
28,37.23161567364466,50.16774020397209,0.5971551261406334,5.911164787976382,1.5499194847020934,4.3478260869565215,0.19457863660762212,,
29,29.7638217928073,57.7361782071927,0.5971551261406334,5.864197530864198,1.5230810520665594,4.320987654320987,0.19457863660762212,,
30,29.998658078368223,57.58185721953838,0.5971551261406334,5.83064949006978,1.5230810520665594,4.274020397208803,0.19457863660762212,,
31,30.05233494363929,54.04589371980676,0.7380568974771873,5.803811057434245,1.6572732152442298,7.50805152979066,0.19457863660762212,,
32,29.51556629092861,53.32125603864734,0.7380568974771873,7.03166935050993,1.6572732152442298,7.4208266237251745,0.19457863660762212,0.12077294685990338,
33,30.05233494363929,52.361782071927,0.7380568974771873,6.937734836285561,1.6572732152442298,7.380568974771873,0.19457863660762212,0.6776704240472357,
34,30.119431025228128,52.30810520665593,0.7380568974771873,6.9243156199677935,1.6572732152442298,7.380568974771873,0.19457863660762212,0.6776704240472357,
35,29.1532474503489,53.40177133655394,0.7246376811594203,6.843800322061192,1.6572732152442298,7.347020933977456,0.19457863660762212,0.6776704240472357,
36,29.70343531937735,53.133387010198604,0.7246376811594203,6.843800322061192,1.6304347826086956,7.118894256575416,0.19457863660762212,0.6508319914117016,
37,30.387815351583466,52.81803542673108,0.7246376811594203,6.474771873322598,1.6304347826086956,7.118894256575416,0.19457863660762212,0.6508319914117016,
38,30.515297906602253,52.563070316693505,0.9997316156736447,6.454643048845948,1.7847557702630166,6.837090713902308,0.19457863660762212,0.6508319914117016,
39,30.891035963499732,50.2012882447665,0.9997316156736447,6.226516371443908,1.778046162104133,9.057971014492754,0.19457863660762212,0.6508319914117016,
40,30.844068706387546,50.36231884057971,0.9997316156736447,6.206387546967257,1.778046162104133,8.964036500268385,0.19457863660762212,0.6508319914117016,
41,31.09903381642512,50.22141706924316,0.9997316156736447,6.206387546967257,1.7579173376274826,8.870101986044014,0.19457863660762212,0.6508319914117016,
42,31.568706387546968,49.88593666129898,0.9997316156736447,6.1929683306494905,1.7579173376274826,8.749329039184111,0.19457863660762212,0.6508319914117016,
43,31.790123456790123,49.724906065485776,0.9863123993558777,6.166129898013956,1.7579173376274826,8.729200214707461,0.19457863660762212,0.6508319914117016,
44,31.843800322061192,49.47665056360709,1.1205045625335481,6.166129898013956,1.6774020397208802,8.722490606548577,0.19457863660762212,0.798443370907139,
45,32.306763285024154,49.121041331186255,1.1205045625335481,6.092324208266238,1.6774020397208802,8.68894256575416,0.19457863660762212,0.798443370907139,
46,32.769726247987116,48.76543209876543,1.1205045625335481,6.0587761674718195,1.6774020397208802,8.61513687600644,0.19457863660762212,0.798443370907139,
47,33.091787439613526,48.46349973161568,1.1205045625335481,6.038647342995169,1.6774020397208802,8.61513687600644,0.19457863660762212,0.798443370907139,
48,32.79656468062265,46.88674181427805,1.093666129898014,6.025228126677402,1.6706924315619969,10.534084809447128,0.19457863660762212,0.798443370907139,
49,33.272946859903385,46.4573268921095,1.093666129898014,6.018518518518518,1.6706924315619969,10.493827160493828,0.19457863660762212,0.798443370907139,
50,31.622383252818036,51.17418142780462,0.9728931830381106,5.441492216854535,1.596886741814278,8.239398819108963,0.17444981213097155,0.7783145464304885,
51,30.56897477187332,47.819377348362856,4.4820182501341925,4.9651100375738055,1.596886741814278,9.621578099838969,0.17444981213097155,0.7716049382716049,
52,30.991680085882983,47.517444981213096,4.388083735909823,4.9651100375738055,1.596886741814278,9.594739667203436,0.17444981213097155,0.7716049382716049,
53,30.48174986580784,47.215512614063336,4.341116478797638,3.1870638754696725,0.3757380568974772,13.45276435856146,0.17444981213097155,0.7716049382716049,
54,30.99838969404187,46.4975845410628,4.2270531400966185,3.1870638754696725,0.8319914117015567,13.311862587224907,0.17444981213097155,0.7716049382716049,
55,30.951422436929683,43.69967793880837,4.213633923778851,3.180354267310789,0.8185721953837896,16.190284487385938,0.17444981213097155,0.7716049382716049,
56,31.4747718733226,43.25684380032206,4.213633923778851,3.180354267310789,0.8185721953837896,16.109769189479334,0.17444981213097155,0.7716049382716049,
57,31.5955448201825,43.042136339237786,4.200214707461084,3.3279656468062266,0.8185721953837896,16.069511540526033,0.17444981213097155,0.7716049382716049,
58,32.17928073000537,42.8743961352657,4.186795491143317,3.2474503488996245,0.8185721953837896,15.747450348899624,0.17444981213097155,0.7716049382716049,
59,31.32716049382716,41.95517981749866,4.166666666666667,3.2206119162640903,0.8185721953837896,17.59259259259259,0.17444981213097155,0.7447665056360708,
60,32.00483091787439,41.54589371980676,4.139828234031133,3.207192699946323,0.8185721953837896,17.498658078368223,0.17444981213097155,0.6105743424584005,
61,32.25979602791197,41.45195920558239,4.139828234031133,3.207192699946323,0.8185721953837896,17.337627482555018,0.17444981213097155,0.6105743424584005,
62,32.43424584004294,41.36473429951691,4.106280193236715,3.207192699946323,0.8118625872249061,17.290660225442835,0.17444981213097155,0.6105743424584005,
63,32.78314546430489,41.22383252818035,4.032474503488996,3.207192699946323,0.8118625872249061,17.156468062265162,0.17444981213097155,0.6105743424584005,
64,33.2662372517445,40.727321524422976,4.032474503488996,3.2004830917874396,0.9863123993558777,17.002147074610843,0.17444981213097155,0.6105743424584005,
65,33.11862587224906,40.45893719806763,4.032474503488996,3.670155662909286,0.9863123993558777,16.948470209339774,0.17444981213097155,0.6105743424584005,
66,33.55475040257649,39.86849168008588,3.9855072463768115,3.656736446591519,1.2278582930756843,16.921631776704242,0.17444981213097155,0.6105743424584005,
67,34.064680622651636,39.801395598497045,4.086151368760064,3.656736446591519,1.2278582930756843,16.378153515834676,0.17444981213097155,0.6105743424584005,
68,34.21900161030596,38.848631239935585,4.159957058507783,5.032206119162641,0.7716049382716049,16.183574879227052,0.17444981213097155,0.6105743424584005,
69,34.49409554482018,38.81508319914117,4.139828234031133,5.032206119162641,0.7716049382716049,15.98899624261943,0.17444981213097155,0.5837359098228664,
70,34.75577026301664,38.64734299516908,4.072732152442297,5.005367686527107,0.7716049382716049,15.98899624261943,0.17444981213097155,0.5837359098228664,
71,34.936929683306495,38.70101986044015,4.066022544283414,4.9718196457326895,0.7716049382716049,15.801127214170693,0.16774020397208803,0.5837359098228664,
72,35.23215244229737,38.539989264626946,4.066022544283414,4.9718196457326895,0.7514761137949544,15.687063875469672,0.16774020397208803,0.5837359098228664,
73,35.67498658078368,38.258185721953836,4.066022544283414,4.918142780461621,0.7514761137949544,15.579710144927537,0.16774020397208803,0.5837359098228664,
74,35.21202361782072,37.74154589371981,4.052603327965647,5.864197530864198,0.8588298443370908,15.519323671497585,0.16774020397208803,0.5837359098228664,
75,35.507246376811594,37.62748255501879,4.019055287171229,5.864197530864198,0.8588298443370908,15.385131508319914,0.16774020397208803,0.5703166935050993,
76,35.75550187869028,37.58722490606549,3.965378421900161,5.756843800322061,0.8588298443370908,15.33816425120773,0.16774020397208803,0.5703166935050993,
77,34.916800858829845,36.22517444981213,3.9519592055823938,5.723295759527644,0.8588298443370908,17.58588298443371,0.16774020397208803,0.5703166935050993,
78,35.057702630166396,36.18491680085883,3.938539989264627,5.683038110574342,0.8588298443370908,17.538915727321523,0.16774020397208803,0.5703166935050993,
79,35.30595813204509,35.99704777241009,3.9318303811057436,5.683038110574342,0.8387010198604401,17.351046698872786,0.16774020397208803,0.7246376811594203,
80,35.55421363392378,35.87627482555019,3.9318303811057436,5.622651637144391,0.8387010198604401,17.28395061728395,0.16774020397208803,0.7246376811594203,
81,35.789049919484704,35.7085346215781,3.92512077294686,5.622651637144391,0.8387010198604401,17.223564143854,0.16774020397208803,0.7246376811594203,
82,36.16478797638218,35.47369833601718,3.8848631239935587,5.609232420826624,0.8387010198604401,17.156468062265162,0.16774020397208803,0.7045088566827697,
83,36.52710681696189,35.27241009125067,3.864734299516908,5.58239398819109,0.8387010198604401,17.042404723564143,0.16774020397208803,0.7045088566827697,
84,36.85587761674718,35.138217928073,3.864734299516908,5.428073000536768,0.8387010198604401,17.002147074610843,0.16774020397208803,0.7045088566827697,
85,37.21819645732689,34.94363929146538,3.864734299516908,5.307300053676865,0.8387010198604401,16.955179817498657,0.16774020397208803,0.7045088566827697,
86,37.003488996242616,33.20585077831455,5.884326355340848,5.307300053676865,0.8387010198604401,16.888083735909824,0.16774020397208803,0.7045088566827697,
87,37.084004294149224,33.19243156199678,5.884326355340848,5.307300053676865,0.8387010198604401,16.820987654320987,0.16774020397208803,0.7045088566827697,
88,37.432903918411164,33.08507783145464,5.850778314546431,5.273752012882448,0.8252818035426731,16.6935050993022,0.14090177133655393,0.6977992485238862,
89,37.6207729468599,32.85024154589372,6.018518518518518,5.233494363929147,0.8252818035426731,16.6129898013956,0.14090177133655393,0.6977992485238862,
90,37.8690284487386,32.66237251744498,5.964841653247451,5.10601180891036,0.8252818035426731,16.774020397208805,0.14090177133655393,0.6575415995705851,
91,38.16425120772947,32.55501878690284,5.857487922705314,5.032206119162641,0.8252818035426731,16.76731078904992,0.14090177133655393,0.6575415995705851,
92,38.486312399355874,32.407407407407405,5.783682232957595,5.005367686527107,0.8185721953837896,16.700214707461082,0.14090177133655393,0.6575415995705851,
93,38.486312399355874,32.27992485238862,5.71658615136876,5.24020397208803,0.8185721953837896,16.659957058507782,0.14090177133655393,0.6575415995705851,
94,38.6003757380569,31.93102522812668,5.71658615136876,5.24020397208803,1.1137949543746646,16.59957058507783,0.14090177133655393,0.6575415995705851,
95,38.5601180891036,31.233225979602793,5.71658615136876,6.052066559312936,1.1137949543746646,16.525764895330113,0.14090177133655393,0.6575415995705851,
96,36.902844873859365,29.716854535695116,5.71658615136876,12.305421363392378,1.1137949543746646,13.446054750402576,0.14090177133655393,0.6575415995705851,
97,36.9699409554482,29.435050993022006,5.676328502415459,12.285292538915728,1.1137949543746646,13.446054750402576,0.14090177133655393,0.9326355340848095,
98,37.35909822866345,29.300858829844337,5.662909286097692,12.151100375738057,1.1137949543746646,13.33870101986044,0.14090177133655393,0.9326355340848095,
99,37.164519592055825,29.636339237788512,5.662909286097692,12.124261943102523,1.1137949543746646,13.24476650563607,0.14090177133655393,0.9125067096081588,
100,37.224906065485776,29.502147074610843,5.662909286097692,12.224906065485776,1.1137949543746646,13.217928073000536,0.14090177133655393,0.9125067096081588,
101,37.473161567364464,29.435050993022006,5.629361245303274,12.13768115942029,1.1137949543746646,13.050187869028449,0.24825550187869028,0.9125067096081588,
102,37.80864197530864,29.240472356414386,5.629361245303274,12.070585077831455,1.1137949543746646,12.97638217928073,0.24825550187869028,0.9125067096081588,
103,38.157541599570585,28.871443907675793,5.595813204508857,12.06387546967257,1.1137949543746646,12.714707461084272,0.24825550187869028,0.9125067096081588,0.322061191626409
104,38.399087493290395,28.6231884057971,5.595813204508857,12.06387546967257,1.2546967257112185,12.580515297906603,0.24825550187869028,0.9125067096081588,0.322061191626409
105,38.57353730542136,28.59634997316157,5.58239398819109,12.010198604401502,1.2278582930756843,12.533548040794418,0.24825550187869028,0.9057971014492754,0.322061191626409
106,38.801663982823406,28.515834675254965,5.5756843800322065,11.963231347289318,1.1876006441223832,12.506709608158884,0.2214170692431562,0.9057971014492754,0.322061191626409
107,39.06333870101986,28.35480407944176,5.5756843800322065,11.963231347289318,1.1876006441223832,12.412775093934513,0.2214170692431562,0.9057971014492754,0.3153515834675255
108,39.371980676328505,28.18035426731079,5.488459473966721,11.943102522812667,1.1876006441223832,12.385936661298981,0.2214170692431562,0.9057971014492754,0.3153515834675255
109,39.64707461084273,28.06629092860977,5.481749865807837,11.81561996779388,1.1876006441223832,12.359098228663447,0.2214170692431562,0.9057971014492754,0.3153515834675255
110,39.89533011272142,27.945517981749866,5.421363392377885,11.802200751476114,1.1876006441223832,12.352388620504563,0.2214170692431562,0.8588298443370908,0.3153515834675255
111,40.21739130434783,27.865002683843265,5.407944176060118,11.60762211486849,1.1876006441223832,12.318840579710145,0.2214170692431562,0.8588298443370908,0.3153515834675255
112,40.41867954911433,27.811325818572197,5.35426731078905,11.553945249597424,1.1808910359634996,12.318840579710145,0.2214170692431562,0.8252818035426731,0.3153515834675255
113,40.063070316693505,25.979602791196996,5.35426731078905,11.52710681696189,3.4420289855072466,12.29200214707461,0.2214170692431562,0.8051529790660226,0.3153515834675255
114,40.21068169618894,25.885668276972623,5.3341384863123995,11.513687600644122,3.435319377348363,12.278582930756844,0.2214170692431562,0.8051529790660226,0.3153515834675255
115,39.70746108427268,24.46323134728932,8.353462157809984,11.426462694578637,3.2474503488996245,11.460010735373054,0.2214170692431562,0.8051529790660226,0.3153515834675255
116,39.94900697799248,24.422973698336016,8.319914117015566,11.426462694578637,3.2139023081052067,11.325818572195384,0.2214170692431562,0.8051529790660226,0.3153515834675255
117,40.04965110037574,24.396135265700483,8.252818035426731,11.3593666129898,3.3279656468062266,11.272141706924316,0.2214170692431562,0.8051529790660226,0.3153515834675255
118,40.123456790123456,24.36929683306495,8.225979602791197,11.352657004830919,3.3279656468062266,11.258722490606548,0.2214170692431562,0.8051529790660226,0.3153515834675255
119,40.371712292002144,24.282071926999464,8.13875469672571,11.312399355877616,3.3279656468062266,11.238593666129898,0.2214170692431562,0.7917337627482555,0.3153515834675255
120,40.15700483091788,23.765432098765434,8.125335480407944,11.245303274288782,3.321256038647343,11.258722490606548,0.2214170692431562,1.5901771336553945,0.3153515834675255
121,39.05662909286098,23.597691894793343,8.071658615136876,10.95679012345679,3.2742887815351582,12.915995705850777,0.2214170692431562,1.5901771336553945,0.3153515834675255
122,32.8972088030059,21.69887278582931,8.011272141706923,18.45813204508857,3.079710144927536,13.81508319914117,0.2214170692431562,1.5029522275899088,0.3153515834675255
123,33.03811057434246,21.578099838969404,7.944176060118089,18.310520665593128,3.079710144927536,14.04320987654321,0.2214170692431562,1.4694041867954912,0.3153515834675255
124,32.78314546430489,21.24261943102523,7.212828770799785,20.853462157809982,3.052871712292002,12.848899624261943,0.2214170692431562,1.4694041867954912,0.3153515834675255
125,32.19940955448202,20.108695652173914,8.756038647342995,22.940150295222757,3.0193236714975846,10.990338164251208,0.2214170692431562,1.4492753623188406,0.3153515834675255
126,32.18599033816425,19.95437466451959,8.662104133118627,22.342995169082126,3.0059044551798175,10.88298443370907,0.2214170692431562,2.428878153515835,0.3153515834675255
127,32.56172839506173,19.77992485238862,8.621846484165324,22.25577026301664,2.9924852388620504,10.856146001073537,0.2214170692431562,2.395330112721417,0.3153515834675255
128,29.13311862587225,16.70692431561997,4.334406870638754,38.35882984433709,0.630703166935051,8.09849704777241,0.026838432635534086,2.395330112721417,0.3153515834675255
129,28.65673644659152,16.478797638217927,4.334406870638754,39.46591519055287,0.630703166935051,7.695920558239399,0.026838432635534086,2.395330112721417,0.3153515834675255
130,28.945249597423512,16.438539989264626,4.294149221685454,39.27804616210413,0.630703166935051,7.675791733762749,0.026838432635534086,2.395330112721417,0.3153515834675255
131,29.314278046162105,16.358024691358025,4.247181964573269,39.110305958132045,0.630703166935051,7.615405260332796,0.026838432635534086,2.38191089640365,0.3153515834675255
132,29.64975845410628,16.344605475040257,4.200214707461084,38.969404186795494,0.630703166935051,7.481213097155126,0.026838432635534086,2.38191089640365,0.3153515834675255
133,30.03220611916264,16.25738056897477,4.314278046162104,38.71443907675792,0.630703166935051,7.461084272678476,0.026838432635534086,2.24771873322598,0.3153515834675255
134,30.24020397208803,16.25738056897477,4.294149221685454,38.55340848094471,0.630703166935051,7.434245840042942,0.026838432635534086,2.24771873322598,0.3153515834675255
135,30.743424584004295,16.183574879227052,4.26731078904992,38.1508319914117,0.630703166935051,7.434245840042942,0.026838432635534086,2.24771873322598,0.3153515834675255
136,30.95813204508857,16.10305958132045,4.26731078904992,38.02334943639291,0.630703166935051,7.427536231884058,0.026838432635534086,2.24771873322598,0.3153515834675255
137,31.199677938808374,16.069511540526033,4.186795491143317,37.92270531400966,0.630703166935051,7.4006977992485234,0.026838432635534086,2.24771873322598,0.3153515834675255
138,30.870907139023082,15.70048309178744,4.159957058507783,38.71443907675792,0.630703166935051,7.353730542136339,0.026838432635534086,2.227589908749329,0.3153515834675255
139,31.19296833064949,15.579710144927537,4.146537842190016,38.53327965646806,0.630703166935051,7.347020933977456,0.026838432635534086,2.227589908749329,0.3153515834675255
140,31.28690284487386,15.4723564143854,4.159957058507783,38.51315083199141,0.630703166935051,7.367149758454106,0.026838432635534086,2.227589908749329,0.3153515834675255
141,31.273483628556093,15.365002683843263,4.53569511540526,38.177670424047236,0.630703166935051,7.159151905528717,0.026838432635534086,2.5161030595813205,0.3153515834675255
142,31.622383252818036,15.157004830917874,4.51556629092861,38.09044551798175,0.630703166935051,7.132313472893183,0.026838432635534086,2.509393451422437,0.3153515834675255
143,31.756575415995705,15.123456790123457,4.51556629092861,38.02334943639291,0.630703166935051,7.098765432098766,0.026838432635534086,2.509393451422437,0.3153515834675255
144,31.944444444444443,15.083199141170155,4.51556629092861,37.875738056897475,0.630703166935051,7.098765432098766,0.026838432635534086,2.509393451422437,0.3153515834675255
145,30.334138486312398,14.083467525496511,4.106280193236715,42.27724100912507,0.630703166935051,5.911164787976382,0.46967257112184646,1.8719806763285025,0.3153515834675255
146,30.877616747181964,14.056629092860977,4.106280193236715,41.79414922168545,0.6038647342995169,5.911164787976382,0.46967257112184646,1.865271068169619,0.3153515834675255
147,31.34728931830381,14.016371443907676,4.066022544283414,41.40499194847021,0.6038647342995169,5.911164787976382,0.46967257112184646,1.865271068169619,0.3153515834675255
148,31.85721953837896,13.935856146001074,4.032474503488996,41.015834675254965,0.6038647342995169,5.904455179817498,0.46967257112184646,1.865271068169619,0.3153515834675255
149,32.27992485238862,13.828502415458937,4.032474503488996,40.653515834675254,0.5971551261406334,5.8172302737520125,0.46967257112184646,2.006172839506173,0.3153515834675255
150,32.54830917874396,13.821792807300053,4.032474503488996,40.39855072463768,0.5971551261406334,5.8172302737520125,0.46296296296296297,2.006172839506173,0.3153515834675255
151,33.011272141706925,13.7211486849168,3.965378421900161,39.982555018786904,0.7179280730005367,5.8172302737520125,0.46296296296296297,2.006172839506173,0.3153515834675255
152,33.319914117015564,13.593666129898015,3.9519592055823938,39.86849168008588,0.7179280730005367,5.8172302737520125,0.43612453032742887,1.9793344068706387,0.3153515834675255
153,33.7962962962963,13.539989264626946,3.9519592055823938,39.53301127214171,0.7179280730005367,5.750134192163178,0.41599570585077833,1.9793344068706387,0.3153515834675255
154,31.072195383789587,11.641170155662909,3.898282340311326,44.20960815888352,0.7179280730005367,5.750134192163178,0.41599570585077833,1.9793344068706387,0.3153515834675255
155,31.48148148148148,11.480139559849706,3.8714439076757916,44.02844873859367,0.7179280730005367,5.71658615136876,0.41599570585077833,1.9726247987117553,0.3153515834675255
156,31.132581857219538,11.379495437466453,3.535963499731616,43.41116478797638,0.7179280730005367,5.5689747718733225,0.41599570585077833,3.5225442834138487,0.3153515834675255
157,31.54186795491143,11.312399355877616,3.535963499731616,43.11594202898551,0.7179280730005367,5.522007514761138,0.41599570585077833,3.5225442834138487,0.3153515834675255
158,31.850509930220074,11.29898013955985,3.535963499731616,42.74020397208803,0.6977992485238862,5.495169082125604,0.5568974771873323,3.5225442834138487,0.30193236714975846
159,32.038378958668815,11.272141706924316,3.4688674181427803,42.572463768115945,0.6977992485238862,5.481749865807837,0.7045088566827697,3.4621578099838968,0.30193236714975846
160,32.30005367686527,11.238593666129898,3.4688674181427803,42.47181964573269,0.6977992485238862,5.35426731078905,0.7045088566827697,3.4621578099838968,0.30193236714975846
161,32.648953301127214,11.171497584541063,3.408480944712829,42.25711218464841,0.6977992485238862,5.347557702630167,0.7045088566827697,3.4621578099838968,0.30193236714975846
162,33.07836822329576,11.104401502952227,3.3950617283950617,41.908212560386474,0.6977992485238862,5.347557702630167,0.7045088566827697,3.4621578099838968,0.30193236714975846
163,33.313204508856685,11.104401502952227,3.3950617283950617,41.67337627482555,0.6977992485238862,5.347557702630167,0.7045088566827697,3.4621578099838968,0.30193236714975846
164,33.74932903918411,10.929951690821255,3.361513687600644,41.2842190016103,0.6575415995705851,5.347557702630167,0.6977992485238862,3.670155662909286,0.30193236714975846
165,32.84353193773484,10.178475577026301,5.347557702630167,41.10976918947934,0.5703166935050993,5.3341384863123995,0.6977992485238862,3.616478797638218,0.30193236714975846
166,33.08507783145464,10.158346752549651,5.347557702630167,40.88835212023618,0.5703166935050993,5.3341384863123995,0.6977992485238862,3.616478797638218,0.30193236714975846
167,33.3467525496511,10.138217928073,5.3341384863123995,40.666935050993025,0.5703166935050993,5.3274288781535155,0.6977992485238862,3.616478797638218,0.30193236714975846
168,33.11862587224906,9.762479871175524,5.314009661835748,41.45195920558239,0.5703166935050993,5.320719269994632,0.6977992485238862,3.4621578099838968,0.30193236714975846
169,33.400429414922165,9.708803005904455,5.307300053676865,41.27079978529254,0.5703166935050993,5.287171229200215,0.6977992485238862,3.455448201825013,0.30193236714975846
170,33.73590982286635,9.634997316156737,5.428073000536768,40.94202898550725,0.5703166935050993,5.273752012882448,0.6977992485238862,3.4151905528717124,0.30193236714975846
171,34.01771336553945,9.601449275362318,5.394524959742351,40.754159957058505,0.5703166935050993,5.273752012882448,0.6977992485238862,3.388352120236178,0.30193236714975846
172,34.20558239398819,9.567901234567902,5.381105743424584,40.61996779388084,0.5703166935050993,5.273752012882448,0.6977992485238862,3.3816425120772946,0.30193236714975846
173,34.50751476113795,9.500805152979066,5.340848094471283,40.55958132045089,0.5703166935050993,5.233494363929147,0.6977992485238862,3.2877079978529253,0.30193236714975846
174,34.77589908749329,9.494095544820183,5.3274288781535155,40.21068169618894,0.5703166935050993,5.2066559312936125,0.8387010198604401,3.280998389694042,0.2952227589908749
175,35.07783145464305,9.480676328502415,5.314009661835748,40.11674718196457,0.5703166935050993,5.0791733762748255,0.8387010198604401,3.2675791733762747,0.2549651100375738
176,34.98389694041868,9.366612989801396,5.273752012882448,39.60681696188943,0.7783145464304885,5.783682232957595,0.8387010198604401,3.113258185721954,0.2549651100375738
177,35.47369833601718,9.359903381642512,5.273752012882448,39.150563607085346,0.7783145464304885,5.783682232957595,0.8387010198604401,3.0864197530864197,0.2549651100375738
178,35.82259796027912,9.333064949006978,5.267042404723564,38.868760064412236,0.7783145464304885,5.783682232957595,0.8118625872249061,3.079710144927536,0.2549651100375738
179,35.94337090713902,9.306226516371444,5.233494363929147,38.821792807300056,0.7783145464304885,5.783682232957595,0.8118625872249061,3.066290928609769,0.2549651100375738
180,36.090982286634464,9.286097691894794,5.226784755770263,38.73456790123457,0.7783145464304885,5.750134192163178,0.8118625872249061,3.066290928609769,0.2549651100375738
181,36.621041331186255,9.198872785829307,5.173107890499195,38.459473966720346,0.7783145464304885,5.676328502415459,0.8118625872249061,3.026033279656468,0.2549651100375738
182,36.8491680085883,9.198872785829307,5.173107890499195,38.26489533011272,0.7783145464304885,5.642780461621041,0.8118625872249061,3.026033279656468,0.2549651100375738
183,37.33225979602791,9.111647879763822,4.9651100375738055,38.08373590982286,0.7783145464304885,5.636070853462158,0.8118625872249061,3.026033279656468,0.2549651100375738
184,37.59393451422437,9.078099838969404,4.924852388620504,37.775093934514224,0.8990874932903918,5.636070853462158,0.8118625872249061,3.026033279656468,0.2549651100375738
185,37.4597423510467,9.024422973698336,4.918142780461621,35.97691894793344,2.932098765432099,5.622651637144391,0.798443370907139,3.012614063338701,0.2549651100375738
186,37.62748255501879,8.923778851315083,5.032206119162641,35.809178743961354,2.9119699409554483,5.595813204508857,0.7246376811594203,3.1199677938808374,0.2549651100375738
187,37.936124530327426,8.870101986044014,5.032206119162641,35.70182501341922,2.9119699409554483,5.488459473966721,0.7246376811594203,3.079710144927536,0.2549651100375738
188,38.05018786902845,8.870101986044014,5.032206119162641,35.601180891035966,2.898550724637681,5.488459473966721,0.7246376811594203,3.079710144927536,0.2549651100375738
189,38.51315083199141,8.776167471819646,5.005367686527107,35.32608695652174,2.898550724637681,5.434782608695652,0.7179280730005367,3.0730005367686526,0.2549651100375738
190,38.97611379495437,8.662104133118627,4.978529253891573,35.03086419753087,2.8381642512077296,5.35426731078905,0.7179280730005367,3.1870638754696725,0.2549651100375738
191,35.41331186258722,8.192431561996779,4.9718196457326895,40.445517981749866,2.7643585614600106,4.38137412775094,0.6575415995705851,2.918679549114332,0.2549651100375738
192,35.628019323671495,8.172302737520129,4.944981213097155,40.31803542673108,2.7643585614600106,4.341116478797638,0.6575415995705851,2.918679549114332,0.2549651100375738
193,35.89640365002684,8.152173913043478,4.944981213097155,40.103327965646805,2.7509393451422435,4.341116478797638,0.6575415995705851,2.898550724637681,0.2549651100375738
194,36.06414385399893,8.152173913043478,4.884594739667204,40.022812667740205,2.7509393451422435,4.341116478797638,0.6508319914117016,2.898550724637681,0.23483628556092323
195,36.44659151905529,8.017981749865807,4.884594739667204,39.72758990874933,2.7509393451422435,4.341116478797638,0.630703166935051,2.965646806226516,0.23483628556092323
196,36.74852388620504,8.017981749865807,4.871175523349437,39.44578636607622,2.7509393451422435,4.341116478797638,0.630703166935051,2.9589371980676327,0.23483628556092323
197,36.8491680085883,7.957595276435856,4.797369833601718,38.6406333870102,2.7308105206655933,5.3341384863123995,0.630703166935051,2.8247450348899625,0.23483628556092323
198,37.4597423510467,7.883789586688137,4.7638217928073,38.22463768115942,2.703972088030059,5.280461621041331,0.6239935587761675,2.8247450348899625,0.23483628556092323
199,37.64090177133655,7.830112721417069,4.7638217928073,38.1508319914117,2.6704240472356413,5.280461621041331,0.6239935587761675,2.804616210413312,0.23483628556092323
200,37.92941492216855,7.729468599033816,4.7638217928073,37.88915727321525,2.6704240472356413,5.273752012882448,0.6172839506172839,2.918679549114332,0.20799785292538917
201,38.25147611379496,7.6623725174449815,4.7101449275362315,37.734836285560924,2.6704240472356413,5.260332796564681,0.6105743424584005,2.8918411164787976,0.20799785292538917
202,38.506441223832525,7.6623725174449815,4.696725711218465,37.553676865271065,2.6502952227589907,5.260332796564681,0.6105743424584005,2.8515834675254963,0.20799785292538917
203,38.62050456253355,7.6623725174449815,4.696725711218465,37.486580783682236,2.6167471819645733,5.246913580246914,0.6105743424584005,2.8515834675254963,0.20799785292538917
204,38.93585614600107,7.635534084809447,4.676596886741814,37.25845410628019,2.589908749329039,5.233494363929147,0.6105743424584005,2.8515834675254963,0.20799785292538917
205,39.170692431561996,7.62211486849168,4.643048845947397,37.09742351046699,2.563070316693505,5.233494363929147,0.6105743424584005,2.8515834675254963,0.20799785292538917
206,39.34514224369297,7.588566827697263,4.5960815888352125,37.003488996242616,2.563070316693505,5.233494363929147,0.6105743424584005,2.8515834675254963,0.20799785292538917
207,39.55984970477724,7.588566827697263,4.575952764358561,36.69484702093398,2.536231884057971,5.233494363929147,0.7514761137949544,2.8515834675254963,0.20799785292538917
208,39.92887815351583,7.541599570585078,4.575952764358561,36.41304347826087,2.536231884057971,5.2066559312936125,0.7514761137949544,2.8381642512077296,0.20799785292538917
209,39.439076757917334,7.320182501341922,4.575952764358561,35.507246376811594,2.4355877616747184,7.0450885668276975,0.7313472893183038,2.737520128824477,0.20799785292538917
210,39.52630166398282,7.306763285024155,4.575952764358561,35.43344068706388,2.4355877616747184,7.0450885668276975,0.7313472893183038,2.737520128824477,0.20799785292538917
211,39.02308105206656,7.2933440687063875,4.528985507246377,33.24610842726785,2.4355877616747184,9.796027911969942,0.7313472893183038,2.737520128824477,0.20799785292538917
212,39.08346752549651,7.2933440687063875,4.528985507246377,33.08507783145464,2.4355877616747184,9.796027911969942,0.6977992485238862,2.871712292002147,0.20799785292538917
213,39.231078904991946,7.27992485238862,4.528985507246377,32.950885668276975,2.4355877616747184,9.796027911969942,0.6977992485238862,2.871712292002147,0.20799785292538917
214,39.418947933440684,7.273215244229737,4.528985507246377,32.84353193773484,2.408749329039184,9.762479871175524,0.6977992485238862,2.85829307568438,0.20799785292538917
215,39.72758990874933,7.232957595276436,4.502147074610843,32.51476113794954,2.408749329039184,9.722222222222221,0.8454106280193237,2.85829307568438,0.1878690284487386
216,39.95571658615137,7.219538378958669,4.49543746645196,32.43424584004294,2.408749329039184,9.64170692431562,0.8387010198604401,2.818035426731079,0.1878690284487386
217,40.17042404723564,7.14573268921095,4.488727858293076,32.25979602791197,2.395330112721417,9.628287707997853,0.8051529790660226,2.918679549114332,0.1878690284487386
218,40.07648953301127,7.051798174986581,4.488727858293076,32.03166935050993,2.395330112721417,9.628287707997853,0.8051529790660226,3.33467525496511,0.1878690284487386
219,40.29790660225443,7.0383789586688135,4.468599033816425,31.863929146537842,2.395330112721417,9.628287707997853,0.8051529790660226,3.3145464304884595,0.1878690284487386
220,40.27777777777778,6.904186795491143,4.455179817498658,31.924315619967793,2.395330112721417,9.601449275362318,0.8051529790660226,3.44873859366613,0.1878690284487386
221,40.41196994095545,6.884057971014493,4.455179817498658,31.82367149758454,2.395330112721417,9.601449275362318,0.8051529790660226,3.435319377348363,0.1878690284487386
222,40.58641975308642,6.877348362855609,4.455179817498658,31.682769726247987,2.395330112721417,9.581320450885668,0.8051529790660226,3.4286097691894795,0.1878690284487386
223,39.85507246376812,6.863929146537842,4.448470209339774,30.414653784219002,2.3752012882447664,11.748523886205046,0.6776704240472357,3.4286097691894795,0.1878690284487386
224,40.17042404723564,6.863929146537842,4.448470209339774,30.35426731078905,2.2879763821792807,11.60762211486849,0.6776704240472357,3.4017713365539453,0.1878690284487386
225,40.371712292002144,6.816961889425658,4.448470209339774,30.267042404723565,2.26784755770263,11.560654857756306,0.6776704240472357,3.4017713365539453,0.1878690284487386
226,40.55958132045089,6.816961889425658,4.448470209339774,30.17981749865808,2.2342995169082127,11.540526033279656,0.6776704240472357,3.361513687600644,0.18115942028985507
227,40.552871712292,6.9310252281266775,4.428341384863124,30.139559849704778,2.2342995169082127,11.506977992485238,0.6776704240472357,3.3480944712828773,0.18115942028985507
228,40.78099838969404,6.910896403650026,4.4820182501341925,30.08588298443371,2.2208803005904456,11.325818572195384,0.6776704240472357,3.33467525496511,0.18115942028985507
229,40.94873859366613,6.910896403650026,4.4820182501341925,29.985238862050455,2.1940418679549114,11.285560923242082,0.6776704240472357,3.33467525496511,0.18115942028985507
230,41.317767042404725,6.890767579173376,4.4820182501341925,29.750402576489535,2.1940418679549114,11.178207192699947,0.6776704240472357,3.3279656468062266,0.18115942028985507
231,41.46537842190016,6.890767579173376,4.468599033816425,29.66988727858293,2.1940418679549114,11.124530327428879,0.6776704240472357,3.3279656468062266,0.18115942028985507
232,41.639828234031135,6.890767579173376,4.468599033816425,29.528985507246375,2.187332259796028,11.097691894793345,0.6776704240472357,3.3279656468062266,0.18115942028985507
233,41.80756843800322,6.877348362855609,4.461889425657541,29.280730005367687,2.328234031132582,11.07085346215781,0.6776704240472357,3.3145464304884595,0.18115942028985507
234,42.129629629629626,6.863929146537842,4.40150295222759,29.07944176060118,2.328234031132582,11.023886205045626,0.6776704240472357,3.3145464304884595,0.18115942028985507
235,42.45840042941492,6.850509930220075,4.327697262479871,28.958668813741276,2.328234031132582,10.976918947933441,0.6776704240472357,3.240740740740741,0.18115942028985507
236,42.07595276435856,6.622383252818035,4.280730005367687,28.576221148684915,2.3215244229736984,11.90955448201825,0.6776704240472357,3.3548040794417604,0.18115942028985507
237,42.25711218464841,6.608964036500268,4.280730005367687,28.408480944712828,2.3215244229736984,11.90955448201825,0.6776704240472357,3.3548040794417604,0.18115942028985507
238,42.52549651100376,6.608964036500268,4.280730005367687,28.193773483628558,2.3215244229736984,11.876006441223833,0.6776704240472357,3.3480944712828773,0.16774020397208803
239,42.76033279656468,6.595544820182502,4.280730005367687,27.992485238862052,2.3215244229736984,11.876006441223833,0.6642512077294686,3.3413848631239937,0.16774020397208803
240,42.921363392377884,6.561996779388084,4.26731078904992,27.89855072463768,2.3215244229736984,11.869296833064949,0.6642512077294686,3.3279656468062266,0.16774020397208803
241,43.15619967793881,6.521739130434782,4.200214707461084,27.70397208803006,2.3215244229736984,11.788781535158346,0.6642512077294686,3.475577026301664,0.16774020397208803
242,43.31723027375201,6.521739130434782,4.166666666666667,27.61003757380569,2.2879763821792807,11.788781535158346,0.6642512077294686,3.475577026301664,0.16774020397208803
243,43.552066559312934,6.521739130434782,4.166666666666667,27.4020397208803,2.2879763821792807,11.788781535158346,0.6642512077294686,3.44873859366613,0.16774020397208803
244,43.69967793880837,6.515029522275899,4.166666666666667,27.28797638217928,2.2879763821792807,11.788781535158346,0.6642512077294686,3.421900161030596,0.16774020397208803
245,43.88083735909823,6.501610305958132,4.166666666666667,27.18733225979603,2.2879763821792807,11.735104669887278,0.6508319914117016,3.421900161030596,0.16774020397208803
246,44.18276972624799,6.494900697799249,4.166666666666667,27.01959205582394,2.1806226516371443,11.735104669887278,0.6508319914117016,3.4017713365539453,0.16774020397208803
247,44.28341384863124,6.4412238325281805,4.166666666666667,27.012882447665056,2.1806226516371443,11.694847020933977,0.6508319914117016,3.4017713365539453,0.16774020397208803
248,44.618894256575416,6.4412238325281805,4.126409017713366,26.86527106816962,2.1269457863660763,11.600912506709609,0.6508319914117016,3.4017713365539453,0.16774020397208803
249,44.73295759527644,6.414385399892646,4.126409017713366,26.81159420289855,2.1269457863660763,11.56736446591519,0.6508319914117016,3.4017713365539453,0.16774020397208803
250,44.95437466451959,6.327160493827161,4.1129898013955986,26.69753086419753,2.1269457863660763,11.56736446591519,0.6508319914117016,3.3950617283950617,0.16774020397208803
251,45.1556629092861,6.320450885668277,4.1129898013955986,26.54320987654321,2.1269457863660763,11.52710681696189,0.6508319914117016,3.3950617283950617,0.16774020397208803
252,45.50456253354804,6.3137412775093935,4.1129898013955986,26.36876006441224,2.1269457863660763,11.3593666129898,0.6508319914117016,3.3950617283950617,0.16774020397208803
253,45.71256038647343,6.3137412775093935,4.106280193236715,26.221148684916802,2.1269457863660763,11.312399355877616,0.6508319914117016,3.3950617283950617,0.1610305958132045
254,46.03462157809984,6.3137412775093935,4.106280193236715,26.039989264626946,2.0933977455716586,11.218464841653248,0.6508319914117016,3.3816425120772946,0.1610305958132045
