,45,50,52,54,51,55,53,56,57
0,96.20236178207193,3.797638217928073,,,,,,,
1,96.20236178207193,3.797638217928073,,,,,,,
2,95.8064949006978,4.193505099302201,,,,,,,
3,95.8064949006978,4.193505099302201,,,,,,,
4,87.44632313472893,12.553676865271068,,,,,,,
5,86.18491680085883,13.81508319914117,,,,,,,
6,83.90365002683843,16.09634997316157,,,,,,,
7,83.04482018250134,15.673644659151906,1.2815351583467525,,,,,,
8,81.68276972624798,17.03569511540526,1.2815351583467525,,,,,,
9,82.01825013419216,16.700214707461082,1.2815351583467525,,,,,,
10,79.15995705850779,19.558507783145465,1.2815351583467525,,,,,,
11,78.57622114868492,20.142243692968332,1.2815351583467525,,,,,,
12,72.94015029522276,25.77831454643049,1.2815351583467525,,,,,,
13,73.0877616747182,25.63070316693505,1.2815351583467525,,,,,,
14,73.0877616747182,25.47638217928073,1.2815351583467525,0.15432098765432098,,,,,
15,72.85292538915728,24.812130971551262,1.2815351583467525,0.15432098765432098,0.8990874932903918,,,,
16,69.75308641975309,27.932098765432098,1.261406333870102,0.15432098765432098,0.8990874932903918,,,,
17,68.86741814278047,28.005904455179817,2.073268921095008,0.15432098765432098,0.8990874932903918,,,,
18,68.91438539989265,27.958937198067634,2.073268921095008,0.15432098765432098,0.8990874932903918,,,,
19,68.74664519592056,28.12667740203972,2.073268921095008,0.15432098765432098,0.8990874932903918,,,,
20,64.69404186795491,21.880032206119164,2.0397208803005906,0.15432098765432098,11.231884057971014,,,,
21,64.91545893719807,21.69887278582931,2.0397208803005906,0.15432098765432098,11.191626409017713,,,,
22,63.77482555018787,22.839506172839506,2.0397208803005906,0.15432098765432098,11.191626409017713,,,,
23,63.801663982823406,22.81266774020397,2.0397208803005906,0.15432098765432098,11.191626409017713,,,,
24,57.41411701556629,28.556092324208265,2.0397208803005906,1.093666129898014,10.896403650026839,,,,
25,47.16183574879227,29.857756307031668,2.0397208803005906,1.093666129898014,19.847020933977454,,,,
26,44.73295759527644,25.187869028448738,1.9457863660762211,1.06682769726248,27.066559312936125,,,,
27,44.840311325818575,25.09393451422437,1.9457863660762211,1.06682769726248,27.053140096618357,,,,
28,44.98792270531401,25.0402576489533,1.9457863660762211,1.06682769726248,26.959205582393988,,,,
29,21.73913043478261,67.7133655394525,0.7045088566827697,0.9259259259259259,8.158883521202362,0.7581857219538379,,,
30,21.940418679549115,67.512077294686,0.7045088566827697,0.9259259259259259,8.158883521202362,0.7581857219538379,,,
31,21.71900161030596,62.03703703703704,6.91760601180891,0.9259259259259259,5.790391841116479,0.7581857219538379,1.8518518518518519,,
32,21.980676328502415,60.44685990338164,6.561996779388084,3.408480944712829,3.9989264626945786,0.7581857219538379,2.0397208803005906,0.8051529790660226,
33,20.679012345679013,59.45383789586688,6.5552871712292005,3.374932903918411,6.333870101986044,0.7581857219538379,2.0397208803005906,0.8051529790660226,
34,20.860171765968868,59.35990338164251,6.521739130434782,3.374932903918411,6.333870101986044,0.7581857219538379,1.9860440150295222,0.8051529790660226,
35,20.632045088566827,50.436124530327426,7.427536231884058,11.735104669887278,6.219806763285024,0.7581857219538379,1.9860440150295222,0.8051529790660226,
36,20.759527643585614,50.026838432635536,7.427536231884058,9.312936124530328,5.139559849704777,0.5971551261406334,5.931293612453032,0.8051529790660226,
37,20.853462157809982,48.8996242619431,7.387278582930757,10.064412238325282,5.139559849704777,1.6706924315619969,5.2066559312936125,0.7783145464304885,
38,20.98094471282877,48.510466988727856,7.347020933977456,10.030864197530864,5.139559849704777,1.6706924315619969,5.542136339237788,0.7783145464304885,
39,21.088298443370906,48.43666129898014,7.555018786902845,9.997316156736447,4.931561996779388,1.6706924315619969,5.542136339237788,0.7783145464304885,
40,21.28287707997853,48.00053676865271,7.521470746108427,9.970477724100913,4.931561996779388,1.9726247987117553,5.542136339237788,0.7783145464304885,
41,21.537842190016104,47.87305421363392,7.494632313472893,9.883252818035427,4.918142780461621,1.9726247987117553,5.542136339237788,0.7783145464304885,
42,17.344337090713903,52.522812667740205,7.085346215780999,9.883252818035427,4.87788513150832,1.9726247987117553,5.535426731078905,0.7783145464304885,
43,17.54562533548041,51.75791733762748,7.085346215780999,9.856414385399892,4.87788513150832,2.6502952227589907,5.448201825013419,0.7783145464304885,
44,17.74020397208803,51.62372517444981,7.078636607622115,9.829575952764358,4.851046698872786,2.6502952227589907,5.448201825013419,0.7783145464304885,
45,18.035426731078903,51.44256575415996,7.078636607622115,9.73564143853999,4.851046698872786,2.6502952227589907,5.428073000536768,0.7783145464304885,
46,18.203166935050994,50.64412238325282,6.991411701556629,10.48040794417606,4.824208266237251,2.6502952227589907,5.428073000536768,0.7783145464304885,
47,16.72705314009662,49.12775093934514,6.696188942565755,11.16478797638218,7.561728395061729,2.6502952227589907,5.159688674181428,0.9125067096081588,
48,16.901502952227588,48.98684916800859,6.696188942565755,11.137949543746645,7.561728395061729,2.6435856146001075,5.159688674181428,0.9125067096081588,
49,17.03569511540526,47.30273752012882,6.696188942565755,13.94927536231884,7.561728395061729,1.3821792807300053,5.159688674181428,0.9125067096081588,
50,17.16988727858293,47.10144927536232,6.66935050993022,14.566559312936125,7.065217391304348,1.3821792807300053,5.132850241545894,0.9125067096081588,
51,17.726784755770264,45.860171765968865,6.588835212023618,15.955448201825014,6.494900697799249,1.3754696725711217,5.0858829844337095,0.9125067096081588,
52,18.04884594739667,45.71926999463231,6.588835212023618,15.807836822329575,6.468062265163715,1.3754696725711217,5.0791733762748255,0.9125067096081588,
53,18.109232420826622,44.71282877079979,7.62211486849168,15.438808373590982,6.454643048845948,1.3754696725711217,4.690016103059581,1.596886741814278,
54,17.485238862050455,43.303811057434245,7.615405260332796,15.405260332796564,8.527911969940956,1.3754696725711217,4.690016103059581,1.596886741814278,
55,17.780461621041333,43.10923242082662,7.581857219538379,15.365002683843263,8.527911969940956,1.4090177133655395,4.62962962962963,1.596886741814278,
56,17.733494363929147,43.10923242082662,7.152442297369833,15.365002683843263,8.353462157809984,2.059849704777241,4.62962962962963,1.596886741814278,
57,17.907944176060116,43.09581320450886,7.112184648416532,15.277777777777779,8.353462157809984,2.059849704777241,4.5960815888352125,1.596886741814278,
58,18.209876543209877,42.82071926999463,7.112184648416532,15.277777777777779,8.353462157809984,2.059849704777241,4.5960815888352125,1.570048309178744,
59,18.183038110574344,40.734031132581855,10.279119699409554,15.230810520665592,7.347020933977456,2.059849704777241,4.5960815888352125,1.570048309178744,
60,17.11621041331186,40.86822329575953,10.245571658615138,15.069779924852389,7.347020933977456,3.2139023081052067,4.582662372517445,1.556629092860977,
61,16.780730005367687,39.680622651637144,11.621041331186259,15.063070316693505,7.004830917874396,3.7372517444981215,4.569243156199678,1.5432098765432098,
62,16.150026838432634,39.492753623188406,11.60762211486849,15.029522275899087,7.87037037037037,3.7372517444981215,4.569243156199678,1.5432098765432098,
63,16.23054213633924,38.70101986044015,11.60762211486849,15.029522275899087,7.87037037037037,4.448470209339774,4.569243156199678,1.5432098765432098,
64,16.512345679012345,38.49302200751476,11.553945249597424,15.029522275899087,7.85024154589372,4.448470209339774,4.569243156199678,1.5432098765432098,
65,16.639828234031132,38.439345142243695,11.553945249597424,15.01610305958132,7.809983896940419,4.428341384863124,4.569243156199678,1.5432098765432098,
66,16.478797638217927,38.539989264626946,11.553945249597424,14.083467525496511,7.7831454643048845,4.428341384863124,5.589103596349974,1.5432098765432098,
67,16.089640365002683,36.10440150295223,11.553945249597424,14.049919484702093,7.7831454643048845,7.434245840042942,5.441492216854535,1.5432098765432098,
68,16.223832528180353,36.030595813204506,11.553945249597424,14.002952227589908,7.776435856146001,7.434245840042942,5.441492216854535,1.5365002683843263,
69,16.639828234031132,35.648148148148145,11.533816425120772,13.989533011272142,7.776435856146001,7.434245840042942,5.441492216854535,1.5365002683843263,
70,16.955179817498657,35.601180891035966,11.41304347826087,13.88888888888889,7.729468599033816,7.434245840042942,5.441492216854535,1.5365002683843263,
71,17.10950080515298,35.581052066559316,11.41304347826087,13.774825550187868,7.729468599033816,7.4141170155662905,5.441492216854535,1.5365002683843263,
72,16.928341384863124,30.810520665593128,9.681964573268921,13.768115942028986,13.6808910359635,7.387278582930757,6.206387546967257,1.5365002683843263,
73,16.512345679012345,29.320987654320987,8.09849704777241,13.707729468599034,18.00187869028449,7.387278582930757,5.434782608695652,1.5365002683843263,
74,16.61969940955448,29.274020397208805,8.05823939881911,13.58695652173913,18.00187869028449,7.387278582930757,5.535426731078905,1.5365002683843263,
75,16.861245303274288,28.455448201825014,10.359634997316157,13.553408480944713,15.727321524422974,8.145464304884594,5.360976918947934,1.5365002683843263,
76,15.962157809983896,26.73107890499195,11.191626409017713,16.002415458937197,15.365002683843263,7.85024154589372,5.360976918947934,1.5365002683843263,
77,16.29092860976919,26.663982823403114,11.158078368223295,15.83467525496511,15.331454643048845,7.823403113258186,5.360976918947934,1.5365002683843263,
78,16.170155662909288,26.88539989264627,11.158078368223295,15.780998389694043,15.304616210413311,7.823403113258186,5.347557702630167,1.5297906602254427,
79,16.364734299516908,26.7914653784219,12.493290391841116,15.767579173376275,13.969404186795492,7.7361782071927,5.347557702630167,1.5297906602254427,
80,16.411701556629094,26.080246913580247,12.493290391841116,15.76086956521739,13.962694578636608,8.413848631239935,5.347557702630167,1.5297906602254427,
81,16.525764895330113,26.04669887278583,12.419484702093397,15.640096618357488,13.962694578636608,8.413848631239935,5.347557702630167,1.4962426194310252,0.14761137949543746
82,16.67337627482555,25.811862587224905,13.18438003220612,15.626677402039721,13.399087493290391,8.333333333333334,5.3274288781535155,1.4962426194310252,0.14761137949543746
83,16.861245303274288,25.295222758990874,11.131239935587761,15.257648953301127,16.163446054750402,8.319914117015566,5.3274288781535155,1.4962426194310252,0.14761137949543746
84,16.955179817498657,25.295222758990874,11.131239935587761,15.257648953301127,16.09634997316157,8.319914117015566,5.3274288781535155,1.4694041867954912,0.14761137949543746
85,14.895330112721417,19.81347289318304,24.973161567364468,11.916264090177133,13.607085346215781,7.883789586688137,5.293880837359098,1.4694041867954912,0.14761137949543746
86,14.942297369833602,19.80005367686527,24.93961352657005,11.916264090177133,13.607085346215781,7.883789586688137,5.293880837359098,1.4694041867954912,0.14761137949543746
87,15.03623188405797,19.753086419753085,24.912775093934513,11.916264090177133,13.58695652173913,7.883789586688137,5.293880837359098,1.4694041867954912,0.14761137949543746
88,13.600375738056897,23.463499731615673,24.731615673644658,11.822329575952764,11.58749329039184,7.883789586688137,5.293880837359098,1.4694041867954912,0.14761137949543746
89,13.81508319914117,23.369565217391305,24.4699409554482,12.124261943102523,11.560654857756306,7.7831454643048845,5.260332796564681,1.4694041867954912,0.14761137949543746
90,13.372249060654857,23.275630703166936,27.408749329039185,11.486849168008588,11.386205045625335,7.273215244229737,4.180085882984434,1.4694041867954912,0.14761137949543746
91,13.633923778851315,23.275630703166936,27.314814814814813,11.352657004830919,11.352657004830919,7.273215244229737,4.180085882984434,1.4694041867954912,0.14761137949543746
92,13.828502415458937,23.275630703166936,26.986044015029524,11.20504562533548,10.332796564680622,7.25979602791197,4.180085882984434,2.7844873859366612,0.14761137949543746
93,14.083467525496511,23.275630703166936,26.84514224369297,11.05072463768116,10.057702630166398,7.25979602791197,4.180085882984434,3.099838969404187,0.14761137949543746
94,13.935856146001074,22.71202361782072,28.858024691358025,10.131508319914117,10.057702630166398,6.890767579173376,4.166666666666667,3.099838969404187,0.14761137949543746
95,13.325281803542673,23.03408480944713,28.227321524422972,10.0979602791197,9.017713365539452,8.890230810520666,4.166666666666667,3.0931293612453032,0.14761137949543746
96,13.291733762748256,20.014761137949545,28.938539989264626,10.997047772410092,9.01100375738057,6.300322061191626,8.246108427267847,3.0931293612453032,0.10735373054213634
97,13.331991411701557,19.79334406870639,28.938539989264626,13.841921631776705,8.910359634997317,5.971551261406334,6.119162640901771,3.0931293612453032,
98,13.41250670960816,19.77992485238862,28.931830381105744,13.801663982823403,8.890230810520666,5.971551261406334,6.119162640901771,3.0931293612453032,
99,13.83521202361782,19.719538378958667,30.226784755770264,13.774825550187868,8.548040794417606,4.723564143853999,6.105743424584004,3.066290928609769,
100,13.969404186795492,19.679280730005367,30.19994632313473,13.774825550187868,8.53462157809984,4.690016103059581,6.085614600107354,3.066290928609769,
101,13.01663982823403,17.53220611916264,22.564412238325282,11.486849168008588,23.396403650026837,3.3816425120772946,6.0587761674718195,2.563070316693505,
102,13.097155126140633,17.505367686527105,22.530864197530864,11.480139559849706,23.396403650026837,3.3682232957595275,6.0587761674718195,2.563070316693505,
103,13.144122383252817,17.478529253891573,22.517444981213096,11.480139559849706,23.389694041867955,3.3682232957595275,6.0587761674718195,2.563070316693505,
104,13.09044551798175,17.183306494900698,25.140901771336555,11.480139559849706,20.98094471282877,3.361513687600644,6.360708534621578,2.4020397208803006,
105,13.56682769726248,16.364734299516908,26.214439076757916,11.178207192699947,20.564949006977994,3.361513687600644,6.347289318303811,2.4020397208803006,
106,13.902308105206655,16.337895866881375,26.100375738056897,11.16478797638218,20.42404723564144,3.321256038647343,6.347289318303811,2.4020397208803006,
107,12.962962962962964,16.304347826086957,27.22758990874933,11.07085346215781,20.38378958668814,3.321256038647343,6.347289318303811,2.38191089640365,
108,13.023349436392914,16.14331723027375,27.214170692431562,11.191626409017713,20.377079978529252,3.321256038647343,6.347289318303811,2.38191089640365,
109,13.372249060654857,15.868223295759528,26.81159420289855,10.976918947933441,18.9747718733226,3.321256038647343,7.575147611379496,3.099838969404187,
110,13.674181427804616,15.848094471282877,26.73107890499195,10.950080515297907,18.874127750939344,3.321256038647343,7.501341921631776,3.099838969404187,
111,13.848631239935587,15.76086956521739,26.73107890499195,10.923242082662373,18.867418142780462,3.321256038647343,7.501341921631776,3.046162104133119,
112,14.13714439076758,15.754159957058508,26.704240472356414,10.856146001073537,18.699677938808374,3.321256038647343,7.481213097155126,3.046162104133119,
113,14.371980676328503,15.754159957058508,26.576757917337627,10.802469135802468,18.592324208266238,4.488727858293076,6.380837359098229,3.0327428878153517,
114,14.579978529253891,15.707192699946322,26.979334406870638,10.695115405260333,17.98845947396672,4.455179817498658,6.380837359098229,3.0327428878153517,0.18115942028985507
115,13.734567901234568,14.814814814814815,24.55716586151369,10.507246376811594,22.436929683306495,4.435050993022007,6.380837359098229,2.952227589908749,0.18115942028985507
116,13.848631239935587,14.78797638217928,24.54374664519592,10.507246376811594,22.41009125067096,4.435050993022007,6.374127750939345,2.9119699409554483,0.18115942028985507
117,13.546698872785829,13.821792807300053,29.49543746645196,9.554482018250134,21.309715512614062,3.421900161030596,5.837359098228664,2.831454643048846,0.18115942028985507
118,13.607085346215781,13.821792807300053,29.482018250134193,9.5276435856146,21.309715512614062,3.4017713365539453,5.837359098228664,2.831454643048846,0.18115942028985507
119,13.667471819645733,13.821792807300053,29.482018250134193,9.50751476113795,21.28287707997853,3.4017713365539453,5.8239398819108965,2.831454643048846,0.18115942028985507
120,13.848631239935587,13.6406333870102,29.482018250134193,9.50751476113795,21.28287707997853,3.4017713365539453,5.8239398819108965,2.831454643048846,0.18115942028985507
121,13.754696725711218,13.580246913580247,30.931293612453032,9.044551798174986,21.28287707997853,2.771068169618894,5.622651637144391,2.831454643048846,0.18115942028985507
122,13.942565754159958,13.580246913580247,30.857487922705314,9.037842190016104,21.235909822866343,2.771068169618894,5.562265163714439,2.831454643048846,0.18115942028985507
123,14.741009125067096,13.580246913580247,30.48174986580784,9.004294149221685,21.22920021470746,2.408749329039184,5.542136339237788,2.831454643048846,0.18115942028985507
124,14.814814814814815,13.580246913580247,30.9849704777241,8.769457863660762,21.215780998389693,2.408749329039184,5.226784755770263,2.818035426731079,0.18115942028985507
125,14.955716586151368,13.493022007514762,32.098765432098766,7.823403113258186,21.155394524959743,2.408749329039184,5.0858829844337095,2.7979066022544283,0.18115942028985507
126,15.069779924852389,13.45276435856146,31.80354267310789,7.7898550724637685,21.155394524959743,2.408749329039184,5.340848094471283,2.7979066022544283,0.18115942028985507
127,15.45222758990875,13.345410628019323,31.709608158883523,7.7831454643048845,21.048040794417606,2.4020397208803006,5.314009661835748,2.7643585614600106,0.18115942028985507
128,15.559581320450885,13.345410628019323,31.709608158883523,7.7831454643048845,20.974235104669887,2.368491680085883,5.314009661835748,2.7643585614600106,0.18115942028985507
129,16.002415458937197,13.291733762748256,31.38083735909823,7.7831454643048845,20.933977455716587,2.368491680085883,5.314009661835748,2.7643585614600106,0.1610305958132045
130,16.109769189479334,13.22463768115942,32.47450348899624,7.7831454643048845,19.81347289318304,2.368491680085883,5.314009661835748,2.7509393451422435,0.1610305958132045
131,16.163446054750402,13.22463768115942,32.447665056360705,7.7831454643048845,19.80005367686527,2.368491680085883,5.300590445517981,2.7509393451422435,0.1610305958132045
132,15.921900161030596,12.95625335480408,31.97799248523886,7.7898550724637685,19.732957595276435,1.9457863660762211,6.763285024154589,2.7509393451422435,0.1610305958132045
133,16.069511540526033,12.93612453032743,31.95786366076221,7.722758990874933,19.706119162640903,1.9457863660762211,6.749865807836822,2.7509393451422435,0.1610305958132045
134,13.365539452495975,11.52710681696189,27.697262479871174,7.722758990874933,29.55582393988191,1.2010198604401503,6.749865807836822,2.1806226516371443,
135,13.372249060654857,11.520397208803006,28.73054213633924,7.427536231884058,29.542404723564143,1.2010198604401503,6.387546967257112,1.8183038110574343,
136,13.633923778851315,11.520397208803006,28.69699409554482,7.427536231884058,29.455179817498657,1.2010198604401503,6.380837359098229,1.6841116478797638,
137,13.7211486849168,11.520397208803006,28.609769189479334,7.548309178743962,29.408212560386474,1.3888888888888888,6.179549114331723,1.6237251744498122,
138,13.962694578636608,11.466720343531938,28.509125067096083,7.541599570585078,29.334406870638755,1.3888888888888888,6.172839506172839,1.6237251744498122,
139,14.04320987654321,11.466720343531938,28.495705850778315,7.541599570585078,29.26731078904992,1.3888888888888888,6.172839506172839,1.6237251744498122,
140,14.325013419216317,11.419753086419753,28.388352120236178,7.541599570585078,29.139828234031132,1.3888888888888888,6.172839506172839,1.6237251744498122,
141,14.546430488459475,11.399624261943103,28.25415995705851,7.541599570585078,29.0727321524423,1.3888888888888888,6.172839506172839,1.6237251744498122,
142,14.553140096618357,11.366076221148685,29.958400429414922,7.541599570585078,27.395330112721417,1.3888888888888888,6.172839506172839,1.6237251744498122,
143,14.834943639291465,11.332528180354267,29.78395061728395,7.514761137949543,27.355072463768117,1.3888888888888888,6.166129898013956,1.6237251744498122,
144,14.76784755770263,11.117820719269995,29.7638217928073,7.206119162640902,26.717659688674182,2.214170692431562,6.635802469135802,1.5767579173376274,
145,14.727589908749328,10.86285560923242,32.86366076221149,4.562533548040794,26.690821256038646,2.1403650026838434,6.575415995705851,1.5767579173376274,
146,14.868491680085883,10.86285560923242,32.86366076221149,4.53569511540526,26.596886741814277,2.1269457863660763,6.575415995705851,1.570048309178744,
147,14.895330112721417,10.326086956521738,32.830112721417066,4.51556629092861,26.435856146001072,2.1269457863660763,7.300053676865271,1.570048309178744,
148,14.761137949543746,10.513955984970478,32.789855072463766,4.51556629092861,26.422436929683307,2.1269457863660763,7.300053676865271,1.570048309178744,
149,12.265163714439076,39.31830381105743,19.565217391304348,3.9452495974235107,17.002147074610843,1.4492753623188406,5.71658615136876,0.7380568974771873,
150,12.406065485775631,39.31159420289855,19.49141170155663,3.9452495974235107,16.968599033816425,1.4224369296833066,5.71658615136876,0.7380568974771873,
151,12.533548040794418,39.27133655394525,19.47799248523886,3.9452495974235107,16.968599033816425,1.3955984970477724,5.669618894256575,0.7380568974771873,
152,12.580515297906603,39.23778851315083,19.464573268921097,3.9452495974235107,16.968599033816425,1.3955984970477724,5.669618894256575,0.7380568974771873,
153,12.634192163177671,39.18411164787977,19.464573268921097,3.9452495974235107,16.968599033816425,1.3955984970477724,5.669618894256575,0.7380568974771873,
154,12.815351583467525,39.07675791733763,19.424315619967793,4.998658078368224,15.908480944712828,1.3687600644122384,5.669618894256575,0.7380568974771873,
155,12.667740203972087,38.89559849704777,19.37734836285561,5.555555555555555,15.029522275899087,1.3687600644122384,5.522007514761138,1.583467525496511,
156,12.815351583467525,38.848631239935585,19.316961889425656,5.515297906602254,15.029522275899087,1.3687600644122384,5.522007514761138,1.583467525496511,
157,12.889157273215245,38.81508319914117,19.290123456790123,5.515297906602254,15.01610305958132,1.3687600644122384,5.522007514761138,1.583467525496511,
158,12.962962962962964,38.77482555018787,19.276704240472355,5.515297906602254,14.99597423510467,1.3687600644122384,5.522007514761138,1.583467525496511,
159,13.137412775093935,38.17096081588835,18.98148148148148,5.414653784219001,14.935587761674718,2.2879763821792807,5.488459473966721,1.583467525496511,
160,13.365539452495975,38.05018786902845,18.98148148148148,5.307300053676865,14.935587761674718,2.2879763821792807,5.488459473966721,1.583467525496511,
161,13.539989264626946,37.98309178743961,18.947933440687063,5.307300053676865,14.935587761674718,2.2879763821792807,5.414653784219001,1.583467525496511,
162,13.526570048309178,37.17793880837359,18.095813204508858,6.998121309715513,14.935587761674718,2.26784755770263,5.414653784219001,1.583467525496511,
163,13.20450885668277,36.66800858829844,20.457595276435857,6.884057971014493,13.607085346215781,2.26784755770263,5.3274288781535155,1.583467525496511,
164,13.674181427804616,36.3996242619431,20.363660762211488,6.870638754696726,13.271604938271604,2.5697799248523885,5.3274288781535155,1.5230810520665594,
165,13.801663982823403,36.272141706924316,20.363660762211488,6.870638754696726,13.271604938271604,2.5697799248523885,5.3274288781535155,1.5230810520665594,
166,13.79495437466452,36.05072463768116,20.356951154052602,6.843800322061192,12.52012882447665,3.589640365002684,5.3274288781535155,1.5163714439076759,
167,13.996242619431026,35.91653247450349,20.343531937734838,6.843800322061192,12.486580783682234,3.5829307568438002,5.314009661835748,1.5163714439076759,
168,14.304884594739667,35.79575952764358,20.343531937734838,6.816961889425658,12.359098228663447,3.549382716049383,5.314009661835748,1.5163714439076759,
169,14.895330112721417,35.46698872785829,20.222758990874933,6.723027375201288,12.332259796027913,3.5292538915727323,5.314009661835748,1.5163714439076759,
170,15.177133655394526,35.28582930756844,20.336822329575952,6.723027375201288,12.305421363392378,3.5091250670960816,5.179817498658078,1.482823403113258,
171,15.304616210413311,34.72893183038111,20.242887815351583,7.360440150295223,12.305421363392378,3.4151905528717124,5.179817498658078,1.4626945786366077,
172,15.559581320450885,34.66854535695116,20.108695652173914,7.360440150295223,12.258454106280194,3.4017713365539453,5.179817498658078,1.4626945786366077,
173,15.063070316693505,39.801395598497045,16.009125067096083,7.360440150295223,11.902844873859367,3.2474503488996245,5.152979066022544,1.4626945786366077,
174,15.190552871712292,39.700751476113794,15.98899624261943,7.353730542136339,11.902844873859367,3.2474503488996245,5.152979066022544,1.4626945786366077,
175,15.351583467525497,39.700751476113794,15.921900161030596,7.326892109500805,11.83574879227053,3.2474503488996245,5.152979066022544,1.4626945786366077,
176,15.458937198067632,39.63365539452496,15.881642512077295,7.326892109500805,11.83574879227053,3.2474503488996245,5.152979066022544,1.4626945786366077,
177,15.58641975308642,39.58668813741278,15.854804079441761,7.1725711218464845,11.668008588298443,3.2474503488996245,5.421363392377885,1.4626945786366077,
178,15.727321524422974,39.55984970477724,15.814546430488459,7.152442297369833,11.668008588298443,3.2340311325818574,5.394524959742351,1.4492753623188406,
179,15.787707997852925,39.55984970477724,15.774288781535159,7.152442297369833,11.66129898013956,3.2340311325818574,5.387815351583468,1.442565754159957,
180,15.98899624261943,39.439076757917334,15.774288781535159,7.118894256575416,11.647879763821793,3.207192699946323,5.381105743424584,1.442565754159957,
181,16.06280193236715,39.378690284487384,15.754159957058508,7.118894256575416,11.158078368223295,3.207192699946323,5.347557702630167,1.9726247987117553,
182,15.599838969404187,37.4194847020934,14.861782071927,9.453837895866881,12.13768115942029,3.207192699946323,5.347557702630167,1.9726247987117553,
183,15.666935050993022,36.37949543746645,14.828234031132581,9.453837895866881,12.124261943102523,4.2270531400966185,5.347557702630167,1.9726247987117553,
184,15.707192699946322,36.292270531400966,14.801395598497047,9.588030059044552,12.104133118625873,4.2270531400966185,5.314009661835748,1.9659151905528718,
185,15.908480944712828,36.15807836822329,14.801395598497047,9.561191626409018,12.090713902308105,4.2270531400966185,5.287171229200215,1.9659151905528718,
186,15.94873859366613,36.14465915190553,14.801395598497047,9.561191626409018,12.090713902308105,4.2270531400966185,5.287171229200215,1.9390767579173376,
187,16.566022544283413,35.79575952764358,14.358561460010735,9.219001610305957,12.06387546967257,4.2270531400966185,5.83064949006978,1.9390767579173376,
188,16.935050993022006,35.50053676865271,14.345142243692969,9.185453569511541,12.06387546967257,4.213633923778851,5.8172302737520125,1.9390767579173376,
189,17.21014492753623,35.41331186258722,14.27133655394525,9.185453569511541,12.06387546967257,4.159957058507783,5.756843800322061,1.9390767579173376,
190,17.418142780461622,35.265700483091784,14.27133655394525,9.185453569511541,12.037037037037036,4.133118625872249,5.750134192163178,1.9390767579173376,
191,17.70665593129361,34.16532474503489,13.996242619431026,9.178743961352657,12.037037037037036,5.267042404723564,5.709876543209877,1.9390767579173376,
192,17.72007514761138,34.01771336553945,14.257917337627482,9.05126140633387,12.037037037037036,5.267042404723564,5.709876543209877,1.9390767579173376,
193,17.867686527106816,33.97074610842727,14.257917337627482,9.01100375738057,12.016908212560386,5.226784755770263,5.709876543209877,1.9390767579173376,
194,17.56575415995706,33.756038647343,15.33816425120773,8.729200214707461,11.963231347289318,5.22007514761138,5.488459473966721,1.9390767579173376,
195,15.485775630703166,31.99812130971551,15.331454643048845,8.53462157809984,16.53918411164788,5.958132045088567,4.327697262479871,1.8250134192163177,
196,15.807836822329575,31.810252281266774,15.271068169618895,8.527911969940956,16.512345679012345,5.938003220611916,4.30756843800322,1.8250134192163177,
197,16.009125067096083,31.810252281266774,15.11003757380569,8.527911969940956,16.478797638217927,5.938003220611916,4.300858829844337,1.8250134192163177,
198,16.0829307568438,31.769994632313473,15.08990874932904,8.521202361782072,16.472088030059044,5.938003220611916,4.300858829844337,1.8250134192163177,
199,16.344605475040257,31.4345142243693,15.881642512077295,8.454106280193237,15.827965646806227,5.938003220611916,4.294149221685454,1.8250134192163177,
200,16.512345679012345,31.394256575415994,15.841384863123993,8.420558239398819,15.774288781535159,5.938003220611916,4.294149221685454,1.8250134192163177,
201,16.921631776704242,31.239935587761675,15.794417606011809,8.407139023081053,15.767579173376275,5.750134192163178,4.294149221685454,1.8250134192163177,
202,17.122920021470748,31.09903381642512,15.794417606011809,8.407139023081053,15.72061191626409,5.736714975845411,4.294149221685454,1.8250134192163177,
203,17.270531400966185,31.09903381642512,15.780998389694043,8.3467525496511,15.646806226516372,5.736714975845411,4.294149221685454,1.8250134192163177,
204,17.74020397208803,30.803811057434245,15.767579173376275,8.340042941492216,15.613258185721953,5.615942028985507,4.294149221685454,1.8250134192163177,
205,18.12265163714439,30.797101449275363,15.727321524422974,8.252818035426731,15.505904455179817,5.562265163714439,4.206924315619967,1.8250134192163177,
206,18.156199677938808,30.783682232957595,15.727321524422974,8.252818035426731,15.499194847020934,5.562265163714439,4.206924315619967,1.8115942028985508,
207,18.370907139023082,30.589103596349972,15.646806226516372,8.252818035426731,14.593397745571659,5.555555555555555,5.179817498658078,1.8115942028985508,
208,18.47826086956522,30.52200751476114,15.646806226516372,8.252818035426731,14.553140096618357,5.555555555555555,5.179817498658078,1.8115942028985508,
209,18.71309715512614,30.475040257648953,15.613258185721953,8.340042941492216,14.452495974235104,5.414653784219001,5.179817498658078,1.8115942028985508,
210,18.914385399892645,30.407944176060116,15.579710144927537,8.340042941492216,14.40552871712292,5.414653784219001,5.12614063338701,1.8115942028985508,
211,18.65271068169619,28.918411164787976,18.136070853462158,8.313204508856682,14.2914653784219,5.414653784219001,4.461889425657541,1.8115942028985508,
212,18.867418142780462,28.797638217928075,18.109232420826622,8.313204508856682,14.257917337627482,5.381105743424584,4.461889425657541,1.8115942028985508,
213,19.00161030595813,28.743961352657006,18.109232420826622,8.313204508856682,14.204240472356414,5.35426731078905,4.461889425657541,1.8115942028985508,
214,19.0552871712292,28.743961352657006,18.06897477187332,8.313204508856682,14.204240472356414,5.340848094471283,4.461889425657541,1.8115942028985508,
215,19.102254428341386,28.71712292002147,18.04884594739667,8.313204508856682,14.204240472356414,5.340848094471283,4.461889425657541,1.8115942028985508,
216,19.310252281266774,28.65673644659152,17.98845947396672,8.313204508856682,13.942565754159958,5.340848094471283,4.636339237788513,1.8115942028985508,
217,19.350509930220074,28.529253891572733,17.901234567901234,8.313204508856682,13.942565754159958,5.515297906602254,4.636339237788513,1.8115942028985508,
218,19.81347289318304,28.388352120236178,17.807300053676865,8.313204508856682,13.922436929683306,5.307300053676865,4.636339237788513,1.8115942028985508,
219,19.786634460547504,28.388352120236178,17.787171229200215,8.360171765968868,13.821792807300053,5.441492216854535,4.602791196994096,1.8115942028985508,
220,17.787171229200215,38.177670424047236,15.170424047235642,8.360171765968868,10.426731078904991,5.132850241545894,3.140096618357488,1.8048845947396672,
221,17.3040794417606,36.842458400429415,14.9020397208803,8.293075684380032,10.064412238325282,4.7638217928073,6.166129898013956,1.6639828234031133,
222,17.538915727321523,36.79549114331723,14.794685990338165,8.293075684380032,10.044283413848632,4.750402576489533,6.119162640901771,1.6639828234031133,
223,17.599302200751477,36.35265700483092,14.741009125067096,8.091787439613526,10.044283413848632,4.871175523349437,6.890767579173376,1.4090177133655395,
224,17.505367686527105,35.869565217391305,14.459205582393988,8.091787439613526,9.997316156736447,4.871175523349437,7.796564680622652,1.4090177133655395,
225,17.70665593129361,35.65485775630703,14.459205582393988,8.024691358024691,9.997316156736447,4.830917874396135,7.917337627482555,1.4090177133655395,
226,17.800590445517983,35.59447128287708,14.459205582393988,8.024691358024691,9.997316156736447,4.830917874396135,7.883789586688137,1.4090177133655395,
227,17.941492216854535,35.527375201288244,14.439076757917338,8.011272141706923,9.990606548577563,4.797369833601718,7.883789586688137,1.4090177133655395,
228,18.089103596349972,35.527375201288244,14.31159420289855,7.991143317230274,9.990606548577563,4.797369833601718,7.883789586688137,1.4090177133655395,
229,18.23671497584541,35.50053676865271,14.31159420289855,7.991143317230274,9.883252818035427,4.783950617283951,7.883789586688137,1.4090177133655395,
230,18.364197530864196,35.47369833601718,14.31159420289855,7.991143317230274,9.71551261406334,4.74369296833065,7.830112721417069,1.570048309178744,
231,18.753354804079443,35.28582930756844,14.17740203972088,7.950885668276973,9.688674181427805,4.74369296833065,7.830112721417069,1.570048309178744,
232,19.0150295222759,35.19189479334407,13.982823403113258,7.917337627482555,9.655126140633387,4.911433172302737,7.75630703166935,1.570048309178744,
233,19.088835212023618,35.01073537305421,13.982823403113258,8.071658615136876,9.621578099838969,4.911433172302737,7.75630703166935,1.556629092860977,
234,19.216317767042405,34.856414385399894,13.982823403113258,8.132045088566828,9.588030059044552,5.018786902844874,7.648953301127214,1.556629092860977,
235,19.41760601180891,34.74235104669887,13.94927536231884,8.111916264090176,9.567901234567902,5.005367686527107,7.648953301127214,1.556629092860977,
236,19.632313472893184,34.66183574879227,13.781535158346752,8.09849704777241,9.514224369296834,4.978529253891573,7.776435856146001,1.556629092860977,
237,19.940955448201827,34.58132045088567,13.768115942028986,8.011272141706923,9.406870638754697,4.9651100375738055,7.769726247987117,1.556629092860977,
238,20.061728395061728,34.5679012345679,13.754696725711218,7.930756843800322,9.406870638754697,4.951690821256038,7.769726247987117,1.556629092860977,
239,20.33011272141707,34.447128287708,13.741277509393452,7.890499194847021,9.39345142243693,4.918142780461621,7.729468599033816,1.5499194847020934,
240,20.598497047772412,34.366612989801396,13.714439076757918,7.890499194847021,9.292807300053678,4.864465915190553,7.729468599033816,1.5432098765432098,
241,20.625335480407944,34.286097691894796,13.519860440150294,7.883789586688137,9.292807300053678,4.864465915190553,7.98443370907139,1.5432098765432098,
242,20.719269994632313,34.21900161030596,13.506441223832528,7.883789586688137,9.292807300053678,4.864465915190553,7.98443370907139,1.5297906602254427,
243,20.67230273752013,33.984165324745035,13.7211486849168,7.877079978529254,9.292807300053678,4.938271604938271,7.98443370907139,1.5297906602254427,
244,21.034621578099838,33.03811057434246,13.707729468599034,7.877079978529254,9.286097691894794,5.723295759527644,7.803274288781535,1.5297906602254427,
245,21.316425120772948,32.830112721417066,13.6406333870102,7.87037037037037,9.265968867418144,5.783682232957595,7.803274288781535,1.4895330112721417,
246,19.14922168545357,26.8317230273752,13.56682769726248,7.615405260332796,9.265968867418144,14.371980676328503,7.803274288781535,1.3955984970477724,
247,19.330381105743424,26.724369296833064,13.493022007514762,7.615405260332796,9.265968867418144,14.371980676328503,7.803274288781535,1.3955984970477724,
248,19.484702093397747,26.710950080515296,13.41250670960816,7.555018786902845,9.265968867418144,14.371980676328503,7.803274288781535,1.3955984970477724,
249,19.605475040257648,26.65727321524423,15.774288781535159,7.555018786902845,9.178743961352657,12.030327428878154,7.803274288781535,1.3955984970477724,
250,19.880568974771872,26.50966183574879,15.767579173376275,7.514761137949543,9.178743961352657,11.976650563607086,7.776435856146001,1.3955984970477724,
251,19.98792270531401,26.50966183574879,15.727321524422974,7.514761137949543,9.138486312399356,11.949812130971551,7.776435856146001,1.3955984970477724,
252,20.202630166398283,26.44927536231884,15.727321524422974,7.50805152979066,9.138486312399356,11.943102522812667,7.635534084809447,1.3955984970477724,
253,20.611916264090176,26.29495437466452,15.640096618357488,7.48792270531401,9.111647879763822,11.876006441223833,7.581857219538379,1.3955984970477724,
254,20.833333333333332,25.72463768115942,16.27079978529254,7.454374664519592,9.064680622651638,11.788781535158346,7.467793880837359,1.3955984970477724,
255,21.041331186258724,25.684380032206118,16.23054213633924,7.440955448201825,9.03113258185722,11.728395061728396,7.461084272678476,1.3821792807300053,
256,21.22249060654858,25.650831991411703,16.23054213633924,7.300053676865271,9.03113258185722,11.728395061728396,7.454374664519592,1.3821792807300053,
257,21.349973161567366,25.5703166935051,16.21712292002147,7.27992485238862,9.017713365539452,11.728395061728396,7.454374664519592,1.3821792807300053,
258,21.39694041867955,25.55689747718733,16.210413311862588,7.253086419753086,9.017713365539452,11.728395061728396,7.454374664519592,1.3821792807300053,
259,21.578099838969404,25.449543746645197,16.19699409554482,7.239667203435319,9.01100375738057,11.728395061728396,7.4141170155662905,1.3821792807300053,
260,21.940418679549115,25.389157273215243,16.06280193236715,7.185990338164252,8.930488459473967,11.694847020933977,7.4141170155662905,1.3821792807300053,
261,22.067901234567902,25.335480407944175,16.06280193236715,7.159151905528717,8.917069243156199,11.668008588298443,7.4141170155662905,1.3754696725711217,
262,22.15512614063339,25.308641975308642,16.049382716049383,7.14573268921095,8.917069243156199,11.668008588298443,7.380568974771873,1.3754696725711217,
263,22.423510466988727,25.201288244766506,16.049382716049383,7.125603864734299,8.903650026838433,11.54723564143854,7.380568974771873,1.3687600644122384,
264,22.75228126677402,25.0805152979066,15.874932903918411,7.125603864734299,8.796296296296296,11.43317230273752,7.380568974771873,1.556629092860977,
265,22.953569511540525,25.033548040794418,15.83467525496511,7.112184648416532,8.769457863660762,11.3593666129898,7.380568974771873,1.556629092860977,
266,23.161567364465917,24.973161567364468,15.83467525496511,7.112184648416532,8.729200214707461,11.265432098765432,7.367149758454106,1.556629092860977,
267,23.282340311325818,24.94632313472893,15.693773483628556,7.058507783145465,9.353193773483628,11.252012882447666,6.89747718733226,1.5163714439076759,
268,23.557434245840042,24.94632313472893,15.499194847020934,7.03166935050993,9.353193773483628,11.198336017176597,6.89747718733226,1.5163714439076759,
269,23.61111111111111,24.9194847020934,15.499194847020934,7.018250134192163,9.353193773483628,11.18491680085883,6.89747718733226,1.5163714439076759,
270,23.74530327428878,24.879227053140095,15.4723564143854,7.018250134192163,9.353193773483628,11.131239935587761,6.884057971014493,1.5163714439076759,
271,23.906333870101985,24.798711755233494,15.4723564143854,7.018250134192163,9.346484165324744,11.097691894793345,6.843800322061192,1.5163714439076759,
