,45,50,51,56,52,55,53,54,57,58,59,61,60,62,46
0,87.20477724100913,12.795222758990874,,,,,,,,,,,,,
1,85.56092324208267,9.406870638754697,5.01207729468599,0.020128824476650563,,,,,,,,,,,
2,82.87707997852925,11.392914653784219,3.1468062265163717,0.020128824476650563,2.3617820719269993,0.20128824476650564,,,,,,,,,
3,70.45759527643585,23.738593666129898,3.1468062265163717,0.020128824476650563,2.3483628556092326,0.2885131508319914,,,,,,,,,
4,70.11540526033279,23.866076221148685,3.2206119162640903,0.020128824476650563,2.3483628556092326,0.4294149221685454,,,,,,,,,
5,60.37976382179281,33.45410628019324,3.2206119162640903,0.020128824476650563,2.3483628556092326,0.5770263016639828,,,,,,,,,
6,55.53542673107891,28.884863123993558,12.567096081588835,0.020128824476650563,2.3483628556092326,0.644122383252818,,,,,,,,,
7,55.441492216854535,28.844605475040257,12.567096081588835,0.020128824476650563,2.3483628556092326,0.7783145464304885,,,,,,,,,
8,55.173107890499196,28.911701556629094,12.567096081588835,0.020128824476650563,2.3483628556092326,0.9796027911969941,,,,,,,,,
9,40.08990874932904,32.53488996242619,23.74530327428878,0.1274825550187869,2.3483628556092326,1.0735373054213635,0.08051529790660225,,,,,,,,
10,39.861782071927,32.709339774557165,23.67149758454106,0.15432098765432098,2.3483628556092326,1.1741814278046163,0.08051529790660225,,,,,,,,
11,39.66720343531938,32.71604938271605,23.429951690821255,0.4428341384863124,2.3483628556092326,1.3150831991411702,0.08051529790660225,,,,,,,,
12,39.69404186795491,32.50805152979066,23.315888352120236,0.46967257112184646,2.4020397208803006,1.5029522275899088,0.10735373054213634,,,,,,,,
13,39.31830381105743,32.8166935050993,23.275630703166936,0.5099302200751477,2.4020397208803006,1.5432098765432098,0.13419216317767044,,,,,,,,
14,36.553945249597426,28.663446054750402,30.293880837359097,0.5904455179817498,2.442297369833602,1.3217928073000538,0.13419216317767044,,,,,,,,
15,32.37385936661299,34.594739667203434,30.20665593129361,0.6038647342995169,0.39586688137412773,1.5365002683843263,0.2885131508319914,,,,,,,,
16,25.93263553408481,41.1231884057971,29.71014492753623,0.8118625872249061,0.39586688137412773,1.737788513150832,0.2885131508319914,,,,,,,,
17,25.831991411701555,40.72061191626409,29.60950080515298,0.8118625872249061,0.39586688137412773,2.120236178207193,0.2885131508319914,0.2214170692431562,,,,,,,
18,25.268384326355342,34.47396672034353,36.64117015566291,0.9192163177670424,0.07380568974771873,2.1068169618894257,0.38915727321524424,0.1274825550187869,,,,,,,
19,25.0402576489533,34.46054750402576,36.600912506709605,1.107085346215781,0.07380568974771873,2.1604938271604937,0.38915727321524424,0.16774020397208803,,,,,,,
20,24.778582930756844,33.843263553408484,36.8491680085883,1.3486312399355878,0.08722490606548577,2.536231884057971,0.38915727321524424,0.16774020397208803,,,,,,,
21,24.255233494363928,34.084809447128286,36.81561996779388,1.3620504562533549,0.08722490606548577,2.6838432635534084,0.5434782608695652,0.16774020397208803,,,,,,,
22,24.194847020933977,33.923778851315085,36.37278582930757,1.6639828234031133,0.08722490606548577,3.046162104133119,0.5434782608695652,0.16774020397208803,,,,,,,
23,24.02710681696189,34.03113258185722,36.11782071926999,1.892109500805153,0.13419216317767044,3.0864197530864197,0.5434782608695652,0.16774020397208803,,,,,,,
24,23.919753086419753,33.9975845410628,36.16478797638218,1.9122383252818036,0.13419216317767044,3.1602254428341383,0.5434782608695652,0.16774020397208803,,,,,,,
25,19.73966720343532,37.30542136339238,36.03730542136339,1.9860440150295222,0.2147074610842727,4.086151368760064,0.46296296296296297,0.16774020397208803,,,,,,,
26,19.75979602791197,37.144390767579175,36.05072463768116,1.9927536231884058,0.2147074610842727,4.126409017713366,0.46296296296296297,0.24825550187869028,,,,,,,
27,19.786634460547504,36.68813741277509,36.04401502952228,2.006172839506173,0.2147074610842727,4.374664519592056,0.48980139559849706,0.36902844873859364,0.026838432635534086,,,,,,
28,19.652442297369834,35.12479871175523,32.729468599033815,2.15378421900161,5.736714975845411,3.6634460547504024,0.48980139559849706,0.36902844873859364,0.08051529790660225,,,,,,
29,19.685990338164252,34.977187332259795,32.689210950080515,2.059849704777241,5.736714975845411,3.8177670424047236,0.48980139559849706,0.46296296296296297,0.08051529790660225,,,,,,
30,19.592055823939884,34.80944712828771,32.6154052603328,2.120236178207193,5.636070853462158,4.05931293612453,0.48980139559849706,0.46296296296296297,0.2147074610842727,,,,,,
31,19.53166935050993,34.0378421900161,35.31266774020397,1.8183038110574343,4.066022544283414,4.166666666666667,0.36231884057971014,0.46296296296296297,0.24154589371980675,,,,,,
32,19.484702093397747,32.25308641975309,34.70880300590446,1.8384326355340848,5.508588298443371,4.448470209339774,1.1741814278046163,0.3421900161030596,0.24154589371980675,,,,,,
33,18.14278046162104,30.3743961352657,38.21121846484165,1.7042404723564144,4.5893719806763285,4.42163177670424,1.9860440150295222,0.3421900161030596,0.2281266774020397,,,,,,
34,17.881105743424584,30.26033279656468,38.378958668813745,1.570048309178744,4.542404723564144,4.582662372517445,1.9860440150295222,0.5166398282340311,0.28180354267310787,,,,,,
35,17.216854535695116,30.743424584004295,38.21121846484165,1.6908212560386473,4.542404723564144,4.777241009125067,1.9860440150295222,0.5300590445517982,0.30193236714975846,,,,,,
36,17.223564143854,30.649490069779926,38.077026301663984,1.8115942028985508,4.542404723564144,4.74369296833065,1.9860440150295222,0.6642512077294686,0.30193236714975846,,,,,,
37,16.935050993022006,30.46833064949007,39.51959205582394,1.3687600644122384,4.522275899087493,4.891304347826087,1.288244766505636,0.7045088566827697,0.30193236714975846,,,,,,
38,16.941760601180892,30.280461621041333,39.452495974235106,1.4224369296833066,4.51556629092861,5.0858829844337095,1.288244766505636,0.7045088566827697,0.30864197530864196,,,,,,
39,16.009125067096083,26.8719806763285,45.13553408480945,1.415727321524423,3.0730005367686526,4.736983360171766,1.6170155662909287,0.7045088566827697,0.30864197530864196,0.1274825550187869,,,,,
40,13.868760064412239,23.637949543746647,51.69753086419753,1.4962426194310252,2.0128824476650564,4.7101449275362315,1.6170155662909287,0.6776704240472357,0.15432098765432098,0.1274825550187869,,,,,
41,13.130703166935051,20.954106280193237,55.55555555555556,1.4224369296833066,1.9659151905528718,4.38137412775094,1.6505636070853462,0.6374127750939346,0.15432098765432098,0.14761137949543746,,,,,
42,13.20450885668277,20.8064949006978,55.14626945786366,1.570048309178744,1.9659151905528718,4.555823939881911,1.6505636070853462,0.8185721953837896,0.13419216317767044,0.14761137949543746,,,,,
43,13.258185721953838,20.276435856146,50.60386473429951,1.6103059581320451,6.964573268921095,4.441760601180891,1.6505636070853462,0.9125067096081588,0.13419216317767044,0.14761137949543746,,,,,
44,13.264895330112722,20.263016639828233,50.4898013955985,1.737788513150832,6.870638754696726,4.448470209339774,1.6505636070853462,0.9125067096081588,0.2147074610842727,0.14761137949543746,,,,,
45,12.815351583467525,16.6935050993022,57.85024154589372,1.6908212560386473,5.22007514761138,3.9318303811057436,0.7112184648416533,0.7447665056360708,0.2952227589908749,0.04696725711218465,,,,,
46,12.506709608158884,16.70692431561997,57.06521739130435,1.8250134192163177,5.374396135265701,4.64975845410628,0.7112184648416533,0.8185721953837896,0.2952227589908749,0.04696725711218465,,,,,
47,12.446323134728932,16.70692431561997,56.89076757917338,1.8719806763285025,5.374396135265701,4.8376274825550185,0.7112184648416533,0.8185721953837896,0.2952227589908749,0.04696725711218465,,,,,
48,12.265163714439076,16.505636070853463,56.19296833064949,2.5496511003757383,5.193236714975845,5.112721417069243,0.8588298443370908,0.9192163177670424,0.35560923242082665,0.04696725711218465,,,,,
49,12.25174449812131,16.472088030059044,55.85748792270532,2.7241009125067097,5.179817498658078,5.199946323134729,0.8990874932903918,0.9192163177670424,0.36902844873859364,0.1274825550187869,,,,,
50,12.057165861513688,38.64734299516908,39.512882447665056,2.4020397208803006,0.9125067096081588,4.87788513150832,0.8789586688137413,0.6776704240472357,0.013419216317767043,0.020128824476650563,,,,,
51,11.466720343531938,37.775093934514224,40.52603327965647,2.536231884057971,0.9125067096081588,5.159688674181428,0.8655394524959742,0.7246376811594203,0.013419216317767043,0.020128824476650563,,,,,
52,11.379495437466453,37.21819645732689,39.95571658615137,2.8113258185721954,0.9125067096081588,6.099033816425121,0.8655394524959742,0.7246376811594203,0.013419216317767043,0.020128824476650563,,,,,
53,11.399624261943103,37.0907139023081,39.66720343531938,3.0193236714975846,0.9125067096081588,6.286902844873859,0.8655394524959742,0.7246376811594203,0.013419216317767043,0.020128824476650563,,,,,
54,11.406333870101985,35.04428341384863,38.59366612989801,3.113258185721954,3.2675791733762747,5.9514224369296835,0.8454106280193237,1.7444981213097155,0.013419216317767043,0.020128824476650563,,,,,
55,11.386205045625335,34.86312399355877,38.41250670960816,3.280998389694042,3.1736446591519054,6.105743424584004,0.8521202361782072,1.865271068169619,0.040257648953301126,0.020128824476650563,,,,,
56,11.3191089640365,29.70343531937735,34.634997316156735,2.576489533011272,14.546430488459475,5.689747718733226,0.4294149221685454,0.95276435856146,0.14761137949543746,,,,,,
57,8.32662372517445,35.68840579710145,33.36688137412775,2.589908749329039,13.83521202361782,4.8376274825550185,0.33548040794417605,0.7112184648416533,0.30864197530864196,,,,,,
58,8.353462157809984,35.42673107890499,33.299785292538914,2.85829307568438,13.6406333870102,5.072463768115942,0.33548040794417605,0.7112184648416533,0.30193236714975846,,,,,,
59,7.742887815351583,33.36688137412775,34.88325281803543,2.2342995169082127,16.13660762211487,4.4753086419753085,0.33548040794417605,0.7112184648416533,0.11406333870101985,,,,,,
60,7.125603864734299,30.01207729468599,37.86231884057971,1.9726247987117553,17.834138486312398,3.978797638217928,0.33548040794417605,0.5703166935050993,0.30864197530864196,,,,,,
61,6.991411701556629,28.898282340311326,35.72195383789587,1.892109500805153,21.155394524959743,3.992216854535695,0.4428341384863124,0.5971551261406334,0.30864197530864196,,,,,,
62,6.998121309715513,28.804347826086957,35.61460010735373,1.9927536231884058,17.612721417069242,4.0995705850778315,3.9855072463768115,0.5971551261406334,0.2952227589908749,,,,,,
63,7.018250134192163,28.75067096081589,35.43344068706388,2.281266774020397,17.51207729468599,4.032474503488996,4.079441760601181,0.5971551261406334,0.2952227589908749,,,,,,
64,7.051798174986581,28.16022544283414,35.138217928073,2.4490069779924855,17.404723564143854,4.7168545356951155,4.066022544283414,0.630703166935051,0.36902844873859364,0.013419216317767043,,,,,
65,6.944444444444445,28.046162104133117,29.47530864197531,2.428878153515835,23.03408480944713,4.790660225442834,4.066022544283414,0.630703166935051,0.5703166935050993,0.013419216317767043,,,,,
66,6.884057971014493,27.2812667740204,31.42109500805153,2.314814814814815,21.920289855072465,4.918142780461621,4.066022544283414,0.5971551261406334,0.5837359098228664,0.013419216317767043,,,,,
67,6.253354804079442,27.489264626945786,31.280193236714975,2.2946859903381642,20.38378958668814,4.998658078368224,4.066022544283414,2.368491680085883,0.8521202361782072,0.013419216317767043,,,,,
68,6.260064412238325,27.18733225979603,31.132581857219538,3.2139023081052067,20.263016639828233,5.173107890499195,3.374932903918411,2.462426194310252,0.9057971014492754,0.026838432635534086,,,,,
69,5.770263016639828,27.059849704777243,25.91921631776704,2.918679549114332,21.041331186258724,4.824208266237251,9.098228663446054,2.462426194310252,0.8789586688137413,0.026838432635534086,,,,,
70,5.542136339237788,22.228931830381107,24.818840579710145,2.7241009125067097,17.62614063338701,4.408212560386473,21.28287707997853,0.6977992485238862,0.6374127750939346,0.03354804079441761,,,,,
71,5.535426731078905,22.04777241009125,24.55716586151369,2.985775630703167,17.3040794417606,4.334406870638754,21.336553945249598,0.8990874932903918,0.966183574879227,0.03354804079441761,,,,,
72,4.569243156199678,21.69887278582931,24.033816425120772,3.2877079978529253,18.753354804079443,4.4820182501341925,20.86688137412775,0.8990874932903918,0.9192163177670424,0.48980139559849706,,,,,
73,4.5893719806763285,21.658615136876005,23.899624261943103,3.4621578099838968,18.686258722490606,4.49543746645196,20.86688137412775,0.8990874932903918,0.95276435856146,0.48980139559849706,,,,,
74,4.609500805152979,21.638486312399355,22.973698336017176,3.166935050993022,18.531937734836287,4.51556629092861,21.947128287707997,0.8990874932903918,1.0735373054213635,0.644122383252818,,,,,
75,4.669887278582931,21.390230810520666,22.920021470746107,3.140096618357488,18.45813204508857,4.911433172302737,21.812936124530328,0.8990874932903918,1.1272141706924315,0.6709608158883521,,,,,
76,4.669887278582931,21.289586688137412,22.839506172839506,3.207192699946323,18.4447128287708,5.01207729468599,21.71900161030596,0.8990874932903918,1.247987117552335,0.6709608158883521,,,,,
77,4.696725711218465,21.182232957595275,22.134997316156735,3.7573805689747717,19.048577563070317,5.092592592592593,21.584809447128286,0.8990874932903918,0.798443370907139,0.8051529790660226,,,,,
78,4.64975845410628,20.933977455716587,21.67874396135266,4.200214707461084,19.061996779388085,5.340848094471283,21.524422973698336,0.8923778851315083,0.8454106280193237,0.8722490606548577,,,,,
79,4.663177670424047,20.933977455716587,21.692163177670423,4.200214707461084,18.853998926462694,5.340848094471283,21.490874932903917,0.8923778851315083,1.0601180891035964,0.8722490606548577,,,,,
80,4.690016103059581,20.77294685990338,21.477455716586153,4.40150295222759,18.760064412238325,5.4549114331723025,21.36339237788513,1.0198604401502953,1.0601180891035964,0.9997316156736447,,,,,
81,4.703435319377348,20.618625872249062,21.43719806763285,4.455179817498658,18.61916264090177,5.5689747718733225,21.24932903918411,1.0198604401502953,1.1540526033279657,1.1137949543746646,0.06038647342995169,,,,
82,4.575952764358561,20.229468599033815,21.806226516371442,4.549114331723027,18.089103596349972,5.629361245303274,21.79951690821256,0.8923778851315083,1.1741814278046163,1.1943102522812667,0.06038647342995169,,,,
83,4.582662372517445,20.095276435856146,21.772678475577028,4.622920021470746,17.042404723564143,5.897745571658615,22.477187332259795,0.8923778851315083,1.3486312399355878,1.2077294685990339,0.06038647342995169,,,,
84,4.374664519592056,19.155931293612454,24.92619431025228,4.274020397208803,16.150026838432634,5.958132045088567,21.67874396135266,0.8118625872249061,1.402308105206656,1.2077294685990339,0.06038647342995169,,,,
85,4.435050993022007,19.0150295222759,24.751744498121308,4.414922168545357,16.069511540526033,6.0654857756307035,21.296296296296298,0.8118625872249061,1.5432098765432098,1.5365002683843263,0.06038647342995169,,,,
86,4.40150295222759,15.76086956521739,24.46323134728932,4.38137412775094,15.063070316693505,5.226784755770263,20.73268921095008,6.857219538378959,1.4962426194310252,1.5230810520665594,0.0939345142243693,,,,
87,4.4753086419753085,15.673644659151906,24.3894256575416,4.53569511540526,14.962426194310252,5.273752012882448,20.564949006977994,6.870638754696726,1.5901771336553945,1.5499194847020934,0.11406333870101985,,,,
88,4.3545356951154055,15.579710144927537,23.879495437466453,4.508856682769726,14.794685990338165,5.763553408480945,20.73268921095008,6.877348362855609,1.570048309178744,1.710950080515298,0.2281266774020397,,,,
89,4.119699409554482,19.565217391304348,23.58427267847558,4.528985507246377,13.103864734299517,4.51556629092861,20.26972624798712,6.011808910359635,1.4559849704777241,1.7444981213097155,1.1003757380568975,,,,
90,3.5426731078904994,11.33923778851315,41.02925389157273,4.502147074610843,12.52012882447665,3.750670960815888,19.008319914117017,0.966183574879227,1.4962426194310252,1.7847557702630166,0.06038647342995169,,,,
91,3.569511540526033,11.33923778851315,40.27106816961889,4.730273752012883,13.050187869028449,3.750670960815888,18.800322061191626,0.966183574879227,1.4962426194310252,1.9659151905528718,0.06038647342995169,,,,
92,3.5762211486849167,11.245303274288782,39.87520128824477,5.0858829844337095,12.95625335480408,3.7775093934514223,18.793612453032743,1.0534084809447128,1.6035963499731616,1.9659151905528718,0.06038647342995169,0.0067096081588835215,,,
93,3.5225442834138487,11.245303274288782,39.35856146001073,5.763553408480945,12.929414922168545,3.7775093934514223,18.719806763285025,1.0534084809447128,1.6035963499731616,1.9592055823939882,0.06038647342995169,0.0067096081588835215,,,
94,3.5628019323671496,11.238593666129898,39.190821256038646,5.783682232957595,12.882447665056361,3.7775093934514223,18.719806763285025,1.1741814278046163,1.6438539989264627,1.9592055823939882,0.06038647342995169,0.0067096081588835215,,,
95,3.435319377348363,11.231884057971014,50.67096081588835,5.01207729468599,9.185453569511541,3.5963499731615673,13.197799248523886,0.9796027911969941,1.093666129898014,1.5297906602254427,0.06038647342995169,0.0067096081588835215,,,
96,3.4286097691894795,9.380032206119163,50.48309178743961,5.12614063338701,8.675523349436393,6.092324208266238,13.191089640365004,0.9796027911969941,1.0332796564680622,1.5297906602254427,0.07380568974771873,0.0067096081588835215,,,
97,3.4822866344605474,9.359903381642512,50.348899624261946,5.186527106816962,8.662104133118627,6.132581857219538,13.191089640365004,0.9796027911969941,1.0131508319914118,1.5297906602254427,0.07380568974771873,0.0067096081588835215,0.03354804079441761,,
98,3.44873859366613,9.41358024691358,49.45652173913044,5.300590445517981,8.635265700483092,6.179549114331723,13.828502415458937,0.9326355340848095,1.107085346215781,1.570048309178744,0.07380568974771873,0.020128824476650563,0.03354804079441761,,
99,3.435319377348363,9.41358024691358,49.16800858829844,5.025496511003757,11.379495437466453,6.300322061191626,11.889425657541599,0.9326355340848095,1.1003757380568975,1.2546967257112185,0.013419216317767043,0.020128824476650563,0.06709608158883522,,
100,3.4151905528717124,9.420289855072463,48.792270531400966,5.12614063338701,11.265432098765432,6.5485775630703165,11.929683306494901,0.9326355340848095,1.2144390767579174,1.2546967257112185,0.013419216317767043,0.020128824476650563,0.06709608158883522,,
101,3.488996242619431,8.501073537305421,48.49704777241009,4.9718196457326895,16.31105743424584,2.985775630703167,11.862587224906065,0.9594739667203436,1.133923778851315,1.2345679012345678,0.013419216317767043,0.0067096081588835215,0.03354804079441761,,
102,3.4957058507783145,8.480944712828771,47.94685990338164,5.522007514761138,16.17686527106817,2.985775630703167,11.75523349436393,1.0802469135802468,1.261406333870102,1.2412775093934514,0.013419216317767043,0.0067096081588835215,0.03354804079441761,,
103,3.569511540526033,8.467525496511003,47.48389694041868,5.803811057434245,16.10305958132045,3.113258185721954,11.621041331186259,1.0735373054213635,1.3352120236178207,1.3754696725711217,0.013419216317767043,0.0067096081588835215,0.03354804079441761,,
104,3.6097691894793345,8.400429414922169,47.396672034353195,5.83064949006978,15.94873859366613,3.2340311325818574,11.621041331186259,1.06682769726248,1.4626945786366077,1.3754696725711217,0.013419216317767043,0.0067096081588835215,0.03354804079441761,,
105,3.6366076221148687,8.393719806763285,47.0276435856146,6.005099302200751,15.94873859366613,3.408480944712829,11.621041331186259,1.06682769726248,1.4626945786366077,1.3754696725711217,0.013419216317767043,0.0067096081588835215,0.03354804079441761,,
106,3.656736446591519,8.353462157809984,46.53113258185722,6.266774020397209,15.921900161030596,3.6768652710681695,11.553945249597424,1.06682769726248,1.5432098765432098,1.3754696725711217,0.013419216317767043,0.0067096081588835215,0.03354804079441761,,
107,3.670155662909286,8.353462157809984,46.4975845410628,6.179549114331723,15.908480944712828,3.7037037037037037,11.43317230273752,1.1607622114868492,1.7042404723564144,1.3352120236178207,0.013419216317767043,0.0067096081588835215,0.03354804079441761,,
108,3.6768652710681695,8.32662372517445,45.90713902308105,6.468062265163715,15.868223295759528,4.079441760601181,11.372785829307569,1.1741814278046163,1.7042404723564144,1.3687600644122384,0.013419216317767043,0.0067096081588835215,0.03354804079441761,,
109,3.69699409554482,8.205850778314547,45.42404723564144,6.602254428341385,15.98899624261943,4.542404723564144,11.104401502952227,1.1741814278046163,1.7042404723564144,1.5029522275899088,0.013419216317767043,0.0067096081588835215,0.03354804079441761,,
110,3.743961352657005,8.172302737520129,45.21604938271605,6.608964036500268,15.98899624261943,4.569243156199678,11.171497584541063,1.2681159420289856,1.6975308641975309,1.4895330112721417,0.013419216317767043,0.0067096081588835215,0.05367686527106817,,
111,2.9924852388620504,7.199409554482019,52.21417069243156,6.642512077294686,14.130434782608695,4.804079441760601,8.172302737520129,1.2681159420289856,1.5432098765432098,0.9594739667203436,0.013419216317767043,0.0067096081588835215,0.05367686527106817,,
112,3.066290928609769,7.1658615136876005,51.82501341921632,6.877348362855609,13.962694578636608,4.904723564143854,8.105206655931294,1.3553408480944713,1.710950080515298,0.95276435856146,0.013419216317767043,0.0067096081588835215,0.05367686527106817,,
113,3.0595813204508855,7.152442297369833,51.207729468599034,7.39398819108964,13.734567901234568,5.146269457863661,8.085077831454644,1.3553408480944713,1.8384326355340848,0.95276435856146,0.013419216317767043,0.0067096081588835215,0.05367686527106817,,
114,3.079710144927536,7.14573268921095,50.95276435856146,7.48792270531401,13.70101986044015,5.347557702630167,8.017981749865807,1.3553408480944713,1.8317230273752012,1.0064412238325282,0.013419216317767043,0.0067096081588835215,0.05367686527106817,,
115,3.099838969404187,7.139023081052066,50.20799785292539,7.474503488996243,13.66076221148685,6.099033816425121,7.823403113258186,1.3553408480944713,1.9390767579173376,1.1272141706924315,0.013419216317767043,0.0067096081588835215,0.05367686527106817,,
116,2.965646806226516,7.085346215780999,53.39506172839506,7.0450885668276975,13.385668276972625,4.830917874396135,7.132313472893183,1.1540526033279657,1.865271068169619,1.0802469135802468,,0.0067096081588835215,0.05367686527106817,,
117,2.6502952227589907,4.7101449275362315,54.95169082125604,6.696188942565755,13.385668276972625,4.394793344068707,9.104938271604938,1.1540526033279657,1.8451422436929683,1.0802469135802468,,0.0067096081588835215,0.020128824476650563,,
118,2.657004830917874,4.549114331723027,48.15485775630703,7.467793880837359,19.639023081052066,4.414922168545357,9.037842190016104,1.1137949543746646,1.8585614600107354,1.0802469135802468,,0.0067096081588835215,0.020128824476650563,,
119,2.657004830917874,4.461889425657541,47.68518518518518,7.548309178743962,19.639023081052066,4.555823939881911,9.037842190016104,1.3217928073000538,1.8585614600107354,1.2077294685990339,,0.0067096081588835215,0.020128824476650563,,
120,2.6838432635534084,4.448470209339774,47.46376811594203,7.588566827697263,19.45786366076221,4.723564143853999,8.930488459473967,1.3217928073000538,2.0397208803005906,1.3150831991411702,,0.0067096081588835215,0.020128824476650563,,
121,2.690552871712292,4.448470209339774,46.5378421900161,7.729468599033816,19.363929146537842,5.703166935050993,8.796296296296296,1.3217928073000538,2.1403650026838434,1.2412775093934514,,0.0067096081588835215,0.020128824476650563,,
122,2.7106816961889426,4.394793344068707,46.504294149221685,7.722758990874933,19.14922168545357,5.756843800322061,8.796296296296296,1.3217928073000538,2.3752012882447664,1.2412775093934514,,0.0067096081588835215,0.020128824476650563,,
123,2.690552871712292,4.40150295222759,44.96779388083736,7.514761137949543,19.068706387546968,7.447665056360709,8.923778851315083,1.3217928073000538,2.4020397208803006,1.2412775093934514,,,0.020128824476650563,,
124,2.7106816961889426,4.374664519592056,44.89398819108964,8.011272141706923,18.706387546967257,7.320182501341922,8.82313472893183,1.3687600644122384,2.395330112721417,1.2412775093934514,,,0.15432098765432098,,
125,2.7308105206655933,4.374664519592056,44.39747718733226,7.977724100912507,18.666129898013956,6.964573268921095,8.722490606548577,2.3081052066559313,2.4355877616747184,1.2681159420289856,,,0.15432098765432098,,
126,2.677133655394525,4.334406870638754,44.08212560386473,8.3064949006978,18.552066559312937,7.139023081052066,8.662104133118627,2.4020397208803006,2.395330112721417,1.2949543746645196,,,0.15432098765432098,,
127,2.7106816961889426,4.240472356414386,43.84728931830381,8.373590982286634,18.592324208266238,7.092055823939882,8.474235104669887,2.4020397208803006,2.7308105206655933,1.3821792807300053,,,0.15432098765432098,,
128,2.7241009125067097,4.240472356414386,43.71309715512614,8.507783145464305,18.431293612453032,7.085346215780999,8.400429414922169,2.4020397208803006,2.932098765432099,1.4090177133655395,,,0.15432098765432098,,
129,2.428878153515835,4.079441760601181,47.96027911969941,7.648953301127214,16.720343531937736,6.3070316693505095,8.279656468062266,2.314814814814815,2.677133655394525,1.42914653784219,,,0.15432098765432098,,
130,2.428878153515835,4.079441760601181,47.44363929146538,8.064949006977992,16.70692431561997,6.427804616210413,8.259527643585615,2.314814814814815,2.636876006441224,1.4559849704777241,,,0.18115942028985507,,
131,2.428878153515835,4.079441760601181,46.99409554482018,8.219269994632313,16.686795491143318,6.568706387546968,8.266237251744498,2.301395598497048,2.757648953301127,1.4559849704777241,0.026838432635534086,,0.2147074610842727,,
132,2.4892646269457863,4.079441760601181,46.806226516371446,8.179012345679013,16.686795491143318,6.568706387546968,8.152173913043478,2.3617820719269993,2.9790660225442833,1.4559849704777241,0.026838432635534086,,0.2147074610842727,,
133,2.4892646269457863,4.079441760601181,46.62506709608159,8.266237251744498,16.626409017713364,6.763285024154589,8.132045088566828,2.3617820719269993,2.9589371980676327,1.4559849704777241,0.026838432635534086,,0.2147074610842727,,
134,2.536231884057971,3.9989264626945786,50.26167471819646,7.890499194847021,14.304884594739667,6.541867954911433,7.588566827697263,2.563070316693505,2.5697799248523885,1.4358561460010735,0.026838432635534086,,0.28180354267310787,,
135,2.5161030595813205,3.6366076221148687,48.29575952764358,7.608695652173913,17.223564143854,6.260064412238325,7.50805152979066,2.5026838432635534,2.677133655394525,1.3955984970477724,0.026838432635534086,,0.3488996242619431,,
136,2.5295222758990876,3.603059581320451,48.03408480944713,7.883789586688137,17.183306494900698,6.246645195920558,7.326892109500805,2.536231884057971,2.7777777777777777,1.5096618357487923,0.026838432635534086,,0.3421900161030596,,
137,2.5496511003757383,3.603059581320451,47.75228126677402,7.897208803005904,16.935050993022006,6.3070316693505095,7.1725711218464845,2.657004830917874,3.0595813204508855,1.6639828234031133,0.026838432635534086,0.040257648953301126,0.33548040794417605,,
138,2.5026838432635534,3.535963499731616,47.40338164251208,8.105206655931294,16.74718196457327,6.494900697799249,7.494632313472893,2.4691358024691357,3.1468062265163717,1.6639828234031133,0.06038647342995169,0.040257648953301126,0.33548040794417605,,
139,2.5161030595813205,3.515834675254965,46.90016103059581,8.219269994632313,16.659957058507782,6.89747718733226,7.494632313472893,2.4691358024691357,3.227321524422974,1.6639828234031133,0.06038647342995169,0.040257648953301126,0.33548040794417605,,
140,2.522812667740204,3.515834675254965,46.544551798174986,8.668813741277509,16.505636070853463,7.14573268921095,7.440955448201825,2.4691358024691357,3.099838969404187,1.6505636070853462,0.06038647342995169,0.040257648953301126,0.33548040794417605,,
141,2.509393451422437,3.4151905528717124,45.99436392914654,8.601717659688674,16.210413311862588,8.051529790660226,7.440955448201825,2.4691358024691357,3.2206119162640903,1.6505636070853462,0.06038647342995169,0.040257648953301126,0.33548040794417605,,
142,2.563070316693505,3.4017713365539453,45.63204508856683,8.923778851315083,16.19699409554482,8.017981749865807,7.4141170155662905,2.4557165861513686,3.2139023081052067,1.7713365539452497,0.06038647342995169,0.040257648953301126,0.2885131508319914,0.020128824476650563,
143,2.3483628556092326,2.4825550187869028,41.680085882984436,8.628556092324208,21.511003757380568,7.494632313472893,8.917069243156199,1.9927536231884058,2.8113258185721954,1.724369296833065,0.06038647342995169,0.040257648953301126,0.2885131508319914,0.020128824476650563,
144,2.3886205045625335,2.4355877616747184,41.358024691358025,8.903650026838433,21.497584541062803,7.48792270531401,8.890230810520666,1.9927536231884058,2.8247450348899625,1.8115942028985508,0.06038647342995169,0.040257648953301126,0.2885131508319914,0.020128824476650563,
145,2.2074610842726785,2.4221685453569513,46.67203435319377,7.092055823939882,21.289586688137412,6.360708534621578,8.152173913043478,0.9192163177670424,2.737520128824477,1.7646269457863661,0.03354804079441761,0.040257648953301126,0.2885131508319914,0.020128824476650563,
146,2.167203435319377,2.4020397208803006,46.57809983896941,7.199409554482019,21.26274825550188,6.353998926462695,8.205850778314547,0.9192163177670424,2.7643585614600106,1.7310789049919484,0.06709608158883522,0.040257648953301126,0.2885131508319914,0.020128824476650563,
147,2.167203435319377,2.38191089640365,45.92055823939882,7.608695652173913,21.24261943102523,6.615673644659152,8.152173913043478,0.9728931830381106,2.7979066022544283,1.724369296833065,0.06709608158883522,0.040257648953301126,0.2885131508319914,0.020128824476650563,
148,2.2074610842726785,2.38191089640365,45.30327428878154,8.199141170155663,21.081588835212024,6.689479334406871,8.158883521202362,0.9728931830381106,2.8650026838432634,1.778046162104133,0.06709608158883522,0.040257648953301126,0.23483628556092323,0.020128824476650563,
149,2.2946859903381642,2.38191089640365,44.920826623725176,8.420558239398819,20.9272678475577,6.689479334406871,8.132045088566828,0.9728931830381106,3.113258185721954,1.7847557702630166,0.06709608158883522,0.040257648953301126,0.23483628556092323,0.020128824476650563,
150,2.328234031132582,2.3081052066559313,44.276704240472355,8.668813741277509,20.38378958668814,6.501610305958132,9.044551798174986,1.0869565217391304,3.113258185721954,1.865271068169619,0.1274825550187869,0.040257648953301126,0.23483628556092323,0.020128824476650563,
151,2.3349436392914655,2.3081052066559313,43.98819108964037,8.78287707997853,20.37037037037037,6.655931293612453,9.004294149221685,1.1003757380568975,3.140096618357488,1.892109500805153,0.1274825550187869,0.040257648953301126,0.23483628556092323,0.020128824476650563,
152,2.328234031132582,2.3081052066559313,43.78690284487386,8.99087493290392,20.35024154589372,6.696188942565755,8.870101986044014,1.0869565217391304,3.294417606011809,1.865271068169619,0.1274825550187869,0.040257648953301126,0.23483628556092323,0.020128824476650563,
153,2.3483628556092326,2.2611379495437465,42.860976918947934,9.903381642512077,20.25630703166935,6.763285024154589,8.856682769726248,1.1003757380568975,3.361513687600644,1.865271068169619,0.1274825550187869,0.040257648953301126,0.23483628556092323,0.020128824476650563,
154,2.3617820719269993,2.2611379495437465,42.652979066022546,10.205314009661835,20.04830917874396,6.756575415995706,8.870101986044014,1.1272141706924315,3.421900161030596,1.8384326355340848,0.1274825550187869,0.07380568974771873,0.23483628556092323,0.020128824476650563,
155,2.4490069779924855,2.2611379495437465,42.27724100912507,10.527375201288244,19.94766505636071,6.9310252281266775,8.76274825550188,1.1272141706924315,3.408480944712829,1.8384326355340848,0.1274825550187869,0.07380568974771873,0.24825550187869028,0.020128824476650563,
156,2.522812667740204,2.2611379495437465,41.78073000536769,10.534084809447128,19.75979602791197,6.9310252281266775,8.648684916800859,1.5499194847020934,3.535963499731616,2.006172839506173,0.1274825550187869,0.07380568974771873,0.24825550187869028,0.020128824476650563,
157,2.61003757380569,2.2410091250670963,41.532474503489,10.7085346215781,19.276704240472355,7.085346215780999,8.467525496511003,1.5499194847020934,4.05931293612453,1.9994632313472893,0.1274825550187869,0.07380568974771873,0.24825550187869028,0.020128824476650563,
158,2.6301663982823404,2.2410091250670963,41.176865271068166,10.976918947933441,19.249865807836823,7.139023081052066,8.360171765968868,1.583467525496511,4.126409017713366,1.9726247987117553,0.1274825550187869,0.07380568974771873,0.322061191626409,0.020128824476650563,
159,2.657004830917874,2.2410091250670963,40.747450348899626,11.29898013955985,19.135802469135804,7.232957595276436,8.340042941492216,1.583467525496511,4.240472356414386,1.9793344068706387,0.1274825550187869,0.07380568974771873,0.322061191626409,0.020128824476650563,
160,2.703972088030059,2.2410091250670963,40.324745034889965,11.808910359634996,19.061996779388085,7.152442297369833,8.353462157809984,1.6170155662909287,4.274020397208803,1.9793344068706387,0.06709608158883522,0.07380568974771873,0.322061191626409,0.020128824476650563,
161,2.7509393451422435,2.227589908749329,39.86849168008588,12.144390767579173,18.988191089640367,7.112184648416532,8.440687063875469,1.7310789049919484,4.260601180891036,1.9927536231884058,0.06709608158883522,0.07380568974771873,0.322061191626409,0.020128824476650563,
162,2.7643585614600106,2.227589908749329,39.398819108964034,12.5402576489533,18.753354804079443,7.37385936661299,8.420558239398819,1.7310789049919484,4.320987654320987,1.9927536231884058,0.06709608158883522,0.07380568974771873,0.3153515834675255,0.020128824476650563,
163,2.8113258185721954,2.227589908749329,39.371980676328505,12.419484702093397,18.59903381642512,7.50805152979066,8.380300590445518,1.7310789049919484,4.455179817498658,1.9793344068706387,0.06709608158883522,0.11406333870101985,0.3153515834675255,0.020128824476650563,
164,2.844873859366613,2.2208803005904456,39.22436929683307,12.338969404186795,18.391035963499732,7.601986044015029,8.313204508856682,1.8183038110574343,4.656468062265164,2.073268921095008,0.06709608158883522,0.11406333870101985,0.3153515834675255,0.020128824476650563,
165,2.8247450348899625,2.214170692431562,39.070048309178745,12.526838432635534,18.21658615136876,7.568438003220612,8.252818035426731,1.8183038110574343,4.85775630703167,2.13365539452496,0.06709608158883522,0.11406333870101985,0.3153515834675255,0.020128824476650563,
166,2.898550724637681,2.200751476113795,38.808373590982285,12.573805689747719,18.189747718733226,7.6556629092860975,8.252818035426731,2.01959205582394,4.790660225442834,2.100107353730542,0.06709608158883522,0.11406333870101985,0.30864197530864196,0.020128824476650563,
167,2.871712292002147,2.167203435319377,38.30515297906602,12.74825550187869,18.169618894256576,7.863660762211487,8.185721953837897,2.15378421900161,4.87788513150832,2.1403650026838434,0.06709608158883522,0.11406333870101985,0.3153515834675255,0.020128824476650563,
168,2.7241009125067097,2.15378421900161,41.51234567901235,12.265163714439076,17.478529253891573,7.836822329575953,7.407407407407407,2.006172839506173,4.294149221685454,1.8250134192163177,0.06709608158883522,0.11406333870101985,0.3153515834675255,,
169,2.8247450348899625,2.15378421900161,41.23054213633924,12.446323134728932,17.371175523349436,7.816693505099302,7.387278582930757,2.006172839506173,4.42163177670424,1.8250134192163177,0.08722490606548577,0.11406333870101985,0.3153515834675255,,
170,2.8784219001610305,2.100107353730542,40.042941492216855,12.801932367149758,17.277241009125067,8.05823939881911,8.004562533548041,2.006172839506173,4.3545356951154055,1.9457863660762211,0.10064412238325282,0.11406333870101985,0.3153515834675255,,
171,2.8784219001610305,2.100107353730542,39.781266774020395,13.01663982823403,17.156468062265162,8.132045088566828,7.924047235641439,2.147074610842727,4.341116478797638,1.9726247987117553,0.12077294685990338,0.11406333870101985,0.3153515834675255,,
172,2.9052603327965647,2.100107353730542,39.60010735373054,12.93612453032743,16.99543746645196,8.21256038647343,7.957595276435856,2.1604938271604937,4.609500805152979,1.9726247987117553,0.12077294685990338,0.11406333870101985,0.3153515834675255,,
173,2.7777777777777777,2.100107353730542,37.39935587761675,12.157809983896941,21.30300590445518,8.299785292538916,7.0383789586688135,2.1806226516371443,4.374664519592056,1.8048845947396672,0.10735373054213634,0.11406333870101985,0.3421900161030596,,
174,2.8113258185721954,2.100107353730542,37.15780998389694,12.084004294149223,21.054750402576488,8.568169618894256,6.951154052603328,2.3081052066559313,4.5960815888352125,1.8048845947396672,0.10735373054213634,0.11406333870101985,0.3421900161030596,,
175,2.8247450348899625,2.073268921095008,36.963231347289316,12.077294685990339,20.994363929146537,8.709071390230811,6.977992485238862,2.395330112721417,4.616210413311863,1.8048845947396672,0.10735373054213634,0.11406333870101985,0.3421900161030596,,
176,2.7844873859366612,2.073268921095008,36.72168545356951,12.090713902308105,20.933977455716587,8.836553945249598,6.944444444444445,2.5831991411701556,4.64975845410628,1.8048845947396672,0.12077294685990338,0.11406333870101985,0.3421900161030596,,
177,2.8113258185721954,2.073268921095008,36.07085346215781,12.432903918411165,20.79307568438003,9.158615136876007,6.9310252281266775,2.563070316693505,4.8376274825550185,1.778046162104133,0.12077294685990338,0.11406333870101985,0.3153515834675255,,
178,2.818035426731079,2.073268921095008,35.77563070316693,12.634192163177671,20.74610842726785,9.219001610305957,6.9310252281266775,2.563070316693505,4.884594739667204,1.778046162104133,0.14761137949543746,0.11406333870101985,0.3153515834675255,,
179,2.8515834675254963,2.073268921095008,35.68840579710145,12.580515297906603,20.618625872249062,9.225711218464841,6.957863660762212,2.563070316693505,5.092592592592593,1.7713365539452497,0.14761137949543746,0.11406333870101985,0.3153515834675255,,
180,2.8784219001610305,2.033011272141707,35.67498658078368,12.714707461084272,20.578368223295758,9.25925925925926,6.870638754696726,2.6301663982823404,5.01207729468599,1.7713365539452497,0.14761137949543746,0.11406333870101985,0.3153515834675255,,
181,2.9119699409554483,1.9189479334406871,35.44015029522276,12.795222758990874,20.497852925389157,9.480676328502415,6.910896403650026,2.6301663982823404,5.065754159957058,1.7713365539452497,0.14761137949543746,0.11406333870101985,0.3153515834675255,,
182,2.8515834675254963,1.90552871712292,34.43370907139023,12.902576489533011,20.397208803005906,9.091519055287172,8.32662372517445,2.522812667740204,5.166398282340311,1.7646269457863661,0.14761137949543746,0.17444981213097155,0.3153515834675255,,
183,2.871712292002147,1.90552871712292,34.024422973698336,12.74825550187869,20.12211486849168,9.198872785829307,8.32662372517445,2.9790660225442833,5.421363392377885,1.7646269457863661,0.14761137949543746,0.17444981213097155,0.3153515834675255,,
184,2.9052603327965647,1.892109500805153,33.66881374127751,12.889157273215245,20.108695652173914,9.406870638754697,8.32662372517445,2.918679549114332,5.434782608695652,1.8115942028985508,0.14761137949543746,0.17444981213097155,0.3153515834675255,,
185,2.9253891572732154,1.892109500805153,33.44739667203435,12.922705314009661,20.068438003220614,9.480676328502415,8.319914117015566,2.9723564143853998,5.5689747718733225,1.8048845947396672,0.14761137949543746,0.17444981213097155,0.27509393451422437,,
186,2.945517981749866,1.892109500805153,33.373590982286636,12.942834138486312,19.98792270531401,9.588030059044552,8.319914117015566,2.985775630703167,5.562265163714439,1.8048845947396672,0.14761137949543746,0.17444981213097155,0.27509393451422437,,
