,45,50,51,52,55,56,53,54,57,58,59
0,87.70799785292539,12.29200214707461,,,,,,,,,
1,86.37949543746645,8.608427267847558,5.01207729468599,,,,,,,,
2,84.15861513687601,10.332796564680622,3.1468062265163717,2.3617820719269993,,,,,,,
3,71.87332259796028,22.63150831991412,3.1468062265163717,2.3483628556092326,,,,,,,
4,72.0276435856146,22.490606548577563,3.1333870101986045,2.3483628556092326,,,,,,,
5,62.3792270531401,32.139023081052066,3.1333870101986045,2.3483628556092326,,,,,,,
6,57.709339774557165,27.462426194310254,12.47987117552335,2.3483628556092326,,,,,,,
7,57.84353193773484,27.32823403113258,12.47987117552335,2.3483628556092326,,,,,,,
8,58.04482018250134,27.126945786366075,12.47987117552335,2.3483628556092326,,,,,,,
9,42.7536231884058,31.239935587761675,23.658078368223297,2.3483628556092326,,,,,,,
10,42.66639828234031,31.40096618357488,23.58427267847558,2.3483628556092326,,,,,,,
11,42.7938808373591,31.21309715512614,23.34272678475577,2.3483628556092326,0.08051529790660225,0.2214170692431562,,,,,
12,43.09581320450886,30.991680085882983,23.262211486849168,2.3483628556092326,0.08051529790660225,0.2214170692431562,,,,,
13,43.20987654320987,30.917874396135264,23.221953837895867,2.3483628556092326,0.08051529790660225,0.2214170692431562,,,,,
14,40.43880837359098,26.670692431561996,30.24020397208803,2.3483628556092326,0.08051529790660225,0.2214170692431562,,,,,
15,36.3593666129898,32.75630703166935,30.152979066022546,0.30193236714975846,0.15432098765432098,0.2214170692431562,0.05367686527106817,,,,
16,29.448470209339774,39.96913580246913,29.74369296833065,0.30193236714975846,0.2616747181964573,0.2214170692431562,0.05367686527106817,,,,
17,29.911433172302736,39.49946323134729,29.643048845947398,0.30193236714975846,0.36902844873859364,0.2214170692431562,0.05367686527106817,,,,
18,29.186795491143318,33.19914117015566,36.67471819645733,,0.6642512077294686,0.2214170692431562,0.05367686527106817,,,,
19,29.240472356414386,33.071658615136876,36.63446054750403,,0.6239935587761675,0.3757380568974772,0.05367686527106817,,,,
20,29.09957058507783,32.46779388083736,36.7686527106817,,0.9863123993558777,0.6239935587761675,0.05367686527106817,,,,
21,28.79092860976919,32.6556629092861,36.741814278046164,,1.133923778851315,0.6239935587761675,0.05367686527106817,,,,
22,29.1935050993022,32.43424584004294,36.29898013955985,,1.2748255501878691,0.7447665056360708,0.05367686527106817,,,,
23,29.280730005367687,32.48121309715513,36.04401502952228,,1.2748255501878691,0.8655394524959742,0.05367686527106817,,,,
24,29.394793344068706,32.407407407407405,36.00375738056898,,1.2748255501878691,0.8655394524959742,0.05367686527106817,,,,
25,24.892646269457863,36.13794954374664,35.889694041867955,,2.1604938271604937,0.8655394524959742,0.05367686527106817,,,,
26,25.006709608158882,35.990338164251206,35.92324208266237,,2.1604938271604937,0.8655394524959742,0.05367686527106817,,,,
27,25.489801395598498,35.567632850241544,35.88298443370907,,2.1403650026838434,0.8655394524959742,0.05367686527106817,,,,
28,25.831991411701555,33.883521202361784,32.55501878690284,5.522007514761138,1.3016639828234031,0.8521202361782072,0.05367686527106817,,,,
29,26.120504562533547,33.72920021470746,32.51476113794954,5.522007514761138,1.3016639828234031,0.7581857219538379,0.05367686527106817,,,,
30,26.583467525496513,33.44068706387547,32.44095544820183,5.421363392377885,1.3016639828234031,0.7581857219538379,0.05367686527106817,,,,
31,26.281535158346752,32.60198604401503,35.15163714439077,3.851315083199141,1.3016639828234031,0.7581857219538379,0.05367686527106817,,,,
32,26.281535158346752,30.817230273752013,34.554482018250134,5.293880837359098,1.5633387010198605,0.7581857219538379,0.7313472893183038,,,,
33,24.422973698336016,29.17337627482555,38.04347826086956,4.374664519592056,1.5432098765432098,0.6709608158883521,1.7713365539452497,,,,
34,24.322329575952764,28.972088030059044,38.18438003220612,4.327697262479871,1.6103059581320451,0.6709608158883521,1.7713365539452497,0.14090177133655393,,,
35,23.792270531400966,29.602791196994094,38.016639828234034,4.327697262479871,1.6774020397208802,0.6709608158883521,1.7713365539452497,0.14090177133655393,,,
36,24.040526033279658,29.502147074610843,37.895866881374126,4.327697262479871,1.6774020397208802,0.6709608158883521,1.7713365539452497,0.11406333870101985,,,
37,23.597691894793343,29.320987654320987,39.34514224369297,4.30756843800322,1.7713365539452497,0.4495437466451959,1.093666129898014,0.11406333870101985,,,
38,23.825818572195384,29.086151368760063,39.27804616210413,4.300858829844337,1.8518518518518519,0.4495437466451959,1.093666129898014,0.11406333870101985,,,
39,22.73886205045625,25.657541599570585,44.99463231347289,2.85829307568438,1.7847557702630166,0.4495437466451959,1.402308105206656,0.11406333870101985,,,
40,20.222758990874933,22.65163714439077,51.570048309178745,1.7981749865807837,1.751207729468599,0.48980139559849706,1.402308105206656,0.11406333870101985,,,
41,19.51825013419216,19.920826623725173,55.401234567901234,1.7981749865807837,1.5096618357487923,0.3488996242619431,1.3888888888888888,0.11406333870101985,,,
42,20.00805152979066,19.773215244229736,55.00536768652711,1.7981749865807837,1.4492753623188406,0.46296296296296297,1.3888888888888888,0.11406333870101985,,,
43,20.034889962426195,19.276704240472355,50.46296296296296,6.796833064949007,1.3687600644122384,0.46296296296296297,1.3888888888888888,0.20799785292538917,,,
44,20.148953301127214,19.26328502415459,50.348899624261946,6.702898550724638,1.3687600644122384,0.5703166935050993,1.3888888888888888,0.20799785292538917,,,
45,19.182769726247987,15.693773483628556,57.68250134192163,5.038915727321524,1.221148684916801,0.39586688137412773,0.4495437466451959,0.20799785292538917,0.1274825550187869,,
46,19.122383252818036,15.613258185721953,56.90418679549114,5.193236714975845,1.8988191089640365,0.4830917874396135,0.4495437466451959,0.20799785292538917,0.1274825550187869,,
47,19.11567364465915,15.58641975308642,56.66935050993022,5.193236714975845,2.167203435319377,0.4830917874396135,0.4495437466451959,0.20799785292538917,0.1274825550187869,,
48,19.79334406870639,15.277777777777779,55.93129361245303,5.01207729468599,2.147074610842727,0.95276435856146,0.4495437466451959,0.30864197530864196,0.1274825550187869,,
49,20.26972624798712,15.250939345142244,55.55555555555556,4.998658078368224,2.147074610842727,0.8923778851315083,0.4495437466451959,0.30864197530864196,0.1274825550187869,,
50,19.03515834675255,37.38593666129898,39.19753086419753,0.7313472893183038,2.073268921095008,0.9125067096081588,0.47638217928073,0.1878690284487386,,,
51,18.686258722490606,36.50697799248524,40.21068169618894,0.7313472893183038,2.2879763821792807,0.9125067096081588,0.47638217928073,0.1878690284487386,,,
52,19.028448738593667,35.869565217391305,39.63365539452496,0.7313472893183038,3.1602254428341383,0.9125067096081588,0.47638217928073,0.1878690284487386,,,
53,19.276704240472355,35.76221148684917,39.34514224369297,0.7313472893183038,3.307836822329576,0.9125067096081588,0.47638217928073,0.1878690284487386,,,
54,19.330381105743424,33.73590982286635,38.28502415458937,3.0595813204508855,2.9723564143853998,1.0198604401502953,0.47638217928073,1.1205045625335481,,,
55,19.558507783145465,33.50107353730542,38.10386473429951,2.965646806226516,3.113258185721954,1.0198604401502953,0.47638217928073,1.261406333870102,,,
56,18.92109500805153,28.341384863123995,34.326355340848096,14.338432635534085,2.7979066022544283,0.7783145464304885,0.05367686527106817,0.3488996242619431,0.0939345142243693,,
57,14.714170692431562,34.66183574879227,33.2259796027912,13.66076221148685,2.5831991411701556,0.7783145464304885,0.05367686527106817,0.2281266774020397,0.0939345142243693,,
58,14.982555018786902,34.40016103059581,33.15888352120236,13.466183574879228,2.5563607085346214,1.0601180891035964,0.05367686527106817,0.2281266774020397,0.0939345142243693,,
59,13.781535158346752,32.400697799248526,34.74235104669887,15.975577026301664,1.90552871712292,0.9125067096081588,0.05367686527106817,0.2281266774020397,,,
60,12.701288244766506,29.1129898013956,37.74825550187869,17.67981749865808,1.6371443907675791,0.6910896403650026,0.05367686527106817,0.2281266774020397,0.14761137949543746,,
61,12.52012882447665,27.932098765432098,35.607890499194845,21.00107353730542,1.6371443907675791,0.7648953301127214,0.1610305958132045,0.2281266774020397,0.14761137949543746,,
62,12.741545893719806,27.83816425120773,35.50053676865271,17.458400429414922,1.6371443907675791,0.7648953301127214,3.717122920021471,0.2281266774020397,0.11406333870101985,,
63,12.795222758990874,27.78448738593666,35.339506172839506,17.357756307031668,1.6371443907675791,1.0265700483091786,3.717122920021471,0.2281266774020397,0.11406333870101985,,
64,13.117283950617283,27.194041867954912,35.04428341384863,17.250402576489535,2.3215244229736984,1.0265700483091786,3.7037037037037037,0.2281266774020397,0.11406333870101985,,
65,13.33870101986044,27.086688137412775,29.381374127750938,22.879763821792807,2.314814814814815,0.95276435856146,3.7037037037037037,0.2281266774020397,0.11406333870101985,,
66,13.331991411701557,26.288244766505635,31.300322061191626,21.76596886741814,2.314814814814815,0.95276435856146,3.7037037037037037,0.2281266774020397,0.11406333870101985,,
67,12.795222758990874,26.637144390767578,31.159420289855074,20.229468599033815,2.314814814814815,0.9326355340848095,3.7037037037037037,1.9994632313472893,0.2281266774020397,,
68,13.331991411701557,26.36876006441224,30.9849704777241,20.108695652173914,2.2879763821792807,1.6774020397208802,3.012614063338701,1.9994632313472893,0.2281266774020397,,
69,12.567096081588835,26.27482555018787,25.744766505636072,20.74610842726785,2.046430488459474,1.6572732152442298,8.735909822866345,1.9994632313472893,0.2281266774020397,,
70,11.332528180354267,21.504294149221685,24.63768115942029,17.330917874396135,2.2342995169082127,1.4626945786366077,21.041331186258724,0.2281266774020397,0.2281266774020397,,
71,11.943102522812667,21.336553945249598,24.376006441223833,16.982018250134193,2.033011272141707,1.5767579173376274,21.095008051529792,0.4294149221685454,0.2281266774020397,,
72,11.20504562533548,20.974235104669887,23.832528180354267,18.431293612453032,2.15378421900161,1.7914653784219001,20.632045088566827,0.4294149221685454,0.2281266774020397,0.322061191626409,
73,11.560654857756306,20.933977455716587,23.711755233494365,18.364197530864196,2.15378421900161,1.6639828234031133,20.632045088566827,0.4294149221685454,0.2281266774020397,0.322061191626409,
74,11.43317230273752,20.913848631239937,22.805958132045088,18.209876543209877,2.15378421900161,1.570048309178744,21.72571121846484,0.4294149221685454,0.35560923242082665,0.4025764895330113,
75,11.741814278046162,20.665593129361245,22.75228126677402,18.075684380032207,2.4154589371980677,1.570048309178744,21.591519055287172,0.4294149221685454,0.35560923242082665,0.4025764895330113,
76,11.81561996779388,20.564949006977994,22.67176596886742,18.06226516371444,2.4691358024691357,1.6371443907675791,21.497584541062803,0.4294149221685454,0.4495437466451959,0.4025764895330113,
77,11.916264090177133,20.48443370907139,21.967257112184647,18.666129898013956,2.4691358024691357,1.865271068169619,21.36339237788513,0.4294149221685454,0.322061191626409,0.5166398282340311,
78,12.526838432635534,20.276435856146,21.511003757380568,18.572195383789587,2.6838432635534084,1.865271068169619,21.30300590445518,0.4294149221685454,0.3153515834675255,0.5166398282340311,
79,12.667740203972087,20.276435856146,21.511003757380568,18.364197530864196,2.6838432635534084,1.865271068169619,21.26945786366076,0.4294149221685454,0.41599570585077833,0.5166398282340311,
80,13.043478260869565,20.115405260332796,21.296296296296298,18.283682232957595,2.7643585614600106,1.865271068169619,21.141975308641975,0.5568974771873323,0.41599570585077833,0.5166398282340311,
81,13.573537305421363,19.97450348899624,21.256038647342994,18.14278046162104,2.737520128824477,1.7981749865807837,21.027911969940956,0.5568974771873323,0.41599570585077833,0.5166398282340311,
82,13.66076221148685,19.612184648416534,21.62506709608159,17.612721417069242,2.8113258185721954,1.737788513150832,21.578099838969404,0.4294149221685454,0.41599570585077833,0.5166398282340311,
83,14.452495974235104,19.444444444444443,21.604938271604937,16.525764895330113,2.8918411164787976,1.4626945786366077,22.25577026301664,0.4294149221685454,0.41599570585077833,0.5166398282340311,
84,14.036500268384327,18.51851851851852,24.745034889962426,15.660225442834138,2.8918411164787976,1.3955984970477724,21.464036500268385,0.35560923242082665,0.41599570585077833,0.5166398282340311,
85,14.53972088030059,18.38432635534085,24.570585077831456,15.579710144927537,2.8650026838432634,1.5365002683843263,21.081588835212024,0.35560923242082665,0.41599570585077833,0.6709608158883521,
86,14.15727321524423,15.096618357487923,24.282071926999464,14.573268921095009,2.5026838432635534,1.4962426194310252,20.517981749865807,6.400966183574879,0.30193236714975846,0.6709608158883521,
87,14.318303811057435,15.009393451422437,24.228395061728396,14.486044015029522,2.576489533011272,1.6505636070853462,20.28985507246377,6.374127750939345,0.39586688137412773,0.6709608158883521,
88,14.40552871712292,14.915458937198068,23.718464841653248,14.398819108964037,3.113258185721954,1.6505636070853462,20.457595276435857,6.273483628556092,0.39586688137412773,0.6709608158883521,
89,12.989801395598498,18.894256575415994,23.557434245840042,12.721417069243156,2.918679549114332,1.5633387010198605,19.994632313472895,5.374396135265701,0.4428341384863124,0.6709608158883521,0.8722490606548577
90,11.976650563607086,10.762211486849168,40.995705850778315,12.13768115942029,2.408749329039184,1.4694041867954912,18.65271068169619,0.30193236714975846,0.49651100375738055,0.798443370907139,
91,12.218196457326892,10.762211486849168,40.23752012882448,12.667740203972087,2.408749329039184,1.5633387010198605,18.46484165324745,0.30193236714975846,0.49651100375738055,0.8789586688137413,
92,12.560386473429952,10.674986580783683,39.841653247450346,12.573805689747719,2.341653247450349,1.7847557702630166,18.45813204508857,0.38915727321524424,0.49651100375738055,0.8789586688137413,
93,12.68786902844874,10.674986580783683,39.231078904991946,12.573805689747719,2.341653247450349,2.341653247450349,18.38432635534085,0.38915727321524424,0.49651100375738055,0.8789586688137413,
94,12.754965110037574,10.674986580783683,39.06333870101986,12.533548040794418,2.341653247450349,2.341653247450349,18.38432635534085,0.5300590445517982,0.49651100375738055,0.8789586688137413,
95,11.238593666129898,10.668276972624799,50.50993022007515,8.816425120772946,2.3081052066559313,1.8317230273752012,12.822061191626409,0.5300590445517982,0.39586688137412773,0.8789586688137413,
96,11.131239935587761,8.809715512614064,50.34219001610306,8.3064949006978,4.9651100375738055,1.8183038110574343,12.822061191626409,0.5300590445517982,0.39586688137412773,0.8789586688137413,
97,11.245303274288782,8.789586688137414,50.20799785292539,8.293075684380032,5.018786902844874,1.8183038110574343,12.822061191626409,0.5300590445517982,0.39586688137412773,0.8789586688137413,
98,11.621041331186259,8.76274825550188,49.31561996779388,8.266237251744498,5.005367686527107,1.751207729468599,13.47289318303811,0.5300590445517982,0.39586688137412773,0.8789586688137413,
99,11.574074074074074,8.76274825550188,49.02710681696189,11.010466988727858,4.978529253891573,1.5230810520665594,11.473429951690822,0.5300590445517982,0.2616747181964573,0.8588298443370908,
100,11.916264090177133,8.749329039184111,48.66478797638218,10.896403650026839,5.152979066022544,1.4962426194310252,11.473429951690822,0.5300590445517982,0.2616747181964573,0.8588298443370908,
101,11.245303274288782,7.843531937734836,48.39640365002684,15.94873859366613,1.9457863660762211,1.4962426194310252,11.473429951690822,0.5300590445517982,0.2616747181964573,0.8588298443370908,
102,11.513687600644122,7.816693505099302,47.85963499731616,15.814546430488459,1.9457863660762211,1.9189479334406871,11.366076221148685,0.644122383252818,0.2616747181964573,0.8588298443370908,
103,11.963231347289318,7.816693505099302,47.38996242619431,15.74074074074074,1.9457863660762211,2.01959205582394,11.231884057971014,0.6374127750939346,0.2616747181964573,0.9930220075147611,
104,12.265163714439076,7.75630703166935,47.30273752012882,15.58641975308642,1.9457863660762211,2.01959205582394,11.231884057971014,0.6374127750939346,0.2616747181964573,0.9930220075147611,
105,12.5,7.749597423510467,46.93370907139023,15.58641975308642,2.086688137412775,2.01959205582394,11.231884057971014,0.6374127750939346,0.2616747181964573,0.9930220075147611,
106,13.097155126140633,7.709339774557166,46.443907675791735,15.559581320450885,2.1135265700483092,2.01959205582394,11.16478797638218,0.6374127750939346,0.2616747181964573,0.9930220075147611,
107,13.217928073000536,7.709339774557166,46.41035963499731,15.546162104133119,2.100107353730542,1.9592055823939882,11.044015029522276,0.6374127750939346,0.4227053140096618,0.95276435856146,
108,13.70101986044015,7.682501341921632,45.772946859903385,15.505904455179817,2.368491680085883,1.9592055823939882,10.997047772410092,0.6374127750939346,0.4227053140096618,0.95276435856146,
109,13.942565754159958,7.615405260332796,45.22275899087493,15.640096618357488,2.7442297369833604,1.9592055823939882,10.86285560923242,0.6374127750939346,0.4227053140096618,0.95276435856146,
110,14.143853998926463,7.581857219538379,45.01476113794954,15.640096618357488,2.6704240472356413,1.9189479334406871,10.943370907139023,0.7313472893183038,0.4227053140096618,0.9326355340848095,
111,13.43263553408481,6.655931293612453,52.012882447665056,13.801663982823403,2.757648953301127,1.7847557702630166,7.87037037037037,0.7313472893183038,0.4428341384863124,0.5099302200751477,
112,13.6808910359635,6.622383252818035,51.650563607085346,13.633923778851315,2.757648953301127,1.9256575415995705,7.803274288781535,0.8387010198604401,0.5837359098228664,0.5032206119162641,
113,14.472624798711756,6.608964036500268,51.03327965646806,13.405797101449275,2.757648953301127,2.0128824476650564,7.7831454643048845,0.8387010198604401,0.5837359098228664,0.5032206119162641,
114,14.680622651637144,6.602254428341385,50.76489533011272,13.372249060654857,2.8918411164787976,2.046430488459474,7.716049382716049,0.8387010198604401,0.5837359098228664,0.5032206119162641,
115,15.546162104133119,6.602254428341385,49.993290391841114,13.331991411701557,3.012614063338701,2.01959205582394,7.555018786902845,0.8387010198604401,0.6038647342995169,0.49651100375738055,
116,14.579978529253891,6.5485775630703165,53.133387010198604,13.056897477187333,2.254428341384863,1.6975308641975309,6.877348362855609,0.7648953301127214,0.6038647342995169,0.4830917874396135,
117,13.513150831991412,4.2270531400966185,54.74369296833065,13.056897477187333,2.13365539452496,1.6170155662909287,8.856682769726248,0.7648953301127214,0.6038647342995169,0.4830917874396135,
118,13.077026301663983,4.052603327965647,47.94015029522276,19.35721953837896,2.1135265700483092,2.791196994095545,8.856682769726248,0.7246376811594203,0.6038647342995169,0.4830917874396135,
119,13.479602791196994,3.965378421900161,47.47047772410091,19.35721953837896,2.1806226516371443,2.791196994095545,8.816425120772946,0.8521202361782072,0.6038647342995169,0.4830917874396135,
120,13.868760064412239,3.965378421900161,47.24906065485776,19.176060118089104,2.1806226516371443,2.791196994095545,8.709071390230811,0.8521202361782072,0.7246376811594203,0.4830917874396135,
121,13.989533011272142,3.965378421900161,46.3365539452496,19.082125603864736,3.1736446591519054,2.791196994095545,8.57487922705314,0.8521202361782072,0.8252818035426731,0.4092860976918948,
122,14.278046162104133,3.911701556629093,46.31642512077295,18.874127750939344,3.1736446591519054,2.7844873859366612,8.57487922705314,0.8521202361782072,0.8252818035426731,0.4092860976918948,
123,14.278046162104133,3.8915727321524423,44.80005367686527,18.793612453032743,4.830917874396135,2.7442297369833604,8.57487922705314,0.8521202361782072,0.8252818035426731,0.4092860976918948,
124,14.546430488459475,3.8915727321524423,44.73966720343532,18.431293612453032,4.663177670424047,3.140096618357488,8.501073537305421,0.8521202361782072,0.8252818035426731,0.4092860976918948,
125,14.486044015029522,3.8915727321524423,44.256575415995705,18.391035963499732,4.4820182501341925,3.052871712292002,8.400429414922169,1.8048845947396672,0.8252818035426731,0.4092860976918948,
126,15.009393451422437,3.8580246913580245,43.927804616210416,18.230005367686527,4.4753086419753085,3.052871712292002,8.313204508856682,1.8988191089640365,0.8252818035426731,0.4092860976918948,
127,15.526033279656469,3.7640901771336552,43.70638754696726,18.270263016639827,4.4753086419753085,2.9790660225442833,8.145464304884594,1.8988191089640365,0.8252818035426731,0.4092860976918948,
128,15.98899624261943,3.750670960815888,43.57890499194847,17.98845947396672,4.341116478797638,3.0595813204508855,8.085077831454644,1.8988191089640365,0.8990874932903918,0.4092860976918948,
129,14.04320987654321,3.629898013955985,47.95356951154053,16.391572732152444,3.9452495974235107,2.85829307568438,7.971014492753623,1.8988191089640365,0.8990874932903918,0.4092860976918948,
130,14.512882447665056,3.629898013955985,47.436929683306495,16.378153515834676,3.8915727321524423,3.0327428878153517,7.950885668276973,1.8988191089640365,0.8588298443370908,0.4092860976918948,
131,14.942297369833602,3.629898013955985,46.9873859366613,16.358024691358025,3.8915727321524423,3.0327428878153517,7.917337627482555,1.8719806763285025,0.9594739667203436,0.4092860976918948,
132,15.230810520665592,3.629898013955985,46.826355340848096,16.358024691358025,3.8915727321524423,3.026033279656468,7.803274288781535,1.8719806763285025,0.95276435856146,0.4092860976918948,
133,15.539452495974235,3.629898013955985,46.62506709608159,16.297638217928075,3.8915727321524423,2.999194847020934,7.7831454643048845,1.8719806763285025,0.95276435856146,0.4092860976918948,
134,15.203972088030058,3.549382716049383,50.28851315083199,13.976113794954374,3.683574879227053,2.9052603327965647,7.199409554482019,2.073268921095008,0.7112184648416533,0.4092860976918948,
135,14.9020397208803,3.1870638754696725,48.29575952764358,16.955179817498657,3.5963499731615673,2.6838432635534084,7.185990338164252,2.073268921095008,0.7112184648416533,0.4092860976918948,
136,15.324745034889963,3.1535158346752548,48.03408480944713,16.921631776704242,3.5963499731615673,2.6838432635534084,7.011540526033279,2.073268921095008,0.7917337627482555,0.4092860976918948,
137,15.499194847020934,3.1535158346752548,47.765700483091784,16.67337627482555,3.683574879227053,2.6704240472356413,6.857219538378959,2.1940418679549114,0.9393451422436929,0.5636070853462157,
138,16.129898013955984,3.0931293612453032,47.42351046698873,16.472088030059044,3.683574879227053,2.6704240472356413,7.03166935050993,2.006172839506173,0.9393451422436929,0.5501878690284487,
139,16.552603327965645,3.0730005367686526,46.92028985507246,16.384863123993558,3.8378958668813743,2.6704240472356413,7.024959742351046,2.006172839506173,0.9796027911969941,0.5501878690284487,
140,17.062533548040793,3.0730005367686526,46.524422973698336,16.23054213633924,3.8311862587224907,2.844873859366613,6.971282877079979,2.006172839506173,0.9326355340848095,0.5233494363929146,
141,17.01556629092861,2.9723564143853998,45.96081588835212,15.935319377348362,4.74369296833065,2.844873859366613,6.971282877079979,2.006172839506173,1.0265700483091786,0.5233494363929146,
142,17.223564143854,2.9589371980676327,45.59849704777241,15.921900161030596,4.7101449275362315,3.0931293612453032,6.971282877079979,1.9927536231884058,1.0064412238325282,0.5233494363929146,
143,15.807836822329575,2.1135265700483092,41.63311862587225,21.336553945249598,4.663177670424047,2.9589371980676327,8.635265700483092,1.6103059581320451,0.7514761137949544,0.48980139559849706,
144,16.009125067096083,2.0665593129361244,41.31105743424584,21.32313472893183,4.5960815888352125,3.2340311325818574,8.608427267847558,1.6103059581320451,0.7514761137949544,0.48980139559849706,
145,13.56682769726248,2.0531400966183573,46.61835748792271,21.115136876006442,4.280730005367687,2.636876006441224,7.897208803005904,0.5904455179817498,0.7514761137949544,0.48980139559849706,
146,13.79495437466452,2.0531400966183573,46.524422973698336,21.088298443370906,4.280730005367687,2.636876006441224,7.816693505099302,0.5904455179817498,0.7514761137949544,0.46296296296296297,
147,14.418947933440688,2.033011272141707,45.86688137412775,21.007783145464305,4.280730005367687,2.8650026838432634,7.763016639828234,0.5904455179817498,0.7112184648416533,0.46296296296296297,
148,15.103327965646805,2.033011272141707,45.249597423510465,20.8467525496511,4.233762748255502,2.999194847020934,7.769726247987117,0.5904455179817498,0.7112184648416533,0.46296296296296297,
149,15.673644659151906,2.033011272141707,44.880568974771876,20.69243156199678,4.233762748255502,2.999194847020934,7.763016639828234,0.5904455179817498,0.6709608158883521,0.46296296296296297,
150,16.317767042404725,1.9592055823939882,44.22973698336017,20.202630166398283,4.180085882984434,2.6972624798711755,8.68894256575416,0.5904455179817498,0.6709608158883521,0.46296296296296297,
151,16.586151368760063,1.9592055823939882,43.94122383252818,20.189210950080515,4.253891572732153,2.6972624798711755,8.648684916800859,0.5904455179817498,0.6709608158883521,0.46296296296296297,
152,16.740472356414386,1.9592055823939882,43.74664519592056,20.182501341921633,4.200214707461084,2.8113258185721954,8.514492753623188,0.5770263016639828,0.8051529790660226,0.46296296296296297,
153,17.01556629092861,1.9122383252818036,42.81400966183575,20.088566827697264,4.186795491143317,3.6366076221148687,8.501073537305421,0.5770263016639828,0.8051529790660226,0.46296296296296297,
154,17.176596886741816,1.9122383252818036,42.60601180891036,19.887278582930758,4.1532474503489,3.9184111647879765,8.501073537305421,0.5770263016639828,0.8051529790660226,0.46296296296296297,
155,17.424852388620504,1.9122383252818036,42.25711218464841,19.786634460547504,4.2270531400966185,4.1532474503489,8.393719806763285,0.5770263016639828,0.8051529790660226,0.46296296296296297,
156,17.887815351583466,1.9122383252818036,41.8142780461621,19.598765432098766,4.2270531400966185,4.26731078904992,8.272946859903382,0.5770263016639828,0.798443370907139,0.644122383252818,
157,18.646001073537306,1.892109500805153,41.56602254428341,19.155931293612454,4.361245303274289,4.26731078904992,8.091787439613526,0.5770263016639828,0.798443370907139,0.644122383252818,
158,18.98148148148148,1.892109500805153,41.21041331186259,19.129092860976918,4.334406870638754,4.4820182501341925,7.98443370907139,0.5770263016639828,0.7648953301127214,0.644122383252818,
159,19.47128287707998,1.892109500805153,40.78099838969404,19.0150295222759,4.334406870638754,4.5893719806763285,7.957595276435856,0.5770263016639828,0.7447665056360708,0.6374127750939346,
160,19.73966720343532,1.892109500805153,40.35829307568438,18.94122383252818,4.28743961352657,4.864465915190553,7.957595276435856,0.5770263016639828,0.7447665056360708,0.6374127750939346,
161,20.061728395061728,1.8786902844873858,39.9020397208803,18.840579710144926,4.26731078904992,5.032206119162641,8.091787439613526,0.5434782608695652,0.7447665056360708,0.6374127750939346,
162,20.585077831454644,1.8786902844873858,39.432367149758456,18.605743424584006,4.468599033816425,5.032206119162641,8.071658615136876,0.5434782608695652,0.7447665056360708,0.6374127750939346,
163,20.725979602791195,1.8786902844873858,39.40552871712292,18.451422436929683,4.602791196994096,4.99194847020934,8.031400966183575,0.5434782608695652,0.7447665056360708,0.6239935587761675,
164,21.128556092324207,1.8719806763285025,39.27804616210413,18.243424584004295,4.602791196994096,4.938271604938271,7.937466451959206,0.5434782608695652,0.8319914117015567,0.6239935587761675,
165,21.4573268921095,1.865271068169619,39.12372517444981,18.06897477187332,4.542404723564144,4.931561996779388,7.877079978529254,0.5434782608695652,0.966183574879227,0.6239935587761675,
166,21.4573268921095,1.865271068169619,38.86205045625336,18.04213633923779,4.7168545356951155,5.065754159957058,7.7898550724637685,0.6374127750939346,0.9393451422436929,0.6239935587761675,
167,22.128287707997853,1.8585614600107354,38.35882984433709,17.921363392377884,4.676596886741814,5.119431025228127,7.7361782071927,0.6374127750939346,0.9393451422436929,0.6239935587761675,
168,21.014492753623188,1.8451422436929683,41.56602254428341,17.28395061728395,4.4820182501341925,4.9651100375738055,6.944444444444445,0.6374127750939346,0.7045088566827697,0.5568974771873323,
169,21.443907675791735,1.8451422436929683,41.2842190016103,17.176596886741816,4.461889425657541,4.9651100375738055,6.9243156199677935,0.6374127750939346,0.7045088566827697,0.5568974771873323,
170,21.91358024691358,1.7914653784219001,40.09661835748792,17.10950080515298,4.582662372517445,5.065754159957058,7.541599570585078,0.6374127750939346,0.7045088566827697,0.5568974771873323,
171,22.020933977455716,1.7914653784219001,39.84836285560923,16.988727858293075,4.643048845947397,5.287171229200215,7.461084272678476,0.6374127750939346,0.7648953301127214,0.5568974771873323,
172,22.416800858829845,1.7914653784219001,39.66720343531938,16.82769726247987,4.5893719806763285,5.287171229200215,7.461084272678476,0.6374127750939346,0.7648953301127214,0.5568974771873323,
173,21.93370907139023,1.7914653784219001,37.4597423510467,21.128556092324207,4.602791196994096,4.723564143853999,6.521739130434782,0.6374127750939346,0.6642512077294686,0.5367686527106817,
174,22.134997316156735,1.7914653784219001,37.21819645732689,20.88030059044552,4.750402576489533,4.790660225442834,6.508319914117015,0.6374127750939346,0.7514761137949544,0.5367686527106817,
175,22.33628556092324,1.7914653784219001,37.02361782071927,20.819914117015568,4.7101449275362315,4.783950617283951,6.508319914117015,0.7380568974771873,0.7514761137949544,0.5367686527106817,
176,22.550993022007514,1.7914653784219001,36.782071926999464,20.618625872249062,4.64975845410628,4.85775630703167,6.508319914117015,0.95276435856146,0.7514761137949544,0.5367686527106817,
177,22.75228126677402,1.7914653784219001,36.131239935587764,20.491143317230275,4.85775630703167,5.24020397208803,6.494900697799249,0.95276435856146,0.7514761137949544,0.5367686527106817,
178,23.007246376811594,1.778046162104133,35.83601717659689,20.44417606011809,4.85775630703167,5.340848094471283,6.494900697799249,0.95276435856146,0.7514761137949544,0.5367686527106817,
179,23.2487922705314,1.778046162104133,35.7487922705314,20.283145464304884,4.804079441760601,5.340848094471283,6.468062265163715,0.95276435856146,0.8387010198604401,0.5367686527106817,
180,23.30246913580247,1.737788513150832,35.73537305421363,20.242887815351583,4.864465915190553,5.414653784219001,6.380837359098229,0.95276435856146,0.8319914117015567,0.5367686527106817,
181,23.731884057971016,1.6237251744498122,35.50053676865271,20.162372517444982,4.864465915190553,5.394524959742351,6.421095008051529,0.95276435856146,0.8118625872249061,0.5367686527106817,
182,23.396403650026837,1.6237251744498122,34.48067632850242,20.061728395061728,4.7638217928073,5.4616210413311865,7.9106280193236715,0.95276435856146,0.8118625872249061,0.5367686527106817,
183,23.47691894793344,1.6237251744498122,34.07139023081052,19.786634460547504,4.7638217928073,5.4549114331723025,7.9106280193236715,1.42914653784219,0.9460547504025765,0.5367686527106817,
184,23.765432098765434,1.6103059581320451,33.7157809983897,19.773215244229736,4.7638217928073,5.58239398819109,7.9106280193236715,1.3955984970477724,0.9460547504025765,0.5367686527106817,
185,24.10762211486849,1.6103059581320451,33.50107353730542,19.732957595276435,4.74369296833065,5.515297906602254,7.9106280193236715,1.3955984970477724,0.9460547504025765,0.5367686527106817,
186,24.22168545356951,1.6103059581320451,33.4272678475577,19.652442297369834,4.7101449275362315,5.589103596349974,7.9106280193236715,1.3955984970477724,0.9460547504025765,0.5367686527106817,
187,24.396135265700483,1.6103059581320451,33.17901234567901,19.37734836285561,5.300590445517981,5.501878690284487,7.7831454643048845,1.3955984970477724,0.9192163177670424,0.5367686527106817,
188,24.812130971551262,1.4895330112721417,32.830112721417066,19.290123456790123,5.394524959742351,5.4616210413311865,7.87037037037037,1.3955984970477724,0.9192163177670424,0.5367686527106817,
189,25.07380568974772,1.4895330112721417,32.6959205582394,18.69296833064949,5.448201825013419,5.4616210413311865,8.3064949006978,1.3955984970477724,0.8990874932903918,0.5367686527106817,
190,25.335480407944175,1.4761137949543746,32.628824476650564,18.666129898013956,5.448201825013419,5.347557702630167,8.3064949006978,1.3553408480944713,0.8990874932903918,0.5367686527106817,
191,25.771604938271604,1.4761137949543746,32.380568974771876,18.5252281266774,5.421363392377885,5.293880837359098,8.360171765968868,1.3553408480944713,0.8789586688137413,0.5367686527106817,
192,25.697799248523886,1.4626945786366077,32.098765432098766,18.411164787976382,5.421363392377885,5.293880837359098,8.313204508856682,1.7914653784219001,0.9728931830381106,0.5367686527106817,
193,26.147342995169083,1.4626945786366077,31.82367149758454,18.323939881910896,5.421363392377885,5.253623188405797,8.266237251744498,1.8786902844873858,0.8856682769726248,0.5367686527106817,
194,26.36876006441224,1.4626945786366077,31.769994632313473,18.089103596349972,5.394524959742351,5.374396135265701,8.239398819108963,1.8786902844873858,0.8856682769726248,0.5367686527106817,
195,26.663982823403114,1.415727321524423,31.629092860976918,17.814009661835748,5.387815351583468,5.421363392377885,8.232689210950081,2.0128824476650564,0.8856682769726248,0.5367686527106817,
196,25.449543746645197,1.4090177133655395,29.1935050993022,21.833064949006978,5.381105743424584,4.918142780461621,8.232689210950081,2.1604938271604937,0.8856682769726248,0.5367686527106817,
197,25.637412775093935,1.4090177133655395,28.898282340311326,21.77938808373591,5.481749865807837,5.038915727321524,8.185721953837897,2.147074610842727,0.8856682769726248,0.5367686527106817,
198,25.959473966720342,1.4090177133655395,28.784219001610307,21.618357487922705,5.481749865807837,5.018786902844874,8.158883521202362,2.147074610842727,0.8856682769726248,0.5367686527106817,
199,26.221148684916802,1.3754696725711217,28.710413311862588,21.537842190016104,5.481749865807837,5.018786902844874,8.085077831454644,2.147074610842727,0.8856682769726248,0.5367686527106817,
200,25.40257648953301,1.3553408480944713,31.166129898013956,21.336553945249598,4.891304347826087,4.99194847020934,7.601986044015029,2.046430488459474,0.8252818035426731,0.3824476650563607,
201,25.79844337090714,1.3553408480944713,30.88432635534085,21.26945786366076,4.99194847020934,4.851046698872786,7.601986044015029,2.046430488459474,0.8185721953837896,0.3824476650563607,
202,25.946054750402578,1.3553408480944713,30.703166935050994,21.215780998389693,4.99194847020934,4.757112184648417,7.7831454643048845,2.046430488459474,0.8185721953837896,0.3824476650563607,
203,26.40901771336554,1.3419216317767042,30.54884594739667,21.095008051529792,4.891304347826087,4.575952764358561,7.890499194847021,2.046430488459474,0.8185721953837896,0.3824476650563607,
204,26.37546967257112,1.328502415458937,30.334138486312398,21.041331186258724,5.10601180891036,4.461889425657541,8.125335480407944,2.0263016639828235,0.8185721953837896,0.3824476650563607,
205,26.67740203972088,1.328502415458937,30.159688674181428,20.779656468062264,5.0993022007514766,4.562533548040794,8.179012345679013,2.0263016639828235,0.8185721953837896,0.36902844873859364,
206,27.066559312936125,1.328502415458937,30.005367686527105,20.75281803542673,4.918142780461621,4.38137412775094,8.179012345679013,2.1806226516371443,0.8185721953837896,0.36902844873859364,
207,27.26113794954375,1.3687600644122384,29.924852388620504,20.71256038647343,4.85775630703167,4.341116478797638,8.179012345679013,2.167203435319377,0.8185721953837896,0.36902844873859364,
208,27.26784755770263,1.3687600644122384,29.817498658078367,20.685721953837895,4.998658078368224,4.341116478797638,8.165593129361245,2.167203435319377,0.8185721953837896,0.36902844873859364,
209,27.462426194310254,1.3687600644122384,29.508856682769725,20.665593129361245,4.998658078368224,4.4753086419753085,8.165593129361245,2.167203435319377,0.8185721953837896,0.36902844873859364,
210,27.395330112721417,1.3620504562533549,29.47530864197531,20.665593129361245,4.931561996779388,4.4753086419753085,8.071658615136876,2.4355877616747184,0.8185721953837896,0.36902844873859364,
211,27.65029522275899,1.3553408480944713,29.408212560386474,20.544820182501343,4.924852388620504,4.468599033816425,8.024691358024691,2.4355877616747184,0.8185721953837896,0.36902844873859364,
212,28.213902308105208,1.3553408480944713,29.07944176060118,20.222758990874933,4.918142780461621,4.408212560386473,8.024691358024691,2.5026838432635534,0.9057971014492754,0.36902844873859364,
213,28.26086956521739,1.3553408480944713,28.972088030059044,20.222758990874933,4.911433172302737,4.408212560386473,8.024691358024691,2.5697799248523885,0.9057971014492754,0.36902844873859364,
214,28.73725174449812,1.3553408480944713,28.703703703703702,20.041599570585078,4.871175523349437,4.40150295222759,7.796564680622652,2.7308105206655933,0.9930220075147611,0.36902844873859364,
215,28.92512077294686,1.3553408480944713,28.462157809983896,20.041599570585078,4.931561996779388,4.4820182501341925,7.722758990874933,2.717391304347826,0.9930220075147611,0.36902844873859364,
216,28.421900161030596,1.328502415458937,27.82474503488996,19.35721953837896,4.730273752012883,4.468599033816425,8.205850778314547,4.38137412775094,0.9192163177670424,0.36231884057971014,
217,28.509125067096083,1.328502415458937,27.74422973698336,19.343800322061192,4.730273752012883,4.468599033816425,8.319914117015566,4.274020397208803,0.9192163177670424,0.36231884057971014,
218,28.951959205582394,1.328502415458937,27.563070316693505,19.33709071390231,4.64975845410628,4.408212560386473,8.293075684380032,4.193505099302201,0.9125067096081588,0.36231884057971014,
219,29.1129898013956,1.328502415458937,27.549651100375737,19.243156199677937,4.64975845410628,4.408212560386473,8.239398819108963,4.193505099302201,0.9125067096081588,0.36231884057971014,
220,26.684111647879764,1.3217928073000538,26.154052603327965,24.18142780461621,4.488727858293076,4.508856682769726,7.461084272678476,4.079441760601181,0.7581857219538379,0.36231884057971014,
221,26.81159420289855,1.3150831991411702,26.100375738056897,23.95330112721417,4.7168545356951155,4.441760601180891,7.461084272678476,4.079441760601181,0.7581857219538379,0.36231884057971014,
222,26.596886741814277,1.2546967257112185,25.355609232420825,25.140901771336555,4.817498658078368,4.253891572732153,7.353730542136339,4.106280193236715,0.7581857219538379,0.36231884057971014,
223,27.13365539452496,1.2546967257112185,25.301932367149757,24.93961352657005,4.804079441760601,4.253891572732153,7.132313472893183,4.133118625872249,0.6977992485238862,0.3488996242619431,
224,27.2812667740204,1.2546967257112185,25.187869028448738,24.65780998389694,4.790660225442834,4.582662372517445,7.105475040257649,4.119699409554482,0.6709608158883521,0.3488996242619431,
225,27.556360708534623,1.2546967257112185,24.90606548577563,24.44981213097155,5.065754159957058,4.582662372517445,7.0450885668276975,4.119699409554482,0.6709608158883521,0.3488996242619431,
226,28.026033279656467,1.2546967257112185,24.731615673644658,24.208266237251745,5.038915727321524,4.549114331723027,7.011540526033279,4.2203435319377345,0.6709608158883521,0.2885131508319914,
227,28.16022544283414,1.2412775093934514,24.664519592055825,24.08078368223296,5.038915727321524,4.549114331723027,7.011540526033279,4.294149221685454,0.6709608158883521,0.2885131508319914,
