,45,50,52,55,53,51,54,59,58,60,56,57,61
0,99.74503488996243,0.2549651100375738,,,,,,,,,,,
1,89.83494363929147,9.822866344605474,0.32877079978529256,0.013419216317767043,,,,,,,,,
2,80.48174986580784,19.14922168545357,0.32877079978529256,0.040257648953301126,,,,,,,,,
3,80.20665593129361,19.424315619967793,0.32877079978529256,0.040257648953301126,,,,,,,,,
4,79.62292002147075,19.424315619967793,0.7514761137949544,0.20128824476650564,,,,,,,,,
5,69.9476650563607,28.71712292002147,0.7514761137949544,0.4428341384863124,0.14090177133655393,,,,,,,,
6,69.84702093397746,28.79092860976919,0.7514761137949544,0.46967257112184646,0.14090177133655393,,,,,,,,
7,69.48470209339774,28.945249597423512,0.7514761137949544,0.6776704240472357,0.14090177133655393,,,,,,,,
8,63.28502415458937,34.11835748792271,0.7514761137949544,0.7246376811594203,0.14090177133655393,0.9796027911969941,,,,,,,
9,61.553945249597426,35.7487922705314,0.7514761137949544,0.8252818035426731,0.14090177133655393,0.9796027911969941,,,,,,,
10,61.05743424584004,35.0979602791197,0.7783145464304885,1.9122383252818036,0.14090177133655393,1.0131508319914118,,,,,,,
11,60.178475577026305,35.30595813204509,0.7783145464304885,1.8585614600107354,0.14090177133655393,1.107085346215781,0.6038647342995169,0.026838432635534086,,,,,
12,59.997316156736446,35.40660225442834,0.7783145464304885,1.9189479334406871,0.14090177133655393,1.107085346215781,0.6239935587761675,0.026838432635534086,,,,,
13,59.70209339774557,35.52066559312936,0.8118625872249061,1.9390767579173376,0.14090177133655393,1.2345679012345678,0.6239935587761675,0.026838432635534086,,,,,
14,59.655126140633385,35.16505636070853,0.8118625872249061,2.006172839506173,0.14090177133655393,1.2345679012345678,0.9594739667203436,0.026838432635534086,,,,,
15,59.58132045088567,35.16505636070853,0.8118625872249061,2.006172839506173,0.14090177133655393,1.2748255501878691,0.9393451422436929,0.026838432635534086,0.05367686527106817,,,,
16,59.54106280193237,35.03086419753087,0.8118625872249061,2.0799785292538915,0.14090177133655393,1.3754696725711217,0.9393451422436929,0.026838432635534086,0.05367686527106817,,,,
17,59.41358024691358,34.99060654857756,0.8118625872249061,2.0665593129361244,0.2214170692431562,1.3754696725711217,1.0399892646269457,0.026838432635534086,0.05367686527106817,,,,
18,59.31964573268921,35.07112184648417,0.798443370907139,2.0933977455716586,0.2214170692431562,1.3754696725711217,1.0399892646269457,0.026838432635534086,0.05367686527106817,,,,
19,58.756038647343,35.560923242082666,0.798443370907139,2.0933977455716586,0.2214170692431562,1.3754696725711217,1.0869565217391304,0.026838432635534086,0.05367686527106817,0.026838432635534086,,,
20,57.21282877079979,36.81561996779388,0.785024154589372,2.0933977455716586,0.2214170692431562,1.6438539989264627,1.1205045625335481,0.026838432635534086,0.05367686527106817,0.026838432635534086,,,
21,57.19940955448202,36.79549114331723,0.785024154589372,2.0933977455716586,0.2214170692431562,1.6774020397208802,1.1205045625335481,0.026838432635534086,0.05367686527106817,0.026838432635534086,,,
22,53.92512077294686,39.754428341384866,1.0198604401502953,2.1403650026838434,0.2214170692431562,1.6706924315619969,1.1607622114868492,0.026838432635534086,0.05367686527106817,0.026838432635534086,,,
23,53.5426731078905,40.06977992485239,1.0198604401502953,2.187332259796028,0.2214170692431562,1.6706924315619969,1.1607622114868492,0.026838432635534086,0.05367686527106817,0.04696725711218465,,,
24,53.26757917337628,40.29790660225443,0.9796027911969941,2.2745571658615136,0.2214170692431562,1.6706924315619969,1.1607622114868492,0.026838432635534086,0.05367686527106817,0.04696725711218465,,,
25,51.36205045625336,41.74718196457327,0.9796027911969941,2.703972088030059,0.2214170692431562,1.6706924315619969,1.1876006441223832,0.026838432635534086,0.05367686527106817,0.04696725711218465,,,
26,48.68491680085883,40.9621578099839,0.6239935587761675,2.6637144390767578,0.2214170692431562,5.649490069779925,1.0399892646269457,0.026838432635534086,0.05367686527106817,0.07380568974771873,,,
27,46.443907675791735,42.250402576489535,0.5032206119162641,2.5295222758990876,0.2214170692431562,5.649490069779925,2.2745571658615136,,0.05367686527106817,0.07380568974771873,,,
28,46.323134728931834,42.049114331723025,0.5032206119162641,2.5496511003757383,0.3421900161030596,5.763553408480945,2.3081052066559313,,0.05367686527106817,0.07380568974771873,0.03354804079441761,,
29,45.93397745571659,41.948470209339774,0.5099302200751477,2.6301663982823404,0.5032206119162641,5.750134192163178,2.4892646269457863,,0.1274825550187869,0.07380568974771873,0.03354804079441761,,
30,43.73322597960279,43.947933440687066,0.49651100375738055,2.9119699409554483,0.5703166935050993,5.615942028985507,2.4892646269457863,,0.1274825550187869,0.07380568974771873,0.03354804079441761,,
31,43.69967793880837,43.364197530864196,0.49651100375738055,3.5292538915727323,0.5703166935050993,5.615942028985507,2.4892646269457863,,0.1274825550187869,0.07380568974771873,0.03354804079441761,,
32,43.59903381642512,42.70665593129361,0.49651100375738055,3.5426731078904994,1.1808910359634996,5.750134192163178,2.4892646269457863,,0.1274825550187869,0.07380568974771873,0.03354804079441761,,
33,37.4597423510467,49.40955448201825,0.4830917874396135,3.207192699946323,1.2815351583467525,5.401234567901234,2.509393451422437,,0.1274825550187869,0.07380568974771873,0.04696725711218465,,
34,36.25872249060655,50.46296296296296,0.47638217928073,3.361513687600644,1.2815351583467525,5.401234567901234,2.509393451422437,,0.1274825550187869,0.07380568974771873,0.04696725711218465,,
35,35.77563070316693,49.973161567364464,0.47638217928073,3.3480944712828773,1.2815351583467525,6.360708534621578,2.509393451422437,,0.1274825550187869,0.07380568974771873,0.07380568974771873,,
36,35.21202361782072,50.919216317767045,0.4830917874396135,3.3480944712828773,0.8923778851315083,6.360708534621578,2.509393451422437,,0.1274825550187869,0.07380568974771873,0.07380568974771873,,
37,35.02415458937198,50.79844337090714,0.5233494363929146,3.3548040794417604,0.9057971014492754,6.360708534621578,2.757648953301127,,0.1274825550187869,0.07380568974771873,0.07380568974771873,,
38,33.82984433709071,51.60359634997316,0.5099302200751477,3.549382716049383,0.9125067096081588,6.575415995705851,2.7442297369833604,,0.1274825550187869,0.07380568974771873,0.07380568974771873,,
39,33.32662372517445,50.83870101986044,0.4830917874396135,3.878153515834675,1.5365002683843263,6.843800322061192,2.7844873859366612,,0.1274825550187869,0.07380568974771873,0.10735373054213634,,
40,32.2463768115942,51.76462694578637,0.4830917874396135,4.032474503488996,1.5365002683843263,6.843800322061192,2.7844873859366612,,0.1274825550187869,0.07380568974771873,0.10735373054213634,,
41,32.21282877079979,51.73778851315083,0.4830917874396135,4.072732152442297,1.5365002683843263,6.816961889425658,2.771068169618894,,0.1274825550187869,0.07380568974771873,0.16774020397208803,,
42,31.95115405260333,51.61701556629093,0.4830917874396135,4.334406870638754,1.5499194847020934,6.816961889425658,2.8515834675254963,,0.1274825550187869,0.10064412238325282,0.16774020397208803,,
43,29.045893719806763,53.07971014492754,0.5099302200751477,4.2270531400966185,1.5499194847020934,8.581588835212024,2.5831991411701556,0.013419216317767043,0.1274825550187869,0.08051529790660225,0.20128824476650564,,
44,29.052603327965645,52.945517981749866,0.5367686527106817,4.240472356414386,1.6103059581320451,8.608427267847558,2.5831991411701556,0.013419216317767043,0.1274825550187869,0.08051529790660225,0.20128824476650564,,
45,29.032474503488995,52.603327965646805,0.6575415995705851,4.4820182501341925,1.6103059581320451,8.588298443370908,2.5831991411701556,0.013419216317767043,0.1274825550187869,0.08051529790660225,0.2214170692431562,,
46,28.871443907675793,52.53623188405797,0.6575415995705851,4.5960815888352125,1.6639828234031133,8.407139023081053,2.8247450348899625,0.013419216317767043,0.1274825550187869,0.08051529790660225,0.2214170692431562,,
47,28.83118625872249,52.13365539452496,0.6575415995705851,4.951690821256038,1.7646269457863661,8.340042941492216,2.8247450348899625,0.013419216317767043,0.1274825550187869,0.08051529790660225,0.27509393451422437,,
48,25.97289318303811,54.96511003757381,0.6508319914117016,4.985238862050457,1.7646269457863661,8.340042941492216,2.8247450348899625,0.013419216317767043,0.1274825550187869,0.08051529790660225,0.27509393451422437,,
49,25.429414922168544,53.213902308105204,1.0198604401502953,4.87788513150832,1.7042404723564144,10.493827160493828,2.7643585614600106,0.013419216317767043,0.1274825550187869,0.08051529790660225,0.27509393451422437,,
50,25.34219001610306,52.75093934514224,1.0198604401502953,4.904723564143854,1.7042404723564144,10.473698336017177,3.307836822329576,0.013419216317767043,0.1274825550187869,0.08051529790660225,0.27509393451422437,,
51,23.141438539989263,44.56521739130435,2.0397208803005906,3.8714439076757916,1.6975308641975309,21.36339237788513,3.099838969404187,0.013419216317767043,0.1274825550187869,0.08051529790660225,,,
52,23.14814814814815,44.04186795491143,2.0397208803005906,4.253891572732153,2.563070316693505,20.833333333333332,2.898550724637681,0.013419216317767043,0.1274825550187869,0.08051529790660225,,,
53,23.007246376811594,43.65942028985507,2.1940418679549114,4.488727858293076,4.052603327965647,19.236446591519055,3.0394524959742353,0.013419216317767043,0.1274825550187869,0.08051529790660225,0.10064412238325282,,
54,22.987117552334944,43.43800322061192,2.1940418679549114,4.528985507246377,4.012345679012346,19.236446591519055,3.240740740740741,0.013419216317767043,0.1274825550187869,0.08051529790660225,0.14090177133655393,,
55,23.05421363392378,43.37090713902308,2.1940418679549114,4.555823939881911,4.012345679012346,19.176060118089104,3.240740740740741,0.013419216317767043,0.1274825550187869,0.08051529790660225,0.17444981213097155,,
56,23.101180891035963,43.303811057434245,2.2074610842726785,4.777241009125067,4.012345679012346,18.99490069779925,3.207192699946323,0.013419216317767043,0.1274825550187869,0.08051529790660225,0.17444981213097155,,
57,23.121309715512613,43.223295759527645,2.2074610842726785,4.85775630703167,4.012345679012346,18.98148148148148,3.2004830917874396,0.013419216317767043,0.1274825550187869,0.08051529790660225,0.17444981213097155,,
58,23.101180891035963,43.06897477187332,2.2208803005904456,4.99194847020934,4.052603327965647,18.927804616210413,3.113258185721954,0.013419216317767043,0.19457863660762212,0.1274825550187869,0.1878690284487386,,
59,23.087761674718198,42.98845947396672,2.2074610842726785,5.0791733762748255,4.052603327965647,18.95464304884595,3.1065485775630703,0.013419216317767043,0.19457863660762212,0.1274825550187869,0.1878690284487386,,
60,22.81266774020397,42.24369296833065,2.200751476113795,5.025496511003757,4.079441760601181,20.41062801932367,2.690552871712292,0.026838432635534086,0.19457863660762212,0.1274825550187869,0.1878690284487386,,
61,22.852925389157274,41.86795491143317,2.3752012882447664,5.287171229200215,4.139828234031133,20.249597423510465,2.690552871712292,0.026838432635534086,0.19457863660762212,0.1274825550187869,0.1878690284487386,,
62,22.38996242619431,42.31749865807837,2.3752012882447664,5.3274288781535155,4.139828234031133,20.222758990874933,2.690552871712292,0.026838432635534086,0.19457863660762212,0.1274825550187869,0.1878690284487386,,
63,22.383252818035427,42.25711218464841,2.3752012882447664,5.35426731078905,4.139828234031133,20.222758990874933,2.6637144390767578,0.026838432635534086,0.19457863660762212,0.1274825550187869,0.1878690284487386,0.06709608158883522,
64,22.38996242619431,42.24369296833065,2.3752012882447664,5.407944176060118,4.139828234031133,20.175791733762747,2.6637144390767578,0.026838432635534086,0.19457863660762212,0.1274825550187869,0.1878690284487386,0.06709608158883522,
65,22.188674181427803,41.626409017713364,2.5026838432635534,5.421363392377885,4.133118625872249,19.135802469135804,4.374664519592056,0.026838432635534086,0.19457863660762212,0.1274825550187869,0.20128824476650564,0.06709608158883522,
66,22.18196457326892,41.53918411164788,2.6301663982823404,5.434782608695652,4.066022544283414,19.00161030595813,4.4753086419753085,0.040257648953301126,0.19457863660762212,0.1274825550187869,0.24154589371980675,0.06709608158883522,
67,22.08132045088567,41.47879763821793,5.877616747181965,5.260332796564681,3.92512077294686,16.109769189479334,4.609500805152979,0.040257648953301126,0.19457863660762212,0.1274825550187869,0.2281266774020397,0.06709608158883522,
68,21.611647879763822,41.217122920021474,5.589103596349974,5.360976918947934,3.911701556629093,17.062533548040793,4.555823939881911,0.07380568974771873,0.19457863660762212,0.1274825550187869,0.2281266774020397,0.06709608158883522,
69,20.00805152979066,40.445517981749866,8.319914117015566,5.367686527106817,3.750670960815888,16.941760601180892,4.461889425657541,0.07380568974771873,0.19457863660762212,0.1274825550187869,0.2147074610842727,0.0939345142243693,
70,19.87385936661299,40.405260332796566,8.205850778314547,5.428073000536768,3.9720880300590444,16.914922168545356,4.461889425657541,0.07380568974771873,0.2281266774020397,0.1274825550187869,0.2147074610842727,0.0939345142243693,
71,19.940955448201827,40.22410091250671,8.413848631239935,5.4616210413311865,3.9720880300590444,16.680085882984432,4.555823939881911,0.10064412238325282,0.20128824476650564,0.1274825550187869,0.2281266774020397,0.0939345142243693,
72,19.940955448201827,40.15029522275899,8.413848631239935,5.522007514761138,3.9855072463768115,16.680085882984432,4.555823939881911,0.10064412238325282,0.20128824476650564,0.1274825550187869,0.2281266774020397,0.0939345142243693,
73,18.04213633923779,43.927804616210416,7.924047235641439,4.193505099302201,3.7104133118625873,16.626409017713364,4.797369833601718,0.10064412238325282,0.20128824476650564,0.1274825550187869,0.2281266774020397,0.12077294685990338,
74,17.250402576489535,41.79414922168545,7.830112721417069,4.49543746645196,3.7104133118625873,19.370638754696724,4.74369296833065,0.10064412238325282,0.20128824476650564,0.1274825550187869,0.2549651100375738,0.12077294685990338,
75,17.08937198067633,41.92163177670424,7.5281803542673105,4.522275899087493,4.28743961352657,19.108964036500268,4.736983360171766,0.10064412238325282,0.20128824476650564,0.1274825550187869,0.2549651100375738,0.12077294685990338,
76,16.968599033816425,41.79414922168545,7.5281803542673105,4.74369296833065,4.327697262479871,18.968062265163713,4.736983360171766,0.10064412238325282,0.20128824476650564,0.1274825550187869,0.3824476650563607,0.12077294685990338,
77,16.6935050993022,40.58641975308642,7.501341921631776,5.045625335480408,6.152710681696189,18.592324208266238,4.49543746645196,0.10064412238325282,0.20128824476650564,0.1274825550187869,0.3824476650563607,0.12077294685990338,
78,16.59957058507783,40.45222758990875,7.501341921631776,5.193236714975845,6.541867954911433,18.592324208266238,4.186795491143317,0.10064412238325282,0.20128824476650564,0.1274825550187869,0.3824476650563607,0.12077294685990338,
79,16.552603327965645,38.47289318303811,7.206119162640902,5.481749865807837,6.642512077294686,20.437466451959207,4.186795491143317,0.10064412238325282,0.20128824476650564,0.1274825550187869,0.3824476650563607,0.20799785292538917,
80,16.31105743424584,38.419216317767045,7.803274288781535,5.481749865807837,6.615673644659152,20.12211486849168,4.17337627482555,0.1274825550187869,0.20128824476650564,0.1274825550187869,0.4092860976918948,0.20799785292538917,
81,16.27750939345142,38.45276435856146,7.64224369296833,5.595813204508857,6.615673644659152,19.847020933977454,4.2203435319377345,0.14090177133655393,0.20128824476650564,0.1274825550187869,0.630703166935051,0.24825550187869028,
82,16.19699409554482,38.26489533011272,7.890499194847021,5.609232420826624,6.649221685453569,19.79334406870639,4.2203435319377345,0.16774020397208803,0.20128824476650564,0.1274825550187869,0.630703166935051,0.24825550187869028,
83,16.150026838432634,37.63419216317767,8.199141170155663,5.810520665593129,6.790123456790123,19.659151905528716,4.26731078904992,0.16774020397208803,0.20128824476650564,0.1274825550187869,0.630703166935051,0.36231884057971014,
84,16.150026838432634,37.37251744498121,8.380300590445518,5.8239398819108965,6.763285024154589,19.43773483628556,4.461889425657541,0.19457863660762212,0.20128824476650564,0.1274825550187869,0.7045088566827697,0.3824476650563607,
85,16.015834675254965,37.493290391841114,8.353462157809984,5.971551261406334,6.763285024154589,19.30354267310789,4.448470209339774,0.19457863660762212,0.20128824476650564,0.1274825550187869,0.7313472893183038,0.39586688137412773,
86,15.96886741814278,37.29200214707461,8.353462157809984,6.005099302200751,6.749865807836822,19.43102522812668,4.53569511540526,0.19457863660762212,0.2147074610842727,0.1274825550187869,0.7313472893183038,0.39586688137412773,
87,15.921900161030596,37.30542136339238,8.279656468062266,6.038647342995169,6.776704240472356,19.390767579173378,4.5960815888352125,0.19457863660762212,0.2147074610842727,0.1274825550187869,0.7581857219538379,0.39586688137412773,
88,15.921900161030596,37.0907139023081,8.796296296296296,6.1929683306494905,6.769994632313473,19.129092860976918,4.3545356951154055,0.2281266774020397,0.2147074610842727,0.1274825550187869,0.7447665056360708,0.4294149221685454,
89,15.901771336553946,36.862587224906065,8.776167471819646,6.4345142243692965,6.749865807836822,19.129092860976918,4.240472356414386,0.3421900161030596,0.23483628556092323,0.1274825550187869,0.7716049382716049,0.4294149221685454,
90,15.942028985507246,36.72839506172839,8.876811594202898,6.454643048845948,6.702898550724638,19.129092860976918,4.260601180891036,0.3421900161030596,0.23483628556092323,0.1274825550187869,0.7716049382716049,0.4294149221685454,
91,15.874932903918411,36.65458937198068,8.84326355340848,6.528448738593666,6.716317767042405,19.129092860976918,4.260601180891036,0.38915727321524424,0.23483628556092323,0.1274825550187869,0.785024154589372,0.4562533548040794,
92,15.593129361245303,36.74852388620504,7.85024154589372,7.749597423510467,6.863929146537842,19.102254428341386,4.260601180891036,0.38915727321524424,0.23483628556092323,0.1274825550187869,0.785024154589372,0.2952227589908749,
93,15.505904455179817,36.73510466988728,7.85024154589372,8.21256038647343,6.977992485238862,18.625872249060656,4.260601180891036,0.38915727321524424,0.23483628556092323,0.1274825550187869,0.785024154589372,0.2952227589908749,
94,15.365002683843263,36.68142780461621,7.897208803005904,8.360171765968868,7.0450885668276975,18.49838969404187,4.280730005367687,0.4092860976918948,0.23483628556092323,0.1274825550187869,0.8051529790660226,0.2952227589908749,
95,15.371712292002147,36.533816425120776,7.883789586688137,8.527911969940956,7.0450885668276975,18.45813204508857,4.26731078904992,0.39586688137412773,0.23483628556092323,0.1274825550187869,0.8454106280193237,0.2952227589908749,0.013419216317767043
96,15.271068169618895,36.33252818035427,8.064949006977992,8.776167471819646,6.937734836285561,18.4447128287708,4.2270531400966185,0.39586688137412773,0.23483628556092323,0.1274825550187869,0.8789586688137413,0.2952227589908749,0.013419216317767043
97,15.08990874932904,36.50697799248524,8.011272141706923,8.776167471819646,6.937734836285561,18.431293612453032,4.2270531400966185,0.39586688137412773,0.23483628556092323,0.1274825550187869,0.9192163177670424,0.32877079978529256,0.013419216317767043
98,13.976113794954374,34.13848631239936,7.729468599033816,8.427267847557703,7.0383789586688135,22.363123993558776,4.200214707461084,0.38915727321524424,0.3488996242619431,0.1274825550187869,0.9192163177670424,0.32877079978529256,0.013419216317767043
99,13.955984970477724,33.36688137412775,9.306226516371444,8.393719806763285,7.065217391304348,21.430488459473967,4.30756843800322,0.38915727321524424,0.3757380568974772,0.1274825550187869,0.9393451422436929,0.32877079978529256,0.013419216317767043
100,12.915995705850777,29.334406870638755,7.568438003220612,8.179012345679013,8.07836822329576,27.58990874932904,4.2203435319377345,0.38915727321524424,0.3757380568974772,0.1274825550187869,0.8789586688137413,0.32877079978529256,0.013419216317767043
101,12.962962962962964,29.24718196457327,7.568438003220612,8.219269994632313,7.944176060118089,27.361782071927,4.206924315619967,0.38915727321524424,0.5032206119162641,0.1274825550187869,1.1272141706924315,0.32877079978529256,0.013419216317767043
102,12.989801395598498,29.180085882984432,7.548309178743962,8.883521202361782,7.823403113258186,26.90552871712292,4.240472356414386,0.43612453032742887,0.36902844873859364,0.1274825550187869,1.1205045625335481,0.36231884057971014,0.013419216317767043
103,12.99651100375738,29.126409017713364,7.48792270531401,8.99087493290392,7.836822329575953,26.78475577026302,4.280730005367687,0.43612453032742887,0.36902844873859364,0.1274825550187869,1.1876006441223832,0.36231884057971014,0.013419216317767043
104,12.99651100375738,29.09957058507783,7.48792270531401,9.044551798174986,7.830112721417069,26.617015566290927,4.30756843800322,0.4092860976918948,0.36902844873859364,0.1274825550187869,1.3352120236178207,0.36231884057971014,0.013419216317767043
105,13.01663982823403,28.509125067096083,7.48792270531401,9.01100375738057,8.319914117015566,26.529790660225444,4.30756843800322,0.4092860976918948,0.36902844873859364,0.1274825550187869,1.3352120236178207,0.5703166935050993,0.0067096081588835215
106,13.083735909822867,28.475577026301664,7.474503488996243,9.024422973698336,8.299785292538916,26.48953301127214,4.334406870638754,0.4092860976918948,0.36902844873859364,0.1274825550187869,1.3352120236178207,0.5703166935050993,0.0067096081588835215
107,13.150831991411701,28.395061728395063,7.427536231884058,9.044551798174986,8.279656468062266,26.422436929683307,4.3545356951154055,0.4562533548040794,0.36902844873859364,0.14761137949543746,1.3620504562533549,0.5837359098228664,0.0067096081588835215
108,12.848899624261943,26.603596349973163,6.984702093397746,9.037842190016104,7.434245840042942,29.482018250134193,4.669887278582931,0.4562533548040794,0.36902844873859364,0.14761137949543746,1.3888888888888888,0.5703166935050993,0.0067096081588835215
109,12.848899624261943,26.596886741814277,7.011540526033279,9.104938271604938,7.4141170155662905,29.374664519592056,4.696725711218465,0.4562533548040794,0.36902844873859364,0.14761137949543746,1.402308105206656,0.5703166935050993,0.0067096081588835215
110,12.86231884057971,26.50966183574879,7.011540526033279,9.232420826623725,7.4141170155662905,29.314278046162105,4.7168545356951155,0.46296296296296297,0.36902844873859364,0.14761137949543746,1.3821792807300053,0.5703166935050993,0.0067096081588835215
111,12.808641975308642,26.44927536231884,6.984702093397746,9.31964573268921,7.4141170155662905,29.314278046162105,4.7101449275362315,0.46296296296296297,0.38915727321524424,0.14761137949543746,1.4492753623188406,0.5434782608695652,0.0067096081588835215
112,12.815351583467525,26.308373590982285,7.199409554482019,9.339774557165862,7.4006977992485234,29.2337627482555,4.62962962962963,0.46296296296296297,0.46296296296296297,0.14761137949543746,1.4492753623188406,0.5434782608695652,0.0067096081588835215
113,12.828770799785293,26.221148684916802,7.199409554482019,9.373322597960279,7.4141170155662905,29.1935050993022,4.616210413311863,0.46296296296296297,0.46296296296296297,0.14761137949543746,1.5297906602254427,0.5434782608695652,0.0067096081588835215
114,12.828770799785293,26.127214170692433,7.1725711218464845,9.386741814278047,7.648953301127214,28.837895866881375,4.616210413311863,0.46296296296296297,0.47638217928073,0.14761137949543746,1.7444981213097155,0.5434782608695652,0.0067096081588835215
115,12.875738056897477,25.925925925925927,7.159151905528717,9.178743961352657,7.648953301127214,28.75067096081589,5.072463768115942,0.47638217928073,0.4562533548040794,0.14761137949543746,1.751207729468599,0.5501878690284487,0.0067096081588835215
116,12.68786902844874,25.751476113794954,7.139023081052066,9.205582393988191,7.648953301127214,29.052603327965645,5.065754159957058,0.4562533548040794,0.4562533548040794,0.14761137949543746,1.7646269457863661,0.6172839506172839,0.0067096081588835215
117,12.76838432635534,25.72463768115942,7.152442297369833,9.272678475577026,7.608695652173913,28.972088030059044,5.052334943639291,0.4562533548040794,0.4562533548040794,0.14761137949543746,1.7646269457863661,0.6172839506172839,0.0067096081588835215
118,12.808641975308642,25.738056897477186,7.125603864734299,9.312936124530328,7.588566827697263,28.904991948470208,5.052334943639291,0.4495437466451959,0.4830917874396135,0.14761137949543746,1.7646269457863661,0.6172839506172839,0.0067096081588835215
119,12.620772946859903,25.637412775093935,7.085346215780999,9.433709071390231,8.111916264090176,28.65673644659152,4.898013955984971,0.4495437466451959,0.4830917874396135,0.14761137949543746,1.778046162104133,0.6910896403650026,0.0067096081588835215
120,12.385936661298981,25.348899624261943,7.266505636070853,9.406870638754697,8.091787439613526,28.844605475040257,5.065754159957058,0.46296296296296297,0.4830917874396135,0.14761137949543746,1.8115942028985508,0.6776704240472357,0.0067096081588835215
121,12.466451959205582,25.308641975308642,7.232957595276436,9.440418679549115,8.09849704777241,28.75738056897477,5.0858829844337095,0.4830917874396135,0.4562533548040794,0.14761137949543746,1.8384326355340848,0.6776704240472357,0.0067096081588835215
122,12.419484702093397,25.301932367149757,7.219538378958669,9.480676328502415,8.09849704777241,28.6231884057971,5.0858829844337095,0.4830917874396135,0.4562533548040794,0.14761137949543746,1.9994632313472893,0.6776704240472357,0.0067096081588835215
123,12.157809983896941,24.040526033279658,10.493827160493828,9.326355340848094,7.39398819108964,28.16022544283414,4.7168545356951155,0.46967257112184646,0.3421900161030596,0.14761137949543746,2.0531400966183573,0.6910896403650026,0.0067096081588835215
124,12.305421363392378,23.97342995169082,10.433440687063875,9.453837895866881,7.37385936661299,27.885131508319915,4.87788513150832,0.46967257112184646,0.3421900161030596,0.14761137949543746,2.0397208803005906,0.6910896403650026,0.0067096081588835215
125,12.318840579710145,23.97342995169082,10.406602254428341,9.453837895866881,7.380568974771873,27.87842190016103,4.884594739667204,0.46967257112184646,0.3421900161030596,0.14761137949543746,2.046430488459474,0.6910896403650026,0.0067096081588835215
126,12.332259796027913,23.980139559849704,10.36634460547504,9.460547504025765,7.380568974771873,27.811325818572197,4.898013955984971,0.46967257112184646,0.3421900161030596,0.14761137949543746,2.073268921095008,0.7313472893183038,0.0067096081588835215
127,10.755501878690284,26.85185185185185,10.299248523886206,9.252549651100376,6.89747718733226,27.28797638217928,4.898013955984971,0.48980139559849706,0.32877079978529256,0.14761137949543746,2.073268921095008,0.7112184648416533,0.0067096081588835215
128,10.7085346215781,26.7914653784219,10.171765968867419,9.306226516371444,6.89747718733226,27.24771873322598,4.898013955984971,0.48980139559849706,0.32877079978529256,0.1274825550187869,2.187332259796028,0.8387010198604401,0.0067096081588835215
129,10.668276972624799,26.690821256038646,10.171765968867419,9.447128287707997,6.89747718733226,27.24771873322598,4.871175523349437,0.48980139559849706,0.32877079978529256,0.1274825550187869,2.187332259796028,0.8655394524959742,0.0067096081588835215
130,10.57434245840043,26.583467525496513,10.144927536231885,9.494095544820183,6.89747718733226,27.361782071927,4.911433172302737,0.48980139559849706,0.32877079978529256,0.1274825550187869,2.214170692431562,0.8655394524959742,0.0067096081588835215
131,10.560923242082662,26.42914653784219,10.030864197530864,9.480676328502415,6.89747718733226,27.200751476113794,5.018786902844874,0.5300590445517982,0.32877079978529256,0.1274825550187869,2.522812667740204,0.8655394524959742,0.0067096081588835215
132,10.581052066559312,26.288244766505635,10.030864197530864,9.520933977455716,6.991411701556629,27.13365539452496,5.072463768115942,0.5300590445517982,0.32877079978529256,0.1274825550187869,2.522812667740204,0.8655394524959742,0.0067096081588835215
133,10.547504025764896,26.234567901234566,10.326086956521738,9.380032206119163,6.984702093397746,27.046430488459475,5.0993022007514766,0.5300590445517982,0.32877079978529256,0.1274825550187869,2.509393451422437,0.8789586688137413,0.0067096081588835215
134,10.581052066559312,26.174181427804616,10.373054213633925,9.554482018250134,6.991411701556629,26.8719806763285,5.0791733762748255,0.5300590445517982,0.32877079978529256,0.1274825550187869,2.5026838432635534,0.8789586688137413,0.0067096081588835215
135,10.473698336017177,25.738056897477186,10.38647342995169,9.675254965110037,7.125603864734299,26.576757917337627,5.320719269994632,0.5166398282340311,0.39586688137412773,0.12077294685990338,2.7241009125067097,0.9125067096081588,0.03354804079441761
136,10.513955984970478,25.684380032206118,10.326086956521738,9.648416532474503,7.219538378958669,26.556629092860977,5.340848094471283,0.5166398282340311,0.39586688137412773,0.12077294685990338,2.7308105206655933,0.9125067096081588,0.03354804079441761
137,10.426731078904991,25.711218464841654,10.326086956521738,10.037573805689748,7.246376811594203,26.039989264626946,5.340848094471283,0.5166398282340311,0.39586688137412773,0.1274825550187869,2.737520128824477,1.06682769726248,0.026838432635534086
138,9.426999463231347,37.60064412238325,8.400429414922169,8.07836822329576,6.347289318303811,21.826355340848096,4.549114331723027,0.3421900161030596,0.2281266774020397,0.0939345142243693,2.4355877616747184,0.6642512077294686,0.0067096081588835215
139,9.386741814278047,37.4194847020934,8.427267847557703,8.272946859903382,6.380837359098229,21.812936124530328,4.528985507246377,0.3421900161030596,0.2281266774020397,0.0939345142243693,2.4355877616747184,0.6642512077294686,0.0067096081588835215
140,9.339774557165862,37.21819645732689,8.474235104669887,8.407139023081053,6.407675791733762,21.812936124530328,4.549114331723027,0.3421900161030596,0.2281266774020397,0.0939345142243693,2.4355877616747184,0.6843800322061192,0.0067096081588835215
141,8.870101986044014,36.66800858829844,11.017176596886742,8.272946859903382,6.286902844873859,20.967525496511005,4.374664519592056,0.3421900161030596,0.2281266774020397,0.0939345142243693,2.147074610842727,0.7246376811594203,0.0067096081588835215
142,8.883521202361782,36.64117015566291,10.990338164251208,8.380300590445518,6.286902844873859,20.853462157809982,4.388083735909823,0.3421900161030596,0.2616747181964573,0.0939345142243693,2.147074610842727,0.7246376811594203,0.0067096081588835215
143,8.917069243156199,36.493558776167475,11.017176596886742,8.393719806763285,6.286902844873859,20.840042941492218,4.361245303274289,0.3421900161030596,0.2616747181964573,0.0939345142243693,2.2611379495437465,0.7246376811594203,0.0067096081588835215
144,8.756038647342995,35.44685990338164,10.903113258185721,8.80300590445518,7.347020933977456,20.625335480407944,4.388083735909823,0.35560923242082665,0.2616747181964573,0.0939345142243693,2.2745571658615136,0.7380568974771873,0.0067096081588835215
145,8.735909822866345,35.14492753623188,10.856146001073537,9.245840042941492,7.219538378958669,20.611916264090176,4.388083735909823,0.36902844873859364,0.2616747181964573,0.0939345142243693,2.328234031132582,0.7380568974771873,0.0067096081588835215
146,8.735909822866345,34.82957595276436,10.836017176596886,9.5276435856146,7.232957595276436,20.564949006977994,4.461889425657541,0.36902844873859364,0.2616747181964573,0.0939345142243693,2.341653247450349,0.7380568974771873,0.0067096081588835215
147,8.789586688137414,34.58132045088567,10.768921095008052,9.816156736446592,7.273215244229737,20.37037037037037,4.388083735909823,0.36902844873859364,0.33548040794417605,0.0939345142243693,2.442297369833602,0.7648953301127214,0.0067096081588835215
148,8.78287707997853,34.45383789586688,10.768921095008052,10.104669887278583,7.246376811594203,20.21604938271605,4.414922168545357,0.33548040794417605,0.322061191626409,0.0939345142243693,2.4892646269457863,0.7648953301127214,0.0067096081588835215
149,8.78287707997853,34.25925925925926,10.721953837895867,10.19189479334407,7.246376811594203,20.202630166398283,4.40150295222759,0.35560923242082665,0.322061191626409,0.0939345142243693,2.5161030595813205,0.8990874932903918,0.0067096081588835215
150,8.78287707997853,34.21229200214707,10.68840579710145,10.19189479334407,7.246376811594203,20.189210950080515,4.428341384863124,0.35560923242082665,0.322061191626409,0.0939345142243693,2.5496511003757383,0.9326355340848095,0.0067096081588835215
151,8.756038647342995,34.15190552871712,10.607890499194847,10.265700483091788,7.387278582930757,20.088566827697264,4.414922168545357,0.35560923242082665,0.36231884057971014,0.0939345142243693,2.5429414922168547,0.966183574879227,0.0067096081588835215
152,8.789586688137414,34.03113258185722,10.607890499194847,10.379763821792807,7.360440150295223,20.055018786902846,4.4753086419753085,0.35560923242082665,0.3488996242619431,0.0939345142243693,2.5429414922168547,0.95276435856146,0.0067096081588835215
153,8.809715512614064,33.95061728395062,10.607890499194847,10.48040794417606,7.360440150295223,19.981213097155127,4.4753086419753085,0.35560923242082665,0.3488996242619431,0.0939345142243693,2.576489533011272,0.95276435856146,0.0067096081588835215
154,8.454106280193237,34.23242082662372,10.607890499194847,10.668276972624799,7.347020933977456,19.90740740740741,4.461889425657541,0.35560923242082665,0.3488996242619431,0.0939345142243693,2.5697799248523885,0.9460547504025765,0.0067096081588835215
155,8.454106280193237,34.01100375738057,10.607890499194847,10.903113258185721,7.347020933977456,19.89398819108964,4.461889425657541,0.35560923242082665,0.3488996242619431,0.0939345142243693,2.5697799248523885,0.9460547504025765,0.0067096081588835215
156,8.440687063875469,33.3467525496511,12.513419216317766,10.59447128287708,7.212828770799785,19.880568974771872,3.911701556629093,0.3421900161030596,0.2281266774020397,0.04696725711218465,2.5831991411701556,0.8923778851315083,0.0067096081588835215
157,8.460815888352121,33.25281803542673,12.473161567364466,10.61460010735373,7.5348899624261945,19.80005367686527,3.9318303811057436,0.3421900161030596,0.2281266774020397,0.04696725711218465,2.4154589371980677,0.8923778851315083,0.0067096081588835215
158,8.447396672034353,33.19243156199678,12.419484702093397,10.748792270531402,7.608695652173913,19.692699946323135,3.9318303811057436,0.3421900161030596,0.2281266774020397,0.04696725711218465,2.4154589371980677,0.9192163177670424,0.0067096081588835215
159,8.454106280193237,32.88378958668814,12.399355877616747,10.762211486849168,7.615405260332796,19.80005367686527,4.066022544283414,0.3421900161030596,0.2281266774020397,0.04696725711218465,2.475845410628019,0.9192163177670424,0.0067096081588835215
160,8.474235104669887,32.809983896940416,12.372517444981213,10.782340311325818,7.635534084809447,19.840311325818572,4.066022544283414,0.3421900161030596,0.2281266774020397,0.04696725711218465,2.462426194310252,0.9326355340848095,0.0067096081588835215
161,8.487654320987655,32.6556629092861,12.365807836822329,10.795759527643586,7.62211486849168,19.82018250134192,4.213633923778851,0.3421900161030596,0.2147074610842727,0.04696725711218465,2.4825550187869028,0.9460547504025765,0.0067096081588835215
162,8.501073537305421,32.56172839506173,12.365807836822329,10.889694041867955,7.62211486849168,19.73966720343532,4.213633923778851,0.3421900161030596,0.2147074610842727,0.04696725711218465,2.5496511003757383,0.9460547504025765,0.0067096081588835215
163,8.467525496511003,32.045088566827694,12.359098228663447,11.332528180354267,7.494632313472893,19.77992485238862,4.3545356951154055,0.3421900161030596,0.2147074610842727,0.04696725711218465,2.522812667740204,1.0332796564680622,0.0067096081588835215
164,8.460815888352121,31.91760601180891,12.399355877616747,11.366076221148685,7.722758990874933,19.672571121846484,4.3545356951154055,0.3421900161030596,0.2147074610842727,0.04696725711218465,2.522812667740204,0.9728931830381106,0.0067096081588835215
165,8.460815888352121,31.890767579173378,12.372517444981213,11.419753086419753,7.62211486849168,19.51154052603328,4.4820182501341925,0.36902844873859364,0.2147074610842727,0.04696725711218465,2.6301663982823404,0.9728931830381106,0.0067096081588835215
166,8.447396672034353,31.57541599570585,12.526838432635534,11.446591519055287,7.481213097155126,19.504830917874397,4.62962962962963,0.35560923242082665,0.322061191626409,0.04696725711218465,2.6838432635534084,0.9728931830381106,0.0067096081588835215
167,8.427267847557703,30.709876543209877,13.92914653784219,11.030595813204508,7.4141170155662905,19.49141170155663,4.468599033816425,0.35560923242082665,0.3824476650563607,0.06709608158883522,2.703972088030059,1.0131508319914118,0.0067096081588835215
168,8.521202361782072,30.60252281266774,13.808373590982287,11.178207192699947,7.266505636070853,19.30354267310789,4.562533548040794,0.3421900161030596,0.38915727321524424,0.06709608158883522,2.9589371980676327,0.9930220075147611,0.0067096081588835215
169,8.548040794417606,30.575684380032207,13.774825550187868,11.178207192699947,7.266505636070853,19.32367149758454,4.549114331723027,0.3421900161030596,0.38915727321524424,0.06709608158883522,2.9589371980676327,1.0198604401502953,0.0067096081588835215
170,8.521202361782072,30.56897477187332,13.747987117552334,11.178207192699947,7.25979602791197,19.35721953837896,4.562533548040794,0.3421900161030596,0.38915727321524424,0.06038647342995169,2.9589371980676327,1.0466988727858293,0.0067096081588835215
171,8.57487922705314,30.52200751476114,13.747987117552334,11.144659151905529,7.25979602791197,19.370638754696724,4.575952764358561,0.3421900161030596,0.38915727321524424,0.06038647342995169,2.9589371980676327,1.0466988727858293,0.0067096081588835215
172,8.55475040257649,29.220343531937736,13.714439076757918,12.426194310252281,7.219538378958669,19.384057971014492,4.643048845947397,0.3421900161030596,0.36902844873859364,0.06038647342995169,3.0059044551798175,1.0534084809447128,0.0067096081588835215
173,8.467525496511003,29.09286097691895,13.620504562533547,12.224906065485776,7.219538378958669,19.565217391304348,4.918142780461621,0.32877079978529256,0.36902844873859364,0.06038647342995169,3.0059044551798175,1.1205045625335481,0.0067096081588835215
174,8.387010198604402,28.978797638217927,13.425925925925926,12.305421363392378,7.092055823939882,19.685990338164252,4.918142780461621,0.4092860976918948,0.41599570585077833,0.06038647342995169,3.193773483628556,1.1205045625335481,0.0067096081588835215
175,8.145464304884594,29.240472356414386,13.372249060654857,12.238325281803542,7.206119162640902,19.64573268921095,4.978529253891573,0.4092860976918948,0.41599570585077833,0.06038647342995169,3.1602254428341383,1.1205045625335481,0.0067096081588835215
176,8.158883521202362,29.0727321524423,13.325281803542673,12.177938808373591,7.192699946323135,19.632313472893184,5.186527106816962,0.4092860976918948,0.41599570585077833,0.06038647342995169,3.2004830917874396,1.1607622114868492,0.0067096081588835215
177,8.239398819108963,29.045893719806763,13.45276435856146,12.164519592055823,7.1658615136876005,19.598765432098766,5.22007514761138,0.36902844873859364,0.4428341384863124,0.06038647342995169,3.1065485775630703,1.1272141706924315,0.0067096081588835215
178,8.225979602791197,28.992216854535695,13.43263553408481,11.943102522812667,7.2933440687063875,19.605475040257648,5.367686527106817,0.36902844873859364,0.4428341384863124,0.06038647342995169,3.113258185721954,1.1473429951690821,0.0067096081588835215
179,8.205850778314547,28.978797638217927,13.419216317767042,11.943102522812667,7.2933440687063875,19.64573268921095,5.421363392377885,0.36902844873859364,0.4428341384863124,0.06038647342995169,3.066290928609769,1.1473429951690821,0.0067096081588835215
