,45,50,51,52,53,55,54,56,57
0,100.0,,,,,,,,
1,96.21578099838969,3.784219001610306,,,,,,,
2,96.02120236178207,3.978797638217928,,,,,,,
3,95.83333333333333,4.166666666666667,,,,,,,
4,95.83333333333333,4.166666666666667,,,,,,,
5,94.75979602791197,5.24020397208803,,,,,,,
6,90.09661835748793,9.903381642512077,,,,,,,
7,90.09661835748793,9.903381642512077,,,,,,,
8,89.70746108427268,10.292538915727322,,,,,,,
9,85.85614600107354,14.143853998926463,,,,,,,
10,81.73644659151906,17.08937198067633,1.1741814278046163,,,,,,
11,80.2133655394525,18.49838969404187,1.288244766505636,,,,,,
12,80.46162104133118,18.250134192163177,1.288244766505636,,,,,,
13,80.07917337627482,18.632581857219538,1.288244766505636,,,,,,
14,79.91143317230274,18.075684380032207,2.0128824476650564,,,,,,
15,77.31481481481481,20.67230273752013,2.0128824476650564,,,,,,
16,77.41545893719807,20.571658615136876,2.0128824476650564,,,,,,
17,77.47584541062803,19.269994632313473,2.0128824476650564,1.2412775093934514,,,,,
18,74.91277509393451,21.833064949006978,2.0128824476650564,1.2412775093934514,,,,,
19,75.03354804079441,21.712292002147073,2.0128824476650564,1.2412775093934514,,,,,
20,74.08078368223296,22.665056360708533,2.0128824476650564,1.2412775093934514,,,,,
21,74.10762211486849,22.638217928073,2.0128824476650564,1.2412775093934514,,,,,
22,74.13446054750402,22.611379495437465,2.0128824476650564,1.2412775093934514,,,,,
23,73.41653247450348,21.349973161567366,0.2616747181964573,4.9718196457326895,,,,,
24,72.71202361782072,22.054482018250134,0.2616747181964573,4.696725711218465,0.27509393451422437,,,,
25,72.47047772410092,22.29602791196994,0.2616747181964573,4.696725711218465,0.27509393451422437,,,,
26,72.32957595276436,22.436929683306495,0.2616747181964573,4.696725711218465,0.27509393451422437,,,,
27,54.69672571121846,38.00993022007515,2.0665593129361244,4.461889425657541,0.27509393451422437,0.48980139559849706,,,
28,53.878153515834676,38.83521202361782,2.0665593129361244,4.455179817498658,0.27509393451422437,0.48980139559849706,,,
29,51.98604401502952,40.727321524422976,2.0665593129361244,4.455179817498658,0.27509393451422437,0.48980139559849706,,,
30,52.21417069243156,40.49919484702093,2.0665593129361244,4.455179817498658,0.27509393451422437,0.48980139559849706,,,
31,52.254428341384866,39.95571658615137,2.2745571658615136,4.166666666666667,0.5300590445517982,0.8185721953837896,,,
32,51.972624798711756,39.38539989264627,2.2745571658615136,5.025496511003757,0.5233494363929146,0.8185721953837896,,,
33,52.00617283950617,38.33199141170156,5.803811057434245,2.5429414922168547,0.49651100375738055,0.8185721953837896,,,
34,51.96591519055287,37.19806763285024,5.803811057434245,2.5429414922168547,2.046430488459474,0.4428341384863124,,,
35,51.80488459473967,37.124261943102525,5.783682232957595,2.7979066022544283,2.046430488459474,0.4428341384863124,,,
36,51.52308105206656,37.204777241009126,5.783682232957595,2.7979066022544283,2.046430488459474,0.644122383252818,,,
37,51.039989264626946,37.6610305958132,5.756843800322061,2.7979066022544283,2.100107353730542,0.644122383252818,,,
38,50.87224906065486,36.44659151905529,5.756843800322061,2.7979066022544283,2.100107353730542,0.644122383252818,1.3821792807300053,,
39,50.946054750402574,36.4398819108964,5.730005367686527,2.771068169618894,2.086688137412775,0.644122383252818,1.3821792807300053,,
40,51.16747181964573,35.89640365002684,5.730005367686527,2.7442297369833604,2.086688137412775,0.644122383252818,1.7310789049919484,,
41,51.09366612989801,36.08427267847558,5.6964573268921095,2.6637144390767578,2.086688137412775,0.644122383252818,1.7310789049919484,,
42,50.637412775093935,34.735641438539986,7.320182501341922,2.6637144390767578,1.9592055823939882,0.95276435856146,1.7310789049919484,,
43,47.46376811594203,37.895866881374126,7.185990338164252,2.5697799248523885,1.932367149758454,0.9259259259259259,2.0263016639828235,,
44,47.55099302200752,37.835480407944175,7.185990338164252,2.5697799248523885,1.932367149758454,0.9259259259259259,1.9994632313472893,,
45,39.89533011272142,53.36822329575953,2.999194847020934,1.2412775093934514,0.35560923242082665,0.8722490606548577,1.2681159420289856,,
46,39.87520128824477,42.64626945786366,14.620236178207193,1.2077294685990339,0.2683843263553409,0.6508319914117016,0.7313472893183038,,
47,40.123456790123456,42.39801395598497,14.620236178207193,1.2077294685990339,0.2683843263553409,0.6508319914117016,0.7313472893183038,,
48,39.86849168008588,42.652979066022546,14.620236178207193,1.2077294685990339,0.2683843263553409,0.6508319914117016,0.7313472893183038,,
49,39.942297369833604,42.579173376274824,14.620236178207193,1.2077294685990339,0.2683843263553409,0.6508319914117016,0.7313472893183038,,
50,40.17713365539453,42.210144927536234,14.432367149758454,1.2077294685990339,0.2683843263553409,0.9728931830381106,0.7313472893183038,,
51,40.203972088030056,42.190016103059584,14.432367149758454,1.2077294685990339,0.2683843263553409,0.9728931830381106,0.7246376811594203,,
52,37.875738056897475,40.78770799785293,18.16290928609769,1.2077294685990339,0.2683843263553409,0.9728931830381106,0.7246376811594203,,
53,37.42619431025228,39.861782071927,16.6532474503489,2.3081052066559313,0.5166398282340311,2.5563607085346214,0.6776704240472357,,
54,37.74154589371981,39.25791733762748,16.626409017713364,2.3081052066559313,0.5166398282340311,2.871712292002147,0.6776704240472357,,
55,37.848899624261946,39.190821256038646,16.586151368760063,2.3081052066559313,0.5166398282340311,2.871712292002147,0.6776704240472357,,
56,38.016639828234034,37.76167471819646,16.344605475040257,2.2946859903381642,0.5166398282340311,4.180085882984434,0.6776704240472357,0.20799785292538917,
57,38.056897477187334,37.754965110037574,16.337895866881375,2.2745571658615136,0.7112184648416533,3.978797638217928,0.6776704240472357,0.20799785292538917,
58,38.33199141170156,37.506709608158886,16.33118625872249,2.2745571658615136,0.7112184648416533,3.9586688137412773,0.6776704240472357,0.20799785292538917,
59,36.95652173913044,36.87600644122383,17.07595276435856,3.535963499731616,0.7112184648416533,3.9586688137412773,0.6776704240472357,0.20799785292538917,
60,36.74852388620504,35.48040794417606,18.511808910359633,3.535963499731616,0.7112184648416533,4.126409017713366,0.6776704240472357,0.20799785292538917,
61,36.79549114331723,35.27241009125067,18.451422436929683,3.7573805689747717,0.7112184648416533,4.126409017713366,0.6776704240472357,0.20799785292538917,
62,36.808910359635,35.06441223832528,17.961621041331185,3.7573805689747717,1.3352120236178207,3.9452495974235107,0.9192163177670424,0.20799785292538917,
63,36.83574879227053,35.05099302200752,17.444981213097154,3.7573805689747717,1.3352120236178207,4.448470209339774,0.9192163177670424,0.20799785292538917,
64,36.74852388620504,34.50080515297907,18.270263016639827,3.569511540526033,1.3352120236178207,4.448470209339774,0.9192163177670424,0.20799785292538917,
65,36.4398819108964,32.54159957058508,17.330917874396135,3.569511540526033,1.3352120236178207,6.501610305958132,0.6776704240472357,1.6035963499731616,
66,36.12453032742888,30.589103596349972,16.894793344068706,4.549114331723027,3.6097691894793345,6.025228126677402,0.6038647342995169,1.6035963499731616,
67,36.33923778851315,30.42807300053677,16.794149221685455,4.643048845947397,3.5091250670960816,5.964841653247451,0.7179280730005367,1.6035963499731616,
68,36.28556092324208,29.294149221685455,16.914922168545356,4.643048845947397,3.3145464304884595,5.669618894256575,2.0531400966183573,1.8250134192163177,
69,36.10440150295223,29.49543746645196,16.894793344068706,4.643048845947397,3.3145464304884595,5.669618894256575,2.0531400966183573,1.8250134192163177,
70,35.78234031132582,30.152979066022546,16.53918411164788,4.575952764358561,3.3145464304884595,5.756843800322061,2.0531400966183573,1.8250134192163177,
71,35.90311325818572,29.59608158883521,15.975577026301664,5.8172302737520125,3.0730005367686526,5.756843800322061,2.0531400966183573,1.8250134192163177,
72,35.98362855609233,29.56924315619968,15.653515834675256,5.8172302737520125,3.408480944712829,5.689747718733226,2.0531400966183573,1.8250134192163177,
73,36.3191089640365,29.54911433172303,15.365002683843263,5.8172302737520125,3.408480944712829,5.689747718733226,2.0531400966183573,1.7981749865807837,
74,33.59500805152979,32.32018250134192,15.318035426731079,5.8172302737520125,3.408480944712829,5.689747718733226,2.0531400966183573,1.7981749865807837,
75,33.74932903918411,32.427536231884055,15.297906602254429,5.642780461621041,3.374932903918411,5.689747718733226,2.01959205582394,1.7981749865807837,
76,33.903650026838434,32.41411701556629,15.183843263553408,5.615942028985507,3.374932903918411,5.689747718733226,2.01959205582394,1.7981749865807837,
77,33.68894256575416,32.407407407407405,15.418679549114332,5.615942028985507,3.374932903918411,5.689747718733226,2.01959205582394,1.7847557702630166,
78,33.1454643048846,33.28636607622115,14.828234031132581,5.595813204508857,3.7037037037037037,5.636070853462158,2.01959205582394,1.7847557702630166,
79,33.44739667203435,33.011272141706925,14.828234031132581,5.5689747718733225,3.7037037037037037,5.636070853462158,2.01959205582394,1.7847557702630166,
80,33.23939881910896,32.809983896940416,14.486044015029522,5.522007514761138,3.5225442834138487,5.4616210413311865,3.0595813204508855,1.8988191089640365,
81,33.353462157809986,32.75630703166935,14.472624798711756,5.522007514761138,3.475577026301664,5.4616210413311865,3.0595813204508855,1.8988191089640365,
82,33.25281803542673,32.23966720343532,13.801663982823403,6.723027375201288,3.475577026301664,5.548845947396672,3.0595813204508855,1.8988191089640365,
83,33.111916264090176,32.23295759527644,13.036768652710682,6.709608158883521,3.475577026301664,5.548845947396672,4.05931293612453,1.8250134192163177,
84,32.648953301127214,30.95813204508857,13.211218464841654,8.09849704777241,3.475577026301664,5.723295759527644,4.05931293612453,1.8250134192163177,
85,32.749597423510465,30.73671497584541,13.110574342458401,8.09849704777241,3.69699409554482,5.723295759527644,4.05931293612453,1.8250134192163177,
86,32.07192699946323,30.48845947396672,14.331723027375201,7.62211486849168,3.69699409554482,5.723295759527644,4.05931293612453,2.006172839506173,
87,31.13929146537842,30.293880837359097,15.257648953301127,7.709339774557166,3.5292538915727323,6.005099302200751,4.05931293612453,2.006172839506173,
88,31.387546967257112,29.958400429414922,15.22410091250671,7.709339774557166,3.5292538915727323,6.125872249060655,4.05931293612453,2.006172839506173,
89,31.45464304884595,29.931561996779386,15.203972088030058,7.709339774557166,3.5292538915727323,6.125872249060655,4.03918411164788,2.006172839506173,
90,31.085614600107355,27.871712292002147,14.814814814814815,10.648148148148149,3.5225442834138487,6.125872249060655,4.019055287171229,1.9122383252818036,
91,31.19296833064949,27.80461621041331,14.774557165861514,10.648148148148149,3.5225442834138487,6.125872249060655,4.019055287171229,1.9122383252818036,
92,31.28690284487386,27.710681696188942,14.51959205582394,10.648148148148149,3.5225442834138487,6.380837359098229,4.019055287171229,1.9122383252818036,
93,30.803811057434245,26.979334406870638,16.0829307568438,10.540794417606012,3.280998389694042,6.380837359098229,4.019055287171229,1.9122383252818036,
94,31.052066559312937,26.92565754159957,15.888352120236178,10.540794417606012,3.280998389694042,6.380837359098229,4.019055287171229,1.9122383252818036,
95,31.159420289855074,26.67740203972088,15.888352120236178,10.507246376811594,3.280998389694042,6.649221685453569,3.92512077294686,1.9122383252818036,
96,31.19296833064949,26.670692431561996,15.344873859366613,11.023886205045626,3.280998389694042,6.649221685453569,3.92512077294686,1.9122383252818036,
97,31.206387546967257,26.617015566290927,15.136876006441224,11.272141706924316,3.280998389694042,6.649221685453569,3.92512077294686,1.9122383252818036,
98,31.333870101986044,25.905797101449274,15.915190552871712,11.178207192699947,3.180354267310789,6.649221685453569,3.92512077294686,1.9122383252818036,
99,31.44122383252818,25.87224906065486,15.908480944712828,11.178207192699947,3.180354267310789,6.582125603864735,3.92512077294686,1.9122383252818036,
100,30.85077831454643,24.27536231884058,20.175791733762747,10.124798711755233,2.6301663982823404,6.105743424584004,3.92512077294686,1.9122383252818036,
101,29.884594739667204,25.281803542673106,20.169082125603865,10.11808910359635,2.6301663982823404,6.105743424584004,3.92512077294686,1.8853998926462694,
102,29.97181964573269,25.281803542673106,20.135534084809446,10.11808910359635,2.6301663982823404,6.092324208266238,3.8848631239935587,1.8853998926462694,
103,30.763553408480945,24.55716586151369,20.041599570585078,10.104669887278583,2.6301663982823404,6.1929683306494905,3.824476650563607,1.8853998926462694,
104,29.220343531937736,27.113526570048307,19.410896403650028,9.460547504025765,2.6301663982823404,6.454643048845948,3.824476650563607,1.8853998926462694,
105,29.26731078904992,27.066559312936125,19.410896403650028,9.460547504025765,2.6301663982823404,6.454643048845948,3.824476650563607,1.8853998926462694,
106,28.341384863123995,27.059849704777243,20.377079978529252,9.252549651100376,2.61003757380569,6.400966183574879,3.824476650563607,2.13365539452496,
107,27.70397208803006,26.617015566290927,20.377079978529252,9.252549651100376,2.6033279656468062,7.2933440687063875,4.019055287171229,2.13365539452496,
108,27.26113794954375,26.321792807300053,21.584809447128286,8.78287707997853,2.6033279656468062,7.2933440687063875,4.019055287171229,2.13365539452496,
109,27.395330112721417,26.167471819645733,21.531132581857218,8.93719806763285,2.6033279656468062,7.2933440687063875,3.9452495974235107,2.1269457863660763,
110,27.428878153515836,25.597155126140635,21.309715512614062,8.608427267847558,2.522812667740204,7.273215244229737,5.2066559312936125,2.0531400966183573,
111,27.583199141170155,25.55689747718733,21.215780998389693,8.608427267847558,2.522812667740204,7.253086419753086,5.2066559312936125,2.0531400966183573,
112,28.052871712292003,25.348899624261943,21.068169618894256,8.561460010735374,2.757648953301127,7.004830917874396,5.152979066022544,2.0531400966183573,
113,28.153515834675254,25.32206119162641,21.034621578099838,8.53462157809984,2.7442297369833604,7.004830917874396,5.152979066022544,2.0531400966183573,
114,28.005904455179817,24.134460547504027,20.8064949006978,8.487654320987655,2.7308105206655933,6.870638754696726,6.910896403650026,2.0531400966183573,
115,26.402308105206657,26.1808910359635,20.585077831454644,8.172302737520129,2.7308105206655933,6.977992485238862,6.910896403650026,2.0397208803005906,
116,26.37546967257112,26.10708534621578,20.558239398819108,8.145464304884594,2.844873859366613,6.937734836285561,6.991411701556629,2.0397208803005906,
117,26.301663982823403,25.241545893719806,20.719269994632313,8.548040794417606,2.844873859366613,6.494900697799249,7.809983896940419,2.0397208803005906,
118,26.630434782608695,25.241545893719806,20.43075684380032,8.521202361782072,2.844873859366613,6.494900697799249,7.796564680622652,2.0397208803005906,
119,26.724369296833064,25.207997852925388,20.115405260332796,8.521202361782072,2.844873859366613,6.568706387546968,7.890499194847021,2.1269457863660763,
120,27.079978529253893,24.932903918411164,19.961084272678477,8.655394524959743,2.844873859366613,6.421095008051529,7.977724100912507,2.1269457863660763,
121,27.32823403113258,24.731615673644658,19.92753623188406,8.641975308641975,2.844873859366613,6.421095008051529,7.977724100912507,2.1269457863660763,
122,27.455716586151368,24.731615673644658,19.826892109500804,8.641975308641975,2.844873859366613,6.407675791733762,7.96430488459474,2.1269457863660763,
123,27.583199141170155,24.684648416532475,19.826892109500804,8.641975308641975,2.844873859366613,6.407675791733762,7.883789586688137,2.1269457863660763,
124,27.643585614600106,24.684648416532475,19.79334406870639,8.641975308641975,2.844873859366613,6.407675791733762,7.856951154052603,2.1269457863660763,
125,27.623456790123456,24.22168545356951,19.79334406870639,8.641975308641975,2.844873859366613,6.521739130434782,8.225979602791197,2.1269457863660763,
126,27.885131508319915,24.208266237251745,19.598765432098766,8.293075684380032,3.361513687600644,6.414385399892646,8.111916264090176,2.1269457863660763,
127,28.12667740203972,23.89291465378422,19.51825013419216,8.293075684380032,3.5426731078904994,6.387546967257112,8.111916264090176,2.1269457863660763,
128,28.23403113258186,23.79898013955985,19.51825013419216,8.071658615136876,3.5426731078904994,6.387546967257112,8.085077831454644,2.1269457863660763,0.23483628556092323
129,28.5426731078905,23.72517444981213,19.370638754696724,7.9106280193236715,3.502415458937198,6.320450885668277,8.266237251744498,2.1269457863660763,0.23483628556092323
130,28.44873859366613,22.859634997316157,20.538110574342458,7.836822329575953,3.502415458937198,6.266774020397209,8.239398819108963,2.1269457863660763,0.18115942028985507
131,28.187063875469672,22.63150831991412,20.52469135802469,7.823403113258186,4.079441760601181,6.219806763285024,8.225979602791197,2.1269457863660763,0.18115942028985507
132,28.401771336553946,22.624798711755233,20.363660762211488,7.796564680622652,4.079441760601181,6.219806763285024,8.205850778314547,2.1269457863660763,0.18115942028985507
133,28.06629092860977,21.557971014492754,20.088566827697264,9.219001610305957,4.052603327965647,6.132581857219538,8.57487922705314,2.1269457863660763,0.18115942028985507
134,28.32125603864734,21.557971014492754,19.840311325818572,9.158615136876007,3.9720880300590444,6.132581857219538,8.709071390230811,2.1269457863660763,0.18115942028985507
135,27.522812667740205,22.550993022007514,19.806763285024154,9.125067096081589,3.9720880300590444,6.005099302200751,8.709071390230811,2.1269457863660763,0.18115942028985507
136,27.831454643048847,22.50402576489533,19.766505636070853,9.104938271604938,3.9720880300590444,6.005099302200751,8.507783145464305,2.1269457863660763,0.18115942028985507
137,27.925389157273216,22.41009125067096,19.665861513687602,9.104938271604938,4.0995705850778315,6.005099302200751,8.480944712828771,2.1269457863660763,0.18115942028985507
138,27.84487385936661,22.168545356951153,19.659151905528716,9.433709071390231,4.0995705850778315,6.005099302200751,8.480944712828771,2.1269457863660763,0.18115942028985507
139,27.885131508319915,22.168545356951153,19.618894256575416,9.433709071390231,4.0995705850778315,6.005099302200751,8.480944712828771,2.1269457863660763,0.18115942028985507
140,27.985775630703166,22.12157809983897,19.578636607622116,9.822866344605474,3.81105743424584,6.005099302200751,8.36688137412775,2.1269457863660763,0.18115942028985507
141,27.3215244229737,21.672034353193773,20.343531937734838,10.084541062801932,3.7909286097691894,5.884326355340848,8.59500805152979,2.1269457863660763,0.18115942028985507
142,27.214170692431562,21.584809447128286,20.303274288781534,10.641438539989265,3.7909286097691894,5.803811057434245,8.353462157809984,2.1269457863660763,0.18115942028985507
143,27.20746108427268,21.470746108427267,20.283145464304884,10.641438539989265,3.7909286097691894,5.803811057434245,8.494363929146537,2.1269457863660763,0.18115942028985507
144,26.918947933440688,21.390230810520666,20.665593129361245,10.628019323671497,3.7909286097691894,5.803811057434245,8.494363929146537,2.1269457863660763,0.18115942028985507
145,26.99946323134729,21.390230810520666,20.611916264090176,10.628019323671497,3.7909286097691894,5.797101449275362,8.474235104669887,2.1269457863660763,0.18115942028985507
146,27.046430488459475,21.316425120772948,20.853462157809982,10.527375201288244,3.743961352657005,5.770263016639828,8.474235104669887,2.086688137412775,0.18115942028985507
147,27.13365539452496,21.289586688137412,20.840042941492218,10.50053676865271,3.730542136339238,5.770263016639828,8.474235104669887,2.0799785292538915,0.18115942028985507
148,26.710950080515296,20.471014492753625,22.899892646269457,9.567901234567902,3.844605475040258,5.770263016639828,8.474235104669887,2.0799785292538915,0.18115942028985507
149,27.03972088030059,20.29656468062265,22.48389694041868,9.91009125067096,3.7640901771336552,5.770263016639828,8.474235104669887,2.0799785292538915,0.18115942028985507
150,27.455716586151368,20.29656468062265,22.24235104669887,9.75577026301664,3.7640901771336552,5.750134192163178,8.474235104669887,2.0799785292538915,0.18115942028985507
151,27.509393451422437,20.055018786902846,22.0276435856146,9.75577026301664,3.978797638217928,5.931293612453032,8.474235104669887,2.086688137412775,0.18115942028985507
152,27.697262479871174,20.055018786902846,21.89345142243693,9.708803005904455,3.978797638217928,5.931293612453032,8.467525496511003,2.086688137412775,0.18115942028985507
153,27.84487385936661,20.014761137949545,21.89345142243693,9.695383789586689,3.965378421900161,5.911164787976382,8.467525496511003,2.0263016639828235,0.18115942028985507
154,27.871712292002147,20.014761137949545,21.89345142243693,9.695383789586689,3.965378421900161,5.884326355340848,8.467525496511003,2.0263016639828235,0.18115942028985507
155,27.938808373590984,20.00805152979066,21.866612989801396,9.66183574879227,3.965378421900161,5.884326355340848,8.467525496511003,2.0263016639828235,0.18115942028985507
156,27.462426194310254,19.826892109500804,22.953569511540525,9.245840042941492,3.9519592055823938,5.884326355340848,8.467525496511003,2.0263016639828235,0.18115942028985507
157,27.482555018786904,19.806763285024154,22.953569511540525,9.245840042941492,3.9519592055823938,5.884326355340848,8.467525496511003,2.0263016639828235,0.18115942028985507
158,27.38191089640365,18.746645195920557,22.758990874932906,10.198604401502953,4.019055287171229,6.226516371443908,8.460815888352121,2.0263016639828235,0.18115942028985507
159,27.294685990338163,18.357487922705314,22.443639291465377,10.198604401502953,4.019055287171229,5.797101449275362,9.681964573268921,2.0263016639828235,0.18115942028985507
160,27.556360708534623,18.337359098228664,22.21551261406334,10.198604401502953,4.019055287171229,5.797101449275362,9.681964573268921,2.0128824476650564,0.18115942028985507
161,27.925389157273216,18.21658615136876,22.12157809983897,10.185185185185185,3.992216854535695,5.683038110574342,9.681964573268921,2.0128824476650564,0.18115942028985507
162,28.039452495974235,18.189747718733226,22.10144927536232,10.144927536231885,3.992216854535695,5.676328502415459,9.66183574879227,2.0128824476650564,0.18115942028985507
163,28.052871712292003,18.17632850241546,22.10144927536232,10.144927536231885,3.992216854535695,5.676328502415459,9.66183574879227,2.0128824476650564,0.18115942028985507
164,28.113258185721953,18.035426731078903,22.041062801932366,10.144927536231885,3.992216854535695,5.669618894256575,9.809447128287708,2.0128824476650564,0.18115942028985507
165,28.32125603864734,18.00858829844337,21.940418679549115,10.037573805689748,4.180085882984434,5.669618894256575,9.648416532474503,2.0128824476650564,0.18115942028985507
166,28.44873859366613,17.941492216854535,21.89345142243693,10.02415458937198,4.180085882984434,5.669618894256575,9.648416532474503,2.0128824476650564,0.18115942028985507
167,28.341384863123995,17.914653784219002,21.638486312399355,10.279119699409554,4.448470209339774,5.535426731078905,9.648416532474503,2.0128824476650564,0.18115942028985507
168,28.475577026301664,17.914653784219002,21.55126140633387,10.272410091250672,4.448470209339774,5.515297906602254,9.628287707997853,2.0128824476650564,0.18115942028985507
169,28.77079978529254,17.713365539452496,21.537842190016104,10.258990874932904,4.448470209339774,5.481749865807837,9.594739667203436,2.0128824476650564,0.18115942028985507
170,28.817767042404725,17.70665593129361,21.511003757380568,10.413311862587225,4.294149221685454,5.481749865807837,9.581320450885668,2.0128824476650564,0.18115942028985507
171,28.824476650563607,17.559044551798173,21.484165324745035,10.36634460547504,4.260601180891036,5.481749865807837,9.849704777241008,2.006172839506173,0.16774020397208803
172,28.683574879227052,17.008856682769725,21.289586688137412,10.21202361782072,4.575952764358561,6.320450885668277,9.73564143853999,2.006172839506173,0.16774020397208803
173,28.710413311862588,17.008856682769725,21.289586688137412,10.185185185185185,4.575952764358561,6.320450885668277,9.73564143853999,2.006172839506173,0.16774020397208803
174,28.670155662909288,16.928341384863124,20.77294685990338,11.312399355877616,4.126409017713366,6.286902844873859,9.728931830381105,2.006172839506173,0.16774020397208803
175,28.743961352657006,16.901502952227588,20.77294685990338,11.292270531400966,4.126409017713366,6.286902844873859,9.702093397745571,2.006172839506173,0.16774020397208803
176,28.764090177133657,16.894793344068706,20.7662372517445,11.292270531400966,4.126409017713366,6.280193236714976,9.702093397745571,2.006172839506173,0.16774020397208803
177,28.804347826086957,16.894793344068706,20.73268921095008,11.292270531400966,4.119699409554482,6.280193236714976,9.702093397745571,2.006172839506173,0.16774020397208803
178,28.77079978529254,16.841116478797638,20.095276435856146,10.701825013419215,5.448201825013419,6.146001073537305,9.836285560923242,1.9927536231884058,0.16774020397208803
179,28.455448201825014,16.6935050993022,20.591787439613526,10.668276972624799,5.448201825013419,6.146001073537305,9.836285560923242,1.9927536231884058,0.16774020397208803
180,28.64331723027375,16.5727321524423,20.28985507246377,10.581052066559312,5.434782608695652,6.454643048845948,9.863123993558776,1.9927536231884058,0.16774020397208803
181,28.609769189479334,16.545893719806763,20.43075684380032,10.513955984970478,5.434782608695652,6.4412238325281805,9.863123993558776,1.9927536231884058,0.16774020397208803
182,28.878153515834676,16.545893719806763,20.283145464304884,10.513955984970478,5.434782608695652,6.045356951154052,10.138217928073,1.9927536231884058,0.16774020397208803
183,28.904991948470208,16.35131508319914,20.2361782071927,10.795759527643586,5.401234567901234,6.011808910359635,10.138217928073,1.9927536231884058,0.16774020397208803
184,29.200214707461082,16.297638217928075,20.222758990874933,10.795759527643586,5.401234567901234,6.011808910359635,9.91009125067096,1.9927536231884058,0.16774020397208803
185,29.508856682769725,16.002415458937197,20.209339774557165,10.782340311325818,5.448201825013419,5.978260869565218,9.91009125067096,1.9927536231884058,0.16774020397208803
186,30.193236714975846,15.942028985507246,19.87385936661299,10.674986580783683,5.360976918947934,6.1929683306494905,9.601449275362318,1.9927536231884058,0.16774020397208803
187,30.246913580246915,15.921900161030596,19.82018250134192,10.82259796027912,5.267042404723564,6.1862587224906065,9.574610842726784,1.9927536231884058,0.16774020397208803
188,30.10601180891036,15.747450348899624,19.81347289318304,12.057165861513688,5.267042404723564,5.495169082125604,9.353193773483628,1.9927536231884058,0.16774020397208803
189,30.42807300053677,15.646806226516372,19.75979602791197,12.157809983896941,5.22007514761138,5.495169082125604,9.131776704240472,1.9927536231884058,0.16774020397208803
190,30.817230273752013,15.619967793880837,19.598765432098766,12.077294685990339,5.179817498658078,5.428073000536768,9.131776704240472,1.9793344068706387,0.16774020397208803
191,30.96484165324745,15.619967793880837,19.504830917874397,12.050456253354804,5.179817498658078,5.401234567901234,9.131776704240472,1.9793344068706387,0.16774020397208803
192,30.95813204508857,15.5126140633387,19.41760601180891,11.493558776167472,5.025496511003757,5.199946323134729,10.379763821792807,1.8451422436929683,0.16774020397208803
193,31.11916264090177,15.425389157273216,19.37734836285561,11.493558776167472,5.025496511003757,5.199946323134729,10.34621578099839,1.8451422436929683,0.16774020397208803
194,30.730005367686527,15.291196994095545,17.934782608695652,12.238325281803542,6.729736983360172,5.065754159957058,10.02415458937198,1.8183038110574343,0.16774020397208803
195,30.58239398819109,15.291196994095545,17.934782608695652,12.506709608158884,6.729736983360172,5.065754159957058,9.903381642512077,1.8183038110574343,0.16774020397208803
196,30.730005367686527,15.277777777777779,17.921363392377884,12.473161567364466,6.729736983360172,5.065754159957058,9.903381642512077,1.7310789049919484,0.16774020397208803
197,30.917874396135264,15.277777777777779,17.921363392377884,12.359098228663447,6.729736983360172,5.065754159957058,9.896672034353195,1.7310789049919484,0.10064412238325282
198,30.26033279656468,14.922168545356952,17.767042404723565,12.352388620504563,8.272946859903382,4.810789049919484,9.802737520128824,1.710950080515298,0.10064412238325282
199,30.46833064949007,14.895330112721417,17.693236714975846,11.936392914653783,9.145195920558239,4.810789049919484,9.23913043478261,1.710950080515298,0.10064412238325282
200,30.73671497584541,14.895330112721417,17.58588298443371,11.882716049382717,9.145195920558239,4.810789049919484,9.131776704240472,1.710950080515298,0.10064412238325282
201,31.11916264090177,14.700751476113794,17.53220611916264,12.198067632850242,9.03113258185722,4.790660225442834,9.037842190016104,1.4895330112721417,0.10064412238325282
202,31.166129898013956,14.700751476113794,17.498658078368223,12.198067632850242,9.03113258185722,4.790660225442834,9.024422973698336,1.4895330112721417,0.10064412238325282
203,31.011808910359633,14.479334406870638,17.780461621041333,12.305421363392378,9.252549651100376,4.783950617283951,8.876811594202898,1.4090177133655395,0.10064412238325282
204,31.30703166935051,14.479334406870638,17.74020397208803,12.164519592055823,9.138486312399356,4.783950617283951,8.876811594202898,1.4090177133655395,0.10064412238325282
205,31.468062265163713,14.479334406870638,17.72007514761138,12.090713902308105,9.125067096081589,4.777241009125067,8.876811594202898,1.402308105206656,0.06038647342995169
206,31.682769726247987,14.479334406870638,17.599302200751477,12.077294685990339,9.125067096081589,4.723564143853999,8.863392377885132,1.3888888888888888,0.06038647342995169
207,31.300322061191626,14.264626945786366,17.07595276435856,13.506441223832528,9.125067096081589,4.7101449275362315,8.568169618894256,1.3888888888888888,0.06038647342995169
208,31.42109500805153,14.264626945786366,16.982018250134193,13.479602791196994,9.125067096081589,4.7101449275362315,8.568169618894256,1.3888888888888888,0.06038647342995169
209,31.588835212023618,14.251207729468598,16.955179817498657,13.365539452495975,9.125067096081589,4.7101449275362315,8.568169618894256,1.3754696725711217,0.06038647342995169
210,31.843800322061192,13.982823403113258,16.70692431561997,13.211218464841654,9.225711218464841,5.025496511003757,8.568169618894256,1.3754696725711217,0.06038647342995169
211,31.776704240472355,13.935856146001074,16.70692431561997,13.6406333870102,8.964036500268385,5.018786902844874,8.521202361782072,1.3754696725711217,0.06038647342995169
212,31.97799248523886,13.868760064412239,16.59286097691895,13.519860440150294,9.225711218464841,4.978529253891573,8.487654320987655,1.288244766505636,0.06038647342995169
213,31.924315619967793,13.808373590982287,16.418411164787976,13.754696725711218,9.366612989801396,4.951690821256038,8.487654320987655,1.288244766505636,
214,31.984702093397747,13.808373590982287,16.378153515834676,13.734567901234568,9.366612989801396,4.951690821256038,8.487654320987655,1.288244766505636,
215,31.850509930220074,13.801663982823403,18.129361245303276,13.41250670960816,9.353193773483628,4.951690821256038,7.320182501341922,1.1808910359634996,
216,32.06521739130435,13.627214170692431,18.115942028985508,13.41250670960816,9.353193773483628,4.924852388620504,7.320182501341922,1.1808910359634996,
217,32.52147074610843,13.620504562533547,18.02200751476114,13.39237788513151,9.333064949006978,4.924852388620504,7.004830917874396,1.1808910359634996,
218,32.608695652173914,13.41250670960816,18.23671497584541,13.385668276972625,9.312936124530328,4.918142780461621,6.977992485238862,1.1473429951690821,
219,32.648953301127214,13.399087493290391,18.089103596349972,13.365539452495975,9.453837895866881,4.918142780461621,6.977992485238862,1.1473429951690821,
220,32.66237251744498,13.399087493290391,18.075684380032207,13.365539452495975,9.453837895866881,4.918142780461621,6.977992485238862,1.1473429951690821,
221,32.59527643585615,13.399087493290391,17.975040257648953,13.217928073000536,9.769189479334408,4.918142780461621,6.977992485238862,1.1473429951690821,
222,32.85024154589372,13.298443370907139,17.954911433172303,13.16425120772947,9.762479871175524,4.918142780461621,6.904186795491143,1.1473429951690821,
223,32.024959742351044,14.264626945786366,17.834138486312398,13.144122383252817,9.762479871175524,4.918142780461621,6.904186795491143,1.1473429951690821,
224,32.06521739130435,14.244498121309716,17.834138486312398,13.425925925925926,9.722222222222221,4.636339237788513,6.9243156199677935,1.1473429951690821,
225,32.06521739130435,14.244498121309716,17.834138486312398,13.425925925925926,9.722222222222221,4.636339237788513,6.9243156199677935,1.1473429951690821,
226,32.27321524422974,14.224369296833064,17.767042404723565,13.365539452495975,9.681964573268921,4.616210413311863,6.9243156199677935,1.1473429951690821,
227,32.27321524422974,14.331723027375201,17.767042404723565,13.539989264626946,9.541062801932368,4.616210413311863,6.857219538378959,1.0735373054213635,
228,32.407407407407405,14.251207729468598,17.746913580246915,13.7211486849168,9.326355340848094,4.616210413311863,6.857219538378959,1.0735373054213635,
229,32.45437466451959,14.251207729468598,17.733494363929147,13.694310252281268,9.31964573268921,4.616210413311863,6.857219538378959,1.0735373054213635,
230,32.648953301127214,14.251207729468598,17.538915727321523,13.694310252281268,9.31964573268921,4.616210413311863,6.857219538378959,1.0735373054213635,
231,32.55501878690284,14.197530864197532,17.538915727321523,14.002952227589908,9.292807300053678,4.609500805152979,6.729736983360172,1.0735373054213635,
232,32.53488996242619,14.197530864197532,17.733494363929147,13.94927536231884,9.212292002147075,4.569243156199678,6.729736983360172,1.0735373054213635,
233,32.729468599033815,13.955984970477724,17.733494363929147,13.694310252281268,9.514224369296834,4.569243156199678,6.729736983360172,1.0735373054213635,
234,32.380568974771876,13.788244766505636,17.693236714975846,14.110305958132045,10.48040794417606,4.2270531400966185,6.246645195920558,1.0735373054213635,
235,32.380568974771876,13.741277509393452,17.465110037573805,14.51959205582394,10.165056360708535,4.200214707461084,6.172839506172839,1.3553408480944713,
236,32.48121309715513,13.741277509393452,17.391304347826086,14.512882447665056,10.165056360708535,4.180085882984434,6.172839506172839,1.3553408480944713,
237,32.6556629092861,13.66076221148685,17.310789049919485,14.49946323134729,10.165056360708535,4.180085882984434,6.172839506172839,1.3553408480944713,
238,32.890499194847024,13.633923778851315,17.05582393988191,14.371980676328503,10.433440687063875,4.086151368760064,6.172839506172839,1.3553408480944713,
239,32.991143317230275,13.600375738056897,17.022275899087493,14.371980676328503,10.399892646269459,4.086151368760064,6.172839506172839,1.3553408480944713,
240,32.8569511540526,13.493022007514762,17.21014492753623,14.506172839506172,10.138217928073,4.086151368760064,6.172839506172839,1.5365002683843263,
241,32.64224369296833,13.493022007514762,17.002147074610843,14.63365539452496,10.138217928073,4.38137412775094,6.172839506172839,1.5365002683843263,
242,32.67579173376275,13.466183574879228,16.894793344068706,14.734299516908212,10.138217928073,4.38137412775094,6.172839506172839,1.5365002683843263,
243,32.669082125603865,13.231347289318304,16.881374127750938,14.714170692431562,10.111379495437467,4.696725711218465,6.159420289855072,1.5365002683843263,
244,32.6154052603328,13.157541599570585,16.99543746645196,14.714170692431562,10.433440687063875,4.696725711218465,5.850778314546431,1.5365002683843263,
245,32.48792270531401,12.76838432635534,17.58588298443371,14.694041867954912,10.433440687063875,4.696725711218465,5.797101449275362,1.5365002683843263,
246,32.306763285024154,13.050187869028449,17.51207729468599,14.694041867954912,10.406602254428341,4.696725711218465,5.797101449275362,1.5365002683843263,
247,32.380568974771876,13.043478260869565,17.357756307031668,14.868491680085883,10.406602254428341,4.5893719806763285,5.8172302737520125,1.5365002683843263,
248,32.52147074610843,13.030059044551798,17.28395061728395,14.855072463768115,10.406602254428341,4.575952764358561,5.803811057434245,1.5230810520665594,
249,32.729468599033815,13.030059044551798,17.257112184648417,14.727589908749328,10.379763821792807,4.575952764358561,5.776972624798712,1.5230810520665594,
250,32.78314546430489,13.01663982823403,17.250402576489535,14.727589908749328,10.352925389157273,4.575952764358561,5.770263016639828,1.5230810520665594,
251,32.87707997852925,12.99651100375738,17.23027375201288,14.727589908749328,10.352925389157273,4.522275899087493,5.770263016639828,1.5230810520665594,
252,32.890499194847024,12.962962962962964,17.183306494900698,13.519860440150294,11.701556629092861,4.522275899087493,5.6964573268921095,1.5230810520665594,
253,33.17901234567901,12.808641975308642,17.14975845410628,13.519860440150294,11.694847020933977,4.51556629092861,5.609232420826624,1.5230810520665594,
254,33.2259796027912,12.808641975308642,17.12962962962963,13.519860440150294,11.668008588298443,4.51556629092861,5.609232420826624,1.5230810520665594,
255,33.2662372517445,12.808641975308642,17.102791196994094,13.519860440150294,11.654589371980677,4.51556629092861,5.609232420826624,1.5230810520665594,
256,33.45410628019324,12.667740203972087,17.028985507246375,13.546698872785829,11.654589371980677,4.40150295222759,5.723295759527644,1.5230810520665594,
257,33.675523349436396,12.614063338701019,17.028985507246375,13.459473966720344,11.627750939345143,4.38137412775094,5.689747718733226,1.5230810520665594,
258,33.95061728395062,12.587224906065487,16.99543746645196,13.345410628019323,11.574074074074074,4.334406870638754,5.689747718733226,1.5230810520665594,
259,33.53462157809984,12.359098228663447,16.914922168545356,14.123725174449811,11.560654857756306,4.320987654320987,5.662909286097692,1.5230810520665594,
260,33.48765432098765,12.278582930756844,16.894793344068706,14.284755770263017,11.453301127214171,4.320987654320987,5.756843800322061,1.5230810520665594,
261,33.24610842726785,12.52012882447665,16.894793344068706,14.257917337627482,11.600912506709609,4.320987654320987,5.636070853462158,1.5230810520665594,
262,33.4272678475577,12.506709608158884,16.78743961352657,14.210950080515298,11.58749329039184,4.320987654320987,5.636070853462158,1.5230810520665594,
263,33.49436392914654,12.493290391841116,16.74718196457327,14.210950080515298,11.574074074074074,4.320987654320987,5.636070853462158,1.5230810520665594,
264,33.272946859903385,12.104133118625873,16.552603327965645,16.67337627482555,10.332796564680622,4.26731078904992,5.273752012882448,1.5230810520665594,
265,33.42055823939882,12.104133118625873,16.51905528717123,16.639828234031132,10.265700483091788,4.26731078904992,5.273752012882448,1.5096618357487923,
266,33.42055823939882,12.016908212560386,16.478797638217927,16.78743961352657,10.258990874932904,4.26731078904992,5.273752012882448,1.4962426194310252,
267,32.80327428878154,12.855609232420827,16.438539989264626,16.740472356414386,10.225442834138486,4.213633923778851,5.226784755770263,1.4962426194310252,
268,32.930756843800324,12.835480407944177,16.371443907675793,16.740472356414386,10.21202361782072,4.213633923778851,5.199946323134729,1.4962426194310252,
269,33.011272141706925,12.667740203972087,16.284219001610307,16.720343531937736,10.406602254428341,4.213633923778851,5.199946323134729,1.4962426194310252,
270,33.03811057434246,12.318840579710145,16.0426731078905,17.028985507246375,10.661567364465915,4.213633923778851,5.199946323134729,1.4962426194310252,
