,45,50,55,52,59,54,57,56,53,58,51,60
0,99.86580783682233,0.13419216317767044,,,,,,,,,,
1,96.26945786366076,3.730542136339238,,,,,,,,,,
2,96.34997316156736,3.6500268384326353,,,,,,,,,,
3,96.34997316156736,3.6500268384326353,,,,,,,,,,
4,96.34997316156736,3.6500268384326353,,,,,,,,,,
5,92.6731078904992,7.326892109500805,,,,,,,,,,
6,91.9753086419753,8.024691358024691,,,,,,,,,,
7,91.0829307568438,8.917069243156199,,,,,,,,,,
8,87.3792270531401,12.620772946859903,,,,,,,,,,
9,30.10601180891036,69.89398819108965,,,,,,,,,,
10,30.193236714975846,68.4849704777241,1.3217928073000538,,,,,,,,,
11,30.19994632313473,68.47826086956522,1.3217928073000538,,,,,,,,,
12,29.924852388620504,64.52630166398282,5.548845947396672,,,,,,,,,
13,30.193236714975846,64.09017713365539,5.71658615136876,,,,,,,,,
14,29.918142780461622,61.11782071926999,8.964036500268385,,,,,,,,,
15,29.898013955984972,60.79575952764358,8.93719806763285,0.36902844873859364,,,,,,,,
16,30.22007514761138,60.319377348362856,8.57487922705314,0.36902844873859364,0.5166398282340311,,,,,,,
17,30.421363392377884,58.25281803542673,10.44015029522276,0.36902844873859364,0.5166398282340311,,,,,,,
18,30.629361245303276,58.05823939881911,10.426731078904991,0.36902844873859364,0.5166398282340311,,,,,,,
19,28.743961352657006,59.68196457326892,8.299785292538916,2.757648953301127,0.5166398282340311,,,,,,,
20,28.83118625872249,58.89023081052066,9.017713365539452,2.7442297369833604,0.5166398282340311,,,,,,,
21,29.066022544283413,58.70907139023081,8.99087493290392,2.7308105206655933,0.5032206119162641,,,,,,,
22,29.528985507246375,57.789855072463766,9.46725711218465,2.7106816961889426,0.5032206119162641,,,,,,,
23,29.830917874396135,57.51476113794954,9.440418679549115,2.7106816961889426,0.5032206119162641,,,,,,,
24,25.577026301663984,52.220880300590444,8.57487922705314,12.788513150831992,,0.8387010198604401,,,,,,
25,26.02657004830918,51.952495974235106,8.319914117015566,12.714707461084272,,0.8722490606548577,0.11406333870101985,,,,,
26,25.831991411701555,50.436124530327426,7.48792270531401,12.587224906065487,,3.4286097691894795,0.11406333870101985,0.11406333870101985,,,,
27,25.979602791196996,50.30864197530864,7.62211486849168,12.432903918411165,,3.4286097691894795,0.11406333870101985,0.11406333870101985,,,,
28,26.442565754159958,49.986580783682236,7.575147611379496,12.345679012345679,,3.421900161030596,0.11406333870101985,0.11406333870101985,,,,
29,27.03972088030059,49.6309715512614,7.461084272678476,12.238325281803542,,3.4017713365539453,0.11406333870101985,0.11406333870101985,,,,
30,26.27482555018787,50.55018786902845,7.461084272678476,12.238325281803542,,3.2474503488996245,0.11406333870101985,0.11406333870101985,,,,
31,26.455984970477726,50.436124530327426,7.434245840042942,12.198067632850242,,3.2474503488996245,0.11406333870101985,0.11406333870101985,,,,
32,26.630434782608695,50.295222758990874,7.434245840042942,12.164519592055823,,3.2474503488996245,0.11406333870101985,0.11406333870101985,,,,
33,26.82501341921632,50.17444981213097,7.4141170155662905,12.164519592055823,,3.193773483628556,0.11406333870101985,0.11406333870101985,,,,
34,27.006172839506174,49.5101986044015,7.997852925389157,12.124261943102523,,3.1333870101986045,0.11406333870101985,0.11406333870101985,,,,
35,27.26784755770263,49.35587761674718,7.991143317230274,12.057165861513688,,3.099838969404187,0.11406333870101985,0.11406333870101985,,,,
36,27.576489533011273,49.13446054750403,7.950885668276973,12.02361782071927,,3.0864197530864197,0.11406333870101985,0.11406333870101985,,,,
37,27.636876006441224,46.0077831454643,11.151368760064413,11.976650563607086,,2.999194847020934,0.11406333870101985,0.11406333870101985,,,,
38,27.938808373590984,45.779656468062264,11.151368760064413,11.943102522812667,,2.9589371980676327,0.11406333870101985,0.11406333870101985,,,,
39,28.415190552871714,45.450885668276975,11.07085346215781,11.889425657541599,,2.945517981749866,0.11406333870101985,0.11406333870101985,,,,
40,28.428609769189478,44.20960815888352,12.010198604401502,11.77536231884058,,3.3480944712828773,0.11406333870101985,0.11406333870101985,,,,
41,28.515834675254965,43.39103596349973,12.781803542673108,11.735104669887278,,3.3480944712828773,0.11406333870101985,0.11406333870101985,,,,
42,28.569511540526033,43.35748792270532,12.76838432635534,11.735104669887278,,3.3413848631239937,0.11406333870101985,0.11406333870101985,,,,
43,28.81105743424584,43.11594202898551,12.701288244766506,11.708266237251744,,3.3145464304884595,0.11406333870101985,0.23483628556092323,,,,
44,29.159957058507782,42.860976918947934,12.795222758990874,11.52710681696189,,3.307836822329576,0.11406333870101985,0.23483628556092323,,,,
45,28.65673644659152,43.47155126140633,12.781803542673108,11.486849168008588,,3.260869565217391,0.10735373054213634,0.23483628556092323,,,,
46,28.81105743424584,43.37090713902308,12.781803542673108,11.43317230273752,,3.260869565217391,0.10735373054213634,0.23483628556092323,,,,
47,29.106280193236714,43.13607085346216,12.754965110037574,11.43317230273752,,3.227321524422974,0.10735373054213634,0.23483628556092323,,,,
48,28.985507246376812,43.4447128287708,12.694578636607622,11.325818572195384,,3.2206119162640903,0.10735373054213634,0.2214170692431562,,,,
49,29.180085882984432,43.35077831454643,12.620772946859903,11.29898013955985,,3.2206119162640903,0.10735373054213634,0.2214170692431562,,,,
50,29.408212560386474,43.142780461621044,12.600644122383253,11.29898013955985,,3.2206119162640903,0.10735373054213634,0.2214170692431562,,,,
51,29.656468062265162,42.941492216854535,12.560386473429952,11.292270531400966,,3.2206119162640903,0.10735373054213634,0.2214170692431562,,,,
52,29.904723564143854,42.76033279656468,12.526838432635534,11.292270531400966,,3.1870638754696725,0.10735373054213634,0.2214170692431562,,,,
53,30.307300053676865,42.579173376274824,12.406065485775631,11.218464841653248,,3.1602254428341383,0.10735373054213634,0.2214170692431562,,,,
54,30.48174986580784,42.50536768652711,12.238325281803542,11.178207192699947,,3.1535158346752548,0.10735373054213634,0.33548040794417605,,,,
55,30.776972624798713,41.47879763821793,12.68786902844874,10.963499731615673,,3.1535158346752548,0.2616747181964573,0.33548040794417605,0.3421900161030596,,,
56,30.10601180891036,38.60708534621578,16.0829307568438,10.138217928073,,3.1535158346752548,1.2345679012345678,0.33548040794417605,0.3421900161030596,,,
57,28.401771336553946,34.594739667203434,16.398282340311326,10.037573805689748,,8.53462157809984,1.2345679012345678,0.4562533548040794,0.3421900161030596,,,
58,27.89855072463768,31.702898550724637,15.203972088030058,8.53462157809984,,8.53462157809984,1.2010198604401503,0.3153515834675255,6.608964036500268,,,
59,27.905260332796566,31.850509930220074,15.170424047235642,8.279656468062266,,8.742619431025227,0.9192163177670424,0.5032206119162641,6.521739130434782,0.10735373054213634,,
60,28.119967793880836,31.723027375201287,15.103327965646805,7.461084272678476,,8.709071390230811,0.9192163177670424,1.9994632313472893,5.857487922705314,0.10735373054213634,,
61,28.401771336553946,31.28690284487386,15.344873859366613,7.447665056360709,,8.668813741277509,0.8990874932903918,1.9994632313472893,5.844068706387547,0.10735373054213634,,
62,28.837895866881375,31.13929146537842,15.197262479871176,7.4208266237251745,,8.635265700483092,0.8990874932903918,1.9994632313472893,5.763553408480945,0.10735373054213634,,
63,28.99892646269458,31.031937734836287,15.069779924852389,7.4141170155662905,,8.735909822866345,0.8990874932903918,1.9793344068706387,5.763553408480945,0.10735373054213634,,
64,29.22705314009662,30.97826086956522,14.989264626945786,7.4141170155662905,,8.715780998389693,0.8990874932903918,1.9793344068706387,5.689747718733226,0.10735373054213634,,
65,29.482018250134193,30.535426731078903,15.821256038647343,7.353730542136339,,8.185721953837897,0.8990874932903918,1.9524959742351047,5.662909286097692,0.10735373054213634,,
66,29.428341384863124,29.394793344068706,14.533011272141707,7.353730542136339,,8.99087493290392,0.8990874932903918,1.9524959742351047,7.340311325818572,0.10735373054213634,,
67,29.790660225442835,29.294149221685455,14.492753623188406,7.273215244229737,,8.943907675791733,0.8789586688137413,1.9524959742351047,7.266505636070853,0.10735373054213634,,
68,29.918142780461622,29.24718196457327,14.472624798711756,7.246376811594203,,8.923778851315083,0.8789586688137413,1.9524959742351047,7.253086419753086,0.10735373054213634,,
69,29.428341384863124,28.784219001610307,13.996242619431026,7.232957595276436,,9.440418679549115,0.8789586688137413,1.9524959742351047,7.199409554482019,0.10735373054213634,0.9796027911969941,
70,29.274020397208805,27.657004830917874,13.533279656468062,7.206119162640902,,11.265432098765432,0.8789586688137413,1.9524959742351047,7.1658615136876005,0.10735373054213634,0.9594739667203436,
71,28.093129361245303,28.69699409554482,13.466183574879228,5.273752012882448,,11.137949543746645,0.8789586688137413,1.1674718196457328,10.25228126677402,0.10735373054213634,0.9259259259259259,
72,28.227321524422972,28.267579173376276,13.39237788513151,5.246913580246914,,11.574074074074074,0.8789586688137413,1.1674718196457328,10.21202361782072,0.10735373054213634,0.9259259259259259,
73,26.227858293075684,26.838432635534083,12.4597423510467,9.333064949006978,,11.889425657541599,0.8789586688137413,1.1674718196457328,10.171765968867419,0.10735373054213634,0.9259259259259259,
74,26.341921631776703,26.623725174449813,11.708266237251744,9.306226516371444,,11.761943102522812,0.8789586688137413,0.9259259259259259,11.419753086419753,0.10735373054213634,0.9259259259259259,
75,26.516371443907676,26.590177133655395,11.681427804616211,9.306226516371444,,11.714975845410628,0.8789586688137413,0.9259259259259259,11.3593666129898,0.10735373054213634,0.9192163177670424,
76,26.610305958132045,26.496242619431026,11.60762211486849,9.01100375738057,,12.090713902308105,0.8722490606548577,0.9259259259259259,11.258722490606548,0.2147074610842727,0.9125067096081588,
77,26.778046162104133,26.46940418679549,11.513687600644122,8.997584541062801,,12.057165861513688,0.8722490606548577,0.9259259259259259,11.258722490606548,0.2147074610842727,0.9125067096081588,
78,26.878690284487387,26.422436929683307,11.506977992485238,8.964036500268385,,11.245303274288782,1.724369296833065,0.9259259259259259,11.20504562533548,0.2147074610842727,0.9125067096081588,
79,26.912238325281802,25.09393451422437,10.762211486849168,8.950617283950617,,13.593666129898015,1.724369296833065,0.9259259259259259,10.923242082662373,0.20128824476650564,0.9125067096081588,
80,27.24771873322598,24.852388620504563,10.802469135802468,8.93719806763285,,13.486312399355878,1.724369296833065,0.9259259259259259,10.909822866344605,0.20128824476650564,0.9125067096081588,
81,27.160493827160494,24.765163714439076,10.768921095008052,8.917069243156199,,13.24476650563607,1.724369296833065,0.9125067096081588,10.876274825550189,0.20128824476650564,1.42914653784219,
82,27.415458937198068,24.671229200214707,10.681696188942565,8.917069243156199,,13.137412775093935,1.724369296833065,0.9125067096081588,10.789049919484702,0.33548040794417605,1.415727321524423,
83,27.536231884057973,24.590713902308106,10.681696188942565,8.883521202361782,0.08051529790660225,12.99651100375738,1.724369296833065,0.9125067096081588,11.158078368223295,0.33548040794417605,1.1003757380568975,
84,25.53676865271068,24.335748792270532,10.648148148148149,8.031400966183575,0.08051529790660225,12.781803542673108,1.724369296833065,0.9125067096081588,11.124530327428879,0.33548040794417605,4.488727858293076,
85,25.0402576489533,24.053945249597422,10.473698336017177,7.514761137949543,0.08051529790660225,12.406065485775631,1.724369296833065,0.43612453032742887,9.306226516371444,0.33548040794417605,8.628556092324208,
86,25.32206119162641,23.960010735373054,10.36634460547504,7.467793880837359,0.08051529790660225,12.372517444981213,1.724369296833065,0.43612453032742887,9.306226516371444,0.33548040794417605,8.628556092324208,
87,25.429414922168544,23.89291465378422,11.037305421363392,7.112184648416532,0.08051529790660225,12.27187332259796,1.5297906602254427,0.43612453032742887,9.292807300053678,0.33548040794417605,8.581588835212024,
88,25.89237788513151,23.859366612989803,10.903113258185721,7.112184648416532,0.08051529790660225,12.164519592055823,1.5297906602254427,0.4294149221685454,9.131776704240472,0.33548040794417605,8.561460010735374,
89,26.093666129898015,23.812399355877616,10.896403650026839,7.098765432098766,0.08051529790660225,12.050456253354804,1.5297906602254427,0.4294149221685454,9.111647879763822,0.33548040794417605,8.561460010735374,
90,23.778851315083198,25.825281803542673,10.856146001073537,7.085346215780999,0.08051529790660225,12.04374664519592,1.5297906602254427,0.4294149221685454,9.111647879763822,0.33548040794417605,8.923778851315083,
91,24.12775093934514,25.664251207729468,10.829307568438002,6.998121309715513,0.08051529790660225,12.117552334943639,1.415727321524423,0.5233494363929146,9.024422973698336,0.33548040794417605,8.883521202361782,
92,24.3894256575416,25.59044551798175,11.225174449812132,6.984702093397746,0.08051529790660225,12.090713902308105,1.3955984970477724,0.5233494363929146,9.01100375738057,0.33548040794417605,8.373590982286634,
93,24.58400429414922,25.45625335480408,11.225174449812132,6.971282877079979,0.08051529790660225,12.057165861513688,1.3955984970477724,1.107085346215781,8.454106280193237,0.33548040794417605,8.333333333333334,
94,21.85319377348363,23.09447128287708,10.138217928073,4.636339237788513,0.08051529790660225,11.520397208803006,1.3955984970477724,1.0869565217391304,9.232420826623725,0.33548040794417605,16.626409017713364,
95,22.041062801932366,23.020665593129362,10.057702630166398,4.072732152442297,0.08051529790660225,11.41304347826087,1.261406333870102,0.966183574879227,8.59500805152979,0.33548040794417605,18.156199677938808,
96,22.0276435856146,22.396672034353195,10.151637144390767,4.072732152442297,0.08051529790660225,12.084004294149223,1.261406333870102,0.966183574879227,8.467525496511003,0.33548040794417605,18.156199677938808,
97,22.416800858829845,22.17525496511004,10.131508319914117,4.066022544283414,0.08051529790660225,12.02361782071927,1.261406333870102,0.966183574879227,8.420558239398819,0.33548040794417605,18.12265163714439,
98,22.873054213633925,21.920289855072465,10.111379495437467,4.052603327965647,0.08051529790660225,12.110842726784755,1.261406333870102,0.966183574879227,8.279656468062266,0.33548040794417605,18.00858829844337,
99,23.389694041867955,21.900161030595815,10.037573805689748,4.03918411164788,0.08051529790660225,12.02361782071927,1.261406333870102,0.966183574879227,8.017981749865807,0.33548040794417605,17.94820182501342,
100,23.70504562533548,21.812936124530328,10.030864197530864,3.9989264626945786,0.08051529790660225,11.956521739130435,1.2546967257112185,0.966183574879227,7.991143317230274,0.33548040794417605,17.867686527106816,
101,23.047504025764894,21.464036500268385,8.836553945249598,7.440955448201825,0.08051529790660225,11.29898013955985,0.8387010198604401,0.966183574879227,7.85024154589372,0.33548040794417605,17.840848094471284,
102,23.18840579710145,21.35668276972625,8.78287707997853,7.4141170155662905,0.08051529790660225,11.453301127214171,0.8387010198604401,0.966183574879227,7.75630703166935,0.33548040794417605,17.827428878153516,
103,23.382984433709073,21.289586688137412,8.78287707997853,7.387278582930757,0.08051529790660225,12.31213097155126,0.8387010198604401,0.966183574879227,7.742887815351583,0.33548040794417605,16.881374127750938,
104,23.711755233494365,21.202361782071925,8.769457863660762,7.347020933977456,0.08051529790660225,12.25174449812131,0.8118625872249061,0.966183574879227,7.709339774557166,0.33548040794417605,16.814278046162105,
105,24.013687600644122,20.954106280193237,9.024422973698336,7.286634460547504,0.08051529790660225,12.238325281803542,0.8118625872249061,0.966183574879227,7.695920558239399,0.33548040794417605,16.59286097691895,
106,24.134460547504027,20.90713902308105,9.024422973698336,7.286634460547504,0.08051529790660225,12.238325281803542,0.8118625872249061,0.966183574879227,7.695920558239399,0.33548040794417605,16.51905528717123,
107,24.490069779924852,20.860171765968868,9.01100375738057,7.25979602791197,0.08051529790660225,12.130971551261407,0.8051529790660226,0.966183574879227,7.595276435856146,0.33548040794417605,16.465378421900162,
108,24.805421363392377,20.799785292538918,8.93719806763285,7.25979602791197,0.08051529790660225,12.077294685990339,0.8051529790660226,0.966183574879227,7.555018786902845,0.33548040794417605,16.378153515834676,
109,24.94632313472893,20.611916264090176,8.93719806763285,7.105475040257649,0.08051529790660225,12.204777241009126,0.9192163177670424,0.966183574879227,7.555018786902845,0.33548040794417605,16.337895866881375,
110,25.228126677402038,20.50456253354804,9.245840042941492,7.098765432098766,0.08051529790660225,12.157809983896941,0.9192163177670424,1.0869565217391304,7.494632313472893,0.33548040794417605,15.848094471282877,
111,25.34219001610306,20.41062801932367,9.219001610305957,7.206119162640902,0.08051529790660225,12.157809983896941,0.9192163177670424,1.0869565217391304,7.447665056360709,0.33548040794417605,15.794417606011809,
112,25.543478260869566,20.323403113258184,9.386741814278047,6.971282877079979,0.08051529790660225,12.110842726784755,0.9192163177670424,1.0869565217391304,7.447665056360709,0.33548040794417605,15.794417606011809,
113,25.791733762748255,20.189210950080515,9.084809447128288,6.884057971014493,0.08051529790660225,11.996779388083736,0.9192163177670424,1.3486312399355878,7.742887815351583,0.33548040794417605,15.626677402039721,
114,25.91250670960816,20.041599570585078,9.057971014492754,6.843800322061192,0.05367686527106817,11.969940955448202,0.9192163177670424,1.3486312399355878,7.9039184111647875,0.33548040794417605,15.613258185721953,
115,26.154052603327965,19.94766505636071,9.057971014492754,6.830381105743425,0.05367686527106817,11.936392914653783,0.9192163177670424,1.3486312399355878,7.897208803005904,0.33548040794417605,15.519323671497585,
116,26.241277509393452,19.92753623188406,9.01100375738057,6.830381105743425,0.05367686527106817,11.929683306494901,0.9192163177670424,1.3486312399355878,7.890499194847021,0.33548040794417605,15.5126140633387,
117,26.40901771336554,19.92753623188406,8.984165324745035,6.823671497584541,0.05367686527106817,11.855877616747183,0.9192163177670424,1.3486312399355878,7.830112721417069,0.33548040794417605,15.5126140633387,
118,26.039989264626946,19.49812130971551,8.756038647342995,6.6827697262479875,0.05367686527106817,10.299248523886206,0.8990874932903918,1.1473429951690821,10.869565217391305,0.33548040794417605,15.418679549114332,
119,26.234567901234566,19.43102522812668,8.749329039184111,6.655931293612453,0.05367686527106817,10.285829307568438,0.8990874932903918,1.1473429951690821,10.82259796027912,0.33548040794417605,15.385131508319914,
120,26.37546967257112,19.410896403650028,8.715780998389693,6.635802469135802,0.05367686527106817,10.258990874932904,0.8990874932903918,1.1473429951690821,10.809178743961352,0.33548040794417605,15.35829307568438,
121,26.623725174449813,19.35721953837896,8.641975308641975,6.635802469135802,0.05367686527106817,10.19189479334407,0.8990874932903918,1.1473429951690821,10.782340311325818,0.33548040794417605,15.331454643048845,
122,26.630434782608695,19.196188942565755,8.729200214707461,6.635802469135802,0.14090177133655393,10.165056360708535,0.8990874932903918,1.3150831991411702,10.654857756307031,0.33548040794417605,15.297906602254429,
123,26.778046162104133,19.129092860976918,8.729200214707461,6.608964036500268,0.14090177133655393,10.165056360708535,0.8990874932903918,1.3150831991411702,10.654857756307031,0.3153515834675255,15.26435856146001,
124,27.012882447665056,19.02173913043478,8.729200214707461,6.582125603864735,0.14090177133655393,10.131508319914117,0.8923778851315083,1.3150831991411702,10.641438539989265,0.3153515834675255,15.217391304347826,
125,27.469135802469136,19.0150295222759,8.628556092324208,6.629092860976919,0.14090177133655393,10.091250670960816,0.8856682769726248,1.3150831991411702,10.305958132045088,0.3153515834675255,15.203972088030058,
126,27.63016639828234,18.867418142780462,8.548040794417606,6.622383252818035,0.10735373054213634,10.279119699409554,0.8856682769726248,1.3150831991411702,10.299248523886206,0.3153515834675255,15.13016639828234,
127,27.636876006441224,18.820450885668276,8.588298443370908,6.6827697262479875,0.10735373054213634,10.279119699409554,0.8856682769726248,1.3016639828234031,10.265700483091788,0.3153515834675255,15.116747181964573,
128,27.690552871712292,18.78690284487386,8.568169618894256,6.662640901771336,0.10735373054213634,10.373054213633925,0.8856682769726248,1.3016639828234031,10.23215244229737,0.3153515834675255,15.076489533011273,
129,27.355072463768117,17.70665593129361,8.252818035426731,6.655931293612453,0.10735373054213634,12.29200214707461,0.8856682769726248,1.3016639828234031,10.23215244229737,0.3153515834675255,14.895330112721417,
130,27.603327965646805,17.62614063338701,8.252818035426731,6.622383252818035,0.10735373054213634,12.23161567364466,0.8856682769726248,1.3016639828234031,10.178475577026301,0.3153515834675255,14.875201288244767,
131,27.549651100375737,17.538915727321523,8.064949006977992,6.622383252818035,0.10064412238325282,12.057165861513688,0.8856682769726248,1.3016639828234031,10.762211486849168,0.3153515834675255,14.801395598497047,
132,27.717391304347824,17.458400429414922,8.064949006977992,6.642512077294686,0.10064412238325282,11.996779388083736,0.8856682769726248,1.2949543746645196,10.721953837895867,0.3153515834675255,14.801395598497047,
133,27.831454643048847,17.357756307031668,8.293075684380032,6.642512077294686,0.10064412238325282,11.969940955448202,0.8856682769726248,1.221148684916801,10.61460010735373,0.3153515834675255,14.76784755770263,
134,28.012614063338702,17.12962962962963,8.266237251744498,6.615673644659152,0.10064412238325282,12.701288244766506,0.9863123993558777,1.1876006441223832,10.399892646269459,0.41599570585077833,14.184111647879764,
135,28.14680622651637,17.10950080515298,8.266237251744498,6.615673644659152,0.10064412238325282,12.661030595813205,0.9796027911969941,1.1876006441223832,10.379763821792807,0.41599570585077833,14.13714439076758,
136,28.267579173376276,17.028985507246375,8.266237251744498,6.608964036500268,0.10064412238325282,12.573805689747719,0.95276435856146,1.2949543746645196,10.379763821792807,0.41599570585077833,14.110305958132045,
137,27.999194847020934,17.028985507246375,8.420558239398819,6.333870101986044,0.10064412238325282,12.546967257112184,0.8588298443370908,1.2949543746645196,11.064143853998926,0.41599570585077833,13.935856146001074,
138,28.24074074074074,16.948470209339774,8.420558239398819,6.253354804079442,0.10064412238325282,12.526838432635534,0.8588298443370908,1.2748255501878691,11.037305421363392,0.41599570585077833,13.922436929683306,
139,28.549382716049383,16.881374127750938,8.413848631239935,6.246645195920558,0.10064412238325282,12.432903918411165,0.8588298443370908,1.2748255501878691,10.95679012345679,0.41599570585077833,13.868760064412239,
140,28.73054213633924,16.720343531937736,8.55475040257649,6.246645195920558,0.10064412238325282,12.372517444981213,0.8588298443370908,1.261406333870102,10.95679012345679,0.41599570585077833,13.781535158346752,
141,28.797638217928075,16.445249597423512,8.55475040257649,6.246645195920558,0.10064412238325282,12.627482555018787,0.8588298443370908,1.261406333870102,10.950080515297907,0.41599570585077833,13.741277509393452,
142,28.945249597423512,16.378153515834676,8.541331186258722,6.1929683306494905,0.10064412238325282,12.627482555018787,0.8588298443370908,1.261406333870102,10.869565217391305,0.4830917874396135,13.741277509393452,
143,29.09286097691895,16.317767042404725,8.487654320987655,6.1862587224906065,0.10064412238325282,12.580515297906603,0.7783145464304885,1.1808910359634996,11.077563070316694,0.4830917874396135,13.714439076757918,
144,29.294149221685455,16.27750939345142,8.480944712828771,6.146001073537305,0.10064412238325282,12.513419216317766,0.7783145464304885,1.1808910359634996,11.057434245840042,0.4830917874396135,13.687600644122384,
145,29.528985507246375,16.23054213633924,8.480944712828771,6.105743424584004,0.10064412238325282,12.47987117552335,0.7648953301127214,1.1540526033279657,10.983628556092324,0.4830917874396135,13.687600644122384,
146,29.582662372517444,16.11647879763822,8.480944712828771,6.105743424584004,0.10064412238325282,12.453032742887816,0.7648953301127214,1.1540526033279657,11.097691894793345,0.4830917874396135,13.66076221148685,
147,29.488727858293075,16.076221148684915,8.3467525496511,6.501610305958132,0.10064412238325282,12.385936661298981,0.7648953301127214,1.1540526033279657,11.057434245840042,0.4830917874396135,13.6406333870102,
148,29.64975845410628,16.009125067096083,8.3467525496511,6.501610305958132,0.10064412238325282,12.338969404186795,0.7648953301127214,1.1540526033279657,11.010466988727858,0.4830917874396135,13.6406333870102,
149,29.045893719806763,16.894793344068706,8.32662372517445,6.360708534621578,0.10064412238325282,12.406065485775631,0.7648953301127214,1.133923778851315,10.876274825550189,0.4830917874396135,13.607085346215781,
150,29.441760601180892,16.874664519592056,8.293075684380032,6.3070316693505095,0.10064412238325282,12.177938808373591,0.7648953301127214,1.133923778851315,10.876274825550189,0.4830917874396135,13.546698872785829,
151,29.676596886741816,16.841116478797638,8.219269994632313,6.293612453032743,0.10064412238325282,12.090713902308105,0.7648953301127214,1.133923778851315,10.849436392914654,0.4830917874396135,13.546698872785829,
152,29.884594739667204,16.7337627482555,8.219269994632313,6.293612453032743,0.10064412238325282,12.037037037037036,0.7648953301127214,1.133923778851315,10.809178743961352,0.47638217928073,13.546698872785829,
153,30.12614063338701,16.680085882984432,8.192431561996779,6.293612453032743,0.10064412238325282,11.976650563607086,0.7648953301127214,1.0802469135802468,10.802469135802468,0.47638217928073,13.506441223832528,
154,30.327428878153516,16.63311862587225,8.158883521202362,6.293612453032743,0.10064412238325282,11.936392914653783,0.7648953301127214,1.0735373054213635,10.775630703166936,0.47638217928073,13.459473966720344,
155,30.193236714975846,16.566022544283413,7.716049382716049,7.152442297369833,0.10064412238325282,11.896135265700483,0.7648953301127214,1.0735373054213635,10.607890499194847,0.47638217928073,13.45276435856146,
156,30.314009661835748,15.814546430488459,7.716049382716049,7.930756843800322,0.10064412238325282,11.869296833064949,0.7648953301127214,1.0735373054213635,10.560923242082662,0.47638217928073,13.378958668813741,
157,30.48174986580784,15.747450348899624,7.648953301127214,7.930756843800322,0.10064412238325282,11.768652710681696,0.7648953301127214,1.2077294685990339,10.560923242082662,0.47638217928073,13.311862587224907,
158,30.609232420826622,15.693773483628556,7.682501341921632,7.877079978529254,0.08722490606548577,11.721685453569512,0.9393451422436929,1.2077294685990339,10.487117552334944,0.47638217928073,13.217928073000536,
159,30.669618894256576,15.485775630703166,7.648953301127214,7.877079978529254,0.08722490606548577,11.889425657541599,0.9393451422436929,1.2077294685990339,10.44015029522276,0.47638217928073,13.278314546430488,
160,30.683038110574344,15.210681696188942,7.635534084809447,7.856951154052603,0.08722490606548577,12.285292538915728,0.9393451422436929,1.1943102522812667,10.426731078904991,0.47638217928073,13.20450885668277,
161,30.387815351583466,14.78797638217928,7.481213097155126,7.051798174986581,0.08722490606548577,14.103596349973161,0.9393451422436929,1.1876006441223832,10.326086956521738,0.47638217928073,13.170960815888352,
162,30.475040257648953,14.606816961889425,7.447665056360709,7.2933440687063875,0.08722490606548577,13.92914653784219,0.9393451422436929,1.1876006441223832,10.399892646269459,0.47638217928073,13.157541599570585,
163,30.730005367686527,14.606816961889425,7.561728395061729,7.2933440687063875,0.08722490606548577,13.694310252281268,0.9393451422436929,1.1876006441223832,10.352925389157273,0.5300590445517982,13.01663982823403,
164,30.938003220611915,14.53972088030059,7.561728395061729,7.2933440687063875,0.08722490606548577,13.627214170692431,1.0869565217391304,1.1876006441223832,10.23215244229737,0.5300590445517982,12.915995705850777,
165,30.48845947396672,14.002952227589908,7.39398819108964,8.004562533548041,0.08722490606548577,14.36527106816962,1.0131508319914118,1.1876006441223832,10.225442834138486,0.5300590445517982,12.701288244766506,
166,30.64278046162104,13.962694578636608,7.39398819108964,7.971014492753623,0.08722490606548577,14.298174986580785,1.0131508319914118,1.1876006441223832,10.225442834138486,0.5300590445517982,12.68786902844874,
167,30.589103596349972,13.81508319914117,7.320182501341922,8.460815888352121,0.08722490606548577,14.2914653784219,1.0064412238325282,1.1876006441223832,10.171765968867419,0.5300590445517982,12.5402576489533,
168,30.03220611916264,13.593666129898015,7.139023081052066,10.896403650026839,0.08722490606548577,13.070316693505099,1.0064412238325282,1.1876006441223832,10.138217928073,0.46967257112184646,12.379227053140097,
169,30.09259259259259,13.573537305421363,7.085346215780999,10.601180891035963,0.08722490606548577,12.701288244766506,1.0064412238325282,1.0332796564680622,11.05072463768116,0.46967257112184646,12.298711755233494,
170,30.307300053676865,13.526570048309178,7.071926999463232,10.554213633923778,0.08722490606548577,12.701288244766506,1.0064412238325282,1.0332796564680622,11.037305421363392,0.46967257112184646,12.204777241009126,
171,30.46833064949007,13.499731615673644,7.071926999463232,10.520665593129362,0.08722490606548577,12.694578636607622,1.0064412238325282,1.0332796564680622,10.983628556092324,0.46967257112184646,12.164519592055823,
172,30.67632850241546,13.486312399355878,7.058507783145465,10.520665593129362,0.07380568974771873,12.5402576489533,1.1473429951690821,1.0332796564680622,10.909822866344605,0.46967257112184646,12.084004294149223,
173,30.421363392377884,13.063607085346217,7.011540526033279,10.420021470746109,0.07380568974771873,12.171229200214707,0.9997316156736447,1.0332796564680622,11.406333870101985,0.46967257112184646,12.929414922168545,
174,30.360976918947934,12.989801395598498,7.011540526033279,10.61460010735373,0.07380568974771873,12.117552334943639,0.9997316156736447,1.0332796564680622,11.399624261943103,0.46967257112184646,12.929414922168545,
175,30.314009661835748,12.93612453032743,6.984702093397746,10.044283413848632,0.07380568974771873,11.902844873859367,0.9997316156736447,1.0332796564680622,12.31213097155126,0.46967257112184646,12.929414922168545,
176,30.589103596349972,12.869028448738593,6.904186795491143,10.030864197530864,0.07380568974771873,11.862587224906065,0.9930220075147611,1.0332796564680622,12.25174449812131,0.46967257112184646,12.848899624261943,0.07380568974771873
177,30.750134192163177,12.855609232420827,6.904186795491143,9.997316156736447,0.07380568974771873,11.83574879227053,0.9863123993558777,1.0332796564680622,12.238325281803542,0.46967257112184646,12.781803542673108,0.07380568974771873
178,31.01851851851852,12.848899624261943,6.890767579173376,9.98389694041868,0.07380568974771873,11.808910359634996,0.9863123993558777,1.0332796564680622,12.084004294149223,0.46967257112184646,12.72812667740204,0.07380568974771873
179,31.28690284487386,12.822061191626409,6.810252281266774,9.943639291465379,0.07380568974771873,11.808910359634996,0.9863123993558777,1.0332796564680622,12.050456253354804,0.46967257112184646,12.640901771336553,0.07380568974771873
180,31.488191089640367,12.781803542673108,6.763285024154589,9.930220075147611,0.07380568974771873,11.75523349436393,0.9728931830381106,1.0332796564680622,12.030327428878154,0.46967257112184646,12.627482555018787,0.07380568974771873
181,31.689479334406872,12.714707461084272,6.622383252818035,9.916800858829845,0.07380568974771873,11.748523886205046,0.966183574879227,1.1205045625335481,11.98336017176597,0.46967257112184646,12.620772946859903,0.07380568974771873
182,31.863929146537842,12.647611379495437,6.622383252818035,9.88996242619431,0.07380568974771873,11.735104669887278,0.966183574879227,1.1205045625335481,11.969940955448202,0.46967257112184646,12.567096081588835,0.07380568974771873
183,31.99812130971551,12.647611379495437,6.602254428341385,9.802737520128824,0.07380568974771873,11.674718196457327,0.9057971014492754,1.3955984970477724,12.057165861513688,0.46967257112184646,12.298711755233494,0.07380568974771873
184,32.00483091787439,12.647611379495437,6.696188942565755,9.789318303811058,0.07380568974771873,11.641170155662909,0.9057971014492754,1.3955984970477724,12.050456253354804,0.46296296296296297,12.258454106280194,0.07380568974771873
185,32.1658615136876,12.620772946859903,6.66935050993022,9.782608695652174,0.07380568974771873,11.540526033279656,0.8923778851315083,1.5297906602254427,12.030327428878154,0.3824476650563607,12.238325281803542,0.07380568974771873
186,32.306763285024154,12.607353730542137,6.662640901771336,9.75577026301664,0.07380568974771873,11.486849168008588,0.8923778851315083,1.5029522275899088,12.016908212560386,0.3824476650563607,12.238325281803542,0.07380568974771873
187,32.54830917874396,12.593934514224369,6.642512077294686,9.708803005904455,0.07380568974771873,11.486849168008588,0.8923778851315083,1.4694041867954912,11.943102522812667,0.3824476650563607,12.184648416532475,0.07380568974771873
188,32.79656468062265,12.567096081588835,6.635802469135802,9.64170692431562,0.07380568974771873,11.426462694578637,0.8923778851315083,1.4492753623188406,11.896135265700483,0.3824476650563607,12.164519592055823,0.07380568974771873
189,33.011272141706925,12.533548040794418,6.575415995705851,9.594739667203436,0.07380568974771873,11.453301127214171,0.8923778851315083,1.4492753623188406,11.882716049382717,0.3824476650563607,12.077294685990339,0.07380568974771873
190,32.971014492753625,12.47987117552335,6.515029522275899,10.352925389157273,0.07380568974771873,11.352657004830919,0.8923778851315083,1.4492753623188406,11.379495437466453,0.3824476650563607,12.077294685990339,0.07380568974771873
191,33.21256038647343,12.453032742887816,6.447933440687064,10.352925389157273,0.07380568974771873,11.305689747718732,0.8923778851315083,1.442565754159957,11.352657004830919,0.3824476650563607,12.010198604401502,0.07380568974771873
192,33.44068706387547,12.345679012345679,6.447933440687064,10.272410091250672,0.07380568974771873,11.352657004830919,0.8923778851315083,1.442565754159957,11.158078368223295,0.5233494363929146,11.976650563607086,0.07380568974771873
193,33.56816961889426,12.305421363392378,6.447933440687064,10.265700483091788,0.07380568974771873,11.33923778851315,0.8923778851315083,1.442565754159957,11.124530327428879,0.5233494363929146,11.943102522812667,0.07380568974771873
194,33.742619431025226,12.245034889962426,6.474771873322598,10.265700483091788,0.07380568974771873,11.272141706924316,0.8923778851315083,1.4962426194310252,11.09098228663446,0.5233494363929146,11.849168008588299,0.07380568974771873
195,33.943907675791735,12.211486849168008,6.454643048845948,10.238862050456254,0.07380568974771873,11.218464841653248,0.8923778851315083,1.4962426194310252,11.064143853998926,0.5233494363929146,11.808910359634996,0.07380568974771873
196,34.15861513687601,12.198067632850242,6.689479334406871,10.057702630166398,0.07380568974771873,11.09098228663446,0.8923778851315083,1.4962426194310252,10.93666129898014,0.5233494363929146,11.808910359634996,0.07380568974771873
197,34.004294149221685,12.157809983896941,6.662640901771336,10.02415458937198,0.07380568974771873,10.681696188942565,1.0466988727858293,1.3821792807300053,12.124261943102523,0.5233494363929146,11.245303274288782,0.07380568974771873
198,34.05797101449275,12.157809983896941,6.662640901771336,10.02415458937198,0.07380568974771873,10.668276972624799,1.0466988727858293,1.3821792807300053,12.110842726784755,0.5233494363929146,11.218464841653248,0.07380568974771873
199,34.252549651100374,12.144390767579173,6.776704240472356,9.88996242619431,0.07380568974771873,10.601180891035963,1.0466988727858293,1.3821792807300053,12.077294685990339,0.5166398282340311,11.16478797638218,0.07380568974771873
200,34.64170692431562,12.124261943102523,6.769994632313473,9.856414385399892,0.07380568974771873,10.473698336017177,1.0466988727858293,1.3821792807300053,11.922973698336017,0.5166398282340311,11.117820719269995,0.07380568974771873
201,34.75577026301664,12.124261943102523,6.769994632313473,9.77589908749329,0.07380568974771873,10.433440687063875,1.0466988727858293,1.3821792807300053,11.949812130971551,0.5166398282340311,11.097691894793345,0.07380568974771873
202,34.97047772410091,12.097423510466989,6.743156199677939,9.769189479334408,0.07380568974771873,10.292538915727322,1.0466988727858293,1.3754696725711217,11.949812130971551,0.5166398282340311,11.09098228663446,0.07380568974771873
203,35.15163714439077,12.06387546967257,6.709608158883521,9.728931830381105,0.07380568974771873,10.258990874932904,1.0466988727858293,1.3754696725711217,11.943102522812667,0.5166398282340311,11.057434245840042,0.07380568974771873
204,34.98389694041868,12.057165861513688,6.709608158883521,9.5276435856146,0.07380568974771873,10.11808910359635,1.0399892646269457,1.3553408480944713,12.795222758990874,0.5166398282340311,10.748792270531402,0.07380568974771873
205,34.70209339774557,11.714975845410628,6.582125603864735,9.433709071390231,0.07380568974771873,11.05072463768116,1.0399892646269457,1.3553408480944713,12.721417069243156,0.5166398282340311,10.735373054213634,0.07380568974771873
206,34.18545356951154,11.453301127214171,6.3137412775093935,12.070585077831455,0.07380568974771873,10.86285560923242,0.8588298443370908,1.3486312399355878,11.533816425120772,0.5166398282340311,10.7085346215781,0.07380568974771873
207,33.279656468062264,11.406333870101985,6.1929683306494905,11.379495437466453,0.07380568974771873,10.86285560923242,0.8588298443370908,1.5432098765432098,13.7211486849168,0.5166398282340311,10.091250670960816,0.07380568974771873
208,33.380300590445515,11.406333870101985,6.1929683306494905,11.366076221148685,0.07380568974771873,10.84272678475577,0.8588298443370908,1.5432098765432098,13.654052603327965,0.5166398282340311,10.091250670960816,0.07380568974771873
209,33.62855609232421,11.406333870101985,6.132581857219538,11.33923778851315,0.07380568974771873,10.802469135802468,0.8387010198604401,1.5230810520665594,13.58695652173913,0.5166398282340311,10.077831454643048,0.07380568974771873
210,33.78958668813741,11.406333870101985,6.132581857219538,11.29898013955985,0.07380568974771873,10.768921095008052,0.8387010198604401,1.5230810520665594,13.526570048309178,0.5166398282340311,10.050993022007514,0.07380568974771873
211,33.84997316156736,11.399624261943103,6.132581857219538,11.29898013955985,0.07380568974771873,10.755501878690284,0.8387010198604401,1.5029522275899088,13.519860440150294,0.5166398282340311,10.037573805689748,0.07380568974771873
212,33.9573268921095,11.399624261943103,6.132581857219538,11.292270531400966,0.07380568974771873,10.715244229736983,0.8387010198604401,1.4962426194310252,13.506441223832528,0.5166398282340311,9.997316156736447,0.07380568974771873
213,34.01771336553945,11.399624261943103,6.132581857219538,11.265432098765432,0.07380568974771873,10.715244229736983,0.8387010198604401,1.4962426194310252,13.493022007514762,0.5166398282340311,9.977187332259795,0.07380568974771873
214,34.11835748792271,11.386205045625335,6.132581857219538,11.20504562533548,0.07380568974771873,10.768921095008052,0.8387010198604401,1.4962426194310252,13.493022007514762,0.5166398282340311,9.896672034353195,0.07380568974771873
