,45,50,55,52,53,56,51,54,60,57,59,58,61
0,97.18196457326893,2.818035426731079,,,,,,,,,,,
1,85.7487922705314,14.036500268384327,0.2147074610842727,,,,,,,,,,
2,82.25979602791197,17.518786902844873,0.2214170692431562,,,,,,,,,,
3,82.01154052603329,17.67981749865808,0.30864197530864196,,,,,,,,,,
4,70.67230273752013,28.824476650563607,0.5032206119162641,,,,,,,,,,
5,70.08185721953838,29.367954911433173,0.5501878690284487,,,,,,,,,,
6,67.55904455179818,28.213902308105208,1.6438539989264627,2.522812667740204,0.06038647342995169,,,,,,,,
7,67.33762748255502,28.33467525496511,1.6841116478797638,2.4892646269457863,0.06038647342995169,0.0939345142243693,,,,,,,
8,67.36446591519055,26.684111647879764,3.079710144927536,2.4557165861513686,0.06038647342995169,0.0939345142243693,0.0939345142243693,0.11406333870101985,0.05367686527106817,,,,
9,64.170692431562,27.529522275899087,3.2742887815351582,4.40150295222759,0.03354804079441761,0.0939345142243693,0.12077294685990338,0.2885131508319914,0.05367686527106817,0.03354804079441761,,,
10,63.821792807300056,27.89855072463768,3.2675791733762747,4.320987654320987,0.03354804079441761,0.0939345142243693,0.12077294685990338,0.2885131508319914,0.05367686527106817,0.10064412238325282,,,
11,62.714707461084274,28.844605475040257,3.3011272141706924,4.320987654320987,0.03354804079441761,0.0939345142243693,0.0939345142243693,0.4428341384863124,0.05367686527106817,0.10064412238325282,,,
12,61.111111111111114,30.226784755770264,3.5292538915727323,4.233762748255502,0.03354804079441761,0.0939345142243693,0.0939345142243693,0.4428341384863124,0.05367686527106817,0.18115942028985507,,,
13,61.22517444981213,29.636339237788512,3.2206119162640903,4.032474503488996,0.06038647342995169,0.0939345142243693,0.12077294685990338,1.261406333870102,0.05367686527106817,0.2952227589908749,,,
14,60.909822866344605,29.64975845410628,3.3413848631239937,3.9318303811057436,0.20128824476650564,0.03354804079441761,0.28180354267310787,1.261406333870102,0.05367686527106817,0.33548040794417605,,,
15,58.353462157809986,27.791196994095547,2.6637144390767578,3.8311862587224907,0.17444981213097155,0.03354804079441761,3.455448201825013,3.3682232957595275,0.05367686527106817,0.24825550187869028,0.026838432635534086,,
16,58.42055823939882,27.522812667740205,2.8784219001610305,3.8580246913580245,0.17444981213097155,0.03354804079441761,3.4420289855072466,3.3413848631239937,0.05367686527106817,0.24825550187869028,0.026838432635534086,,
17,57.098765432098766,28.871443907675793,3.3011272141706924,3.784219001610306,0.20128824476650564,0.03354804079441761,2.9052603327965647,3.44873859366613,0.020128824476650563,0.24825550187869028,0.05367686527106817,0.03354804079441761,
18,55.12614063338701,30.73671497584541,3.240740740740741,3.7909286097691894,0.20128824476650564,0.03354804079441761,2.9052603327965647,3.5426731078904994,0.020128824476650563,0.3153515834675255,0.05367686527106817,0.03354804079441761,
19,55.10601180891036,30.723295759527645,3.4151905528717124,3.7573805689747717,0.20128824476650564,0.03354804079441761,2.898550724637681,3.475577026301664,0.020128824476650563,0.28180354267310787,0.05367686527106817,0.03354804079441761,
20,55.30730005367686,30.35426731078905,3.6231884057971016,3.7372517444981215,0.20128824476650564,0.03354804079441761,2.8784219001610305,3.475577026301664,0.020128824476650563,0.28180354267310787,0.05367686527106817,0.03354804079441761,
21,51.39559849704777,34.23242082662372,3.6902844873859366,3.7104133118625873,0.20128824476650564,0.03354804079441761,2.8784219001610305,3.4688674181427803,0.020128824476650563,0.28180354267310787,0.05367686527106817,0.03354804079441761,
22,51.02657004830918,33.662104133118625,3.1065485775630703,5.783682232957595,0.24154589371980675,0.03354804079441761,2.8784219001610305,2.918679549114332,,0.15432098765432098,0.19457863660762212,,
23,41.83440687063875,43.19645732689211,3.280998389694042,4.830917874396135,0.27509393451422437,0.03354804079441761,3.33467525496511,2.791196994095545,,0.08051529790660225,0.3421900161030596,,
24,41.53918411164788,43.23000536768653,3.374932903918411,4.777241009125067,0.27509393451422437,0.03354804079441761,3.33467525496511,2.9119699409554483,,0.18115942028985507,0.3421900161030596,,
25,36.71497584541063,52.81803542673108,2.0128824476650564,0.1274825550187869,0.20799785292538917,,7.179280730005368,0.9326355340848095,,,0.0067096081588835215,,
26,34.80944712828771,50.26167471819646,4.012345679012346,0.24825550187869028,0.20799785292538917,0.026838432635534086,7.018250134192163,3.3816425120772946,,,0.03354804079441761,,
27,33.467525496511,51.48282340311326,4.106280193236715,0.2683843263553409,0.20799785292538917,0.1610305958132045,6.9310252281266775,3.3413848631239937,,,0.03354804079441761,,
28,26.7914653784219,60.49382716049383,3.7104133118625873,0.27509393451422437,0.20799785292538917,0.19457863660762212,5.065754159957058,3.227321524422974,,,0.03354804079441761,,
29,19.538378958668815,68.18303811057434,3.5963499731615673,0.2147074610842727,0.040257648953301126,0.19457863660762212,4.924852388620504,3.066290928609769,,0.04696725711218465,0.19457863660762212,,
30,19.276704240472355,65.33145464304884,3.8714439076757916,0.20128824476650564,3.227321524422974,0.19457863660762212,4.669887278582931,2.985775630703167,,0.04696725711218465,0.19457863660762212,,
31,18.256843800322063,55.58239398819109,2.26784755770263,0.3153515834675255,16.955179817498657,0.026838432635534086,5.8239398819108965,0.6776704240472357,,0.04696725711218465,,0.04696725711218465,
32,18.625872249060656,53.84460547504026,3.784219001610306,0.3153515834675255,16.894793344068706,0.026838432635534086,5.723295759527644,0.6910896403650026,,0.04696725711218465,,0.04696725711218465,
33,16.029253891572733,43.283682232957595,3.750670960815888,0.2885131508319914,16.049382716049383,0.10064412238325282,19.64573268921095,0.6642512077294686,,0.04696725711218465,,0.14090177133655393,
34,15.807836822329575,38.33199141170156,2.9052603327965647,0.2885131508319914,12.171229200214707,0.24825550187869028,29.8040794417606,0.3488996242619431,,,,0.0939345142243693,
35,15.371712292002147,30.334138486312398,2.5161030595813205,0.2885131508319914,5.864197530864198,0.6843800322061192,44.59205582393988,0.3488996242619431,,,,,
36,15.673644659151906,30.099302200751477,2.9589371980676327,0.2885131508319914,5.736714975845411,1.8719806763285025,42.82742887815352,0.3488996242619431,,0.13419216317767044,,0.06038647342995169,
37,16.183574879227052,29.851046698872786,2.9790660225442833,0.2885131508319914,6.468062265163715,1.9994632313472893,41.82098765432099,0.3421900161030596,,0.013419216317767043,,0.05367686527106817,
38,16.512345679012345,29.408212560386474,3.656736446591519,0.2885131508319914,6.072195383789587,2.3752012882447664,41.277509393451425,0.3421900161030596,,0.013419216317767043,,0.05367686527106817,
39,16.378153515834676,26.7914653784219,3.6902844873859366,0.2885131508319914,6.159420289855072,2.4221685453569513,40.86151368760064,3.307836822329576,,0.013419216317767043,0.03354804079441761,0.05367686527106817,
40,14.204240472356414,17.478529253891573,6.226516371443908,0.2616747181964573,4.62962962962963,2.281266774020397,51.55662909286098,3.260869565217391,,0.013419216317767043,0.03354804079441761,0.05367686527106817,
41,14.325013419216317,17.693236714975846,6.1862587224906065,0.2616747181964573,4.609500805152979,2.657004830917874,50.78502415458937,3.3011272141706924,0.026838432635534086,0.013419216317767043,0.08722490606548577,0.05367686527106817,
42,13.063607085346217,13.137412775093935,4.562533548040794,0.2616747181964573,4.414922168545357,2.7308105206655933,58.373590982286636,3.294417606011809,0.026838432635534086,0.013419216317767043,0.06709608158883522,0.05367686527106817,
43,13.425925925925926,13.097155126140633,4.528985507246377,0.2616747181964573,4.341116478797638,3.0864197530864197,57.80327428878154,3.294417606011809,0.026838432635534086,0.013419216317767043,0.06709608158883522,0.05367686527106817,
44,13.553408480944713,12.969672571121846,4.240472356414386,0.2616747181964573,5.850778314546431,3.166935050993022,56.48148148148148,3.294417606011809,0.026838432635534086,0.013419216317767043,0.06709608158883522,0.07380568974771873,
45,13.801663982823403,11.446591519055287,4.200214707461084,0.2616747181964573,7.50805152979066,3.4151905528717124,55.87090713902308,3.240740740740741,0.05367686527106817,0.013419216317767043,0.06709608158883522,0.12077294685990338,
46,13.18438003220612,10.279119699409554,4.200214707461084,0.16774020397208803,7.4208266237251745,3.4822866344605474,57.709339774557165,3.2340311325818574,0.05367686527106817,0.013419216317767043,0.06709608158883522,0.1878690284487386,
47,12.392646269457863,9.104938271604938,4.126409017713366,11.29898013955985,6.608964036500268,3.079710144927536,49.82555018786903,2.885131508319914,0.08722490606548577,0.1878690284487386,0.06709608158883522,0.33548040794417605,
48,11.171497584541063,10.23215244229737,2.945517981749866,14.070048309178745,6.199677938808374,2.9790660225442833,47.396672034353195,4.233762748255502,0.08722490606548577,0.28180354267310787,0.06709608158883522,0.33548040794417605,
49,11.782071926999464,9.970477724100913,3.1468062265163717,13.902308105206655,6.199677938808374,3.099838969404187,46.833064949006975,4.213633923778851,0.08722490606548577,0.2952227589908749,0.06709608158883522,0.4025764895330113,
50,10.077831454643048,8.977455716586151,2.737520128824477,10.775630703166936,6.3137412775093935,2.9253891572732154,52.65700483091788,5.045625335480408,0.06038647342995169,0.06038647342995169,0.04696725711218465,0.322061191626409,
51,10.789049919484702,8.917069243156199,2.9790660225442833,10.507246376811594,6.146001073537305,3.294417606011809,51.67740203972088,4.918142780461621,0.06038647342995169,0.2214170692431562,0.04696725711218465,0.4428341384863124,
52,11.325818572195384,8.84326355340848,3.260869565217391,10.426731078904991,6.052066559312936,3.4822866344605474,50.87224906065486,4.8376274825550185,0.06038647342995169,0.2214170692431562,0.08051529790660225,0.5367686527106817,
53,11.782071926999464,8.870101986044014,3.227321524422974,11.79549114331723,5.12614063338701,3.5829307568438002,49.79200214707461,4.770531400966184,0.06038647342995169,0.3757380568974772,0.08051529790660225,0.5367686527106817,
54,12.117552334943639,8.796296296296296,3.307836822329576,11.735104669887278,5.025496511003757,3.717122920021471,49.3491680085883,4.7101449275362315,0.06038647342995169,0.48980139559849706,0.08051529790660225,0.6105743424584005,
55,11.889425657541599,8.735909822866345,2.7979066022544283,11.66129898013956,13.781535158346752,2.589908749329039,42.82071926999463,4.468599033816425,0.06038647342995169,0.46967257112184646,0.08051529790660225,0.644122383252818,
56,12.546967257112184,8.621846484165324,2.9253891572732154,11.600912506709609,13.674181427804616,2.589908749329039,42.44498121309716,4.388083735909823,0.06038647342995169,0.38915727321524424,0.08051529790660225,0.6776704240472357,
57,12.674449812130971,8.527911969940956,2.5161030595813205,12.144390767579173,13.607085346215781,2.898550724637681,41.92163177670424,4.3478260869565215,0.04696725711218465,0.5501878690284487,0.06709608158883522,0.6977992485238862,
58,13.311862587224907,8.232689210950081,2.4892646269457863,12.037037037037036,14.06333870101986,2.9253891572732154,41.30434782608695,4.361245303274289,0.04696725711218465,0.5770263016639828,0.06709608158883522,0.5837359098228664,
59,13.560118089103597,8.132045088566828,2.7643585614600106,11.876006441223833,12.077294685990339,2.9388083735909825,40.33816425120773,6.957863660762212,0.04696725711218465,0.6575415995705851,0.06709608158883522,0.5837359098228664,
60,14.338432635534085,8.152173913043478,2.831454643048846,11.77536231884058,11.943102522812667,3.1736446591519054,39.59339774557166,6.890767579173376,0.04696725711218465,0.6038647342995169,0.06709608158883522,0.5837359098228664,
61,14.895330112721417,8.152173913043478,2.818035426731079,11.668008588298443,11.782071926999464,3.321256038647343,39.08346752549651,6.863929146537842,0.04696725711218465,0.6038647342995169,0.06709608158883522,0.6977992485238862,
62,15.385131508319914,8.111916264090176,2.818035426731079,11.560654857756306,11.627750939345143,3.3816425120772946,38.79495437466452,6.863929146537842,0.04696725711218465,0.6239935587761675,0.06709608158883522,0.7179280730005367,
63,14.647074610842727,7.98443370907139,2.5697799248523885,23.443370907139023,11.540526033279656,2.4490069779924855,28.992216854535695,6.910896403650026,0.04696725711218465,0.6910896403650026,0.06709608158883522,0.6575415995705851,
64,15.271068169618895,7.950885668276973,2.7777777777777777,22.993827160493826,11.406333870101985,2.5563607085346214,28.475577026301664,6.749865807836822,0.04696725711218465,1.0466988727858293,0.06709608158883522,0.6575415995705851,
65,14.834943639291465,7.434245840042942,2.7308105206655933,22.859634997316157,11.171497584541063,2.5563607085346214,29.8040794417606,6.769994632313473,0.04696725711218465,1.06682769726248,0.06709608158883522,0.6575415995705851,
66,15.385131508319914,7.427536231884058,2.871712292002147,22.463768115942027,11.030595813204508,2.717391304347826,29.280730005367687,6.790123456790123,0.04696725711218465,1.2345679012345678,0.06709608158883522,0.6843800322061192,
67,15.727321524422974,7.367149758454106,2.9388083735909825,22.436929683306495,10.943370907139023,2.7844873859366612,29.11969940955448,6.776704240472356,0.04696725711218465,1.1137949543746646,0.06709608158883522,0.6776704240472357,
68,16.23725174449812,7.286634460547504,2.871712292002147,22.108158883521202,10.721953837895867,3.052871712292002,28.663446054750402,6.649221685453569,0.04696725711218465,1.4224369296833066,0.06709608158883522,0.8722490606548577,
69,16.478797638217927,7.1725711218464845,3.1535158346752548,21.846484165324746,9.574610842726784,3.140096618357488,29.817498658078367,6.521739130434782,0.04696725711218465,1.402308105206656,0.06709608158883522,0.7783145464304885,
70,16.841116478797638,7.118894256575416,3.435319377348363,21.712292002147073,9.420289855072463,3.180354267310789,29.401502952227588,6.421095008051529,0.04696725711218465,1.42914653784219,0.0939345142243693,0.8990874932903918,
71,16.75389157273215,7.092055823939882,3.3480944712828773,21.35668276972625,12.084004294149223,3.2541599570585076,27.180622651637144,6.367418142780462,0.04696725711218465,1.5767579173376274,0.10064412238325282,0.8387010198604401,
72,13.117283950617283,5.522007514761138,3.4151905528717124,11.117820719269995,7.897208803005904,2.3349436392914655,48.22866344605475,6.125872249060655,0.04696725711218465,1.1272141706924315,0.10064412238325282,0.966183574879227,
73,13.774825550187868,5.515297906602254,3.616478797638218,10.950080515297907,7.823403113258186,2.7308105206655933,47.26247987117552,6.105743424584004,0.020128824476650563,1.1406333870101986,0.10064412238325282,0.9594739667203436,
74,13.81508319914117,4.871175523349437,3.455448201825013,10.339506172839506,9.702093397745571,2.9052603327965647,46.79951690821256,5.938003220611916,,1.107085346215781,0.10064412238325282,0.966183574879227,
75,14.130434782608695,4.810789049919484,3.8580246913580245,11.11111111111111,8.93719806763285,2.952227589908749,46.14868491680086,5.891035963499732,,1.093666129898014,0.10064412238325282,0.966183574879227,
76,14.774557165861514,4.62962962962963,4.28743961352657,10.701825013419215,9.064680622651638,3.321256038647343,45.36366076221149,5.743424584004294,,1.06682769726248,0.10064412238325282,0.9460547504025765,
77,15.022812667740205,4.582662372517445,5.891035963499732,10.668276972624799,8.816425120772946,3.321256038647343,43.364197530864196,5.8239398819108965,,1.4224369296833066,0.08051529790660225,1.0064412238325282,
78,14.680622651637144,4.575952764358561,6.239935587761675,8.57487922705314,11.406333870101985,2.844873859366613,40.445517981749866,8.917069243156199,,1.261406333870102,0.08051529790660225,0.9728931830381106,
79,14.204240472356414,4.455179817498658,8.440687063875469,5.763553408480945,11.225174449812132,2.281266774020397,42.92807300053677,8.494363929146537,,1.0869565217391304,0.08051529790660225,1.0399892646269457,
80,14.600107353730541,4.42163177670424,8.608427267847558,5.709876543209877,11.117820719269995,2.26784755770263,42.56575415995706,8.440687063875469,,1.1205045625335481,0.10735373054213634,1.0399892646269457,
81,14.928878153515834,4.327697262479871,8.675523349436393,5.4549114331723025,14.029790660225443,2.5295222758990876,37.56038647342995,10.178475577026301,,1.1808910359634996,0.10735373054213634,1.0265700483091786,
82,15.68035426731079,4.253891572732153,8.655394524959743,5.434782608695652,13.727858293075684,2.844873859366613,37.07729468599034,10.091250670960816,,1.1741814278046163,0.10735373054213634,0.95276435856146,
83,16.14331723027375,4.253891572732153,8.863392377885132,5.300590445517981,13.66076221148685,2.9253891572732154,36.64787976382179,9.863123993558776,,1.2144390767579174,0.10735373054213634,1.0198604401502953,
84,16.364734299516908,4.2203435319377345,9.903381642512077,4.663177670424047,13.425925925925926,5.609232420826624,34.326355340848096,8.742619431025227,0.040257648953301126,1.3955984970477724,0.12077294685990338,1.0466988727858293,0.14090177133655393
85,12.942834138486312,3.2541599570585076,5.226784755770263,4.414922168545357,13.117283950617283,4.4820182501341925,45.330112721417066,8.568169618894256,0.040257648953301126,1.4224369296833066,0.15432098765432098,1.0466988727858293,
86,13.459473966720344,3.2340311325818574,5.293880837359098,4.414922168545357,15.687063875469672,4.810789049919484,41.7740203972088,8.641975308641975,0.040257648953301126,1.4224369296833066,0.1878690284487386,1.0332796564680622,
87,13.788244766505636,3.180354267310789,5.434782608695652,4.408212560386473,15.573000536768653,4.8376274825550185,41.378153515834676,8.722490606548577,0.040257648953301126,1.4492753623188406,0.1878690284487386,0.9997316156736447,
88,14.371980676328503,3.180354267310789,5.394524959742351,4.388083735909823,15.170424047235642,7.092055823939882,38.99624261943102,8.735909822866345,0.040257648953301126,1.442565754159957,0.1878690284487386,0.9997316156736447,
89,14.626945786366075,3.0931293612453032,5.407944176060118,4.320987654320987,15.03623188405797,6.702898550724638,38.687600644122384,9.520933977455716,,1.442565754159957,0.1878690284487386,0.9728931830381106,
90,15.177133655394526,3.079710144927536,5.360976918947934,4.274020397208803,14.99597423510467,7.085346215780999,37.97638217928073,9.312936124530328,,1.583467525496511,0.1878690284487386,0.966183574879227,
91,14.861782071927,2.9388083735909825,5.233494363929147,4.200214707461084,14.023081052066559,6.749865807836822,40.06977992485239,9.366612989801396,,1.4559849704777241,0.1878690284487386,0.9125067096081588,
92,15.304616210413311,2.804616210413312,5.3341384863123995,4.186795491143317,13.962694578636608,6.716317767042405,39.62694578636608,9.16532474503489,,1.7444981213097155,0.1878690284487386,0.966183574879227,
93,15.901771336553946,2.804616210413312,5.421363392377885,4.1532474503489,13.915727321524423,6.769994632313473,38.98282340311326,9.091519055287172,,1.8384326355340848,0.1878690284487386,0.9326355340848095,
94,15.304616210413311,2.100107353730542,5.360976918947934,4.072732152442297,13.855340848094471,6.904186795491143,40.45893719806763,9.017713365539452,,1.8384326355340848,0.17444981213097155,0.9125067096081588,
95,15.210681696188942,1.892109500805153,5.535426731078905,7.206119162640902,13.311862587224907,6.769994632313473,39.492753623188406,8.11862587224906,,1.5297906602254427,0.10735373054213634,0.8252818035426731,
96,15.821256038647343,1.865271068169619,5.5756843800322065,7.1725711218464845,13.358829844337091,6.890767579173376,38.808373590982285,8.011272141706923,,1.5096618357487923,0.13419216317767044,0.8521202361782072,
97,16.512345679012345,1.9390767579173376,5.528717122920021,7.0383789586688135,13.191089640365004,6.991411701556629,38.439345142243695,7.877079978529254,,1.4962426194310252,0.13419216317767044,0.8521202361782072,
98,17.062533548040793,1.8518518518518519,5.508588298443371,6.91760601180891,13.063607085346217,7.1658615136876005,37.775093934514224,7.971014492753623,,1.5767579173376274,0.13419216317767044,0.9728931830381106,
99,17.102791196994094,1.8518518518518519,5.709876543209877,6.830381105743425,14.325013419216317,7.286634460547504,36.3996242619431,7.816693505099302,,1.5767579173376274,0.13419216317767044,0.966183574879227,
100,17.579173376274827,1.8451422436929683,5.522007514761138,6.756575415995706,14.371980676328503,7.206119162640902,36.22517444981213,7.823403113258186,,1.5029522275899088,0.1610305958132045,1.0064412238325282,
101,17.351046698872786,1.8183038110574343,5.501878690284487,6.5552871712292005,15.539452495974235,7.018250134192163,35.81588835212023,7.749597423510467,,1.4761137949543746,0.1610305958132045,1.0131508319914118,
102,17.652979066022546,1.8183038110574343,5.475040257648954,6.3137412775093935,15.35829307568438,7.353730542136339,35.39989264626946,8.064949006977992,,1.402308105206656,0.1610305958132045,0.9997316156736447,
103,18.015297906602253,1.7310789049919484,5.4616210413311865,7.461084272678476,14.922168545356952,8.172302737520129,33.923778851315085,7.856951154052603,,1.3486312399355878,0.1610305958132045,0.9460547504025765,
104,18.417874396135264,1.7042404723564144,5.589103596349974,7.454374664519592,14.707461084272678,8.246108427267847,33.56816961889426,7.776435856146001,,1.3486312399355878,0.1610305958132045,1.0265700483091786,
105,18.632581857219538,1.7042404723564144,5.703166935050993,8.608427267847558,14.210950080515298,8.3467525496511,32.56172839506173,7.675791733762749,0.026838432635534086,1.3419216317767042,0.13419216317767044,1.0534084809447128,
106,18.63929146537842,1.6572732152442298,5.790391841116479,8.387010198604402,14.325013419216317,8.99087493290392,32.09205582393988,7.695920558239399,0.026838432635534086,1.2278582930756843,0.11406333870101985,1.0534084809447128,
107,18.988191089640367,1.6505636070853462,8.024691358024691,8.340042941492216,14.184111647879764,8.836553945249598,29.924852388620504,7.635534084809447,0.026838432635534086,1.221148684916801,0.11406333870101985,1.0534084809447128,
108,19.39747718733226,1.596886741814278,7.971014492753623,8.225979602791197,14.002952227589908,8.84326355340848,29.8040794417606,7.541599570585078,0.026838432635534086,1.4559849704777241,0.08722490606548577,1.0466988727858293,
109,19.96779388083736,1.5901771336553945,7.890499194847021,8.179012345679013,13.895598497047773,8.84326355340848,29.53569511540526,7.434245840042942,0.026838432635534086,1.5096618357487923,0.08722490606548577,1.0399892646269457,
110,20.075147611379496,1.5901771336553945,7.977724100912507,8.111916264090176,13.788244766505636,10.775630703166936,27.4422973698336,7.380568974771873,0.026838432635534086,1.7310789049919484,0.08722490606548577,1.0131508319914118,
111,20.43075684380032,1.5901771336553945,8.011272141706923,7.944176060118089,13.493022007514762,10.869565217391305,27.220880300590444,7.320182501341922,0.026838432635534086,1.865271068169619,0.08722490606548577,1.1406333870101986,
112,20.71256038647343,1.5432098765432098,7.823403113258186,7.809983896940419,13.278314546430488,10.63472893183038,25.248255501878692,9.749060654857756,0.08722490606548577,1.892109500805153,0.1274825550187869,1.093666129898014,
113,20.933977455716587,1.5096618357487923,7.823403113258186,7.6556629092860975,13.251476113794954,10.789049919484702,25.087224906065487,9.762479871175524,0.08722490606548577,1.8518518518518519,0.1274825550187869,1.093666129898014,0.026838432635534086
114,20.705850778314545,1.4962426194310252,7.763016639828234,7.474503488996243,12.224906065485776,10.279119699409554,26.442565754159958,10.21202361782072,0.06038647342995169,1.8988191089640365,0.2281266774020397,1.1540526033279657,0.06038647342995169
115,20.67230273752013,1.3888888888888888,7.749597423510467,7.37385936661299,13.023349436392914,10.238862050456254,26.214439076757916,10.084541062801932,0.06038647342995169,1.7847557702630166,0.2616747181964573,1.0869565217391304,0.06038647342995169
116,20.92055823939882,1.3888888888888888,8.125335480407944,7.340311325818572,13.023349436392914,10.057702630166398,25.925925925925927,9.970477724100913,0.06038647342995169,1.7579173376274826,0.2616747181964573,1.0735373054213635,0.0939345142243693
117,21.128556092324207,1.3888888888888888,8.071658615136876,7.2933440687063875,13.077026301663983,10.138217928073,25.677670424047236,9.903381642512077,0.06038647342995169,1.8317230273752012,0.2616747181964573,1.0735373054213635,0.0939345142243693
118,21.07487922705314,1.3754696725711217,7.9106280193236715,7.179280730005368,12.432903918411165,10.198604401502953,25.13419216317767,11.312399355877616,0.08051529790660225,1.8853998926462694,0.24825550187869028,1.0735373054213635,0.0939345142243693
119,21.511003757380568,1.3620504562533549,7.863660762211487,7.1658615136876005,12.318840579710145,10.11808910359635,25.0402576489533,11.097691894793345,0.0939345142243693,1.865271068169619,0.35560923242082665,1.1137949543746646,0.0939345142243693
120,21.35668276972625,1.3620504562533549,8.299785292538916,6.689479334406871,14.741009125067096,9.688674181427805,23.483628556092324,10.84272678475577,0.0939345142243693,1.8518518518518519,0.4227053140096618,1.0735373054213635,0.0939345142243693
121,21.410359634997317,1.3620504562533549,8.467525496511003,6.488191089640365,14.828234031132581,9.863123993558776,23.2487922705314,10.829307568438002,0.06038647342995169,1.8317230273752012,0.4227053140096618,1.107085346215781,0.08051529790660225
122,21.40365002683843,1.3620504562533549,8.581588835212024,6.454643048845948,15.660225442834138,8.957326892109501,22.933440687063875,11.023886205045626,0.06038647342995169,1.8183038110574343,0.4227053140096618,1.2412775093934514,0.08051529790660225
123,18.9747718733226,1.3553408480944713,7.669082125603865,5.877616747181965,10.587761674718196,6.568706387546968,36.04401502952228,9.977187332259795,0.06038647342995169,1.442565754159957,0.39586688137412773,1.0131508319914118,0.03354804079441761
124,19.310252281266774,1.3352120236178207,7.581857219538379,5.8239398819108965,10.446859903381643,6.6760601180891035,35.48040794417606,10.185185185185185,0.12077294685990338,1.5230810520665594,0.39586688137412773,1.0601180891035964,0.06038647342995169
125,19.712828770799785,1.3352120236178207,7.648953301127214,5.730005367686527,10.560923242082662,6.689479334406871,35.09125067096082,10.111379495437467,0.12077294685990338,1.5096618357487923,0.39586688137412773,1.0332796564680622,0.06038647342995169
126,20.169082125603865,1.3352120236178207,7.595276435856146,5.730005367686527,10.473698336017177,6.843800322061192,34.72222222222222,9.923510466988727,0.0939345142243693,1.5029522275899088,0.39586688137412773,1.1540526033279657,0.06038647342995169
127,20.457595276435857,1.3352120236178207,7.7361782071927,5.615942028985507,10.379763821792807,7.118894256575416,34.19216317767042,9.681964573268921,0.0939345142243693,1.6639828234031133,0.5099302200751477,1.1540526033279657,0.06038647342995169
128,20.719269994632313,1.3352120236178207,7.7898550724637685,5.649490069779925,10.144927536231885,7.481213097155126,33.823134728931834,9.608158883521202,0.0939345142243693,1.6438539989264627,0.49651100375738055,1.1540526033279657,0.06038647342995169
129,21.22920021470746,1.3352120236178207,7.843531937734836,5.481749865807837,10.077831454643048,7.454374664519592,33.42055823939882,9.655126140633387,0.11406333870101985,1.7176596886741815,0.49651100375738055,1.1137949543746646,0.06038647342995169
130,21.443907675791735,1.3352120236178207,7.971014492753623,5.428073000536768,10.057702630166398,7.48792270531401,33.15888352120236,9.594739667203436,0.11406333870101985,1.737788513150832,0.49651100375738055,1.1137949543746646,0.06038647342995169
131,20.2361782071927,1.3016639828234031,7.675791733762749,7.48792270531401,9.836285560923242,7.454374664519592,33.42055823939882,9.024422973698336,0.10064412238325282,1.8250134192163177,0.49651100375738055,1.0802469135802468,0.06038647342995169
132,20.833333333333332,1.3016639828234031,7.635534084809447,7.440955448201825,9.762479871175524,7.675791733762749,32.8166935050993,8.883521202361782,0.10064412238325282,1.8250134192163177,0.5434782608695652,1.1205045625335481,0.06038647342995169
133,21.22920021470746,1.288244766505636,7.601986044015029,7.434245840042942,9.681964573268921,7.568438003220612,32.46779388083736,9.064680622651638,0.10064412238325282,1.8250134192163177,0.5300590445517982,1.1473429951690821,0.06038647342995169
134,20.665593129361245,1.288244766505636,7.481213097155126,7.27992485238862,9.333064949006978,7.575147611379496,34.31964573268921,8.494363929146537,0.10064412238325282,1.778046162104133,0.5300590445517982,1.093666129898014,0.06038647342995169
135,20.94068706387547,1.288244766505636,7.689210950080516,7.266505636070853,9.198872785829307,7.75630703166935,34.004294149221685,8.333333333333334,0.10064412238325282,1.7646269457863661,0.5166398282340311,1.0802469135802468,0.06038647342995169
136,21.24261943102523,1.288244766505636,7.716049382716049,7.085346215780999,9.158615136876007,7.722758990874933,33.863392377885134,8.407139023081053,0.10064412238325282,1.7914653784219001,0.5166398282340311,1.0735373054213635,0.03354804079441761
137,21.511003757380568,1.261406333870102,7.7898550724637685,6.910896403650026,9.111647879763822,7.749597423510467,33.60842726784756,8.393719806763285,0.10064412238325282,1.9457863660762211,0.5166398282340311,1.06682769726248,0.03354804079441761
138,21.054750402576488,1.261406333870102,6.910896403650026,6.863929146537842,8.903650026838433,7.6623725174449815,32.49463231347289,11.211755233494364,0.10064412238325282,1.9189479334406871,0.5166398282340311,1.06682769726248,0.03354804079441761
139,21.141975308641975,1.2546967257112185,6.857219538378959,6.857219538378959,8.917069243156199,7.830112721417069,32.27992485238862,11.198336017176597,0.10064412238325282,1.9189479334406871,0.5434782608695652,1.06682769726248,0.03354804079441761
140,21.235909822866343,1.2010198604401503,7.058507783145465,6.743156199677939,8.809715512614064,7.957595276435856,32.045088566827694,11.18491680085883,0.10064412238325282,1.9524959742351047,0.5703166935050993,1.107085346215781,0.03354804079441761
141,21.309715512614062,1.2010198604401503,7.179280730005368,6.541867954911433,8.80300590445518,8.132045088566828,30.857487922705314,12.151100375738057,0.10064412238325282,2.0128824476650564,0.5703166935050993,1.107085346215781,0.03354804079441761
142,21.692163177670423,1.1943102522812667,7.669082125603865,6.347289318303811,8.756038647342995,8.111916264090176,30.394524959742352,12.084004294149223,0.0939345142243693,2.006172839506173,0.5367686527106817,1.0802469135802468,0.03354804079441761
143,21.846484165324746,1.1943102522812667,7.763016639828234,6.333870101986044,8.709071390230811,8.132045088566828,30.059044551798173,12.171229200214707,0.0939345142243693,2.033011272141707,0.5233494363929146,1.107085346215781,0.03354804079441761
144,21.926999463231347,1.1808910359634996,7.930756843800322,6.3070316693505095,8.668813741277509,8.225979602791197,29.70343531937735,12.238325281803542,0.0939345142243693,2.0263016639828235,0.5568974771873323,1.107085346215781,0.03354804079441761
145,22.17525496511004,1.1674718196457328,8.044820182501342,6.447933440687064,8.57487922705314,8.219269994632313,29.24718196457327,12.31213097155126,0.0939345142243693,2.0263016639828235,0.5568974771873323,1.1003757380568975,0.03354804079441761
146,22.457058507783145,1.1540526033279657,7.944176060118089,6.387546967257112,8.467525496511003,8.185721953837897,29.05931293612453,12.486580783682234,0.0939345142243693,2.046430488459474,0.5568974771873323,1.1272141706924315,0.03354804079441761
147,22.879763821792807,1.1540526033279657,7.890499194847021,6.374127750939345,8.387010198604402,8.239398819108963,28.650026838432634,12.486580783682234,0.0939345142243693,2.0397208803005906,0.5904455179817498,1.1808910359634996,0.03354804079441761
148,22.685185185185187,1.1473429951690821,7.843531937734836,6.333870101986044,9.588030059044552,7.709339774557166,28.26086956521739,12.412775093934513,0.0939345142243693,2.01959205582394,0.6239935587761675,1.247987117552335,0.03354804079441761
149,22.799248523886206,1.133923778851315,8.11862587224906,6.427804616210413,9.473966720343531,7.682501341921632,27.965646806226516,12.332259796027913,0.17444981213097155,2.006172839506173,0.5837359098228664,1.2681159420289856,0.03354804079441761
150,23.121309715512613,1.0869565217391304,8.11862587224906,6.400966183574879,9.46725711218465,7.716049382716049,27.74422973698336,12.365807836822329,0.17444981213097155,1.9659151905528718,0.5636070853462157,1.2412775093934514,0.03354804079441761
151,23.389694041867955,1.0869565217391304,8.064949006977992,6.387546967257112,9.272678475577026,7.5348899624261945,27.556360708534623,12.486580783682234,0.1610305958132045,2.147074610842727,0.5636070853462157,1.3150831991411702,0.03354804079441761
152,22.993827160493826,1.0735373054213635,7.830112721417069,6.320450885668277,8.413848631239935,7.253086419753086,30.06575415995706,12.13768115942029,0.1610305958132045,2.059849704777241,0.5501878690284487,1.107085346215781,0.03354804079441761
153,23.309178743961354,1.0735373054213635,7.75630703166935,6.286902844873859,8.32662372517445,7.360440150295223,29.126409017713364,12.667740203972087,0.1610305958132045,2.1604938271604937,0.6374127750939346,1.1003757380568975,0.03354804079441761
154,23.443370907139023,1.0534084809447128,8.091787439613526,6.273483628556092,8.179012345679013,7.716049382716049,28.535963499731615,12.533548040794418,0.1610305958132045,2.1135265700483092,0.6374127750939346,1.2278582930756843,0.03354804079441761
155,23.013955984970476,1.0399892646269457,8.219269994632313,8.313204508856682,7.816693505099302,7.763016639828234,27.603327965646805,11.990069779924852,0.1610305958132045,2.2342995169082127,0.6374127750939346,1.1741814278046163,0.03354804079441761
156,23.362855609232422,1.0131508319914118,8.145464304884594,8.272946859903382,7.87037037037037,7.695920558239399,27.509393451422437,11.943102522812667,0.1610305958132045,2.214170692431562,0.6374127750939346,1.1406333870101986,0.03354804079441761
157,23.65136876006441,1.0131508319914118,8.319914117015566,8.13875469672571,7.830112721417069,7.803274288781535,27.220880300590444,11.768652710681696,0.1610305958132045,2.328234031132582,0.630703166935051,1.1003757380568975,0.03354804079441761
158,23.96672034353194,1.0131508319914118,8.494363929146537,8.105206655931294,7.702630166398282,7.75630703166935,26.94578636607622,11.75523349436393,0.1610305958132045,2.2946859903381642,0.630703166935051,1.1406333870101986,0.03354804079441761
159,24.27536231884058,1.0064412238325282,8.621846484165324,8.051529790660226,7.702630166398282,7.75630703166935,26.78475577026302,11.634460547504025,0.1610305958132045,2.24771873322598,0.6172839506172839,1.107085346215781,0.03354804079441761
160,24.54374664519592,1.0064412238325282,8.581588835212024,7.957595276435856,7.635534084809447,7.601986044015029,26.684111647879764,11.647879763821793,0.1610305958132045,2.4221685453569513,0.6172839506172839,1.107085346215781,0.03354804079441761
161,24.282071926999464,0.8051529790660226,8.447396672034353,9.333064949006978,7.575147611379496,7.514761137949543,26.227858293075684,11.520397208803006,0.1610305958132045,2.4221685453569513,0.5904455179817498,1.0869565217391304,0.03354804079441761
162,24.510198604401502,0.8051529790660226,8.474235104669887,9.27938808373591,7.5348899624261945,7.548309178743962,26.06682769726248,11.460010735373054,0.1610305958132045,2.4221685453569513,0.6172839506172839,1.0869565217391304,0.03354804079441761
163,24.751744498121308,0.8051529790660226,8.487654320987655,9.252549651100376,7.555018786902845,7.5281803542673105,25.865539452495973,11.466720343531938,0.1610305958132045,2.4154589371980677,0.5971551261406334,1.0802469135802468,0.03354804079441761
164,25.026838432635532,0.8051529790660226,8.400429414922169,9.27938808373591,7.5281803542673105,7.494632313472893,25.704508856682768,11.3593666129898,0.1610305958132045,2.5295222758990876,0.5971551261406334,1.0802469135802468,0.03354804079441761
165,25.335480407944175,0.7783145464304885,8.561460010735374,9.158615136876007,7.601986044015029,7.581857219538379,25.409286097691894,11.198336017176597,0.1610305958132045,2.5161030595813205,0.5971551261406334,1.0802469135802468,0.020128824476650563
166,25.45625335480408,0.7783145464304885,8.53462157809984,9.151905528717123,7.555018786902845,7.87037037037037,25.0,11.285560923242082,0.17444981213097155,2.5026838432635534,0.5971551261406334,1.0735373054213635,0.020128824476650563
167,25.771604938271604,0.7783145464304885,8.662104133118627,8.957326892109501,7.595276435856146,7.917337627482555,24.818840579710145,11.131239935587761,0.17444981213097155,2.5026838432635534,0.5837359098228664,1.0869565217391304,0.020128824476650563
168,26.080246913580247,0.7783145464304885,8.722490606548577,8.856682769726248,7.5281803542673105,7.87037037037037,24.718196457326894,11.097691894793345,0.17444981213097155,2.5026838432635534,0.5837359098228664,1.06682769726248,0.020128824476650563
169,25.758185721953836,0.7783145464304885,8.494363929146537,8.735909822866345,7.078636607622115,7.830112721417069,26.03327965646806,11.124530327428879,0.16774020397208803,2.4892646269457863,0.5434782608695652,0.9460547504025765,0.020128824476650563
170,25.764895330112722,0.7514761137949544,8.279656468062266,8.742619431025227,7.018250134192163,7.883789586688137,25.483091787439612,11.969940955448202,0.16774020397208803,2.4825550187869028,0.5434782608695652,0.8923778851315083,0.020128824476650563
171,25.87224906065486,0.7514761137949544,8.380300590445518,8.655394524959743,6.957863660762212,7.957595276435856,25.221417069243156,12.13768115942029,0.16774020397208803,2.509393451422437,0.5636070853462157,0.8051529790660226,0.020128824476650563
172,25.355609232420825,0.7514761137949544,8.279656468062266,10.856146001073537,6.260064412238325,7.6623725174449815,24.745034889962426,12.144390767579173,0.16774020397208803,2.4221685453569513,0.5568974771873323,0.7783145464304885,0.020128824476650563
173,25.469672571121848,0.7514761137949544,8.266237251744498,10.661567364465915,6.528448738593666,7.64224369296833,24.724906065485776,12.030327428878154,0.16774020397208803,2.4221685453569513,0.5501878690284487,0.7648953301127214,0.020128824476650563
174,25.53676865271068,0.7514761137949544,8.3467525496511,10.540794417606012,6.696188942565755,7.803274288781535,24.329039184111647,11.98336017176597,0.16774020397208803,2.4825550187869028,0.5770263016639828,0.7648953301127214,0.020128824476650563
175,26.019860440150296,0.7447665056360708,8.373590982286634,10.446859903381643,6.642512077294686,8.05823939881911,23.752012882447666,11.976650563607086,0.16774020397208803,2.4691358024691357,0.5770263016639828,0.7514761137949544,0.020128824476650563
176,26.341921631776703,0.7112184648416533,8.333333333333334,10.312667740203972,6.769994632313473,7.971014492753623,23.382984433709073,12.164519592055823,0.16774020397208803,2.4825550187869028,0.6038647342995169,0.7380568974771873,0.020128824476650563
177,26.234567901234566,0.7112184648416533,8.293075684380032,9.292807300053678,6.454643048845948,7.997852925389157,25.09393451422437,11.990069779924852,0.16774020397208803,2.328234031132582,0.630703166935051,0.785024154589372,0.020128824476650563
178,26.549919484702095,0.6575415995705851,8.387010198604402,9.333064949006978,6.488191089640365,7.950885668276973,24.818840579710145,11.902844873859367,0.16774020397208803,2.3081052066559313,0.630703166935051,0.785024154589372,0.020128824476650563
179,26.52308105206656,0.644122383252818,8.474235104669887,9.064680622651638,6.427804616210413,8.011272141706923,25.167740203972087,11.922973698336017,0.16774020397208803,2.2074610842726785,0.5837359098228664,0.785024154589372,0.020128824476650563
