,45,50,55,52,54,53,57,51,56,59,58
0,99.85238862050456,0.14761137949543746,,,,,,,,,
1,89.85507246376811,10.144927536231885,,,,,,,,,
2,89.31830381105743,10.681696188942565,,,,,,,,,
3,89.14385399892646,10.856146001073537,,,,,,,,,
4,84.58132045088567,15.297906602254429,0.12077294685990338,,,,,,,,
5,83.79629629629629,13.22463768115942,0.12077294685990338,2.737520128824477,0.12077294685990338,,,,,,
6,83.82984433709072,13.191089640365004,0.12077294685990338,2.737520128824477,0.12077294685990338,,,,,,
7,81.87734836285561,15.157004830917874,0.12077294685990338,2.7241009125067097,0.12077294685990338,,,,,,
8,77.98577563070317,19.048577563070317,0.12077294685990338,2.7241009125067097,0.12077294685990338,,,,,,
9,78.00590445517982,19.028448738593667,0.12077294685990338,2.7241009125067097,0.12077294685990338,,,,,,
10,76.31508319914117,20.2361782071927,0.12077294685990338,2.6502952227589907,0.12077294685990338,0.4830917874396135,0.07380568974771873,,,,
11,73.91304347826087,22.564412238325282,0.2549651100375738,2.589908749329039,0.12077294685990338,0.4830917874396135,0.07380568974771873,,,,
12,73.69162640901772,21.484165324745035,0.2281266774020397,3.9184111647879765,0.12077294685990338,0.4830917874396135,0.07380568974771873,,,,
13,73.38969404186795,21.24261943102523,0.2281266774020397,4.3478260869565215,0.23483628556092323,0.4830917874396135,0.07380568974771873,,,,
14,54.629629629629626,38.34541062801932,0.2281266774020397,2.5831991411701556,3.421900161030596,0.5971551261406334,0.19457863660762212,,,,
15,54.58266237251745,37.526838432635536,0.8454106280193237,2.4490069779924855,3.421900161030596,0.5971551261406334,0.1878690284487386,0.24825550187869028,0.14090177133655393,,
16,53.54938271604938,35.98362855609233,1.7310789049919484,2.1806226516371443,3.4688674181427803,0.5971551261406334,0.1878690284487386,2.1604938271604937,0.14090177133655393,,
17,51.51637144390767,38.258185721953836,1.6639828234031133,2.1806226516371443,3.4688674181427803,0.8521202361782072,0.1878690284487386,1.7310789049919484,0.14090177133655393,,
18,51.489533011272144,38.32528180354267,1.6639828234031133,2.1806226516371443,3.4420289855072466,0.8521202361782072,0.1878690284487386,1.7176596886741815,0.14090177133655393,,
19,47.034353193773484,32.56843800322061,0.8588298443370908,2.0799785292538915,3.4420289855072466,0.9393451422436929,0.1878690284487386,12.74825550187869,0.14090177133655393,,
20,47.24235104669887,32.27992485238862,0.8588298443370908,2.0799785292538915,3.4420289855072466,1.0534084809447128,0.1878690284487386,12.714707461084272,0.14090177133655393,,
21,44.73966720343532,35.218733225979605,0.8588298443370908,2.0799785292538915,3.4420289855072466,1.0534084809447128,0.1878690284487386,12.278582930756844,0.14090177133655393,,
22,36.922973698336016,43.13607085346216,0.8319914117015567,2.0799785292538915,3.3011272141706924,1.0534084809447128,0.1878690284487386,12.144390767579173,0.3421900161030596,,
23,37.30542136339238,42.01556629092861,0.8319914117015567,2.8247450348899625,3.3480944712828773,1.0534084809447128,0.1878690284487386,12.090713902308105,0.3421900161030596,,
24,32.098765432098766,45.06843800322061,1.1003757380568975,2.7844873859366612,3.502415458937198,1.4559849704777241,0.1610305958132045,13.486312399355878,0.3421900161030596,,
25,30.018786902844873,47.87976382179281,1.3888888888888888,2.717391304347826,3.5225442834138487,1.3486312399355878,0.2281266774020397,12.553676865271068,0.3421900161030596,,
26,29.844337090713903,47.987117552334944,1.4694041867954912,2.717391304347826,3.5225442834138487,1.3486312399355878,0.2281266774020397,12.5402576489533,0.3421900161030596,,
27,26.20101986044015,52.53623188405797,1.415727321524423,1.8384326355340848,3.408480944712829,1.3486312399355878,0.2281266774020397,12.533548040794418,0.48980139559849706,,
28,25.087224906065487,49.664519592055825,1.5297906602254427,,3.4017713365539453,1.1473429951690821,,18.90096618357488,0.2683843263553409,,
29,24.65780998389694,48.55072463768116,2.898550724637681,,3.3950617283950617,1.1473429951690821,,19.082125603864736,0.2683843263553409,,
30,24.282071926999464,48.03408480944713,3.0193236714975846,,3.3950617283950617,1.1473429951690821,,19.85373054213634,0.2683843263553409,,
31,23.899624261943103,47.316156736446594,2.804616210413312,,3.2541599570585076,1.133923778851315,,21.00107353730542,0.5904455179817498,,
32,23.980139559849704,46.18894256575416,2.804616210413312,,3.207192699946323,2.3550724637681157,,20.77294685990338,0.6910896403650026,,
33,20.497852925389157,46.866612989801396,2.9052603327965647,,3.3145464304884595,5.166398282340311,,20.558239398819108,0.6910896403650026,,
34,20.242887815351583,47.054482018250134,3.0327428878153517,,3.3145464304884595,5.152979066022544,,20.511272141706925,0.6910896403650026,,
35,20.699141170155663,46.41035963499731,3.2742887815351582,,3.3145464304884595,5.260332796564681,,20.35024154589372,0.6910896403650026,,
36,20.73268921095008,45.90713902308105,3.2742887815351582,,3.2675791733762747,5.803811057434245,,20.343531937734838,0.6709608158883521,,
37,20.967525496511005,41.83440687063875,3.388352120236178,3.770799785292539,3.2675791733762747,5.642780461621041,0.17444981213097155,20.283145464304884,0.6709608158883521,,
38,21.162104133118625,41.599570585077835,3.502415458937198,3.743961352657005,3.227321524422974,5.642780461621041,0.17444981213097155,20.283145464304884,0.6642512077294686,,
39,21.423778851315085,40.995705850778315,3.616478797638218,3.743961352657005,3.5292538915727323,5.642780461621041,0.17444981213097155,20.081857219538378,0.7917337627482555,,
40,21.162104133118625,39.21765968867418,3.978797638217928,3.743961352657005,4.086151368760064,7.152442297369833,0.17444981213097155,19.45115405260333,1.0332796564680622,,
41,19.008319914117017,40.31803542673108,4.17337627482555,3.2877079978529253,4.374664519592056,7.051798174986581,0.12077294685990338,20.263016639828233,1.2949543746645196,0.10735373054213634,
42,18.88083735909823,39.94900697799248,4.388083735909823,3.140096618357488,4.374664519592056,6.998121309715513,0.12077294685990338,20.598497047772412,1.442565754159957,0.10735373054213634,
43,18.357487922705314,38.31186258722491,4.274020397208803,3.5829307568438002,4.274020397208803,7.4006977992485234,0.12077294685990338,22.249060654857757,1.3217928073000538,0.10735373054213634,
44,18.63929146537842,38.2313472893183,4.274020397208803,3.455448201825013,4.274020397208803,7.4006977992485234,0.12077294685990338,21.886741814278047,1.6103059581320451,0.10735373054213634,
45,17.49194847020934,33.15217391304348,3.824476650563607,5.763553408480945,3.549382716049383,11.533816425120772,0.16774020397208803,22.82608695652174,1.583467525496511,0.10735373054213634,
46,17.659688674181428,32.078636607622116,3.7104133118625873,5.743424584004294,3.535963499731616,14.392109500805153,0.16774020397208803,21.021202361782073,1.583467525496511,0.10735373054213634,
47,17.827428878153516,32.01154052603328,3.69699409554482,5.730005367686527,3.535963499731616,14.486044015029522,0.16774020397208803,20.725979602791195,1.710950080515298,0.10735373054213634,
48,17.85426731078905,31.76328502415459,4.17337627482555,5.676328502415459,3.046162104133119,14.969135802469136,0.16774020397208803,20.645464304884594,1.596886741814278,0.10735373054213634,
49,17.914653784219002,31.266774020397207,4.53569511540526,7.058507783145465,3.435319377348363,13.378958668813741,0.16774020397208803,20.538110574342458,1.596886741814278,0.10735373054213634,
50,17.834138486312398,30.293880837359097,3.7909286097691894,7.0383789586688135,3.113258185721954,13.45276435856146,0.16774020397208803,22.19538378958669,2.006172839506173,0.10735373054213634,
51,18.08239398819109,30.173107890499196,4.280730005367687,7.024959742351046,3.099838969404187,13.43263553408481,0.16774020397208803,21.531132581857218,2.100107353730542,0.10735373054213634,
52,18.136070853462158,30.20665593129361,4.159957058507783,6.944444444444445,3.5225442834138487,13.352120236178207,0.16774020397208803,21.30300590445518,2.100107353730542,0.10735373054213634,
53,17.746913580246915,29.32769726247987,4.045893719806763,8.829844337090714,3.5829307568438002,13.345410628019323,0.1274825550187869,20.719269994632313,2.167203435319377,0.10735373054213634,
54,17.800590445517983,29.314278046162105,3.9049919484702094,8.829844337090714,3.5829307568438002,13.506441223832528,0.1274825550187869,20.665593129361245,2.1604938271604937,0.10735373054213634,
55,17.921363392377884,28.978797638217927,4.1129898013955986,8.776167471819646,3.6768652710681695,13.345410628019323,0.1274825550187869,20.591787439613526,2.3617820719269993,0.10735373054213634,
56,18.189747718733226,28.878153515834676,3.9452495974235107,8.890230810520666,3.589640365002684,13.311862587224907,0.1274825550187869,20.39049919484702,2.408749329039184,0.10735373054213634,0.1610305958132045
57,18.49838969404187,27.388620504562535,4.448470209339774,8.890230810520666,3.5628019323671496,13.533279656468062,0.1274825550187869,20.90042941492217,2.38191089640365,0.10735373054213634,0.1610305958132045
58,18.572195383789587,27.4020397208803,4.562533548040794,8.883521202361782,3.549382716049383,13.33870101986044,0.11406333870101985,20.699141170155663,2.4892646269457863,0.10735373054213634,0.28180354267310787
59,18.438003220611915,27.388620504562535,4.528985507246377,8.729200214707461,3.549382716049383,13.16425120772947,0.11406333870101985,21.20907139023081,2.4892646269457863,0.10735373054213634,0.28180354267310787
60,18.256843800322063,26.01315083199141,4.51556629092861,8.621846484165324,4.032474503488996,13.16425120772947,0.17444981213097155,22.403381642512077,2.428878153515835,0.10735373054213634,0.28180354267310787
61,18.813741277509394,25.738056897477186,4.320987654320987,8.749329039184111,4.019055287171229,13.063607085346217,0.17444981213097155,22.31615673644659,2.4154589371980677,0.10735373054213634,0.28180354267310787
62,19.16935050993022,25.664251207729468,4.361245303274289,8.621846484165324,4.0995705850778315,13.036768652710682,0.17444981213097155,22.14170692431562,2.341653247450349,0.10735373054213634,0.28180354267310787
63,19.209608158883523,25.543478260869566,4.361245303274289,8.621846484165324,4.240472356414386,13.036768652710682,0.17444981213097155,22.08132045088567,2.341653247450349,0.10735373054213634,0.28180354267310787
64,19.0552871712292,24.00697799248524,4.38137412775094,11.75523349436393,4.441760601180891,11.829039184111648,0.14761137949543746,22.000805152979066,2.1739130434782608,0.10735373054213634,0.10064412238325282
65,19.14922168545357,23.95330112721417,4.49543746645196,11.688137412775093,4.428341384863124,11.943102522812667,0.14761137949543746,21.672034353193773,2.314814814814815,0.10735373054213634,0.10064412238325282
66,18.739935587761675,23.389694041867955,4.602791196994096,11.466720343531938,4.428341384863124,13.318572195383789,0.14761137949543746,21.39694041867955,2.301395598497048,0.10735373054213634,0.10064412238325282
67,19.209608158883523,23.19511540526033,4.562533548040794,11.3191089640365,4.49543746645196,13.170960815888352,0.14761137949543746,21.108427267847556,2.5831991411701556,0.10735373054213634,0.10064412238325282
68,19.102254428341386,23.564143853998928,4.562533548040794,11.3191089640365,4.461889425657541,13.01663982823403,0.14761137949543746,20.947396672034355,2.6704240472356413,0.10735373054213634,0.10064412238325282
69,18.746645195920557,23.09447128287708,4.958400429414922,11.258722490606548,6.152710681696189,12.99651100375738,0.14761137949543746,19.920826623725173,2.5161030595813205,0.10735373054213634,0.10064412238325282
70,19.028448738593667,22.953569511540525,4.944981213097155,11.225174449812132,6.146001073537305,12.93612453032743,0.14761137949543746,19.89398819108964,2.5161030595813205,0.10735373054213634,0.10064412238325282
71,17.270531400966185,21.07487922705314,4.374664519592056,14.9020397208803,5.797101449275362,13.050187869028449,0.14761137949543746,20.658883521202362,2.5161030595813205,0.10735373054213634,0.10064412238325282
72,17.398013955984972,21.048040794417606,4.374664519592056,15.35829307568438,5.904455179817498,12.674449812130971,0.14761137949543746,20.511272141706925,2.3752012882447664,0.10735373054213634,0.10064412238325282
73,17.424852388620504,20.994363929146537,4.367954911433173,15.257648953301127,5.132850241545894,12.13768115942029,0.14761137949543746,21.920289855072465,2.5161030595813205,,0.10064412238325282
74,17.478529253891573,20.182501341921633,4.186795491143317,16.264090177133657,5.199946323134729,12.110842726784755,0.14761137949543746,21.71900161030596,2.61003757380569,,0.10064412238325282
75,17.834138486312398,20.142243692968332,4.186795491143317,16.203703703703702,5.199946323134729,12.110842726784755,0.14761137949543746,21.490874932903917,2.5831991411701556,,0.10064412238325282
76,17.921363392377884,19.672571121846484,4.62962962962963,16.11647879763822,5.132850241545894,12.144390767579173,0.30864197530864196,21.390230810520666,2.5831991411701556,,0.10064412238325282
77,17.310789049919485,19.598765432098766,4.622920021470746,15.841384863123993,5.119431025228127,11.916264090177133,0.2616747181964573,22.63150831991412,2.6167471819645733,,0.08051529790660225
78,17.632850241545892,19.51154052603328,4.616210413311863,15.747450348899624,5.119431025228127,11.829039184111648,0.4092860976918948,22.436929683306495,2.6167471819645733,,0.08051529790660225
79,16.841116478797638,18.686258722490606,4.703435319377348,15.754159957058508,4.931561996779388,11.829039184111648,0.4092860976918948,24.14787976382179,2.6167471819645733,,0.08051529790660225
80,16.881374127750938,18.552066559312937,4.609500805152979,16.666666666666668,5.0791733762748255,10.869565217391305,0.4092860976918948,24.255233494363928,2.5966183574879227,,0.08051529790660225
81,16.901502952227588,18.015297906602253,5.132850241545894,16.659957058507782,5.072463768115942,10.869565217391305,0.4092860976918948,24.261943102522814,2.5966183574879227,,0.08051529790660225
82,17.236983360171767,17.934782608695652,5.0993022007514766,16.606280193236714,5.065754159957058,10.809178743961352,0.4092860976918948,24.16129898013956,2.5966183574879227,,0.08051529790660225
83,17.438271604938272,17.800590445517983,5.072463768115942,16.57944176060118,5.072463768115942,10.809178743961352,0.4092860976918948,24.020397208803004,2.717391304347826,,0.08051529790660225
84,17.639559849704778,17.62614063338701,5.132850241545894,16.525764895330113,5.059044551798175,10.789049919484702,0.4092860976918948,24.020397208803004,2.717391304347826,,0.08051529790660225
85,17.92807300053677,17.56575415995706,5.159688674181428,16.512345679012345,5.005367686527107,10.674986580783683,0.4092860976918948,23.95330112721417,2.7106816961889426,,0.08051529790660225
86,18.075684380032207,17.54562533548041,5.152979066022544,16.472088030059044,4.958400429414922,10.668276972624799,0.4092860976918948,23.926462694578635,2.7106816961889426,,0.08051529790660225
87,18.06226516371444,17.183306494900698,5.2066559312936125,16.35131508319914,4.958400429414922,10.413311862587225,0.4092860976918948,24.530327428878152,2.804616210413312,,0.08051529790660225
88,18.230005367686527,16.908212560386474,5.213365539452496,16.31105743424584,5.528717122920021,10.238862050456254,0.32877079978529256,24.308910359634996,2.8515834675254963,,0.08051529790660225
89,18.585614600107355,16.894793344068706,5.448201825013419,16.33118625872249,5.448201825013419,10.198604401502953,0.32877079978529256,23.946591519055286,2.737520128824477,,0.08051529790660225
90,18.230005367686527,16.022544283413847,5.193236714975845,16.59957058507783,5.340848094471283,10.292538915727322,0.32877079978529256,25.308641975308642,2.6033279656468062,,0.08051529790660225
91,18.270263016639827,16.015834675254965,5.132850241545894,16.505636070853463,5.535426731078905,10.279119699409554,0.32877079978529256,25.275093934514224,2.576489533011272,,0.08051529790660225
92,16.82769726247987,15.076489533011273,5.22007514761138,18.894256575415994,5.522007514761138,10.272410091250672,0.32877079978529256,25.10064412238325,2.677133655394525,,0.08051529790660225
93,16.820987654320987,14.9020397208803,6.3137412775093935,18.00187869028449,5.636070853462158,10.319377348362856,0.32877079978529256,24.805421363392377,2.791196994095545,,0.08051529790660225
94,16.814278046162105,14.680622651637144,6.427804616210413,18.42458400429415,5.46833064949007,10.466988727858293,0.32877079978529256,24.55716586151369,2.7509393451422435,,0.08051529790660225
95,17.042404723564143,14.345142243692969,6.427804616210413,18.370907139023082,5.9447128287707995,10.359634997316157,0.32877079978529256,24.362587224906065,2.737520128824477,,0.08051529790660225
96,17.19001610305958,14.170692431561998,6.421095008051529,18.203166935050994,6.119162640901771,10.473698336017177,0.32877079978529256,24.322329575952764,2.690552871712292,,0.08051529790660225
97,17.277241009125067,14.15727321524423,6.407675791733762,18.136070853462158,6.105743424584004,10.621309715512615,0.32877079978529256,24.194847020933977,2.690552871712292,,0.08051529790660225
98,16.700214707461082,16.659957058507782,5.6964573268921095,17.860976918947934,6.025228126677402,9.91009125067096,0.30864197530864196,24.08078368223296,2.677133655394525,,0.08051529790660225
99,16.478797638217927,16.170155662909288,5.5689747718733225,17.082662372517444,5.917874396135265,10.144927536231885,0.30864197530864196,25.5703166935051,2.677133655394525,,0.08051529790660225
100,11.037305421363392,42.975040257648956,4.448470209339774,9.024422973698336,3.8848631239935587,8.380300590445518,0.19457863660762212,17.995169082125603,2.0531400966183573,,0.0067096081588835215
101,11.18491680085883,40.92860976918948,4.723564143853999,8.863392377885132,3.9989264626945786,10.124798711755233,0.1274825550187869,17.98845947396672,2.0531400966183573,,0.0067096081588835215
102,10.554213633923778,40.13687600644123,5.173107890499195,8.433977455716587,3.9855072463768115,9.64170692431562,0.1274825550187869,20.04830917874396,1.892109500805153,,0.0067096081588835215
103,10.93666129898014,39.64707461084273,5.280461621041331,9.695383789586689,4.072732152442297,9.601449275362318,0.08722490606548577,18.780193236714975,1.892109500805153,,0.0067096081588835215
104,11.178207192699947,39.55314009661836,5.280461621041331,9.695383789586689,4.072732152442297,9.601449275362318,0.08722490606548577,18.65271068169619,1.8719806763285025,,0.0067096081588835215
105,11.312399355877616,39.2914653784219,5.508588298443371,9.594739667203436,4.072732152442297,9.601449275362318,0.08722490606548577,18.65271068169619,1.8719806763285025,,0.0067096081588835215
106,11.540526033279656,37.78180354267311,5.71658615136876,10.86285560923242,4.126409017713366,9.386741814278047,0.08722490606548577,18.310520665593128,2.1806226516371443,,0.0067096081588835215
107,11.882716049382717,37.493290391841114,5.891035963499732,10.82259796027912,4.126409017713366,9.380032206119163,0.08722490606548577,18.129361245303276,2.1806226516371443,,0.0067096081588835215
108,12.084004294149223,36.99677938808374,6.219806763285024,10.534084809447128,4.334406870638754,9.366612989801396,0.36231884057971014,17.914653784219002,2.1806226516371443,,0.0067096081588835215
109,12.614063338701019,36.71497584541063,6.253354804079442,10.628019323671497,4.280730005367687,9.219001610305957,0.36231884057971014,17.827428878153516,2.0933977455716586,,0.0067096081588835215
110,12.52012882447665,35.7085346215781,7.581857219538379,10.607890499194847,4.327697262479871,9.219001610305957,0.30864197530864196,17.62614063338701,2.0933977455716586,,0.0067096081588835215
111,12.775093934514224,35.607890499194845,7.769726247987117,10.86285560923242,4.2270531400966185,9.104938271604938,0.3488996242619431,17.277241009125067,2.01959205582394,,0.0067096081588835215
112,12.815351583467525,35.35292538915727,7.50805152979066,11.81561996779388,4.17337627482555,8.82313472893183,0.20128824476650564,17.20343531937735,2.100107353730542,,0.0067096081588835215
113,12.305421363392378,31.78341384863124,7.313472893183038,10.111379495437467,4.51556629092861,8.387010198604402,0.20128824476650564,23.450080515297905,1.932367149758454,,
114,12.446323134728932,31.716317767042405,7.474503488996243,10.064412238325282,4.488727858293076,8.279656468062266,0.20128824476650564,23.409822866344605,1.9189479334406871,,
115,11.936392914653783,32.78314546430489,8.11862587224906,10.044283413848632,4.468599033816425,7.917337627482555,0.20128824476650564,22.758990874932906,1.7713365539452497,,
116,12.030327428878154,32.29334406870639,8.568169618894256,9.997316156736447,4.468599033816425,7.917337627482555,0.20128824476650564,22.758990874932906,1.7646269457863661,,
117,12.345679012345679,32.058507783145465,8.407139023081053,9.997316156736447,4.703435319377348,7.816693505099302,0.20128824476650564,22.5577026301664,1.9122383252818036,,
118,12.526838432635534,31.97128287707998,8.407139023081053,9.98389694041868,4.703435319377348,7.803274288781535,0.20128824476650564,22.490606548577563,1.9122383252818036,,
119,12.795222758990874,31.5955448201825,8.400429414922169,9.648416532474503,5.246913580246914,7.796564680622652,0.20128824476650564,22.289318303811058,2.0263016639828235,,
120,12.889157273215245,28.804347826086957,7.682501341921632,9.54777241009125,8.84326355340848,7.6556629092860975,0.20128824476650564,22.289318303811058,2.0263016639828235,,0.06038647342995169
121,13.050187869028449,28.650026838432634,7.7898550724637685,9.514224369296834,8.84326355340848,7.6556629092860975,0.20128824476650564,22.208803005904453,2.0263016639828235,,0.06038647342995169
122,13.197799248523886,28.502415458937197,7.769726247987117,9.561191626409018,8.84326355340848,7.6556629092860975,0.20128824476650564,22.108158883521202,2.100107353730542,,0.06038647342995169
123,13.365539452495975,27.9723564143854,8.266237251744498,9.561191626409018,8.695652173913043,7.595276435856146,0.20128824476650564,22.020933977455716,2.2611379495437465,,0.06038647342995169
124,13.7211486849168,27.831454643048847,8.467525496511003,9.480676328502415,8.581588835212024,7.514761137949543,0.2885131508319914,21.866612989801396,2.187332259796028,,0.06038647342995169
125,13.6808910359635,24.798711755233494,8.621846484165324,9.440418679549115,7.326892109500805,11.922973698336017,0.20128824476650564,21.732420826623724,2.26784755770263,,0.0067096081588835215
126,13.942565754159958,24.60413311862587,8.440687063875469,9.440418679549115,7.447665056360709,11.996779388083736,0.20128824476650564,21.511003757380568,2.408749329039184,,0.0067096081588835215
127,14.338432635534085,24.376006441223833,8.709071390230811,9.400161030595813,7.440955448201825,12.010198604401502,0.20128824476650564,21.16881374127751,2.3483628556092326,,0.0067096081588835215
128,14.284755770263017,24.27536231884058,8.467525496511003,9.333064949006978,7.48792270531401,12.493290391841116,0.20128824476650564,21.101717659688674,2.3483628556092326,,0.0067096081588835215
129,14.55984970477724,23.691626409017715,9.25925925925926,9.23913043478261,7.320182501341922,12.338969404186795,0.24825550187869028,20.987654320987655,2.3483628556092326,,0.0067096081588835215
130,13.103864734299517,26.583467525496513,9.4873859366613,8.293075684380032,7.286634460547504,12.151100375738057,0.24825550187869028,20.50456253354804,2.3349436392914655,,0.0067096081588835215
131,13.097155126140633,26.247987117552334,9.91009125067096,8.252818035426731,7.27992485238862,12.151100375738057,0.24825550187869028,20.35024154589372,2.4557165861513686,,0.0067096081588835215
132,13.238056897477188,26.154052603327965,9.936929683306495,8.373590982286634,7.273215244229737,12.124261943102523,0.1878690284487386,20.1959205582394,2.509393451422437,,0.0067096081588835215
133,13.271604938271604,24.953032742887814,9.594739667203436,8.259527643585615,7.333601717659689,13.83521202361782,0.1878690284487386,20.04830917874396,2.509393451422437,,0.0067096081588835215
134,13.352120236178207,24.852388620504563,9.514224369296834,8.246108427267847,7.481213097155126,13.801663982823403,0.1878690284487386,20.001341921631777,2.5563607085346214,,0.0067096081588835215
135,13.466183574879228,24.671229200214707,9.702093397745571,8.440687063875469,7.796564680622652,13.365539452495975,0.1878690284487386,19.83360171765969,2.5295222758990876,,0.0067096081588835215
136,13.761406333870102,24.496779388083738,9.634997316156737,8.917069243156199,7.608695652173913,13.197799248523886,0.18115942028985507,19.578636607622116,2.6167471819645733,,0.0067096081588835215
137,13.781535158346752,24.402844873859365,9.722222222222221,9.037842190016104,7.749597423510467,13.16425120772947,0.18115942028985507,19.390767579173378,2.563070316693505,,0.0067096081588835215
138,14.096886741814279,24.255233494363928,9.829575952764358,8.917069243156199,7.702630166398282,13.123993558776167,0.18115942028985507,19.32367149758454,2.563070316693505,,0.0067096081588835215
139,14.31159420289855,24.241814278046164,9.742351046698873,9.017713365539452,7.595276435856146,13.077026301663983,0.18115942028985507,19.276704240472355,2.5496511003757383,,0.0067096081588835215
140,14.553140096618357,24.208266237251745,9.722222222222221,8.890230810520666,7.648953301127214,13.030059044551798,0.18115942028985507,19.142512077294686,2.6167471819645733,,0.0067096081588835215
141,14.861782071927,23.993558776167472,9.634997316156737,8.856682769726248,7.595276435856146,13.271604938271604,0.16774020397208803,18.90096618357488,2.7106816961889426,,0.0067096081588835215
142,15.03623188405797,23.70504562533548,9.588030059044552,9.178743961352657,7.588566827697263,13.137412775093935,0.16774020397208803,18.760064412238325,2.831454643048846,,0.0067096081588835215
143,14.99597423510467,23.49033816425121,9.802737520128824,9.131776704240472,7.87037037037037,12.99651100375738,0.16774020397208803,18.61916264090177,2.7979066022544283,,0.1274825550187869
144,14.781266774020397,23.329307568438004,9.588030059044552,8.621846484165324,7.830112721417069,12.869028448738593,0.16774020397208803,19.89398819108964,2.7308105206655933,0.06038647342995169,0.1274825550187869
145,15.03623188405797,23.15485775630703,9.648416532474503,8.541331186258722,7.749597423510467,12.775093934514224,0.1610305958132045,19.753086419753085,2.9924852388620504,0.06038647342995169,0.1274825550187869
146,15.28448738593666,22.873054213633925,9.809447128287708,8.507783145464305,7.749597423510467,12.721417069243156,0.1610305958132045,19.753086419753085,2.952227589908749,0.06038647342995169,0.1274825550187869
147,15.318035426731079,22.65834675254965,9.621578099838969,8.387010198604402,8.930488459473967,11.956521739130435,0.27509393451422437,19.618894256575416,2.952227589908749,0.06038647342995169,0.2214170692431562
148,15.526033279656469,22.36983360171766,9.541062801932368,8.548040794417606,8.702361782071927,12.553676865271068,0.27509393451422437,19.129092860976918,2.9388083735909825,0.06038647342995169,0.35560923242082665
149,16.022544283413847,22.24235104669887,9.41358024691358,8.380300590445518,8.635265700483092,12.546967257112184,0.2616747181964573,19.008319914117017,3.0730005367686526,0.06038647342995169,0.35560923242082665
150,13.747987117552334,22.041062801932366,8.675523349436393,7.957595276435856,6.293612453032743,11.225174449812132,0.16774020397208803,27.18733225979603,2.1269457863660763,0.06038647342995169,0.5166398282340311
151,13.969404186795492,21.93370907139023,8.729200214707461,7.930756843800322,6.239935587761675,11.124530327428879,0.23483628556092323,27.140365002683843,2.1269457863660763,0.06038647342995169,0.5099302200751477
152,13.231347289318304,21.296296296296298,8.051529790660226,7.809983896940419,6.125872249060655,10.889694041867955,0.23483628556092323,29.663177670424048,2.1269457863660763,0.06038647342995169,0.5099302200751477
153,13.533279656468062,21.115136876006442,8.031400966183575,7.796564680622652,6.052066559312936,10.86285560923242,0.32877079978529256,29.582662372517444,2.1269457863660763,0.06038647342995169,0.5099302200751477
154,13.479602791196994,19.806763285024154,7.9106280193236715,7.7898550724637685,6.139291465378422,12.533548040794418,0.32877079978529256,29.320987654320987,2.120236178207193,0.06038647342995169,0.5099302200751477
155,13.539989264626946,19.766505636070853,8.145464304884594,7.635534084809447,6.139291465378422,12.681159420289855,0.32877079978529256,29.13311862587225,2.120236178207193,0.06038647342995169,0.4495437466451959
156,13.902308105206655,19.712828770799785,8.467525496511003,7.581857219538379,5.971551261406334,12.721417069243156,0.32877079978529256,28.683574879227052,2.120236178207193,0.06038647342995169,0.4495437466451959
157,14.103596349973161,19.524959742351047,8.695652173913043,7.555018786902845,5.9514224369296835,12.781803542673108,0.32877079978529256,28.455448201825014,2.0933977455716586,0.06038647342995169,0.4495437466451959
158,14.479334406870638,19.229736983360173,8.474235104669887,7.98443370907139,6.025228126677402,12.781803542673108,0.32877079978529256,28.187063875469672,1.9994632313472893,0.06038647342995169,0.4495437466451959
159,14.573268921095009,19.202898550724637,8.460815888352121,8.004562533548041,6.011808910359635,12.74825550187869,0.32877079978529256,27.9723564143854,2.187332259796028,0.06038647342995169,0.4495437466451959
160,14.620236178207193,17.901234567901234,8.004562533548041,8.004562533548041,5.9514224369296835,14.814814814814815,0.30864197530864196,27.603327965646805,2.2946859903381642,0.06038647342995169,0.43612453032742887
161,14.969135802469136,17.827428878153516,8.004562533548041,7.991143317230274,5.938003220611916,14.774557165861514,0.30864197530864196,27.395330112721417,2.2946859903381642,0.06038647342995169,0.43612453032742887
162,15.230810520665592,17.60601180891036,8.192431561996779,7.991143317230274,5.8239398819108965,14.741009125067096,0.30864197530864196,27.314814814814813,2.2946859903381642,0.06038647342995169,0.43612453032742887
163,15.08990874932904,17.45169082125604,8.152173913043478,7.353730542136339,5.8239398819108965,14.727589908749328,0.30864197530864196,28.10654857756307,2.4892646269457863,0.06038647342995169,0.43612453032742887
164,15.485775630703166,17.163177670424048,8.09849704777241,7.266505636070853,5.662909286097692,15.042941492216855,0.2885131508319914,28.005904455179817,2.4892646269457863,0.06038647342995169,0.43612453032742887
165,15.411969940955448,16.304347826086957,7.763016639828234,8.890230810520666,5.595813204508857,14.861782071927,0.2885131508319914,27.750939345142243,2.636876006441224,0.06038647342995169,0.43612453032742887
166,15.687063875469672,16.243961352657006,7.722758990874933,8.890230810520666,5.5756843800322065,14.828234031132581,0.2885131508319914,27.657004830917874,2.61003757380569,0.06038647342995169,0.43612453032742887
167,15.693773483628556,16.1231884057971,7.675791733762749,9.078099838969404,5.5689747718733225,14.506172839506172,0.2885131508319914,28.005904455179817,2.563070316693505,0.06038647342995169,0.43612453032742887
168,16.19699409554482,16.035963499731615,7.628824476650563,8.997584541062801,6.300322061191626,14.459205582393988,0.2885131508319914,27.375201288244767,2.2208803005904456,0.06038647342995169,0.43612453032742887
169,16.411701556629094,16.035963499731615,7.608695652173913,8.997584541062801,6.387546967257112,14.418947933440688,0.2885131508319914,27.160493827160494,2.1940418679549114,0.06038647342995169,0.43612453032742887
170,16.67337627482555,15.827965646806227,7.897208803005904,8.876811594202898,6.3070316693505095,14.398819108964037,0.2885131508319914,27.053140096618357,2.1806226516371443,0.06038647342995169,0.43612453032742887
171,16.894793344068706,15.780998389694043,7.897208803005904,8.709071390230811,6.374127750939345,14.358561460010735,0.2885131508319914,26.878690284487387,2.3215244229736984,0.06038647342995169,0.43612453032742887
172,17.317498658078367,15.505904455179817,7.997852925389157,8.80300590445518,6.407675791733762,14.231078904991948,0.2885131508319914,26.637144390767578,2.314814814814815,0.06038647342995169,0.43612453032742887
173,17.196725711218466,15.203972088030058,8.742619431025227,8.36688137412775,6.3070316693505095,14.49946323134729,0.2885131508319914,26.583467525496513,2.314814814814815,0.06038647342995169,0.43612453032742887
174,17.485238862050455,15.157004830917874,8.856682769726248,8.21256038647343,6.521739130434782,14.38539989264627,0.2885131508319914,26.31508319914117,2.281266774020397,0.06038647342995169,0.43612453032742887
175,17.64626945786366,15.009393451422437,8.863392377885132,8.199141170155663,6.595544820182502,14.345142243692969,0.2885131508319914,26.27482555018787,2.281266774020397,0.06038647342995169,0.43612453032742887
176,17.961621041331185,14.935587761674718,8.836553945249598,8.132045088566828,6.716317767042405,14.170692431561998,0.2885131508319914,26.1808910359635,2.281266774020397,0.06038647342995169,0.43612453032742887
177,18.035426731078903,14.794685990338165,8.655394524959743,10.487117552334944,6.816961889425658,14.15727321524423,0.2885131508319914,24.295491143317232,2.0128824476650564,0.06038647342995169,0.39586688137412773
178,18.16290928609769,14.526301663982823,8.749329039184111,10.487117552334944,6.810252281266774,16.150026838432634,0.2885131508319914,22.57783145464305,1.7914653784219001,0.06038647342995169,0.39586688137412773
179,18.46484165324745,14.338432635534085,8.313204508856682,8.849973161567364,6.977992485238862,16.14331723027375,0.28180354267310787,24.288781535158346,1.778046162104133,0.06038647342995169,0.5032206119162641
180,18.625872249060656,14.325013419216317,8.3467525496511,8.836553945249598,6.977992485238862,16.09634997316157,0.28180354267310787,24.154589371980677,1.7914653784219001,0.06038647342995169,0.5032206119162641
181,18.927804616210413,13.935856146001074,8.353462157809984,8.78287707997853,7.326892109500805,15.995705850778315,0.28180354267310787,24.08078368223296,1.7914653784219001,0.06038647342995169,0.46296296296296297
182,19.51154052603328,13.922436929683306,8.319914117015566,8.68894256575416,7.326892109500805,15.975577026301664,0.28180354267310787,23.691626409017715,1.7579173376274826,0.06038647342995169,0.46296296296296297
183,19.47128287707998,13.808373590982287,8.541331186258722,8.521202361782072,7.64224369296833,16.243961352657006,0.28180354267310787,23.2085346215781,1.7579173376274826,0.06038647342995169,0.46296296296296297
184,19.659151905528716,13.613794954374665,8.675523349436393,8.521202361782072,7.64224369296833,16.17686527106817,0.28180354267310787,23.14814814814815,1.7579173376274826,0.06038647342995169,0.46296296296296297
185,19.679280730005367,13.58695652173913,8.675523349436393,8.501073537305421,7.64224369296833,16.15673644659152,0.28180354267310787,23.14814814814815,1.8048845947396672,0.06038647342995169,0.46296296296296297
186,19.89398819108964,13.580246913580247,8.675523349436393,8.501073537305421,7.615405260332796,16.14331723027375,0.28180354267310787,22.98040794417606,1.8048845947396672,0.06038647342995169,0.46296296296296297
187,20.095276435856146,12.218196457326892,8.662104133118627,8.474235104669887,7.615405260332796,17.49194847020934,0.28180354267310787,22.832796564680624,1.8048845947396672,0.06038647342995169,0.46296296296296297
188,19.900697799248523,11.406333870101985,8.641975308641975,9.574610842726784,7.595276435856146,17.438271604938272,0.28180354267310787,22.705314009661837,1.932367149758454,0.06038647342995169,0.46296296296296297
189,20.50456253354804,11.366076221148685,8.440687063875469,9.500805152979066,7.561728395061729,17.518786902844873,0.28180354267310787,22.430220075147613,1.8719806763285025,0.06038647342995169,0.46296296296296297
190,20.652173913043477,11.312399355877616,8.420558239398819,9.400161030595813,7.635534084809447,17.485238862050455,0.28180354267310787,22.32957595276436,1.9592055823939882,0.06038647342995169,0.46296296296296297
191,20.739398819108963,11.211755233494364,8.279656468062266,9.380032206119163,8.09849704777241,17.793880837359097,0.28180354267310787,21.74584004294149,1.9457863660762211,0.06038647342995169,0.46296296296296297
192,20.799785292538918,11.09098228663446,8.870101986044014,9.286097691894794,8.259527643585615,17.324208266237253,0.28180354267310787,21.36339237788513,2.214170692431562,0.06038647342995169,0.4495437466451959
193,21.108427267847556,11.003757380568974,8.749329039184111,8.923778851315083,8.085077831454644,17.57246376811594,0.644122383252818,21.289586688137412,2.120236178207193,0.06038647342995169,0.4428341384863124
194,21.450617283950617,10.983628556092324,8.709071390230811,8.849973161567364,8.085077831454644,17.277241009125067,0.8051529790660226,21.24261943102523,2.0933977455716586,0.06038647342995169,0.4428341384863124
195,21.89345142243693,10.782340311325818,8.709071390230811,8.930488459473967,7.991143317230274,17.270531400966185,0.8051529790660226,21.041331186258724,2.073268921095008,0.06038647342995169,0.4428341384863124
196,22.19538378958669,10.782340311325818,8.668813741277509,8.890230810520666,7.96430488459474,17.082662372517444,0.8051529790660226,20.96081588835212,2.073268921095008,0.06038647342995169,0.5166398282340311
197,22.490606548577563,10.695115405260333,8.53462157809984,9.01100375738057,7.883789586688137,17.3040794417606,0.8051529790660226,20.679012345679013,2.01959205582394,0.06038647342995169,0.5166398282340311
198,22.550993022007514,10.601180891035963,8.527911969940956,8.930488459473967,7.48792270531401,17.398013955984972,0.8051529790660226,21.101717659688674,2.01959205582394,0.06038647342995169,0.5166398282340311
199,22.67176596886742,10.57434245840043,8.454106280193237,8.917069243156199,7.5281803542673105,17.431561996779386,0.8051529790660226,21.027911969940956,2.01959205582394,0.06038647342995169,0.5099302200751477
200,22.65834675254965,10.50053676865271,8.541331186258722,9.205582393988191,7.5281803542673105,17.23027375201288,0.8051529790660226,20.947396672034355,2.0128824476650564,0.06038647342995169,0.5099302200751477
201,22.893183038110575,10.46027911969941,8.447396672034353,9.178743961352657,7.6623725174449815,17.28395061728395,0.8051529790660226,20.7662372517445,1.9592055823939882,0.06038647342995169,0.4830917874396135
202,23.13472893183038,10.312667740203972,8.373590982286634,9.178743961352657,7.763016639828234,17.23027375201288,0.8051529790660226,20.74610842726785,1.9122383252818036,0.06038647342995169,0.4830917874396135
203,23.255501878690286,10.178475577026301,8.333333333333334,9.01100375738057,7.997852925389157,17.122920021470748,0.9259259259259259,20.719269994632313,1.9122383252818036,0.06038647342995169,0.4830917874396135
204,23.403113258185723,10.151637144390767,8.333333333333334,8.930488459473967,7.997852925389157,17.082662372517444,0.9259259259259259,20.591787439613526,2.0397208803005906,0.06038647342995169,0.4830917874396135
205,23.812399355877616,10.111379495437467,8.252818035426731,8.917069243156199,8.11862587224906,16.941760601180892,0.9259259259259259,20.377079978529252,2.0263016639828235,0.06038647342995169,0.4562533548040794
206,24.06736446591519,9.957058507783145,8.28636607622115,8.896940418679549,8.085077831454644,16.914922168545356,0.9259259259259259,20.209339774557165,2.1403650026838434,0.06038647342995169,0.4562533548040794
207,24.18142780461621,9.936929683306495,8.387010198604402,8.84326355340848,8.172302737520129,16.955179817498657,0.9259259259259259,20.02818035426731,2.0531400966183573,0.06038647342995169,0.4562533548040794
208,24.329039184111647,9.930220075147611,8.387010198604402,8.856682769726248,8.172302737520129,16.70692431561997,0.9259259259259259,19.900697799248523,2.0128824476650564,0.06038647342995169,0.7179280730005367
209,24.771873322597962,9.856414385399892,8.360171765968868,8.715780998389693,8.105206655931294,16.639828234031132,0.9259259259259259,19.83360171765969,2.0128824476650564,0.06038647342995169,0.7179280730005367
210,24.59742351046699,9.816156736446592,8.32662372517445,10.0979602791197,7.991143317230274,16.5727321524423,0.9259259259259259,18.867418142780462,2.0263016639828235,0.06038647342995169,0.7179280730005367
211,24.651100375738057,9.702093397745571,8.413848631239935,9.789318303811058,7.950885668276973,16.794149221685455,0.9259259259259259,18.84728931830381,2.01959205582394,0.06038647342995169,0.8454106280193237
