,45,50,54,51,55,52,53,56,58,57
0,92.223564143854,7.776435856146001,,,,,,,,
1,75.53005904455179,23.698336017176597,0.7716049382716049,,,,,,,
2,65.52603327965647,32.78314546430489,0.7716049382716049,0.6910896403650026,0.2281266774020397,,,,,
3,59.80273752012882,34.49409554482018,1.2949543746645196,4.180085882984434,0.2281266774020397,,,,,
4,52.32823403113258,41.97530864197531,1.2949543746645196,4.17337627482555,0.2281266774020397,,,,,
5,47.52415458937198,35.7487922705314,0.7716049382716049,15.955448201825014,,,,,,
6,43.25684380032206,30.95813204508857,0.7716049382716049,25.013419216317768,,,,,,
7,42.76033279656468,30.62265163714439,0.7716049382716049,18.733225979602793,,7.112184648416532,,,,
8,41.908212560386474,30.193236714975846,0.7716049382716049,20.034889962426195,,7.092055823939882,,,,
9,40.9621578099839,28.28099838969404,1.2815351583467525,20.014761137949545,,9.460547504025765,,,,
10,37.8690284487386,25.006709608158882,1.2077294685990339,20.42404723564144,,15.49248523886205,,,,
11,25.617283950617285,40.87493290391841,0.6910896403650026,17.793880837359097,,15.022812667740205,,,,
12,19.55179817498658,46.02120236178207,0.6910896403650026,28.401771336553946,0.1274825550187869,5.2066559312936125,,,,
13,19.410896403650028,43.29710144927536,0.5770263016639828,31.394256575415994,0.1274825550187869,5.193236714975845,,,,
14,20.229468599033815,42.7133655394525,0.5770263016639828,31.300322061191626,0.1274825550187869,5.052334943639291,,,,
15,20.491143317230275,42.53891572732152,0.5770263016639828,31.21309715512614,0.1274825550187869,5.052334943639291,,,,
16,13.573537305421363,49.18813741277509,0.5770263016639828,29.435050993022006,2.6972624798711755,4.528985507246377,,,,
17,10.540794417606012,39.50617283950617,2.475845410628019,39.40552871712292,2.5697799248523885,4.676596886741814,0.8252818035426731,,,
18,9.567901234567902,33.46081588835212,2.2611379495437465,42.673107890499196,3.2675791733762747,7.96430488459474,0.8051529790660226,,,
19,9.688674181427805,33.333333333333336,1.1876006441223832,39.090177133655395,3.2675791733762747,7.950885668276973,5.173107890499195,0.30864197530864196,,
20,9.185453569511541,27.75764895330113,4.119699409554482,44.524959742351044,3.2675791733762747,5.709876543209877,5.12614063338701,0.30864197530864196,,
21,9.111647879763822,27.75764895330113,4.119699409554482,40.633387010198604,7.300053676865271,5.676328502415459,5.092592592592593,0.30864197530864196,,
22,9.353193773483628,27.61003757380569,4.119699409554482,40.59983896940419,7.14573268921095,5.656199677938808,5.092592592592593,0.4227053140096618,,
23,9.77589908749329,27.51610305958132,4.119699409554482,40.98228663446055,7.065217391304348,5.649490069779925,4.468599033816425,0.4227053140096618,,
24,4.891304347826087,27.542941492216855,3.629898013955985,47.90660225442834,6.575415995705851,5.642780461621041,3.388352120236178,0.4227053140096618,,
25,3.8378958668813743,19.182769726247987,3.629898013955985,57.54159957058508,6.575415995705851,5.609232420826624,3.2340311325818574,0.38915727321524424,,
26,4.4753086419753085,19.048577563070317,3.629898013955985,57.14573268921095,6.541867954911433,5.535426731078905,3.2340311325818574,0.38915727321524424,,
27,4.804079441760601,18.820450885668276,3.629898013955985,56.95115405260333,6.541867954911433,5.488459473966721,3.374932903918411,0.38915727321524424,,
28,5.152979066022544,18.417874396135264,3.629898013955985,56.01180891035963,6.716317767042405,6.3070316693505095,3.374932903918411,0.38915727321524424,,
29,5.367686527106817,18.256843800322063,3.629898013955985,54.851046698872786,6.904186795491143,6.286902844873859,4.314278046162104,0.38915727321524424,,
30,5.535426731078905,17.639559849704778,3.629898013955985,54.77724100912507,6.843800322061192,5.904455179817498,5.280461621041331,0.38915727321524424,,
31,5.6964573268921095,16.49892646269458,3.421900161030596,55.32742887815352,6.528448738593666,5.669618894256575,6.468062265163715,0.38915727321524424,,
32,5.300590445517981,11.064143853998926,3.421900161030596,51.590177133655395,6.528448738593666,9.39345142243693,12.31213097155126,0.38915727321524424,,
33,4.757112184648417,11.064143853998926,2.7979066022544283,55.193236714975846,6.528448738593666,8.896940418679549,10.373054213633925,0.38915727321524424,,
34,4.066022544283414,6.904186795491143,2.2208803005904456,62.754965110037574,5.636070853462158,8.890230810520666,9.346484165324744,0.18115942028985507,,
35,4.213633923778851,6.877348362855609,2.2208803005904456,62.66774020397209,5.622651637144391,8.890230810520666,9.326355340848094,0.18115942028985507,,
36,4.53569511540526,5.253623188405797,2.2208803005904456,63.92914653784219,5.112721417069243,8.353462157809984,10.48040794417606,0.11406333870101985,,
37,4.7638217928073,5.159688674181428,2.059849704777241,60.628019323671495,5.22007514761138,8.299785292538916,13.754696725711218,0.11406333870101985,,
38,5.495169082125604,5.159688674181428,2.046430488459474,60.35292538915727,5.2066559312936125,8.279656468062266,13.345410628019323,0.11406333870101985,,
39,5.938003220611916,5.159688674181428,1.9793344068706387,60.05099302200752,5.132850241545894,8.279656468062266,13.345410628019323,0.11406333870101985,,
40,5.891035963499732,5.159688674181428,1.9793344068706387,57.48121309715513,5.132850241545894,10.674986580783683,13.291733762748256,0.38915727321524424,,
41,6.320450885668277,5.139559849704777,1.3955984970477724,55.139559849704774,4.502147074610843,10.63472893183038,16.478797638217927,0.38915727321524424,,
42,6.468062265163715,5.139559849704777,1.3821792807300053,55.75013419216318,5.0993022007514766,10.607890499194847,15.163714439076758,0.38915727321524424,,
43,6.380837359098229,4.166666666666667,1.3821792807300053,59.42028985507246,4.5893719806763285,10.607890499194847,12.654320987654321,0.798443370907139,,
44,6.736446591519055,4.166666666666667,1.3821792807300053,59.11164787976382,4.5893719806763285,10.607890499194847,12.607353730542137,0.798443370907139,,
45,6.535158346752549,3.656736446591519,1.3821792807300053,57.27321524422974,4.555823939881911,14.452495974235104,11.345947396672035,0.798443370907139,,
46,6.810252281266774,3.656736446591519,1.2345679012345678,55.072463768115945,4.555823939881911,16.5727321524423,11.29898013955985,0.798443370907139,,
47,6.736446591519055,2.9924852388620504,1.2345679012345678,60.69511540526033,4.40150295222759,12.305421363392378,10.7085346215781,0.9259259259259259,,
48,6.998121309715513,2.985775630703167,1.2345679012345678,60.34621578099839,4.38137412775094,12.25174449812131,10.654857756307031,1.1473429951690821,,
49,7.024959742351046,2.985775630703167,2.3752012882447664,59.286097691894796,4.180085882984434,12.177938808373591,10.82259796027912,1.1473429951690821,,
50,7.192699946323135,2.985775630703167,2.341653247450349,59.15190552871712,4.180085882984434,12.177938808373591,10.82259796027912,1.1473429951690821,,
51,7.608695652173913,2.9790660225442833,2.341653247450349,58.843263553408484,4.180085882984434,12.090713902308105,10.809178743961352,1.1473429951690821,,
52,7.85024154589372,2.9790660225442833,2.341653247450349,58.662104133118625,4.180085882984434,12.030327428878154,10.809178743961352,1.1473429951690821,,
53,7.185990338164252,2.965646806226516,2.341653247450349,60.83601717659689,4.032474503488996,13.727858293075684,7.830112721417069,1.0802469135802468,,
54,7.37385936661299,2.965646806226516,2.341653247450349,60.72866344605475,4.032474503488996,13.714439076757918,7.796564680622652,1.0466988727858293,,
55,7.434245840042942,2.965646806226516,2.3215244229736984,59.675254965110035,3.898282340311326,14.727589908749328,7.930756843800322,1.0466988727858293,,
56,5.475040257648954,7.87037037037037,2.3215244229736984,56.87063875469673,3.012614063338701,12.567096081588835,10.943370907139023,0.9393451422436929,,
57,5.401234567901234,6.743156199677939,2.3215244229736984,56.776704240472355,2.999194847020934,13.875469672571121,10.943370907139023,0.9393451422436929,,
58,5.421363392377885,6.723027375201288,3.0595813204508855,57.83682232957595,2.4892646269457863,13.694310252281268,9.836285560923242,0.9393451422436929,,
59,5.407944176060118,6.347289318303811,3.0595813204508855,58.24610842726785,2.4892646269457863,13.674181427804616,9.836285560923242,0.9393451422436929,,
60,5.6964573268921095,6.347289318303811,3.0595813204508855,57.98443370907139,2.475845410628019,13.674181427804616,9.822866344605474,0.9393451422436929,,
61,5.938003220611916,6.320450885668277,5.528717122920021,53.34138486312399,2.395330112721417,15.727321524422974,9.809447128287708,0.9393451422436929,,
62,5.367686527106817,6.3070316693505095,5.35426731078905,47.58454106280193,1.6170155662909287,24.973161567364468,7.997852925389157,0.798443370907139,,
63,5.407944176060118,6.3070316693505095,5.3274288781535155,49.503488996242616,1.6170155662909287,23.617820719269993,7.4208266237251745,0.798443370907139,,
64,5.3341384863123995,6.239935587761675,5.213365539452496,47.22893183038111,2.328234031132582,24.22168545356951,8.635265700483092,0.798443370907139,,
65,5.24020397208803,5.958132045088567,4.569243156199678,51.78475577026302,2.328234031132582,22.23564143853999,7.085346215780999,0.798443370907139,,
66,5.669618894256575,5.958132045088567,4.542404723564144,51.43585614600107,2.328234031132582,22.18196457326892,7.085346215780999,0.798443370907139,,
67,5.488459473966721,4.025764895330113,4.441760601180891,56.36070853462158,2.985775630703167,17.257112184648417,8.836553945249598,0.6038647342995169,,
68,5.5689747718733225,4.025764895330113,4.186795491143317,54.45517981749866,2.985775630703167,19.404186795491142,8.769457863660762,0.6038647342995169,,
69,5.870907139023081,4.019055287171229,4.166666666666667,54.28073000536769,2.985775630703167,19.330381105743424,8.742619431025227,0.6038647342995169,,
70,5.964841653247451,2.1604938271604937,4.166666666666667,59.80273752012882,2.985775630703167,19.14922168545357,5.199946323134729,0.5703166935050993,,
71,6.045356951154052,2.15378421900161,4.1532474503489,59.77589908749329,2.985775630703167,19.11567364465915,5.199946323134729,0.5703166935050993,,
72,6.159420289855072,2.147074610842727,4.139828234031133,57.427536231884055,3.1065485775630703,18.323939881910896,8.125335480407944,0.5703166935050993,,
73,5.226784755770263,1.8988191089640365,4.488727858293076,61.111111111111114,3.92512077294686,15.96886741814278,6.810252281266774,0.5703166935050993,,
74,5.642780461621041,1.8988191089640365,4.461889425657541,60.94337090713902,3.92512077294686,15.801127214170693,6.756575415995706,0.5703166935050993,,
75,5.736714975845411,1.8988191089640365,9.01100375738057,59.004294149221685,3.8177670424047236,13.298443370907139,6.662640901771336,0.5703166935050993,,
76,5.917874396135265,1.8988191089640365,8.984165324745035,57.400697799248526,3.240740740740741,13.264895330112722,8.722490606548577,0.5703166935050993,,
77,5.615942028985507,1.6908212560386473,6.655931293612453,65.96215780998389,1.8048845947396672,10.815888352120236,6.884057971014493,0.5703166935050993,,
78,5.756843800322061,1.6908212560386473,6.4345142243692965,63.79495437466452,1.8048845947396672,11.735104669887278,8.21256038647343,0.5703166935050993,,
79,6.078904991948471,1.6438539989264627,6.414385399892646,62.996511003757384,1.7646269457863661,11.735104669887278,8.185721953837897,1.1808910359634996,,
80,5.656199677938808,1.6438539989264627,7.347020933977456,62.124261943102525,1.7646269457863661,13.298443370907139,7.239667203435319,0.9259259259259259,,
81,6.219806763285024,1.6103059581320451,8.152173913043478,58.360171765968865,1.7646269457863661,13.238056897477188,8.373590982286634,2.281266774020397,,
82,6.407675791733762,1.5633387010198605,8.152173913043478,57.62211486849168,2.475845410628019,13.238056897477188,8.3467525496511,2.1940418679549114,,
83,6.468062265163715,1.5499194847020934,8.091787439613526,55.83735909822866,2.6167471819645733,14.969135802469136,8.319914117015566,2.147074610842727,,
84,6.850509930220075,1.5499194847020934,8.091787439613526,55.703166935050994,2.4557165861513686,14.969135802469136,8.293075684380032,2.086688137412775,,
85,7.179280730005368,1.5499194847020934,8.36688137412775,55.173107890499196,2.4557165861513686,14.9020397208803,8.293075684380032,2.0799785292538915,,
86,7.266505636070853,1.5499194847020934,8.313204508856682,55.01207729468599,2.4490069779924855,15.083199141170155,8.246108427267847,2.0799785292538915,,
87,7.575147611379496,1.5499194847020934,8.279656468062266,54.87788513150832,2.4221685453569513,15.002683843263553,8.219269994632313,2.073268921095008,,
88,7.997852925389157,1.5499194847020934,7.212828770799785,53.54938271604938,2.38191089640365,17.351046698872786,8.192431561996779,1.7646269457863661,,
89,7.843531937734836,0.9326355340848095,7.139023081052066,51.972624798711756,2.38191089640365,19.981213097155127,7.64224369296833,1.7646269457863661,0.3421900161030596,
90,7.7361782071927,0.9326355340848095,7.03166935050993,51.19431025228127,2.38191089640365,17.51207729468599,11.117820719269995,1.751207729468599,0.3421900161030596,
91,7.796564680622652,0.9326355340848095,6.991411701556629,49.91277509393451,2.38191089640365,17.19001610305958,11.842458400429415,2.61003757380569,0.3421900161030596,
92,8.011272141706923,0.9326355340848095,6.964573268921095,49.85238862050456,2.3752012882447664,17.136339237788512,11.77536231884058,2.61003757380569,0.3421900161030596,
93,7.5281803542673105,0.9326355340848095,5.005367686527107,47.63150831991412,1.4895330112721417,24.758454106280194,10.138217928073,2.1739130434782608,0.3421900161030596,
94,7.937466451959206,0.9326355340848095,5.005367686527107,47.30273752012882,1.4895330112721417,24.751744498121308,10.111379495437467,2.167203435319377,0.30193236714975846,
95,8.252818035426731,0.9125067096081588,5.005367686527107,46.725711218464845,1.4895330112721417,24.738325281803544,10.064412238325282,2.509393451422437,0.30193236714975846,
96,8.071658615136876,0.9125067096081588,8.313204508856682,44.00161030595813,1.4761137949543746,24.349168008588297,10.064412238325282,2.509393451422437,0.30193236714975846,
97,8.259527643585615,0.9125067096081588,8.299785292538916,43.927804616210416,1.4694041867954912,24.268652710681696,10.050993022007514,2.509393451422437,0.30193236714975846,
98,8.55475040257649,0.8319914117015567,7.608695652173913,45.95410628019324,1.4492753623188406,23.15485775630703,9.480676328502415,2.6637144390767578,0.30193236714975846,
99,9.292807300053678,0.8319914117015567,7.588566827697263,45.40391841116479,1.4492753623188406,23.060923242082662,9.406870638754697,2.6637144390767578,0.30193236714975846,
100,9.16532474503489,0.8319914117015567,10.292538915727322,43.02871712292002,1.5767579173376274,22.98040794417606,9.272678475577026,2.5496511003757383,0.30193236714975846,
101,9.339774557165862,0.8319914117015567,10.245571658615138,42.94820182501342,1.5767579173376274,22.933440687063875,9.272678475577026,2.5496511003757383,0.30193236714975846,
102,9.037842190016104,0.8319914117015567,9.675254965110037,46.81964573268921,0.8923778851315083,22.470477724100913,8.353462157809984,1.6170155662909287,0.30193236714975846,
103,9.333064949006978,0.8319914117015567,9.675254965110037,46.64519592055824,0.8923778851315083,22.34970477724101,8.353462157809984,1.6170155662909287,0.30193236714975846,
104,9.514224369296834,0.8319914117015567,9.64170692431562,46.4975845410628,0.8923778851315083,22.34970477724101,8.353462157809984,1.6170155662909287,0.30193236714975846,
105,8.360171765968868,0.8319914117015567,7.85024154589372,51.34192163177671,0.8789586688137413,22.10144927536232,6.937734836285561,1.3955984970477724,0.30193236714975846,
106,8.527911969940956,0.8319914117015567,7.85024154589372,51.247987117552334,0.8789586688137413,22.50402576489533,6.461352657004831,1.3955984970477724,0.30193236714975846,
107,7.87037037037037,0.8319914117015567,9.849704777241008,50.11406333870102,0.8789586688137413,22.436929683306495,6.320450885668277,1.3955984970477724,0.30193236714975846,
108,8.11862587224906,0.8319914117015567,9.836285560923242,49.684648416532475,0.8789586688137413,22.416800858829845,6.266774020397209,1.6639828234031133,0.30193236714975846,
109,8.353462157809984,0.8319914117015567,9.836285560923242,49.5504562533548,0.8789586688137413,22.33628556092324,6.246645195920558,1.6639828234031133,0.30193236714975846,
110,8.480944712828771,0.8319914117015567,9.648416532474503,49.3491680085883,0.8789586688137413,21.89345142243693,6.951154052603328,1.6639828234031133,0.30193236714975846,
111,8.742619431025227,0.8319914117015567,9.574610842726784,49.2686527106817,0.8789586688137413,21.833064949006978,6.904186795491143,1.6639828234031133,0.30193236714975846,
112,9.01100375738057,0.8319914117015567,9.480676328502415,49.121041331186255,0.8789586688137413,21.806226516371442,6.904186795491143,1.6639828234031133,0.30193236714975846,
113,9.252549651100376,0.8319914117015567,9.480676328502415,48.97342995169082,0.8789586688137413,21.732420826623724,6.89747718733226,1.6639828234031133,0.2885131508319914,
114,8.635265700483092,0.8319914117015567,9.400161030595813,51.268115942028984,0.8789586688137413,21.390230810520666,5.642780461621041,1.6639828234031133,0.2885131508319914,
115,9.098228663446054,0.8319914117015567,9.400161030595813,50.939345142243695,0.8789586688137413,21.28287707997853,5.642780461621041,1.6371443907675791,0.2885131508319914,
116,9.25925925925926,0.8319914117015567,8.655394524959743,48.711755233494365,0.8789586688137413,24.832259796027913,4.904723564143854,1.6371443907675791,0.2885131508319914,
117,9.400161030595813,0.8319914117015567,8.829844337090714,48.40311325818572,0.8588298443370908,24.738325281803544,4.904723564143854,1.7444981213097155,0.2885131508319914,
118,8.259527643585615,0.8185721953837896,6.481481481481482,41.53918411164788,0.8588298443370908,36.15807836822329,4.26731078904992,1.328502415458937,0.2885131508319914,
119,8.21256038647343,0.8185721953837896,4.17337627482555,45.74610842726785,0.8588298443370908,35.20531400966183,3.3682232957595275,1.328502415458937,0.2885131508319914,
120,8.501073537305421,0.8185721953837896,4.17337627482555,45.60520665593129,0.8588298443370908,35.057702630166396,3.3682232957595275,1.328502415458937,0.2885131508319914,
121,8.380300590445518,0.8185721953837896,3.0394524959742353,47.34970477724101,0.7380568974771873,34.38674181427805,3.670155662909286,1.328502415458937,0.2885131508319914,
122,8.769457863660762,0.785024154589372,3.0394524959742353,47.04777241009125,0.7112184648416533,34.35990338164251,3.670155662909286,1.328502415458937,0.2885131508319914,
123,8.091787439613526,0.36231884057971014,2.952227589908749,51.57675791733763,0.5971551261406334,31.4345142243693,3.5829307568438002,1.1137949543746646,0.2885131508319914,
124,8.239398819108963,0.36231884057971014,2.952227589908749,51.45598497047772,0.5971551261406334,31.4345142243693,3.556092324208266,1.1137949543746646,0.2885131508319914,
125,7.481213097155126,0.3488996242619431,2.9119699409554483,55.52871712292002,0.5971551261406334,28.549382716049383,3.180354267310789,1.1137949543746646,0.2885131508319914,
126,7.830112721417069,0.3488996242619431,2.9119699409554483,54.8845947396672,1.3486312399355878,28.093129361245303,3.180354267310789,1.1137949543746646,0.2885131508319914,
127,8.3467525496511,0.3488996242619431,2.9119699409554483,54.569243156199676,1.3486312399355878,27.79790660225443,3.166935050993022,1.221148684916801,0.2885131508319914,
128,8.57487922705314,0.3488996242619431,2.9119699409554483,54.67659688674181,1.3419216317767042,27.657004830917874,3.1468062265163717,1.0534084809447128,0.2885131508319914,
129,8.99087493290392,0.3488996242619431,2.9119699409554483,54.36795491143317,1.3419216317767042,27.563070316693505,3.1468062265163717,1.0399892646269457,0.2885131508319914,
130,9.380032206119163,0.3488996242619431,2.871712292002147,54.13311862587225,1.3419216317767042,27.449006977992486,3.1468062265163717,1.0399892646269457,0.2885131508319914,
131,9.473966720343531,0.3488996242619431,2.871712292002147,53.29441760601181,1.3150831991411702,27.2812667740204,4.025764895330113,1.1003757380568975,0.2885131508319914,
132,9.453837895866881,0.3488996242619431,3.878153515834675,51.2614063338701,1.3150831991411702,27.26113794954375,5.112721417069243,1.0802469135802468,0.2885131508319914,
133,9.111647879763822,0.3488996242619431,3.864734299516908,53.676865271068166,1.3150831991411702,25.39586688137413,4.918142780461621,1.0802469135802468,0.2885131508319914,
134,9.520933977455716,0.3488996242619431,3.864734299516908,52.69055287171229,1.221148684916801,25.167740203972087,5.676328502415459,1.0735373054213635,0.2885131508319914,0.14761137949543746
135,9.91009125067096,0.3488996242619431,3.864734299516908,52.442297369833604,1.221148684916801,25.107353730542137,5.609232420826624,1.0601180891035964,0.2885131508319914,0.14761137949543746
136,10.138217928073,0.3488996242619431,3.864734299516908,52.254428341384866,1.221148684916801,25.067096081588836,5.609232420826624,1.0601180891035964,0.2885131508319914,0.14761137949543746
137,9.433709071390231,0.3488996242619431,2.6972624798711755,57.950885668276975,0.5367686527106817,21.994095544820183,5.542136339237788,1.0601180891035964,0.2885131508319914,0.14761137949543746
138,8.272946859903382,0.3153515834675255,2.6637144390767578,59.74235104669887,0.10064412238325282,21.108427267847556,6.521739130434782,0.9863123993558777,0.2885131508319914,
139,8.333333333333334,0.3153515834675255,2.771068169618894,58.51449275362319,0.10064412238325282,22.819377348362856,5.870907139023081,0.9863123993558777,0.2885131508319914,
140,8.682232957595277,0.3153515834675255,2.771068169618894,58.44739667203435,0.10064412238325282,22.644927536231883,5.770263016639828,0.9863123993558777,0.28180354267310787,
141,9.292807300053678,0.3153515834675255,2.757648953301127,57.84353193773484,0.10064412238325282,22.57783145464305,5.750134192163178,1.0802469135802468,0.28180354267310787,
142,9.668545356951155,0.3153515834675255,2.757648953301127,57.54159957058508,0.10064412238325282,22.50402576489533,5.750134192163178,1.0802469135802468,0.28180354267310787,
143,9.520933977455716,0.3153515834675255,3.670155662909286,55.39452495974235,0.06038647342995169,23.926462694578635,5.750134192163178,1.0802469135802468,0.28180354267310787,
144,9.574610842726784,0.3153515834675255,3.0059044551798175,57.43424584004294,0.06038647342995169,22.571121846484164,5.71658615136876,1.0399892646269457,0.28180354267310787,
145,9.943639291465379,0.3153515834675255,3.0059044551798175,57.19940955448202,0.06038647342995169,22.470477724100913,5.689747718733226,1.0332796564680622,0.28180354267310787,
146,10.373054213633925,0.3153515834675255,3.0059044551798175,57.139023081052066,0.06038647342995169,22.10144927536232,5.689747718733226,1.0332796564680622,0.28180354267310787,
147,10.674986580783683,0.3153515834675255,3.0059044551798175,56.89076757917338,0.06038647342995169,22.094739667203434,5.642780461621041,1.0332796564680622,0.28180354267310787,
148,9.73564143853999,0.30864197530864196,2.999194847020934,49.41626409017714,0.06038647342995169,30.756843800322063,5.5689747718733225,0.8722490606548577,0.28180354267310787,
149,9.896672034353195,0.30864197530864196,2.6838432635534084,49.094202898550726,0.06038647342995169,29.851046698872786,6.052066559312936,1.7713365539452497,0.28180354267310787,
150,9.339774557165862,0.30864197530864196,2.6838432635534084,44.20289855072464,0.06038647342995169,29.73027375201288,11.634460547504025,1.7579173376274826,0.28180354267310787,
151,9.554482018250134,0.30864197530864196,2.5697799248523885,43.96135265700483,0.06038647342995169,29.70343531937735,11.802200751476114,1.7579173376274826,0.28180354267310787,
152,9.86983360171766,0.30864197530864196,2.5496511003757383,43.73993558776167,0.06038647342995169,29.70343531937735,11.728395061728396,1.7579173376274826,0.28180354267310787,
153,8.111916264090176,,2.2879763821792807,54.6833064949007,,22.69189479334407,11.044015029522276,1.1808910359634996,,
154,8.165593129361245,,2.2879763821792807,54.1935050993022,,21.16881374127751,12.855609232420827,1.328502415458937,,
155,8.440687063875469,,3.81105743424584,53.817767042404725,,19.806763285024154,12.795222758990874,1.328502415458937,,
156,8.152173913043478,,3.81105743424584,50.85212023617821,,25.268384326355342,10.587761674718196,1.328502415458937,,
157,8.319914117015566,,3.784219001610306,50.77831454643049,,25.234836285560924,10.554213633923778,1.328502415458937,,
158,8.333333333333334,,3.7372517444981215,49.644390767579175,,26.77133655394525,10.332796564680622,1.1808910359634996,,
159,8.588298443370908,,3.7372517444981215,49.49677938808374,,26.73107890499195,10.265700483091788,1.1808910359634996,,
160,7.749597423510467,,3.717122920021471,51.14734299516908,,25.174449812130973,10.238862050456254,1.9726247987117553,,
161,7.944176060118089,,3.717122920021471,47.114868491680085,,25.15432098765432,10.23215244229737,5.837359098228664,,
162,8.454106280193237,,3.717122920021471,46.67874396135266,,25.05367686527107,10.165056360708535,5.931293612453032,,
163,8.668813741277509,,3.717122920021471,46.504294149221685,,25.05367686527107,10.151637144390767,5.904455179817498,,
164,8.964036500268385,,3.683574879227053,46.343263553408484,,24.966451959205582,10.138217928073,5.904455179817498,,
165,8.809715512614064,,3.656736446591519,51.92565754159957,,20.142243692968332,10.11808910359635,5.347557702630167,,
166,8.789586688137414,,3.656736446591519,51.09366612989801,,19.290123456790123,11.822329575952764,5.347557702630167,,
167,9.151905528717123,,3.656736446591519,50.89237788513151,,19.276704240472355,11.748523886205046,5.273752012882448,,
168,9.373322597960279,,3.6366076221148687,50.82528180354267,,19.202898550724637,11.714975845410628,5.246913580246914,,
169,9.017713365539452,,3.113258185721954,45.03488996242619,,27.992485238862052,9.648416532474503,5.193236714975845,,
170,8.870101986044014,,3.113258185721954,44.28341384863124,0.8185721953837896,29.918142780461622,7.803274288781535,5.193236714975845,,
171,9.145195920558239,,3.046162104133119,44.18947933440687,0.8185721953837896,29.864465915190554,7.742887815351583,5.193236714975845,,
172,9.306226516371444,,3.046162104133119,44.176060118089104,0.8185721953837896,29.824208266237253,7.716049382716049,5.112721417069243,,
173,9.46725711218465,,3.046162104133119,44.08212560386473,0.8185721953837896,29.7638217928073,7.716049382716049,5.10601180891036,,
174,9.675254965110037,,3.0059044551798175,46.47745571658615,0.8185721953837896,26.308373590982285,8.608427267847558,5.10601180891036,,
175,9.192163177670425,,3.0059044551798175,44.04186795491143,0.8185721953837896,24.953032742887814,13.036768652710682,4.951690821256038,,
176,9.31964573268921,,3.0059044551798175,43.98819108964037,0.8185721953837896,24.932903918411164,13.023349436392914,4.911433172302737,,
177,9.312936124530328,,3.0059044551798175,43.49838969404187,1.5297906602254427,24.9194847020934,12.93612453032743,4.797369833601718,,
178,9.608158883521202,,2.999194847020934,43.27026301663983,1.5297906602254427,24.89935587761675,12.909286097691895,4.783950617283951,,
179,9.863123993558776,,2.985775630703167,43.162909286097694,1.5297906602254427,24.89935587761675,12.775093934514224,4.783950617283951,,
180,9.406870638754697,,2.9790660225442833,47.20880300590446,1.5297906602254427,24.792002147074612,12.573805689747719,1.5096618357487923,,
181,9.494095544820183,,2.9790660225442833,44.900697799248526,1.5297906602254427,25.47638217928073,12.110842726784755,3.5091250670960816,,
182,10.017444981213098,,2.9790660225442833,44.6256038647343,1.5297906602254427,25.261674718196456,12.077294685990339,3.5091250670960816,,
183,10.124798711755233,,2.9790660225442833,44.585346215781,1.5297906602254427,25.207997852925388,12.06387546967257,3.5091250670960816,,
184,10.352925389157273,,2.9790660225442833,44.46457326892109,1.5297906602254427,25.127482555018787,12.06387546967257,3.4822866344605474,,
185,10.279119699409554,,2.918679549114332,42.961621041331185,1.5297906602254427,26.623725174449813,12.057165861513688,3.629898013955985,,
186,10.399892646269459,,2.918679549114332,42.90794417606012,1.5297906602254427,26.590177133655395,12.02361782071927,3.629898013955985,,
187,10.493827160493828,,2.918679549114332,42.84084809447128,1.5297906602254427,26.44927536231884,11.996779388083736,3.770799785292539,,
188,10.674986580783683,,2.918679549114332,42.35775630703167,1.5297906602254427,26.44927536231884,11.996779388083736,4.072732152442297,,
189,10.889694041867955,,2.9052603327965647,42.290660225442835,1.5297906602254427,26.37546967257112,11.936392914653783,4.072732152442297,,
190,11.20504562533548,,2.9052603327965647,41.599570585077835,1.5297906602254427,26.268115942028984,11.936392914653783,4.555823939881911,,
191,11.647879763821793,,2.9052603327965647,41.418411164787976,1.7310789049919484,25.81857219538379,11.869296833064949,4.609500805152979,,
192,11.996779388083736,,2.898550724637681,41.21041331186259,1.7042404723564144,25.758185721953836,11.862587224906065,4.569243156199678,,
193,12.298711755233494,,2.898550724637681,41.056092324208265,1.7042404723564144,25.664251207729468,11.83574879227053,4.542404723564144,,
194,12.721417069243156,,2.898550724637681,40.915190552871714,1.9592055823939882,25.469672571121848,11.688137412775093,4.3478260869565215,,
195,13.09044551798175,,2.8650026838432634,40.85480407944176,1.9592055823939882,25.38244766505636,11.56736446591519,4.280730005367687,,
196,13.365539452495975,,3.207192699946323,40.713902308105204,1.9189479334406871,25.147611379495437,11.372785829307569,4.274020397208803,,
197,13.747987117552334,,3.1736446591519054,40.51932367149758,2.0128824476650564,24.97987117552335,11.292270531400966,4.274020397208803,,
198,13.90901771336554,,3.0931293612453032,39.60681696188943,1.8183038110574343,24.838969404186795,12.493290391841116,4.240472356414386,,
199,14.2914653784219,,3.0931293612453032,39.46591519055287,2.147074610842727,24.36929683306495,12.412775093934513,4.2203435319377345,,
200,14.566559312936125,,3.0931293612453032,39.24449812130972,2.147074610842727,24.349168008588297,12.379227053140097,4.2203435319377345,,
201,14.51959205582394,,3.0931293612453032,38.6003757380569,2.147074610842727,23.49033816425121,13.935856146001074,4.213633923778851,,
202,14.224369296833064,,2.6502952227589907,37.61406333870102,2.147074610842727,22.497316156736446,16.680085882984432,4.186795491143317,,
203,14.27133655394525,,3.6231884057971016,36.85587761674718,2.13365539452496,22.41009125067096,16.51905528717123,4.186795491143317,,
204,14.27133655394525,,4.7638217928073,36.2788513150832,2.13365539452496,22.25577026301664,16.109769189479334,4.186795491143317,,
205,14.445786366076222,,4.7638217928073,36.20504562533548,2.13365539452496,22.188674181427803,16.09634997316157,4.166666666666667,,
206,14.761137949543746,,4.757112184648417,36.111111111111114,2.13365539452496,22.16183574879227,15.94873859366613,4.126409017713366,,
207,15.069779924852389,,4.683306494900698,36.02388620504563,2.1135265700483092,22.067901234567902,15.915190552871712,4.126409017713366,,
208,15.163714439076758,,4.676596886741814,35.98362855609233,2.1135265700483092,22.067901234567902,15.874932903918411,4.119699409554482,,
209,15.405260332796564,,4.643048845947397,35.80246913580247,2.1135265700483092,22.041062801932366,15.874932903918411,4.119699409554482,,
210,15.74074074074074,,4.643048845947397,35.64143853998927,2.1135265700483092,21.900161030595815,15.861513687600644,4.0995705850778315,,
211,15.995705850778315,,4.602791196994096,35.567632850241544,2.100107353730542,21.772678475577028,15.861513687600644,4.0995705850778315,,
212,16.264090177133657,,4.5960815888352125,35.40660225442834,2.100107353730542,21.71900161030596,15.814546430488459,4.0995705850778315,,
213,16.404991948470208,,5.35426731078905,35.12479871175523,2.100107353730542,21.316425120772948,15.60654857756307,4.092860976918948,,
214,16.472088030059044,,5.4616210413311865,35.0979602791197,2.046430488459474,21.24261943102523,15.599838969404187,4.079441760601181,,
215,16.53918411164788,,5.4549114331723025,35.08454106280193,2.046430488459474,21.20907139023081,15.58641975308642,4.079441760601181,,
216,16.760601180891037,,5.394524959742351,35.04428341384863,2.046430488459474,21.088298443370906,15.58641975308642,4.079441760601181,,
217,17.008856682769725,,5.340848094471283,35.037573805689746,2.046430488459474,20.947396672034355,15.539452495974235,4.079441760601181,,
218,17.28395061728395,,5.340848094471283,34.876543209876544,2.046430488459474,20.873590982286636,15.526033279656469,4.052603327965647,,
219,17.787171229200215,,5.307300053676865,34.675254965110035,2.046430488459474,20.578368223295758,15.49248523886205,4.1129898013955986,,
220,17.793880837359097,,5.924584004294149,33.85668276972625,2.046430488459474,20.94068706387547,15.438808373590982,3.9989264626945786,,
221,18.10252281266774,,5.877616747181965,33.81642512077295,2.046430488459474,20.8467525496511,15.318035426731079,3.992216854535695,,
222,18.149490069779926,,6.018518518518518,33.78958668813741,2.046430488459474,20.699141170155663,15.311325818572195,3.9855072463768115,,
223,18.33064949006978,,6.005099302200751,33.702361782071925,2.046430488459474,20.685721953837895,15.24422973698336,3.9855072463768115,,
224,18.719806763285025,,5.978260869565218,33.56816961889426,2.046430488459474,20.50456253354804,15.210681696188942,3.9720880300590444,,
225,18.867418142780462,,5.978260869565218,33.541331186258724,2.0397208803005906,20.04830917874396,15.552871712292003,3.9720880300590444,,
226,19.102254428341386,,5.9514224369296835,33.467525496511,2.0397208803005906,19.920826623725173,15.552871712292003,3.965378421900161,,
227,19.32367149758454,,5.904455179817498,33.28636607622115,2.0397208803005906,19.82018250134192,15.458937198067632,4.0995705850778315,,0.06709608158883522
228,19.504830917874397,,5.850778314546431,33.17230273752013,2.0263016639828235,19.82018250134192,15.458937198067632,4.0995705850778315,,0.06709608158883522
229,19.30354267310789,,5.8239398819108965,33.13875469672571,2.0263016639828235,20.8870101986044,14.65378421900161,4.0995705850778315,,0.06709608158883522
230,19.618894256575416,,5.790391841116479,33.09849704777241,2.0263016639828235,20.685721953837895,14.61352657004831,4.0995705850778315,,0.06709608158883522
231,19.585346215780998,,5.790391841116479,32.31347289318304,2.9052603327965647,20.618625872249062,14.465915190552872,4.253891572732153,,0.06709608158883522
232,19.746376811594203,,5.790391841116479,32.22624798711755,2.9052603327965647,20.544820182501343,14.465915190552872,4.253891572732153,,0.06709608158883522
233,20.155662909286097,,5.790391841116479,32.14573268921095,2.9052603327965647,20.37037037037037,14.31159420289855,4.253891572732153,,0.06709608158883522
234,20.497852925389157,,5.790391841116479,31.944444444444443,2.9052603327965647,20.343531937734838,14.224369296833064,4.2270531400966185,,0.06709608158883522
235,20.69243156199678,,5.776972624798712,31.83709071390231,2.9052603327965647,20.303274288781534,14.190821256038648,4.2270531400966185,,0.06709608158883522
236,20.833333333333332,,6.213097155126141,31.64922168545357,2.8918411164787976,20.001341921631777,14.123725174449811,4.2203435319377345,,0.06709608158883522
237,21.115136876006442,,6.213097155126141,31.568706387546968,2.8918411164787976,19.961084272678477,13.962694578636608,4.2203435319377345,,0.06709608158883522
238,21.26274825550188,,6.213097155126141,31.52173913043478,2.8918411164787976,19.87385936661299,13.94927536231884,4.2203435319377345,,0.06709608158883522
239,21.430488459473967,,6.213097155126141,31.49490069779925,2.871712292002147,19.77992485238862,13.922436929683306,4.2203435319377345,,0.06709608158883522
240,21.557971014492754,,6.213097155126141,31.4345142243693,2.871712292002147,19.712828770799785,13.922436929683306,4.2203435319377345,,0.06709608158883522
241,21.85319377348363,,6.206387546967257,31.407675791733762,2.717391304347826,19.639023081052066,13.90901771336554,4.200214707461084,,0.06709608158883522
242,22.10144927536232,,6.199677938808374,31.36070853462158,2.717391304347826,19.538378958668815,13.83521202361782,4.180085882984434,,0.06709608158883522
243,21.712292002147073,,6.092324208266238,33.561460010735374,2.717391304347826,17.98845947396672,13.727858293075684,4.133118625872249,,0.06709608158883522
244,21.91358024691358,,6.870638754696726,33.3064949006978,2.717391304347826,17.458400429414922,13.546698872785829,4.119699409554482,,0.06709608158883522
245,22.228931830381107,,6.863929146537842,33.11862587224906,2.690552871712292,17.458400429414922,13.47289318303811,4.0995705850778315,,0.06709608158883522
246,22.383252818035427,,7.353730542136339,32.56843800322061,2.6637144390767578,17.398013955984972,13.466183574879228,4.0995705850778315,,0.06709608158883522
247,22.604669887278583,,7.2933440687063875,32.54159957058508,2.6637144390767578,17.277241009125067,13.45276435856146,4.0995705850778315,,0.06709608158883522
248,22.745571658615138,,7.2933440687063875,32.46779388083736,2.6637144390767578,17.21014492753623,13.45276435856146,4.0995705850778315,,0.06709608158883522
249,22.81266774020397,,7.27992485238862,32.41411701556629,2.6637144390767578,17.042404723564143,13.620504562533547,4.0995705850778315,,0.06709608158883522
250,22.933440687063875,,7.25979602791197,31.816961889425656,3.207192699946323,17.216854535695116,13.607085346215781,3.8915727321524423,,0.06709608158883522
251,23.10789049919485,,7.353730542136339,31.776704240472355,3.207192699946323,16.988727858293075,13.607085346215781,3.8915727321524423,,0.06709608158883522
252,23.336017176596886,,7.286634460547504,31.662640901771336,3.207192699946323,16.941760601180892,13.607085346215781,3.8915727321524423,,0.06709608158883522
253,23.53059581320451,,7.25979602791197,31.602254428341386,3.180354267310789,16.935050993022006,13.607085346215781,3.8177670424047236,,0.06709608158883522
254,23.617820719269993,,7.226247987117552,31.568706387546968,3.180354267310789,16.935050993022006,13.593666129898015,3.81105743424584,,0.06709608158883522
255,23.758722490606548,,7.212828770799785,31.548577563070317,3.180354267310789,16.921631776704242,13.499731615673644,3.81105743424584,,0.06709608158883522
256,23.899624261943103,,7.212828770799785,31.4345142243693,3.180354267310789,16.894793344068706,13.499731615673644,3.81105743424584,,0.06709608158883522
257,23.382984433709073,,7.192699946323135,30.56226516371444,4.1532474503489,17.042404723564143,13.466183574879228,4.133118625872249,,0.06709608158883522
258,23.58427267847558,,7.152442297369833,30.52871712292002,4.1532474503489,16.955179817498657,13.459473966720344,4.0995705850778315,,0.06709608158883522
259,23.731884057971016,,7.152442297369833,30.42807300053677,4.146537842190016,16.928341384863124,13.446054750402576,4.0995705850778315,,0.06709608158883522
260,23.738593666129898,,7.118894256575416,29.676596886741816,4.146537842190016,16.881374127750938,14.278046162104133,4.0995705850778315,,0.06038647342995169
261,23.960010735373054,,7.105475040257649,29.643048845947398,4.1129898013955986,16.78743961352657,14.257917337627482,4.072732152442297,,0.06038647342995169
262,23.577563070316693,,7.051798174986581,32.306763285024154,4.092860976918948,16.183574879227052,12.661030595813205,4.066022544283414,,0.06038647342995169
263,23.718464841653248,,7.0450885668276975,32.23966720343532,4.086151368760064,16.15673644659152,12.661030595813205,4.032474503488996,,0.06038647342995169
264,24.06736446591519,,6.977992485238862,32.14573268921095,4.072732152442297,16.09634997316157,12.607353730542137,3.9720880300590444,,0.06038647342995169
265,24.228395061728396,,6.951154052603328,32.09205582393988,4.072732152442297,16.0426731078905,12.580515297906603,3.9720880300590444,,0.06038647342995169
266,24.476650563607084,,6.91760601180891,31.95115405260333,4.019055287171229,16.0426731078905,12.560386473429952,3.9720880300590444,,0.06038647342995169
267,21.081588835212024,,5.3341384863123995,40.23752012882448,3.1468062265163717,15.45222758990875,11.701556629092861,2.985775630703167,,0.06038647342995169
268,21.182232957595275,,5.320719269994632,40.23752012882448,3.1468062265163717,15.432098765432098,11.701556629092861,2.918679549114332,,0.06038647342995169
