,45,50,55,53,54,51,52,56,57,58,59,60,61
0,99.96645195920559,0.03354804079441761,,,,,,,,,,,
1,99.88593666129898,0.11406333870101985,,,,,,,,,,,
2,99.88593666129898,0.11406333870101985,,,,,,,,,,,
3,99.61084272678475,0.38915727321524424,,,,,,,,,,,
4,96.57139023081052,3.4286097691894795,,,,,,,,,,,
5,95.54482018250134,4.455179817498658,,,,,,,,,,,
6,93.7734836285561,6.226516371443908,,,,,,,,,,,
7,90.7139023081052,9.286097691894794,,,,,,,,,,,
8,81.78341384863124,18.183038110574344,0.03354804079441761,,,,,,,,,,
9,81.2734836285561,18.69296833064949,0.03354804079441761,,,,,,,,,,
10,73.63123993558776,26.288244766505635,0.05367686527106817,0.026838432635534086,,,,,,,,,
11,73.63123993558776,26.247987117552334,0.0939345142243693,0.026838432635534086,,,,,,,,,
12,73.19511540526034,26.684111647879764,0.0939345142243693,0.026838432635534086,,,,,,,,,
13,73.2085346215781,26.670692431561996,0.0939345142243693,0.026838432635534086,,,,,,,,,
14,73.1682769726248,26.570048309178745,0.0939345142243693,0.026838432635534086,0.14090177133655393,,,,,,,,
15,73.19511540526034,26.54320987654321,0.0939345142243693,0.026838432635534086,0.14090177133655393,,,,,,,,
16,72.78582930756843,26.536500268384327,0.0939345142243693,0.026838432635534086,0.12077294685990338,0.43612453032742887,,,,,,,
17,72.80595813204509,26.516371443907676,0.0939345142243693,0.026838432635534086,0.12077294685990338,0.43612453032742887,,,,,,,
18,72.8395061728395,26.455984970477726,0.0939345142243693,0.026838432635534086,0.14761137949543746,0.43612453032742887,,,,,,,
19,61.90955448201825,37.40606548577563,0.07380568974771873,0.026838432635534086,0.14761137949543746,0.43612453032742887,,,,,,,
20,56.454643048845945,40.74074074074074,0.10064412238325282,0.026838432635534086,0.14761137949543746,0.1274825550187869,2.4020397208803006,,,,,,
21,56.05877616747182,41.15002683843264,0.10064412238325282,0.026838432635534086,0.14761137949543746,0.1274825550187869,2.3886205045625335,,,,,,
22,45.92055823939882,38.077026301663984,0.10064412238325282,0.33548040794417605,0.14761137949543746,13.030059044551798,2.3886205045625335,,,,,,
23,44.12909286097692,39.91545893719807,0.10064412238325282,0.33548040794417605,0.12077294685990338,13.030059044551798,2.368491680085883,,,,,,
24,44.16935050993022,39.9020397208803,0.10064412238325282,0.33548040794417605,0.12077294685990338,13.003220611916264,2.368491680085883,,,,,,
25,44.22973698336017,39.85507246376812,0.10064412238325282,0.33548040794417605,0.12077294685990338,12.989801395598498,2.368491680085883,,,,,,
26,43.572195383789584,40.51932367149758,0.10064412238325282,0.33548040794417605,0.12077294685990338,12.95625335480408,2.368491680085883,0.026838432635534086,,,,,
27,43.19645732689211,35.218733225979605,0.9997316156736447,5.139559849704777,0.12077294685990338,12.929414922168545,2.368491680085883,0.026838432635534086,,,,,
28,43.27026301663983,35.12479871175523,0.9997316156736447,5.139559849704777,0.12077294685990338,12.929414922168545,2.301395598497048,0.11406333870101985,,,,,
29,43.283682232957595,35.10466988727858,0.9930220075147611,5.139559849704777,0.12077294685990338,12.962962962962964,2.281266774020397,0.11406333870101985,,,,,
30,36.14465915190553,42.15646806226516,1.0198604401502953,5.139559849704777,0.12077294685990338,13.023349436392914,2.281266774020397,0.11406333870101985,,,,,
31,36.191626409017715,42.12292002147075,1.0198604401502953,4.669887278582931,0.5904455179817498,13.009930220075148,2.281266774020397,0.11406333870101985,,,,,
32,36.35265700483092,41.93505099302201,1.0869565217391304,4.656468062265164,0.5904455179817498,13.003220611916264,2.2611379495437465,0.11406333870101985,,,,,
33,32.43424584004294,45.78636607622115,2.703972088030059,4.582662372517445,0.5904455179817498,12.110842726784755,1.6774020397208802,0.11406333870101985,,,,,
34,32.48792270531401,45.75281803542673,2.703972088030059,4.569243156199678,0.5904455179817498,12.070585077831455,1.6774020397208802,0.14761137949543746,,,,,
35,32.6556629092861,45.65217391304348,2.703972088030059,4.549114331723027,0.5904455179817498,12.02361782071927,1.6774020397208802,0.14761137949543746,,,,,
36,32.407407407407405,41.06280193236715,2.818035426731079,4.549114331723027,0.5904455179817498,16.74718196457327,1.6774020397208802,0.14761137949543746,,,,,
37,32.46108427267848,41.00912506709608,2.871712292002147,4.549114331723027,0.5367686527106817,16.74718196457327,1.6774020397208802,0.14761137949543746,,,,,
38,32.53488996242619,40.96886741814278,2.871712292002147,4.542404723564144,0.5367686527106817,16.72705314009662,1.6706924315619969,0.14761137949543746,,,,,
39,32.52147074610843,40.85480407944176,2.985775630703167,4.569243156199678,0.5367686527106817,16.445249597423512,1.6706924315619969,0.41599570585077833,,,,,
40,31.233225979602793,40.02952227589909,3.0595813204508855,4.53569511540526,0.5367686527106817,18.51851851851852,1.6706924315619969,0.41599570585077833,,,,,
41,31.374127750939344,39.90874932903918,3.1736446591519054,4.508856682769726,0.5166398282340311,18.45813204508857,1.6438539989264627,0.41599570585077833,,,,,
42,31.5150295222759,39.80810520665593,3.1736446591519054,4.502147074610843,0.5166398282340311,18.397745571658614,1.6438539989264627,0.4428341384863124,,,,,
43,31.508319914117017,38.92914653784219,3.280998389694042,5.35426731078905,0.48980139559849706,18.35077831454643,1.6438539989264627,0.4428341384863124,,,,,
44,31.508319914117017,38.33870101986044,3.280998389694042,5.971551261406334,0.48980139559849706,18.323939881910896,1.6438539989264627,0.4428341384863124,,,,,
45,31.54186795491143,38.30515297906602,3.280998389694042,5.971551261406334,0.48980139559849706,18.283682232957595,1.6438539989264627,0.4830917874396135,,,,,
46,31.61567364465915,38.137412775093935,3.3480944712828773,5.971551261406334,0.5233494363929146,18.183038110574344,1.6438539989264627,0.5770263016639828,,,,,
47,31.622383252818036,38.09044551798175,3.3950617283950617,5.964841653247451,0.5233494363929146,18.149490069779926,1.6438539989264627,0.6105743424584005,,,,,
48,31.756575415995705,38.00993022007515,3.3950617283950617,5.9514224369296835,0.5233494363929146,18.109232420826622,1.6438539989264627,0.6105743424584005,,,,,
49,30.02549651100376,40.31132581857219,3.3950617283950617,5.9514224369296835,0.5233494363929146,17.57246376811594,1.6304347826086956,0.5904455179817498,,,,,
50,29.857756307031668,40.15029522275899,3.3950617283950617,5.9514224369296835,0.5233494363929146,17.58588298443371,1.9457863660762211,0.5904455179817498,,,,,
51,22.886473429951693,41.95517981749866,3.3950617283950617,5.9514224369296835,0.5233494363929146,22.75228126677402,1.9457863660762211,0.5904455179817498,,,,,
52,23.00053676865271,41.82769726247987,3.421900161030596,5.924584004294149,0.5233494363929146,22.665056360708533,2.046430488459474,0.5904455179817498,,,,,
53,23.09447128287708,41.82098765432099,3.421900161030596,5.528717122920021,0.9192163177670424,22.57783145464305,2.046430488459474,0.5904455179817498,,,,,
54,22.611379495437465,39.452495974235106,3.2675791733762747,5.528717122920021,0.9460547504025765,25.55689747718733,2.046430488459474,0.5904455179817498,,,,,
55,22.69860440150295,39.371980676328505,3.3279656468062266,5.528717122920021,0.9460547504025765,25.489801395598498,2.046430488459474,0.5904455179817498,,,,,
56,20.705850778314545,42.03569511540526,2.7241009125067097,5.528717122920021,0.9460547504025765,25.34219001610306,2.046430488459474,0.6709608158883521,,,,,
57,20.893719806763286,41.86795491143317,2.831454643048846,5.508588298443371,0.9460547504025765,25.248255501878692,2.033011272141707,0.6709608158883521,,,,,
58,18.276972624798713,32.56843800322061,2.6033279656468062,5.46833064949007,0.9460547504025765,37.76167471819646,1.7042404723564144,0.6709608158883521,,,,,
59,17.92807300053677,32.82340311325819,2.6435856146001075,5.46833064949007,0.9460547504025765,37.61406333870102,1.7981749865807837,0.7783145464304885,,,,,
60,18.02871712292002,32.78314546430489,2.6435856146001075,5.46833064949007,0.9460547504025765,37.553676865271065,1.7981749865807837,0.7783145464304885,,,,,
61,18.223295759527645,32.63553408480945,2.6435856146001075,5.4549114331723025,0.9460547504025765,37.513419216317764,1.7713365539452497,0.8118625872249061,,,,,
62,18.203166935050994,31.97128287707998,2.7442297369833604,4.931561996779388,0.8588298443370908,37.47987117552335,2.999194847020934,0.8118625872249061,,,,,
63,17.21014492753623,33.279656468062264,2.563070316693505,4.30756843800322,0.15432098765432098,39.62694578636608,2.046430488459474,0.8118625872249061,,,,,
64,17.371175523349436,33.2259796027912,2.576489533011272,4.30756843800322,0.15432098765432098,39.512882447665056,2.0397208803005906,0.8118625872249061,,,,,
65,16.23054213633924,43.02871712292002,2.4355877616747184,3.8848631239935587,0.15432098765432098,31.30703166935051,2.3349436392914655,0.6239935587761675,,,,,
66,15.53274288781535,41.08964036500269,3.321256038647343,1.9524959742351047,0.0939345142243693,28.502415458937197,9.044551798174986,0.46296296296296297,,,,,
67,15.673644659151906,40.98228663446055,3.3413848631239937,1.9256575415995705,0.0939345142243693,28.475577026301664,9.044551798174986,0.46296296296296297,,,,,
68,15.22410091250671,35.238862050456255,3.2742887815351582,1.8048845947396672,1.1607622114868492,27.428878153515836,15.432098765432098,0.43612453032742887,,,,,
69,15.344873859366613,34.856414385399894,3.4151905528717124,1.9390767579173376,1.1607622114868492,27.415458937198068,15.432098765432098,0.43612453032742887,,,,,
70,15.458937198067632,34.675254965110035,3.5426731078904994,1.9256575415995705,1.1607622114868492,27.24771873322598,15.418679549114332,0.5703166935050993,,,,,
71,12.278582930756844,37.86231884057971,3.5426731078904994,1.9256575415995705,1.1607622114868492,27.241009125067094,15.418679549114332,0.5703166935050993,,,,,
72,12.406065485775631,37.82206119162641,3.5426731078904994,1.9256575415995705,1.1607622114868492,27.093397745571657,15.365002683843263,0.6843800322061192,,,,,
73,12.4597423510467,37.80864197530864,3.5426731078904994,1.90552871712292,1.1607622114868492,27.079978529253893,15.331454643048845,0.6843800322061192,0.026838432635534086,,,,
74,12.614063338701019,37.754965110037574,3.9586688137412773,1.90552871712292,1.1607622114868492,26.643853998926463,15.217391304347826,0.7179280730005367,0.026838432635534086,,,,
75,9.634997316156737,33.7962962962963,4.280730005367687,1.710950080515298,1.8115942028985508,35.64143853998927,12.110842726784755,0.9863123993558777,0.026838432635534086,,,,
76,9.742351046698873,33.43397745571659,4.522275899087493,1.710950080515298,1.8115942028985508,35.607890499194845,12.104133118625873,1.0131508319914118,0.026838432635534086,0.026838432635534086,,,
77,9.836285560923242,33.43397745571659,4.522275899087493,1.710950080515298,1.8115942028985508,35.54079441760601,12.077294685990339,1.0131508319914118,0.026838432635534086,0.026838432635534086,,,
78,10.00402576489533,33.111916264090176,4.777241009125067,1.710950080515298,1.8115942028985508,35.037573805689746,12.016908212560386,1.4761137949543746,0.026838432635534086,0.026838432635534086,,,
79,10.077831454643048,33.06494900697799,4.777241009125067,1.710950080515298,1.8115942028985508,35.02415458937198,12.00348899624262,1.4761137949543746,0.026838432635534086,0.026838432635534086,,,
80,9.88996242619431,32.870370370370374,4.777241009125067,1.7042404723564144,1.8115942028985508,34.977187332259795,12.352388620504563,1.5096618357487923,0.08051529790660225,0.026838432635534086,,,
81,9.017713365539452,30.307300053676865,4.817498658078368,1.7042404723564144,1.8115942028985508,41.36473429951691,9.29951690821256,1.6505636070853462,,0.026838432635534086,,,
82,8.59500805152979,27.241009125067094,3.911701556629093,1.7042404723564144,1.2278582930756843,47.32286634460547,8.28636607622115,1.6841116478797638,,0.026838432635534086,,,
83,8.407139023081053,26.86527106816962,2.7643585614600106,1.8250134192163177,1.288244766505636,44.920826623725176,12.620772946859903,1.3083735909822867,,,,,
84,7.830112721417069,23.19511540526033,2.5563607085346214,1.5029522275899088,1.288244766505636,40.02952227589909,22.249060654857757,1.1205045625335481,0.2281266774020397,,,,
85,7.897208803005904,23.1682769726248,2.5563607085346214,1.5029522275899088,1.288244766505636,39.92216854535695,22.21551261406334,1.221148684916801,0.2281266774020397,,,,
86,8.038110574342458,23.10789049919485,2.5563607085346214,1.5029522275899088,1.288244766505636,39.841653247450346,22.21551261406334,1.221148684916801,0.2281266774020397,,,,
87,8.105206655931294,22.993827160493826,2.5831991411701556,1.5029522275899088,1.288244766505636,39.76784755770263,22.054482018250134,1.4962426194310252,0.20799785292538917,,,,
88,8.239398819108963,22.933440687063875,2.5831991411701556,1.5163714439076759,1.288244766505636,39.60010735373054,22.0276435856146,1.6035963499731616,0.20799785292538917,,,,
89,8.031400966183575,21.034621578099838,2.5295222758990876,1.2681159420289856,1.288244766505636,42.29736983360172,21.73913043478261,1.6035963499731616,0.20799785292538917,,,,
90,8.165593129361245,20.96081588835212,2.5295222758990876,1.2681159420289856,1.288244766505636,42.16317767042405,21.67874396135266,1.737788513150832,0.20799785292538917,,,,
91,8.205850778314547,20.96081588835212,2.5161030595813205,1.2681159420289856,1.288244766505636,42.13633923778851,21.67874396135266,1.737788513150832,0.20799785292538917,,,,
92,8.353462157809984,20.86688137412775,2.5966183574879227,1.2681159420289856,1.288244766505636,42.08266237251745,21.638486312399355,1.6975308641975309,0.20799785292538917,,,,
93,8.353462157809984,20.8467525496511,2.5697799248523885,1.2681159420289856,3.126677402039721,39.72758990874933,22.228931830381107,1.6706924315619969,0.20799785292538917,,,,
94,8.413848631239935,20.819914117015568,2.5697799248523885,1.2681159420289856,3.1199677938808374,39.70746108427268,22.22222222222222,1.6706924315619969,0.20799785292538917,,,,
95,8.480944712828771,20.819914117015568,2.5697799248523885,1.2681159420289856,3.1333870101986045,39.64707461084273,22.20209339774557,1.6706924315619969,0.20799785292538917,,,,
96,8.55475040257649,20.8064949006978,2.61003757380569,1.2681159420289856,3.1333870101986045,39.59339774557166,22.128287707997853,1.6706924315619969,0.23483628556092323,,,,
97,8.655394524959743,20.79307568438003,2.61003757380569,1.2681159420289856,3.1333870101986045,39.50617283950617,22.128287707997853,1.6706924315619969,0.23483628556092323,,,,
98,8.756038647342995,20.74610842726785,2.5966183574879227,1.1473429951690821,2.999194847020934,39.754428341384866,22.094739667203434,1.6706924315619969,0.23483628556092323,,,,
99,8.964036500268385,20.658883521202362,2.5966183574879227,1.1473429951690821,2.999194847020934,39.660493827160494,22.067901234567902,1.6706924315619969,0.23483628556092323,,,,
100,9.03113258185722,20.632045088566827,2.5966183574879227,1.1473429951690821,3.026033279656468,39.62023617820719,22.041062801932366,1.6706924315619969,0.23483628556092323,,,,
101,9.185453569511541,20.551529790660226,2.8918411164787976,1.1473429951690821,2.999194847020934,38.61379495437466,21.953837895866883,2.395330112721417,0.2616747181964573,,,,
102,9.064680622651638,19.384057971014492,2.871712292002147,3.7775093934514223,2.9924852388620504,36.99006977992485,21.973966720343533,2.6838432635534084,0.2616747181964573,,,,
103,9.205582393988191,19.196188942565755,2.85829307568438,3.9318303811057436,2.985775630703167,36.822329575952764,21.940418679549115,2.7979066022544283,0.2616747181964573,,,,
104,9.312936124530328,19.196188942565755,2.8515834675254963,3.8915727321524423,2.985775630703167,36.7686527106817,21.920289855072465,2.791196994095545,0.2549651100375738,0.026838432635534086,,,
105,9.534353193773484,19.155931293612454,2.831454643048846,3.864734299516908,2.985775630703167,36.64787976382179,21.89345142243693,2.7777777777777777,0.2549651100375738,0.05367686527106817,,,
106,9.460547504025765,19.048577563070317,2.791196994095545,4.025764895330113,1.3687600644122384,38.71443907675792,21.85990338164251,2.4221685453569513,0.2549651100375738,0.05367686527106817,,,
107,9.567901234567902,19.028448738593667,2.791196994095545,4.025764895330113,1.3687600644122384,38.65405260332797,21.83977455716586,2.4154589371980677,0.2549651100375738,0.05367686527106817,,,
108,9.286097691894794,18.699677938808374,2.791196994095545,3.9586688137412773,1.3419216317767042,36.922973698336016,24.322329575952764,2.368491680085883,0.2549651100375738,0.05367686527106817,,,
109,9.400161030595813,18.61916264090177,2.831454643048846,3.9318303811057436,1.3419216317767042,36.90955448201825,24.322329575952764,2.3349436392914655,0.2549651100375738,0.05367686527106817,,,
110,8.957326892109501,19.229736983360173,2.8650026838432634,3.616478797638218,1.3150831991411702,35.339506172839506,26.455984970477726,1.9390767579173376,0.2549651100375738,0.026838432635534086,,,
111,8.80300590445518,18.46484165324745,2.100107353730542,3.616478797638218,1.3150831991411702,41.40499194847021,22.074610842726784,1.9122383252818036,0.28180354267310787,0.026838432635534086,,,
112,8.93719806763285,18.317230273752013,2.5831991411701556,3.589640365002684,1.3955984970477724,40.9621578099839,22.04777241009125,1.8585614600107354,0.28180354267310787,0.026838432635534086,,,
113,9.044551798174986,18.303811057434245,2.5831991411701556,3.589640365002684,1.3955984970477724,40.3918411164788,22.041062801932366,2.341653247450349,0.28180354267310787,0.026838432635534086,,,
114,9.024422973698336,17.411433172302736,2.5831991411701556,5.669618894256575,1.3955984970477724,39.45920558239399,21.557971014492754,2.589908749329039,0.28180354267310787,0.026838432635534086,,,
115,9.111647879763822,17.391304347826086,2.5831991411701556,6.172839506172839,1.3955984970477724,39.44578636607622,21.00107353730542,2.589908749329039,0.28180354267310787,0.026838432635534086,,,
116,9.245840042941492,17.384594739667204,2.6167471819645733,6.132581857219538,1.3955984970477724,39.371980676328505,20.954106280193237,2.589908749329039,0.28180354267310787,0.026838432635534086,,,
117,9.406870638754697,17.351046698872786,2.6167471819645733,6.132581857219538,1.402308105206656,38.57353730542136,20.92055823939882,3.260869565217391,0.30864197530864196,0.026838432635534086,,,
118,9.440418679549115,17.297369833601717,2.844873859366613,6.132581857219538,1.3955984970477724,37.936124530327426,20.799785292538918,3.69699409554482,0.4294149221685454,0.026838432635534086,,,
119,9.514224369296834,17.14975845410628,2.844873859366613,6.132581857219538,1.8317230273752012,37.88244766505636,20.491143317230275,3.69699409554482,0.4294149221685454,0.026838432635534086,,,
120,9.567901234567902,16.666666666666668,2.7979066022544283,6.132581857219538,2.3483628556092326,37.80193236714976,20.471014492753625,3.7573805689747717,0.4294149221685454,0.026838432635534086,,,
121,9.447128287707997,16.076221148684915,2.7979066022544283,6.602254428341385,4.448470209339774,36.252012882447666,20.095276435856146,3.824476650563607,0.4294149221685454,0.026838432635534086,,,
122,9.494095544820183,15.874932903918411,2.771068169618894,6.602254428341385,4.3478260869565215,36.252012882447666,20.377079978529252,3.824476650563607,0.4294149221685454,0.026838432635534086,,,
123,9.5276435856146,15.915190552871712,2.771068169618894,6.602254428341385,4.320987654320987,36.20504562533548,20.377079978529252,3.824476650563607,0.4294149221685454,0.026838432635534086,,,
124,9.614868491680086,15.901771336553946,2.771068169618894,6.561996779388084,4.320987654320987,36.13794954374664,20.343531937734838,3.824476650563607,0.49651100375738055,0.026838432635534086,,,
125,9.702093397745571,15.841384863123993,3.193773483628556,6.541867954911433,4.320987654320987,35.72866344605475,20.323403113258184,3.824476650563607,0.49651100375738055,0.026838432635534086,,,
126,9.762479871175524,15.841384863123993,3.193773483628556,6.541867954911433,4.300858829844337,35.621309715512616,20.323403113258184,3.8915727321524423,0.49651100375738055,0.026838432635534086,,,
127,9.628287707997853,15.593129361245303,3.878153515834675,6.501610305958132,5.401234567901234,32.8569511540526,22.22222222222222,3.3682232957595275,0.5233494363929146,0.026838432635534086,,,
128,9.64170692431562,15.499194847020934,3.851315083199141,6.4345142243692965,5.609232420826624,32.8569511540526,22.188674181427803,3.3682232957595275,0.5233494363929146,0.026838432635534086,,,
129,9.024422973698336,14.680622651637144,3.488996242619431,4.408212560386473,5.045625335480408,39.57997852925389,20.04830917874396,3.294417606011809,0.4294149221685454,,,,
130,9.111647879763822,14.680622651637144,3.5091250670960816,4.394793344068707,5.032206119162641,39.54643048845947,20.001341921631777,3.294417606011809,0.4294149221685454,,,,
131,9.104938271604938,14.593397745571659,3.4822866344605474,4.146537842190016,4.951690821256038,33.89023081052066,26.10708534621578,3.294417606011809,0.4294149221685454,,,,
132,9.265968867418144,14.506172839506172,3.4822866344605474,4.146537842190016,5.032206119162641,33.81642512077295,25.99302200751476,3.294417606011809,0.46296296296296297,,,,
133,9.426999463231347,14.465915190552872,3.4286097691894795,4.133118625872249,5.60252281266774,33.3064949006978,25.939345142243692,3.2675791733762747,0.4294149221685454,,,,
134,9.494095544820183,14.459205582393988,3.4286097691894795,3.9855072463768115,5.589103596349974,33.03811057434246,25.905797101449274,3.515834675254965,0.5837359098228664,,,,
135,9.54777241009125,13.855340848094471,3.3682232957595275,4.602791196994096,5.609232420826624,32.56843800322061,25.865539452495973,3.9586688137412773,0.5971551261406334,0.026838432635534086,,,
136,9.655126140633387,13.855340848094471,3.3548040794417604,4.602791196994096,5.609232420826624,32.41411701556629,25.79844337090714,4.086151368760064,0.5971551261406334,0.026838432635534086,,,
137,9.742351046698873,13.828502415458937,3.4286097691894795,4.602791196994096,5.595813204508857,32.33360171765969,25.758185721953836,4.086151368760064,0.5971551261406334,0.026838432635534086,,,
138,9.178743961352657,13.493022007514762,3.8378958668813743,4.602791196994096,5.032206119162641,35.98362855609233,23.255501878690286,3.992216854535695,0.5971551261406334,0.026838432635534086,,,
139,9.292807300053678,13.479602791196994,3.8177670424047236,4.582662372517445,5.032206119162641,35.869565217391305,23.1682769726248,4.019055287171229,0.6709608158883521,0.026838432635534086,0.040257648953301126,,
140,9.41358024691358,13.466183574879228,3.8177670424047236,4.582662372517445,5.005367686527107,35.82259796027912,23.03408480944713,4.019055287171229,0.7716049382716049,0.026838432635534086,0.040257648953301126,,
141,9.520933977455716,13.466183574879228,3.8177670424047236,4.582662372517445,5.005367686527107,35.72195383789587,23.03408480944713,4.012345679012346,0.7716049382716049,0.026838432635534086,0.040257648953301126,,
142,9.648416532474503,13.419216317767042,3.8177670424047236,4.569243156199678,4.9718196457326895,35.70182501341922,23.020665593129362,4.012345679012346,0.7716049382716049,0.026838432635534086,0.040257648953301126,,
143,5.475040257648954,56.937734836285564,2.0263016639828235,7.702630166398282,1.442565754159957,14.123725174449811,8.950617283950617,2.7643585614600106,0.5099302200751477,0.026838432635534086,0.040257648953301126,,
144,5.555555555555555,56.91089640365003,2.0263016639828235,7.689210950080516,1.442565754159957,14.096886741814279,8.93719806763285,2.7643585614600106,0.5099302200751477,0.026838432635534086,0.040257648953301126,,
145,5.763553408480945,56.62909286097692,2.0799785292538915,7.64224369296833,1.5297906602254427,14.04320987654321,8.923778851315083,2.818035426731079,0.5032206119162641,0.026838432635534086,0.040257648953301126,,
146,5.844068706387547,56.46135265700483,2.1604938271604937,7.64224369296833,1.5297906602254427,13.989533011272142,8.923778851315083,2.8784219001610305,0.5032206119162641,0.026838432635534086,0.040257648953301126,,
147,5.998389694041868,56.38083735909823,2.1604938271604937,7.64224369296833,1.5096618357487923,13.935856146001074,8.923778851315083,2.8784219001610305,0.5032206119162641,0.026838432635534086,0.040257648953301126,,
148,5.844068706387547,47.34299516908212,2.1806226516371443,7.64224369296833,1.6170155662909287,13.895598497047773,17.028985507246375,3.4688674181427803,0.9125067096081588,0.026838432635534086,0.040257648953301126,,
149,5.938003220611916,46.752549651100374,2.6838432635534084,7.608695652173913,1.6170155662909287,13.895598497047773,16.867954911433173,3.4688674181427803,1.1003757380568975,0.026838432635534086,0.040257648953301126,,
150,6.199677938808374,46.63177670424047,2.6838432635534084,7.608695652173913,1.6170155662909287,13.841921631776705,16.72705314009662,3.4621578099838968,1.1607622114868492,0.026838432635534086,0.040257648953301126,,
151,6.353998926462695,46.51100375738057,2.717391304347826,7.581857219538379,1.6170155662909287,13.801663982823403,16.72705314009662,3.4621578099838968,1.1607622114868492,0.026838432635534086,0.040257648953301126,,
152,6.4345142243692965,46.443907675791735,2.6972624798711755,7.568438003220612,1.6170155662909287,13.781535158346752,16.72705314009662,3.502415458937198,1.1607622114868492,0.026838432635534086,0.040257648953301126,,
153,6.528448738593666,46.41035963499731,2.6972624798711755,7.568438003220612,1.6170155662909287,13.754696725711218,16.700214707461082,3.4957058507783145,1.1607622114868492,0.026838432635534086,0.040257648953301126,,
154,6.749865807836822,46.01449275362319,3.0394524959742353,7.568438003220612,1.6170155662909287,13.6406333870102,16.646537842190018,3.4957058507783145,1.1607622114868492,0.026838432635534086,0.040257648953301126,,
155,6.877348362855609,45.94068706387547,3.0394524959742353,7.48792270531401,1.6170155662909287,13.620504562533547,16.358024691358025,3.9452495974235107,0.9796027911969941,0.0939345142243693,0.040257648953301126,,
156,7.03166935050993,45.900429414922165,3.0730005367686526,7.434245840042942,1.6170155662909287,13.573537305421363,16.31105743424584,3.9452495974235107,0.9796027911969941,0.0939345142243693,0.040257648953301126,,
157,7.132313472893183,45.853462157809986,3.0730005367686526,7.4208266237251745,1.6170155662909287,13.58695652173913,16.25738056897477,3.9452495974235107,0.9796027911969941,0.0939345142243693,0.040257648953301126,,
158,7.078636607622115,44.08212560386473,2.690552871712292,7.4208266237251745,1.6170155662909287,12.72812667740204,19.363929146537842,3.9049919484702094,0.9796027911969941,0.0939345142243693,0.040257648953301126,,
159,7.065217391304348,44.06870638754697,2.690552871712292,7.997852925389157,1.6170155662909287,12.72812667740204,18.686258722490606,3.8915727321524423,1.1205045625335481,0.0939345142243693,0.040257648953301126,,
160,7.085346215780999,44.00831991411702,2.7509393451422435,7.997852925389157,1.6170155662909287,12.72812667740204,18.67283950617284,3.8848631239935587,1.1205045625335481,0.0939345142243693,0.040257648953301126,,
161,7.092055823939882,44.00161030595813,3.193773483628556,7.98443370907139,1.6371443907675791,12.392646269457863,18.605743424584006,3.8043478260869565,1.1540526033279657,0.0939345142243693,0.040257648953301126,,
162,7.1725711218464845,43.94122383252818,3.193773483628556,7.957595276435856,1.6438539989264627,12.365807836822329,18.605743424584006,3.8311862587224907,1.1540526033279657,0.0939345142243693,0.040257648953301126,,
163,7.253086419753086,43.75335480407944,3.280998389694042,7.9039184111647875,1.737788513150832,12.352388620504563,18.59903381642512,3.8311862587224907,1.1540526033279657,0.0939345142243693,0.040257648953301126,,
164,7.4006977992485234,43.35748792270532,3.589640365002684,7.890499194847021,1.737788513150832,12.325550187869029,18.54535695115405,3.864734299516908,1.1540526033279657,0.0939345142243693,0.040257648953301126,,
165,7.48792270531401,43.31052066559313,3.556092324208266,7.890499194847021,1.737788513150832,12.325550187869029,18.5252281266774,3.851315083199141,1.1540526033279657,0.12077294685990338,0.040257648953301126,,
166,7.62211486849168,43.142780461621044,3.656736446591519,7.863660762211487,1.737788513150832,12.325550187869029,18.511808910359633,3.824476650563607,1.1540526033279657,0.12077294685990338,0.040257648953301126,,
167,7.689210950080516,43.05555555555556,3.656736446591519,7.950885668276973,1.737788513150832,12.29200214707461,18.47826086956522,3.824476650563607,1.1540526033279657,0.12077294685990338,0.040257648953301126,,
168,7.836822329575953,42.94820182501342,3.6634460547504024,7.950885668276973,1.737788513150832,12.278582930756844,18.47826086956522,3.824476650563607,1.1205045625335481,0.12077294685990338,0.040257648953301126,,
169,7.997852925389157,42.78717122920021,3.770799785292539,7.950885668276973,1.737788513150832,12.224906065485776,18.290391841116477,3.978797638217928,1.1003757380568975,0.12077294685990338,0.040257648953301126,,
170,8.044820182501342,42.76033279656468,3.797638217928073,7.950885668276973,1.710950080515298,12.224906065485776,18.290391841116477,3.9586688137412773,1.1003757380568975,0.12077294685990338,0.040257648953301126,,
171,8.13875469672571,42.62614063338701,3.864734299516908,7.971014492753623,1.710950080515298,12.184648416532475,18.290391841116477,3.9519592055823938,1.1003757380568975,0.12077294685990338,0.040257648953301126,,
172,8.185721953837897,42.01556629092861,4.461889425657541,7.971014492753623,1.7310789049919484,12.184648416532475,18.23671497584541,3.9519592055823938,1.1003757380568975,0.12077294685990338,0.040257648953301126,,
173,8.266237251744498,41.988727858293075,4.461889425657541,7.971014492753623,1.583467525496511,12.117552334943639,18.357487922705314,3.992216854535695,1.1003757380568975,0.12077294685990338,0.040257648953301126,,
174,8.158883521202362,40.9621578099839,4.428341384863124,7.96430488459474,5.938003220611916,12.090713902308105,15.237520128824476,3.824476650563607,1.2345679012345678,0.12077294685990338,0.040257648953301126,,
175,8.246108427267847,40.89506172839506,4.455179817498658,7.96430488459474,5.938003220611916,12.030327428878154,15.22410091250671,3.851315083199141,1.2345679012345678,0.12077294685990338,0.040257648953301126,,
176,8.192431561996779,40.58641975308642,4.40150295222759,7.917337627482555,5.83064949006978,15.056360708534621,13.01663982823403,3.8311862587224907,0.9728931830381106,0.12077294685990338,0.07380568974771873,,
177,8.219269994632313,40.50590445517982,4.435050993022007,7.883789586688137,5.83064949006978,15.049651100375739,13.043478260869565,3.8311862587224907,0.9728931830381106,0.15432098765432098,0.07380568974771873,,
178,8.225979602791197,40.351583467525494,4.683306494900698,7.729468599033816,5.83064949006978,15.042941492216855,12.97638217928073,3.8311862587224907,0.9728931830381106,0.28180354267310787,0.07380568974771873,,
179,8.3467525496511,40.06977992485239,4.918142780461621,7.729468599033816,5.83064949006978,15.029522275899087,12.97638217928073,3.797638217928073,0.9728931830381106,0.2549651100375738,0.07380568974771873,,
180,8.454106280193237,39.88862050456253,5.052334943639291,7.729468599033816,5.790391841116479,15.002683843263553,12.95625335480408,3.824476650563607,0.9728931830381106,0.2549651100375738,0.07380568974771873,,
181,8.601717659688674,38.781535158346756,6.072195383789587,7.729468599033816,5.770263016639828,14.962426194310252,12.889157273215245,3.824476650563607,0.9594739667203436,0.33548040794417605,0.07380568974771873,,
182,8.59500805152979,38.66076221148685,6.0654857756307035,7.769726247987117,5.891035963499732,14.935587761674718,12.86231884057971,3.824476650563607,0.9863123993558777,0.33548040794417605,0.07380568974771873,,
183,7.96430488459474,30.387815351583466,5.059044551798175,6.347289318303811,3.2340311325818574,28.978797638217927,12.754965110037574,3.851315083199141,1.0534084809447128,0.2952227589908749,0.07380568974771873,,
184,8.004562533548041,30.360976918947934,5.059044551798175,6.347289318303811,3.2340311325818574,28.965378421900162,12.754965110037574,3.851315083199141,1.0534084809447128,0.2952227589908749,0.07380568974771873,,
185,8.071658615136876,30.314009661835748,5.059044551798175,6.320450885668277,3.2340311325818574,28.945249597423512,12.72812667740204,3.851315083199141,1.0802469135802468,0.322061191626409,0.07380568974771873,,
186,8.091787439613526,30.293880837359097,5.059044551798175,6.320450885668277,3.2340311325818574,28.723832528180353,12.72812667740204,4.072732152442297,1.0802469135802468,0.322061191626409,0.07380568974771873,,
187,8.105206655931294,30.293880837359097,5.059044551798175,6.3137412775093935,3.2340311325818574,28.629898013955984,12.4597423510467,4.428341384863124,1.0802469135802468,0.322061191626409,0.07380568974771873,,
188,8.353462157809984,30.005367686527105,5.394524959742351,6.3137412775093935,3.2340311325818574,28.401771336553946,12.432903918411165,4.388083735909823,1.0802469135802468,0.322061191626409,0.07380568974771873,,
189,8.420558239398819,29.99194847020934,5.394524959742351,6.3137412775093935,3.2340311325818574,28.388352120236178,12.432903918411165,4.374664519592056,1.0802469135802468,0.322061191626409,0.04696725711218465,,
190,8.400429414922169,29.931561996779386,5.394524959742351,6.776704240472356,3.2206119162640903,27.375201288244767,12.365807836822329,5.0858829844337095,1.0802469135802468,0.322061191626409,0.04696725711218465,,
191,8.420558239398819,29.924852388620504,5.394524959742351,6.776704240472356,3.2206119162640903,27.32823403113258,12.144390767579173,5.428073000536768,1.0534084809447128,0.2616747181964573,0.04696725711218465,,
192,8.440687063875469,29.904723564143854,5.4616210413311865,6.837090713902308,3.2206119162640903,27.3215244229737,12.110842726784755,5.347557702630167,1.0466988727858293,0.2616747181964573,0.04696725711218465,,
193,8.527911969940956,29.602791196994094,5.528717122920021,6.823671497584541,3.240740740740741,27.046430488459475,11.855877616747183,6.018518518518518,1.0466988727858293,0.2616747181964573,0.04696725711218465,,
194,8.61513687600644,29.56924315619968,5.515297906602254,6.823671497584541,3.240740740740741,27.006172839506174,11.855877616747183,6.018518518518518,1.0466988727858293,0.2616747181964573,0.04696725711218465,,
195,8.675523349436393,28.73725174449812,6.528448738593666,6.8035426731078905,3.3548040794417604,26.757917337627482,11.681427804616211,6.125872249060655,1.0265700483091786,0.2616747181964573,0.04696725711218465,,
196,8.78287707997853,28.32125603864734,7.0383789586688135,6.8035426731078905,3.3548040794417604,26.127214170692433,11.681427804616211,6.5552871712292005,1.0265700483091786,0.2616747181964573,0.04696725711218465,,
197,8.80300590445518,26.764626945786365,7.132313472893183,6.8035426731078905,4.830917874396135,26.120504562533547,11.681427804616211,6.528448738593666,1.0265700483091786,0.2616747181964573,0.04696725711218465,,
198,8.816425120772946,26.590177133655395,7.078636607622115,6.729736983360172,5.173107890499195,26.093666129898015,11.681427804616211,6.528448738593666,1.0265700483091786,0.23483628556092323,0.04696725711218465,,
199,8.977455716586151,26.455984970477726,7.078636607622115,6.702898550724638,5.159688674181428,26.060118089103597,11.506977992485238,6.769994632313473,1.0064412238325282,0.23483628556092323,0.04696725711218465,,
200,9.044551798174986,26.41572732152442,7.078636607622115,6.702898550724638,5.146269457863661,26.04669887278583,11.506977992485238,6.769994632313473,1.0064412238325282,0.23483628556092323,0.04696725711218465,,
201,9.118357487922705,26.382179280730007,7.078636607622115,6.736446591519055,5.146269457863661,26.019860440150296,11.506977992485238,6.723027375201288,1.0064412238325282,0.23483628556092323,0.04696725711218465,,
202,9.205582393988191,26.268115942028984,7.159151905528717,6.736446591519055,5.146269457863661,25.966183574879228,11.500268384326356,6.729736983360172,1.0064412238325282,0.23483628556092323,0.04696725711218465,,
203,9.312936124530328,26.25469672571122,7.159151905528717,6.736446591519055,5.146269457863661,25.865539452495973,11.493558776167472,6.743156199677939,1.0064412238325282,0.23483628556092323,0.04696725711218465,,
204,9.373322597960279,26.187600644122384,7.192699946323135,6.736446591519055,5.146269457863661,25.83870101986044,11.493558776167472,6.743156199677939,1.0064412238325282,0.23483628556092323,0.04696725711218465,,
205,9.581320450885668,26.100375738056897,7.1658615136876005,6.736446591519055,5.146269457863661,25.63070316693505,11.480139559849706,6.870638754696726,1.0064412238325282,0.23483628556092323,0.04696725711218465,,
206,9.695383789586689,26.006441223832528,7.192699946323135,6.736446591519055,5.146269457863661,25.63070316693505,11.446591519055287,6.870638754696726,0.9930220075147611,0.23483628556092323,0.04696725711218465,,
207,9.802737520128824,25.99302200751476,7.139023081052066,6.723027375201288,5.146269457863661,25.462962962962962,11.473429951690822,6.984702093397746,0.9930220075147611,0.23483628556092323,0.04696725711218465,,
208,9.970477724100913,25.87895866881374,7.14573268921095,6.723027375201288,5.132850241545894,25.41599570585078,11.2788513150832,6.984702093397746,1.1876006441223832,0.23483628556092323,0.04696725711218465,,
209,10.030864197530864,25.791733762748255,7.185990338164252,6.723027375201288,5.12614063338701,25.409286097691894,11.2788513150832,6.984702093397746,1.1876006441223832,0.23483628556092323,0.04696725711218465,,
210,10.19189479334407,25.717928073000536,7.185990338164252,6.863929146537842,4.99194847020934,25.37573805689748,11.218464841653248,6.984702093397746,1.1876006441223832,0.23483628556092323,0.04696725711218465,,
211,10.23215244229737,25.409286097691894,7.682501341921632,6.823671497584541,4.99194847020934,25.13419216317767,11.191626409017713,7.024959742351046,1.1876006441223832,0.27509393451422437,0.04696725711218465,,
212,10.332796564680622,25.140901771336555,7.957595276435856,6.823671497584541,4.99194847020934,25.06038647342995,11.191626409017713,6.991411701556629,1.1876006441223832,0.27509393451422437,0.04696725711218465,,
213,10.493827160493828,25.0805152979066,8.017981749865807,6.796833064949007,4.9718196457326895,24.973161567364468,11.151368760064413,6.977992485238862,1.1876006441223832,0.27509393451422437,0.07380568974771873,,
214,10.554213633923778,25.0,8.038110574342458,6.763285024154589,5.112721417069243,24.651100375738057,11.151368760064413,7.192699946323135,1.1876006441223832,0.27509393451422437,0.07380568974771873,,
215,10.581052066559312,24.9194847020934,8.105206655931294,6.763285024154589,5.112721417069243,24.490069779924852,11.097691894793345,7.39398819108964,1.1876006441223832,0.27509393451422437,0.07380568974771873,,
216,10.775630703166936,24.63768115942029,8.32662372517445,6.696188942565755,5.112721417069243,24.268652710681696,11.037305421363392,7.581857219538379,1.2144390767579174,0.27509393451422437,0.07380568974771873,,
217,10.876274825550189,24.490069779924852,8.487654320987655,6.689479334406871,5.112721417069243,24.16129898013956,11.037305421363392,7.588566827697263,1.2077294685990339,0.27509393451422437,0.07380568974771873,,
218,10.929951690821255,24.476650563607084,8.480944712828771,6.689479334406871,5.112721417069243,24.12104133118626,10.896403650026839,7.588566827697263,1.3553408480944713,0.27509393451422437,0.07380568974771873,,
219,10.983628556092324,24.376006441223833,8.440687063875469,6.689479334406871,5.199946323134729,23.993558776167472,10.88298443370907,7.729468599033816,1.3553408480944713,0.27509393451422437,0.07380568974771873,,
220,11.064143853998926,24.349168008588297,8.427267847557703,6.689479334406871,5.193236714975845,23.960010735373054,10.88298443370907,7.729468599033816,1.3553408480944713,0.27509393451422437,0.07380568974771873,,
221,11.198336017176597,24.20155662909286,8.55475040257649,6.689479334406871,5.193236714975845,23.91304347826087,10.86285560923242,7.695920558239399,1.3419216317767042,0.27509393451422437,0.07380568974771873,,
222,11.178207192699947,23.93317230273752,8.870101986044014,6.689479334406871,5.193236714975845,23.812399355877616,10.695115405260333,7.796564680622652,1.482823403113258,0.27509393451422437,0.07380568974771873,,
