,45,50,55,51,52,53,54,56,58,57,59,60,61
0,93.9345142243693,6.031937734836285,0.03354804079441761,,,,,,,,,,
1,90.60654857756307,9.359903381642512,0.03354804079441761,,,,,,,,,,
2,89.63365539452496,10.285829307568438,0.08051529790660225,,,,,,,,,,
3,89.19082125603865,10.661567364465915,0.14761137949543746,,,,,,,,,,
4,88.92914653784219,10.923242082662373,0.14761137949543746,,,,,,,,,,
5,81.07219538378959,18.666129898013956,0.2616747181964573,,,,,,,,,,
6,80.02549651100375,19.632313472893184,0.2616747181964573,0.08051529790660225,,,,,,,,,
7,75.691089640365,23.825818572195384,0.4025764895330113,0.08051529790660225,,,,,,,,,
8,75.27509393451423,24.20155662909286,0.4025764895330113,0.08051529790660225,0.040257648953301126,,,,,,,,
9,74.61084272678475,24.060654857756308,0.4025764895330113,0.08051529790660225,0.8454106280193237,,,,,,,,
10,73.38969404186795,24.993290391841118,0.4025764895330113,0.2214170692431562,0.8454106280193237,0.04696725711218465,0.10064412238325282,,,,,,
11,73.05421363392378,25.026838432635532,0.4025764895330113,0.2214170692431562,1.1473429951690821,0.04696725711218465,0.10064412238325282,,,,,,
12,72.35641438539989,25.254965110037574,0.36231884057971014,0.2214170692431562,1.6572732152442298,0.04696725711218465,0.10064412238325282,,,,,,
13,70.14895330112721,27.435587761674718,0.38915727321524424,0.2214170692431562,1.6572732152442298,0.04696725711218465,0.10064412238325282,,,,,,
14,69.2163177670424,28.29441760601181,0.4025764895330113,0.2214170692431562,1.6841116478797638,0.08051529790660225,0.10064412238325282,,,,,,
15,68.8137412775094,28.61647879763822,0.4025764895330113,0.2214170692431562,1.7646269457863661,0.08051529790660225,0.10064412238325282,,,,,,
16,68.67283950617283,28.428609769189478,0.4025764895330113,0.2214170692431562,1.7646269457863661,0.2683843263553409,0.24154589371980675,,,,,,
17,67.77375201288245,29.21363392377885,0.4025764895330113,0.33548040794417605,1.7646269457863661,0.2683843263553409,0.24154589371980675,,,,,,
18,67.3443370907139,28.421900161030596,0.4025764895330113,0.6172839506172839,1.6103059581320451,1.3352120236178207,0.2683843263553409,,,,,,
19,67.08937198067633,28.442028985507246,0.5166398282340311,0.7112184648416533,1.6371443907675791,1.3352120236178207,0.2683843263553409,,,,,,
20,66.19028448738594,27.38191089640365,0.5166398282340311,2.703972088030059,1.6035963499731616,1.3352120236178207,0.2683843263553409,,,,,,
21,66.05609232420827,27.469135802469136,0.5166398282340311,2.7509393451422435,1.6035963499731616,1.3352120236178207,0.2683843263553409,,,,,,
22,65.82796564680622,27.66371443907676,0.5166398282340311,2.7442297369833604,1.6035963499731616,1.3754696725711217,0.2683843263553409,,,,,,
23,64.95571658615137,28.442028985507246,0.6105743424584005,2.7442297369833604,1.6035963499731616,1.3754696725711217,0.2683843263553409,,,,,,
24,64.61352657004831,28.609769189479334,0.644122383252818,2.7442297369833604,1.4761137949543746,1.5163714439076759,0.39586688137412773,,,,,,
25,64.43907675791733,28.77750939345142,0.6843800322061192,2.7442297369833604,1.5163714439076759,1.4895330112721417,0.3488996242619431,,,,,,
26,63.539989264626946,29.542404723564143,0.6709608158883521,2.8918411164787976,1.5163714439076759,1.4895330112721417,0.3488996242619431,,,,,,
27,63.38566827697262,29.622920021470748,0.6977992485238862,2.8918411164787976,1.5163714439076759,1.4895330112721417,0.39586688137412773,,,,,,
28,63.26489533011272,29.61621041331186,0.6977992485238862,2.932098765432099,1.5163714439076759,1.5767579173376274,0.39586688137412773,,,,,,
29,62.4194847020934,29.817498658078367,0.6977992485238862,3.535963499731616,1.5163714439076759,1.5365002683843263,0.47638217928073,,,,,,
30,61.3191089640365,30.52871712292002,0.7514761137949544,3.8714439076757916,1.5163714439076759,1.5365002683843263,0.47638217928073,,,,,,
31,60.18518518518518,31.57541599570585,0.7514761137949544,3.8714439076757916,1.6035963499731616,1.5365002683843263,0.47638217928073,,,,,,
32,58.20585077831455,28.864734299516908,0.5501878690284487,8.380300590445518,1.6035963499731616,1.5365002683843263,0.8588298443370908,,,,,,
33,57.39398819108964,29.448470209339774,0.644122383252818,8.407139023081053,1.6975308641975309,1.5365002683843263,0.8588298443370908,0.013419216317767043,,,,,
34,47.82608695652174,39.090177133655395,0.6642512077294686,8.319914117015566,1.583467525496511,1.4224369296833066,1.0802469135802468,0.013419216317767043,,,,,
35,47.67176596886742,38.94927536231884,0.6642512077294686,8.319914117015566,1.6975308641975309,1.3553408480944713,1.328502415458937,0.013419216317767043,,,,,
36,46.96725711218465,39.15727321524423,0.7179280730005367,8.514492753623188,1.9524959742351047,1.3553408480944713,1.3217928073000538,0.013419216317767043,,,,,
37,46.37010198604401,39.40552871712292,0.7917337627482555,8.501073537305421,1.9524959742351047,1.3553408480944713,1.6103059581320451,0.013419216317767043,,,,,
38,44.89398819108964,41.317767042404725,0.8923778851315083,8.004562533548041,1.865271068169619,1.2815351583467525,1.6908212560386473,0.040257648953301126,0.013419216317767043,,,,
39,44.71953837895867,40.56629092860977,0.8722490606548577,7.937466451959206,2.5429414922168547,1.4224369296833066,1.8585614600107354,0.06709608158883522,0.013419216317767043,,,,
40,44.24315619967794,37.03703703703704,0.8454106280193237,9.453837895866881,5.273752012882448,1.3687600644122384,1.6975308641975309,0.06709608158883522,0.013419216317767043,,,,
41,43.86741814278046,37.063875469672574,0.8856682769726248,9.789318303811058,5.273752012882448,1.3083735909822867,1.6975308641975309,0.10064412238325282,0.013419216317767043,,,,
42,43.33064949006978,37.0101986044015,0.9930220075147611,10.178475577026301,5.3341384863123995,1.442565754159957,1.596886741814278,0.10064412238325282,0.013419216317767043,,,,
43,43.08910359634997,37.0504562533548,1.0064412238325282,9.923510466988727,5.5756843800322065,1.6438539989264627,1.596886741814278,0.10064412238325282,0.013419216317767043,,,,
44,42.72007514761138,37.27187332259796,1.0802469135802468,9.91009125067096,5.508588298443371,1.6572732152442298,1.6706924315619969,0.10064412238325282,0.013419216317767043,0.06709608158883522,,,
45,36.211755233494365,46.464036500268385,0.9997316156736447,9.084809447128288,5.233494363929147,0.5837359098228664,1.2412775093934514,0.11406333870101985,,0.06709608158883522,,,
46,35.86285560923242,46.383521202361784,0.9930220075147611,9.23913043478261,5.441492216854535,0.7045088566827697,1.1406333870101986,0.15432098765432098,,0.08051529790660225,,,
47,34.13848631239936,41.706924315619965,0.9393451422436929,16.760601180891037,4.562533548040794,0.6709608158883521,0.9997316156736447,0.2214170692431562,,,,,
48,34.03113258185722,41.31105743424584,1.328502415458937,16.874664519592056,4.562533548040794,0.6709608158883521,0.9997316156736447,0.2214170692431562,,,,,
49,33.943907675791735,41.29092860976919,1.556629092860977,16.80756843800322,4.508856682769726,0.6709608158883521,0.9997316156736447,0.2214170692431562,,,,,
50,33.41384863123994,41.52576489533011,1.778046162104133,16.76731078904992,4.5960815888352125,0.7112184648416533,0.9863123993558777,0.2214170692431562,,,,,
51,33.340042941492214,41.31105743424584,1.8853998926462694,16.67337627482555,4.528985507246377,0.9863123993558777,0.9863123993558777,0.2214170692431562,,0.06709608158883522,,,
52,31.749865807836823,41.74718196457327,2.3215244229736984,17.424852388620504,4.49543746645196,0.9863123993558777,0.9863123993558777,0.2214170692431562,,0.06709608158883522,,,
53,31.206387546967257,41.0426731078905,2.4557165861513686,17.250402576489535,5.6964573268921095,0.9863123993558777,1.0735373054213635,0.2214170692431562,,0.06709608158883522,,,
54,31.233225979602793,40.62667740203972,2.4154589371980677,17.24369296833065,5.776972624798712,1.3419216317767042,1.0735373054213635,0.2214170692431562,,0.06709608158883522,,,
55,30.320719269994633,41.243961352657,2.536231884057971,17.163177670424048,5.622651637144391,1.3352120236178207,1.442565754159957,0.2683843263553409,,0.06709608158883522,,,
56,30.06575415995706,41.096349973161566,2.49597423510467,17.726784755770264,5.475040257648954,1.3352120236178207,1.4090177133655395,0.32877079978529256,,0.06709608158883522,,,
57,29.468599033816425,41.45195920558239,2.844873859366613,17.538915727321523,5.542136339237788,1.3553408480944713,1.4358561460010735,0.2952227589908749,,0.06709608158883522,,,
58,29.300858829844337,41.06951154052604,2.85829307568438,17.70665593129361,5.615942028985507,1.3352120236178207,1.751207729468599,0.2952227589908749,,0.06709608158883522,,,
59,29.1129898013956,41.136607622114866,3.012614063338701,17.599302200751477,5.58239398819109,1.4358561460010735,1.751207729468599,0.27509393451422437,,0.0939345142243693,,,
60,28.904991948470208,40.49919484702093,3.012614063338701,17.55233494363929,6.320450885668277,1.4626945786366077,1.751207729468599,0.4025764895330113,,0.0939345142243693,,,
61,28.629898013955984,40.64009661835749,3.026033279656468,17.60601180891036,6.374127750939345,1.5029522275899088,1.724369296833065,0.4025764895330113,,0.0939345142243693,,,
62,28.421900161030596,40.666935050993025,3.2206119162640903,17.59259259259259,6.374127750939345,1.5029522275899088,1.724369296833065,0.4025764895330113,,0.0939345142243693,,,
63,28.401771336553946,40.687063875469676,3.227321524422974,17.37788513150832,6.481481481481482,1.5029522275899088,1.778046162104133,0.4495437466451959,,0.0939345142243693,,,
64,28.37493290391841,40.57971014492754,3.4151905528717124,17.216854535695116,6.481481481481482,1.5029522275899088,1.9122383252818036,0.4227053140096618,,0.0939345142243693,,,
65,28.348094471282877,40.39855072463768,3.5225442834138487,17.20343531937735,6.481481481481482,1.4694041867954912,2.059849704777241,0.4227053140096618,,0.0939345142243693,,,
66,28.20048309178744,40.17042404723564,3.5963499731615673,17.371175523349436,6.353998926462695,1.6706924315619969,2.0799785292538915,0.46296296296296297,,0.0939345142243693,,,
67,28.193773483628558,39.741009125067094,3.92512077294686,17.330917874396135,6.595544820182502,1.596886741814278,2.046430488459474,0.46296296296296297,,0.0939345142243693,0.013419216317767043,,
68,28.173644659151904,39.59339774557166,3.9519592055823938,17.277241009125067,6.5485775630703165,1.6103059581320451,2.2745571658615136,0.46296296296296297,,0.0939345142243693,0.013419216317767043,,
69,28.207192699946322,39.55984970477724,3.92512077294686,17.2638217928073,6.5485775630703165,1.6103059581320451,2.314814814814815,0.46296296296296297,,0.0939345142243693,0.013419216317767043,,
70,28.20048309178744,39.23778851315083,3.8043478260869565,17.236983360171767,6.837090713902308,1.6103059581320451,2.5026838432635534,0.46296296296296297,,0.0939345142243693,0.013419216317767043,,
71,28.032742887815353,38.137412775093935,3.683574879227053,17.478529253891573,8.017981749865807,1.5029522275899088,2.6972624798711755,0.3421900161030596,,0.0939345142243693,0.013419216317767043,,
72,27.469135802469136,37.58722490606549,3.92512077294686,19.786634460547504,6.582125603864735,1.5029522275899088,2.636876006441224,0.4294149221685454,,0.06709608158883522,0.013419216317767043,,
73,27.355072463768117,36.94981213097155,3.965378421900161,19.296833064949006,7.702630166398282,1.6438539989264627,2.5161030595813205,0.48980139559849706,,0.06709608158883522,0.013419216317767043,,
74,27.012882447665056,36.41304347826087,3.9855072463768115,20.034889962426195,7.695920558239399,1.778046162104133,2.4691358024691357,0.5300590445517982,,0.06709608158883522,0.013419216317767043,,
75,26.7512077294686,36.47342995169082,3.911701556629093,20.222758990874933,7.695920558239399,1.7981749865807837,2.4825550187869028,0.5837359098228664,,0.06709608158883522,0.013419216317767043,,
76,26.724369296833064,35.970209339774556,4.62962962962963,20.00805152979066,7.695920558239399,1.7981749865807837,2.509393451422437,0.5837359098228664,,0.06709608158883522,0.013419216317767043,,
77,26.704240472356414,35.89640365002684,4.602791196994096,19.96779388083736,7.682501341921632,1.8786902844873858,2.6033279656468062,0.5837359098228664,,0.06709608158883522,0.013419216317767043,,
78,26.54320987654321,35.94337090713902,4.938271604938271,19.746376811594203,7.6556629092860975,1.7981749865807837,2.6838432635534084,0.5837359098228664,,0.0939345142243693,0.013419216317767043,,
79,24.510198604401502,40.22410091250671,5.072463768115942,17.632850241545892,7.37385936661299,1.7713365539452497,2.717391304347826,0.5904455179817498,,0.0939345142243693,0.013419216317767043,,
80,24.4296833064949,40.25093934514224,5.0791733762748255,17.639559849704778,7.37385936661299,1.8115942028985508,2.717391304347826,0.5904455179817498,,0.0939345142243693,0.013419216317767043,,
81,24.134460547504027,40.37842190016103,5.119431025228127,17.639559849704778,7.2933440687063875,1.9793344068706387,2.771068169618894,0.5770263016639828,,0.0939345142243693,0.013419216317767043,,
82,24.174718196457327,39.700751476113794,5.307300053676865,17.612721417069242,7.239667203435319,2.301395598497048,2.9388083735909825,0.6172839506172839,,0.0939345142243693,0.013419216317767043,,
83,23.98684916800859,39.72758990874933,5.495169082125604,17.52549651100376,7.239667203435319,2.3349436392914655,2.965646806226516,0.6172839506172839,,0.0939345142243693,0.013419216317767043,,
84,22.624798711755233,41.7337627482555,5.481749865807837,17.23027375201288,7.092055823939882,2.26784755770263,2.831454643048846,0.6172839506172839,,0.10735373054213634,0.013419216317767043,,
85,22.591250670960815,41.38486312399356,5.770263016639828,17.297369833601717,7.092055823939882,2.2946859903381642,2.818035426731079,0.630703166935051,,0.10735373054213634,0.013419216317767043,,
86,21.43719806763285,42.82071926999463,5.897745571658615,17.102791196994094,6.857219538378959,2.3550724637681157,2.7777777777777777,0.630703166935051,,0.10735373054213634,0.013419216317767043,,
87,21.182232957595275,41.75389157273215,5.870907139023081,17.23027375201288,6.810252281266774,2.4355877616747184,3.965378421900161,0.630703166935051,,0.10735373054213634,0.013419216317767043,,
88,21.16881374127751,41.5727321524423,6.0654857756307035,17.216854535695116,6.743156199677939,2.4355877616747184,3.992216854535695,0.6843800322061192,,0.10735373054213634,0.013419216317767043,,
89,21.088298443370906,41.45195920558239,6.374127750939345,17.183306494900698,6.743156199677939,2.4355877616747184,3.9184111647879765,0.6843800322061192,,0.10735373054213634,0.013419216317767043,,
90,20.974235104669887,41.30434782608695,6.763285024154589,17.05582393988191,6.709608158883521,2.4355877616747184,3.9184111647879765,0.6843800322061192,,0.14090177133655393,0.013419216317767043,,
91,20.860171765968868,41.17015566290929,6.6760601180891035,16.867954911433173,6.884057971014493,2.522812667740204,4.0995705850778315,0.7648953301127214,,0.14090177133655393,0.013419216317767043,,
92,20.799785292538918,41.1231884057971,6.743156199677939,16.760601180891037,6.78341384863124,2.6704240472356413,4.133118625872249,0.8319914117015567,,0.14090177133655393,0.013419216317767043,,
93,20.437466451959207,41.438539989264626,6.729736983360172,16.606280193236714,6.790123456790123,3.113258185721954,3.8714439076757916,0.8319914117015567,,0.16774020397208803,0.013419216317767043,,
94,19.79334406870639,42.1027911969941,6.723027375201288,16.59957058507783,6.696188942565755,3.166935050993022,3.9049919484702094,0.8319914117015567,,0.16774020397208803,0.013419216317767043,,
95,19.712828770799785,42.0222758990875,6.662640901771336,16.700214707461082,6.608964036500268,3.166935050993022,4.025764895330113,0.9125067096081588,,0.1610305958132045,0.013419216317767043,0.013419216317767043,
96,19.719538378958667,41.8545356951154,6.501610305958132,16.458668813741276,6.608964036500268,3.2877079978529253,4.468599033816425,0.9125067096081588,,0.1610305958132045,0.013419216317767043,0.013419216317767043,
97,19.75979602791197,41.74718196457327,6.300322061191626,16.19699409554482,6.595544820182502,3.421900161030596,4.87788513150832,0.9125067096081588,,0.1610305958132045,0.013419216317767043,0.013419216317767043,
98,19.679280730005367,41.52576489533011,6.515029522275899,16.1231884057971,6.588835212023618,3.421900161030596,5.01207729468599,0.9393451422436929,,0.16774020397208803,0.013419216317767043,0.013419216317767043,
99,19.753086419753085,41.438539989264626,6.501610305958132,16.009125067096083,6.582125603864735,3.5628019323671496,5.032206119162641,0.9259259259259259,,0.16774020397208803,0.013419216317767043,0.013419216317767043,
100,19.786634460547504,41.43183038110574,6.494900697799249,16.009125067096083,6.374127750939345,3.5628019323671496,5.032206119162641,0.9930220075147611,,0.2885131508319914,0.013419216317767043,0.013419216317767043,
101,19.585346215780998,41.06951154052604,6.635802469135802,15.921900161030596,6.66935050993022,3.5628019323671496,5.12614063338701,1.1137949543746646,,0.2885131508319914,0.013419216317767043,0.013419216317767043,
102,19.410896403650028,41.243961352657,6.535158346752549,15.874932903918411,6.561996779388084,3.603059581320451,5.293880837359098,1.1607622114868492,,0.2885131508319914,0.013419216317767043,0.013419216317767043,
103,19.290123456790123,41.056092324208265,6.508319914117015,16.009125067096083,6.595544820182502,3.603059581320451,5.434782608695652,1.1607622114868492,,0.3153515834675255,0.013419216317767043,0.013419216317767043,
104,19.129092860976918,40.4723564143854,6.508319914117015,16.888083735909824,6.595544820182502,3.5225442834138487,5.253623188405797,1.1607622114868492,,0.4428341384863124,0.013419216317767043,0.013419216317767043,
105,19.04186795491143,40.485775630703166,6.400966183574879,17.08937198067633,6.474771873322598,3.549382716049383,5.253623188405797,1.2681159420289856,,0.4092860976918948,0.013419216317767043,0.013419216317767043,
106,18.92109500805153,40.05636070853462,6.213097155126141,17.06924315619968,7.454374664519592,3.421900161030596,5.146269457863661,1.2681159420289856,,0.4227053140096618,0.013419216317767043,0.013419216317767043,
107,18.988191089640367,39.34514224369297,6.286902844873859,16.908212560386474,7.4141170155662905,3.4151905528717124,5.864197530864198,1.3016639828234031,,0.4495437466451959,0.013419216317767043,0.013419216317767043,
108,18.203166935050994,36.2788513150832,5.01207729468599,23.242082662372518,7.25979602791197,3.0730005367686526,5.01207729468599,1.4559849704777241,,0.4495437466451959,,0.013419216317767043,
109,17.814009661835748,34.49409554482018,4.669887278582931,26.27482555018787,7.118894256575416,3.0327428878153517,4.676596886741814,1.482823403113258,,0.4227053140096618,,0.013419216317767043,
110,16.67337627482555,35.21202361782072,4.938271604938271,25.288513150831992,7.004830917874396,4.448470209339774,4.488727858293076,1.5096618357487923,,0.4227053140096618,,0.013419216317767043,
111,16.532474503488995,35.13150831991412,4.985238862050457,25.033548040794418,7.0450885668276975,4.394793344068707,4.555823939881911,1.8719806763285025,0.013419216317767043,0.4227053140096618,,0.013419216317767043,
112,16.378153515834676,35.31266774020397,5.01207729468599,24.738325281803544,6.910896403650026,4.49543746645196,4.528985507246377,2.1739130434782608,0.013419216317767043,0.4227053140096618,,0.013419216317767043,
113,15.76086956521739,36.03730542136339,5.01207729468599,24.711486849168008,6.602254428341385,4.327697262479871,4.62962962962963,2.1806226516371443,0.013419216317767043,0.7112184648416533,,0.013419216317767043,
114,15.351583467525497,35.35963499731616,4.978529253891573,24.724906065485776,7.575147611379496,4.455179817498658,4.7168545356951155,2.100107353730542,0.013419216317767043,0.7112184648416533,,0.013419216317767043,
115,15.324745034889963,35.35963499731616,5.159688674181428,24.63768115942029,7.575147611379496,4.38137412775094,4.7101449275362315,2.100107353730542,0.013419216317767043,0.7112184648416533,,0.026838432635534086,
116,15.277777777777779,35.04428341384863,5.10601180891036,24.691358024691358,7.669082125603865,4.38137412775094,4.851046698872786,2.227589908749329,0.013419216317767043,0.7112184648416533,,0.026838432635534086,
117,15.277777777777779,35.02415458937198,5.119431025228127,24.644390767579175,7.669082125603865,4.367954911433173,4.851046698872786,2.2745571658615136,0.013419216317767043,0.7313472893183038,,0.026838432635534086,
118,15.277777777777779,34.70880300590446,4.797369833601718,24.382716049382715,7.608695652173913,4.9651100375738055,5.260332796564681,2.227589908749329,0.013419216317767043,0.7313472893183038,,0.026838432635534086,
119,15.069779924852389,34.648416532474506,4.8376274825550185,24.52361782071927,7.501341921631776,5.12614063338701,5.213365539452496,2.3081052066559313,0.013419216317767043,0.7313472893183038,,0.026838432635534086,
120,15.063070316693505,34.54777241009125,4.824208266237251,24.537037037037038,7.501341921631776,5.173107890499195,5.273752012882448,2.3081052066559313,0.013419216317767043,0.7313472893183038,,0.026838432635534086,
121,15.029522275899087,33.883521202361784,4.817498658078368,25.06038647342995,7.340311325818572,5.173107890499195,5.273752012882448,2.6502952227589907,0.013419216317767043,0.7313472893183038,,0.026838432635534086,
122,15.022812667740205,33.78958668813741,4.7638217928073,25.09393451422437,7.380568974771873,5.226784755770263,5.260332796564681,2.677133655394525,0.026838432635534086,0.7313472893183038,,0.026838432635534086,
123,15.01610305958132,33.80971551261406,4.770531400966184,25.07380568974772,7.37385936661299,5.260332796564681,5.246913580246914,2.6637144390767578,0.026838432635534086,0.7313472893183038,,0.026838432635534086,
124,14.9020397208803,33.48765432098765,4.74369296833065,25.161030595813205,7.595276435856146,5.253623188405797,5.300590445517981,2.737520128824477,0.026838432635534086,0.7313472893183038,0.013419216317767043,0.04696725711218465,
125,14.841653247450349,33.17230273752013,4.64975845410628,24.610842726784757,7.628824476650563,6.340579710144928,5.22007514761138,2.717391304347826,0.026838432635534086,0.7313472893183038,0.013419216317767043,0.04696725711218465,
126,14.150563607085346,33.15217391304348,4.549114331723027,25.791733762748255,7.575147611379496,6.018518518518518,5.152979066022544,2.791196994095545,0.026838432635534086,0.7313472893183038,0.013419216317767043,0.04696725711218465,
127,14.210950080515298,32.99785292538916,4.676596886741814,25.677670424047236,7.575147611379496,6.018518518518518,5.146269457863661,2.8784219001610305,0.026838432635534086,0.7313472893183038,0.013419216317767043,0.04696725711218465,
128,10.198604401502953,50.07380568974772,3.4420289855072466,20.095276435856146,6.172839506172839,4.810789049919484,3.1199677938808374,1.865271068169619,0.013419216317767043,0.17444981213097155,0.013419216317767043,0.020128824476650563,
129,9.574610842726784,50.456253354804076,3.7037037037037037,19.95437466451959,6.300322061191626,4.804079441760601,3.1199677938808374,1.865271068169619,0.013419216317767043,0.17444981213097155,0.013419216317767043,0.020128824476650563,
130,9.541062801932368,50.22812667740204,3.898282340311326,19.826892109500804,6.447933440687064,4.736983360171766,3.180354267310789,1.9189479334406871,0.013419216317767043,0.17444981213097155,0.013419216317767043,0.020128824476650563,
131,9.561191626409018,50.067096081588836,4.03918411164788,19.826892109500804,6.447933440687064,4.757112184648417,3.180354267310789,1.8988191089640365,0.013419216317767043,0.17444981213097155,0.013419216317767043,0.020128824476650563,
132,9.574610842726784,49.973161567364464,4.133118625872249,19.786634460547504,6.414385399892646,4.750402576489533,3.180354267310789,1.9659151905528718,0.013419216317767043,0.17444981213097155,0.013419216317767043,0.020128824476650563,
133,9.561191626409018,49.65780998389694,4.327697262479871,19.732957595276435,6.414385399892646,4.750402576489533,3.4688674181427803,1.865271068169619,0.013419216317767043,0.17444981213097155,0.013419216317767043,0.020128824476650563,
134,9.567901234567902,49.32903918411165,4.414922168545357,19.880568974771872,6.360708534621578,5.005367686527107,3.4420289855072466,1.7646269457863661,0.026838432635534086,0.17444981213097155,0.013419216317767043,0.020128824476650563,
135,9.567901234567902,49.033816425120776,4.4753086419753085,19.826892109500804,6.655931293612453,5.005367686527107,3.408480944712829,1.7914653784219001,0.026838432635534086,0.17444981213097155,0.013419216317767043,0.020128824476650563,
136,9.628287707997853,48.792270531400966,4.569243156199678,19.746376811594203,6.857219538378959,4.998658078368224,3.388352120236178,1.8115942028985508,0.026838432635534086,0.14761137949543746,0.013419216317767043,0.020128824476650563,
137,9.655126140633387,48.7385936661299,4.602791196994096,19.75979602791197,6.823671497584541,4.978529253891573,3.374932903918411,1.8115942028985508,0.040257648953301126,0.14761137949543746,0.04696725711218465,0.020128824476650563,
138,9.688674181427805,48.43666129898014,4.703435319377348,19.719538378958667,6.823671497584541,5.152979066022544,3.3682232957595275,1.8518518518518519,0.040257648953301126,0.14761137949543746,0.04696725711218465,0.020128824476650563,
139,9.581320450885668,48.27563070316693,4.951690821256038,19.545088566827697,7.051798174986581,5.092592592592593,3.3682232957595275,1.8786902844873858,0.040257648953301126,0.14761137949543746,0.04696725711218465,0.020128824476650563,
140,9.574610842726784,48.21524422973698,5.10601180891036,19.424315619967793,7.024959742351046,5.045625335480408,3.5426731078904994,1.7981749865807837,0.06709608158883522,0.13419216317767044,0.04696725711218465,0.020128824476650563,
141,9.312936124530328,48.121309715512616,5.3341384863123995,20.148953301127214,6.9310252281266775,4.488727858293076,3.69699409554482,1.7310789049919484,0.05367686527106817,0.13419216317767044,0.026838432635534086,0.020128824476650563,
142,9.31964573268921,47.95356951154053,5.407944176060118,20.04830917874396,6.837090713902308,4.62962962962963,3.6768652710681695,1.892109500805153,0.05367686527106817,0.13419216317767044,0.026838432635534086,0.020128824476650563,
143,9.306226516371444,47.51073537305421,5.797101449275362,20.061728395061728,6.890767579173376,4.616210413311863,3.6634460547504024,1.892109500805153,0.05367686527106817,0.1610305958132045,0.026838432635534086,0.020128824476650563,
144,9.078099838969404,47.68518518518518,5.884326355340848,19.83360171765969,6.884057971014493,4.508856682769726,3.9989264626945786,1.865271068169619,0.05367686527106817,0.1610305958132045,0.026838432635534086,0.020128824476650563,
145,9.044551798174986,47.70531400966183,5.884326355340848,19.83360171765969,6.904186795491143,4.508856682769726,3.992216854535695,1.865271068169619,0.05367686527106817,0.1610305958132045,0.026838432635534086,0.020128824476650563,
146,9.044551798174986,47.16854535695116,6.4412238325281805,19.659151905528716,6.890767579173376,4.602791196994096,3.992216854535695,1.9256575415995705,0.05367686527106817,0.17444981213097155,0.026838432635534086,0.020128824476650563,
147,9.004294149221685,47.00751476113795,6.575415995705851,19.880568974771872,6.8035426731078905,4.575952764358561,3.992216854535695,1.8853998926462694,0.05367686527106817,0.17444981213097155,0.026838432635534086,0.020128824476650563,
148,8.890230810520666,46.71229200214707,6.843800322061192,19.93424584004294,6.843800322061192,4.609500805152979,3.992216854535695,1.8988191089640365,0.05367686527106817,0.17444981213097155,0.026838432635534086,0.020128824476650563,
149,8.923778851315083,46.5378421900161,6.998121309715513,19.89398819108964,6.857219538378959,4.5893719806763285,3.9855072463768115,1.932367149758454,0.05367686527106817,0.17444981213097155,0.026838432635534086,0.026838432635534086,
150,8.856682769726248,46.262748255501876,7.219538378958669,20.021470746108427,6.863929146537842,4.5893719806763285,3.9720880300590444,1.932367149758454,0.05367686527106817,0.17444981213097155,0.026838432635534086,0.026838432635534086,
151,8.68894256575416,46.403650026838434,7.232957595276436,20.014761137949545,6.957863660762212,4.53569511540526,3.9519592055823938,1.932367149758454,0.05367686527106817,0.17444981213097155,0.026838432635534086,0.026838432635534086,
152,8.769457863660762,46.26945786366076,7.306763285024155,19.961084272678477,6.944444444444445,4.582662372517445,3.9519592055823938,1.932367149758454,0.05367686527106817,0.17444981213097155,0.026838432635534086,0.026838432635534086,
153,8.729200214707461,46.23590982286635,7.320182501341922,18.659420289855074,8.152173913043478,4.74369296833065,3.797638217928073,2.0799785292538915,0.05367686527106817,0.17444981213097155,0.026838432635534086,0.026838432635534086,
154,8.702361782071927,44.585346215781,8.997584541062801,18.659420289855074,8.152173913043478,4.74369296833065,3.797638217928073,2.0799785292538915,0.05367686527106817,0.17444981213097155,0.026838432635534086,0.026838432635534086,
155,8.702361782071927,44.216317767042405,9.420289855072463,18.54535695115405,8.152173913043478,4.74369296833065,3.878153515834675,2.059849704777241,0.05367686527106817,0.17444981213097155,0.026838432635534086,0.026838432635534086,
156,8.68894256575416,44.22302737520129,9.426999463231347,18.50509930220075,8.152173913043478,4.74369296833065,3.878153515834675,2.100107353730542,0.05367686527106817,0.17444981213097155,0.026838432635534086,0.026838432635534086,
157,8.668813741277509,44.115673644659154,9.608158883521202,18.303811057434245,8.36688137412775,4.723564143853999,3.844605475040258,2.086688137412775,0.05367686527106817,0.17444981213097155,0.026838432635534086,0.026838432635534086,
158,8.641975308641975,43.484970477724104,9.916800858829845,18.243424584004295,8.353462157809984,5.186527106816962,3.8043478260869565,2.086688137412775,0.05367686527106817,0.17444981213097155,0.026838432635534086,0.026838432635534086,
159,8.601717659688674,43.14949006977992,9.923510466988727,17.954911433172303,8.333333333333334,5.481749865807837,4.193505099302201,2.033011272141707,0.05367686527106817,0.2214170692431562,0.026838432635534086,0.026838432635534086,
160,8.246108427267847,42.371175523349436,9.594739667203436,19.766505636070853,8.017981749865807,5.421363392377885,4.26731078904992,1.9860440150295222,0.05367686527106817,0.2214170692431562,0.026838432635534086,0.026838432635534086,
161,8.259527643585615,42.190016103059584,9.567901234567902,19.659151905528716,8.111916264090176,5.401234567901234,4.334406870638754,2.147074610842727,0.05367686527106817,0.2214170692431562,0.026838432635534086,0.026838432635534086,
162,8.239398819108963,41.948470209339774,9.809447128287708,19.55179817498658,8.111916264090176,5.374396135265701,4.388083735909823,2.200751476113795,0.05367686527106817,0.24154589371980675,0.026838432635534086,0.05367686527106817,
163,8.252818035426731,41.49892646269458,10.144927536231885,19.47128287707998,8.011272141706923,5.314009661835748,4.643048845947397,2.2879763821792807,0.05367686527106817,0.24154589371980675,0.026838432635534086,0.05367686527106817,
164,8.28636607622115,40.55958132045089,11.16478797638218,19.142512077294686,8.064949006977992,5.293880837359098,4.777241009125067,2.3081052066559313,0.08051529790660225,0.24154589371980675,0.026838432635534086,0.05367686527106817,
165,8.313204508856682,40.54616210413312,11.097691894793345,19.142512077294686,8.017981749865807,5.280461621041331,4.777241009125067,2.3081052066559313,0.08051529790660225,0.35560923242082665,0.026838432635534086,0.05367686527106817,
166,8.11862587224906,40.35829307568438,11.305689747718732,19.26328502415459,8.017981749865807,5.253623188405797,4.757112184648417,2.3081052066559313,0.08051529790660225,0.43612453032742887,0.026838432635534086,0.07380568974771873,
167,8.038110574342458,40.21068169618894,11.486849168008588,19.290123456790123,8.017981749865807,5.24020397208803,4.62962962962963,2.3483628556092326,0.08051529790660225,0.4294149221685454,0.020128824476650563,0.20799785292538917,
168,8.064949006977992,39.87520128824477,11.721685453569512,19.310252281266774,7.991143317230274,5.287171229200215,4.64975845410628,2.3483628556092326,0.08051529790660225,0.4294149221685454,0.020128824476650563,0.2214170692431562,
169,8.064949006977992,39.52630166398282,12.00348899624262,19.296833064949006,7.796564680622652,5.522007514761138,4.636339237788513,2.3483628556092326,0.08051529790660225,0.4830917874396135,0.020128824476650563,0.2214170692431562,
170,8.004562533548041,38.87546967257112,12.546967257112184,19.43102522812668,7.7898550724637685,5.441492216854535,4.730273752012883,2.3483628556092326,0.08051529790660225,0.5099302200751477,0.020128824476650563,0.2214170692431562,
171,7.856951154052603,38.29173376274826,12.822061191626409,19.679280730005367,7.803274288781535,5.434782608695652,4.924852388620504,2.341653247450349,0.0939345142243693,0.5099302200751477,0.020128824476650563,0.2214170692431562,
172,7.890499194847021,38.27831454643049,12.828770799785293,19.659151905528716,7.716049382716049,5.4549114331723025,4.924852388620504,2.341653247450349,0.0939345142243693,0.5703166935050993,0.020128824476650563,0.2214170692431562,
173,7.937466451959206,37.72141706924316,12.788513150831992,19.410896403650028,8.460815888352121,5.4549114331723025,4.884594739667204,2.395330112721417,0.0939345142243693,0.5971551261406334,0.0067096081588835215,0.24825550187869028,
174,7.917337627482555,37.62748255501879,12.842190016103059,19.39747718733226,8.501073537305421,5.4549114331723025,4.884594739667204,2.428878153515835,0.0939345142243693,0.5971551261406334,0.0067096081588835215,0.24825550187869028,
175,7.863660762211487,37.432903918411164,12.93612453032743,19.390767579173378,8.621846484165324,5.4549114331723025,4.924852388620504,2.428878153515835,0.0939345142243693,0.5971551261406334,0.0067096081588835215,0.24825550187869028,
176,7.917337627482555,37.11755233494364,13.09044551798175,19.390767579173378,8.548040794417606,5.5689747718733225,4.99194847020934,2.428878153515835,0.0939345142243693,0.5971551261406334,0.0067096081588835215,0.24825550187869028,
177,7.897208803005904,36.90955448201825,13.117283950617283,19.37734836285561,8.548040794417606,5.756843800322061,5.045625335480408,2.4557165861513686,0.0939345142243693,0.5703166935050993,,0.2281266774020397,
178,7.9106280193236715,36.7686527106817,13.231347289318304,19.256575415995705,8.514492753623188,5.797101449275362,5.186527106816962,2.442297369833602,0.0939345142243693,0.5703166935050993,,0.2281266774020397,
179,7.917337627482555,36.68813741277509,13.278314546430488,19.236446591519055,8.480944712828771,5.810520665593129,5.186527106816962,2.4825550187869028,0.0939345142243693,0.5703166935050993,,0.2549651100375738,
180,7.98443370907139,36.65458937198068,13.318572195383789,19.196188942565755,8.427267847557703,5.9514224369296835,5.092592592592593,2.4691358024691357,0.0939345142243693,0.5770263016639828,,0.23483628556092323,
181,7.555018786902845,28.327965646806227,10.158346752549651,26.92565754159957,15.995705850778315,4.562533548040794,3.6634460547504024,2.1739130434782608,0.026838432635534086,0.3824476650563607,,0.2281266774020397,
182,7.555018786902845,28.307836822329577,10.258990874932904,26.7512077294686,15.861513687600644,4.690016103059581,3.656736446591519,2.147074610842727,0.026838432635534086,0.5166398282340311,,0.2281266774020397,
183,7.601986044015029,28.28099838969404,10.285829307568438,26.650563607085346,15.861513687600644,4.663177670424047,3.656736446591519,2.227589908749329,0.026838432635534086,0.5166398282340311,,0.2281266774020397,
184,7.548309178743962,27.77777777777778,10.00402576489533,26.54320987654321,15.83467525496511,4.609500805152979,4.643048845947397,2.2410091250670963,0.05367686527106817,0.5166398282340311,,0.2281266774020397,
185,7.5348899624261945,27.737520128824478,10.030864197530864,26.422436929683307,15.74074074074074,4.690016103059581,4.575952764358561,2.3215244229736984,0.05367686527106817,0.6642512077294686,,0.2281266774020397,
186,7.548309178743962,27.737520128824478,10.131508319914117,26.187600644122384,15.754159957058508,4.703435319377348,4.562533548040794,2.3617820719269993,0.05367686527106817,0.7313472893183038,,0.2281266774020397,
187,7.548309178743962,27.616747181964573,10.339506172839506,26.08695652173913,15.754159957058508,4.669887278582931,4.562533548040794,2.428878153515835,0.05367686527106817,0.7313472893183038,,0.20799785292538917,
188,7.514761137949543,27.30139559849705,10.379763821792807,26.241277509393452,15.915190552871712,4.669887278582931,4.562533548040794,2.4221685453569513,0.05367686527106817,0.7313472893183038,,0.20799785292538917,
189,7.313472893183038,26.838432635534083,10.520665593129362,26.96591519055287,15.505904455179817,4.683306494900698,4.663177670424047,2.3483628556092326,0.05367686527106817,0.6910896403650026,0.20799785292538917,0.20799785292538917,
190,7.313472893183038,26.630434782608695,10.587761674718196,26.710950080515296,15.4723564143854,4.85775630703167,4.656468062265164,2.61003757380569,0.05367686527106817,0.6910896403650026,0.20799785292538917,0.20799785292538917,
191,7.347020933977456,26.623725174449813,10.527375201288244,26.576757917337627,15.465646806226516,4.871175523349437,4.64975845410628,2.757648953301127,0.07380568974771873,0.6910896403650026,0.20799785292538917,0.20799785292538917,
192,7.333601717659689,26.536500268384327,10.661567364465915,26.50295222758991,15.445517981749866,4.851046698872786,4.64975845410628,2.818035426731079,0.07380568974771873,0.7112184648416533,0.20799785292538917,0.20799785292538917,
193,7.333601717659689,26.27482555018787,11.137949543746645,26.301663982823403,15.203972088030058,4.851046698872786,4.87788513150832,2.7844873859366612,0.06709608158883522,0.7514761137949544,0.20799785292538917,0.20799785292538917,
194,7.306763285024155,26.039989264626946,11.332528180354267,26.221148684916802,15.13016639828234,4.978529253891573,4.924852388620504,2.7979066022544283,0.06709608158883522,0.7514761137949544,0.20799785292538917,0.24154589371980675,
195,7.286634460547504,25.93263553408481,11.198336017176597,26.221148684916802,15.11003757380569,5.10601180891036,4.931561996779388,2.791196994095545,0.06709608158883522,0.9057971014492754,0.20799785292538917,0.24154589371980675,
196,7.300053676865271,25.89237788513151,11.151368760064413,25.97289318303811,15.11003757380569,5.179817498658078,4.931561996779388,3.0394524959742353,0.06709608158883522,0.9057971014492754,0.20799785292538917,0.24154589371980675,
197,7.246376811594203,25.704508856682768,11.453301127214171,25.831991411701555,15.056360708534621,5.179817498658078,4.978529253891573,3.0730005367686526,0.06709608158883522,0.9594739667203436,0.20799785292538917,0.24154589371980675,
198,7.286634460547504,25.697799248523886,11.419753086419753,25.684380032206118,15.056360708534621,5.179817498658078,4.9651100375738055,3.2206119162640903,0.06709608158883522,0.9728931830381106,0.20799785292538917,0.24154589371980675,
199,7.185990338164252,25.41599570585078,11.560654857756306,26.29495437466452,14.754428341384862,5.0791733762748255,4.99194847020934,3.207192699946323,0.08722490606548577,0.9460547504025765,0.23483628556092323,0.24154589371980675,
200,7.192699946323135,25.32206119162641,11.594202898550725,26.247987117552334,14.761137949543746,5.119431025228127,4.9651100375738055,3.260869565217391,0.11406333870101985,0.9460547504025765,0.23483628556092323,0.24154589371980675,
201,7.018250134192163,25.07380568974772,11.81561996779388,26.281535158346752,14.566559312936125,5.199946323134729,4.985238862050457,3.5225442834138487,0.11406333870101985,0.9460547504025765,0.23483628556092323,0.24154589371980675,
202,7.004830917874396,25.05367686527107,11.822329575952764,25.925925925925927,14.479334406870638,5.246913580246914,5.01207729468599,3.878153515834675,0.11406333870101985,0.9863123993558777,0.23483628556092323,0.24154589371980675,
203,6.964573268921095,25.0402576489533,11.808910359634996,25.81857219538379,14.445786366076222,5.246913580246914,5.038915727321524,4.05931293612453,0.11406333870101985,0.9863123993558777,0.23483628556092323,0.24154589371980675,
204,6.984702093397746,24.704777241009126,12.00348899624262,24.93961352657005,13.768115942028986,5.347557702630167,6.246645195920558,4.119699409554482,0.2952227589908749,1.1137949543746646,0.23483628556092323,0.24154589371980675,
