,45,50,52,51,55,53,56,54,58,57
0,94.12909286097693,5.870907139023081,,,,,,,,
1,94.12909286097693,5.870907139023081,,,,,,,,
2,88.59366612989801,11.265432098765432,0.14090177133655393,,,,,,,
3,88.62721417069243,11.231884057971014,0.14090177133655393,,,,,,,
4,87.46645195920559,12.392646269457863,0.14090177133655393,,,,,,,
5,84.77589908749329,14.130434782608695,0.13419216317767044,0.9594739667203436,,,,,,
6,84.8094471282877,14.096886741814279,0.13419216317767044,0.9594739667203436,,,,,,
7,72.07461084272678,24.302200751476114,0.13419216317767044,3.488996242619431,,,,,,
8,71.97396672034353,24.402844873859365,0.13419216317767044,3.488996242619431,,,,,,
9,71.52442297369834,24.912775093934513,0.13419216317767044,3.4286097691894795,,,,,,
10,69.36392914653784,24.738325281803544,2.4691358024691357,3.4286097691894795,,,,,,
11,69.39747718733226,24.188137412775095,3.012614063338701,3.4017713365539453,,,,,,
12,59.05797101449275,29.898013955984972,3.012614063338701,8.031400966183575,,,,,,
13,57.729468599033815,29.05931293612453,2.9119699409554483,10.299248523886206,,,,,,
14,57.74288781535159,28.6231884057971,2.9119699409554483,10.285829307568438,0.43612453032742887,,,,,
15,56.54186795491143,29.938271604938272,2.9119699409554483,10.205314009661835,0.4025764895330113,,,,,
16,56.58212560386473,29.898013955984972,2.9119699409554483,10.205314009661835,0.4025764895330113,,,,,
17,54.87788513150832,31.790123456790123,2.7442297369833604,10.185185185185185,0.4025764895330113,,,,,
18,54.91814278046162,31.776704240472355,2.7442297369833604,10.158346752549651,0.4025764895330113,,,,,
19,55.00536768652711,30.334138486312398,4.30756843800322,9.950348899624261,0.4025764895330113,,,,,
20,54.589371980676326,30.64278046162104,4.30756843800322,9.943639291465379,0.4025764895330113,0.11406333870101985,,,,
21,52.35507246376812,32.63553408480945,4.549114331723027,9.943639291465379,0.4025764895330113,0.11406333870101985,,,,
22,43.84057971014493,39.14385399892646,8.024691358024691,8.259527643585615,0.6172839506172839,0.11406333870101985,,,,
23,43.887546967257116,39.13714439076758,7.803274288781535,8.440687063875469,0.6172839506172839,0.11406333870101985,,,,
24,39.51959205582394,39.982555018786904,11.75523349436393,8.440687063875469,0.1878690284487386,0.11406333870101985,,,,
25,36.67471819645733,39.392109500805155,11.647879763821793,12.097423510466989,0.1878690284487386,,,,,
26,35.88298443370907,40.633387010198604,11.198336017176597,12.097423510466989,0.1878690284487386,,,,,
27,35.929951690821255,40.58641975308642,11.198336017176597,12.097423510466989,0.1878690284487386,,,,,
28,35.95679012345679,40.55958132045089,11.198336017176597,12.097423510466989,0.1878690284487386,,,,,
29,34.33977455716586,42.19672571121846,11.037305421363392,12.084004294149223,0.3421900161030596,,,,,
30,34.35990338164251,40.713902308105204,9.950348899624261,12.030327428878154,0.15432098765432098,2.791196994095545,,,,
31,32.87707997852925,42.49194847020934,9.681964573268921,12.00348899624262,0.15432098765432098,2.791196994095545,,,,
32,30.213365539452496,45.1556629092861,9.681964573268921,12.00348899624262,0.15432098765432098,2.791196994095545,,,,
33,29.777241009125067,41.6129898013956,9.681964573268921,15.881642512077295,0.2549651100375738,2.791196994095545,,,,
34,29.891304347826086,41.53918411164788,9.681964573268921,15.841384863123993,0.2549651100375738,2.791196994095545,,,,
35,28.71712292002147,39.84836285560923,9.681964573268921,18.189747718733226,0.7716049382716049,2.791196994095545,,,,
36,28.817767042404725,39.821524422973695,9.574610842726784,18.075684380032207,0.7716049382716049,2.9388083735909825,,,,
37,28.817767042404725,39.10359634997316,9.574610842726784,19.310252281266774,0.2549651100375738,2.9388083735909825,,,,
38,28.911701556629094,38.91572732152442,9.54777241009125,19.296833064949006,0.38915727321524424,2.9388083735909825,,,,
39,28.918411164787976,37.94283413848631,10.21202361782072,19.26328502415459,0.38915727321524424,3.2742887815351582,,,,
40,28.69699409554482,36.983360171765966,10.111379495437467,19.028448738593667,0.38915727321524424,4.790660225442834,,,,
41,28.703703703703702,35.929951690821255,10.111379495437467,19.028448738593667,0.4562533548040794,5.770263016639828,,,,
42,28.804347826086957,35.929951690821255,9.91009125067096,18.86070853462158,0.5568974771873323,5.770263016639828,0.16774020397208803,,,
43,27.65029522275899,31.407675791733762,10.473698336017177,24.550456253354803,0.5568974771873323,5.193236714975845,0.16774020397208803,,,
44,27.435587761674718,31.5955448201825,12.030327428878154,23.020665593129362,0.5568974771873323,5.193236714975845,0.16774020397208803,,,
45,26.207729468599034,33.23268921095008,12.030327428878154,22.611379495437465,0.5568974771873323,5.193236714975845,0.16774020397208803,,,
46,24.590713902308106,30.837359098228664,12.875738056897477,26.39559849704777,0.5568974771873323,4.575952764358561,0.16774020397208803,,,
47,24.63768115942029,27.87842190016103,12.681159420289855,25.503220611916262,0.48980139559849706,8.641975308641975,0.16774020397208803,,,
48,21.38352120236178,34.76918947933441,11.352657004830919,28.153515834675254,0.48980139559849706,3.683574879227053,0.16774020397208803,,,
49,21.511003757380568,34.75577026301664,11.352657004830919,28.039452495974235,0.48980139559849706,3.683574879227053,0.16774020397208803,,,
50,21.316425120772948,34.78931830381106,11.493558776167472,26.704240472356414,0.48980139559849706,5.038915727321524,0.16774020397208803,,,
51,21.3768115942029,34.70209339774557,11.292270531400966,26.67740203972088,0.4830917874396135,4.864465915190553,0.16774020397208803,0.43612453032742887,,
52,21.095008051529792,33.89694041867955,11.07085346215781,28.012614063338702,0.4830917874396135,4.8376274825550185,0.16774020397208803,0.43612453032742887,,
53,21.141975308641975,33.360171765968865,11.07085346215781,27.9723564143854,0.5568974771873323,5.065754159957058,0.16774020397208803,0.6642512077294686,,
54,21.155394524959743,33.313204508856685,12.895866881374127,26.187600644122384,0.5568974771873323,5.065754159957058,0.1610305958132045,0.6642512077294686,,
55,20.12211486849168,31.132581857219538,12.895866881374127,28.609769189479334,0.7380568974771873,5.065754159957058,0.1610305958132045,1.2748255501878691,,
56,20.061728395061728,30.763553408480945,13.352120236178207,28.5829307568438,0.7380568974771873,5.065754159957058,0.1610305958132045,1.2748255501878691,,
57,20.148953301127214,30.709876543209877,13.318572195383789,28.5829307568438,0.7380568974771873,5.065754159957058,0.1610305958132045,1.2748255501878691,,
58,20.263016639828233,30.669618894256576,13.285024154589372,28.556092324208265,0.7380568974771873,5.052334943639291,0.1610305958132045,1.2748255501878691,,
59,20.323403113258184,30.609232420826622,13.285024154589372,28.556092324208265,0.7380568974771873,5.052334943639291,0.1610305958132045,1.2748255501878691,,
60,20.45088566827697,30.575684380032207,13.238056897477188,28.522544283413847,0.7380568974771873,5.038915727321524,0.1610305958132045,1.2748255501878691,,
61,20.591787439613526,30.320719269994633,13.20450885668277,28.482286634460547,0.7380568974771873,5.226784755770263,0.1610305958132045,1.2748255501878691,,
62,20.544820182501343,30.414653784219002,13.16425120772947,28.475577026301664,0.7380568974771873,5.226784755770263,0.1610305958132045,1.2748255501878691,,
63,20.148953301127214,29.367954911433173,13.150831991411701,28.06629092860977,0.7380568974771873,5.226784755770263,0.10064412238325282,3.2004830917874396,,
64,19.80005367686527,28.187063875469672,12.030327428878154,31.629092860976918,0.8118625872249061,4.26731078904992,0.10064412238325282,3.1736446591519054,,
65,19.82018250134192,28.052871712292003,10.420021470746109,31.447933440687063,0.8118625872249061,6.172839506172839,0.10064412238325282,3.1736446591519054,,
66,19.33709071390231,25.201288244766506,13.137412775093935,31.09903381642512,0.6575415995705851,7.514761137949543,0.10064412238325282,2.952227589908749,,
67,19.404186795491142,25.067096081588836,14.492753623188406,30.669618894256576,0.630703166935051,6.6827697262479875,0.10064412238325282,2.952227589908749,,
68,19.652442297369834,23.483628556092324,13.989533011272142,30.407944176060116,0.630703166935051,8.984165324745035,0.10064412238325282,2.7509393451422435,,
69,19.706119162640903,22.805958132045088,13.989533011272142,30.3743961352657,1.3687600644122384,8.903650026838433,0.10064412238325282,2.7509393451422435,,
70,19.766505636070853,22.490606548577563,15.33816425120773,29.53569511540526,1.1406333870101986,8.890230810520666,0.10064412238325282,2.737520128824477,,
71,19.223027375201287,21.792807300053678,12.714707461084272,34.245840042941495,1.1406333870101986,8.044820182501342,0.10064412238325282,2.737520128824477,,
72,19.316961889425656,21.75925925925926,12.949543746645196,33.99087493290392,1.1406333870101986,8.004562533548041,0.10064412238325282,2.737520128824477,,
73,19.350509930220074,21.32313472893183,12.895866881374127,33.675523349436396,1.1406333870101986,8.856682769726248,0.020128824476650563,2.737520128824477,,
74,19.464573268921097,21.32313472893183,12.889157273215245,33.61513687600644,1.1406333870101986,8.809715512614064,0.020128824476650563,2.737520128824477,,
75,15.72061191626409,30.394524959742352,8.454106280193237,33.05823939881911,1.4090177133655395,8.192431561996779,0.08722490606548577,2.6838432635534084,,
76,15.74074074074074,30.367686527106816,8.454106280193237,32.78314546430489,1.4090177133655395,8.192431561996779,0.36902844873859364,2.6838432635534084,,
77,15.794417606011809,29.57595276435856,8.272946859903382,32.70263016639828,1.4090177133655395,8.145464304884594,0.36902844873859364,3.730542136339238,,
78,15.935319377348362,29.522275899087493,8.272946859903382,32.67579173376275,1.4090177133655395,8.085077831454644,0.36902844873859364,3.730542136339238,,
79,15.861513687600644,29.032474503488995,7.353730542136339,35.13150831991412,1.3486312399355878,7.266505636070853,0.36902844873859364,3.6366076221148687,,
80,15.92860976918948,29.01905528717123,7.353730542136339,34.93022007514761,1.4962426194310252,7.266505636070853,0.36902844873859364,3.6366076221148687,,
81,15.566290928609769,28.44873859366613,10.601180891035963,31.682769726247987,1.4895330112721417,8.246108427267847,0.32877079978529256,3.6366076221148687,,
82,14.318303811057435,26.140633387010197,10.466988727858293,35.79575952764358,1.4895330112721417,7.944176060118089,0.32877079978529256,3.515834675254965,,
83,13.439345142243694,25.85882984433709,9.359903381642512,37.526838432635536,1.4895330112721417,8.501073537305421,0.32877079978529256,3.4957058507783145,,
84,13.519860440150294,25.85882984433709,9.333064949006978,37.5,1.4895330112721417,8.474235104669887,0.32877079978529256,3.4957058507783145,,
85,13.848631239935587,25.785024154589372,9.31964573268921,37.486580783682236,1.4895330112721417,8.246108427267847,0.32877079978529256,3.4957058507783145,,
86,14.143853998926463,25.07380568974772,9.245840042941492,37.245034889962426,1.583467525496511,8.883521202361782,0.32877079978529256,3.4957058507783145,,
87,14.11701556629093,24.456521739130434,8.78287707997853,36.9699409554482,1.9860440150295222,8.84326355340848,0.32877079978529256,4.51556629092861,,
88,14.304884594739667,24.36929683306495,8.742619431025227,36.77536231884058,1.9860440150295222,8.829844337090714,0.47638217928073,4.51556629092861,,
89,14.38539989264627,24.235104669887278,9.037842190016104,36.70155662909286,1.9659151905528718,8.682232957595277,0.47638217928073,4.51556629092861,,
90,14.49946323134729,24.194847020933977,9.03113258185722,36.513687600644126,1.9659151905528718,8.682232957595277,0.5971551261406334,4.51556629092861,,
91,14.526301663982823,24.194847020933977,9.03113258185722,36.48684916800859,1.9659151905528718,8.682232957595277,0.5971551261406334,4.51556629092861,,
92,14.680622651637144,24.168008588298445,9.03113258185722,36.37278582930757,1.9659151905528718,8.668813741277509,0.5971551261406334,4.51556629092861,,
93,14.88191089640365,23.960010735373054,9.118357487922705,36.33923778851315,1.9659151905528718,8.621846484165324,0.5971551261406334,4.51556629092861,,
94,14.955716586151368,22.168545356951153,8.99087493290392,36.10440150295223,4.025764895330113,8.61513687600644,0.6642512077294686,4.4753086419753085,,
95,15.063070316693505,22.14170692431562,8.943907675791733,36.07085346215781,4.025764895330113,8.61513687600644,0.6642512077294686,4.4753086419753085,,
96,15.136876006441224,22.000805152979066,8.943907675791733,35.99704777241009,4.166666666666667,8.61513687600644,0.6642512077294686,4.4753086419753085,,
97,14.472624798711756,21.443907675791735,12.835480407944177,33.4272678475577,4.019055287171229,9.346484165324744,0.5971551261406334,3.8580246913580245,,
98,14.217659688674182,18.646001073537306,12.359098228663447,33.964036500268385,3.5829307568438002,12.801932367149758,0.5904455179817498,3.8378958668813743,,
99,14.31159420289855,18.61916264090177,11.721685453569512,33.95061728395062,3.5829307568438002,12.781803542673108,1.1943102522812667,3.8378958668813743,,
100,14.573268921095009,18.45813204508857,11.708266237251744,33.89023081052066,3.643317230273752,12.714707461084272,1.1943102522812667,3.8177670424047236,,
101,14.667203435319378,17.673107890499196,11.708266237251744,33.78958668813741,4.468599033816425,12.681159420289855,1.1943102522812667,3.8177670424047236,,
102,14.76784755770263,17.498658078368223,11.553945249597424,33.01798174986581,5.723295759527644,12.600644122383253,1.1943102522812667,3.643317230273752,,
103,13.39237788513151,19.008319914117017,11.52710681696189,32.890499194847024,5.857487922705314,12.486580783682234,1.1943102522812667,3.643317230273752,,
104,13.43263553408481,18.927804616210413,10.809178743961352,31.146001073537306,5.71658615136876,14.989264626945786,1.1943102522812667,3.784219001610306,,
105,13.352120236178207,18.887546967257112,10.674986580783683,30.233494363929147,5.850778314546431,14.720880300590446,1.0534084809447128,5.226784755770263,,
106,13.425925925925926,18.793612453032743,10.621309715512615,29.965110037573805,5.850778314546431,15.297906602254429,1.0534084809447128,4.99194847020934,,
107,12.889157273215245,18.156199677938808,10.621309715512615,31.4747718733226,5.850778314546431,14.97584541062802,1.0534084809447128,4.978529253891573,,
108,12.93612453032743,18.089103596349972,10.829307568438002,31.44122383252818,5.656199677938808,14.794685990338165,1.2748255501878691,4.978529253891573,,
109,12.969672571121846,18.06226516371444,10.829307568438002,31.44122383252818,5.649490069779925,14.794685990338165,1.2748255501878691,4.978529253891573,,
110,12.627482555018787,18.00187869028449,10.245571658615138,32.58185721953838,5.649490069779925,14.875201288244767,1.2748255501878691,4.74369296833065,,
111,12.70799785292539,17.96833064949007,10.23215244229737,32.58185721953838,5.649490069779925,14.841653247450349,1.2748255501878691,4.74369296833065,,
112,12.882447665056361,17.961621041331185,10.21202361782072,32.53488996242619,5.649490069779925,14.741009125067096,1.2748255501878691,4.74369296833065,,
113,12.99651100375738,17.814009661835748,10.21202361782072,32.51476113794954,5.750134192163178,14.694041867954912,1.1674718196457328,4.851046698872786,,
114,12.432903918411165,17.52549651100376,9.554482018250134,33.46081588835212,6.280193236714976,14.687332259796028,1.5432098765432098,4.51556629092861,,
115,12.5,17.51207729468599,9.554482018250134,33.46081588835212,6.280193236714976,14.63365539452496,1.5432098765432098,4.51556629092861,,
116,12.419484702093397,17.122920021470748,9.554482018250134,32.2866344605475,6.132581857219538,16.445249597423512,1.5365002683843263,4.502147074610843,,
117,12.52012882447665,17.11621041331186,9.5276435856146,32.27992485238862,6.132581857219538,16.398282340311326,1.5365002683843263,4.488727858293076,,
118,12.573805689747719,17.11621041331186,9.5276435856146,32.23966720343532,6.132581857219538,16.384863123993558,1.5365002683843263,4.488727858293076,,
119,12.72812667740204,17.042404723564143,9.500805152979066,31.984702093397747,6.380837359098229,16.337895866881375,1.5365002683843263,4.488727858293076,,
120,12.855609232420827,17.042404723564143,9.500805152979066,31.97799248523886,6.360708534621578,16.304347826086957,1.5096618357487923,4.448470209339774,,
121,12.68786902844874,16.57944176060118,10.406602254428341,32.55501878690284,6.360708534621578,15.559581320450885,1.5096618357487923,4.341116478797638,,
122,12.406065485775631,15.895061728395062,10.426731078904991,34.004294149221685,6.333870101986044,15.103327965646805,1.4962426194310252,4.334406870638754,,
123,12.661030595813205,15.868223295759528,10.420021470746109,33.91035963499731,6.206387546967257,15.103327965646805,1.4962426194310252,4.334406870638754,,
124,12.68786902844874,15.774288781535159,10.359634997316157,33.5077831454643,6.206387546967257,15.45222758990875,1.8786902844873858,4.133118625872249,,
125,12.587224906065487,15.774288781535159,12.714707461084272,32.88378958668814,5.340848094471283,14.707461084272678,1.8585614600107354,4.133118625872249,,
126,12.714707461084272,15.774288781535159,12.701288244766506,32.769726247987116,5.260332796564681,14.707461084272678,1.9390767579173376,4.133118625872249,,
127,12.016908212560386,15.391841116478798,12.553676865271068,33.9573268921095,5.434782608695652,14.42565754159957,1.9390767579173376,4.280730005367687,,
128,12.090713902308105,15.391841116478798,12.553676865271068,33.762748255501876,5.434782608695652,14.42565754159957,2.086688137412775,4.253891572732153,,
129,12.157809983896941,15.230810520665592,12.506709608158884,33.61513687600644,5.428073000536768,14.720880300590446,2.086688137412775,4.253891572732153,,
130,12.4597423510467,15.230810520665592,12.224906065485776,33.02469135802469,5.407944176060118,14.687332259796028,2.408749329039184,4.555823939881911,,
131,12.526838432635534,14.922168545356952,12.110842726784755,32.910628019323674,5.407944176060118,15.197262479871176,2.408749329039184,4.51556629092861,,
132,12.647611379495437,14.88191089640365,12.097423510466989,32.910628019323674,5.394524959742351,15.143585614600108,2.408749329039184,4.51556629092861,,
133,12.775093934514224,14.88191089640365,12.050456253354804,32.85024154589372,5.394524959742351,15.123456790123457,2.408749329039184,4.51556629092861,,
134,12.848899624261943,14.88191089640365,12.050456253354804,32.85024154589372,5.394524959742351,15.049651100375739,2.408749329039184,4.51556629092861,,
135,12.801932367149758,14.794685990338165,13.620504562533547,31.46135265700483,5.374396135265701,15.03623188405797,2.395330112721417,4.51556629092861,,
136,12.822061191626409,14.794685990338165,13.56682769726248,31.44122383252818,5.374396135265701,15.250939345142244,2.395330112721417,4.3545356951154055,,
137,12.721417069243156,14.533011272141707,13.446054750402576,31.984702093397747,5.360976918947934,15.042941492216855,2.5697799248523885,4.341116478797638,,
138,12.110842726784755,13.513150831991412,14.049919484702093,33.44068706387547,5.4616210413311865,14.80810520665593,2.4691358024691357,4.146537842190016,,
139,12.110842726784755,13.372249060654857,14.009661835748792,33.28636607622115,5.4616210413311865,14.673913043478262,2.5966183574879227,4.3478260869565215,0.14090177133655393,
140,12.157809983896941,13.372249060654857,14.009661835748792,33.25952764358561,5.4616210413311865,14.673913043478262,2.576489533011272,4.3478260869565215,0.14090177133655393,
141,12.31213097155126,13.358829844337091,13.976113794954374,33.16559312936125,5.4616210413311865,14.673913043478262,2.563070316693505,4.3478260869565215,0.14090177133655393,
142,12.412775093934513,13.318572195383789,13.94927536231884,33.16559312936125,5.428073000536768,14.673913043478262,2.563070316693505,4.3478260869565215,0.14090177133655393,
143,12.513419216317766,13.318572195383789,13.935856146001074,33.16559312936125,5.387815351583468,14.660493827160494,2.563070316693505,4.314278046162104,0.14090177133655393,
144,12.533548040794418,13.305152979066023,13.915727321524423,33.1454643048846,5.387815351583468,14.472624798711756,2.536231884057971,4.562533548040794,0.14090177133655393,
145,12.661030595813205,13.305152979066023,13.83521202361782,33.10520665593129,5.381105743424584,14.472624798711756,2.536231884057971,4.562533548040794,0.14090177133655393,
146,12.882447665056361,13.285024154589372,13.83521202361782,32.90391841116479,5.381105743424584,14.472624798711756,2.536231884057971,4.562533548040794,0.14090177133655393,
147,12.949543746645196,13.271604938271604,13.83521202361782,32.90391841116479,5.381105743424584,14.452495974235104,2.536231884057971,4.528985507246377,0.14090177133655393,
148,12.86231884057971,12.969672571121846,13.70101986044015,33.581588835212024,5.381105743424584,14.338432635534085,2.536231884057971,4.488727858293076,0.14090177133655393,
149,12.93612453032743,12.942834138486312,13.66076221148685,33.467525496511,5.522007514761138,14.31159420289855,2.5295222758990876,4.488727858293076,0.14090177133655393,
150,13.130703166935051,12.929414922168545,13.600375738056897,33.3870101986044,5.481749865807837,14.31159420289855,2.5295222758990876,4.488727858293076,0.14090177133655393,
151,13.533279656468062,12.882447665056361,13.580246913580247,33.17230273752013,5.5689747718733225,14.11701556629093,2.5295222758990876,4.4753086419753085,0.14090177133655393,
152,13.573537305421363,12.882447665056361,13.580246913580247,33.13204508856683,5.5689747718733225,14.11701556629093,2.5295222758990876,4.4753086419753085,0.14090177133655393,
153,13.271604938271604,12.701288244766506,12.52012882447665,36.14465915190553,5.528717122920021,12.761674718196458,2.5295222758990876,4.40150295222759,0.14090177133655393,
154,13.325281803542673,12.694578636607622,12.52012882447665,36.131239935587764,5.528717122920021,12.741545893719806,2.5295222758990876,4.388083735909823,0.14090177133655393,
155,13.18438003220612,12.68786902844874,12.31213097155126,36.52710681696189,5.528717122920021,12.714707461084272,2.428878153515835,4.4753086419753085,0.14090177133655393,
156,13.41250670960816,12.674449812130971,12.31213097155126,36.20504562533548,5.528717122920021,13.030059044551798,2.428878153515835,4.26731078904992,0.14090177133655393,
157,13.600375738056897,12.634192163177671,12.305421363392378,36.111111111111114,5.522007514761138,12.989801395598498,2.428878153515835,4.26731078904992,0.14090177133655393,
158,13.747987117552334,12.406065485775631,11.030595813204508,37.533548040794415,5.501878690284487,12.989801395598498,2.428878153515835,4.2203435319377345,0.14090177133655393,
159,13.922436929683306,12.385936661298981,11.030595813204508,36.52710681696189,5.501878690284487,13.110574342458401,2.428878153515835,4.951690821256038,0.14090177133655393,
160,13.848631239935587,11.902844873859367,11.030595813204508,36.50697799248524,6.078904991948471,13.110574342458401,2.428878153515835,4.951690821256038,0.14090177133655393,
161,13.425925925925926,11.882716049382717,9.842995169082126,38.868760064412236,6.233225979602791,13.083735909822867,1.8183038110574343,4.703435319377348,0.14090177133655393,
162,13.58695652173913,11.822329575952764,9.842995169082126,38.63392377885131,6.233225979602791,13.023349436392914,1.8183038110574343,4.898013955984971,0.14090177133655393,
163,13.707729468599034,11.802200751476114,9.842995169082126,38.63392377885131,6.233225979602791,12.93612453032743,1.8183038110574343,4.884594739667204,0.14090177133655393,
164,13.781535158346752,11.802200751476114,10.836017176596886,38.157541599570585,6.233225979602791,12.587224906065487,1.5767579173376274,4.884594739667204,0.14090177133655393,
165,13.855340848094471,11.79549114331723,10.82259796027912,38.117283950617285,6.233225979602791,12.587224906065487,1.5767579173376274,4.871175523349437,0.14090177133655393,
166,14.029790660225443,11.782071926999464,10.82259796027912,38.016639828234034,6.226516371443908,12.560386473429952,1.5767579173376274,4.8443370907139025,0.14090177133655393,
167,13.754696725711218,11.654589371980677,10.030864197530864,39.150563607085346,6.407675791733762,12.439613526570048,1.5767579173376274,4.8443370907139025,0.14090177133655393,
168,12.620772946859903,11.218464841653248,9.024422973698336,41.58615136876006,6.233225979602791,13.774825550187868,1.3553408480944713,4.045893719806763,0.14090177133655393,
169,13.003220611916264,11.151368760064413,9.01100375738057,41.337895866881375,6.213097155126141,13.774825550187868,1.3553408480944713,4.012345679012346,0.14090177133655393,
170,13.231347289318304,11.084272678475577,9.326355340848094,41.06280193236715,6.005099302200751,13.915727321524423,1.3553408480944713,3.878153515834675,0.14090177133655393,
171,13.399087493290391,11.084272678475577,9.27938808373591,40.94873859366613,6.005099302200751,13.915727321524423,1.3486312399355878,3.878153515834675,0.14090177133655393,
172,13.419216317767042,11.084272678475577,9.16532474503489,40.50590445517982,5.810520665593129,13.734567901234568,1.3486312399355878,4.790660225442834,0.14090177133655393,
173,13.425925925925926,11.258722490606548,9.16532474503489,40.371712292002144,5.803811057434245,13.694310252281268,1.3486312399355878,4.790660225442834,0.14090177133655393,
174,13.526570048309178,11.20504562533548,9.024422973698336,39.66720343531938,5.803811057434245,13.6808910359635,2.1604938271604937,4.790660225442834,0.14090177133655393,
175,13.674181427804616,11.198336017176597,8.99087493290392,38.81508319914117,5.803811057434245,14.210950080515298,1.7914653784219001,5.374396135265701,0.14090177133655393,
176,13.446054750402576,11.198336017176597,8.99087493290392,40.31132581857219,5.401234567901234,13.801663982823403,1.8853998926462694,4.824208266237251,0.14090177133655393,
177,13.620504562533547,11.198336017176597,8.99087493290392,40.13687600644123,5.401234567901234,13.801663982823403,1.8853998926462694,4.824208266237251,0.14090177133655393,
178,13.714439076757918,11.18491680085883,8.99087493290392,40.13016639828234,5.387815351583468,13.741277509393452,1.8853998926462694,4.824208266237251,0.14090177133655393,
179,13.808373590982287,11.171497584541063,8.99087493290392,39.98926462694579,5.515297906602254,13.70101986044015,1.8786902844873858,4.804079441760601,0.14090177133655393,
180,13.88888888888889,11.171497584541063,8.93719806763285,39.60681696188943,5.709876543209877,13.633923778851315,1.8786902844873858,5.032206119162641,0.14090177133655393,
181,14.06333870101986,11.11111111111111,8.93719806763285,39.33843263553408,5.776972624798712,13.633923778851315,1.9860440150295222,5.01207729468599,0.14090177133655393,
182,14.325013419216317,11.104401502952227,8.903650026838433,38.85534084809447,5.776972624798712,13.539989264626946,1.9860440150295222,5.367686527106817,0.14090177133655393,
183,14.378690284487385,11.104401502952227,8.896940418679549,38.519860440150296,5.776972624798712,13.513150831991412,2.301395598497048,5.367686527106817,0.14090177133655393,
184,14.53972088030059,11.104401502952227,8.756038647342995,38.399087493290395,6.045356951154052,13.459473966720344,2.301395598497048,5.253623188405797,0.14090177133655393,
185,14.700751476113794,10.997047772410092,8.756038647342995,38.33870101986044,6.031937734836285,13.43263553408481,2.301395598497048,5.300590445517981,0.14090177133655393,
186,14.734299516908212,10.997047772410092,8.749329039184111,38.33199141170156,6.031937734836285,13.419216317767042,2.301395598497048,5.293880837359098,0.14090177133655393,
187,14.922168545356952,10.997047772410092,8.709071390230811,38.016639828234034,6.031937734836285,13.41250670960816,2.5831991411701556,5.186527106816962,0.14090177133655393,
188,15.009393451422437,10.990338164251208,8.695652173913043,37.96967257112185,6.018518518518518,13.41250670960816,2.5831991411701556,5.179817498658078,0.14090177133655393,
189,15.136876006441224,10.963499731615673,8.695652173913043,37.92270531400966,6.018518518518518,13.372249060654857,2.5831991411701556,5.166398282340311,0.14090177133655393,
190,15.190552871712292,10.963499731615673,8.675523349436393,37.88915727321525,6.018518518518518,13.372249060654857,2.5831991411701556,5.166398282340311,0.14090177133655393,
191,15.08990874932904,10.903113258185721,8.641975308641975,38.17096081588835,5.964841653247451,13.345410628019323,2.5831991411701556,5.159688674181428,0.14090177133655393,
192,15.096618357487923,10.86285560923242,8.467525496511003,38.097155126140635,5.964841653247451,13.345410628019323,2.5831991411701556,5.441492216854535,0.14090177133655393,
193,15.277777777777779,10.789049919484702,8.158883521202362,39.30488459473967,5.8172302737520125,12.969672571121846,2.657004830917874,4.884594739667204,0.14090177133655393,
194,15.418679549114332,10.789049919484702,8.11862587224906,39.25791733762748,5.8172302737520125,12.929414922168545,2.657004830917874,4.871175523349437,0.14090177133655393,
195,15.4723564143854,10.789049919484702,8.11862587224906,39.21765968867418,5.810520665593129,12.929414922168545,2.6502952227589907,4.871175523349437,0.14090177133655393,
196,14.720880300590446,10.782340311325818,6.568706387546968,43.53193773483628,5.347557702630167,12.640901771336553,2.38191089640365,3.8848631239935587,0.14090177133655393,
197,14.794685990338165,10.782340311325818,6.568706387546968,43.484970477724104,5.3341384863123995,12.627482555018787,2.38191089640365,3.8848631239935587,0.14090177133655393,
198,14.855072463768115,10.782340311325818,6.541867954911433,43.47826086956522,5.3341384863123995,12.614063338701019,2.368491680085883,3.8848631239935587,0.14090177133655393,
199,14.935587761674718,10.782340311325818,6.541867954911433,43.41787439613527,5.3341384863123995,12.593934514224369,2.368491680085883,3.8848631239935587,0.14090177133655393,
200,14.962426194310252,10.782340311325818,6.541867954911433,43.39774557165862,5.3341384863123995,12.593934514224369,2.3617820719269993,3.8848631239935587,0.14090177133655393,
201,14.99597423510467,10.762211486849168,6.541867954911433,43.384326355340846,5.3341384863123995,12.593934514224369,2.3617820719269993,3.8848631239935587,0.14090177133655393,
202,15.230810520665592,10.721953837895867,6.501610305958132,43.27026301663983,5.3341384863123995,12.553676865271068,2.3617820719269993,3.8848631239935587,0.14090177133655393,
203,15.318035426731079,10.721953837895867,6.501610305958132,43.21658615136876,5.3341384863123995,12.52012882447665,2.3617820719269993,3.8848631239935587,0.14090177133655393,
204,15.35829307568438,10.721953837895867,6.501610305958132,43.15619967793881,5.4616210413311865,12.426194310252281,2.3617820719269993,3.8714439076757916,0.14090177133655393,
205,15.566290928609769,10.61460010735373,6.461352657004831,43.14949006977992,5.4549114331723025,12.426194310252281,2.3617820719269993,3.824476650563607,0.14090177133655393,
206,15.599838969404187,10.527375201288244,6.461352657004831,43.05555555555556,5.636070853462158,12.419484702093397,2.3349436392914655,3.824476650563607,0.14090177133655393,
207,14.673913043478262,10.21202361782072,8.527911969940956,42.67981749865808,5.448201825013419,12.157809983896941,2.3349436392914655,3.824476650563607,0.14090177133655393,
208,14.694041867954912,10.21202361782072,8.527911969940956,42.659688674181425,5.448201825013419,12.157809983896941,2.3349436392914655,3.824476650563607,0.14090177133655393,
209,14.452495974235104,10.50053676865271,8.527911969940956,42.62614063338701,5.441492216854535,12.157809983896941,2.3349436392914655,3.8177670424047236,0.14090177133655393,
210,14.526301663982823,10.50053676865271,8.527911969940956,42.579173376274824,5.441492216854535,12.144390767579173,2.3215244229736984,3.8177670424047236,0.14090177133655393,
211,14.579978529253891,10.399892646269459,7.702630166398282,42.3443370907139,5.535426731078905,13.170960815888352,2.475845410628019,3.7909286097691894,,
212,14.720880300590446,10.38647342995169,7.702630166398282,41.88137412775094,5.535426731078905,13.539989264626946,2.462426194310252,3.770799785292539,,
213,14.714170692431562,10.111379495437467,7.695920558239399,41.86795491143317,5.964841653247451,13.419216317767042,2.462426194310252,3.7640901771336552,,
214,14.76784755770263,10.111379495437467,7.669082125603865,41.74718196457327,5.964841653247451,13.385668276972625,2.5966183574879227,3.7573805689747717,,
215,14.821524422973699,10.111379495437467,7.669082125603865,41.706924315619965,5.958132045088567,13.378958668813741,2.5966183574879227,3.7573805689747717,,
216,14.861782071927,10.0979602791197,7.669082125603865,41.50563607085346,5.958132045088567,13.378958668813741,2.771068169618894,3.7573805689747717,,
217,15.029522275899087,10.057702630166398,7.615405260332796,41.45195920558239,5.9447128287707995,13.378958668813741,2.771068169618894,3.750670960815888,,
218,15.083199141170155,9.762479871175524,7.601986044015029,41.324476650563604,6.327160493827161,13.378958668813741,2.771068169618894,3.750670960815888,,
219,15.13016639828234,9.762479871175524,7.575147611379496,41.243961352657,6.327160493827161,13.378958668813741,2.8381642512077296,3.743961352657005,,
220,15.002683843263553,9.796027911969942,8.68894256575416,40.92860976918948,6.360708534621578,12.513419216317766,2.8381642512077296,3.8714439076757916,,
221,15.11003757380569,9.73564143853999,8.682232957595277,40.82125603864734,6.427804616210413,12.513419216317766,2.8381642512077296,3.8714439076757916,,
222,15.190552871712292,9.73564143853999,8.675523349436393,40.754159957058505,6.421095008051529,12.513419216317766,2.8381642512077296,3.8714439076757916,,
223,15.277777777777779,9.702093397745571,8.662104133118627,40.653515834675254,6.421095008051529,12.5,2.9253891572732154,3.8580246913580245,,
224,15.351583467525497,9.688674181427805,8.662104133118627,40.264358561460014,6.421095008051529,12.828770799785293,2.9253891572732154,3.8580246913580245,,
225,15.391841116478798,9.688674181427805,8.628556092324208,40.143585614600106,6.421095008051529,12.828770799785293,3.0394524959742353,3.8580246913580245,,
226,15.499194847020934,9.447128287707997,8.621846484165324,40.04965110037574,6.6827697262479875,12.801932367149758,3.0394524959742353,3.8580246913580245,,
227,15.727321524422974,9.420289855072463,8.561460010735374,39.90874932903918,6.6827697262479875,12.801932367149758,3.0394524959742353,3.8580246913580245,,
228,15.767579173376275,9.420289855072463,8.55475040257649,39.754428341384866,6.6827697262479875,12.801932367149758,3.1602254428341383,3.8580246913580245,,
229,15.848094471282877,9.420289855072463,8.55475040257649,39.472624798711756,6.6827697262479875,12.775093934514224,3.4017713365539453,3.844605475040258,,
230,15.942028985507246,9.406870638754697,8.494363929146537,39.472624798711756,6.662640901771336,12.775093934514224,3.4017713365539453,3.844605475040258,,
231,16.33118625872249,9.366612989801396,8.494363929146537,39.19753086419753,6.608964036500268,12.76838432635534,3.388352120236178,3.844605475040258,,
232,16.532474503488995,9.339774557165862,8.433977455716587,39.110305958132045,6.608964036500268,12.754965110037574,3.388352120236178,3.8311862587224907,,
233,16.545893719806763,9.339774557165862,8.387010198604402,38.848631239935585,6.635802469135802,12.72812667740204,3.307836822329576,4.206924315619967,,
234,16.586151368760063,9.252549651100376,8.380300590445518,38.821792807300056,6.582125603864735,12.694578636607622,3.294417606011809,4.388083735909823,,
235,16.659957058507782,9.16532474503489,8.340042941492216,38.74127750939345,6.649221685453569,12.667740203972087,3.408480944712829,4.367954911433173,,
236,16.71363392377885,9.16532474503489,8.333333333333334,38.69431025228127,6.649221685453569,12.667740203972087,3.408480944712829,4.367954911433173,,
237,16.774020397208805,9.145195920558239,8.32662372517445,38.69431025228127,6.649221685453569,12.654320987654321,3.4017713365539453,4.3545356951154055,,
238,16.941760601180892,9.145195920558239,8.272946859903382,38.486312399355874,6.635802469135802,12.734836285560924,3.4286097691894795,4.3545356951154055,,
239,17.12962962962963,8.930488459473967,8.272946859903382,38.29844337090714,6.904186795491143,12.70799785292539,3.4286097691894795,4.327697262479871,,
240,17.176596886741816,8.930488459473967,8.272946859903382,38.0300590445518,7.125603864734299,12.70799785292539,3.4286097691894795,4.327697262479871,,
241,17.16988727858293,8.930488459473967,8.272946859903382,37.96967257112185,7.125603864734299,12.47987117552335,3.730542136339238,4.320987654320987,,
242,17.344337090713903,8.836553945249598,7.809983896940419,37.895866881374126,7.125603864734299,12.95625335480408,3.7238325281803544,4.30756843800322,,
243,17.444981213097154,8.816425120772946,7.809983896940419,37.82877079978529,7.125603864734299,12.95625335480408,3.7104133118625873,4.30756843800322,,
244,17.444981213097154,8.816425120772946,7.809983896940419,37.82877079978529,7.125603864734299,12.95625335480408,3.7104133118625873,4.30756843800322,,
245,17.47181964573269,8.568169618894256,7.809983896940419,36.85587761674718,7.125603864734299,14.224369296833064,3.6366076221148687,4.30756843800322,,
246,17.639559849704778,8.561460010735374,7.809983896940419,36.761943102522814,7.085346215780999,14.210950080515298,3.6231884057971016,4.30756843800322,,
247,17.619431025228128,8.527911969940956,7.809983896940419,36.56736446591519,7.1658615136876005,14.096886741814279,3.6231884057971016,4.5893719806763285,,
248,17.652979066022546,8.527911969940956,7.809983896940419,36.533816425120776,7.226247987117552,14.036500268384327,3.6231884057971016,4.5893719806763285,,
249,17.827428878153516,8.467525496511003,7.809983896940419,36.460010735373054,7.219538378958669,14.036500268384327,3.589640365002684,4.5893719806763285,,
250,17.907944176060116,8.467525496511003,7.803274288781535,36.38620504562534,7.219538378958669,14.009661835748792,3.535963499731616,4.669887278582931,,
251,17.975040257648953,8.353462157809984,7.7831454643048845,36.38620504562534,7.333601717659689,13.996242619431026,3.5225442834138487,4.64975845410628,,
252,18.075684380032207,8.340042941492216,7.763016639828234,36.08427267847558,7.763016639828234,13.969404186795492,3.3816425120772946,4.622920021470746,,
253,18.129361245303276,8.32662372517445,7.763016639828234,36.05743424584004,7.75630703166935,13.962694578636608,3.3816425120772946,4.622920021470746,,
254,18.223295759527645,8.132045088566828,7.7361782071927,35.82259796027912,7.944176060118089,13.942565754159958,3.5762211486849167,4.622920021470746,,
255,18.344068706387546,8.105206655931294,7.7361782071927,35.768921095008054,7.924047235641439,13.92914653784219,3.5762211486849167,4.616210413311863,,
256,18.397745571658614,8.064949006977992,7.7361782071927,35.68840579710145,8.085077831454644,13.92914653784219,3.4957058507783145,4.602791196994096,,
257,18.431293612453032,8.064949006977992,7.7361782071927,35.68840579710145,8.085077831454644,13.895598497047773,3.4957058507783145,4.602791196994096,,
258,18.14278046162104,7.85024154589372,7.729468599033816,35.547504025764894,7.957595276435856,13.882179280730005,3.4957058507783145,5.394524959742351,,
259,18.256843800322063,7.85024154589372,7.729468599033816,35.245571658615134,8.3467525496511,13.7211486849168,3.4688674181427803,5.381105743424584,,
260,18.169618894256576,7.75630703166935,8.031400966183575,35.16505636070853,8.333333333333334,13.694310252281268,3.4688674181427803,5.381105743424584,,
261,18.243424584004295,7.75630703166935,8.011272141706923,34.916800858829845,8.299785292538916,13.694310252281268,3.7104133118625873,5.367686527106817,,
262,18.290391841116477,7.75630703166935,7.98443370907139,34.90338164251208,8.293075684380032,13.694310252281268,3.7104133118625873,5.367686527106817,,
263,18.377616747181964,7.682501341921632,7.816693505099302,34.735641438539986,8.199141170155663,13.92914653784219,3.7104133118625873,5.287171229200215,,0.2616747181964573
264,18.5252281266774,7.669082125603865,7.7831454643048845,34.66183574879227,8.172302737520129,13.92914653784219,3.7104133118625873,5.287171229200215,,0.2616747181964573
265,18.800322061191626,7.62211486849168,7.62211486849168,34.628287707997856,8.172302737520129,13.895598497047773,3.7104133118625873,5.287171229200215,,0.2616747181964573
266,18.82716049382716,7.608695652173913,7.62211486849168,34.60144927536232,8.172302737520129,13.828502415458937,3.7104133118625873,5.280461621041331,,0.3488996242619431
