,45,50,55,51,52,53,54,59,56,57,58
0,99.44981213097155,0.5501878690284487,,,,,,,,,
1,93.16290928609769,6.837090713902308,,,,,,,,,
2,92.80059044551798,7.199409554482019,,,,,,,,,
3,88.74127750939346,11.211755233494364,0.04696725711218465,,,,,,,,
4,88.26489533011272,11.688137412775093,0.04696725711218465,,,,,,,,
5,87.68786902844874,12.25174449812131,0.04696725711218465,0.013419216317767043,,,,,,,
6,87.06387546967257,12.835480407944177,0.08722490606548577,0.013419216317767043,,,,,,,
7,83.9170692431562,15.982286634460548,0.08722490606548577,0.013419216317767043,,,,,,,
8,83.48765432098766,16.411701556629094,0.08722490606548577,0.013419216317767043,,,,,,,
9,83.0246913580247,16.874664519592056,0.08722490606548577,0.013419216317767043,,,,,,,
10,82.3268921095008,17.04911433172303,0.30193236714975846,0.013419216317767043,0.30864197530864196,,,,,,
11,80.96484165324745,18.42458400429415,0.30193236714975846,0.013419216317767043,0.2952227589908749,,,,,,
12,80.46833064949007,18.92109500805153,0.30193236714975846,0.013419216317767043,0.2952227589908749,,,,,,
13,80.15297906602254,19.236446591519055,0.30193236714975846,0.013419216317767043,0.2952227589908749,,,,,,
14,79.44176060118089,19.860440150295222,0.38915727321524424,0.013419216317767043,0.2952227589908749,,,,,,
15,65.955448201825,33.031400966183575,0.5501878690284487,0.013419216317767043,0.4495437466451959,,,,,,
16,65.81454643048846,33.1454643048846,0.5770263016639828,0.013419216317767043,0.4495437466451959,,,,,,
17,65.25764895330113,33.4272678475577,0.8521202361782072,0.013419216317767043,0.4495437466451959,,,,,,
18,65.15700483091787,33.43397745571659,0.8521202361782072,0.10735373054213634,0.4495437466451959,,,,,,
19,65.18384326355341,33.21926999463231,0.8789586688137413,0.10735373054213634,0.4495437466451959,0.020128824476650563,0.14090177133655393,,,,
20,64.87520128824477,33.36688137412775,0.9728931830381106,0.17444981213097155,0.4495437466451959,0.020128824476650563,0.14090177133655393,,,,
21,62.5402576489533,35.68169618894257,0.9728931830381106,0.19457863660762212,0.4495437466451959,0.020128824476650563,0.14090177133655393,,,,
22,62.124261943102525,35.90311325818572,1.1674718196457328,0.19457863660762212,0.4495437466451959,0.020128824476650563,0.14090177133655393,,,,
23,61.493558776167475,36.3191089640365,1.3821792807300053,0.19457863660762212,0.4495437466451959,0.020128824476650563,0.14090177133655393,,,,
24,61.24530327428878,36.252012882447666,1.6103059581320451,0.28180354267310787,0.4495437466451959,0.020128824476650563,0.14090177133655393,,,,
25,60.90311325818572,36.45330112721417,1.7176596886741815,0.3153515834675255,0.4495437466451959,0.020128824476650563,0.14090177133655393,,,,
26,60.57434245840043,36.540526033279654,1.9592055823939882,0.3153515834675255,0.4495437466451959,0.020128824476650563,0.14090177133655393,,,,
27,60.07112184648417,36.922973698336016,1.9256575415995705,0.3153515834675255,0.4495437466451959,0.020128824476650563,0.2952227589908749,,,,
28,59.836285560923244,36.882716049382715,1.9524959742351047,0.3153515834675255,0.6977992485238862,0.020128824476650563,0.2952227589908749,,,,
29,59.48067632850242,37.09742351046699,1.9524959742351047,0.3153515834675255,0.6977992485238862,0.020128824476650563,0.43612453032742887,,,,
30,59.27938808373591,37.21148684916801,2.0397208803005906,0.3153515834675255,0.6977992485238862,0.020128824476650563,0.43612453032742887,,,,
31,56.44122383252818,30.689747718733226,1.6841116478797638,10.091250670960816,0.6374127750939346,0.020128824476650563,0.43612453032742887,,,,
32,55.97155126140633,30.763553408480945,1.9994632313472893,9.66183574879227,1.1473429951690821,0.020128824476650563,0.43612453032742887,,,,
33,54.93156199677939,31.696188942565755,2.38191089640365,9.386741814278047,1.1473429951690821,0.020128824476650563,0.43612453032742887,,,,
34,54.75711218464841,31.810252281266774,2.38191089640365,9.386741814278047,1.2077294685990339,0.020128824476650563,0.43612453032742887,,,,
35,54.750402576489535,31.843800322061192,2.38191089640365,9.359903381642512,1.2077294685990339,0.020128824476650563,0.43612453032742887,,,,
36,53.91170155662909,32.52147074610843,2.475845410628019,9.420289855072463,1.1741814278046163,0.020128824476650563,0.47638217928073,,,,
37,53.7037037037037,32.628824476650564,2.475845410628019,9.420289855072463,1.1741814278046163,0.020128824476650563,0.5770263016639828,,,,
38,53.58964036500269,32.78314546430489,2.3886205045625335,9.359903381642512,1.1473429951690821,0.020128824476650563,0.7112184648416533,,,,
39,50.254965110037574,36.171497584541065,2.395330112721417,9.286097691894794,1.1473429951690821,0.03354804079441761,0.7112184648416533,,,,
40,50.006709608158886,36.07756307031669,2.5429414922168547,9.353193773483628,1.133923778851315,0.03354804079441761,0.8521202361782072,,,,
41,49.684648416532475,36.26543209876543,2.703972088030059,9.219001610305957,1.2412775093934514,0.03354804079441761,0.8521202361782072,,,,
42,49.16800858829844,36.64787976382179,2.703972088030059,9.232420826623725,1.2412775093934514,0.03354804079441761,0.9728931830381106,,,,
43,48.960010735373054,36.67471819645733,2.9924852388620504,9.044551798174986,1.2412775093934514,0.03354804079441761,1.0534084809447128,,,,
44,48.55743424584004,36.97665056360709,3.1468062265163717,8.863392377885132,1.3687600644122384,0.03354804079441761,1.0534084809447128,,,,
45,48.56414385399893,36.943102522812666,3.1468062265163717,8.890230810520666,1.3687600644122384,0.03354804079441761,1.0534084809447128,,,,
46,48.41653247450349,36.58749329039184,3.361513687600644,8.621846484165324,1.5029522275899088,0.03354804079441761,1.4761137949543746,,,,
47,45.55823939881911,39.36527106816962,3.502415458937198,8.433977455716587,1.570048309178744,0.03354804079441761,1.5365002683843263,,,,
48,45.44417606011809,39.21765968867418,3.6366076221148687,8.561460010735374,1.6035963499731616,0.03354804079441761,1.5029522275899088,,,,
49,45.34353193773484,39.26462694578637,3.7037037037037037,8.548040794417606,1.6035963499731616,0.03354804079441761,1.5029522275899088,,,,
50,45.10198604401503,39.08346752549651,3.8714439076757916,8.581588835212024,1.6371443907675791,0.03354804079441761,1.6908212560386473,,,,
51,45.02147074610843,38.94927536231884,3.824476650563607,8.581588835212024,1.6371443907675791,0.03354804079441761,1.9524959742351047,,,,
52,40.57971014492754,43.142780461621044,3.9049919484702094,8.776167471819646,1.6103059581320451,0.03354804079441761,1.9524959742351047,,,,
53,40.552871712292,42.47852925389157,3.9855072463768115,8.776167471819646,1.6103059581320451,0.14090177133655393,2.4557165861513686,,,,
54,40.405260332796566,42.53891572732152,3.938539989264627,8.715780998389693,1.6438539989264627,0.19457863660762212,2.563070316693505,,,,
55,39.58668813741278,39.34514224369297,4.622920021470746,11.889425657541599,1.6572732152442298,0.24154589371980675,2.657004830917874,,,,
56,39.33843263553408,39.46591519055287,4.643048845947397,11.876006441223833,1.6572732152442298,0.24154589371980675,2.7777777777777777,,,,
57,39.21765968867418,39.392109500805155,4.757112184648417,11.862587224906065,1.751207729468599,0.24154589371980675,2.7777777777777777,,,,
58,38.93585614600107,39.36527106816962,4.918142780461621,12.010198604401502,1.751207729468599,0.24154589371980675,2.7777777777777777,,,,
59,38.399087493290395,39.512882447665056,5.052334943639291,12.191358024691358,1.751207729468599,0.24154589371980675,2.8515834675254963,,,,
60,38.177670424047236,38.89559849704777,4.045893719806763,10.50053676865271,1.7310789049919484,0.2214170692431562,6.347289318303811,0.08051529790660225,,,
61,35.218733225979605,41.97530864197531,4.119699409554482,10.245571658615138,1.5230810520665594,0.2214170692431562,6.615673644659152,0.08051529790660225,,,
62,35.09125067096082,42.00214707461084,4.119699409554482,10.34621578099839,1.5230810520665594,0.2214170692431562,6.615673644659152,0.08051529790660225,,,
63,35.15163714439077,41.88137412775094,4.2270531400966185,10.279119699409554,1.5029522275899088,0.2952227589908749,6.5485775630703165,0.11406333870101985,,,
64,35.178475577026305,41.76060118089104,4.341116478797638,10.258990874932904,1.5029522275899088,0.2952227589908749,6.5485775630703165,0.11406333870101985,,,
65,35.17176596886742,41.34460547504026,4.374664519592056,10.037573805689748,1.5029522275899088,0.9057971014492754,6.5485775630703165,0.11406333870101985,,,
66,35.08454106280193,41.337895866881375,4.428341384863124,10.084541062801932,1.5029522275899088,0.9057971014492754,6.541867954911433,0.11406333870101985,,,
67,34.4068706387547,40.43880837359098,4.394793344068707,10.61460010735373,2.4691358024691357,0.9057971014492754,6.655931293612453,0.11406333870101985,,,
68,33.58829844337091,39.2512077294686,4.28743961352657,12.882447665056361,2.4691358024691357,0.6910896403650026,6.6827697262479875,0.11406333870101985,0.03354804079441761,,
69,33.52120236178207,39.32501341921632,4.260601180891036,12.915995705850777,2.3349436392914655,0.6910896403650026,6.8035426731078905,0.11406333870101985,0.03354804079441761,,
70,33.5077831454643,39.13714439076758,4.260601180891036,12.969672571121846,2.4557165861513686,0.7045088566827697,6.649221685453569,0.11406333870101985,0.1274825550187869,0.07380568974771873,
71,33.1857219538379,38.6406333870102,4.374664519592056,13.345410628019323,2.4691358024691357,0.785024154589372,6.816961889425658,0.11406333870101985,0.1274825550187869,0.14090177133655393,
72,31.82367149758454,39.774557165861516,4.549114331723027,13.345410628019323,2.536231884057971,0.785024154589372,6.8035426731078905,0.11406333870101985,0.1274825550187869,0.14090177133655393,
73,31.17283950617284,39.680622651637144,4.49543746645196,14.325013419216317,2.2410091250670963,0.8990874932903918,6.776704240472356,0.11406333870101985,0.15432098765432098,0.14090177133655393,
74,30.743424584004295,39.22436929683307,4.51556629092861,15.33816425120773,2.147074610842727,0.8990874932903918,6.662640901771336,0.11406333870101985,0.18115942028985507,0.14090177133655393,0.03354804079441761
75,30.750134192163177,39.03650026838432,4.549114331723027,15.277777777777779,2.187332259796028,0.8990874932903918,6.756575415995706,0.11406333870101985,0.2549651100375738,0.14090177133655393,0.03354804079441761
76,30.46833064949007,38.13070316693505,4.616210413311863,16.418411164787976,2.1604938271604937,0.8990874932903918,6.763285024154589,0.11406333870101985,0.2549651100375738,0.14090177133655393,0.03354804079441761
77,30.535426731078903,37.86231884057971,4.622920021470746,16.398282340311326,2.368491680085883,0.95276435856146,6.6827697262479875,0.14761137949543746,0.2549651100375738,0.14090177133655393,0.03354804079441761
78,30.475040257648953,37.734836285560924,4.757112184648417,16.398282340311326,2.3215244229736984,1.1003757380568975,6.575415995705851,0.14761137949543746,0.3153515834675255,0.14090177133655393,0.03354804079441761
79,30.555555555555557,37.6207729468599,4.891304347826087,16.364734299516908,2.395330112721417,1.1003757380568975,6.4345142243692965,0.14761137949543746,0.3153515834675255,0.14090177133655393,0.03354804079441761
80,30.475040257648953,37.60064412238325,5.032206119162641,16.23725174449812,2.3483628556092326,1.1876006441223832,6.380837359098229,0.14761137949543746,0.4227053140096618,0.16774020397208803,
81,30.287171229200215,37.66774020397209,5.032206119162641,16.27750939345142,2.3483628556092326,1.1876006441223832,6.461352657004831,0.14761137949543746,0.4227053140096618,0.16774020397208803,
82,28.381642512077295,40.103327965646805,5.0791733762748255,15.76086956521739,2.3886205045625335,1.133923778851315,6.380837359098229,0.14761137949543746,0.4562533548040794,0.16774020397208803,
83,28.073000536768653,40.13687600644123,5.173107890499195,15.546162104133119,2.301395598497048,1.261406333870102,6.608964036500268,0.14761137949543746,0.49651100375738055,0.2549651100375738,
84,28.039452495974235,39.62694578636608,5.555555555555555,15.331454643048845,2.4892646269457863,1.3888888888888888,6.615673644659152,0.14761137949543746,0.5636070853462157,0.24154589371980675,
85,27.697262479871174,39.51959205582394,5.797101449275362,15.633387010198604,2.4154589371980677,1.3687600644122384,6.615673644659152,0.14761137949543746,0.5636070853462157,0.24154589371980675,
86,27.66371443907676,39.29817498658078,5.9447128287707995,15.458937198067632,2.703972088030059,1.3687600644122384,6.5552871712292005,0.14761137949543746,0.5904455179817498,0.24154589371980675,0.026838432635534086
87,27.70397208803006,38.99624261943102,6.139291465378422,15.371712292002147,2.7509393451422435,1.3016639828234031,6.709608158883521,0.14761137949543746,0.5770263016639828,0.27509393451422437,0.026838432635534086
88,27.74422973698336,38.868760064412236,6.266774020397209,15.291196994095545,2.737520128824477,1.3419216317767042,6.723027375201288,0.14761137949543746,0.5770263016639828,0.27509393451422437,0.026838432635534086
89,27.643585614600106,38.95598497047772,6.367418142780462,15.203972088030058,2.737520128824477,1.3419216317767042,6.723027375201288,0.14761137949543746,0.5770263016639828,0.27509393451422437,0.026838432635534086
90,27.623456790123456,38.62721417069243,6.568706387546968,15.197262479871176,2.7106816961889426,1.3419216317767042,6.984702093397746,0.14761137949543746,0.5032206119162641,0.2683843263553409,0.026838432635534086
91,27.657004830917874,38.52657004830918,6.642512077294686,15.150295222758992,2.7106816961889426,1.3955984970477724,6.971282877079979,0.14761137949543746,0.5032206119162641,0.2683843263553409,0.026838432635534086
92,26.617015566290927,36.42646269457864,6.763285024154589,18.156199677938808,2.8247450348899625,1.2010198604401503,6.937734836285561,0.14761137949543746,0.630703166935051,0.2683843263553409,0.026838432635534086
93,26.630434782608695,36.41304347826087,6.763285024154589,18.156199677938808,2.8247450348899625,1.2010198604401503,6.937734836285561,0.14761137949543746,0.630703166935051,0.2683843263553409,0.026838432635534086
94,26.596886741814277,36.28556092324208,6.749865807836822,18.169618894256576,2.945517981749866,1.2815351583467525,6.89747718733226,0.14761137949543746,0.630703166935051,0.2683843263553409,0.026838432635534086
95,26.67740203972088,36.07756307031669,7.118894256575416,17.94820182501342,2.945517981749866,1.2815351583467525,6.877348362855609,0.14761137949543746,0.630703166935051,0.2683843263553409,0.026838432635534086
96,26.37546967257112,36.2385936661299,7.092055823939882,18.02200751476114,2.965646806226516,1.3553408480944713,6.877348362855609,0.14761137949543746,0.630703166935051,0.2683843263553409,0.026838432635534086
97,26.422436929683307,36.030595813204506,7.326892109500805,17.934782608695652,3.0595813204508855,1.3553408480944713,6.756575415995706,0.14761137949543746,0.6038647342995169,0.33548040794417605,0.026838432635534086
98,25.72463768115942,36.11782071926999,7.461084272678476,18.344068706387546,3.126677402039721,1.3553408480944713,6.756575415995706,0.14761137949543746,0.6038647342995169,0.33548040794417605,0.026838432635534086
99,25.43612453032743,35.48040794417606,7.601986044015029,18.793612453032743,3.2340311325818574,1.4559849704777241,6.756575415995706,0.14761137949543746,0.7313472893183038,0.33548040794417605,0.026838432635534086
100,25.637412775093935,35.20531400966183,7.514761137949543,18.9747718733226,3.2340311325818574,1.4358561460010735,6.716317767042405,0.13419216317767044,0.785024154589372,0.33548040794417605,0.026838432635534086
101,25.483091787439612,34.594739667203434,7.481213097155126,19.216317767042405,3.2340311325818574,1.9659151905528718,6.716317767042405,0.13419216317767044,0.8118625872249061,0.33548040794417605,0.026838432635534086
102,25.38244766505636,34.272678475577024,7.4006977992485234,19.53166935050993,3.2206119162640903,2.13365539452496,6.6827697262479875,0.13419216317767044,0.8789586688137413,0.33548040794417605,0.026838432635534086
103,25.241545893719806,34.23242082662372,7.407407407407407,19.64573268921095,3.2206119162640903,2.167203435319377,6.6760601180891035,0.13419216317767044,0.9125067096081588,0.33548040794417605,0.026838432635534086
104,25.348899624261943,33.883521202361784,7.360440150295223,19.592055823939884,3.388352120236178,2.1068169618894257,6.857219538378959,0.13419216317767044,0.966183574879227,0.33548040794417605,0.026838432635534086
105,25.429414922168544,33.8365539452496,7.5281803542673105,19.182769726247987,3.4688674181427803,2.120236178207193,6.850509930220075,0.13419216317767044,1.093666129898014,0.32877079978529256,0.026838432635534086
106,25.328770799785293,33.675523349436396,7.796564680622652,19.00161030595813,3.5628019323671496,2.1739130434782608,6.877348362855609,0.13419216317767044,1.093666129898014,0.32877079978529256,0.026838432635534086
107,25.214707461084274,33.662104133118625,7.7361782071927,18.968062265163713,3.5628019323671496,2.3483628556092326,6.9243156199677935,0.13419216317767044,1.093666129898014,0.32877079978529256,0.026838432635534086
108,25.355609232420825,33.36688137412775,7.930756843800322,18.927804616210413,3.5628019323671496,2.3483628556092326,6.9243156199677935,0.13419216317767044,1.093666129898014,0.32877079978529256,0.026838432635534086
109,25.10064412238325,33.09849704777241,7.9039184111647875,19.612184648416534,3.616478797638218,2.2611379495437465,6.823671497584541,0.13419216317767044,1.093666129898014,0.32877079978529256,0.026838432635534086
110,25.026838432635532,32.91733762748255,8.044820182501342,19.618894256575416,3.730542136339238,2.254428341384863,6.823671497584541,0.13419216317767044,1.093666129898014,0.32877079978529256,0.026838432635534086
111,24.46323134728932,31.57541599570585,7.648953301127214,22.5577026301664,3.6231884057971016,1.9659151905528718,6.568706387546968,0.13419216317767044,1.107085346215781,0.32877079978529256,0.026838432635534086
112,24.4699409554482,31.49490069779925,7.62211486849168,22.477187332259795,3.5963499731615673,2.167203435319377,6.488191089640365,0.13419216317767044,1.1943102522812667,0.32877079978529256,0.026838432635534086
113,24.50348899624262,31.508319914117017,7.682501341921632,22.450348899624263,3.5762211486849167,2.0933977455716586,6.474771873322598,0.13419216317767044,1.221148684916801,0.32877079978529256,0.026838432635534086
114,24.52361782071927,31.13929146537842,7.461084272678476,22.611379495437465,3.5762211486849167,2.26784755770263,6.709608158883521,0.13419216317767044,1.221148684916801,0.32877079978529256,0.026838432635534086
115,24.550456253354803,31.00509930220075,7.481213097155126,22.584541062801932,3.569511540526033,2.428878153515835,6.66935050993022,0.13419216317767044,1.221148684916801,0.32877079978529256,0.026838432635534086
116,24.530327428878152,30.783682232957595,7.722758990874933,22.544283413848632,3.603059581320451,2.428878153515835,6.629092860976919,0.13419216317767044,1.2681159420289856,0.32877079978529256,0.026838432635534086
117,24.62426194310252,30.689747718733226,7.689210950080516,22.52415458937198,3.6500268384326353,2.4557165861513686,6.709608158883521,0.05367686527106817,1.247987117552335,0.32877079978529256,0.026838432635534086
118,24.59742351046699,30.461621041331185,7.6623725174449815,22.463768115942027,3.851315083199141,2.4557165861513686,6.769994632313473,0.05367686527106817,1.328502415458937,0.32877079978529256,0.026838432635534086
119,23.691626409017715,29.314278046162105,7.48792270531401,24.40955448201825,3.9049919484702094,2.5295222758990876,6.89747718733226,0.05367686527106817,1.3553408480944713,0.32877079978529256,0.026838432635534086
120,23.64465915190553,29.334406870638755,7.48792270531401,24.349168008588297,3.9049919484702094,2.5563607085346214,6.870638754696726,0.05367686527106817,1.442565754159957,0.32877079978529256,0.026838432635534086
121,23.07434245840043,28.858024691358025,7.447665056360709,25.315351583467525,3.8714439076757916,2.636876006441224,6.91760601180891,0.05367686527106817,1.4694041867954912,0.32877079978529256,0.026838432635534086
122,23.07434245840043,28.891572732152444,7.4141170155662905,25.228126677402038,3.9452495974235107,2.7777777777777777,6.790123456790123,0.05367686527106817,1.4694041867954912,0.32877079978529256,0.026838432635534086
123,23.14814814814815,28.468867418142782,7.461084272678476,25.194578636607623,4.025764895330113,2.7777777777777777,7.03166935050993,0.05367686527106817,1.482823403113258,0.32877079978529256,0.026838432635534086
124,23.30246913580247,28.27428878153516,7.521470746108427,25.013419216317768,4.119699409554482,2.7777777777777777,7.024959742351046,0.05367686527106817,1.556629092860977,0.32877079978529256,0.026838432635534086
125,22.805958132045088,28.77079978529254,7.709339774557166,24.825550187869027,4.146537842190016,2.7777777777777777,6.998121309715513,0.05367686527106817,1.556629092860977,0.32877079978529256,0.026838432635534086
126,22.832796564680624,28.710413311862588,7.85024154589372,24.58400429414922,4.159957058507783,2.7509393451422435,7.1658615136876005,0.05367686527106817,1.5365002683843263,0.32877079978529256,0.026838432635534086
127,23.020665593129362,28.59634997316157,7.863660762211487,24.268652710681696,4.159957058507783,2.757648953301127,7.306763285024155,0.05367686527106817,1.6170155662909287,0.32877079978529256,0.026838432635534086
128,22.886473429951693,28.59634997316157,7.924047235641439,24.322329575952764,4.159957058507783,2.7509393451422435,7.333601717659689,0.05367686527106817,1.6170155662909287,0.32877079978529256,0.026838432635534086
129,22.15512614063339,29.47530864197531,7.863660762211487,24.10762211486849,4.139828234031133,2.871712292002147,7.360440150295223,0.05367686527106817,1.6170155662909287,0.32877079978529256,0.026838432635534086
130,22.309447128287708,29.401502952227588,7.843531937734836,23.98684916800859,4.139828234031133,2.871712292002147,7.212828770799785,0.05367686527106817,1.751207729468599,0.4025764895330113,0.026838432635534086
131,22.32957595276436,29.220343531937736,7.7361782071927,23.906333870101985,4.119699409554482,2.9119699409554483,7.467793880837359,0.05367686527106817,1.8250134192163177,0.4025764895330113,0.026838432635534086
132,22.564412238325282,29.09286097691895,7.6556629092860975,23.778851315083198,4.1129898013955986,2.945517981749866,7.50805152979066,0.05367686527106817,1.8585614600107354,0.4025764895330113,0.026838432635534086
133,22.644927536231883,29.0727321524423,7.615405260332796,23.65136876006441,4.119699409554482,3.1065485775630703,7.447665056360709,0.05367686527106817,1.8585614600107354,0.4025764895330113,0.026838432635534086
134,22.416800858829845,28.69699409554482,8.011272141706923,23.658078368223297,4.025764895330113,3.280998389694042,7.521470746108427,0.05367686527106817,1.90552871712292,0.4025764895330113,0.026838432635534086
135,22.463768115942027,28.69699409554482,8.017981749865807,23.63123993558776,3.9855072463768115,3.307836822329576,7.514761137949543,0.05367686527106817,1.8988191089640365,0.4025764895330113,0.026838432635534086
136,22.416800858829845,28.61647879763822,8.091787439613526,23.389694041867955,3.978797638217928,3.4621578099838968,7.64224369296833,0.05367686527106817,1.8853998926462694,0.43612453032742887,0.026838432635534086
137,21.43719806763285,30.535426731078903,7.682501341921632,23.289049919484704,3.81105743424584,3.4286097691894795,7.4141170155662905,0.05367686527106817,1.8853998926462694,0.43612453032742887,0.026838432635534086
138,21.564680622651636,30.44820182501342,7.809983896940419,23.121309715512613,3.81105743424584,3.4286097691894795,7.4141170155662905,0.05367686527106817,1.8853998926462694,0.43612453032742887,0.026838432635534086
139,21.544551798174986,30.139559849704778,7.769726247987117,23.161567364465917,3.7640901771336552,3.4822866344605474,7.709339774557166,0.05367686527106817,1.9122383252818036,0.43612453032742887,0.026838432635534086
140,21.564680622651636,30.10601180891036,7.729468599033816,22.839506172839506,3.965378421900161,3.455448201825013,7.9106280193236715,0.05367686527106817,1.9122383252818036,0.43612453032742887,0.026838432635534086
141,21.55126140633387,30.038915727321523,7.702630166398282,22.758990874932906,3.9586688137412773,3.556092324208266,8.024691358024691,0.05367686527106817,1.892109500805153,0.43612453032742887,0.026838432635534086
142,21.517713365539453,29.985238862050455,7.669082125603865,22.477187332259795,3.978797638217928,3.6231884057971016,8.454106280193237,0.05367686527106817,1.8317230273752012,0.3824476650563607,0.026838432635534086
143,21.4573268921095,30.10601180891036,7.944176060118089,22.25577026301664,3.978797638217928,3.6097691894793345,8.387010198604402,0.05367686527106817,1.7981749865807837,0.3824476650563607,0.026838432635534086
144,21.4170692431562,29.817498658078367,7.9106280193236715,22.34970477724101,3.9519592055823938,3.643317230273752,8.648684916800859,0.05367686527106817,1.7981749865807837,0.3824476650563607,0.026838432635534086
145,21.43719806763285,29.54911433172303,7.937466451959206,22.31615673644659,3.9519592055823938,3.9519592055823938,8.59500805152979,0.05367686527106817,1.7981749865807837,0.3824476650563607,0.026838432635534086
146,21.470746108427267,29.455179817498657,7.917337627482555,22.34970477724101,3.9519592055823938,3.9184111647879765,8.675523349436393,0.05367686527106817,1.7981749865807837,0.3824476650563607,0.026838432635534086
147,21.537842190016104,29.428341384863124,7.917337627482555,22.19538378958669,3.9519592055823938,4.193505099302201,8.568169618894256,0.05367686527106817,1.7444981213097155,0.3824476650563607,0.026838432635534086
148,21.651905528717123,29.25389157273215,7.890499194847021,22.08132045088567,3.9519592055823938,4.17337627482555,8.729200214707461,0.05367686527106817,1.8048845947396672,0.3824476650563607,0.026838432635534086
149,21.4170692431562,28.945249597423512,8.3064949006978,21.72571121846484,4.213633923778851,4.086151368760064,8.856682769726248,0.05367686527106817,1.9860440150295222,0.3824476650563607,0.026838432635534086
150,21.40365002683843,28.92512077294686,8.293075684380032,21.62506709608159,4.233762748255502,4.086151368760064,8.970746108427267,0.05367686527106817,1.9994632313472893,0.3824476650563607,0.026838432635534086
151,21.4573268921095,28.59634997316157,8.353462157809984,21.477455716586153,4.146537842190016,4.294149221685454,9.131776704240472,0.05367686527106817,2.1135265700483092,0.3488996242619431,0.026838432635534086
152,21.26274825550188,28.455448201825014,8.507783145464305,21.34326355340848,4.180085882984434,4.555823939881911,9.104938271604938,0.12077294685990338,2.1135265700483092,0.3488996242619431,0.0067096081588835215
153,21.24261943102523,28.361513687600645,8.454106280193237,21.16881374127751,4.233762748255502,4.690016103059581,9.25925925925926,0.12077294685990338,2.1135265700483092,0.3488996242619431,0.0067096081588835215
154,20.94068706387547,28.113258185721953,8.68894256575416,21.18894256575416,4.240472356414386,4.864465915190553,9.373322597960279,0.12077294685990338,2.1135265700483092,0.3488996242619431,0.0067096081588835215
155,21.054750402576488,28.046162104133117,8.776167471819646,20.967525496511005,4.240472356414386,4.810789049919484,9.4873859366613,0.12077294685990338,2.1403650026838434,0.3488996242619431,0.0067096081588835215
156,21.054750402576488,28.012614063338702,8.776167471819646,20.92055823939882,4.240472356414386,4.871175523349437,9.541062801932368,0.12077294685990338,2.1403650026838434,0.3153515834675255,0.0067096081588835215
157,21.121846484165324,27.865002683843265,8.80300590445518,20.853462157809982,4.253891572732153,4.978529253891573,9.541062801932368,0.12077294685990338,2.1403650026838434,0.3153515834675255,0.0067096081588835215
158,20.94068706387547,27.66371443907676,8.849973161567364,21.584809447128286,4.253891572732153,4.783950617283951,9.366612989801396,0.12077294685990338,2.1135265700483092,0.3153515834675255,0.0067096081588835215
159,20.9272678475577,27.66371443907676,8.870101986044014,21.477455716586153,4.253891572732153,4.951690821256038,9.366612989801396,0.12077294685990338,2.046430488459474,0.3153515834675255,0.0067096081588835215
160,20.913848631239937,27.415458937198068,8.849973161567364,21.450617283950617,4.253891572732153,4.958400429414922,9.675254965110037,0.12077294685990338,2.0397208803005906,0.3153515834675255,0.0067096081588835215
161,20.819914117015568,27.4020397208803,8.796296296296296,21.39694041867955,4.233762748255502,5.065754159957058,9.782608695652174,0.12077294685990338,2.059849704777241,0.3153515834675255,0.0067096081588835215
162,20.739398819108963,27.274557165861513,8.809715512614064,21.316425120772948,4.166666666666667,5.273752012882448,9.936929683306495,0.12077294685990338,2.046430488459474,0.3153515834675255,
163,20.50456253354804,26.88539989264627,8.494363929146537,22.041062801932366,4.1129898013955986,5.649490069779925,9.829575952764358,0.12077294685990338,2.046430488459474,0.3153515834675255,
164,20.531400966183575,26.778046162104133,8.487654320987655,21.994095544820183,4.119699409554482,5.71658615136876,9.88996242619431,0.12077294685990338,2.046430488459474,0.3153515834675255,
165,20.538110574342458,26.422436929683307,8.621846484165324,21.91358024691358,4.17337627482555,5.911164787976382,9.916800858829845,0.12077294685990338,2.0665593129361244,0.3153515834675255,
166,20.564949006977994,26.32850241545894,8.675523349436393,21.806226516371442,4.133118625872249,6.025228126677402,9.990606548577563,0.12077294685990338,2.0397208803005906,0.3153515834675255,
167,20.564949006977994,26.167471819645733,8.816425120772946,21.772678475577028,4.106280193236715,6.172839506172839,9.923510466988727,0.12077294685990338,2.0397208803005906,0.3153515834675255,
168,20.511272141706925,26.1808910359635,8.84326355340848,21.786097691894792,4.146537842190016,6.260064412238325,9.796027911969942,0.12077294685990338,2.0397208803005906,0.3153515834675255,
169,20.437466451959207,25.120772946859905,9.01100375738057,21.618357487922705,5.495169082125604,6.213097155126141,9.64170692431562,0.12077294685990338,2.0263016639828235,0.3153515834675255,
170,20.42404723564144,25.194578636607623,9.078099838969404,21.511003757380568,5.495169082125604,6.1929683306494905,9.64170692431562,0.12077294685990338,2.0263016639828235,0.3153515834675255,
171,20.25630703166935,25.355609232420825,9.145195920558239,21.141975308641975,5.421363392377885,6.488191089640365,9.581320450885668,0.12077294685990338,2.147074610842727,0.3421900161030596,
172,20.12211486849168,24.711486849168008,8.984165324745035,21.947128287707997,5.421363392377885,6.5552871712292005,9.688674181427805,0.12077294685990338,2.1068169618894257,0.3421900161030596,
173,20.068438003220614,24.537037037037038,9.286097691894794,21.72571121846484,5.414653784219001,6.541867954911433,9.88996242619431,0.12077294685990338,2.073268921095008,0.3421900161030596,
174,20.2361782071927,24.4699409554482,9.447128287707997,21.578099838969404,5.414653784219001,6.488191089640365,9.789318303811058,0.12077294685990338,2.046430488459474,0.4092860976918948,
175,20.041599570585078,23.60440150295223,8.984165324745035,23.11460010735373,5.448201825013419,6.6760601180891035,9.648416532474503,0.10064412238325282,2.006172839506173,0.3757380568974772,
176,19.98792270531401,23.403113258185723,8.957326892109501,23.1682769726248,5.475040257648954,6.850509930220075,9.708803005904455,0.10064412238325282,1.9726247987117553,0.3757380568974772,
177,19.77992485238862,23.396403650026837,8.890230810520666,22.705314009661837,5.555555555555555,6.709608158883521,10.540794417606012,0.10064412238325282,1.9457863660762211,0.3757380568974772,
178,19.592055823939884,23.255501878690286,8.890230810520666,22.79253891572732,5.636070853462158,6.6760601180891035,10.735373054213634,0.10064412238325282,1.9457863660762211,0.3757380568974772,
179,19.639023081052066,23.060923242082662,8.910359634997317,22.69860440150295,5.756843800322061,6.823671497584541,10.695115405260333,0.10064412238325282,1.9390767579173376,0.3757380568974772,
180,19.766505636070853,22.933440687063875,8.943907675791733,22.65834675254965,5.877616747181965,6.810252281266774,10.59447128287708,0.10064412238325282,1.9390767579173376,0.3757380568974772,
181,19.766505636070853,22.685185185185187,8.943907675791733,22.611379495437465,5.857487922705314,6.977992485238862,10.628019323671497,0.10064412238325282,2.073268921095008,0.35560923242082665,
182,19.524959742351047,22.604669887278583,9.333064949006978,22.530864197530864,5.844068706387547,6.944444444444445,10.742082662372518,0.10064412238325282,2.01959205582394,0.35560923242082665,
183,19.524959742351047,22.530864197530864,9.39345142243693,22.396672034353195,5.958132045088567,6.957863660762212,10.762211486849168,0.10064412238325282,2.01959205582394,0.35560923242082665,
184,19.545088566827697,22.490606548577563,9.406870638754697,22.450348899624263,6.025228126677402,6.957863660762212,10.674986580783683,0.10064412238325282,1.9927536231884058,0.35560923242082665,
185,19.28341384863124,22.24235104669887,9.31964573268921,22.765700483091788,6.011808910359635,6.951154052603328,10.976918947933441,0.10064412238325282,1.9927536231884058,0.35560923242082665,
186,19.343800322061192,22.094739667203434,9.406870638754697,22.685185185185187,6.092324208266238,7.018250134192163,10.929951690821255,0.10064412238325282,1.9793344068706387,0.3488996242619431,
187,19.384057971014492,21.846484165324746,9.31964573268921,22.73886205045625,6.199677938808374,7.092055823939882,10.990338164251208,0.10064412238325282,1.9793344068706387,0.3488996242619431,
188,19.061996779388085,22.82608695652174,9.373322597960279,21.967257112184647,6.219806763285024,7.125603864734299,11.11111111111111,0.10064412238325282,1.865271068169619,0.3488996242619431,
189,19.068706387546968,22.69860440150295,9.333064949006978,21.906870638754697,6.387546967257112,7.098765432098766,11.20504562533548,0.10064412238325282,1.8518518518518519,0.3488996242619431,
190,18.96135265700483,22.41009125067096,9.380032206119163,22.000805152979066,6.508319914117015,6.991411701556629,11.399624261943103,0.10064412238325282,1.8988191089640365,0.3488996242619431,
191,19.0552871712292,22.383252818035427,9.353193773483628,21.973966720343533,6.474771873322598,7.199409554482019,11.231884057971014,0.10064412238325282,1.8988191089640365,0.32877079978529256,
192,19.310252281266774,22.16183574879227,9.433709071390231,21.812936124530328,6.474771873322598,7.179280730005368,11.29898013955985,0.10064412238325282,1.8988191089640365,0.32877079978529256,
193,19.129092860976918,22.23564143853999,9.514224369296834,21.68545356951154,6.528448738593666,7.14573268921095,11.325818572195384,0.10064412238325282,1.8988191089640365,0.43612453032742887,
194,17.14975845410628,30.62265163714439,8.675523349436393,17.67981749865808,6.146001073537305,6.394256575415996,11.131239935587761,0.10064412238325282,1.6639828234031133,0.43612453032742887,
195,17.277241009125067,30.495169082125603,8.769457863660762,17.458400429414922,6.139291465378422,6.394256575415996,11.238593666129898,0.10064412238325282,1.6908212560386473,0.43612453032742887,
196,17.310789049919485,30.300590445517983,8.870101986044014,17.37788513150832,6.139291465378422,6.723027375201288,11.05072463768116,0.10064412238325282,1.6908212560386473,0.43612453032742887,
197,16.800858829844337,31.13929146537842,8.876811594202898,17.042404723564143,6.072195383789587,6.723027375201288,11.097691894793345,0.10064412238325282,1.710950080515298,0.43612453032742887,
198,16.566022544283413,30.951422436929683,8.601717659688674,16.935050993022006,7.427536231884058,6.629092860976919,10.72866344605475,0.10064412238325282,1.7310789049919484,0.32877079978529256,
199,16.438539989264626,30.85077831454643,8.662104133118627,17.008856682769725,7.595276435856146,6.696188942565755,10.567632850241546,0.10064412238325282,1.751207729468599,0.32877079978529256,
200,16.552603327965645,30.575684380032207,8.756038647342995,16.988727858293075,7.689210950080516,6.662640901771336,10.59447128287708,0.10064412238325282,1.778046162104133,0.30193236714975846,
201,16.626409017713364,30.434782608695652,8.789586688137414,16.988727858293075,7.689210950080516,6.662640901771336,10.628019323671497,0.10064412238325282,1.778046162104133,0.30193236714975846,
202,16.666666666666668,30.381105743424584,8.756038647342995,17.008856682769725,7.669082125603865,6.662640901771336,10.674986580783683,0.10064412238325282,1.778046162104133,0.30193236714975846,
203,16.7337627482555,30.334138486312398,8.749329039184111,16.834406870638755,7.7898550724637685,6.655931293612453,10.668276972624799,0.10064412238325282,1.8317230273752012,0.30193236714975846,
204,16.686795491143318,30.10601180891036,8.59500805152979,16.6129898013956,7.9039184111647875,6.689479334406871,11.171497584541063,0.10064412238325282,1.8317230273752012,0.30193236714975846,
205,16.78743961352657,29.944981213097154,8.59500805152979,16.485507246376812,8.031400966183575,6.6760601180891035,11.225174449812132,0.10064412238325282,1.8518518518518519,0.30193236714975846,
206,16.780730005367687,29.508856682769725,8.82313472893183,16.5727321524423,8.13875469672571,6.6760601180891035,11.245303274288782,0.10064412238325282,1.8518518518518519,0.30193236714975846,
207,16.901502952227588,29.314278046162105,9.145195920558239,16.478797638217927,8.111916264090176,6.662640901771336,11.137949543746645,0.10064412238325282,1.8451422436929683,0.30193236714975846,
208,16.760601180891037,29.274020397208805,9.145195920558239,16.5727321524423,8.051529790660226,6.662640901771336,11.285560923242082,0.10064412238325282,1.8451422436929683,0.30193236714975846,
209,16.680085882984432,29.280730005367687,9.252549651100376,16.478797638217927,8.038110574342458,6.595544820182502,11.325818572195384,0.10064412238325282,1.9457863660762211,0.30193236714975846,
210,16.606280193236714,29.139828234031132,9.212292002147075,16.552603327965645,8.179012345679013,6.6760601180891035,11.29898013955985,0.10064412238325282,1.932367149758454,0.30193236714975846,
211,16.51905528717123,29.126409017713364,8.950617283950617,16.465378421900162,8.433977455716587,6.810252281266774,11.41304347826087,0.10064412238325282,1.8786902844873858,0.30193236714975846,
212,16.6129898013956,29.0727321524423,8.950617283950617,16.42512077294686,8.400429414922169,6.810252281266774,11.399624261943103,0.10064412238325282,1.892109500805153,0.30193236714975846,0.03354804079441761
213,16.586151368760063,28.904991948470208,9.084809447128288,16.451959205582394,8.427267847557703,6.78341384863124,11.43317230273752,0.10064412238325282,1.892109500805153,0.30193236714975846,0.03354804079441761
214,16.6935050993022,28.864734299516908,8.970746108427267,16.31105743424584,8.420558239398819,7.004830917874396,11.439881910896403,0.10064412238325282,1.8585614600107354,0.30193236714975846,0.03354804079441761
215,16.59286097691895,28.509125067096083,9.084809447128288,16.431830381105744,8.59500805152979,6.937734836285561,11.52710681696189,0.1274825550187869,1.8585614600107354,0.30193236714975846,0.03354804079441761
216,16.55931293612453,28.401771336553946,9.057971014492754,16.371443907675793,8.709071390230811,6.91760601180891,11.688137412775093,0.11406333870101985,1.8451422436929683,0.30193236714975846,0.03354804079441761
217,16.552603327965645,28.35480407944176,9.091519055287172,16.418411164787976,8.695652173913043,6.890767579173376,11.668008588298443,0.11406333870101985,1.8786902844873858,0.30193236714975846,0.03354804079441761
218,16.566022544283413,28.307836822329577,9.091519055287172,16.418411164787976,8.729200214707461,6.957863660762212,11.641170155662909,0.11406333870101985,1.8786902844873858,0.2616747181964573,0.03354804079441761
219,16.451959205582394,27.965646806226516,9.353193773483628,16.317767042404725,8.601717659688674,7.4141170155662905,11.647879763821793,0.11406333870101985,1.8451422436929683,0.2549651100375738,0.03354804079441761
220,16.398282340311326,27.677133655394524,9.198872785829307,16.378153515834676,8.957326892109501,7.37385936661299,11.721685453569512,0.11406333870101985,1.892109500805153,0.2549651100375738,0.03354804079441761
221,16.337895866881375,27.636876006441224,9.158615136876007,16.492216854535695,8.930488459473967,7.347020933977456,11.802200751476114,0.11406333870101985,1.892109500805153,0.2549651100375738,0.03354804079441761
