,45,50,55,51,52,54,53,56,58,60,57,59,61
0,85.32608695652173,14.647074610842727,0.026838432635534086,,,,,,,,,,
1,81.9243156199678,18.04884594739667,0.026838432635534086,,,,,,,,,,
2,81.44793344068707,18.49838969404187,0.026838432635534086,0.026838432635534086,,,,,,,,,
3,78.87815351583467,21.081588835212024,,0.026838432635534086,0.013419216317767043,,,,,,,,
4,76.56333870101986,22.57783145464305,,0.026838432635534086,0.5434782608695652,0.2885131508319914,,,,,,,
5,76.1003757380569,23.040794417606012,,0.026838432635534086,0.5434782608695652,0.2885131508319914,,,,,,,
6,62.97638217928073,36.09769189479334,0.06709608158883522,0.026838432635534086,0.5434782608695652,0.2885131508319914,,,,,,,
7,61.79549114331723,33.400429414922165,0.32877079978529256,3.488996242619431,0.5770263016639828,0.4092860976918948,,,,,,,
8,57.05179817498658,38.6808910359635,0.5099302200751477,2.757648953301127,0.5367686527106817,0.46296296296296297,,,,,,,
9,57.10547504025765,38.59366612989801,0.5434782608695652,2.757648953301127,0.5367686527106817,0.46296296296296297,,,,,,,
10,57.19269994632314,38.506441223832525,0.5434782608695652,2.757648953301127,0.5367686527106817,0.46296296296296297,,,,,,,
11,57.31347289318304,38.38566827697262,0.5434782608695652,2.757648953301127,0.5367686527106817,0.46296296296296297,,,,,,,
12,48.711755233494365,47.20880300590446,0.5971551261406334,2.657004830917874,0.5367686527106817,0.2885131508319914,,,,,,,
13,39.774557165861516,43.51851851851852,0.4428341384863124,15.4723564143854,0.5032206119162641,0.2885131508319914,,,,,,,
14,40.183843263553406,43.203166935050994,0.4428341384863124,15.378421900161031,0.5032206119162641,0.2885131508319914,,,,,,,
15,40.13016639828234,41.7337627482555,0.4428341384863124,14.600107353730541,2.804616210413312,0.2885131508319914,,,,,,,
16,37.104133118625874,44.07541599570585,0.4294149221685454,15.344873859366613,2.757648953301127,0.2885131508319914,,,,,,,
17,31.011808910359633,41.076221148684915,3.207192699946323,19.94766505636071,4.468599033816425,0.2885131508319914,,,,,,,
18,26.060118089103597,46.18894256575416,3.4151905528717124,19.726247987117553,4.300858829844337,0.30864197530864196,,,,,,,
19,20.12211486849168,41.7740203972088,1.556629092860977,29.911433172302736,5.9447128287707995,0.026838432635534086,0.6642512077294686,,,,,,
20,18.733225979602793,50.18786902844874,1.4626945786366077,23.637949543746647,5.911164787976382,0.026838432635534086,,0.040257648953301126,,,,,
21,16.881374127750938,40.666935050993025,1.415727321524423,36.72839506172839,4.17337627482555,0.026838432635534086,,0.10735373054213634,,,,,
22,17.082662372517444,36.54723564143854,1.4492753623188406,34.272678475577024,4.17337627482555,0.026838432635534086,6.347289318303811,0.10064412238325282,,,,,
23,17.371175523349436,35.35292538915727,2.6637144390767578,34.05797101449275,4.139828234031133,0.026838432635534086,6.286902844873859,0.10064412238325282,,,,,
24,12.72812667740204,27.314814814814813,2.4825550187869028,47.55099302200752,3.535963499731616,0.026838432635534086,6.286902844873859,0.07380568974771873,,,,,
25,12.922705314009661,27.274557165861513,2.49597423510467,47.316156736446594,3.535963499731616,0.026838432635534086,6.246645195920558,0.1274825550187869,0.026838432635534086,0.026838432635534086,,,
26,10.715244229736983,24.490069779924852,2.7844873859366612,52.05984970477724,3.5091250670960816,0.026838432635534086,6.1929683306494905,0.1610305958132045,0.026838432635534086,0.026838432635534086,0.0067096081588835215,,
27,10.950080515297907,24.402844873859365,2.8381642512077296,51.83843263553408,3.5091250670960816,0.026838432635534086,6.1929683306494905,0.18115942028985507,0.026838432635534086,0.026838432635534086,0.0067096081588835215,,
28,11.366076221148685,24.168008588298445,2.844873859366613,51.47611379495437,3.5426731078904994,0.026838432635534086,6.1929683306494905,0.322061191626409,0.026838432635534086,0.026838432635534086,0.0067096081588835215,,
29,11.594202898550725,24.114331723027377,2.844873859366613,51.24127750939345,3.5426731078904994,0.026838432635534086,6.1862587224906065,0.38915727321524424,0.026838432635534086,0.026838432635534086,0.0067096081588835215,,
30,11.580783682232958,23.980139559849704,2.844873859366613,53.35480407944176,3.5225442834138487,0.026838432635534086,4.240472356414386,0.38915727321524424,0.026838432635534086,0.026838432635534086,0.0067096081588835215,,
31,11.694847020933977,23.980139559849704,2.8247450348899625,52.885131508319915,3.515834675254965,0.3757380568974772,4.334406870638754,0.32877079978529256,0.026838432635534086,0.026838432635534086,0.0067096081588835215,,
32,11.627750939345143,22.852925389157274,2.120236178207193,47.53086419753087,10.607890499194847,0.3488996242619431,4.327697262479871,0.36231884057971014,0.026838432635534086,0.026838432635534086,0.16774020397208803,,
33,10.775630703166936,23.872785829307567,2.2946859903381642,47.134997316156735,10.520665593129362,0.3488996242619431,4.314278046162104,0.5166398282340311,0.026838432635534086,0.026838432635534086,0.16774020397208803,,
34,11.117820719269995,23.718464841653248,2.24771873322598,46.96725711218465,10.426731078904991,0.4227053140096618,4.314278046162104,0.5434782608695652,0.026838432635534086,0.026838432635534086,0.1878690284487386,,
35,11.43317230273752,23.67149758454106,2.24771873322598,46.69887278582931,10.38647342995169,0.4227053140096618,4.314278046162104,0.5837359098228664,0.026838432635534086,0.026838432635534086,0.1878690284487386,,
36,8.05823939881911,30.495169082125603,2.0263016639828235,41.35131508319914,12.037037037037036,2.26784755770263,3.1602254428341383,0.3757380568974772,0.013419216317767043,0.026838432635534086,0.1878690284487386,,
37,8.313204508856682,30.441492216854535,2.006172839506173,41.2037037037037,12.02361782071927,2.2410091250670963,3.140096618357488,0.4025764895330113,0.013419216317767043,0.026838432635534086,0.1878690284487386,,
38,8.655394524959743,30.152979066022546,2.1739130434782608,40.975577026301664,12.00348899624262,2.2410091250670963,3.140096618357488,0.4294149221685454,0.013419216317767043,0.026838432635534086,0.1878690284487386,,
39,8.903650026838433,30.038915727321523,2.187332259796028,40.86151368760064,11.963231347289318,2.2410091250670963,3.113258185721954,0.4294149221685454,0.013419216317767043,0.026838432635534086,0.2214170692431562,,
40,8.380300590445518,26.227858293075684,2.5563607085346214,48.90633387010199,8.051529790660226,2.214170692431562,3.046162104133119,0.4428341384863124,0.10735373054213634,0.026838432635534086,0.040257648953301126,,
41,8.521202361782072,23.537305421363392,2.5563607085346214,45.78636607622115,11.07085346215781,2.214170692431562,5.676328502415459,0.46296296296296297,0.10735373054213634,0.026838432635534086,0.040257648953301126,,
42,8.722490606548577,23.362855609232422,2.657004830917874,45.6454643048846,11.017176596886742,2.214170692431562,5.642780461621041,0.5300590445517982,0.14090177133655393,0.026838432635534086,0.040257648953301126,,
43,6.474771873322598,18.592324208266238,3.207192699946323,51.23456790123457,10.983628556092324,2.100107353730542,6.6827697262479875,0.5300590445517982,0.1274825550187869,0.026838432635534086,0.040257648953301126,,
44,6.716317767042405,18.5252281266774,3.227321524422974,51.039989264626946,10.983628556092324,2.100107353730542,6.6827697262479875,0.5300590445517982,0.1274825550187869,0.026838432635534086,0.040257648953301126,,
45,6.964573268921095,18.411164787976382,3.3145464304884595,49.16129898013956,10.889694041867955,2.0799785292538915,8.380300590445518,0.5568974771873323,0.1274825550187869,0.026838432635534086,0.08722490606548577,,
46,7.112184648416532,18.377616747181964,4.0995705850778315,48.25550187869028,10.84272678475577,2.0799785292538915,8.380300590445518,0.5703166935050993,0.1274825550187869,0.026838432635534086,0.1274825550187869,,
47,7.132313472893183,18.344068706387546,4.0995705850778315,46.69216317767042,10.19189479334407,2.0397208803005906,10.426731078904991,0.8185721953837896,0.1274825550187869,,0.1274825550187869,,
48,7.440955448201825,18.250134192163177,4.17337627482555,46.544551798174986,10.144927536231885,2.0397208803005906,10.36634460547504,0.8185721953837896,0.10064412238325282,,0.12077294685990338,,
49,7.648953301127214,18.156199677938808,4.159957058507783,45.209339774557165,10.144927536231885,3.388352120236178,10.339506172839506,0.7313472893183038,0.10064412238325282,,0.12077294685990338,,
50,7.776435856146001,18.04884594739667,4.166666666666667,44.518250134192165,9.50751476113795,4.804079441760601,10.272410091250672,0.7179280730005367,0.11406333870101985,,0.07380568974771873,,
51,6.743156199677939,16.069511540526033,4.106280193236715,46.19565217391305,10.836017176596886,4.736983360171766,10.38647342995169,0.7581857219538379,0.11406333870101985,,0.026838432635534086,0.026838432635534086,
52,6.977992485238862,15.995705850778315,4.159957058507783,46.05475040257649,10.809178743961352,4.736983360171766,10.312667740203972,0.7581857219538379,0.11406333870101985,,0.026838432635534086,0.05367686527106817,
53,7.206119162640902,15.807836822329575,4.274020397208803,45.779656468062264,10.795759527643586,4.736983360171766,10.312667740203972,0.8923778851315083,0.11406333870101985,,0.026838432635534086,0.05367686527106817,
54,7.575147611379496,15.754159957058508,4.30756843800322,45.491143317230275,10.789049919484702,4.7101449275362315,10.285829307568438,0.8923778851315083,0.11406333870101985,,0.026838432635534086,0.05367686527106817,
55,7.87037037037037,15.707192699946322,4.280730005367687,45.33682232957595,10.768921095008052,4.7101449275362315,10.238862050456254,0.8923778851315083,0.11406333870101985,,0.026838432635534086,0.05367686527106817,
56,8.158883521202362,15.693773483628556,4.28743961352657,45.00805152979066,10.721953837895867,4.7101449275362315,10.165056360708535,1.0601180891035964,0.11406333870101985,,0.026838432635534086,0.05367686527106817,
57,7.4006977992485234,13.633923778851315,4.361245303274289,51.268115942028984,7.776435856146001,3.9586688137412773,10.11808910359635,1.288244766505636,0.11406333870101985,,0.026838432635534086,0.05367686527106817,
58,7.568438003220612,11.52710681696189,4.193505099302201,49.483360171765966,7.763016639828234,8.480944712828771,9.601449275362318,1.221148684916801,0.08051529790660225,,0.026838432635534086,0.05367686527106817,
59,7.769726247987117,11.500268384326356,4.193505099302201,49.362587224906065,7.742887815351583,8.474235104669887,9.574610842726784,1.221148684916801,0.08051529790660225,,0.026838432635534086,0.05367686527106817,
60,8.105206655931294,11.500268384326356,4.166666666666667,49.22839506172839,7.615405260332796,8.3467525496511,9.561191626409018,1.221148684916801,0.08051529790660225,,0.12077294685990338,0.05367686527106817,
61,7.809983896940419,11.486849168008588,2.7509393451422435,43.43129361245303,14.88191089640365,8.299785292538916,9.480676328502415,1.5633387010198605,0.10735373054213634,,0.14761137949543746,0.040257648953301126,
62,8.205850778314547,11.486849168008588,2.717391304347826,43.29039184111648,14.774557165861514,8.125335480407944,9.420289855072463,1.5499194847020934,0.24154589371980675,,0.14761137949543746,0.040257648953301126,
63,8.440687063875469,11.43317230273752,2.6972624798711755,43.183038110574344,14.741009125067096,8.111916264090176,9.406870638754697,1.5096618357487923,0.24154589371980675,,0.19457863660762212,0.040257648953301126,
64,8.668813741277509,11.332528180354267,2.717391304347826,42.45840042941492,15.807836822329575,7.4141170155662905,9.292807300053678,1.7042404723564144,0.24154589371980675,,0.322061191626409,0.040257648953301126,
65,8.662104133118627,10.990338164251208,2.703972088030059,42.32420826623725,19.900697799248523,6.374127750939345,6.857219538378959,1.5499194847020934,0.24154589371980675,,0.35560923242082665,0.040257648953301126,
66,7.588566827697263,9.903381642512077,1.6908212560386473,49.52361782071927,19.524959742351047,5.649490069779925,4.193505099302201,1.402308105206656,0.2616747181964573,,0.2616747181964573,,
67,8.004562533548041,9.856414385399892,1.7176596886741815,49.302200751476114,19.45115405260333,5.595813204508857,4.166666666666667,1.402308105206656,0.24825550187869028,,0.2549651100375738,,
68,8.252818035426731,9.420289855072463,2.1403650026838434,49.15458937198068,19.43102522812668,5.5756843800322065,4.139828234031133,1.4090177133655395,0.24825550187869028,,0.2281266774020397,,
69,8.487654320987655,9.346484165324744,2.1403650026838434,47.83279656468062,19.370638754696724,6.736446591519055,4.139828234031133,1.4090177133655395,0.27509393451422437,,0.2616747181964573,,
70,8.769457863660762,9.172034353193773,2.26784755770263,47.57112184648417,19.310252281266774,6.716317767042405,4.139828234031133,1.5163714439076759,0.27509393451422437,,0.2616747181964573,,
71,9.057971014492754,9.125067096081589,2.26784755770263,47.45034889962426,19.196188942565755,6.696188942565755,4.166666666666667,1.5029522275899088,0.27509393451422437,,0.2616747181964573,,
72,8.55475040257649,6.729736983360172,1.6975308641975309,50.617283950617285,18.323939881910896,6.696188942565755,5.038915727321524,1.710950080515298,0.30864197530864196,,0.322061191626409,,
73,8.917069243156199,6.729736983360172,1.6706924315619969,50.28180354267311,17.216854535695116,6.649221685453569,5.065754159957058,2.771068169618894,0.30864197530864196,,0.38915727321524424,,
74,9.16532474503489,6.602254428341385,1.7042404723564144,49.7987117552335,18.230005367686527,6.649221685453569,4.3545356951154055,2.7979066022544283,0.30864197530864196,,0.38915727321524424,,
75,9.252549651100376,6.320450885668277,1.6975308641975309,49.322329575952764,19.229736983360173,6.642512077294686,4.032474503488996,2.7844873859366612,0.30864197530864196,,0.4092860976918948,,
76,8.84326355340848,6.152710681696189,1.778046162104133,50.32877079978529,18.726516371443907,6.642512077294686,4.019055287171229,2.804616210413312,0.30864197530864196,,0.39586688137412773,,
77,8.829844337090714,6.152710681696189,1.778046162104133,49.77187332259796,17.143048845947398,5.193236714975845,7.192699946323135,3.240740740740741,0.30193236714975846,,0.39586688137412773,,
78,8.957326892109501,5.253623188405797,1.778046162104133,49.000268384326354,17.08937198067633,6.769994632313473,7.14573268921095,3.307836822329576,0.30193236714975846,,0.39586688137412773,,
79,9.125067096081589,5.24020397208803,1.8115942028985508,48.792270531400966,17.06924315619968,6.743156199677939,7.118894256575416,3.3548040794417604,0.322061191626409,,0.4227053140096618,,
80,9.192163177670425,5.213365539452496,2.328234031132582,48.26221148684917,17.022275899087493,6.743156199677939,7.118894256575416,3.374932903918411,0.322061191626409,,0.4227053140096618,,
81,7.367149758454106,4.146537842190016,1.7444981213097155,61.07085346215781,11.922973698336017,6.743156199677939,3.589640365002684,2.8784219001610305,0.20128824476650564,,0.33548040794417605,,
82,7.669082125603865,4.133118625872249,1.7444981213097155,60.265700483091784,11.889425657541599,7.25979602791197,3.589640365002684,2.871712292002147,0.20128824476650564,0.040257648953301126,0.33548040794417605,,
83,7.944176060118089,4.119699409554482,1.737788513150832,60.02415458937198,11.66129898013956,7.25979602791197,3.5762211486849167,2.9119699409554483,0.20128824476650564,0.040257648953301126,0.5233494363929146,,
84,8.433977455716587,4.119699409554482,1.7042404723564144,59.54106280193237,11.56736446591519,7.226247987117552,3.549382716049383,3.0931293612453032,0.20128824476650564,0.040257648953301126,0.5233494363929146,,
85,8.61513687600644,4.032474503488996,2.38191089640365,58.84997316156736,11.493558776167472,7.192699946323135,3.549382716049383,3.066290928609769,0.20128824476650564,0.040257648953301126,0.5501878690284487,0.026838432635534086,
86,8.84326355340848,4.032474503488996,3.2139023081052067,58.581588835212024,10.789049919484702,7.139023081052066,3.3816425120772946,3.1199677938808374,0.20128824476650564,0.040257648953301126,0.630703166935051,0.026838432635534086,
87,9.131776704240472,4.032474503488996,3.2139023081052067,58.36688137412775,10.735373054213634,7.139023081052066,3.374932903918411,3.113258185721954,0.20128824476650564,0.040257648953301126,0.6239935587761675,0.026838432635534086,
88,9.192163177670425,3.9586688137412773,2.9790660225442833,57.6154052603328,10.7085346215781,8.21256038647343,3.2675791733762747,3.1736446591519054,0.20128824476650564,0.040257648953301126,0.6239935587761675,0.026838432635534086,
89,9.339774557165862,3.938539989264627,3.113258185721954,56.98470209339774,10.661567364465915,8.192431561996779,3.3011272141706924,3.5762211486849167,0.20128824476650564,0.040257648953301126,0.6239935587761675,0.026838432635534086,
90,9.017713365539452,3.5829307568438002,3.0059044551798175,54.790660225442835,14.492753623188406,7.863660762211487,3.294417606011809,3.066290928609769,0.19457863660762212,0.040257648953301126,0.6239935587761675,0.026838432635534086,
91,8.870101986044014,3.260869565217391,2.9790660225442833,55.89774557165862,13.955984970477724,7.823403113258186,3.2877079978529253,3.066290928609769,0.19457863660762212,0.040257648953301126,0.5971551261406334,0.026838432635534086,
92,8.997584541062801,3.2541599570585076,2.9790660225442833,55.79039184111648,13.942565754159958,7.776435856146001,3.2675791733762747,3.099838969404187,0.19457863660762212,0.040257648953301126,0.5971551261406334,0.06038647342995169,
93,9.245840042941492,3.2340311325818574,2.999194847020934,55.642780461621044,13.828502415458937,7.763016639828234,3.2675791733762747,3.126677402039721,0.19457863660762212,0.040257648953301126,0.5971551261406334,0.06038647342995169,
94,9.561191626409018,3.2340311325818574,2.999194847020934,55.441492216854535,13.734567901234568,7.6623725174449815,3.2675791733762747,3.2139023081052067,0.19457863660762212,0.040257648953301126,0.5971551261406334,0.05367686527106817,
95,9.950348899624261,3.2139023081052067,3.1602254428341383,55.092592592592595,13.613794954374665,7.595276435856146,3.2541599570585076,3.2340311325818574,0.19457863660762212,0.040257648953301126,0.5971551261406334,0.05367686527106817,
96,10.19189479334407,3.2139023081052067,3.1602254428341383,54.8845947396672,13.573537305421363,7.568438003220612,3.240740740740741,3.2541599570585076,0.19457863660762212,0.040257648953301126,0.6239935587761675,0.05367686527106817,
97,8.668813741277509,2.885131508319914,3.126677402039721,59.84299516908212,11.668008588298443,7.219538378958669,3.2206119162640903,2.5429414922168547,0.19457863660762212,0.040257648953301126,0.5367686527106817,0.05367686527106817,
98,8.890230810520666,2.8381642512077296,3.1602254428341383,59.48067632850242,11.627750939345143,7.219538378958669,3.207192699946323,2.7241009125067097,0.19457863660762212,0.040257648953301126,0.5636070853462157,0.05367686527106817,
99,8.957326892109501,2.804616210413312,3.294417606011809,55.723295759527645,15.210681696188942,7.212828770799785,3.207192699946323,2.737520128824477,0.19457863660762212,0.040257648953301126,0.5636070853462157,0.05367686527106817,
100,9.16532474503489,2.804616210413312,3.2877079978529253,55.59581320450886,15.083199141170155,7.192699946323135,3.207192699946323,2.7643585614600106,0.19457863660762212,0.040257648953301126,0.6105743424584005,0.05367686527106817,
101,9.339774557165862,2.804616210413312,3.421900161030596,54.41492216854536,14.955716586151368,7.179280730005368,3.207192699946323,3.750670960815888,0.19457863660762212,0.040257648953301126,0.6374127750939346,0.05367686527106817,
102,8.695652173913043,2.804616210413312,3.33467525496511,58.393719806763286,12.077294685990339,7.64224369296833,3.2206119162640903,3.227321524422974,0.19457863660762212,0.040257648953301126,0.3153515834675255,0.05367686527106817,
103,8.84326355340848,2.8113258185721954,3.3950617283950617,58.071658615136876,12.057165861513688,7.64224369296833,3.207192699946323,3.3682232957595275,0.19457863660762212,0.040257648953301126,0.3153515834675255,0.05367686527106817,
104,8.943907675791733,2.8113258185721954,4.260601180891036,57.1256038647343,12.037037037037036,7.64224369296833,3.193773483628556,3.3816425120772946,0.19457863660762212,0.040257648953301126,0.3153515834675255,0.05367686527106817,
105,9.339774557165862,2.8113258185721954,4.253891572732153,56.82367149758454,11.969940955448202,7.608695652173913,3.193773483628556,3.408480944712829,0.18115942028985507,0.040257648953301126,0.3153515834675255,0.05367686527106817,
106,9.64170692431562,2.7777777777777777,5.649490069779925,55.2133655394525,11.922973698336017,7.253086419753086,3.180354267310789,3.7640901771336552,0.18115942028985507,0.020128824476650563,0.3421900161030596,0.05367686527106817,
107,8.132045088566828,2.6838432635534084,5.595813204508857,61.10440150295223,7.568438003220612,6.971282877079979,4.314278046162104,3.0394524959742353,0.18115942028985507,0.020128824476650563,0.33548040794417605,0.05367686527106817,
108,8.36688137412775,2.677133655394525,5.703166935050993,60.06441223832528,7.555018786902845,6.951154052603328,4.280730005367687,3.81105743424584,0.18115942028985507,0.020128824476650563,0.33548040794417605,0.05367686527106817,
109,8.61513687600644,2.6502952227589907,5.689747718733226,59.80944712828771,7.541599570585078,6.937734836285561,4.280730005367687,3.8848631239935587,0.18115942028985507,0.020128824476650563,0.33548040794417605,0.05367686527106817,
110,8.380300590445518,2.6502952227589907,5.683038110574342,60.89640365002684,6.937734836285561,6.944444444444445,4.253891572732153,3.683574879227053,0.18115942028985507,0.020128824476650563,0.33548040794417605,0.03354804079441761,
111,8.071658615136876,2.563070316693505,5.924584004294149,61.802200751476114,6.837090713902308,7.246376811594203,4.233762748255502,2.757648953301127,0.14761137949543746,0.020128824476650563,0.36231884057971014,0.03354804079441761,
112,8.407139023081053,2.5496511003757383,5.911164787976382,61.54723564143854,6.796833064949007,7.206119162640902,4.233762748255502,2.7844873859366612,0.14761137949543746,0.020128824476650563,0.36231884057971014,0.03354804079441761,
113,8.581588835212024,2.5496511003757383,5.884326355340848,61.20504562533548,6.796833064949007,7.219538378958669,4.233762748255502,2.965646806226516,0.14761137949543746,0.020128824476650563,0.36231884057971014,0.03354804079441761,
114,8.709071390230811,2.5295222758990876,5.884326355340848,59.46054750402576,6.78341384863124,8.863392377885132,4.233762748255502,2.965646806226516,0.14761137949543746,0.020128824476650563,0.36902844873859364,0.03354804079441761,
115,9.01100375738057,2.5295222758990876,5.877616747181965,59.19887278582931,6.78341384863124,8.80300590445518,4.200214707461084,2.999194847020934,0.14761137949543746,0.020128824476650563,0.36902844873859364,0.06038647342995169,
116,7.514761137949543,2.5161030595813205,5.4616210413311865,64.96913580246914,5.515297906602254,7.501341921631776,3.7909286097691894,2.3752012882447664,0.05367686527106817,0.020128824476650563,0.2214170692431562,0.06038647342995169,
117,7.7361782071927,2.5161030595813205,5.4616210413311865,64.7812667740204,5.481749865807837,7.501341921631776,3.7909286097691894,2.3752012882447664,0.05367686527106817,0.020128824476650563,0.2214170692431562,0.06038647342995169,
118,7.917337627482555,2.5161030595813205,6.481481481481482,64.15727321524423,5.146269457863661,7.353730542136339,3.6902844873859366,2.38191089640365,0.05367686527106817,0.020128824476650563,0.2214170692431562,0.06038647342995169,
119,8.09849704777241,2.5161030595813205,6.521739130434782,62.96967257112185,4.85775630703167,7.340311325818572,5.12614063338701,2.214170692431562,0.05367686527106817,0.020128824476650563,0.2214170692431562,0.06038647342995169,
120,8.299785292538916,2.5161030595813205,6.447933440687064,62.754965110037574,4.817498658078368,7.273215244229737,5.12614063338701,2.3617820719269993,0.05367686527106817,0.020128824476650563,0.2683843263553409,0.06038647342995169,
121,8.527911969940956,2.5161030595813205,6.447933440687064,61.460010735373054,4.810789049919484,7.212828770799785,5.119431025228127,3.502415458937198,0.05367686527106817,0.020128824476650563,0.2683843263553409,0.06038647342995169,
122,8.722490606548577,2.5026838432635534,6.360708534621578,61.178207192699944,4.804079441760601,7.1658615136876005,5.119431025228127,3.6231884057971016,0.14090177133655393,0.020128824476650563,0.30193236714975846,0.06038647342995169,
123,8.950617283950617,2.5026838432635534,6.374127750939345,60.83601717659689,4.790660225442834,7.219538378958669,5.10601180891036,3.656736446591519,0.16774020397208803,0.020128824476650563,0.322061191626409,0.05367686527106817,
124,8.501073537305421,2.13365539452496,6.018518518518518,56.394256575415994,3.8311862587224907,7.306763285024155,11.634460547504025,3.656736446591519,0.16774020397208803,0.020128824476650563,0.28180354267310787,0.05367686527106817,
125,8.608427267847558,2.086688137412775,6.085614600107354,56.07890499194847,3.8311862587224907,7.380568974771873,11.634460547504025,3.770799785292539,0.16774020397208803,0.020128824476650563,0.28180354267310787,0.05367686527106817,
126,8.84326355340848,2.073268921095008,6.0654857756307035,55.91787439613527,3.8311862587224907,7.380568974771873,11.56736446591519,3.797638217928073,0.16774020397208803,0.020128824476650563,0.28180354267310787,0.05367686527106817,
127,8.957326892109501,2.073268921095008,6.105743424584004,55.81052066559313,3.8177670424047236,7.353730542136339,11.54723564143854,3.797638217928073,0.16774020397208803,0.020128824476650563,0.2952227589908749,0.05367686527106817,
128,9.145195920558239,2.073268921095008,6.072195383789587,55.62265163714439,3.797638217928073,7.353730542136339,11.493558776167472,3.9049919484702094,0.16774020397208803,0.020128824476650563,0.2952227589908749,0.05367686527106817,
129,9.192163177670425,2.073268921095008,5.991680085882985,54.508856682769725,6.018518518518518,7.353730542136339,10.420021470746109,3.9049919484702094,0.16774020397208803,0.020128824476650563,0.2952227589908749,0.05367686527106817,
130,9.433709071390231,2.033011272141707,7.286634460547504,53.133387010198604,5.991680085882985,7.300053676865271,10.218733225979603,4.03918411164788,0.19457863660762212,0.020128824476650563,0.2952227589908749,0.05367686527106817,
131,9.681964573268921,2.033011272141707,7.266505636070853,52.97906602254428,5.991680085882985,7.2933440687063875,10.198604401502953,4.025764895330113,0.2147074610842727,0.020128824476650563,0.2683843263553409,0.026838432635534086,
132,9.903381642512077,2.033011272141707,7.273215244229737,52.824745034889965,5.984970477724101,7.25979602791197,10.144927536231885,4.012345679012346,0.24825550187869028,0.020128824476650563,0.2683843263553409,0.026838432635534086,
133,10.11808910359635,2.033011272141707,7.266505636070853,52.65700483091788,5.984970477724101,7.226247987117552,10.144927536231885,4.012345679012346,0.24825550187869028,0.013419216317767043,0.2683843263553409,0.026838432635534086,
134,10.299248523886206,2.033011272141707,7.232957595276436,52.321524422973695,5.9514224369296835,7.219538378958669,10.138217928073,4.193505099302201,0.2683843263553409,0.013419216317767043,0.30193236714975846,0.026838432635534086,
135,9.809447128287708,2.0128824476650564,9.212292002147075,42.68652710681696,15.076489533011273,6.796833064949007,10.084541062801932,3.7372517444981215,0.2683843263553409,0.013419216317767043,0.27509393451422437,0.026838432635534086,
136,10.084541062801932,2.0128824476650564,9.205582393988191,42.44498121309716,15.042941492216855,6.763285024154589,10.037573805689748,3.824476650563607,0.2683843263553409,0.013419216317767043,0.27509393451422437,0.026838432635534086,
137,10.21202361782072,2.0128824476650564,9.151905528717123,42.290660225442835,15.01610305958132,6.649221685453569,10.037573805689748,3.878153515834675,0.2683843263553409,0.04696725711218465,0.30193236714975846,0.13419216317767044,
138,10.453569511540525,1.5767579173376274,8.621846484165324,41.84111647879764,14.80810520665593,7.897208803005904,10.037573805689748,3.9049919484702094,0.2683843263553409,0.04696725711218465,0.4092860976918948,0.13419216317767044,
139,10.782340311325818,1.5767579173376274,8.715780998389693,41.6129898013956,14.707461084272678,7.890499194847021,9.943639291465379,3.911701556629093,0.2683843263553409,0.04696725711218465,0.4092860976918948,0.13419216317767044,
140,10.93666129898014,1.5767579173376274,8.809715512614064,41.42512077294686,14.647074610842727,7.890499194847021,9.943639291465379,3.911701556629093,0.2683843263553409,0.04696725711218465,0.4092860976918948,0.13419216317767044,
141,11.151368760064413,1.5499194847020934,8.896940418679549,41.176865271068166,14.606816961889425,7.803274288781535,9.822866344605474,4.005636070853462,0.2683843263553409,0.07380568974771873,0.5099302200751477,0.13419216317767044,
142,11.366076221148685,1.5499194847020934,8.856682769726248,41.035963499731615,14.586688137412775,7.830112721417069,9.728931830381105,4.045893719806763,0.28180354267310787,0.07380568974771873,0.5099302200751477,0.13419216317767044,
143,11.600912506709609,1.5365002683843263,8.849973161567364,40.83467525496511,14.566559312936125,7.863660762211487,9.702093397745571,4.045893719806763,0.28180354267310787,0.07380568974771873,0.5099302200751477,0.13419216317767044,
144,11.741814278046162,1.5633387010198605,8.870101986044014,40.76086956521739,14.526301663982823,7.809983896940419,9.695383789586689,4.045893719806763,0.28180354267310787,0.07380568974771873,0.49651100375738055,0.13419216317767044,
145,12.037037037037036,1.5633387010198605,8.957326892109501,40.58641975308642,14.479334406870638,7.7831454643048845,9.601449275362318,4.005636070853462,0.28180354267310787,0.07380568974771873,0.49651100375738055,0.13419216317767044,
146,12.151100375738057,1.5633387010198605,8.923778851315083,40.365002683843265,14.459205582393988,7.809983896940419,9.621578099838969,4.119699409554482,0.28180354267310787,0.07380568974771873,0.49651100375738055,0.13419216317767044,
147,10.621309715512615,1.5633387010198605,8.568169618894256,44.216317767042405,14.278046162104133,6.541867954911433,9.561191626409018,3.730542136339238,0.2147074610842727,0.07380568974771873,0.49651100375738055,0.13419216317767044,
148,10.809178743961352,1.5633387010198605,8.635265700483092,44.0552871712292,14.27133655394525,6.541867954911433,9.520933977455716,3.683574879227053,0.2147074610842727,0.07380568974771873,0.49651100375738055,0.13419216317767044,
149,10.59447128287708,0.8387010198604401,8.239398819108963,47.27589908749329,14.217659688674182,4.696725711218465,9.5276435856146,3.7238325281803544,0.18115942028985507,0.07380568974771873,0.49651100375738055,0.13419216317767044,
150,10.11808910359635,0.8319914117015567,7.071926999463232,52.50939345142244,11.460010735373054,4.53569511540526,9.39345142243693,3.2675791733762747,0.18115942028985507,0.05367686527106817,0.4428341384863124,0.13419216317767044,
151,7.944176060118089,0.18115942028985507,6.5552871712292005,43.92109500805153,26.36876006441224,3.099838969404187,9.07139023081052,2.0665593129361244,0.0939345142243693,0.020128824476650563,0.6038647342995169,0.07380568974771873,
152,8.266237251744498,0.18115942028985507,6.447933440687064,43.666129898013956,26.20101986044015,3.113258185721954,9.272678475577026,2.059849704777241,0.0939345142243693,0.020128824476650563,0.6239935587761675,0.05367686527106817,
153,8.548040794417606,0.18115942028985507,6.421095008051529,43.4044551798175,25.999731615673646,3.113258185721954,9.252549651100376,2.100107353730542,0.0939345142243693,0.020128824476650563,0.8118625872249061,0.05367686527106817,
154,8.789586688137414,0.18115942028985507,6.333870101986044,42.41814278046162,25.946054750402578,3.113258185721954,9.138486312399356,3.099838969404187,0.0939345142243693,0.020128824476650563,0.8118625872249061,0.05367686527106817,
155,7.977724100912507,0.18115942028985507,6.266774020397209,39.88862050456253,25.811862587224905,2.771068169618894,13.264895330112722,3.026033279656468,0.07380568974771873,0.020128824476650563,0.6642512077294686,0.05367686527106817,
156,8.36688137412775,0.18115942028985507,6.172839506172839,39.69404186795491,25.731347289318304,2.771068169618894,13.238056897477188,2.999194847020934,0.07380568974771873,0.05367686527106817,0.6642512077294686,0.05367686527106817,
157,8.548040794417606,0.18115942028985507,6.152710681696189,39.53972088030059,25.38244766505636,2.771068169618894,13.238056897477188,3.0059044551798175,0.10735373054213634,0.05367686527106817,0.9460547504025765,0.05367686527106817,0.020128824476650563
158,8.742619431025227,0.18115942028985507,6.1929683306494905,39.432367149758456,25.32206119162641,2.7777777777777777,13.137412775093935,3.0327428878153517,0.10735373054213634,0.05367686527106817,0.9460547504025765,0.05367686527106817,0.020128824476650563
159,9.145195920558239,0.18115942028985507,6.146001073537305,38.58695652173913,25.295222758990874,2.8113258185721954,13.036768652710682,3.616478797638218,0.10735373054213634,0.05367686527106817,0.9460547504025765,0.05367686527106817,0.020128824476650563
160,9.252549651100376,0.18115942028985507,6.146001073537305,38.28502415458937,25.207997852925388,2.8113258185721954,12.969672571121846,3.8378958668813743,0.17444981213097155,0.05367686527106817,1.0064412238325282,0.05367686527106817,0.020128824476650563
161,9.473966720343531,0.17444981213097155,7.313472893183038,38.0703166935051,24.986580783682232,2.8918411164787976,11.829039184111648,3.92512077294686,0.17444981213097155,0.05367686527106817,1.06682769726248,0.020128824476650563,0.020128824476650563
162,9.722222222222221,0.17444981213097155,7.273215244229737,37.9092860976919,24.9194847020934,2.871712292002147,11.829039184111648,3.9318303811057436,0.17444981213097155,0.05367686527106817,1.1003757380568975,0.020128824476650563,0.020128824476650563
163,9.842995169082126,0.17444981213097155,6.776704240472356,37.003488996242616,24.792002147074612,4.274020397208803,11.614331723027375,4.159957058507783,0.17444981213097155,0.05367686527106817,1.093666129898014,0.020128824476650563,0.020128824476650563
164,9.111647879763822,0.17444981213097155,6.776704240472356,38.65405260332797,23.711755233494365,4.87788513150832,11.614331723027375,3.7037037037037037,0.17444981213097155,0.04696725711218465,1.1137949543746646,0.020128824476650563,0.020128824476650563
165,9.440418679549115,0.17444981213097155,6.743156199677939,38.37224906065486,23.62453032742888,4.8443370907139025,11.614331723027375,3.7909286097691894,0.17444981213097155,0.04696725711218465,1.1205045625335481,0.020128824476650563,0.03354804079441761
166,9.675254965110037,0.17444981213097155,6.702898550724638,38.18438003220612,23.47691894793344,4.824208266237251,11.560654857756306,4.005636070853462,0.17444981213097155,0.04696725711218465,1.1205045625335481,0.020128824476650563,0.03354804079441761
167,9.822866344605474,0.17444981213097155,6.769994632313473,37.72812667740204,23.450080515297905,4.824208266237251,11.560654857756306,4.274020397208803,0.17444981213097155,0.04696725711218465,1.1205045625335481,0.020128824476650563,0.03354804079441761
168,10.131508319914117,0.17444981213097155,6.535158346752549,37.39264626945786,24.664519592055825,4.320987654320987,10.95679012345679,4.320987654320987,0.17444981213097155,0.04696725711218465,1.2278582930756843,0.020128824476650563,0.03354804079441761
169,10.151637144390767,0.17444981213097155,6.535158346752549,37.2987117552335,22.591250670960815,3.9586688137412773,13.378958668813741,4.341116478797638,0.20799785292538917,0.04696725711218465,1.2278582930756843,0.05367686527106817,0.03354804079441761
170,9.75577026301664,0.17444981213097155,6.233225979602791,41.57944176060118,20.229468599033815,3.9586688137412773,12.513419216317766,4.247181964573269,0.20799785292538917,0.04696725711218465,0.9997316156736447,0.020128824476650563,0.03354804079441761
171,9.876543209876543,0.17444981213097155,6.320450885668277,41.34460547504026,20.665593129361245,3.784219001610306,12.198067632850242,4.28743961352657,0.20799785292538917,0.04696725711218465,1.0399892646269457,0.020128824476650563,0.03354804079441761
172,10.084541062801932,0.17444981213097155,6.347289318303811,41.21041331186259,20.618625872249062,3.7573805689747717,12.13768115942029,4.28743961352657,0.24154589371980675,0.04696725711218465,1.0399892646269457,0.020128824476650563,0.03354804079441761
173,10.158346752549651,0.1610305958132045,7.219538378958669,41.93505099302201,19.390767579173378,3.7573805689747717,11.77536231884058,4.30756843800322,0.2147074610842727,0.04696725711218465,0.9796027911969941,0.020128824476650563,0.03354804079441761
174,10.560923242082662,0.1610305958132045,7.239667203435319,41.626409017713364,19.290123456790123,3.81105743424584,11.714975845410628,4.300858829844337,0.2147074610842727,0.04696725711218465,0.9796027911969941,0.020128824476650563,0.03354804079441761
175,10.829307568438002,0.1610305958132045,7.199409554482019,41.36473429951691,19.243156199677937,3.784219001610306,11.714975845410628,4.38137412775094,0.2147074610842727,0.04696725711218465,1.0064412238325282,0.020128824476650563,0.03354804079441761
176,11.218464841653248,0.1610305958132045,7.192699946323135,41.076221148684915,19.176060118089104,3.7573805689747717,11.681427804616211,4.38137412775094,0.2147074610842727,0.04696725711218465,1.0399892646269457,0.020128824476650563,0.03354804079441761
177,11.379495437466453,0.15432098765432098,7.2933440687063875,40.74074074074074,19.122383252818036,3.750670960815888,11.674718196457327,4.528985507246377,0.2147074610842727,0.04696725711218465,1.0399892646269457,0.020128824476650563,0.03354804079441761
178,11.513687600644122,0.15432098765432098,7.286634460547504,40.653515834675254,19.0552871712292,3.750670960815888,11.674718196457327,4.528985507246377,0.2147074610842727,0.04696725711218465,1.06682769726248,0.020128824476650563,0.03354804079441761
179,11.54723564143854,0.15432098765432098,6.280193236714976,42.08266237251745,18.84728931830381,3.683574879227053,11.634460547504025,4.5893719806763285,0.2147074610842727,0.013419216317767043,0.8990874932903918,0.020128824476650563,0.03354804079441761
180,11.922973698336017,0.14761137949543746,6.400966183574879,41.76060118089104,18.739935587761675,3.683574879227053,11.533816425120772,4.62962962962963,0.2147074610842727,0.013419216317767043,0.8990874932903918,0.020128824476650563,0.03354804079441761
181,12.084004294149223,0.14761137949543746,6.394256575415996,41.532474503489,18.632581857219538,3.683574879227053,11.473429951690822,4.810789049919484,0.2147074610842727,0.013419216317767043,0.9594739667203436,0.020128824476650563,0.03354804079441761
182,12.338969404186795,0.14761137949543746,6.367418142780462,41.06280193236715,18.109232420826622,3.683574879227053,11.372785829307569,5.676328502415459,0.2147074610842727,0.013419216317767043,0.9594739667203436,0.020128824476650563,0.03354804079441761
183,12.580515297906603,0.14761137949543746,6.360708534621578,40.76757917337628,18.02871712292002,3.6768652710681695,11.352657004830919,5.8172302737520125,0.2147074610842727,0.013419216317767043,0.9863123993558777,0.020128824476650563,0.03354804079441761
184,12.815351583467525,0.14761137949543746,6.353998926462695,40.57300053676865,18.02200751476114,3.670155662909286,11.29898013955985,5.850778314546431,0.2147074610842727,0.013419216317767043,0.9863123993558777,0.020128824476650563,0.03354804079441761
185,13.137412775093935,0.14761137949543746,6.347289318303811,40.344873859366615,18.00858829844337,3.656736446591519,11.252012882447666,5.837359098228664,0.2147074610842727,0.013419216317767043,0.9863123993558777,0.020128824476650563,0.03354804079441761
186,13.372249060654857,0.14761137949543746,6.367418142780462,39.95571658615137,17.934782608695652,3.656736446591519,11.218464841653248,5.9447128287707995,0.2147074610842727,0.15432098765432098,0.9863123993558777,0.020128824476650563,0.026838432635534086
187,13.6406333870102,0.14761137949543746,6.400966183574879,39.80810520665593,17.726784755770264,3.656736446591519,11.191626409017713,5.971551261406334,0.2147074610842727,0.15432098765432098,1.0399892646269457,0.020128824476650563,0.026838432635534086
