,45,50,55,52,53,54,51,56,57,58,59,60
0,88.0703166935051,11.916264090177133,0.013419216317767043,,,,,,,,,
1,83.03811057434245,16.80756843800322,0.04696725711218465,0.10735373054213634,,,,,,,,
2,81.36070853462158,18.344068706387546,0.1878690284487386,0.10735373054213634,,,,,,,,
3,78.9922168545357,20.665593129361245,0.1878690284487386,0.14090177133655393,0.013419216317767043,,,,,,,
4,78.5829307568438,20.35024154589372,0.2952227589908749,0.14090177133655393,0.013419216317767043,0.6172839506172839,,,,,,
5,78.26757917337628,20.699141170155663,0.2616747181964573,0.14090177133655393,0.013419216317767043,0.6172839506172839,,,,,,
6,77.06655931293612,21.578099838969404,0.3488996242619431,0.14090177133655393,0.2214170692431562,0.6172839506172839,0.026838432635534086,,,,,
7,54.6833064949007,43.71980676328502,0.6038647342995169,0.10735373054213634,0.24154589371980675,0.6172839506172839,0.026838432635534086,,,,,
8,54.8845947396672,42.54562533548041,0.6709608158883521,0.10735373054213634,0.08722490606548577,0.6172839506172839,1.0869565217391304,,,,,
9,54.8040794417606,42.49194847020934,0.7917337627482555,0.10735373054213634,0.08722490606548577,0.6508319914117016,1.06682769726248,,,,,
10,52.234299516908216,43.96806226516372,0.7648953301127214,0.14090177133655393,1.0735373054213635,0.7380568974771873,1.0802469135802468,,,,,
11,51.570048309178745,44.33038110574343,0.9594739667203436,0.14090177133655393,1.0601180891035964,0.6642512077294686,1.133923778851315,0.14090177133655393,,,,
12,47.18196457326892,48.59769189479334,1.0802469135802468,0.17444981213097155,1.0064412238325282,0.6642512077294686,1.1205045625335481,0.17444981213097155,,,,
13,46.282877079978526,49.074074074074076,1.261406333870102,0.17444981213097155,0.9796027911969941,0.6642512077294686,1.3888888888888888,0.17444981213097155,,,,
14,45.1154052603328,49.953032742887814,1.3083735909822867,0.17444981213097155,0.9728931830381106,0.9393451422436929,1.3620504562533549,0.17444981213097155,,,,
15,45.330112721417066,49.644390767579175,1.3955984970477724,0.17444981213097155,0.9728931830381106,0.9393451422436929,1.3687600644122384,0.17444981213097155,,,,
16,45.38378958668814,49.013687600644126,1.5096618357487923,0.17444981213097155,1.1473429951690821,0.9930220075147611,1.6035963499731616,0.17444981213097155,,,,
17,45.390499194847024,48.61782071926999,1.570048309178744,0.17444981213097155,1.133923778851315,0.9930220075147611,1.9256575415995705,0.1610305958132045,0.03354804079441761,,,
18,40.935319377348364,51.31508319914117,1.8585614600107354,0.17444981213097155,1.1540526033279657,2.4825550187869028,1.8853998926462694,0.1610305958132045,0.03354804079441761,,,
19,39.861782071927,52.26784755770263,1.932367149758454,0.17444981213097155,1.1540526033279657,2.5161030595813205,1.8988191089640365,0.1610305958132045,0.03354804079441761,,,
20,39.85507246376812,51.7512077294686,1.932367149758454,1.3486312399355878,0.5703166935050993,2.5026838432635534,1.8786902844873858,0.1274825550187869,0.03354804079441761,,,
21,38.37224906065486,52.703972088030056,2.4154589371980677,1.3620504562533549,0.6239935587761675,2.4825550187869028,1.8451422436929683,0.1274825550187869,0.03354804079441761,0.03354804079441761,,
22,36.18491680085883,55.23349436392915,2.4691358024691357,1.1808910359634996,0.48980139559849706,2.4154589371980677,1.8317230273752012,0.1274825550187869,0.03354804079441761,0.03354804079441761,,
23,34.17203435319377,57.14573268921095,2.5295222758990876,1.1808910359634996,0.5837359098228664,2.395330112721417,1.7981749865807837,0.1274825550187869,0.03354804079441761,0.03354804079441761,,
24,34.29951690821256,54.508856682769725,2.6637144390767578,3.824476650563607,0.49651100375738055,2.1739130434782608,1.8384326355340848,0.1274825550187869,0.03354804079441761,0.03354804079441761,,
25,34.534353193773484,54.119699409554485,2.7777777777777777,3.7909286097691894,0.5300590445517982,2.15378421900161,1.8786902844873858,0.1274825550187869,0.05367686527106817,0.03354804079441761,,
26,34.75577026301664,51.95920558239399,3.4286097691894795,3.5628019323671496,0.5233494363929146,3.717122920021471,1.8384326355340848,0.1274825550187869,0.05367686527106817,0.03354804079441761,,
27,34.50080515297907,50.577026301663984,4.240472356414386,3.589640365002684,0.5434782608695652,3.7372517444981215,2.5966183574879227,0.1274825550187869,0.05367686527106817,0.03354804079441761,,
28,34.19216317767042,49.32903918411165,4.394793344068707,3.5762211486849167,0.5703166935050993,3.8714439076757916,3.743961352657005,0.14761137949543746,0.14090177133655393,0.03354804079441761,,
29,32.79656468062265,47.32957595276436,4.38137412775094,3.5628019323671496,3.2474503488996245,3.8848631239935587,4.435050993022007,0.1878690284487386,0.14090177133655393,0.03354804079441761,,
30,33.03811057434246,47.16183574879227,4.394793344068707,3.556092324208266,3.227321524422974,3.851315083199141,4.374664519592056,0.1878690284487386,0.14090177133655393,0.03354804079441761,0.03354804079441761,
31,32.8972088030059,45.61862587224906,4.51556629092861,3.44873859366613,4.683306494900698,3.8311862587224907,4.4753086419753085,0.2147074610842727,0.24825550187869028,0.03354804079441761,0.03354804079441761,
32,32.60198604401503,44.867149758454104,4.53569511540526,4.669887278582931,4.64975845410628,3.7909286097691894,4.468599033816425,0.12077294685990338,0.24825550187869028,0.013419216317767043,0.03354804079441761,
33,32.50134192163178,44.357219538378956,4.575952764358561,5.10601180891036,4.770531400966184,3.8378958668813743,4.441760601180891,0.14761137949543746,0.2147074610842727,0.013419216317767043,0.03354804079441761,
34,32.400697799248526,42.43156199677939,4.53569511540526,5.065754159957058,4.74369296833065,3.824476650563607,6.494900697799249,0.1878690284487386,0.2549651100375738,0.026838432635534086,0.03354804079441761,
35,31.863929146537842,41.196994095544824,4.582662372517445,4.978529253891573,5.555555555555555,3.851315083199141,7.467793880837359,0.1878690284487386,0.2549651100375738,0.026838432635534086,0.03354804079441761,
36,30.817230273752013,41.57944176060118,4.622920021470746,6.0587761674718195,5.60252281266774,3.44873859366613,7.380568974771873,0.1878690284487386,0.2147074610842727,0.05367686527106817,0.03354804079441761,
37,28.878153515834676,45.01476113794954,4.723564143853999,5.924584004294149,5.381105743424584,3.280998389694042,6.3070316693505095,0.1878690284487386,0.2147074610842727,0.05367686527106817,0.03354804079441761,
38,28.85131508319914,43.82716049382716,4.851046698872786,7.14573268921095,5.347557702630167,3.180354267310789,6.286902844873859,0.1878690284487386,0.24154589371980675,0.04696725711218465,0.03354804079441761,
39,29.09957058507783,43.46484165324745,5.052334943639291,7.132313472893183,5.293880837359098,3.1736446591519054,6.273483628556092,0.1878690284487386,0.24154589371980675,0.04696725711218465,0.03354804079441761,
40,28.710413311862588,42.72678475577026,5.246913580246914,6.9310252281266775,5.253623188405797,3.475577026301664,7.14573268921095,0.1878690284487386,0.24154589371980675,0.04696725711218465,0.03354804079441761,
41,26.690821256038646,45.249597423510465,5.193236714975845,6.327160493827161,5.3274288781535155,3.4420289855072466,7.185990338164252,0.1878690284487386,0.32877079978529256,0.03354804079441761,0.03354804079441761,
42,26.402308105206657,44.30354267310789,5.35426731078905,6.280193236714976,5.226784755770263,3.435319377348363,8.299785292538916,0.2214170692431562,0.4092860976918948,0.03354804079441761,0.03354804079441761,
43,25.623993558776167,42.36446591519055,5.381105743424584,6.622383252818035,6.159420289855072,2.871712292002147,10.359634997316157,0.1878690284487386,0.36231884057971014,0.03354804079441761,0.03354804079441761,
44,25.885668276972623,41.86124530327429,5.428073000536768,6.790123456790123,6.0587761674718195,2.965646806226516,10.312667740203972,0.2147074610842727,0.3824476650563607,0.06709608158883522,0.03354804079441761,
45,25.999731615673646,41.54589371980676,5.481749865807837,6.8035426731078905,6.052066559312936,3.126677402039721,10.285829307568438,0.24154589371980675,0.36231884057971014,0.06709608158883522,0.03354804079441761,
46,25.959473966720342,40.58641975308642,5.421363392377885,6.756575415995706,6.011808910359635,3.569511540526033,11.023886205045626,0.20799785292538917,0.36231884057971014,0.06709608158883522,0.03354804079441761,
47,23.97342995169082,36.842458400429415,7.018250134192163,6.501610305958132,5.904455179817498,3.5762211486849167,15.438808373590982,0.24825550187869028,0.39586688137412773,0.06709608158883522,0.03354804079441761,
48,24.302200751476114,36.64117015566291,6.890767579173376,6.461352657004831,5.870907139023081,3.629898013955985,15.324745034889963,0.24825550187869028,0.46967257112184646,0.0939345142243693,0.03354804079441761,0.03354804079441761
49,23.825818572195384,37.30542136339238,7.018250134192163,6.172839506172839,5.917874396135265,3.556092324208266,15.291196994095545,0.24825550187869028,0.5032206119162641,0.0939345142243693,0.03354804079441761,0.03354804079441761
50,24.168008588298445,37.01690821256039,6.910896403650026,6.146001073537305,5.877616747181965,3.589640365002684,15.250939345142244,0.3153515834675255,0.5032206119162641,0.15432098765432098,0.03354804079441761,0.03354804079441761
51,24.02710681696189,36.010466988727856,7.125603864734299,6.246645195920558,5.260332796564681,3.6097691894793345,16.646537842190018,0.3824476650563607,0.49651100375738055,0.1274825550187869,0.03354804079441761,0.03354804079441761
52,24.12775093934514,35.7085346215781,7.192699946323135,6.226516371443908,5.293880837359098,3.5963499731615673,16.59957058507783,0.5636070853462157,0.49651100375738055,0.1274825550187869,0.03354804079441761,0.03354804079441761
53,23.778851315083198,37.60735373054214,6.977992485238862,6.1862587224906065,5.978260869565218,3.535963499731616,14.734299516908212,0.4830917874396135,0.49651100375738055,0.1274825550187869,0.03354804079441761,0.06038647342995169
54,23.68491680085883,36.45330112721417,6.5485775630703165,6.1862587224906065,8.05823939881911,3.2541599570585076,14.579978529253891,0.5367686527106817,0.46967257112184646,0.1274825550187869,0.03354804079441761,0.06709608158883522
55,23.879495437466453,36.2788513150832,5.917874396135265,6.159420289855072,8.749329039184111,3.240740740740741,14.486044015029522,0.5703166935050993,0.46967257112184646,0.1610305958132045,0.03354804079441761,0.05367686527106817
56,23.658078368223297,34.936929683306495,5.703166935050993,6.1862587224906065,8.393719806763285,3.1870638754696725,16.532474503488995,0.6977992485238862,0.43612453032742887,0.18115942028985507,0.03354804079441761,0.05367686527106817
57,23.805689747718734,34.72222222222222,5.857487922705314,6.1862587224906065,8.393719806763285,3.126677402039721,16.478797638217927,0.7246376811594203,0.43612453032742887,0.18115942028985507,0.03354804079441761,0.05367686527106817
58,23.58427267847558,34.98389694041868,5.971551261406334,6.199677938808374,8.413848631239935,3.1333870101986045,16.264090177133657,0.7447665056360708,0.43612453032742887,0.18115942028985507,0.03354804079441761,0.05367686527106817
59,23.597691894793343,34.50080515297907,6.031937734836285,5.676328502415459,8.279656468062266,3.8714439076757916,16.398282340311326,0.9259259259259259,0.4495437466451959,0.18115942028985507,0.03354804079441761,0.05367686527106817
60,23.993558776167472,34.286097691894796,6.011808910359635,5.662909286097692,8.172302737520129,3.8311862587224907,16.344605475040257,0.95276435856146,0.47638217928073,0.18115942028985507,0.03354804079441761,0.05367686527106817
61,23.839237788513152,33.883521202361784,5.971551261406334,5.501878690284487,8.145464304884594,3.797638217928073,17.163177670424048,0.95276435856146,0.47638217928073,0.18115942028985507,0.03354804079441761,0.05367686527106817
62,24.114331723027377,33.70907139023081,6.615673644659152,5.475040257648954,7.521470746108427,3.784219001610306,17.04911433172303,0.9863123993558777,0.47638217928073,0.18115942028985507,0.03354804079441761,0.05367686527106817
63,24.4296833064949,33.467525496511,6.796833064949007,5.428073000536768,7.454374664519592,3.851315083199141,16.894793344068706,0.9393451422436929,0.48980139559849706,0.1610305958132045,0.03354804079441761,0.05367686527106817
64,24.651100375738057,33.293075684380035,6.823671497584541,5.428073000536768,7.48792270531401,3.844605475040258,16.80756843800322,0.9393451422436929,0.47638217928073,0.1610305958132045,0.03354804079441761,0.05367686527106817
65,24.818840579710145,32.56843800322061,7.461084272678476,5.407944176060118,7.461084272678476,3.898282340311326,16.71363392377885,0.9796027911969941,0.47638217928073,0.1274825550187869,0.03354804079441761,0.05367686527106817
66,24.966451959205582,32.45437466451959,7.481213097155126,5.387815351583468,7.454374664519592,3.92512077294686,16.659957058507782,0.9796027911969941,0.47638217928073,0.1274825550187869,0.03354804079441761,0.05367686527106817
67,25.11406333870102,32.09205582393988,7.669082125603865,5.35426731078905,7.380568974771873,4.166666666666667,16.552603327965645,0.9796027911969941,0.47638217928073,0.1274825550187869,0.03354804079441761,0.05367686527106817
68,25.11406333870102,31.52173913043478,7.695920558239399,6.092324208266238,7.2933440687063875,4.247181964573269,16.203703703703702,1.0399892646269457,0.5770263016639828,0.1274825550187869,0.03354804079441761,0.05367686527106817
69,25.268384326355342,31.219806763285025,8.085077831454644,6.078904991948471,7.199409554482019,4.414922168545357,15.92860976918948,1.0131508319914118,0.5770263016639828,0.1274825550187869,0.03354804079441761,0.05367686527106817
70,25.0,30.88432635534085,8.145464304884594,5.984970477724101,8.05823939881911,4.4820182501341925,15.499194847020934,1.0601180891035964,0.6709608158883521,0.1274825550187869,0.03354804079441761,0.05367686527106817
71,25.241545893719806,30.615942028985508,8.125335480407944,5.931293612453032,8.07836822329576,4.569243156199678,15.418679549114332,1.0735373054213635,0.6709608158883521,0.16774020397208803,0.05367686527106817,0.05367686527106817
72,25.11406333870102,30.589103596349972,8.239398819108963,5.891035963499732,6.91760601180891,4.461889425657541,16.867954911433173,1.0332796564680622,0.6374127750939346,0.14090177133655393,0.05367686527106817,0.05367686527106817
73,25.161030595813205,30.360976918947934,8.319914117015566,5.877616747181965,6.984702093397746,4.569243156199678,16.774020397208805,1.0466988727858293,0.6575415995705851,0.14090177133655393,0.05367686527106817,0.05367686527106817
74,23.450080515297905,33.23268921095008,8.152173913043478,5.877616747181965,7.018250134192163,4.361245303274289,15.975577026301664,1.0399892646269457,0.6575415995705851,0.1274825550187869,0.05367686527106817,0.05367686527106817
75,22.67176596886742,32.43424584004294,7.75630703166935,8.856682769726248,6.508319914117015,4.3545356951154055,15.713902308105206,0.8990874932903918,0.6239935587761675,0.0939345142243693,0.05367686527106817,0.03354804079441761
76,22.805958132045088,32.25979602791197,7.776435856146001,8.80300590445518,6.508319914117015,4.38137412775094,15.747450348899624,0.8789586688137413,0.6575415995705851,0.0939345142243693,0.05367686527106817,0.03354804079441761
77,20.954106280193237,28.44873859366613,6.105743424584004,6.810252281266774,4.616210413311863,3.81105743424584,27.95222758990875,0.7313472893183038,0.5099302200751477,0.026838432635534086,0.03354804079441761,
78,21.30300590445518,28.20048309178744,6.273483628556092,6.756575415995706,4.575952764358561,3.8580246913580245,27.70397208803006,0.7313472893183038,0.5099302200751477,0.026838432635534086,0.06038647342995169,
79,21.35668276972625,27.72410091250671,6.179549114331723,6.743156199677939,7.957595276435856,4.119699409554482,24.496779388083738,0.8051529790660226,0.5099302200751477,0.04696725711218465,0.06038647342995169,
80,21.329844337090712,27.408749329039185,6.327160493827161,6.702898550724638,7.944176060118089,4.414922168545357,24.476650563607084,0.7917337627482555,0.49651100375738055,0.04696725711218465,0.06038647342995169,
81,20.90042941492217,26.207729468599034,6.213097155126141,6.66935050993022,7.937466451959206,4.468599033816425,26.194310252281266,0.8252818035426731,0.47638217928073,0.04696725711218465,0.06038647342995169,
82,21.054750402576488,25.97289318303811,6.199677938808374,6.655931293612453,8.158883521202362,4.730273752012883,25.81857219538379,0.8252818035426731,0.47638217928073,0.04696725711218465,0.06038647342995169,
83,21.195652173913043,25.791733762748255,6.166129898013956,6.595544820182502,9.722222222222221,4.663177670424047,24.282071926999464,1.0064412238325282,0.5032206119162641,0.04696725711218465,0.026838432635534086,
84,21.014492753623188,24.838969404186795,6.045356951154052,6.561996779388084,9.75577026301664,4.388083735909823,25.664251207729468,1.1137949543746646,0.5434782608695652,0.04696725711218465,0.026838432635534086,
85,21.215780998389693,24.698067632850243,6.025228126677402,6.568706387546968,9.581320450885668,4.549114331723027,25.5703166935051,1.1406333870101986,0.5434782608695652,0.08051529790660225,0.026838432635534086,
86,21.410359634997317,24.56387546967257,5.998389694041868,6.494900697799249,9.554482018250134,4.703435319377348,25.335480407944175,1.2345679012345678,0.5703166935050993,0.08051529790660225,0.05367686527106817,
87,21.752549651100377,24.44981213097155,5.984970477724101,6.461352657004831,9.292807300053678,4.696725711218465,25.248255501878692,1.221148684916801,0.7581857219538379,0.08051529790660225,0.05367686527106817,
88,22.007514761137948,23.832528180354267,6.474771873322598,6.474771873322598,9.272678475577026,4.663177670424047,24.97987117552335,1.402308105206656,0.7581857219538379,0.08051529790660225,0.05367686527106817,
89,22.088030059044552,23.678207192699947,6.6760601180891035,6.615673644659152,9.252549651100376,4.64975845410628,24.751744498121308,1.4694041867954912,0.7112184648416533,0.08051529790660225,0.026838432635534086,
90,21.43719806763285,22.322866344605476,6.025228126677402,5.421363392377885,10.406602254428341,4.126409017713366,28.22061191626409,1.4559849704777241,0.47638217928073,0.08051529790660225,0.026838432635534086,
91,21.34326355340848,22.034353193773484,5.756843800322061,8.514492753623188,9.205582393988191,3.1736446591519054,27.992485238862052,1.4559849704777241,0.39586688137412773,0.06709608158883522,0.06038647342995169,
92,21.658615136876005,21.960547504025765,5.730005367686527,8.487654320987655,9.192163177670425,3.1535158346752548,27.811325818572197,1.4895330112721417,0.38915727321524424,0.06709608158883522,0.06038647342995169,
93,21.85319377348363,21.85319377348363,5.736714975845411,8.474235104669887,9.265968867418144,3.2139023081052067,27.542941492216855,1.5432098765432098,0.38915727321524424,0.06709608158883522,0.06038647342995169,
94,20.242887815351583,23.013955984970476,5.776972624798712,9.581320450885668,9.125067096081589,3.180354267310789,27.066559312936125,1.4559849704777241,0.33548040794417605,0.13419216317767044,0.08722490606548577,
95,20.665593129361245,22.832796564680624,5.736714975845411,9.50751476113795,9.024422973698336,3.099838969404187,26.96591519055287,1.4895330112721417,0.3421900161030596,0.13419216317767044,0.20128824476650564,
96,20.457595276435857,22.128287707997853,5.689747718733226,11.842458400429415,8.474235104669887,3.066290928609769,26.341921631776703,1.328502415458937,0.36902844873859364,0.1274825550187869,0.17444981213097155,
97,20.82662372517445,22.0276435856146,5.870907139023081,11.741814278046162,8.440687063875469,3.046162104133119,26.02657004830918,1.3687600644122384,0.36902844873859364,0.10735373054213634,0.17444981213097155,
98,21.115136876006442,21.85990338164251,5.904455179817498,12.144390767579173,8.420558239398819,3.0394524959742353,25.462962962962962,1.402308105206656,0.36902844873859364,0.10735373054213634,0.17444981213097155,
99,21.3768115942029,21.72571121846484,5.938003220611916,12.104133118625873,8.340042941492216,3.0931293612453032,24.14117015566291,2.623456790123457,0.3757380568974772,0.10735373054213634,0.17444981213097155,
100,19.994632313472895,20.30998389694042,5.46833064949007,11.218464841653248,6.575415995705851,2.871712292002147,30.64278046162104,2.3081052066559313,0.32877079978529256,0.10735373054213634,0.17444981213097155,
101,19.97450348899624,20.2361782071927,5.428073000536768,11.178207192699947,6.575415995705851,3.052871712292002,30.421363392377884,2.5295222758990876,0.32877079978529256,0.10064412238325282,0.17444981213097155,
102,20.12211486849168,20.229468599033815,5.421363392377885,11.131239935587761,6.501610305958132,3.079710144927536,30.193236714975846,2.6637144390767578,0.3488996242619431,0.10064412238325282,0.20799785292538917,
103,20.28985507246377,20.055018786902846,5.434782608695652,11.07085346215781,6.494900697799249,3.1870638754696725,30.12614063338701,2.657004830917874,0.3757380568974772,0.10064412238325282,0.20799785292538917,
104,20.585077831454644,19.994632313472895,5.394524959742351,11.05072463768116,6.427804616210413,3.2206119162640903,29.958400429414922,2.657004830917874,0.3757380568974772,0.1274825550187869,0.20799785292538917,
105,20.585077831454644,19.91411701556629,5.394524959742351,11.144659151905529,6.340579710144928,3.3413848631239937,29.70343531937735,2.6972624798711755,0.5434782608695652,0.1274825550187869,0.20799785292538917,
106,20.813204508856682,19.806763285024154,5.421363392377885,11.044015029522276,6.380837359098229,3.307836822329576,29.64975845410628,2.7106816961889426,0.5300590445517982,0.1274825550187869,0.20799785292538917,
107,20.249597423510465,19.26328502415459,5.891035963499732,10.836017176596886,6.400966183574879,3.0394524959742353,30.763553408480945,2.6637144390767578,0.5300590445517982,0.15432098765432098,0.20799785292538917,
108,19.994632313472895,18.04884594739667,5.844068706387547,10.567632850241546,6.266774020397209,2.7777777777777777,32.9374664519592,2.6435856146001075,0.5300590445517982,0.18115942028985507,0.20799785292538917,
109,20.182501341921633,18.00858829844337,5.8172302737520125,10.473698336017177,7.37385936661299,2.7979066022544283,31.488191089640367,2.804616210413312,0.5300590445517982,0.18115942028985507,0.3421900161030596,
110,19.53166935050993,22.973698336017176,5.589103596349974,10.25228126677402,7.367149758454106,2.717391304347826,27.66371443907676,2.8113258185721954,0.5434782608695652,0.2147074610842727,0.33548040794417605,
111,19.6256038647343,22.859634997316157,5.562265163714439,10.359634997316157,7.39398819108964,2.6637144390767578,27.576489533011273,2.932098765432099,0.47638217928073,0.2147074610842727,0.33548040794417605,
112,19.82018250134192,22.779119699409556,5.636070853462158,10.339506172839506,7.380568974771873,2.6704240472356413,27.388620504562535,2.9589371980676327,0.47638217928073,0.2147074610842727,0.33548040794417605,
113,20.169082125603865,22.638217928073,5.609232420826624,10.312667740203972,7.367149758454106,2.6972624798711755,27.200751476113794,2.9589371980676327,0.49651100375738055,0.2147074610842727,0.33548040794417605,
114,20.21604938271605,22.779119699409556,5.615942028985507,10.272410091250672,7.306763285024155,2.657004830917874,26.959205582393988,3.0595813204508855,0.5568974771873323,0.2147074610842727,0.36231884057971014,
115,20.417337627482556,22.665056360708533,5.642780461621041,10.285829307568438,7.286634460547504,2.6435856146001075,26.724369296833064,3.207192699946323,0.5501878690284487,0.2147074610842727,0.36231884057971014,
116,20.564949006977994,22.584541062801932,5.689747718733226,10.21202361782072,7.300053676865271,2.636876006441224,26.643853998926463,3.2139023081052067,0.5770263016639828,0.2147074610842727,0.36231884057971014,
117,19.880568974771872,21.73913043478261,6.870638754696726,11.191626409017713,7.159151905528717,2.7241009125067097,25.83870101986044,3.435319377348363,0.5568974771873323,0.2147074610842727,0.38915727321524424,
118,19.03515834675255,19.545088566827697,6.615673644659152,10.61460010735373,6.481481481481482,2.3886205045625335,30.797101449275363,3.3950617283950617,0.5233494363929146,0.2147074610842727,0.38915727321524424,
119,19.43102522812668,19.30354267310789,6.535158346752549,10.393183038110575,6.608964036500268,2.589908749329039,30.62265163714439,3.361513687600644,0.5501878690284487,0.2147074610842727,0.38915727321524424,
120,19.672571121846484,19.048577563070317,6.515029522275899,11.366076221148685,6.541867954911433,2.5026838432635534,29.857756307031668,3.3145464304884595,0.5501878690284487,0.2147074610842727,0.41599570585077833,
121,19.96779388083736,18.894256575415994,6.608964036500268,11.258722490606548,6.5485775630703165,2.5026838432635534,29.60950080515298,3.44873859366613,0.5300590445517982,0.2147074610842727,0.41599570585077833,
122,20.1959205582394,18.706387546967257,6.608964036500268,11.044015029522276,6.521739130434782,2.6637144390767578,29.468599033816425,3.5225442834138487,0.6374127750939346,0.2147074610842727,0.41599570585077833,
123,20.356951154052602,18.612453032742888,6.709608158883521,10.976918947933441,6.474771873322598,2.9790660225442833,29.1129898013956,3.502415458937198,0.630703166935051,0.2281266774020397,0.41599570585077833,
124,20.52469135802469,18.471551261406333,6.716317767042405,11.614331723027375,6.521739130434782,3.33467525496511,28.005904455179817,3.5292538915727323,0.6105743424584005,0.2549651100375738,0.41599570585077833,
125,20.618625872249062,18.364197530864196,6.830381105743425,11.681427804616211,6.4412238325281805,3.3816425120772946,27.79790660225443,3.549382716049383,0.630703166935051,0.2549651100375738,0.4495437466451959,
126,20.356951154052602,18.230005367686527,9.400161030595813,11.668008588298443,6.347289318303811,3.3682232957595275,26.113794954374665,3.180354267310789,0.630703166935051,0.2549651100375738,0.4495437466451959,
127,20.517981749865807,18.17632850241546,9.453837895866881,11.634460547504025,6.333870101986044,3.3950617283950617,25.939345142243692,3.193773483628556,0.630703166935051,0.2549651100375738,0.4428341384863124,0.026838432635534086
128,20.8064949006978,18.149490069779926,9.420289855072463,11.600912506709609,6.320450885668277,3.4017713365539453,25.825281803542673,3.166935050993022,0.630703166935051,0.23483628556092323,0.4428341384863124,
129,20.947396672034355,18.06897477187332,9.574610842726784,11.426462694578637,6.602254428341385,3.3950617283950617,25.543478260869566,3.1535158346752548,0.6239935587761675,0.23483628556092323,0.4294149221685454,
130,21.068169618894256,18.00858829844337,9.46725711218465,11.721685453569512,6.662640901771336,3.475577026301664,25.194578636607623,3.126677402039721,0.6239935587761675,0.23483628556092323,0.41599570585077833,
131,21.162104133118625,18.129361245303276,9.520933977455716,11.627750939345143,6.635802469135802,3.455448201825013,25.02012882447665,3.126677402039721,0.6709608158883521,0.23483628556092323,0.41599570585077833,
132,21.484165324745035,18.055555555555557,9.541062801932368,11.52710681696189,6.622383252818035,3.44873859366613,24.872517444981213,3.126677402039721,0.6977992485238862,0.23483628556092323,0.38915727321524424,
133,21.464036500268385,17.398013955984972,9.46725711218465,11.473429951690822,7.635534084809447,3.3413848631239937,24.812130971551262,3.0864197530864197,0.6977992485238862,0.23483628556092323,0.38915727321524424,
134,20.652173913043477,19.07541599570585,9.420289855072463,11.366076221148685,7.595276435856146,3.180354267310789,24.08749329039184,3.2877079978529253,0.6977992485238862,0.24825550187869028,0.38915727321524424,
135,20.209339774557165,18.833870101986044,10.23215244229737,11.151368760064413,7.474503488996243,3.2004830917874396,24.261943102522814,3.1535158346752548,0.8454106280193237,0.24825550187869028,0.38915727321524424,
136,20.25630703166935,18.78690284487386,10.151637144390767,10.963499731615673,6.816961889425658,3.240740740740741,25.42270531400966,3.1333870101986045,0.8722490606548577,0.24825550187869028,0.10735373054213634,
137,20.28985507246377,18.65271068169619,10.272410091250672,10.929951690821255,6.870638754696726,3.3279656468062266,25.234836285560924,3.193773483628556,0.8722490606548577,0.24825550187869028,0.10735373054213634,
138,20.564949006977994,18.5654857756307,10.21202361782072,10.896403650026839,6.870638754696726,3.321256038647343,25.11406333870102,3.2340311325818574,0.8655394524959742,0.24825550187869028,0.10735373054213634,
139,20.813204508856682,18.4447128287708,10.165056360708535,10.82259796027912,6.877348362855609,3.388352120236178,25.026838432635532,3.2541599570585076,0.8521202361782072,0.24825550187869028,0.10735373054213634,
140,21.054750402576488,18.263553408480945,10.111379495437467,10.829307568438002,6.850509930220075,3.455448201825013,24.966451959205582,3.260869565217391,0.8521202361782072,0.24825550187869028,0.10735373054213634,
141,20.591787439613526,18.06226516371444,10.131508319914117,11.889425657541599,6.743156199677939,4.28743961352657,23.79898013955985,3.193773483628556,0.9192163177670424,0.27509393451422437,0.10735373054213634,
142,20.75281803542673,17.894524959742352,9.977187332259795,11.621041331186259,6.729736983360172,4.260601180891036,24.362587224906065,3.126677402039721,0.9192163177670424,0.24825550187869028,0.10735373054213634,
143,21.034621578099838,17.847557702630166,9.936929683306495,11.520397208803006,6.736446591519055,4.240472356414386,24.20155662909286,3.126677402039721,0.9728931830381106,0.27509393451422437,0.10735373054213634,
144,21.24261943102523,17.85426731078905,9.930220075147611,11.171497584541063,6.709608158883521,4.582662372517445,24.00697799248524,3.180354267310789,0.9393451422436929,0.27509393451422437,0.10735373054213634,
145,21.4170692431562,17.76033279656468,9.96376811594203,11.084272678475577,6.729736983360172,4.582662372517445,23.772141706924316,3.3413848631239937,0.9393451422436929,0.30193236714975846,0.10735373054213634,
146,21.410359634997317,17.47181964573269,10.084541062801932,11.33923778851315,6.756575415995706,4.555823939881911,23.738593666129898,3.3682232957595275,0.8923778851315083,0.27509393451422437,0.10735373054213634,
147,21.40365002683843,17.310789049919485,10.111379495437467,11.18491680085883,6.850509930220075,4.247181964573269,24.10091250670961,3.5091250670960816,0.8923778851315083,0.2683843263553409,0.10735373054213634,0.013419216317767043
148,21.276167471819647,16.71363392377885,10.00402576489533,11.379495437466453,6.816961889425658,4.139828234031133,24.9597423510467,3.4420289855072466,0.8923778851315083,0.2549651100375738,0.10735373054213634,0.013419216317767043
149,20.73268921095008,16.404991948470208,9.433709071390231,11.104401502952227,6.66935050993022,4.26731078904992,26.637144390767578,3.421900161030596,0.8789586688137413,0.32877079978529256,0.10735373054213634,0.013419216317767043
150,20.175791733762747,15.49248523886205,9.292807300053678,9.809447128287708,6.615673644659152,4.2203435319377345,29.562533548040793,3.4420289855072466,0.9057971014492754,0.32877079978529256,0.14090177133655393,0.013419216317767043
151,20.397208803005906,15.237520128824476,9.198872785829307,9.842995169082126,6.602254428341385,4.435050993022007,29.455179817498657,3.4420289855072466,0.9057971014492754,0.32877079978529256,0.14090177133655393,0.013419216317767043
152,20.73268921095008,15.230810520665592,9.125067096081589,9.849704777241008,6.622383252818035,4.361245303274289,29.28743961352657,3.435319377348363,0.8722490606548577,0.32877079978529256,0.14090177133655393,0.013419216317767043
153,20.860171765968868,15.163714439076758,9.145195920558239,9.829575952764358,6.568706387546968,4.435050993022007,29.13311862587225,3.4621578099838968,0.8923778851315083,0.32877079978529256,0.16774020397208803,0.013419216317767043
154,20.9272678475577,15.123456790123457,9.07139023081052,9.836285560923242,6.461352657004831,5.475040257648954,28.61647879763822,3.1065485775630703,0.8722490606548577,0.32877079978529256,0.16774020397208803,0.013419216317767043
155,20.994363929146537,15.076489533011273,9.091519055287172,9.842995169082126,6.528448738593666,5.515297906602254,28.502415458937197,3.1065485775630703,0.8319914117015567,0.32877079978529256,0.16774020397208803,0.013419216317767043
156,21.027911969940956,14.935587761674718,9.245840042941492,9.809447128287708,6.521739130434782,5.548845947396672,28.287707997852927,3.2474503488996245,0.8319914117015567,0.32877079978529256,0.20128824476650564,0.013419216317767043
157,20.82662372517445,14.841653247450349,9.286097691894794,9.54777241009125,6.300322061191626,5.4616210413311865,29.07944176060118,3.3011272141706924,0.8118625872249061,0.32877079978529256,0.20128824476650564,0.013419216317767043
158,20.86688137412775,14.761137949543746,9.29951690821256,9.54777241009125,6.340579710144928,5.515297906602254,29.05931293612453,3.2541599570585076,0.8118625872249061,0.32877079978529256,0.20128824476650564,0.013419216317767043
159,20.74610842726785,14.761137949543746,9.219001610305957,10.849436392914654,6.239935587761675,5.4616210413311865,28.133387010198604,3.2340311325818574,0.8387010198604401,0.32877079978529256,0.17444981213097155,0.013419216317767043
160,20.833333333333332,14.727589908749328,9.098228663446054,10.567632850241546,7.024959742351046,5.360976918947934,27.791196994095547,3.2139023081052067,0.8655394524959742,0.32877079978529256,0.17444981213097155,0.013419216317767043
161,20.833333333333332,14.640365002683843,9.333064949006978,10.567632850241546,7.098765432098766,5.401234567901234,27.522812667740205,3.240740740740741,0.8588298443370908,0.3153515834675255,0.17444981213097155,0.013419216317767043
162,20.77294685990338,14.626945786366075,10.312667740203972,10.493827160493828,7.125603864734299,5.367686527106817,26.737788513150832,3.1468062265163717,0.8923778851315083,0.33548040794417605,0.17444981213097155,0.013419216317767043
163,20.585077831454644,14.53972088030059,11.238593666129898,10.46027911969941,7.1658615136876005,5.495169082125604,25.811862587224905,3.0864197530864197,0.8923778851315083,0.5099302200751477,0.17444981213097155,0.040257648953301126
164,20.356951154052602,14.445786366076222,11.158078368223295,9.990606548577563,7.098765432098766,5.4549114331723025,26.92565754159957,2.965646806226516,0.8789586688137413,0.5099302200751477,0.17444981213097155,0.040257648953301126
165,20.175791733762747,14.244498121309716,11.305689747718732,9.923510466988727,7.112184648416532,5.9447128287707995,26.764626945786365,2.952227589908749,0.8789586688137413,0.4830917874396135,0.17444981213097155,0.040257648953301126
166,20.37037037037037,14.150563607085346,11.399624261943103,9.88996242619431,7.092055823939882,5.924584004294149,26.67740203972088,2.9388083735909825,0.8588298443370908,0.5099302200751477,0.17444981213097155,0.013419216317767043
167,20.28985507246377,14.002952227589908,11.399624261943103,9.762479871175524,7.058507783145465,6.280193236714976,26.46940418679549,3.099838969404187,0.8387010198604401,0.5166398282340311,0.2683843263553409,0.013419216317767043
168,20.40391841116479,13.996242619431026,11.33923778851315,9.73564143853999,7.078636607622115,6.280193236714976,26.40901771336554,3.1065485775630703,0.8521202361782072,0.5166398282340311,0.2683843263553409,0.013419216317767043
169,20.598497047772412,13.969404186795492,11.265432098765432,9.702093397745571,7.139023081052066,6.286902844873859,26.37546967257112,3.026033279656468,0.8387010198604401,0.5166398282340311,0.2683843263553409,0.013419216317767043
170,20.538110574342458,13.955984970477724,11.191626409017713,9.581320450885668,6.9243156199677935,6.226516371443908,26.898819108964037,3.012614063338701,0.8454106280193237,0.5166398282340311,0.2952227589908749,0.013419216317767043
171,20.665593129361245,13.94927536231884,11.211755233494364,9.561191626409018,6.904186795491143,6.213097155126141,26.717659688674182,3.0931293612453032,0.8454106280193237,0.48980139559849706,0.33548040794417605,0.013419216317767043
172,20.79307568438003,13.88888888888889,11.305689747718732,9.4873859366613,6.9243156199677935,6.179549114331723,26.603596349973163,3.1065485775630703,0.8789586688137413,0.4830917874396135,0.33548040794417605,0.013419216317767043
173,20.477724100912507,13.855340848094471,11.332528180354267,9.426999463231347,8.299785292538916,5.756843800322061,26.194310252281266,3.066290928609769,0.8051529790660226,0.4830917874396135,0.2885131508319914,0.013419216317767043
174,20.551529790660226,13.81508319914117,11.345947396672035,9.333064949006978,8.32662372517445,5.669618894256575,26.113794954374665,3.0595813204508855,0.9796027911969941,0.5233494363929146,0.2683843263553409,0.013419216317767043
175,20.611916264090176,13.6808910359635,11.258722490606548,9.225711218464841,8.776167471819646,6.119162640901771,25.650831991411703,2.9723564143853998,0.9997316156736447,0.4294149221685454,0.2616747181964573,0.013419216317767043
176,20.759527643585614,13.667471819645733,11.372785829307569,9.245840042941492,8.776167471819646,6.105743424584004,25.43612453032743,2.932098765432099,0.9997316156736447,0.4294149221685454,0.2616747181964573,0.013419216317767043
177,21.068169618894256,13.627214170692431,11.345947396672035,9.091519055287172,8.923778851315083,6.0654857756307035,25.248255501878692,2.9388083735909825,0.9997316156736447,0.41599570585077833,0.2616747181964573,0.013419216317767043
178,21.26945786366076,13.533279656468062,11.345947396672035,9.05126140633387,8.977455716586151,6.0587761674718195,25.167740203972087,2.932098765432099,0.9863123993558777,0.4025764895330113,0.2616747181964573,0.013419216317767043
179,21.504294149221685,13.47289318303811,11.372785829307569,9.05126140633387,8.930488459473967,6.038647342995169,25.067096081588836,2.898550724637681,0.9863123993558777,0.4025764895330113,0.2616747181964573,0.013419216317767043
180,21.618357487922705,13.466183574879228,11.252012882447666,9.01100375738057,8.923778851315083,6.0654857756307035,25.06038647342995,2.8918411164787976,1.0131508319914118,0.4025764895330113,0.2616747181964573,0.03354804079441761
181,21.71900161030596,13.33870101986044,11.500268384326356,9.219001610305957,8.702361782071927,6.052066559312936,24.90606548577563,2.898550724637681,0.966183574879227,0.4025764895330113,0.2616747181964573,0.03354804079441761
182,21.752549651100377,13.271604938271604,11.124530327428879,9.158615136876007,9.594739667203436,6.119162640901771,24.402844873859365,2.9119699409554483,0.9728931830381106,0.39586688137412773,0.2616747181964573,0.03354804079441761
183,21.926999463231347,13.123993558776167,11.218464841653248,9.185453569511541,9.460547504025765,6.1862587224906065,24.27536231884058,2.9924852388620504,0.9393451422436929,0.39586688137412773,0.2616747181964573,0.03354804079441761
184,21.85990338164251,12.855609232420827,11.104401502952227,9.131776704240472,9.534353193773484,6.877348362855609,24.08078368223296,2.932098765432099,0.9326355340848095,0.39586688137412773,0.2616747181964573,0.03354804079441761
185,21.76596886741814,12.694578636607622,10.715244229736983,9.977187332259795,9.581320450885668,6.816961889425658,23.993558776167472,2.9388083735909825,0.8923778851315083,0.2952227589908749,0.2616747181964573,0.06709608158883522
186,20.544820182501343,21.101717659688674,10.205314009661835,9.138486312399356,9.420289855072463,5.709876543209877,19.699409554482017,2.7777777777777777,0.798443370907139,0.2952227589908749,0.24154589371980675,0.06709608158883522
187,20.685721953837895,19.981213097155127,11.325818572195384,9.16532474503489,9.386741814278047,5.676328502415459,19.504830917874397,2.8381642512077296,0.785024154589372,0.2952227589908749,0.2885131508319914,0.06709608158883522
188,20.82662372517445,19.91411701556629,11.272141706924316,9.16532474503489,9.326355340848094,5.736714975845411,19.444444444444443,2.8381642512077296,0.8252818035426731,0.2952227589908749,0.2885131508319914,0.06709608158883522
189,20.115405260332796,19.51825013419216,10.339506172839506,13.982823403113258,9.172034353193773,5.562265163714439,17.418142780461622,2.475845410628019,0.8051529790660226,0.27509393451422437,0.2885131508319914,0.04696725711218465
190,19.93424584004294,19.35721953837896,10.735373054213634,13.493022007514762,9.91009125067096,5.797101449275362,16.834406870638755,2.4221685453569513,0.8051529790660226,0.35560923242082665,0.30864197530864196,0.04696725711218465
