,45,50,51,55,53,52,54,58,56,59,57
0,97.62479871175523,2.3752012882447664,,,,,,,,,
1,92.33091787439614,7.669082125603865,,,,,,,,,
2,92.3913043478261,7.608695652173913,,,,,,,,,
3,92.04911433172303,7.950885668276973,,,,,,,,,
4,92.04911433172303,7.950885668276973,,,,,,,,,
5,91.19699409554482,6.944444444444445,1.8585614600107354,,,,,,,,
6,91.21041331186258,5.6964573268921095,3.0931293612453032,,,,,,,,
7,90.26435856146001,6.642512077294686,3.0931293612453032,,,,,,,,
8,80.55555555555556,15.385131508319914,3.9049919484702094,0.15432098765432098,,,,,,,
9,79.21363392377886,16.6935050993022,3.8378958668813743,0.15432098765432098,0.10064412238325282,,,,,,
10,52.95222758990875,46.826355340848096,,0.15432098765432098,0.06709608158883522,,,,,,
11,52.281266774020395,47.215512614063336,,0.43612453032742887,0.06709608158883522,,,,,,
12,52.46913580246913,47.06119162640902,,0.4025764895330113,0.06709608158883522,,,,,,
13,52.65700483091788,46.71900161030596,,0.5568974771873323,0.06709608158883522,,,,,,
14,48.48362855609233,50.77831454643049,,0.6709608158883521,0.06709608158883522,,,,,,
15,48.611111111111114,50.6508319914117,,0.6709608158883521,0.06709608158883522,,,,,,
16,43.974771873322595,55.28717122920021,,0.6709608158883521,0.06709608158883522,,,,,,
17,44.00161030595813,55.12614063338701,,0.8051529790660226,0.06709608158883522,,,,,,
18,39.94900697799248,46.63177670424047,12.090713902308105,1.328502415458937,,,,,,,
19,35.909822866344605,43.09581320450886,19.82018250134192,1.1741814278046163,,,,,,,
20,33.4272678475577,40.653515834675254,24.745034889962426,1.1741814278046163,,,,,,,
21,33.17901234567901,38.71443907675792,26.932367149758456,1.1741814278046163,,,,,,,
22,32.35373054213634,39.61352657004831,26.858561460010737,1.1741814278046163,,,,,,,
23,32.367149758454104,39.398819108964034,26.31508319914117,1.1741814278046163,,0.7447665056360708,,,,,
24,32.30005367686527,39.24449812130972,25.120772946859905,1.1741814278046163,0.28180354267310787,0.7447665056360708,1.0265700483091786,0.10735373054213634,,,
25,32.51476113794954,39.110305958132045,25.0402576489533,1.1741814278046163,0.28180354267310787,0.7447665056360708,1.0265700483091786,0.10735373054213634,,,
26,31.54186795491143,37.5,26.080246913580247,1.1741814278046163,2.38191089640365,0.1878690284487386,1.0265700483091786,0.10735373054213634,,,
27,31.676060118089104,37.29200214707461,24.308910359634996,1.1741814278046163,3.7372517444981215,0.1878690284487386,1.5163714439076759,0.10735373054213634,,,
28,31.884057971014492,37.1309715512614,24.302200751476114,1.1406333870101986,3.730542136339238,0.1878690284487386,1.5163714439076759,0.10735373054213634,,,
29,32.1658615136876,36.741814278046164,24.771873322597962,1.7176596886741815,2.7308105206655933,0.1878690284487386,1.5767579173376274,0.10735373054213634,,,
30,32.19269994632314,36.741814278046164,24.771873322597962,1.7176596886741815,2.703972088030059,0.1878690284487386,1.5767579173376274,0.10735373054213634,,,
31,32.21282877079979,35.990338164251206,24.630971551261407,1.932367149758454,2.6704240472356413,0.15432098765432098,2.2342995169082127,0.10735373054213634,0.06709608158883522,,
32,32.35373054213634,35.88298443370907,24.59742351046699,1.932367149758454,2.6704240472356413,0.15432098765432098,2.2342995169082127,0.10735373054213634,0.06709608158883522,,
33,32.46779388083736,34.97047772410091,24.416264090177133,2.9253891572732154,2.6704240472356413,0.15432098765432098,2.2208803005904456,0.10735373054213634,0.06709608158883522,,
34,31.796833064949006,35.7085346215781,24.355877616747183,2.918679549114332,2.6704240472356413,0.15432098765432098,2.2208803005904456,0.10735373054213634,0.06709608158883522,,
35,31.964573268921097,35.43344068706388,24.302200751476114,2.918679549114332,2.167203435319377,0.15432098765432098,2.885131508319914,0.10735373054213634,0.06709608158883522,,
36,31.293612453032743,31.239935587761675,20.437466451959207,2.006172839506173,4.750402576489533,7.454374664519592,2.6502952227589907,0.10064412238325282,0.06709608158883522,,
37,31.48148148148148,31.146001073537306,20.39049919484702,1.9927536231884058,4.750402576489533,7.4208266237251745,2.6502952227589907,0.10064412238325282,0.06709608158883522,,
38,24.892646269457863,60.17176596886742,11.030595813204508,0.9057971014492754,2.13365539452496,,0.8655394524959742,,,,
39,25.13419216317767,59.56119162640902,11.023886205045626,1.3016639828234031,2.1135265700483092,,0.8655394524959742,,,,
40,24.54374664519592,54.468599033816425,10.943370907139023,1.2681159420289856,1.7310789049919484,6.1929683306494905,0.8521202361782072,,,,
41,24.758454106280194,54.32098765432099,10.903113258185721,1.2681159420289856,1.7310789049919484,6.166129898013956,0.8521202361782072,,,,
42,25.07380568974772,53.99892646269458,10.836017176596886,1.402308105206656,1.7310789049919484,6.119162640901771,0.8387010198604401,,,,
43,25.261674718196456,53.81105743424584,10.836017176596886,1.402308105206656,1.7310789049919484,6.119162640901771,0.8387010198604401,,,,
44,25.34219001610306,53.757380568974774,10.836017176596886,1.402308105206656,1.7310789049919484,6.092324208266238,0.8387010198604401,,,,
45,25.5703166935051,53.38164251207729,10.768921095008052,1.482823403113258,3.180354267310789,4.777241009125067,0.8387010198604401,,,,
46,23.13472893183038,52.804616210413315,14.217659688674182,1.6304347826086956,2.885131508319914,4.777241009125067,0.5501878690284487,,,,
47,23.161567364465917,49.00697799248524,14.163982823403114,3.7104133118625873,2.885131508319914,4.777241009125067,2.2946859903381642,,,,
48,23.141438539989263,47.25577026301664,14.338432635534085,5.307300053676865,2.885131508319914,4.777241009125067,2.2946859903381642,,,,
49,23.17498658078368,47.235641438539986,14.338432635534085,5.293880837359098,2.885131508319914,4.777241009125067,2.2946859903381642,,,,
50,23.369565217391305,47.074610842726784,14.31159420289855,5.287171229200215,2.885131508319914,4.777241009125067,2.2946859903381642,,,,
51,23.70504562533548,46.87332259796028,14.244498121309716,5.253623188405797,2.885131508319914,4.7638217928073,2.2745571658615136,,,,
52,23.698336017176597,46.175523349436396,13.915727321524423,5.984970477724101,3.1870638754696725,4.7638217928073,2.2745571658615136,,,,
53,23.718464841653248,46.03462157809984,13.90901771336554,5.984970477724101,3.1870638754696725,4.891304347826087,2.2745571658615136,,,,
54,23.503757380568974,44.6658615136876,15.411969940955448,5.984970477724101,3.0193236714975846,4.797369833601718,2.6167471819645733,,,,
55,23.785560923242084,44.42431561996779,15.398550724637682,5.984970477724101,3.0193236714975846,4.770531400966184,2.6167471819645733,,,,
56,24.020397208803004,44.316961889425656,15.311325818572195,5.9447128287707995,3.0193236714975846,4.770531400966184,2.6167471819645733,,,,
57,23.752012882447666,37.285292538915726,15.271068169618895,4.05931293612453,3.0193236714975846,13.996242619431026,2.6167471819645733,,,,
58,24.020397208803004,37.01690821256039,15.271068169618895,4.166666666666667,3.012614063338701,13.895598497047773,2.6167471819645733,,,,
59,24.241814278046164,36.963231347289316,15.197262479871176,4.166666666666667,2.9924852388620504,13.828502415458937,2.61003757380569,,,,
60,24.382716049382715,36.87600644122383,15.143585614600108,4.133118625872249,2.9924852388620504,13.828502415458937,2.6435856146001075,,,,
61,24.315619967793882,36.83574879227053,14.928878153515834,4.2270531400966185,2.9924852388620504,13.781535158346752,2.918679549114332,,,,
62,24.422973698336016,36.73510466988728,14.620236178207193,4.2270531400966185,2.985775630703167,13.781535158346752,2.918679549114332,,0.30864197530864196,,
63,22.926731078904993,30.314009661835748,14.566559312936125,4.052603327965647,2.046430488459474,23.040794417606012,2.7442297369833604,,0.30864197530864196,,
64,23.027375201288244,30.347557702630166,14.512882447665056,4.052603327965647,2.046430488459474,22.973698336017176,2.7308105206655933,,0.30864197530864196,,
65,16.82769726247987,64.31830381105743,14.15727321524423,1.8853998926462694,0.46296296296296297,0.13419216317767044,1.90552871712292,,0.30864197530864196,,
66,17.102791196994094,64.08346752549652,14.13714439076758,1.865271068169619,0.46296296296296297,0.13419216317767044,1.90552871712292,,0.30864197530864196,,
67,17.270531400966185,63.61379495437466,14.11701556629093,2.187332259796028,0.46296296296296297,0.13419216317767044,1.90552871712292,,0.30864197530864196,,
68,17.57246376811594,63.37224906065486,14.096886741814279,2.147074610842727,0.46296296296296297,0.13419216317767044,1.90552871712292,,0.30864197530864196,,
69,17.8743961352657,61.64787976382179,14.070048309178745,3.5963499731615673,0.46296296296296297,0.13419216317767044,1.90552871712292,,0.30864197530864196,,
70,17.934782608695652,61.35265700483092,14.009661835748792,3.7037037037037037,0.6508319914117016,0.13419216317767044,1.90552871712292,,0.30864197530864196,,
71,18.209876543209877,61.14465915190553,13.942565754159958,3.7037037037037037,0.6508319914117016,0.13419216317767044,1.90552871712292,,0.30864197530864196,,
72,18.370907139023082,59.574610842726784,13.935856146001074,5.119431025228127,0.6508319914117016,0.13419216317767044,1.90552871712292,,0.30864197530864196,,
73,13.774825550187868,54.77724100912507,22.75228126677402,6.045356951154052,0.43612453032742887,,1.90552871712292,,0.30864197530864196,,
74,13.83521202361782,54.71685453569511,22.75228126677402,6.045356951154052,0.43612453032742887,,1.90552871712292,,0.30864197530864196,,
75,13.902308105206655,50.76489533011272,22.75228126677402,5.917874396135265,0.43612453032742887,,5.917874396135265,,0.30864197530864196,,
76,14.130434782608695,49.81884057971015,22.168545356951153,6.4412238325281805,1.221148684916801,,5.911164787976382,,0.30864197530864196,,
77,14.338432635534085,49.36929683306495,21.141975308641975,6.736446591519055,1.221148684916801,,5.911164787976382,,1.2815351583467525,,
78,14.418947933440688,49.36929683306495,21.135265700483092,6.716317767042405,1.221148684916801,,5.857487922705314,,1.2815351583467525,,
79,14.640365002683843,49.00697799248524,21.054750402576488,6.944444444444445,1.221148684916801,,5.850778314546431,,1.2815351583467525,,
80,13.519860440150294,50.214707461084274,20.967525496511005,6.944444444444445,1.221148684916801,,5.850778314546431,,1.2815351583467525,,
81,13.58695652173913,49.69806763285024,20.954106280193237,7.407407407407407,1.221148684916801,,5.850778314546431,,1.2815351583467525,,
82,13.7211486849168,48.107890499194845,20.598497047772412,9.272678475577026,1.1943102522812667,,5.8239398819108965,,1.2815351583467525,,
83,13.935856146001074,47.87305421363392,20.43075684380032,9.245840042941492,1.1943102522812667,,5.8172302737520125,,1.5029522275899088,,
84,14.13714439076758,47.20209339774557,20.323403113258184,9.836285560923242,1.1943102522812667,,5.803811057434245,,1.5029522275899088,,
85,14.076757917337627,46.85319377348363,20.759527643585614,9.695383789586689,1.1943102522812667,,5.917874396135265,,1.5029522275899088,,
86,14.439076757917338,46.4170692431562,20.625335480407944,10.030864197530864,1.1876006441223832,,5.797101449275362,,1.5029522275899088,,
87,14.65378421900161,46.141975308641975,20.249597423510465,10.0979602791197,1.1473429951690821,,5.984970477724101,,1.724369296833065,,
88,14.928878153515834,46.02791196994095,20.101986044015028,10.084541062801932,1.1473429951690821,,5.984970477724101,,1.724369296833065,,
89,15.237520128824476,45.86688137412775,20.075147611379496,10.084541062801932,1.1473429951690821,,5.891035963499732,,1.6975308641975309,,
90,15.559581320450885,45.74610842726785,20.055018786902846,9.930220075147611,1.1473429951690821,,5.884326355340848,,1.6774020397208802,,
91,15.707192699946322,45.67230273752013,20.014761137949545,9.91009125067096,1.1473429951690821,,5.870907139023081,,1.6774020397208802,,
92,16.069511540526033,45.49785292538916,19.90740740740741,9.849704777241008,1.1473429951690821,,5.850778314546431,,1.6774020397208802,,
93,16.09634997316157,44.94095544820183,19.07541599570585,9.829575952764358,1.6774020397208802,0.7313472893183038,5.971551261406334,,1.6774020397208802,,
94,16.297638217928075,44.72624798711755,19.04186795491143,9.91009125067096,1.6774020397208802,0.7313472893183038,5.9514224369296835,,1.6639828234031133,,
95,16.33118625872249,43.994900697799245,18.853998926462694,10.836017176596886,1.6774020397208802,0.7313472893183038,5.924584004294149,,1.6505636070853462,,
96,16.59957058507783,43.853998926462694,18.82716049382716,10.735373054213634,1.6774020397208802,0.7313472893183038,5.924584004294149,,1.6505636070853462,,
97,16.720343531937736,43.75335480407944,18.813741277509394,10.72866344605475,1.6774020397208802,0.7313472893183038,5.924584004294149,,1.6505636070853462,,
98,16.78743961352657,43.70638754696726,18.531937734836287,11.003757380568974,1.6774020397208802,0.7313472893183038,5.911164787976382,,1.6505636070853462,,
99,16.99543746645196,43.323939881910896,18.47826086956522,11.131239935587761,1.7914653784219001,0.7179280730005367,5.911164787976382,,1.6505636070853462,,
100,16.861245303274288,40.72061191626409,17.941492216854535,13.157541599570585,2.1135265700483092,0.7179280730005367,6.649221685453569,,1.8384326355340848,,
101,17.143048845947398,40.552871712292,17.867686527106816,13.150831991411701,2.1135265700483092,0.7179280730005367,6.615673644659152,,1.8384326355340848,,
102,16.982018250134193,38.27831454643049,17.767042404723565,15.76086956521739,2.0799785292538915,0.7179280730005367,6.588835212023618,,1.8250134192163177,,
103,16.941760601180892,38.117283950617285,18.659420289855074,15.707192699946322,1.4559849704777241,0.7179280730005367,6.588835212023618,,1.8115942028985508,,
104,17.12962962962963,38.036768652710684,18.625872249060656,15.559581320450885,1.4559849704777241,0.7045088566827697,6.575415995705851,0.10064412238325282,1.8115942028985508,,
105,17.297369833601717,37.92270531400966,18.585614600107355,15.559581320450885,1.4559849704777241,0.7045088566827697,6.561996779388084,0.10064412238325282,1.8115942028985508,,
106,15.197262479871176,44.57192699946323,15.197262479871176,15.539452495974235,1.3486312399355878,0.7045088566827697,6.561996779388084,0.10064412238325282,0.7783145464304885,,
107,15.210681696188942,44.33038110574343,15.163714439076758,15.814546430488459,1.3352120236178207,0.7045088566827697,6.561996779388084,0.10064412238325282,0.7783145464304885,,
108,15.599838969404187,44.115673644659154,15.096618357487923,15.754159957058508,1.3352120236178207,0.7045088566827697,6.515029522275899,0.10064412238325282,0.7783145464304885,,
109,15.519323671497585,43.55877616747182,14.922168545356952,16.659957058507782,1.3352120236178207,0.7045088566827697,6.515029522275899,0.10064412238325282,0.6843800322061192,,
110,15.713902308105206,43.37090713902308,14.888620504562533,16.445249597423512,1.3352120236178207,0.7045088566827697,6.5485775630703165,0.10064412238325282,0.6843800322061192,0.20799785292538917,
111,15.868223295759528,43.283682232957595,14.848362855609233,16.418411164787976,1.3352120236178207,0.7045088566827697,6.5485775630703165,0.10064412238325282,0.6843800322061192,0.20799785292538917,
112,16.015834675254965,42.88781535158347,14.801395598497047,16.391572732152444,1.3352120236178207,0.7045088566827697,6.461352657004831,0.10064412238325282,1.0064412238325282,0.20799785292538917,0.08722490606548577
113,16.163446054750402,42.78717122920021,14.801395598497047,16.384863123993558,1.3352120236178207,0.7045088566827697,6.421095008051529,0.10064412238325282,1.0064412238325282,0.20799785292538917,0.08722490606548577
114,16.344605475040257,42.210144927536234,14.65378421900161,15.24422973698336,2.952227589908749,0.6977992485238862,6.360708534621578,0.10064412238325282,1.0064412238325282,0.20799785292538917,0.2214170692431562
115,16.049382716049383,41.53918411164788,13.43263553408481,15.08990874932904,2.952227589908749,3.1602254428341383,6.239935587761675,0.10064412238325282,1.0064412238325282,0.20799785292538917,0.2214170692431562
116,15.70048309178744,39.74771873322598,13.674181427804616,14.318303811057435,2.952227589908749,3.1602254428341383,8.910359634997317,0.10064412238325282,1.0064412238325282,0.20799785292538917,0.2214170692431562
117,15.861513687600644,39.66720343531938,13.674181427804616,14.264626945786366,2.952227589908749,3.1602254428341383,8.883521202361782,0.10064412238325282,1.0064412238325282,0.20799785292538917,0.2214170692431562
118,16.243961352657006,39.34514224369297,13.647342995169081,14.13714439076758,3.113258185721954,3.1602254428341383,8.816425120772946,0.10064412238325282,1.0064412238325282,0.20799785292538917,0.2214170692431562
119,16.391572732152444,39.24449812130972,13.607085346215781,14.130434782608695,3.113258185721954,3.1602254428341383,8.816425120772946,0.10064412238325282,1.0064412238325282,0.20799785292538917,0.2214170692431562
120,16.51905528717123,38.29173376274826,13.600375738056897,15.002683843263553,3.0931293612453032,3.1602254428341383,8.796296296296296,0.10064412238325282,1.0064412238325282,0.20799785292538917,0.2214170692431562
121,16.659957058507782,37.27858293075684,13.519860440150294,16.384863123993558,3.0931293612453032,3.1602254428341383,8.655394524959743,0.10064412238325282,0.7447665056360708,0.20799785292538917,0.19457863660762212
122,16.780730005367687,37.17793880837359,13.499731615673644,16.384863123993558,3.0931293612453032,3.1602254428341383,8.655394524959743,0.10064412238325282,0.7447665056360708,0.20799785292538917,0.19457863660762212
123,16.606280193236714,34.82286634460547,13.45276435856146,19.316961889425656,3.0931293612453032,3.1468062265163717,8.313204508856682,0.10064412238325282,0.7447665056360708,0.20799785292538917,0.19457863660762212
124,16.17686527106817,35.39989264626946,13.378958668813741,19.269994632313473,3.079710144927536,3.1468062265163717,8.299785292538916,0.10064412238325282,0.7447665056360708,0.20799785292538917,0.19457863660762212
125,15.83467525496511,34.44041867954911,13.459473966720344,20.538110574342458,3.0595813204508855,3.1468062265163717,8.272946859903382,0.10064412238325282,0.7447665056360708,0.20799785292538917,0.19457863660762212
126,16.009125067096083,34.31964573268921,13.446054750402576,20.52469135802469,3.0327428878153517,3.1468062265163717,8.272946859903382,0.10064412238325282,0.7447665056360708,0.20799785292538917,0.19457863660762212
127,16.170155662909288,34.292807300053674,13.446054750402576,20.46430488459474,3.1535158346752548,3.012614063338701,8.21256038647343,0.10064412238325282,0.7447665056360708,0.20799785292538917,0.19457863660762212
128,16.25067096081589,34.0378421900161,13.446054750402576,20.2361782071927,3.3145464304884595,3.012614063338701,8.454106280193237,0.10064412238325282,0.7447665056360708,0.20799785292538917,0.19457863660762212
129,16.505636070853463,33.883521202361784,13.291733762748256,20.21604938271605,3.307836822329576,3.012614063338701,8.420558239398819,0.10064412238325282,0.8588298443370908,0.20799785292538917,0.19457863660762212
130,16.566022544283413,33.762748255501876,13.264895330112722,19.766505636070853,3.92512077294686,3.012614063338701,8.340042941492216,0.10064412238325282,0.8588298443370908,0.20799785292538917,0.19457863660762212
131,16.465378421900162,33.73590982286635,13.264895330112722,19.766505636070853,3.92512077294686,3.012614063338701,7.809983896940419,0.10064412238325282,0.8588298443370908,0.20799785292538917,0.8521202361782072
132,16.0426731078905,33.12533548040794,12.070585077831455,19.142512077294686,5.844068706387547,2.952227589908749,8.816425120772946,0.10064412238325282,0.8454106280193237,0.20799785292538917,0.8521202361782072
133,16.129898013955984,32.9374664519592,12.198067632850242,19.129092860976918,5.844068706387547,2.952227589908749,8.80300590445518,0.10064412238325282,0.8454106280193237,0.20799785292538917,0.8521202361782072
134,16.304347826086957,32.87707997852925,12.164519592055823,19.202898550724637,5.723295759527644,2.952227589908749,8.769457863660762,0.10064412238325282,0.8454106280193237,0.20799785292538917,0.8521202361782072
135,16.49892646269458,32.79656468062265,12.130971551261407,19.155931293612454,5.71658615136876,2.9253891572732154,8.769457863660762,0.10064412238325282,0.8454106280193237,0.20799785292538917,0.8521202361782072
136,16.57944176060118,32.25979602791197,12.050456253354804,19.746376811594203,5.515297906602254,2.898550724637681,8.702361782071927,0.3421900161030596,0.8454106280193237,0.20799785292538917,0.8521202361782072
137,16.6935050993022,32.11218464841653,12.04374664519592,19.64573268921095,5.589103596349974,2.898550724637681,8.21256038647343,0.3421900161030596,1.442565754159957,0.20799785292538917,0.8118625872249061
138,15.250939345142244,32.058507783145465,8.004562533548041,19.350509930220074,5.522007514761138,8.501073537305421,8.507783145464305,0.3421900161030596,1.442565754159957,0.20799785292538917,0.8118625872249061
139,15.33816425120773,32.03166935050993,7.997852925389157,19.32367149758454,5.508588298443371,8.487654320987655,8.507783145464305,0.3421900161030596,1.442565754159957,0.20799785292538917,0.8118625872249061
140,15.633387010198604,31.93773483628556,7.977724100912507,19.276704240472355,5.495169082125604,8.454106280193237,8.433977455716587,0.3421900161030596,1.42914653784219,0.20799785292538917,0.8118625872249061
141,15.787707997852925,31.682769726247987,7.977724100912507,19.41760601180891,5.481749865807837,8.454106280193237,8.407139023081053,0.3421900161030596,1.42914653784219,0.20799785292538917,0.8118625872249061
142,15.96886741814278,31.64922168545357,7.971014492753623,19.33709071390231,5.4549114331723025,8.454106280193237,8.387010198604402,0.3421900161030596,1.42914653784219,0.20799785292538917,0.798443370907139
143,16.42512077294686,31.199677938808374,7.971014492753623,18.988191089640367,5.4549114331723025,8.387010198604402,8.796296296296296,0.3421900161030596,1.42914653784219,0.20799785292538917,0.798443370907139
144,16.74718196457327,31.112453032742888,7.937466451959206,18.86070853462158,5.428073000536768,8.387010198604402,8.769457863660762,0.33548040794417605,1.415727321524423,0.20799785292538917,0.798443370907139
145,17.03569511540526,31.03864734299517,7.897208803005904,18.820450885668276,5.374396135265701,8.3467525496511,8.729200214707461,0.33548040794417605,1.415727321524423,0.20799785292538917,0.798443370907139
146,17.16988727858293,30.776972624798713,7.830112721417069,18.78690284487386,5.676328502415459,8.3467525496511,8.722490606548577,0.33548040794417605,1.3486312399355878,0.20799785292538917,0.798443370907139
147,17.37788513150832,30.709876543209877,7.830112721417069,18.726516371443907,5.676328502415459,8.3064949006978,8.682232957595277,0.33548040794417605,1.3486312399355878,0.20799785292538917,0.798443370907139
148,17.498658078368223,30.58239398819109,7.917337627482555,18.65271068169619,5.676328502415459,8.3064949006978,8.675523349436393,0.33548040794417605,1.3486312399355878,0.20799785292538917,0.798443370907139
149,17.632850241545892,30.327428878153516,7.85024154589372,18.947933440687063,5.609232420826624,8.299785292538916,8.648684916800859,0.33548040794417605,1.3486312399355878,0.20799785292538917,0.7917337627482555
150,17.216854535695116,29.73027375201288,6.407675791733762,18.67283950617284,5.555555555555555,11.3191089640365,8.568169618894256,0.33548040794417605,1.1943102522812667,0.20799785292538917,0.7917337627482555
151,17.317498658078367,29.663177670424048,5.8239398819108965,19.28341384863124,5.555555555555555,10.836017176596886,8.514492753623188,0.33548040794417605,1.1943102522812667,0.20799785292538917,1.2681159420289856
152,17.505367686527105,29.61621041331186,5.797101449275362,19.243156199677937,5.528717122920021,10.815888352120236,8.514492753623188,0.33548040794417605,1.1943102522812667,0.20799785292538917,1.2412775093934514
153,17.62614063338701,29.488727858293075,5.911164787976382,19.216317767042405,5.475040257648954,10.809178743961352,8.494363929146537,0.33548040794417605,1.1943102522812667,0.20799785292538917,1.2412775093934514
154,18.00187869028449,29.408212560386474,5.911164787976382,19.0150295222759,5.441492216854535,10.789049919484702,8.474235104669887,0.33548040794417605,1.1741814278046163,0.20799785292538917,1.2412775093934514
155,18.095813204508858,29.300858829844337,5.911164787976382,18.94122383252818,5.441492216854535,10.789049919484702,8.3467525496511,0.33548040794417605,1.3888888888888888,0.20799785292538917,1.2412775093934514
156,18.209876543209877,29.260601180891037,5.897745571658615,18.914385399892645,5.428073000536768,10.789049919484702,8.3467525496511,0.33548040794417605,1.3888888888888888,0.20799785292538917,1.221148684916801
157,18.276972624798713,29.07944176060118,5.884326355340848,18.61916264090177,5.3274288781535155,10.762211486849168,8.856682769726248,0.2683843263553409,1.3888888888888888,0.3153515834675255,1.221148684916801
158,18.431293612453032,29.012345679012345,5.864197530864198,18.612453032742888,5.488459473966721,10.735373054213634,8.82313472893183,0.2683843263553409,1.3888888888888888,0.3153515834675255,1.0601180891035964
159,18.719806763285025,28.884863123993558,5.810520665593129,18.699677938808374,5.488459473966721,10.648148148148149,8.80300590445518,0.2683843263553409,1.3016639828234031,0.3153515834675255,1.0601180891035964
160,18.968062265163713,28.73725174449812,5.783682232957595,18.61916264090177,5.46833064949007,10.607890499194847,8.76274825550188,0.2683843263553409,1.4358561460010735,0.3153515834675255,1.0332796564680622
161,19.162640901771336,28.690284487385938,5.8239398819108965,18.57890499194847,5.46833064949007,10.46027911969941,8.76274825550188,0.2683843263553409,1.4358561460010735,0.3153515834675255,1.0332796564680622
162,19.35721953837896,28.59634997316157,5.736714975845411,18.572195383789587,5.421363392377885,10.520665593129362,8.742619431025227,0.2683843263553409,1.4358561460010735,0.3153515834675255,1.0332796564680622
163,19.558507783145465,28.207192699946322,5.730005367686527,18.867418142780462,5.401234567901234,10.466988727858293,8.722490606548577,0.2616747181964573,1.4358561460010735,0.3153515834675255,1.0332796564680622
164,19.652442297369834,27.999194847020934,5.723295759527644,19.07541599570585,5.381105743424584,10.413311862587225,8.709071390230811,0.2616747181964573,1.4358561460010735,0.3153515834675255,1.0332796564680622
165,19.83360171765969,27.87842190016103,5.71658615136876,19.028448738593667,5.381105743424584,10.413311862587225,8.702361782071927,0.2616747181964573,1.4358561460010735,0.3153515834675255,1.0332796564680622
166,19.847020933977454,27.871712292002147,5.709876543209877,18.98148148148148,5.381105743424584,10.413311862587225,8.648684916800859,0.3757380568974772,1.4224369296833066,0.3153515834675255,1.0332796564680622
167,19.98792270531401,27.677133655394524,5.709876543209877,18.800322061191626,5.314009661835748,10.38647342995169,9.064680622651638,0.2885131508319914,1.4224369296833066,0.3153515834675255,1.0332796564680622
168,20.229468599033815,27.583199141170155,5.689747718733226,18.69296833064949,5.273752012882448,10.352925389157273,9.03113258185722,0.3757380568974772,1.4224369296833066,0.3153515834675255,1.0332796564680622
169,20.30998389694042,27.549651100375737,5.689747718733226,18.666129898013956,5.273752012882448,10.352925389157273,9.017713365539452,0.36902844873859364,1.4224369296833066,0.3153515834675255,1.0332796564680622
170,20.42404723564144,27.482555018786904,5.676328502415459,18.666129898013956,5.273752012882448,10.339506172839506,8.997584541062801,0.36902844873859364,1.4224369296833066,0.3153515834675255,1.0332796564680622
171,20.558239398819108,27.4020397208803,5.562265163714439,18.766774020397207,5.273752012882448,10.326086956521738,8.997584541062801,0.3421900161030596,1.4224369296833066,0.3153515834675255,1.0332796564680622
172,20.7662372517445,27.254428341384862,5.548845947396672,18.733225979602793,5.273752012882448,10.312667740203972,8.997584541062801,0.3421900161030596,1.4224369296833066,0.3153515834675255,1.0332796564680622
173,20.511272141706925,26.778046162104133,5.548845947396672,17.317498658078367,5.267042404723564,10.285829307568438,11.178207192699947,0.3421900161030596,1.4224369296833066,0.3153515834675255,1.0332796564680622
174,20.82662372517445,26.724369296833064,5.508588298443371,17.3040794417606,5.267042404723564,10.245571658615138,11.16478797638218,0.3421900161030596,1.288244766505636,0.3153515834675255,1.0131508319914118
175,20.96081588835212,26.684111647879764,5.508588298443371,17.3040794417606,5.24020397208803,10.037573805689748,11.003757380568974,0.3421900161030596,1.5901771336553945,0.3153515834675255,1.0131508319914118
176,21.175523349436393,26.623725174449813,5.374396135265701,17.062533548040793,5.2066559312936125,9.96376811594203,11.037305421363392,0.3421900161030596,1.570048309178744,0.6508319914117016,0.9930220075147611
177,21.316425120772948,26.603596349973163,5.374396135265701,17.028985507246375,5.2066559312936125,9.936929683306495,10.923242082662373,0.3421900161030596,1.892109500805153,0.6508319914117016,0.7246376811594203
178,21.32313472893183,26.496242619431026,5.374396135265701,16.639828234031132,5.2066559312936125,10.030864197530864,11.292270531400966,0.3421900161030596,1.8317230273752012,0.6508319914117016,0.8118625872249061
179,21.450617283950617,26.44927536231884,5.374396135265701,16.606280193236714,5.2066559312936125,10.017444981213098,11.258722490606548,0.3421900161030596,1.8317230273752012,0.6508319914117016,0.8118625872249061
180,21.423778851315085,26.093666129898015,5.374396135265701,16.99543746645196,5.2066559312936125,10.010735373054214,11.258722490606548,0.3421900161030596,1.8317230273752012,0.6508319914117016,0.8118625872249061
181,21.886741814278047,25.939345142243692,5.260332796564681,17.57246376811594,5.186527106816962,9.856414385399892,10.661567364465915,0.3421900161030596,1.8317230273752012,0.6508319914117016,0.8118625872249061
182,22.000805152979066,25.89908749329039,5.260332796564681,17.54562533548041,5.186527106816962,9.749060654857756,10.648148148148149,0.3421900161030596,1.8048845947396672,0.6508319914117016,0.9125067096081588
183,22.17525496511004,25.885668276972623,5.260332796564681,17.47181964573269,5.186527106816962,9.66183574879227,10.648148148148149,0.3421900161030596,1.8048845947396672,0.6508319914117016,0.9125067096081588
184,22.33628556092324,25.845410628019323,5.246913580246914,17.444981213097154,5.146269457863661,9.64170692431562,10.628019323671497,0.3421900161030596,1.8048845947396672,0.6508319914117016,0.9125067096081588
185,22.463768115942027,25.77831454643049,5.226784755770263,17.444981213097154,5.132850241545894,9.64170692431562,10.601180891035963,0.3421900161030596,1.8048845947396672,0.6508319914117016,0.9125067096081588
186,22.27589908749329,25.449543746645197,5.179817498658078,17.444981213097154,5.743424584004294,9.594739667203436,10.601180891035963,0.3421900161030596,1.8048845947396672,0.6508319914117016,0.9125067096081588
187,22.208803005904453,24.90606548577563,5.394524959742351,17.330917874396135,6.3137412775093935,9.54777241009125,10.587761674718196,0.3421900161030596,1.8048845947396672,0.6508319914117016,0.9125067096081588
188,22.57783145464305,24.798711755233494,5.394524959742351,17.310789049919485,6.273483628556092,9.520933977455716,10.547504025764896,0.3421900161030596,1.710950080515298,0.6105743424584005,0.9125067096081588
189,22.84621578099839,24.738325281803544,5.387815351583468,17.257112184648417,6.166129898013956,9.359903381642512,10.507246376811594,0.3421900161030596,1.710950080515298,0.6105743424584005,1.0735373054213635
190,22.665056360708533,24.194847020933977,5.387815351583468,17.022275899087493,6.166129898013956,9.29951690821256,11.52710681696189,0.3421900161030596,1.710950080515298,0.6105743424584005,1.0735373054213635
191,22.7187332259796,24.08078368223296,5.360976918947934,17.11621041331186,6.159420289855072,9.29951690821256,11.52710681696189,0.3421900161030596,1.710950080515298,0.6105743424584005,1.0735373054213635
192,22.785829307568438,23.960010735373054,5.360976918947934,16.874664519592056,6.159420289855072,9.29951690821256,11.83574879227053,0.3421900161030596,1.710950080515298,0.6105743424584005,1.0601180891035964
193,22.899892646269457,23.886205045625335,5.35426731078905,16.847826086956523,6.152710681696189,9.29951690821256,11.83574879227053,0.3421900161030596,1.710950080515298,0.6105743424584005,1.0601180891035964
194,20.739398819108963,20.175791733762747,4.931561996779388,15.116747181964573,14.53972088030059,8.896940418679549,11.178207192699947,0.630703166935051,2.13365539452496,0.6105743424584005,1.0466988727858293
195,20.893719806763286,20.108695652173914,4.931561996779388,15.083199141170155,14.53972088030059,8.896940418679549,11.151368760064413,0.6038647342995169,2.13365539452496,0.6105743424584005,1.0466988727858293
196,21.007783145464305,20.04830917874396,4.441760601180891,14.97584541062802,15.230810520665592,8.896940418679549,11.023886205045626,0.6038647342995169,2.13365539452496,0.5904455179817498,1.0466988727858293
197,21.128556092324207,20.02818035426731,4.441760601180891,14.928878153515834,15.203972088030058,8.883521202361782,11.017176596886742,0.6038647342995169,2.1269457863660763,0.5904455179817498,1.0466988727858293
198,21.43719806763285,19.97450348899624,4.441760601180891,14.88191089640365,15.116747181964573,8.816425120772946,10.990338164251208,0.6038647342995169,2.1269457863660763,0.5636070853462157,1.0466988727858293
199,21.450617283950617,19.578636607622116,4.435050993022007,14.794685990338165,15.45222758990875,8.769457863660762,11.18491680085883,0.5971551261406334,2.1269457863660763,0.5636070853462157,1.0466988727858293
200,21.638486312399355,19.424315619967793,4.435050993022007,14.88191089640365,15.398550724637682,8.715780998389693,11.171497584541063,0.5971551261406334,2.1269457863660763,0.5636070853462157,1.0466988727858293
201,21.72571121846484,19.410896403650028,4.408212560386473,14.855072463768115,15.526033279656469,8.715780998389693,10.896403650026839,0.7246376811594203,2.1269457863660763,0.5636070853462157,1.0466988727858293
202,21.732420826623724,19.390767579173378,4.408212560386473,14.74771873322598,15.519323671497585,8.581588835212024,10.869565217391305,0.7179280730005367,2.4490069779924855,0.5636070853462157,1.0198604401502953
203,21.866612989801396,19.370638754696724,4.408212560386473,14.714170692431562,15.5126140633387,8.548040794417606,10.849436392914654,0.7179280730005367,2.4490069779924855,0.5434782608695652,1.0198604401502953
204,21.994095544820183,19.350509930220074,4.408212560386473,14.687332259796028,15.391841116478798,8.776167471819646,10.674986580783683,0.7179280730005367,2.4490069779924855,0.5367686527106817,1.0131508319914118
205,22.04777241009125,19.33709071390231,4.408212560386473,14.687332259796028,15.391841116478798,8.769457863660762,10.641438539989265,0.7179280730005367,2.4490069779924855,0.5367686527106817,1.0131508319914118
206,22.148416532474503,19.290123456790123,4.408212560386473,14.452495974235104,15.351583467525497,8.769457863660762,10.607890499194847,0.7179280730005367,2.7308105206655933,0.5099302200751477,1.0131508319914118
207,22.228931830381107,19.26328502415459,4.408212560386473,14.445786366076222,15.324745034889963,8.749329039184111,10.607890499194847,0.7179280730005367,2.7308105206655933,0.5099302200751477,1.0131508319914118
208,22.020933977455716,19.068706387546968,4.159957058507783,14.506172839506172,15.076489533011273,9.822866344605474,10.527375201288244,0.8923778851315083,2.4691358024691357,0.5099302200751477,0.9460547504025765
209,22.25577026301664,19.008319914117017,4.139828234031133,14.49946323134729,15.042941492216855,9.722222222222221,10.527375201288244,0.8923778851315083,2.4557165861513686,0.5099302200751477,0.9460547504025765
210,22.430220075147613,18.947933440687063,4.133118625872249,14.445786366076222,15.029522275899087,9.722222222222221,10.487117552334944,0.8923778851315083,2.4557165861513686,0.5099302200751477,0.9460547504025765
211,22.73886205045625,18.92109500805153,4.133118625872249,14.445786366076222,14.935587761674718,9.621578099838969,10.399892646269459,0.8923778851315083,2.4557165861513686,0.5099302200751477,0.9460547504025765
212,22.893183038110575,18.914385399892645,4.119699409554482,14.36527106816962,14.848362855609233,9.621578099838969,10.433440687063875,0.8923778851315083,2.4557165861513686,0.5099302200751477,0.9460547504025765
213,22.946859903381643,18.800322061191626,4.0995705850778315,14.217659688674182,14.814814814814815,9.460547504025765,10.701825013419215,0.9393451422436929,2.6301663982823404,0.4428341384863124,0.9460547504025765
214,23.11460010735373,18.766774020397207,4.092860976918948,13.687600644122384,14.714170692431562,9.896672034353195,10.701825013419215,0.9393451422436929,2.6972624798711755,0.4428341384863124,0.9460547504025765
215,23.349436392914654,18.71309715512614,4.072732152442297,13.667471819645733,14.647074610842727,9.863123993558776,10.701825013419215,0.9326355340848095,2.6972624798711755,0.4092860976918948,0.9460547504025765
216,23.34272678475577,19.176060118089104,4.019055287171229,13.580246913580247,14.40552871712292,9.863123993558776,10.628019323671497,0.9326355340848095,2.6972624798711755,0.4092860976918948,0.9460547504025765
217,23.423242082662373,19.14922168545357,4.052603327965647,13.580246913580247,14.40552871712292,9.863123993558776,10.567632850241546,0.9326355340848095,2.6704240472356413,0.4092860976918948,0.9460547504025765
218,23.62453032742888,19.142512077294686,4.052603327965647,13.519860440150294,14.358561460010735,9.816156736446592,10.567632850241546,0.9326355340848095,2.6301663982823404,0.4092860976918948,0.9460547504025765
219,23.49704777241009,18.71309715512614,4.032474503488996,13.479602791196994,14.231078904991948,9.782608695652174,11.265432098765432,0.9326355340848095,2.6301663982823404,0.48980139559849706,0.9460547504025765
220,23.597691894793343,18.67283950617284,4.032474503488996,13.47289318303811,14.217659688674182,9.749060654857756,11.258722490606548,0.9326355340848095,2.6301663982823404,0.48980139559849706,0.9460547504025765
221,23.544015029522274,18.08239398819109,4.025764895330113,14.210950080515298,14.204240472356414,9.749060654857756,11.18491680085883,0.9326355340848095,2.6301663982823404,0.48980139559849706,0.9460547504025765
222,23.678207192699947,18.02871712292002,4.025764895330113,14.210950080515298,14.170692431561998,9.749060654857756,11.144659151905529,0.9326355340848095,2.6301663982823404,0.4830917874396135,0.9460547504025765
223,23.53059581320451,18.02871712292002,4.804079441760601,14.184111647879764,14.11701556629093,9.232420826623725,11.11111111111111,0.9326355340848095,2.6301663982823404,0.4830917874396135,0.9460547504025765
224,23.58427267847558,17.907944176060116,4.804079441760601,14.284755770263017,14.11701556629093,9.198872785829307,11.11111111111111,0.9326355340848095,2.6301663982823404,0.4830917874396135,0.9460547504025765
225,23.369565217391305,17.881105743424584,4.790660225442834,14.056629092860977,14.97584541062802,8.729200214707461,11.084272678475577,0.9326355340848095,2.6301663982823404,0.4830917874396135,1.06682769726248
226,23.60440150295223,17.827428878153516,4.757112184648417,14.049919484702093,14.928878153515834,8.709071390230811,11.010466988727858,0.9326355340848095,2.6301663982823404,0.4830917874396135,1.06682769726248
227,23.577563070316693,17.659688674181428,4.757112184648417,13.821792807300053,15.546162104133119,8.709071390230811,10.876274825550189,0.9192163177670424,2.6301663982823404,0.4830917874396135,1.0198604401502953
228,23.899624261943103,17.52549651100376,4.757112184648417,13.727858293075684,15.183843263553408,8.682232957595277,10.86285560923242,0.9192163177670424,2.6301663982823404,0.4830917874396135,1.328502415458937
229,24.134460547504027,17.458400429414922,4.730273752012883,13.687600644122384,15.096618357487923,8.682232957595277,10.849436392914654,0.9192163177670424,2.6301663982823404,0.4830917874396135,1.328502415458937
230,24.235104669887278,17.458400429414922,4.730273752012883,13.6808910359635,15.029522275899087,8.668813741277509,10.836017176596886,0.9192163177670424,2.6301663982823404,0.4830917874396135,1.328502415458937
