,45,50,53,52,55,51,56,54,57
0,100.0,,,,,,,,
1,85.07783145464305,14.922168545356952,,,,,,,
2,84.25925925925925,15.74074074074074,,,,,,,
3,84.25925925925925,15.74074074074074,,,,,,,
4,82.85024154589372,17.14975845410628,,,,,,,
5,82.19940955448202,17.800590445517983,,,,,,,
6,75.30193236714976,24.698067632850243,,,,,,,
7,69.86044015029522,29.683306494900698,0.4562533548040794,,,,,,
8,63.70101986044015,35.84272678475577,0.4562533548040794,,,,,,
9,63.848631239935585,35.69511540526033,0.4562533548040794,,,,,,
10,54.81749865807837,44.72624798711755,0.4562533548040794,,,,,,
11,54.54240472356415,42.981749865807835,2.475845410628019,,,,,,
12,54.6833064949007,42.250402576489535,1.2010198604401503,1.865271068169619,,,,,
13,54.71685453569511,42.21685453569511,1.2010198604401503,1.865271068169619,,,,,
14,53.84460547504026,43.08910359634997,1.2010198604401503,1.865271068169619,,,,,
15,51.12050456253355,46.91358024691358,1.0802469135802468,0.6709608158883521,0.2147074610842727,,,,
16,47.88647342995169,50.14761137949544,1.0802469135802468,0.6709608158883521,0.2147074610842727,,,,
17,47.89989264626946,50.13419216317767,1.0802469135802468,0.6709608158883521,0.2147074610842727,,,,
18,44.42431561996779,53.60976918947934,1.0802469135802468,0.6709608158883521,0.2147074610842727,,,,
19,41.59286097691895,48.03408480944713,0.8387010198604401,3.3682232957595275,0.2147074610842727,5.9514224369296835,,,
20,41.79414922168545,47.96027911969941,0.8387010198604401,3.3682232957595275,0.2147074610842727,5.8239398819108965,,,
21,41.93505099302201,47.82608695652174,0.8387010198604401,3.2541599570585076,0.2147074610842727,5.8172302737520125,0.11406333870101985,,
22,41.6129898013956,47.57112184648417,0.8387010198604401,3.2541599570585076,0.2147074610842727,6.394256575415996,0.11406333870101985,,
23,41.659957058507786,47.52415458937198,0.8387010198604401,3.2541599570585076,0.2147074610842727,6.394256575415996,0.11406333870101985,,
24,41.84111647879764,47.376543209876544,0.8387010198604401,3.2541599570585076,0.2147074610842727,6.360708534621578,0.11406333870101985,,
25,40.57300053676865,42.901234567901234,3.965378421900161,3.1870638754696725,0.2147074610842727,9.044551798174986,0.11406333870101985,,
26,40.61325818572195,42.76704240472356,3.965378421900161,3.1870638754696725,0.4227053140096618,8.930488459473967,0.11406333870101985,,
27,40.687063875469676,42.7536231884058,3.965378421900161,3.1736446591519054,0.4227053140096618,8.883521202361782,0.11406333870101985,,
28,40.86822329575953,42.572463768115945,3.965378421900161,3.1736446591519054,0.4227053140096618,8.883521202361782,0.11406333870101985,,
29,40.94873859366613,40.92190016103059,5.60252281266774,3.1468062265163717,0.4227053140096618,8.84326355340848,0.11406333870101985,,
30,40.98228663446055,40.66022544283414,5.897745571658615,3.1199677938808374,0.4227053140096618,8.80300590445518,0.11406333870101985,,
31,41.035963499731615,40.64009661835749,5.864197530864198,3.1199677938808374,0.4227053140096618,8.80300590445518,0.11406333870101985,,
32,38.74127750939345,39.31159420289855,5.790391841116479,10.63472893183038,0.4227053140096618,4.985238862050457,0.11406333870101985,,
33,38.801663982823406,38.969404186795494,5.790391841116479,10.63472893183038,0.7246376811594203,4.9651100375738055,0.11406333870101985,,
34,38.88217928073001,38.92914653784219,5.790391841116479,10.59447128287708,0.7246376811594203,4.9651100375738055,0.11406333870101985,,
35,39.2512077294686,37.5805152979066,5.629361245303274,10.373054213633925,0.7246376811594203,5.233494363929147,0.2616747181964573,0.9460547504025765,
36,38.969404186795494,35.46027911969941,5.609232420826624,12.305421363392378,0.7246376811594203,5.723295759527644,0.2616747181964573,0.9460547504025765,
37,34.90338164251208,40.94202898550725,5.609232420826624,12.29200214707461,0.7246376811594203,5.24020397208803,0.2616747181964573,0.026838432635534086,
38,33.782877079978526,39.61352657004831,5.609232420826624,12.245034889962426,0.6105743424584005,7.85024154589372,0.2616747181964573,0.026838432635534086,
39,33.97745571658615,39.512882447665056,5.609232420826624,12.218196457326892,0.6105743424584005,7.7831454643048845,0.2616747181964573,0.026838432635534086,
40,27.549651100375737,49.35587761674718,5.609232420826624,9.480676328502415,0.6105743424584005,7.105475040257649,0.2616747181964573,0.026838432635534086,
41,27.677133655394524,49.23510466988728,5.60252281266774,9.480676328502415,0.6105743424584005,7.105475040257649,0.2616747181964573,0.026838432635534086,
42,27.710681696188942,48.43666129898014,5.4616210413311865,9.480676328502415,1.5163714439076759,7.105475040257649,0.2616747181964573,0.026838432635534086,
43,27.616747181964573,47.44363929146538,7.0383789586688135,8.99087493290392,1.5163714439076759,7.105475040257649,0.2616747181964573,0.026838432635534086,
44,27.74422973698336,47.41009125067096,7.0383789586688135,8.943907675791733,1.5163714439076759,7.058507783145465,0.2616747181964573,0.026838432635534086,
45,27.791196994095547,47.38996242619431,7.011540526033279,8.943907675791733,1.5163714439076759,7.058507783145465,0.2616747181964573,0.026838432635534086,
46,27.885131508319915,47.336285560923244,6.998121309715513,8.943907675791733,1.5029522275899088,7.0450885668276975,0.2616747181964573,0.026838432635534086,
47,27.3215244229737,42.01556629092861,6.991411701556629,14.868491680085883,1.4761137949543746,7.0383789586688135,0.2616747181964573,0.026838432635534086,
48,27.086688137412775,38.83521202361782,6.340579710144928,12.949543746645196,1.4761137949543746,13.285024154589372,,0.026838432635534086,
49,17.860976918947934,55.56897477187332,7.675791733762749,6.414385399892646,1.2681159420289856,11.18491680085883,,0.026838432635534086,
50,17.94820182501342,53.35480407944176,7.5348899624261945,4.327697262479871,1.247987117552335,15.58641975308642,,,
51,18.23671497584541,52.925389157273216,7.5348899624261945,4.327697262479871,1.482823403113258,15.49248523886205,,,
52,18.323939881910896,51.94578636607622,7.501341921631776,4.327697262479871,1.482823403113258,15.063070316693505,,1.3553408480944713,
53,18.4447128287708,51.912238325281805,7.474503488996243,4.327697262479871,1.482823403113258,15.002683843263553,,1.3553408480944713,
54,18.69296833064949,51.05340848094471,7.474503488996243,4.327697262479871,1.3553408480944713,14.97584541062802,,2.120236178207193,
55,18.927804616210413,50.93263553408481,7.440955448201825,3.6500268384326353,1.3553408480944713,14.479334406870638,,3.2139023081052067,
56,18.733225979602793,51.13392377885131,7.440955448201825,3.6500268384326353,1.3486312399355878,14.479334406870638,,3.2139023081052067,
57,17.840848094471284,47.054482018250134,7.39398819108964,5.394524959742351,1.2681159420289856,17.834138486312398,,3.2139023081052067,
58,17.612721417069242,45.73939881910896,7.39398819108964,6.353998926462695,1.2681159420289856,18.417874396135264,,3.2139023081052067,
59,17.344337090713903,43.243424584004295,7.367149758454106,6.944444444444445,1.1674718196457328,20.719269994632313,,3.2139023081052067,
60,17.3040794417606,43.01529790660226,7.367149758454106,6.944444444444445,1.4358561460010735,20.719269994632313,,3.2139023081052067,
61,17.612721417069242,42.85426731078905,7.367149758454106,6.944444444444445,1.4358561460010735,20.571658615136876,,3.2139023081052067,
62,17.59259259259259,41.92163177670424,7.118894256575416,8.816425120772946,1.8317230273752012,19.652442297369834,,3.066290928609769,
63,17.780461621041333,41.76060118089104,7.118894256575416,8.816425120772946,1.8250134192163177,19.632313472893184,,3.066290928609769,
64,17.98845947396672,41.67337627482555,7.118894256575416,8.80300590445518,1.8250134192163177,19.55179817498658,,3.0394524959742353,
65,17.612721417069242,36.808910359635,7.03166935050993,8.608427267847558,1.8250134192163177,25.09393451422437,,3.0193236714975846,
66,17.867686527106816,36.65458937198068,7.03166935050993,8.581588835212024,1.8048845947396672,25.0402576489533,,3.0193236714975846,
67,17.954911433172303,36.600912506709605,7.03166935050993,8.581588835212024,1.8048845947396672,25.006709608158882,,3.0193236714975846,
68,18.33064949006978,36.533816425120776,6.91760601180891,8.407139023081053,1.8048845947396672,25.0,,3.0059044551798175,
69,18.59903381642512,36.3191089640365,6.91760601180891,8.407139023081053,1.8048845947396672,24.94632313472893,,3.0059044551798175,
70,18.833870101986044,36.2788513150832,6.91760601180891,8.407139023081053,1.8048845947396672,24.751744498121308,,3.0059044551798175,
71,17.69994632313473,35.93666129898014,6.904186795491143,8.340042941492216,1.8048845947396672,26.308373590982285,,3.0059044551798175,
72,17.800590445517983,35.869565217391305,6.877348362855609,8.340042941492216,1.8048845947396672,26.308373590982285,,2.999194847020934,
73,16.545893719806763,35.72866344605475,6.877348362855609,8.340042941492216,1.8048845947396672,27.70397208803006,,2.999194847020934,
74,16.6129898013956,35.037573805689746,6.877348362855609,7.977724100912507,2.1604938271604937,27.63016639828234,,3.7037037037037037,
75,16.78743961352657,34.84299516908212,6.716317767042405,7.96430488459474,2.3752012882447664,27.61003757380569,,3.7037037037037037,
76,16.82769726247987,34.816156736446594,6.716317767042405,7.950885668276973,2.3752012882447664,27.61003757380569,,3.7037037037037037,
77,17.317498658078367,34.5276435856146,6.696188942565755,7.924047235641439,2.3752012882447664,27.469135802469136,,3.6902844873859366,
78,17.64626945786366,32.86366076221149,6.696188942565755,7.830112721417069,2.059849704777241,27.408749329039185,,5.495169082125604,
79,16.901502952227588,33.843263553408484,6.696188942565755,7.716049382716049,2.059849704777241,27.355072463768117,,5.428073000536768,
80,16.71363392377885,33.69565217391305,6.561996779388084,8.407139023081053,2.059849704777241,27.34836285560923,,5.213365539452496,
81,16.639828234031132,32.91733762748255,5.783682232957595,10.473698336017177,1.9927536231884058,27.314814814814813,,4.87788513150832,
82,16.867954911433173,32.85024154589372,5.709876543209877,10.473698336017177,1.9927536231884058,27.22758990874933,,4.87788513150832,
83,17.03569511540526,32.85024154589372,5.703166935050993,10.339506172839506,1.9927536231884058,27.200751476113794,,4.87788513150832,
84,17.277241009125067,32.628824476650564,5.703166935050993,10.339506172839506,1.9927536231884058,27.180622651637144,,4.87788513150832,
85,17.351046698872786,32.62211486849168,5.703166935050993,10.339506172839506,1.9793344068706387,27.15378421900161,,4.851046698872786,
86,17.559044551798173,32.47450348899624,5.703166935050993,10.339506172839506,1.9793344068706387,27.093397745571657,,4.851046698872786,
87,17.69994632313473,32.360440150295226,5.676328502415459,10.339506172839506,1.9793344068706387,27.093397745571657,,4.851046698872786,
88,12.72812667740204,56.085614600107355,5.4616210413311865,3.2541599570585076,1.9659151905528718,17.505367686527105,,2.999194847020934,
89,12.855609232420827,55.984970477724104,5.4616210413311865,3.2474503488996245,1.9592055823939882,17.49194847020934,,2.999194847020934,
90,13.030059044551798,55.85077831454643,5.4616210413311865,3.227321524422974,1.9592055823939882,17.47181964573269,,2.999194847020934,
91,13.144122383252817,55.77697262479871,5.448201825013419,3.227321524422974,1.9592055823939882,17.444981213097154,,2.999194847020934,
92,13.130703166935051,53.5829307568438,7.749597423510467,3.227321524422974,1.892109500805153,17.418142780461622,,2.999194847020934,
93,13.7211486849168,49.302200751476114,7.742887815351583,3.2206119162640903,1.8853998926462694,17.391304347826086,,6.736446591519055,
94,13.875469672571121,49.14787976382179,7.742887815351583,3.2206119162640903,1.8853998926462694,17.391304347826086,,6.736446591519055,
95,13.942565754159958,49.053945249597426,7.742887815351583,3.2206119162640903,1.8853998926462694,17.418142780461622,,6.736446591519055,
96,14.204240472356414,47.034353193773484,7.742887815351583,3.2206119162640903,4.461889425657541,17.357756307031668,,5.978260869565218,
97,13.989533011272142,45.20263016639828,9.849704777241008,3.1602254428341383,4.461889425657541,17.357756307031668,,5.978260869565218,
98,14.251207729468598,45.04159957058508,9.822866344605474,3.1602254428341383,4.448470209339774,17.297369833601717,,5.978260869565218,
99,14.526301663982823,44.82018250134192,9.822866344605474,3.1535158346752548,4.448470209339774,17.270531400966185,,5.958132045088567,
100,14.579978529253891,44.76650563607085,9.822866344605474,3.1535158346752548,4.448470209339774,17.270531400966185,,5.958132045088567,
101,14.526301663982823,44.63231347289318,9.903381642512077,3.9519592055823938,4.327697262479871,15.566290928609769,,7.092055823939882,
102,14.855072463768115,44.357219538378956,9.896672034353195,3.9519592055823938,4.327697262479871,15.519323671497585,,7.092055823939882,
103,15.01610305958132,44.24986580783682,9.896672034353195,3.911701556629093,4.441760601180891,15.398550724637682,,7.085346215780999,
104,15.365002683843263,43.35077831454643,11.701556629092861,3.911701556629093,4.126409017713366,15.291196994095545,,6.253354804079442,
105,15.418679549114332,43.323939881910896,11.701556629092861,3.911701556629093,4.126409017713366,15.26435856146001,,6.253354804079442,
106,15.365002683843263,42.975040257648956,11.66129898013956,3.911701556629093,4.072732152442297,15.26435856146001,,6.749865807836822,
107,15.365002683843263,42.975040257648956,11.66129898013956,3.911701556629093,4.072732152442297,15.26435856146001,,6.749865807836822,
108,15.566290928609769,41.12989801395599,14.378690284487385,3.9049919484702094,4.072732152442297,15.24422973698336,,5.703166935050993,
109,14.687332259796028,42.49865807836822,14.378690284487385,3.8915727321524423,4.072732152442297,14.76784755770263,,5.703166935050993,
110,15.009393451422437,42.411433172302736,14.257917337627482,3.8915727321524423,4.03918411164788,14.741009125067096,,5.649490069779925,
111,15.022812667740205,42.39801395598497,13.828502415458937,3.8915727321524423,4.03918411164788,14.727589908749328,,6.092324208266238,
112,15.324745034889963,42.24369296833065,13.81508319914117,3.8915727321524423,4.005636070853462,14.727589908749328,,5.991680085882985,
113,15.458937198067632,42.129629629629626,13.79495437466452,3.8915727321524423,4.005636070853462,14.727589908749328,,5.991680085882985,
114,14.942297369833602,40.39855072463768,13.707729468599034,7.340311325818572,3.938539989264627,14.714170692431562,,4.958400429414922,
115,15.096618357487923,39.88191089640365,13.573537305421363,7.306763285024155,3.938539989264627,14.338432635534085,,5.864197530864198,
116,15.063070316693505,39.78797638217928,13.191089640365004,9.406870638754697,3.938539989264627,12.788513150831992,,5.8239398819108965,
117,15.11003757380569,39.50617283950617,13.191089640365004,9.406870638754697,3.938539989264627,12.788513150831992,,6.0587761674718195,
118,15.365002683843263,39.371980676328505,13.177670424047236,9.373322597960279,3.938539989264627,12.76838432635534,,6.005099302200751,
119,15.767579173376275,39.2512077294686,13.16425120772947,9.339774557165862,3.9184111647879765,12.553676865271068,,6.005099302200751,
120,15.861513687600644,37.9898013955985,13.150831991411701,9.339774557165862,5.132850241545894,12.553676865271068,,5.971551261406334,
121,16.183574879227052,37.86231884057971,13.063607085346217,9.326355340848094,5.119431025228127,12.533548040794418,,5.911164787976382,
122,16.183574879227052,37.69457863660762,13.251476113794954,9.326355340848094,5.119431025228127,12.533548040794418,,5.891035963499732,
123,16.465378421900162,37.59393451422437,13.24476650563607,9.212292002147075,5.0993022007514766,12.533548040794418,,5.850778314546431,
124,16.666666666666668,36.99677938808374,12.04374664519592,10.983628556092324,5.0993022007514766,12.359098228663447,,5.850778314546431,
125,16.982018250134193,36.9699409554482,11.876006441223833,10.983628556092324,5.065754159957058,12.27187332259796,,5.850778314546431,
126,16.666666666666668,36.520397208803004,11.83574879227053,10.923242082662373,5.065754159957058,13.137412775093935,,5.850778314546431,
127,16.49892646269458,34.876543209876544,13.18438003220612,10.889694041867955,4.461889425657541,13.110574342458401,,6.977992485238862,
128,16.63311862587225,34.80944712828771,13.144122383252817,10.889694041867955,4.461889425657541,13.083735909822867,,6.977992485238862,
129,16.659957058507782,34.6081588835212,13.050187869028449,10.802469135802468,4.334406870638754,14.103596349973161,,6.4412238325281805,
130,17.01556629092861,34.42699946323135,13.030059044551798,10.674986580783683,4.334406870638754,14.083467525496511,,6.4345142243692965,
131,17.28395061728395,34.4068706387547,13.030059044551798,10.61460010735373,4.314278046162104,13.915727321524423,,6.4345142243692965,
132,17.324208266237253,34.4068706387547,13.030059044551798,10.587761674718196,4.314278046162104,13.915727321524423,,6.421095008051529,
133,17.538915727321523,34.35990338164251,13.030059044551798,10.420021470746109,4.314278046162104,13.915727321524423,,6.421095008051529,
134,17.08937198067633,32.95759527643585,10.661567364465915,18.203166935050994,2.61003757380569,13.781535158346752,,4.696725711218465,
135,17.156468062265162,32.709339774557165,10.59447128287708,18.53864734299517,2.5966183574879227,13.707729468599034,,4.696725711218465,
136,17.028985507246375,32.63553408480945,10.59447128287708,18.491680085882983,2.818035426731079,13.687600644122384,,4.74369296833065,
137,17.223564143854,32.52818035426731,10.560923242082662,18.45813204508857,2.818035426731079,13.667471819645733,,4.74369296833065,
138,17.371175523349436,32.52818035426731,10.540794417606012,18.33064949006978,2.818035426731079,13.667471819645733,,4.74369296833065,
139,16.99543746645196,32.37385936661299,10.393183038110575,18.33064949006978,2.804616210413312,14.526301663982823,,4.575952764358561,
140,17.317498658078367,32.21282877079979,10.359634997316157,18.290391841116477,2.7509393451422435,14.526301663982823,,4.542404723564144,
141,16.438539989264626,27.616747181964573,10.238862050456254,26.019860440150296,2.046430488459474,14.304884594739667,,3.33467525496511,
142,16.74718196457327,27.51610305958132,10.178475577026301,26.01315083199141,1.9793344068706387,14.231078904991948,,3.33467525496511,
143,16.861245303274288,27.334943639291467,10.151637144390767,25.45625335480408,2.214170692431562,14.217659688674182,,3.33467525496511,0.4294149221685454
144,17.16988727858293,27.314814814814813,10.151637144390767,25.207997852925388,2.214170692431562,14.190821256038648,,3.33467525496511,0.41599570585077833
145,16.15673644659152,24.3894256575416,8.051529790660226,24.758454106280194,2.214170692431562,20.77294685990338,,3.240740740740741,0.41599570585077833
146,16.465378421900162,24.288781535158346,8.051529790660226,24.60413311862587,2.214170692431562,20.719269994632313,,3.240740740740741,0.41599570585077833
147,16.794149221685455,24.174718196457327,8.051529790660226,24.570585077831456,2.120236178207193,20.632045088566827,,3.240740740740741,0.41599570585077833
148,16.908212560386474,23.772141706924316,8.105206655931294,24.402844873859365,2.5496511003757383,20.605206655931294,,3.240740740740741,0.41599570585077833
149,17.08937198067633,23.74530327428878,8.105206655931294,24.36929683306495,2.5496511003757383,20.511272141706925,,3.2139023081052067,0.41599570585077833
150,17.21014492753623,23.74530327428878,8.105206655931294,24.322329575952764,2.5496511003757383,20.45088566827697,,3.2139023081052067,0.4025764895330113
151,17.351046698872786,23.72517444981213,8.105206655931294,24.241814278046164,2.5496511003757383,20.41062801932367,,3.2139023081052067,0.4025764895330113
152,17.498658078368223,23.718464841653248,8.064949006977992,24.18142780461621,2.5496511003757383,20.2361782071927,0.13419216317767044,3.2139023081052067,0.4025764895330113
153,17.619431025228128,23.691626409017715,8.051529790660226,24.114331723027377,2.5496511003757383,20.222758990874933,0.13419216317767044,3.2139023081052067,0.4025764895330113
154,17.780461621041333,23.637949543746647,9.339774557165862,22.7187332259796,2.5496511003757383,20.222758990874933,0.13419216317767044,3.2139023081052067,0.4025764895330113
155,18.095813204508858,23.51046698872786,9.339774557165862,22.7187332259796,2.5026838432635534,20.175791733762747,0.13419216317767044,3.1468062265163717,0.3757380568974772
156,18.310520665593128,23.396403650026837,9.265968867418144,22.705314009661837,2.5026838432635534,20.162372517444982,0.13419216317767044,3.1468062265163717,0.3757380568974772
157,18.438003220611915,23.349436392914654,9.265968867418144,23.09447128287708,2.5026838432635534,19.706119162640903,0.13419216317767044,3.1333870101986045,0.3757380568974772
158,18.50509930220075,23.315888352120236,9.265968867418144,23.09447128287708,2.5026838432635534,19.343800322061192,0.13419216317767044,3.4621578099838968,0.3757380568974772
159,18.646001073537306,23.141438539989263,9.232420826623725,23.087761674718198,2.6167471819645733,19.30354267310789,0.13419216317767044,3.4621578099838968,0.3757380568974772
160,18.679549114331724,23.141438539989263,9.232420826623725,23.05421363392378,2.6167471819645733,19.30354267310789,0.13419216317767044,3.4621578099838968,0.3757380568974772
161,18.760064412238325,23.11460010735373,9.232420826623725,23.00053676865271,2.6167471819645733,19.30354267310789,0.13419216317767044,3.4621578099838968,0.3757380568974772
162,18.867418142780462,23.09447128287708,9.232420826623725,22.966988727858293,2.6167471819645733,19.26328502415459,0.13419216317767044,3.44873859366613,0.3757380568974772
163,19.082125603864736,23.020665593129362,9.185453569511541,22.946859903381643,2.6033279656468062,19.202898550724637,0.13419216317767044,3.44873859366613,0.3757380568974772
164,19.484702093397747,22.832796564680624,9.185453569511541,22.86634460547504,2.589908749329039,19.082125603864736,0.13419216317767044,3.44873859366613,0.3757380568974772
165,20.12211486849168,22.805958132045088,9.178743961352657,22.84621578099839,2.589908749329039,18.49838969404187,0.13419216317767044,3.44873859366613,0.3757380568974772
166,20.26972624798712,22.765700483091788,9.178743961352657,22.84621578099839,2.589908749329039,18.4044551798175,0.12077294685990338,3.44873859366613,0.3757380568974772
167,20.50456253354804,22.69860440150295,9.178743961352657,22.785829307568438,2.576489533011272,18.33064949006978,0.12077294685990338,3.4286097691894795,0.3757380568974772
168,20.611916264090176,22.665056360708533,9.158615136876007,22.75228126677402,2.576489533011272,18.310520665593128,0.12077294685990338,3.4286097691894795,0.3757380568974772
169,20.725979602791195,22.665056360708533,9.158615136876007,22.665056360708533,2.576489533011272,18.290391841116477,0.12077294685990338,3.4286097691894795,0.36902844873859364
170,20.739398819108963,22.65163714439077,9.158615136876007,22.665056360708533,2.576489533011272,18.290391841116477,0.12077294685990338,3.4286097691894795,0.36902844873859364
171,21.121846484165324,22.638217928073,9.07139023081052,22.52415458937198,2.576489533011272,18.149490069779926,0.12077294685990338,3.4286097691894795,0.36902844873859364
172,21.141975308641975,22.63150831991412,9.07139023081052,22.52415458937198,2.576489533011272,18.14278046162104,0.12077294685990338,3.4286097691894795,0.36231884057971014
173,21.22920021470746,22.604669887278583,9.057971014492754,22.477187332259795,2.576489533011272,18.14278046162104,0.12077294685990338,3.4286097691894795,0.36231884057971014
174,21.021202361782073,21.76596886741814,8.380300590445518,22.342995169082126,2.576489533011272,20.001341921631777,0.12077294685990338,3.4286097691894795,0.36231884057971014
175,21.115136876006442,21.75925925925926,8.380300590445518,22.25577026301664,2.576489533011272,20.001341921631777,0.12077294685990338,3.4286097691894795,0.36231884057971014
176,14.640365002683843,43.27026301663983,4.817498658078368,17.49194847020934,1.892109500805153,16.438539989264626,,1.0869565217391304,0.36231884057971014
177,14.895330112721417,42.64626945786366,4.817498658078368,17.478529253891573,2.3081052066559313,16.404991948470208,,1.0869565217391304,0.36231884057971014
178,15.002683843263553,42.41814278046162,4.817498658078368,17.478529253891573,2.428878153515835,16.404991948470208,,1.0869565217391304,0.36231884057971014
179,15.116747181964573,42.36446591519055,4.790660225442834,17.444981213097154,2.428878153515835,16.404991948470208,,1.0869565217391304,0.36231884057971014
180,15.26435856146001,42.351046698872786,4.790660225442834,17.364465915190554,2.428878153515835,16.35131508319914,,1.0869565217391304,0.36231884057971014
181,15.398550724637682,42.28395061728395,4.790660225442834,17.297369833601717,2.428878153515835,16.35131508319914,,1.0869565217391304,0.36231884057971014
182,15.505904455179817,42.210144927536234,4.790660225442834,17.297369833601717,2.428878153515835,16.317767042404725,,1.0869565217391304,0.36231884057971014
183,15.827965646806227,42.19672571121846,4.542404723564144,17.297369833601717,2.428878153515835,16.25738056897477,,1.0869565217391304,0.36231884057971014
184,16.210413311862588,41.94176060118089,4.542404723564144,17.257112184648417,2.428878153515835,16.170155662909288,,1.0869565217391304,0.36231884057971014
185,15.573000536768653,43.14949006977992,5.4616210413311865,16.069511540526033,2.428878153515835,15.868223295759528,,1.0869565217391304,0.36231884057971014
186,15.640096618357488,43.08239398819109,5.4616210413311865,16.069511540526033,2.428878153515835,15.868223295759528,,1.0869565217391304,0.36231884057971014
187,15.767579173376275,42.961621041331185,5.4616210413311865,16.06280193236715,2.428878153515835,15.868223295759528,,1.0869565217391304,0.36231884057971014
188,15.915190552871712,42.84755770263017,5.4616210413311865,16.049382716049383,2.428878153515835,15.848094471282877,,1.0869565217391304,0.36231884057971014
189,16.049382716049383,42.7938808373591,5.4616210413311865,16.022544283413847,2.428878153515835,15.794417606011809,,1.0869565217391304,0.36231884057971014
190,16.11647879763822,42.74020397208803,5.4616210413311865,16.009125067096083,2.428878153515835,15.794417606011809,,1.0869565217391304,0.36231884057971014
191,16.378153515834676,42.652979066022546,5.4616210413311865,15.975577026301664,2.428878153515835,15.653515834675256,,1.0869565217391304,0.36231884057971014
192,16.659957058507782,42.40472356414385,5.381105743424584,16.109769189479334,2.395330112721417,15.599838969404187,,1.0869565217391304,0.36231884057971014
193,16.7337627482555,42.351046698872786,5.267042404723564,16.109769189479334,2.395330112721417,15.559581320450885,,1.221148684916801,0.36231884057971014
194,16.800858829844337,42.31749865807837,5.267042404723564,16.076221148684915,2.395330112721417,15.559581320450885,,1.221148684916801,0.36231884057971014
195,16.881374127750938,41.86124530327429,5.260332796564681,16.049382716049383,2.8113258185721954,15.552871712292003,,1.221148684916801,0.36231884057971014
196,16.988727858293075,40.002683843263554,5.260332796564681,16.035963499731615,4.669887278582931,15.458937198067632,,1.221148684916801,0.36231884057971014
197,17.122920021470748,39.23778851315083,5.260332796564681,16.760601180891037,4.9651100375738055,15.210681696188942,,1.221148684916801,0.2214170692431562
198,17.176596886741816,39.22436929683307,5.260332796564681,16.74718196457327,4.9651100375738055,15.183843263553408,,1.221148684916801,0.2214170692431562
199,17.07595276435856,38.99624261943102,5.246913580246914,17.51207729468599,4.9651100375738055,14.774557165861514,,1.221148684916801,0.20799785292538917
200,17.324208266237253,38.868760064412236,5.166398282340311,17.485238862050455,4.9651100375738055,14.761137949543746,,1.221148684916801,0.20799785292538917
201,17.465110037573805,38.808373590982285,5.166398282340311,16.740472356414386,4.958400429414922,15.432098765432098,,1.221148684916801,0.20799785292538917
202,17.612721417069242,38.781535158346756,5.159688674181428,16.666666666666668,4.958400429414922,15.391841116478798,,1.221148684916801,0.20799785292538917
203,17.914653784219002,38.51315083199141,5.139559849704777,16.6532474503489,4.958400429414922,15.391841116478798,,1.221148684916801,0.20799785292538917
204,18.00858829844337,38.51315083199141,5.10601180891036,16.6532474503489,4.958400429414922,15.331454643048845,,1.221148684916801,0.20799785292538917
205,18.06226516371444,38.51315083199141,5.10601180891036,16.626409017713364,4.958400429414922,15.304616210413311,,1.221148684916801,0.20799785292538917
206,18.00858829844337,38.43263553408481,5.10601180891036,16.626409017713364,5.300590445517981,15.096618357487923,,1.221148684916801,0.20799785292538917
207,18.417874396135264,38.137412775093935,5.092592592592593,16.566022544283413,5.280461621041331,15.076489533011273,,1.221148684916801,0.20799785292538917
208,18.572195383789587,38.12399355877617,5.092592592592593,16.552603327965645,5.213365539452496,15.01610305958132,,1.221148684916801,0.20799785292538917
209,18.753354804079443,38.10386473429951,5.092592592592593,16.438539989264626,5.213365539452496,14.969135802469136,,1.221148684916801,0.20799785292538917
210,18.813741277509394,38.077026301663984,5.0858829844337095,16.438539989264626,5.199946323134729,14.955716586151368,,1.221148684916801,0.20799785292538917
211,18.50509930220075,36.39291465378422,7.434245840042942,15.895061728395062,5.71658615136876,14.626945786366075,,1.221148684916801,0.20799785292538917
212,18.719806763285025,36.38620504562534,7.4141170155662905,15.74074074074074,5.71658615136876,14.593397745571659,,1.221148684916801,0.20799785292538917
213,18.80703166935051,36.3593666129898,7.4141170155662905,15.74074074074074,5.71658615136876,14.533011272141707,,1.221148684916801,0.20799785292538917
214,18.57890499194847,36.3191089640365,7.548309178743962,15.727321524422974,6.045356951154052,14.351851851851851,,1.221148684916801,0.20799785292538917
215,18.766774020397207,36.191626409017715,7.548309178743962,15.673644659151906,6.045356951154052,14.345142243692969,,1.221148684916801,0.20799785292538917
216,19.209608158883523,35.869565217391305,7.5348899624261945,15.593129361245303,6.018518518518518,14.345142243692969,,1.221148684916801,0.20799785292538917
217,19.269994632313473,35.849436392914654,7.50805152979066,15.593129361245303,6.018518518518518,14.331723027375201,,1.221148684916801,0.20799785292538917
218,19.316961889425656,35.809178743961354,7.50805152979066,15.593129361245303,6.018518518518518,14.325013419216317,,1.221148684916801,0.20799785292538917
219,19.45786366076221,35.72866344605475,7.481213097155126,15.593129361245303,5.991680085882985,14.318303811057435,,1.221148684916801,0.20799785292538917
220,19.565217391304348,35.66156736446592,7.454374664519592,15.579710144927537,5.991680085882985,14.318303811057435,,1.221148684916801,0.20799785292538917
221,19.685990338164252,35.59447128287708,7.454374664519592,15.526033279656469,5.991680085882985,14.318303811057435,,1.221148684916801,0.20799785292538917
222,19.920826623725173,35.43344068706388,7.454374664519592,15.499194847020934,5.971551261406334,14.318303811057435,,1.1943102522812667,0.20799785292538917
223,20.135534084809446,35.43344068706388,7.306763285024155,15.45222758990875,5.971551261406334,14.298174986580785,,1.1943102522812667,0.20799785292538917
224,20.303274288781534,35.40660225442834,7.306763285024155,15.378421900161031,5.938003220611916,14.264626945786366,,1.1943102522812667,0.20799785292538917
225,20.46430488459474,35.33279656468062,7.306763285024155,15.318035426731079,5.911164787976382,14.264626945786366,,1.1943102522812667,0.20799785292538917
226,20.531400966183575,35.30595813204509,7.300053676865271,15.28448738593666,5.911164787976382,14.264626945786366,,1.1943102522812667,0.20799785292538917
227,20.987654320987655,35.23215244229737,7.286634460547504,15.136876006441224,5.850778314546431,14.103596349973161,,1.1943102522812667,0.20799785292538917
228,21.26945786366076,34.977187332259795,7.286634460547504,15.136876006441224,5.8239398819108965,14.103596349973161,,1.1943102522812667,0.20799785292538917
229,21.235909822866343,34.84970477724101,8.521202361782072,15.136876006441224,4.750402576489533,14.103596349973161,,1.1943102522812667,0.20799785292538917
230,21.578099838969404,34.68196457326892,8.440687063875469,15.103327965646805,4.723564143853999,14.070048309178745,,1.1943102522812667,0.20799785292538917
231,19.98792270531401,33.803005904455176,8.3064949006978,14.325013419216317,5.0858829844337095,17.08937198067633,,1.1943102522812667,0.20799785292538917
232,20.108695652173914,33.7157809983897,8.3064949006978,14.31159420289855,5.0858829844337095,17.06924315619968,,1.1943102522812667,0.20799785292538917
233,20.39049919484702,33.62855609232421,8.272946859903382,14.244498121309716,5.025496511003757,17.03569511540526,,1.1943102522812667,0.20799785292538917
234,20.558239398819108,33.52791196994095,8.272946859903382,14.224369296833064,4.99194847020934,17.022275899087493,,1.1943102522812667,0.20799785292538917
235,20.73268921095008,33.42055823939882,8.232689210950081,14.224369296833064,4.99194847020934,16.99543746645196,,1.1943102522812667,0.20799785292538917
236,20.88030059044552,33.42055823939882,8.185721953837897,14.184111647879764,4.9651100375738055,16.961889425657542,,1.1943102522812667,0.20799785292538917
237,20.9272678475577,33.42055823939882,8.185721953837897,14.13714439076758,4.9651100375738055,16.961889425657542,,1.1943102522812667,0.20799785292538917
238,21.068169618894256,33.25281803542673,8.185721953837897,14.110305958132045,5.072463768115942,16.908212560386474,,1.1943102522812667,0.20799785292538917
239,21.141975308641975,33.20585077831455,8.172302737520129,14.096886741814279,5.072463768115942,16.908212560386474,,1.1943102522812667,0.20799785292538917
240,21.329844337090712,33.20585077831455,8.145464304884594,14.096886741814279,4.978529253891573,16.841116478797638,,1.1943102522812667,0.20799785292538917
241,21.484165324745035,33.13204508856683,8.145464304884594,14.049919484702093,4.944981213097155,16.841116478797638,,1.1943102522812667,0.20799785292538917
242,21.62506709608159,33.031400966183575,8.145464304884594,14.036500268384327,4.944981213097155,16.814278046162105,,1.1943102522812667,0.20799785292538917
243,21.792807300053678,32.87707997852925,8.145464304884594,14.029790660225443,4.944981213097155,16.80756843800322,,1.1943102522812667,0.20799785292538917
244,21.940418679549115,32.789855072463766,8.145464304884594,14.029790660225443,4.944981213097155,16.74718196457327,,1.1943102522812667,0.20799785292538917
245,22.08132045088567,32.76301663982824,8.125335480407944,13.996242619431026,4.944981213097155,16.686795491143318,,1.1943102522812667,0.20799785292538917
246,22.19538378958669,32.6556629092861,8.125335480407944,13.996242619431026,4.944981213097155,16.680085882984432,,1.1943102522812667,0.20799785292538917
247,22.363123993558776,32.54159957058508,8.125335480407944,13.969404186795492,4.944981213097155,16.6532474503489,,1.1943102522812667,0.20799785292538917
248,22.403381642512077,32.51476113794954,8.111916264090176,13.969404186795492,4.944981213097155,16.6532474503489,,1.1943102522812667,0.20799785292538917
249,22.41009125067096,32.51476113794954,8.111916264090176,13.969404186795492,4.944981213097155,16.646537842190018,,1.1943102522812667,0.20799785292538917
250,22.510735373054214,32.48792270531401,8.105206655931294,13.935856146001074,4.944981213097155,16.6129898013956,,1.1943102522812667,0.20799785292538917
251,22.665056360708533,32.447665056360705,8.085077831454644,13.902308105206655,4.944981213097155,16.552603327965645,,1.1943102522812667,0.20799785292538917
252,22.886473429951693,32.29334406870639,8.044820182501342,13.895598497047773,4.938271604938271,16.53918411164788,,1.1943102522812667,0.20799785292538917
253,23.121309715512613,32.2463768115942,8.031400966183575,13.754696725711218,4.911433172302737,16.532474503488995,,1.1943102522812667,0.20799785292538917
254,23.376274825550187,32.09205582393988,8.031400966183575,13.694310252281268,4.911433172302737,16.492216854535695,,1.1943102522812667,0.20799785292538917
255,23.49033816425121,32.05179817498658,8.024691358024691,13.667471819645733,4.884594739667204,16.478797638217927,,1.1943102522812667,0.20799785292538917
256,23.30246913580247,31.092324208266238,7.883789586688137,13.79495437466452,4.643048845947397,16.465378421900162,,2.61003757380569,0.20799785292538917
257,23.32259796027912,31.112453032742888,7.883789586688137,13.79495437466452,4.643048845947397,16.42512077294686,,2.61003757380569,0.20799785292538917
258,23.43666129898014,31.03864734299517,7.87037037037037,13.79495437466452,4.636339237788513,16.404991948470208,,2.61003757380569,0.20799785292538917
259,23.483628556092324,31.01851851851852,7.87037037037037,13.788244766505636,4.636339237788513,16.391572732152444,,2.6033279656468062,0.20799785292538917
260,23.64465915190553,31.01851851851852,7.816693505099302,13.754696725711218,4.636339237788513,16.317767042404725,,2.6033279656468062,0.20799785292538917
261,23.859366612989803,30.95813204508857,7.816693505099302,13.66076221148685,4.636339237788513,16.29092860976919,,2.5697799248523885,0.20799785292538917
262,23.919753086419753,30.95813204508857,7.776435856146001,13.66076221148685,4.616210413311863,16.29092860976919,,2.5697799248523885,0.20799785292538917
263,24.16129898013956,30.67632850241546,7.749597423510467,13.593666129898015,4.884594739667204,16.264090177133657,,2.462426194310252,0.20799785292538917
264,24.40955448201825,30.636070853462158,7.615405260332796,13.546698872785829,4.884594739667204,16.25067096081589,,2.4490069779924855,0.20799785292538917
265,23.792270531400966,30.48174986580784,7.615405260332796,14.579978529253891,4.622920021470746,16.25067096081589,,2.4490069779924855,0.20799785292538917
266,23.845947396672035,30.441492216854535,7.608695652173913,14.579978529253891,4.622920021470746,16.243961352657006,,2.4490069779924855,0.20799785292538917
267,23.72517444981213,30.18652710681696,7.440955448201825,14.472624798711756,4.723564143853999,16.243961352657006,,2.999194847020934,0.20799785292538917
268,23.658078368223297,29.87788513150832,7.440955448201825,14.472624798711756,4.723564143853999,16.243961352657006,,3.374932903918411,0.20799785292538917
269,23.946591519055286,29.757112184648417,7.387278582930757,14.432367149758454,4.703435319377348,16.21712292002147,,3.3480944712828773,0.20799785292538917
270,23.98684916800859,29.723564143854,7.387278582930757,14.42565754159957,4.703435319377348,16.21712292002147,,3.3480944712828773,0.20799785292538917
271,24.040526033279658,29.683306494900698,7.387278582930757,14.42565754159957,4.703435319377348,16.203703703703702,,3.3480944712828773,0.20799785292538917
272,24.134460547504027,29.656468062265162,7.347020933977456,14.42565754159957,4.703435319377348,16.17686527106817,,3.3480944712828773,0.20799785292538917
273,24.208266237251745,29.622920021470748,7.347020933977456,14.42565754159957,4.703435319377348,16.13660762211487,,3.3480944712828773,0.20799785292538917
274,24.194847020933977,29.582662372517444,7.347020933977456,14.647074610842727,4.643048845947397,16.09634997316157,,3.280998389694042,0.20799785292538917
275,24.335748792270532,29.522275899087493,7.347020933977456,14.606816961889425,4.636339237788513,16.06280193236715,,3.280998389694042,0.20799785292538917
276,24.456521739130434,29.522275899087493,7.300053676865271,14.53972088030059,4.636339237788513,16.06280193236715,,3.2742887815351582,0.20799785292538917
277,24.510198604401502,29.468599033816425,7.300053676865271,14.53972088030059,4.636339237788513,16.06280193236715,,3.2742887815351582,0.20799785292538917
278,24.52361782071927,29.240472356414386,7.2933440687063875,14.526301663982823,4.871175523349437,16.06280193236715,,3.2742887815351582,0.20799785292538917
279,24.56387546967257,29.22705314009662,7.266505636070853,14.526301663982823,4.871175523349437,16.06280193236715,,3.2742887815351582,0.20799785292538917
280,24.684648416532475,28.92512077294686,7.266505636070853,14.868491680085883,4.871175523349437,16.009125067096083,,3.166935050993022,0.20799785292538917
281,24.691358024691358,28.918411164787976,7.266505636070853,14.868491680085883,4.871175523349437,16.009125067096083,,3.166935050993022,0.20799785292538917
