,45,50,52,55,51,54,53,56,57,58,59,60,61
0,99.48336017176597,0.5166398282340311,,,,,,,,,,,
1,98.92646269457863,1.0735373054213635,,,,,,,,,,,
2,92.72678475577027,7.219538378958669,0.0067096081588835215,0.04696725711218465,,,,,,,,,
3,91.82769726247987,8.091787439613526,0.0067096081588835215,0.04696725711218465,0.026838432635534086,,,,,,,,
4,91.30434782608695,8.548040794417606,0.0067096081588835215,0.04696725711218465,0.06038647342995169,0.03354804079441761,,,,,,,
5,89.9020397208803,9.829575952764358,0.040257648953301126,0.07380568974771873,0.12077294685990338,0.03354804079441761,,,,,,,
6,87.4194847020934,12.23161567364466,0.040257648953301126,0.07380568974771873,0.17444981213097155,0.06038647342995169,,,,,,,
7,87.03032742887815,12.5,0.040257648953301126,0.10735373054213634,0.2616747181964573,0.06038647342995169,,,,,,,
8,86.71497584541063,12.74825550187869,0.040257648953301126,0.14090177133655393,0.2952227589908749,0.06038647342995169,,,,,,,
9,86.33923778851315,13.083735909822867,0.040257648953301126,0.14090177133655393,0.33548040794417605,0.06038647342995169,,,,,,,
10,85.99033816425121,13.352120236178207,0.040257648953301126,0.20799785292538917,0.3488996242619431,0.06038647342995169,,,,,,,
11,85.4669887278583,13.788244766505636,0.06709608158883522,0.2683843263553409,0.3488996242619431,0.06038647342995169,,,,,,,
12,84.62157809983897,14.593397745571659,0.08051529790660225,0.2683843263553409,0.3757380568974772,0.06038647342995169,,,,,,,
13,79.13982823403113,17.85426731078905,0.08722490606548577,0.35560923242082665,2.4892646269457863,0.06038647342995169,0.013419216317767043,,,,,,
14,76.56333870101986,20.35024154589372,0.07380568974771873,0.47638217928073,2.462426194310252,0.06038647342995169,0.013419216317767043,,,,,,
15,76.30837359098228,20.377079978529252,0.12077294685990338,0.6172839506172839,2.475845410628019,0.06038647342995169,0.040257648953301126,,,,,,
16,75.91250670960815,20.67230273752013,0.12077294685990338,0.6843800322061192,2.4825550187869028,0.06038647342995169,0.06709608158883522,,,,,,
17,71.60493827160494,24.932903918411164,0.14090177133655393,0.7313472893183038,2.462426194310252,0.06038647342995169,0.06709608158883522,,,,,,
18,70.34353193773484,26.093666129898015,0.16774020397208803,0.7581857219538379,2.509393451422437,0.06038647342995169,0.06709608158883522,,,,,,
19,67.74691358024691,28.60305958132045,0.19457863660762212,0.8118625872249061,2.5161030595813205,0.06038647342995169,0.06709608158883522,,,,,,
20,67.51878690284488,28.60305958132045,0.2683843263553409,0.8655394524959742,2.5831991411701556,0.06038647342995169,0.10064412238325282,,,,,,
21,64.78797638217928,31.11916264090177,0.322061191626409,0.8990874932903918,2.7106816961889426,0.06038647342995169,0.10064412238325282,,,,,,
22,64.57997852925389,31.146001073537306,0.3421900161030596,1.0399892646269457,2.703972088030059,0.08722490606548577,0.10064412238325282,,,,,,
23,64.52630166398282,31.17283950617284,0.35560923242082665,1.0601180891035964,2.6838432635534084,0.08722490606548577,0.11406333870101985,,,,,,
24,64.2512077294686,31.239935587761675,0.35560923242082665,1.1876006441223832,2.7643585614600106,0.10064412238325282,0.10064412238325282,,,,,,
25,63.88217928073001,31.54186795491143,0.36902844873859364,1.261406333870102,2.7442297369833604,0.10064412238325282,0.10064412238325282,,,,,,
26,57.76301663982824,33.091787439613526,0.322061191626409,1.06682769726248,7.548309178743962,0.10064412238325282,0.10735373054213634,,,,,,
27,56.635802469135804,33.8768115942029,0.33548040794417605,1.1943102522812667,7.689210950080516,0.10064412238325282,0.13419216317767044,0.03354804079441761,,,,,
28,55.59581320450886,34.628287707997856,0.49651100375738055,1.221148684916801,7.7831454643048845,0.0939345142243693,0.14761137949543746,0.03354804079441761,,,,,
29,55.58910359634997,34.4068706387547,0.5636070853462157,1.3821792807300053,7.7831454643048845,0.0939345142243693,0.14761137949543746,0.03354804079441761,,,,,
30,55.34084809447128,34.42699946323135,0.5971551261406334,1.4761137949543746,7.863660762211487,0.0939345142243693,0.1610305958132045,0.040257648953301126,,,,,
31,53.187063875469676,36.41304347826087,0.6105743424584005,1.5901771336553945,7.809983896940419,0.14090177133655393,0.20799785292538917,0.040257648953301126,,,,,
32,52.603327965646805,38.27160493827161,0.6172839506172839,1.6505636070853462,6.367418142780462,0.15432098765432098,0.19457863660762212,0.14090177133655393,,,,,
33,52.04643048845947,38.62721417069243,0.6038647342995169,1.7042404723564144,6.4412238325281805,0.15432098765432098,0.28180354267310787,0.14090177133655393,,,,,
34,52.04643048845947,38.439345142243695,0.7045088566827697,1.7579173376274826,6.427804616210413,0.19457863660762212,0.2885131508319914,0.14090177133655393,,,,,
35,51.75791733762748,38.6808910359635,0.7045088566827697,1.7646269457863661,6.394256575415996,0.24825550187869028,0.27509393451422437,0.17444981213097155,,,,,
36,51.60359634997316,38.62721417069243,0.7045088566827697,2.1739130434782608,6.112453032742888,0.3421900161030596,0.32877079978529256,0.10735373054213634,,,,,
37,51.44927536231884,38.539989264626946,0.7313472893183038,2.254428341384863,6.139291465378422,0.39586688137412773,0.35560923242082665,0.13419216317767044,,,,,
38,51.06682769726248,38.79495437466452,0.7716049382716049,2.301395598497048,6.119162640901771,0.39586688137412773,0.4025764895330113,0.14761137949543746,,,,,
39,50.905797101449274,37.09742351046699,0.798443370907139,2.428878153515835,7.64224369296833,0.39586688137412773,0.5166398282340311,0.2147074610842727,,,,,
40,50.71121846484165,37.09742351046699,0.8319914117015567,2.408749329039184,7.615405260332796,0.5568974771873323,0.5636070853462157,0.2147074610842727,,,,,
41,44.639023081052066,43.63929146537842,0.6508319914117016,2.3886205045625335,7.481213097155126,0.49651100375738055,0.48980139559849706,0.2147074610842727,,,,,
42,44.639023081052066,43.263553408480945,0.6910896403650026,2.677133655394525,7.474503488996243,0.5166398282340311,0.5166398282340311,0.2214170692431562,,,,,
43,44.65244229736983,42.78046162104133,0.6910896403650026,3.026033279656468,7.5348899624261945,0.5367686527106817,0.5300590445517982,0.24825550187869028,,,,,
44,44.618894256575416,42.54562533548041,0.798443370907139,3.1602254428341383,7.561728395061729,0.5367686527106817,0.5300590445517982,0.24825550187869028,,,,,
45,44.42431561996779,42.45169082125604,0.8185721953837896,3.2474503488996245,7.648953301127214,0.5636070853462157,0.6105743424584005,0.23483628556092323,,,,,
46,44.31025228126678,42.270531400966185,0.9057971014492754,3.3413848631239937,7.669082125603865,0.5837359098228664,0.6843800322061192,0.23483628556092323,,,,,
47,44.256575415995705,42.109500805152976,0.9057971014492754,3.455448201825013,7.7898550724637685,0.5837359098228664,0.6642512077294686,0.23483628556092323,,,,,
48,40.57971014492754,43.12936124530327,0.7246376811594203,3.4957058507783145,10.61460010735373,0.5434782608695652,0.6776704240472357,0.23483628556092323,,,,,
49,39.741009125067094,44.115673644659154,0.6910896403650026,3.3950617283950617,10.59447128287708,0.5367686527106817,0.7045088566827697,0.2214170692431562,,,,,
50,39.51959205582394,44.00161030595813,0.7179280730005367,3.5829307568438002,10.581052066559312,0.5837359098228664,0.7581857219538379,0.2549651100375738,,,,,
51,39.52630166398282,43.914385399892645,0.7246376811594203,3.670155662909286,10.59447128287708,0.5703166935050993,0.7447665056360708,0.2549651100375738,,,,,
52,39.49946323134729,43.80032206119163,0.7581857219538379,3.7573805689747717,10.560923242082662,0.5904455179817498,0.7783145464304885,0.2549651100375738,,,,,
53,37.835480407944175,45.471014492753625,0.7581857219538379,3.717122920021471,10.540794417606012,0.5971551261406334,0.8252818035426731,0.2549651100375738,,,,,
54,37.98309178743961,45.06172839506173,0.7783145464304885,3.851315083199141,10.534084809447128,0.6843800322061192,0.8588298443370908,0.24825550187869028,,,,,
55,36.38620504562534,46.63848631239936,0.8051529790660226,3.8311862587224907,10.50053676865271,0.7112184648416533,0.8789586688137413,0.24825550187869028,,,,,
56,36.3996242619431,46.323134728931834,0.8118625872249061,3.978797638217928,10.527375201288244,0.798443370907139,0.8923778851315083,0.2683843263553409,,,,,
57,36.11782071926999,43.71309715512614,3.9855072463768115,3.8378958668813743,10.420021470746109,0.7783145464304885,0.8789586688137413,0.2683843263553409,,,,,
58,35.950080515297905,43.76006441223833,3.9855072463768115,3.81105743424584,10.413311862587225,0.8454106280193237,0.9259259259259259,0.30864197530864196,,,,,
59,35.72866344605475,43.71309715512614,4.05931293612453,3.9519592055823938,10.352925389157273,0.8923778851315083,0.9930220075147611,0.30864197530864196,,,,,
60,35.67498658078368,43.37761674718197,4.139828234031133,4.03918411164788,10.446859903381643,0.9057971014492754,1.107085346215781,0.30864197530864196,,,,,
61,34.46054750402576,45.06843800322061,3.4688674181427803,4.03918411164788,10.453569511540525,0.9192163177670424,1.2345679012345678,0.2952227589908749,0.06038647342995169,,,,
62,34.292807300053674,44.927536231884055,3.4688674181427803,4.193505099302201,10.487117552334944,1.0399892646269457,1.221148684916801,0.27509393451422437,0.0939345142243693,,,,
63,34.252549651100374,44.498121309715515,3.44873859366613,4.233762748255502,10.50053676865271,1.0601180891035964,1.6170155662909287,0.27509393451422437,0.11406333870101985,,,,
64,32.07192699946323,43.01529790660226,3.4017713365539453,4.17337627482555,14.170692431561998,1.1607622114868492,1.5633387010198605,0.30864197530864196,0.13419216317767044,,,,
65,32.1256038647343,42.7133655394525,3.3480944712828773,4.508856682769726,14.090177133655395,1.1272141706924315,1.6035963499731616,0.3488996242619431,0.13419216317767044,,,,
66,31.219806763285025,43.10252281266774,3.33467525496511,4.4820182501341925,14.754428341384862,1.1003757380568975,1.5096618357487923,0.36231884057971014,0.13419216317767044,,,,
67,31.280193236714975,42.92807300053677,3.3145464304884595,4.562533548040794,14.714170692431562,1.1406333870101986,1.556629092860977,0.3421900161030596,0.1610305958132045,,,,
68,31.28690284487386,42.68652710681696,3.260869565217391,4.736983360171766,14.65378421900161,1.221148684916801,1.6170155662909287,0.3421900161030596,0.19457863660762212,,,,
69,31.300322061191626,42.49194847020934,3.3145464304884595,4.824208266237251,14.546430488459475,1.288244766505636,1.583467525496511,0.4428341384863124,0.20799785292538917,,,,
70,31.30703166935051,42.3443370907139,3.408480944712829,4.87788513150832,14.459205582393988,1.3352120236178207,1.6035963499731616,0.4562533548040794,0.20799785292538917,,,,
71,31.179549114331724,42.29736983360172,3.515834675254965,4.891304347826087,14.51959205582394,1.328502415458937,1.6035963499731616,0.4562533548040794,0.20799785292538917,,,,
72,31.132581857219538,41.88137412775094,3.5963499731615673,5.159688674181428,14.600107353730541,1.3553408480944713,1.6505636070853462,0.41599570585077833,0.20799785292538917,,,,
73,31.13929146537842,41.74718196457327,3.569511540526033,5.2066559312936125,14.566559312936125,1.3955984970477724,1.6706924315619969,0.49651100375738055,0.20799785292538917,,,,
74,30.02549651100376,41.988727858293075,4.924852388620504,4.891304347826087,14.2914653784219,1.4358561460010735,1.6908212560386473,0.5434782608695652,0.20799785292538917,,,,
75,29.998658078368223,41.79414922168545,4.958400429414922,4.830917874396135,14.338432635534085,1.570048309178744,1.7579173376274826,0.5434782608695652,0.20799785292538917,,,,
76,29.978529253891573,41.75389157273215,4.958400429414922,4.830917874396135,14.31159420289855,1.6237251744498122,1.7646269457863661,0.5501878690284487,0.2281266774020397,,,,
77,30.132850241545892,41.358024691358025,4.958400429414922,4.99194847020934,14.278046162104133,1.6170155662909287,1.8317230273752012,0.6038647342995169,0.2281266774020397,,,,
78,30.193236714975846,41.243961352657,4.985238862050457,5.038915727321524,14.251207729468598,1.6170155662909287,1.7847557702630166,0.6374127750939346,0.24825550187869028,,,,
79,30.253623188405797,41.1231884057971,5.005367686527107,5.052334943639291,14.190821256038648,1.737788513150832,1.7579173376274826,0.630703166935051,0.24825550187869028,,,,
80,28.978797638217927,42.44498121309716,4.944981213097155,5.139559849704777,14.036500268384327,1.7310789049919484,1.7646269457863661,0.6709608158883521,0.2885131508319914,,,,
81,28.92512077294686,40.92190016103059,5.032206119162641,5.3341384863123995,15.157004830917874,1.892109500805153,1.778046162104133,0.6709608158883521,0.2885131508319914,,,,
82,27.710681696188942,40.55958132045089,3.730542136339238,5.24020397208803,18.203166935050994,1.8585614600107354,1.7713365539452497,0.7045088566827697,0.2214170692431562,,,,
83,27.811325818572197,40.465646806226516,3.7238325281803544,5.287171229200215,18.129361245303276,1.9189479334406871,1.7713365539452497,0.6709608158883521,0.2214170692431562,,,,
84,27.76435856146001,40.284487385936664,3.7775093934514223,5.441492216854535,18.109232420826622,1.8786902844873858,1.8518518518518519,0.6910896403650026,0.20128824476650564,,,,
85,27.42216854535695,40.425389157273216,3.7909286097691894,5.448201825013419,18.08239398819109,1.9524959742351047,1.9726247987117553,0.7045088566827697,0.20128824476650564,,,,
86,27.509393451422437,40.07648953301127,3.8714439076757916,5.535426731078905,17.914653784219002,2.033011272141707,2.100107353730542,0.7581857219538379,0.20128824476650564,,,,
87,27.522812667740205,39.93558776167472,3.911701556629093,5.515297906602254,17.921363392377884,2.033011272141707,2.1604938271604937,0.7716049382716049,0.2281266774020397,,,,
88,27.58990874932904,39.741009125067094,3.965378421900161,5.669618894256575,17.85426731078905,2.033011272141707,2.167203435319377,0.7447665056360708,0.23483628556092323,,,,
89,27.596618357487923,39.51959205582394,4.012345679012346,5.730005367686527,17.787171229200215,2.147074610842727,2.167203435319377,0.7917337627482555,0.24825550187869028,,,,
90,26.120504562533547,37.775093934514224,3.9318303811057436,5.763553408480945,21.34326355340848,2.1135265700483092,1.9927536231884058,0.7380568974771873,0.2214170692431562,,,,
91,26.1808910359635,37.61406333870102,3.9452495974235107,5.703166935050993,21.22920021470746,2.24771873322598,1.9994632313472893,0.8588298443370908,0.2214170692431562,,,,
92,26.321792807300053,37.47987117552335,3.965378421900161,5.683038110574342,21.034621578099838,2.341653247450349,2.046430488459474,0.8722490606548577,0.2549651100375738,,,,
93,26.288244766505635,37.17793880837359,4.03918411164788,5.837359098228664,21.021202361782073,2.442297369833602,2.046430488459474,0.8923778851315083,0.2549651100375738,,,,
94,25.811862587224905,37.5402576489533,4.032474503488996,6.052066559312936,20.8064949006978,2.462426194310252,2.13365539452496,0.9057971014492754,0.2549651100375738,,,,
95,25.731347289318304,37.506709608158886,4.045893719806763,6.0587761674718195,20.799785292538918,2.4825550187869028,2.120236178207193,0.9930220075147611,0.2616747181964573,,,,
96,25.731347289318304,37.30542136339238,4.0995705850778315,6.159420289855072,20.779656468062264,2.428878153515835,2.1739130434782608,1.0601180891035964,0.2616747181964573,,,,
97,25.731347289318304,37.23832528180354,4.1532474503489,6.132581857219538,20.759527643585614,2.536231884057971,2.200751476113795,0.9863123993558777,0.2616747181964573,,,,
98,25.77831454643049,37.17122920021471,4.139828234031133,6.105743424584004,20.531400966183575,2.623456790123457,2.2611379495437465,1.0601180891035964,0.32877079978529256,,,,
99,25.885668276972623,37.043746645195924,4.133118625872249,6.159420289855072,20.45088566827697,2.6502952227589907,2.3349436392914655,0.9796027911969941,0.36231884057971014,,,,
100,25.738056897477186,36.24530327428878,5.314009661835748,5.978260869565218,20.33011272141707,2.5697799248523885,2.38191089640365,1.0802469135802468,0.36231884057971014,,,,
101,25.704508856682768,36.20504562533548,5.367686527106817,5.904455179817498,20.37037037037037,2.6704240472356413,2.3752012882447664,1.0399892646269457,0.36231884057971014,,,,
102,25.650831991411703,36.010466988727856,5.790391841116479,5.877616747181965,20.088566827697264,2.703972088030059,2.4020397208803006,1.0802469135802468,0.39586688137412773,,,,
103,25.785024154589372,35.72866344605475,6.172839506172839,5.803811057434245,19.826892109500804,2.771068169618894,2.38191089640365,1.1540526033279657,0.3757380568974772,,,,
104,25.764895330112722,35.71524422973698,6.0654857756307035,5.770263016639828,19.726247987117553,2.7777777777777777,2.442297369833602,1.3620504562533549,0.3757380568974772,,,,
105,25.684380032206118,35.601180891035966,6.461352657004831,5.689747718733226,19.545088566827697,2.771068169618894,2.4355877616747184,1.4358561460010735,0.3757380568974772,,,,
106,25.738056897477186,35.35963499731616,6.508319914117015,6.005099302200751,19.16935050993022,2.8515834675254963,2.5295222758990876,1.4626945786366077,0.3757380568974772,,,,
107,24.724906065485776,33.97745571658615,6.481481481481482,5.964841653247451,21.511003757380568,3.046162104133119,2.475845410628019,1.442565754159957,0.3757380568974772,,,,
108,24.838969404186795,33.81642512077295,6.488191089640365,5.938003220611916,21.464036500268385,3.052871712292002,2.5563607085346214,1.4694041867954912,0.3757380568974772,,,,
109,24.785292538915726,33.742619431025226,6.535158346752549,6.031937734836285,21.35668276972625,3.066290928609769,2.5563607085346214,1.5499194847020934,0.3757380568974772,,,,
110,24.792002147074612,33.68894256575416,6.5552871712292005,6.166129898013956,21.26274825550188,3.0394524959742353,2.5697799248523885,1.5499194847020934,0.3757380568974772,,,,
111,24.704777241009126,33.58829844337091,6.508319914117015,6.233225979602791,21.22249060654858,3.0730005367686526,2.690552871712292,1.6035963499731616,0.3757380568974772,,,,
112,24.718196457326894,33.45410628019324,6.575415995705851,6.226516371443908,21.16881374127751,3.1468062265163717,2.7241009125067097,1.6103059581320451,0.3757380568974772,,,,
113,24.805421363392377,33.15217391304348,6.541867954911433,6.105743424584004,20.947396672034355,3.166935050993022,3.2877079978529253,1.583467525496511,0.4092860976918948,,,,
114,24.020397208803004,32.47450348899624,6.481481481481482,6.119162640901771,22.584541062801932,3.140096618357488,3.207192699946323,1.5767579173376274,0.39586688137412773,,,,
115,24.228395061728396,32.26650563607085,6.427804616210413,6.1929683306494905,22.423510466988727,3.1468062265163717,3.240740740740741,1.6572732152442298,0.41599570585077833,,,,
116,24.18142780461621,32.14573268921095,6.427804616210413,6.179549114331723,22.403381642512077,3.3145464304884595,3.227321524422974,1.7042404723564144,0.41599570585077833,,,,
117,24.235104669887278,31.93102522812668,6.461352657004831,6.327160493827161,22.342995169082126,3.307836822329576,3.240740740740741,1.7646269457863661,0.38915727321524424,,,,
118,24.18142780461621,31.843800322061192,6.481481481481482,6.3137412775093935,22.25577026301664,3.294417606011809,3.307836822329576,1.90552871712292,0.41599570585077833,,,,
119,24.22168545356951,31.743156199677937,6.615673644659152,6.360708534621578,22.134997316156735,3.240740740740741,3.374932903918411,1.892109500805153,0.41599570585077833,,,,
120,23.2487922705314,30.246913580246915,5.917874396135265,6.213097155126141,25.503220611916262,3.2877079978529253,3.2877079978529253,1.9390767579173376,0.35560923242082665,,,,
121,23.282340311325818,30.22007514761138,5.958132045088567,6.179549114331723,25.503220611916262,3.3145464304884595,3.2474503488996245,1.9256575415995705,0.35560923242082665,0.013419216317767043,,,
122,23.275630703166936,30.18652710681696,5.984970477724101,6.1929683306494905,25.483091787439612,3.3480944712828773,3.1870638754696725,1.9726247987117553,0.35560923242082665,0.013419216317767043,,,
123,22.71202361782072,30.770263016639827,5.9514224369296835,6.179549114331723,25.41599570585078,3.3480944712828773,3.2742887815351582,1.9793344068706387,0.35560923242082665,0.013419216317767043,,,
124,22.665056360708533,30.730005367686527,5.964841653247451,5.877616747181965,25.711218464841654,3.3145464304884595,3.3413848631239937,2.0263016639828235,0.35560923242082665,0.013419216317767043,,,
125,22.571121846484164,30.54884594739667,6.005099302200751,5.844068706387547,25.825281803542673,3.3682232957595275,3.4286097691894795,2.0397208803005906,0.35560923242082665,0.013419216317767043,,,
126,21.846484165324746,29.146537842190018,5.978260869565218,5.730005367686527,28.193773483628558,3.2742887815351582,3.3816425120772946,2.0799785292538915,0.35560923242082665,0.013419216317767043,,,
127,21.826355340848096,29.106280193236714,5.971551261406334,5.723295759527644,28.099838969404185,3.33467525496511,3.4420289855072466,2.1604938271604937,0.322061191626409,0.013419216317767043,,,
128,21.76596886741814,29.07944176060118,5.924584004294149,5.776972624798712,28.039452495974235,3.307836822329576,3.5628019323671496,2.167203435319377,0.36231884057971014,0.013419216317767043,,,
129,21.826355340848096,29.01905528717123,5.991680085882985,5.803811057434245,27.51610305958132,3.307836822329576,3.8848631239935587,2.2074610842726785,0.36231884057971014,0.08051529790660225,,,
130,21.651905528717123,28.764090177133657,5.911164787976382,5.924584004294149,27.76435856146001,3.361513687600644,3.8915727321524423,2.2611379495437465,0.36231884057971014,0.10735373054213634,,,
131,21.69887278582931,28.6231884057971,5.978260869565218,5.931293612453032,27.65029522275899,3.294417606011809,4.066022544283414,2.2745571658615136,0.36231884057971014,0.12077294685990338,,,
132,21.85319377348363,28.609769189479334,5.904455179817498,5.964841653247451,27.502683843263554,3.260869565217391,4.03918411164788,2.3550724637681157,0.38915727321524424,0.12077294685990338,,,
133,21.732420826623724,28.327965646806227,6.595544820182502,5.924584004294149,27.375201288244767,3.2877079978529253,4.005636070853462,2.3081052066559313,0.3153515834675255,0.12077294685990338,0.0067096081588835215,,
134,21.712292002147073,28.22061191626409,6.582125603864735,6.1862587224906065,27.180622651637144,3.3279656468062266,4.045893719806763,2.2879763821792807,0.32877079978529256,0.12077294685990338,0.0067096081588835215,,
135,21.74584004294149,28.019323671497585,6.622383252818035,6.3070316693505095,27.106816961889425,3.3413848631239937,4.03918411164788,2.3483628556092326,0.32877079978529256,0.13419216317767044,0.0067096081588835215,,
136,21.66532474503489,27.89855072463768,6.602254428341385,6.286902844873859,27.214170692431562,3.361513687600644,4.052603327965647,2.4355877616747184,0.3421900161030596,0.13419216317767044,0.0067096081588835215,,
137,21.732420826623724,27.657004830917874,6.649221685453569,6.367418142780462,27.167203435319376,3.408480944712829,4.133118625872249,2.4020397208803006,0.3421900161030596,0.13419216317767044,0.0067096081588835215,,
138,21.85319377348363,27.549651100375737,6.702898550724638,6.327160493827161,27.093397745571657,3.435319377348363,4.159957058507783,2.408749329039184,0.32877079978529256,0.13419216317767044,0.0067096081588835215,,
139,21.812936124530328,27.408749329039185,6.769994632313473,6.414385399892646,27.106816961889425,3.5091250670960816,4.106280193236715,2.4020397208803006,0.32877079978529256,0.13419216317767044,0.0067096081588835215,,
140,21.87332259796028,27.34836285560923,6.790123456790123,6.400966183574879,26.94578636607622,3.515834675254965,4.1532474503489,2.5026838432635534,0.32877079978529256,0.13419216317767044,0.0067096081588835215,,
141,21.772678475577028,27.375201288244767,6.796833064949007,6.427804616210413,26.838432635534083,3.4957058507783145,4.240472356414386,2.5563607085346214,0.3421900161030596,0.14761137949543746,0.0067096081588835215,,
142,21.926999463231347,27.274557165861513,6.729736983360172,6.347289318303811,26.78475577026302,3.4957058507783145,4.408212560386473,2.5563607085346214,0.322061191626409,0.14761137949543746,0.0067096081588835215,,
143,21.833064949006978,27.214170692431562,6.776704240472356,6.468062265163715,26.818303811057433,3.4688674181427803,4.367954911433173,2.5966183574879227,0.322061191626409,0.1274825550187869,0.0067096081588835215,,
144,21.85990338164251,27.113526570048307,6.796833064949007,6.394256575415996,26.77133655394525,3.616478797638218,4.394793344068707,2.5966183574879227,0.322061191626409,0.1274825550187869,0.0067096081588835215,,
145,21.38352120236178,26.94578636607622,6.890767579173376,6.273483628556092,27.72410091250671,3.6231884057971016,4.334406870638754,2.368491680085883,0.322061191626409,0.1274825550187869,0.0067096081588835215,,
146,21.4170692431562,26.818303811057433,6.91760601180891,6.266774020397209,27.502683843263554,3.683574879227053,4.522275899087493,2.4154589371980677,0.322061191626409,0.1274825550187869,0.0067096081588835215,,
147,21.450617283950617,26.704240472356414,6.863929146537842,6.179549114331723,27.375201288244767,3.8311862587224907,4.575952764358561,2.563070316693505,0.322061191626409,0.1274825550187869,0.0067096081588835215,,
148,21.497584541062803,26.576757917337627,6.9310252281266775,6.166129898013956,27.26113794954375,3.864734299516908,4.616210413311863,2.6301663982823404,0.322061191626409,0.1274825550187869,0.0067096081588835215,,
149,21.309715512614062,26.737788513150832,6.984702093397746,6.253354804079442,27.03972088030059,3.9049919484702094,4.663177670424047,2.6838432635534084,0.2885131508319914,0.1274825550187869,0.0067096081588835215,,
150,21.390230810520666,26.596886741814277,7.024959742351046,6.286902844873859,26.972624798711756,3.8848631239935587,4.74369296833065,2.690552871712292,0.27509393451422437,0.1274825550187869,0.0067096081588835215,,
151,21.477455716586153,26.48953301127214,7.058507783145465,6.286902844873859,26.85185185185185,3.8848631239935587,4.8443370907139025,2.6972624798711755,0.27509393451422437,0.1274825550187869,0.0067096081588835215,,
152,21.557971014492754,26.35534084809447,7.118894256575416,6.347289318303811,26.704240472356414,3.9452495974235107,4.9718196457326895,2.6033279656468062,0.2616747181964573,0.1274825550187869,0.0067096081588835215,,
153,21.43719806763285,26.227858293075684,7.232957595276436,6.327160493827161,26.596886741814277,4.1129898013955986,5.018786902844874,2.6435856146001075,0.2683843263553409,0.1274825550187869,0.0067096081588835215,,
154,21.524422973698336,26.187600644122384,7.246376811594203,6.353998926462695,26.54320987654321,4.106280193236715,4.9718196457326895,2.6301663982823404,0.30193236714975846,0.1274825550187869,0.0067096081588835215,,
155,21.43719806763285,26.167471819645733,7.306763285024155,6.347289318303811,26.36876006441224,4.334406870638754,5.018786902844874,2.5831991411701556,0.30193236714975846,0.1274825550187869,0.0067096081588835215,,
156,21.34326355340848,25.946054750402578,7.39398819108964,6.447933440687064,26.006441223832528,4.334406870638754,5.394524959742351,2.6972624798711755,0.30193236714975846,0.1274825550187869,0.0067096081588835215,,
157,21.336553945249598,25.85882984433709,7.4141170155662905,6.535158346752549,25.79844337090714,4.414922168545357,5.501878690284487,2.6972624798711755,0.28180354267310787,0.15432098765432098,0.0067096081588835215,,
158,20.913848631239937,25.5300590445518,6.528448738593666,6.347289318303811,27.72410091250671,4.676596886741814,5.340848094471283,2.6167471819645733,0.1610305958132045,0.15432098765432098,0.0067096081588835215,,
159,20.94068706387547,25.389157273215243,6.447933440687064,6.3070316693505095,27.77777777777778,4.7168545356951155,5.434782608695652,2.61003757380569,0.1878690284487386,0.18115942028985507,0.0067096081588835215,,
160,20.967525496511005,25.355609232420825,6.474771873322598,6.253354804079442,27.717391304347824,4.7638217928073,5.407944176060118,2.6838432635534084,0.1878690284487386,0.18115942028985507,0.0067096081588835215,,
161,20.873590982286636,25.228126677402038,6.494900697799249,6.166129898013956,28.06629092860977,4.690016103059581,5.421363392377885,2.6838432635534084,0.1878690284487386,0.18115942028985507,0.0067096081588835215,,
162,20.840042941492218,25.15432098765432,6.508319914117015,6.139291465378422,28.032742887815353,4.683306494900698,5.548845947396672,2.6972624798711755,0.20799785292538917,0.18115942028985507,0.0067096081588835215,,
163,20.665593129361245,24.4296833064949,6.494900697799249,6.085614600107354,27.81803542673108,5.984970477724101,5.4549114331723025,2.6301663982823404,0.2549651100375738,0.18115942028985507,,,
164,16.914922168545356,34.92351046698873,5.615942028985507,5.173107890499195,25.295222758990874,5.052334943639291,4.294149221685454,2.3215244229736984,0.24154589371980675,0.16774020397208803,,,
165,17.07595276435856,34.80944712828771,5.5756843800322065,5.24020397208803,25.207997852925388,4.998658078368224,4.314278046162104,2.368491680085883,0.24154589371980675,0.16774020397208803,,,
166,16.948470209339774,34.447128287708,5.656199677938808,5.179817498658078,25.677670424047236,5.005367686527107,4.30756843800322,2.341653247450349,0.2683843263553409,0.16774020397208803,,,
167,17.01556629092861,34.11835748792271,5.609232420826624,5.441492216854535,25.462962962962962,5.119431025228127,4.3545356951154055,2.442297369833602,0.2683843263553409,0.16774020397208803,,,
168,17.01556629092861,34.01100375738057,5.615942028985507,5.508588298443371,25.40257648953301,5.0858829844337095,4.40150295222759,2.522812667740204,0.2683843263553409,0.16774020397208803,,,
169,16.861245303274288,33.20585077831455,8.655394524959743,5.293880837359098,23.993558776167472,5.025496511003757,4.374664519592056,2.1806226516371443,0.24154589371980675,0.16774020397208803,,,
170,16.834406870638755,33.051529790660226,8.76274825550188,5.367686527106817,23.886205045625335,5.059044551798175,4.374664519592056,2.254428341384863,0.24154589371980675,0.16774020397208803,,,
171,16.968599033816425,32.870370370370374,8.82313472893183,5.407944176060118,23.832528180354267,5.0858829844337095,4.3478260869565215,2.254428341384863,0.24154589371980675,0.16774020397208803,,,
172,16.968599033816425,32.689210950080515,8.796296296296296,5.562265163714439,23.70504562533548,5.12614063338701,4.38137412775094,2.328234031132582,0.27509393451422437,0.16774020397208803,,,
173,17.028985507246375,32.52818035426731,8.856682769726248,5.609232420826624,23.564143853998928,5.146269457863661,4.461889425657541,2.3349436392914655,0.30193236714975846,0.16774020397208803,,,
174,17.03569511540526,32.33360171765969,8.876811594202898,5.756843800322061,23.503757380568974,5.179817498658078,4.528985507246377,2.301395598497048,0.30193236714975846,0.16774020397208803,0.013419216317767043,,
175,17.143048845947398,32.10547504025765,8.836553945249598,5.837359098228664,23.423242082662373,5.159688674181428,4.669887278582931,2.301395598497048,0.35560923242082665,0.15432098765432098,0.013419216317767043,,
176,17.09608158883521,32.018250134192165,8.84326355340848,5.904455179817498,23.376274825550187,5.159688674181428,4.7168545356951155,2.3483628556092326,0.36902844873859364,0.15432098765432098,0.013419216317767043,,
177,17.122920021470748,31.816961889425656,8.863392377885132,6.005099302200751,23.356146001073537,5.2066559312936125,4.703435319377348,2.395330112721417,0.36231884057971014,0.15432098765432098,0.013419216317767043,,
178,17.183306494900698,31.729736983360173,8.84326355340848,6.085614600107354,23.19511540526033,5.253623188405797,4.736983360171766,2.4221685453569513,0.3824476650563607,0.15432098765432098,0.013419216317767043,,
179,17.297369833601717,31.447933440687063,8.829844337090714,5.904455179817498,23.081052066559312,5.615942028985507,4.74369296833065,2.509393451422437,0.4025764895330113,0.15432098765432098,0.013419216317767043,,
180,17.652979066022546,31.246645195920557,8.876811594202898,5.911164787976382,22.82608695652174,5.595813204508857,4.690016103059581,2.6301663982823404,0.4025764895330113,0.15432098765432098,0.013419216317767043,,
181,17.74020397208803,31.132581857219538,8.836553945249598,5.958132045088567,22.705314009661837,5.709876543209877,4.7101449275362315,2.6502952227589907,0.38915727321524424,0.15432098765432098,0.013419216317767043,,
182,17.901234567901234,30.931293612453032,8.829844337090714,6.085614600107354,22.685185185185187,5.703166935050993,4.696725711218465,2.6167471819645733,0.38915727321524424,0.15432098765432098,0.0067096081588835215,,
183,17.887815351583466,30.649490069779926,8.950617283950617,6.1862587224906065,22.611379495437465,5.850778314546431,4.569243156199678,2.703972088030059,0.38915727321524424,0.16774020397208803,0.03354804079441761,,
184,17.94820182501342,30.60252281266774,8.715780998389693,6.152710681696189,22.852925389157274,5.797101449275362,4.643048845947397,2.6972624798711755,0.38915727321524424,0.16774020397208803,0.03354804079441761,,
185,17.538915727321523,30.92458400429415,8.695652173913043,6.353998926462695,22.644927536231883,5.891035963499732,4.7101449275362315,2.6502952227589907,0.38915727321524424,0.16774020397208803,0.03354804079441761,,
186,17.599302200751477,30.823939881910896,8.769457863660762,6.400966183574879,22.624798711755233,5.897745571658615,4.669887278582931,2.623456790123457,0.38915727321524424,0.16774020397208803,0.03354804079441761,,
187,17.23027375201288,30.52200751476114,8.158883521202362,6.394256575415996,24.349168008588297,5.790391841116479,4.757112184648417,2.2946859903381642,0.30193236714975846,0.16774020397208803,0.03354804079441761,,
188,17.37788513150832,30.367686527106816,8.219269994632313,6.394256575415996,24.174718196457327,5.770263016639828,4.797369833601718,2.395330112721417,0.30193236714975846,0.16774020397208803,0.03354804079441761,,
189,17.478529253891573,29.944981213097154,8.219269994632313,6.904186795491143,24.020397208803004,5.750134192163178,4.757112184648417,2.4221685453569513,0.30193236714975846,0.16774020397208803,0.03354804079441761,,
190,17.53220611916264,29.757112184648417,8.28636607622115,6.971282877079979,23.946591519055286,5.736714975845411,4.824208266237251,2.442297369833602,0.30193236714975846,0.16774020397208803,0.03354804079441761,,
191,17.713365539452496,29.58937198067633,8.272946859903382,6.9243156199677935,23.886205045625335,5.870907139023081,4.790660225442834,2.4490069779924855,0.30193236714975846,0.16774020397208803,0.03354804079441761,,
192,17.216854535695116,31.112453032742888,7.997852925389157,6.823671497584541,23.470209339774556,5.837359098228664,4.5893719806763285,2.4355877616747184,0.30193236714975846,0.18115942028985507,0.03354804079441761,,
193,17.156468062265162,30.85077831454643,8.32662372517445,6.843800322061192,23.242082662372518,5.9514224369296835,4.669887278582931,2.442297369833602,0.322061191626409,0.16774020397208803,0.026838432635534086,,
194,17.330917874396135,30.810520665593128,8.272946859903382,6.863929146537842,23.101180891035963,6.0654857756307035,4.663177670424047,2.368491680085883,0.32877079978529256,0.16774020397208803,0.026838432635534086,,
195,17.310789049919485,30.62265163714439,8.313204508856682,6.957863660762212,23.101180891035963,6.072195383789587,4.676596886741814,2.395330112721417,0.32877079978529256,0.16774020397208803,0.026838432635534086,0.026838432635534086,
196,17.317498658078367,30.3743961352657,8.28636607622115,7.1658615136876005,23.081052066559312,6.025228126677402,4.703435319377348,2.462426194310252,0.36231884057971014,0.16774020397208803,0.026838432635534086,0.026838432635534086,
197,17.330917874396135,30.26033279656468,8.407139023081053,7.085346215780999,23.027375201288244,6.085614600107354,4.750402576489533,2.4557165861513686,0.36231884057971014,0.16774020397208803,0.040257648953301126,0.026838432635534086,
198,17.351046698872786,30.152979066022546,8.507783145464305,7.092055823939882,22.86634460547504,6.1862587224906065,4.810789049919484,2.4490069779924855,0.3488996242619431,0.16774020397208803,0.040257648953301126,0.026838432635534086,
199,17.411433172302736,30.152979066022546,8.561460010735374,7.092055823939882,22.758990874932906,6.172839506172839,4.8376274825550185,2.4557165861513686,0.3488996242619431,0.14090177133655393,0.040257648953301126,0.026838432635534086,
200,17.438271604938272,29.985238862050455,8.61513687600644,7.2933440687063875,22.65834675254965,6.233225979602791,4.757112184648417,2.4691358024691357,0.3488996242619431,0.13419216317767044,0.040257648953301126,0.026838432635534086,
201,17.418142780461622,29.837627482555018,8.648684916800859,7.353730542136339,22.497316156736446,6.3137412775093935,4.864465915190553,2.5161030595813205,0.3488996242619431,0.13419216317767044,0.040257648953301126,0.026838432635534086,
202,17.351046698872786,29.74369296833065,8.796296296296296,7.320182501341922,22.530864197530864,6.360708534621578,4.8376274825550185,2.509393451422437,0.3488996242619431,0.13419216317767044,0.040257648953301126,0.026838432635534086,
203,17.297369833601717,29.508856682769725,8.84326355340848,7.494632313472893,22.497316156736446,6.280193236714976,4.9718196457326895,2.5563607085346214,0.3488996242619431,0.13419216317767044,0.040257648953301126,0.026838432635534086,
204,17.438271604938272,29.448470209339774,8.836553945249598,7.548309178743962,22.403381642512077,6.260064412238325,5.01207729468599,2.5026838432635534,0.3488996242619431,0.13419216317767044,0.040257648953301126,0.026838432635534086,
205,17.290660225442835,29.20692431561997,8.829844337090714,7.809983896940419,22.805958132045088,6.246645195920558,4.9651100375738055,2.2946859903381642,0.3488996242619431,0.13419216317767044,0.040257648953301126,0.026838432635534086,
206,16.948470209339774,28.589640365002683,8.682232957595277,7.75630703166935,24.214975845410628,6.172839506172839,4.824208266237251,2.24771873322598,0.36231884057971014,0.13419216317767044,0.040257648953301126,0.026838432635534086,
207,16.988727858293075,28.5829307568438,8.655394524959743,7.843531937734836,24.10762211486849,6.085614600107354,4.851046698872786,2.3215244229736984,0.36231884057971014,0.13419216317767044,0.040257648953301126,0.026838432635534086,
208,17.07595276435856,28.408480944712828,8.601717659688674,7.917337627482555,24.18142780461621,6.025228126677402,4.911433172302737,2.314814814814815,0.36231884057971014,0.13419216317767044,0.040257648953301126,0.026838432635534086,
209,16.371443907675793,27.932098765432098,8.192431561996779,8.172302737520129,25.711218464841654,6.031937734836285,4.7638217928073,2.2879763821792807,0.33548040794417605,0.13419216317767044,0.040257648953301126,0.026838432635534086,
210,16.23725174449812,27.885131508319915,8.205850778314547,8.185721953837897,25.85882984433709,6.045356951154052,4.757112184648417,2.281266774020397,0.3421900161030596,0.13419216317767044,0.040257648953301126,0.026838432635534086,
211,16.170155662909288,27.87842190016103,8.239398819108963,8.11862587224906,25.905797101449274,6.085614600107354,4.797369833601718,2.2879763821792807,0.3153515834675255,0.13419216317767044,0.040257648953301126,0.026838432635534086,
212,16.364734299516908,27.730810520665592,8.252818035426731,8.192431561996779,25.731347289318304,6.072195383789587,4.891304347826087,2.24771873322598,0.3153515834675255,0.13419216317767044,0.040257648953301126,0.026838432635534086,
213,16.25067096081589,27.563070316693505,8.494363929146537,8.192431561996779,25.617283950617285,6.119162640901771,4.884594739667204,2.3617820719269993,0.3153515834675255,0.13419216317767044,0.040257648953301126,0.026838432635534086,
214,16.23054213633924,27.408749329039185,8.413848631239935,8.3064949006978,25.51663982823403,6.266774020397209,4.918142780461621,2.4221685453569513,0.30193236714975846,0.13419216317767044,0.05367686527106817,0.026838432635534086,
215,16.25738056897477,27.26784755770263,8.467525496511003,8.319914117015566,25.462962962962962,6.246645195920558,4.958400429414922,2.4557165861513686,0.33548040794417605,0.14761137949543746,0.05367686527106817,0.026838432635534086,
216,16.297638217928075,27.234299516908212,8.548040794417606,8.353462157809984,25.308641975308642,6.266774020397209,4.944981213097155,2.4825550187869028,0.33548040794417605,0.14761137949543746,0.05367686527106817,0.026838432635534086,
