,45,50,51,55,53,52,56,57,54,58
0,96.28287707997853,3.717122920021471,,,,,,,,
1,96.28287707997853,3.717122920021471,,,,,,,,
2,96.28287707997853,3.717122920021471,,,,,,,,
3,88.24476650563606,11.75523349436393,,,,,,,,
4,86.70155662909286,13.298443370907139,,,,,,,,
5,85.5072463768116,14.492753623188406,,,,,,,,
6,78.7909286097692,21.20907139023081,,,,,,,,
7,77.37520128824477,17.60601180891036,5.018786902844874,,,,,,,
8,58.984165324745035,36.533816425120776,4.28743961352657,0.19457863660762212,,,,,,
9,58.97745571658615,34.60144927536232,3.549382716049383,,2.871712292002147,,,,,
10,59.15190552871712,34.4873859366613,3.488996242619431,,2.871712292002147,,,,,
11,59.292807300053674,34.346484165324746,3.488996242619431,,2.871712292002147,,,,,
12,59.39345142243693,34.245840042941495,3.488996242619431,,2.871712292002147,,,,,
13,59.554482018250134,34.084809447128286,3.488996242619431,,2.871712292002147,,,,,
14,59.715512614063336,33.95061728395062,3.4621578099838968,,2.871712292002147,,,,,
15,59.76918947933441,33.89694041867955,3.4621578099838968,,2.871712292002147,,,,,
16,59.84299516908212,33.843263553408484,3.4420289855072466,,2.871712292002147,,,,,
17,59.97047772410091,33.74932903918411,3.4420289855072466,,2.8381642512077296,,,,,
18,60.00402576489533,33.7157809983897,3.4420289855072466,,2.8381642512077296,,,,,
19,59.594739667203434,32.39398819108964,3.4420289855072466,,2.8381642512077296,1.7310789049919484,,,,
20,59.675254965110035,32.31347289318304,3.4420289855072466,,2.8381642512077296,1.7310789049919484,,,,
21,58.93719806763285,33.051529790660226,3.4420289855072466,,2.8381642512077296,1.7310789049919484,,,,
22,48.23537305421363,43.61916264090177,3.4420289855072466,0.13419216317767044,2.8381642512077296,1.7310789049919484,,,,
23,48.25550187869028,41.908212560386474,3.4420289855072466,1.8250134192163177,2.8381642512077296,1.7310789049919484,,,,
24,48.429951690821255,41.74718196457327,3.4420289855072466,1.8250134192163177,2.8247450348899625,1.7310789049919484,,,,
25,47.00080515297907,39.84836285560923,3.4420289855072466,1.8250134192163177,2.8247450348899625,5.059044551798175,,,,
26,47.0679012345679,39.83494363929147,3.4420289855072466,1.8183038110574343,2.7777777777777777,5.059044551798175,,,,
27,47.134997316156735,39.23778851315083,3.4420289855072466,1.8183038110574343,2.7777777777777777,5.589103596349974,,,,
28,47.296027911969944,39.01637144390767,3.4420289855072466,1.8786902844873858,2.7777777777777777,5.589103596349974,,,,
29,45.410628019323674,41.6532474503489,3.421900161030596,1.8786902844873858,2.7777777777777777,4.85775630703167,,,,
30,43.78690284487386,43.323939881910896,3.421900161030596,1.8786902844873858,2.7509393451422435,4.8376274825550185,,,,
31,43.69296833064949,40.21068169618894,3.408480944712829,1.8786902844873858,2.7509393451422435,8.05823939881911,,,,
32,41.948470209339774,36.50697799248524,9.131776704240472,1.8786902844873858,2.7509393451422435,7.7831454643048845,,,,
33,42.01556629092861,36.460010735373054,9.118357487922705,1.8786902844873858,2.7509393451422435,7.776435856146001,,,,
34,42.223564143854,36.3593666129898,9.098228663446054,1.8786902844873858,2.6704240472356413,7.769726247987117,,,,
35,42.23698336017176,36.111111111111114,9.77589908749329,1.8786902844873858,2.6704240472356413,7.326892109500805,,,,
36,41.47879763821793,37.07058507783145,9.742351046698873,1.8786902844873858,2.6435856146001075,7.185990338164252,,,,
37,41.666666666666664,36.91626409017714,9.722222222222221,1.8786902844873858,2.6301663982823404,7.185990338164252,,,,
38,38.29173376274826,39.962426194310254,8.756038647342995,1.8786902844873858,2.9723564143853998,7.185990338164252,0.95276435856146,,,
39,38.459473966720346,39.81481481481482,8.756038647342995,1.8786902844873858,2.9723564143853998,7.1658615136876005,0.95276435856146,,,
40,38.52657004830918,38.66076221148685,7.689210950080516,1.8786902844873858,2.9723564143853998,10.265700483091788,0.0067096081588835215,,,
41,38.67418142780462,38.5601180891036,7.689210950080516,1.8786902844873858,2.9723564143853998,10.218733225979603,0.0067096081588835215,,,
42,36.95652173913044,32.48121309715513,7.6556629092860975,1.7914653784219001,2.871712292002147,18.23671497584541,0.0067096081588835215,,,
43,36.943102522812666,32.420826623725176,7.595276435856146,1.7914653784219001,2.8650026838432634,18.377616747181964,0.0067096081588835215,,,
44,37.07729468599034,32.340311325818575,7.561728395061729,1.7914653784219001,2.8650026838432634,18.357487922705314,0.0067096081588835215,,,
45,33.32662372517445,36.14465915190553,7.561728395061729,1.7914653784219001,2.8650026838432634,18.303811057434245,0.0067096081588835215,,,
46,33.45410628019324,36.08427267847558,7.494632313472893,1.7914653784219001,2.8650026838432634,18.303811057434245,0.0067096081588835215,,,
47,33.66881374127751,36.00375738056898,7.494632313472893,1.7713365539452497,2.791196994095545,18.263553408480945,0.0067096081588835215,,,
48,33.77616747181965,35.96349973161568,7.474503488996243,1.7713365539452497,2.791196994095545,18.21658615136876,0.0067096081588835215,,,
49,31.89747718733226,34.29951690821256,11.131239935587761,1.7713365539452497,2.791196994095545,18.10252281266774,0.0067096081588835215,,,
50,32.19269994632314,34.27938808373591,10.943370907139023,1.7713365539452497,2.7643585614600106,18.04213633923779,0.0067096081588835215,,,
51,32.14573268921095,33.89023081052066,10.795759527643586,1.892109500805153,4.750402576489533,16.51905528717123,0.0067096081588835215,,,
52,32.03166935050993,33.863392377885134,9.400161030595813,1.892109500805153,4.750402576489533,16.485507246376812,1.5767579173376274,,,
53,32.17928073000537,33.78958668813741,9.380032206119163,1.892109500805153,4.750402576489533,16.438539989264626,1.570048309178744,,,
54,29.005636070853463,33.20585077831455,14.834943639291465,1.892109500805153,4.361245303274289,15.13016639828234,1.570048309178744,,,
55,28.904991948470208,32.085346215781,14.553140096618357,1.8317230273752012,4.361245303274289,16.6935050993022,1.570048309178744,,,
56,28.20048309178744,26.133923778851315,21.712292002147073,1.7042404723564144,4.025764895330113,16.6532474503489,1.570048309178744,,,
57,28.341384863123995,26.08695652173913,21.631776704240472,1.7042404723564144,4.025764895330113,16.6532474503489,1.556629092860977,,,
58,28.435319377348364,26.04669887278583,21.584809447128286,1.7042404723564144,4.025764895330113,16.646537842190018,1.556629092860977,,,
59,28.64331723027375,25.986312399355878,21.504294149221685,1.6908212560386473,4.025764895330113,16.445249597423512,1.556629092860977,0.14761137949543746,,
60,25.865539452495973,24.214975845410628,30.730005367686527,1.4626945786366077,2.536231884057971,13.6406333870102,1.5499194847020934,,,
61,24.295491143317232,23.429951690821255,33.99087493290392,1.4626945786366077,2.536231884057971,12.734836285560924,1.5499194847020934,,,
62,23.91304347826087,22.41009125067096,33.77616747181965,1.4626945786366077,2.147074610842727,14.741009125067096,1.5499194847020934,,,
63,15.203972088030058,30.347557702630166,33.742619431025226,1.4626945786366077,1.8384326355340848,14.546430488459475,1.5499194847020934,,1.3083735909822867,
64,15.26435856146001,30.300590445517983,36.82903918411165,1.4626945786366077,1.8384326355340848,11.446591519055287,1.5499194847020934,,1.3083735909822867,
65,15.378421900161031,28.415190552871714,35.19189479334407,4.891304347826087,1.8384326355340848,11.426462694578637,1.5499194847020934,,1.3083735909822867,
66,15.318035426731079,28.395061728395063,35.38647342995169,4.891304347826087,1.8384326355340848,11.325818572195384,1.5499194847020934,,1.2949543746645196,
67,15.70048309178744,27.67042404723564,35.29253891572732,5.374396135265701,1.8384326355340848,11.2788513150832,1.5499194847020934,,1.2949543746645196,
68,15.94873859366613,27.596618357487923,34.99060654857756,5.508588298443371,1.8384326355340848,11.2788513150832,1.5432098765432098,,1.2949543746645196,
69,16.223832528180353,26.992753623188406,34.796027911969944,5.481749865807837,1.8317230273752012,10.943370907139023,1.5432098765432098,,2.187332259796028,
70,16.59957058507783,26.90552871712292,34.594739667203434,5.394524959742351,1.8317230273752012,10.943370907139023,1.5432098765432098,,2.187332259796028,
71,16.304347826086957,26.818303811057433,35.05099302200752,5.3341384863123995,1.8317230273752012,10.929951690821255,1.5432098765432098,,2.187332259796028,
72,16.451959205582394,26.744498121309714,35.03086419753087,5.3341384863123995,1.8317230273752012,10.876274825550189,1.5432098765432098,,2.187332259796028,
73,16.760601180891037,26.65727321524423,34.91009125067096,5.307300053676865,1.8317230273752012,10.84272678475577,1.5029522275899088,,2.187332259796028,
74,17.028985507246375,26.630434782608695,34.856414385399894,5.307300053676865,1.8048845947396672,10.681696188942565,1.5029522275899088,,2.187332259796028,
75,17.07595276435856,26.610305958132045,34.82957595276436,5.307300053676865,1.8048845947396672,10.681696188942565,1.5029522275899088,,2.187332259796028,
76,17.223564143854,26.56333870101986,34.74235104669887,5.307300053676865,1.8048845947396672,10.668276972624799,1.5029522275899088,,2.187332259796028,
77,17.559044551798173,26.529790660225444,34.50080515297907,5.307300053676865,1.8048845947396672,10.607890499194847,1.5029522275899088,,2.187332259796028,
78,14.949006977992486,39.741009125067094,30.730005367686527,5.032206119162641,0.10735373054213634,8.192431561996779,,,1.247987117552335,
79,15.13016639828234,39.61352657004831,30.689747718733226,5.032206119162641,0.10735373054213634,8.179012345679013,,,1.247987117552335,
80,15.277777777777779,39.49946323134729,30.656199677938808,5.032206119162641,0.10735373054213634,8.179012345679013,,,1.247987117552335,
81,15.45222758990875,39.371980676328505,30.609232420826622,5.032206119162641,0.10735373054213634,8.179012345679013,,,1.247987117552335,
82,15.767579173376275,39.25791733762748,30.454911433172303,5.032206119162641,0.10735373054213634,8.152173913043478,,,1.2278582930756843,
83,13.419216317767042,36.74852388620504,35.37305421363392,5.032206119162641,0.10735373054213634,8.11862587224906,,,1.2010198604401503,
84,13.47289318303811,36.74852388620504,35.21202361782072,5.166398282340311,0.10735373054213634,8.091787439613526,,,1.2010198604401503,
85,13.486312399355878,30.743424584004295,35.158346752549654,5.166398282340311,0.10735373054213634,8.091787439613526,,,7.246376811594203,
86,13.848631239935587,30.723295759527645,34.856414385399894,5.146269457863661,0.10735373054213634,8.07836822329576,,,7.239667203435319,
87,13.955984970477724,30.636070853462158,34.554482018250134,5.3274288781535155,0.10735373054213634,8.07836822329576,0.12077294685990338,,7.219538378958669,
88,14.170692431561998,30.555555555555557,34.46054750402576,5.293880837359098,0.10735373054213634,8.071658615136876,0.12077294685990338,,7.219538378958669,
89,14.237788513150832,30.50187869028449,34.46054750402576,5.293880837359098,0.10735373054213634,8.05823939881911,0.12077294685990338,,7.219538378958669,
90,13.79495437466452,28.22061191626409,39.660493827160494,4.461889425657541,,7.058507783145465,0.12077294685990338,,6.6827697262479875,
91,13.88888888888889,27.9723564143854,39.170692431561996,5.407944176060118,,7.03166935050993,0.12077294685990338,,6.407675791733762,
92,13.955984970477724,27.9723564143854,39.14385399892646,5.35426731078905,,7.03166935050993,0.12077294685990338,0.1274825550187869,6.293612453032743,
93,14.217659688674182,27.093397745571657,38.94256575415996,5.35426731078905,,7.03166935050993,0.12077294685990338,0.1274825550187869,7.112184648416532,
94,14.486044015029522,26.992753623188406,38.87546967257112,5.273752012882448,,7.011540526033279,0.12077294685990338,0.1274825550187869,7.112184648416532,
95,14.626945786366075,25.966183574879228,38.788244766505635,6.327160493827161,,7.011540526033279,0.12077294685990338,0.08722490606548577,7.071926999463232,
96,14.36527106816962,25.91250670960816,37.39264626945786,6.179549114331723,,8.870101986044014,0.12077294685990338,0.08722490606548577,7.071926999463232,
97,14.694041867954912,25.845410628019323,37.144390767579175,6.166129898013956,,8.870101986044014,0.12077294685990338,0.08722490606548577,7.071926999463232,
98,14.861782071927,25.811862587224905,37.03703703703704,6.166129898013956,,8.870101986044014,0.12077294685990338,0.08722490606548577,7.0450885668276975,
99,15.271068169618895,25.731347289318304,36.842458400429415,6.119162640901771,,8.796296296296296,0.10735373054213634,0.08722490606548577,7.0450885668276975,
100,15.318035426731079,25.704508856682768,36.822329575952764,6.119162640901771,,8.796296296296296,0.10735373054213634,0.08722490606548577,7.0450885668276975,
101,15.45222758990875,25.697799248523886,36.74852388620504,6.105743424584004,,8.756038647342995,0.10735373054213634,0.08722490606548577,7.0450885668276975,
102,15.653515834675256,25.697799248523886,36.66800858829844,6.078904991948471,,8.756038647342995,0.10735373054213634,0.08722490606548577,6.951154052603328,
103,13.405797101449275,24.610842726784757,41.44524959742351,4.4820182501341925,,8.756038647342995,0.10735373054213634,0.08722490606548577,7.105475040257649,
104,13.519860440150294,24.570585077831456,41.378153515834676,4.4820182501341925,,8.749329039184111,0.10735373054213634,0.08722490606548577,7.105475040257649,
105,13.687600644122384,24.490069779924852,41.35131508319914,4.4820182501341925,,8.722490606548577,0.10735373054213634,0.08722490606548577,7.071926999463232,
106,13.808373590982287,24.44981213097155,41.2842190016103,4.4820182501341925,,8.722490606548577,0.10735373054213634,0.08722490606548577,7.058507783145465,
107,14.036500268384327,24.402844873859365,41.035963499731615,4.4753086419753085,,8.440687063875469,0.10735373054213634,0.4428341384863124,7.058507783145465,
108,14.278046162104133,24.349168008588297,40.915190552871714,4.468599033816425,,8.400429414922169,0.10735373054213634,0.4428341384863124,7.0383789586688135,
109,14.687332259796028,24.288781535158346,40.57971014492754,4.455179817498658,,8.400429414922169,0.10735373054213634,0.4428341384863124,7.0383789586688135,
110,14.566559312936125,24.228395061728396,39.22436929683307,4.455179817498658,1.5633387010198605,8.380300590445518,0.10735373054213634,0.4428341384863124,7.03166935050993,
111,14.506172839506172,23.91304347826087,39.68733225979603,4.441760601180891,1.5230810520665594,8.373590982286634,0.10735373054213634,0.4428341384863124,7.004830917874396,
112,14.620236178207193,23.872785829307567,39.63365539452496,4.441760601180891,1.5230810520665594,8.353462157809984,0.10735373054213634,0.4428341384863124,7.004830917874396,
113,14.88191089640365,23.845947396672035,39.432367149758456,4.441760601180891,1.5230810520665594,8.319914117015566,0.10735373054213634,0.4428341384863124,7.004830917874396,
114,15.230810520665592,23.49704777241009,39.11701556629093,4.797369833601718,1.5230810520665594,8.279656468062266,0.10735373054213634,0.4428341384863124,7.004830917874396,
115,15.573000536768653,23.409822866344605,38.868760064412236,4.797369833601718,1.5230810520665594,8.272946859903382,0.10735373054213634,0.4428341384863124,7.004830917874396,
116,15.713902308105206,23.389694041867955,38.781535158346756,4.797369833601718,1.5230810520665594,8.272946859903382,0.10735373054213634,0.4428341384863124,6.971282877079979,
117,15.854804079441761,23.336017176596886,38.69431025228127,4.797369833601718,1.5230810520665594,8.272946859903382,0.10735373054213634,0.4428341384863124,6.971282877079979,
118,16.17686527106817,23.309178743961354,38.399087493290395,4.797369833601718,1.5230810520665594,8.272946859903382,0.10735373054213634,0.4428341384863124,6.971282877079979,
119,16.418411164787976,23.275630703166936,38.197799248523886,4.790660225442834,1.5230810520665594,8.272946859903382,0.10735373054213634,0.4428341384863124,6.971282877079979,
120,16.324476650563607,22.819377348362856,37.5402576489533,6.387546967257112,1.5230810520665594,7.9106280193236715,0.10735373054213634,0.4428341384863124,6.944444444444445,
121,16.404991948470208,22.819377348362856,37.47987117552335,6.380837359098229,1.5096618357487923,7.9106280193236715,0.10735373054213634,0.4428341384863124,6.944444444444445,
122,16.67337627482555,22.65163714439077,37.4194847020934,6.360708534621578,1.5096618357487923,7.890499194847021,0.10735373054213634,0.4428341384863124,6.944444444444445,
123,17.23027375201288,21.28287707997853,37.39935587761675,7.239667203435319,1.4895330112721417,7.877079978529254,0.10735373054213634,0.4428341384863124,6.9310252281266775,
124,17.337627482555018,21.24261943102523,36.48684916800859,7.192699946323135,1.4895330112721417,8.769457863660762,0.10735373054213634,0.4428341384863124,6.9310252281266775,
125,17.404723564143854,21.24261943102523,36.47342995169082,7.139023081052066,1.4895330112721417,8.769457863660762,0.10735373054213634,0.4428341384863124,6.9310252281266775,
126,17.465110037573805,21.24261943102523,36.4398819108964,7.125603864734299,1.4895330112721417,8.769457863660762,0.10735373054213634,0.4428341384863124,6.91760601180891,
127,17.52549651100376,21.182232957595275,36.4398819108964,7.125603864734299,1.4895330112721417,8.769457863660762,0.10735373054213634,0.4428341384863124,6.91760601180891,
128,17.54562533548041,20.96081588835212,36.78878153515835,7.125603864734299,1.4895330112721417,8.769457863660762,0.10735373054213634,0.4428341384863124,6.769994632313473,
129,17.51207729468599,20.148953301127214,36.2788513150832,7.125603864734299,1.4895330112721417,8.507783145464305,0.10735373054213634,0.4428341384863124,8.387010198604402,
130,17.632850241545892,20.135534084809446,36.18491680085883,7.125603864734299,1.4895330112721417,8.507783145464305,0.10735373054213634,0.4428341384863124,8.373590982286634,
131,17.85426731078905,20.095276435856146,36.07756307031669,7.125603864734299,1.482823403113258,8.467525496511003,0.10735373054213634,0.4428341384863124,8.3467525496511,
132,17.330917874396135,20.088566827697264,32.9777241009125,6.266774020397209,1.482823403113258,13.667471819645733,0.10735373054213634,0.322061191626409,7.75630703166935,
133,17.371175523349436,19.90740740740741,32.9777241009125,6.4412238325281805,1.482823403113258,13.667471819645733,0.10735373054213634,0.322061191626409,7.722758990874933,
134,17.465110037573805,19.847020933977454,32.95759527643585,6.4412238325281805,1.482823403113258,13.667471819645733,0.10735373054213634,0.322061191626409,7.709339774557166,
135,17.68652710681696,19.83360171765969,32.87707997852925,6.4412238325281805,1.482823403113258,13.546698872785829,0.10735373054213634,0.322061191626409,7.702630166398282,
136,18.223295759527645,19.773215244229736,32.7361782071927,6.427804616210413,1.482823403113258,13.399087493290391,0.10735373054213634,0.322061191626409,7.5281803542673105,
137,18.5252281266774,19.73966720343532,32.54830917874396,6.427804616210413,1.482823403113258,13.325281803542673,0.10735373054213634,0.3153515834675255,7.5281803542673105,
138,18.283682232957595,19.732957595276435,31.82367149758454,6.427804616210413,1.482823403113258,13.519860440150294,0.10735373054213634,0.3153515834675255,8.3064949006978,
139,18.370907139023082,19.6256038647343,31.367418142780462,6.427804616210413,1.4761137949543746,13.425925925925926,0.10735373054213634,0.3153515834675255,8.883521202361782,
140,18.746645195920557,19.592055823939884,31.05877616747182,6.427804616210413,1.4761137949543746,13.399087493290391,0.10735373054213634,0.3153515834675255,8.876811594202898,
141,18.820450885668276,19.565217391304348,31.05877616747182,6.427804616210413,1.4761137949543746,13.365539452495975,0.10735373054213634,0.3153515834675255,8.863392377885132,
142,19.102254428341386,19.47799248523886,30.864197530864196,6.427804616210413,1.4761137949543746,13.365539452495975,0.10735373054213634,0.3153515834675255,8.863392377885132,
143,19.404186795491142,19.464573268921097,30.756843800322063,6.427804616210413,1.4626945786366077,13.231347289318304,0.10735373054213634,0.3153515834675255,8.829844337090714,
144,19.612184648416534,19.45115405260333,30.636070853462158,6.414385399892646,1.4626945786366077,12.929414922168545,0.10735373054213634,0.3153515834675255,9.07139023081052,
145,19.80005367686527,19.363929146537842,30.535426731078903,6.414385399892646,1.4626945786366077,12.929414922168545,0.10735373054213634,0.3153515834675255,9.07139023081052,
146,19.940955448201827,19.363929146537842,30.401234567901234,6.407675791733762,1.4626945786366077,12.815351583467525,0.24154589371980675,0.3153515834675255,9.05126140633387,
147,16.190284487385938,23.70504562533548,29.817498658078367,6.400966183574879,1.4626945786366077,12.815351583467525,0.24154589371980675,0.3153515834675255,9.05126140633387,
148,16.344605475040257,23.70504562533548,29.777241009125067,6.400966183574879,1.4626945786366077,12.815351583467525,0.1610305958132045,0.3153515834675255,9.017713365539452,
149,16.445249597423512,23.65136876006441,29.750402576489535,6.400966183574879,1.4626945786366077,12.795222758990874,0.1610305958132045,0.3153515834675255,9.017713365539452,
150,16.646537842190018,23.564143853998928,29.64975845410628,6.400966183574879,1.4626945786366077,12.795222758990874,0.1610305958132045,0.3153515834675255,9.004294149221685,
151,16.874664519592056,23.356146001073537,29.61621041331186,6.515029522275899,1.4626945786366077,12.795222758990874,0.1610305958132045,0.3153515834675255,8.903650026838433,
152,16.99543746645196,23.020665593129362,29.47530864197531,6.796833064949007,1.4626945786366077,12.781803542673108,0.30193236714975846,0.3153515834675255,8.849973161567364,
153,15.868223295759528,22.953569511540525,32.340311325818575,6.696188942565755,1.4626945786366077,11.876006441223833,0.19457863660762212,0.3153515834675255,8.293075684380032,
154,16.06280193236715,22.953569511540525,32.19940955448202,6.6760601180891035,1.4626945786366077,11.714975845410628,0.33548040794417605,0.3153515834675255,8.279656468062266,
155,16.25067096081589,22.953569511540525,32.15915190552872,6.6760601180891035,1.4626945786366077,11.681427804616211,0.33548040794417605,0.24154589371980675,8.239398819108963,
156,16.31105743424584,22.946859903381643,32.10547504025765,6.6760601180891035,1.4626945786366077,11.681427804616211,0.33548040794417605,0.24154589371980675,8.239398819108963,
157,16.445249597423512,22.906602254428343,32.07192699946323,6.6760601180891035,1.4626945786366077,11.621041331186259,0.33548040794417605,0.24154589371980675,8.239398819108963,
158,16.525764895330113,22.899892646269457,31.99812130971551,6.6760601180891035,1.4626945786366077,11.621041331186259,0.33548040794417605,0.24154589371980675,8.239398819108963,
159,16.760601180891037,22.758990874932906,31.830381105743424,6.6760601180891035,1.596886741814278,11.560654857756306,0.33548040794417605,0.24154589371980675,8.239398819108963,
160,17.143048845947398,22.611379495437465,31.80354267310789,6.6760601180891035,1.570048309178744,11.406333870101985,0.33548040794417605,0.24154589371980675,8.21256038647343,
161,17.01556629092861,22.611379495437465,31.80354267310789,6.561996779388084,1.570048309178744,11.010466988727858,0.33548040794417605,0.24154589371980675,8.849973161567364,
162,17.20343531937735,22.490606548577563,31.66935050993022,6.662640901771336,1.570048309178744,10.983628556092324,0.33548040794417605,0.24154589371980675,8.84326355340848,
163,17.21014492753623,22.490606548577563,31.66935050993022,6.662640901771336,1.570048309178744,10.983628556092324,0.33548040794417605,0.24154589371980675,8.836553945249598,
164,17.364465915190554,22.228931830381107,31.4747718733226,6.655931293612453,1.570048309178744,10.681696188942565,0.6642512077294686,0.24154589371980675,9.118357487922705,
165,17.58588298443371,22.208803005904453,31.353998926462694,6.635802469135802,1.570048309178744,10.648148148148149,0.6642512077294686,0.2147074610842727,9.118357487922705,
166,17.733494363929147,22.208803005904453,31.226516371443907,6.635802469135802,1.570048309178744,10.628019323671497,0.6642512077294686,0.2147074610842727,9.118357487922705,
167,17.96833064949007,22.15512614063339,31.15271068169619,6.595544820182502,1.570048309178744,10.607890499194847,0.644122383252818,0.2147074610842727,9.091519055287172,
168,18.08239398819109,21.900161030595815,31.15271068169619,6.400966183574879,1.570048309178744,10.607890499194847,0.644122383252818,0.2147074610842727,9.426999463231347,
169,18.397745571658614,21.900161030595815,31.105743424584006,6.400966183574879,1.570048309178744,10.44015029522276,0.644122383252818,0.2147074610842727,9.326355340848094,
170,18.511808910359633,21.618357487922705,29.978529253891573,6.400966183574879,1.570048309178744,11.808910359634996,0.644122383252818,0.2147074610842727,9.252549651100376,
171,18.67283950617284,21.524422973698336,29.931561996779386,6.400966183574879,1.570048309178744,11.79549114331723,0.644122383252818,0.2147074610842727,9.245840042941492,
172,19.008319914117017,21.410359634997317,29.797369833601717,6.347289318303811,1.570048309178744,11.77536231884058,0.644122383252818,0.2147074610842727,9.232420826623725,
173,18.988191089640367,21.329844337090712,29.461889425657542,6.890767579173376,1.570048309178744,11.668008588298443,0.644122383252818,0.2147074610842727,9.232420826623725,
174,19.316961889425656,21.26945786366076,29.240472356414386,6.890767579173376,1.570048309178744,11.654589371980677,0.644122383252818,0.2147074610842727,9.198872785829307,
175,19.41760601180891,21.235909822866343,29.20692431561997,6.890767579173376,1.570048309178744,11.621041331186259,0.644122383252818,0.2147074610842727,9.198872785829307,
176,19.444444444444443,21.068169618894256,28.743961352657006,6.850509930220075,1.570048309178744,12.661030595813205,0.644122383252818,0.20799785292538917,8.809715512614064,
177,19.565217391304348,21.041331186258724,28.401771336553946,6.823671497584541,1.570048309178744,12.640901771336553,0.9796027911969941,0.20799785292538917,8.769457863660762,
178,19.726247987117553,21.00107353730542,28.395061728395063,6.823671497584541,1.570048309178744,12.553676865271068,0.9796027911969941,0.20799785292538917,8.742619431025227,
179,19.940955448201827,20.8870101986044,28.32125603864734,6.823671497584541,1.570048309178744,12.553676865271068,0.9796027911969941,0.20799785292538917,8.715780998389693,
180,20.021470746108427,20.8870101986044,28.32125603864734,6.78341384863124,1.570048309178744,12.526838432635534,0.9796027911969941,0.20799785292538917,8.702361782071927,
181,20.088566827697264,20.873590982286636,28.27428878153516,6.78341384863124,1.570048309178744,12.52012882447665,0.9796027911969941,0.20799785292538917,8.702361782071927,
182,20.2361782071927,20.873590982286636,28.22061191626409,6.78341384863124,1.556629092860977,12.52012882447665,0.9796027911969941,0.20799785292538917,8.621846484165324,
183,20.44417606011809,20.79307568438003,28.18035426731079,6.736446591519055,1.556629092860977,12.5,1.1205045625335481,0.20128824476650564,8.467525496511003,
184,20.50456253354804,20.7662372517445,28.14680622651637,6.736446591519055,1.556629092860977,12.5,1.1205045625335481,0.20128824476650564,8.467525496511003,
185,20.471014492753625,20.189210950080515,27.925389157273216,6.709608158883521,1.556629092860977,13.41250670960816,1.1205045625335481,0.20128824476650564,8.413848631239935,
186,20.564949006977994,20.155662909286097,27.891841116478798,6.709608158883521,1.556629092860977,13.385668276972625,1.1205045625335481,0.20128824476650564,8.413848631239935,
187,20.94068706387547,20.115405260332796,27.811325818572197,6.662640901771336,1.556629092860977,13.318572195383789,1.1205045625335481,0.20128824476650564,8.272946859903382,
188,21.20907139023081,20.061728395061728,27.596618357487923,6.662640901771336,1.556629092860977,13.318572195383789,1.1205045625335481,0.20128824476650564,8.272946859903382,
189,21.235909822866343,20.041599570585078,27.58990874932904,6.662640901771336,1.556629092860977,13.318572195383789,1.1205045625335481,0.20128824476650564,8.272946859903382,
190,21.370101986044016,19.98792270531401,27.58990874932904,6.622383252818035,1.556629092860977,13.291733762748256,1.1205045625335481,0.20128824476650564,8.259527643585615,
191,21.511003757380568,19.961084272678477,27.509393451422437,6.622383252818035,1.556629092860977,13.258185721953838,1.1205045625335481,0.20128824476650564,8.259527643585615,
192,21.598228663446054,19.940955448201827,27.314814814814813,6.756575415995706,1.556629092860977,13.251476113794954,1.1205045625335481,0.20128824476650564,8.259527643585615,
193,21.76596886741814,19.860440150295222,27.30139559849705,6.622383252818035,1.556629092860977,13.197799248523886,1.107085346215781,0.20128824476650564,8.387010198604402,
194,21.880032206119164,19.82018250134192,27.30139559849705,6.615673644659152,1.556629092860977,13.170960815888352,1.107085346215781,0.20128824476650564,8.3467525496511,
195,22.148416532474503,19.786634460547504,27.167203435319376,6.561996779388084,1.5297906602254427,13.150831991411701,1.107085346215781,0.20128824476650564,8.3467525496511,
196,22.282608695652176,19.77992485238862,27.120236178207193,6.541867954911433,1.5096618357487923,13.130703166935051,1.107085346215781,0.20128824476650564,8.32662372517445,
197,22.550993022007514,19.672571121846484,27.113526570048307,6.541867954911433,1.5096618357487923,13.050187869028449,1.107085346215781,0.20128824476650564,8.252818035426731,
198,22.765700483091788,19.652442297369834,26.918947933440688,6.541867954911433,1.5096618357487923,13.050187869028449,1.107085346215781,0.20128824476650564,8.252818035426731,
199,22.899892646269457,19.57192699946323,26.90552871712292,6.515029522275899,1.5096618357487923,13.050187869028449,1.107085346215781,0.20128824476650564,8.239398819108963,
200,23.020665593129362,19.565217391304348,26.858561460010737,6.481481481481482,1.5096618357487923,13.030059044551798,1.107085346215781,0.20128824476650564,8.225979602791197,
201,23.201825013419217,19.43773483628556,26.818303811057433,6.474771873322598,1.5096618357487923,13.023349436392914,1.107085346215781,0.20128824476650564,8.225979602791197,
202,23.235373054213635,19.424315619967793,26.818303811057433,6.474771873322598,1.5096618357487923,13.003220611916264,1.107085346215781,0.20128824476650564,8.225979602791197,
203,23.416532474503487,19.32367149758454,26.744498121309714,6.474771873322598,1.5096618357487923,12.99651100375738,1.107085346215781,0.20128824476650564,8.225979602791197,
204,23.617820719269993,19.236446591519055,26.717659688674182,6.474771873322598,1.5096618357487923,12.929414922168545,1.1003757380568975,0.20128824476650564,8.21256038647343,
205,23.711755233494365,19.122383252818036,26.663982823403114,6.474771873322598,1.5096618357487923,12.915995705850777,1.1003757380568975,0.20128824476650564,8.299785292538916,
206,23.79898013955985,19.102254428341386,26.637144390767578,6.447933440687064,1.5029522275899088,12.909286097691895,1.1003757380568975,0.20128824476650564,8.299785292538916,
207,24.08078368223296,19.0150295222759,26.583467525496513,6.447933440687064,1.4694041867954912,12.848899624261943,1.1003757380568975,0.20128824476650564,8.252818035426731,
208,24.154589371980677,18.99490069779925,26.54320987654321,6.447933440687064,1.4694041867954912,12.848899624261943,1.1003757380568975,0.20128824476650564,8.239398819108963,
209,24.094202898550726,18.263553408480945,26.40901771336554,6.018518518518518,1.4694041867954912,12.365807836822329,1.1003757380568975,0.20128824476650564,10.077831454643048,
210,24.16129898013956,18.263553408480945,26.39559849704777,6.018518518518518,1.4694041867954912,12.365807836822329,1.0802469135802468,0.20128824476650564,10.044283413848632,
211,24.349168008588297,18.243424584004295,26.29495437466452,5.978260869565218,1.4694041867954912,12.338969404186795,1.0802469135802468,0.20128824476650564,10.044283413848632,
212,24.537037037037038,18.209876543209877,26.20101986044015,5.978260869565218,1.4694041867954912,12.338969404186795,1.0802469135802468,0.20128824476650564,9.98389694041868,
213,24.90606548577563,18.149490069779926,25.979602791196996,5.884326355340848,1.751207729468599,12.198067632850242,1.0802469135802468,0.19457863660762212,9.856414385399892,
214,23.49033816425121,15.613258185721953,25.805152979066023,4.435050993022007,1.751207729468599,18.438003220611915,1.0802469135802468,0.19457863660762212,9.192163177670425,
215,23.72517444981213,15.53274288781535,25.670960815888353,4.435050993022007,1.751207729468599,18.431293612453032,1.0802469135802468,0.19457863660762212,9.178743961352657,
216,24.208266237251745,15.391841116478798,25.59044551798175,4.3478260869565215,1.751207729468599,18.391035963499732,1.0802469135802468,0.19457863660762212,9.044551798174986,
217,24.362587224906065,15.344873859366613,25.509930220075148,4.341116478797638,1.751207729468599,18.38432635534085,1.0802469135802468,0.19457863660762212,9.03113258185722,
218,24.52361782071927,15.271068169618895,25.483091787439612,4.341116478797638,1.751207729468599,18.370907139023082,1.0332796564680622,0.19457863660762212,9.03113258185722,
219,24.630971551261407,15.24422973698336,25.483091787439612,4.341116478797638,1.751207729468599,18.357487922705314,1.0332796564680622,0.19457863660762212,8.964036500268385,
220,24.872517444981213,15.063070316693505,25.469672571121848,4.327697262479871,1.751207729468599,18.33064949006978,1.0332796564680622,0.19457863660762212,8.957326892109501,
221,25.02012882447665,15.056360708534621,25.43612453032743,4.327697262479871,1.737788513150832,18.23671497584541,1.0332796564680622,0.19457863660762212,8.957326892109501,
222,25.288513150831992,15.03623188405797,25.37573805689748,4.327697262479871,1.737788513150832,18.04884594739667,1.0332796564680622,0.19457863660762212,8.957326892109501,
223,25.09393451422437,14.949006977992486,24.62426194310252,4.26731078904992,2.657004830917874,17.92807300053677,1.0332796564680622,0.19457863660762212,9.252549651100376,
224,25.261674718196456,14.942297369833602,24.59742351046699,4.26731078904992,2.657004830917874,17.820719269994633,1.0265700483091786,0.19457863660762212,9.232420826623725,
225,25.523349436392916,14.88191089640365,24.4699409554482,4.26731078904992,2.6301663982823404,17.793880837359097,1.0265700483091786,0.19457863660762212,9.212292002147075,
226,25.637412775093935,14.868491680085883,24.416264090177133,4.26731078904992,2.623456790123457,17.753623188405797,1.0265700483091786,0.19457863660762212,9.212292002147075,
227,25.684380032206118,14.868491680085883,24.396135265700483,4.26731078904992,2.623456790123457,17.726784755770264,1.0265700483091786,0.19457863660762212,9.212292002147075,
228,25.55018786902845,14.868491680085883,24.36929683306495,4.2270531400966185,2.623456790123457,18.10252281266774,1.0265700483091786,0.19457863660762212,9.037842190016104,
229,25.684380032206118,14.868491680085883,24.342458400429415,4.2270531400966185,2.623456790123457,18.00187869028449,1.0198604401502953,0.19457863660762212,9.037842190016104,
230,25.91250670960816,14.80810520665593,24.241814278046164,4.2270531400966185,2.623456790123457,17.975040257648953,1.0198604401502953,0.19457863660762212,8.997584541062801,
231,25.966183574879228,14.80810520665593,24.241814278046164,4.2270531400966185,2.623456790123457,17.934782608695652,1.0198604401502953,0.19457863660762212,8.984165324745035,
232,26.10708534621578,14.761137949543746,24.18142780461621,4.2270531400966185,2.623456790123457,17.901234567901234,1.0198604401502953,0.19457863660762212,8.984165324745035,
233,26.221148684916802,14.734299516908212,24.114331723027377,4.2270531400966185,2.623456790123457,17.887815351583466,1.0198604401502953,0.19457863660762212,8.977455716586151,
234,26.34863123993559,14.734299516908212,24.053945249597422,4.2270531400966185,2.623456790123457,17.85426731078905,1.0198604401502953,0.19457863660762212,8.943907675791733,
235,26.549919484702095,14.720880300590446,24.02710681696189,4.2270531400966185,2.623456790123457,17.693236714975846,1.0198604401502953,0.19457863660762212,8.943907675791733,
236,26.690821256038646,14.673913043478262,23.960010735373054,4.2270531400966185,2.623456790123457,17.693236714975846,1.0064412238325282,0.19457863660762212,8.930488459473967,
237,26.690821256038646,14.673913043478262,23.95330112721417,4.2270531400966185,2.8381642512077296,17.693236714975846,1.0064412238325282,0.19457863660762212,8.722490606548577,
238,26.898819108964037,14.667203435319378,23.91304347826087,4.2270531400966185,2.8381642512077296,17.579173376274827,0.9930220075147611,0.19457863660762212,8.68894256575416,
239,27.01959205582394,14.640365002683843,23.91304347826087,4.2270531400966185,2.818035426731079,17.559044551798173,0.9930220075147611,0.19457863660762212,8.635265700483092,
240,27.167203435319376,14.573268921095009,23.872785829307567,4.2270531400966185,2.818035426731079,17.53220611916264,0.9930220075147611,0.19457863660762212,8.621846484165324,
241,27.30139559849705,14.51959205582394,23.866076221148685,4.2270531400966185,2.818035426731079,17.498658078368223,0.9930220075147611,0.19457863660762212,8.581588835212024,
242,27.522812667740205,14.412238325281804,23.8191089640365,4.2270531400966185,2.818035426731079,17.431561996779386,0.9930220075147611,0.19457863660762212,8.581588835212024,
243,27.563070316693505,14.398819108964037,23.79898013955985,4.2270531400966185,2.8113258185721954,17.431561996779386,0.9930220075147611,0.19457863660762212,8.581588835212024,
244,27.576489533011273,14.392109500805153,23.792270531400966,4.2270531400966185,2.8113258185721954,17.431561996779386,0.9930220075147611,0.19457863660762212,8.581588835212024,
245,27.68384326355341,14.371980676328503,23.74530327428878,4.200214707461084,2.8113258185721954,17.418142780461622,0.9930220075147611,0.19457863660762212,8.581588835212024,
246,27.657004830917874,14.298174986580785,23.45679012345679,4.186795491143317,2.8113258185721954,17.418142780461622,0.9930220075147611,0.1878690284487386,8.99087493290392,
247,27.891841116478798,14.17740203972088,23.45679012345679,4.133118625872249,2.8113258185721954,17.404723564143854,0.9930220075147611,0.1878690284487386,8.943907675791733,
248,28.193773483628558,14.110305958132045,23.396403650026837,4.133118625872249,2.7979066022544283,17.404723564143854,0.9930220075147611,0.1878690284487386,8.78287707997853,
249,28.30112721417069,14.090177133655395,23.356146001073537,4.133118625872249,2.7979066022544283,17.223564143854,0.9930220075147611,0.1878690284487386,8.917069243156199,
250,28.509125067096083,14.04320987654321,23.34272678475577,4.133118625872249,2.6838432635534084,17.19001610305958,0.9930220075147611,0.1878690284487386,8.917069243156199,
251,28.6231884057971,14.029790660225443,23.32259796027912,4.133118625872249,2.6838432635534084,17.156468062265162,0.9930220075147611,0.16774020397208803,8.890230810520666,
252,28.904991948470208,14.016371443907676,23.242082662372518,3.978797638217928,2.6838432635534084,17.122920021470748,0.9930220075147611,0.16774020397208803,8.890230810520666,
253,27.254428341384862,11.305689747718732,29.99194847020934,3.012614063338701,2.6838432635534084,15.96886741814278,0.9930220075147611,0.16774020397208803,8.621846484165324,
254,27.34836285560923,11.265432098765432,29.944981213097154,3.012614063338701,2.6838432635534084,15.881642512077295,0.9930220075147611,0.16774020397208803,8.702361782071927,
255,27.334943639291467,11.258722490606548,29.622920021470748,3.435319377348363,2.6838432635534084,15.854804079441761,0.9930220075147611,0.16774020397208803,8.648684916800859,
256,27.542941492216855,11.225174449812132,29.488727858293075,3.435319377348363,2.6838432635534084,15.854804079441761,0.9930220075147611,0.16774020397208803,8.608427267847558,
257,27.643585614600106,11.191626409017713,29.441760601180892,3.435319377348363,2.6838432635534084,15.848094471282877,0.9930220075147611,0.16774020397208803,8.59500805152979,
258,27.737520128824478,11.16478797638218,29.421631776704242,3.4151905528717124,2.6838432635534084,15.821256038647343,0.9930220075147611,0.16774020397208803,8.59500805152979,
259,28.019323671497585,11.151368760064413,29.280730005367687,3.3279656468062266,2.6838432635534084,15.787707997852925,0.9863123993558777,0.16774020397208803,8.59500805152979,
