,45,50,51,55,52,53,54,56,59,58,57,61,60
0,95.90042941492217,4.0995705850778315,,,,,,,,,,,
1,90.13687600644123,9.863123993558776,,,,,,,,,,,
2,89.81481481481481,10.185185185185185,,,,,,,,,,,
3,54.448470209339774,40.49919484702093,4.951690821256038,0.10064412238325282,,,,,,,,,
4,54.46188942565754,40.47906602254428,4.931561996779388,0.1274825550187869,,,,,,,,,
5,45.03488996242619,49.77187332259796,4.62962962962963,0.48980139559849706,0.07380568974771873,,,,,,,,
6,45.01476113794954,49.73832528180354,4.62962962962963,0.5434782608695652,0.07380568974771873,,,,,,,,
7,44.10225442834138,50.54347826086956,4.62962962962963,0.6508319914117016,0.07380568974771873,,,,,,,,
8,44.14251207729468,50.4898013955985,4.616210413311863,0.6508319914117016,0.07380568974771873,0.026838432635534086,,,,,,,
9,42.93478260869565,51.71765968867418,4.616210413311863,0.630703166935051,0.07380568974771873,0.026838432635534086,,,,,,,
10,42.7133655394525,51.10708534621578,4.616210413311863,0.630703166935051,0.07380568974771873,0.8588298443370908,,,,,,,
11,39.89533011272142,54.032474503489,4.468599033816425,0.6709608158883521,0.07380568974771873,0.8588298443370908,,,,,,,
12,39.150563607085346,51.41572732152442,7.058507783145465,0.6843800322061192,0.07380568974771873,1.6170155662909287,,,,,,,
13,38.31857219538379,52.05314009661836,7.011540526033279,0.8856682769726248,0.07380568974771873,1.6572732152442298,,,,,,,
14,38.37224906065486,51.952495974235106,6.984702093397746,0.9393451422436929,0.07380568974771873,1.6774020397208802,,,,,,,
15,38.479602791196996,51.74449812130972,7.125603864734299,0.9728931830381106,0.07380568974771873,1.5365002683843263,0.06709608158883522,,,,,,
16,38.399087493290395,51.831723027375205,7.118894256575416,0.9728931830381106,0.07380568974771873,1.5365002683843263,0.06709608158883522,,,,,,
17,27.65029522275899,63.53327965646806,5.736714975845411,0.5099302200751477,0.07380568974771873,1.5365002683843263,0.9594739667203436,,,,,,
18,27.4020397208803,63.781535158346756,5.703166935050993,0.5770263016639828,0.07380568974771873,1.5029522275899088,0.9594739667203436,,,,,,
19,27.294685990338163,63.51315083199141,5.703166935050993,0.5770263016639828,0.07380568974771873,1.8786902844873858,0.9594739667203436,,,,,,
20,26.27482555018787,62.553676865271065,7.474503488996243,0.6508319914117016,0.07380568974771873,1.8786902844873858,1.093666129898014,,,,,,
21,26.100375738056897,54.43505099302201,17.002147074610843,0.6843800322061192,0.07380568974771873,1.288244766505636,0.4025764895330113,0.013419216317767043,,,,,
22,26.207729468599034,53.64331723027375,16.686795491143318,1.4224369296833066,0.07380568974771873,1.2748255501878691,0.4025764895330113,0.2885131508319914,,,,,
23,26.174181427804616,53.193773483628554,16.639828234031132,1.5499194847020934,0.07380568974771873,1.2748255501878691,0.8051529790660226,0.2885131508319914,,,,,
24,26.174181427804616,52.764358561460014,16.639828234031132,1.9793344068706387,0.07380568974771873,1.2748255501878691,0.8051529790660226,0.2885131508319914,,,,,
25,26.093666129898015,52.10681696188943,16.358024691358025,2.9119699409554483,0.07380568974771873,1.247987117552335,0.8319914117015567,0.3757380568974772,,,,,
26,26.221148684916802,51.97933440687064,16.264090177133657,2.952227589908749,0.07380568974771873,1.247987117552335,0.8319914117015567,0.4294149221685454,,,,,
27,26.321792807300053,51.90552871712292,16.210413311862588,2.952227589908749,0.07380568974771873,1.247987117552335,0.8319914117015567,0.4562533548040794,,,,,
28,26.281535158346752,51.690821256038646,15.552871712292003,2.5496511003757383,0.9192163177670424,1.7579173376274826,0.7917337627482555,0.4562533548040794,,,,,
29,26.301663982823403,51.63714439076758,15.526033279656469,2.509393451422437,0.9192163177670424,1.7981749865807837,0.8252818035426731,0.4830917874396135,,,,,
30,26.341921631776703,51.08024691358025,15.505904455179817,2.509393451422437,0.9192163177670424,1.7981749865807837,1.3620504562533549,0.4830917874396135,,,,,
31,26.167471819645733,51.187600644122384,15.197262479871176,2.737520128824477,0.9192163177670424,1.7847557702630166,1.3888888888888888,0.6172839506172839,,,,,
32,26.207729468599034,47.718733225979605,15.163714439076758,2.657004830917874,3.5426731078904994,2.7106816961889426,1.3821792807300053,0.6172839506172839,,,,,
33,25.697799248523886,48.17498658078368,15.163714439076758,2.7106816961889426,3.5426731078904994,2.7106816961889426,1.3821792807300053,0.6172839506172839,,,,,
34,25.684380032206118,48.18840579710145,15.150295222758992,2.690552871712292,3.5426731078904994,2.7106816961889426,1.415727321524423,0.6172839506172839,,,,,
35,24.832259796027913,45.52469135802469,16.358024691358025,2.677133655394525,6.1862587224906065,2.395330112721417,1.415727321524423,0.6105743424584005,,,,,
36,24.953032742887814,45.4777241009125,16.183574879227052,2.677133655394525,6.139291465378422,2.395330112721417,1.4090177133655395,0.7648953301127214,,,,,
37,24.58400429414922,45.860171765968865,16.170155662909288,2.677133655394525,6.139291465378422,2.395330112721417,1.3955984970477724,0.7648953301127214,0.013419216317767043,,,,
38,24.590713902308106,45.491143317230275,16.150026838432634,2.6972624798711755,5.535426731078905,3.4688674181427803,1.288244766505636,0.7648953301127214,0.013419216317767043,,,,
39,24.537037037037038,45.44417606011809,14.606816961889425,2.677133655394525,5.508588298443371,3.44873859366613,3.3145464304884595,0.4495437466451959,0.013419216317767043,,,,
40,24.55716586151369,45.29656468062265,14.606816961889425,2.804616210413312,5.508588298443371,3.44873859366613,3.3145464304884595,0.4495437466451959,0.013419216317767043,,,,
41,22.470477724100913,43.05555555555556,19.592055823939884,2.3349436392914655,5.4549114331723025,3.321256038647343,3.307836822329576,0.4495437466451959,0.013419216317767043,,,,
42,22.530864197530864,42.98845947396672,19.585346215780998,2.3483628556092326,5.4549114331723025,3.321256038647343,3.307836822329576,0.4495437466451959,0.013419216317767043,,,,
43,22.67176596886742,42.88781535158347,19.538378958668815,2.3349436392914655,5.434782608695652,3.321256038647343,3.307836822329576,0.48980139559849706,0.013419216317767043,,,,
44,22.859634997316157,42.49194847020934,19.51825013419216,2.703972088030059,5.293880837359098,3.321256038647343,3.207192699946323,0.5099302200751477,0.013419216317767043,0.08051529790660225,,,
45,22.544283413848632,41.646537842190014,19.504830917874397,2.7308105206655933,5.776972624798712,4.012345679012346,3.180354267310789,0.5099302200751477,0.013419216317767043,0.08051529790660225,,,
46,22.36983360171766,41.6935050993022,19.45786366076221,2.7308105206655933,5.441492216854535,4.53569511540526,3.166935050993022,0.5099302200751477,0.013419216317767043,0.08051529790660225,,,
47,22.497316156736446,41.606280193236714,19.43102522812668,2.7308105206655933,5.428073000536768,4.53569511540526,3.166935050993022,0.5099302200751477,0.013419216317767043,0.08051529790660225,,,
48,22.564412238325282,41.35131508319914,19.43773483628556,2.945517981749866,5.428073000536768,4.502147074610843,3.166935050993022,0.5099302200751477,0.013419216317767043,0.08051529790660225,,,
49,22.14170692431562,41.8142780461621,19.41760601180891,2.9388083735909825,5.428073000536768,4.502147074610843,3.166935050993022,0.49651100375738055,0.013419216317767043,0.08051529790660225,,,
50,22.08132045088567,41.84111647879764,19.209608158883523,3.180354267310789,5.428073000536768,4.502147074610843,3.166935050993022,0.49651100375738055,0.013419216317767043,0.08051529790660225,,,
51,22.108158883521202,41.458668813741276,19.182769726247987,3.4957058507783145,5.428073000536768,4.49543746645196,3.240740740740741,0.49651100375738055,0.013419216317767043,0.08051529790660225,,,
52,20.69243156199678,40.304616210413315,23.778851315083198,3.240740740740741,5.428073000536768,3.1602254428341383,2.717391304347826,0.5837359098228664,0.013419216317767043,0.08051529790660225,,,
53,20.67230273752013,40.33145464304884,23.698336017176597,3.361513687600644,5.428073000536768,3.1535158346752548,2.717391304347826,0.5434782608695652,0.013419216317767043,0.08051529790660225,,,
54,20.779656468062264,40.123456790123456,23.678207192699947,3.4688674181427803,5.428073000536768,3.1535158346752548,2.7106816961889426,0.5636070853462157,0.013419216317767043,0.08051529790660225,,,
55,20.813204508856682,39.50617283950617,23.450080515297905,3.294417606011809,5.35426731078905,4.1532474503489,2.6972624798711755,0.5636070853462157,0.013419216317767043,0.08051529790660225,0.07380568974771873,,
56,20.833333333333332,39.492753623188406,23.423242082662373,3.294417606011809,5.35426731078905,4.1532474503489,2.6972624798711755,0.5837359098228664,0.013419216317767043,0.08051529790660225,0.07380568974771873,,
57,20.840042941492218,38.781535158346756,23.423242082662373,3.1199677938808374,5.3341384863123995,4.139828234031133,3.6097691894793345,0.5837359098228664,0.013419216317767043,0.08051529790660225,0.07380568974771873,,
58,20.90042941492217,38.747987117552334,23.423242082662373,3.1199677938808374,5.320719269994632,4.139828234031133,3.6097691894793345,0.5703166935050993,0.013419216317767043,0.08051529790660225,0.07380568974771873,,
59,20.8467525496511,38.75469672571122,23.423242082662373,3.1535158346752548,5.132850241545894,4.139828234031133,3.5963499731615673,0.785024154589372,0.013419216317767043,0.08051529790660225,0.07380568974771873,,
60,20.92055823939882,38.6808910359635,22.6784755770263,3.180354267310789,5.850778314546431,4.139828234031133,3.5628019323671496,0.785024154589372,0.04696725711218465,0.08051529790660225,0.07380568974771873,,
61,20.8467525496511,38.74127750939345,22.544283413848632,3.227321524422974,5.797101449275362,4.233762748255502,3.5628019323671496,0.8454106280193237,0.04696725711218465,0.08051529790660225,0.07380568974771873,,
62,17.062533548040793,43.81374127750939,22.517444981213096,2.7777777777777777,5.5689747718733225,3.6366076221148687,3.5628019323671496,0.8588298443370908,0.04696725711218465,0.08051529790660225,0.07380568974771873,,
63,17.06924315619968,43.77348362855609,21.973966720343533,2.7777777777777777,6.105743424584004,3.616478797638218,3.603059581320451,0.8521202361782072,0.04696725711218465,0.08051529790660225,0.10064412238325282,,
64,17.21014492753623,43.03542673107891,21.920289855072465,3.435319377348363,6.099033816425121,3.616478797638218,3.603059581320451,0.8521202361782072,0.04696725711218465,0.08051529790660225,0.10064412238325282,,
65,17.290660225442835,43.01529790660226,21.900161030595815,3.435319377348363,6.072195383789587,3.616478797638218,3.5829307568438002,0.8319914117015567,0.04696725711218465,0.08051529790660225,0.1274825550187869,,
66,17.431561996779386,42.82071926999463,20.987654320987655,3.435319377348363,6.025228126677402,4.582662372517445,3.5628019323671496,0.8655394524959742,0.04696725711218465,0.08051529790660225,0.1610305958132045,,
67,16.874664519592056,33.803005904455176,22.356414385399894,3.1870638754696725,14.949006977992486,4.139828234031133,3.4688674181427803,0.9326355340848095,0.04696725711218465,0.08051529790660225,0.1610305958132045,,
68,17.002147074610843,33.73590982286635,22.282608695652176,3.1870638754696725,14.056629092860977,4.139828234031133,3.4688674181427803,0.9460547504025765,0.04696725711218465,0.08051529790660225,1.0534084809447128,,
69,17.01556629092861,33.722490606548575,22.208803005904453,3.1468062265163717,14.096886741814279,4.139828234031133,3.4688674181427803,1.0198604401502953,0.04696725711218465,0.08051529790660225,1.0534084809447128,,
70,17.062533548040793,33.581588835212024,22.19538378958669,3.260869565217391,14.070048309178745,4.139828234031133,3.502415458937198,0.9930220075147611,0.04696725711218465,0.08051529790660225,1.06682769726248,,
71,17.08937198067633,33.353462157809986,21.75925925925926,3.374932903918411,14.023081052066559,4.139828234031133,3.6097691894793345,1.3888888888888888,0.06709608158883522,0.08051529790660225,1.1137949543746646,,
72,17.062533548040793,32.8972088030059,21.66532474503489,3.321256038647343,13.989533011272142,4.1129898013955986,4.26731078904992,1.3888888888888888,0.06709608158883522,0.08051529790660225,1.1473429951690821,,
73,17.122920021470748,32.50134192163178,20.74610842726785,3.4957058507783145,14.99597423510467,4.072732152442297,4.26731078904992,1.5029522275899088,0.06709608158883522,0.08051529790660225,1.1473429951690821,,
74,16.700214707461082,32.870370370370374,19.80005367686527,3.4957058507783145,15.975577026301664,4.072732152442297,4.260601180891036,1.5297906602254427,0.06709608158883522,0.08051529790660225,1.1473429951690821,,
75,15.53274288781535,32.55501878690284,18.86070853462158,3.4151905528717124,15.921900161030596,6.984702093397746,3.878153515834675,1.556629092860977,0.06709608158883522,0.08051529790660225,1.1473429951690821,,
76,15.573000536768653,32.52818035426731,18.833870101986044,3.4151905528717124,15.921900161030596,6.964573268921095,3.911701556629093,1.556629092860977,0.06709608158883522,0.08051529790660225,1.1473429951690821,,
77,15.640096618357488,32.09205582393988,19.102254428341386,3.569511540526033,15.888352120236178,6.937734836285561,3.911701556629093,1.5633387010198605,0.06709608158883522,0.08051529790660225,1.1473429951690821,,
78,13.56682769726248,49.85238862050456,14.27133655394525,2.341653247450349,12.915995705850777,1.107085346215781,3.8848631239935587,0.9460547504025765,0.04696725711218465,0.08051529790660225,0.9863123993558777,,
79,13.66076221148685,48.38298443370907,14.264626945786366,3.7909286097691894,12.882447665056361,1.107085346215781,3.851315083199141,0.9460547504025765,0.04696725711218465,0.08051529790660225,0.9863123993558777,,
80,13.754696725711218,48.25550187869028,14.170692431561998,3.864734299516908,12.848899624261943,1.107085346215781,3.9049919484702094,0.9460547504025765,0.04696725711218465,0.08051529790660225,1.0198604401502953,,
81,13.83521202361782,47.537573805689746,13.16425120772947,3.7037037037037037,12.808641975308642,2.918679549114332,3.938539989264627,0.9460547504025765,0.04696725711218465,0.08051529790660225,1.0198604401502953,,
82,13.902308105206655,47.457058507783145,13.16425120772947,3.730542136339238,12.795222758990874,2.918679549114332,3.938539989264627,0.9460547504025765,0.04696725711218465,0.08051529790660225,1.0198604401502953,,
83,13.90901771336554,47.43022007514761,13.16425120772947,3.7573805689747717,12.788513150831992,2.918679549114332,3.938539989264627,0.9460547504025765,0.04696725711218465,0.08051529790660225,1.0198604401502953,,
84,13.942565754159958,47.26247987117552,13.16425120772947,3.864734299516908,12.788513150831992,2.918679549114332,3.965378421900161,0.9460547504025765,0.04696725711218465,0.08051529790660225,1.0198604401502953,,
85,14.090177133655395,47.16854535695116,13.16425120772947,3.864734299516908,12.761674718196458,2.9052603327965647,3.9519592055823938,0.9460547504025765,0.04696725711218465,0.08051529790660225,1.0198604401502953,,
86,14.204240472356414,47.08803005904455,13.16425120772947,3.8915727321524423,12.681159420289855,2.8650026838432634,3.9519592055823938,0.966183574879227,0.04696725711218465,0.08051529790660225,1.0601180891035964,,
87,14.217659688674182,47.1081588835212,13.16425120772947,3.8915727321524423,12.614063338701019,2.8650026838432634,3.9452495974235107,0.966183574879227,0.04696725711218465,0.08051529790660225,1.1003757380568975,,
88,14.231078904991948,46.61164787976382,13.157541599570585,4.300858829844337,11.030595813204508,2.8918411164787976,5.683038110574342,1.06682769726248,0.04696725711218465,0.08051529790660225,0.8990874932903918,,
89,14.204240472356414,45.01476113794954,13.003220611916264,4.26731078904992,11.681427804616211,4.394793344068707,5.340848094471283,1.06682769726248,0.04696725711218465,0.08051529790660225,0.8990874932903918,,
90,11.292270531400966,52.9723564143854,12.640901771336553,3.475577026301664,8.950617283950617,3.9452495974235107,5.132850241545894,0.8722490606548577,0.04696725711218465,0.08051529790660225,0.5904455179817498,,
91,11.33923778851315,52.885131508319915,12.640901771336553,3.488996242619431,8.950617283950617,3.9452495974235107,5.132850241545894,0.8722490606548577,0.04696725711218465,0.08051529790660225,0.6172839506172839,,
92,11.305689747718732,51.65727321524423,12.600644122383253,4.790660225442834,8.950617283950617,3.9452495974235107,5.132850241545894,0.8722490606548577,0.04696725711218465,0.08051529790660225,0.6172839506172839,,
93,11.473429951690822,51.55662909286098,12.546967257112184,4.804079441760601,8.923778851315083,3.9452495974235107,5.132850241545894,0.8722490606548577,0.04696725711218465,0.08051529790660225,0.6172839506172839,,
94,11.66129898013956,51.39559849704777,12.513419216317766,4.817498658078368,8.870101986044014,3.9586688137412773,5.132850241545894,0.8722490606548577,0.04696725711218465,0.11406333870101985,0.6172839506172839,,
95,11.681427804616211,51.207729468599034,12.5,5.032206119162641,8.856682769726248,3.938539989264627,5.132850241545894,0.8722490606548577,0.04696725711218465,0.11406333870101985,0.6172839506172839,,
96,11.735104669887278,51.02657004830918,12.506709608158884,5.186527106816962,8.849973161567364,3.938539989264627,5.092592592592593,0.8856682769726248,0.04696725711218465,0.11406333870101985,0.6172839506172839,,
97,11.842458400429415,50.966183574879224,12.47987117552335,5.2066559312936125,8.80300590445518,3.938539989264627,5.072463768115942,0.8856682769726248,0.04696725711218465,0.11406333870101985,0.644122383252818,,
98,11.889425657541599,50.4898013955985,11.560654857756306,5.159688674181428,8.80300590445518,5.367686527106817,5.045625335480408,0.8789586688137413,0.04696725711218465,0.11406333870101985,0.644122383252818,,
99,11.929683306494901,50.52334943639291,11.540526033279656,5.159688674181428,8.742619431025227,5.367686527106817,5.032206119162641,0.8789586688137413,0.04696725711218465,0.11406333870101985,0.6642512077294686,,
100,11.513687600644122,48.90633387010199,11.540526033279656,6.206387546967257,9.77589908749329,5.347557702630167,4.9718196457326895,0.8789586688137413,0.08051529790660225,0.11406333870101985,0.6642512077294686,,
101,11.66129898013956,48.87278582930757,11.540526033279656,6.226516371443908,9.77589908749329,5.233494363929147,4.951690821256038,0.8789586688137413,0.08051529790660225,0.11406333870101985,0.6642512077294686,,
102,11.768652710681696,48.60440150295223,11.533816425120772,6.421095008051529,9.762479871175524,5.233494363929147,4.918142780461621,0.8789586688137413,0.08051529790660225,0.13419216317767044,0.6642512077294686,,
103,11.802200751476114,48.41653247450349,11.506977992485238,6.5485775630703165,9.762479871175524,5.233494363929147,4.918142780461621,0.8722490606548577,0.08051529790660225,0.13419216317767044,0.7246376811594203,,
104,11.849168008588299,48.39640365002684,11.500268384326356,6.5485775630703165,9.742351046698873,5.233494363929147,4.918142780461621,0.8722490606548577,0.08051529790660225,0.13419216317767044,0.7246376811594203,,
105,11.896135265700483,47.43022007514761,11.520397208803006,7.253086419753086,9.742351046698873,5.428073000536768,4.918142780461621,0.8722490606548577,0.08051529790660225,0.13419216317767044,0.7246376811594203,,
106,11.943102522812667,45.819914117015564,11.392914653784219,8.816425120772946,9.722222222222221,5.421363392377885,4.958400429414922,0.9863123993558777,0.08051529790660225,0.13419216317767044,0.7246376811594203,,
107,11.936392914653783,45.65217391304348,11.392914653784219,8.984165324745035,9.702093397745571,5.434782608695652,4.951690821256038,0.9863123993558777,0.08051529790660225,0.13419216317767044,0.7447665056360708,,
108,12.02361782071927,45.57836822329576,11.392914653784219,8.997584541062801,9.66183574879227,5.434782608695652,4.911433172302737,0.9863123993558777,0.08051529790660225,0.13419216317767044,0.798443370907139,,
109,12.04374664519592,45.53811057434246,11.392914653784219,8.997584541062801,9.621578099838969,5.448201825013419,4.944981213097155,0.9594739667203436,0.08051529790660225,0.13419216317767044,0.8387010198604401,,
110,11.976650563607086,45.51798174986581,10.701825013419215,8.977455716586151,10.373054213633925,5.441492216854535,4.944981213097155,1.0131508319914118,0.08051529790660225,0.13419216317767044,0.8387010198604401,,
111,11.849168008588299,42.90794417606012,10.668276972624799,8.796296296296296,11.104401502952227,5.394524959742351,6.991411701556629,1.1741814278046163,0.08051529790660225,0.13419216317767044,0.8856682769726248,0.013419216317767043,
112,11.869296833064949,42.84755770263017,10.668276972624799,8.836553945249598,11.104401502952227,5.394524959742351,6.991411701556629,1.1741814278046163,0.08051529790660225,0.13419216317767044,0.8856682769726248,0.013419216317767043,
113,11.889425657541599,42.82071926999463,10.668276972624799,8.863392377885132,11.104401502952227,5.374396135265701,6.991411701556629,1.1741814278046163,0.08051529790660225,0.13419216317767044,0.8856682769726248,0.013419216317767043,
114,11.990069779924852,42.66639828234031,10.648148148148149,8.93719806763285,11.104401502952227,5.374396135265701,6.991411701556629,1.1741814278046163,0.08051529790660225,0.13419216317767044,0.8856682769726248,0.013419216317767043,
115,11.990069779924852,42.25711218464841,10.648148148148149,8.454106280193237,11.104401502952227,5.35426731078905,7.863660762211487,1.1741814278046163,0.08051529790660225,0.13419216317767044,0.8856682769726248,0.013419216317767043,0.040257648953301126
116,12.050456253354804,42.129629629629626,10.648148148148149,8.487654320987655,11.104401502952227,5.35426731078905,7.924047235641439,1.1741814278046163,0.08051529790660225,0.13419216317767044,0.8588298443370908,0.013419216317767043,0.040257648953301126
117,12.151100375738057,41.680085882984436,10.59447128287708,6.333870101986044,11.104401502952227,8.299785292538916,7.575147611379496,1.2144390767579174,0.08051529790660225,0.13419216317767044,0.8185721953837896,0.013419216317767043,
118,12.00348899624262,41.646537842190014,10.279119699409554,6.5552871712292005,12.486580783682234,7.440955448201825,7.306763285024155,1.2345679012345678,0.08051529790660225,0.13419216317767044,0.8185721953837896,0.013419216317767043,
119,12.084004294149223,41.21041331186259,10.23215244229737,6.414385399892646,12.473161567364466,7.434245840042942,7.85024154589372,1.2412775093934514,0.08051529790660225,0.13419216317767044,0.8319914117015567,0.013419216317767043,
120,12.171229200214707,40.98899624261943,10.218733225979603,6.568706387546968,12.473161567364466,7.37385936661299,7.830112721417069,1.2412775093934514,0.08051529790660225,0.20799785292538917,0.8319914117015567,0.013419216317767043,
121,12.184648416532475,40.935319377348364,9.205582393988191,7.769726247987117,12.446323134728932,7.353730542136339,7.796564680622652,1.1741814278046163,0.08051529790660225,0.20799785292538917,0.8319914117015567,0.013419216317767043,
122,12.218196457326892,40.747450348899626,9.192163177670425,7.856951154052603,12.446323134728932,8.179012345679013,7.051798174986581,1.1607622114868492,0.08051529790660225,0.20799785292538917,0.8319914117015567,0.026838432635534086,
123,12.318840579710145,40.61325818572195,9.185453569511541,7.98443370907139,12.419484702093397,8.11862587224906,7.03166935050993,1.1607622114868492,0.08051529790660225,0.20799785292538917,0.8319914117015567,0.04696725711218465,
124,12.406065485775631,40.50590445517982,9.178743961352657,8.024691358024691,12.419484702093397,8.105206655931294,7.03166935050993,1.1607622114868492,0.08051529790660225,0.20799785292538917,0.8319914117015567,0.04696725711218465,
125,12.473161567364466,40.351583467525494,9.064680622651638,7.997852925389157,12.392646269457863,8.091787439613526,7.300053676865271,1.1406333870101986,0.10064412238325282,0.20799785292538917,0.8319914117015567,0.04696725711218465,
126,12.513419216317766,39.70746108427268,8.984165324745035,8.655394524959743,12.379227053140097,8.091787439613526,7.300053676865271,1.1741814278046163,0.10064412238325282,0.20799785292538917,0.8387010198604401,0.04696725711218465,
127,12.446323134728932,39.472624798711756,8.930488459473967,8.266237251744498,12.265163714439076,8.735909822866345,7.461084272678476,1.2278582930756843,0.10064412238325282,0.20799785292538917,0.8387010198604401,0.04696725711218465,
128,12.412775093934513,37.74825550187869,8.930488459473967,9.997316156736447,12.245034889962426,8.735909822866345,7.481213097155126,1.2546967257112185,0.10064412238325282,0.20799785292538917,0.8387010198604401,0.04696725711218465,
129,12.439613526570048,37.11084272678475,8.930488459473967,10.641438539989265,12.23161567364466,8.722490606548577,7.461084272678476,1.2010198604401503,0.10064412238325282,0.20799785292538917,0.8521202361782072,0.10064412238325282,
130,12.52012882447665,36.902844873859365,8.923778851315083,10.836017176596886,12.204777241009126,8.695652173913043,7.454374664519592,1.2010198604401503,0.10064412238325282,0.20799785292538917,0.8521202361782072,0.10064412238325282,
131,12.627482555018787,36.808910359635,8.923778851315083,10.789049919484702,12.198067632850242,8.682232957595277,7.447665056360709,1.2010198604401503,0.10064412238325282,0.23483628556092323,0.8521202361782072,0.13419216317767044,
132,12.72812667740204,36.69484702093398,8.729200214707461,10.520665593129362,11.788781535158346,8.601717659688674,8.387010198604402,1.2010198604401503,0.1274825550187869,0.23483628556092323,0.8521202361782072,0.13419216317767044,
133,12.245034889962426,30.689747718733226,22.79253891572732,8.192431561996779,10.86285560923242,6.5552871712292005,6.286902844873859,1.2010198604401503,0.08051529790660225,0.1610305958132045,0.8521202361782072,0.08051529790660225,
134,12.238325281803542,30.689747718733226,22.765700483091788,8.017981749865807,10.86285560923242,6.528448738593666,6.561996779388084,1.2278582930756843,0.08051529790660225,0.1610305958132045,0.785024154589372,0.08051529790660225,
135,12.439613526570048,30.615942028985508,22.71202361782072,8.017981749865807,10.809178743961352,6.541867954911433,6.5552871712292005,1.2278582930756843,0.08051529790660225,0.13419216317767044,0.785024154589372,0.08051529790660225,
136,12.473161567364466,30.56897477187332,22.685185185185187,8.038110574342458,10.789049919484702,6.5552871712292005,6.5552871712292005,1.2546967257112185,0.08051529790660225,0.13419216317767044,0.785024154589372,0.08051529790660225,
137,12.553676865271068,30.50858829844337,22.67176596886742,8.038110574342458,10.782340311325818,6.5552871712292005,6.5552871712292005,1.2546967257112185,0.08051529790660225,0.13419216317767044,0.785024154589372,0.08051529790660225,
138,11.379495437466453,29.696725711218466,24.724906065485776,8.031400966183575,10.681696188942565,6.5552871712292005,6.541867954911433,1.2546967257112185,0.08051529790660225,0.13419216317767044,0.798443370907139,0.08051529790660225,0.040257648953301126
139,11.460010735373054,29.696725711218466,24.590713902308106,8.05823939881911,10.513955984970478,6.5552871712292005,6.6827697262479875,1.3083735909822867,0.08051529790660225,0.13419216317767044,0.798443370907139,0.08051529790660225,0.040257648953301126
140,11.366076221148685,29.522275899087493,24.52361782071927,8.293075684380032,10.607890499194847,6.541867954911433,6.6827697262479875,1.288244766505636,0.08051529790660225,0.13419216317767044,0.8387010198604401,0.08051529790660225,0.040257648953301126
141,11.41304347826087,29.47530864197531,24.4699409554482,8.393719806763285,10.581052066559312,6.488191089640365,6.6827697262479875,1.3217928073000538,0.08051529790660225,0.13419216317767044,0.8387010198604401,0.08051529790660225,0.040257648953301126
142,11.466720343531938,29.09957058507783,24.322329575952764,8.849973161567364,10.554213633923778,6.407675791733762,6.696188942565755,1.4694041867954912,0.08051529790660225,0.13419216317767044,0.8387010198604401,0.040257648953301126,0.040257648953301126
143,11.553945249597424,29.07944176060118,24.194847020933977,8.82313472893183,10.379763821792807,6.474771873322598,6.857219538378959,1.5029522275899088,0.08051529790660225,0.13419216317767044,0.8387010198604401,0.040257648953301126,0.040257648953301126
144,11.627750939345143,29.0727321524423,24.154589371980677,8.84326355340848,10.326086956521738,6.447933440687064,6.790123456790123,1.5029522275899088,0.14090177133655393,0.13419216317767044,0.8789586688137413,0.040257648953301126,0.040257648953301126
145,11.714975845410628,29.012345679012345,24.14787976382179,8.796296296296296,10.326086956521738,6.447933440687064,6.8035426731078905,1.5029522275899088,0.14090177133655393,0.14761137949543746,0.8789586688137413,0.040257648953301126,0.040257648953301126
146,11.473429951690822,28.32125603864734,25.355609232420825,8.769457863660762,10.111379495437467,6.380837359098229,6.823671497584541,1.4895330112721417,0.14090177133655393,0.14761137949543746,0.9057971014492754,0.040257648953301126,0.040257648953301126
147,11.453301127214171,28.23403113258186,25.067096081588836,8.809715512614064,10.050993022007514,6.367418142780462,7.199409554482019,1.5096618357487923,0.14090177133655393,0.14761137949543746,0.9393451422436929,0.040257648953301126,0.040257648953301126
148,11.52710681696189,28.173644659151904,25.10064412238325,8.80300590445518,10.00402576489533,6.340579710144928,7.179280730005368,1.5297906602254427,0.14090177133655393,0.14761137949543746,0.9728931830381106,0.040257648953301126,0.040257648953301126
149,11.600912506709609,28.119967793880836,25.067096081588836,8.836553945249598,9.997316156736447,6.340579710144928,7.1658615136876005,1.5297906602254427,0.14090177133655393,0.14761137949543746,0.9728931830381106,0.040257648953301126,0.040257648953301126
150,11.735104669887278,28.119967793880836,24.953032742887814,8.870101986044014,9.970477724100913,6.340579710144928,7.139023081052066,1.5297906602254427,0.14090177133655393,0.14761137949543746,0.9728931830381106,0.040257648953301126,0.040257648953301126
151,11.634460547504025,27.449006977992486,22.638217928073,10.279119699409554,9.950348899624261,6.340579710144928,7.118894256575416,3.227321524422974,0.14090177133655393,0.14761137949543746,0.9930220075147611,0.040257648953301126,0.040257648953301126
152,11.627750939345143,26.90552871712292,22.624798711755233,10.869565217391305,9.943639291465379,6.132581857219538,7.2933440687063875,3.227321524422974,0.15432098765432098,0.14761137949543746,0.9930220075147611,0.040257648953301126,0.040257648953301126
153,11.788781535158346,26.818303811057433,22.604669887278583,10.84272678475577,9.923510466988727,6.125872249060655,7.2933440687063875,3.227321524422974,0.15432098765432098,0.14761137949543746,0.9930220075147611,0.040257648953301126,0.040257648953301126
154,11.486849168008588,27.160493827160494,22.36983360171766,11.044015029522276,9.916800858829845,6.125872249060655,7.232957595276436,3.294417606011809,0.15432098765432098,0.17444981213097155,0.9594739667203436,0.040257648953301126,0.040257648953301126
155,11.480139559849706,26.959205582393988,22.342995169082126,11.252012882447666,9.903381642512077,6.125872249060655,7.152442297369833,3.294417606011809,0.15432098765432098,0.2952227589908749,0.9594739667203436,0.040257648953301126,0.040257648953301126
156,11.621041331186259,26.88539989264627,22.302737520128826,11.097691894793345,9.856414385399892,6.159420289855072,7.25979602791197,3.3279656468062266,0.15432098765432098,0.2952227589908749,0.9594739667203436,0.040257648953301126,0.040257648953301126
157,11.701556629092861,26.878690284487387,21.450617283950617,11.037305421363392,9.822866344605474,6.132581857219538,7.320182501341922,4.139828234031133,0.15432098765432098,0.2952227589908749,0.9594739667203436,0.06709608158883522,0.040257648953301126
158,11.788781535158346,26.757917337627482,21.4170692431562,11.117820719269995,9.809447128287708,6.132581857219538,7.320182501341922,4.139828234031133,0.15432098765432098,0.2952227589908749,0.9594739667203436,0.06709608158883522,0.040257648953301126
159,11.688137412775093,26.39559849704777,21.40365002683843,11.030595813204508,9.4873859366613,6.112453032742888,7.353730542136339,5.038915727321524,0.19457863660762212,0.2952227589908749,0.8923778851315083,0.06709608158883522,0.040257648953301126
160,11.728395061728396,26.35534084809447,21.410359634997317,11.030595813204508,9.386741814278047,6.112453032742888,7.347020933977456,5.032206119162641,0.19457863660762212,0.2952227589908749,0.9997316156736447,0.06709608158883522,0.040257648953301126
161,10.909822866344605,27.126945786366075,21.39694041867955,10.876274825550189,9.359903381642512,6.119162640901771,7.608695652173913,5.032206119162641,0.19457863660762212,0.2952227589908749,0.9728931830381106,0.06709608158883522,0.040257648953301126
162,10.896403650026839,27.033011272141707,21.329844337090712,11.037305421363392,9.373322597960279,6.119162640901771,7.595276435856146,5.032206119162641,0.19457863660762212,0.2952227589908749,0.9863123993558777,0.06709608158883522,0.040257648953301126
163,11.010466988727858,26.99946323134729,21.30300590445518,11.023886205045626,9.373322597960279,6.105743424584004,7.568438003220612,5.032206119162641,0.19457863660762212,0.2952227589908749,0.9863123993558777,0.06709608158883522,0.040257648953301126
164,11.030595813204508,26.77133655394525,21.30300590445518,11.238593666129898,9.373322597960279,6.105743424584004,7.561728395061729,5.032206119162641,0.19457863660762212,0.2952227589908749,0.9863123993558777,0.06709608158883522,0.040257648953301126
165,11.077563070316694,26.764626945786365,21.276167471819647,11.238593666129898,9.29951690821256,6.092324208266238,7.561728395061729,5.045625335480408,0.19457863660762212,0.30864197530864196,1.0332796564680622,0.06709608158883522,0.040257648953301126
166,11.191626409017713,26.690821256038646,21.276167471819647,11.231884057971014,9.29951690821256,6.092324208266238,7.5281803542673105,5.045625335480408,0.19457863660762212,0.30864197530864196,1.0332796564680622,0.06709608158883522,0.040257648953301126
167,11.245303274288782,26.617015566290927,21.22920021470746,11.211755233494364,9.265968867418144,6.152710681696189,7.588566827697263,5.018786902844874,0.19457863660762212,0.30864197530864196,1.0601180891035964,0.06709608158883522,0.040257648953301126
168,11.29898013955985,26.536500268384327,21.20907139023081,11.258722490606548,9.252549651100376,6.152710681696189,7.588566827697263,4.998658078368224,0.19457863660762212,0.3421900161030596,1.0601180891035964,0.06709608158883522,0.040257648953301126
169,11.292270531400966,26.462694578636608,21.215780998389693,11.272141706924316,9.27938808373591,6.125872249060655,7.595276435856146,5.052334943639291,0.19457863660762212,0.3421900161030596,1.0601180891035964,0.06709608158883522,0.040257648953301126
170,11.231884057971014,26.308373590982285,21.20907139023081,11.225174449812132,9.05126140633387,6.447933440687064,7.729468599033816,5.052334943639291,0.19457863660762212,0.36902844873859364,1.0735373054213635,0.06709608158883522,0.040257648953301126
171,11.426462694578637,26.268115942028984,21.162104133118625,11.191626409017713,9.017713365539452,6.447933440687064,7.675791733762749,5.038915727321524,0.19457863660762212,0.36902844873859364,1.1003757380568975,0.06709608158883522,0.040257648953301126
172,11.52710681696189,26.127214170692433,21.115136876006442,11.352657004830919,8.997584541062801,6.4345142243692965,7.575147611379496,5.072463768115942,0.19457863660762212,0.39586688137412773,1.1003757380568975,0.06709608158883522,0.040257648953301126
173,11.627750939345143,26.100375738056897,21.095008051529792,11.352657004830919,8.997584541062801,6.4345142243692965,7.548309178743962,5.059044551798175,0.19457863660762212,0.39586688137412773,1.0869565217391304,0.06709608158883522,0.040257648953301126
174,11.520397208803006,25.644122383252817,20.994363929146537,11.211755233494364,8.568169618894256,6.696188942565755,8.420558239398819,5.166398282340311,0.19457863660762212,0.39586688137412773,1.0802469135802468,0.06709608158883522,0.040257648953301126
175,11.540526033279656,25.691089640365004,20.8467525496511,11.20504562533548,8.568169618894256,6.662640901771336,8.420558239398819,5.213365539452496,0.19457863660762212,0.39586688137412773,1.1540526033279657,0.06709608158883522,0.040257648953301126
176,11.540526033279656,25.72463768115942,20.833333333333332,11.198336017176597,8.568169618894256,6.662640901771336,8.440687063875469,5.2066559312936125,0.19457863660762212,0.36902844873859364,1.1540526033279657,0.06709608158883522,0.040257648953301126
177,11.634460547504025,25.677670424047236,20.79307568438003,11.198336017176597,8.568169618894256,6.662640901771336,8.420558239398819,5.22007514761138,0.19457863660762212,0.36902844873859364,1.1540526033279657,0.06709608158883522,0.040257648953301126
178,10.929951690821255,35.07783145464305,20.28985507246377,10.943370907139023,4.703435319377348,5.488459473966721,6.857219538378959,4.7101449275362315,0.16774020397208803,0.2952227589908749,0.4294149221685454,0.06709608158883522,0.040257648953301126
179,10.970209339774557,35.04428341384863,20.25630703166935,10.943370907139023,4.703435319377348,5.488459473966721,6.850509930220075,4.74369296833065,0.16774020397208803,0.2952227589908749,0.4294149221685454,0.06709608158883522,0.040257648953301126
180,11.037305421363392,34.99060654857756,20.2361782071927,10.929951690821255,4.690016103059581,5.488459473966721,6.850509930220075,4.783950617283951,0.16774020397208803,0.322061191626409,0.39586688137412773,0.06709608158883522,0.040257648953301126
181,11.144659151905529,34.78260869565217,20.222758990874933,10.762211486849168,5.401234567901234,5.488459473966721,6.387546967257112,4.783950617283951,0.16774020397208803,0.322061191626409,0.4294149221685454,0.06709608158883522,0.040257648953301126
182,11.18491680085883,34.74235104669887,20.1959205582394,10.802469135802468,5.387815351583468,5.488459473966721,6.387546967257112,4.783950617283951,0.16774020397208803,0.322061191626409,0.4294149221685454,0.06709608158883522,0.040257648953301126
183,11.20504562533548,34.715512614063336,20.04830917874396,10.789049919484702,5.347557702630167,5.475040257648954,6.447933440687064,4.944981213097155,0.16774020397208803,0.322061191626409,0.4294149221685454,0.06709608158883522,0.040257648953301126
184,11.231884057971014,33.77616747181965,20.041599570585078,11.761943102522812,5.320719269994632,5.4616210413311865,6.4345142243692965,4.944981213097155,0.16774020397208803,0.322061191626409,0.4294149221685454,0.06709608158883522,0.040257648953301126
185,11.352657004830919,33.73590982286635,19.92753623188406,11.842458400429415,5.320719269994632,5.434782608695652,6.4345142243692965,4.924852388620504,0.16774020397208803,0.322061191626409,0.4294149221685454,0.06709608158883522,0.040257648953301126
186,11.386205045625335,33.702361782071925,19.887278582930758,11.81561996779388,5.320719269994632,5.414653784219001,6.488191089640365,4.958400429414922,0.16774020397208803,0.322061191626409,0.4294149221685454,0.06709608158883522,0.040257648953301126
187,11.372785829307569,33.071658615136876,19.860440150295222,11.761943102522812,6.9243156199677935,4.951690821256038,6.119162640901771,4.911433172302737,0.16774020397208803,0.322061191626409,0.4294149221685454,0.06709608158883522,0.040257648953301126
188,11.406333870101985,33.071658615136876,19.826892109500804,11.748523886205046,6.904186795491143,4.911433172302737,6.139291465378422,4.911433172302737,0.16774020397208803,0.3488996242619431,0.4562533548040794,0.06709608158883522,0.040257648953301126
189,11.265432098765432,32.078636607622116,19.75979602791197,11.976650563607086,6.89747718733226,4.911433172302737,7.011540526033279,4.978529253891573,0.16774020397208803,0.3488996242619431,0.4562533548040794,0.06709608158883522,0.08051529790660225
190,11.18491680085883,28.56280193236715,19.578636607622116,11.768652710681696,6.709608158883521,9.292807300053678,6.763285024154589,4.944981213097155,0.16774020397208803,0.3488996242619431,0.5300590445517982,0.06709608158883522,0.08051529790660225
191,11.198336017176597,28.56280193236715,19.558507783145465,11.768652710681696,6.709608158883521,9.037842190016104,6.763285024154589,4.918142780461621,0.16774020397208803,0.5971551261406334,0.5300590445517982,0.10735373054213634,0.08051529790660225
