,45,50,52,55,54,51,56,53,60,57,58,59,62,46,61
0,88.97611379495437,10.93666129898014,0.07380568974771873,0.013419216317767043,,,,,,,,,,,
1,88.14412238325282,11.768652710681696,0.07380568974771873,0.013419216317767043,,,,,,,,,,,
2,87.3389694041868,12.573805689747719,0.07380568974771873,0.013419216317767043,,,,,,,,,,,
3,74.39613526570048,25.067096081588836,0.07380568974771873,0.11406333870101985,0.3488996242619431,,,,,,,,,,
4,61.75523349436393,38.00993022007515,0.07380568974771873,0.14761137949543746,0.013419216317767043,,,,,,,,,,
5,45.45759527643585,42.673107890499196,0.07380568974771873,0.46296296296296297,0.08722490606548577,11.245303274288782,,,,,,,,,
6,43.223295759527645,37.38593666129898,0.2147074610842727,0.5703166935050993,0.2147074610842727,18.33064949006978,0.06038647342995169,,,,,,,,
7,31.011808910359633,49.18813741277509,0.2147074610842727,0.8655394524959742,0.2147074610842727,18.156199677938808,0.06038647342995169,0.2885131508319914,,,,,,,
8,30.407944176060116,49.37600644122383,0.2683843263553409,1.06682769726248,0.2147074610842727,18.317230273752013,0.06038647342995169,0.2885131508319914,,,,,,,
9,27.26784755770263,53.938539989264626,0.16774020397208803,1.3553408480944713,0.41599570585077833,16.794149221685455,0.06038647342995169,,,,,,,,
10,25.623993558776167,49.053945249597426,0.6172839506172839,1.8585614600107354,0.2147074610842727,22.571121846484164,0.06038647342995169,,,,,,,,
11,23.564143853998928,48.57756307031669,0.3824476650563607,2.073268921095008,0.2147074610842727,25.0402576489533,0.1274825550187869,,0.020128824476650563,,,,,,
12,23.22866344605475,45.73939881910896,0.5837359098228664,2.2745571658615136,0.2952227589908749,25.0402576489533,0.6575415995705851,2.1604938271604937,0.020128824476650563,,,,,,
13,23.161567364465917,42.85426731078905,1.4224369296833066,2.475845410628019,0.27509393451422437,26.90552871712292,0.6977992485238862,2.187332259796028,0.020128824476650563,,,,,,
14,21.30300590445518,40.70048309178744,1.2949543746645196,2.6704240472356413,0.27509393451422437,30.85077831454643,0.6977992485238862,2.187332259796028,0.020128824476650563,,,,,,
15,21.18894256575416,40.4723564143854,1.2949543746645196,2.9790660225442833,0.27509393451422437,30.414653784219002,1.06682769726248,2.254428341384863,0.020128824476650563,0.03354804079441761,,,,,
16,21.175523349436393,40.43880837359098,1.2949543746645196,2.9790660225442833,0.322061191626409,30.394524959742352,1.0869565217391304,2.254428341384863,0.020128824476650563,0.03354804079441761,,,,,
17,20.994363929146537,40.43880837359098,1.2949543746645196,3.1333870101986045,0.36902844873859364,30.17981749865808,1.2815351583467525,2.254428341384863,0.020128824476650563,0.03354804079441761,,,,,
18,20.98094471282877,40.05636070853462,1.2949543746645196,3.1602254428341383,0.7380568974771873,29.891304347826086,1.5499194847020934,2.2745571658615136,0.020128824476650563,0.03354804079441761,,,,,
19,18.136070853462158,36.68813741277509,2.3752012882447664,2.8381642512077296,0.7648953301127214,35.238862050456255,1.6170155662909287,2.2745571658615136,0.020128824476650563,0.04696725711218465,,,,,
20,18.00187869028449,36.41304347826087,2.4825550187869028,3.0864197530864197,0.7648953301127214,35.03086419753087,1.751207729468599,2.4020397208803006,0.020128824476650563,0.04696725711218465,,,,,
21,17.807300053676865,36.58749329039184,2.4825550187869028,3.099838969404187,0.7648953301127214,34.735641438539986,1.90552871712292,2.5496511003757383,0.020128824476650563,0.04696725711218465,,,,,
22,17.12962962962963,33.69565217391305,2.623456790123457,3.374932903918411,0.3757380568974772,38.0300590445518,2.033011272141707,2.6704240472356413,0.020128824476650563,0.04696725711218465,,,,,
23,15.83467525496511,32.25979602791197,2.61003757380569,3.965378421900161,0.3757380568974772,40.264358561460014,1.9659151905528718,2.6704240472356413,0.020128824476650563,0.03354804079441761,,,,,
24,14.056629092860977,31.374127750939344,2.536231884057971,3.683574879227053,0.3824476650563607,42.44498121309716,2.2879763821792807,3.180354267310789,0.020128824476650563,0.03354804079441761,,,,,
25,11.439881910896403,35.39318303811057,2.5966183574879227,3.81105743424584,0.36231884057971014,40.39855072463768,3.3682232957595275,2.5429414922168547,0.020128824476650563,0.03354804079441761,0.03354804079441761,,,,
26,11.171497584541063,30.401234567901234,2.5295222758990876,3.7372517444981215,0.35560923242082665,45.8870101986044,3.280998389694042,2.4154589371980677,0.020128824476650563,0.03354804079441761,0.16774020397208803,,,,
27,10.909822866344605,30.07246376811594,2.5295222758990876,3.9452495974235107,0.35560923242082665,46.12855609232421,3.421900161030596,2.4154589371980677,0.020128824476650563,0.03354804079441761,0.16774020397208803,,,,
28,9.769189479334408,27.194041867954912,2.3752012882447664,4.17337627482555,0.5703166935050993,49.75174449812131,3.569511540526033,2.3752012882447664,0.020128824476650563,0.03354804079441761,0.16774020397208803,,,,
29,9.77589908749329,27.026301663982824,2.3752012882447664,4.327697262479871,0.5703166935050993,49.5101986044015,3.8177670424047236,2.314814814814815,0.020128824476650563,0.0939345142243693,0.16774020397208803,,,,
30,9.762479871175524,25.194578636607623,6.273483628556092,4.193505099302201,1.1272141706924315,46.97396672034353,3.851315083199141,2.314814814814815,0.04696725711218465,0.0939345142243693,0.16774020397208803,,,,
31,9.702093397745571,25.147611379495437,6.1862587224906065,4.461889425657541,1.1272141706924315,46.08829844337091,4.663177670424047,2.314814814814815,0.04696725711218465,0.0939345142243693,0.16774020397208803,,,,
32,9.722222222222221,25.067096081588836,6.1862587224906065,4.703435319377348,1.1272141706924315,45.75281803542673,4.817498658078368,2.314814814814815,0.04696725711218465,0.0939345142243693,0.16774020397208803,,,,
33,9.742351046698873,23.416532474503487,9.66183574879227,4.582662372517445,1.1137949543746646,44.115673644659154,4.690016103059581,2.314814814814815,0.04696725711218465,0.13419216317767044,0.18115942028985507,,,,
34,9.73564143853999,20.068438003220614,9.386741814278047,4.575952764358561,1.1406333870101986,47.82608695652174,4.414922168545357,2.314814814814815,0.04696725711218465,0.30864197530864196,0.18115942028985507,,,,
35,8.896940418679549,22.604669887278583,8.742619431025227,4.8376274825550185,1.2681159420289856,46.343263553408484,4.522275899087493,2.24771873322598,0.04696725711218465,0.30864197530864196,0.18115942028985507,,,,
36,6.206387546967257,30.18652710681696,8.507783145464305,5.24020397208803,1.2681159420289856,41.59286097691895,4.166666666666667,2.214170692431562,0.04696725711218465,0.35560923242082665,0.2147074610842727,,,,
37,6.085614600107354,30.079173376274827,11.352657004830919,5.059044551798175,1.3016639828234031,38.909017713365536,4.42163177670424,2.214170692431562,0.04696725711218465,0.3153515834675255,0.2147074610842727,,,,
38,6.099033816425121,29.851046698872786,11.245303274288782,5.3341384863123995,1.3016639828234031,38.62050456253355,4.64975845410628,2.1604938271604937,0.04696725711218465,0.4227053140096618,0.2683843263553409,,,,
39,5.9514224369296835,29.676596886741816,11.211755233494364,5.488459473966721,1.3821792807300053,38.55340848094471,4.824208266237251,2.1604938271604937,0.04696725711218465,0.43612453032742887,0.2683843263553409,,,,
40,5.938003220611916,29.347826086956523,10.19189479334407,5.723295759527644,1.4761137949543746,39.36527106816962,4.669887278582931,2.4557165861513686,0.04696725711218465,0.4830917874396135,0.2683843263553409,0.03354804079441761,,,
41,4.461889425657541,32.56172839506173,10.21202361782072,5.441492216854535,1.4492753623188406,37.815351583467525,4.690016103059581,2.536231884057971,0.04696725711218465,0.4830917874396135,0.2683843263553409,0.03354804079441761,,,
42,3.2877079978529253,27.509393451422437,8.735909822866345,5.072463768115942,1.3553408480944713,46.49087493290392,4.723564143853999,2.073268921095008,0.04696725711218465,0.4495437466451959,0.2214170692431562,0.03354804079441761,,,
43,2.771068169618894,26.10708534621578,8.641975308641975,5.5756843800322065,1.3352120236178207,47.987117552334944,4.74369296833065,2.006172839506173,0.06038647342995169,0.5166398282340311,0.2214170692431562,0.03354804079441761,,,
44,2.791196994095545,26.019860440150296,8.105206655931294,5.4616210413311865,0.8655394524959742,48.79898013955985,5.146269457863661,1.9457863660762211,0.06038647342995169,0.48980139559849706,0.28180354267310787,0.03354804079441761,,,
45,2.804616210413312,25.791733762748255,8.105206655931294,5.434782608695652,0.8655394524959742,48.64465915190553,5.548845947396672,1.8719806763285025,0.06038647342995169,0.48980139559849706,0.3488996242619431,0.03354804079441761,,,
46,2.831454643048846,25.691089640365004,8.09849704777241,5.676328502415459,0.8655394524959742,48.42324208266237,5.636070853462158,1.8451422436929683,0.06038647342995169,0.48980139559849706,0.3488996242619431,0.03354804079441761,,,
47,2.7643585614600106,22.966988727858293,16.391572732152444,6.984702093397746,0.8856682769726248,43.545356951154055,3.475577026301664,1.9390767579173376,0.06038647342995169,0.6038647342995169,0.3488996242619431,0.03354804079441761,,,
48,2.6301663982823404,22.779119699409556,16.29092860976919,7.300053676865271,0.9057971014492754,43.41787439613527,3.502415458937198,2.046430488459474,0.06038647342995169,0.6843800322061192,0.3488996242619431,0.03354804079441761,,,
49,2.6502952227589907,22.705314009661837,16.223832528180353,7.461084272678476,0.9259259259259259,43.14949006977992,3.656736446591519,2.0263016639828235,0.06038647342995169,0.7581857219538379,0.3488996242619431,0.03354804079441761,,,
50,2.6502952227589907,22.571121846484164,16.0829307568438,7.608695652173913,0.95276435856146,42.975040257648956,3.7909286097691894,2.0263016639828235,0.06038647342995169,0.8990874932903918,0.3488996242619431,0.03354804079441761,,,
51,2.657004830917874,22.517444981213096,15.868223295759528,7.87037037037037,0.95276435856146,42.89452495974235,3.8043478260869565,2.0263016639828235,0.06038647342995169,0.966183574879227,0.3488996242619431,0.03354804079441761,,,
52,2.657004830917874,22.322866344605476,15.861513687600644,8.064949006977992,1.0601180891035964,42.58588298443371,3.9586688137412773,2.0263016639828235,0.06038647342995169,1.0198604401502953,0.3488996242619431,0.03354804079441761,,,
53,2.657004830917874,22.31615673644659,15.754159957058508,8.091787439613526,1.0869565217391304,42.21685453569511,4.320987654320987,2.0531400966183573,0.06038647342995169,1.0601180891035964,0.3488996242619431,0.03354804079441761,,,
54,2.563070316693505,22.034353193773484,13.16425120772947,8.655394524959743,1.1003757380568975,44.68599033816425,4.26731078904992,2.0531400966183573,0.06038647342995169,1.0332796564680622,0.3488996242619431,0.03354804079441761,,,
55,2.4691358024691357,21.604938271604937,9.796027911969942,8.205850778314547,1.1003757380568975,49.624261943102525,4.126409017713366,1.932367149758454,0.06038647342995169,0.6977992485238862,0.3488996242619431,0.03354804079441761,,,
56,2.4154589371980677,21.068169618894256,7.957595276435856,8.816425120772946,0.9863123993558777,51.731078904991946,4.012345679012346,1.932367149758454,0.06038647342995169,0.6374127750939346,0.3488996242619431,0.03354804079441761,,,
57,2.3617820719269993,19.28341384863124,10.11808910359635,7.997852925389157,1.06682769726248,51.247987117552334,4.274020397208803,2.5295222758990876,0.06038647342995169,0.6374127750939346,0.36231884057971014,0.06038647342995169,,,
58,2.059849704777241,15.096618357487923,11.674718196457327,6.421095008051529,1.1674718196457328,55.96484165324745,4.17337627482555,2.341653247450349,0.03354804079441761,0.630703166935051,0.36231884057971014,0.06038647342995169,0.013419216317767043,,
59,1.8451422436929683,12.157809983896941,14.31159420289855,5.730005367686527,0.6642512077294686,58.95061728395062,3.9855072463768115,1.3821792807300053,0.03354804079441761,0.5971551261406334,0.2683843263553409,0.06038647342995169,0.013419216317767043,,
60,1.8384326355340848,12.090713902308105,19.28341384863124,5.803811057434245,0.6642512077294686,53.576221148684915,4.045893719806763,1.3821792807300053,0.03354804079441761,0.9393451422436929,0.2683843263553409,0.06038647342995169,0.013419216317767043,,
61,1.8115942028985508,11.990069779924852,25.731347289318304,5.870907139023081,0.7581857219538379,48.007246376811594,3.0864197530864197,1.3821792807300053,0.03354804079441761,1.0265700483091786,0.2683843263553409,0.03354804079441761,,,
62,1.8115942028985508,11.956521739130435,25.72463768115942,5.904455179817498,0.7581857219538379,47.68518518518518,3.3816425120772946,1.4694041867954912,0.03354804079441761,1.0332796564680622,0.20799785292538917,0.03354804079441761,,,
63,1.865271068169619,11.949812130971551,25.603864734299517,5.9514224369296835,0.785024154589372,47.42351046698873,3.502415458937198,1.4694041867954912,0.03354804079441761,1.1741814278046163,0.20799785292538917,0.03354804079441761,,,
64,1.8518518518518519,11.802200751476114,25.523349436392916,6.005099302200751,0.8454106280193237,47.20880300590446,3.6902844873859366,1.4694041867954912,0.03354804079441761,1.2412775093934514,0.20799785292538917,0.12077294685990338,,,
65,1.8250134192163177,11.641170155662909,28.556092324208265,6.233225979602791,0.9125067096081588,43.96806226516372,3.6634460547504024,1.4694041867954912,0.03354804079441761,1.3687600644122384,0.20799785292538917,0.12077294685990338,,,
66,1.8250134192163177,11.56736446591519,28.468867418142782,6.427804616210413,0.9125067096081588,43.67954911433172,3.851315083199141,1.42914653784219,0.03354804079441761,1.4761137949543746,0.20799785292538917,0.12077294685990338,,,
67,1.778046162104133,10.815888352120236,24.422973698336016,5.850778314546431,1.9390767579173376,48.94659151905529,3.3682232957595275,1.0802469135802468,0.03354804079441761,1.4626945786366077,0.18115942028985507,0.12077294685990338,,,
68,1.7981749865807837,7.977724100912507,23.376274825550187,5.253623188405797,7.39398819108964,47.57783145464305,3.643317230273752,1.0802469135802468,0.03354804079441761,1.5633387010198605,0.18115942028985507,0.12077294685990338,,,
69,1.7981749865807837,7.977724100912507,22.463768115942027,5.280461621041331,7.326892109500805,47.28260869565217,3.7640901771336552,2.0397208803005906,0.03354804079441761,1.5633387010198605,0.322061191626409,0.14761137949543746,,,
70,1.751207729468599,7.856951154052603,22.705314009661837,5.260332796564681,7.514761137949543,46.484165324745035,4.374664519592056,1.9994632313472893,0.06038647342995169,1.5230810520665594,0.322061191626409,0.14761137949543746,,,
71,1.7042404723564144,6.568706387546968,25.033548040794418,5.173107890499195,10.326086956521738,42.49194847020934,4.62962962962963,1.9860440150295222,0.06038647342995169,1.556629092860977,0.322061191626409,0.14761137949543746,,,
72,1.7042404723564144,6.5552871712292005,24.798711755233494,5.213365539452496,10.326086956521738,40.33816425120773,4.696725711218465,4.045893719806763,0.06038647342995169,1.7914653784219001,0.322061191626409,0.14761137949543746,,,
73,1.7176596886741815,6.515029522275899,24.731615673644658,5.797101449275362,10.648148148148149,39.31830381105743,4.757112184648417,4.045893719806763,0.06038647342995169,1.9390767579173376,0.322061191626409,0.14761137949543746,,,
74,1.724369296833065,6.515029522275899,24.54374664519592,5.803811057434245,10.681696188942565,39.22436929683307,4.804079441760601,4.045893719806763,0.06038647342995169,1.9927536231884058,0.4562533548040794,0.14761137949543746,,,
75,1.7042404723564144,6.501610305958132,24.261943102522814,5.9514224369296835,10.621309715512615,38.91572732152442,5.0791733762748255,4.019055287171229,0.06038647342995169,2.2074610842726785,0.49651100375738055,0.18115942028985507,,,
76,1.7176596886741815,6.501610305958132,24.14117015566291,6.038647342995169,10.628019323671497,38.747987117552334,4.99194847020934,4.005636070853462,0.06038647342995169,2.2342995169082127,0.6709608158883521,0.2616747181964573,,,
77,1.6975308641975309,6.340579710144928,17.713365539452496,5.971551261406334,11.79549114331723,45.37707997852925,4.757112184648417,3.9452495974235107,0.06038647342995169,1.5297906602254427,0.5032206119162641,0.30864197530864196,,,
78,1.6639828234031133,6.3070316693505095,17.60601180891036,6.387546967257112,11.842458400429415,44.77321524422974,4.904723564143854,3.9586688137412773,0.06038647342995169,1.6841116478797638,0.5032206119162641,0.30864197530864196,,,
79,1.6438539989264627,6.293612453032743,19.665861513687602,5.877616747181965,9.796027911969942,40.27106816961889,5.233494363929147,8.735909822866345,0.06038647342995169,1.8317230273752012,0.4294149221685454,0.1610305958132045,,,
80,1.6774020397208802,6.146001073537305,19.28341384863124,6.052066559312936,9.943639291465379,39.92887815351583,5.676328502415459,8.68894256575416,0.06038647342995169,1.9390767579173376,0.4428341384863124,0.1610305958132045,,,
81,1.415727321524423,3.730542136339238,18.149490069779926,4.944981213097155,9.333064949006978,47.82608695652174,4.233762748255502,7.977724100912507,0.013419216317767043,1.9927536231884058,0.2616747181964573,0.12077294685990338,,,
82,1.3083735909822867,3.797638217928073,17.357756307031668,4.696725711218465,7.440955448201825,50.68438003220612,4.28743961352657,7.950885668276973,0.013419216317767043,2.0665593129361244,0.27509393451422437,0.12077294685990338,,,
83,1.3352120236178207,3.750670960815888,16.894793344068706,4.9718196457326895,7.749597423510467,49.89264626945786,5.01207729468599,7.695920558239399,0.013419216317767043,2.2410091250670963,0.322061191626409,0.12077294685990338,,,
84,1.328502415458937,3.750670960815888,14.029790660225443,5.287171229200215,7.601986044015029,54.32769726247987,4.522275899087493,6.595544820182502,0.013419216317767043,2.086688137412775,0.30864197530864196,0.13419216317767044,,0.013419216317767043,
85,1.328502415458937,3.750670960815888,13.050187869028449,5.3341384863123995,7.320182501341922,56.94444444444444,4.783950617283951,5.059044551798175,0.013419216317767043,1.9726247987117553,0.2952227589908749,0.13419216317767044,,0.013419216317767043,
86,1.328502415458937,3.750670960815888,13.023349436392914,5.320719269994632,7.273215244229737,56.54857756307032,5.139559849704777,5.072463768115942,0.013419216317767043,2.0397208803005906,0.2952227589908749,0.16774020397208803,,0.013419216317767043,0.013419216317767043
87,1.3150831991411702,3.4688674181427803,7.051798174986581,4.62962962962963,7.051798174986581,65.57300053676865,5.320719269994632,4.126409017713366,0.013419216317767043,1.093666129898014,0.2683843263553409,0.06038647342995169,,0.013419216317767043,0.013419216317767043
88,1.3150831991411702,3.455448201825013,7.051798174986581,4.985238862050457,6.998121309715513,65.27777777777777,5.414653784219001,4.126409017713366,0.013419216317767043,1.0064412238325282,0.2683843263553409,0.06038647342995169,,0.013419216317767043,0.013419216317767043
89,0.8655394524959742,2.9388083735909825,7.051798174986581,3.911701556629093,6.132581857219538,70.00805152979066,4.072732152442297,3.898282340311326,,0.9796027911969941,0.12077294685990338,0.013419216317767043,,,0.0067096081588835215
90,0.8856682769726248,2.9388083735909825,7.051798174986581,3.844605475040258,6.233225979602791,69.87385936661299,4.159957058507783,3.898282340311326,,0.9796027911969941,0.12077294685990338,0.013419216317767043,,,
91,0.9057971014492754,2.9253891572732154,6.991411701556629,3.8311862587224907,6.360708534621578,69.57863660762212,4.435050993022007,3.898282340311326,,0.9393451422436929,0.12077294685990338,0.013419216317767043,,,
92,0.9259259259259259,2.9253891572732154,8.742619431025227,3.8311862587224907,6.360708534621578,67.82742887815351,4.49543746645196,3.797638217928073,,0.9594739667203436,0.12077294685990338,0.013419216317767043,,,
93,0.9259259259259259,2.8784219001610305,8.722490606548577,4.025764895330113,6.146001073537305,67.27724100912506,4.911433172302737,3.938539989264627,,0.9796027911969941,0.12077294685990338,0.07380568974771873,,,
94,0.9259259259259259,2.8784219001610305,8.655394524959743,4.025764895330113,6.139291465378422,67.04240472356415,5.213365539452496,3.938539989264627,,0.9594739667203436,0.12077294685990338,0.10064412238325282,,,
95,0.9326355340848095,2.818035426731079,8.648684916800859,3.992216854535695,6.092324208266238,66.54589371980677,5.770263016639828,3.9318303811057436,0.0067096081588835215,1.0198604401502953,0.1274825550187869,0.10064412238325282,,,0.013419216317767043
96,0.95276435856146,2.818035426731079,8.608427267847558,3.938539989264627,6.092324208266238,66.33789586688137,5.931293612453032,3.992216854535695,0.0067096081588835215,1.0601180891035964,0.1274825550187869,0.12077294685990338,,,0.013419216317767043
97,0.9863123993558777,2.7777777777777777,8.581588835212024,3.965378421900161,6.078904991948471,66.09634997316157,6.159420289855072,3.9519592055823938,0.0067096081588835215,1.1003757380568975,0.1610305958132045,0.12077294685990338,,,0.013419216317767043
98,0.9863123993558777,2.7509393451422435,8.487654320987655,3.992216854535695,6.119162640901771,65.77428878153516,6.427804616210413,3.9519592055823938,0.0067096081588835215,1.1943102522812667,0.1610305958132045,0.12077294685990338,,,0.026838432635534086
99,0.8789586688137413,2.8784219001610305,8.266237251744498,4.079441760601181,6.025228126677402,65.39855072463769,6.937734836285561,3.9184111647879765,0.020128824476650563,1.288244766505636,0.1610305958132045,0.12077294685990338,,,0.026838432635534086
100,0.8923778851315083,2.7777777777777777,8.132045088566828,4.30756843800322,6.105743424584004,64.86849168008588,7.340311325818572,3.9184111647879765,0.020128824476650563,1.3352120236178207,0.1610305958132045,0.11406333870101985,,,0.026838432635534086
101,0.9192163177670424,2.7509393451422435,8.132045088566828,4.240472356414386,6.172839506172839,64.6604938271605,7.548309178743962,3.9184111647879765,0.020128824476650563,1.3352120236178207,0.1610305958132045,0.11406333870101985,,,0.026838432635534086
102,0.8856682769726248,2.7509393451422435,18.867418142780462,4.247181964573269,6.239935587761675,55.703166935050994,6.957863660762212,2.871712292002147,0.020128824476650563,1.1943102522812667,0.11406333870101985,0.11406333870101985,,,0.03354804079441761
103,0.8185721953837896,2.563070316693505,18.646001073537306,4.17337627482555,6.528448738593666,55.85748792270532,7.018250134192163,2.918679549114332,0.020128824476650563,1.1473429951690821,0.1274825550187869,0.14761137949543746,,,0.03354804079441761
104,0.8319914117015567,2.509393451422437,18.63929146537842,4.206924315619967,6.494900697799249,55.52871712292002,7.226247987117552,3.0864197530864197,0.020128824476650563,1.1540526033279657,0.1274825550187869,0.14090177133655393,,,0.03354804079441761
105,0.8319914117015567,2.509393451422437,18.51851851851852,4.394793344068707,6.494900697799249,55.38781535158347,7.139023081052066,3.126677402039721,0.020128824476650563,1.2748255501878691,0.1274825550187869,0.14090177133655393,,,0.03354804079441761
106,0.8454106280193237,2.4892646269457863,18.290391841116477,4.4820182501341925,6.4412238325281805,55.22678475577026,7.253086419753086,3.126677402039721,0.020128824476650563,1.5230810520665594,0.1274825550187869,0.14090177133655393,,,0.03354804079441761
107,0.8655394524959742,2.4892646269457863,18.290391841116477,4.4820182501341925,6.387546967257112,54.8040794417606,7.608695652173913,3.066290928609769,0.020128824476650563,1.5230810520665594,0.1878690284487386,0.2214170692431562,,,0.05367686527106817
108,0.8655394524959742,2.4892646269457863,18.14278046162104,4.5893719806763285,6.3070316693505095,54.139828234031135,8.279656468062266,3.066290928609769,0.020128824476650563,1.5230810520665594,0.30193236714975846,0.2147074610842727,,,0.06038647342995169
109,0.8856682769726248,2.4892646269457863,18.129361245303276,4.616210413311863,6.3070316693505095,54.01905528717123,8.353462157809984,3.026033279656468,0.020128824476650563,1.5767579173376274,0.30193236714975846,0.2147074610842727,,,0.06038647342995169
110,0.8789586688137413,2.4825550187869028,18.02871712292002,4.414922168545357,6.4412238325281805,54.549114331723025,7.836822329575953,2.999194847020934,0.020128824476650563,1.6572732152442298,0.41599570585077833,0.2147074610842727,,,0.06038647342995169
111,0.8722490606548577,2.475845410628019,17.907944176060116,4.461889425657541,6.353998926462695,54.2740203972088,7.950885668276973,3.0864197530864197,0.020128824476650563,1.90552871712292,0.41599570585077833,0.2147074610842727,,,0.06038647342995169
112,0.8655394524959742,2.395330112721417,17.659688674181428,4.7168545356951155,6.595544820182502,53.596349973161566,8.467525496511003,3.0595813204508855,0.020128824476650563,1.9189479334406871,0.4294149221685454,0.2147074610842727,,,0.06038647342995169
113,0.49651100375738055,2.0531400966183573,19.85373054213634,3.8043478260869565,6.246645195920558,55.04562533548041,7.950885668276973,2.167203435319377,0.020128824476650563,1.7176596886741815,0.36902844873859364,0.2147074610842727,,,0.06038647342995169
114,0.5233494363929146,2.0531400966183573,19.672571121846484,4.106280193236715,6.112453032742888,54.59608158883521,8.199141170155663,2.167203435319377,0.020128824476650563,2.0128824476650564,0.2616747181964573,0.2147074610842727,,,0.06038647342995169
115,0.5636070853462157,2.0531400966183573,19.343800322061192,4.193505099302201,6.092324208266238,53.93183038110574,8.393719806763285,2.5966183574879227,0.020128824476650563,2.2745571658615136,0.2616747181964573,0.2147074610842727,,,0.06038647342995169
116,0.5636070853462157,2.0531400966183573,19.32367149758454,4.180085882984434,6.092324208266238,53.743961352657,8.53462157809984,2.5966183574879227,0.020128824476650563,2.3550724637681157,0.2616747181964573,0.2147074610842727,,,0.06038647342995169
117,0.5636070853462157,2.033011272141707,18.968062265163713,3.6366076221148687,6.052066559312936,55.401234567901234,7.890499194847021,2.5966183574879227,0.020128824476650563,2.3215244229736984,0.2616747181964573,0.2147074610842727,,,0.040257648953301126
118,0.4294149221685454,1.9659151905528718,13.593666129898015,3.046162104133119,3.549382716049383,65.18384326355341,7.024959742351046,2.408749329039184,,2.281266774020397,0.2616747181964573,0.2147074610842727,,,0.040257648953301126
119,0.4294149221685454,1.9457863660762211,13.439345142243694,3.0931293612453032,3.549382716049383,64.49946323134729,7.830112721417069,2.4020397208803006,,2.2946859903381642,0.2616747181964573,0.2147074610842727,,,0.040257648953301126
120,0.41599570585077833,1.9189479334406871,9.440418679549115,7.132313472893183,3.3413848631239937,65.47906602254429,7.581857219538379,2.4020397208803006,,1.7981749865807837,0.2616747181964573,0.1878690284487386,,,0.040257648953301126
121,0.35560923242082665,1.261406333870102,7.588566827697263,6.146001073537305,2.831454643048846,72.38996242619432,6.649221685453569,1.1272141706924315,,1.3083735909822867,0.13419216317767044,0.1878690284487386,,,0.020128824476650563
122,0.38915727321524424,1.261406333870102,7.568438003220612,6.266774020397209,2.831454643048846,71.8263553408481,7.011540526033279,1.247987117552335,0.0067096081588835215,1.247987117552335,0.13419216317767044,0.1878690284487386,,,0.020128824476650563
123,0.38915727321524424,1.261406333870102,7.568438003220612,6.333870101986044,2.918679549114332,71.20236178207193,7.454374664519592,1.2815351583467525,0.0067096081588835215,1.2412775093934514,0.13419216317767044,0.1878690284487386,,,0.020128824476650563
124,0.4495437466451959,1.261406333870102,7.568438003220612,6.360708534621578,2.918679549114332,70.06172839506173,8.507783145464305,1.2815351583467525,0.0067096081588835215,1.2412775093934514,0.13419216317767044,0.1878690284487386,,,0.020128824476650563
125,0.48980139559849706,1.261406333870102,7.568438003220612,6.508319914117015,2.918679549114332,69.4243156199678,8.856682769726248,1.2815351583467525,0.04696725711218465,1.3016639828234031,0.13419216317767044,0.1878690284487386,,,0.020128824476650563
126,0.48980139559849706,1.261406333870102,7.568438003220612,6.5485775630703165,2.9119699409554483,69.12238325281804,9.151905528717123,1.2815351583467525,0.04696725711218465,1.3016639828234031,0.12077294685990338,0.17444981213097155,,,0.020128824476650563
127,0.5099302200751477,1.261406333870102,7.320182501341922,6.642512077294686,2.9119699409554483,68.78019323671498,9.39345142243693,1.2815351583467525,0.08051529790660225,1.5029522275899088,0.12077294685990338,0.17444981213097155,,,0.020128824476650563
128,0.49651100375738055,1.2546967257112185,7.27992485238862,7.27992485238862,2.898550724637681,67.7536231884058,9.863123993558776,1.2949543746645196,0.08722490606548577,1.4761137949543746,0.12077294685990338,0.17444981213097155,,,0.020128824476650563
129,0.3421900161030596,0.8387010198604401,4.690016103059581,7.548309178743962,1.7042404723564144,73.92646269457863,8.279656468062266,1.1137949543746646,0.08722490606548577,1.3016639828234031,0.020128824476650563,0.1274825550187869,,,0.020128824476650563
130,0.38915727321524424,0.8387010198604401,4.690016103059581,7.581857219538379,1.7914653784219001,73.77214170692432,8.3064949006978,1.1137949543746646,0.08722490606548577,1.261406333870102,0.020128824476650563,0.1274825550187869,,,0.020128824476650563
131,0.4025764895330113,0.8387010198604401,4.683306494900698,7.796564680622652,1.8048845947396672,72.87305421363392,8.970746108427267,1.1137949543746646,0.08722490606548577,1.261406333870102,0.020128824476650563,0.1274825550187869,,,0.020128824476650563
132,0.3757380568974772,0.8387010198604401,4.663177670424047,7.971014492753623,1.9122383252818036,72.39667203435319,9.312936124530328,1.0064412238325282,0.08722490606548577,1.261406333870102,0.020128824476650563,0.1274825550187869,,,0.026838432635534086
133,0.3488996242619431,0.8387010198604401,4.64975845410628,8.011272141706923,1.9122383252818036,72.04777241009126,9.614868491680086,1.0399892646269457,0.08722490606548577,1.2748255501878691,0.020128824476650563,0.1274825550187869,,,0.026838432635534086
134,0.3421900161030596,0.8387010198604401,4.562533548040794,8.024691358024691,1.90552871712292,68.42458400429415,9.789318303811058,4.569243156199678,0.08722490606548577,1.247987117552335,0.05367686527106817,0.1274825550187869,,,0.026838432635534086
135,0.3421900161030596,0.8387010198604401,4.51556629092861,8.541331186258722,1.9122383252818036,67.94820182501341,9.842995169082126,4.51556629092861,0.08722490606548577,1.247987117552335,0.05367686527106817,0.1274825550187869,,,0.026838432635534086
136,0.3421900161030596,0.8387010198604401,4.4820182501341925,8.682232957595277,1.9122383252818036,67.72678475577027,10.037573805689748,4.40150295222759,0.08722490606548577,1.2815351583467525,0.05367686527106817,0.1274825550187869,,,0.026838432635534086
137,0.3488996242619431,0.8387010198604401,4.4820182501341925,8.581588835212024,1.9122383252818036,66.96188942565755,10.742082662372518,4.374664519592056,0.10064412238325282,1.42914653784219,0.07380568974771873,0.1274825550187869,,,0.026838432635534086
138,0.3757380568974772,0.8185721953837896,4.4820182501341925,8.682232957595277,1.9927536231884058,66.72705314009661,10.93666129898014,4.253891572732153,0.10064412238325282,1.402308105206656,0.07380568974771873,0.1274825550187869,,,0.026838432635534086
139,0.36902844873859364,0.8185721953837896,4.146537842190016,8.769457863660762,1.9927536231884058,68.17632850241546,9.916800858829845,4.26731078904992,0.08722490606548577,1.2278582930756843,0.07380568974771873,0.1274825550187869,,,0.026838432635534086
140,0.3824476650563607,0.8185721953837896,4.133118625872249,8.80300590445518,1.9927536231884058,67.42485238862051,10.63472893183038,4.26731078904992,0.08722490606548577,1.2278582930756843,0.07380568974771873,0.1274825550187869,,,0.026838432635534086
141,0.3824476650563607,0.8185721953837896,4.133118625872249,8.964036500268385,1.9927536231884058,66.92163177670425,10.943370907139023,4.26731078904992,0.08722490606548577,1.261406333870102,0.07380568974771873,0.1274825550187869,,,0.026838432635534086
142,0.39586688137412773,0.8185721953837896,4.066022544283414,8.829844337090714,1.9927536231884058,66.62640901771337,11.158078368223295,4.3478260869565215,0.23483628556092323,1.3016639828234031,0.07380568974771873,0.1274825550187869,,,0.026838432635534086
143,0.4092860976918948,0.8185721953837896,4.066022544283414,9.091519055287172,1.9927536231884058,66.4922168545357,11.023886205045626,4.3478260869565215,0.23483628556092323,1.3016639828234031,0.07380568974771873,0.12077294685990338,,,0.026838432635534086
144,0.4227053140096618,0.8185721953837896,4.066022544283414,8.984165324745035,2.831454643048846,65.17713365539453,11.614331723027375,4.30756843800322,0.2214170692431562,1.3016639828234031,0.11406333870101985,0.11406333870101985,,,0.026838432635534086
145,0.4428341384863124,0.8185721953837896,4.066022544283414,9.017713365539452,2.831454643048846,65.0228126677402,11.708266237251744,4.206924315619967,0.2214170692431562,1.3016639828234031,0.2214170692431562,0.11406333870101985,,,0.026838432635534086
146,0.46967257112184646,0.8185721953837896,4.066022544283414,9.131776704240472,2.831454643048846,64.31159420289855,12.23161567364466,4.180085882984434,0.19457863660762212,1.3754696725711217,0.24825550187869028,0.11406333870101985,,,0.026838432635534086
147,0.49651100375738055,0.8185721953837896,4.025764895330113,9.292807300053678,2.8247450348899625,64.01637144390767,12.298711755233494,4.180085882984434,0.19457863660762212,1.415727321524423,0.2616747181964573,0.11406333870101985,,,0.06038647342995169
148,0.5099302200751477,0.8185721953837896,3.965378421900161,9.5276435856146,2.8381642512077296,63.53327965646806,12.614063338701019,4.045893719806763,0.19457863660762212,1.42914653784219,0.3488996242619431,0.11406333870101985,,,0.06038647342995169
149,0.5233494363929146,0.8185721953837896,3.965378421900161,9.588030059044552,2.8650026838432634,63.0300590445518,13.030059044551798,4.045893719806763,0.19457863660762212,1.415727321524423,0.3488996242619431,0.11406333870101985,,,0.06038647342995169
150,0.5233494363929146,0.7716049382716049,3.965378421900161,9.601449275362318,2.9589371980676327,62.65432098765432,13.331991411701557,4.032474503488996,0.19457863660762212,1.415727321524423,0.3757380568974772,0.11406333870101985,,,0.06038647342995169
151,0.5099302200751477,0.7246376811594203,6.394256575415996,9.73564143853999,2.9723564143853998,60.45356951154053,12.99651100375738,4.032474503488996,0.2147074610842727,1.415727321524423,0.3757380568974772,0.11406333870101985,,,0.06038647342995169
152,0.4092860976918948,0.7246376811594203,5.669618894256575,9.742351046698873,3.0193236714975846,54.730273752012884,11.493558776167472,12.037037037037036,0.2147074610842727,1.3352120236178207,0.43612453032742887,0.14090177133655393,,,0.04696725711218465
153,0.4092860976918948,0.7246376811594203,5.622651637144391,10.050993022007514,3.012614063338701,54.04589371980676,12.070585077831455,11.77536231884058,0.24154589371980675,1.4224369296833066,0.43612453032742887,0.14090177133655393,,,0.04696725711218465
154,0.4092860976918948,0.7246376811594203,5.542136339237788,9.896672034353195,3.0059044551798175,53.837895866881375,12.130971551261407,11.788781535158346,0.24154589371980675,1.5029522275899088,0.6172839506172839,0.2549651100375738,,,0.04696725711218465
155,0.4562533548040794,0.7045088566827697,5.542136339237788,9.957058507783145,3.0059044551798175,53.616478797638216,12.258454106280194,11.735104669887278,0.24154589371980675,1.5029522275899088,0.6776704240472357,0.2549651100375738,,,0.04696725711218465
156,0.43612453032742887,0.7045088566827697,5.508588298443371,10.420021470746109,2.9723564143853998,53.04616210413312,12.426194310252281,11.533816425120772,0.24154589371980675,1.6035963499731616,0.7917337627482555,0.2683843263553409,,,0.04696725711218465
157,0.46967257112184646,0.7045088566827697,5.46833064949007,10.34621578099839,3.0730005367686526,52.79119699409554,12.634192163177671,11.533816425120772,0.2683843263553409,1.6035963499731616,0.7917337627482555,0.2683843263553409,,,0.04696725711218465
158,0.4830917874396135,0.7045088566827697,5.46833064949007,10.36634460547504,3.0730005367686526,52.59661835748792,12.694578636607622,11.594202898550725,0.2683843263553409,1.6438539989264627,0.7917337627482555,0.2683843263553409,,,0.04696725711218465
159,0.4830917874396135,0.7045088566827697,5.46833064949007,10.44015029522276,3.0864197530864197,52.49597423510467,12.70799785292539,11.553945249597424,0.2683843263553409,1.6438539989264627,0.8319914117015567,0.2683843263553409,,,0.04696725711218465
160,0.46967257112184646,0.7045088566827697,5.46833064949007,10.466988727858293,4.944981213097155,50.99302200751476,12.352388620504563,11.54723564143854,0.30193236714975846,1.596886741814278,0.8118625872249061,0.2952227589908749,,,0.04696725711218465
161,0.5300590445517982,0.7045088566827697,5.4549114331723025,10.59447128287708,4.918142780461621,50.78502415458937,12.473161567364466,11.520397208803006,0.30193236714975846,1.570048309178744,0.8118625872249061,0.2885131508319914,,,0.04696725711218465
162,0.5636070853462157,0.7045088566827697,5.401234567901234,10.68840579710145,4.944981213097155,50.348899624261946,12.76838432635534,11.480139559849706,0.28180354267310787,1.6908212560386473,0.7917337627482555,0.2885131508319914,,,0.04696725711218465
163,0.5636070853462157,0.7045088566827697,5.508588298443371,10.641438539989265,4.8443370907139025,49.543746645195924,13.331991411701557,11.493558776167472,0.2549651100375738,1.8250134192163177,0.95276435856146,0.2885131508319914,,,0.04696725711218465
164,0.5703166935050993,0.7045088566827697,5.508588298443371,10.795759527643586,4.817498658078368,49.2686527106817,13.271604938271604,11.580783682232958,0.2549651100375738,1.8719806763285025,0.9930220075147611,0.3153515834675255,,,0.04696725711218465
165,0.5703166935050993,0.7045088566827697,5.508588298443371,10.86285560923242,4.898013955984971,49.15458937198068,13.258185721953838,11.480139559849706,0.2549651100375738,1.892109500805153,1.0534084809447128,0.3153515834675255,,,0.04696725711218465
166,0.5703166935050993,0.6977992485238862,5.495169082125604,11.158078368223295,4.730273752012883,48.83252818035427,13.479602791196994,11.486849168008588,0.2549651100375738,1.865271068169619,1.0534084809447128,0.32877079978529256,,,0.04696725711218465
167,0.5904455179817498,0.6977992485238862,5.387815351583468,11.533816425120772,4.669887278582931,48.148148148148145,13.808373590982287,11.399624261943103,0.2549651100375738,2.006172839506173,1.1272141706924315,0.32877079978529256,,,0.04696725711218465
168,0.5971551261406334,0.6977992485238862,5.387815351583468,11.681427804616211,4.669887278582931,47.43022007514761,14.398819108964037,11.386205045625335,0.2549651100375738,2.006172839506173,1.1272141706924315,0.32877079978529256,,,0.03354804079441761
169,0.5904455179817498,0.6977992485238862,5.360976918947934,11.714975845410628,4.448470209339774,46.947128287708,13.982823403113258,12.526838432635534,0.2549651100375738,1.9860440150295222,1.1272141706924315,0.32877079978529256,,,0.03354804079441761
170,0.6105743424584005,0.6977992485238862,5.314009661835748,11.674718196457327,4.74369296833065,46.55126140633387,13.982823403113258,12.526838432635534,0.2549651100375738,2.13365539452496,1.1272141706924315,0.32877079978529256,,,0.05367686527106817
171,0.5099302200751477,0.2281266774020397,23.07434245840043,9.265968867418144,3.844605475040258,36.69484702093398,10.856146001073537,12.02361782071927,0.24154589371980675,1.9994632313472893,0.9930220075147611,0.2683843263553409,,,
172,0.5233494363929146,0.2281266774020397,22.852925389157274,9.366612989801396,4.2270531400966185,36.3996242619431,10.856146001073537,11.929683306494901,0.24154589371980675,2.01959205582394,1.0869565217391304,0.2683843263553409,,,
173,0.5703166935050993,0.2281266774020397,22.832796564680624,9.50751476113795,4.314278046162104,36.25872249060655,10.849436392914654,11.829039184111648,0.24154589371980675,1.9457863660762211,1.1406333870101986,0.2683843263553409,,,0.013419216317767043
