,45,50,55,52,53,51,54,56,57,58
0,97.2289318303811,2.771068169618894,,,,,,,,
1,97.12157809983897,2.8784219001610305,,,,,,,,
2,82.29334406870639,17.465110037573805,0.24154589371980675,,,,,,,
3,79.12640901771337,20.632045088566827,0.24154589371980675,,,,,,,
4,77.71068169618894,22.04777241009125,0.24154589371980675,,,,,,,
5,77.84487385936661,21.91358024691358,0.24154589371980675,,,,,,,
6,73.10789049919485,26.650563607085346,0.24154589371980675,,,,,,,
7,72.41680085882984,27.34165324745035,0.24154589371980675,,,,,,,
8,71.6250670960816,28.133387010198604,0.24154589371980675,,,,,,,
9,71.75254965110038,28.005904455179817,0.24154589371980675,,,,,,,
10,71.88674181427804,27.871712292002147,0.24154589371980675,,,,,,,
11,71.52442297369834,28.23403113258186,0.24154589371980675,,,,,,,
12,71.73242082662372,28.026033279656467,0.24154589371980675,,,,,,,
13,71.17552334943639,26.757917337627482,0.10064412238325282,1.4090177133655395,0.5568974771873323,,,,,
14,68.605743424584,28.951959205582394,0.2147074610842727,0.14090177133655393,0.5568974771873323,1.5297906602254427,,,,
15,68.69296833064949,28.864734299516908,0.2147074610842727,0.14090177133655393,0.5568974771873323,1.5297906602254427,,,,
16,64.15727321524423,22.04777241009125,0.30864197530864196,0.14090177133655393,,13.345410628019323,,,,
17,61.560654857756305,24.792002147074612,0.30864197530864196,0.14090177133655393,,13.197799248523886,,,,
18,60.42002147074611,26.006441223832528,0.30864197530864196,0.14090177133655393,,13.123993558776167,,,,
19,55.683038110574344,28.60305958132045,1.2546967257112185,0.14090177133655393,,14.318303811057435,,,,
20,51.610305958132045,27.34165324745035,1.2546967257112185,0.14090177133655393,,19.652442297369834,,,,
21,41.23054213633924,37.78851315083199,1.2278582930756843,1.6438539989264627,,18.109232420826622,,,,
22,41.91492216854536,37.003488996242616,1.221148684916801,1.6438539989264627,0.27509393451422437,17.827428878153516,0.11406333870101985,,,
23,42.129629629629626,36.78878153515835,1.1876006441223832,1.6304347826086956,0.27509393451422437,17.8743961352657,0.11406333870101985,,,
24,42.48523886205046,36.30568974771873,1.3620504562533549,1.6304347826086956,0.27509393451422437,17.827428878153516,0.11406333870101985,,,
25,41.52576489533011,33.091787439613526,1.328502415458937,1.6304347826086956,0.27509393451422437,19.51825013419216,2.6301663982823404,,,
26,41.76060118089104,32.971014492753625,1.3016639828234031,1.6304347826086956,0.2683843263553409,19.464573268921097,2.6033279656468062,,,
27,41.30434782608695,33.53462157809984,1.3754696725711217,1.6304347826086956,0.2683843263553409,19.142512077294686,2.6033279656468062,0.14090177133655393,,
28,39.86849168008588,32.326892109500804,1.3352120236178207,1.5901771336553945,0.2683843263553409,21.920289855072465,2.5563607085346214,0.13419216317767044,,
29,40.08990874932904,32.2463768115942,1.3352120236178207,1.5901771336553945,0.2683843263553409,21.85319377348363,2.4825550187869028,0.13419216317767044,,
30,40.633387010198604,32.01154052603328,1.3352120236178207,1.5767579173376274,0.5501878690284487,21.30300590445518,2.4557165861513686,0.13419216317767044,,
31,40.72061191626409,34.86312399355877,1.7444981213097155,1.4761137949543746,0.5636070853462157,18.06226516371444,2.4355877616747184,0.13419216317767044,,
32,40.78770799785293,33.25952764358561,1.7444981213097155,3.0595813204508855,0.5636070853462157,18.015297906602253,2.4355877616747184,0.13419216317767044,,
33,39.78797638217928,34.4873859366613,1.7310789049919484,2.9790660225442833,0.5636070853462157,17.881105743424584,2.4355877616747184,0.13419216317767044,,
34,40.00939345142244,34.252549651100374,1.8384326355340848,2.9790660225442833,0.5636070853462157,17.787171229200215,2.4355877616747184,0.13419216317767044,,
35,40.00939345142244,34.35990338164251,1.8115942028985508,2.9790660225442833,0.5636070853462157,17.726784755770264,2.4154589371980677,0.13419216317767044,,
36,40.304616210413315,33.77616747181965,1.7914653784219001,2.952227589908749,0.5099302200751477,18.129361245303276,2.4020397208803006,0.13419216317767044,,
37,40.56629092860977,33.19243156199678,2.0531400966183573,2.952227589908749,0.5099302200751477,18.230005367686527,2.3617820719269993,0.13419216317767044,,
38,40.35829307568438,33.01798174986581,2.0531400966183573,2.945517981749866,0.5099302200751477,18.61916264090177,2.3617820719269993,0.13419216317767044,,
39,40.82125603864734,32.689210950080515,2.0531400966183573,2.9119699409554483,0.5099302200751477,18.51851851851852,2.3617820719269993,0.13419216317767044,,
40,41.0024154589372,32.54159957058508,2.0531400966183573,2.6838432635534084,0.5099302200751477,18.47826086956522,2.5966183574879227,0.13419216317767044,,
41,41.2037037037037,30.535426731078903,2.046430488459474,4.51556629092861,0.5099302200751477,18.183038110574344,2.871712292002147,0.13419216317767044,,
42,30.414653784219002,58.353462157809986,2.61003757380569,2.522812667740204,0.2147074610842727,3.321256038647343,2.563070316693505,,,
43,26.36876006441224,53.86473429951691,2.4691358024691357,2.1806226516371443,0.2147074610842727,12.338969404186795,2.563070316693505,,,
44,26.643853998926463,53.34809447128288,2.8113258185721954,2.1806226516371443,0.2147074610842727,12.245034889962426,2.5563607085346214,,,
45,24.59742351046699,48.75872249060655,1.06682769726248,2.7844873859366612,0.2147074610842727,20.263016639828233,2.314814814814815,,,
46,24.52361782071927,44.196188942565755,1.06682769726248,2.757648953301127,0.2147074610842727,20.242887815351583,6.998121309715513,,,
47,23.718464841653248,40.59983896940419,2.871712292002147,8.407139023081053,0.2147074610842727,17.19001610305958,6.998121309715513,,,
48,24.020397208803004,39.87520128824477,2.8113258185721954,9.272678475577026,0.2147074610842727,16.80756843800322,6.998121309715513,,,
49,24.490069779924852,39.60010735373054,2.8113258185721954,9.245840042941492,0.2147074610842727,16.700214707461082,6.937734836285561,,,
50,24.785292538915726,37.82206119162641,3.92512077294686,9.125067096081589,0.8789586688137413,16.55931293612453,6.904186795491143,,,
51,24.986580783682232,37.815351583467525,4.314278046162104,8.99087493290392,0.8789586688137413,16.438539989264626,6.575415995705851,,,
52,24.805421363392377,39.60010735373054,4.314278046162104,7.836822329575953,0.8789586688137413,15.98899624261943,6.575415995705851,,,
53,24.188137412775095,35.648148148148145,4.2270531400966185,16.894793344068706,1.5029522275899088,11.044015029522276,6.494900697799249,,,
54,24.818840579710145,35.15163714439077,4.206924315619967,16.841116478797638,1.4626945786366077,11.023886205045626,6.494900697799249,,,
55,24.14787976382179,34.49409554482018,4.133118625872249,16.431830381105744,1.4559849704777241,12.895866881374127,6.4412238325281805,,,
56,23.617820719269993,28.381642512077295,2.5966183574879227,26.737788513150832,1.4559849704777241,12.801932367149758,4.408212560386473,,,
57,24.013687600644122,28.012614063338702,2.5966183574879227,26.590177133655395,1.442565754159957,12.828770799785293,4.51556629092861,,,
58,21.36339237788513,22.71202361782072,2.898550724637681,26.261406333870102,1.3620504562533549,20.98094471282877,4.42163177670424,,,
59,22.108158883521202,22.65163714439077,2.8918411164787976,25.999731615673646,1.3620504562533549,20.457595276435857,4.40150295222759,0.1274825550187869,,
60,20.263016639828233,23.839237788513152,3.9318303811057436,25.63070316693505,1.3217928073000538,20.323403113258184,4.40150295222759,0.2885131508319914,,
61,20.511272141706925,23.617820719269993,3.9049919484702094,26.798174986580783,1.3217928073000538,18.605743424584006,4.951690821256038,0.2885131508319914,,
62,20.860171765968868,23.544015029522274,3.878153515834675,26.39559849704777,1.3217928073000538,18.53864734299517,4.938271604938271,0.5233494363929146,,
63,21.484165324745035,22.604669887278583,3.864734299516908,26.92565754159957,1.3217928073000538,18.357487922705314,4.918142780461621,0.5233494363929146,,
64,21.980676328502415,22.477187332259795,3.864734299516908,26.69753086419753,1.3150831991411702,18.337359098228664,4.804079441760601,0.5233494363929146,,
65,22.17525496511004,21.316425120772948,4.012345679012346,26.1808910359635,1.1272141706924315,19.880568974771872,4.783950617283951,0.5233494363929146,,
66,22.430220075147613,21.175523349436393,3.9855072463768115,26.127214170692433,1.1272141706924315,19.847020933977454,4.783950617283951,0.5233494363929146,,
67,22.73215244229737,21.068169618894256,4.052603327965647,26.006441223832528,1.1137949543746646,19.766505636070853,4.736983360171766,0.5233494363929146,,
68,21.76596886741814,19.343800322061192,4.314278046162104,15.841384863123993,1.3754696725711217,30.300590445517983,4.736983360171766,2.3215244229736984,,
69,20.933977455716587,18.169618894256576,4.119699409554482,15.653515834675256,4.508856682769726,30.159688674181428,4.468599033816425,1.9860440150295222,,
70,21.22920021470746,18.00858829844337,4.106280193236715,15.626677402039721,4.528985507246377,28.710413311862588,5.917874396135265,1.8719806763285025,,
71,20.209339774557165,17.163177670424048,3.965378421900161,13.191089640365004,5.837359098228664,31.5552871712292,5.917874396135265,2.01959205582394,0.14090177133655393,
72,20.323403113258184,16.344605475040257,3.9586688137412773,11.708266237251744,9.353193773483628,30.44820182501342,5.857487922705314,1.6975308641975309,0.14090177133655393,0.16774020397208803
73,20.77294685990338,16.23725174449812,3.9586688137412773,11.2788513150832,9.353193773483628,30.17981749865808,5.83064949006978,1.6975308641975309,0.5233494363929146,0.16774020397208803
74,21.22249060654858,16.337895866881375,3.8915727321524423,11.07085346215781,9.326355340848094,29.938271604938272,5.924584004294149,1.6975308641975309,0.4227053140096618,0.16774020397208803
75,21.504294149221685,16.203703703703702,3.878153515834675,10.970209339774557,10.104669887278583,29.26731078904992,5.803811057434245,1.6774020397208802,0.4227053140096618,0.16774020397208803
76,21.531132581857218,16.029253891572733,3.8311862587224907,10.721953837895867,10.064412238325282,29.78395061728395,5.770263016639828,1.6774020397208802,0.4227053140096618,0.16774020397208803
77,22.282608695652176,15.96886741814278,3.750670960815888,10.601180891035963,10.030864197530864,29.347826086956523,5.750134192163178,1.6774020397208802,0.4227053140096618,0.16774020397208803
78,22.61808910359635,15.895061728395062,3.7037037037037037,10.513955984970478,10.050993022007514,29.1129898013956,5.864197530864198,1.6505636070853462,0.4227053140096618,0.16774020397208803
79,22.725442834138487,15.787707997852925,3.656736446591519,10.876274825550189,9.453837895866881,28.918411164787976,6.206387546967257,1.6438539989264627,0.5636070853462157,0.16774020397208803
80,22.79253891572732,15.72061191626409,3.5829307568438002,10.876274825550189,10.446859903381643,28.784219001610307,5.448201825013419,1.6438539989264627,0.5367686527106817,0.16774020397208803
81,23.14814814814815,15.68035426731079,3.5829307568438002,10.795759527643586,10.36634460547504,28.348094471282877,5.421363392377885,1.9524959742351047,0.5367686527106817,0.16774020397208803
82,23.429951690821255,15.60654857756307,3.569511540526033,10.748792270531402,10.621309715512615,28.093129361245303,5.394524959742351,1.9256575415995705,0.4428341384863124,0.16774020397208803
83,23.289049919484704,14.27133655394525,3.1199677938808374,10.513955984970478,13.097155126140633,27.905260332796566,5.3274288781535155,1.865271068169619,0.4428341384863124,0.16774020397208803
84,23.443370907139023,14.15727321524423,3.2474503488996245,11.137949543746645,12.661030595813205,27.61003757380569,5.2066559312936125,1.9994632313472893,0.36902844873859364,0.16774020397208803
85,21.430488459473967,26.952495974235106,4.616210413311863,7.85024154589372,9.655126140633387,24.456521739130434,3.6366076221148687,0.95276435856146,0.28180354267310787,0.16774020397208803
86,21.336553945249598,24.852388620504563,4.622920021470746,7.75630703166935,7.977724100912507,27.4422973698336,4.609500805152979,0.95276435856146,0.28180354267310787,0.16774020397208803
87,21.26274825550188,24.56387546967257,4.522275899087493,7.6556629092860975,8.621846484165324,27.36849168008588,4.602791196994096,0.95276435856146,0.28180354267310787,0.16774020397208803
88,21.833064949006978,24.44981213097155,4.394793344068707,7.608695652173913,8.581588835212024,27.13365539452496,4.5960815888352125,0.95276435856146,0.28180354267310787,0.16774020397208803
89,21.987385936661298,24.382716049382715,4.26731078904992,7.50805152979066,8.568169618894256,27.03972088030059,4.8443370907139025,0.95276435856146,0.28180354267310787,0.16774020397208803
90,21.967257112184647,23.960010735373054,4.253891572732153,7.467793880837359,8.55475040257649,26.92565754159957,5.46833064949007,0.95276435856146,0.28180354267310787,0.16774020397208803
91,21.812936124530328,23.255501878690286,5.810520665593129,7.37385936661299,8.279656468062266,25.315351583467525,5.897745571658615,1.8048845947396672,0.28180354267310787,0.16774020397208803
92,22.25577026301664,22.779119699409556,6.105743424584004,8.433977455716587,8.017981749865807,24.63768115942029,5.522007514761138,1.7981749865807837,0.28180354267310787,0.16774020397208803
93,22.490606548577563,22.477187332259795,6.139291465378422,7.7898550724637685,8.279656468062266,24.000268384326354,6.427804616210413,1.9457863660762211,0.28180354267310787,0.16774020397208803
94,22.96027911969941,22.25577026301664,6.125872249060655,7.924047235641439,8.252818035426731,23.845947396672035,6.239935587761675,1.9457863660762211,0.28180354267310787,0.16774020397208803
95,23.423242082662373,22.054482018250134,6.011808910359635,7.843531937734836,8.239398819108963,23.060923242082662,6.233225979602791,2.6838432635534084,0.28180354267310787,0.16774020397208803
96,23.872785829307567,21.900161030595815,6.105743424584004,7.7831454643048845,8.225979602791197,22.799248523886206,6.206387546967257,2.657004830917874,0.28180354267310787,0.16774020397208803
97,21.920289855072465,19.97450348899624,5.8239398819108965,7.856951154052603,7.326892109500805,29.24718196457327,6.172839506172839,1.2345679012345678,0.27509393451422437,0.16774020397208803
98,22.342995169082126,19.900697799248523,5.763553408480945,7.75630703166935,7.306763285024155,29.07944176060118,6.172839506172839,1.2345679012345678,0.27509393451422437,0.16774020397208803
99,22.886473429951693,19.840311325818572,5.642780461621041,7.5348899624261945,7.192699946323135,28.938539989264626,6.139291465378422,1.3821792807300053,0.27509393451422437,0.16774020397208803
100,23.423242082662373,19.363929146537842,6.132581857219538,7.427536231884058,7.179280730005368,25.744766505636072,6.018518518518518,4.26731078904992,0.27509393451422437,0.16774020397208803
101,21.202361782071925,16.552603327965645,5.971551261406334,6.984702093397746,6.353998926462695,33.41384863123994,5.320719269994632,3.878153515834675,0.15432098765432098,0.16774020397208803
102,21.752549651100377,16.431830381105744,5.964841653247451,6.944444444444445,6.3137412775093935,33.12533548040794,5.293880837359098,3.8580246913580245,0.14761137949543746,0.16774020397208803
103,22.094739667203434,16.358024691358025,5.964841653247451,6.877348362855609,6.447933440687064,32.689210950080515,5.293880837359098,3.9586688137412773,0.14761137949543746,0.16774020397208803
104,19.55179817498658,14.707461084272678,5.676328502415459,6.736446591519055,4.696725711218465,40.9621578099839,5.166398282340311,2.2410091250670963,0.0939345142243693,0.16774020397208803
105,19.93424584004294,14.620236178207193,5.642780461621041,6.689479334406871,4.918142780461621,40.53945249597424,5.166398282340311,2.2410091250670963,0.0939345142243693,0.15432098765432098
106,20.38378958668814,14.512882447665056,6.233225979602791,6.662640901771336,4.918142780461621,39.76784755770263,5.12614063338701,2.1739130434782608,0.0939345142243693,0.1274825550187869
107,20.739398819108963,14.251207729468598,6.776704240472356,6.655931293612453,4.891304347826087,39.26462694578637,5.0791733762748255,2.120236178207193,0.0939345142243693,0.1274825550187869
108,21.18894256575416,14.244498121309716,6.743156199677939,6.642512077294686,4.864465915190553,38.94256575415996,5.0791733762748255,2.073268921095008,0.0939345142243693,0.1274825550187869
109,21.604938271604937,14.143853998926463,6.6827697262479875,6.622383252818035,4.864465915190553,38.74127750939345,5.065754159957058,2.0531400966183573,0.0939345142243693,0.1274825550187869
110,20.169082125603865,16.14331723027375,6.66935050993022,6.837090713902308,5.032206119162641,37.82877079978529,5.045625335480408,2.0531400966183573,0.0939345142243693,0.1274825550187869
111,20.571658615136876,16.089640365002683,6.595544820182502,6.816961889425658,4.99194847020934,37.6207729468599,5.038915727321524,2.0531400966183573,0.0939345142243693,0.1274825550187869
112,20.652173913043477,16.06280193236715,6.5552871712292005,6.810252281266774,4.99194847020934,36.171497584541065,6.481481481481482,2.0531400966183573,0.0939345142243693,0.1274825550187869
113,20.86688137412775,16.009125067096083,6.468062265163715,6.904186795491143,4.99194847020934,35.198604401502955,6.427804616210413,2.9119699409554483,0.0939345142243693,0.1274825550187869
114,21.054750402576488,15.975577026301664,6.421095008051529,6.870638754696726,4.9718196457326895,35.057702630166396,6.515029522275899,2.9119699409554483,0.0939345142243693,0.1274825550187869
115,21.544551798174986,15.83467525496511,6.347289318303811,6.837090713902308,4.958400429414922,34.896672034353195,6.447933440687064,2.9119699409554483,0.0939345142243693,0.1274825550187869
116,21.70558239398819,15.814546430488459,6.333870101986044,6.830381105743425,4.924852388620504,34.715512614063336,6.622383252818035,2.9119699409554483,0.026838432635534086,0.11406333870101985
117,22.436929683306495,15.774288781535159,6.286902844873859,6.662640901771336,4.924852388620504,34.326355340848096,6.568706387546968,2.8784219001610305,0.026838432635534086,0.11406333870101985
118,22.966988727858293,15.28448738593666,5.978260869565218,6.575415995705851,4.985238862050457,33.863392377885134,7.139023081052066,3.066290928609769,0.026838432635534086,0.11406333870101985
119,23.409822866344605,15.210681696188942,5.971551261406334,6.608964036500268,4.978529253891573,33.49436392914654,7.024959742351046,3.1602254428341383,0.026838432635534086,0.11406333870101985
120,23.8191089640365,15.096618357487923,5.971551261406334,6.602254428341385,4.938271604938271,33.293075684380035,7.004830917874396,3.1333870101986045,0.026838432635534086,0.11406333870101985
121,24.12775093934514,14.868491680085883,5.83064949006978,6.575415995705851,4.394793344068707,33.08507783145464,7.883789586688137,3.1333870101986045,0.026838432635534086,0.07380568974771873
122,24.282071926999464,14.55984970477724,5.24020397208803,7.9106280193236715,4.314278046162104,32.95759527643585,7.50805152979066,3.126677402039721,0.026838432635534086,0.07380568974771873
123,24.476650563607084,14.533011272141707,5.515297906602254,7.87037037037037,4.28743961352657,32.60198604401503,7.48792270531401,3.126677402039721,0.026838432635534086,0.07380568974771873
124,24.798711755233494,14.42565754159957,5.495169082125604,7.836822329575953,4.26731078904992,32.47450348899624,7.474503488996243,3.126677402039721,0.026838432635534086,0.07380568974771873
125,25.40257648953301,14.298174986580785,5.4616210413311865,7.803274288781535,4.180085882984434,32.26650563607085,7.37385936661299,3.113258185721954,0.026838432635534086,0.07380568974771873
126,24.537037037037038,13.405797101449275,5.501878690284487,7.763016639828234,7.823403113258186,31.414385399892645,7.300053676865271,2.15378421900161,0.026838432635534086,0.07380568974771873
127,24.61755233494364,13.405797101449275,5.481749865807837,8.413848631239935,7.635534084809447,30.897745571658614,7.2933440687063875,2.15378421900161,0.026838432635534086,0.07380568974771873
128,24.84567901234568,13.385668276972625,5.46833064949007,8.393719806763285,7.615405260332796,30.615942028985508,7.232957595276436,2.341653247450349,0.026838432635534086,0.07380568974771873
129,24.872517444981213,13.264895330112722,6.977992485238862,8.447396672034353,7.6556629092860975,29.012345679012345,7.219538378958669,2.4490069779924855,0.026838432635534086,0.07380568974771873
130,25.161030595813205,13.157541599570585,6.964573268921095,8.36688137412775,7.608695652173913,28.945249597423512,7.246376811594203,2.4490069779924855,0.026838432635534086,0.07380568974771873
131,25.120772946859905,13.030059044551798,6.508319914117015,8.903650026838433,7.555018786902845,28.073000536768653,8.293075684380032,2.4154589371980677,0.026838432635534086,0.07380568974771873
132,25.5703166935051,13.003220611916264,6.427804616210413,8.863392377885132,7.494632313472893,27.891841116478798,8.266237251744498,2.38191089640365,0.026838432635534086,0.07380568974771873
133,25.295222758990874,12.077294685990339,6.005099302200751,8.856682769726248,7.447665056360709,27.74422973698336,9.98389694041868,2.3483628556092326,0.026838432635534086,0.2147074610842727
134,25.79844337090714,12.030327428878154,5.964841653247451,8.776167471819646,7.360440150295223,27.576489533011273,9.91009125067096,2.341653247450349,0.026838432635534086,0.2147074610842727
135,26.455984970477726,11.79549114331723,5.884326355340848,8.715780998389693,7.2933440687063875,27.455716586151368,9.816156736446592,2.341653247450349,0.026838432635534086,0.2147074610842727
136,26.986044015029524,11.58749329039184,5.797101449275362,8.68894256575416,7.253086419753086,27.334943639291467,9.769189479334408,2.341653247450349,0.026838432635534086,0.2147074610842727
137,27.502683843263554,11.426462694578637,5.884326355340848,8.527911969940956,7.246376811594203,26.912238325281802,9.916800858829845,2.341653247450349,0.026838432635534086,0.2147074610842727
138,27.871712292002147,11.345947396672035,5.971551261406334,8.789586688137414,7.239667203435319,26.39559849704777,9.829575952764358,2.314814814814815,0.026838432635534086,0.2147074610842727
139,28.25415995705851,11.312399355877616,5.931293612453032,8.695652173913043,7.179280730005368,26.301663982823403,9.769189479334408,2.314814814814815,0.026838432635534086,0.2147074610842727
140,28.32125603864734,11.064143853998926,5.709876543209877,8.675523349436393,8.172302737520129,26.133923778851315,9.366612989801396,2.314814814814815,0.026838432635534086,0.2147074610842727
141,28.462157809983896,11.044015029522276,5.636070853462158,8.55475040257649,8.09849704777241,25.691089640365004,9.970477724100913,2.314814814814815,0.013419216317767043,0.2147074610842727
142,28.92512077294686,11.023886205045626,5.508588298443371,8.521202361782072,8.091787439613526,24.825550187869027,10.607890499194847,2.26784755770263,0.013419216317767043,0.2147074610842727
143,25.36231884057971,8.849973161567364,4.119699409554482,8.460815888352121,8.064949006977992,35.95679012345679,7.75630703166935,1.3419216317767042,0.013419216317767043,0.07380568974771873
144,25.905797101449274,8.709071390230811,4.052603327965647,8.3467525496511,8.017981749865807,35.80246913580247,7.7361782071927,1.3419216317767042,0.013419216317767043,0.07380568974771873
145,26.27482555018787,8.460815888352121,4.032474503488996,7.9106280193236715,8.695652173913043,35.68840579710145,7.541599570585078,1.3083735909822867,0.013419216317767043,0.07380568974771873
146,26.32850241545894,8.440687063875469,4.1129898013955986,7.48792270531401,9.286097691894794,35.487117552334944,7.461084272678476,1.3083735909822867,0.013419216317767043,0.07380568974771873
147,27.012882447665056,8.28636607622115,4.072732152442297,7.440955448201825,9.192163177670425,35.245571658615134,7.353730542136339,1.3083735909822867,0.013419216317767043,0.07380568974771873
148,27.38191089640365,8.132045088566828,4.2203435319377345,7.387278582930757,9.192163177670425,35.00402576489533,7.286634460547504,1.3083735909822867,0.013419216317767043,0.07380568974771873
149,27.03972088030059,7.742887815351583,4.052603327965647,6.756575415995706,11.225174449812132,34.796027911969944,7.098765432098766,1.2010198604401503,0.013419216317767043,0.07380568974771873
150,27.26784755770263,7.729468599033816,4.03918411164788,6.743156199677939,11.18491680085883,34.66183574879227,7.085346215780999,1.2010198604401503,0.013419216317767043,0.07380568974771873
151,27.428878153515836,7.689210950080516,3.797638217928073,7.39398819108964,11.16478797638218,34.272678475577024,6.749865807836822,1.415727321524423,0.013419216317767043,0.07380568974771873
152,27.30139559849705,7.675791733762749,3.784219001610306,7.39398819108964,10.929951690821255,32.971014492753625,8.440687063875469,1.415727321524423,0.013419216317767043,0.07380568974771873
153,27.596618357487923,7.675791733762749,3.770799785292539,7.407407407407407,10.849436392914654,32.83682232957595,8.360171765968868,1.415727321524423,0.013419216317767043,0.07380568974771873
154,28.14009661835749,7.6623725174449815,3.8177670424047236,7.360440150295223,10.997047772410092,32.2061191626409,8.313204508856682,1.415727321524423,0.013419216317767043,0.07380568974771873
155,28.455448201825014,7.6623725174449815,3.797638217928073,7.440955448201825,10.889694041867955,32.10547504025765,8.165593129361245,1.3955984970477724,0.013419216317767043,0.07380568974771873
156,28.945249597423512,7.581857219538379,3.589640365002684,7.39398819108964,11.064143853998926,31.89747718733226,8.132045088566828,1.3083735909822867,0.013419216317767043,0.07380568974771873
157,29.280730005367687,7.50805152979066,3.5628019323671496,7.39398819108964,11.023886205045626,31.642512077294686,8.085077831454644,1.415727321524423,0.013419216317767043,0.07380568974771873
158,29.09286097691895,7.501341921631776,3.5628019323671496,7.326892109500805,11.782071926999464,31.17283950617284,8.05823939881911,1.415727321524423,0.013419216317767043,0.07380568974771873
159,29.58937198067633,7.440955448201825,3.5426731078904994,7.192699946323135,11.741814278046162,31.01851851851852,7.971014492753623,1.415727321524423,0.013419216317767043,0.07380568974771873
160,29.844337090713903,7.4006977992485234,3.535963499731616,7.179280730005368,11.66129898013956,30.9849704777241,7.897208803005904,1.4090177133655395,0.013419216317767043,0.07380568974771873
161,28.341384863123995,7.306763285024155,3.321256038647343,6.233225979602791,11.057434245840042,34.366612989801396,7.877079978529254,1.4090177133655395,0.013419216317767043,0.07380568974771873
162,28.27428878153516,7.219538378958669,3.3145464304884595,6.219806763285024,10.84272678475577,34.46054750402576,7.856951154052603,1.724369296833065,0.013419216317767043,0.07380568974771873
163,28.549382716049383,7.1725711218464845,3.4957058507783145,6.3137412775093935,10.681696188942565,33.091787439613526,8.883521202361782,1.724369296833065,0.013419216317767043,0.07380568974771873
164,28.79092860976919,7.078636607622115,3.616478797638218,6.3137412775093935,10.674986580783683,32.870370370370374,8.84326355340848,1.724369296833065,0.013419216317767043,0.07380568974771873
165,28.24074074074074,7.058507783145465,3.603059581320451,13.191089640365004,10.420021470746109,27.865002683843265,7.816693505099302,1.7176596886741815,0.013419216317767043,0.07380568974771873
166,28.482286634460547,7.03166935050993,3.589640365002684,13.110574342458401,10.359634997316157,27.865002683843265,7.763016639828234,1.710950080515298,0.013419216317767043,0.07380568974771873
167,29.07944176060118,6.944444444444445,3.569511540526033,13.036768652710682,10.272410091250672,27.576489533011273,7.722758990874933,1.710950080515298,0.013419216317767043,0.07380568974771873
168,29.461889425657542,6.877348362855609,3.569511540526033,12.889157273215245,10.507246376811594,27.3215244229737,7.575147611379496,1.710950080515298,0.013419216317767043,0.07380568974771873
169,20.645464304884594,4.435050993022007,1.4090177133655395,11.439881910896403,12.95625335480408,41.84782608695652,5.857487922705314,1.3955984970477724,0.013419216317767043,
170,21.128556092324207,4.428341384863124,1.4090177133655395,11.426462694578637,12.889157273215245,41.49892646269458,5.810520665593129,1.3955984970477724,0.013419216317767043,
171,21.77938808373591,4.3478260869565215,1.4090177133655395,11.332528180354267,12.788513150831992,41.196994095544824,5.736714975845411,1.3955984970477724,0.013419216317767043,
172,22.289318303811058,4.30756843800322,1.4090177133655395,11.292270531400966,12.754965110037574,40.88835212023618,5.709876543209877,1.3352120236178207,0.013419216317767043,
173,22.73215244229737,4.280730005367687,1.4090177133655395,11.231884057971014,12.640901771336553,40.64680622651637,5.709876543209877,1.3352120236178207,0.013419216317767043,
174,22.014224369296834,4.025764895330113,1.3553408480944713,10.93666129898014,11.379495437466453,41.968599033816425,5.548845947396672,2.757648953301127,0.013419216317767043,
175,21.973966720343533,4.025764895330113,1.3553408480944713,10.742082662372518,12.124261943102523,41.6129898013956,5.22007514761138,2.7509393451422435,0.19457863660762212,
176,21.70558239398819,4.884594739667204,1.3553408480944713,10.715244229736983,11.969940955448202,41.217122920021474,5.213365539452496,2.7442297369833604,0.19457863660762212,
177,21.940418679549115,4.884594739667204,1.3553408480944713,10.775630703166936,11.876006441223833,41.0024154589372,5.119431025228127,2.8515834675254963,0.19457863660762212,
178,22.31615673644659,4.85775630703167,1.415727321524423,10.721953837895867,11.916264090177133,40.653515834675254,5.092592592592593,2.831454643048846,0.19457863660762212,
179,22.75228126677402,4.817498658078368,1.5633387010198605,10.68840579710145,11.782071926999464,40.27777777777778,5.092592592592593,2.831454643048846,0.19457863660762212,
180,22.69860440150295,4.804079441760601,1.90552871712292,10.393183038110575,11.681427804616211,40.4723564143854,4.931561996779388,2.918679549114332,0.19457863660762212,
181,22.96027911969941,4.804079441760601,1.90552871712292,10.332796564680622,11.627750939345143,40.371712292002144,4.918142780461621,2.885131508319914,0.19457863660762212,
182,23.349436392914654,4.804079441760601,1.90552871712292,10.0979602791197,11.56736446591519,40.15029522275899,4.8443370907139025,2.885131508319914,0.39586688137412773,
183,23.765432098765434,4.783950617283951,1.8115942028985508,10.037573805689748,11.439881910896403,39.841653247450346,5.038915727321524,2.885131508319914,0.39586688137412773,
184,23.70504562533548,4.74369296833065,2.059849704777241,10.782340311325818,11.399624261943103,39.492753623188406,4.53569511540526,2.885131508319914,0.39586688137412773,
185,23.55072463768116,4.730273752012883,4.582662372517445,10.755501878690284,11.345947396672035,37.815351583467525,4.3478260869565215,2.4825550187869028,0.38915727321524424,
186,23.899624261943103,4.730273752012883,4.508856682769726,10.420021470746109,11.29898013955985,37.084004294149224,5.481749865807837,2.187332259796028,0.38915727321524424,
187,24.362587224906065,4.696725711218465,4.502147074610843,10.393183038110575,11.211755233494364,36.802200751476114,5.46833064949007,2.1739130434782608,0.38915727321524424,
188,24.436392914653783,4.696725711218465,4.49543746645196,10.319377348362856,11.553945249597424,36.513687600644126,5.434782608695652,2.1604938271604937,0.38915727321524424,
189,24.852388620504563,4.64975845410628,4.49543746645196,10.265700483091788,11.533816425120772,36.12453032742888,5.401234567901234,2.2879763821792807,0.38915727321524424,
190,25.07380568974772,4.488727858293076,4.468599033816425,10.218733225979603,11.486849168008588,35.98362855609233,5.629361245303274,2.2611379495437465,0.38915727321524424,
191,25.295222758990874,4.488727858293076,4.428341384863124,10.339506172839506,11.460010735373054,35.889694041867955,5.481749865807837,2.227589908749329,0.38915727321524424,
192,25.369028448738593,4.488727858293076,4.361245303274289,10.326086956521738,11.460010735373054,35.70182501341922,5.683038110574342,2.2208803005904456,0.38915727321524424,
193,25.93263553408481,4.468599033816425,4.341116478797638,10.245571658615138,11.332528180354267,35.41331186258722,5.669618894256575,2.2208803005904456,0.3757380568974772,
194,26.482823403113258,4.468599033816425,4.341116478797638,10.178475577026301,11.18491680085883,35.11137949543747,5.662909286097692,2.1940418679549114,0.3757380568974772,
195,27.30810520665593,4.388083735909823,4.166666666666667,10.131508319914117,10.990338164251208,34.80273752012882,5.662909286097692,2.1739130434782608,0.3757380568974772,
196,27.361782071927,4.388083735909823,5.743424584004294,10.02415458937198,10.943370907139023,33.41384863123994,5.5756843800322065,2.1739130434782608,0.3757380568974772,
197,27.482555018786904,4.180085882984434,5.5756843800322065,10.68840579710145,10.849436392914654,33.13204508856683,5.542136339237788,2.1739130434782608,0.3757380568974772,
198,27.81803542673108,4.045893719806763,5.515297906602254,10.36634460547504,10.849436392914654,32.9374664519592,5.488459473966721,2.2745571658615136,0.7045088566827697,
199,28.133387010198604,4.045893719806763,5.515297906602254,10.319377348362856,10.809178743961352,32.789855072463766,5.434782608695652,2.2745571658615136,0.6776704240472357,
200,28.73054213633924,4.03918411164788,5.515297906602254,10.305958132045088,10.567632850241546,32.47450348899624,5.414653784219001,2.2745571658615136,0.6776704240472357,
201,28.878153515834676,4.025764895330113,5.501878690284487,10.265700483091788,10.641438539989265,32.32018250134192,5.414653784219001,2.2745571658615136,0.6776704240472357,
202,28.83118625872249,3.8580246913580245,5.428073000536768,10.185185185185185,11.929683306494901,31.5150295222759,5.307300053676865,2.2745571658615136,0.6709608158883521,
203,29.32769726247987,3.851315083199141,5.387815351583468,10.138217928073,11.802200751476114,31.266774020397207,5.280461621041331,2.2745571658615136,0.6709608158883521,
204,29.74369296833065,3.851315083199141,5.387815351583468,10.0979602791197,11.735104669887278,31.072195383789587,5.213365539452496,2.227589908749329,0.6709608158883521,
205,30.253623188405797,3.844605475040258,5.367686527106817,10.02415458937198,11.688137412775093,30.911164787976382,5.038915727321524,2.214170692431562,0.6575415995705851,
206,30.649490069779926,3.824476650563607,5.347557702630167,9.997316156736447,11.641170155662909,30.656199677938808,5.032206119162641,2.1940418679549114,0.6575415995705851,
207,31.04535695115405,3.770799785292539,5.347557702630167,9.802737520128824,11.58749329039184,30.48174986580784,4.985238862050457,2.1940418679549114,0.785024154589372,
208,31.0252281266774,3.717122920021471,5.320719269994632,9.796027911969942,11.580783682232958,30.26033279656468,5.22007514761138,2.2946859903381642,0.785024154589372,
209,31.488191089640367,3.6902844873859366,5.253623188405797,9.749060654857756,11.533816425120772,30.018786902844873,5.186527106816962,2.2946859903381642,0.785024154589372,
210,31.93773483628556,3.683574879227053,5.24020397208803,9.681964573268921,11.493558776167472,29.757112184648417,5.152979066022544,2.26784755770263,0.785024154589372,
211,32.1658615136876,3.6500268384326353,5.22007514761138,9.541062801932368,11.473429951690822,29.636339237788512,5.152979066022544,2.3752012882447664,0.785024154589372,
212,31.790123456790123,3.6366076221148687,5.179817498658078,10.205314009661835,11.352657004830919,29.381374127750938,5.2066559312936125,2.462426194310252,0.785024154589372,
213,31.5150295222759,3.5829307568438002,5.072463768115942,10.017444981213098,13.519860440150294,27.905260332796566,5.260332796564681,2.3550724637681157,0.7716049382716049,
214,32.06521739130435,3.455448201825013,5.059044551798175,9.977187332259795,13.39237788513151,27.67042404723564,5.260332796564681,2.3483628556092326,0.7716049382716049,
215,32.340311325818575,3.455448201825013,5.032206119162641,9.943639291465379,13.33870101986044,27.542941492216855,5.233494363929147,2.3483628556092326,0.7648953301127214,
216,32.6959205582394,3.44873859366613,5.072463768115942,9.930220075147611,13.211218464841654,27.30139559849705,5.226784755770263,2.3483628556092326,0.7648953301127214,
217,32.930756843800324,3.44873859366613,5.025496511003757,10.171765968867419,13.09044551798175,26.86527106816962,5.414653784219001,2.3483628556092326,0.7045088566827697,
218,33.25281803542673,3.4420289855072466,4.998658078368224,10.11808910359635,13.211218464841654,26.650563607085346,5.273752012882448,2.3483628556092326,0.7045088566827697,
219,33.353462157809986,3.4420289855072466,4.978529253891573,9.749060654857756,13.841921631776705,26.496242619431026,5.246913580246914,2.214170692431562,0.6776704240472357,
220,33.57487922705314,3.4286097691894795,4.944981213097155,9.71551261406334,13.741277509393452,26.46940418679549,5.233494363929147,2.214170692431562,0.6776704240472357,
221,33.782877079978526,3.4286097691894795,4.938271604938271,9.71551261406334,13.647342995169081,26.36876006441224,5.226784755770263,2.214170692431562,0.6776704240472357,
222,34.05126140633387,3.4017713365539453,4.938271604938271,9.594739667203436,13.593666129898015,26.301663982823403,5.226784755770263,2.214170692431562,0.6776704240472357,
223,34.29951690821256,3.388352120236178,4.851046698872786,9.86983360171766,13.506441223832528,26.147342995169083,5.045625335480408,2.214170692431562,0.6776704240472357,
224,34.44041867954911,3.3682232957595275,4.790660225442834,9.836285560923242,13.781535158346752,25.91921631776704,4.9718196457326895,2.214170692431562,0.6776704240472357,
225,34.95034889962426,3.0730005367686526,4.723564143853999,9.728931830381105,13.45276435856146,25.751476113794954,5.307300053676865,2.341653247450349,0.6709608158883521,
226,34.78260869565217,3.0730005367686526,4.669887278582931,9.702093397745571,14.251207729468598,25.228126677402038,5.293880837359098,2.328234031132582,0.6709608158883521,
227,35.54079441760601,3.0730005367686526,4.770531400966184,9.561191626409018,13.996242619431026,24.84567901234568,5.226784755770263,2.314814814814815,0.6709608158883521,
228,35.94337090713902,3.0595813204508855,4.7638217928073,9.4873859366613,13.848631239935587,24.704777241009126,5.213365539452496,2.314814814814815,0.6642512077294686,
229,36.46672034353194,3.046162104133119,4.730273752012883,9.433709071390231,13.754696725711218,24.40955448201825,5.2066559312936125,2.3081052066559313,0.644122383252818,
230,36.66800858829844,3.012614063338701,4.683306494900698,9.73564143853999,13.58695652173913,24.268652710681696,5.112721417069243,2.2879763821792807,0.644122383252818,
231,36.963231347289316,3.0059044551798175,4.663177670424047,9.71551261406334,13.573537305421363,24.10091250670961,5.092592592592593,2.2410091250670963,0.644122383252818,
232,37.39264626945786,2.932098765432099,4.663177670424047,9.621578099838969,13.43263553408481,24.020397208803004,5.065754159957058,2.227589908749329,0.644122383252818,
233,37.65432098765432,2.898550724637681,4.622920021470746,9.608158883521202,13.419216317767042,23.96672034353194,5.018786902844874,2.214170692431562,0.5971551261406334,
234,37.92941492216855,2.898550724637681,4.622920021470746,9.554482018250134,13.123993558776167,23.879495437466453,5.018786902844874,2.214170692431562,0.7581857219538379,
235,38.08373590982286,2.885131508319914,4.5960815888352125,9.541062801932368,12.855609232420827,23.738593666129898,4.9718196457326895,2.5697799248523885,0.7581857219538379,
236,38.24476650563607,2.8784219001610305,4.750402576489533,9.574610842726784,12.795222758990874,23.537305421363392,4.891304347826087,2.5697799248523885,0.7581857219538379,
237,38.466183574879224,2.8784219001610305,4.750402576489533,9.520933977455716,12.74825550187869,23.450080515297905,4.87788513150832,2.563070316693505,0.7447665056360708,
238,38.6808910359635,2.818035426731079,4.817498658078368,9.292807300053678,12.989801395598498,23.34272678475577,4.810789049919484,2.536231884057971,0.7112184648416533,
239,38.95598497047772,2.7777777777777777,4.817498658078368,9.172034353193773,12.949543746645196,23.19511540526033,4.904723564143854,2.522812667740204,0.7045088566827697,
240,38.17096081588835,2.7509393451422435,4.804079441760601,8.977455716586151,13.714439076757918,22.188674181427803,6.246645195920558,2.475845410628019,0.6709608158883521,
