,45,50,53,52,51,54,55,56
0,99.72490606548577,0.27509393451422437,,,,,,
1,95.62533548040794,4.374664519592056,,,,,,
2,95.62533548040794,4.374664519592056,,,,,,
3,93.33735909822866,6.662640901771336,,,,,,
4,88.27160493827161,11.728395061728396,,,,,,
5,88.1508319914117,11.849168008588299,,,,,,
6,82.15244229736983,17.847557702630166,,,,,,
7,82.01825013419216,17.98174986580784,,,,,,
8,81.85050993022007,18.149490069779926,,,,,,
9,81.78341384863124,18.21658615136876,,,,,,
10,82.01154052603329,17.98845947396672,,,,,,
11,82.07863660762212,17.921363392377884,,,,,,
12,81.85721953837896,18.14278046162104,,,,,,
13,80.42136339237788,19.343800322061192,0.23483628556092323,,,,,
14,80.62265163714439,19.142512077294686,0.23483628556092323,,,,,
15,80.70316693505099,19.061996779388085,0.23483628556092323,,,,,
16,78.88486312399355,20.88030059044552,0.23483628556092323,,,,,
17,78.67686527106817,21.088298443370906,0.23483628556092323,,,,,
18,78.5024154589372,21.26274825550188,0.23483628556092323,,,,,
19,77.88513150831992,21.880032206119164,0.23483628556092323,,,,,
20,77.82474503488996,21.75925925925926,0.23483628556092323,0.18115942028985507,,,,
21,76.67740203972087,22.906602254428343,0.23483628556092323,0.18115942028985507,,,,
22,76.76462694578636,22.832796564680624,0.23483628556092323,0.16774020397208803,,,,
23,74.46323134728932,25.13419216317767,0.23483628556092323,0.16774020397208803,,,,
24,70.12211486849168,26.549919484702095,0.23483628556092323,0.16774020397208803,2.9253891572732154,,,
25,68.50509930220075,28.039452495974235,0.36231884057971014,0.16774020397208803,2.9253891572732154,,,
26,68.29039184111647,28.25415995705851,0.36231884057971014,0.16774020397208803,2.9253891572732154,,,
27,68.00858829844337,28.535963499731615,0.36231884057971014,0.16774020397208803,2.9253891572732154,,,
28,64.96913580246914,31.729736983360173,0.36231884057971014,0.16774020397208803,2.771068169618894,,,
29,65.13016639828234,31.629092860976918,0.36231884057971014,0.16774020397208803,2.7106816961889426,,,
30,64.29817498658079,32.628824476650564,0.36231884057971014,0.16774020397208803,2.5429414922168547,,,
31,64.39210950080515,32.139023081052066,0.36231884057971014,0.5636070853462157,2.5429414922168547,,,
32,64.24449812130972,32.326892109500804,0.35560923242082665,0.5636070853462157,2.509393451422437,,,
33,64.27133655394525,32.11218464841653,0.35560923242082665,0.5501878690284487,2.7106816961889426,,,
34,62.64761137949544,33.756038647343,0.35560923242082665,0.5501878690284487,2.690552871712292,,,
35,62.72141706924316,33.49436392914654,0.35560923242082665,0.7447665056360708,2.6838432635534084,,,
36,62.6610305958132,33.3064949006978,0.35560923242082665,0.7380568974771873,2.9388083735909825,,,
37,61.178207192699944,34.84970477724101,0.2214170692431562,0.5837359098228664,2.9253891572732154,0.24154589371980675,,
38,61.37278582930757,34.66854535695116,0.2214170692431562,0.5703166935050993,2.9253891572732154,0.24154589371980675,,
39,61.66800858829844,34.48067632850242,0.2214170692431562,0.5703166935050993,2.9253891572732154,0.13419216317767044,,
40,61.20504562533548,34.957058507783145,0.2214170692431562,0.5703166935050993,2.9119699409554483,0.13419216317767044,,
41,60.94337090713902,33.43397745571659,0.2214170692431562,0.5703166935050993,4.696725711218465,0.13419216317767044,,
42,59.43370907139023,35.198604401502955,0.2214170692431562,0.5703166935050993,4.441760601180891,0.13419216317767044,,
43,59.4873859366613,35.14492753623188,0.2214170692431562,0.5703166935050993,4.441760601180891,0.13419216317767044,,
44,59.64170692431562,34.99060654857756,0.2214170692431562,0.5703166935050993,4.441760601180891,0.13419216317767044,,
45,58.19243156199678,36.4398819108964,0.2214170692431562,0.5703166935050993,4.441760601180891,0.13419216317767044,,
46,55.38781535158347,39.10359634997316,0.2214170692431562,0.46296296296296297,4.690016103059581,0.13419216317767044,,
47,55.703166935050994,38.808373590982285,0.2214170692431562,0.4428341384863124,4.690016103059581,0.13419216317767044,,
48,53.03945249597424,40.915190552871714,0.2214170692431562,0.7581857219538379,4.690016103059581,0.13419216317767044,0.24154589371980675,
49,52.865002683843265,41.1231884057971,0.2214170692431562,0.7313472893183038,4.683306494900698,0.13419216317767044,0.24154589371980675,
50,53.44873859366613,40.33145464304884,0.2214170692431562,0.7179280730005367,4.904723564143854,0.13419216317767044,0.24154589371980675,
51,53.38835212023618,40.123456790123456,0.2214170692431562,0.7179280730005367,5.179817498658078,0.13419216317767044,0.23483628556092323,
52,53.65002683843264,39.60010735373054,0.2214170692431562,0.7179280730005367,5.441492216854535,0.13419216317767044,0.23483628556092323,
53,46.75925925925926,46.22920021470746,0.4830917874396135,0.7179280730005367,5.441492216854535,0.13419216317767044,0.23483628556092323,
54,47.094739667203434,45.34353193773484,0.4830917874396135,1.288244766505636,5.421363392377885,0.13419216317767044,0.23483628556092323,
55,47.36983360171766,45.06843800322061,0.4830917874396135,1.288244766505636,5.421363392377885,0.13419216317767044,0.23483628556092323,
56,47.71202361782072,44.72624798711755,0.4830917874396135,1.288244766505636,5.421363392377885,0.13419216317767044,0.23483628556092323,
57,47.88647342995169,44.76650563607085,0.4830917874396135,1.093666129898014,5.401234567901234,0.13419216317767044,0.23483628556092323,
58,48.23537305421363,44.55179817498658,0.4830917874396135,1.093666129898014,5.267042404723564,0.13419216317767044,0.23483628556092323,
59,44.6256038647343,48.31588835212023,0.4830917874396135,1.0466988727858293,5.179817498658078,0.13419216317767044,0.2147074610842727,
60,39.50617283950617,52.12694578636608,0.4830917874396135,2.187332259796028,5.360976918947934,0.12077294685990338,0.2147074610842727,
61,38.439345142243695,52.865002683843265,0.4830917874396135,2.187332259796028,5.005367686527107,0.8118625872249061,0.20799785292538917,
62,38.10386473429951,53.213902308105204,0.4830917874396135,2.187332259796028,4.99194847020934,0.8118625872249061,0.20799785292538917,
63,38.28502415458937,53.05958132045089,0.4830917874396135,2.1604938271604937,4.99194847020934,0.8118625872249061,0.20799785292538917,
64,38.62050456253355,52.79119699409554,0.4830917874396135,2.1269457863660763,4.958400429414922,0.8118625872249061,0.20799785292538917,
65,39.190821256038646,52.22758990874933,0.4830917874396135,2.120236178207193,4.958400429414922,0.8118625872249061,0.20799785292538917,
66,39.351851851851855,51.84514224369297,0.4830917874396135,2.120236178207193,4.958400429414922,1.0466988727858293,0.19457863660762212,
67,39.83494363929147,51.38217928073001,0.4830917874396135,2.120236178207193,4.938271604938271,1.0466988727858293,0.19457863660762212,
68,39.88862050456253,50.81857219538379,0.8185721953837896,2.0799785292538915,4.931561996779388,1.2681159420289856,0.19457863660762212,
69,40.15029522275899,50.556897477187334,0.8185721953837896,2.0799785292538915,4.931561996779388,1.2681159420289856,0.19457863660762212,
70,40.33145464304884,50.415995705850776,0.8185721953837896,2.0397208803005906,4.931561996779388,1.2681159420289856,0.19457863660762212,
71,39.85507246376812,49.074074074074076,0.8185721953837896,2.0397208803005906,6.749865807836822,1.2681159420289856,0.19457863660762212,
72,40.304616210413315,48.631239935587764,0.8185721953837896,2.0397208803005906,6.743156199677939,1.2681159420289856,0.19457863660762212,
73,39.24449812130972,46.59822866344606,0.8185721953837896,2.0263016639828235,9.849704777241008,1.2681159420289856,0.19457863660762212,
74,39.412238325281805,46.47074610842727,0.8185721953837896,2.0128824476650564,9.822866344605474,1.2681159420289856,0.19457863660762212,
75,39.60681696188943,46.28958668813741,0.8185721953837896,2.0128824476650564,9.809447128287708,1.2681159420289856,0.19457863660762212,
76,39.94900697799248,45.860171765968865,0.8185721953837896,2.214170692431562,9.695383789586689,1.2681159420289856,0.19457863660762212,
77,40.39855072463768,45.430756843800324,0.8118625872249061,2.214170692431562,9.681964573268921,1.2681159420289856,0.19457863660762212,
78,40.54616210413312,45.10198604401503,0.9997316156736447,2.214170692431562,9.64170692431562,1.3016639828234031,0.19457863660762212,
79,40.98228663446055,44.927536231884055,0.9125067096081588,2.167203435319377,9.534353193773484,1.2815351583467525,0.19457863660762212,
80,39.821524422973695,46.323134728931834,0.8923778851315083,2.3349436392914655,9.151905528717123,1.2815351583467525,0.19457863660762212,
81,39.98926462694579,46.22920021470746,0.8923778851315083,2.3349436392914655,9.078099838969404,1.2815351583467525,0.19457863660762212,
82,40.344873859366615,45.8870101986044,0.8923778851315083,2.328234031132582,9.07139023081052,1.2815351583467525,0.19457863660762212,
83,40.22410091250671,45.75952764358561,0.8856682769726248,2.623456790123457,9.03113258185722,1.2815351583467525,0.19457863660762212,
84,40.51932367149758,45.58507783145464,0.8856682769726248,2.61003757380569,8.923778851315083,1.2815351583467525,0.19457863660762212,
85,40.80112721417069,44.498121309715515,0.8856682769726248,2.5563607085346214,8.890230810520666,2.1739130434782608,0.19457863660762212,
86,40.07648953301127,43.51180891035963,0.8856682769726248,2.5563607085346214,10.88298443370907,1.892109500805153,0.19457863660762212,
87,40.47906602254428,43.12265163714439,0.8856682769726248,2.5429414922168547,10.795759527643586,1.8384326355340848,0.33548040794417605,
88,40.61996779388084,42.74691358024691,0.8722490606548577,2.6033279656468062,10.990338164251208,1.8317230273752012,0.33548040794417605,
89,40.56629092860977,41.06280193236715,1.0869565217391304,2.6033279656468062,11.936392914653783,2.0933977455716586,0.6508319914117016,
90,40.88164251207729,40.88835212023618,1.0601180891035964,2.576489533011272,11.849168008588299,2.0933977455716586,0.6508319914117016,
91,40.57300053676865,39.64036500268384,1.0601180891035964,2.576489533011272,13.405797101449275,2.0933977455716586,0.6508319914117016,
92,40.86151368760064,39.412238325281805,1.0601180891035964,2.576489533011272,13.358829844337091,2.0799785292538915,0.6508319914117016,
93,41.1634460547504,39.17740203972088,1.0601180891035964,2.5429414922168547,13.33870101986044,2.0665593129361244,0.6508319914117016,
94,41.18357487922705,38.99624261943102,1.0601180891035964,2.757648953301127,13.285024154589372,2.0665593129361244,0.6508319914117016,
95,38.828502415458935,44.96779388083736,1.0332796564680622,3.515834675254965,9.567901234567902,1.4358561460010735,0.6508319914117016,
96,38.92914653784219,44.82018250134192,1.0332796564680622,3.4822866344605474,9.648416532474503,1.4358561460010735,0.6508319914117016,
97,38.30515297906602,45.9272678475577,1.0332796564680622,3.4822866344605474,9.16532474503489,1.4358561460010735,0.6508319914117016,
98,38.98282340311326,45.35024154589372,1.0332796564680622,3.475577026301664,9.084809447128288,1.4224369296833066,0.6508319914117016,
99,39.02308105206656,45.108695652173914,1.0332796564680622,3.475577026301664,9.078099838969404,1.6304347826086956,0.6508319914117016,
100,38.97611379495437,45.21604938271605,1.0332796564680622,3.475577026301664,9.024422973698336,1.6237251744498122,0.6508319914117016,
101,39.130434782608695,44.83360171765969,1.0332796564680622,3.475577026301664,8.99087493290392,1.6237251744498122,0.9125067096081588,
102,39.34514224369297,44.67928073000537,1.0332796564680622,3.475577026301664,8.970746108427267,1.6237251744498122,0.8722490606548577,
103,39.472624798711756,44.12909286097692,1.0332796564680622,3.4420289855072466,9.091519055287172,1.9592055823939882,0.8722490606548577,
104,39.01637144390767,42.69994632313473,0.9326355340848095,3.4420289855072466,11.124530327428879,1.9122383252818036,0.8722490606548577,
105,39.19753086419753,42.58588298443371,0.9326355340848095,3.4420289855072466,11.057434245840042,1.9122383252818036,0.8722490606548577,
106,39.942297369833604,42.08266237251745,0.9326355340848095,3.4286097691894795,10.876274825550189,1.865271068169619,0.8722490606548577,
107,38.70101986044015,41.0829307568438,0.9326355340848095,3.3279656468062266,13.419216317767042,1.6639828234031133,0.8722490606548577,
108,38.989533011272144,40.727321524422976,0.9125067096081588,3.307836822329576,13.378958668813741,1.8988191089640365,0.785024154589372,
109,39.170692431561996,40.41196994095545,1.06682769726248,3.5628019323671496,13.20450885668277,1.8786902844873858,0.7045088566827697,
110,39.29817498658078,40.3918411164788,1.0601180891035964,3.5292538915727323,13.137412775093935,1.8786902844873858,0.7045088566827697,
111,39.24449812130972,40.54616210413312,1.0601180891035964,3.5225442834138487,13.070316693505099,1.8518518518518519,0.7045088566827697,
112,39.49946323134729,40.17713365539453,1.0601180891035964,3.502415458937198,12.989801395598498,1.8518518518518519,0.9192163177670424,
113,38.727858293075684,38.00993022007515,1.0601180891035964,4.851046698872786,14.432367149758454,1.8518518518518519,1.06682769726248,
114,38.96269457863661,37.875738056897475,1.0601180891035964,4.824208266237251,14.371980676328503,1.8384326355340848,1.06682769726248,
115,37.47987117552335,37.88244766505636,1.328502415458937,4.260601180891036,16.15673644659152,1.8384326355340848,1.0534084809447128,
116,37.78180354267311,37.74154589371981,1.328502415458937,4.240472356414386,16.035963499731615,1.8250134192163177,1.0466988727858293,
117,37.05716586151369,39.16398282340311,1.3083735909822867,4.240472356414386,15.505904455179817,1.8250134192163177,0.8990874932903918,
118,37.4597423510467,38.77482555018787,1.2077294685990339,4.4753086419753085,15.365002683843263,1.8183038110574343,0.8990874932903918,
119,37.98309178743961,38.29173376274826,1.2077294685990339,4.42163177670424,15.177133655394526,2.01959205582394,0.8990874932903918,
120,38.33199141170156,38.05018786902845,1.2077294685990339,4.42163177670424,14.861782071927,2.0128824476650564,1.1137949543746646,
121,38.43263553408481,38.00993022007515,1.2077294685990339,4.40150295222759,14.821524422973699,2.0128824476650564,1.1137949543746646,
122,38.32528180354267,38.09044551798175,1.2077294685990339,4.609500805152979,14.667203435319378,1.9927536231884058,1.107085346215781,
123,38.506441223832525,37.9495437466452,1.2077294685990339,4.609500805152979,14.626945786366075,1.9927536231884058,1.107085346215781,
124,38.79495437466452,36.95652173913044,1.1674718196457328,4.51556629092861,15.465646806226516,1.9927536231884058,1.107085346215781,
125,39.15727321524423,36.741814278046164,1.1674718196457328,4.367954911433173,15.465646806226516,1.9927536231884058,1.107085346215781,
126,39.331723027375205,36.460010735373054,1.3687600644122384,4.334406870638754,15.405260332796564,1.9927536231884058,1.107085346215781,
127,38.378958668813745,35.0979602791197,1.3687600644122384,3.7037037037037037,17.498658078368223,2.885131508319914,1.06682769726248,
128,38.63392377885131,34.97047772410091,1.3687600644122384,3.616478797638218,17.458400429414922,2.885131508319914,1.06682769726248,
129,37.03032742887815,37.567096081588836,1.3687600644122384,2.9924852388620504,17.09608158883521,2.885131508319914,1.0601180891035964,
130,37.11084272678475,36.922973698336016,1.596886741814278,2.9924852388620504,17.505367686527105,2.8247450348899625,1.0466988727858293,
131,37.19806763285024,36.36607622114869,1.596886741814278,3.2206119162640903,17.431561996779386,2.7844873859366612,1.402308105206656,
132,37.533548040794415,36.111111111111114,1.5633387010198605,3.2206119162640903,17.384594739667204,2.7844873859366612,1.402308105206656,
133,37.9495437466452,35.889694041867955,1.5432098765432098,3.207192699946323,17.270531400966185,2.7442297369833604,1.3955984970477724,
134,38.10386473429951,35.68840579710145,1.5432098765432098,3.166935050993022,17.136339237788512,2.7241009125067097,1.6371443907675791,
135,38.35882984433709,35.547504025764894,1.5432098765432098,3.1602254428341383,17.04911433172303,2.703972088030059,1.6371443907675791,
136,38.61379495437466,35.39318303811057,1.5432098765432098,3.1602254428341383,16.948470209339774,2.703972088030059,1.6371443907675791,
137,38.87546967257112,34.90338164251208,1.5432098765432098,3.1602254428341383,16.861245303274288,2.703972088030059,1.9524959742351047,
138,38.69431025228127,34.62157809983897,1.5230810520665594,3.9989264626945786,16.505636070853463,2.703972088030059,1.9524959742351047,
139,39.210950080515296,34.326355340848096,1.5230810520665594,3.9989264626945786,16.297638217928075,2.703972088030059,1.9390767579173376,
140,39.36527106816962,34.292807300053674,1.570048309178744,3.978797638217928,16.15673644659152,2.703972088030059,1.932367149758454,
141,39.45920558239399,34.286097691894796,1.570048309178744,3.965378421900161,16.10305958132045,2.6838432635534084,1.932367149758454,
142,39.432367149758456,34.05126140633387,1.778046162104133,3.965378421900161,16.15673644659152,2.6838432635534084,1.932367149758454,
143,39.029790660225444,36.600912506709605,1.7176596886741815,3.3816425120772946,14.88191089640365,2.4557165861513686,1.932367149758454,
144,37.25174449812131,35.88298443370907,1.7176596886741815,3.166935050993022,17.847557702630166,2.442297369833602,1.6908212560386473,
145,36.882716049382715,35.37305421363392,1.5230810520665594,4.851046698872786,17.297369833601717,2.408749329039184,1.6639828234031133,
146,37.3389694041868,35.03086419753087,1.5230810520665594,4.851046698872786,17.21014492753623,2.38191089640365,1.6639828234031133,
147,37.66774020397209,34.91009125067096,1.5230810520665594,4.851046698872786,17.028985507246375,2.38191089640365,1.6371443907675791,
148,37.65432098765432,34.68867418142781,1.5230810520665594,5.179817498658078,16.948470209339774,2.368491680085883,1.6371443907675791,
149,38.04347826086956,34.45383789586688,1.5230810520665594,5.072463768115942,16.908212560386474,2.3617820719269993,1.6371443907675791,
150,38.13070316693505,34.13177670424047,1.5230810520665594,5.072463768115942,16.841116478797638,2.3617820719269993,1.9390767579173376,
151,38.57353730542136,34.004294149221685,1.3083735909822867,5.065754159957058,16.780730005367687,2.3483628556092326,1.9189479334406871,
152,39.029790660225444,33.85668276972625,1.3083735909822867,5.045625335480408,16.49892646269458,2.341653247450349,1.9189479334406871,
153,39.10359634997316,33.682232957595275,1.2949543746645196,5.045625335480408,16.42512077294686,2.5429414922168547,1.90552871712292,
154,39.47933440687064,33.28636607622115,1.2949543746645196,5.045625335480408,16.243961352657006,2.804616210413312,1.8451422436929683,
155,39.982555018786904,33.12533548040794,1.2345679012345678,4.99194847020934,16.035963499731615,2.791196994095545,1.8384326355340848,
156,40.23081052066559,32.96430488459474,1.2278582930756843,5.10601180891036,15.854804079441761,2.7777777777777777,1.8384326355340848,
157,40.405260332796566,32.84353193773484,1.2144390767579174,5.092592592592593,15.827965646806227,2.7777777777777777,1.8384326355340848,
158,40.50590445517982,32.400697799248526,1.482823403113258,5.347557702630167,15.747450348899624,2.677133655394525,1.8384326355340848,
159,40.60654857756307,32.380568974771876,1.482823403113258,5.3341384863123995,15.68035426731079,2.677133655394525,1.8384326355340848,
160,41.0024154589372,31.870638754696724,1.7310789049919484,5.300590445517981,15.626677402039721,2.6502952227589907,1.8183038110574343,
161,41.646537842190014,31.602254428341386,1.7310789049919484,5.179817498658078,15.398550724637682,2.623456790123457,1.8183038110574343,
162,42.13633923778851,31.32716049382716,1.7310789049919484,5.173107890499195,15.250939345142244,2.623456790123457,1.7579173376274826,
163,41.92163177670424,30.891035963499732,1.7310789049919484,5.059044551798175,15.767579173376275,2.871712292002147,1.7579173376274826,
164,42.13633923778851,30.797101449275363,1.724369296833065,4.998658078368224,15.734031132581856,2.8515834675254963,1.7579173376274826,
165,42.270531400966185,30.709876543209877,1.724369296833065,4.978529253891573,15.707192699946322,2.8515834675254963,1.7579173376274826,
166,42.632850241545896,30.3743961352657,1.6774020397208802,4.87788513150832,15.666935050993022,2.8381642512077296,1.932367149758454,
167,42.78046162104133,30.246913580246915,1.6774020397208802,4.8443370907139025,15.546162104133119,2.8381642512077296,2.0665593129361244,
168,42.14975845410628,29.28743961352657,4.448470209339774,4.810789049919484,14.647074610842727,2.8113258185721954,1.8451422436929683,
169,41.54589371980676,28.898282340311326,4.448470209339774,4.810789049919484,15.640096618357488,2.8113258185721954,1.8451422436929683,
170,41.74047235641439,28.824476650563607,4.42163177670424,4.783950617283951,15.519323671497585,2.8113258185721954,1.8988191089640365,
171,42.07595276435856,28.133387010198604,5.166398282340311,4.51556629092861,15.418679549114332,2.791196994095545,1.8988191089640365,
172,42.31749865807837,28.046162104133117,5.159688674181428,4.448470209339774,15.365002683843263,2.771068169618894,1.892109500805153,
173,42.58588298443371,27.999194847020934,5.12614063338701,4.448470209339774,15.177133655394526,2.771068169618894,1.892109500805153,
174,42.693236714975846,27.47584541062802,5.139559849704777,5.025496511003757,15.143585614600108,2.657004830917874,1.865271068169619,
175,43.001878690284485,27.462426194310254,5.10601180891036,5.025496511003757,14.88191089640365,2.657004830917874,1.865271068169619,
176,43.283682232957595,27.28797638217928,5.10601180891036,4.998658078368224,14.841653247450349,2.657004830917874,1.8250134192163177,
177,43.41787439613527,27.180622651637144,5.0993022007514766,4.998658078368224,14.821524422973699,2.657004830917874,1.8250134192163177,
178,43.49168008588298,27.046430488459475,5.0993022007514766,5.132850241545894,14.781266774020397,2.657004830917874,1.7914653784219001,
179,43.565485775630705,26.986044015029524,5.0993022007514766,5.132850241545894,14.76784755770263,2.657004830917874,1.7914653784219001,
180,43.874127750939344,26.77133655394525,4.9651100375738055,5.24020397208803,14.700751476113794,2.657004830917874,1.7914653784219001,
181,43.974771873322595,26.596886741814277,4.9651100375738055,5.226784755770263,14.78797638217928,2.657004830917874,1.7914653784219001,
182,44.18276972624799,26.52308105206656,4.9651100375738055,5.179817498658078,14.707461084272678,2.6502952227589907,1.7914653784219001,
183,44.296833064949006,26.455984970477726,4.951690821256038,5.146269457863661,14.707461084272678,2.6502952227589907,1.7914653784219001,
184,44.585346215781,26.154052603327965,4.931561996779388,5.018786902844874,14.65378421900161,2.8650026838432634,1.7914653784219001,
185,44.71953837895867,26.140633387010197,4.918142780461621,5.005367686527107,14.600107353730541,2.8247450348899625,1.7914653784219001,
186,45.00805152979066,25.999731615673646,4.891304347826087,4.978529253891573,14.53972088030059,2.8247450348899625,1.7579173376274826,
187,45.26301663982824,25.925925925925927,4.85775630703167,4.918142780461621,14.452495974235104,2.8247450348899625,1.7579173376274826,
188,44.26999463231347,28.16022544283414,3.730542136339238,4.871175523349437,14.38539989264627,2.8247450348899625,1.7579173376274826,
189,44.14251207729468,27.70397208803006,3.730542136339238,5.756843800322061,14.210950080515298,2.7106816961889426,1.7444981213097155,
190,44.256575415995705,27.47584541062802,3.730542136339238,5.870907139023081,14.210950080515298,2.7106816961889426,1.7444981213097155,
191,44.63231347289318,27.220880300590444,3.683574879227053,5.857487922705314,14.150563607085346,2.7106816961889426,1.7444981213097155,
192,44.73966720343532,27.167203435319376,3.683574879227053,5.850778314546431,14.103596349973161,2.7106816961889426,1.7444981213097155,
193,44.96108427267848,27.066559312936125,3.683574879227053,5.797101449275362,14.103596349973161,2.690552871712292,1.6975308641975309,
194,45.09527643585615,26.89210950080515,3.6768652710681695,5.743424584004294,13.90901771336554,2.985775630703167,1.6975308641975309,
195,45.34353193773484,26.52308105206656,3.6768652710681695,5.71658615136876,13.754696725711218,2.985775630703167,1.9994632313472893,
196,44.03515834675255,29.11969940955448,3.180354267310789,5.3341384863123995,13.41250670960816,2.918679549114332,1.9994632313472893,
197,44.14922168545357,29.07944176060118,3.180354267310789,5.293880837359098,13.385668276972625,2.9119699409554483,1.9994632313472893,
198,44.24315619967794,28.911701556629094,3.1333870101986045,5.293880837359098,13.506441223832528,2.9119699409554483,1.9994632313472893,
199,43.612453032742884,28.10654857756307,3.1333870101986045,6.991411701556629,13.311862587224907,2.8784219001610305,1.9659151905528718,
200,43.71980676328502,28.059581320450885,3.1333870101986045,6.984702093397746,13.258185721953838,2.8784219001610305,1.9659151905528718,
201,43.84057971014493,27.999194847020934,3.1333870101986045,6.984702093397746,13.231347289318304,2.85829307568438,1.9524959742351047,
202,43.954643048845945,27.999194847020934,3.1333870101986045,6.937734836285561,13.191089640365004,2.831454643048846,1.9524959742351047,
203,44.357219538378956,27.80461621041331,3.099838969404187,6.870638754696726,13.130703166935051,2.791196994095545,1.9457863660762211,
204,44.65244229736983,27.616747181964573,3.066290928609769,6.830381105743425,13.097155126140633,2.791196994095545,1.9457863660762211,
205,44.96108427267848,27.415458937198068,3.1736446591519054,6.823671497584541,13.009930220075148,2.6704240472356413,1.9457863660762211,
206,45.13553408480945,27.28797638217928,3.1736446591519054,6.823671497584541,12.983091787439614,2.6502952227589907,1.9457863660762211,
207,45.05501878690284,26.7512077294686,3.1602254428341383,7.0383789586688135,12.942834138486312,2.8515834675254963,2.200751476113795,
208,42.619431025228124,24.020397208803004,2.9052603327965647,6.568706387546968,20.034889962426195,2.13365539452496,1.7176596886741815,
209,43.05555555555556,23.872785829307567,2.7442297369833604,6.286902844873859,20.21604938271605,2.1068169618894257,1.7176596886741815,
210,43.303811057434245,23.79898013955985,2.7442297369833604,6.253354804079442,20.075147611379496,2.1068169618894257,1.7176596886741815,
211,42.860976918947934,23.087761674718198,2.7442297369833604,7.836822329575953,20.021470746108427,2.073268921095008,1.3754696725711217,
212,43.605743424584006,22.886473429951693,2.717391304347826,7.98443370907139,19.363929146537842,2.0665593129361244,1.3754696725711217,
213,43.78019323671498,22.966988727858293,2.7106816961889426,7.950885668276973,19.14922168545357,2.0665593129361244,1.3754696725711217,
214,44.256575415995705,22.73215244229737,2.6838432635534084,7.823403113258186,18.98148148148148,2.0263016639828235,1.4962426194310252,
215,44.457863660762214,22.61808910359635,2.9589371980676327,7.695920558239399,18.793612453032743,1.9793344068706387,1.4962426194310252,
216,44.83360171765969,22.544283413848632,2.932098765432099,7.695920558239399,18.5252281266774,1.9726247987117553,1.4962426194310252,
217,45.07514761137949,22.430220075147613,2.918679549114332,7.62211486849168,18.4849704777241,1.9726247987117553,1.4962426194310252,
218,45.229468599033815,22.383252818035427,2.8918411164787976,7.575147611379496,18.45813204508857,1.9726247987117553,1.4895330112721417,
219,45.32340311325819,22.269189479334408,2.8918411164787976,7.541599570585078,18.511808910359633,1.9726247987117553,1.4895330112721417,
220,45.57836822329576,22.19538378958669,2.8381642512077296,7.39398819108964,18.59903381642512,1.9256575415995705,1.4694041867954912,
221,45.873590982286636,22.041062801932366,2.7979066022544283,7.387278582930757,18.51851851851852,1.9256575415995705,1.4559849704777241,
222,46.16881374127751,21.906870638754697,2.7844873859366612,7.326892109500805,18.431293612453032,1.9256575415995705,1.4559849704777241,
223,46.35668276972625,21.81964573268921,2.7643585614600106,7.313472893183038,18.377616747181964,1.9122383252818036,1.4559849704777241,
224,46.55126140633387,21.71900161030596,2.7643585614600106,7.27992485238862,18.317230273752013,1.9122383252818036,1.4559849704777241,
225,46.9068706387547,21.584809447128286,2.7643585614600106,7.185990338164252,18.189747718733226,1.9122383252818036,1.4559849704777241,
226,46.262748255501876,21.276167471819647,2.7643585614600106,8.239398819108963,17.894524959742352,1.9122383252818036,1.6505636070853462,
227,46.43048845947396,21.24261943102523,2.737520128824477,8.21256038647343,17.847557702630166,1.8853998926462694,1.6438539989264627,
228,46.524422973698336,21.20907139023081,2.737520128824477,8.205850778314547,17.800590445517983,1.8786902844873858,1.6438539989264627,
229,46.765968867418145,21.162104133118625,2.737520128824477,8.179012345679013,17.659688674181428,1.8786902844873858,1.6170155662909287,
230,46.75925925925926,21.027911969940956,2.737520128824477,8.172302737520129,17.599302200751477,2.0933977455716586,1.6103059581320451,
231,46.752549651100374,20.853462157809982,2.7241009125067097,8.447396672034353,17.518786902844873,2.0933977455716586,1.6103059581320451,
232,47.0276435856146,20.840042941492218,2.7241009125067097,8.433977455716587,17.28395061728395,2.0799785292538915,1.6103059581320451,
233,47.08803005904455,20.833333333333332,2.7241009125067097,8.433977455716587,17.236983360171767,2.0799785292538915,1.6035963499731616,
234,47.155126140633385,20.77294685990338,2.7241009125067097,8.621846484165324,17.19001610305958,2.0799785292538915,1.4559849704777241,
235,46.83977455716586,20.618625872249062,2.6704240472356413,8.863392377885132,17.2638217928073,2.2879763821792807,1.4559849704777241,
236,47.00080515297907,20.397208803005906,2.6704240472356413,9.111647879763822,17.12962962962963,2.2342995169082127,1.4559849704777241,
237,47.054482018250134,20.457595276435857,2.6704240472356413,9.104938271604938,17.05582393988191,2.2074610842726785,1.4492753623188406,
238,46.9873859366613,20.33011272141707,2.657004830917874,8.709071390230811,17.659688674181428,2.2074610842726785,1.4492753623188406,
239,46.92699946323135,20.202630166398283,2.6502952227589907,8.93719806763285,17.62614063338701,2.2074610842726785,1.4492753623188406,
240,47.0679012345679,20.182501341921633,2.6502952227589907,8.829844337090714,17.619431025228128,2.2074610842726785,1.442565754159957,
241,47.34970477724101,20.061728395061728,2.6502952227589907,8.76274825550188,17.52549651100376,2.2074610842726785,1.442565754159957,
242,47.60466988727858,19.96779388083736,2.6502952227589907,8.648684916800859,17.485238862050455,2.2074610842726785,1.4358561460010735,
243,47.73215244229737,19.93424584004294,2.636876006441224,8.608427267847558,17.45169082125604,2.200751476113795,1.4358561460010735,
244,48.01395598497048,19.753086419753085,2.6301663982823404,8.57487922705314,17.391304347826086,2.200751476113795,1.4358561460010735,
245,48.128019323671495,19.719538378958667,2.623456790123457,8.53462157809984,17.357756307031668,2.200751476113795,1.4358561460010735,
246,48.309178743961354,19.679280730005367,2.6033279656468062,8.467525496511003,17.324208266237253,2.1806226516371443,1.4358561460010735,
247,48.671497584541065,19.57192699946323,2.589908749329039,8.440687063875469,17.11621041331186,2.1806226516371443,1.42914653784219,
248,48.62453032742888,19.484702093397747,2.5831991411701556,8.393719806763285,17.022275899087493,2.462426194310252,1.42914653784219,
249,48.671497584541065,19.32367149758454,2.7643585614600106,8.393719806763285,16.955179817498657,2.462426194310252,1.42914653784219,
250,48.76543209876543,19.310252281266774,2.7643585614600106,8.353462157809984,16.921631776704242,2.462426194310252,1.4224369296833066,
251,48.84594739667203,19.290123456790123,2.7643585614600106,8.353462157809984,16.861245303274288,2.462426194310252,1.4224369296833066,
252,48.96672034353194,19.216317767042405,2.7643585614600106,8.3064949006978,16.861245303274288,2.462426194310252,1.4224369296833066,
253,49.074074074074076,19.216317767042405,2.7643585614600106,8.293075684380032,16.76731078904992,2.462426194310252,1.4224369296833066,
254,49.16800858829844,19.182769726247987,2.7643585614600106,8.28636607622115,16.7337627482555,2.442297369833602,1.4224369296833066,
255,49.302200751476114,19.155931293612454,2.7509393451422435,8.252818035426731,16.67337627482555,2.442297369833602,1.4224369296833066,
256,49.81884057971015,19.03515834675255,2.7241009125067097,8.071658615136876,16.485507246376812,2.442297369833602,1.4224369296833066,
257,48.80568974771873,20.148953301127214,2.7241009125067097,7.977724100912507,16.478797638217927,2.442297369833602,1.4224369296833066,
258,48.91304347826087,20.108695652173914,2.717391304347826,7.96430488459474,16.438539989264626,2.4355877616747184,1.4224369296833066,
259,48.84594739667203,20.189210950080515,2.717391304347826,7.96430488459474,16.42512077294686,2.4355877616747184,1.4224369296833066,
260,49.020397208803004,20.108695652173914,2.717391304347826,7.957595276435856,16.344605475040257,2.428878153515835,1.4224369296833066,
261,49.2686527106817,20.041599570585078,2.6838432635534084,7.950885668276973,16.203703703703702,2.428878153515835,1.4224369296833066,
262,49.24852388620504,20.041599570585078,2.6838432635534084,7.930756843800322,15.94873859366613,2.4154589371980677,1.7310789049919484,
263,49.49677938808374,19.95437466451959,2.6838432635534084,7.930756843800322,15.874932903918411,2.3349436392914655,1.724369296833065,
264,49.67122920021471,19.90740740740741,2.677133655394525,7.897208803005904,15.787707997852925,2.3349436392914655,1.724369296833065,
265,49.71819645732689,19.89398819108964,2.6704240472356413,7.87037037037037,15.787707997852925,2.3349436392914655,1.724369296833065,
266,49.87251744498121,19.840311325818572,2.9589371980676327,7.836822329575953,15.754159957058508,2.2208803005904456,1.5163714439076759,
267,49.84567901234568,19.753086419753085,3.2340311325818574,7.816693505099302,15.747450348899624,2.2208803005904456,1.3821792807300053,
268,49.946323134728935,19.726247987117553,3.2340311325818574,7.809983896940419,15.707192699946322,2.1940418679549114,1.3821792807300053,
269,50.0805152979066,19.719538378958667,3.2340311325818574,7.776435856146001,15.653515834675256,2.1940418679549114,1.3419216317767042,
270,50.20799785292539,19.699409554482017,3.227321524422974,7.769726247987117,15.58641975308642,2.1940418679549114,1.3150831991411702,
271,50.295222758990874,19.692699946323135,3.227321524422974,7.709339774557166,15.277777777777779,2.1940418679549114,1.3150831991411702,0.2885131508319914
272,50.295222758990874,19.679280730005367,3.33467525496511,7.675791733762749,15.230810520665592,2.187332259796028,1.3083735909822867,0.2885131508319914
273,50.40257648953301,19.652442297369834,3.4420289855072466,7.64224369296833,15.103327965646805,2.1604938271604937,1.3083735909822867,0.2885131508319914
274,50.42270531400966,19.41760601180891,3.435319377348363,7.608695652173913,15.08990874932904,2.3349436392914655,1.402308105206656,0.2885131508319914
275,50.38244766505636,19.33709071390231,3.4151905528717124,7.575147611379496,15.277777777777779,2.3349436392914655,1.3888888888888888,0.2885131508319914
276,50.50993022007515,19.269994632313473,3.3816425120772946,7.575147611379496,15.250939345142244,2.3349436392914655,1.3888888888888888,0.2885131508319914
277,50.76489533011272,19.14922168545357,3.374932903918411,7.5281803542673105,15.170424047235642,2.3349436392914655,1.3888888888888888,0.2885131508319914
278,49.85238862050456,19.350509930220074,3.3682232957595275,7.467793880837359,15.150295222758992,3.1602254428341383,1.3620504562533549,0.2885131508319914
279,50.067096081588836,19.330381105743424,3.3682232957595275,7.353730542136339,15.08990874932904,3.140096618357488,1.3620504562533549,0.2885131508319914
280,50.0402576489533,19.26328502415459,3.3682232957595275,7.64224369296833,14.955716586151368,3.079710144927536,1.3620504562533549,0.2885131508319914
281,50.19457863660762,19.236446591519055,3.3682232957595275,7.62211486849168,14.875201288244767,3.052871712292002,1.3620504562533549,0.2885131508319914
282,50.3690284487386,19.209608158883523,3.3480944712828773,7.568438003220612,14.814814814814815,3.0394524959742353,1.3620504562533549,0.2885131508319914
283,50.46296296296296,19.155931293612454,3.3480944712828773,7.5281803542673105,14.848362855609233,3.0059044551798175,1.3620504562533549,0.2885131508319914
284,50.6508319914117,19.122383252818036,3.2340311325818574,7.514761137949543,14.834943639291465,3.0059044551798175,1.3486312399355878,0.2885131508319914
285,50.70450885668277,19.108964036500268,3.2340311325818574,7.494632313472893,14.707461084272678,2.945517981749866,1.5163714439076759,0.2885131508319914
286,50.86553945249597,19.102254428341386,3.207192699946323,7.494632313472893,14.579978529253891,2.945517981749866,1.5163714439076759,0.2885131508319914
287,51.23456790123457,18.9747718733226,3.207192699946323,7.474503488996243,14.439076757917338,2.8650026838432634,1.5163714439076759,0.2885131508319914
288,51.549919484702095,18.92109500805153,3.1602254428341383,7.467793880837359,14.237788513150832,2.8650026838432634,1.5096618357487923,0.2885131508319914
289,51.75791733762748,18.968062265163713,3.1535158346752548,7.427536231884058,14.049919484702093,2.8650026838432634,1.4895330112721417,0.2885131508319914
290,51.82501341921632,18.90096618357488,3.1535158346752548,7.427536231884058,14.049919484702093,2.8650026838432634,1.4895330112721417,0.2885131508319914
291,51.84514224369297,18.625872249060656,3.44873859366613,7.427536231884058,14.076757917337627,2.7979066022544283,1.4895330112721417,0.2885131508319914
292,52.12694578636608,18.491680085882983,3.4017713365539453,7.7361782071927,13.667471819645733,2.7979066022544283,1.4895330112721417,0.2885131508319914
293,52.220880300590444,18.491680085882983,3.3950617283950617,7.695920558239399,13.647342995169081,2.7844873859366612,1.4761137949543746,0.2885131508319914
294,52.28797638217928,18.4849704777241,3.3950617283950617,7.64224369296833,13.6406333870102,2.7844873859366612,1.4761137949543746,0.2885131508319914
295,52.49597423510467,18.4447128287708,3.388352120236178,7.64224369296833,13.479602791196994,2.7844873859366612,1.4761137949543746,0.2885131508319914
296,52.24771873322598,18.438003220611915,3.3816425120772946,7.62211486849168,13.761406333870102,2.7844873859366612,1.4761137949543746,0.2885131508319914
297,52.38191089640365,18.42458400429415,3.3682232957595275,7.595276435856146,13.694310252281268,2.7777777777777777,1.4761137949543746,0.28180354267310787
298,52.52952227589909,18.370907139023082,3.3682232957595275,7.561728395061729,13.66076221148685,2.7643585614600106,1.4626945786366077,0.28180354267310787
299,52.91867954911433,18.256843800322063,3.3548040794417604,7.555018786902845,13.607085346215781,2.636876006441224,1.3888888888888888,0.28180354267310787
300,53.03945249597424,18.263553408480945,3.3145464304884595,7.6556629092860975,13.45276435856146,2.623456790123457,1.3687600644122384,0.28180354267310787
301,53.18035426731079,18.183038110574344,3.3145464304884595,7.615405260332796,13.439345142243694,2.623456790123457,1.3620504562533549,0.28180354267310787
302,53.274288781535155,18.12265163714439,3.361513687600644,7.595276435856146,13.419216317767042,2.5831991411701556,1.3620504562533549,0.28180354267310787
303,53.34138486312399,18.075684380032207,3.361513687600644,7.75630703166935,13.258185721953838,2.5831991411701556,1.3419216317767042,0.28180354267310787
304,53.5024154589372,18.02200751476114,3.321256038647343,7.749597423510467,13.197799248523886,2.5831991411701556,1.3419216317767042,0.28180354267310787
305,53.676865271068166,17.98845947396672,3.3145464304884595,7.7361782071927,13.077026301663983,2.5831991411701556,1.3419216317767042,0.28180354267310787
306,54.02576489533011,17.894524959742352,3.3145464304884595,7.601986044015029,12.95625335480408,2.5831991411701556,1.3419216317767042,0.28180354267310787
307,54.13311862587225,17.881105743424584,3.2877079978529253,7.575147611379496,12.922705314009661,2.576489533011272,1.3419216317767042,0.28180354267310787
308,54.200214707461086,17.85426731078905,3.2675791733762747,7.561728395061729,12.922705314009661,2.5697799248523885,1.3419216317767042,0.28180354267310787
309,53.717122920021474,17.840848094471284,3.2675791733762747,7.555018786902845,12.526838432635534,3.6366076221148687,1.3150831991411702,0.14090177133655393
