,45,50,51,55,54,53,56,52,60,58,59,57
0,78.77079978529254,19.404186795491142,1.6841116478797638,0.14090177133655393,,,,,,,,
1,69.9074074074074,28.267579173376276,1.6841116478797638,0.14090177133655393,,,,,,,,
2,69.77321524422973,28.401771336553946,1.6841116478797638,0.14090177133655393,,,,,,,,
3,69.6256038647343,27.75764895330113,1.6505636070853462,0.2147074610842727,0.7514761137949544,,,,,,,
4,68.31052066559313,28.985507246376812,1.6505636070853462,0.2147074610842727,0.7514761137949544,0.08722490606548577,,,,,,
5,66.26409017713365,31.092324208266238,1.5901771336553945,0.2147074610842727,0.7514761137949544,0.08722490606548577,,,,,,
6,66.19028448738594,31.04535695115405,1.5901771336553945,0.2147074610842727,0.7514761137949544,0.20799785292538917,,,,,,
7,66.34460547504025,30.88432635534085,1.4626945786366077,0.2147074610842727,0.7514761137949544,0.20799785292538917,0.13419216317767044,,,,,
8,58.60842726784756,38.74127750939345,1.4626945786366077,0.2147074610842727,0.7514761137949544,0.08722490606548577,0.13419216317767044,,,,,
9,57.64224369296833,39.049919484702095,1.3687600644122384,0.5904455179817498,0.8856682769726248,0.08722490606548577,0.0939345142243693,0.28180354267310787,,,,
10,56.447933440687066,39.009661835748794,1.3687600644122384,1.8250134192163177,0.8856682769726248,0.08722490606548577,0.0939345142243693,0.28180354267310787,,,,
11,55.562265163714436,39.66720343531938,1.415727321524423,1.8250134192163177,0.966183574879227,0.08722490606548577,0.0939345142243693,0.3824476650563607,,,,
12,54.62292002147075,36.211755233494365,3.0931293612453032,1.8250134192163177,0.798443370907139,2.9723564143853998,0.0939345142243693,0.3824476650563607,,,,
13,51.650563607085346,38.96269457863661,3.0864197530864197,2.0531400966183573,0.798443370907139,2.9723564143853998,0.0939345142243693,0.3824476650563607,,,,
14,51.23456790123457,39.210950080515296,2.7241009125067097,2.0397208803005906,0.7716049382716049,2.9723564143853998,0.0939345142243693,0.95276435856146,,,,
15,49.81213097155126,40.53945249597424,2.7241009125067097,2.13365539452496,0.7716049382716049,2.9723564143853998,0.0939345142243693,0.95276435856146,,,,
16,49.73161567364466,40.19726247987118,2.8113258185721954,2.1739130434782608,0.7716049382716049,2.9723564143853998,0.0939345142243693,1.247987117552335,,,,
17,48.128019323671495,35.33279656468062,10.554213633923778,0.9863123993558777,0.7716049382716049,2.885131508319914,0.0939345142243693,1.247987117552335,,,,
18,48.060923242082666,35.507246376811594,10.554213633923778,0.9863123993558777,0.7716049382716049,2.885131508319914,0.0939345142243693,1.1406333870101986,,,,
19,45.8870101986044,36.198336017176594,10.547504025764896,0.8051529790660226,0.7514761137949544,2.120236178207193,0.0939345142243693,3.5963499731615673,,,,
20,44.14922168545357,37.76838432635534,10.319377348362856,0.8252818035426731,0.7514761137949544,2.26784755770263,0.322061191626409,3.5963499731615673,,,,
21,44.04186795491143,36.553945249597426,13.063607085346217,0.7112184648416533,0.7514761137949544,2.2611379495437465,0.322061191626409,2.2946859903381642,,,,
22,43.19645732689211,36.68142780461621,13.231347289318304,1.1943102522812667,0.7514761137949544,2.328234031132582,0.322061191626409,2.2946859903381642,,,,
23,43.14949006977992,36.231884057971016,13.231347289318304,1.3016639828234031,0.7514761137949544,2.717391304347826,0.322061191626409,2.2946859903381642,,,,
24,31.072195383789587,54.91814278046162,5.515297906602254,1.2412775093934514,0.9057971014492754,2.3550724637681157,0.15432098765432098,3.8378958668813743,,,,
25,28.858024691358025,53.76409017713365,5.46833064949007,1.42914653784219,3.670155662909286,2.3550724637681157,0.15432098765432098,4.300858829844337,,,,
26,28.891572732152444,49.993290391841114,5.46833064949007,5.2066559312936125,3.670155662909286,2.3550724637681157,0.15432098765432098,4.260601180891036,,,,
27,27.509393451422437,51.2211486849168,5.3274288781535155,5.528717122920021,3.670155662909286,2.2208803005904456,0.15432098765432098,4.260601180891036,0.10735373054213634,,,
28,27.026301663982824,50.80515297906602,6.407675791733762,5.481749865807837,3.5963499731615673,2.1940418679549114,0.15432098765432098,4.2270531400966185,0.10735373054213634,,,
29,26.670692431561996,50.83199141170156,6.407675791733762,5.83064949006978,3.5963499731615673,2.1940418679549114,0.15432098765432098,4.206924315619967,0.10735373054213634,,,
30,26.8719806763285,50.30193236714976,6.353998926462695,6.045356951154052,3.851315083199141,2.1940418679549114,0.15432098765432098,4.119699409554482,0.10735373054213634,,,
31,26.959205582393988,49.77858293075684,6.374127750939345,5.783682232957595,4.4753086419753085,2.2879763821792807,0.11406333870101985,4.119699409554482,0.10735373054213634,,,
32,26.959205582393988,49.16129898013956,6.4345142243692965,6.199677938808374,4.542404723564144,2.3752012882447664,0.11406333870101985,4.106280193236715,0.10735373054213634,,,
33,25.006709608158882,46.41035963499731,9.883252818035427,5.938003220611916,4.455179817498658,1.3553408480944713,0.0939345142243693,6.749865807836822,0.10735373054213634,,,
34,23.64465915190553,48.101180891035966,9.66183574879227,5.870907139023081,3.9586688137412773,1.3217928073000538,0.5501878690284487,6.709608158883521,0.10735373054213634,0.07380568974771873,,
35,23.68491680085883,47.77241009125067,9.567901234567902,6.092324208266238,4.066022544283414,1.3217928073000538,0.6038647342995169,6.709608158883521,0.10735373054213634,0.07380568974771873,,
36,23.329307568438004,48.00053676865271,9.5276435856146,6.219806763285024,3.9519592055823938,1.4358561460010735,0.6038647342995169,6.709608158883521,0.10735373054213634,0.07380568974771873,0.040257648953301126,
37,23.577563070316693,47.497316156736446,9.634997316156737,6.400966183574879,4.019055287171229,1.3687600644122384,0.6038647342995169,6.6760601180891035,0.10735373054213634,0.07380568974771873,0.040257648953301126,
38,23.523886205045624,42.1833064949007,9.567901234567902,6.166129898013956,9.782608695652174,1.328502415458937,0.5501878690284487,6.6760601180891035,0.10735373054213634,0.07380568974771873,0.040257648953301126,
39,23.62453032742888,41.680085882984436,10.393183038110575,6.280193236714976,9.648416532474503,1.2949543746645196,0.5501878690284487,6.146001073537305,0.10735373054213634,0.07380568974771873,0.14761137949543746,0.05367686527106817
40,23.416532474503487,40.51932367149758,10.319377348362856,7.051798174986581,9.614868491680086,1.596886741814278,0.5501878690284487,6.5485775630703165,0.10735373054213634,0.07380568974771873,0.14761137949543746,0.05367686527106817
41,18.813741277509394,35.35963499731616,19.008319914117017,6.78341384863124,9.312936124530328,1.4492753623188406,0.5971551261406334,8.293075684380032,0.10735373054213634,0.07380568974771873,0.14761137949543746,0.05367686527106817
42,19.028448738593667,35.158346752549654,18.86070853462158,6.756575415995706,9.380032206119163,1.4492753623188406,0.5971551261406334,8.293075684380032,0.10735373054213634,0.07380568974771873,0.14761137949543746,0.14761137949543746
43,19.216317767042405,34.96376811594203,18.988191089640367,6.823671497584541,9.373322597960279,1.3083735909822867,0.5971551261406334,8.252818035426731,0.10735373054213634,0.07380568974771873,0.14761137949543746,0.14761137949543746
44,18.02200751476114,35.75550187869028,19.162640901771336,6.702898550724638,9.64170692431562,1.261406333870102,0.6776704240472357,8.299785292538916,0.10735373054213634,0.07380568974771873,0.14761137949543746,0.14761137949543746
45,18.00187869028449,35.0979602791197,20.189210950080515,6.374127750939345,9.339774557165862,1.1943102522812667,0.785024154589372,8.205850778314547,0.2549651100375738,0.07380568974771873,0.24154589371980675,0.24154589371980675
46,18.230005367686527,34.86983360171766,20.108695652173914,6.461352657004831,9.39345142243693,1.1808910359634996,0.8789586688137413,8.064949006977992,0.2549651100375738,0.07380568974771873,0.24154589371980675,0.24154589371980675
47,18.46484165324745,34.54777241009125,19.95437466451959,6.474771873322598,9.702093397745571,1.1808910359634996,0.9259259259259259,7.937466451959206,0.2549651100375738,0.07380568974771873,0.24154589371980675,0.24154589371980675
48,18.706387546967257,34.27938808373591,19.90740740740741,6.575415995705851,9.75577026301664,1.1003757380568975,0.9259259259259259,7.937466451959206,0.2549651100375738,0.07380568974771873,0.24154589371980675,0.24154589371980675
49,18.78690284487386,34.15861513687601,19.90740740740741,6.629092860976919,9.722222222222221,1.1003757380568975,0.9460547504025765,7.937466451959206,0.2549651100375738,0.07380568974771873,0.24154589371980675,0.24154589371980675
50,17.975040257648953,35.849436392914654,19.45786366076221,6.6760601180891035,9.688674181427805,1.0466988727858293,0.9460547504025765,7.561728395061729,0.2549651100375738,0.07380568974771873,0.2281266774020397,0.24154589371980675
51,18.659420289855074,35.33279656468062,19.32367149758454,6.843800322061192,9.473966720343531,1.0466988727858293,0.9460547504025765,7.360440150295223,0.24825550187869028,0.07380568974771873,0.3421900161030596,0.3488996242619431
52,18.42458400429415,34.272678475577024,21.182232957595275,6.716317767042405,9.400161030595813,1.0802469135802468,0.9326355340848095,6.843800322061192,0.24825550187869028,0.20799785292538917,0.3421900161030596,0.3488996242619431
53,18.780193236714975,33.923778851315085,20.74610842726785,6.91760601180891,9.494095544820183,1.0802469135802468,1.06682769726248,6.843800322061192,0.24825550187869028,0.20799785292538917,0.3421900161030596,0.3488996242619431
54,18.706387546967257,33.319914117015564,20.705850778314545,7.0450885668276975,9.426999463231347,1.0802469135802468,1.1808910359634996,7.387278582930757,0.24825550187869028,0.20799785292538917,0.3421900161030596,0.3488996242619431
55,18.813741277509394,32.64224369296833,20.538110574342458,7.648953301127214,9.41358024691358,1.1674718196457328,1.247987117552335,7.387278582930757,0.24825550187869028,0.20128824476650564,0.3421900161030596,0.3488996242619431
56,18.78690284487386,32.1256038647343,21.692163177670423,7.340311325818572,9.024422973698336,1.0332796564680622,1.570048309178744,7.2933440687063875,0.24825550187869028,0.20128824476650564,0.33548040794417605,0.3488996242619431
57,19.088835212023618,30.340848094471284,22.852925389157274,8.145464304884594,8.930488459473967,0.8655394524959742,1.570048309178744,7.071926999463232,0.24825550187869028,0.20128824476650564,0.33548040794417605,0.3488996242619431
58,18.894256575415994,29.30756843800322,22.785829307568438,8.360171765968868,9.655126140633387,0.8454106280193237,1.570048309178744,7.306763285024155,0.24825550187869028,0.3421900161030596,0.33548040794417605,0.3488996242619431
59,18.82716049382716,28.69699409554482,22.457058507783145,8.279656468062266,10.050993022007514,0.9192163177670424,1.724369296833065,7.769726247987117,0.24825550187869028,0.3421900161030596,0.33548040794417605,0.3488996242619431
60,18.02200751476114,28.442028985507246,23.356146001073537,8.28636607622115,10.144927536231885,0.9728931830381106,1.6841116478797638,7.816693505099302,0.24825550187869028,0.3421900161030596,0.33548040794417605,0.3488996242619431
61,17.60601180891036,25.85882984433709,23.2085346215781,7.347020933977456,14.197530864197532,1.2949543746645196,1.6841116478797638,7.62211486849168,0.24825550187869028,0.2683843263553409,0.3153515834675255,0.3488996242619431
62,13.996242619431026,19.565217391304348,34.07809983896941,7.709339774557166,13.110574342458401,1.2748255501878691,1.6035963499731616,7.461084272678476,0.322061191626409,0.2683843263553409,0.3153515834675255,0.2952227589908749
63,13.922436929683306,19.14922168545357,33.541331186258724,8.199141170155663,13.79495437466452,1.261406333870102,1.6035963499731616,7.4208266237251745,0.322061191626409,0.2683843263553409,0.3153515834675255,0.20128824476650564
64,14.002952227589908,18.947933440687063,30.16639828234031,8.380300590445518,13.768115942028986,1.3821792807300053,1.6035963499731616,10.641438539989265,0.322061191626409,0.2683843263553409,0.3153515834675255,0.20128824476650564
65,14.17740203972088,18.86070853462158,29.898013955984972,8.07836822329576,13.70101986044015,1.4962426194310252,1.724369296833065,10.641438539989265,0.322061191626409,0.2683843263553409,0.630703166935051,0.20128824476650564
66,14.445786366076222,18.800322061191626,29.69001610305958,8.05823939881911,13.734567901234568,1.6371443907675791,1.724369296833065,10.487117552334944,0.322061191626409,0.2683843263553409,0.630703166935051,0.20128824476650564
67,14.841653247450349,18.67283950617284,26.684111647879764,8.031400966183575,14.016371443907676,4.26731078904992,1.6975308641975309,10.44015029522276,0.322061191626409,0.2683843263553409,0.630703166935051,0.1274825550187869
68,15.170424047235642,18.47826086956522,26.516371443907676,8.192431561996779,13.922436929683306,4.247181964573269,1.7713365539452497,10.373054213633925,0.322061191626409,0.2683843263553409,0.6105743424584005,0.1274825550187869
69,15.519323671497585,18.431293612453032,26.10708534621578,8.085077831454644,13.647342995169081,4.247181964573269,1.7713365539452497,10.641438539989265,0.4294149221685454,0.3824476650563607,0.6105743424584005,0.1274825550187869
70,15.666935050993022,18.129361245303276,24.261943102522814,7.823403113258186,14.090177133655395,4.106280193236715,1.7579173376274826,12.587224906065487,0.4294149221685454,0.35560923242082665,0.6642512077294686,0.1274825550187869
71,16.035963499731615,18.04884594739667,24.094202898550726,7.803274288781535,13.962694578636608,4.0995705850778315,1.710950080515298,12.52012882447665,0.4294149221685454,0.4227053140096618,0.6642512077294686,0.20799785292538917
72,15.351583467525497,18.646001073537306,23.852657004830917,7.877079978529254,13.81508319914117,4.2203435319377345,1.892109500805153,12.5402576489533,0.4294149221685454,0.5099302200751477,0.6575415995705851,0.20799785292538917
73,15.619967793880837,18.491680085882983,23.64465915190553,7.39398819108964,13.197799248523886,4.2203435319377345,1.7914653784219001,14.009661835748792,0.4294149221685454,0.3757380568974772,0.6508319914117016,0.17444981213097155
74,15.92860976918948,18.377616747181964,23.47691894793344,7.454374664519592,13.110574342458401,4.206924315619967,1.8183038110574343,13.83521202361782,0.4092860976918948,0.43612453032742887,0.7112184648416533,0.23483628556092323
75,15.874932903918411,18.263553408480945,24.396135265700483,7.27992485238862,13.097155126140633,4.166666666666667,1.4626945786366077,13.593666129898015,0.4092860976918948,0.5099302200751477,0.7112184648416533,0.23483628556092323
76,16.015834675254965,18.109232420826622,24.194847020933977,7.37385936661299,13.043478260869565,4.166666666666667,1.596886741814278,13.493022007514762,0.4092860976918948,0.5099302200751477,0.7112184648416533,0.3757380568974772
77,15.888352120236178,17.800590445517983,24.154589371980677,7.561728395061729,12.372517444981213,4.166666666666667,1.4492753623188406,14.640365002683843,0.4092860976918948,0.5099302200751477,0.6709608158883521,0.3757380568974772
78,15.975577026301664,17.746913580246915,23.98684916800859,7.776435856146001,12.31213097155126,4.159957058507783,1.5432098765432098,14.533011272141707,0.4092860976918948,0.5099302200751477,0.6709608158883521,0.3757380568974772
79,15.794417606011809,17.69994632313473,23.906333870101985,7.937466451959206,12.453032742887816,4.159957058507783,1.5365002683843263,14.432367149758454,0.4092860976918948,0.5099302200751477,0.644122383252818,0.5166398282340311
80,15.96886741814278,17.518786902844873,23.812399355877616,7.776435856146001,12.218196457326892,4.159957058507783,1.5365002683843263,14.687332259796028,0.5032206119162641,0.48980139559849706,0.7648953301127214,0.5636070853462157
81,16.089640365002683,17.478529253891573,23.047504025764894,8.360171765968868,12.258454106280194,4.126409017713366,1.6774020397208802,14.55984970477724,0.5032206119162641,0.48980139559849706,0.7648953301127214,0.644122383252818
82,16.09634997316157,17.438271604938272,22.758990874932906,8.548040794417606,10.903113258185721,5.958132045088567,1.5432098765432098,14.378690284487385,0.5032206119162641,0.48980139559849706,0.7380568974771873,0.644122383252818
83,16.015834675254965,16.988727858293075,22.571121846484164,7.763016639828234,10.453569511540525,7.635534084809447,1.5633387010198605,14.734299516908212,0.5032206119162641,0.48980139559849706,0.6374127750939346,0.644122383252818
84,15.888352120236178,16.398282340311326,23.396403650026837,7.716049382716049,10.433440687063875,7.648953301127214,1.6706924315619969,14.626945786366075,0.4495437466451959,0.48980139559849706,0.6374127750939346,0.644122383252818
85,16.27079978529254,16.264090177133657,23.087761674718198,7.729468599033816,10.433440687063875,7.722758990874933,1.7444981213097155,14.553140096618357,0.4495437466451959,0.46967257112184646,0.630703166935051,0.644122383252818
86,16.337895866881375,16.25067096081589,22.987117552334944,7.648953301127214,10.245571658615138,7.809983896940419,1.8786902844873858,14.459205582393988,0.4495437466451959,0.6038647342995169,0.6977992485238862,0.630703166935051
87,16.874664519592056,16.1231884057971,22.24235104669887,8.017981749865807,10.326086956521738,7.863660762211487,1.8786902844873858,14.358561460010735,0.4495437466451959,0.5904455179817498,0.6977992485238862,0.5770263016639828
88,17.74020397208803,15.995705850778315,22.128287707997853,7.950885668276973,10.104669887278583,7.803274288781535,1.8719806763285025,14.11701556629093,0.4495437466451959,0.5904455179817498,0.6709608158883521,0.5770263016639828
89,17.042404723564143,14.97584541062802,25.81857219538379,7.890499194847021,9.353193773483628,7.689210950080516,1.5230810520665594,13.419216317767042,0.4495437466451959,0.5904455179817498,0.6709608158883521,0.5770263016639828
90,17.2638217928073,14.935587761674718,25.489801395598498,7.856951154052603,9.286097691894794,8.125335480407944,1.7713365539452497,13.063607085346217,0.4495437466451959,0.5904455179817498,0.5904455179817498,0.5770263016639828
91,17.485238862050455,14.76784755770263,25.201288244766506,7.944176060118089,9.286097691894794,8.319914117015566,1.7713365539452497,13.01663982823403,0.4495437466451959,0.5904455179817498,0.5904455179817498,0.5770263016639828
92,17.733494363929147,14.734299516908212,24.738325281803544,7.977724100912507,9.25925925925926,8.427267847557703,1.7713365539452497,13.150831991411701,0.4495437466451959,0.5904455179817498,0.5904455179817498,0.5770263016639828
93,17.733494363929147,14.680622651637144,24.516908212560388,7.977724100912507,9.205582393988191,8.393719806763285,1.737788513150832,13.137412775093935,0.4495437466451959,1.0332796564680622,0.5568974771873323,0.5770263016639828
94,17.941492216854535,14.486044015029522,24.476650563607084,8.044820182501342,9.286097691894794,8.373590982286634,1.7847557702630166,12.989801395598498,0.4495437466451959,1.0332796564680622,0.5568974771873323,0.5770263016639828
95,18.337359098228664,14.338432635534085,24.40955448201825,8.091787439613526,9.198872785829307,8.32662372517445,1.7847557702630166,12.942834138486312,0.4495437466451959,0.9863123993558777,0.5568974771873323,0.5770263016639828
96,18.59903381642512,14.257917337627482,24.033816425120772,7.917337627482555,9.574610842726784,8.447396672034353,1.7847557702630166,12.815351583467525,0.4495437466451959,0.9863123993558777,0.5568974771873323,0.5770263016639828
97,18.46484165324745,14.029790660225443,24.838969404186795,7.675791733762749,9.608158883521202,8.433977455716587,1.6304347826086956,12.74825550187869,0.4495437466451959,0.9863123993558777,0.5568974771873323,0.5770263016639828
98,18.61916264090177,13.88888888888889,24.422973698336016,7.883789586688137,9.883252818035427,8.313204508856682,1.6975308641975309,12.721417069243156,0.4495437466451959,0.9863123993558777,0.5568974771873323,0.5770263016639828
99,18.276972624798713,13.144122383252817,25.221417069243156,7.494632313472893,9.386741814278047,10.292538915727322,1.6975308641975309,12.218196457326892,0.4495437466451959,0.7112184648416533,0.5568974771873323,0.5501878690284487
100,18.699677938808374,12.949543746645196,24.953032742887814,7.320182501341922,9.614868491680086,10.426731078904991,1.7914653784219001,12.00348899624262,0.4428341384863124,0.7112184648416533,0.5568974771873323,0.5300590445517982
101,18.99490069779925,12.895866881374127,24.698067632850243,7.326892109500805,9.614868491680086,10.413311862587225,1.8585614600107354,11.956521739130435,0.4428341384863124,0.7112184648416533,0.5568974771873323,0.5300590445517982
102,19.03515834675255,12.795222758990874,24.46323134728932,7.39398819108964,10.23215244229737,10.091250670960816,1.9256575415995705,11.714975845410628,0.4428341384863124,0.8319914117015567,0.5501878690284487,0.5233494363929146
103,18.98148148148148,12.647611379495437,23.544015029522274,7.313472893183038,10.319377348362856,7.742887815351583,1.8585614600107354,15.203972088030058,0.4428341384863124,0.7112184648416533,0.5501878690284487,0.6843800322061192
104,17.351046698872786,14.15727321524423,22.839506172839506,6.575415995705851,9.863123993558776,9.930220075147611,1.8585614600107354,15.002683843263553,0.47638217928073,0.7112184648416533,0.5501878690284487,0.6843800322061192
105,17.52549651100376,14.150563607085346,22.6784755770263,6.743156199677939,9.742351046698873,9.903381642512077,1.8585614600107354,14.97584541062802,0.47638217928073,0.7112184648416533,0.5501878690284487,0.6843800322061192
106,16.78743961352657,16.586151368760063,22.12157809983897,6.78341384863124,9.39345142243693,9.863123993558776,1.7847557702630166,14.150563607085346,0.47638217928073,0.7112184648416533,0.6172839506172839,0.7246376811594203
107,16.841116478797638,16.505636070853463,21.91358024691358,7.0383789586688135,9.380032206119163,10.487117552334944,1.7847557702630166,13.533279656468062,0.47638217928073,0.7112184648416533,0.6105743424584005,0.7179280730005367
108,17.10950080515298,16.317767042404725,21.85319377348363,7.1658615136876005,9.39345142243693,10.393183038110575,1.7847557702630166,13.446054750402576,0.47638217928073,0.7112184648416533,0.6105743424584005,0.7380568974771873
109,16.71363392377885,15.398550724637682,23.845947396672035,7.2933440687063875,9.386741814278047,9.970477724100913,1.7042404723564144,13.070316693505099,0.47638217928073,0.7112184648416533,0.7246376811594203,0.7045088566827697
110,16.800858829844337,15.002683843263553,23.825818572195384,7.601986044015029,9.27938808373591,9.970477724100913,1.7042404723564144,13.009930220075148,0.47638217928073,0.7112184648416533,0.6575415995705851,0.9594739667203436
111,16.586151368760063,14.579978529253891,23.79898013955985,7.588566827697263,9.205582393988191,10.748792270531402,1.7042404723564144,12.983091787439614,0.47638217928073,0.7112184648416533,0.6575415995705851,0.9594739667203436
112,16.928341384863124,14.304884594739667,23.66478797638218,7.440955448201825,9.39345142243693,10.748792270531402,1.6505636070853462,13.063607085346217,0.47638217928073,0.7112184648416533,0.6575415995705851,0.9594739667203436
113,17.337627482555018,13.969404186795492,23.49704777241009,7.709339774557166,9.39345142243693,10.487117552334944,1.6505636070853462,13.150831991411701,0.47638217928073,0.7112184648416533,0.6575415995705851,0.9594739667203436
114,17.59259259259259,13.848631239935587,23.382984433709073,7.729468599033816,9.353193773483628,10.44015029522276,1.6371443907675791,13.177670424047236,0.47638217928073,0.6843800322061192,0.6575415995705851,1.0198604401502953
115,17.793880837359097,13.774825550187868,22.624798711755233,7.9106280193236715,9.265968867418144,10.775630703166936,1.6035963499731616,13.318572195383789,0.47638217928073,0.6843800322061192,0.6575415995705851,1.1137949543746646
116,18.055555555555557,13.620504562533547,21.83977455716586,7.9106280193236715,10.02415458937198,10.762211486849168,1.570048309178744,13.318572195383789,0.47638217928073,0.6843800322061192,0.6239935587761675,1.1137949543746646
117,18.283682232957595,13.553408480944713,21.62506709608159,7.957595276435856,10.104669887278583,10.762211486849168,1.5499194847020934,13.264895330112722,0.47638217928073,0.6843800322061192,0.6239935587761675,1.1137949543746646
118,18.451422436929683,13.513150831991412,21.390230810520666,8.044820182501342,10.25228126677402,10.668276972624799,1.5297906602254427,13.251476113794954,0.47638217928073,0.6843800322061192,0.6239935587761675,1.1137949543746646
119,18.605743424584006,13.466183574879228,21.289586688137412,8.36688137412775,10.25228126677402,10.795759527643586,1.596886741814278,12.781803542673108,0.47638217928073,0.6843800322061192,0.6239935587761675,1.0601180891035964
120,17.96833064949007,13.003220611916264,19.880568974771872,7.877079978529254,10.25228126677402,10.95679012345679,1.6706924315619969,15.53274288781535,0.4227053140096618,0.7514761137949544,0.6239935587761675,1.0601180891035964
121,18.491680085882983,12.795222758990874,19.806763285024154,7.836822329575953,10.198604401502953,10.916532474503489,1.6706924315619969,15.351583467525497,0.4227053140096618,0.7514761137949544,0.6239935587761675,1.133923778851315
122,18.753354804079443,12.74825550187869,19.612184648416534,7.6623725174449815,10.178475577026301,11.218464841653248,1.6975308641975309,15.203972088030058,0.4227053140096618,0.7514761137949544,0.6239935587761675,1.1272141706924315
123,18.800322061191626,12.31213097155126,19.605475040257648,7.7898550724637685,10.044283413848632,11.392914653784219,1.6975308641975309,15.411969940955448,0.4227053140096618,0.7514761137949544,0.5703166935050993,1.2010198604401503
124,19.11567364465915,12.224906065485776,19.47128287707998,7.776435856146001,10.010735373054214,11.366076221148685,1.6908212560386473,15.398550724637682,0.4227053140096618,0.7514761137949544,0.5703166935050993,1.2010198604401503
125,19.135802469135804,12.184648416532475,19.243156199677937,7.830112721417069,9.98389694041868,11.486849168008588,1.8250134192163177,15.438808373590982,0.4227053140096618,0.7514761137949544,0.5703166935050993,1.1272141706924315
126,19.363929146537842,12.070585077831455,19.33709071390231,7.689210950080516,10.091250670960816,11.386205045625335,1.8250134192163177,15.378421900161031,0.4227053140096618,0.7514761137949544,0.5703166935050993,1.1137949543746646
127,19.565217391304348,12.070585077831455,19.28341384863124,7.863660762211487,10.044283413848632,11.312399355877616,1.7646269457863661,15.237520128824476,0.4227053140096618,0.7514761137949544,0.5703166935050993,1.1137949543746646
128,19.746376811594203,12.050456253354804,19.209608158883523,7.863660762211487,10.044283413848632,11.312399355877616,1.7646269457863661,15.150295222758992,0.4227053140096618,0.7514761137949544,0.5703166935050993,1.1137949543746646
129,19.89398819108964,11.916264090177133,19.162640901771336,8.011272141706923,10.077831454643048,11.265432098765432,1.7646269457863661,15.096618357487923,0.4092860976918948,0.7514761137949544,0.5703166935050993,1.0802469135802468
130,20.209339774557165,11.882716049382717,19.00161030595813,8.105206655931294,9.916800858829845,11.265432098765432,1.8585614600107354,14.969135802469136,0.4092860976918948,0.7514761137949544,0.5703166935050993,1.0601180891035964
131,16.74718196457327,34.292807300053674,10.017444981213098,5.864197530864198,7.917337627482555,9.326355340848094,1.2345679012345678,12.191358024691358,0.4092860976918948,0.8588298443370908,0.5703166935050993,0.5703166935050993
132,16.97530864197531,34.21229200214707,10.017444981213098,5.837359098228664,7.85024154589372,9.326355340848094,1.3150831991411702,12.097423510466989,0.4092860976918948,0.8588298443370908,0.5300590445517982,0.5703166935050993
133,17.01556629092861,34.18545356951154,9.88996242619431,5.837359098228664,7.917337627482555,9.312936124530328,1.3754696725711217,12.097423510466989,0.4092860976918948,0.8588298443370908,0.5300590445517982,0.5703166935050993
134,17.002147074610843,33.662104133118625,9.856414385399892,5.978260869565218,7.98443370907139,9.29951690821256,1.3754696725711217,12.473161567364466,0.4092860976918948,0.8588298443370908,0.5300590445517982,0.5703166935050993
135,17.156468062265162,33.43397745571659,9.722222222222221,6.1862587224906065,7.930756843800322,9.420289855072463,1.3486312399355878,12.439613526570048,0.4092860976918948,0.8588298443370908,0.5233494363929146,0.5703166935050993
136,17.01556629092861,33.19914117015566,11.533816425120772,6.273483628556092,8.340042941492216,9.265968867418144,1.1540526033279657,10.95679012345679,0.4092860976918948,0.8588298443370908,0.5166398282340311,0.47638217928073
137,17.19001610305958,33.09849704777241,11.506977992485238,6.347289318303811,8.340042941492216,9.225711218464841,1.1137949543746646,10.916532474503489,0.4092860976918948,0.8588298443370908,0.5166398282340311,0.47638217928073
138,17.277241009125067,32.870370370370374,11.56736446591519,6.387546967257112,8.340042941492216,9.27938808373591,1.1137949543746646,10.903113258185721,0.4092860976918948,0.8588298443370908,0.5166398282340311,0.47638217928073
139,17.478529253891573,32.608695652173914,11.486849168008588,6.488191089640365,8.165593129361245,9.353193773483628,1.1808910359634996,10.809178743961352,0.4092860976918948,0.7783145464304885,0.5099302200751477,0.7313472893183038
140,17.85426731078905,32.21282877079979,11.419753086419753,6.3070316693505095,8.675523349436393,9.138486312399356,1.2412775093934514,10.72866344605475,0.4025764895330113,0.7783145464304885,0.5099302200751477,0.7313472893183038
141,18.270263016639827,31.30703166935051,11.305689747718732,6.971282877079979,8.608427267847558,9.111647879763822,1.2278582930756843,10.775630703166936,0.4025764895330113,0.7783145464304885,0.5099302200751477,0.7313472893183038
142,18.491680085882983,30.897745571658614,11.2788513150832,7.105475040257649,8.635265700483092,9.185453569511541,1.221148684916801,10.762211486849168,0.4025764895330113,0.7783145464304885,0.5099302200751477,0.7313472893183038
143,18.699677938808374,30.770263016639827,11.29898013955985,6.971282877079979,8.695652173913043,9.306226516371444,1.221148684916801,10.554213633923778,0.4025764895330113,0.7447665056360708,0.5099302200751477,0.8252818035426731
144,18.50509930220075,31.239935587761675,11.198336017176597,6.904186795491143,8.61513687600644,9.27938808373591,1.221148684916801,10.487117552334944,0.4025764895330113,0.7447665056360708,0.5770263016639828,0.8252818035426731
145,18.666129898013956,31.125872249060656,10.916532474503489,7.340311325818572,8.57487922705314,9.25925925925926,1.1205045625335481,10.513955984970478,0.4025764895330113,0.7447665056360708,0.5099302200751477,0.8252818035426731
146,16.15673644659152,30.367686527106816,20.578368223295758,7.051798174986581,7.856951154052603,6.957863660762212,1.0399892646269457,7.675791733762749,0.36902844873859364,0.6374127750939346,0.38915727321524424,0.9192163177670424
147,16.170155662909288,30.18652710681696,20.189210950080515,6.91760601180891,7.917337627482555,6.830381105743425,1.1808910359634996,8.13875469672571,0.35560923242082665,0.6374127750939346,0.49651100375738055,0.9796027911969941
148,16.42512077294686,29.87788513150832,19.96779388083736,7.253086419753086,7.836822329575953,6.810252281266774,1.1808910359634996,8.111916264090176,0.35560923242082665,0.7045088566827697,0.49651100375738055,0.9796027911969941
149,16.659957058507782,29.656468062265162,19.726247987117553,7.37385936661299,7.7831454643048845,6.823671497584541,1.2681159420289856,8.158883521202362,0.35560923242082665,0.6642512077294686,0.5501878690284487,0.9796027911969941
150,16.364734299516908,29.341116478797638,20.544820182501343,7.4006977992485234,7.702630166398282,6.709608158883521,1.3016639828234031,8.085077831454644,0.35560923242082665,0.6642512077294686,0.5501878690284487,0.9796027911969941
151,16.606280193236714,29.300858829844337,20.38378958668814,7.548309178743962,7.581857219538379,6.689479334406871,1.3016639828234031,8.044820182501342,0.35560923242082665,0.6575415995705851,0.5501878690284487,0.9796027911969941
152,16.928341384863124,29.220343531937736,20.21604938271605,7.4208266237251745,7.555018786902845,6.662640901771336,1.3016639828234031,8.132045088566828,0.35560923242082665,0.6508319914117016,0.5501878690284487,1.0064412238325282
153,17.176596886741816,29.09286097691895,20.29656468062265,7.447665056360709,7.501341921631776,6.253354804079442,1.3016639828234031,7.917337627482555,0.35560923242082665,0.6038647342995169,0.5501878690284487,1.5029522275899088
154,17.310789049919485,28.804347826086957,20.189210950080515,7.575147611379496,7.689210950080516,6.253354804079442,1.3016639828234031,7.863660762211487,0.35560923242082665,0.6038647342995169,0.5501878690284487,1.5029522275899088
155,17.411433172302736,28.784219001610307,20.142243692968332,7.521470746108427,7.729468599033816,6.233225979602791,1.3016639828234031,7.863660762211487,0.35560923242082665,0.6038647342995169,0.5501878690284487,1.5029522275899088
156,17.538915727321523,28.556092324208265,19.93424584004294,7.561728395061729,7.924047235641439,6.394256575415996,1.3620504562533549,7.776435856146001,0.35560923242082665,0.6038647342995169,0.48980139559849706,1.5029522275899088
157,17.619431025228128,28.442028985507246,19.0150295222759,7.716049382716049,7.9106280193236715,6.776704240472356,1.2815351583467525,8.28636607622115,0.35560923242082665,0.6038647342995169,0.48980139559849706,1.5029522275899088
158,17.726784755770264,28.33467525496511,18.853998926462694,7.803274288781535,7.890499194847021,6.857219538378959,1.4090177133655395,8.232689210950081,0.35560923242082665,0.6038647342995169,0.48980139559849706,1.442565754159957
159,17.96833064949007,28.166935050993022,18.840579710144926,7.7361782071927,7.863660762211487,6.957863660762212,1.4090177133655395,8.179012345679013,0.35560923242082665,0.6038647342995169,0.48980139559849706,1.42914653784219
160,18.149490069779926,27.945517981749866,18.69296833064949,7.796564680622652,7.957595276435856,7.004830917874396,1.5096618357487923,8.132045088566828,0.35560923242082665,0.6038647342995169,0.48980139559849706,1.3620504562533549
161,18.33064949006978,27.83816425120773,18.585614600107355,8.031400966183575,7.897208803005904,6.937734836285561,1.5029522275899088,8.132045088566828,0.35560923242082665,0.5568974771873323,0.46967257112184646,1.3620504562533549
162,18.451422436929683,27.690552871712292,18.585614600107355,8.091787439613526,7.977724100912507,6.9243156199677935,1.5029522275899088,8.05823939881911,0.35560923242082665,0.5568974771873323,0.4428341384863124,1.3620504562533549
163,18.90096618357488,27.30139559849705,18.54535695115405,8.031400966183575,8.031400966183575,6.910896403650026,1.5029522275899088,8.05823939881911,0.35560923242082665,0.5568974771873323,0.4428341384863124,1.3620504562533549
164,19.028448738593667,27.093397745571657,18.53864734299517,8.152173913043478,8.031400966183575,6.89747718733226,1.5029522275899088,8.038110574342458,0.35560923242082665,0.5568974771873323,0.4428341384863124,1.3620504562533549
165,19.229736983360173,26.898819108964037,18.47826086956522,8.091787439613526,8.179012345679013,6.957863660762212,1.4694041867954912,8.11862587224906,0.3488996242619431,0.5568974771873323,0.3421900161030596,1.328502415458937
166,19.47799248523886,26.50295222758991,18.4447128287708,8.272946859903382,8.165593129361245,6.984702093397746,1.4694041867954912,8.105206655931294,0.3488996242619431,0.5568974771873323,0.3421900161030596,1.328502415458937
167,19.692699946323135,26.442565754159958,18.377616747181964,8.266237251744498,8.024691358024691,6.877348362855609,1.4694041867954912,8.071658615136876,0.322061191626409,0.6977992485238862,0.3421900161030596,1.415727321524423
168,19.30354267310789,25.59044551798175,18.35077831454643,8.21256038647343,10.332796564680622,6.0587761674718195,1.4090177133655395,8.024691358024691,0.322061191626409,0.6374127750939346,0.3421900161030596,1.415727321524423
169,19.746376811594203,25.44283413848631,18.02200751476114,8.024691358024691,10.292538915727322,6.092324208266238,1.5432098765432098,8.085077831454644,0.30193236714975846,0.6374127750939346,0.3421900161030596,1.4694041867954912
170,19.81347289318304,25.38244766505636,17.941492216854535,8.004562533548041,10.393183038110575,6.199677938808374,1.5365002683843263,8.004562533548041,0.27509393451422437,0.6374127750939346,0.3421900161030596,1.4694041867954912
171,19.98792270531401,25.268384326355342,17.867686527106816,8.165593129361245,10.245571658615138,6.1929683306494905,1.5096618357487923,8.038110574342458,0.27509393451422437,0.6374127750939346,0.3421900161030596,1.4694041867954912
172,20.209339774557165,25.140901771336555,17.64626945786366,8.407139023081053,10.218733225979603,6.219806763285024,1.5096618357487923,7.924047235641439,0.27509393451422437,0.6374127750939346,0.3421900161030596,1.4694041867954912
173,20.21604938271605,25.10064412238325,17.60601180891036,8.467525496511003,10.165056360708535,6.179549114331723,1.5096618357487923,7.991143317230274,0.27509393451422437,0.6374127750939346,0.3421900161030596,1.5096618357487923
174,19.773215244229736,24.93961352657005,16.794149221685455,8.225979602791197,10.245571658615138,5.810520665593129,1.415727321524423,10.131508319914117,0.2214170692431562,0.6374127750939346,0.2952227589908749,1.5096618357487923
175,19.961084272678477,24.698067632850243,16.982018250134193,8.225979602791197,10.104669887278583,5.797101449275362,1.415727321524423,10.091250670960816,0.2214170692431562,0.630703166935051,0.41599570585077833,1.4559849704777241
176,20.014761137949545,24.416264090177133,17.163177670424048,8.185721953837897,10.426731078904991,5.689747718733226,1.415727321524423,10.037573805689748,0.2214170692431562,0.5568974771873323,0.41599570585077833,1.4559849704777241
177,20.263016639828233,23.993558776167472,17.082662372517444,8.413848631239935,10.359634997316157,5.548845947396672,1.3486312399355878,10.19189479334407,0.2214170692431562,0.5568974771873323,0.41599570585077833,1.6035963499731616
178,20.69243156199678,23.886205045625335,17.002147074610843,8.3467525496511,10.272410091250672,5.4549114331723025,1.3486312399355878,10.205314009661835,0.2214170692431562,0.5568974771873323,0.41599570585077833,1.596886741814278
179,20.853462157809982,23.731884057971016,16.928341384863124,8.53462157809984,10.279119699409554,5.421363392377885,1.3486312399355878,10.111379495437467,0.2214170692431562,0.5568974771873323,0.41599570585077833,1.596886741814278
180,21.24261943102523,23.617820719269993,16.820987654320987,8.272946859903382,10.292538915727322,5.421363392377885,1.4358561460010735,10.104669887278583,0.2214170692431562,0.5568974771873323,0.41599570585077833,1.596886741814278
181,21.477455716586153,23.597691894793343,16.57944176060118,8.279656468062266,10.272410091250672,5.374396135265701,1.5767579173376274,10.050993022007514,0.2214170692431562,0.5568974771873323,0.41599570585077833,1.596886741814278
182,21.812936124530328,23.47691894793344,16.465378421900162,8.259527643585615,10.185185185185185,5.35426731078905,1.5767579173376274,10.084541062801932,0.2214170692431562,0.5568974771873323,0.41599570585077833,1.5901771336553945
183,21.906870638754697,23.26892109500805,16.391572732152444,8.340042941492216,10.138217928073,5.46833064949007,1.6572732152442298,10.064412238325282,0.2214170692431562,0.5568974771873323,0.41599570585077833,1.570048309178744
184,22.25577026301664,22.993827160493826,16.163446054750402,8.675523349436393,10.138217928073,5.4549114331723025,1.6505636070853462,9.903381642512077,0.2214170692431562,0.5568974771873323,0.41599570585077833,1.570048309178744
185,22.342995169082126,22.98040794417606,16.0829307568438,8.628556092324208,10.225442834138486,5.4549114331723025,1.6505636070853462,9.876543209876543,0.2214170692431562,0.5568974771873323,0.4092860976918948,1.570048309178744
186,22.20209339774557,22.63150831991412,16.6532474503489,8.621846484165324,10.144927536231885,5.448201825013419,1.6505636070853462,9.822866344605474,0.2214170692431562,0.5568974771873323,0.47638217928073,1.570048309178744
