,45,50,55,51,53,54,52,56,58,57
0,100.0,,,,,,,,,
1,99.91277509393451,0.08722490606548577,,,,,,,,
2,99.91277509393451,0.08722490606548577,,,,,,,,
3,99.83225979602791,0.16774020397208803,,,,,,,,
4,94.39076757917337,5.609232420826624,,,,,,,,
5,89.60010735373054,10.399892646269459,,,,,,,,
6,89.65378421900161,10.34621578099839,,,,,,,,
7,89.59339774557166,10.406602254428341,,,,,,,,
8,81.62238325281804,18.377616747181964,,,,,,,,
9,72.4771873322598,27.32823403113258,0.19457863660762212,,,,,,,
10,54.97181964573269,39.62023617820719,0.19457863660762212,5.10601180891036,0.10735373054213634,,,,,
11,50.496511003757384,44.22973698336017,0.10064412238325282,5.065754159957058,0.10735373054213634,,,,,
12,45.13553408480945,44.73966720343532,,10.017444981213098,0.10735373054213634,,,,,
13,45.35024154589372,44.524959742351044,,10.017444981213098,0.10735373054213634,,,,,
14,34.72222222222222,55.58910359634997,,9.581320450885668,0.10735373054213634,,,,,
15,34.13848631239936,55.03891572732152,,10.44015029522276,0.10735373054213634,0.27509393451422437,,,,
16,32.19940955448202,53.495705850778315,,12.560386473429952,0.10735373054213634,0.13419216317767044,1.5029522275899088,,,
17,31.45464304884595,53.02603327965647,,12.493290391841116,0.10735373054213634,0.13419216317767044,2.7844873859366612,,,
18,22.322866344605476,61.91626409017714,0.2616747181964573,12.493290391841116,0.10735373054213634,0.13419216317767044,2.7643585614600106,,,
19,18.99490069779925,68.92780461621041,0.46967257112184646,7.461084272678476,0.10735373054213634,1.482823403113258,2.5563607085346214,,,
20,18.53864734299517,63.888888888888886,0.2616747181964573,12.855609232420827,0.10735373054213634,1.482823403113258,2.8650026838432634,,,
21,18.84728931830381,61.38620504562534,0.2616747181964573,12.788513150831992,0.10735373054213634,1.482823403113258,5.12614063338701,,,
22,18.9747718733226,55.28717122920021,0.2616747181964573,14.452495974235104,0.10735373054213634,1.482823403113258,9.333064949006978,0.10064412238325282,,
23,19.14922168545357,55.14626945786366,0.2616747181964573,14.231078904991948,0.10735373054213634,1.4761137949543746,9.333064949006978,0.2952227589908749,,
24,15.33816425120773,50.42941492216855,0.4495437466451959,22.5979602791197,0.10735373054213634,1.4761137949543746,9.306226516371444,0.2952227589908749,,
25,15.505904455179817,50.34219001610306,0.43612453032742887,22.530864197530864,0.10735373054213634,1.4761137949543746,9.306226516371444,0.2952227589908749,,
26,16.170155662909288,49.85238862050456,0.43612453032742887,22.463768115942027,0.10735373054213634,1.4224369296833066,9.252549651100376,0.2952227589908749,,
27,16.27750939345142,49.308910359635,0.5367686527106817,22.396672034353195,1.2681159420289856,1.4224369296833066,8.494363929146537,0.2952227589908749,,
28,16.458668813741276,48.060923242082666,0.6910896403650026,22.322866344605476,1.2681159420289856,2.4557165861513686,8.447396672034353,0.2952227589908749,,
29,16.545893719806763,48.007246376811594,0.6910896403650026,22.289318303811058,1.2681159420289856,2.4557165861513686,8.447396672034353,0.2952227589908749,,
30,15.646806226516372,37.27858293075684,0.8789586688137413,34.46725711218465,1.2681159420289856,2.4557165861513686,7.581857219538379,0.4227053140096618,,
31,16.069511540526033,35.889694041867955,0.966183574879227,33.11862587224906,2.442297369833602,2.4355877616747184,8.655394524959743,0.4227053140096618,,
32,15.049651100375739,47.517444981213096,1.1808910359634996,24.825550187869027,2.442297369833602,1.402308105206656,7.159151905528717,0.4227053140096618,,
33,15.438808373590982,47.20209339774557,1.3150831991411702,24.63768115942029,2.4355877616747184,1.402308105206656,7.14573268921095,0.4227053140096618,,
34,15.58641975308642,43.04884594739667,1.0131508319914118,24.570585077831456,6.837090713902308,1.402308105206656,7.118894256575416,0.4227053140096618,,
35,15.673644659151906,42.069243156199676,1.0131508319914118,29.186795491143318,5.481749865807837,1.402308105206656,4.750402576489533,0.4227053140096618,,
36,16.243961352657006,41.63311862587225,1.0131508319914118,29.09286097691895,5.4616210413311865,1.402308105206656,4.736983360171766,0.41599570585077833,,
37,16.431830381105744,39.9020397208803,1.0131508319914118,31.796833064949006,5.441492216854535,0.2616747181964573,4.736983360171766,0.41599570585077833,,
38,15.98899624261943,32.96430488459474,0.9728931830381106,31.57541599570585,5.421363392377885,0.2616747181964573,12.399355877616747,0.41599570585077833,,
39,15.74074074074074,31.45464304884595,0.8588298443370908,35.567632850241544,5.307300053676865,0.2616747181964573,7.501341921631776,3.193773483628556,0.11406333870101985,
40,15.734031132581856,30.971551261406333,0.8387010198604401,31.689479334406872,5.307300053676865,0.24825550187869028,11.90955448201825,3.1870638754696725,0.11406333870101985,
41,11.882716049382717,27.449006977992486,0.5971551261406334,39.84836285560923,5.132850241545894,0.17444981213097155,11.822329575952764,2.9790660225442833,0.11406333870101985,
42,12.164519592055823,27.36849168008588,0.5971551261406334,39.76784755770263,4.904723564143854,0.17444981213097155,11.728395061728396,2.9790660225442833,0.3153515834675255,
43,7.843531937734836,34.13177670424047,0.5434782608695652,41.43183038110574,4.904723564143854,0.17444981213097155,7.709339774557166,2.945517981749866,0.3153515834675255,
44,7.105475040257649,31.0252281266774,0.47638217928073,48.9398819108964,3.797638217928073,0.17444981213097155,6.206387546967257,1.9592055823939882,0.3153515834675255,
45,7.360440150295223,30.870907139023082,0.9393451422436929,48.64465915190553,3.797638217928073,0.05367686527106817,6.0587761674718195,1.9592055823939882,0.3153515834675255,
46,7.601986044015029,30.287171229200215,0.9393451422436929,46.95383789586688,3.797638217928073,2.086688137412775,6.0587761674718195,1.9592055823939882,0.3153515834675255,
47,7.7831454643048845,30.173107890499196,0.9393451422436929,46.403650026838434,3.797638217928073,2.086688137412775,6.025228126677402,2.475845410628019,0.3153515834675255,
48,8.05823939881911,29.985238862050455,1.9390767579173376,45.3166935050993,3.797638217928073,2.086688137412775,6.025228126677402,2.475845410628019,0.3153515834675255,
49,8.440687063875469,29.958400429414922,1.8451422436929683,45.12211486849168,3.750670960815888,2.086688137412775,6.011808910359635,2.475845410628019,0.30864197530864196,
50,8.870101986044014,29.73027375201288,1.8451422436929683,45.02818035426731,3.750670960815888,2.086688137412775,5.931293612453032,2.4691358024691357,0.2885131508319914,
51,8.105206655931294,24.416264090177133,1.3888888888888888,43.853998926462694,11.171497584541063,2.086688137412775,5.978260869565218,2.7106816961889426,0.2885131508319914,
52,8.68894256575416,24.402844873859365,1.6371443907675791,43.29710144927536,10.742082662372518,2.073268921095008,5.971551261406334,2.898550724637681,0.2885131508319914,
53,8.675523349436393,24.174718196457327,1.710950080515298,46.57809983896941,7.689210950080516,2.073268921095008,5.911164787976382,2.898550724637681,0.2885131508319914,
54,5.984970477724101,12.446323134728932,1.0601180891035964,72.24235104669887,4.804079441760601,0.36231884057971014,2.9119699409554483,0.1878690284487386,,
55,6.125872249060655,12.432903918411165,1.0601180891035964,72.11486849168008,4.804079441760601,0.36231884057971014,2.9119699409554483,0.1878690284487386,,
56,6.327160493827161,12.345679012345679,1.1473429951690821,69.29683306494901,7.454374664519592,0.36231884057971014,2.8784219001610305,0.1878690284487386,,
57,6.702898550724638,12.318840579710145,1.133923778851315,68.96806226516371,7.447665056360709,0.36231884057971014,2.8784219001610305,0.1878690284487386,,
58,5.870907139023081,11.896135265700483,1.0601180891035964,54.38137412775094,8.863392377885132,0.36231884057971014,17.10950080515298,0.4562533548040794,,
59,6.146001073537305,11.876006441223833,1.0601180891035964,52.871712292002144,8.836553945249598,0.36231884057971014,17.06924315619968,1.778046162104133,,
60,6.031937734836285,10.513955984970478,1.0064412238325282,63.55340848094471,8.601717659688674,0.36231884057971014,7.991143317230274,1.9390767579173376,,
61,6.3137412775093935,10.493827160493828,1.0064412238325282,63.32528180354267,8.568169618894256,0.36231884057971014,7.991143317230274,1.9390767579173376,,
62,6.239935587761675,22.571121846484164,0.7716049382716049,56.07890499194847,4.676596886741814,0.36231884057971014,7.944176060118089,1.3553408480944713,,
63,5.535426731078905,20.813204508856682,0.9192163177670424,45.45759527643585,2.187332259796028,0.36231884057971014,23.11460010735373,1.6103059581320451,,
64,5.730005367686527,20.7662372517445,0.9192163177670424,45.35024154589372,2.187332259796028,0.36231884057971014,23.087761674718198,1.596886741814278,,
65,6.112453032742888,20.665593129361245,0.9192163177670424,44.98121309715513,2.187332259796028,0.36231884057971014,23.060923242082662,1.710950080515298,,
66,6.367418142780462,20.611916264090176,1.3955984970477724,44.538378958668815,2.187332259796028,0.17444981213097155,23.013955984970476,1.710950080515298,,
67,6.796833064949007,20.50456253354804,1.3955984970477724,44.43102522812668,2.1739130434782608,0.17444981213097155,22.785829307568438,1.737788513150832,,
68,6.89747718733226,20.477724100912507,1.3955984970477724,44.41089640365003,2.15378421900161,0.17444981213097155,22.758990874932906,1.7310789049919484,,
69,7.39398819108964,20.242887815351583,1.5901771336553945,44.115673644659154,2.15378421900161,0.17444981213097155,22.5979602791197,1.7310789049919484,,
70,7.897208803005904,20.041599570585078,1.5901771336553945,38.419216317767045,2.147074610842727,0.17444981213097155,28.019323671497585,1.710950080515298,,
71,8.158883521202362,19.786634460547504,2.073268921095008,37.895866881374126,2.147074610842727,0.322061191626409,27.905260332796566,1.710950080515298,,
72,8.333333333333334,19.558507783145465,2.2410091250670963,37.795222758990874,2.147074610842727,0.322061191626409,27.80461621041331,1.6841116478797638,,0.11406333870101985
73,7.306763285024155,15.143585614600108,2.871712292002147,43.42458400429415,1.7914653784219001,0.9728931830381106,27.200751476113794,1.1003757380568975,,0.1878690284487386
74,7.246376811594203,14.99597423510467,2.7308105206655933,55.28717122920021,1.7914653784219001,0.9728931830381106,15.874932903918411,1.1003757380568975,,
75,7.809983896940419,14.626945786366075,2.8918411164787976,54.871175523349436,2.5161030595813205,0.9460547504025765,15.250939345142244,1.0869565217391304,,
76,6.729736983360172,9.178743961352657,1.415727321524423,65.68035426731079,2.0665593129361244,0.9393451422436929,12.989801395598498,0.9997316156736447,,
77,7.50805152979066,8.84326355340848,1.415727321524423,65.03623188405797,2.0665593129361244,0.9393451422436929,12.909286097691895,1.2815351583467525,,
78,7.85024154589372,8.789586688137414,1.415727321524423,64.79468599033817,2.0665593129361244,0.9393451422436929,12.761674718196458,1.2815351583467525,0.10064412238325282,
79,8.111916264090176,8.735909822866345,1.724369296833065,64.19082125603865,2.0665593129361244,1.3486312399355878,12.439613526570048,1.2815351583467525,0.10064412238325282,
80,8.420558239398819,8.735909822866345,1.724369296833065,63.92243692968331,2.0665593129361244,1.3486312399355878,12.399355877616747,1.2815351583467525,0.10064412238325282,
81,8.675523349436393,8.735909822866345,1.724369296833065,63.707729468599034,1.9994632313472893,1.442565754159957,12.392646269457863,1.221148684916801,0.10064412238325282,
82,9.044551798174986,8.682232957595277,1.724369296833065,63.13070316693505,1.9994632313472893,1.442565754159957,12.325550187869029,1.5499194847020934,0.10064412238325282,
83,9.185453569511541,8.648684916800859,1.6908212560386473,63.04347826086956,1.9994632313472893,1.5365002683843263,12.245034889962426,1.5499194847020934,0.10064412238325282,
84,9.252549651100376,8.561460010735374,1.7444981213097155,59.312936124530324,1.9994632313472893,1.5365002683843263,15.94873859366613,1.5432098765432098,0.10064412238325282,
85,9.73564143853999,8.521202361782072,1.8183038110574343,58.662104133118625,2.13365539452496,1.5365002683843263,15.94873859366613,1.5432098765432098,0.10064412238325282,
86,10.433440687063875,8.480944712828771,1.7914653784219001,58.11862587224906,2.13365539452496,1.5365002683843263,15.646806226516372,1.7579173376274826,0.10064412238325282,
87,9.802737520128824,6.005099302200751,1.5633387010198605,61.97665056360709,2.1068169618894257,1.5297906602254427,15.250939345142244,1.6639828234031133,0.10064412238325282,
88,9.172034353193773,5.917874396135265,1.9390767579173376,52.85829307568438,1.9390767579173376,1.3821792807300053,24.97987117552335,1.710950080515298,0.10064412238325282,
89,9.567901234567902,5.850778314546431,1.9122383252818036,51.85856146001073,1.9390767579173376,1.4895330112721417,24.90606548577563,2.38191089640365,0.0939345142243693,
90,10.050993022007514,5.683038110574342,4.408212560386473,49.19484702093398,1.9390767579173376,1.4761137949543746,24.691358024691358,2.462426194310252,0.0939345142243693,
91,10.413311862587225,5.683038110574342,4.871175523349437,49.00697799248524,1.9390767579173376,1.4492753623188406,24.08749329039184,2.4557165861513686,0.0939345142243693,
92,9.614868491680086,4.38137412775094,4.696725711218465,47.1081588835212,1.6975308641975309,2.49597423510467,27.47584541062802,2.301395598497048,0.0939345142243693,0.13419216317767044
93,9.73564143853999,4.38137412775094,4.696725711218465,47.1081588835212,1.6975308641975309,2.49597423510467,27.355072463768117,2.301395598497048,0.0939345142243693,0.13419216317767044
94,10.050993022007514,4.38137412775094,4.904723564143854,46.88003220611916,1.6975308641975309,2.4691358024691357,27.100107353730543,2.301395598497048,0.08051529790660225,0.13419216317767044
95,10.010735373054214,4.38137412775094,5.0858829844337095,45.05501878690284,1.6975308641975309,5.025496511003757,26.227858293075684,2.301395598497048,0.08051529790660225,0.13419216317767044
96,9.574610842726784,0.7783145464304885,2.7308105206655933,50.82528180354267,1.6975308641975309,6.293612453032743,25.825281803542673,2.073268921095008,0.08051529790660225,0.12077294685990338
97,9.98389694041868,0.8454106280193237,2.7979066022544283,50.456253354804076,1.6975308641975309,6.293612453032743,25.34219001610306,2.046430488459474,0.08051529790660225,0.4562533548040794
98,9.628287707997853,0.8252818035426731,4.193505099302201,47.30273752012882,1.5230810520665594,5.911164787976382,27.938808373590984,2.2208803005904456,,0.4562533548040794
99,8.071658615136876,0.7716049382716049,3.046162104133119,48.79898013955985,1.4694041867954912,4.830917874396135,31.5150295222759,1.0399892646269457,,0.4562533548040794
100,8.501073537305421,0.7514761137949544,3.046162104133119,48.38298443370907,1.4694041867954912,4.830917874396135,31.36070853462158,1.2010198604401503,,0.4562533548040794
101,8.829844337090714,0.7514761137949544,3.046162104133119,47.68518518518518,1.4694041867954912,4.830917874396135,31.199677938808374,1.7310789049919484,,0.4562533548040794
102,9.252549651100376,0.7514761137949544,3.046162104133119,47.658346752549654,1.4694041867954912,4.830917874396135,30.844068706387546,1.8115942028985508,,0.33548040794417605
103,9.91009125067096,0.7514761137949544,3.046162104133119,47.18196457326892,1.4694041867954912,4.790660225442834,30.703166935050994,1.8115942028985508,,0.33548040794417605
104,9.057971014492754,0.7514761137949544,1.5499194847020934,60.7487922705314,1.3821792807300053,4.180085882984434,19.57192699946323,2.6167471819645733,,0.14090177133655393
105,8.427267847557703,0.7514761137949544,1.5499194847020934,61.8491680085883,1.1205045625335481,4.1532474503489,19.350509930220074,2.3886205045625335,,0.4092860976918948
106,8.796296296296296,0.7514761137949544,1.5499194847020934,61.553945249597426,1.1205045625335481,4.1532474503489,19.276704240472355,2.3886205045625335,,0.4092860976918948
107,8.984165324745035,0.6977992485238862,1.4895330112721417,60.037573805689746,1.1205045625335481,4.1532474503489,21.155394524959743,1.9524959742351047,,0.4092860976918948
108,9.044551798174986,0.6977992485238862,1.5901771336553945,58.44739667203435,1.1205045625335481,6.099033816425121,20.699141170155663,1.892109500805153,,0.4092860976918948
109,9.346484165324744,0.6977992485238862,1.5901771336553945,58.313204508856685,1.1205045625335481,6.099033816425121,20.538110574342458,1.8853998926462694,,0.4092860976918948
110,9.46725711218465,0.6709608158883521,2.589908749329039,56.977992485238865,1.1137949543746646,6.099033816425121,20.531400966183575,2.1403650026838434,,0.4092860976918948
111,9.01100375738057,0.6709608158883521,1.6572732152442298,62.82206119162641,1.0198604401502953,3.5762211486849167,17.505367686527105,3.4017713365539453,,0.33548040794417605
112,9.400161030595813,0.6709608158883521,1.6572732152442298,61.60762211486849,2.0665593129361244,3.5762211486849167,17.290660225442835,3.3950617283950617,,0.33548040794417605
113,8.769457863660762,0.47638217928073,1.5230810520665594,69.00831991411701,1.0198604401502953,3.5762211486849167,12.432903918411165,2.85829307568438,,0.33548040794417605
114,8.997584541062801,0.47638217928073,1.5230810520665594,68.70638754696726,1.0198604401502953,3.5628019323671496,12.399355877616747,2.9790660225442833,,0.33548040794417605
115,9.151905528717123,0.47638217928073,2.341653247450349,67.80059044551798,1.0198604401502953,3.5628019323671496,12.332259796027913,2.9790660225442833,,0.33548040794417605
116,9.460547504025765,0.47638217928073,2.341653247450349,67.4315619967794,1.0198604401502953,3.5628019323671496,12.258454106280194,3.113258185721954,,0.33548040794417605
117,9.896672034353195,0.47638217928073,2.3349436392914655,66.98872785829307,1.0198604401502953,3.4822866344605474,12.258454106280194,3.113258185721954,,0.4294149221685454
118,10.19189479334407,0.47638217928073,2.3349436392914655,65.52603327965647,1.0198604401502953,4.864465915190553,12.06387546967257,3.0931293612453032,,0.4294149221685454
119,10.466988727858293,0.47638217928073,2.3349436392914655,64.79468599033817,2.509393451422437,4.777241009125067,11.990069779924852,2.2208803005904456,,0.4294149221685454
120,10.621309715512615,0.47638217928073,2.2946859903381642,64.70746108427268,2.509393451422437,4.750402576489533,11.990069779924852,2.2208803005904456,,0.4294149221685454
121,10.983628556092324,0.47638217928073,2.2946859903381642,61.95652173913044,2.4825550187869028,7.011540526033279,11.949812130971551,2.4154589371980677,,0.4294149221685454
122,11.453301127214171,0.47638217928073,2.2946859903381642,61.560654857756305,2.4825550187869028,6.910896403650026,11.90955448201825,2.4154589371980677,,0.49651100375738055
123,11.151368760064413,0.47638217928073,2.2946859903381642,64.67391304347827,1.482823403113258,5.233494363929147,11.473429951690822,2.26784755770263,,0.9460547504025765
124,11.533816425120772,0.47638217928073,2.2946859903381642,64.43907675791733,1.482823403113258,5.173107890499195,11.43317230273752,2.2208803005904456,,0.9460547504025765
125,11.869296833064949,0.47638217928073,2.2946859903381642,64.14385399892646,1.482823403113258,5.146269457863661,11.43317230273752,2.2074610842726785,,0.9460547504025765
126,11.419753086419753,0.47638217928073,2.227589908749329,68.57890499194848,1.482823403113258,5.159688674181428,7.816693505099302,2.341653247450349,,0.49651100375738055
127,11.057434245840042,0.4495437466451959,2.227589908749329,66.8142780461621,3.8177670424047236,4.669887278582931,7.6556629092860975,2.9052603327965647,,0.4025764895330113
128,11.292270531400966,0.4495437466451959,2.227589908749329,66.45866881374128,3.8177670424047236,4.683306494900698,7.64224369296833,3.026033279656468,,0.4025764895330113
129,11.446591519055287,0.4495437466451959,2.227589908749329,66.25738056897477,3.8177670424047236,4.636339237788513,7.514761137949543,3.166935050993022,,0.4830917874396135
130,11.614331723027375,0.4495437466451959,2.227589908749329,66.10976918947934,3.81105743424584,4.636339237788513,7.514761137949543,3.1535158346752548,,0.4830917874396135
131,11.882716049382717,0.4495437466451959,2.2208803005904456,65.94202898550725,3.81105743424584,4.636339237788513,7.4208266237251745,3.1535158346752548,,0.4830917874396135
132,12.265163714439076,0.4294149221685454,2.2208803005904456,65.52603327965647,3.6634460547504024,4.636339237788513,7.380568974771873,3.3950617283950617,,0.4830917874396135
133,12.52012882447665,0.4294149221685454,2.2208803005904456,65.17042404723564,3.6634460547504024,4.636339237788513,7.360440150295223,3.515834675254965,,0.4830917874396135
134,10.433440687063875,0.2952227589908749,1.9726247987117553,70.00134192163178,2.6838432635534084,4.428341384863124,6.689479334406871,3.012614063338701,,0.4830917874396135
135,10.654857756307031,0.2952227589908749,1.9726247987117553,69.55179817498659,2.6301663982823404,4.575952764358561,6.501610305958132,3.33467525496511,,0.4830917874396135
136,11.272141706924316,0.2952227589908749,1.9726247987117553,69.14251207729468,2.589908749329039,4.4820182501341925,6.501610305958132,3.260869565217391,,0.4830917874396135
137,11.654589371980677,0.2952227589908749,2.717391304347826,68.08239398819109,2.589908749329039,4.428341384863124,6.488191089640365,3.260869565217391,,0.4830917874396135
138,11.674718196457327,0.2952227589908749,2.932098765432099,66.6532474503489,2.589908749329039,5.166398282340311,6.481481481481482,3.7238325281803544,,0.4830917874396135
139,11.741814278046162,0.2952227589908749,2.9119699409554483,65.28448738593666,2.589908749329039,5.12614063338701,6.374127750939345,5.0791733762748255,,0.5971551261406334
140,10.809178743961352,0.2952227589908749,2.9119699409554483,66.4117015566291,2.589908749329039,5.018786902844874,6.213097155126141,5.152979066022544,,0.5971551261406334
141,11.171497584541063,0.2952227589908749,3.1199677938808374,66.05609232420827,2.522812667740204,4.978529253891573,6.1862587224906065,5.072463768115942,,0.5971551261406334
142,11.58749329039184,0.2952227589908749,2.965646806226516,65.7541599570585,2.522812667740204,4.938271604938271,6.179549114331723,5.159688674181428,,0.5971551261406334
143,11.855877616747183,0.2952227589908749,2.965646806226516,65.49248523886205,2.522812667740204,4.938271604938271,6.172839506172839,5.159688674181428,,0.5971551261406334
144,12.278582930756844,0.2952227589908749,2.9388083735909825,64.99597423510467,2.522812667740204,4.938271604938271,6.146001073537305,5.287171229200215,,0.5971551261406334
145,12.681159420289855,0.2952227589908749,2.932098765432099,64.573268921095,2.522812667740204,4.904723564143854,6.092324208266238,5.401234567901234,,0.5971551261406334
146,12.929414922168545,0.2952227589908749,2.932098765432099,64.40552871712292,2.522812667740204,4.864465915190553,6.078904991948471,5.387815351583468,,0.5837359098228664
147,13.345410628019323,0.28180354267310787,2.9790660225442833,63.92243692968331,2.462426194310252,4.85775630703167,6.078904991948471,5.488459473966721,,0.5837359098228664
148,13.553408480944713,0.28180354267310787,3.2139023081052067,63.781535158346756,2.462426194310252,4.851046698872786,5.870907139023081,5.475040257648954,,0.5099302200751477
149,14.15727321524423,0.28180354267310787,3.207192699946323,63.04347826086956,2.4355877616747184,4.723564143853999,5.850778314546431,5.803811057434245,,0.49651100375738055
150,14.170692431561998,0.28180354267310787,3.207192699946323,62.5402576489533,2.4020397208803006,5.374396135265701,5.750134192163178,5.776972624798712,,0.49651100375738055
151,14.13714439076758,0.28180354267310787,3.321256038647343,61.70155662909286,2.4020397208803006,5.374396135265701,5.750134192163178,6.535158346752549,,0.49651100375738055
152,14.506172839506172,0.28180354267310787,3.321256038647343,61.45330112721417,2.4020397208803006,5.360976918947934,5.71658615136876,6.461352657004831,,0.49651100375738055
153,14.63365539452496,0.28180354267310787,3.321256038647343,61.33252818035427,2.4020397208803006,5.35426731078905,5.71658615136876,6.461352657004831,,0.49651100375738055
154,15.083199141170155,0.28180354267310787,3.321256038647343,60.97691894793344,2.38191089640365,5.35426731078905,5.656199677938808,6.447933440687064,,0.49651100375738055
155,15.58641975308642,0.28180354267310787,3.307836822329576,60.50053676865271,2.38191089640365,5.35426731078905,5.656199677938808,6.4345142243692965,,0.49651100375738055
156,16.0829307568438,0.28180354267310787,3.2877079978529253,60.29253891572732,2.38191089640365,5.179817498658078,5.60252281266774,6.394256575415996,,0.49651100375738055
157,16.317767042404725,0.28180354267310787,4.428341384863124,58.87010198604401,2.3617820719269993,5.166398282340311,5.58239398819109,6.521739130434782,,0.46967257112184646
158,16.378153515834676,0.2616747181964573,4.428341384863124,58.762748255501876,2.3617820719269993,5.35426731078905,5.58239398819109,6.400966183574879,,0.46967257112184646
159,16.6532474503489,0.2616747181964573,4.428341384863124,58.393719806763286,2.4825550187869028,5.35426731078905,5.58239398819109,6.400966183574879,,0.4428341384863124
160,16.847826086956523,0.2616747181964573,4.508856682769726,58.09849704777241,2.4825550187869028,5.340848094471283,5.542136339237788,6.474771873322598,,0.4428341384863124
161,17.07595276435856,0.2616747181964573,4.508856682769726,57.96430488459474,2.4825550187869028,5.287171229200215,5.501878690284487,6.474771873322598,,0.4428341384863124
162,17.310789049919485,0.2616747181964573,4.508856682769726,57.789855072463766,2.4825550187869028,5.273752012882448,5.501878690284487,6.427804616210413,,0.4428341384863124
163,17.54562533548041,0.2616747181964573,4.4753086419753085,57.57514761137949,2.4691358024691357,5.273752012882448,5.367686527106817,6.602254428341385,,0.4294149221685454
164,17.68652710681696,0.2616747181964573,4.468599033816425,57.15915190552872,2.4490069779924855,5.267042404723564,5.367686527106817,6.910896403650026,,0.4294149221685454
165,18.250134192163177,0.2616747181964573,4.40150295222759,56.816961889425656,2.4490069779924855,5.233494363929147,5.360976918947934,6.796833064949007,,0.4294149221685454
166,17.01556629092861,0.2616747181964573,3.6768652710681695,49.65780998389694,1.7042404723564144,4.9651100375738055,16.069511540526033,6.219806763285024,,0.4294149221685454
167,17.277241009125067,0.2616747181964573,3.6768652710681695,49.51690821256039,1.8115942028985508,4.938271604938271,15.942028985507246,6.146001073537305,,0.4294149221685454
168,17.57246376811594,0.2616747181964573,3.6768652710681695,49.15458937198068,1.8115942028985508,4.938271604938271,15.895061728395062,6.260064412238325,,0.4294149221685454
169,17.85426731078905,0.2616747181964573,3.656736446591519,48.43666129898014,2.61003757380569,4.898013955984971,15.505904455179817,6.199677938808374,,0.5770263016639828
170,17.954911433172303,0.2616747181964573,3.656736446591519,47.987117552334944,2.945517981749866,4.797369833601718,15.385131508319914,6.4345142243692965,,0.5770263016639828
171,18.310520665593128,0.2616747181964573,3.589640365002684,47.90660225442834,2.932098765432099,4.797369833601718,15.190552871712292,6.4345142243692965,,0.5770263016639828
172,18.659420289855074,0.2616747181964573,3.5762211486849167,47.758990874932906,2.932098765432099,4.757112184648417,15.042941492216855,6.4345142243692965,,0.5770263016639828
173,19.35721953837896,0.2616747181964573,3.656736446591519,47.155126140633385,2.932098765432099,4.703435319377348,14.935587761674718,6.421095008051529,,0.5770263016639828
174,19.632313472893184,0.2616747181964573,3.965378421900161,46.947128287708,2.932098765432099,4.690016103059581,14.741009125067096,6.266774020397209,,0.5636070853462157
175,19.981213097155127,0.2616747181964573,3.938539989264627,46.725711218464845,2.898550724637681,4.690016103059581,14.680622651637144,6.266774020397209,,0.5568974771873323
176,20.068438003220614,0.2616747181964573,4.918142780461621,46.02791196994095,2.8784219001610305,4.690016103059581,14.325013419216317,6.3137412775093935,,0.5166398282340311
177,20.29656468062265,0.2616747181964573,4.918142780461621,45.860171765968865,2.871712292002147,4.683306494900698,14.163982823403114,6.427804616210413,,0.5166398282340311
178,20.397208803005906,0.2616747181964573,4.918142780461621,45.8064949006978,2.871712292002147,4.683306494900698,14.123725174449811,6.427804616210413,,0.5099302200751477
179,20.8064949006978,0.2616747181964573,5.032206119162641,45.04830917874396,2.871712292002147,4.676596886741814,14.103596349973161,6.689479334406871,,0.5099302200751477
180,20.82662372517445,0.2616747181964573,5.032206119162641,45.04159957058508,2.871712292002147,4.676596886741814,14.090177133655395,6.689479334406871,,0.5099302200751477
181,21.014492753623188,0.2616747181964573,5.025496511003757,44.89398819108964,2.871712292002147,4.676596886741814,14.056629092860977,6.689479334406871,,0.5099302200751477
182,21.215780998389693,0.2616747181964573,5.092592592592593,44.7866344605475,2.871712292002147,4.616210413311863,13.996242619431026,6.649221685453569,,0.5099302200751477
183,21.43719806763285,0.2616747181964573,4.757112184648417,44.68599033816425,2.871712292002147,4.911433172302737,13.969404186795492,6.615673644659152,,0.48980139559849706
184,21.71900161030596,0.2616747181964573,4.757112184648417,44.51154052603328,2.8381642512077296,4.87788513150832,13.92914653784219,6.615673644659152,,0.48980139559849706
185,21.994095544820183,0.2616747181964573,4.757112184648417,44.31025228126678,2.8381642512077296,4.87788513150832,13.855340848094471,6.615673644659152,,0.48980139559849706
186,22.228931830381107,0.2616747181964573,5.052334943639291,44.08212560386473,2.8381642512077296,4.864465915190553,13.593666129898015,6.615673644659152,,0.46296296296296297
187,22.14170692431562,0.2616747181964573,5.052334943639291,42.49865807836822,4.978529253891573,4.602791196994096,13.593666129898015,6.407675791733762,,0.46296296296296297
188,22.322866344605476,0.2616747181964573,5.038915727321524,42.46511003757381,4.978529253891573,4.542404723564144,13.553408480944713,6.374127750939345,,0.46296296296296297
189,22.75228126677402,0.2616747181964573,5.038915727321524,42.27724100912507,4.898013955984971,4.528985507246377,13.251476113794954,6.374127750939345,,0.6172839506172839
190,22.69860440150295,0.2616747181964573,5.005367686527107,42.190016103059584,4.85775630703167,4.455179817498658,13.439345142243694,6.474771873322598,,0.6172839506172839
191,20.26972624798712,0.2616747181964573,4.74369296833065,37.64090177133655,4.830917874396135,3.9452495974235107,22.564412238325282,5.421363392377885,,0.322061191626409
192,20.665593129361245,0.2616747181964573,4.74369296833065,37.486580783682236,4.830917874396135,3.92512077294686,22.342995169082126,5.421363392377885,,0.322061191626409
193,20.947396672034355,0.2616747181964573,4.824208266237251,37.34567901234568,4.824208266237251,3.8043478260869565,22.114868491680085,5.421363392377885,,0.4562533548040794
194,20.974235104669887,0.2616747181964573,4.723564143853999,37.265163714439076,4.804079441760601,3.770799785292539,22.322866344605476,5.421363392377885,,0.4562533548040794
195,21.276167471819647,0.2616747181964573,4.64975845410628,37.11084272678475,4.804079441760601,3.743961352657005,22.27589908749329,5.421363392377885,,0.4562533548040794
196,21.524422973698336,0.2616747181964573,4.5960815888352125,36.99006977992485,4.669887278582931,3.743961352657005,21.980676328502415,5.776972624798712,,0.4562533548040794
197,21.93370907139023,0.2616747181964573,4.830917874396135,36.47342995169082,4.669887278582931,3.7238325281803544,21.926999463231347,5.723295759527644,,0.4562533548040794
198,21.994095544820183,0.2616747181964573,5.018786902844874,35.95679012345679,4.663177670424047,3.69699409554482,21.926999463231347,6.025228126677402,,0.4562533548040794
199,22.08132045088567,0.2616747181964573,5.018786902844874,35.90311325818572,4.663177670424047,3.69699409554482,21.77938808373591,6.139291465378422,,0.4562533548040794
200,22.517444981213096,0.2616747181964573,5.179817498658078,35.7085346215781,4.602791196994096,3.69699409554482,21.443907675791735,6.132581857219538,,0.4562533548040794
201,23.13472893183038,0.2616747181964573,5.10601180891036,35.32608695652174,4.508856682769726,3.69699409554482,21.40365002683843,6.105743424584004,,0.4562533548040794
202,23.503757380568974,0.2616747181964573,5.10601180891036,35.198604401502955,4.4820182501341925,3.616478797638218,21.26945786366076,6.105743424584004,,0.4562533548040794
203,21.71900161030596,0.2616747181964573,4.582662372517445,38.96269457863661,4.03918411164788,3.421900161030596,20.799785292538918,5.803811057434245,,0.4092860976918948
204,22.007514761137948,0.2616747181964573,4.582662372517445,38.848631239935585,4.03918411164788,3.361513687600644,20.685721953837895,5.803811057434245,,0.4092860976918948
205,22.094739667203434,0.2616747181964573,4.817498658078368,38.58695652173913,4.03918411164788,3.3480944712828773,20.658883521202362,5.783682232957595,,0.4092860976918948
206,22.249060654857757,0.2616747181964573,4.918142780461621,38.33199141170156,4.03918411164788,3.3480944712828773,20.658883521202362,5.783682232957595,,0.4092860976918948
207,22.550993022007514,0.2616747181964573,4.998658078368224,38.13070316693505,4.032474503488996,3.280998389694042,20.598497047772412,5.736714975845411,,0.4092860976918948
208,22.805958132045088,0.2616747181964573,4.998658078368224,38.016639828234034,3.992216854535695,3.280998389694042,20.44417606011809,5.790391841116479,,0.4092860976918948
209,22.517444981213096,0.2616747181964573,4.944981213097155,37.68786902844874,3.992216854535695,3.992216854535695,20.303274288781534,5.891035963499732,,0.4092860976918948
210,22.6784755770263,0.2616747181964573,4.944981213097155,37.61406333870102,3.992216854535695,3.992216854535695,20.21604938271605,5.891035963499732,,0.4092860976918948
211,22.6784755770263,0.2616747181964573,4.944981213097155,37.526838432635536,4.180085882984434,3.992216854535695,19.981213097155127,6.025228126677402,,0.4092860976918948
212,22.77241009125067,0.2616747181964573,4.931561996779388,37.4597423510467,4.180085882984434,3.992216854535695,19.96779388083736,6.025228126677402,,0.4092860976918948
213,22.859634997316157,0.2616747181964573,5.032206119162641,37.33225979602791,4.166666666666667,4.092860976918948,19.900697799248523,5.9447128287707995,,0.4092860976918948
214,23.020665593129362,0.2616747181964573,5.018786902844874,37.31884057971015,4.166666666666667,4.052603327965647,19.665861513687602,5.9447128287707995,,0.5501878690284487
215,23.356146001073537,0.2616747181964573,4.998658078368224,37.17122920021471,4.146537842190016,4.045893719806763,19.55179817498658,5.917874396135265,,0.5501878690284487
216,23.66478797638218,0.2616747181964573,4.985238862050457,36.86929683306495,4.146537842190016,4.03918411164788,19.45115405260333,6.031937734836285,,0.5501878690284487
217,20.78636607622115,0.0067096081588835215,3.3816425120772946,42.8341384863124,3.8580246913580245,3.7909286097691894,18.887546967257112,5.904455179817498,,0.5501878690284487
218,21.26274825550188,0.0067096081588835215,3.3279656468062266,42.46511003757381,3.8043478260869565,3.770799785292539,18.853998926462694,5.958132045088567,,0.5501878690284487
219,21.36339237788513,0.0067096081588835215,3.656736446591519,42.11621041331186,3.797638217928073,3.770799785292539,18.80703166935051,5.931293612453032,,0.5501878690284487
220,21.72571121846484,0.0067096081588835215,3.643317230273752,41.97530864197531,3.717122920021471,3.770799785292539,18.760064412238325,5.850778314546431,,0.5501878690284487
221,22.10144927536232,0.0067096081588835215,3.7372517444981215,41.6935050993022,3.717122920021471,3.7640901771336552,18.47826086956522,5.984970477724101,,0.5166398282340311
222,21.83977455716586,0.0067096081588835215,3.7238325281803544,40.975577026301664,3.717122920021471,4.797369833601718,18.451422436929683,5.971551261406334,,0.5166398282340311
223,21.79951690821256,0.0067096081588835215,3.7238325281803544,40.5931293612453,4.669887278582931,4.750402576489533,17.995169082125603,5.9447128287707995,,0.5166398282340311
224,21.886741814278047,0.0067096081588835215,3.864734299516908,40.405260332796566,4.669887278582931,4.750402576489533,17.98845947396672,5.924584004294149,,0.5032206119162641
225,21.926999463231347,0.0067096081588835215,4.066022544283414,40.163714439076756,4.663177670424047,4.750402576489533,17.652979066022546,5.924584004294149,,0.8454106280193237
226,22.094739667203434,0.0067096081588835215,4.052603327965647,39.70746108427268,4.656468062265164,4.736983360171766,17.632850241545892,6.266774020397209,,0.8454106280193237
227,22.25577026301664,0.0067096081588835215,4.025764895330113,39.680622651637144,4.602791196994096,4.736983360171766,17.58588298443371,6.260064412238325,,0.8454106280193237
228,22.41009125067096,0.0067096081588835215,4.012345679012346,39.56655931293612,4.602791196994096,4.7168545356951155,17.444981213097154,6.394256575415996,,0.8454106280193237
229,22.65834675254965,0.0067096081588835215,4.274020397208803,39.2914653784219,4.5893719806763285,4.703435319377348,17.37788513150832,6.253354804079442,,0.8454106280193237
230,22.98040794417606,0.0067096081588835215,4.274020397208803,39.110305958132045,4.562533548040794,4.656468062265164,17.324208266237253,6.239935587761675,,0.8454106280193237
231,22.73215244229737,0.0067096081588835215,4.233762748255502,39.95571658615137,4.280730005367687,4.609500805152979,17.310789049919485,6.031937734836285,,0.8387010198604401
232,23.027375201288244,0.0067096081588835215,4.233762748255502,39.87520128824477,4.180085882984434,4.602791196994096,17.20343531937735,6.031937734836285,,0.8387010198604401
233,23.362855609232422,0.0067096081588835215,4.233762748255502,39.60010735373054,4.1532474503489,4.569243156199678,17.20343531937735,6.031937734836285,,0.8387010198604401
234,23.503757380568974,0.0067096081588835215,4.549114331723027,39.371980676328505,4.1532474503489,4.569243156199678,17.008856682769725,5.998389694041868,,0.8387010198604401
235,23.97342995169082,0.0067096081588835215,4.49543746645196,39.2512077294686,4.1532474503489,4.555823939881911,16.760601180891037,5.964841653247451,,0.8387010198604401
236,24.322329575952764,0.0067096081588835215,4.4820182501341925,39.04320987654321,4.1129898013955986,4.51556629092861,16.720343531937736,5.958132045088567,,0.8387010198604401
237,24.261943102522814,0.0067096081588835215,4.468599033816425,38.84192163177671,4.1129898013955986,4.797369833601718,16.67337627482555,5.998389694041868,,0.8387010198604401
238,24.355877616747183,0.0067096081588835215,4.455179817498658,38.75469672571122,4.1129898013955986,4.7638217928073,16.659957058507782,6.052066559312936,,0.8387010198604401
239,24.46323134728932,0.0067096081588835215,4.723564143853999,38.5601180891036,4.079441760601181,4.7638217928073,16.57944176060118,5.984970477724101,,0.8387010198604401
240,24.55716586151369,0.0067096081588835215,4.9651100375738055,38.08373590982286,4.079441760601181,4.74369296833065,16.57944176060118,6.146001073537305,,0.8387010198604401
241,24.805421363392377,0.0067096081588835215,4.931561996779388,38.0300590445518,4.05931293612453,4.74369296833065,16.485507246376812,6.139291465378422,,0.798443370907139
242,25.0,0.0067096081588835215,4.85775630703167,38.00322061191626,4.05931293612453,4.690016103059581,16.445249597423512,6.139291465378422,,0.798443370907139
243,25.187869028448738,0.0067096081588835215,4.817498658078368,37.88244766505636,4.05931293612453,4.690016103059581,16.431830381105744,6.125872249060655,,0.798443370907139
244,25.275093934514224,0.0067096081588835215,4.676596886741814,37.5,4.502147074610843,4.804079441760601,16.398282340311326,6.0587761674718195,,0.7783145464304885
245,25.389157273215243,0.0067096081588835215,4.918142780461621,37.32555018786903,4.468599033816425,4.783950617283951,16.13660762211487,6.1929683306494905,,0.7783145464304885
246,25.85882984433709,0.0067096081588835215,4.911433172302737,37.19135802469136,4.455179817498658,4.7168545356951155,15.942028985507246,6.146001073537305,,0.7716049382716049
247,26.147342995169083,0.0067096081588835215,4.898013955984971,37.0907139023081,4.455179817498658,4.7168545356951155,15.895061728395062,6.018518518518518,,0.7716049382716049
