,45,50,52,55,54,51,53,56,57,58,59,60
0,88.1508319914117,11.849168008588299,,,,,,,,,,
1,83.15888352120236,16.700214707461082,0.10735373054213634,0.03354804079441761,,,,,,,,
2,81.58883521202362,18.16290928609769,0.10735373054213634,0.14090177133655393,,,,,,,,
3,79.25389157273216,20.497852925389157,0.10735373054213634,0.14090177133655393,,,,,,,,
4,78.93183038110574,20.108695652173914,0.10735373054213634,0.23483628556092323,0.6172839506172839,,,,,,,
5,78.81105743424584,20.263016639828233,0.10735373054213634,0.20128824476650564,0.6172839506172839,,,,,,,
6,77.65700483091787,21.14868491680086,0.10735373054213634,0.23483628556092323,0.6172839506172839,0.026838432635534086,0.20799785292538917,,,,,
7,55.072463768115945,43.484970477724104,0.10735373054213634,0.46296296296296297,0.6172839506172839,0.026838432635534086,0.2281266774020397,,,,,
8,55.30730005367686,42.2638217928073,0.10735373054213634,0.5434782608695652,0.6172839506172839,1.0869565217391304,0.07380568974771873,,,,,
9,55.414653784219,42.07595276435856,0.10735373054213634,0.644122383252818,0.6172839506172839,1.06682769726248,0.07380568974771873,,,,,
10,52.844873859366615,43.57890499194847,0.10735373054213634,0.644122383252818,0.7045088566827697,1.0802469135802468,1.0399892646269457,,,,,
11,52.34836285560923,43.894256575415994,0.10735373054213634,0.798443370907139,0.630703166935051,1.06682769726248,1.0131508319914118,0.14090177133655393,,,,
12,48.047504025764894,48.16156736446592,0.14090177133655393,0.8319914117015567,0.630703166935051,1.0534084809447128,0.9594739667203436,0.17444981213097155,,,,
13,47.195383789586685,48.61782071926999,0.14090177133655393,0.9863123993558777,0.630703166935051,1.3217928073000538,0.9326355340848095,0.17444981213097155,,,,
14,46.061460010735374,49.503488996242616,0.14090177133655393,0.966183574879227,0.9057971014492754,1.3217928073000538,0.9259259259259259,0.17444981213097155,,,,
15,46.27616747181965,49.22839506172839,0.14090177133655393,1.0198604401502953,0.9057971014492754,1.328502415458937,0.9259259259259259,0.17444981213097155,,,,
16,46.2962962962963,48.64465915190553,0.14090177133655393,1.1205045625335481,0.9594739667203436,1.5633387010198605,1.1003757380568975,0.17444981213097155,,,,
17,46.4170692431562,48.16156736446592,0.14090177133655393,1.1540526033279657,0.9594739667203436,1.8853998926462694,1.0869565217391304,0.1610305958132045,0.03354804079441761,,,
18,42.0625335480408,50.80515297906602,0.14090177133655393,1.3821792807300053,2.4355877616747184,1.8853998926462694,1.093666129898014,0.1610305958132045,0.03354804079441761,,,
19,41.15002683843264,51.70424047235642,0.14090177133655393,1.3955984970477724,2.4355877616747184,1.8853998926462694,1.093666129898014,0.1610305958132045,0.03354804079441761,,,
20,41.25067096081589,51.13392377885131,1.3016639828234031,1.3553408480944713,2.4221685453569513,1.865271068169619,0.5099302200751477,0.1274825550187869,0.03354804079441761,,,
21,39.774557165861516,52.160493827160494,1.3150831991411702,1.8384326355340848,2.4020397208803006,1.8048845947396672,0.5099302200751477,0.1274825550187869,0.03354804079441761,0.03354804079441761,,
22,37.553676865271065,54.75711218464841,1.133923778851315,1.8585614600107354,2.3349436392914655,1.7914653784219001,0.3757380568974772,0.1274825550187869,0.03354804079441761,0.03354804079441761,,
23,35.57434245840043,56.70289855072464,1.133923778851315,1.8988191089640365,2.254428341384863,1.7579173376274826,0.4830917874396135,0.1274825550187869,0.03354804079441761,0.03354804079441761,,
24,35.72866344605475,54.07944176060118,3.7775093934514223,2.033011272141707,2.033011272141707,1.7579173376274826,0.39586688137412773,0.1274825550187869,0.03354804079441761,0.03354804079441761,,
25,36.07756307031669,53.71041331186259,3.743961352657005,2.086688137412775,2.0128824476650564,1.778046162104133,0.39586688137412773,0.1274825550187869,0.03354804079441761,0.03354804079441761,,
26,36.22517444981213,51.54320987654321,3.515834675254965,2.844873859366613,3.5426731078904994,1.737788513150832,0.39586688137412773,0.1274825550187869,0.03354804079441761,0.03354804079441761,,
27,35.970209339774556,50.16774020397209,3.5426731078904994,3.6768652710681695,3.535963499731616,2.49597423510467,0.41599570585077833,0.1274825550187869,0.03354804079441761,0.03354804079441761,,
28,35.7085346215781,48.8996242619431,3.5292538915727323,3.8043478260869565,3.6902844873859366,3.643317230273752,0.4428341384863124,0.1274825550187869,0.12077294685990338,0.03354804079441761,,
29,34.35319377348363,46.89345142243693,3.515834675254965,3.7640901771336552,3.683574879227053,4.334406870638754,3.1333870101986045,0.16774020397208803,0.12077294685990338,0.03354804079441761,,
30,34.66183574879227,46.69216317767042,3.5091250670960816,3.743961352657005,3.6500268384326353,4.274020397208803,3.113258185721954,0.16774020397208803,0.12077294685990338,0.03354804079441761,0.03354804079441761,
31,34.56119162640902,45.17579173376275,3.4017713365539453,3.864734299516908,3.603059581320451,4.361245303274289,4.542404723564144,0.19457863660762212,0.2281266774020397,0.03354804079441761,0.03354804079441761,
32,34.306226516371446,44.437734836285564,4.622920021470746,3.8177670424047236,3.5628019323671496,4.3545356951154055,4.522275899087493,0.10064412238325282,0.2281266774020397,0.013419216317767043,0.03354804079441761,
33,34.312936124530324,43.954643048845945,5.032206119162641,3.824476650563607,3.5628019323671496,4.327697262479871,4.643048845947397,0.10064412238325282,0.19457863660762212,0.013419216317767043,0.03354804079441761,
34,34.19216317767042,42.01556629092861,4.99194847020934,3.8177670424047236,3.549382716049383,6.380837359098229,4.616210413311863,0.14090177133655393,0.23483628556092323,0.026838432635534086,0.03354804079441761,
35,33.77616747181965,40.76757917337628,4.904723564143854,3.8378958668813743,3.5762211486849167,7.326892109500805,5.374396135265701,0.14090177133655393,0.23483628556092323,0.026838432635534086,0.03354804079441761,
36,32.74288781535159,41.12989801395599,5.998389694041868,3.911701556629093,3.1468062265163717,7.226247987117552,5.421363392377885,0.14090177133655393,0.19457863660762212,0.05367686527106817,0.03354804079441761,
37,30.64278046162104,44.598765432098766,5.864197530864198,4.092860976918948,3.052871712292002,6.125872249060655,5.199946323134729,0.14090177133655393,0.19457863660762212,0.05367686527106817,0.03354804079441761,
38,30.64278046162104,43.41116478797638,7.085346215780999,4.200214707461084,2.952227589908749,6.092324208266238,5.173107890499195,0.14090177133655393,0.2214170692431562,0.04696725711218465,0.03354804079441761,
39,30.911164787976382,43.022007514761135,7.058507783145465,4.40150295222759,2.952227589908749,6.078904991948471,5.132850241545894,0.14090177133655393,0.2214170692431562,0.04696725711218465,0.03354804079441761,
40,30.535426731078903,42.25711218464841,6.870638754696726,4.5960815888352125,3.2541599570585076,6.951154052603328,5.092592592592593,0.14090177133655393,0.2214170692431562,0.04696725711218465,0.03354804079441761,
41,28.395061728395063,44.80005367686527,6.266774020397209,4.5893719806763285,3.2474503488996245,7.018250134192163,5.166398282340311,0.14090177133655393,0.30864197530864196,0.03354804079441761,0.03354804079441761,
42,28.23403113258186,43.88083735909823,6.1862587224906065,4.683306494900698,3.240740740740741,8.132045088566828,5.065754159957058,0.17444981213097155,0.33548040794417605,0.03354804079441761,0.03354804079441761,
43,27.435587761674718,41.968599033816425,6.528448738593666,4.723564143853999,2.6435856146001075,10.19189479334407,5.998389694041868,0.14090177133655393,0.30193236714975846,0.03354804079441761,0.03354804079441761,
44,27.80461621041331,41.46537842190016,6.6827697262479875,4.757112184648417,2.737520128824477,10.144927536231885,5.897745571658615,0.14090177133655393,0.30193236714975846,0.03354804079441761,0.03354804079441761,
45,28.012614063338702,41.1634460547504,6.66935050993022,4.797369833601718,2.871712292002147,10.104669887278583,5.870907139023081,0.14090177133655393,0.30193236714975846,0.03354804079441761,0.03354804079441761,
46,27.965646806226516,40.203972088030056,6.629092860976919,4.736983360171766,3.3145464304884595,10.836017176596886,5.83064949006978,0.11406333870101985,0.30193236714975846,0.03354804079441761,0.03354804079441761,
47,25.865539452495973,36.500268384326354,6.407675791733762,6.327160493827161,3.3480944712828773,15.250939345142244,5.743424584004294,0.15432098765432098,0.33548040794417605,0.03354804079441761,0.03354804079441761,
48,26.25469672571122,36.272141706924316,6.367418142780462,6.179549114331723,3.3682232957595275,15.157004830917874,5.709876543209877,0.15432098765432098,0.4092860976918948,0.06038647342995169,0.03354804079441761,0.03354804079441761
49,25.87224906065486,36.93639291465379,6.078904991948471,6.239935587761675,3.294417606011809,15.123456790123457,5.763553408480945,0.15432098765432098,0.4092860976918948,0.06038647342995169,0.03354804079441761,0.03354804079441761
50,26.362050456253353,36.64787976382179,6.052066559312936,6.119162640901771,3.321256038647343,14.982555018786902,5.723295759527644,0.2214170692431562,0.4092860976918948,0.0939345142243693,0.03354804079441761,0.03354804079441761
51,26.207729468599034,35.65485775630703,6.152710681696189,6.347289318303811,3.3413848631239937,16.378153515834676,5.0858829844337095,0.2885131508319914,0.4092860976918948,0.06709608158883522,0.03354804079441761,0.03354804079441761
52,26.29495437466452,35.35292538915727,6.132581857219538,6.414385399892646,3.33467525496511,16.344605475040257,5.119431025228127,0.46296296296296297,0.4092860976918948,0.06709608158883522,0.03354804079441761,0.03354804079441761
53,25.684380032206118,37.265163714439076,6.112453032742888,6.239935587761675,3.294417606011809,14.579978529253891,5.850778314546431,0.4025764895330113,0.4092860976918948,0.06709608158883522,0.03354804079441761,0.06038647342995169
54,25.684380032206118,36.12453032742888,6.112453032742888,5.790391841116479,2.9723564143853998,14.42565754159957,7.930756843800322,0.4428341384863124,0.3824476650563607,0.06709608158883522,0.03354804079441761,0.03354804079441761
55,25.97289318303811,35.92324208266237,6.085614600107354,5.132850241545894,2.9589371980676327,14.331723027375201,8.601717659688674,0.4428341384863124,0.3824476650563607,0.10064412238325282,0.03354804079441761,0.03354804079441761
56,25.603864734299517,34.5679012345679,6.172839506172839,5.032206119162641,2.9052603327965647,16.378153515834676,8.246108427267847,0.5434782608695652,0.3824476650563607,0.10064412238325282,0.03354804079441761,0.03354804079441761
57,25.825281803542673,34.326355340848096,6.146001073537305,5.186527106816962,2.8515834675254963,16.324476650563607,8.246108427267847,0.5434782608695652,0.3824476650563607,0.10064412238325282,0.03354804079441761,0.03354804079441761
58,25.637412775093935,34.6081588835212,6.159420289855072,5.314009661835748,2.8247450348899625,16.11647879763822,8.246108427267847,0.5434782608695652,0.3824476650563607,0.10064412238325282,0.03354804079441761,0.03354804079441761
59,25.805152979066023,34.12506709608159,5.636070853462158,5.314009661835748,3.535963499731616,16.25067096081589,8.125335480407944,0.6776704240472357,0.39586688137412773,0.06709608158883522,0.03354804079441761,0.03354804079441761
60,26.1808910359635,33.91035963499731,5.636070853462158,5.293880837359098,3.4957058507783145,16.19699409554482,8.051529790660226,0.6776704240472357,0.4227053140096618,0.06709608158883522,0.03354804079441761,0.03354804079441761
61,26.006441223832528,33.5077831454643,5.475040257648954,5.280461621041331,3.4822866344605474,16.988727858293075,8.024691358024691,0.6776704240472357,0.4227053140096618,0.06709608158883522,0.03354804079441761,0.03354804079441761
62,26.27482555018787,33.333333333333336,5.448201825013419,5.931293612453032,3.4688674181427803,16.867954911433173,7.4006977992485234,0.7179280730005367,0.4227053140096618,0.06709608158883522,0.03354804079441761,0.03354804079441761
63,26.596886741814277,33.091787439613526,5.401234567901234,6.105743424584004,3.502415458937198,16.71363392377885,7.333601717659689,0.6977992485238862,0.4227053140096618,0.06709608158883522,0.03354804079441761,0.03354804079441761
64,26.798174986580783,32.910628019323674,5.401234567901234,6.132581857219538,3.4957058507783145,16.626409017713364,7.380568974771873,0.6977992485238862,0.4227053140096618,0.06709608158883522,0.03354804079441761,0.03354804079441761
65,27.012882447665056,32.18599033816425,5.381105743424584,6.823671497584541,3.488996242619431,16.532474503488995,7.353730542136339,0.6977992485238862,0.4227053140096618,0.03354804079441761,0.03354804079441761,0.03354804079441761
66,27.241009125067094,32.07192699946323,5.360976918947934,6.816961889425658,3.488996242619431,16.451959205582394,7.347020933977456,0.6977992485238862,0.4227053140096618,0.03354804079441761,0.03354804079441761,0.03354804079441761
67,27.435587761674718,31.723027375201287,5.287171229200215,6.991411701556629,3.730542136339238,16.344605475040257,7.27992485238862,0.6977992485238862,0.4092860976918948,0.03354804079441761,0.03354804079441761,0.03354804079441761
68,27.482555018786904,31.159420289855074,5.964841653247451,7.0450885668276975,3.8311862587224907,15.995705850778315,7.179280730005368,0.7581857219538379,0.4830917874396135,0.03354804079441761,0.03354804079441761,0.03354804079441761
69,27.66371443907676,30.857487922705314,5.9514224369296835,7.440955448201825,3.9519592055823938,15.72061191626409,7.098765432098766,0.7313472893183038,0.4830917874396135,0.03354804079441761,0.03354804079441761,0.03354804079441761
70,27.36849168008588,30.50858829844337,5.870907139023081,7.514761137949543,4.019055287171229,15.311325818572195,7.917337627482555,0.8118625872249061,0.5770263016639828,0.03354804079441761,0.03354804079441761,0.03354804079441761
71,27.74422973698336,30.24020397208803,5.8172302737520125,7.494632313472893,4.086151368760064,15.230810520665592,7.937466451959206,0.8118625872249061,0.5367686527106817,0.03354804079441761,0.03354804079441761,0.03354804079441761
72,27.542941492216855,30.24020397208803,5.776972624798712,7.615405260332796,4.025764895330113,16.680085882984432,6.749865807836822,0.7917337627482555,0.5032206119162641,0.0067096081588835215,0.03354804079441761,0.03354804079441761
73,27.657004830917874,30.01207729468599,5.763553408480945,7.675791733762749,4.106280193236715,16.586151368760063,6.796833064949007,0.7917337627482555,0.5367686527106817,0.0067096081588835215,0.03354804079441761,0.03354804079441761
74,25.785024154589372,32.971014492753625,5.763553408480945,7.581857219538379,3.92512077294686,15.814546430488459,6.763285024154589,0.785024154589372,0.5367686527106817,0.0067096081588835215,0.03354804079441761,0.03354804079441761
75,25.006709608158882,32.18599033816425,8.715780998389693,7.212828770799785,3.9184111647879765,15.559581320450885,6.179549114331723,0.644122383252818,0.5032206119162641,0.0067096081588835215,0.03354804079441761,0.03354804079441761
76,25.161030595813205,32.018250134192165,8.662104133118627,7.219538378958669,3.911701556629093,15.593129361245303,6.179549114331723,0.644122383252818,0.5367686527106817,0.0067096081588835215,0.03354804079441761,0.03354804079441761
77,22.98040794417606,28.213902308105208,6.6827697262479875,5.595813204508857,3.3480944712828773,27.79790660225443,4.320987654320987,0.630703166935051,0.38915727321524424,0.0067096081588835215,0.03354804079441761,
78,23.47691894793344,27.965646806226516,6.629092860976919,5.6964573268921095,3.374932903918411,27.556360708534623,4.240472356414386,0.630703166935051,0.38915727321524424,0.0067096081588835215,0.03354804079441761,
79,23.61111111111111,27.49597423510467,6.615673644659152,5.615942028985507,3.6366076221148687,24.362587224906065,7.601986044015029,0.630703166935051,0.38915727321524424,0.0067096081588835215,0.03354804079441761,
80,23.62453032742888,27.180622651637144,6.575415995705851,5.763553408480945,3.8915727321524423,24.342458400429415,7.588566827697263,0.6172839506172839,0.3757380568974772,0.0067096081588835215,0.03354804079441761,
81,23.221953837895867,26.006441223832528,6.521739130434782,5.649490069779925,3.8915727321524423,26.060118089103597,7.608695652173913,0.6239935587761675,0.3757380568974772,0.0067096081588835215,0.03354804079441761,
82,23.315888352120236,25.77831454643049,6.508319914117015,5.636070853462158,4.2270531400966185,25.697799248523886,7.809983896940419,0.6105743424584005,0.3757380568974772,0.0067096081588835215,0.03354804079441761,
83,23.698336017176597,25.5703166935051,6.447933440687064,5.501878690284487,4.146537842190016,24.14787976382179,9.373322597960279,0.7313472893183038,0.3757380568974772,0.0067096081588835215,,
84,23.537305421363392,24.590713902308106,6.387546967257112,5.407944176060118,3.9184111647879765,25.5300590445518,9.373322597960279,0.8722490606548577,0.3757380568974772,0.0067096081588835215,,
85,23.65136876006441,24.44310252281267,6.407675791733762,5.387815351583468,4.1129898013955986,25.449543746645197,9.25925925925926,0.8722490606548577,0.3757380568974772,0.040257648953301126,,
86,24.00697799248524,24.295491143317232,6.333870101986044,5.340848094471283,4.240472356414386,25.194578636607623,9.232420826623725,0.9393451422436929,0.3757380568974772,0.040257648953301126,,
87,24.355877616747183,24.18142780461621,6.300322061191626,5.320719269994632,4.233762748255502,25.0805152979066,8.970746108427267,0.9259259259259259,0.5904455179817498,0.040257648953301126,,
88,24.691358024691358,23.564143853998928,6.280193236714976,5.8239398819108965,4.200214707461084,24.805421363392377,8.950617283950617,1.0534084809447128,0.5904455179817498,0.040257648953301126,,
89,24.892646269457863,23.409822866344605,6.421095008051529,5.998389694041868,4.1532474503489,24.56387546967257,8.856682769726248,1.1205045625335481,0.5434782608695652,0.040257648953301126,,
90,24.168008588298445,22.054482018250134,5.186527106816962,5.394524959742351,3.656736446591519,28.032742887815353,10.017444981213098,1.107085346215781,0.3421900161030596,0.040257648953301126,,
91,24.02710681696189,21.74584004294149,8.279656468062266,5.12614063338701,2.771068169618894,27.80461621041331,8.836553945249598,1.0735373054213635,0.2616747181964573,0.040257648953301126,0.03354804079441761,
92,24.376006441223833,21.66532474503489,8.279656468062266,5.112721417069243,2.757648953301127,27.636876006441224,8.809715512614064,1.0466988727858293,0.24154589371980675,0.040257648953301126,0.03354804079441761,
93,24.651100375738057,21.557971014492754,8.266237251744498,5.092592592592593,2.791196994095545,27.34165324745035,8.883521202361782,1.1003757380568975,0.24154589371980675,0.040257648953301126,0.03354804079441761,
94,22.785829307568438,22.73215244229737,9.39345142243693,5.132850241545894,2.804616210413312,26.94578636607622,8.756038647342995,1.06682769726248,0.24154589371980675,0.10735373054213634,0.03354804079441761,
95,23.349436392914654,22.550993022007514,9.31964573268921,5.119431025228127,2.7442297369833604,26.858561460010737,8.608427267847558,1.06682769726248,0.24154589371980675,0.10735373054213634,0.03354804079441761,
96,23.13472893183038,21.846484165324746,11.654589371980677,5.0858829844337095,2.703972088030059,26.234567901234566,8.085077831454644,0.8722490606548577,0.24154589371980675,0.10735373054213634,0.03354804079441761,
97,23.483628556092324,21.74584004294149,11.553945249597424,5.267042404723564,2.690552871712292,25.93263553408481,8.051529790660226,0.9125067096081588,0.24154589371980675,0.08722490606548577,0.03354804079441761,
98,23.805689747718734,21.578099838969404,11.943102522812667,5.300590445517981,2.6838432635534084,25.369028448738593,8.044820182501342,0.9125067096081588,0.24154589371980675,0.08722490606548577,0.03354804079441761,
99,24.040526033279658,21.443907675791735,11.902844873859367,5.3341384863123995,2.717391304347826,24.033816425120772,8.004562533548041,2.1604938271604937,0.24154589371980675,0.08722490606548577,0.03354804079441761,
100,22.497316156736446,20.00805152979066,11.023886205045626,4.904723564143854,2.4825550187869028,30.54213633923779,6.273483628556092,1.932367149758454,0.2147074610842727,0.08722490606548577,0.03354804079441761,
101,22.497316156736446,19.93424584004294,10.983628556092324,4.864465915190553,2.6637144390767578,30.300590445517983,6.273483628556092,2.15378421900161,0.2147074610842727,0.08051529790660225,0.03354804079441761,
102,22.67176596886742,19.92753623188406,10.93666129898014,4.85775630703167,2.690552871712292,30.07246376811594,6.199677938808374,2.2611379495437465,0.23483628556092323,0.08051529790660225,0.06709608158883522,
103,22.839506172839506,19.786634460547504,10.876274825550189,4.851046698872786,2.7979066022544283,30.01207729468599,6.1929683306494905,2.2611379495437465,0.23483628556092323,0.08051529790660225,0.06709608158883522,
104,23.09447128287708,19.766505636070853,10.836017176596886,4.824208266237251,2.7979066022544283,29.857756307031668,6.152710681696189,2.2611379495437465,0.23483628556092323,0.10735373054213634,0.06709608158883522,
105,23.15485775630703,19.685990338164252,10.923242082662373,4.810789049919484,2.9052603327965647,29.602791196994094,6.038647342995169,2.301395598497048,0.4025764895330113,0.10735373054213634,0.06709608158883522,
106,23.396403650026837,19.578636607622116,10.82259796027912,4.810789049919484,2.9052603327965647,29.55582393988191,6.045356951154052,2.3215244229736984,0.38915727321524424,0.10735373054213634,0.06709608158883522,
107,22.758990874932906,19.04186795491143,10.641438539989265,5.280461621041331,2.657004830917874,30.66290928609769,6.085614600107354,2.281266774020397,0.38915727321524424,0.13419216317767044,0.06709608158883522,
108,22.48389694041868,17.827428878153516,10.399892646269459,5.226784755770263,2.395330112721417,32.870370370370374,5.998389694041868,2.2208803005904456,0.38915727321524424,0.12077294685990338,0.06709608158883522,
109,22.71202361782072,17.793880837359097,10.312667740203972,5.186527106816962,2.4154589371980677,31.40096618357488,7.105475040257649,2.3617820719269993,0.38915727321524424,0.12077294685990338,0.20128824476650564,
110,22.014224369296834,22.77241009125067,10.124798711755233,4.985238862050457,2.3752012882447664,27.563070316693505,7.112184648416532,2.3081052066559313,0.38915727321524424,0.15432098765432098,0.20128824476650564,
111,22.188674181427803,22.65834675254965,10.178475577026301,4.958400429414922,2.2946859903381642,27.449006977992486,7.139023081052066,2.428878153515835,0.3488996242619431,0.15432098765432098,0.20128824476650564,
112,22.470477724100913,22.584541062801932,10.158346752549651,5.01207729468599,2.2745571658615136,27.26784755770263,7.125603864734299,2.4020397208803006,0.3488996242619431,0.15432098765432098,0.20128824476650564,
113,22.859634997316157,22.443639291465377,10.131508319914117,4.944981213097155,2.2745571658615136,27.106816961889425,7.112184648416532,2.4221685453569513,0.3488996242619431,0.15432098765432098,0.20128824476650564,
114,22.987117552334944,22.584541062801932,10.091250670960816,4.978529253891573,2.2342995169082127,26.86527106816962,7.051798174986581,2.4154589371980677,0.4092860976918948,0.15432098765432098,0.2281266774020397,
115,23.181696188942567,22.470477724100913,10.104669887278583,4.99194847020934,2.2208803005904456,26.630434782608695,7.03166935050993,2.576489533011272,0.4092860976918948,0.15432098765432098,0.2281266774020397,
116,23.45679012345679,22.430220075147613,10.030864197530864,4.985238862050457,2.214170692431562,26.516371443907676,7.024959742351046,2.5496511003757383,0.4092860976918948,0.15432098765432098,0.2281266774020397,
117,22.839506172839506,21.584809447128286,11.05072463768116,6.112453032742888,2.2879763821792807,25.717928073000536,6.816961889425658,2.771068169618894,0.4092860976918948,0.15432098765432098,0.2549651100375738,
118,21.967257112184647,19.384057971014492,10.446859903381643,5.884326355340848,1.9994632313472893,30.683038110574344,6.213097155126141,2.6301663982823404,0.4092860976918948,0.1274825550187869,0.2549651100375738,
119,22.416800858829845,19.142512077294686,10.21202361782072,5.83064949006978,2.1403650026838434,30.52871712292002,6.340579710144928,2.5966183574879227,0.4092860976918948,0.1274825550187869,0.2549651100375738,
120,22.611379495437465,18.887546967257112,11.198336017176597,5.783682232957595,2.073268921095008,29.7638217928073,6.273483628556092,2.589908749329039,0.4092860976918948,0.1274825550187869,0.28180354267310787,
121,22.987117552334944,18.726516371443907,11.084272678475577,5.884326355340848,2.073268921095008,29.502147074610843,6.280193236714976,2.6502952227589907,0.4025764895330113,0.1274825550187869,0.28180354267310787,
122,23.43666129898014,18.53864734299517,10.869565217391305,5.897745571658615,2.1135265700483092,29.361245303274288,6.253354804079442,2.636876006441224,0.4830917874396135,0.1274825550187869,0.28180354267310787,
123,23.557434245840042,18.471551261406333,10.802469135802468,5.998389694041868,2.4154589371980677,29.012345679012345,6.213097155126141,2.6502952227589907,0.47638217928073,0.12077294685990338,0.28180354267310787,
124,23.825818572195384,18.35077831454643,11.419753086419753,5.984970477724101,2.771068169618894,27.905260332796566,6.1862587224906065,2.677133655394525,0.47638217928073,0.12077294685990338,0.28180354267310787,
125,23.993558776167472,18.243424584004295,11.453301127214171,6.072195383789587,2.804616210413312,27.72410091250671,6.099033816425121,2.6972624798711755,0.47638217928073,0.12077294685990338,0.3153515834675255,
126,23.825818572195384,18.109232420826622,11.439881910896403,8.588298443370908,2.791196994095545,26.02657004830918,5.978260869565218,2.328234031132582,0.47638217928073,0.12077294685990338,0.3153515834675255,
127,24.14117015566291,18.055555555555557,11.426462694578637,8.59500805152979,2.7509393451422435,25.85212023617821,5.964841653247451,2.3081052066559313,0.47638217928073,0.12077294685990338,0.30864197530864196,
128,24.402844873859365,18.02871712292002,11.392914653784219,8.561460010735374,2.757648953301127,25.717928073000536,5.9514224369296835,2.281266774020397,0.47638217928073,0.12077294685990338,0.30864197530864196,
129,24.550456253354803,17.94820182501342,11.18491680085883,8.715780998389693,2.757648953301127,25.43612453032743,6.233225979602791,2.2879763821792807,0.46967257112184646,0.12077294685990338,0.2952227589908749,
130,24.724906065485776,17.887815351583466,11.480139559849706,8.662104133118627,2.7844873859366612,25.10064412238325,6.213097155126141,2.2745571658615136,0.46967257112184646,0.12077294685990338,0.28180354267310787,
131,24.88593666129898,18.015297906602253,11.386205045625335,8.702361782071927,2.7643585614600106,24.932903918411164,6.179549114331723,2.2611379495437465,0.46967257112184646,0.12077294685990338,0.28180354267310787,
132,25.15432098765432,17.941492216854535,11.33923778851315,8.715780998389693,2.757648953301127,24.785292538915726,6.172839506172839,2.2611379495437465,0.46967257112184646,0.12077294685990338,0.28180354267310787,
133,25.147611379495437,17.277241009125067,11.29898013955985,8.601717659688674,2.6502952227589907,24.738325281803544,7.192699946323135,2.2208803005904456,0.46967257112184646,0.12077294685990338,0.28180354267310787,
134,24.248523886205046,19.0150295222759,11.198336017176597,8.581588835212024,2.5161030595813205,24.020397208803004,7.1725711218464845,2.3752012882447664,0.46967257112184646,0.12077294685990338,0.28180354267310787,
135,23.778851315083198,18.813741277509394,10.997047772410092,9.286097691894794,2.536231884057971,24.208266237251745,7.071926999463232,2.2879763821792807,0.6172839506172839,0.12077294685990338,0.28180354267310787,
136,23.65136876006441,18.766774020397207,10.815888352120236,9.219001610305957,2.5697799248523885,25.369028448738593,6.4412238325281805,2.2946859903381642,0.644122383252818,0.12077294685990338,0.10735373054213634,
137,23.852657004830917,18.632581857219538,10.782340311325818,9.29951690821256,2.657004830917874,25.181159420289855,6.427804616210413,2.2946859903381642,0.644122383252818,0.12077294685990338,0.10735373054213634,
138,24.10762211486849,18.54535695115405,10.755501878690284,9.265968867418144,2.657004830917874,25.06038647342995,6.4345142243692965,2.3081052066559313,0.6374127750939346,0.12077294685990338,0.10735373054213634,
139,24.510198604401502,18.42458400429415,10.681696188942565,9.219001610305957,2.6301663982823404,24.973161567364468,6.421095008051529,2.3081052066559313,0.6038647342995169,0.12077294685990338,0.10735373054213634,
140,24.751744498121308,18.243424584004295,10.68840579710145,9.198872785829307,2.690552871712292,24.88593666129898,6.394256575415996,2.314814814814815,0.6038647342995169,0.12077294685990338,0.10735373054213634,
141,24.302200751476114,18.04213633923779,11.735104669887278,9.252549651100376,3.4957058507783145,23.70504562533548,6.286902844873859,2.314814814814815,0.6374127750939346,0.12077294685990338,0.10735373054213634,
142,24.44310252281267,17.8743961352657,11.473429951690822,9.057971014492754,3.4688674181427803,24.268652710681696,6.273483628556092,2.301395598497048,0.6374127750939346,0.0939345142243693,0.10735373054213634,
143,24.792002147074612,17.827428878153516,11.372785829307569,9.004294149221685,3.4688674181427803,24.114331723027377,6.226516371443908,2.301395598497048,0.6910896403650026,0.0939345142243693,0.10735373054213634,
144,24.97987117552335,17.834138486312398,11.017176596886742,8.997584541062801,3.824476650563607,23.919753086419753,6.199677938808374,2.3550724637681157,0.6709608158883521,0.0939345142243693,0.10735373054213634,
145,25.234836285560924,17.74020397208803,10.943370907139023,9.024422973698336,3.851315083199141,23.678207192699947,6.1929683306494905,2.462426194310252,0.6709608158883521,0.0939345142243693,0.10735373054213634,
146,25.194578636607623,17.458400429414922,11.198336017176597,9.151905528717123,3.8311862587224907,23.65136876006441,6.233225979602791,2.4557165861513686,0.6508319914117016,0.06709608158883522,0.10735373054213634,
147,25.09393451422437,17.297369833601717,11.044015029522276,9.185453569511541,3.6366076221148687,24.013687600644122,6.300322061191626,2.6033279656468062,0.6508319914117016,0.06709608158883522,0.10735373054213634,
148,25.02012882447665,16.700214707461082,11.238593666129898,9.091519055287172,3.455448201825013,24.872517444981213,6.253354804079442,2.5429414922168547,0.6508319914117016,0.06709608158883522,0.10735373054213634,
149,24.48336017176597,16.404991948470208,10.950080515297907,8.494363929146537,3.603059581320451,26.549919484702095,6.172839506172839,2.5295222758990876,0.6374127750939346,0.06709608158883522,0.10735373054213634,
150,23.845947396672035,15.49248523886205,9.668545356951155,8.420558239398819,3.5762211486849167,29.47530864197531,6.119162640901771,2.5563607085346214,0.6374127750939346,0.06709608158883522,0.14090177133655393,
151,24.074074074074073,15.237520128824476,9.668545356951155,8.32662372517445,3.8043478260869565,29.367954911433173,6.119162640901771,2.5563607085346214,0.6374127750939346,0.06709608158883522,0.14090177133655393,
152,24.4296833064949,15.230810520665592,9.655126140633387,8.279656468062266,3.730542136339238,29.200214707461082,6.099033816425121,2.5563607085346214,0.6105743424584005,0.06709608158883522,0.14090177133655393,
153,24.610842726784757,15.163714439076758,9.614868491680086,8.333333333333334,3.770799785292539,29.045893719806763,6.0587761674718195,2.5831991411701556,0.6105743424584005,0.06709608158883522,0.14090177133655393,
154,24.67793880837359,15.123456790123457,9.567901234567902,8.272946859903382,4.804079441760601,28.529253891572733,5.984970477724101,2.2410091250670963,0.5904455179817498,0.06709608158883522,0.14090177133655393,
155,24.731615673644658,15.076489533011273,9.54777241009125,8.293075684380032,4.884594739667204,28.415190552871714,6.011808910359635,2.2410091250670963,0.5904455179817498,0.06709608158883522,0.14090177133655393,
156,24.771873322597962,14.935587761674718,9.46725711218465,8.433977455716587,4.918142780461621,28.20048309178744,6.0587761674718195,2.38191089640365,0.5904455179817498,0.06709608158883522,0.17444981213097155,
157,24.65780998389694,14.841653247450349,9.205582393988191,8.433977455716587,4.783950617283951,28.958668813741276,5.877616747181965,2.408749329039184,0.5904455179817498,0.06709608158883522,0.17444981213097155,
158,24.771873322597962,14.761137949543746,9.185453569511541,8.427267847557703,4.8376274825550185,28.911701556629094,5.870907139023081,2.4020397208803006,0.5904455179817498,0.06709608158883522,0.17444981213097155,
159,24.65780998389694,14.761137949543746,10.50053676865271,8.3467525496511,4.783950617283951,27.985775630703166,5.743424584004294,2.4154589371980677,0.5904455179817498,0.06709608158883522,0.14761137949543746,
160,24.818840579710145,14.727589908749328,10.218733225979603,8.252818035426731,4.683306494900698,27.65029522275899,6.461352657004831,2.38191089640365,0.5904455179817498,0.06709608158883522,0.14761137949543746,
161,25.006709608158882,14.606816961889425,10.218733225979603,8.433977455716587,4.683306494900698,27.38191089640365,6.494900697799249,2.38191089640365,0.5904455179817498,0.05367686527106817,0.14761137949543746,
162,24.97987117552335,14.593397745571659,10.158346752549651,9.426999463231347,4.636339237788513,26.583467525496513,6.494900697799249,2.301395598497048,0.6038647342995169,0.07380568974771873,0.14761137949543746,
163,24.765163714439076,14.506172839506172,10.151637144390767,10.399892646269459,4.723564143853999,25.657541599570585,6.535158346752549,2.2611379495437465,0.6038647342995169,0.24825550187869028,0.14761137949543746,
164,24.44310252281267,14.412238325281804,9.681964573268921,10.373054213633925,4.696725711218465,26.77133655394525,6.4412238325281805,2.1940418679549114,0.5904455179817498,0.24825550187869028,0.14761137949543746,
165,24.362587224906065,14.210950080515298,9.588030059044552,10.399892646269459,5.22007514761138,26.583467525496513,6.454643048845948,2.1940418679549114,0.5904455179817498,0.24825550187869028,0.14761137949543746,
166,24.55716586151369,14.11701556629093,9.541062801932368,10.507246376811594,5.199946323134729,26.482823403113258,6.427804616210413,2.1806226516371443,0.5904455179817498,0.24825550187869028,0.14761137949543746,
167,24.54374664519592,13.976113794954374,9.380032206119163,10.507246376811594,5.58239398819109,26.27482555018787,6.387546967257112,2.328234031132582,0.5703166935050993,0.2281266774020397,0.2214170692431562,
168,24.765163714439076,13.969404186795492,9.31964573268921,10.44015029522276,5.58239398819109,26.214439076757916,6.407675791733762,2.328234031132582,0.5233494363929146,0.2281266774020397,0.2214170692431562,
169,25.05367686527107,13.942565754159958,9.292807300053678,10.36634460547504,5.515297906602254,26.207729468599034,6.427804616210413,2.2342995169082127,0.5099302200751477,0.2281266774020397,0.2214170692431562,
170,24.879227053140095,13.942565754159958,9.225711218464841,10.299248523886206,5.4616210413311865,26.717659688674182,6.280193236714976,2.2074610842726785,0.5099302200751477,0.2281266774020397,0.24825550187869028,
171,25.067096081588836,13.935856146001074,9.192163177670425,10.332796564680622,5.448201825013419,26.549919484702095,6.253354804079442,2.2342995169082127,0.5099302200751477,0.2281266774020397,0.24825550187869028,
172,25.429414922168544,13.875469672571121,9.131776704240472,10.205314009661835,5.414653784219001,26.435856146001072,6.266774020397209,2.227589908749329,0.5434782608695652,0.2214170692431562,0.24825550187869028,
173,25.046967257112186,13.841921631776705,8.984165324745035,10.25228126677402,5.052334943639291,26.02657004830918,7.615405260332796,2.214170692431562,0.5434782608695652,0.2214170692431562,0.20128824476650564,
174,25.161030595813205,13.801663982823403,8.890230810520666,10.265700483091788,4.9651100375738055,25.946054750402578,7.64224369296833,2.2074610842726785,0.7179280730005367,0.2214170692431562,0.18115942028985507,
175,25.107353730542137,13.667471819645733,8.78287707997853,10.144927536231885,5.421363392377885,25.483091787439612,8.11862587224906,2.1269457863660763,0.7514761137949544,0.2214170692431562,0.17444981213097155,
176,25.261674718196456,13.654052603327965,8.80300590445518,10.258990874932904,5.407944176060118,25.254965110037574,8.105206655931294,2.1068169618894257,0.7514761137949544,0.2214170692431562,0.17444981213097155,
177,25.503220611916262,13.613794954374665,8.682232957595277,10.245571658615138,5.381105743424584,25.06038647342995,8.252818035426731,2.1135265700483092,0.7514761137949544,0.2214170692431562,0.17444981213097155,
178,25.697799248523886,13.519860440150294,8.668813741277509,10.218733225979603,5.401234567901234,24.993290391841118,8.246108427267847,2.120236178207193,0.7380568974771873,0.2214170692431562,0.17444981213097155,
179,26.019860440150296,13.459473966720344,8.668813741277509,10.178475577026301,5.374396135265701,24.879227053140095,8.199141170155663,2.086688137412775,0.7380568974771873,0.2214170692431562,0.17444981213097155,
180,26.127214170692433,13.45276435856146,8.608427267847558,10.084541062801932,5.387815351583468,24.872517444981213,8.192431561996779,2.100107353730542,0.7783145464304885,0.2214170692431562,0.17444981213097155,
181,26.113794954374665,13.325281803542673,8.816425120772946,10.34621578099839,5.387815351583468,24.731615673644658,8.017981749865807,2.1269457863660763,0.7380568974771873,0.2214170692431562,0.17444981213097155,
182,26.160762211486848,13.278314546430488,8.729200214707461,9.997316156736447,5.434782608695652,24.235104669887278,8.910359634997317,2.1403650026838434,0.7179280730005367,0.2214170692431562,0.17444981213097155,
183,26.40901771336554,13.123993558776167,8.695652173913043,10.0979602791197,5.441492216854535,24.10091250670961,8.82313472893183,2.1940418679549114,0.7179280730005367,0.2214170692431562,0.17444981213097155,
184,26.27482555018787,12.855609232420827,8.641975308641975,9.98389694041868,6.132581857219538,23.93317230273752,8.923778851315083,2.147074610842727,0.7112184648416533,0.2214170692431562,0.17444981213097155,
185,26.227858293075684,12.694578636607622,9.460547504025765,9.594739667203436,6.099033816425121,23.845947396672035,8.950617283950617,2.1604938271604937,0.6709608158883521,0.12077294685990338,0.17444981213097155,
186,24.67793880837359,21.101717659688674,8.702361782071927,9.145195920558239,5.092592592592593,19.545088566827697,8.796296296296296,2.086688137412775,0.5770263016639828,0.12077294685990338,0.15432098765432098,
187,24.859098228663445,19.981213097155127,8.702361782071927,10.319377348362856,5.059044551798175,19.350509930220074,8.769457863660762,2.120236178207193,0.5636070853462157,0.12077294685990338,0.15432098765432098,
188,25.0402576489533,19.91411701556629,8.702361782071927,10.265700483091788,5.072463768115942,19.290123456790123,8.715780998389693,2.120236178207193,0.6038647342995169,0.12077294685990338,0.15432098765432098,
189,24.053945249597422,19.51825013419216,13.519860440150294,9.373322597960279,4.944981213097155,17.277241009125067,8.608427267847558,1.8451422436929683,0.5837359098228664,0.12077294685990338,0.15432098765432098,
190,23.778851315083198,19.35721953837896,13.056897477187333,9.796027911969942,5.186527106816962,16.6935050993022,9.339774557165862,1.7914653784219001,0.6105743424584005,0.20799785292538917,0.18115942028985507,
191,23.792270531400966,19.129092860976918,12.620772946859903,9.742351046698873,5.10601180891036,17.55233494363929,9.078099838969404,1.8048845947396672,0.6776704240472357,0.3153515834675255,0.18115942028985507,
192,24.12104133118626,18.71309715512614,12.392646269457863,9.702093397745571,5.038915727321524,17.042404723564143,9.977187332259795,1.8384326355340848,0.6776704240472357,0.3153515834675255,0.18115942028985507,
193,24.241814278046164,18.679549114331724,12.385936661298981,9.681964573268921,5.2066559312936125,16.908212560386474,9.876543209876543,1.8115942028985508,0.6776704240472357,0.3153515834675255,0.2147074610842727,
194,24.4699409554482,18.38432635534085,12.587224906065487,9.86983360171766,5.179817498658078,16.59957058507783,9.863123993558776,1.8384326355340848,0.6776704240472357,0.3153515834675255,0.2147074610842727,
