,45,50,51,55,53,52,54,56
0,99.93961352657004,0.06038647342995169,,,,,,
1,99.93961352657004,0.06038647342995169,,,,,,
2,99.93961352657004,0.06038647342995169,,,,,,
3,99.93961352657004,0.06038647342995169,,,,,,
4,99.27536231884058,0.7246376811594203,,,,,,
5,90.68706387546968,9.312936124530328,,,,,,
6,90.74745034889962,9.252549651100376,,,,,,
7,90.74745034889962,9.252549651100376,,,,,,
8,90.33816425120773,8.910359634997317,0.7514761137949544,,,,,
9,88.78824476650564,10.46027911969941,0.7514761137949544,,,,,
10,73.33601717659688,25.91250670960816,0.7514761137949544,,,,,
11,73.49033816425121,25.758185721953836,0.7514761137949544,,,,,
12,58.3064949006978,41.156736446591516,0.43612453032742887,0.10064412238325282,,,,
13,58.581588835212024,40.33816425120773,0.4227053140096618,0.6575415995705851,,,,
14,58.32662372517445,39.392109500805155,1.6908212560386473,0.5904455179817498,,,,
15,58.293075684380035,39.42565754159957,1.6908212560386473,0.5904455179817498,,,,
16,57.420826623725176,40.29790660225443,1.6908212560386473,0.5904455179817498,,,,
17,56.353998926462694,41.08964036500269,1.583467525496511,0.8789586688137413,0.0939345142243693,,,
18,56.29361245303274,40.673644659151904,2.059849704777241,0.8789586688137413,0.0939345142243693,,,
19,56.38083735909823,40.61996779388084,2.059849704777241,0.8454106280193237,0.0939345142243693,,,
20,42.60601180891036,52.74422973698336,2.033011272141707,0.8454106280193237,0.08722490606548577,1.6841116478797638,,
21,42.632850241545896,52.32823403113258,2.006172839506173,1.0064412238325282,0.08722490606548577,1.9390767579173376,,
22,42.58588298443371,52.442297369833604,1.9793344068706387,1.0064412238325282,0.08722490606548577,1.8988191089640365,,
23,42.73349436392915,52.261137949543745,1.9659151905528718,0.9796027911969941,0.08722490606548577,1.9726247987117553,,
24,42.68652710681696,51.918947933440684,1.932367149758454,0.9594739667203436,0.08722490606548577,1.9726247987117553,0.4428341384863124,
25,42.04240472356415,49.69806763285024,5.71658615136876,0.9594739667203436,0.08722490606548577,1.0534084809447128,0.4428341384863124,
26,38.821792807300056,53.92512077294686,5.35426731078905,0.9326355340848095,0.08722490606548577,0.43612453032742887,0.4428341384863124,
27,39.21765968867418,53.455448201825014,5.35426731078905,1.0064412238325282,0.08722490606548577,0.43612453032742887,0.4428341384863124,
28,39.412238325281805,50.657541599570585,5.35426731078905,2.100107353730542,0.08722490606548577,0.43612453032742887,1.9524959742351047,
29,38.6406333870102,50.06038647342995,6.749865807836822,2.100107353730542,0.08722490606548577,0.43612453032742887,1.9256575415995705,
30,38.85534084809447,49.91277509393451,6.723027375201288,2.086688137412775,0.08722490606548577,0.43612453032742887,1.8988191089640365,
31,39.10359634997316,49.684648416532475,6.723027375201288,2.0665593129361244,0.08722490606548577,0.43612453032742887,1.8988191089640365,
32,39.55984970477724,49.302200751476114,6.649221685453569,2.0665593129361244,0.08722490606548577,0.43612453032742887,1.8988191089640365,
33,39.93558776167472,48.960010735373054,6.615673644659152,2.0665593129361244,0.08722490606548577,0.43612453032742887,1.8988191089640365,
34,40.19055287171229,47.26918947933441,6.602254428341385,3.515834675254965,0.08722490606548577,0.43612453032742887,1.8988191089640365,
35,40.445517981749866,45.611916264090176,6.568706387546968,4.9651100375738055,0.08722490606548577,0.43612453032742887,1.8853998926462694,
36,37.734836285560924,36.67471819645733,19.83360171765969,3.44873859366613,0.08722490606548577,0.35560923242082665,1.865271068169619,
37,36.45330112721417,36.18491680085883,19.45115405260333,3.44873859366613,0.08722490606548577,2.1739130434782608,2.200751476113795,
38,36.65458937198068,36.111111111111114,19.35721953837896,3.421900161030596,0.08722490606548577,2.167203435319377,2.200751476113795,
39,37.204777241009126,35.98362855609233,18.94122383252818,3.4151905528717124,0.08722490606548577,2.167203435319377,2.200751476113795,
40,37.3389694041868,35.909822866344605,18.719806763285025,3.5762211486849167,0.08722490606548577,2.167203435319377,2.200751476113795,
41,33.15888352120236,28.75067096081589,28.16022544283414,2.844873859366613,0.08722490606548577,5.025496511003757,1.9726247987117553,
42,31.105743424584006,27.15378421900161,31.716317767042405,2.844873859366613,0.08722490606548577,5.119431025228127,1.9726247987117553,
43,31.622383252818036,26.92565754159957,31.44122383252818,2.844873859366613,0.08722490606548577,5.10601180891036,1.9726247987117553,
44,31.588835212023618,27.20746108427268,31.30703166935051,2.818035426731079,0.08722490606548577,5.018786902844874,1.9726247987117553,
45,28.012614063338702,24.154589371980677,37.84219001610306,2.7777777777777777,0.08722490606548577,5.018786902844874,1.9256575415995705,0.18115942028985507
46,28.267579173376276,23.805689747718734,37.17793880837359,3.603059581320451,0.08722490606548577,4.951690821256038,1.9256575415995705,0.18115942028985507
47,28.569511540526033,23.70504562533548,37.03703703703704,3.589640365002684,0.08722490606548577,4.904723564143854,1.9256575415995705,0.18115942028985507
48,28.187063875469672,22.705314009661837,37.37251744498121,2.314814814814815,2.4355877616747184,4.904723564143854,1.8988191089640365,0.18115942028985507
49,25.013419216317768,23.792270531400966,37.23161567364466,2.314814814814815,1.9592055823939882,7.615405260332796,1.892109500805153,0.18115942028985507
50,25.39586688137413,23.483628556092324,36.99677938808374,2.281266774020397,1.9457863660762211,7.541599570585078,2.1739130434782608,0.18115942028985507
51,25.99302200751476,23.22866344605475,36.70155662909286,2.2342995169082127,1.9256575415995705,7.266505636070853,2.1739130434782608,0.47638217928073
52,26.214439076757916,23.141438539989263,36.61433172302738,2.1806226516371443,1.8988191089640365,7.192699946323135,2.281266774020397,0.47638217928073
53,26.482823403113258,22.805958132045088,36.480139559849704,2.1806226516371443,1.8988191089640365,7.051798174986581,2.623456790123457,0.47638217928073
54,26.78475577026302,22.457058507783145,34.96376811594203,2.254428341384863,1.8786902844873858,8.621846484165324,2.563070316693505,0.47638217928073
55,27.4422973698336,22.356414385399894,34.252549651100374,2.187332259796028,1.8518518518518519,8.53462157809984,2.898550724637681,0.47638217928073
56,27.737520128824478,22.148416532474503,33.93719806763285,2.1604938271604937,2.086688137412775,8.514492753623188,2.9388083735909825,0.47638217928073
57,27.985775630703166,22.094739667203434,33.81642512077295,2.1604938271604937,2.086688137412775,8.474235104669887,2.9052603327965647,0.47638217928073
58,28.502415458937197,21.906870638754697,33.60842726784756,2.13365539452496,2.0531400966183573,8.413848631239935,2.9052603327965647,0.47638217928073
59,28.804347826086957,21.85990338164251,33.44739667203435,2.0933977455716586,2.0263016639828235,8.387010198604402,2.9052603327965647,0.47638217928073
60,29.066022544283413,21.66532474503489,33.01798174986581,2.4892646269457863,2.0128824476650564,8.165593129361245,3.1065485775630703,0.47638217928073
61,29.388083735909824,21.598228663446054,32.870370370370374,2.462426194310252,1.9927536231884058,8.158883521202362,3.079710144927536,0.4495437466451959
62,29.59608158883521,21.537842190016104,32.776435856146,2.462426194310252,1.9659151905528718,8.132045088566828,3.079710144927536,0.4495437466451959
63,29.61621041331186,21.672034353193773,32.729468599033815,2.462426194310252,1.9659151905528718,8.051529790660226,3.052871712292002,0.4495437466451959
64,28.75738056897477,21.07487922705314,32.56843800322061,2.4557165861513686,1.9659151905528718,8.044820182501342,3.3145464304884595,1.8183038110574343
65,29.032474503488995,20.913848631239937,32.48792270531401,2.4557165861513686,1.9659151905528718,8.044820182501342,3.3145464304884595,1.7847557702630166
66,28.951959205582394,20.088566827697264,31.64922168545357,2.4557165861513686,1.9659151905528718,7.890499194847021,5.213365539452496,1.7847557702630166
67,29.274020397208805,19.994632313472895,31.528448738593667,2.4355877616747184,1.9524959742351047,7.836822329575953,5.193236714975845,1.7847557702630166
68,29.11969940955448,18.988191089640367,30.73671497584541,2.428878153515835,2.885131508319914,9.272678475577026,4.99194847020934,1.5767579173376274
69,29.435050993022006,18.98148148148148,29.64975845410628,2.428878153515835,2.8113258185721954,9.225711218464841,5.891035963499732,1.5767579173376274
70,29.17337627482555,18.80703166935051,30.19994632313473,2.428878153515835,2.7979066022544283,9.198872785829307,5.837359098228664,1.556629092860977
71,29.69001610305958,18.67283950617284,30.152979066022546,2.38191089640365,2.791196994095545,9.037842190016104,5.743424584004294,1.5297906602254427
72,29.394793344068706,17.223564143854,30.783682232957595,3.9049919484702094,2.791196994095545,8.863392377885132,5.743424584004294,1.2949543746645196
73,29.73027375201288,17.196725711218466,30.50187869028449,3.8915727321524423,2.791196994095545,8.849973161567364,5.743424584004294,1.2949543746645196
74,29.99194847020934,16.358024691358025,30.407944176060116,3.797638217928073,2.7777777777777777,8.628556092324208,6.776704240472356,1.261406333870102
75,30.07246376811594,16.532474503488995,30.340848094471284,3.797638217928073,2.7777777777777777,8.467525496511003,6.749865807836822,1.261406333870102
76,29.683306494900698,17.10950080515298,30.253623188405797,3.784219001610306,2.7777777777777777,8.460815888352121,6.709608158883521,1.221148684916801
77,30.139559849704778,17.028985507246375,29.998658078368223,3.784219001610306,2.7777777777777777,8.433977455716587,6.615673644659152,1.221148684916801
78,30.3743961352657,17.01556629092861,29.830917874396135,3.784219001610306,2.7777777777777777,8.400429414922169,6.595544820182502,1.221148684916801
79,29.69001610305958,16.398282340311326,29.53569511540526,3.7037037037037037,1.9256575415995705,12.359098228663447,5.166398282340311,1.221148684916801
80,29.918142780461622,16.358024691358025,29.2337627482555,3.878153515834675,1.9256575415995705,12.298711755233494,5.166398282340311,1.221148684916801
81,30.12614063338701,16.297638217928075,29.09957058507783,3.8714439076757916,1.9256575415995705,12.298711755233494,5.166398282340311,1.2144390767579174
82,28.37493290391841,25.10064412238325,23.544015029522274,3.844605475040258,1.892109500805153,11.3191089640365,4.898013955984971,1.0265700483091786
83,27.563070316693505,24.711486849168008,24.758454106280194,3.844605475040258,1.892109500805153,11.252012882447666,4.703435319377348,1.2748255501878691
84,27.576489533011273,23.61111111111111,24.62426194310252,3.8177670424047236,1.892109500805153,12.52012882447665,4.62962962962963,1.328502415458937
85,27.509393451422437,23.409822866344605,24.114331723027377,4.931561996779388,1.8853998926462694,12.5,4.40150295222759,1.247987117552335
86,27.885131508319915,23.295759527643586,23.98684916800859,4.924852388620504,1.8853998926462694,12.258454106280194,4.51556629092861,1.247987117552335
87,28.28099838969404,23.18840579710145,23.67149758454106,5.01207729468599,1.8853998926462694,12.124261943102523,4.5893719806763285,1.247987117552335
88,28.133387010198604,22.12157809983897,23.60440150295223,4.830917874396135,3.569511540526033,12.070585077831455,4.448470209339774,1.221148684916801
89,28.415190552871714,21.994095544820183,23.55072463768116,4.830917874396135,3.569511540526033,12.00348899624262,4.414922168545357,1.221148684916801
90,28.743961352657006,21.89345142243693,23.470209339774556,4.783950617283951,3.5426731078904994,11.963231347289318,4.388083735909823,1.2144390767579174
91,28.951959205582394,21.71900161030596,23.242082662372518,4.998658078368224,3.535963499731616,12.184648416532475,4.186795491143317,1.1808910359634996
92,29.045893719806763,21.38352120236178,23.805689747718734,4.978529253891573,3.475577026301664,12.077294685990339,4.106280193236715,1.1272141706924315
93,29.280730005367687,21.32313472893183,23.72517444981213,4.978529253891573,3.475577026301664,12.030327428878154,4.05931293612453,1.1272141706924315
94,29.522275899087493,21.215780998389693,23.67149758454106,4.9651100375738055,3.4420289855072466,11.902844873859367,4.1532474503489,1.1272141706924315
95,30.173107890499196,21.07487922705314,23.47691894793344,4.904723564143854,3.408480944712829,11.721685453569512,4.119699409554482,1.1205045625335481
96,30.24020397208803,20.86688137412775,23.221953837895867,5.555555555555555,3.408480944712829,11.473429951690822,4.1129898013955986,1.1205045625335481
97,30.44820182501342,20.799785292538918,23.121309715512613,5.535426731078905,3.408480944712829,11.453301127214171,4.1129898013955986,1.1205045625335481
98,30.340848094471284,20.69243156199678,22.302737520128826,4.898013955984971,5.287171229200215,11.33923778851315,4.05931293612453,1.0802469135802468
99,30.589103596349972,20.564949006977994,22.007514761137948,4.804079441760601,5.260332796564681,11.305689747718732,4.388083735909823,1.0802469135802468
100,30.770263016639827,20.544820182501343,21.62506709608159,4.797369833601718,5.186527106816962,11.285560923242082,4.7101449275362315,1.0802469135802468
101,30.870907139023082,20.699141170155663,21.43719806763285,4.770531400966184,5.166398282340311,11.252012882447666,4.750402576489533,1.0534084809447128
102,31.132581857219538,20.558239398819108,21.3768115942029,4.74369296833065,5.166398282340311,11.245303274288782,4.723564143853999,1.0534084809447128
103,31.4345142243693,20.497852925389157,21.24261943102523,4.74369296833065,5.166398282340311,11.231884057971014,4.656468062265164,1.0265700483091786
104,31.736446591519055,20.336822329575952,21.20907139023081,4.7168545356951155,5.146269457863661,11.171497584541063,4.656468062265164,1.0265700483091786
105,30.17981749865808,19.41760601180891,25.214707461084274,4.233762748255502,4.998658078368224,10.272410091250672,4.656468062265164,1.0265700483091786
106,30.307300053676865,19.33709071390231,25.167740203972087,4.146537842190016,4.985238862050457,10.373054213633925,4.656468062265164,1.0265700483091786
107,30.226784755770264,19.162640901771336,24.758454106280194,4.40150295222759,4.891304347826087,11.3593666129898,4.38137412775094,0.8185721953837896
108,30.54884594739667,19.102254428341386,24.684648416532475,4.320987654320987,4.891304347826087,11.29898013955985,4.334406870638754,0.8185721953837896
109,30.589103596349972,19.00161030595813,24.40955448201825,3.8043478260869565,4.891304347826087,12.412775093934513,4.072732152442297,0.8185721953837896
110,31.01851851851852,18.914385399892645,24.27536231884058,3.7573805689747717,4.864465915190553,12.359098228663447,3.992216854535695,0.8185721953837896
111,30.159688674181428,18.659420289855074,24.711486849168008,3.3413848631239937,5.924584004294149,12.211486849168008,4.17337627482555,0.8185721953837896
112,30.475040257648953,18.572195383789587,24.59742351046699,3.294417606011809,5.897745571658615,12.184648416532475,4.159957058507783,0.8185721953837896
113,30.763553408480945,18.51851851851852,24.56387546967257,3.294417606011809,5.870907139023081,12.010198604401502,4.159957058507783,0.8185721953837896
114,31.146001073537306,18.02871712292002,24.416264090177133,3.6902844873859366,5.844068706387547,11.916264090177133,4.139828234031133,0.8185721953837896
115,30.931293612453032,17.54562533548041,23.93317230273752,3.1535158346752548,7.541599570585078,12.030327428878154,4.045893719806763,0.8185721953837896
116,31.293612453032743,17.458400429414922,23.765432098765434,3.1535158346752548,7.501341921631776,12.016908212560386,3.992216854535695,0.8185721953837896
117,31.387546967257112,17.344337090713903,23.68491680085883,3.2340311325818574,7.48792270531401,12.27187332259796,3.7775093934514223,0.8118625872249061
118,31.682769726247987,17.330917874396135,23.564143853998928,3.2139023081052067,7.4208266237251745,12.245034889962426,3.730542136339238,0.8118625872249061
119,32.058507783145465,17.384594739667204,23.315888352120236,3.1870638754696725,7.39398819108964,12.157809983896941,3.6902844873859366,0.8118625872249061
120,32.22624798711755,17.324208266237253,23.282340311325818,3.1602254428341383,7.387278582930757,12.130971551261407,3.6902844873859366,0.798443370907139
121,32.360440150295226,17.163177670424048,23.181696188942567,3.1333870101986045,7.347020933977456,12.117552334943639,3.898282340311326,0.798443370907139
122,32.48792270531401,17.08937198067633,22.81266774020397,3.5829307568438002,7.246376811594203,12.084004294149223,3.898282340311326,0.798443370907139
123,32.78314546430489,17.062533548040793,22.6784755770263,3.5292538915727323,7.219538378958669,12.030327428878154,3.898282340311326,0.798443370907139
124,32.90391841116479,17.022275899087493,22.450348899624263,3.7372517444981215,7.0450885668276975,11.990069779924852,4.052603327965647,0.798443370907139
125,32.809983896940416,16.525764895330113,22.48389694041868,3.683574879227053,7.004830917874396,12.607353730542137,3.978797638217928,0.9057971014492754
126,32.98443370907139,16.438539989264626,22.450348899624263,3.6634460547504024,7.004830917874396,12.600644122383253,3.9519592055823938,0.9057971014492754
127,33.15217391304348,16.378153515834676,22.423510466988727,3.656736446591519,6.971282877079979,12.567096081588835,3.9452495974235107,0.9057971014492754
128,32.52147074610843,16.14331723027375,22.148416532474503,3.5292538915727323,6.367418142780462,14.660493827160494,3.730542136339238,0.8990874932903918
129,32.326892109500804,15.995705850778315,21.631776704240472,4.414922168545357,6.3070316693505095,14.51959205582394,3.9049919484702094,0.8990874932903918
130,32.48792270531401,15.942028985507246,21.517713365539453,4.49543746645196,6.293612453032743,14.459205582393988,3.9049919484702094,0.8990874932903918
131,32.57514761137949,15.854804079441761,21.443907675791735,4.455179817498658,6.280193236714976,14.358561460010735,4.133118625872249,0.8990874932903918
132,32.46779388083736,15.573000536768653,21.007783145464305,4.414922168545357,6.172839506172839,14.27133655394525,5.193236714975845,0.8990874932903918
133,32.709339774557165,15.559581320450885,20.92055823939882,4.414922168545357,6.172839506172839,14.13714439076758,5.186527106816962,0.8990874932903918
134,32.94417606011809,15.519323671497585,20.833333333333332,4.408212560386473,6.139291465378422,14.070048309178745,5.186527106816962,0.8990874932903918
135,32.90391841116479,15.297906602254429,20.725979602791195,4.690016103059581,6.031937734836285,14.264626945786366,5.186527106816962,0.8990874932903918
136,33.1454643048846,15.210681696188942,20.645464304884594,4.690016103059581,6.018518518518518,14.237788513150832,5.173107890499195,0.8789586688137413
137,33.41384863123994,15.190552871712292,20.578368223295758,4.663177670424047,5.978260869565218,14.143853998926463,5.152979066022544,0.8789586688137413
138,33.12533548040794,15.143585614600108,21.806226516371442,4.528985507246377,5.3341384863123995,14.056629092860977,5.152979066022544,0.8521202361782072
139,33.25281803542673,15.103327965646805,21.34326355340848,4.40150295222759,5.300590445517981,14.016371443907676,5.730005367686527,0.8521202361782072
140,33.41384863123994,15.063070316693505,21.215780998389693,4.40150295222759,5.723295759527644,13.848631239935587,5.481749865807837,0.8521202361782072
141,33.63526570048309,14.99597423510467,21.175523349436393,4.341116478797638,5.703166935050993,13.828502415458937,5.46833064949007,0.8521202361782072
142,33.803005904455176,14.834943639291465,21.30300590445518,4.361245303274289,5.669618894256575,13.734567901234568,5.46833064949007,0.8252818035426731
143,34.15190552871712,14.673913043478262,21.26945786366076,4.361245303274289,5.649490069779925,13.633923778851315,5.434782608695652,0.8252818035426731
144,34.265968867418145,14.506172839506172,21.22920021470746,4.327697262479871,5.307300053676865,14.244498121309716,5.293880837359098,0.8252818035426731
145,34.4873859366613,14.479334406870638,21.18894256575416,4.30756843800322,5.280461621041331,14.170692431561998,5.260332796564681,0.8252818035426731
146,34.54106280193237,13.754696725711218,21.101717659688674,5.320719269994632,5.179817498658078,14.130434782608695,5.146269457863661,0.8252818035426731
147,34.43370907139023,13.687600644122384,20.397208803005906,5.307300053676865,5.152979066022544,14.016371443907676,6.280193236714976,0.7246376811594203
148,34.66854535695116,13.600375738056897,20.343531937734838,5.300590445517981,5.146269457863661,13.962694578636608,6.253354804079442,0.7246376811594203
149,34.45383789586688,13.278314546430488,20.202630166398283,5.233494363929147,5.038915727321524,14.875201288244767,6.1929683306494905,0.7246376811594203
150,34.62157809983897,13.217928073000536,20.101986044015028,5.233494363929147,5.038915727321524,14.868491680085883,6.1929683306494905,0.7246376811594203
151,34.74906065485776,13.345410628019323,20.02818035426731,5.22007514761138,4.931561996779388,14.80810520665593,6.1929683306494905,0.7246376811594203
152,35.23215244229737,13.298443370907139,19.880568974771872,5.12614063338701,4.898013955984971,14.794685990338165,6.045356951154052,0.7246376811594203
153,35.38647342995169,13.278314546430488,19.85373054213634,5.112721417069243,4.898013955984971,14.714170692431562,6.031937734836285,0.7246376811594203
154,35.89640365002684,13.197799248523886,19.64573268921095,5.065754159957058,4.864465915190553,14.620236178207193,5.984970477724101,0.7246376811594203
155,36.131239935587764,13.144122383252817,19.363929146537842,5.065754159957058,4.8443370907139025,14.55984970477724,6.166129898013956,0.7246376811594203
156,36.25872249060655,13.123993558776167,19.32367149758454,5.065754159957058,4.804079441760601,14.546430488459475,6.152710681696189,0.7246376811594203
157,36.580783682232955,13.110574342458401,19.11567364465915,5.059044551798175,4.777241009125067,14.459205582393988,6.0587761674718195,0.8387010198604401
158,36.70826623725174,13.110574342458401,19.04186795491143,5.032206119162641,4.777241009125067,14.452495974235104,6.052066559312936,0.8252818035426731
159,36.8491680085883,13.050187869028449,19.008319914117017,4.998658078368224,4.7101449275362315,14.412238325281804,6.038647342995169,0.9326355340848095
160,37.164519592055825,12.983091787439614,18.90096618357488,4.998658078368224,4.696725711218465,14.345142243692969,5.978260869565218,0.9326355340848095
161,37.33225979602791,12.869028448738593,18.80703166935051,4.998658078368224,4.824208266237251,14.298174986580785,5.938003220611916,0.9326355340848095
162,34.58803005904455,22.67176596886742,18.57890499194847,4.361245303274289,2.9723564143853998,10.983628556092324,5.018786902844874,0.8252818035426731
163,34.19887278582931,22.014224369296834,18.38432635534085,4.341116478797638,2.952227589908749,12.5402576489533,4.817498658078368,0.7514761137949544
164,34.35319377348363,21.926999463231347,18.364197530864196,4.341116478797638,2.945517981749866,12.506709608158884,4.810789049919484,0.7514761137949544
165,34.60144927536232,21.85319377348363,18.35077831454643,4.327697262479871,2.945517981749866,12.432903918411165,4.736983360171766,0.7514761137949544
166,34.80273752012882,21.79951690821256,18.323939881910896,4.314278046162104,2.9119699409554483,12.392646269457863,4.703435319377348,0.7514761137949544
167,35.23215244229737,21.591519055287172,18.089103596349972,4.5893719806763285,2.9119699409554483,12.198067632850242,4.636339237788513,0.7514761137949544
168,35.487117552334944,21.611647879763822,18.055555555555557,4.549114331723027,2.871712292002147,12.104133118625873,4.569243156199678,0.7514761137949544
169,35.28582930756844,21.631776704240472,17.8743961352657,4.549114331723027,3.4822866344605474,12.097423510466989,4.51556629092861,0.5636070853462157
170,35.53408480944713,21.55126140633387,17.780461621041333,4.508856682769726,3.7037037037037037,11.862587224906065,4.49543746645196,0.5636070853462157
171,35.80246913580247,21.470746108427267,17.673107890499196,4.508856682769726,3.7775093934514223,11.714975845410628,4.488727858293076,0.5636070853462157
172,35.42002147074611,21.256038647342994,17.357756307031668,4.367954911433173,4.757112184648417,11.802200751476114,4.4753086419753085,0.5636070853462157
173,35.72866344605475,21.068169618894256,17.324208266237253,4.3545356951154055,4.723564143853999,11.79549114331723,4.441760601180891,0.5636070853462157
174,35.76221148684917,21.088298443370906,17.297369833601717,4.3545356951154055,4.723564143853999,11.768652710681696,4.441760601180891,0.5636070853462157
175,35.970209339774556,20.598497047772412,17.102791196994094,4.74369296833065,4.676596886741814,11.98336017176597,4.361245303274289,0.5636070853462157
176,36.05743424584004,20.477724100912507,16.961889425657542,4.810789049919484,5.092592592592593,11.748523886205046,4.28743961352657,0.5636070853462157
177,36.33252818035427,20.37037037037037,16.6935050993022,5.018786902844874,5.065754159957058,11.694847020933977,4.260601180891036,0.5636070853462157
178,36.54723564143854,20.37037037037037,16.59286097691895,4.99194847020934,5.059044551798175,11.614331723027375,4.260601180891036,0.5636070853462157
179,36.38620504562534,20.148953301127214,16.049382716049383,4.898013955984971,5.112721417069243,12.667740203972087,4.17337627482555,0.5636070853462157
180,36.574074074074076,20.068438003220614,16.049382716049383,4.884594739667204,5.112721417069243,12.627482555018787,4.119699409554482,0.5636070853462157
181,36.808910359635,19.940955448201827,16.0426731078905,4.871175523349437,5.0791733762748255,12.573805689747719,4.119699409554482,0.5636070853462157
182,37.043746645195924,19.6256038647343,16.0426731078905,5.092592592592593,5.065754159957058,12.513419216317766,4.052603327965647,0.5636070853462157
183,37.07729468599034,19.612184648416534,16.035963499731615,5.092592592592593,5.065754159957058,12.513419216317766,4.03918411164788,0.5636070853462157
184,37.453032742887814,19.565217391304348,15.888352120236178,5.092592592592593,5.025496511003757,12.432903918411165,4.03918411164788,0.5032206119162641
185,37.58722490606549,19.538378958668815,15.848094471282877,5.0858829844337095,5.025496511003757,12.392646269457863,4.019055287171229,0.5032206119162641
186,37.82877079978529,19.43773483628556,15.727321524422974,5.2066559312936125,5.01207729468599,12.305421363392378,3.978797638217928,0.5032206119162641
187,38.16425120772947,19.310252281266774,15.713902308105206,5.199946323134729,4.9651100375738055,12.164519592055823,3.978797638217928,0.5032206119162641
188,38.33199141170156,19.28341384863124,15.68035426731079,5.186527106816962,4.9651100375738055,12.077294685990339,3.9720880300590444,0.5032206119162641
189,38.53327965646806,19.155931293612454,15.653515834675256,5.179817498658078,4.958400429414922,12.077294685990339,3.938539989264627,0.5032206119162641
190,38.539989264626946,19.068706387546968,15.58641975308642,5.159688674181428,5.347557702630167,11.869296833064949,3.92512077294686,0.5032206119162641
191,38.74127750939345,19.02173913043478,15.559581320450885,5.10601180891036,5.314009661835748,11.855877616747183,3.9049919484702094,0.49651100375738055
192,38.788244766505635,18.9747718733226,15.559581320450885,5.10601180891036,5.314009661835748,11.855877616747183,3.9049919484702094,0.49651100375738055
193,39.01637144390767,18.94122383252818,15.4723564143854,5.072463768115942,5.428073000536768,11.688137412775093,3.8848631239935587,0.49651100375738055
194,39.110305958132045,18.88083735909823,15.4723564143854,5.038915727321524,5.428073000536768,11.688137412775093,3.8848631239935587,0.49651100375738055
195,39.19753086419753,18.82716049382716,15.566290928609769,5.032206119162641,5.360976918947934,11.634460547504025,3.8848631239935587,0.49651100375738055
196,39.60010735373054,18.733225979602793,15.371712292002147,5.025496511003757,5.360976918947934,11.560654857756306,3.8580246913580245,0.48980139559849706
197,39.85507246376812,18.666129898013956,15.304616210413311,5.018786902844874,5.3341384863123995,11.520397208803006,3.81105743424584,0.48980139559849706
198,39.34514224369297,18.55877616747182,15.70048309178744,5.360976918947934,5.307300053676865,11.426462694578637,3.81105743424584,0.48980139559849706
199,39.66720343531938,18.531937734836287,15.58641975308642,5.360976918947934,5.226784755770263,11.33923778851315,3.797638217928073,0.48980139559849706
200,39.85507246376812,18.45813204508857,15.539452495974235,5.360976918947934,5.22007514761138,11.312399355877616,3.7640901771336552,0.48980139559849706
201,40.15700483091788,18.310520665593128,15.526033279656469,5.314009661835748,5.179817498658078,11.258722490606548,3.7640901771336552,0.48980139559849706
202,40.371712292002144,18.21658615136876,15.479066022544284,5.280461621041331,5.166398282340311,11.252012882447666,3.743961352657005,0.48980139559849706
203,40.55958132045089,18.16290928609769,15.425389157273216,5.253623188405797,5.166398282340311,11.20504562533548,3.7372517444981215,0.48980139559849706
204,40.385131508319915,18.08239398819109,15.955448201825014,5.253623188405797,5.139559849704777,10.95679012345679,3.7372517444981215,0.48980139559849706
205,40.56629092860977,18.02871712292002,15.895061728395062,5.24020397208803,5.119431025228127,10.929951690821255,3.730542136339238,0.48980139559849706
206,40.653515834675254,17.975040257648953,15.874932903918411,5.226784755770263,5.119431025228127,10.929951690821255,3.730542136339238,0.48980139559849706
207,40.72061191626409,17.94820182501342,15.827965646806227,5.045625335480408,5.340848094471283,10.896403650026839,3.730542136339238,0.48980139559849706
208,40.89506172839506,17.887815351583466,15.754159957058508,5.045625335480408,5.340848094471283,10.856146001073537,3.730542136339238,0.48980139559849706
209,40.89506172839506,17.887815351583466,15.848094471282877,5.01207729468599,5.3274288781535155,10.82259796027912,3.717122920021471,0.48980139559849706
210,41.035963499731615,17.834138486312398,15.827965646806227,5.01207729468599,5.3274288781535155,10.82259796027912,3.670155662909286,0.46967257112184646
211,41.1231884057971,17.780461621041333,15.734031132581856,5.005367686527107,5.307300053676865,10.82259796027912,3.7573805689747717,0.46967257112184646
212,41.297638217928075,17.693236714975846,15.693773483628556,4.998658078368224,5.273752012882448,10.815888352120236,3.7573805689747717,0.46967257112184646
213,41.48550724637681,17.64626945786366,15.666935050993022,4.998658078368224,5.253623188405797,10.762211486849168,3.717122920021471,0.46967257112184646
214,32.75630703166935,13.7211486849168,33.380300590445515,3.81105743424584,4.62962962962963,8.064949006977992,3.166935050993022,0.46967257112184646
215,32.56843800322061,13.620504562533547,33.82984433709071,3.7104133118625873,4.51556629092861,8.13875469672571,3.1468062265163717,0.46967257112184646
216,32.98443370907139,13.560118089103597,33.58829844337091,3.6634460547504024,4.508856682769726,8.085077831454644,3.140096618357488,0.46967257112184646
217,33.13875469672571,13.519860440150294,33.44739667203435,3.7372517444981215,4.4820182501341925,8.07836822329576,3.126677402039721,0.46967257112184646
218,33.340042941492214,13.499731615673644,33.299785292538914,3.7372517444981215,4.455179817498658,8.071658615136876,3.126677402039721,0.46967257112184646
219,33.55475040257649,13.45276435856146,33.051529790660226,3.7372517444981215,4.736983360171766,8.031400966183575,2.965646806226516,0.46967257112184646
220,33.823134728931834,13.419216317767042,32.86366076221149,3.7238325281803544,4.7101449275362315,8.024691358024691,2.965646806226516,0.46967257112184646
221,33.984165324745035,13.419216317767042,32.72275899087493,3.7238325281803544,4.703435319377348,8.024691358024691,2.952227589908749,0.46967257112184646
222,34.23242082662372,13.39237788513151,32.54830917874396,3.717122920021471,4.663177670424047,8.024691358024691,2.952227589908749,0.46967257112184646
223,34.39345142243693,13.365539452495975,31.97799248523886,3.6768652710681695,4.663177670424047,8.024691358024691,3.4286097691894795,0.46967257112184646
224,34.554482018250134,13.331991411701557,31.82367149758454,3.6634460547504024,4.64975845410628,8.111916264090176,3.3950617283950617,0.46967257112184646
225,33.72920021470746,13.030059044551798,31.44122383252818,3.569511540526033,6.394256575415996,8.024691358024691,3.3413848631239937,0.46967257112184646
226,34.01771336553945,12.989801395598498,31.313741277509394,3.5426731078904994,6.367418142780462,7.98443370907139,3.3145464304884595,0.46967257112184646
227,34.312936124530324,12.989801395598498,31.159420289855074,3.4822866344605474,6.327160493827161,7.944176060118089,3.3145464304884595,0.46967257112184646
228,34.70209339774557,12.95625335480408,31.00509930220075,3.455448201825013,6.253354804079442,7.843531937734836,3.3145464304884595,0.46967257112184646
229,34.96376811594203,12.95625335480408,30.803811057434245,3.4420289855072466,6.246645195920558,7.830112721417069,3.2877079978529253,0.46967257112184646
230,35.30595813204509,12.95625335480408,30.60252281266774,3.4420289855072466,6.219806763285024,7.749597423510467,3.2541599570585076,0.46967257112184646
231,35.46027911969941,12.949543746645196,30.52200751476114,3.4420289855072466,6.199677938808374,7.716049382716049,3.240740740740741,0.46967257112184646
232,35.65485775630703,12.93612453032743,30.394524959742352,3.4420289855072466,6.166129898013956,7.695920558239399,3.240740740740741,0.46967257112184646
233,35.81588835212023,12.922705314009661,30.347557702630166,3.408480944712829,6.146001073537305,7.648953301127214,3.240740740740741,0.46967257112184646
234,36.2385936661299,12.86231884057971,29.958400429414922,3.408480944712829,6.105743424584004,7.615405260332796,3.2139023081052067,0.5971551261406334
235,36.47342995169082,12.855609232420827,29.864465915190554,3.408480944712829,6.085614600107354,7.555018786902845,3.1602254428341383,0.5971551261406334
236,36.69484702093398,12.855609232420827,29.683306494900698,3.3950617283950617,6.085614600107354,7.5348899624261945,3.1602254428341383,0.5904455179817498
237,36.8491680085883,12.822061191626409,29.622920021470748,3.3950617283950617,6.0654857756307035,7.50805152979066,3.1468062265163717,0.5904455179817498
238,36.8491680085883,12.406065485775631,29.622920021470748,3.7640901771336552,6.0654857756307035,7.313472893183038,3.408480944712829,0.5703166935050993
239,36.97665056360709,12.352388620504563,29.441760601180892,3.898282340311326,6.031937734836285,7.347020933977456,3.3816425120772946,0.5703166935050993
240,37.29200214707461,12.278582930756844,29.32769726247987,3.878153515834675,6.031937734836285,7.347020933977456,3.2742887815351582,0.5703166935050993
241,37.104133118625874,12.25174449812131,29.280730005367687,3.878153515834675,6.018518518518518,7.62211486849168,3.2742887815351582,0.5703166935050993
242,37.25174449812131,12.25174449812131,29.166666666666668,3.878153515834675,6.018518518518518,7.62211486849168,3.240740740740741,0.5703166935050993
243,37.43961352657005,12.25174449812131,29.045893719806763,3.8311862587224907,5.998389694041868,7.62211486849168,3.240740740740741,0.5703166935050993
244,37.553676865271065,12.238325281803542,28.972088030059044,3.8311862587224907,5.971551261406334,7.62211486849168,3.240740740740741,0.5703166935050993
245,37.855609232420825,12.184648416532475,28.871443907675793,3.797638217928073,5.924584004294149,7.588566827697263,3.207192699946323,0.5703166935050993
246,38.036768652710684,12.171229200214707,28.79092860976919,3.797638217928073,5.870907139023081,7.568438003220612,3.193773483628556,0.5703166935050993
247,38.12399355877617,12.124261943102523,28.77750939345142,3.797638217928073,5.844068706387547,7.568438003220612,3.193773483628556,0.5703166935050993
248,38.27831454643049,12.104133118625873,28.73054213633924,3.7640901771336552,5.844068706387547,7.514761137949543,3.193773483628556,0.5703166935050993
249,38.52657004830918,12.077294685990339,28.589640365002683,3.7372517444981215,5.790391841116479,7.514761137949543,3.193773483628556,0.5703166935050993
250,38.39237788513151,12.016908212560386,28.918411164787976,3.7372517444981215,5.763553408480945,7.494632313472893,3.1065485775630703,0.5703166935050993
251,38.506441223832525,12.010198604401502,28.703703703703702,3.898282340311326,5.743424584004294,7.467793880837359,3.099838969404187,0.5703166935050993
252,38.539989264626946,11.969940955448202,28.797638217928075,3.8915727321524423,5.689747718733226,7.454374664519592,3.0864197530864197,0.5703166935050993
253,39.029790660225444,11.889425657541599,28.495705850778315,3.851315083199141,5.622651637144391,7.454374664519592,3.0864197530864197,0.5703166935050993
254,39.20424047235642,11.889425657541599,28.388352120236178,3.844605475040258,5.58239398819109,7.434245840042942,3.0864197530864197,0.5703166935050993
255,39.33843263553408,11.849168008588299,28.35480407944176,3.824476650563607,5.555555555555555,7.4208266237251745,3.0864197530864197,0.5703166935050993
256,39.61352657004831,11.808910359634996,28.227321524422972,3.7372517444981215,5.535426731078905,7.4208266237251745,3.0864197530864197,0.5703166935050993
257,39.130434782608695,11.701556629092861,29.656468062265162,3.7372517444981215,5.360976918947934,7.407407407407407,2.717391304347826,0.2885131508319914
258,39.2914653784219,11.60762211486849,29.61621041331186,3.7372517444981215,5.35426731078905,7.4006977992485234,2.703972088030059,0.2885131508319914
259,39.512882447665056,11.60762211486849,29.455179817498657,3.7372517444981215,5.3274288781535155,7.39398819108964,2.677133655394525,0.2885131508319914
260,39.65378421900161,11.600912506709609,29.354535695115406,3.7372517444981215,5.3274288781535155,7.39398819108964,2.677133655394525,0.2549651100375738
261,39.81481481481482,11.56736446591519,29.30756843800322,3.6768652710681695,5.314009661835748,7.39398819108964,2.6704240472356413,0.2549651100375738
262,40.063070316693505,11.513687600644122,29.186795491143318,3.670155662909286,5.293880837359098,7.347020933977456,2.6704240472356413,0.2549651100375738
263,40.33145464304884,11.446591519055287,28.958668813741276,3.670155662909286,5.273752012882448,7.39398819108964,2.6704240472356413,0.2549651100375738
264,40.485775630703166,11.439881910896403,28.804347826086957,3.656736446591519,5.146269457863661,7.5348899624261945,2.677133655394525,0.2549651100375738
265,40.734031132581855,11.426462694578637,28.576221148684915,3.656736446591519,5.267042404723564,7.407407407407407,2.677133655394525,0.2549651100375738
266,40.98228663446055,11.419753086419753,28.535963499731615,3.603059581320451,5.24020397208803,7.39398819108964,2.5697799248523885,0.2549651100375738
267,41.10976918947934,11.406333870101985,28.428609769189478,3.603059581320451,5.233494363929147,7.39398819108964,2.5697799248523885,0.2549651100375738
268,41.25067096081589,11.366076221148685,28.401771336553946,3.569511540526033,5.22007514761138,7.387278582930757,2.5496511003757383,0.2549651100375738
269,40.81454643048846,11.366076221148685,27.979066022544284,3.549382716049383,4.683306494900698,8.80300590445518,2.5496511003757383,0.2549651100375738
270,40.90848094471283,11.292270531400966,27.925389157273216,3.549382716049383,4.62962962962963,8.890230810520666,2.5496511003757383,0.2549651100375738
271,41.10305958132045,11.265432098765432,27.75764895330113,3.603059581320451,4.602791196994096,8.863392377885132,2.5496511003757383,0.2549651100375738
272,41.1634460547504,10.836017176596886,27.710681696188942,4.019055287171229,4.602791196994096,8.863392377885132,2.5496511003757383,0.2549651100375738
273,41.035963499731615,10.836017176596886,27.61003757380569,4.019055287171229,4.602791196994096,8.715780998389693,2.9253891572732154,0.2549651100375738
274,40.5931293612453,10.755501878690284,26.912238325281802,3.9519592055823938,4.602791196994096,10.037573805689748,2.8918411164787976,0.2549651100375738
275,40.76086956521739,10.72866344605475,26.99946323134729,3.92512077294686,4.5960815888352125,9.842995169082126,2.8918411164787976,0.2549651100375738
276,40.915190552871714,10.715244229736983,26.90552871712292,3.9049919484702094,4.5960815888352125,9.816156736446592,2.8918411164787976,0.2549651100375738
277,40.90177133655394,10.654857756307031,26.838432635534083,3.992216854535695,4.582662372517445,9.883252818035427,2.8918411164787976,0.2549651100375738
