,45,50,51,53,52,55,54,57,56,58
0,91.29763821792807,8.702361782071927,,,,,,,,
1,64.6604938271605,27.636876006441224,4.341116478797638,3.361513687600644,,,,,,
2,50.32206119162641,40.324745034889965,4.341116478797638,3.361513687600644,1.5029522275899088,0.14761137949543746,,,,
3,39.53972088030059,40.747450348899626,14.76784755770263,3.361513687600644,1.4358561460010735,0.14761137949543746,,,,
4,39.57326892109501,40.72061191626409,14.761137949543746,3.361513687600644,1.4358561460010735,0.14761137949543746,,,,
5,36.86929683306495,42.11621041331186,14.761137949543746,3.361513687600644,1.4358561460010735,0.14761137949543746,1.3083735909822867,,,
6,36.922973698336016,42.0625335480408,14.761137949543746,3.361513687600644,1.4358561460010735,0.14761137949543746,1.3083735909822867,,,
7,32.23966720343532,31.689479334406872,33.25952764358561,1.8719806763285025,,0.14761137949543746,0.7917337627482555,,,
8,32.367149758454104,31.588835212023618,33.1857219538379,1.8719806763285025,,0.19457863660762212,0.7917337627482555,,,
9,31.95115405260333,29.998658078368223,36.47342995169082,0.5904455179817498,,0.19457863660762212,0.7917337627482555,,,
10,32.024959742351044,29.95169082125604,36.44659151905529,0.5904455179817498,,0.19457863660762212,0.7917337627482555,,,
11,30.649490069779926,29.334406870638755,31.790123456790123,7.286634460547504,,0.14761137949543746,0.7917337627482555,,,
12,29.428341384863124,29.60950080515298,31.38083735909823,8.641975308641975,,0.14761137949543746,0.7917337627482555,,,
13,21.135265700483092,32.10547504025765,37.32555018786903,8.641975308641975,,,0.7917337627482555,,,
14,20.33011272141707,30.649490069779926,38.94256575415996,9.138486312399356,,,0.7917337627482555,0.14761137949543746,,
15,11.439881910896403,14.036500268384327,62.21819645732689,10.997047772410092,,,1.1607622114868492,0.14761137949543746,,
16,11.553945249597424,14.002952227589908,50.87224906065486,10.86285560923242,11.265432098765432,,1.1607622114868492,0.14761137949543746,0.13419216317767044,
17,9.326355340848094,13.976113794954374,53.36822329575953,9.125067096081589,12.661030595813205,0.10064412238325282,1.1607622114868492,0.14761137949543746,0.13419216317767044,
18,7.326892109500805,11.876006441223833,57.35373054213634,9.125067096081589,12.634192163177671,0.24154589371980675,1.1607622114868492,0.14761137949543746,0.13419216317767044,
19,6.629092860976919,11.33923778851315,58.803005904455176,8.910359634997317,12.634192163177671,0.24154589371980675,1.1607622114868492,0.14761137949543746,0.13419216317767044,
20,5.4616210413311865,34.11164787976382,38.31857219538379,0.15432098765432098,20.148953301127214,0.5099302200751477,1.1607622114868492,,0.13419216317767044,
21,5.515297906602254,34.11164787976382,37.88915727321525,0.15432098765432098,20.148953301127214,0.8856682769726248,1.1607622114868492,,0.13419216317767044,
22,5.649490069779925,34.05126140633387,37.42619431025228,0.15432098765432098,20.014761137949545,1.4090177133655395,1.1607622114868492,,0.13419216317767044,
23,5.381105743424584,27.32823403113258,34.514224369296834,4.139828234031133,26.268115942028984,1.0735373054213635,1.1607622114868492,,0.13419216317767044,
24,4.7101449275362315,20.82662372517445,42.84755770263017,1.9592055823939882,25.79844337090714,1.0735373054213635,0.46967257112184646,,2.314814814814815,
25,4.830917874396135,20.001341921631777,42.16317767042405,1.8786902844873858,25.771604938271604,1.3352120236178207,1.3217928073000538,,2.6972624798711755,
26,4.770531400966184,19.766505636070853,39.841653247450346,10.373054213633925,19.632313472893184,1.8384326355340848,1.3150831991411702,,2.462426194310252,
27,4.851046698872786,12.090713902308105,42.351046698872786,8.742619431025227,19.524959742351047,8.225979602791197,1.3150831991411702,,2.1135265700483092,0.785024154589372
28,4.924852388620504,12.070585077831455,42.31749865807837,8.742619431025227,19.504830917874397,8.225979602791197,1.3150831991411702,,2.1135265700483092,0.785024154589372
29,5.186527106816962,10.165056360708535,39.87520128824477,11.352657004830919,19.196188942565755,7.7898550724637685,3.750670960815888,,2.3483628556092326,0.33548040794417605
30,5.421363392377885,10.11808910359635,39.76784755770263,11.33923778851315,19.129092860976918,7.7898550724637685,3.750670960815888,,2.3483628556092326,0.33548040794417605
31,4.045893719806763,9.359903381642512,43.45813204508857,11.05072463768116,19.16935050993022,7.9106280193236715,2.4355877616747184,,2.2342995169082127,0.33548040794417605
32,4.146537842190016,9.359903381642512,40.53945249597424,11.386205045625335,20.9272678475577,8.863392377885132,2.2208803005904456,,2.2208803005904456,0.33548040794417605
33,1.4090177133655395,7.39398819108964,40.92860976918948,10.071121846484166,25.563607085346217,8.568169618894256,4.736983360171766,,0.9930220075147611,0.33548040794417605
34,1.6103059581320451,7.387278582930757,40.103327965646805,10.198604401502953,25.174449812130973,8.695652173913043,5.501878690284487,,0.9930220075147611,0.33548040794417605
35,1.5633387010198605,7.273215244229737,44.115673644659154,9.816156736446592,21.598228663446054,8.80300590445518,5.501878690284487,,0.9930220075147611,0.33548040794417605
36,1.6572732152442298,7.273215244229737,43.45813204508857,9.816156736446592,21.584809447128286,8.80300590445518,6.099033816425121,,0.9728931830381106,0.33548040794417605
37,1.6975308641975309,7.219538378958669,40.13687600644123,9.816156736446592,24.92619431025228,8.796296296296296,6.099033816425121,,0.9728931830381106,0.33548040794417605
38,1.7713365539452497,4.025764895330113,42.7536231884058,9.339774557165862,29.22705314009662,4.683306494900698,5.676328502415459,,2.4825550187869028,0.040257648953301126
39,1.8317230273752012,4.025764895330113,39.30488459473967,9.31964573268921,32.51476113794954,4.683306494900698,5.676328502415459,,2.6033279656468062,0.040257648953301126
40,1.9122383252818036,4.025764895330113,43.77348362855609,9.31964573268921,28.247450348899623,4.656468062265164,5.555555555555555,,2.4691358024691357,0.040257648953301126
41,1.892109500805153,3.1535158346752548,42.78717122920021,8.890230810520666,31.5955448201825,4.146537842190016,5.025496511003757,,2.4691358024691357,0.040257648953301126
42,2.0263016639828235,3.1535158346752548,42.64626945786366,8.876811594202898,31.548577563070317,4.133118625872249,4.978529253891573,,2.5966183574879227,0.040257648953301126
43,1.9927536231884058,3.1535158346752548,43.88083735909823,8.568169618894256,31.50161030595813,4.133118625872249,4.931561996779388,,1.7981749865807837,0.040257648953301126
44,2.0128824476650564,3.1199677938808374,43.79361245303274,8.427267847557703,31.468062265163713,4.133118625872249,4.804079441760601,,2.200751476113795,0.040257648953301126
45,2.2879763821792807,2.9924852388620504,42.84755770263017,8.353462157809984,32.58185721953838,3.8915727321524423,4.804079441760601,,2.200751476113795,0.040257648953301126
46,2.227589908749329,2.9924852388620504,42.19672571121846,8.3467525496511,33.65539452495974,3.535963499731616,4.804079441760601,,2.200751476113795,0.040257648953301126
47,2.120236178207193,2.9388083735909825,47.27589908749329,7.588566827697263,29.676596886741816,3.5091250670960816,4.676596886741814,,2.1739130434782608,0.040257648953301126
48,2.214170692431562,2.9052603327965647,51.48282340311326,6.769994632313473,29.388083735909824,3.5091250670960816,2.804616210413312,,0.8856682769726248,0.040257648953301126
49,2.1806226516371443,2.522812667740204,48.49704777241009,6.769994632313473,31.93773483628556,3.3816425120772946,3.784219001610306,,0.8856682769726248,0.040257648953301126
50,2.227589908749329,2.4691358024691357,47.85963499731616,6.763285024154589,31.93773483628556,3.603059581320451,3.784219001610306,,1.3150831991411702,0.040257648953301126
51,2.442297369833602,2.4691358024691357,47.658346752549654,6.702898550724638,31.89747718733226,3.603059581320451,3.784219001610306,,1.402308105206656,0.040257648953301126
52,2.2074610842726785,2.4691358024691357,51.321792807300056,6.025228126677402,29.240472356414386,3.603059581320451,3.3011272141706924,,1.7914653784219001,0.040257648953301126
53,2.3550724637681157,2.4691358024691357,51.21443907675792,6.025228126677402,29.21363392377885,3.603059581320451,3.2877079978529253,,1.7914653784219001,0.040257648953301126
54,1.7042404723564144,1.5499194847020934,60.057702630166396,3.7238325281803544,25.10064412238325,3.066290928609769,3.361513687600644,,1.3955984970477724,0.040257648953301126
55,1.8585614600107354,1.5499194847020934,56.998121309715515,3.7238325281803544,28.535963499731615,3.066290928609769,2.8381642512077296,,1.3888888888888888,0.040257648953301126
56,2.0933977455716586,1.5499194847020934,56.89747718733226,3.656736446591519,28.468867418142782,3.066290928609769,2.8381642512077296,,1.3888888888888888,0.040257648953301126
57,2.006172839506173,1.5499194847020934,50.07380568974772,10.72866344605475,27.603327965646805,3.046162104133119,3.4420289855072466,0.12077294685990338,1.3888888888888888,0.040257648953301126
58,2.086688137412775,1.5499194847020934,49.73832528180354,10.68840579710145,27.603327965646805,3.046162104133119,3.4420289855072466,0.12077294685990338,1.6841116478797638,0.040257648953301126
59,1.9860440150295222,1.5499194847020934,46.22920021470746,5.381105743424584,35.547504025764894,4.072732152442297,3.4420289855072466,0.06709608158883522,1.6841116478797638,0.040257648953301126
60,2.0397208803005906,1.5499194847020934,46.202361782071925,5.381105743424584,35.52066559312936,4.072732152442297,3.4420289855072466,0.06709608158883522,1.6841116478797638,0.040257648953301126
61,2.059849704777241,1.5499194847020934,46.175523349436396,5.381105743424584,34.326355340848096,4.582662372517445,4.133118625872249,0.06709608158883522,1.6841116478797638,0.040257648953301126
62,2.1269457863660763,1.5499194847020934,46.11513687600644,6.340579710144928,33.04482018250134,4.582662372517445,4.468599033816425,0.06709608158883522,1.6639828234031133,0.040257648953301126
63,2.046430488459474,0.46967257112184646,53.6231884057971,6.3070316693505095,29.30756843800322,3.33467525496511,4.106280193236715,0.05367686527106817,0.7112184648416533,0.040257648953301126
64,2.046430488459474,0.46967257112184646,54.26731078904992,8.360171765968868,26.92565754159957,2.1940418679549114,4.139828234031133,0.05367686527106817,1.5029522275899088,0.040257648953301126
65,2.1135265700483092,0.46967257112184646,54.106280193236714,8.3467525496511,25.785024154589372,2.1806226516371443,4.139828234031133,1.3150831991411702,1.5029522275899088,0.040257648953301126
66,2.1135265700483092,0.46967257112184646,49.080783682232955,8.017981749865807,30.360976918947934,2.3886205045625335,5.6964573268921095,0.4092860976918948,1.4224369296833066,0.040257648953301126
67,2.200751476113795,0.46967257112184646,49.04723564143854,8.017981749865807,30.07246376811594,2.3886205045625335,5.676328502415459,0.4092860976918948,1.6774020397208802,0.040257648953301126
68,2.3349436392914655,0.46967257112184646,48.58427267847558,7.977724100912507,29.944981213097154,2.9052603327965647,5.656199677938808,0.4092860976918948,1.6774020397208802,0.040257648953301126
69,2.576489533011272,0.46967257112184646,48.38298443370907,7.971014492753623,29.864465915190554,2.871712292002147,5.642780461621041,0.4092860976918948,1.7713365539452497,0.040257648953301126
70,2.690552871712292,0.46967257112184646,48.21524422973698,7.971014492753623,29.25389157273215,3.535963499731616,5.642780461621041,0.4092860976918948,1.7713365539452497,0.040257648953301126
71,2.690552871712292,0.46967257112184646,47.43022007514761,7.950885668276973,29.958400429414922,3.2206119162640903,6.085614600107354,0.4092860976918948,1.7444981213097155,0.040257648953301126
72,2.6972624798711755,0.46967257112184646,49.41626409017714,7.950885668276973,28.052871712292003,3.2206119162640903,6.072195383789587,0.3488996242619431,1.7310789049919484,0.040257648953301126
73,2.6972624798711755,0.46967257112184646,51.207729468599034,7.937466451959206,25.831991411701555,3.166935050993022,6.072195383789587,0.1878690284487386,2.3886205045625335,0.040257648953301126
74,2.8515834675254963,0.46967257112184646,51.08695652173913,7.924047235641439,25.811862587224905,3.166935050993022,6.072195383789587,0.1878690284487386,2.3886205045625335,0.040257648953301126
75,2.7106816961889426,0.040257648953301126,52.42887815351583,7.37385936661299,26.308373590982285,3.294417606011809,5.743424584004294,0.1878690284487386,1.8719806763285025,0.040257648953301126
76,2.932098765432099,0.040257648953301126,52.38862050456253,7.353730542136339,26.221148684916802,3.2742887815351582,5.709876543209877,0.1878690284487386,1.8518518518518519,0.040257648953301126
77,3.0595813204508855,0.040257648953301126,52.281266774020395,7.454374664519592,26.167471819645733,3.2742887815351582,5.642780461621041,0.1878690284487386,1.8518518518518519,0.040257648953301126
78,2.9388083735909825,0.040257648953301126,50.24825550187869,6.810252281266774,29.998658078368223,3.2541599570585076,4.696725711218465,0.13419216317767044,1.8384326355340848,0.040257648953301126
79,2.9388083735909825,0.040257648953301126,49.71148684916801,6.608964036500268,29.851046698872786,3.69699409554482,5.025496511003757,0.13419216317767044,1.9524959742351047,0.040257648953301126
80,3.0327428878153517,0.040257648953301126,49.241814278046164,7.1658615136876005,29.70343531937735,3.69699409554482,4.99194847020934,0.13419216317767044,1.9524959742351047,0.040257648953301126
81,2.7509393451422435,0.040257648953301126,51.67740203972088,6.696188942565755,27.76435856146001,3.6768652710681695,5.562265163714439,0.13419216317767044,1.6572732152442298,0.040257648953301126
82,3.1333870101986045,0.040257648953301126,51.61701556629093,6.662640901771336,27.355072463768117,3.6768652710681695,5.562265163714439,0.2549651100375738,1.6572732152442298,0.040257648953301126
83,3.1870638754696725,0.040257648953301126,49.41626409017714,9.4873859366613,27.180622651637144,3.6768652710681695,5.193236714975845,0.23483628556092323,1.5432098765432098,0.040257648953301126
84,3.3682232957595275,0.040257648953301126,45.06843800322061,11.325818572195384,29.53569511540526,3.6768652710681695,5.166398282340311,0.23483628556092323,1.5432098765432098,0.040257648953301126
85,3.44873859366613,0.040257648953301126,44.00161030595813,10.601180891035963,31.414385399892645,3.5091250670960816,5.166398282340311,0.23483628556092323,1.5432098765432098,0.040257648953301126
86,3.683574879227053,0.040257648953301126,43.90096618357488,10.601180891035963,31.374127750939344,3.5091250670960816,5.072463768115942,0.23483628556092323,1.5432098765432098,0.040257648953301126
87,3.81105743424584,0.040257648953301126,43.82045088566828,10.95679012345679,31.206387546967257,3.502415458937198,4.8443370907139025,0.23483628556092323,1.5432098765432098,0.040257648953301126
88,3.898282340311326,0.040257648953301126,43.76006441223833,10.909822866344605,31.03864734299517,3.502415458937198,4.8443370907139025,0.23483628556092323,1.7310789049919484,0.040257648953301126
89,4.0995705850778315,0.040257648953301126,43.73993558776167,10.903113258185721,30.864197530864196,3.502415458937198,4.8443370907139025,0.23483628556092323,1.7310789049919484,0.040257648953301126
90,4.146537842190016,0.040257648953301126,43.71309715512614,10.903113258185721,30.71658615136876,3.502415458937198,4.8443370907139025,0.36231884057971014,1.7310789049919484,0.040257648953301126
91,4.253891572732153,0.040257648953301126,43.43800322061192,10.695115405260333,30.60252281266774,3.992216854535695,4.8443370907139025,0.36231884057971014,1.7310789049919484,0.040257648953301126
92,4.394793344068707,0.040257648953301126,43.364197530864196,10.695115405260333,30.589103596349972,3.992216854535695,4.790660225442834,0.36231884057971014,1.7310789049919484,0.040257648953301126
93,4.42163177670424,0.040257648953301126,43.15619967793881,11.929683306494901,29.20692431561997,4.320987654320987,4.790660225442834,0.36231884057971014,1.7310789049919484,0.040257648953301126
94,4.374664519592056,0.040257648953301126,43.43129361245303,11.05072463768116,27.710681696188942,4.62962962962963,6.629092860976919,0.36231884057971014,1.7310789049919484,0.040257648953301126
95,4.28743961352657,0.040257648953301126,45.860171765968865,8.668813741277509,27.965646806226516,4.770531400966184,6.273483628556092,0.36231884057971014,1.7310789049919484,0.040257648953301126
96,3.9586688137412773,0.040257648953301126,44.826892109500804,10.466988727858293,29.770531400966185,4.770531400966184,4.213633923778851,0.23483628556092323,1.6774020397208802,0.040257648953301126
97,4.200214707461084,0.040257648953301126,44.71953837895867,10.466988727858293,29.683306494900698,4.770531400966184,4.166666666666667,0.23483628556092323,1.6774020397208802,0.040257648953301126
98,4.213633923778851,0.040257648953301126,43.78019323671498,10.466988727858293,31.273483628556093,3.9519592055823938,4.166666666666667,0.23483628556092323,1.8317230273752012,0.040257648953301126
99,4.180085882984434,0.040257648953301126,50.7313472893183,8.561460010735374,26.798174986580783,3.8848631239935587,3.69699409554482,0.23483628556092323,1.8317230273752012,0.040257648953301126
100,4.206924315619967,0.040257648953301126,50.7313472893183,8.541331186258722,26.7914653784219,3.8848631239935587,3.69699409554482,0.23483628556092323,1.8317230273752012,0.040257648953301126
101,4.206924315619967,0.040257648953301126,49.2686527106817,8.541331186258722,27.717391304347824,3.7037037037037037,3.589640365002684,0.4562533548040794,2.4355877616747184,0.040257648953301126
102,4.3545356951154055,0.040257648953301126,49.121041331186255,8.541331186258722,27.717391304347824,3.7037037037037037,3.589640365002684,0.4562533548040794,2.4355877616747184,0.040257648953301126
103,4.38137412775094,0.040257648953301126,46.484165324745035,11.191626409017713,27.690552871712292,3.6902844873859366,3.589640365002684,0.4562533548040794,2.4355877616747184,0.040257648953301126
104,4.87788513150832,0.040257648953301126,46.423778851315085,11.037305421363392,27.47584541062802,3.5829307568438002,3.589640365002684,0.49651100375738055,2.4355877616747184,0.040257648953301126
105,4.904723564143854,0.040257648953301126,46.423778851315085,11.037305421363392,27.449006977992486,3.5829307568438002,3.589640365002684,0.49651100375738055,2.4355877616747184,0.040257648953301126
106,4.898013955984971,0.040257648953301126,45.63204508856683,11.037305421363392,27.449006977992486,3.770799785292539,3.5829307568438002,0.49651100375738055,3.052871712292002,0.040257648953301126
107,4.146537842190016,0.040257648953301126,56.19967793880837,10.352925389157273,19.296833064949006,2.9924852388620504,3.5292538915727323,0.33548040794417605,3.066290928609769,0.040257648953301126
108,4.200214707461084,0.040257648953301126,55.24691358024691,10.352925389157273,19.142512077294686,2.9924852388620504,4.582662372517445,0.33548040794417605,3.066290928609769,0.040257648953301126
109,4.253891572732153,0.040257648953301126,55.193236714975846,10.352925389157273,19.142512077294686,2.9924852388620504,4.582662372517445,0.33548040794417605,3.066290928609769,0.040257648953301126
110,4.334406870638754,0.040257648953301126,55.139559849704774,10.352925389157273,19.142512077294686,2.9924852388620504,4.582662372517445,0.33548040794417605,3.0394524959742353,0.040257648953301126
111,4.508856682769726,0.040257648953301126,55.00536768652711,10.352925389157273,19.142512077294686,3.5426731078904994,4.233762748255502,0.33548040794417605,2.7979066022544283,0.040257648953301126
112,4.53569511540526,0.040257648953301126,52.87842190016103,11.943102522812667,18.90096618357488,4.079441760601181,4.38137412775094,0.33548040794417605,2.8650026838432634,0.040257648953301126
113,4.663177670424047,0.040257648953301126,52.69726247987118,11.822329575952764,18.833870101986044,4.448470209339774,4.3545356951154055,0.33548040794417605,2.7643585614600106,0.040257648953301126
114,4.783950617283951,0.040257648953301126,52.58990874932904,11.822329575952764,18.820450885668276,4.448470209339774,4.3545356951154055,0.33548040794417605,2.7643585614600106,0.040257648953301126
115,4.824208266237251,0.040257648953301126,50.14090177133655,11.822329575952764,18.71309715512614,6.655931293612453,4.3478260869565215,0.33548040794417605,3.079710144927536,0.040257648953301126
116,4.830917874396135,0.040257648953301126,49.82555018786903,11.822329575952764,18.71309715512614,6.655931293612453,4.3478260869565215,0.33548040794417605,3.388352120236178,0.040257648953301126
117,4.864465915190553,0.040257648953301126,49.785292538915726,12.110842726784755,18.290391841116477,6.655931293612453,4.3478260869565215,0.33548040794417605,3.5292538915727323,0.040257648953301126
118,4.951690821256038,0.040257648953301126,49.282071926999464,12.084004294149223,18.189747718733226,6.561996779388084,4.341116478797638,0.33548040794417605,4.17337627482555,0.040257648953301126
119,5.005367686527107,0.040257648953301126,49.25523349436393,12.084004294149223,18.183038110574344,6.561996779388084,4.341116478797638,0.33548040794417605,4.1532474503489,0.040257648953301126
120,4.9718196457326895,0.040257648953301126,48.429951690821255,11.574074074074074,18.149490069779926,7.977724100912507,4.341116478797638,0.322061191626409,4.1532474503489,0.040257648953301126
121,5.032206119162641,0.040257648953301126,48.37627482555019,11.574074074074074,18.14278046162104,7.977724100912507,4.341116478797638,0.322061191626409,4.1532474503489,0.040257648953301126
122,5.173107890499195,0.040257648953301126,48.29575952764358,11.41304347826087,18.089103596349972,7.957595276435856,4.575952764358561,0.2616747181964573,4.1532474503489,0.040257648953301126
123,4.7168545356951155,0.040257648953301126,52.4020397208803,10.789049919484702,16.532474503488995,7.521470746108427,3.878153515834675,0.2616747181964573,3.7037037037037037,0.15432098765432098
124,4.810789049919484,0.040257648953301126,52.341653247450346,10.789049919484702,16.532474503488995,7.521470746108427,3.8580246913580245,0.2616747181964573,3.6902844873859366,0.15432098765432098
125,4.931561996779388,0.040257648953301126,51.76462694578637,10.7085346215781,16.492216854535695,7.7898550724637685,3.8378958668813743,0.2616747181964573,4.019055287171229,0.15432098765432098
126,4.85775630703167,0.040257648953301126,50.89237788513151,10.7085346215781,17.277241009125067,8.259527643585615,3.502415458937198,0.2616747181964573,4.045893719806763,0.15432098765432098
127,5.01207729468599,0.040257648953301126,50.74476650563607,10.701825013419215,17.277241009125067,8.259527643585615,3.502415458937198,0.2616747181964573,4.045893719806763,0.15432098765432098
128,5.045625335480408,0.040257648953301126,50.60386473429951,10.701825013419215,17.102791196994094,8.480944712828771,3.502415458937198,0.2616747181964573,4.106280193236715,0.15432098765432098
129,5.3274288781535155,0.040257648953301126,50.52334943639291,10.661567364465915,17.042404723564143,8.454106280193237,3.502415458937198,0.2616747181964573,4.032474503488996,0.15432098765432098
130,5.401234567901234,0.040257648953301126,50.4898013955985,10.661567364465915,17.01556629092861,8.454106280193237,3.502415458937198,0.2616747181964573,4.019055287171229,0.15432098765432098
131,5.407944176060118,0.040257648953301126,49.362587224906065,11.902844873859367,17.01556629092861,8.447396672034353,3.502415458937198,0.2616747181964573,3.9049919484702094,0.15432098765432098
132,5.522007514761138,0.040257648953301126,48.42324208266237,11.701556629092861,16.935050993022006,9.554482018250134,3.502415458937198,0.2616747181964573,3.9049919484702094,0.15432098765432098
133,4.757112184648417,0.040257648953301126,51.247987117552334,11.694847020933977,15.780998389694043,9.400161030595813,2.965646806226516,0.2616747181964573,3.69699409554482,0.15432098765432098
134,4.851046698872786,0.040257648953301126,51.20101986044015,11.688137412775093,15.774288781535159,9.366612989801396,2.965646806226516,0.2616747181964573,3.69699409554482,0.15432098765432098
135,4.931561996779388,0.040257648953301126,51.187600644122384,11.688137412775093,15.707192699946322,9.366612989801396,2.965646806226516,0.2616747181964573,3.69699409554482,0.15432098765432098
136,5.065754159957058,0.040257648953301126,51.04669887278583,11.688137412775093,15.566290928609769,9.145195920558239,2.965646806226516,0.6910896403650026,3.6366076221148687,0.15432098765432098
137,5.260332796564681,0.040257648953301126,51.80488459473967,11.366076221148685,15.398550724637682,8.809715512614064,2.965646806226516,0.6910896403650026,3.5091250670960816,0.15432098765432098
138,5.314009661835748,0.040257648953301126,51.75791733762748,11.366076221148685,15.398550724637682,8.80300590445518,2.965646806226516,0.6910896403650026,3.5091250670960816,0.15432098765432098
139,5.347557702630167,0.040257648953301126,51.73778851315083,11.366076221148685,15.385131508319914,8.80300590445518,2.965646806226516,0.6910896403650026,3.5091250670960816,0.15432098765432098
140,5.35426731078905,0.040257648953301126,51.52308105206656,11.352657004830919,16.076221148684915,8.333333333333334,2.965646806226516,0.6910896403650026,3.5091250670960816,0.15432098765432098
141,5.3274288781535155,0.040257648953301126,50.717928073000536,12.654320987654321,15.707192699946322,8.232689210950081,2.965646806226516,0.6910896403650026,3.5091250670960816,0.15432098765432098
142,4.985238862050457,,49.382716049382715,9.957058507783145,16.10305958132045,7.890499194847021,7.481213097155126,0.6709608158883521,3.374932903918411,0.15432098765432098
143,5.072463768115942,,49.36929683306495,9.957058507783145,16.0829307568438,7.856951154052603,7.461084272678476,0.6709608158883521,3.374932903918411,0.15432098765432098
144,5.018786902844874,,49.00697799248524,9.957058507783145,16.264090177133657,7.6623725174449815,7.890499194847021,0.6709608158883521,3.374932903918411,0.15432098765432098
145,5.10601180891036,,48.91975308641975,9.957058507783145,16.264090177133657,7.6623725174449815,7.890499194847021,0.6709608158883521,3.374932903918411,0.15432098765432098
146,4.723564143853999,,53.69028448738594,8.78287707997853,15.915190552871712,7.112184648416532,5.756843800322061,0.5300590445517982,3.374932903918411,0.11406333870101985
147,4.871175523349437,,52.16720343531938,10.178475577026301,15.915190552871712,7.092055823939882,5.615942028985507,0.5300590445517982,3.515834675254965,0.11406333870101985
148,4.9718196457326895,,52.08668813741278,10.165056360708535,15.908480944712828,7.092055823939882,5.615942028985507,0.5300590445517982,3.515834675254965,0.11406333870101985
149,4.797369833601718,,58.581588835212024,9.125067096081589,15.183843263553408,5.0791733762748255,3.435319377348363,0.4294149221685454,3.3682232957595275,
150,4.891304347826087,,58.561460010735374,9.125067096081589,15.11003757380569,5.0791733762748255,3.435319377348363,0.4294149221685454,3.3682232957595275,
151,4.904723564143854,,51.670692431561996,9.078099838969404,20.78636607622115,5.293880837359098,4.656468062265164,0.4294149221685454,3.180354267310789,
152,4.958400429414922,,51.52308105206656,9.078099838969404,20.739398819108963,5.501878690284487,4.62962962962963,0.4294149221685454,3.140096618357488,
153,5.025496511003757,,51.45598497047772,9.078099838969404,20.739398819108963,5.501878690284487,4.62962962962963,0.4294149221685454,3.140096618357488,
154,5.159688674181428,,50.79173376274826,9.01100375738057,20.625335480407944,6.213097155126141,4.62962962962963,0.4294149221685454,3.140096618357488,
155,5.213365539452496,,50.77160493827161,9.01100375738057,20.591787439613526,6.213097155126141,4.62962962962963,0.4294149221685454,3.140096618357488,
156,5.287171229200215,,48.590982286634464,8.930488459473967,22.82608695652174,6.414385399892646,4.448470209339774,0.4294149221685454,3.0730005367686526,
157,5.542136339237788,,48.55072463768116,8.735909822866345,22.805958132045088,6.414385399892646,4.448470209339774,0.4294149221685454,3.0730005367686526,
158,5.864197530864198,,48.33601717659689,8.729200214707461,22.571121846484164,6.414385399892646,4.448470209339774,0.4294149221685454,3.207192699946323,
159,5.9447128287707995,,48.23537305421363,9.219001610305957,22.148416532474503,6.414385399892646,4.40150295222759,0.4294149221685454,3.207192699946323,
160,6.0587761674718195,,46.806226516371446,9.219001610305957,22.04777241009125,6.360708534621578,5.870907139023081,0.4294149221685454,3.207192699946323,
161,6.146001073537305,,46.745840042941495,9.205582393988191,22.034353193773484,6.360708534621578,5.870907139023081,0.4294149221685454,3.207192699946323,
162,6.172839506172839,,46.73242082662372,9.205582393988191,22.034353193773484,6.347289318303811,5.870907139023081,0.4294149221685454,3.207192699946323,
163,6.213097155126141,,46.73242082662372,9.205582393988191,22.007514761137948,6.333870101986044,5.870907139023081,0.4294149221685454,3.207192699946323,
164,6.394256575415996,,46.383521202361784,10.104669887278583,21.544551798174986,6.260064412238325,6.0654857756307035,0.4294149221685454,2.818035426731079,
165,6.568706387546968,,46.343263553408484,10.077831454643048,21.450617283950617,6.260064412238325,6.0654857756307035,0.4294149221685454,2.804616210413312,
166,6.729736983360172,,46.262748255501876,10.050993022007514,21.43719806763285,6.226516371443908,6.0654857756307035,0.4294149221685454,2.7979066022544283,
167,6.575415995705851,,49.61755233494364,8.769457863660762,21.048040794417606,4.723564143853999,6.038647342995169,0.4294149221685454,2.7979066022544283,
168,6.602254428341385,,49.61755233494364,8.769457863660762,21.021202361782073,4.723564143853999,6.038647342995169,0.4294149221685454,2.7979066022544283,
169,6.870638754696726,,49.100912506709605,9.23913043478261,20.974235104669887,4.723564143853999,5.9447128287707995,0.4294149221685454,2.717391304347826,
170,6.6760601180891035,,46.812936124530324,8.883521202361782,23.68491680085883,4.602791196994096,5.9447128287707995,0.4294149221685454,2.965646806226516,
171,6.810252281266774,,46.79951690821256,8.883521202361782,23.564143853998928,4.602791196994096,5.9447128287707995,0.4294149221685454,2.965646806226516,
172,6.293612453032743,,43.94122383252818,7.635534084809447,28.837895866881375,3.750670960815888,6.709608158883521,0.4294149221685454,2.4020397208803006,
173,6.327160493827161,,43.75335480407944,7.62211486849168,28.77750939345142,3.978797638217928,6.709608158883521,0.4294149221685454,2.4020397208803006,
174,6.494900697799249,,43.65942028985507,7.615405260332796,28.77750939345142,3.911701556629093,6.709608158883521,0.4294149221685454,2.4020397208803006,
175,6.602254428341385,,43.61916264090177,7.977724100912507,28.401771336553946,3.911701556629093,6.655931293612453,0.4294149221685454,2.4020397208803006,
176,6.421095008051529,,42.290660225442835,9.4873859366613,28.401771336553946,3.911701556629093,6.655931293612453,0.4294149221685454,2.4020397208803006,
177,6.508319914117015,,42.25711218464841,9.460547504025765,28.37493290391841,3.911701556629093,6.655931293612453,0.4294149221685454,2.4020397208803006,
178,6.112453032742888,,44.7061191626409,8.662104133118627,27.81803542673108,3.44873859366613,6.5485775630703165,0.4294149221685454,2.2745571658615136,
179,6.206387546967257,,44.6658615136876,8.662104133118627,27.76435856146001,3.44873859366613,6.5485775630703165,0.4294149221685454,2.2745571658615136,
180,6.353998926462695,,44.598765432098766,8.601717659688674,27.74422973698336,3.44873859366613,6.5485775630703165,0.4294149221685454,2.2745571658615136,
181,6.696188942565755,,43.974771873322595,8.581588835212024,27.730810520665592,3.4420289855072466,6.5485775630703165,0.4294149221685454,2.5966183574879227,
182,6.8035426731078905,,43.934514224369295,8.57487922705314,27.677133655394524,3.4420289855072466,6.5485775630703165,0.4294149221685454,2.589908749329039,
183,6.890767579173376,,43.53193773483628,9.29951690821256,27.415458937198068,3.3413848631239937,6.266774020397209,0.4294149221685454,2.8247450348899625,
184,7.024959742351046,,43.47826086956522,9.265968867418144,27.408749329039185,3.3413848631239937,6.226516371443908,0.4294149221685454,2.8247450348899625,
185,7.434245840042942,,43.17632850241546,8.266237251744498,28.31454643048846,3.3413848631239937,6.105743424584004,0.4294149221685454,2.932098765432099,
186,7.494632313472893,,40.53945249597424,9.172034353193773,30.797101449275363,3.3413848631239937,5.300590445517981,0.4294149221685454,2.9253891572732154,
187,6.991411701556629,12.808641975308642,37.09742351046699,8.085077831454644,24.60413311862587,3.0595813204508855,4.327697262479871,0.4294149221685454,2.5966183574879227,
188,6.998121309715513,12.808641975308642,36.95652173913044,8.085077831454644,24.4296833064949,3.388352120236178,4.30756843800322,0.4294149221685454,2.5966183574879227,
189,7.0450885668276975,12.808641975308642,36.922973698336016,8.085077831454644,24.422973698336016,3.3816425120772946,4.30756843800322,0.4294149221685454,2.5966183574879227,
190,7.125603864734299,12.788513150831992,36.87600644122383,8.085077831454644,24.422973698336016,3.3816425120772946,4.30756843800322,0.4294149221685454,2.5831991411701556,
191,6.823671497584541,12.761674718196458,37.61406333870102,8.044820182501342,24.06736446591519,3.3816425120772946,4.28743961352657,0.8252818035426731,2.1940418679549114,
192,6.830381105743425,12.761674718196458,36.862587224906065,9.326355340848094,23.356146001073537,3.3816425120772946,4.4753086419753085,0.8252818035426731,2.1806226516371443,
193,6.816961889425658,12.761674718196458,36.862587224906065,9.326355340848094,23.09447128287708,3.3816425120772946,4.750402576489533,0.8252818035426731,2.1806226516371443,
194,7.011540526033279,12.761674718196458,36.70826623725174,9.326355340848094,23.081052066559312,3.3816425120772946,4.723564143853999,0.8252818035426731,2.1806226516371443,
195,7.065217391304348,12.754965110037574,36.66800858829844,9.326355340848094,23.081052066559312,3.374932903918411,4.723564143853999,0.8252818035426731,2.1806226516371443,
196,7.192699946323135,12.754965110037574,36.580783682232955,9.326355340848094,23.040794417606012,3.374932903918411,4.723564143853999,0.8252818035426731,2.1806226516371443,
197,7.360440150295223,12.754965110037574,36.48684916800859,9.326355340848094,23.00053676865271,3.374932903918411,4.690016103059581,0.8252818035426731,2.1806226516371443,
198,7.561728395061729,12.754965110037574,36.42646269457864,9.219001610305957,22.966988727858293,3.374932903918411,4.690016103059581,0.8252818035426731,2.1806226516371443,
199,7.635534084809447,12.754965110037574,36.41975308641975,9.185453569511541,22.966988727858293,3.374932903918411,4.656468062265164,0.8252818035426731,2.1806226516371443,
200,7.729468599033816,12.714707461084272,36.40633387010199,9.158615136876007,22.966988727858293,3.374932903918411,4.643048845947397,0.8252818035426731,2.1806226516371443,
201,7.823403113258186,12.714707461084272,36.3593666129898,9.145195920558239,22.946859903381643,3.361513687600644,4.643048845947397,0.8252818035426731,2.1806226516371443,
202,7.843531937734836,12.674449812130971,36.05743424584004,9.145195920558239,22.920021470746107,3.33467525496511,4.643048845947397,0.8252818035426731,2.5563607085346214,
203,7.924047235641439,12.667740203972087,35.71524422973698,9.145195920558239,22.832796564680624,3.6902844873859366,4.643048845947397,0.8252818035426731,2.5563607085346214,
204,7.997852925389157,12.620772946859903,35.7085346215781,9.098228663446054,22.725442834138487,3.6902844873859366,4.777241009125067,0.8252818035426731,2.5563607085346214,
205,8.252818035426731,12.620772946859903,35.59447128287708,9.098228663446054,22.644927536231883,3.6902844873859366,4.74369296833065,0.8252818035426731,2.5295222758990876,
206,8.440687063875469,12.084004294149223,35.51395598497048,9.07139023081052,22.564412238325282,4.2270531400966185,4.74369296833065,0.8252818035426731,2.5295222758990876,
207,8.467525496511003,12.057165861513688,35.138217928073,8.662104133118627,23.013955984970476,4.528985507246377,4.683306494900698,0.8252818035426731,2.623456790123457,
208,8.521202361782072,12.057165861513688,35.09125067096082,8.662104133118627,23.007246376811594,4.528985507246377,4.683306494900698,0.8252818035426731,2.623456790123457,
209,8.55475040257649,11.802200751476114,35.09125067096082,8.662104133118627,23.007246376811594,4.750402576489533,4.683306494900698,0.8252818035426731,2.623456790123457,
210,8.68894256575416,11.802200751476114,35.057702630166396,8.662104133118627,23.007246376811594,4.750402576489533,4.622920021470746,0.8252818035426731,2.5831991411701556,
211,8.76274825550188,11.788781535158346,35.03086419753087,8.662104133118627,22.973698336017176,4.750402576489533,4.622920021470746,0.8252818035426731,2.5831991411701556,
212,8.82313472893183,11.77536231884058,34.98389694041868,8.662104133118627,22.973698336017176,4.750402576489533,4.622920021470746,0.8252818035426731,2.5831991411701556,
213,8.917069243156199,11.77536231884058,34.896672034353195,8.662104133118627,22.966988727858293,4.750402576489533,4.622920021470746,0.8252818035426731,2.5831991411701556,
214,8.870101986044014,11.761943102522812,34.78931830381106,9.96376811594203,21.712292002147073,4.690016103059581,5.032206119162641,0.5971551261406334,2.5831991411701556,
215,8.890230810520666,11.761943102522812,34.33977455716586,10.245571658615138,21.712292002147073,4.690016103059581,5.032206119162641,0.5971551261406334,2.7308105206655933,
216,9.111647879763822,11.634460547504025,34.312936124530324,10.205314009661835,21.69887278582931,4.676596886741814,5.032206119162641,0.5971551261406334,2.7308105206655933,
217,9.111647879763822,11.634460547504025,34.21229200214707,10.205314009661835,21.477455716586153,5.065754159957058,5.032206119162641,0.5971551261406334,2.6637144390767578,
218,9.064680622651638,11.634460547504025,34.0378421900161,10.064412238325282,21.477455716586153,5.065754159957058,5.522007514761138,0.5971551261406334,2.536231884057971,
219,9.057971014492754,11.634460547504025,33.63526570048309,10.064412238325282,21.470746108427267,5.481749865807837,5.522007514761138,0.5971551261406334,2.536231884057971,
220,9.084809447128288,11.634460547504025,33.63526570048309,10.064412238325282,21.470746108427267,5.481749865807837,5.495169082125604,0.5971551261406334,2.536231884057971,
221,9.312936124530328,11.634460547504025,33.59500805152979,9.957058507783145,21.464036500268385,5.4549114331723025,5.448201825013419,0.5971551261406334,2.536231884057971,
222,9.5276435856146,11.52710681696189,33.581588835212024,9.916800858829845,21.464036500268385,5.4549114331723025,5.407944176060118,0.5971551261406334,2.522812667740204,
223,9.977187332259795,11.158078368223295,33.51449275362319,9.916800858829845,21.38352120236178,5.562265163714439,5.367686527106817,0.5971551261406334,2.522812667740204,
224,10.071121846484166,11.124530327428879,33.467525496511,9.916800858829845,21.38352120236178,5.562265163714439,5.367686527106817,0.5837359098228664,2.522812667740204,
225,10.11808910359635,11.124530327428879,33.42055823939882,9.916800858829845,21.38352120236178,5.562265163714439,5.367686527106817,0.5837359098228664,2.522812667740204,
226,10.272410091250672,11.124530327428879,33.313204508856685,9.916800858829845,21.370101986044016,5.562265163714439,5.340848094471283,0.5837359098228664,2.5161030595813205,
227,10.299248523886206,11.117820719269995,33.313204508856685,9.916800858829845,21.36339237788513,5.562265163714439,5.340848094471283,0.5837359098228664,2.5026838432635534,
228,10.379763821792807,11.117820719269995,33.293075684380035,9.916800858829845,21.30300590445518,5.562265163714439,5.340848094471283,0.5837359098228664,2.5026838432635534,
229,10.50053676865271,11.104401502952227,33.28636607622115,9.359903381642512,21.235909822866343,5.562265163714439,5.864197530864198,0.5837359098228664,2.5026838432635534,
230,10.628019323671497,11.104401502952227,33.00456253354804,9.359903381642512,21.141975308641975,5.562265163714439,6.119162640901771,0.5837359098228664,2.49597423510467,
231,10.950080515297907,11.077563070316694,32.930756843800324,9.23913043478261,21.115136876006442,5.528717122920021,6.119162640901771,0.5837359098228664,2.4557165861513686,
