,45,50,52,53,57,55,54,51,56,58
0,78.48228663446055,21.517713365539453,,,,,,,,
1,49.241814278046164,40.23752012882448,8.80300590445518,1.5633387010198605,0.15432098765432098,,,,,
2,39.88862050456253,49.14117015566291,8.796296296296296,1.5633387010198605,0.15432098765432098,0.4562533548040794,,,,
3,32.2866344605475,45.65217391304348,13.325281803542673,7.555018786902845,,,1.1808910359634996,,,
4,32.45437466451959,38.0703166935051,26.52308105206656,1.7713365539452497,,,1.1808910359634996,,,
5,29.770531400966185,40.19726247987118,24.14787976382179,2.328234031132582,,2.7844873859366612,0.7716049382716049,,,
6,27.70397208803006,27.147074610842726,27.737520128824478,1.6304347826086956,,2.7844873859366612,0.32877079978529256,12.667740203972087,,
7,27.194041867954912,27.67042404723564,27.72410091250671,1.6304347826086956,,2.7844873859366612,0.32877079978529256,12.667740203972087,,
8,27.194041867954912,26.570048309178745,27.361782071927,1.6304347826086956,,2.7844873859366612,1.7914653784219001,12.667740203972087,,
9,27.489264626945786,26.549919484702095,27.3215244229737,1.6035963499731616,,2.7844873859366612,1.7914653784219001,12.4597423510467,,
10,27.194041867954912,24.40955448201825,27.220880300590444,1.6035963499731616,,2.7442297369833604,1.7914653784219001,15.03623188405797,,
11,27.616747181964573,24.18142780461621,26.89210950080515,1.6035963499731616,,2.7442297369833604,1.7914653784219001,14.841653247450349,0.32877079978529256,
12,26.912238325281802,21.947128287707997,32.25308641975309,0.644122383252818,0.4092860976918948,2.7442297369833604,1.7914653784219001,12.969672571121846,0.32877079978529256,
13,27.066559312936125,21.557971014492754,32.23966720343532,0.9125067096081588,0.4092860976918948,2.7442297369833604,1.7914653784219001,12.949543746645196,0.32877079978529256,
14,21.67874396135266,22.000805152979066,32.2061191626409,0.9125067096081588,0.4092860976918948,2.7442297369833604,1.7914653784219001,17.92807300053677,0.32877079978529256,
15,22.020933977455716,21.846484165324746,32.018250134192165,0.9125067096081588,0.4092860976918948,2.7442297369833604,1.7914653784219001,17.92807300053677,0.32877079978529256,
16,21.095008051529792,17.498658078368223,36.93639291465379,0.9125067096081588,0.4092860976918948,2.7442297369833604,2.281266774020397,17.793880837359097,0.32877079978529256,
17,20.38378958668814,15.418679549114332,29.374664519592056,0.9125067096081588,0.4092860976918948,2.7442297369833604,2.281266774020397,28.14680622651637,0.32877079978529256,
18,20.699141170155663,15.378421900161031,29.159957058507782,0.8990874932903918,0.4092860976918948,2.7442297369833604,2.281266774020397,28.099838969404185,0.32877079978529256,
19,20.739398819108963,15.351583467525497,29.159957058507782,0.8990874932903918,0.4092860976918948,2.7442297369833604,2.281266774020397,28.08641975308642,0.32877079978529256,
20,20.893719806763286,15.311325818572195,28.992216854535695,0.8990874932903918,0.4092860976918948,2.576489533011272,2.281266774020397,27.985775630703166,0.6508319914117016,
21,20.52469135802469,14.204240472356414,28.019323671497585,3.3480944712828773,0.4092860976918948,2.576489533011272,2.281266774020397,27.985775630703166,0.6508319914117016,
22,20.67230273752013,14.197530864197532,27.95222758990875,3.3480944712828773,0.4092860976918948,2.576489533011272,2.281266774020397,27.911969940955448,0.6508319914117016,
23,20.658883521202362,14.13714439076758,27.811325818572197,3.2004830917874396,0.5434782608695652,2.7777777777777777,2.7308105206655933,27.489264626945786,0.6508319914117016,
24,20.30998389694042,12.432903918411165,27.67042404723564,2.771068169618894,0.5434782608695652,2.7777777777777777,2.341653247450349,30.71658615136876,0.43612453032742887,
25,20.37037037037037,12.432903918411165,27.643585614600106,2.771068169618894,0.5434782608695652,2.7777777777777777,2.341653247450349,30.683038110574344,0.43612453032742887,
26,20.397208803005906,12.432903918411165,27.536231884057973,2.771068169618894,0.48980139559849706,2.9119699409554483,2.341653247450349,30.683038110574344,0.43612453032742887,
27,18.947933440687063,12.365807836822329,27.502683843263554,2.0397208803005906,0.48980139559849706,2.9119699409554483,2.2410091250670963,33.06494900697799,0.43612453032742887,
28,18.391035963499732,11.721685453569512,24.671229200214707,0.9057971014492754,0.48980139559849706,2.7106816961889426,2.100107353730542,38.57353730542136,0.43612453032742887,
29,18.370907139023082,10.782340311325818,27.01959205582394,0.7783145464304885,0.48980139559849706,3.5628019323671496,2.0933977455716586,36.48684916800859,0.41599570585077833,
30,17.820719269994633,11.399624261943103,27.01959205582394,1.4358561460010735,0.48980139559849706,3.5292538915727323,2.0933977455716586,35.79575952764358,0.41599570585077833,
31,18.10252281266774,11.399624261943103,26.818303811057433,1.4358561460010735,0.48980139559849706,3.6634460547504024,1.9592055823939882,35.71524422973698,0.41599570585077833,
32,15.411969940955448,10.581052066559312,22.436929683306495,0.9259259259259259,0.4092860976918948,3.556092324208266,1.415727321524423,44.847020933977454,0.41599570585077833,
33,15.734031132581856,10.50053676865271,22.403381642512077,0.9259259259259259,0.4092860976918948,3.502415458937198,1.415727321524423,44.69269994632314,0.41599570585077833,
34,15.76086956521739,10.50053676865271,22.27589908749329,0.9259259259259259,0.4092860976918948,3.743961352657005,1.415727321524423,44.41089640365003,0.5568974771873323,
35,14.895330112721417,10.23215244229737,23.503757380568974,0.9259259259259259,0.4092860976918948,3.7104133118625873,1.415727321524423,44.35050993022008,0.5568974771873323,
36,14.922168545356952,10.23215244229737,23.503757380568974,0.9259259259259259,0.4092860976918948,3.7104133118625873,1.415727321524423,44.32367149758454,0.5568974771873323,
37,13.633923778851315,10.131508319914117,28.63660762211487,0.36231884057971014,0.4092860976918948,3.616478797638218,2.0263016639828235,40.304616210413315,0.8789586688137413,
38,13.66076221148685,10.131508319914117,35.46698872785829,0.36231884057971014,0.4092860976918948,3.616478797638218,2.0263016639828235,33.44739667203435,0.8789586688137413,
39,13.768115942028986,10.091250670960816,35.44015029522276,0.36231884057971014,0.4092860976918948,3.5829307568438002,2.0263016639828235,33.44739667203435,0.8722490606548577,
40,13.774825550187868,10.091250670960816,35.43344068706388,0.36231884057971014,0.4092860976918948,3.5829307568438002,2.0263016639828235,33.44739667203435,0.8722490606548577,
41,13.33870101986044,10.091250670960816,30.897745571658614,0.36231884057971014,0.05367686527106817,3.44873859366613,4.414922168545357,36.04401502952228,1.3486312399355878,
42,13.211218464841654,10.453569511540525,30.636070853462158,0.9192163177670424,0.05367686527106817,3.361513687600644,4.079441760601181,35.94337090713902,1.3419216317767042,
43,13.378958668813741,10.420021470746109,30.58239398819109,0.9192163177670424,0.05367686527106817,3.361513687600644,4.079441760601181,35.86285560923242,1.3419216317767042,
44,13.600375738056897,10.420021470746109,30.414653784219002,0.9192163177670424,0.05367686527106817,3.3279656468062266,4.079441760601181,35.84272678475577,1.3419216317767042,
45,13.6808910359635,10.225442834138486,30.347557702630166,0.9192163177670424,0.05367686527106817,3.3279656468062266,4.314278046162104,35.81588835212023,1.3150831991411702,
46,11.392914653784219,8.521202361782072,30.300590445517983,0.6508319914117016,0.05367686527106817,3.3279656468062266,4.052603327965647,40.385131508319915,1.3150831991411702,
47,11.07085346215781,9.98389694041868,29.300858829844337,0.6508319914117016,0.05367686527106817,3.3279656468062266,4.052603327965647,40.27106816961889,1.288244766505636,
48,11.158078368223295,9.957058507783145,29.166666666666668,0.6508319914117016,0.05367686527106817,3.3279656468062266,4.17337627482555,39.67391304347826,1.8384326355340848,
49,8.387010198604402,8.353462157809984,28.22061191626409,0.6239935587761675,0.36902844873859364,2.589908749329039,3.9720880300590444,45.58507783145464,1.8988191089640365,
50,8.105206655931294,7.575147611379496,25.43612453032743,1.2144390767579174,0.36902844873859364,2.589908749329039,3.9720880300590444,49.36929683306495,1.3687600644122384,
51,8.199141170155663,7.575147611379496,25.40257648953301,1.2144390767579174,0.36902844873859364,2.589908749329039,3.938539989264627,49.342458400429415,1.3687600644122384,
52,8.393719806763285,7.575147611379496,25.335480407944175,1.2144390767579174,0.36902844873859364,2.5697799248523885,3.938539989264627,49.23510466988728,1.3687600644122384,
53,8.82313472893183,7.286634460547504,25.268384326355342,1.2144390767579174,0.36902844873859364,2.5563607085346214,6.038647342995169,46.91358024691358,1.5297906602254427,
54,8.863392377885132,7.004830917874396,25.087224906065487,1.2144390767579174,0.36902844873859364,2.5563607085346214,6.474771873322598,46.90016103059581,1.5297906602254427,
55,8.809715512614064,6.561996779388084,22.282608695652176,1.1272141706924315,0.36231884057971014,2.871712292002147,4.361245303274289,52.301395598497045,1.3217928073000538,
56,8.179012345679013,4.85775630703167,20.055018786902846,1.0466988727858293,0.36231884057971014,2.871712292002147,3.8378958668813743,57.326892109500804,1.4626945786366077,
57,8.13875469672571,4.555823939881911,19.719538378958667,2.0665593129361244,0.36231884057971014,2.871712292002147,3.4957058507783145,57.098765432098766,1.6908212560386473,
58,8.3064949006978,4.555823939881911,19.618894256575416,2.0665593129361244,0.36231884057971014,2.871712292002147,3.4957058507783145,56.88405797101449,1.8384326355340848,
59,8.360171765968868,4.555823939881911,19.592055823939884,2.0665593129361244,0.36231884057971014,2.871712292002147,3.4957058507783145,56.857219538378956,1.8384326355340848,
60,8.480944712828771,4.508856682769726,19.45115405260333,2.0665593129361244,0.36231884057971014,2.7777777777777777,4.025764895330113,56.374127750939344,1.9524959742351047,
61,8.984165324745035,4.4820182501341925,19.444444444444443,2.0397208803005906,0.36231884057971014,2.7777777777777777,4.025764895330113,55.87761674718197,2.006172839506173,
62,9.400161030595813,4.4820182501341925,19.444444444444443,2.0397208803005906,0.36231884057971014,2.7777777777777777,3.911701556629093,55.58910359634997,1.9927536231884058,
63,9.534353193773484,4.4820182501341925,19.390767579173378,2.0397208803005906,0.36231884057971014,2.7777777777777777,3.9049919484702094,54.99865807836822,2.509393451422437,
64,9.936929683306495,4.4820182501341925,18.96135265700483,2.0397208803005906,0.6977992485238862,2.7777777777777777,3.8848631239935587,54.74369296833065,2.475845410628019,
65,9.977187332259795,4.253891572732153,18.78690284487386,3.408480944712829,0.6977992485238862,2.7777777777777777,3.8848631239935587,53.737251744498124,2.475845410628019,
66,5.884326355340848,46.26945786366076,7.7898550724637685,1.4761137949543746,0.27509393451422437,3.066290928609769,1.2278582930756843,32.098765432098766,1.9122383252818036,
67,5.636070853462158,44.0552871712292,7.742887815351583,3.6231884057971016,0.27509393451422437,3.240740740740741,1.7310789049919484,31.45464304884595,2.01959205582394,0.2214170692431562
68,5.736714975845411,44.02173913043478,7.742887815351583,3.616478797638218,0.27509393451422437,3.240740740740741,1.7310789049919484,31.394256575415994,2.01959205582394,0.2214170692431562
69,5.709876543209877,44.02173913043478,7.742887815351583,5.595813204508857,0.27509393451422437,3.240740740740741,1.7310789049919484,29.64975845410628,1.8115942028985508,0.2214170692431562
70,5.783682232957595,43.947933440687066,7.742887815351583,5.595813204508857,0.27509393451422437,3.240740740740741,1.7310789049919484,29.64975845410628,1.8115942028985508,0.2214170692431562
71,5.897745571658615,38.94927536231884,7.2933440687063875,5.488459473966721,0.27509393451422437,2.8918411164787976,1.7310789049919484,35.44015029522276,1.8115942028985508,0.2214170692431562
72,6.226516371443908,38.52657004830918,7.2933440687063875,5.488459473966721,0.27509393451422437,3.260869565217391,1.7310789049919484,35.16505636070853,1.8115942028985508,0.2214170692431562
73,3.8848631239935587,34.74906065485776,4.549114331723027,4.99194847020934,0.27509393451422437,0.9863123993558777,1.7176596886741815,47.36312399355877,1.442565754159957,0.040257648953301126
74,4.03918411164788,34.64170692431562,4.508856682769726,4.931561996779388,0.27509393451422437,0.95276435856146,1.7176596886741815,47.50402576489533,1.3888888888888888,0.040257648953301126
75,4.777241009125067,32.058507783145465,4.508856682769726,3.9989264626945786,0.27509393451422437,1.1406333870101986,5.166398282340311,47.14170692431562,0.9326355340848095,
76,5.065754159957058,32.058507783145465,4.508856682769726,3.9720880300590444,0.27509393451422437,1.1406333870101986,4.998658078368224,47.04777241009125,0.9326355340848095,
77,5.119431025228127,32.058507783145465,4.502147074610843,3.9720880300590444,0.27509393451422437,1.1406333870101986,4.998658078368224,46.43048845947396,1.5029522275899088,
78,5.273752012882448,32.03166935050993,4.502147074610843,3.9720880300590444,0.27509393451422437,1.1406333870101986,4.998658078368224,46.303005904455176,1.5029522275899088,
79,5.307300053676865,30.870907139023082,4.502147074610843,3.9720880300590444,0.27509393451422437,1.1137949543746646,6.166129898013956,46.28958668813741,1.5029522275899088,
80,5.4549114331723025,30.615942028985508,4.502147074610843,3.9720880300590444,0.27509393451422437,2.01959205582394,8.085077831454644,43.59903381642512,1.4761137949543746,
81,5.535426731078905,30.615942028985508,4.502147074610843,3.9720880300590444,0.27509393451422437,2.01959205582394,8.085077831454644,43.51851851851852,1.4761137949543746,
82,5.676328502415459,30.58239398819109,4.502147074610843,3.9720880300590444,0.27509393451422437,2.01959205582394,8.085077831454644,43.41116478797638,1.4761137949543746,
83,5.763553408480945,30.3743961352657,4.502147074610843,3.9720880300590444,0.27509393451422437,2.1739130434782608,8.07836822329576,43.29710144927536,1.5633387010198605,
84,5.938003220611916,30.280461621041333,4.49543746645196,3.9720880300590444,0.27509393451422437,2.1739130434782608,8.051529790660226,43.03542673107891,1.778046162104133,
85,5.991680085882985,30.267042404723565,4.49543746645196,3.9720880300590444,0.27509393451422437,2.1739130434782608,8.051529790660226,42.99516908212561,1.778046162104133,
86,6.146001073537305,30.18652710681696,4.49543746645196,3.9720880300590444,0.27509393451422437,2.1739130434782608,8.051529790660226,42.50536768652711,2.1940418679549114,
87,6.219806763285024,29.891304347826086,4.49543746645196,3.9720880300590444,0.27509393451422437,2.4557165861513686,8.038110574342458,42.45840042941492,2.1940418679549114,
88,6.380837359098229,29.7638217928073,4.49543746645196,3.9720880300590444,0.27509393451422437,2.844873859366613,8.024691358024691,41.82769726247987,2.4154589371980677,
89,4.797369833601718,33.05823939881911,4.166666666666667,3.193773483628556,0.27509393451422437,2.965646806226516,7.897208803005904,41.23054213633924,2.4154589371980677,
90,4.85775630703167,32.96430488459474,2.7643585614600106,3.193773483628556,,2.965646806226516,9.916800858829845,40.92190016103059,2.4154589371980677,
91,5.0791733762748255,32.930756843800324,2.7308105206655933,3.193773483628556,,2.965646806226516,9.916800858829845,40.80112721417069,2.38191089640365,
92,5.35426731078905,32.789855072463766,2.7308105206655933,3.1870638754696725,,2.965646806226516,9.883252818035427,40.707192699946326,2.38191089640365,
93,5.092592592592593,31.53515834675255,2.6033279656468062,3.240740740740741,,2.227589908749329,9.25925925925926,44.07541599570585,1.9659151905528718,
94,4.562533548040794,31.4747718733226,2.6033279656468062,12.00348899624262,,1.6170155662909287,9.245840042941492,37.003488996242616,1.4895330112721417,
95,4.669887278582931,31.414385399892645,2.6033279656468062,12.00348899624262,,1.6170155662909287,9.198872785829307,37.003488996242616,1.4895330112721417,
96,4.7638217928073,31.333870101986044,3.9989264626945786,11.520397208803006,,1.6170155662909287,8.997584541062801,36.00375738056898,1.7646269457863661,
97,5.287171229200215,31.179549114331724,3.9855072463768115,11.520397208803006,,1.6103059581320451,8.816425120772946,35.507246376811594,2.0933977455716586,
98,5.414653784219001,31.166129898013956,3.9855072463768115,11.520397208803006,,1.6103059581320451,8.776167471819646,35.43344068706388,2.0933977455716586,
99,5.958132045088567,30.99838969404187,3.9855072463768115,11.520397208803006,,1.6103059581320451,8.776167471819646,35.057702630166396,2.0933977455716586,
100,6.146001073537305,29.676596886741816,3.9855072463768115,11.493558776167472,,1.8115942028985508,9.977187332259795,34.816156736446594,2.0933977455716586,
101,6.649221685453569,29.656468062265162,3.9855072463768115,11.493558776167472,,1.8115942028985508,9.628287707997853,34.68196457326892,2.0933977455716586,
102,6.501610305958132,23.19511540526033,3.9855072463768115,11.493558776167472,,1.442565754159957,8.400429414922169,43.02871712292002,1.9524959742351047,
103,6.481481481481482,23.17498658078368,3.9855072463768115,11.493558776167472,,1.442565754159957,8.400429414922169,42.54562533548041,2.475845410628019,
104,6.66935050993022,23.17498658078368,3.9855072463768115,11.41304347826087,,1.442565754159957,8.393719806763285,42.31749865807837,2.6033279656468062,
105,6.635802469135802,23.141438539989263,3.9855072463768115,11.41304347826087,,1.442565754159957,8.393719806763285,42.01556629092861,2.9723564143853998,
106,6.588835212023618,23.2085346215781,3.9855072463768115,11.41304347826087,,1.8853998926462694,8.333333333333334,41.700214707461086,2.885131508319914,
107,6.910896403650026,23.19511540526033,3.9855072463768115,12.761674718196458,,1.8786902844873858,8.252818035426731,40.25764895330113,2.757648953301127,
108,5.723295759527644,19.45115405260333,10.809178743961352,12.00348899624262,0.7112184648416533,1.7042404723564144,6.582125603864735,40.25764895330113,2.757648953301127,
109,6.018518518518518,19.45115405260333,10.487117552334944,11.990069779924852,0.9997316156736447,1.7042404723564144,6.528448738593666,40.11674718196457,2.703972088030059,
110,6.1862587224906065,19.37734836285561,10.487117552334944,11.976650563607086,0.9997316156736447,1.7042404723564144,6.528448738593666,39.93558776167472,2.804616210413312,
111,6.327160493827161,19.33709071390231,10.48040794417606,11.600912506709609,0.9997316156736447,1.7042404723564144,6.9310252281266775,39.841653247450346,2.7777777777777777,
112,6.219806763285024,18.02200751476114,10.46027911969941,13.848631239935587,0.9997316156736447,1.06682769726248,6.89747718733226,39.71417069243156,2.771068169618894,
113,6.320450885668277,18.00858829844337,10.46027911969941,13.81508319914117,0.9997316156736447,1.06682769726248,6.89747718733226,39.660493827160494,2.771068169618894,
114,6.622383252818035,16.304347826086957,10.158346752549651,13.378958668813741,0.9997316156736447,0.7716049382716049,9.373322597960279,39.62023617820719,2.771068169618894,
115,6.810252281266774,16.297638217928075,9.561191626409018,13.466183574879228,0.9997316156736447,0.7716049382716049,9.96376811594203,39.432367149758456,2.6972624798711755,
116,6.957863660762212,16.297638217928075,9.54777241009125,13.41250670960816,0.9728931830381106,0.7716049382716049,9.96376811594203,39.14385399892646,2.932098765432099,
117,7.03166935050993,16.297638217928075,9.54777241009125,13.41250670960816,0.9728931830381106,0.7716049382716049,9.950348899624261,39.08346752549651,2.932098765432099,
118,6.964573268921095,16.297638217928075,8.07836822329576,13.39237788513151,0.9728931830381106,0.7716049382716049,8.628556092324208,41.96188942565754,2.932098765432099,
119,6.736446591519055,16.27079978529254,8.07836822329576,13.258185721953838,0.9728931830381106,1.3217928073000538,9.541062801932368,40.78099838969404,2.9052603327965647,0.13419216317767044
120,6.729736983360172,15.271068169618895,8.017981749865807,13.231347289318304,0.9728931830381106,1.3217928073000538,11.198336017176597,39.42565754159957,3.69699409554482,0.13419216317767044
121,6.743156199677939,15.257648953301127,8.017981749865807,13.231347289318304,0.9728931830381106,1.3217928073000538,11.198336017176597,39.42565754159957,3.69699409554482,0.13419216317767044
122,6.743156199677939,15.257648953301127,8.017981749865807,13.231347289318304,0.9728931830381106,1.3217928073000538,11.198336017176597,39.42565754159957,3.69699409554482,0.13419216317767044
123,7.051798174986581,15.049651100375739,7.977724100912507,13.231347289318304,0.9728931830381106,1.6438539989264627,11.178207192699947,39.09688674181428,3.6634460547504024,0.13419216317767044
124,7.353730542136339,15.049651100375739,7.454374664519592,13.741277509393452,0.9728931830381106,1.6438539989264627,11.077563070316694,38.63392377885131,3.938539989264627,0.13419216317767044
125,7.561728395061729,15.01610305958132,7.340311325818572,13.633923778851315,0.9728931830381106,1.6438539989264627,11.366076221148685,38.39237788513151,3.938539989264627,0.13419216317767044
126,7.628824476650563,14.969135802469136,7.340311325818572,13.627214170692431,0.9728931830381106,1.6438539989264627,11.366076221148685,38.18438003220612,4.133118625872249,0.13419216317767044
127,7.192699946323135,14.908749329039184,6.696188942565755,6.025228126677402,0.5032206119162641,1.6371443907675791,10.272410091250672,48.7385936661299,4.025764895330113,
128,7.50805152979066,14.908749329039184,6.662640901771336,6.025228126677402,0.5032206119162641,1.6371443907675791,10.071121846484166,48.65807836822329,4.025764895330113,
129,7.568438003220612,14.908749329039184,6.649221685453569,6.025228126677402,0.5032206119162641,1.6371443907675791,10.071121846484166,48.611111111111114,4.025764895330113,
130,7.25979602791197,13.197799248523886,6.481481481481482,8.433977455716587,0.5032206119162641,1.6371443907675791,10.00402576489533,48.470209339774556,4.012345679012346,
131,6.863929146537842,12.681159420289855,15.485775630703166,7.071926999463232,0.5032206119162641,0.6508319914117016,9.997316156736447,43.70638754696726,3.0394524959742353,
132,6.951154052603328,12.647611379495437,15.458937198067632,7.071926999463232,0.5032206119162641,0.6508319914117016,9.970477724100913,43.70638754696726,3.0394524959742353,
133,7.25979602791197,12.647611379495437,15.458937198067632,7.071926999463232,0.4830917874396135,0.6508319914117016,9.950348899624261,43.43800322061192,3.0394524959742353,
134,7.716049382716049,12.600644122383253,15.458937198067632,7.051798174986581,0.4830917874396135,0.644122383252818,9.930220075147611,43.07568438003221,3.0394524959742353,
135,7.937466451959206,12.567096081588835,15.432098765432098,6.91760601180891,0.39586688137412773,0.644122383252818,10.151637144390767,42.914653784219,3.0394524959742353,
136,7.206119162640902,10.433440687063875,20.974235104669887,6.387546967257112,0.39586688137412773,0.9728931830381106,9.333064949006978,41.54589371980676,2.7509393451422435,
137,7.37385936661299,10.393183038110575,15.807836822329575,6.347289318303811,0.39586688137412773,0.9728931830381106,9.333064949006978,46.833064949006975,2.5429414922168547,
138,7.75630703166935,10.393183038110575,15.787707997852925,6.347289318303811,0.39586688137412773,0.9728931830381106,9.098228663446054,46.70558239398819,2.5429414922168547,
139,7.809983896940419,10.393183038110575,15.774288781535159,6.347289318303811,0.39586688137412773,0.9728931830381106,9.084809447128288,46.67874396135266,2.5429414922168547,
140,7.883789586688137,10.393183038110575,15.70048309178744,6.347289318303811,0.39586688137412773,0.9728931830381106,9.084809447128288,46.67874396135266,2.5429414922168547,
141,8.004562533548041,10.393183038110575,15.693773483628556,6.347289318303811,0.39586688137412773,0.9728931830381106,9.272678475577026,46.3768115942029,2.5429414922168547,
142,8.091787439613526,10.393183038110575,15.653515834675256,6.347289318303811,0.39586688137412773,0.9728931830381106,9.265968867418144,46.3365539452496,2.5429414922168547,
143,6.280193236714976,8.313204508856682,12.734836285560924,4.99194847020934,0.39586688137412773,0.07380568974771873,5.83064949006978,59.10493827160494,2.2745571658615136,
144,6.407675791733762,8.125335480407944,14.31159420289855,4.978529253891573,0.39586688137412773,0.2885131508319914,5.83064949006978,57.27321524422974,2.3886205045625335,
145,6.723027375201288,8.125335480407944,14.264626945786366,4.944981213097155,0.39586688137412773,0.2885131508319914,5.83064949006978,56.92431561996779,2.5026838432635534,
146,6.716317767042405,8.125335480407944,13.170960815888352,6.206387546967257,0.39586688137412773,0.2885131508319914,5.83064949006978,56.447933440687066,2.818035426731079,
147,6.89747718733226,8.125335480407944,13.170960815888352,6.172839506172839,0.39586688137412773,0.2885131508319914,5.803811057434245,56.32716049382716,2.818035426731079,
148,7.078636607622115,8.125335480407944,13.117283950617283,6.139291465378422,0.39586688137412773,0.2885131508319914,5.797101449275362,56.23993558776167,2.818035426731079,
149,7.112184648416532,8.125335480407944,13.117283950617283,6.139291465378422,0.39586688137412773,0.2885131508319914,5.844068706387547,56.045356951154055,2.932098765432099,
150,7.27992485238862,8.05823939881911,13.110574342458401,6.072195383789587,0.39586688137412773,0.2885131508319914,5.844068706387547,56.01851851851852,2.932098765432099,
151,7.440955448201825,8.031400966183575,13.097155126140633,6.045356951154052,0.3824476650563607,0.2885131508319914,5.8172302737520125,55.683038110574344,3.2139023081052067,
152,7.950885668276973,7.997852925389157,12.74825550187869,5.904455179817498,0.3824476650563607,0.2885131508319914,6.347289318303811,55.03220611916264,3.3480944712828773,
153,6.488191089640365,4.542404723564144,11.976650563607086,4.810789049919484,0.2281266774020397,0.2885131508319914,5.501878690284487,63.43263553408481,2.7308105206655933,
154,6.528448738593666,4.461889425657541,12.258454106280194,4.810789049919484,0.013419216317767043,0.2885131508319914,5.475040257648954,63.16425120772947,2.999194847020934,
155,6.575415995705851,4.461889425657541,12.258454106280194,4.810789049919484,0.013419216317767043,0.2885131508319914,5.414653784219001,62.68786902844874,3.488996242619431,
156,6.763285024154589,4.461889425657541,12.171229200214707,4.810789049919484,0.013419216317767043,0.2885131508319914,5.414653784219001,62.58722490606549,3.488996242619431,
157,6.991411701556629,4.461889425657541,12.144390767579173,4.797369833601718,0.013419216317767043,0.2885131508319914,5.414653784219001,62.39935587761675,3.488996242619431,
158,7.132313472893183,4.461889425657541,12.084004294149223,4.797369833601718,0.0067096081588835215,0.2885131508319914,5.407944176060118,62.33225979602791,3.488996242619431,
159,7.239667203435319,4.455179817498658,11.802200751476114,4.797369833601718,0.0067096081588835215,0.5300590445517982,5.407944176060118,61.741814278046164,4.019055287171229,
160,7.326892109500805,4.38137412775094,11.788781535158346,4.797369833601718,0.0067096081588835215,0.5300590445517982,5.407944176060118,61.460010735373054,4.300858829844337,
161,7.434245840042942,4.38137412775094,11.788781535158346,4.797369833601718,0.0067096081588835215,0.5300590445517982,5.407944176060118,60.789049919484704,4.864465915190553,
162,7.03166935050993,4.2270531400966185,21.30300590445518,4.797369833601718,0.0067096081588835215,0.5300590445517982,5.407944176060118,52.12023617820719,4.575952764358561,
163,7.098765432098766,4.2270531400966185,21.28287707997853,4.797369833601718,0.0067096081588835215,0.5300590445517982,5.407944176060118,51.63714439076758,5.01207729468599,
164,7.273215244229737,4.2270531400966185,21.22920021470746,4.7168545356951155,0.0067096081588835215,0.5300590445517982,5.407944176060118,51.301663982823406,5.307300053676865,
165,7.595276435856146,4.2270531400966185,21.22920021470746,4.7168545356951155,0.0067096081588835215,0.5300590445517982,5.407944176060118,50.979602791196996,5.307300053676865,
166,7.836822329575953,4.2270531400966185,21.22920021470746,4.7168545356951155,0.0067096081588835215,0.5300590445517982,5.407944176060118,50.70450885668277,5.340848094471283,
167,8.105206655931294,4.200214707461084,21.155394524959743,4.7168545356951155,0.0067096081588835215,0.5300590445517982,5.407944176060118,50.577026301663984,5.300590445517981,
168,8.360171765968868,4.200214707461084,21.14868491680086,4.7168545356951155,0.0067096081588835215,0.5300590445517982,5.407944176060118,50.214707461084274,5.414653784219001,
169,8.507783145464305,4.186795491143317,21.095008051529792,4.7168545356951155,0.0067096081588835215,1.6639828234031133,5.407944176060118,49.000268384326354,5.414653784219001,
170,8.628556092324208,4.186795491143317,21.095008051529792,4.696725711218465,0.0067096081588835215,1.6639828234031133,5.407944176060118,48.698336017176594,5.615942028985507,
171,8.82313472893183,3.9318303811057436,21.068169618894256,4.542404723564144,0.0067096081588835215,1.9457863660762211,5.387815351583468,48.49704777241009,5.797101449275362,
172,9.192163177670425,3.9318303811057436,20.719269994632313,4.542404723564144,0.0067096081588835215,1.9457863660762211,5.387815351583468,48.47691894793344,5.797101449275362,
173,9.46725711218465,3.92512077294686,20.719269994632313,4.542404723564144,0.0067096081588835215,1.932367149758454,5.387815351583468,48.23537305421363,5.783682232957595,
174,9.634997316156737,3.92512077294686,20.625335480407944,4.542404723564144,0.0067096081588835215,1.932367149758454,5.387815351583468,48.16156736446592,5.783682232957595,
175,10.0979602791197,3.750670960815888,20.229468599033815,4.320987654320987,0.0067096081588835215,2.3752012882447664,5.387815351583468,48.101180891035966,5.730005367686527,
176,10.339506172839506,3.750670960815888,20.148953301127214,4.1129898013955986,0.27509393451422437,2.3752012882447664,5.387815351583468,47.738862050456255,5.870907139023081,
177,10.433440687063875,3.750670960815888,20.075147611379496,4.1129898013955986,0.27509393451422437,2.3752012882447664,5.387815351583468,47.718733225979605,5.870907139023081,
178,10.507246376811594,3.750670960815888,20.02818035426731,4.1129898013955986,0.27509393451422437,2.3752012882447664,5.387815351583468,47.69189479334407,5.870907139023081,
179,10.695115405260333,3.750670960815888,19.887278582930758,4.1129898013955986,0.27509393451422437,2.3752012882447664,5.35426731078905,47.678475577026305,5.870907139023081,
180,10.829307568438002,3.750670960815888,19.887278582930758,4.0995705850778315,0.27509393451422437,2.3752012882447664,5.287171229200215,47.24906065485776,6.246645195920558,
181,10.970209339774557,3.750670960815888,19.57192699946323,4.0995705850778315,0.27509393451422437,2.3752012882447664,5.246913580246914,47.12157809983897,6.588835212023618,
182,10.976918947933441,3.750670960815888,19.57192699946323,4.0995705850778315,0.27509393451422437,2.3752012882447664,5.246913580246914,46.792807300053674,6.910896403650026,
183,11.20504562533548,3.750670960815888,19.47128287707998,4.072732152442297,0.27509393451422437,2.3752012882447664,5.246913580246914,46.69216317767042,6.910896403650026,
184,11.366076221148685,3.643317230273752,19.45786366076221,4.072732152442297,0.27509393451422437,2.4825550187869028,5.246913580246914,46.564680622651636,6.890767579173376,
185,11.647879763821793,3.6231884057971016,19.43102522812668,4.206924315619967,0.27509393451422437,2.4825550187869028,5.139559849704777,46.31642512077295,6.877348362855609,
186,11.83574879227053,3.6231884057971016,19.330381105743424,4.186795491143317,0.27509393451422437,2.4825550187869028,5.139559849704777,46.24932903918411,6.877348362855609,
187,12.084004294149223,3.6231884057971016,19.229736983360173,4.247181964573269,0.27509393451422437,2.4825550187869028,5.139559849704777,46.06816961889426,6.850509930220075,
188,12.278582930756844,3.6231884057971016,18.887546967257112,4.247181964573269,0.27509393451422437,2.4825550187869028,5.481749865807837,45.30327428878154,7.4208266237251745,
189,12.298711755233494,3.6231884057971016,18.853998926462694,4.2203435319377345,0.27509393451422437,2.85829307568438,5.481749865807837,44.99463231347289,7.39398819108964,
190,12.439613526570048,3.6231884057971016,18.793612453032743,4.2203435319377345,0.27509393451422437,2.85829307568438,5.481749865807837,44.927536231884055,7.380568974771873,
191,12.614063338701019,3.6231884057971016,18.753354804079443,4.206924315619967,0.27509393451422437,2.844873859366613,5.481749865807837,44.89398819108964,7.306763285024155,
192,12.741545893719806,3.616478797638218,18.726516371443907,4.206924315619967,0.27509393451422437,2.844873859366613,5.481749865807837,44.81347289318304,7.2933440687063875,
193,12.734836285560924,3.589640365002684,18.686258722490606,4.206924315619967,0.27509393451422437,2.844873859366613,5.60252281266774,44.76650563607085,7.2933440687063875,
194,12.808641975308642,3.5091250670960816,18.65271068169619,4.206924315619967,0.27509393451422437,2.985775630703167,5.60252281266774,44.55179817498658,7.407407407407407,
195,12.526838432635534,3.5091250670960816,18.075684380032207,4.200214707461084,0.27509393451422437,2.985775630703167,7.058507783145465,43.96806226516372,7.4006977992485234,
196,12.546967257112184,3.5091250670960816,17.70665593129361,4.200214707461084,0.27509393451422437,3.1602254428341383,7.058507783145465,43.833870101986044,7.709339774557166,
197,12.533548040794418,3.5091250670960816,17.67981749865808,4.200214707461084,0.27509393451422437,3.4688674181427803,6.977992485238862,43.51851851851852,7.836822329575953,
198,12.620772946859903,3.5091250670960816,17.60601180891036,4.1532474503489,0.27509393451422437,3.4688674181427803,7.434245840042942,43.11594202898551,7.816693505099302,
199,12.889157273215245,3.5091250670960816,17.45169082125604,4.1532474503489,0.27509393451422437,3.4420289855072466,7.434245840042942,43.02871712292002,7.816693505099302,
200,12.99651100375738,3.4957058507783145,17.45169082125604,4.1532474503489,0.27509393451422437,3.7238325281803544,7.4141170155662905,42.67981749865808,7.809983896940419,
201,13.137412775093935,3.4957058507783145,17.45169082125604,4.1532474503489,0.27509393451422437,3.7238325281803544,7.380568974771873,42.579173376274824,7.803274288781535,
202,12.95625335480408,3.4957058507783145,17.37788513150832,4.408212560386473,0.27509393451422437,3.7238325281803544,7.380568974771873,42.579173376274824,7.803274288781535,
203,13.050187869028449,3.4957058507783145,17.364465915190554,4.408212560386473,0.27509393451422437,3.938539989264627,7.37385936661299,42.351046698872786,7.742887815351583,
204,13.33870101986044,3.4957058507783145,17.364465915190554,4.30756843800322,0.27509393451422437,3.938539989264627,7.514761137949543,42.0222758990875,7.742887815351583,
205,13.378958668813741,3.4957058507783145,17.351046698872786,4.30756843800322,0.27509393451422437,3.938539989264627,7.514761137949543,41.99543746645196,7.742887815351583,
206,13.539989264626946,3.4957058507783145,17.3040794417606,4.30756843800322,0.27509393451422437,3.938539989264627,7.514761137949543,41.908212560386474,7.716049382716049,
207,13.560118089103597,3.4957058507783145,17.28395061728395,4.30756843800322,0.27509393451422437,3.938539989264627,7.514761137949543,41.908212560386474,7.716049382716049,
208,14.023081052066559,3.4957058507783145,17.2638217928073,4.30756843800322,0.27509393451422437,3.8311862587224907,7.514761137949543,41.727053140096615,7.561728395061729,
209,14.083467525496511,3.4957058507783145,17.257112184648417,4.280730005367687,0.27509393451422437,3.8311862587224907,7.514761137949543,41.700214707461086,7.561728395061729,
210,14.170692431561998,3.488996242619431,17.236983360171767,4.260601180891036,0.27509393451422437,3.8311862587224907,7.514761137949543,41.666666666666664,7.555018786902845,
211,13.405797101449275,3.488996242619431,16.183574879227052,9.07139023081052,0.27509393451422437,3.8311862587224907,7.514761137949543,38.77482555018787,7.454374664519592,
212,13.479602791196994,3.488996242619431,16.183574879227052,9.07139023081052,0.27509393451422437,3.8311862587224907,7.481213097155126,38.73456790123457,7.454374664519592,
213,13.526570048309178,3.488996242619431,16.183574879227052,9.07139023081052,0.27509393451422437,3.8311862587224907,7.481213097155126,38.687600644122384,7.454374664519592,
214,13.56682769726248,3.488996242619431,16.183574879227052,9.057971014492754,0.27509393451422437,3.8311862587224907,7.481213097155126,38.6808910359635,7.434245840042942,
215,13.56682769726248,3.488996242619431,16.183574879227052,9.057971014492754,0.27509393451422437,3.8311862587224907,7.481213097155126,38.6808910359635,7.434245840042942,
216,13.56682769726248,3.488996242619431,16.13660762211487,9.03113258185722,0.27509393451422437,3.965378421900161,7.481213097155126,37.9495437466452,8.105206655931294,
217,12.969672571121846,3.44873859366613,20.605206655931294,8.99087493290392,0.27509393451422437,3.965378421900161,7.481213097155126,34.78260869565217,7.481213097155126,
218,13.003220611916264,3.408480944712829,20.571658615136876,8.789586688137414,0.5434782608695652,3.965378421900161,7.440955448201825,34.62157809983897,7.6556629092860975,
219,13.110574342458401,3.408480944712829,20.511272141706925,8.78287707997853,0.5434782608695652,3.965378421900161,7.440955448201825,34.58132045088567,7.6556629092860975,
220,13.117283950617283,3.408480944712829,20.50456253354804,8.78287707997853,0.5434782608695652,3.965378421900161,7.440955448201825,34.58132045088567,7.6556629092860975,
221,13.211218464841654,3.408480944712829,20.43075684380032,8.78287707997853,0.5434782608695652,3.965378421900161,7.440955448201825,34.56119162640902,7.6556629092860975,
222,13.09044551798175,3.3682232957595275,21.812936124530328,8.454106280193237,0.5434782608695652,3.9318303811057436,6.944444444444445,34.19887278582931,7.6556629092860975,
223,13.18438003220612,3.3682232957595275,21.79951690821256,8.454106280193237,0.5434782608695652,3.898282340311326,6.944444444444445,34.18545356951154,7.62211486849168,
224,13.446054750402576,3.3682232957595275,21.72571121846484,8.420558239398819,0.5434782608695652,3.898282340311326,7.206119162640902,34.024422973698336,7.367149758454106,
225,13.7211486849168,3.3682232957595275,21.70558239398819,8.420558239398819,0.5434782608695652,3.8043478260869565,7.179280730005368,33.91035963499731,7.347020933977456,
226,13.821792807300053,3.3413848631239937,21.70558239398819,8.420558239398819,0.5434782608695652,3.8043478260869565,7.179280730005368,33.843263553408484,7.340311325818572,
227,13.285024154589372,3.3413848631239937,25.308641975308642,8.393719806763285,0.5434782608695652,3.8043478260869565,7.179280730005368,30.88432635534085,7.25979602791197,
228,13.378958668813741,3.3413848631239937,25.241545893719806,8.393719806763285,0.5434782608695652,3.8043478260869565,7.179280730005368,30.857487922705314,7.25979602791197,
229,13.546698872785829,3.3413848631239937,25.107353730542137,8.393719806763285,0.5434782608695652,3.797638217928073,7.179280730005368,30.756843800322063,7.333601717659689,
230,13.627214170692431,3.3413848631239937,25.09393451422437,8.36688137412775,0.5434782608695652,3.797638217928073,7.179280730005368,30.73671497584541,7.313472893183038,
231,13.707729468599034,3.3413848631239937,25.09393451422437,8.36688137412775,0.5434782608695652,3.797638217928073,7.152442297369833,30.709876543209877,7.286634460547504,
232,13.801663982823403,3.3413848631239937,25.07380568974772,8.36688137412775,0.5434782608695652,3.797638217928073,7.152442297369833,30.67632850241546,7.246376811594203,
233,14.17740203972088,3.3413848631239937,24.818840579710145,8.36688137412775,0.5434782608695652,3.797638217928073,7.152442297369833,30.60252281266774,7.199409554482019,
234,14.452495974235104,3.33467525496511,24.63768115942029,8.353462157809984,0.5434782608695652,3.784219001610306,7.14573268921095,30.56226516371444,7.185990338164252,
235,14.506172839506172,3.321256038647343,24.52361782071927,8.353462157809984,0.5434782608695652,3.6634460547504024,7.481213097155126,30.421363392377884,7.185990338164252,
