,45,50,55,52,53,51,56,54,58,57
0,100.0,,,,,,,,,
1,99.66451959205583,0.33548040794417605,,,,,,,,
2,99.66451959205583,0.33548040794417605,,,,,,,,
3,99.18813741277509,0.8118625872249061,,,,,,,,
4,99.18813741277509,0.8118625872249061,,,,,,,,
5,98.82581857219539,1.1741814278046163,,,,,,,,
6,98.64465915190553,1.3553408480944713,,,,,,,,
7,98.6580783682233,1.3419216317767042,,,,,,,,
8,85.44685990338164,14.553140096618357,,,,,,,,
9,85.4669887278583,14.533011272141707,,,,,,,,
10,85.4669887278583,14.533011272141707,,,,,,,,
11,85.42002147074611,14.579978529253891,,,,,,,,
12,78.02603327965647,21.973966720343533,,,,,,,,
13,77.83145464304884,21.953837895866883,0.2147074610842727,,,,,,,
14,77.78448738593666,22.000805152979066,0.2147074610842727,,,,,,,
15,75.59715512614063,24.188137412775095,0.2147074610842727,,,,,,,
16,74.7584541062802,25.026838432635532,0.2147074610842727,,,,,,,
17,74.32903918411165,25.45625335480408,0.2147074610842727,,,,,,,
18,65.68706387546968,33.373590982286636,0.2147074610842727,0.7246376811594203,,,,,,
19,65.72732152442298,33.333333333333336,0.2147074610842727,0.7246376811594203,,,,,,
20,65.77428878153516,33.111916264090176,0.38915727321524424,0.7246376811594203,,,,,,
21,65.82125603864735,33.06494900697799,0.38915727321524424,0.7246376811594203,,,,,,
22,65.77428878153516,33.111916264090176,0.38915727321524424,0.7246376811594203,,,,,,
23,65.77428878153516,33.03811057434246,0.38915727321524424,0.798443370907139,,,,,,
24,65.52603327965647,33.28636607622115,0.38915727321524424,0.798443370907139,,,,,,
25,65.15700483091787,33.65539452495974,0.38915727321524424,0.798443370907139,,,,,,
26,63.08373590982286,35.017444981213096,0.38915727321524424,0.798443370907139,0.7112184648416533,,,,,
27,61.580783682232955,33.61513687600644,0.38915727321524424,0.798443370907139,0.7112184648416533,2.9052603327965647,,,,
28,61.600912506709605,33.59500805152979,0.38915727321524424,0.798443370907139,0.7112184648416533,2.9052603327965647,,,,
29,54.85775630703167,40.33816425120773,0.38915727321524424,0.798443370907139,0.7112184648416533,2.9052603327965647,,,,
30,54.73698336017176,40.45893719806763,0.38915727321524424,0.798443370907139,0.7112184648416533,2.9052603327965647,,,,
31,54.1532474503489,40.88835212023618,0.5434782608695652,0.798443370907139,0.7112184648416533,2.9052603327965647,,,,
32,54.33440687063875,40.552871712292,0.47638217928073,0.798443370907139,1.0064412238325282,2.831454643048846,,,,
33,54.36124530327429,40.52603327965647,0.47638217928073,0.798443370907139,1.0064412238325282,2.831454643048846,,,,
34,54.38137412775094,40.50590445517982,0.47638217928073,0.798443370907139,1.0064412238325282,2.831454643048846,,,,
35,54.06602254428341,40.82125603864734,0.47638217928073,0.798443370907139,1.0064412238325282,2.831454643048846,,,,
36,54.119699409554485,40.76757917337628,0.47638217928073,0.798443370907139,1.0064412238325282,2.831454643048846,,,,
37,54.119699409554485,40.66022544283414,0.5837359098228664,0.798443370907139,1.0064412238325282,2.831454643048846,,,,
38,53.38164251207729,41.06280193236715,0.9192163177670424,0.798443370907139,1.0064412238325282,2.831454643048846,,,,
39,53.38164251207729,41.06280193236715,0.9192163177670424,0.798443370907139,1.0064412238325282,2.831454643048846,,,,
40,53.20048309178744,41.08964036500269,1.0534084809447128,1.482823403113258,1.0064412238325282,2.167203435319377,,,,
41,52.965646806226516,41.217122920021474,1.1607622114868492,1.482823403113258,1.0064412238325282,2.167203435319377,,,,
42,48.32259796027912,46.23590982286635,0.5434782608695652,1.724369296833065,1.0064412238325282,2.167203435319377,,,,
43,48.22195383789587,46.3365539452496,0.5434782608695652,1.724369296833065,1.0064412238325282,2.167203435319377,,,,
44,48.31588835212023,46.242619431025226,0.5434782608695652,1.724369296833065,1.0064412238325282,2.167203435319377,,,,
45,47.30273752012882,43.08910359634997,0.5434782608695652,1.42914653784219,1.0064412238325282,6.629092860976919,,,,
46,43.666129898013956,36.25872249060655,0.6038647342995169,0.9259259259259259,0.9863123993558777,17.559044551798173,,,,
47,43.69296833064949,36.231884057971016,0.6038647342995169,0.9259259259259259,0.9863123993558777,17.559044551798173,,,,
48,43.45142243692968,36.493558776167475,0.6038647342995169,0.9259259259259259,0.9863123993558777,17.538915727321523,,,,
49,42.00214707461084,33.72920021470746,0.6038647342995169,0.9259259259259259,0.9863123993558777,21.68545356951154,0.06709608158883522,,,
50,42.089371980676326,33.64868491680086,0.6038647342995169,0.9259259259259259,0.9863123993558777,21.67874396135266,0.06709608158883522,,,
51,42.29736983360172,33.53462157809984,0.6038647342995169,0.9259259259259259,0.9863123993558777,21.584809447128286,0.06709608158883522,,,
52,42.330917874396135,33.313204508856685,0.6038647342995169,0.9192163177670424,1.6304347826086956,20.994363929146537,0.20799785292538917,,,
53,42.3845947396672,33.25952764358561,0.6038647342995169,0.9192163177670424,1.6304347826086956,20.994363929146537,0.20799785292538917,,,
54,42.42485238862051,33.2259796027912,0.6038647342995169,0.9192163177670424,1.6304347826086956,20.987654320987655,0.20799785292538917,,,
55,42.42485238862051,33.2259796027912,0.6038647342995169,0.9192163177670424,1.6304347826086956,20.987654320987655,0.20799785292538917,,,
56,41.237251744498124,33.3064949006978,0.6038647342995169,0.5904455179817498,1.6304347826086956,22.423510466988727,0.20799785292538917,,,
57,41.36473429951691,33.2259796027912,0.5904455179817498,0.5904455179817498,1.6304347826086956,22.38996242619431,0.20799785292538917,,,
58,41.418411164787976,33.1857219538379,0.5904455179817498,0.5904455179817498,1.6304347826086956,22.376543209876544,0.20799785292538917,,,
59,41.53918411164788,33.111916264090176,0.5904455179817498,0.5904455179817498,1.6304347826086956,22.32957595276436,0.20799785292538917,,,
60,41.076221148684915,32.96430488459474,0.5904455179817498,1.221148684916801,1.6304347826086956,22.309447128287708,0.20799785292538917,,,
61,39.67391304347826,30.595813204508858,0.5904455179817498,1.221148684916801,1.6304347826086956,26.147342995169083,0.14090177133655393,,,
62,39.86849168008588,30.595813204508858,0.5904455179817498,1.221148684916801,1.6304347826086956,25.95276435856146,0.14090177133655393,,,
63,39.492753623188406,30.381105743424584,0.5904455179817498,1.221148684916801,1.6304347826086956,26.54320987654321,0.14090177133655393,,,
64,39.398819108964034,28.56280193236715,0.5904455179817498,1.221148684916801,3.5426731078904994,26.54320987654321,0.14090177133655393,,,
65,39.22436929683307,28.784219001610307,0.5904455179817498,1.221148684916801,3.535963499731616,26.50295222758991,0.14090177133655393,,,
66,39.170692431561996,28.864734299516908,0.5904455179817498,1.221148684916801,3.535963499731616,26.402308105206657,0.2147074610842727,,,
67,39.09688674181428,28.837895866881375,0.5904455179817498,3.260869565217391,3.4957058507783145,24.50348899624262,0.2147074610842727,,,
68,39.01637144390767,28.918411164787976,0.5904455179817498,3.260869565217391,3.4957058507783145,24.3894256575416,0.32877079978529256,,,
69,39.01637144390767,28.918411164787976,0.5904455179817498,3.260869565217391,3.4957058507783145,24.3894256575416,0.32877079978529256,,,
70,35.99704777241009,31.95115405260333,0.5904455179817498,3.260869565217391,3.4151905528717124,24.308910359634996,0.32877079978529256,0.14761137949543746,,
71,36.10440150295223,31.884057971014492,0.5904455179817498,3.260869565217391,3.3011272141706924,24.261943102522814,0.30193236714975846,0.2952227589908749,,
72,36.13794954374664,31.870638754696724,0.5904455179817498,3.260869565217391,3.3011272141706924,24.168008588298445,0.3757380568974772,0.2952227589908749,,
73,32.48792270531401,34.88996242619431,0.5904455179817498,3.2340311325818574,4.005636070853462,24.12104133118626,0.3757380568974772,0.2952227589908749,,
74,32.52147074610843,34.856414385399894,0.5904455179817498,3.2340311325818574,4.005636070853462,24.12104133118626,0.3757380568974772,0.2952227589908749,,
75,32.628824476650564,34.74235104669887,0.5904455179817498,3.2340311325818574,3.9452495974235107,24.10762211486849,0.3757380568974772,0.3757380568974772,,
76,32.669082125603865,34.715512614063336,0.5904455179817498,3.2206119162640903,3.9452495974235107,24.10762211486849,0.3757380568974772,0.3757380568974772,,
77,32.588566827697264,34.735641438539986,0.5904455179817498,3.180354267310789,3.9452495974235107,24.10762211486849,0.3757380568974772,0.47638217928073,,
78,32.400697799248526,34.936929683306495,0.5904455179817498,3.180354267310789,3.9452495974235107,24.094202898550726,0.3757380568974772,0.47638217928073,,
79,32.41411701556629,34.93022007514761,0.5904455179817498,3.1736446591519054,3.9452495974235107,24.094202898550726,0.3757380568974772,0.47638217928073,,
80,32.360440150295226,34.52093397745572,0.5904455179817498,3.6366076221148687,3.9452495974235107,24.094202898550726,0.3757380568974772,0.47638217928073,,
81,31.682769726247987,32.48121309715513,0.5904455179817498,3.6366076221148687,3.9452495974235107,26.81159420289855,0.3757380568974772,0.47638217928073,,
82,31.756575415995705,32.44095544820183,0.7112184648416533,3.6366076221148687,3.81105743424584,26.7914653784219,0.3757380568974772,0.47638217928073,,
83,31.984702093397747,32.27321524422974,0.7112184648416533,3.6366076221148687,3.81105743424584,26.73107890499195,0.3757380568974772,0.47638217928073,,
84,32.19940955448202,32.1256038647343,0.785024154589372,3.603059581320451,3.81105743424584,26.623725174449813,0.3757380568974772,0.47638217928073,,
85,32.1658615136876,31.884057971014492,0.7447665056360708,3.603059581320451,4.126409017713366,26.623725174449813,0.3757380568974772,0.47638217928073,,
86,32.23966720343532,31.863929146537842,0.7447665056360708,3.603059581320451,4.126409017713366,26.570048309178745,0.3757380568974772,0.47638217928073,,
87,32.25308641975309,31.689479334406872,0.9125067096081588,3.603059581320451,4.126409017713366,26.56333870101986,0.3757380568974772,0.47638217928073,,
88,32.400697799248526,31.642512077294686,0.9057971014492754,3.603059581320451,4.126409017713366,26.46940418679549,0.3757380568974772,0.47638217928073,,
89,32.387278582930755,31.622383252818036,0.9057971014492754,3.603059581320451,4.012345679012346,26.41572732152442,0.4294149221685454,0.6239935587761675,,
90,32.387278582930755,31.622383252818036,0.9057971014492754,3.603059581320451,4.012345679012346,26.41572732152442,0.4294149221685454,0.6239935587761675,,
91,31.50161030595813,29.777241009125067,0.9057971014492754,3.603059581320451,6.743156199677939,26.41572732152442,0.4294149221685454,0.6239935587761675,,
92,31.427804616210413,29.62962962962963,0.8856682769726248,3.5426731078904994,4.898013955984971,28.462157809983896,0.4294149221685454,0.7246376811594203,,
93,31.36070853462158,29.750402576489535,0.8856682769726248,3.5426731078904994,4.871175523349437,28.435319377348364,0.4294149221685454,0.7246376811594203,,
94,30.64278046162104,29.334406870638755,0.8856682769726248,3.5426731078904994,4.871175523349437,29.56924315619968,0.4294149221685454,0.7246376811594203,,
95,30.360976918947934,28.287707997852927,0.8856682769726248,3.5426731078904994,4.871175523349437,30.897745571658614,0.4294149221685454,0.7246376811594203,,
96,30.434782608695652,28.287707997852927,0.8856682769726248,3.5426731078904994,4.810789049919484,30.88432635534085,0.4294149221685454,0.7246376811594203,,
97,30.307300053676865,28.415190552871714,0.8856682769726248,3.5426731078904994,4.810789049919484,30.88432635534085,0.4294149221685454,0.7246376811594203,,
98,30.401234567901234,28.388352120236178,0.8856682769726248,3.535963499731616,4.810789049919484,30.823939881910896,0.4294149221685454,0.7246376811594203,,
99,30.381105743424584,28.287707997852927,1.0399892646269457,3.535963499731616,4.777241009125067,30.823939881910896,0.4294149221685454,0.7246376811594203,,
100,30.347557702630166,28.388352120236178,1.0399892646269457,3.535963499731616,4.777241009125067,30.756843800322063,0.4294149221685454,0.7246376811594203,,
101,30.18652710681696,28.31454643048846,1.3083735909822867,3.535963499731616,4.770531400966184,30.730005367686527,0.4294149221685454,0.7246376811594203,,
102,29.542404723564143,26.281535158346752,1.2144390767579174,3.435319377348363,4.428341384863124,34.05797101449275,0.4294149221685454,0.6105743424584005,,
103,29.602791196994094,26.268115942028984,1.2144390767579174,3.4286097691894795,4.428341384863124,34.01771336553945,0.4294149221685454,0.6105743424584005,,
104,29.54911433172303,26.160762211486848,1.1741814278046163,3.5762211486849167,4.300858829844337,34.01771336553945,0.4294149221685454,0.7917337627482555,,
105,29.696725711218466,26.133923778851315,1.1741814278046163,3.5762211486849167,4.300858829844337,33.89694041867955,0.4294149221685454,0.7917337627482555,,
106,29.871175523349436,25.979602791196996,1.1741814278046163,3.5762211486849167,4.300858829844337,33.8768115942029,0.4294149221685454,0.7917337627482555,,
107,29.938271604938272,25.979602791196996,1.1741814278046163,3.5762211486849167,4.300858829844337,33.80971551261406,0.4294149221685454,0.7917337627482555,,
108,29.354535695115406,26.482823403113258,1.1741814278046163,3.5762211486849167,4.300858829844337,33.84997316156736,0.4294149221685454,0.8319914117015567,,
109,29.066022544283413,26.20101986044015,1.1741814278046163,3.515834675254965,7.004830917874396,31.91760601180891,0.2885131508319914,0.8319914117015567,,
110,29.166666666666668,25.999731615673646,1.288244766505636,3.4822866344605474,7.004830917874396,31.890767579173378,0.2885131508319914,0.8789586688137413,,
111,29.186795491143318,25.979602791196996,2.1403650026838434,3.4822866344605474,7.004830917874396,31.03864734299517,0.2885131508319914,0.8789586688137413,,
112,29.26731078904992,25.979602791196996,2.1135265700483092,3.4822866344605474,7.004830917874396,30.9849704777241,0.2885131508319914,0.8789586688137413,,
113,29.314278046162105,25.89908749329039,2.187332259796028,3.4822866344605474,7.004830917874396,30.9447128287708,0.2885131508319914,0.8789586688137413,,
114,29.334406870638755,25.885668276972623,2.187332259796028,3.4822866344605474,7.004830917874396,30.723295759527645,0.2885131508319914,1.093666129898014,,
115,29.381374127750938,25.744766505636072,2.2208803005904456,3.569511540526033,6.984702093397746,30.71658615136876,0.2885131508319914,1.093666129898014,,
116,29.58937198067633,25.704508856682768,2.2208803005904456,3.5426731078904994,6.890767579173376,30.609232420826622,0.2885131508319914,1.0869565217391304,0.06709608158883522,
117,27.958937198067634,24.792002147074612,2.2611379495437465,3.5426731078904994,7.856951154052603,32.14573268921095,0.2885131508319914,1.0869565217391304,0.06709608158883522,
118,27.985775630703166,24.792002147074612,2.2611379495437465,3.5426731078904994,7.856951154052603,32.118894256575416,0.2885131508319914,1.0869565217391304,0.06709608158883522,
119,28.026033279656467,24.785292538915726,2.2611379495437465,3.5426731078904994,7.843531937734836,32.098765432098766,0.2885131508319914,1.0869565217391304,0.06709608158883522,
120,28.093129361245303,24.785292538915726,2.623456790123457,3.535963499731616,7.830112721417069,31.696188942565755,0.2885131508319914,1.0802469135802468,0.06709608158883522,
121,28.046162104133117,24.765163714439076,2.623456790123457,3.535963499731616,7.830112721417069,31.548577563070317,0.4025764895330113,1.1808910359634996,0.06709608158883522,
122,28.079710144927535,24.765163714439076,2.623456790123457,3.44873859366613,7.823403113258186,31.468062265163713,0.4025764895330113,1.3217928073000538,0.06709608158883522,
123,28.187063875469672,24.765163714439076,2.623456790123457,3.44873859366613,7.823403113258186,31.36070853462158,0.4025764895330113,1.3217928073000538,0.06709608158883522,
124,28.401771336553946,24.4699409554482,2.623456790123457,3.44873859366613,7.823403113258186,31.333870101986044,0.4025764895330113,1.42914653784219,0.06709608158883522,
125,28.44873859366613,24.44310252281267,2.623456790123457,3.44873859366613,7.809983896940419,31.32716049382716,0.4025764895330113,1.42914653784219,0.06709608158883522,
126,28.5829307568438,24.376006441223833,2.623456790123457,3.435319377348363,7.809983896940419,31.273483628556093,0.4025764895330113,1.42914653784219,0.06709608158883522,
127,28.421900161030596,24.610842726784757,2.623456790123457,3.421900161030596,7.769726247987117,31.253354804079443,0.4025764895330113,1.42914653784219,0.06709608158883522,
128,28.327965646806227,24.738325281803544,2.623456790123457,3.421900161030596,7.769726247987117,31.219806763285025,0.4025764895330113,1.42914653784219,0.06709608158883522,
129,28.35480407944176,24.711486849168008,2.623456790123457,3.421900161030596,7.769726247987117,31.219806763285025,0.4025764895330113,1.42914653784219,0.06709608158883522,
130,28.361513687600645,24.510198604401502,2.623456790123457,3.421900161030596,7.977724100912507,31.206387546967257,0.4025764895330113,1.42914653784219,0.06709608158883522,
131,28.368223295759528,24.510198604401502,2.623456790123457,3.421900161030596,7.971014492753623,31.206387546967257,0.4025764895330113,1.42914653784219,0.06709608158883522,
132,28.442028985507246,24.510198604401502,2.623456790123457,3.421900161030596,7.971014492753623,31.132581857219538,0.4025764895330113,1.42914653784219,0.06709608158883522,
133,28.59634997316157,24.416264090177133,2.6167471819645733,3.4151905528717124,7.950885668276973,31.105743424584006,0.4025764895330113,1.42914653784219,0.06709608158883522,
134,28.629898013955984,24.402844873859365,2.6167471819645733,3.4151905528717124,7.950885668276973,31.085614600107355,0.4025764895330113,1.42914653784219,0.06709608158883522,
135,28.670155662909288,24.376006441223833,2.6167471819645733,3.4151905528717124,7.950885668276973,31.072195383789587,0.4025764895330113,1.42914653784219,0.06709608158883522,
136,28.64331723027375,24.436392914653783,2.6167471819645733,3.4151905528717124,7.950885668276973,31.03864734299517,0.4025764895330113,1.42914653784219,0.06709608158883522,
137,28.67686527106817,24.44310252281267,2.6167471819645733,3.4151905528717124,7.937466451959206,31.011808910359633,0.4025764895330113,1.42914653784219,0.06709608158883522,
138,28.650026838432634,24.510198604401502,2.6167471819645733,3.4151905528717124,7.917337627482555,30.991680085882983,0.4025764895330113,1.42914653784219,0.06709608158883522,
139,28.75067096081589,24.4296833064949,2.576489533011272,3.4017713365539453,7.98443370907139,30.95813204508857,0.4025764895330113,1.42914653784219,0.06709608158883522,
140,28.75738056897477,24.422973698336016,2.8113258185721954,3.4017713365539453,7.749597423510467,30.95813204508857,0.4025764895330113,1.42914653784219,0.06709608158883522,
141,28.817767042404725,24.396135265700483,2.7979066022544283,3.4017713365539453,7.749597423510467,30.938003220611915,0.4025764895330113,1.42914653784219,0.06709608158883522,
142,28.442028985507246,24.248523886205046,2.6435856146001075,4.51556629092861,10.111379495437467,27.83816425120773,0.4025764895330113,1.7310789049919484,0.06709608158883522,
143,27.9723564143854,24.248523886205046,1.9592055823939882,4.51556629092861,13.097155126140633,26.02657004830918,0.3824476650563607,1.7310789049919484,0.06709608158883522,
144,28.079710144927535,24.228395061728396,1.9592055823939882,4.51556629092861,13.097155126140633,25.939345142243692,0.3824476650563607,1.7310789049919484,0.06709608158883522,
145,28.153515834675254,24.22168545356951,1.9592055823939882,4.51556629092861,13.043478260869565,25.925925925925927,0.3824476650563607,1.7310789049919484,0.06709608158883522,
146,28.20048309178744,24.208266237251745,1.9592055823939882,4.488727858293076,13.036768652710682,25.925925925925927,0.3824476650563607,1.7310789049919484,0.06709608158883522,
147,28.29441760601181,24.208266237251745,1.9592055823939882,4.4753086419753085,13.036768652710682,25.865539452495973,0.36231884057971014,1.7310789049919484,0.06709608158883522,
148,28.06629092860977,24.50348899624262,1.9592055823939882,4.4753086419753085,12.989801395598498,25.845410628019323,0.36231884057971014,1.7310789049919484,0.06709608158883522,
149,28.20048309178744,24.04723564143854,1.9592055823939882,4.4753086419753085,12.95625335480408,25.805152979066023,0.36231884057971014,2.1269457863660763,0.06709608158883522,
150,28.24074074074074,24.040526033279658,2.046430488459474,4.4753086419753085,12.835480407944177,25.805152979066023,0.36231884057971014,2.1269457863660763,0.06709608158883522,
151,28.267579173376276,24.060654857756308,2.046430488459474,4.455179817498658,12.788513150831992,25.717928073000536,0.46967257112184646,2.1269457863660763,0.06709608158883522,
152,28.24074074074074,23.93317230273752,1.9793344068706387,4.428341384863124,13.117283950617283,25.637412775093935,0.46967257112184646,2.1269457863660763,0.06709608158883522,
153,28.29441760601181,23.93317230273752,1.9793344068706387,4.428341384863124,13.070316693505099,25.40257648953301,0.46967257112184646,2.3550724637681157,0.06709608158883522,
154,28.37493290391841,23.852657004830917,1.9793344068706387,4.428341384863124,13.070316693505099,25.40257648953301,0.46967257112184646,2.3550724637681157,0.06709608158883522,
155,28.388352120236178,23.812399355877616,2.01959205582394,4.428341384863124,13.070316693505099,25.389157273215243,0.46967257112184646,2.3550724637681157,0.06709608158883522,
156,28.33467525496511,23.731884057971016,2.2410091250670963,4.428341384863124,13.150831991411701,25.295222758990874,0.39586688137412773,2.3550724637681157,0.06709608158883522,
157,28.408480944712828,23.731884057971016,2.2410091250670963,4.569243156199678,13.150831991411701,25.0805152979066,0.39586688137412773,2.3550724637681157,0.06709608158883522,
158,28.381642512077295,23.423242082662373,2.589908749329039,4.569243156199678,13.150831991411701,25.067096081588836,0.39586688137412773,2.3550724637681157,0.06709608158883522,
159,28.488996242619432,23.32259796027912,2.791196994095545,4.53569511540526,12.97638217928073,25.067096081588836,0.39586688137412773,2.3550724637681157,0.06709608158883522,
160,28.60305958132045,23.020665593129362,3.0394524959742353,4.53569511540526,12.97638217928073,25.006709608158882,0.39586688137412773,2.3550724637681157,0.06709608158883522,
161,28.522544283413847,23.00053676865271,2.9119699409554483,5.911164787976382,12.97638217928073,24.08749329039184,0.3757380568974772,2.147074610842727,0.06709608158883522,
162,28.569511540526033,22.987117552334944,2.9119699409554483,5.911164787976382,12.962962962962964,24.06736446591519,0.3757380568974772,2.147074610842727,0.06709608158883522,
163,28.650026838432634,22.987117552334944,2.9119699409554483,5.897745571658615,12.915995705850777,23.98684916800859,0.3757380568974772,2.147074610842727,0.1274825550187869,
164,28.723832528180353,22.96027911969941,2.8784219001610305,5.897745571658615,12.902576489533011,23.98684916800859,0.3757380568974772,2.147074610842727,0.1274825550187869,
165,28.764090177133657,22.96027911969941,2.8784219001610305,5.864197530864198,12.902576489533011,23.980139559849704,0.3757380568974772,2.147074610842727,0.1274825550187869,
166,28.837895866881375,22.886473429951693,2.8784219001610305,5.864197530864198,12.902576489533011,23.980139559849704,0.3757380568974772,2.147074610842727,0.1274825550187869,
167,28.898282340311326,22.879763821792807,2.8784219001610305,5.864197530864198,12.848899624261943,23.980139559849704,0.3757380568974772,2.147074610842727,0.1274825550187869,
168,29.03918411164788,22.79253891572732,2.85829307568438,5.844068706387547,12.835480407944177,23.980139559849704,0.3757380568974772,2.147074610842727,0.1274825550187869,
169,29.066022544283413,22.779119699409556,2.844873859366613,5.844068706387547,12.835480407944177,23.980139559849704,0.3757380568974772,2.147074610842727,0.1274825550187869,
170,29.066022544283413,22.765700483091788,2.844873859366613,5.803811057434245,12.835480407944177,24.033816425120772,0.3757380568974772,2.147074610842727,0.1274825550187869,
171,29.106280193236714,22.088030059044552,2.49597423510467,6.991411701556629,12.76838432635534,23.899624261943103,0.3757380568974772,2.147074610842727,0.1274825550187869,
172,29.20692431561997,22.0276435856146,2.5831991411701556,6.991411701556629,12.74825550187869,23.792270531400966,0.3757380568974772,2.147074610842727,0.1274825550187869,
173,29.314278046162105,22.0276435856146,2.5831991411701556,6.984702093397746,12.714707461084272,23.72517444981213,0.3757380568974772,2.147074610842727,0.1274825550187869,
174,29.28743961352657,22.0276435856146,2.7241009125067097,6.971282877079979,12.714707461084272,23.637949543746647,0.3757380568974772,2.13365539452496,0.1274825550187869,
175,29.314278046162105,22.0276435856146,2.7241009125067097,6.971282877079979,12.68786902844874,23.30246913580247,0.7112184648416533,2.13365539452496,0.1274825550187869,
176,29.414922168545356,21.973966720343533,2.7241009125067097,6.971282877079979,12.661030595813205,23.282340311325818,0.7112184648416533,2.13365539452496,0.1274825550187869,
177,29.448470209339774,21.940418679549115,2.7241009125067097,6.971282877079979,12.661030595813205,23.282340311325818,0.7112184648416533,2.13365539452496,0.1274825550187869,
178,29.455179817498657,21.926999463231347,2.9790660225442833,6.971282877079979,12.661030595813205,23.040794417606012,0.7112184648416533,2.1269457863660763,0.1274825550187869,
179,29.394793344068706,21.91358024691358,2.9790660225442833,6.890767579173376,12.902576489533011,22.98040794417606,0.7112184648416533,2.100107353730542,0.1274825550187869,
180,29.294149221685455,22.134997316156735,3.066290928609769,6.890767579173376,12.882447665056361,22.839506172839506,0.6642512077294686,2.100107353730542,0.1274825550187869,
181,29.159957058507782,22.322866344605476,3.066290928609769,6.877348362855609,12.882447665056361,22.799248523886206,0.6642512077294686,2.100107353730542,0.1274825550187869,
182,29.21363392377885,22.322866344605476,3.066290928609769,6.877348362855609,12.882447665056361,22.745571658615138,0.6642512077294686,2.100107353730542,0.1274825550187869,
183,29.280730005367687,22.302737520128826,3.066290928609769,6.877348362855609,12.869028448738593,22.71202361782072,0.6642512077294686,2.100107353730542,0.1274825550187869,
184,29.30756843800322,22.33628556092324,3.066290928609769,6.870638754696726,12.869028448738593,22.65834675254965,0.6642512077294686,2.100107353730542,0.1274825550187869,
185,29.435050993022006,22.19538378958669,3.113258185721954,6.870638754696726,12.855609232420827,22.638217928073,0.6642512077294686,2.100107353730542,0.1274825550187869,
186,29.622920021470748,22.15512614063339,3.099838969404187,6.763285024154589,12.801932367149758,22.61808910359635,0.6642512077294686,2.147074610842727,0.1274825550187869,
187,29.482018250134193,22.309447128287708,3.193773483628556,6.763285024154589,12.801932367149758,22.510735373054214,0.6642512077294686,2.147074610842727,0.1274825550187869,
188,29.602791196994094,22.29602791196994,3.193773483628556,6.723027375201288,12.76838432635534,22.41009125067096,0.7313472893183038,2.147074610842727,0.1274825550187869,
189,29.70343531937735,22.27589908749329,3.193773483628556,6.723027375201288,12.754965110037574,22.342995169082126,0.7313472893183038,2.147074610842727,0.1274825550187869,
190,29.683306494900698,22.249060654857757,3.193773483628556,6.723027375201288,12.909286097691895,22.23564143853999,0.7313472893183038,2.147074610842727,0.1274825550187869,
191,29.66988727858293,22.228931830381107,3.294417606011809,6.723027375201288,12.761674718196458,22.208803005904453,0.7313472893183038,2.254428341384863,0.1274825550187869,
192,29.482018250134193,22.014224369296834,3.294417606011809,6.723027375201288,12.761674718196458,22.624798711755233,0.7313472893183038,2.2410091250670963,0.1274825550187869,
193,29.636339237788512,21.994095544820183,3.2474503488996245,6.6827697262479875,12.754965110037574,22.584541062801932,0.7313472893183038,2.2410091250670963,0.1274825550187869,
194,29.582662372517444,22.19538378958669,3.2474503488996245,6.6827697262479875,12.754965110037574,22.436929683306495,0.7313472893183038,2.2410091250670963,0.1274825550187869,
195,29.723564143854,22.16183574879227,3.2474503488996245,6.662640901771336,12.681159420289855,22.423510466988727,0.7313472893183038,2.2410091250670963,0.1274825550187869,
196,29.777241009125067,22.16183574879227,3.2474503488996245,6.662640901771336,12.627482555018787,22.423510466988727,0.7313472893183038,2.2410091250670963,0.1274825550187869,
197,29.87788513150832,22.12157809983897,3.1468062265163717,6.649221685453569,12.741545893719806,22.38996242619431,0.7045088566827697,2.2410091250670963,0.1274825550187869,
198,29.97181964573269,21.994095544820183,3.1468062265163717,6.642512077294686,12.741545893719806,22.436929683306495,0.7045088566827697,2.2342995169082127,0.1274825550187869,
199,29.7638217928073,21.994095544820183,3.1468062265163717,6.494900697799249,12.70799785292539,22.84621578099839,0.7045088566827697,2.214170692431562,0.1274825550187869,
200,29.790660225442835,21.980676328502415,3.1468062265163717,6.481481481481482,12.70799785292539,22.84621578099839,0.7045088566827697,2.214170692431562,0.1274825550187869,
201,29.95169082125604,21.85319377348363,3.1468062265163717,6.481481481481482,12.70799785292539,22.81266774020397,0.7045088566827697,2.214170692431562,0.1274825550187869,
202,30.01207729468599,21.826355340848096,3.1468062265163717,6.481481481481482,12.68786902844874,22.799248523886206,0.7045088566827697,2.214170692431562,0.1274825550187869,
203,29.898013955984972,21.947128287707997,3.1468062265163717,6.481481481481482,12.68786902844874,22.79253891572732,0.7045088566827697,2.214170692431562,0.1274825550187869,
204,29.931561996779386,21.940418679549115,3.1468062265163717,6.461352657004831,12.68786902844874,22.785829307568438,0.7045088566827697,2.214170692431562,0.1274825550187869,
205,29.354535695115406,22.71202361782072,3.1468062265163717,6.273483628556092,12.68786902844874,22.779119699409556,0.7045088566827697,2.214170692431562,0.1274825550187869,
206,29.55582393988191,22.5577026301664,3.1468062265163717,6.273483628556092,12.681159420289855,22.73886205045625,0.7045088566827697,2.214170692431562,0.1274825550187869,
207,29.62962962962963,22.41009125067096,3.207192699946323,6.273483628556092,12.614063338701019,22.705314009661837,0.7045088566827697,2.328234031132582,0.1274825550187869,
208,29.8040794417606,22.383252818035427,3.193773483628556,6.273483628556092,12.614063338701019,22.571121846484164,0.7045088566827697,2.328234031132582,0.1274825550187869,
209,29.824208266237253,22.383252818035427,3.193773483628556,6.273483628556092,12.614063338701019,22.550993022007514,0.7045088566827697,2.328234031132582,0.1274825550187869,
210,29.71014492753623,22.24235104669887,3.180354267310789,6.582125603864735,12.614063338701019,22.510735373054214,0.7045088566827697,2.328234031132582,0.1274825550187869,
211,29.777241009125067,22.228931830381107,3.180354267310789,6.575415995705851,12.600644122383253,22.41009125067096,0.7716049382716049,2.328234031132582,0.1274825550187869,
212,29.643048845947398,22.054482018250134,3.180354267310789,6.461352657004831,12.600644122383253,22.832796564680624,0.7716049382716049,2.328234031132582,0.1274825550187869,
213,29.69001610305958,22.17525496511004,3.180354267310789,6.461352657004831,12.600644122383253,22.805958132045088,0.7716049382716049,2.187332259796028,0.1274825550187869,
214,29.736983360171767,22.148416532474503,3.180354267310789,6.461352657004831,12.580515297906603,22.805958132045088,0.7716049382716049,2.187332259796028,0.1274825550187869,
215,29.736983360171767,22.148416532474503,3.2474503488996245,6.394256575415996,12.553676865271068,22.75228126677402,0.7716049382716049,2.26784755770263,0.1274825550187869,
216,29.797369833601717,22.148416532474503,3.2474503488996245,6.320450885668277,12.533548040794418,22.7187332259796,0.8387010198604401,2.26784755770263,0.1274825550187869,
217,29.864465915190554,21.994095544820183,3.2474503488996245,6.320450885668277,12.620772946859903,22.7187332259796,0.8387010198604401,2.26784755770263,0.1274825550187869,
218,29.931561996779386,21.987385936661298,3.2474503488996245,6.286902844873859,12.620772946859903,22.69189479334407,0.8387010198604401,2.26784755770263,0.1274825550187869,
219,30.16639828234031,21.81964573268921,3.207192699946323,6.286902844873859,12.754965110037574,22.403381642512077,0.966183574879227,2.26784755770263,0.1274825550187869,
220,30.26033279656468,21.786097691894792,3.207192699946323,6.273483628556092,12.754965110037574,22.269189479334408,0.966183574879227,2.3550724637681157,0.1274825550187869,
221,30.267042404723565,21.70558239398819,3.3279656468062266,6.273483628556092,12.754965110037574,22.22222222222222,0.966183574879227,2.3550724637681157,0.1274825550187869,
222,30.387815351583466,21.524422973698336,3.4688674181427803,6.273483628556092,12.714707461084272,22.18196457326892,0.966183574879227,2.3550724637681157,0.1274825550187869,
223,30.48174986580784,21.477455716586153,3.4688674181427803,6.273483628556092,12.701288244766506,22.148416532474503,0.966183574879227,2.3550724637681157,0.1274825550187869,
224,30.48845947396672,21.470746108427267,3.4688674181427803,6.273483628556092,12.701288244766506,22.148416532474503,0.966183574879227,2.3550724637681157,0.1274825550187869,
225,30.649490069779926,21.276167471819647,3.629898013955985,6.246645195920558,12.620772946859903,22.128287707997853,0.966183574879227,2.3550724637681157,0.1274825550187869,
226,30.54213633923779,21.00107353730542,3.629898013955985,6.239935587761675,13.103864734299517,22.034353193773484,0.966183574879227,2.3550724637681157,0.1274825550187869,
227,30.595813204508858,21.00107353730542,3.603059581320451,6.239935587761675,13.103864734299517,22.007514761137948,0.966183574879227,2.3550724637681157,0.1274825550187869,
228,30.763553408480945,20.82662372517445,3.730542136339238,6.239935587761675,13.09044551798175,21.900161030595815,0.966183574879227,2.3550724637681157,0.1274825550187869,
229,30.810520665593128,20.739398819108963,3.7238325281803544,6.213097155126141,13.345410628019323,21.71900161030596,0.966183574879227,2.3550724637681157,0.1274825550187869,
230,30.823939881910896,20.725979602791195,3.7238325281803544,6.213097155126141,13.345410628019323,21.71900161030596,0.966183574879227,2.3550724637681157,0.1274825550187869,
231,31.011808910359633,20.645464304884594,3.7238325281803544,6.1862587224906065,13.318572195383789,21.66532474503489,0.966183574879227,2.3550724637681157,0.1274825550187869,
232,31.052066559312937,20.645464304884594,3.7238325281803544,6.1862587224906065,13.318572195383789,21.62506709608159,0.966183574879227,2.3550724637681157,0.1274825550187869,
233,31.052066559312937,20.618625872249062,3.7238325281803544,6.1862587224906065,13.318572195383789,21.40365002683843,1.2144390767579174,2.3550724637681157,0.1274825550187869,
234,30.9447128287708,20.491143317230275,3.7640901771336552,6.166129898013956,13.600375738056897,21.182232957595275,1.2144390767579174,2.509393451422437,0.1274825550187869,
235,30.495169082125603,21.07487922705314,3.7238325281803544,6.166129898013956,13.385668276972625,21.182232957595275,1.2144390767579174,2.6301663982823404,0.1274825550187869,
236,30.595813204508858,21.07487922705314,3.7238325281803544,6.166129898013956,13.345410628019323,21.121846484165324,1.2144390767579174,2.6301663982823404,0.1274825550187869,
237,30.67632850241546,21.027911969940956,3.8714439076757916,6.099033816425121,13.311862587224907,20.8870101986044,1.2144390767579174,2.7844873859366612,0.1274825550187869,
238,30.776972624798713,20.954106280193237,3.8714439076757916,6.038647342995169,13.305152979066023,20.759527643585614,1.3821792807300053,2.7844873859366612,0.1274825550187869,
239,30.96484165324745,20.82662372517445,3.8714439076757916,6.038647342995169,13.291733762748256,20.71256038647343,1.3821792807300053,2.7844873859366612,0.1274825550187869,
240,31.011808910359633,20.82662372517445,3.864734299516908,6.038647342995169,13.291733762748256,20.625335480407944,1.3687600644122384,2.844873859366613,0.1274825550187869,
241,29.643048845947398,22.24235104669887,3.864734299516908,6.166129898013956,13.271604938271604,20.471014492753625,1.3687600644122384,2.844873859366613,0.1274825550187869,
242,29.78395061728395,22.23564143853999,3.864734299516908,6.166129898013956,13.157541599570585,20.45088566827697,1.3687600644122384,2.844873859366613,0.1274825550187869,
243,29.824208266237253,22.22222222222222,3.864734299516908,6.166129898013956,13.157541599570585,20.45088566827697,1.3687600644122384,2.818035426731079,0.1274825550187869,
244,29.837627482555018,22.22222222222222,4.092860976918948,6.166129898013956,12.915995705850777,20.45088566827697,1.3687600644122384,2.818035426731079,0.1274825550187869,
245,29.931561996779386,22.208803005904453,4.072732152442297,6.166129898013956,12.875738056897477,20.437466451959207,1.3620504562533549,2.818035426731079,0.1274825550187869,
246,29.965110037573805,22.208803005904453,4.072732152442297,6.159420289855072,12.848899624261943,20.437466451959207,1.3620504562533549,2.818035426731079,0.1274825550187869,
247,30.10601180891036,22.148416532474503,4.072732152442297,6.159420289855072,12.808641975308642,20.397208803005906,1.3620504562533549,2.818035426731079,0.1274825550187869,
248,30.05233494363929,22.054482018250134,4.166666666666667,6.159420289855072,12.808641975308642,20.115405260332796,1.3620504562533549,3.1535158346752548,0.1274825550187869,
249,26.48953301127214,29.274020397208805,4.079441760601181,6.152710681696189,12.097423510466989,17.2638217928073,1.3620504562533549,3.1535158346752548,0.1274825550187869,
250,26.50966183574879,29.274020397208805,4.079441760601181,6.152710681696189,12.097423510466989,17.24369296833065,1.3620504562533549,3.1535158346752548,0.1274825550187869,
251,26.48953301127214,29.1532474503489,3.992216854535695,6.152710681696189,12.184648416532475,17.384594739667204,1.3620504562533549,3.1535158346752548,0.1274825550187869,
252,26.48953301127214,29.1532474503489,3.992216854535695,6.152710681696189,12.184648416532475,17.384594739667204,1.3620504562533549,3.1535158346752548,0.1274825550187869,
253,26.50966183574879,29.1532474503489,3.992216854535695,6.146001073537305,12.171229200214707,17.384594739667204,1.3620504562533549,3.1535158346752548,0.1274825550187869,
254,26.583467525496513,29.09286097691895,3.992216854535695,6.146001073537305,12.157809983896941,17.384594739667204,1.3620504562533549,3.1535158346752548,0.1274825550187869,
255,26.536500268384327,29.066022544283413,3.992216854535695,6.239935587761675,12.157809983896941,17.364465915190554,1.3620504562533549,3.1535158346752548,0.1274825550187869,
256,26.617015566290927,29.025764895330113,3.978797638217928,6.239935587761675,12.13768115942029,17.357756307031668,1.3620504562533549,3.1535158346752548,0.1274825550187869,
257,26.670692431561996,29.012345679012345,3.978797638217928,6.213097155126141,12.124261943102523,17.357756307031668,1.3620504562533549,3.1535158346752548,0.1274825550187869,
258,26.717659688674182,28.992216854535695,3.978797638217928,6.213097155126141,12.110842726784755,17.344337090713903,1.3620504562533549,3.1535158346752548,0.1274825550187869,
259,26.670692431561996,28.958668813741276,3.978797638217928,6.213097155126141,12.010198604401502,17.344337090713903,1.3620504562533549,3.33467525496511,0.1274825550187869,
260,26.234567901234566,28.012614063338702,3.978797638217928,6.213097155126141,12.00348899624262,18.733225979602793,1.3620504562533549,3.33467525496511,0.1274825550187869,
261,26.321792807300053,27.985775630703166,3.978797638217928,6.213097155126141,11.963231347289318,18.733225979602793,1.3620504562533549,3.3145464304884595,0.1274825550187869,
262,26.34863123993559,27.985775630703166,3.978797638217928,6.213097155126141,11.936392914653783,18.733225979602793,1.3620504562533549,3.3145464304884595,0.1274825550187869,
263,26.35534084809447,27.979066022544284,3.978797638217928,6.213097155126141,11.936392914653783,18.733225979602793,1.3620504562533549,3.3145464304884595,0.1274825550187869,
264,26.36876006441224,27.911969940955448,3.9720880300590444,6.213097155126141,11.922973698336017,18.719806763285025,1.3620504562533549,3.4017713365539453,0.1274825550187869,
