,45,50,54,51,55,53,52,56,57
0,99.63097155126141,0.36902844873859364,,,,,,,
1,99.16800858829845,0.8319914117015567,,,,,,,
2,85.72866344605475,14.27133655394525,,,,,,,
3,85.70182501341921,14.298174986580785,,,,,,,
4,85.55421363392378,14.445786366076222,,,,,,,
5,83.65539452495975,16.344605475040257,,,,,,,
6,83.77616747181965,16.223832528180353,,,,,,,
7,79.66988727858293,20.33011272141707,,,,,,,
8,79.62292002147075,20.377079978529252,,,,,,,
9,77.16720343531938,22.832796564680624,,,,,,,
10,75.05367686527107,24.798711755233494,0.14761137949543746,,,,,,
11,72.94685990338164,26.90552871712292,0.14761137949543746,,,,,,
12,70.57165861513688,22.034353193773484,0.14761137949543746,7.246376811594203,,,,,
13,70.66559312936124,21.967257112184647,0.14761137949543746,7.219538378958669,,,,,
14,70.96081588835212,21.77938808373591,0.12077294685990338,7.139023081052066,,,,,
15,71.16210413311863,21.692163177670423,0.12077294685990338,7.024959742351046,,,,,
16,65.955448201825,26.912238325281802,0.12077294685990338,7.011540526033279,,,,,
17,29.965110037573805,64.13714439076757,0.12077294685990338,5.776972624798712,,,,,
18,30.475040257648953,63.707729468599034,0.12077294685990338,5.6964573268921095,,,,,
19,31.36070853462158,62.86231884057971,0.12077294685990338,5.656199677938808,,,,,
20,30.683038110574344,55.67632850241546,0.12077294685990338,13.519860440150294,,,,,
21,31.146001073537306,55.32742887815352,0.12077294685990338,13.405797101449275,,,,,
22,25.38244766505636,48.63794954374664,,25.979602791196996,,,,,
23,25.831991411701555,48.22866344605475,,24.013687600644122,1.9256575415995705,,,,
24,26.261406333870102,47.87305421363392,,23.980139559849704,1.8853998926462694,,,,
25,26.187600644122384,46.69216317767042,,25.234836285560924,1.8853998926462694,,,,
26,26.556629092860977,46.584809447128286,,24.986580783682232,1.8719806763285025,,,,
27,24.376006441223833,45.276435856146,,28.515834675254965,1.8317230273752012,,,,
28,24.57729468599034,43.96806226516372,0.6239935587761675,26.65727321524423,1.8317230273752012,2.341653247450349,,,
29,23.26892109500805,41.7740203972088,0.5837359098228664,19.89398819108964,1.8183038110574343,2.254428341384863,10.406602254428341,,
30,22.906602254428343,41.056092324208265,0.5837359098228664,16.586151368760063,1.8183038110574343,2.254428341384863,14.794685990338165,,
31,23.17498658078368,40.78770799785293,0.5837359098228664,16.525764895330113,1.8183038110574343,2.341653247450349,14.76784755770263,,
32,24.268652710681696,40.33145464304884,0.5837359098228664,16.492216854535695,1.8183038110574343,2.341653247450349,14.163982823403114,,
33,24.4296833064949,38.29173376274826,0.06709608158883522,15.53274288781535,3.7037037037037037,4.8376274825550185,13.137412775093935,,
34,12.942834138486312,62.56038647342995,1.751207729468599,10.950080515297907,1.8183038110574343,4.341116478797638,5.636070853462158,,
35,12.506709608158884,57.79656468062265,2.8113258185721954,4.260601180891036,1.8183038110574343,4.341116478797638,16.465378421900162,,
36,12.050456253354804,49.6309715512614,1.06682769726248,4.213633923778851,1.7713365539452497,4.341116478797638,26.92565754159957,,
37,12.97638217928073,48.168276972624795,1.06682769726248,4.1532474503489,2.6435856146001075,5.226784755770263,25.764895330112722,,
38,11.81561996779388,42.60601180891036,2.4892646269457863,16.371443907675793,1.8786902844873858,4.830917874396135,20.00805152979066,,
39,10.641438539989265,40.445517981749866,2.475845410628019,16.183574879227052,1.8786902844873858,4.830917874396135,23.544015029522274,,
40,10.889694041867955,38.88217928073001,2.408749329039184,15.183843263553408,4.4820182501341925,4.830917874396135,23.32259796027912,,
41,11.701556629092861,38.446054750402574,2.38191089640365,15.13016639828234,4.455179817498658,4.830917874396135,23.05421363392378,,
42,11.614331723027375,33.32662372517445,2.3617820719269993,15.083199141170155,3.280998389694042,4.455179817498658,29.87788513150832,,
43,11.842458400429415,31.15271068169619,1.9122383252818036,14.935587761674718,6.005099302200751,4.435050993022007,29.716854535695116,,
44,12.117552334943639,30.911164787976382,1.8853998926462694,14.935587761674718,6.005099302200751,7.7361782071927,26.40901771336554,,
45,12.74825550187869,30.293880837359097,1.8451422436929683,14.61352657004831,6.146001073537305,8.561460010735374,25.791733762748255,,
46,13.345410628019323,29.482018250134193,1.8250134192163177,14.586688137412775,6.951154052603328,8.454106280193237,25.355609232420825,,
47,14.801395598497047,29.186795491143318,1.8250134192163177,13.989533011272142,6.9243156199677935,8.205850778314547,25.067096081588836,,
48,15.445517981749866,28.60305958132045,1.8250134192163177,13.264895330112722,6.588835212023618,9.594739667203436,24.67793880837359,,
49,15.727321524422974,27.449006977992486,1.8183038110574343,13.217928073000536,7.695920558239399,9.473966720343531,24.61755233494364,,
50,15.780998389694043,25.946054750402578,1.8183038110574343,12.848899624261943,7.648953301127214,11.943102522812667,24.013687600644122,,
51,15.673644659151906,24.261943102522814,1.7847557702630166,12.822061191626409,7.50805152979066,11.896135265700483,26.053408480944714,,
52,16.324476650563607,23.886205045625335,1.7847557702630166,12.661030595813205,7.716049382716049,11.708266237251744,25.845410628019323,0.07380568974771873,
53,16.6935050993022,23.752012882447666,1.737788513150832,12.620772946859903,7.675791733762749,11.674718196457327,25.771604938271604,0.07380568974771873,
54,17.122920021470748,23.63123993558776,2.341653247450349,12.553676865271068,7.5281803542673105,11.426462694578637,25.32206119162641,0.07380568974771873,
55,17.76033279656468,23.49033816425121,2.341653247450349,12.385936661298981,7.313472893183038,11.332528180354267,25.02012882447665,0.35560923242082665,
56,18.552066559312937,23.295759527643586,2.328234031132582,12.345679012345679,7.286634460547504,11.178207192699947,24.65780998389694,0.35560923242082665,
57,18.699677938808374,23.18840579710145,2.2946859903381642,12.238325281803542,7.286634460547504,11.171497584541063,24.208266237251745,0.9125067096081588,
58,19.176060118089104,22.966988727858293,2.2946859903381642,11.748523886205046,7.695920558239399,11.144659151905529,24.08749329039184,0.8856682769726248,
59,19.93424584004294,22.832796564680624,2.281266774020397,11.701556629092861,7.648953301127214,11.09098228663446,23.698336017176597,0.8118625872249061,
60,20.437466451959207,22.22222222222222,1.8988191089640365,11.614331723027375,7.494632313472893,12.198067632850242,23.32259796027912,0.8118625872249061,
61,20.2361782071927,21.880032206119164,2.38191089640365,9.614868491680086,7.635534084809447,14.533011272141707,22.745571658615138,0.9728931830381106,
62,19.746376811594203,17.60601180891036,7.87037037037037,9.567901234567902,7.232957595276436,14.40552871712292,22.5979602791197,0.9728931830381106,
63,20.28985507246377,17.24369296833065,7.7831454643048845,9.46725711218465,7.1658615136876005,16.492216854535695,21.101717659688674,0.4562533548040794,
64,21.182232957595275,17.028985507246375,7.763016639828234,9.353193773483628,7.112184648416532,16.304347826086957,20.8467525496511,0.4092860976918948,
65,21.430488459473967,16.948470209339774,7.75630703166935,9.353193773483628,7.078636607622115,16.223832528180353,20.799785292538918,0.4092860976918948,
66,22.041062801932366,16.78743961352657,8.064949006977992,9.29951690821256,6.749865807836822,15.995705850778315,20.652173913043477,0.4092860976918948,
67,21.93370907139023,15.11003757380569,9.856414385399892,9.25925925925926,6.89747718733226,15.915190552871712,20.618625872249062,0.4092860976918948,
68,22.23564143853999,14.955716586151368,9.286097691894794,10.567632850241546,6.286902844873859,15.633387010198604,20.169082125603865,0.8655394524959742,
69,22.517444981213096,14.895330112721417,9.23913043478261,10.534084809447128,6.286902844873859,15.559581320450885,20.101986044015028,0.8655394524959742,
70,22.899892646269457,14.801395598497047,9.23913043478261,10.413311862587225,6.266774020397209,15.465646806226516,20.04830917874396,0.8655394524959742,
71,23.282340311325818,14.761137949543746,9.232420826623725,10.19189479334407,6.266774020397209,15.418679549114332,19.981213097155127,0.8655394524959742,
72,23.15485775630703,14.130434782608695,9.104938271604938,10.138217928073,6.025228126677402,14.969135802469136,21.611647879763822,0.8655394524959742,
73,23.1682769726248,13.7211486849168,9.098228663446054,9.829575952764358,5.9447128287707995,14.794685990338165,22.57783145464305,0.8655394524959742,
74,23.544015029522274,13.687600644122384,9.057971014492754,9.71551261406334,5.917874396135265,14.74771873322598,22.463768115942027,0.8655394524959742,
75,23.899624261943103,13.6406333870102,9.01100375738057,9.688674181427805,5.917874396135265,14.707461084272678,22.269189479334408,0.8655394524959742,
76,24.168008588298445,13.627214170692431,8.923778851315083,9.648416532474503,5.884326355340848,14.687332259796028,22.19538378958669,0.8655394524959742,
77,23.792270531400966,13.305152979066023,11.144659151905529,9.71551261406334,5.441492216854535,14.640365002683843,19.867149758454108,2.0933977455716586,
78,24.456521739130434,13.103864734299517,11.064143853998926,9.681964573268921,5.387815351583468,14.600107353730541,19.639023081052066,2.0665593129361244,
79,24.758454106280194,13.09044551798175,11.017176596886742,9.655126140633387,5.320719269994632,14.526301663982823,19.565217391304348,2.0665593129361244,
80,25.288513150831992,12.922705314009661,12.869028448738593,8.896940418679549,5.246913580246914,13.600375738056897,19.108964036500268,2.0665593129361244,
81,25.946054750402578,12.76838432635534,12.801932367149758,8.796296296296296,5.22007514761138,13.499731615673644,18.92109500805153,2.046430488459474,
82,26.650563607085346,12.593934514224369,12.620772946859903,8.776167471819646,5.22007514761138,13.41250670960816,18.726516371443907,1.9994632313472893,
83,26.932367149758456,12.493290391841116,12.614063338701019,8.76274825550188,5.173107890499195,13.345410628019323,18.679549114331724,1.9994632313472893,
84,27.22758990874933,12.379227053140097,12.587224906065487,8.76274825550188,5.173107890499195,13.345410628019323,18.5252281266774,1.9994632313472893,
85,27.542941492216855,12.318840579710145,12.453032742887816,8.742619431025227,5.146269457863661,13.331991411701557,18.491680085882983,1.9726247987117553,
86,28.039452495974235,12.224906065485776,12.365807836822329,8.695652173913043,5.112721417069243,13.24476650563607,18.344068706387546,1.9726247987117553,
87,28.455448201825014,12.084004294149223,12.27187332259796,8.648684916800859,5.10601180891036,13.211218464841654,18.250134192163177,1.9726247987117553,
88,27.220880300590444,11.949812130971551,13.902308105206655,12.171229200214707,4.998658078368224,12.446323134728932,15.33816425120773,1.9726247987117553,
89,27.68384326355341,11.889425657541599,13.580246913580247,12.06387546967257,4.9651100375738055,12.614063338701019,15.230810520665592,1.9726247987117553,
90,27.61003757380569,10.601180891035963,13.097155126140633,11.976650563607086,7.266505636070853,12.553676865271068,14.922168545356952,1.9726247987117553,
91,28.073000536768653,10.091250670960816,12.701288244766506,11.862587224906065,7.212828770799785,12.392646269457863,14.781266774020397,2.885131508319914,
92,28.267579173376276,10.037573805689748,12.674449812130971,11.83574879227053,7.179280730005368,12.352388620504563,14.781266774020397,2.871712292002147,
93,24.55716586151369,12.781803542673108,8.876811594202898,19.276704240472355,6.904186795491143,11.05072463768116,13.821792807300053,2.7308105206655933,
94,25.013419216317768,12.72812667740204,8.776167471819646,19.122383252818036,6.904186795491143,10.976918947933441,13.493022007514762,2.985775630703167,
95,25.509930220075148,12.701288244766506,8.769457863660762,18.90096618357488,6.904186795491143,10.963499731615673,13.372249060654857,2.8784219001610305,
96,26.02657004830918,12.640901771336553,8.769457863660762,18.793612453032743,6.904186795491143,10.896403650026839,13.117283950617283,2.8515834675254963,
97,26.56333870101986,12.607353730542137,8.735909822866345,18.63929146537842,6.642512077294686,10.876274825550189,13.083735909822867,2.8515834675254963,
98,26.972624798711756,12.553676865271068,8.668813741277509,18.303811057434245,6.602254428341385,11.131239935587761,12.915995705850777,2.8515834675254963,
99,27.83816425120773,12.486580783682234,8.467525496511003,18.12265163714439,6.5552871712292005,10.997047772410092,12.681159420289855,2.8515834675254963,
100,28.576221148684915,12.318840579710145,8.205850778314547,18.055555555555557,6.427804616210413,10.795759527643586,12.620772946859903,2.999194847020934,
101,28.23403113258186,11.969940955448202,8.205850778314547,19.296833064949006,6.709608158883521,10.0979602791197,12.486580783682234,2.999194847020934,
102,28.75738056897477,11.929683306494901,8.205850778314547,19.182769726247987,6.629092860976919,9.876543209876543,12.47987117552335,2.9388083735909825,
103,29.435050993022006,11.681427804616211,8.205850778314547,18.99490069779925,6.521739130434782,9.863123993558776,12.359098228663447,2.9388083735909825,
104,28.951959205582394,10.93666129898014,10.205314009661835,18.820450885668276,6.374127750939345,9.970477724100913,11.802200751476114,2.9388083735909825,
105,28.83118625872249,10.93666129898014,10.131508319914117,18.417874396135264,6.286902844873859,9.916800858829845,12.734836285560924,2.7442297369833604,
106,29.11969940955448,10.815888352120236,10.104669887278583,18.391035963499732,6.246645195920558,9.849704777241008,12.734836285560924,2.737520128824477,
107,30.06575415995706,10.57434245840043,10.0979602791197,18.283682232957595,6.152710681696189,9.71551261406334,12.446323134728932,2.6637144390767578,
108,30.48845947396672,10.527375201288244,10.02415458937198,18.283682232957595,6.085614600107354,9.675254965110037,12.318840579710145,2.5966183574879227,
109,30.703166935050994,10.48040794417606,9.96376811594203,16.478797638217927,5.938003220611916,9.588030059044552,14.251207729468598,2.5966183574879227,
110,30.9044551798175,10.46027911969941,9.950348899624261,16.418411164787976,5.911164787976382,9.567901234567902,14.190821256038648,2.5966183574879227,
111,31.340579710144926,10.285829307568438,9.923510466988727,16.378153515834676,5.911164787976382,9.46725711218465,14.123725174449811,2.5697799248523885,
112,31.89747718733226,10.265700483091788,9.916800858829845,16.163446054750402,5.844068706387547,9.31964573268921,14.036500268384327,2.5563607085346214,
113,32.50805152979066,10.225442834138486,9.842995169082126,15.982286634460548,5.750134192163178,9.245840042941492,13.88888888888889,2.5563607085346214,
114,32.84353193773484,10.19189479334407,9.842995169082126,15.827965646806227,5.709876543209877,9.23913043478261,13.788244766505636,2.5563607085346214,
115,33.360171765968865,10.11808910359635,9.749060654857756,15.76086956521739,5.595813204508857,9.151905528717123,13.754696725711218,2.509393451422437,
116,33.77616747181965,10.030864197530864,9.71551261406334,15.734031132581856,5.589103596349974,9.125067096081589,13.425925925925926,2.6033279656468062,
117,33.99087493290392,9.950348899624261,9.675254965110037,15.72061191626409,5.589103596349974,9.104938271604938,13.385668276972625,2.5831991411701556,
118,28.958668813741276,8.836553945249598,9.480676328502415,24.90606548577563,5.280461621041331,8.984165324745035,11.104401502952227,2.4490069779924855,
119,29.70343531937735,8.628556092324208,9.447128287707997,24.59742351046699,5.280461621041331,8.84326355340848,10.929951690821255,2.5697799248523885,
120,30.20665593129361,8.53462157809984,9.41358024691358,24.530327428878152,5.092592592592593,8.796296296296296,10.889694041867955,2.536231884057971,
121,30.97826086956522,8.36688137412775,9.23913043478261,24.335748792270532,5.072463768115942,8.682232957595277,10.802469135802468,2.522812667740204,
122,31.61567364465915,8.152173913043478,9.440418679549115,24.04723564143854,4.9651100375738055,8.521202361782072,10.755501878690284,2.5026838432635534,
123,29.09286097691895,6.649221685453569,9.91009125067096,23.946591519055286,3.5225442834138487,8.205850778314547,16.25738056897477,2.4154589371980677,
124,29.57595276435856,6.568706387546968,9.856414385399892,23.66478797638218,3.5225442834138487,8.259527643585615,16.035963499731615,2.368491680085883,0.14761137949543746
125,30.059044551798173,6.501610305958132,9.742351046698873,23.544015029522274,3.515834675254965,8.145464304884594,16.002415458937197,2.341653247450349,0.14761137949543746
126,30.14626945786366,6.132581857219538,10.59447128287708,23.450080515297905,3.4688674181427803,8.011272141706923,15.72061191626409,2.328234031132582,0.14761137949543746
127,30.421363392377884,6.085614600107354,10.567632850241546,23.429951690821255,3.4688674181427803,7.96430488459474,15.445517981749866,2.4691358024691357,0.14761137949543746
128,30.877616747181964,6.038647342995169,10.466988727858293,23.255501878690286,3.408480944712829,7.937466451959206,15.398550724637682,2.4691358024691357,0.14761137949543746
129,31.112453032742888,6.025228126677402,10.44015029522276,23.10789049919485,3.3950617283950617,7.9039184111647875,15.398550724637682,2.4691358024691357,0.14761137949543746
130,29.421631776704242,6.005099302200751,9.54777241009125,22.470477724100913,3.180354267310789,8.293075684380032,18.51851851851852,2.4154589371980677,0.14761137949543746
131,26.120504562533547,4.736983360171766,9.494095544820183,28.59634997316157,3.166935050993022,8.071658615136876,17.51207729468599,2.15378421900161,0.14761137949543746
132,26.952495974235106,4.616210413311863,9.151905528717123,28.29441760601181,3.1065485775630703,8.152173913043478,17.424852388620504,2.15378421900161,0.14761137949543746
133,27.4020397208803,4.528985507246377,9.138486312399356,28.005904455179817,3.1065485775630703,8.152173913043478,17.364465915190554,2.15378421900161,0.14761137949543746
134,27.737520128824478,4.51556629092861,9.078099838969404,27.91867954911433,3.0931293612453032,8.064949006977992,17.290660225442835,2.15378421900161,0.14761137949543746
135,26.50966183574879,4.394793344068707,8.776167471819646,30.776972624798713,3.0931293612453032,8.024691358024691,16.398282340311326,1.8786902844873858,0.14761137949543746
136,26.86527106816962,4.394793344068707,8.742619431025227,30.595813204508858,3.0864197530864197,7.96430488459474,16.324476650563607,1.8786902844873858,0.14761137949543746
137,27.78448738593666,4.394793344068707,8.722490606548577,29.817498658078367,3.0730005367686526,7.863660762211487,16.183574879227052,2.0128824476650564,0.14761137949543746
138,28.24074074074074,4.394793344068707,8.635265700483092,29.57595276435856,3.0730005367686526,7.816693505099302,16.1231884057971,1.9927536231884058,0.14761137949543746
139,28.690284487385938,4.367954911433173,8.501073537305421,29.488727858293075,3.066290928609769,7.7361782071927,16.022544283413847,1.9793344068706387,0.14761137949543746
140,29.086151368760063,4.2203435319377345,8.454106280193237,28.5426731078905,3.92512077294686,7.7361782071927,15.955448201825014,1.932367149758454,0.14761137949543746
141,30.152979066022546,4.133118625872249,8.420558239398819,28.099838969404185,3.9049919484702094,7.568438003220612,15.727321524422974,1.8451422436929683,0.14761137949543746
142,30.743424584004295,4.0995705850778315,8.400429414922169,27.80461621041331,3.9049919484702094,7.548309178743962,15.599838969404187,1.751207729468599,0.14761137949543746
143,31.233225979602793,4.03918411164788,8.165593129361245,27.690552871712292,3.8848631239935587,7.595276435856146,15.49248523886205,1.751207729468599,0.14761137949543746
144,31.635802469135804,4.025764895330113,8.111916264090176,27.509393451422437,3.851315083199141,7.541599570585078,15.425389157273216,1.751207729468599,0.14761137949543746
145,32.15915190552872,3.9989264626945786,7.98443370907139,27.30139559849705,3.851315083199141,7.541599570585078,15.271068169618895,1.7444981213097155,0.14761137949543746
146,32.37385936661299,3.9855072463768115,8.387010198604402,26.972624798711756,3.730542136339238,7.7898550724637685,14.868491680085883,1.7444981213097155,0.14761137949543746
147,31.830381105743424,3.8378958668813743,8.32662372517445,26.37546967257112,3.6097691894793345,7.4141170155662905,16.71363392377885,1.7444981213097155,0.14761137949543746
148,32.46108427267848,3.8378958668813743,8.32662372517445,26.281535158346752,3.603059581320451,7.380568974771873,16.21712292002147,1.7444981213097155,0.14761137949543746
149,32.50805152979066,3.5292538915727323,8.239398819108963,25.77831454643049,3.603059581320451,9.480676328502415,14.982555018786902,1.7310789049919484,0.14761137949543746
150,33.1454643048846,3.4957058507783145,8.179012345679013,25.53676865271068,3.515834675254965,9.359903381642512,14.922168545356952,1.6975308641975309,0.14761137949543746
151,33.80971551261406,3.4151905528717124,8.105206655931294,25.409286097691894,3.515834675254965,9.064680622651638,14.848362855609233,1.6841116478797638,0.14761137949543746
152,34.35990338164251,3.166935050993022,8.172302737520129,25.214707461084274,3.515834675254965,8.943907675791733,14.814814814814815,1.6639828234031133,0.14761137949543746
153,34.628287707997856,3.1602254428341383,8.11862587224906,25.0805152979066,3.502415458937198,8.977455716586151,14.741009125067096,1.6438539989264627,0.14761137949543746
154,35.08454106280193,3.1468062265163717,8.091787439613526,24.872517444981213,3.361513687600644,8.950617283950617,14.714170692431562,1.6304347826086956,0.14761137949543746
155,34.312936124530324,3.140096618357488,7.776435856146001,26.34863123993559,3.408480944712829,9.05126140633387,14.184111647879764,1.6304347826086956,0.14761137949543746
156,34.54777241009125,3.079710144927536,7.763016639828234,26.261406333870102,3.408480944712829,9.044551798174986,14.13714439076758,1.6103059581320451,0.14761137949543746
157,34.957058507783145,3.079710144927536,7.749597423510467,26.06682769726248,3.3950617283950617,9.01100375738057,13.982823403113258,1.6103059581320451,0.14761137949543746
158,35.17176596886742,3.079710144927536,7.749597423510467,25.99302200751476,3.3950617283950617,8.997584541062801,13.855340848094471,1.6103059581320451,0.14761137949543746
159,35.80246913580247,3.0327428878153517,7.6556629092860975,25.704508856682768,3.3279656468062266,8.957326892109501,13.613794954374665,1.6103059581320451,0.2952227589908749
160,36.010466988727856,2.9924852388620504,7.64224369296833,25.295222758990874,3.6500268384326353,8.917069243156199,13.600375738056897,1.596886741814278,0.2952227589908749
161,36.231884057971016,2.898550724637681,7.890499194847021,25.167740203972087,3.6500268384326353,8.863392377885132,13.070316693505099,1.932367149758454,0.2952227589908749
162,36.46672034353194,2.898550724637681,7.877079978529254,25.046967257112186,3.643317230273752,8.816425120772946,13.023349436392914,1.932367149758454,0.2952227589908749
163,36.63446054750403,2.898550724637681,7.85024154589372,24.973161567364468,3.629898013955985,8.816425120772946,12.969672571121846,1.932367149758454,0.2952227589908749
164,36.95652173913044,2.8784219001610305,7.836822329575953,24.892646269457863,3.603059581320451,8.756038647342995,12.848899624261943,1.932367149758454,0.2952227589908749
165,37.245034889962426,2.85829307568438,7.7361782071927,24.798711755233494,3.603059581320451,8.756038647342995,12.775093934514224,1.932367149758454,0.2952227589908749
166,35.607890499194845,2.717391304347826,7.152442297369833,22.383252818035427,3.556092324208266,7.75630703166935,19.464573268921097,1.06682769726248,0.2952227589908749
167,35.929951690821255,2.717391304347826,7.152442297369833,22.21551261406334,3.5225442834138487,7.75630703166935,19.343800322061192,1.06682769726248,0.2952227589908749
168,36.191626409017715,2.703972088030059,7.152442297369833,22.12157809983897,3.4688674181427803,7.716049382716049,19.28341384863124,1.06682769726248,0.2952227589908749
169,36.67471819645733,2.6704240472356413,7.132313472893183,21.906870638754697,3.4688674181427803,7.6556629092860975,19.135802469135804,1.0601180891035964,0.2952227589908749
170,37.0907139023081,2.6704240472356413,7.105475040257649,21.77938808373591,3.3279656468062266,7.615405260332796,19.0552871712292,1.0601180891035964,0.2952227589908749
171,37.40606548577563,2.6704240472356413,7.105475040257649,21.66532474503489,3.408480944712829,7.608695652173913,18.800322061191626,1.0601180891035964,0.27509393451422437
172,37.88244766505636,2.576489533011272,6.998121309715513,19.444444444444443,5.481749865807837,7.541599570585078,18.739935587761675,1.0601180891035964,0.27509393451422437
173,38.49302200751476,2.5295222758990876,6.964573268921095,19.216317767042405,5.441492216854535,7.501341921631776,18.53864734299517,1.0399892646269457,0.27509393451422437
174,39.17740203972088,2.49597423510467,6.951154052603328,19.142512077294686,5.414653784219001,7.2933440687063875,18.209876543209877,1.0399892646269457,0.27509393451422437
175,39.40552871712292,2.49597423510467,6.9310252281266775,19.0552871712292,5.414653784219001,7.273215244229737,18.115942028985508,1.0332796564680622,0.27509393451422437
176,38.84192163177671,2.2879763821792807,6.816961889425658,19.00161030595813,5.414653784219001,7.232957595276436,19.0955448201825,1.0332796564680622,0.27509393451422437
177,39.331723027375205,2.2410091250670963,6.776704240472356,18.61916264090177,5.636070853462158,7.118894256575416,18.968062265163713,1.0332796564680622,0.27509393451422437
178,39.801395598497045,2.2208803005904456,6.729736983360172,18.5654857756307,5.622651637144391,7.105475040257649,18.65271068169619,1.0265700483091786,0.27509393451422437
179,40.15700483091788,2.1940418679549114,6.6760601180891035,18.511808910359633,5.615942028985507,7.071926999463232,18.471551261406333,1.0265700483091786,0.27509393451422437
180,40.485775630703166,2.1940418679549114,6.582125603864735,18.431293612453032,5.589103596349974,7.0383789586688135,18.377616747181964,1.0265700483091786,0.27509393451422437
181,40.88164251207729,2.1940418679549114,6.5552871712292005,18.431293612453032,5.542136339237788,6.971282877079979,18.129361245303276,1.0265700483091786,0.2683843263553409
182,41.33118625872249,2.1940418679549114,6.5485775630703165,18.377616747181964,5.387815351583468,6.937734836285561,17.787171229200215,1.1674718196457328,0.2683843263553409
183,41.700214707461086,2.1940418679549114,6.468062265163715,18.189747718733226,5.381105743424584,6.89747718733226,17.74020397208803,1.1607622114868492,0.2683843263553409
184,39.10359634997316,2.033011272141707,6.233225979602791,22.48389694041868,4.609500805152979,6.602254428341385,17.619431025228128,1.0466988727858293,0.2683843263553409
185,39.432367149758456,2.0263016639828235,6.226516371443908,22.32957595276436,4.609500805152979,6.575415995705851,17.485238862050455,1.0466988727858293,0.2683843263553409
186,39.89533011272142,2.006172839506173,6.159420289855072,22.423510466988727,4.562533548040794,6.515029522275899,17.183306494900698,0.9863123993558777,0.2683843263553409
187,40.304616210413315,2.006172839506173,6.125872249060655,22.32957595276436,4.528985507246377,6.474771873322598,17.062533548040793,0.8990874932903918,0.2683843263553409
188,40.54616210413312,2.006172839506173,6.052066559312936,22.22222222222222,4.528985507246377,6.427804616210413,17.04911433172303,0.8990874932903918,0.2683843263553409
189,41.0024154589372,2.006172839506173,5.931293612453032,22.0276435856146,4.64975845410628,6.360708534621578,16.854535695115406,0.8990874932903918,0.2683843263553409
190,41.7740203972088,1.9860440150295222,5.803811057434245,21.732420826623724,4.549114331723027,6.333870101986044,16.800858829844337,0.7514761137949544,0.2683843263553409
191,42.01556629092861,1.9726247987117553,5.71658615136876,21.672034353193773,4.549114331723027,6.333870101986044,16.75389157273215,0.7179280730005367,0.2683843263553409
192,42.3845947396672,1.9592055823939882,5.642780461621041,21.611647879763822,4.4753086419753085,6.3137412775093935,16.626409017713364,0.7179280730005367,0.2683843263553409
193,42.78717122920021,1.9524959742351047,5.5756843800322065,21.524422973698336,4.448470209339774,6.280193236714976,16.445249597423512,0.7179280730005367,0.2683843263553409
194,43.14949006977992,1.9524959742351047,5.562265163714439,21.30300590445518,4.448470209339774,6.172839506172839,16.431830381105744,0.7112184648416533,0.2683843263553409
195,42.592592592592595,1.7981749865807837,5.562265163714439,22.16183574879227,4.435050993022007,6.105743424584004,16.364734299516908,0.7112184648416533,0.2683843263553409
196,42.8743961352657,1.7981749865807837,5.508588298443371,22.128287707997853,4.414922168545357,6.105743424584004,16.190284487385938,0.7112184648416533,0.2683843263553409
197,42.652979066022546,1.7981749865807837,5.246913580246914,22.114868491680085,4.361245303274289,7.179280730005368,15.68035426731079,0.6977992485238862,0.2683843263553409
198,43.14949006977992,1.7914653784219001,5.179817498658078,21.846484165324746,4.361245303274289,7.078636607622115,15.626677402039721,0.6977992485238862,0.2683843263553409
199,43.283682232957595,1.7914653784219001,5.173107890499195,21.81964573268921,4.320987654320987,7.03166935050993,15.613258185721953,0.6977992485238862,0.2683843263553409
200,43.565485775630705,1.7914653784219001,5.173107890499195,21.578099838969404,4.320987654320987,6.991411701556629,15.613258185721953,0.6977992485238862,0.2683843263553409
201,43.86741814278046,1.7847557702630166,5.173107890499195,21.4170692431562,4.30756843800322,6.957863660762212,15.53274288781535,0.6910896403650026,0.2683843263553409
202,44.39076757917338,1.7847557702630166,5.045625335480408,21.36339237788513,4.253891572732153,6.857219538378959,15.344873859366613,0.6910896403650026,0.2683843263553409
203,44.60547504025765,1.7847557702630166,5.038915727321524,21.26274825550188,4.253891572732153,6.796833064949007,15.297906602254429,0.6910896403650026,0.2683843263553409
204,44.75308641975309,1.7847557702630166,5.193236714975845,21.215780998389693,4.253891572732153,6.78341384863124,15.056360708534621,0.6910896403650026,0.2683843263553409
205,45.330112721417066,1.7847557702630166,5.12614063338701,21.041331186258724,4.367954911433173,6.696188942565755,14.694041867954912,0.6910896403650026,0.2683843263553409
206,45.390499194847024,1.7847557702630166,5.314009661835748,20.967525496511005,4.3478260869565215,6.602254428341385,14.63365539452496,0.6910896403650026,0.2683843263553409
207,45.571658615136876,1.7847557702630166,5.307300053676865,20.90713902308105,4.3478260869565215,6.541867954911433,14.593397745571659,0.6776704240472357,0.2683843263553409
208,45.94739667203435,1.7847557702630166,5.273752012882448,20.799785292538918,4.280730005367687,6.501610305958132,14.472624798711756,0.6709608158883521,0.2683843263553409
209,46.34997316156736,1.737788513150832,5.166398282340311,20.73268921095008,4.280730005367687,6.374127750939345,14.432367149758454,0.6575415995705851,0.2683843263553409
210,46.772678475577024,1.6841116478797638,5.045625335480408,20.578368223295758,4.260601180891036,6.340579710144928,14.392109500805153,0.6575415995705851,0.2683843263553409
211,47.28931830381106,1.5499194847020934,5.032206119162641,20.363660762211488,4.2270531400966185,6.327160493827161,14.298174986580785,0.644122383252818,0.2683843263553409
212,47.638217928073,1.5499194847020934,5.018786902844874,20.155662909286097,4.166666666666667,6.3070316693505095,14.251207729468598,0.644122383252818,0.2683843263553409
213,47.86634460547504,1.5432098765432098,5.005367686527107,20.088566827697264,4.106280193236715,6.273483628556092,14.204240472356414,0.644122383252818,0.2683843263553409
214,48.16156736446592,1.5432098765432098,4.924852388620504,19.91411701556629,4.072732152442297,6.273483628556092,14.197530864197532,0.644122383252818,0.2683843263553409
215,48.429951690821255,1.5365002683843263,4.918142780461621,19.719538378958667,4.052603327965647,6.273483628556092,14.15727321524423,0.644122383252818,0.2683843263553409
216,48.8593666129898,1.5297906602254427,4.851046698872786,19.484702093397747,4.052603327965647,6.213097155126141,14.103596349973161,0.6374127750939346,0.2683843263553409
217,49.47665056360709,1.5297906602254427,4.8376274825550185,19.343800322061192,3.770799785292539,6.1862587224906065,13.982823403113258,0.6374127750939346,0.23483628556092323
218,49.75845410628019,1.5297906602254427,4.797369833601718,19.202898550724637,3.7640901771336552,6.1862587224906065,13.902308105206655,0.6239935587761675,0.23483628556092323
219,49.986580783682236,1.5297906602254427,4.783950617283951,19.0955448201825,3.730542136339238,6.159420289855072,13.868760064412239,0.6105743424584005,0.23483628556092323
220,50.5703166935051,1.4895330112721417,4.736983360171766,18.88083735909823,3.616478797638218,6.146001073537305,13.714439076757918,0.6105743424584005,0.23483628556092323
221,50.878958668813745,1.4895330112721417,4.736983360171766,18.50509930220075,3.7573805689747717,6.146001073537305,13.6406333870102,0.6105743424584005,0.23483628556092323
222,47.64492753623188,1.4492753623188406,4.582662372517445,17.478529253891573,3.7238325281803544,5.642780461621041,18.632581857219538,0.6105743424584005,0.23483628556092323
223,48.047504025764894,1.402308105206656,4.569243156199678,17.438271604938272,3.603059581320451,5.636070853462158,18.45813204508857,0.6105743424584005,0.23483628556092323
224,48.268921095008054,1.402308105206656,4.562533548040794,17.277241009125067,3.5963499731615673,5.622651637144391,18.431293612453032,0.6105743424584005,0.2281266774020397
225,48.168276972624795,1.402308105206656,5.213365539452496,17.122920021470748,3.5963499731615673,5.609232420826624,18.109232420826622,0.5501878690284487,0.2281266774020397
226,48.44337090713902,1.3955984970477724,5.179817498658078,17.028985507246375,3.5628019323671496,5.736714975845411,17.8743961352657,0.5501878690284487,0.2281266774020397
227,48.54401502952228,1.3955984970477724,5.166398282340311,16.99543746645196,3.5628019323671496,5.736714975845411,17.820719269994633,0.5501878690284487,0.2281266774020397
228,48.97342995169082,1.3955984970477724,5.166398282340311,16.740472356414386,3.5292538915727323,5.71658615136876,17.69994632313473,0.5501878690284487,0.2281266774020397
229,49.40955448201825,1.3955984970477724,5.132850241545894,16.512345679012345,3.4957058507783145,5.689747718733226,17.60601180891036,0.5434782608695652,0.2147074610842727
230,49.69806763285024,1.3888888888888888,5.12614063338701,16.465378421900162,3.488996242619431,5.669618894256575,17.404723564143854,0.5434782608695652,0.2147074610842727
231,49.93961352657005,1.3888888888888888,5.12614063338701,16.364734299516908,3.4822866344605474,5.669618894256575,17.270531400966185,0.5434782608695652,0.2147074610842727
232,48.94659151905529,1.3754696725711217,5.0791733762748255,16.29092860976919,3.455448201825013,4.851046698872786,19.290123456790123,0.49651100375738055,0.2147074610842727
233,49.261943102522814,1.3754696725711217,5.045625335480408,16.163446054750402,3.435319377348363,4.8443370907139025,19.162640901771336,0.49651100375738055,0.2147074610842727
234,49.584004294149224,1.3754696725711217,5.045625335480408,15.955448201825014,3.435319377348363,4.824208266237251,19.068706387546968,0.49651100375738055,0.2147074610842727
235,49.84567901234568,1.3754696725711217,5.032206119162641,15.814546430488459,3.435319377348363,4.804079441760601,18.988191089640367,0.48980139559849706,0.2147074610842727
236,49.241814278046164,1.3620504562533549,4.99194847020934,15.76086956521739,3.4151905528717124,4.797369833601718,19.726247987117553,0.48980139559849706,0.2147074610842727
237,49.69135802469136,1.3553408480944713,4.9651100375738055,15.727321524422974,3.4017713365539453,4.723564143853999,19.43102522812668,0.48980139559849706,0.2147074610842727
238,49.97987117552335,1.3486312399355878,4.951690821256038,15.619967793880837,3.307836822329576,4.723564143853999,19.363929146537842,0.48980139559849706,0.2147074610842727
239,50.26838432635534,1.3486312399355878,4.931561996779388,15.573000536768653,3.2139023081052067,4.690016103059581,19.276704240472355,0.4830917874396135,0.2147074610842727
240,50.456253354804076,1.3486312399355878,4.931561996779388,15.5126140633387,3.1535158346752548,4.663177670424047,19.236446591519055,0.4830917874396135,0.2147074610842727
241,50.77831454643049,1.3486312399355878,4.911433172302737,15.465646806226516,3.2742887815351582,4.5893719806763285,18.9345142243693,0.4830917874396135,0.2147074610842727
242,51.01315083199141,1.3486312399355878,4.891304347826087,15.33816425120773,3.2474503488996245,4.575952764358561,18.887546967257112,0.4830917874396135,0.2147074610842727
243,51.31508319914117,1.3486312399355878,4.871175523349437,15.177133655394526,3.1535158346752548,4.569243156199678,18.867418142780462,0.4830917874396135,0.2147074610842727
244,51.58346752549651,1.3419216317767042,4.851046698872786,15.083199141170155,3.140096618357488,4.569243156199678,18.733225979602793,0.4830917874396135,0.2147074610842727
245,52.05314009661836,1.3217928073000538,4.851046698872786,15.049651100375739,3.0931293612453032,4.64975845410628,18.283682232957595,0.4830917874396135,0.2147074610842727
246,52.39533011272142,1.3217928073000538,4.824208266237251,14.922168545356952,3.026033279656468,4.602791196994096,18.230005367686527,0.46296296296296297,0.2147074610842727
247,52.522812667740205,1.3217928073000538,4.804079441760601,14.63365539452496,3.294417606011809,4.5960815888352125,18.156199677938808,0.4562533548040794,0.2147074610842727
248,52.73081052066559,1.3217928073000538,4.804079441760601,14.398819108964037,3.5091250670960816,4.5960815888352125,17.96833064949007,0.4562533548040794,0.2147074610842727
249,52.925389157273216,1.3217928073000538,4.770531400966184,14.351851851851851,3.5091250670960816,4.562533548040794,17.887815351583466,0.4562533548040794,0.2147074610842727
250,53.14680622651637,1.2949543746645196,4.74369296833065,14.331723027375201,3.5091250670960816,4.562533548040794,17.74020397208803,0.4562533548040794,0.2147074610842727
251,53.33467525496511,1.2949543746645196,4.723564143853999,14.284755770263017,3.5091250670960816,4.562533548040794,17.619431025228128,0.4562533548040794,0.2147074610842727
252,53.5426731078905,1.2949543746645196,4.723564143853999,14.210950080515298,3.502415458937198,4.528985507246377,17.538915727321523,0.4428341384863124,0.2147074610842727
253,53.495705850778315,1.2949543746645196,4.723564143853999,14.016371443907676,3.8043478260869565,4.522275899087493,17.485238862050455,0.4428341384863124,0.2147074610842727
254,53.676865271068166,1.2949543746645196,4.643048845947397,13.94927536231884,3.797638217928073,4.522275899087493,17.458400429414922,0.4428341384863124,0.2147074610842727
255,53.898282340311326,1.2949543746645196,4.62962962962963,13.88888888888889,3.717122920021471,4.522275899087493,17.398013955984972,0.4428341384863124,0.20799785292538917
256,54.02576489533011,1.2949543746645196,4.62962962962963,13.88888888888889,3.717122920021471,4.468599033816425,17.324208266237253,0.4428341384863124,0.20799785292538917
257,54.139828234031135,1.2949543746645196,4.616210413311863,13.848631239935587,3.717122920021471,4.468599033816425,17.28395061728395,0.4227053140096618,0.20799785292538917
258,54.448470209339774,1.2949543746645196,4.5893719806763285,13.774825550187868,3.717122920021471,4.455179817498658,17.08937198067633,0.4227053140096618,0.20799785292538917
259,54.33440687063875,1.2949543746645196,4.575952764358561,13.774825550187868,3.7037037037037037,4.455179817498658,17.23027375201288,0.4227053140096618,0.20799785292538917
260,54.6430488459474,1.2949543746645196,4.575952764358561,13.647342995169081,3.643317230273752,4.455179817498658,17.10950080515298,0.4227053140096618,0.20799785292538917
261,54.8443370907139,1.2949543746645196,4.555823939881911,13.526570048309178,3.643317230273752,4.428341384863124,17.07595276435856,0.4227053140096618,0.20799785292538917
262,55.112721417069245,1.288244766505636,4.549114331723027,13.493022007514762,3.643317230273752,4.334406870638754,16.948470209339774,0.4227053140096618,0.20799785292538917
