,45,50,55,53,54,52,51,57,56
0,100.0,,,,,,,,
1,99.76516371443908,0.23483628556092323,,,,,,,
2,99.50348899624262,0.49651100375738055,,,,,,,
3,83.60842726784756,16.391572732152444,,,,,,,
4,83.63526570048309,16.364734299516908,,,,,,,
5,80.05904455179818,19.940955448201827,,,,,,,
6,76.07353730542137,23.926462694578635,,,,,,,
7,62.23161567364466,37.76838432635534,,,,,,,
8,62.39935587761675,36.94981213097155,0.6508319914117016,,,,,,
9,61.8491680085883,37.5,0.6508319914117016,,,,,,
10,58.47423510466989,38.20450885668277,,3.321256038647343,,,,,
11,58.601717659688674,37.9495437466452,,3.307836822329576,0.14090177133655393,,,,
12,58.73590982286635,37.815351583467525,,3.307836822329576,0.14090177133655393,,,,
13,27.831454643048847,51.878690284487384,,3.307836822329576,3.166935050993022,13.81508319914117,,,
14,25.308641975308642,54.46188942565754,,3.307836822329576,3.166935050993022,13.754696725711218,,,
15,25.509930220075148,53.824476650563604,,3.026033279656468,3.938539989264627,13.70101986044015,,,
16,24.92619431025228,52.180622651637144,2.13365539452496,3.026033279656468,3.938539989264627,12.587224906065487,0.9326355340848095,0.27509393451422437,
17,25.033548040794418,52.09339774557166,2.13365539452496,3.026033279656468,3.938539989264627,12.567096081588835,0.9326355340848095,0.27509393451422437,
18,25.167740203972087,51.05340848094471,2.100107353730542,3.965378421900161,3.938539989264627,12.567096081588835,0.9326355340848095,0.27509393451422437,
19,25.785024154589372,50.617283950617285,2.100107353730542,3.92512077294686,3.9184111647879765,12.446323134728932,0.9326355340848095,0.27509393451422437,
20,24.724906065485776,44.867149758454104,2.100107353730542,0.2549651100375738,3.1468062265163717,12.922705314009661,11.708266237251744,0.27509393451422437,
21,23.95330112721417,45.75952764358561,2.100107353730542,0.2549651100375738,3.1468062265163717,12.875738056897477,11.634460547504025,0.27509393451422437,
22,24.288781535158346,45.53811057434246,2.100107353730542,0.2549651100375738,3.1468062265163717,12.781803542673108,11.614331723027375,0.27509393451422437,
23,24.36929683306495,45.32340311325819,2.033011272141707,0.2549651100375738,3.421900161030596,12.741545893719806,11.580783682232958,0.27509393451422437,
24,24.691358024691358,45.148953301127214,2.0128824476650564,0.24825550187869028,3.421900161030596,12.70799785292539,11.493558776167472,0.27509393451422437,
25,25.0,44.50483091787439,2.5026838432635534,0.24825550187869028,3.4017713365539453,12.681159420289855,11.386205045625335,0.27509393451422437,
26,25.214707461084274,44.32367149758454,2.5026838432635534,0.24825550187869028,3.4017713365539453,12.667740203972087,11.366076221148685,0.27509393451422437,
27,25.577026301663984,44.04186795491143,2.49597423510467,0.24825550187869028,3.4017713365539453,12.667740203972087,11.292270531400966,0.27509393451422437,
28,26.006441223832528,43.63929146537842,2.49597423510467,0.24825550187869028,3.4017713365539453,12.359098228663447,11.258722490606548,0.5904455179817498,
29,25.905797101449274,43.82045088566828,2.4691358024691357,0.24825550187869028,3.4017713365539453,12.332259796027913,11.238593666129898,0.5837359098228664,
30,25.201288244766506,43.384326355340846,2.4691358024691357,0.24825550187869028,6.689479334406871,10.245571658615138,11.178207192699947,0.5837359098228664,
31,24.872517444981213,41.82098765432099,2.4691358024691357,0.11406333870101985,7.555018786902845,12.647611379495437,9.936929683306495,0.5837359098228664,
32,24.570585077831456,39.150563607085346,2.3215244229736984,0.11406333870101985,9.400161030595813,11.990069779924852,11.869296833064949,0.5837359098228664,
33,24.724906065485776,39.01637144390767,2.3215244229736984,0.11406333870101985,9.400161030595813,11.990069779924852,11.849168008588299,0.5837359098228664,
34,24.953032742887814,38.83521202361782,2.3215244229736984,0.11406333870101985,9.400161030595813,11.990069779924852,11.802200751476114,0.5837359098228664,
35,20.437466451959207,45.09527643585615,2.2342995169082127,0.11406333870101985,8.038110574342458,11.728395061728396,11.802200751476114,0.5501878690284487,
36,19.90740740740741,44.77992485238862,2.2074610842726785,0.11406333870101985,8.205850778314547,11.956521739130435,12.278582930756844,0.5501878690284487,
37,16.27750939345142,38.22463768115942,1.8988191089640365,0.11406333870101985,7.796564680622652,12.4597423510467,22.69860440150295,0.5300590445517982,
38,16.364734299516908,38.197799248523886,1.8988191089640365,0.11406333870101985,7.796564680622652,12.439613526570048,22.69860440150295,0.48980139559849706,
39,16.57944176060118,38.14412238325282,2.13365539452496,0.11406333870101985,7.796564680622652,12.439613526570048,22.302737520128826,0.48980139559849706,
40,16.80756843800322,36.802200751476114,1.7646269457863661,0.11406333870101985,9.91009125067096,11.83574879227053,22.27589908749329,0.48980139559849706,
41,17.236983360171767,36.63446054750403,1.7646269457863661,0.11406333870101985,9.91009125067096,11.83574879227053,22.014224369296834,0.48980139559849706,
42,17.270531400966185,36.15807836822329,2.1068169618894257,0.4092860976918948,9.876543209876543,11.768652710681696,21.920289855072465,0.48980139559849706,
43,17.579173376274827,36.14465915190553,2.0799785292538915,0.4025764895330113,9.829575952764358,11.714975845410628,21.75925925925926,0.48980139559849706,
44,17.156468062265162,30.709876543209877,2.0263016639828235,4.2270531400966185,11.480139559849706,15.418679549114332,18.491680085882983,0.48980139559849706,
45,17.23027375201288,30.703166935050994,2.0263016639828235,4.2270531400966185,11.43317230273752,15.398550724637682,18.491680085882983,0.48980139559849706,
46,15.982286634460548,27.750939345142243,3.864734299516908,6.166129898013956,11.392914653784219,15.398550724637682,18.95464304884595,0.48980139559849706,
47,16.1231884057971,27.70397208803006,3.824476650563607,6.166129898013956,11.386205045625335,15.391841116478798,18.914385399892645,0.48980139559849706,
48,16.23725174449812,27.697262479871174,3.824476650563607,6.166129898013956,11.366076221148685,14.781266774020397,18.867418142780462,0.28180354267310787,0.7783145464304885
49,15.780998389694043,27.30810520665593,3.7909286097691894,12.781803542673108,11.218464841653248,10.198604401502953,18.867418142780462,0.05367686527106817,
50,16.06280193236715,26.717659688674182,3.7372517444981215,12.640901771336553,11.896135265700483,9.802737520128824,18.733225979602793,0.05367686527106817,0.35560923242082665
51,15.801127214170693,26.690821256038646,3.7372517444981215,12.513419216317766,11.896135265700483,9.681964573268921,19.269994632313473,0.05367686527106817,0.35560923242082665
52,16.324476650563607,26.54320987654321,3.7372517444981215,12.412775093934513,11.862587224906065,9.46725711218465,19.243156199677937,0.05367686527106817,0.35560923242082665
53,16.7337627482555,26.301663982823403,3.475577026301664,12.412775093934513,12.453032742887816,9.426999463231347,18.78690284487386,0.05367686527106817,0.35560923242082665
54,16.794149221685455,26.288244766505635,3.475577026301664,13.627214170692431,11.386205045625335,9.232420826623725,18.78690284487386,0.05367686527106817,0.35560923242082665
55,16.955179817498657,24.241814278046164,3.475577026301664,15.935319377348362,11.386205045625335,9.205582393988191,18.391035963499732,0.05367686527106817,0.35560923242082665
56,17.09608158883521,24.16129898013956,3.475577026301664,15.908480944712828,11.104401502952227,9.158615136876007,18.391035963499732,0.05367686527106817,0.6508319914117016
57,12.177938808373591,11.808910359634996,2.885131508319914,15.72061191626409,6.870638754696726,5.3274288781535155,44.06870638754697,0.05367686527106817,1.0869565217391304
58,12.265163714439076,11.580783682232958,2.831454643048846,15.72061191626409,9.366612989801396,5.293880837359098,41.80085882984434,0.05367686527106817,1.0869565217391304
59,12.265163714439076,11.426462694578637,2.831454643048846,15.68035426731079,7.7898550724637685,7.206119162640902,41.659957058507786,0.05367686527106817,1.0869565217391304
60,12.801932367149758,11.41304347826087,2.831454643048846,15.331454643048845,7.776435856146001,7.206119162640902,41.51905528717123,0.03354804079441761,1.0869565217391304
61,13.231347289318304,11.399624261943103,2.831454643048846,15.22410091250671,7.776435856146001,7.139023081052066,41.277509393451425,0.03354804079441761,1.0869565217391304
62,13.479602791196994,10.970209339774557,2.831454643048846,13.976113794954374,7.742887815351583,9.044551798174986,40.83467525496511,0.03354804079441761,1.0869565217391304
63,13.560118089103597,10.473698336017177,2.8113258185721954,11.902844873859367,7.709339774557166,12.392646269457863,40.02952227589909,0.03354804079441761,1.0869565217391304
64,13.633923778851315,10.473698336017177,2.804616210413312,11.902844873859367,7.682501341921632,12.379227053140097,40.01610305958132,0.03354804079441761,1.0735373054213635
65,13.486312399355878,10.399892646269459,2.804616210413312,11.829039184111648,7.856951154052603,14.190821256038648,38.33870101986044,0.020128824476650563,1.0735373054213635
66,13.6406333870102,10.373054213633925,2.9589371980676327,11.79549114331723,7.856951154052603,14.143853998926463,38.137412775093935,0.020128824476650563,1.0735373054213635
67,13.734567901234568,10.312667740203972,2.9589371980676327,11.79549114331723,8.031400966183575,13.935856146001074,38.137412775093935,0.020128824476650563,1.0735373054213635
68,13.94927536231884,9.997316156736447,2.9589371980676327,11.681427804616211,8.031400966183575,14.278046162104133,38.00993022007515,0.020128824476650563,1.0735373054213635
69,14.016371443907676,9.541062801932368,2.871712292002147,11.480139559849706,10.782340311325818,13.741277509393452,36.47342995169082,0.020128824476650563,1.0735373054213635
70,14.04320987654321,9.46725711218465,2.844873859366613,14.42565754159957,9.252549651100376,13.130703166935051,35.809178743961354,,1.0265700483091786
71,14.184111647879764,9.420289855072463,2.844873859366613,14.13714439076758,9.225711218464841,14.17740203972088,34.98389694041868,,1.0265700483091786
72,14.31159420289855,9.41358024691358,2.844873859366613,14.197530864197532,9.225711218464841,14.278046162104133,34.70880300590446,,1.0198604401502953
73,14.53972088030059,9.41358024691358,2.4490069779924855,14.566559312936125,9.212292002147075,14.190821256038648,34.6081588835212,,1.0198604401502953
74,14.620236178207193,9.406870638754697,2.7509393451422435,15.365002683843263,8.655394524959743,14.184111647879764,33.9975845410628,,1.0198604401502953
75,14.922168545356952,9.39345142243693,2.7509393451422435,15.190552871712292,8.655394524959743,14.123725174449811,33.943907675791735,,1.0198604401502953
76,15.35829307568438,9.373322597960279,2.7509393451422435,15.143585614600108,8.507783145464305,13.996242619431026,33.84997316156736,,1.0198604401502953
77,15.626677402039721,9.339774557165862,2.7308105206655933,15.123456790123457,8.480944712828771,13.969404186795492,33.70907139023081,,1.0198604401502953
78,15.72061191626409,9.16532474503489,2.804616210413312,14.526301663982823,8.480944712828771,13.16425120772947,35.11808910359635,,1.0198604401502953
79,15.633387010198604,8.789586688137414,3.730542136339238,14.492753623188406,8.53462157809984,13.130703166935051,34.66854535695116,,1.0198604401502953
80,15.458937198067632,8.749329039184111,3.5628019323671496,15.11003757380569,8.521202361782072,13.110574342458401,33.82984433709071,,1.6572732152442298
81,15.794417606011809,8.722490606548577,3.851315083199141,14.821524422973699,8.413848631239935,13.070316693505099,33.66881374127751,,1.6572732152442298
82,15.794417606011809,8.695652173913043,5.891035963499732,14.479334406870638,8.883521202361782,12.915995705850777,31.78341384863124,,1.556629092860977
83,15.868223295759528,8.695652173913043,5.864197530864198,14.479334406870638,8.883521202361782,12.909286097691895,31.743156199677937,,1.556629092860977
84,15.794417606011809,8.514492753623188,5.864197530864198,15.995705850778315,8.662104133118627,13.070316693505099,30.54213633923779,,1.556629092860977
85,16.210413311862588,8.514492753623188,5.83064949006978,15.98899624261943,8.581588835212024,12.86231884057971,30.454911433172303,,1.556629092860977
86,16.21712292002147,8.514492753623188,5.709876543209877,15.841384863123993,8.715780998389693,12.607353730542137,30.837359098228664,,1.556629092860977
87,16.35131508319914,8.514492753623188,5.709876543209877,15.780998389694043,8.715780998389693,12.607353730542137,30.763553408480945,,1.556629092860977
88,16.284219001610307,8.447396672034353,6.709608158883521,15.76086956521739,8.68894256575416,12.593934514224369,29.978529253891573,,1.5365002683843263
89,16.639828234031132,8.413848631239935,6.709608158883521,15.687063875469672,8.675523349436393,12.593934514224369,29.74369296833065,,1.5365002683843263
90,16.6935050993022,8.413848631239935,6.709608158883521,15.666935050993022,8.675523349436393,12.593934514224369,29.74369296833065,,1.5029522275899088
91,16.780730005367687,8.400429414922169,6.602254428341385,14.895330112721417,8.628556092324208,14.284755770263017,28.99892646269458,,1.4090177133655395
92,17.216854535695116,8.360171765968868,6.575415995705851,14.855072463768115,8.568169618894256,14.090177133655395,28.92512077294686,,1.4090177133655395
93,16.928341384863124,8.232689210950081,5.958132045088567,17.042404723564143,8.132045088566828,14.04320987654321,28.25415995705851,,1.4090177133655395
94,16.72705314009662,7.816693505099302,5.924584004294149,17.022275899087493,8.903650026838433,14.009661835748792,28.187063875469672,,1.4090177133655395
95,16.894793344068706,7.7898550724637685,5.924584004294149,16.988727858293075,8.896940418679549,13.982823403113258,27.455716586151368,,2.0665593129361244
96,16.97530864197531,7.7898550724637685,5.897745571658615,15.780998389694043,8.896940418679549,13.747987117552334,28.502415458937197,,2.408749329039184
97,17.270531400966185,7.461084272678476,6.112453032742888,16.13660762211487,8.420558239398819,13.747987117552334,28.442028985507246,,2.408749329039184
98,17.351046698872786,7.4006977992485234,6.112453032742888,16.129898013955984,8.420558239398819,13.747987117552334,28.428609769189478,,2.408749329039184
99,16.57944176060118,7.4006977992485234,5.9447128287707995,14.895330112721417,7.96430488459474,8.541331186258722,36.26543209876543,,2.408749329039184
100,16.814278046162105,7.380568974771873,6.112453032742888,14.834943639291465,7.944176060118089,8.32662372517445,36.178207192699944,,2.408749329039184
101,15.646806226516372,7.212828770799785,6.112453032742888,14.834943639291465,7.87037037037037,8.239398819108963,37.775093934514224,,2.3081052066559313
102,15.693773483628556,7.212828770799785,6.112453032742888,14.834943639291465,7.856951154052603,8.239398819108963,37.74154589371981,,2.3081052066559313
103,15.774288781535159,7.212828770799785,6.112453032742888,14.794685990338165,7.856951154052603,8.239398819108963,37.7012882447665,,2.3081052066559313
104,15.962157809983896,7.206119162640902,6.112453032742888,14.794685990338165,7.85024154589372,8.239398819108963,37.56038647342995,,2.2745571658615136
105,15.814546430488459,6.716317767042405,5.709876543209877,14.700751476113794,7.407407407407407,10.426731078904991,36.94981213097155,,2.2745571658615136
106,16.451959205582394,6.716317767042405,5.709876543209877,14.103596349973161,7.407407407407407,10.413311862587225,36.922973698336016,,2.2745571658615136
107,16.358024691358025,6.709608158883521,6.273483628556092,14.17740203972088,7.226247987117552,10.668276972624799,36.312399355877616,,2.2745571658615136
108,16.378153515834676,6.635802469135802,6.105743424584004,16.666666666666668,7.1658615136876005,9.50751476113795,35.265700483091784,,2.2745571658615136
109,16.57944176060118,6.635802469135802,6.092324208266238,16.183574879227052,7.5281803542673105,9.4873859366613,35.218733225979605,,2.2745571658615136
110,16.70692431561997,6.629092860976919,6.092324208266238,16.163446054750402,7.50805152979066,9.453837895866881,35.17176596886742,,2.2745571658615136
111,16.841116478797638,6.608964036500268,6.092324208266238,15.895061728395062,7.50805152979066,9.453837895866881,35.07112184648417,0.2952227589908749,2.2342995169082127
112,17.317498658078367,6.582125603864735,6.092324208266238,15.72061191626409,7.50805152979066,9.406870638754697,34.84299516908212,0.2952227589908749,2.2342995169082127
113,17.431561996779386,6.561996779388084,6.092324208266238,15.72061191626409,7.50805152979066,9.406870638754697,34.74906065485776,0.2952227589908749,2.2342995169082127
114,17.921363392377884,6.447933440687064,6.092324208266238,15.68035426731079,7.50805152979066,9.359903381642512,34.46054750402576,0.2952227589908749,2.2342995169082127
115,18.115942028985508,6.447933440687064,6.092324208266238,15.646806226516372,7.50805152979066,9.339774557165862,34.346484165324746,0.2952227589908749,2.2074610842726785
116,18.21658615136876,6.447933440687064,6.085614600107354,15.633387010198604,7.474503488996243,9.339774557165862,34.306226516371446,0.2952227589908749,2.200751476113795
117,17.753623188405797,6.099033816425121,6.132581857219538,15.579710144927537,8.319914117015566,9.333064949006978,34.286097691894796,0.2952227589908749,2.200751476113795
118,18.02200751476114,6.025228126677402,6.112453032742888,15.546162104133119,8.299785292538916,9.306226516371444,34.19216317767042,0.2952227589908749,2.200751476113795
119,18.42458400429415,6.025228126677402,6.112453032742888,15.465646806226516,8.299785292538916,9.185453569511541,33.99087493290392,0.2952227589908749,2.200751476113795
120,18.49838969404187,6.025228126677402,6.112453032742888,15.45222758990875,8.152173913043478,9.172034353193773,33.95061728395062,0.46296296296296297,2.1739130434782608
121,18.256843800322063,5.193236714975845,6.078904991948471,17.16988727858293,8.152173913043478,8.601717659688674,33.91035963499731,0.46296296296296297,2.1739130434782608
122,18.323939881910896,5.152979066022544,6.353998926462695,17.143048845947398,7.930756843800322,8.601717659688674,33.85668276972625,0.46296296296296297,2.1739130434782608
123,18.659420289855074,5.112721417069243,6.353998926462695,17.09608158883521,7.930756843800322,8.57487922705314,33.63526570048309,0.46296296296296297,2.1739130434782608
124,19.189479334406872,5.072463768115942,6.535158346752549,16.700214707461082,7.883789586688137,8.507783145464305,33.47423510466989,0.46296296296296297,2.1739130434782608
125,18.35077831454643,5.059044551798175,6.1929683306494905,20.316693505099302,7.5348899624261945,7.5281803542673105,32.380568974771876,0.46296296296296297,2.1739130434782608
126,18.57890499194847,5.059044551798175,6.172839506172839,20.28985507246377,7.501341921631776,7.5281803542673105,32.23295759527644,0.46296296296296297,2.1739130434782608
127,18.84728931830381,5.045625335480408,6.152710681696189,20.25630703166935,7.387278582930757,7.501341921631776,32.17257112184648,0.46296296296296297,2.1739130434782608
128,19.0552871712292,5.018786902844874,6.125872249060655,20.189210950080515,7.367149758454106,7.501341921631776,31.99812130971551,0.46296296296296297,2.281266774020397
129,19.47128287707998,4.978529253891573,6.119162640901771,20.162372517444982,7.367149758454106,7.501341921631776,31.655931293612454,0.46296296296296297,2.281266774020397
130,19.73966720343532,4.944981213097155,6.119162640901771,20.041599570585078,8.3064949006978,7.481213097155126,31.179549114331724,0.46296296296296297,1.724369296833065
131,19.699409554482017,4.931561996779388,6.535158346752549,20.00805152979066,8.3064949006978,7.481213097155126,30.85077831454643,0.46296296296296297,1.724369296833065
132,19.900697799248523,4.918142780461621,6.535158346752549,19.93424584004294,8.3064949006978,7.481213097155126,30.73671497584541,0.46296296296296297,1.724369296833065
133,20.148953301127214,4.904723564143854,6.535158346752549,19.806763285024154,8.293075684380032,8.655394524959743,29.468599033816425,0.46296296296296297,1.724369296833065
134,20.33011272141707,4.871175523349437,6.528448738593666,19.786634460547504,8.53462157809984,8.454106280193237,29.30756843800322,0.46296296296296297,1.724369296833065
135,20.491143317230275,4.8376274825550185,6.494900697799249,19.786634460547504,8.53462157809984,8.413848631239935,29.25389157273215,0.46296296296296297,1.724369296833065
136,20.625335480407944,4.8376274825550185,6.494900697799249,19.692699946323135,8.313204508856682,8.722490606548577,29.126409017713364,0.46296296296296297,1.724369296833065
137,20.242887815351583,4.830917874396135,9.923510466988727,19.605475040257648,7.776435856146001,8.722490606548577,26.8317230273752,0.46296296296296297,1.6035963499731616
138,20.377079978529252,4.830917874396135,9.86983360171766,18.94122383252818,8.420558239398819,8.675523349436393,26.818303811057433,0.46296296296296297,1.6035963499731616
139,20.29656468062265,4.830917874396135,9.789318303811058,19.719538378958667,8.266237251744498,8.232689210950081,26.798174986580783,0.46296296296296297,1.6035963499731616
140,20.471014492753625,4.830917874396135,9.742351046698873,19.672571121846484,8.246108427267847,8.179012345679013,26.7914653784219,0.46296296296296297,1.6035963499731616
141,20.652173913043477,4.810789049919484,8.702361782071927,19.484702093397747,10.997047772410092,8.152173913043478,25.51663982823403,0.46296296296296297,1.221148684916801
142,20.79307568438003,4.810789049919484,8.675523349436393,19.47128287707998,10.963499731615673,8.11862587224906,25.483091787439612,0.46296296296296297,1.221148684916801
143,20.994363929146537,4.810789049919484,8.662104133118627,19.43102522812668,10.916532474503489,8.11862587224906,25.38244766505636,0.46296296296296297,1.221148684916801
144,20.94068706387547,4.810789049919484,10.258990874932904,19.410896403650028,10.72866344605475,8.085077831454644,24.08078368223296,0.46296296296296297,1.221148684916801
145,20.551529790660226,4.810789049919484,10.654857756307031,19.90740740740741,10.721953837895867,8.064949006977992,23.60440150295223,0.46296296296296297,1.221148684916801
146,20.893719806763286,4.797369833601718,10.654857756307031,19.87385936661299,10.554213633923778,8.05823939881911,23.483628556092324,0.46296296296296297,1.221148684916801
147,20.88030059044552,4.783950617283951,10.641438539989265,19.80005367686527,10.534084809447128,8.997584541062801,22.6784755770263,0.46296296296296297,1.221148684916801
148,20.98094471282877,4.783950617283951,10.587761674718196,19.79334406870639,10.520665593129362,8.99087493290392,22.65834675254965,0.46296296296296297,1.221148684916801
149,21.00107353730542,4.770531400966184,10.507246376811594,19.679280730005367,10.768921095008052,8.950617283950617,22.638217928073,0.46296296296296297,1.221148684916801
150,21.162104133118625,4.770531400966184,10.466988727858293,19.672571121846484,10.762211486849168,8.943907675791733,22.564412238325282,0.43612453032742887,1.221148684916801
151,21.296296296296298,4.770531400966184,10.393183038110575,19.652442297369834,10.755501878690284,8.910359634997317,22.564412238325282,0.43612453032742887,1.221148684916801
152,21.195652173913043,4.703435319377348,10.34621578099839,19.410896403650028,11.325818572195384,9.373322597960279,22.061191626409016,0.36231884057971014,1.221148684916801
153,21.26274825550188,4.696725711218465,10.34621578099839,19.39747718733226,11.325818572195384,9.373322597960279,22.020933977455716,0.36231884057971014,1.2144390767579174
154,21.26945786366076,4.683306494900698,9.842995169082126,19.176060118089104,12.345679012345679,9.346484165324744,21.75925925925926,0.36231884057971014,1.2144390767579174
155,21.309715512614062,4.683306494900698,10.144927536231885,19.03515834675255,12.332259796027913,9.16532474503489,21.752549651100377,0.36231884057971014,1.2144390767579174
156,21.470746108427267,4.643048845947397,10.144927536231885,18.98148148148148,12.332259796027913,9.131776704240472,21.72571121846484,0.36231884057971014,1.2077294685990339
157,21.672034353193773,4.53569511540526,10.379763821792807,18.9345142243693,12.171229200214707,9.017713365539452,21.71900161030596,0.36231884057971014,1.2077294685990339
158,21.967257112184647,4.408212560386473,10.312667740203972,18.86070853462158,12.164519592055823,9.017713365539452,21.69887278582931,0.36231884057971014,1.2077294685990339
159,21.85990338164251,4.408212560386473,10.312667740203972,18.317230273752013,12.090713902308105,9.789318303811058,21.66532474503489,0.36231884057971014,1.1943102522812667
160,22.034353193773484,4.367954911433173,10.305958132045088,18.303811057434245,12.00348899624262,9.762479871175524,21.66532474503489,0.36231884057971014,1.1943102522812667
161,22.067901234567902,4.3545356951154055,9.883252818035427,18.02871712292002,11.574074074074074,10.909822866344605,21.62506709608159,0.36231884057971014,1.1943102522812667
162,22.423510466988727,4.327697262479871,9.75577026301664,17.98174986580784,11.553945249597424,10.909822866344605,21.604938271604937,0.36231884057971014,1.0802469135802468
163,22.57783145464305,4.327697262479871,9.73564143853999,17.96833064949007,11.453301127214171,10.896403650026839,21.598228663446054,0.36231884057971014,1.0802469135802468
164,22.604669887278583,4.327697262479871,9.73564143853999,17.96833064949007,11.453301127214171,10.88298443370907,21.584809447128286,0.36231884057971014,1.0802469135802468
165,23.161567364465917,4.327697262479871,9.534353193773484,17.907944176060116,11.325818572195384,10.856146001073537,21.443907675791735,0.36231884057971014,1.0802469135802468
166,22.79253891572732,4.327697262479871,8.756038647342995,18.04884594739667,13.553408480944713,10.856146001073537,20.511272141706925,0.36231884057971014,0.7917337627482555
167,23.161567364465917,4.327697262479871,8.641975308641975,17.98174986580784,13.493022007514762,10.782340311325818,20.457595276435857,0.36231884057971014,0.7917337627482555
168,23.309178743961354,4.327697262479871,8.641975308641975,17.934782608695652,13.47289318303811,10.762211486849168,20.397208803005906,0.36231884057971014,0.7917337627482555
169,23.463499731615673,4.327697262479871,8.608427267847558,17.85426731078905,13.459473966720344,10.762211486849168,20.37037037037037,0.36231884057971014,0.7917337627482555
170,23.362855609232422,4.1532474503489,8.581588835212024,18.21658615136876,13.479602791196994,10.72866344605475,20.323403113258184,0.36231884057971014,0.7917337627482555
171,23.382984433709073,4.1532474503489,8.581588835212024,18.391035963499732,13.479602791196994,10.748792270531402,20.108695652173914,0.36231884057971014,0.7917337627482555
172,23.597691894793343,4.1532474503489,8.548040794417606,18.310520665593128,13.405797101449275,10.748792270531402,20.081857219538378,0.36231884057971014,0.7917337627482555
173,23.396403650026837,4.106280193236715,8.487654320987655,18.270263016639827,13.774825550187868,10.856146001073537,19.95437466451959,0.36231884057971014,0.7917337627482555
174,23.698336017176597,4.019055287171229,8.353462157809984,17.713365539452496,13.41250670960816,11.728395061728396,19.920826623725173,0.36231884057971014,0.7917337627482555
175,23.772141706924316,3.8915727321524423,8.3467525496511,17.713365539452496,13.573537305421363,11.66129898013956,19.887278582930758,0.36231884057971014,0.7917337627482555
176,24.033816425120772,3.8915727321524423,8.313204508856682,17.69994632313473,13.56682769726248,11.627750939345143,19.712828770799785,0.36231884057971014,0.7917337627482555
177,24.12775093934514,3.8915727321524423,8.313204508856682,17.659688674181428,13.526570048309178,11.614331723027375,19.712828770799785,0.36231884057971014,0.7917337627482555
178,24.235104669887278,3.8915727321524423,8.313204508856682,17.57246376811594,13.526570048309178,11.594202898550725,19.712828770799785,0.36231884057971014,0.7917337627482555
179,24.510198604401502,3.8915727321524423,8.21256038647343,17.54562533548041,13.647342995169081,11.419753086419753,19.618894256575416,0.36231884057971014,0.7917337627482555
180,24.751744498121308,3.878153515834675,8.199141170155663,17.485238862050455,13.633923778851315,11.386205045625335,19.51154052603328,0.36231884057971014,0.7917337627482555
181,24.9597423510467,3.878153515834675,8.199141170155663,17.351046698872786,13.607085346215781,11.372785829307569,19.47799248523886,0.36231884057971014,0.7917337627482555
182,25.181159420289855,3.878153515834675,8.299785292538916,17.14975845410628,13.519860440150294,11.372785829307569,19.45115405260333,0.36231884057971014,0.785024154589372
183,25.214707461084274,3.8580246913580245,8.293075684380032,17.04911433172303,13.627214170692431,11.372785829307569,19.43773483628556,0.36231884057971014,0.785024154589372
184,25.301932367149757,3.8580246913580245,8.293075684380032,17.04911433172303,13.573537305421363,11.372785829307569,19.404186795491142,0.36231884057971014,0.785024154589372
185,25.44283413848631,3.844605475040258,8.272946859903382,16.968599033816425,13.553408480944713,11.372785829307569,19.39747718733226,0.36231884057971014,0.785024154589372
186,25.503220611916262,3.844605475040258,8.259527643585615,16.948470209339774,13.553408480944713,11.345947396672035,19.39747718733226,0.36231884057971014,0.785024154589372
187,25.5703166935051,3.8311862587224907,8.232689210950081,16.948470209339774,13.553408480944713,11.345947396672035,19.370638754696724,0.36231884057971014,0.785024154589372
188,25.0402576489533,3.730542136339238,8.07836822329576,16.935050993022006,15.177133655394526,11.285560923242082,18.605743424584006,0.36231884057971014,0.785024154589372
189,25.06038647342995,3.730542136339238,8.064949006977992,16.914922168545356,15.304616210413311,11.265432098765432,18.511808910359633,0.36231884057971014,0.785024154589372
190,25.44283413848631,3.730542136339238,8.038110574342458,16.888083735909824,15.177133655394526,11.18491680085883,18.391035963499732,0.36231884057971014,0.785024154589372
191,25.63070316693505,3.717122920021471,8.024691358024691,16.780730005367687,15.13016639828234,11.178207192699947,18.391035963499732,0.36231884057971014,0.785024154589372
192,25.738056897477186,3.717122920021471,7.991143317230274,17.022275899087493,14.855072463768115,11.137949543746645,18.391035963499732,0.36231884057971014,0.785024154589372
193,25.89237788513151,3.717122920021471,7.937466451959206,16.99543746645196,14.78797638217928,11.137949543746645,18.38432635534085,0.36231884057971014,0.785024154589372
194,26.02657004830918,3.717122920021471,7.9039184111647875,16.955179817498657,14.761137949543746,11.11111111111111,18.377616747181964,0.36231884057971014,0.785024154589372
195,26.1808910359635,3.6902844873859366,7.877079978529254,16.948470209339774,14.734299516908212,11.09098228663446,18.33064949006978,0.36231884057971014,0.785024154589372
196,26.362050456253353,3.683574879227053,7.877079978529254,16.948470209339774,14.694041867954912,11.077563070316694,18.209876543209877,0.36231884057971014,0.785024154589372
197,26.35534084809447,3.8580246913580245,8.11862587224906,16.75389157273215,14.606816961889425,11.023886205045626,18.136070853462158,0.36231884057971014,0.785024154589372
198,26.234567901234566,3.8580246913580245,8.07836822329576,16.63311862587225,14.606816961889425,10.990338164251208,18.451422436929683,0.36231884057971014,0.785024154589372
199,26.32850241545894,3.8580246913580245,8.07836822329576,16.6129898013956,14.606816961889425,10.95679012345679,18.411164787976382,0.36231884057971014,0.785024154589372
200,26.596886741814277,3.8378958668813743,8.07836822329576,16.552603327965645,14.472624798711756,10.95679012345679,18.357487922705314,0.36231884057971014,0.785024154589372
201,26.717659688674182,3.8378958668813743,8.071658615136876,16.472088030059044,14.472624798711756,10.93666129898014,18.344068706387546,0.36231884057971014,0.785024154589372
202,26.912238325281802,3.824476650563607,8.051529790660226,16.17686527106817,14.439076757917338,10.641438539989265,18.813741277509394,0.35560923242082665,0.785024154589372
203,26.898819108964037,3.7104133118625873,8.044820182501342,16.13660762211487,14.734299516908212,10.601180891035963,18.760064412238325,0.35560923242082665,0.7581857219538379
204,27.194041867954912,3.7104133118625873,8.266237251744498,16.056092324208265,14.620236178207193,10.446859903381643,18.59903381642512,0.3488996242619431,0.7581857219538379
205,27.32823403113258,3.7104133118625873,8.266237251744498,15.995705850778315,14.620236178207193,10.379763821792807,18.592324208266238,0.3488996242619431,0.7581857219538379
206,27.47584541062802,3.683574879227053,8.239398819108963,15.98899624261943,14.593397745571659,10.352925389157273,18.55877616747182,0.3488996242619431,0.7581857219538379
207,27.569779924852387,3.683574879227053,8.192431561996779,15.975577026301664,14.579978529253891,10.352925389157273,18.53864734299517,0.3488996242619431,0.7581857219538379
208,27.67042404723564,3.6768652710681695,8.158883521202362,15.962157809983896,14.579978529253891,10.352925389157273,18.491680085882983,0.3488996242619431,0.7581857219538379
209,27.891841116478798,3.670155662909286,8.145464304884594,15.92860976918948,14.579978529253891,10.305958132045088,18.377616747181964,0.3488996242619431,0.7514761137949544
210,27.482555018786904,3.670155662909286,8.111916264090176,15.157004830917874,14.479334406870638,10.292538915727322,19.900697799248523,0.15432098765432098,0.7514761137949544
211,27.77777777777778,3.670155662909286,8.07836822329576,15.01610305958132,14.472624798711756,10.25228126677402,19.847020933977454,0.15432098765432098,0.7313472893183038
212,27.72410091250671,3.670155662909286,8.038110574342458,14.982555018786902,15.183843263553408,10.25228126677402,19.26328502415459,0.15432098765432098,0.7313472893183038
213,27.771068169618893,3.656736446591519,8.038110574342458,14.955716586151368,15.183843263553408,10.245571658615138,19.26328502415459,0.15432098765432098,0.7313472893183038
214,27.932098765432098,3.656736446591519,8.038110574342458,14.928878153515834,15.076489533011273,10.23215244229737,19.249865807836823,0.15432098765432098,0.7313472893183038
215,28.046162104133117,3.656736446591519,8.024691358024691,14.9020397208803,15.076489533011273,10.21202361782072,19.216317767042405,0.15432098765432098,0.7112184648416533
216,27.81803542673108,3.656736446591519,7.427536231884058,15.24422973698336,14.700751476113794,11.097691894793345,19.196188942565755,0.14761137949543746,0.7112184648416533
217,27.885131508319915,3.656736446591519,7.427536231884058,15.22410091250671,14.660493827160494,11.097691894793345,19.196188942565755,0.14761137949543746,0.7045088566827697
218,28.005904455179817,3.656736446591519,7.407407407407407,15.157004830917874,14.660493827160494,11.097691894793345,19.162640901771336,0.14761137949543746,0.7045088566827697
219,28.187063875469672,3.656736446591519,7.407407407407407,15.01610305958132,14.660493827160494,11.084272678475577,19.135802469135804,0.14761137949543746,0.7045088566827697
220,28.381642512077295,3.656736446591519,7.360440150295223,14.97584541062802,14.61352657004831,11.057434245840042,19.102254428341386,0.14761137949543746,0.7045088566827697
221,28.522544283413847,3.656736446591519,7.360440150295223,14.955716586151368,14.606816961889425,11.010466988727858,19.03515834675255,0.14761137949543746,0.7045088566827697
222,28.61647879763822,3.656736446591519,7.360440150295223,14.928878153515834,14.579978529253891,10.970209339774557,19.03515834675255,0.14761137949543746,0.7045088566827697
223,28.629898013955984,3.6500268384326353,7.320182501341922,14.720880300590446,14.875201288244767,10.93666129898014,19.03515834675255,0.14761137949543746,0.6843800322061192
224,28.965378421900162,3.5963499731615673,7.306763285024155,14.606816961889425,14.855072463768115,10.82259796027912,19.0150295222759,0.14761137949543746,0.6843800322061192
225,28.535963499731615,3.5963499731615673,6.0587761674718195,17.881105743424584,13.962694578636608,10.748792270531402,18.38432635534085,0.14761137949543746,0.6843800322061192
226,28.784219001610307,3.5829307568438002,6.052066559312936,17.780461621041333,13.962694578636608,10.735373054213634,18.270263016639827,0.14761137949543746,0.6843800322061192
227,28.878153515834676,3.5762211486849167,6.025228126677402,17.773752012882447,13.962694578636608,10.681696188942565,18.270263016639827,0.14761137949543746,0.6843800322061192
228,29.240472356414386,3.5762211486849167,6.025228126677402,17.74020397208803,13.741277509393452,10.61460010735373,18.230005367686527,0.14761137949543746,0.6843800322061192
229,29.374664519592056,3.5762211486849167,6.025228126677402,17.693236714975846,13.714439076757918,10.57434245840043,18.223295759527645,0.14761137949543746,0.6709608158883521
230,29.468599033816425,3.5628019323671496,6.025228126677402,17.693236714975846,13.667471819645733,10.57434245840043,18.189747718733226,0.14761137949543746,0.6709608158883521
231,29.522275899087493,3.5628019323671496,6.005099302200751,17.693236714975846,13.66076221148685,10.547504025764896,18.189747718733226,0.14761137949543746,0.6709608158883521
232,29.71014492753623,3.5628019323671496,6.005099302200751,17.632850241545892,13.66076221148685,10.507246376811594,18.10252281266774,0.14761137949543746,0.6709608158883521
233,29.750402576489535,3.5628019323671496,6.005099302200751,17.59259259259259,13.66076221148685,10.507246376811594,18.10252281266774,0.14761137949543746,0.6709608158883521
234,29.1129898013956,3.556092324208266,5.971551261406334,16.076221148684915,13.533279656468062,10.426731078904991,20.50456253354804,0.14761137949543746,0.6709608158883521
235,29.1935050993022,3.556092324208266,5.971551261406334,16.069511540526033,13.533279656468062,10.399892646269459,20.457595276435857,0.14761137949543746,0.6709608158883521
236,29.347826086956523,3.5426731078904994,5.971551261406334,15.982286634460548,13.499731615673644,10.399892646269459,20.437466451959207,0.14761137949543746,0.6709608158883521
237,29.53569511540526,3.5225442834138487,5.971551261406334,15.827965646806227,13.405797101449275,10.34621578099839,19.95437466451959,0.14761137949543746,1.288244766505636
238,30.22007514761138,3.3548040794417604,5.958132045088567,15.519323671497585,13.405797101449275,10.185185185185185,19.920826623725173,0.14761137949543746,1.288244766505636
239,30.327428878153516,3.3413848631239937,5.9447128287707995,15.458937198067632,13.399087493290391,10.185185185185185,19.90740740740741,0.14761137949543746,1.288244766505636
240,30.394524959742352,3.3279656468062266,5.9447128287707995,15.438808373590982,13.573537305421363,10.185185185185185,19.699409554482017,0.14761137949543746,1.288244766505636
241,30.48845947396672,3.3279656468062266,5.924584004294149,15.411969940955448,13.573537305421363,10.171765968867419,19.665861513687602,0.14761137949543746,1.288244766505636
242,29.200214707461082,3.1333870101986045,5.750134192163178,14.915458937198068,13.352120236178207,8.695652173913043,23.517176596886742,0.14761137949543746,1.288244766505636
243,29.11969940955448,3.4822866344605474,5.723295759527644,14.821524422973699,13.318572195383789,8.695652173913043,23.403113258185723,0.14761137949543746,1.288244766505636
244,28.5426731078905,3.3950617283950617,5.522007514761138,14.204240472356414,13.16425120772947,8.870101986044014,24.711486849168008,0.14761137949543746,1.442565754159957
245,28.650026838432634,3.3950617283950617,5.522007514761138,14.17740203972088,13.123993558776167,8.84326355340848,24.698067632850243,0.14761137949543746,1.442565754159957
246,28.844605475040257,3.3950617283950617,5.522007514761138,13.962694578636608,13.043478260869565,9.225711218464841,24.416264090177133,0.14761137949543746,1.442565754159957
247,29.03918411164788,3.3950617283950617,5.508588298443371,13.955984970477724,12.97638217928073,9.205582393988191,24.335748792270532,0.14761137949543746,1.4358561460010735
248,29.1532474503489,3.3950617283950617,5.508588298443371,13.915727321524423,12.949543746645196,9.205582393988191,24.288781535158346,0.14761137949543746,1.4358561460010735
249,28.878153515834676,3.388352120236178,5.22007514761138,14.714170692431562,12.86231884057971,9.192163177670425,24.16129898013956,0.14761137949543746,1.4358561460010735
250,29.240472356414386,3.2742887815351582,5.159688674181428,14.720880300590446,12.795222758990874,9.158615136876007,24.06736446591519,0.14761137949543746,1.4358561460010735
