,45,50,52,55,51,54,53,60,57,56,58,59
0,98.10789049919485,1.5365002683843263,0.35560923242082665,,,,,,,,,
1,93.91438539989265,5.783682232957595,0.2616747181964573,0.040257648953301126,,,,,,,,
2,85.5072463768116,14.190821256038648,0.2616747181964573,0.040257648953301126,,,,,,,,
3,85.138217928073,14.55984970477724,0.2616747181964573,0.040257648953301126,,,,,,,,
4,84.79602791196994,14.9020397208803,0.2616747181964573,0.040257648953301126,,,,,,,,
5,76.51637144390767,23.03408480944713,0.2616747181964573,0.12077294685990338,0.06709608158883522,,,,,,,
6,75.06038647342996,24.322329575952764,0.2616747181964573,0.2885131508319914,0.06709608158883522,,,,,,,
7,74.69806763285024,24.731615673644658,0.2616747181964573,0.2885131508319914,0.020128824476650563,,,,,,,
8,73.87278582930757,25.34219001610306,0.2616747181964573,0.35560923242082665,0.16774020397208803,,,,,,,
9,72.30273752012883,26.56333870101986,0.2616747181964573,0.6172839506172839,0.2549651100375738,,,,,,,
10,71.85990338164251,27.006172839506174,0.2616747181964573,0.6172839506172839,0.2549651100375738,,,,,,,
11,71.43719806763285,26.039989264626946,0.2616747181964573,0.5770263016639828,0.2549651100375738,1.42914653784219,,,,,,
12,71.0480407944176,26.288244766505635,0.2616747181964573,0.5770263016639828,0.39586688137412773,1.42914653784219,,,,,,
13,71.22920021470746,25.95276435856146,0.2616747181964573,0.644122383252818,0.5233494363929146,1.3888888888888888,,,,,,
14,70.86688137412776,26.194310252281266,0.2616747181964573,0.7648953301127214,0.5233494363929146,1.3888888888888888,,,,,,
15,70.81320450885669,26.29495437466452,0.2616747181964573,0.7648953301127214,0.48980139559849706,1.3754696725711217,,,,,,
16,70.24959742351047,26.78475577026302,0.2616747181964573,0.7648953301127214,0.48980139559849706,1.4492753623188406,,,,,,
17,67.21685453569512,29.528985507246375,0.2616747181964573,0.6977992485238862,0.48980139559849706,1.8048845947396672,,,,,,
18,61.460010735373054,35.01073537305421,0.2616747181964573,0.6977992485238862,0.48980139559849706,1.8048845947396672,0.27509393451422437,,,,,
19,57.17257112184648,39.412238325281805,0.322061191626409,0.6172839506172839,0.48980139559849706,1.8048845947396672,0.18115942028985507,,,,,
20,56.70289855072464,39.49946323134729,0.38915727321524424,0.7447665056360708,0.48980139559849706,1.9927536231884058,0.18115942028985507,,,,,
21,55.31400966183575,40.465646806226516,0.46967257112184646,0.8923778851315083,0.5636070853462157,2.1135265700483092,0.18115942028985507,,,,,
22,52.54965110037574,43.23000536768653,0.46967257112184646,0.8923778851315083,0.5636070853462157,2.1135265700483092,0.18115942028985507,,,,,
23,35.258990874932906,61.86929683306495,0.322061191626409,1.3083735909822867,0.48980139559849706,0.5703166935050993,0.18115942028985507,,,,,
24,35.45356951154053,61.38620504562534,0.5971551261406334,1.247987117552335,0.48980139559849706,0.644122383252818,0.18115942028985507,,,,,
25,35.41331186258722,61.131239935587764,0.5971551261406334,1.4090177133655395,0.48980139559849706,0.7783145464304885,0.18115942028985507,,,,,
26,35.245571658615134,60.73537305421363,0.6239935587761675,1.8518518518518519,0.6038647342995169,0.7581857219538379,0.18115942028985507,,,,,
27,35.178475577026305,60.37305421363392,0.5636070853462157,2.2410091250670963,0.6038647342995169,0.7581857219538379,0.28180354267310787,,,,,
28,35.21202361782072,60.258990874932906,0.5636070853462157,2.328234031132582,0.6038647342995169,0.7514761137949544,0.28180354267310787,,,,,
29,35.299248523886206,59.47396672034353,0.5636070853462157,2.9589371980676327,0.6709608158883521,0.7514761137949544,0.28180354267310787,,,,,
30,33.621846484165324,58.13204508856683,0.5636070853462157,6.078904991948471,0.6105743424584005,0.7112184648416533,0.28180354267310787,,,,,
31,32.96430488459474,58.803005904455176,0.5636070853462157,5.911164787976382,0.6105743424584005,0.7112184648416533,0.28180354267310787,0.15432098765432098,,,,
32,32.05179817498658,58.04482018250134,2.15378421900161,5.924584004294149,0.5904455179817498,0.798443370907139,0.28180354267310787,0.15432098765432098,,,,
33,31.796833064949006,58.2662372517445,2.147074610842727,5.783682232957595,0.5904455179817498,0.798443370907139,0.28180354267310787,0.15432098765432098,0.18115942028985507,,,
34,31.04535695115405,58.803005904455176,2.147074610842727,5.964841653247451,0.6239935587761675,0.798443370907139,0.28180354267310787,0.15432098765432098,0.18115942028985507,,,
35,31.112453032742888,57.367149758454104,2.0263016639828235,7.25979602791197,0.6239935587761675,0.798443370907139,0.47638217928073,0.15432098765432098,0.18115942028985507,,,
36,30.307300053676865,58.17230273752013,2.0263016639828235,7.575147611379496,0.48980139559849706,0.6172839506172839,0.47638217928073,0.15432098765432098,0.18115942028985507,,,
37,24.248523886205046,44.57192699946323,2.0263016639828235,6.421095008051529,20.73268921095008,0.6172839506172839,0.47638217928073,0.15432098765432098,0.18115942028985507,0.5703166935050993,,
38,23.013955984970476,40.72061191626409,2.428878153515835,6.266774020397209,19.57192699946323,0.6172839506172839,6.367418142780462,0.15432098765432098,0.18115942028985507,0.6776704240472357,,
39,23.101180891035963,40.57971014492754,2.368491680085883,6.239935587761675,19.464573268921097,0.785024154589372,6.226516371443908,0.15432098765432098,0.18115942028985507,0.8990874932903918,,
40,23.221953837895867,40.123456790123456,2.368491680085883,6.5485775630703165,19.585346215780998,0.785024154589372,6.132581857219538,0.15432098765432098,0.18115942028985507,0.8990874932903918,,
41,23.161567364465917,39.79468599033817,2.5966183574879227,6.816961889425658,19.47799248523886,0.785024154589372,6.132581857219538,0.15432098765432098,0.18115942028985507,0.8990874932903918,,
42,23.772141706924316,39.04320987654321,2.6033279656468062,6.769994632313473,19.26328502415459,1.0064412238325282,6.132581857219538,0.15432098765432098,0.18115942028985507,1.0735373054213635,,
43,23.658078368223297,38.94256575415996,2.6033279656468062,7.004830917874396,19.182769726247987,1.0064412238325282,6.0654857756307035,0.15432098765432098,0.18115942028985507,1.0735373054213635,0.1274825550187869,
44,23.738593666129898,38.67418142780462,2.6033279656468062,6.984702093397746,19.008319914117017,1.3888888888888888,5.938003220611916,0.15432098765432098,0.18115942028985507,1.1137949543746646,0.2147074610842727,
45,22.309447128287708,68.02871712292003,2.703972088030059,4.133118625872249,0.8722490606548577,1.1607622114868492,0.4562533548040794,0.15432098765432098,0.18115942028985507,,,
46,22.5979602791197,67.70665593129361,2.6838432635534084,4.200214707461084,0.8722490606548577,1.0735373054213635,0.4562533548040794,0.15432098765432098,0.14761137949543746,0.10735373054213634,,
47,22.69860440150295,56.91760601180891,2.6838432635534084,4.49543746645196,0.8722490606548577,1.0534084809447128,10.869565217391305,0.15432098765432098,0.14761137949543746,0.10735373054213634,,
48,22.81266774020397,56.427804616210416,2.6838432635534084,4.569243156199678,1.2077294685990339,1.0399892646269457,10.802469135802468,0.15432098765432098,0.14761137949543746,0.10735373054213634,0.04696725711218465,
49,22.21551261406334,51.03327965646806,2.589908749329039,2.8381642512077296,1.2077294685990339,1.0332796564680622,19.03515834675255,,,,0.04696725711218465,
50,22.22222222222222,50.99302200751476,2.657004830917874,2.8515834675254963,1.2077294685990339,1.0332796564680622,18.988191089640367,,,,0.04696725711218465,
51,17.04911433172303,56.54186795491143,2.1739130434782608,3.126677402039721,1.1808910359634996,1.1607622114868492,18.719806763285025,,,,0.04696725711218465,
52,15.203972088030058,57.63553408480945,2.147074610842727,3.8043478260869565,1.1607622114868492,1.1540526033279657,18.45813204508857,,,,0.43612453032742887,
53,15.499194847020934,57.1658615136876,2.147074610842727,3.978797638217928,1.1607622114868492,1.1540526033279657,18.263553408480945,,0.14761137949543746,,0.4830917874396135,
54,15.237520128824476,56.21309715512614,3.4688674181427803,3.9586688137412773,1.0332796564680622,1.2345679012345678,17.995169082125603,,0.3153515834675255,,0.5434782608695652,
55,15.640096618357488,54.40150295222759,3.44873859366613,5.4616210413311865,1.0332796564680622,1.3754696725711217,17.57246376811594,,0.3153515834675255,,0.7514761137949544,
56,15.874932903918411,53.6634460547504,3.44873859366613,6.112453032742888,1.0332796564680622,1.3553408480944713,17.270531400966185,,0.3757380568974772,,0.8655394524959742,
57,15.60654857756307,53.743961352657,3.4688674181427803,6.038647342995169,4.938271604938271,1.3486312399355878,13.45276435856146,,0.3757380568974772,,1.0265700483091786,
58,15.747450348899624,53.54938271604938,3.3950617283950617,5.9447128287707995,4.938271604938271,1.5163714439076759,13.506441223832528,,0.3757380568974772,,1.0265700483091786,
59,16.203703703703702,53.33467525496511,3.3950617283950617,6.005099302200751,4.938271604938271,1.5029522275899088,13.217928073000536,,0.3757380568974772,,1.0265700483091786,
60,16.21712292002147,53.07971014492754,3.3950617283950617,7.212828770799785,4.643048845947397,1.5029522275899088,12.473161567364466,,0.3153515834675255,0.13419216317767044,1.0265700483091786,
61,16.23054213633924,52.67042404723564,3.3950617283950617,7.4141170155662905,4.783950617283951,1.5029522275899088,12.151100375738057,,0.3153515834675255,0.13419216317767044,1.402308105206656,
62,15.11003757380569,53.20048309178744,2.428878153515835,7.326892109500805,4.367954911433173,1.482823403113258,13.922436929683306,,0.644122383252818,0.13419216317767044,1.3821792807300053,
63,15.539452495974235,52.63016639828234,2.428878153515835,7.320182501341922,4.367954911433173,1.4962426194310252,13.94927536231884,,0.644122383252818,0.24154589371980675,1.3821792807300053,
64,15.566290928609769,51.992753623188406,2.563070316693505,7.689210950080516,4.367954911433173,1.6304347826086956,13.922436929683306,,0.644122383252818,0.24154589371980675,1.3821792807300053,
65,15.780998389694043,51.46269457863661,2.5496511003757383,7.843531937734836,4.30756843800322,1.596886741814278,14.204240472356414,,0.644122383252818,0.2281266774020397,1.3821792807300053,
66,15.807836822329575,51.1406333870102,2.536231884057971,7.96430488459474,4.300858829844337,1.7042404723564144,14.090177133655395,,0.7581857219538379,0.3153515834675255,1.3821792807300053,
67,16.418411164787976,50.456253354804076,2.4557165861513686,7.87037037037037,4.240472356414386,2.13365539452496,13.848631239935587,,0.9326355340848095,0.3153515834675255,1.328502415458937,
68,16.431830381105744,50.14090177133655,2.4557165861513686,7.971014492753623,4.441760601180891,2.13365539452496,13.848631239935587,,0.9326355340848095,0.3153515834675255,1.328502415458937,
69,16.35131508319914,50.09393451422437,2.4355877616747184,7.971014492753623,4.327697262479871,2.428878153515835,13.81508319914117,,0.9326355340848095,0.3153515834675255,1.328502415458937,
70,16.72705314009662,49.84567901234568,2.4355877616747184,7.944176060118089,4.240472356414386,2.428878153515835,13.801663982823403,,0.9326355340848095,0.3153515834675255,1.328502415458937,
71,16.955179817498657,49.32903918411165,2.4355877616747184,8.259527643585615,4.240472356414386,2.428878153515835,13.667471819645733,,1.0466988727858293,0.3153515834675255,1.3217928073000538,
72,17.082662372517444,48.698336017176594,2.4020397208803006,8.460815888352121,4.233762748255502,2.791196994095545,13.654052603327965,,1.0466988727858293,0.3153515834675255,1.3150831991411702,
73,17.24369296833065,48.11460010735373,2.4020397208803006,8.420558239398819,4.233762748255502,3.1602254428341383,13.754696725711218,,1.0466988727858293,0.3153515834675255,1.3083735909822867,
74,17.45169082125604,47.88647342995169,2.4020397208803006,8.407139023081053,4.233762748255502,3.1602254428341383,13.580246913580247,,1.0466988727858293,0.3824476650563607,1.4492753623188406,
75,17.47181964573269,47.638217928073,2.4892646269457863,8.588298443370908,4.2270531400966185,3.1468062265163717,13.600375738056897,,1.0466988727858293,0.3757380568974772,1.415727321524423,
76,17.746913580246915,46.584809447128286,4.159957058507783,8.407139023081053,4.2270531400966185,2.5026838432635534,13.580246913580247,,0.9997316156736447,0.3757380568974772,1.415727321524423,
77,15.874932903918411,48.611111111111114,4.562533548040794,8.454106280193237,4.213633923778851,2.4020397208803006,13.137412775093935,,0.95276435856146,0.3757380568974772,1.415727321524423,
78,16.284219001610307,48.35614600107354,4.53569511540526,8.467525496511003,4.213633923778851,2.4020397208803006,12.835480407944177,,1.0198604401502953,0.3757380568974772,1.5096618357487923,
79,16.243961352657006,48.067632850241544,4.508856682769726,8.608427267847558,4.119699409554482,2.6167471819645733,12.654320987654321,,1.3083735909822867,0.46967257112184646,1.402308105206656,
80,16.371443907675793,47.99382716049383,4.508856682769726,8.57487922705314,4.106280193236715,2.6167471819645733,12.546967257112184,,1.4090177133655395,0.46967257112184646,1.402308105206656,
81,16.42512077294686,46.65861513687601,4.428341384863124,8.970746108427267,4.911433172302737,2.5966183574879227,12.426194310252281,,1.4962426194310252,0.7045088566827697,1.3821792807300053,
82,16.5727321524423,46.51100375738057,4.683306494900698,8.84326355340848,4.817498658078368,2.623456790123457,12.406065485775631,,1.4962426194310252,0.7045088566827697,1.3419216317767042,
83,16.76731078904992,45.893719806763286,4.64975845410628,9.192163177670425,4.810789049919484,2.737520128824477,12.406065485775631,,1.4962426194310252,0.7045088566827697,1.3419216317767042,
84,16.908212560386474,45.531400966183575,4.790660225442834,9.192163177670425,4.810789049919484,2.85829307568438,12.379227053140097,,1.4895330112721417,0.7045088566827697,1.3352120236178207,
85,16.59286097691895,42.86768652710682,10.889694041867955,9.192163177670425,4.898013955984971,2.932098765432099,10.104669887278583,,1.2546967257112185,0.6172839506172839,0.6508319914117016,
86,16.80756843800322,42.20343531937735,10.34621578099839,9.420289855072463,5.0791733762748255,3.2206119162640903,10.285829307568438,,1.3687600644122384,0.6172839506172839,0.6508319914117016,
87,17.03569511540526,42.05582393988191,10.279119699409554,9.400161030595813,5.059044551798175,3.2139023081052067,10.245571658615138,,1.3687600644122384,0.6910896403650026,0.6508319914117016,
88,17.431561996779386,41.458668813741276,10.091250670960816,9.306226516371444,5.0791733762748255,3.455448201825013,10.057702630166398,,1.4358561460010735,1.0332796564680622,0.6508319914117016,
89,17.56575415995706,40.89506172839506,10.44015029522276,9.567901234567902,5.038915727321524,3.455448201825013,9.923510466988727,,1.5096618357487923,1.0265700483091786,0.5770263016639828,
90,17.022275899087493,40.33816425120773,10.332796564680622,9.601449275362318,5.038915727321524,3.388352120236178,11.064143853998926,,1.6103059581320451,1.0265700483091786,0.5770263016639828,
91,17.196725711218466,40.04965110037574,10.292538915727322,9.601449275362318,5.24020397208803,3.5091250670960816,10.943370907139023,,1.596886741814278,1.0265700483091786,0.5434782608695652,
92,17.06924315619968,39.86849168008588,10.339506172839506,9.567901234567902,5.522007514761138,3.5963499731615673,10.795759527643586,,1.6774020397208802,1.0265700483091786,0.5367686527106817,
93,16.961889425657542,39.170692431561996,10.319377348362856,9.809447128287708,5.401234567901234,3.965378421900161,10.399892646269459,,1.6572732152442298,1.8183038110574343,0.49651100375738055,
94,16.841116478797638,38.6808910359635,10.312667740203972,10.165056360708535,5.394524959742351,4.133118625872249,10.420021470746109,,1.6572732152442298,1.8183038110574343,0.5770263016639828,
95,16.49892646269458,37.27187332259796,9.380032206119163,11.137949543746645,5.394524959742351,4.30756843800322,11.506977992485238,,2.033011272141707,1.892109500805153,0.5770263016639828,
96,16.646537842190018,36.9699409554482,9.514224369296834,11.392914653784219,5.374396135265701,4.240472356414386,11.379495437466453,,2.0128824476650564,1.892109500805153,0.5770263016639828,
97,16.99543746645196,36.82903918411165,9.514224369296834,11.3593666129898,5.307300053676865,4.206924315619967,11.305689747718732,,2.0128824476650564,1.892109500805153,0.5770263016639828,
98,16.78743961352657,35.889694041867955,9.73564143853999,11.808910359634996,5.287171229200215,4.320987654320987,10.534084809447128,,2.086688137412775,3.1333870101986045,0.41599570585077833,
99,16.988727858293075,35.7487922705314,9.73564143853999,11.694847020933977,5.025496511003757,4.62962962962963,10.399892646269459,0.08722490606548577,2.167203435319377,3.1065485775630703,0.41599570585077833,
100,16.921631776704242,34.936929683306495,9.614868491680086,11.681427804616211,4.924852388620504,4.414922168545357,11.688137412775093,0.08722490606548577,2.167203435319377,3.1468062265163717,0.41599570585077833,
101,16.888083735909824,34.695383789586685,9.796027911969942,11.654589371980677,5.092592592592593,4.414922168545357,11.60762211486849,0.08722490606548577,2.15378421900161,3.1468062265163717,0.46296296296296297,
102,16.968599033816425,34.346484165324746,9.930220075147611,11.842458400429415,5.025496511003757,4.119699409554482,11.701556629092861,0.08722490606548577,2.15378421900161,3.361513687600644,0.46296296296296297,
103,17.290660225442835,34.03113258185722,9.782608695652174,11.83574879227053,5.018786902844874,4.327697262479871,11.560654857756306,0.08722490606548577,2.15378421900161,3.3413848631239937,0.5703166935050993,
104,17.324208266237253,33.54804079441761,9.648416532474503,12.607353730542137,4.9651100375738055,4.274020397208803,11.58749329039184,0.08722490606548577,2.15378421900161,3.2340311325818574,0.5703166935050993,
105,17.485238862050455,33.49436392914654,9.5276435856146,12.573805689747719,4.884594739667204,4.253891572732153,11.560654857756306,0.08722490606548577,2.147074610842727,3.4286097691894795,0.5568974771873323,
106,17.58588298443371,32.56843800322061,9.594739667203436,13.238056897477188,5.0858829844337095,4.361245303274289,11.386205045625335,0.08722490606548577,2.1068169618894257,3.4286097691894795,0.5568974771873323,
107,17.793880837359097,32.50805152979066,9.420289855072463,13.103864734299517,5.152979066022544,4.3478260869565215,11.379495437466453,0.08722490606548577,2.1068169618894257,3.5426731078904994,0.5568974771873323,
108,18.08239398819109,31.99141170155663,9.386741814278047,13.130703166935051,5.267042404723564,4.49543746645196,11.211755233494364,0.08722490606548577,2.1068169618894257,3.683574879227053,0.5568974771873323,
109,15.821256038647343,28.965378421900162,21.39694041867955,10.46027911969941,4.790660225442834,4.206924315619967,9.561191626409018,0.08722490606548577,1.6505636070853462,2.6301663982823404,0.4294149221685454,
110,15.257648953301127,28.187063875469672,20.517981749865807,10.25228126677402,6.561996779388084,4.025764895330113,9.708803005904455,0.08722490606548577,2.167203435319377,2.804616210413312,0.4294149221685454,
111,15.559581320450885,27.938808373590984,20.276435856146,10.379763821792807,6.535158346752549,3.992216854535695,9.762479871175524,0.08722490606548577,2.301395598497048,2.737520128824477,0.4294149221685454,
112,16.06280193236715,27.737520128824478,20.128824476650564,10.285829307568438,6.515029522275899,4.106280193236715,9.77589908749329,0.08722490606548577,2.2879763821792807,2.5831991411701556,0.4294149221685454,
113,16.35131508319914,27.576489533011273,20.021470746108427,10.245571658615138,6.501610305958132,4.2203435319377345,9.708803005904455,0.08722490606548577,2.341653247450349,2.5161030595813205,0.4294149221685454,
114,16.223832528180353,26.570048309178745,19.484702093397747,11.332528180354267,6.414385399892646,4.253891572732153,9.91009125067096,0.08722490606548577,2.5831991411701556,2.7106816961889426,0.4294149221685454,
115,16.29092860976919,26.42914653784219,19.43773483628556,11.272141706924316,6.414385399892646,4.3545356951154055,9.990606548577563,0.08722490606548577,2.5831991411701556,2.7106816961889426,0.4294149221685454,
116,16.478797638217927,26.27482555018787,19.216317767042405,11.386205045625335,6.400966183574879,4.3545356951154055,9.883252818035427,0.08722490606548577,2.7777777777777777,2.7106816961889426,0.4294149221685454,
117,16.78743961352657,25.91250670960816,19.102254428341386,11.178207192699947,6.400966183574879,4.455179817498658,10.064412238325282,0.08722490606548577,2.8784219001610305,2.703972088030059,0.4294149221685454,
118,17.310789049919485,25.59044551798175,18.80703166935051,11.20504562533548,6.66935050993022,4.414922168545357,9.96376811594203,0.08722490606548577,2.8784219001610305,2.6435856146001075,0.4294149221685454,
119,17.579173376274827,24.993290391841118,14.935587761674718,11.460010735373054,10.775630703166936,4.388083735909823,10.071121846484166,0.08722490606548577,2.563070316693505,2.6435856146001075,0.5032206119162641,
120,17.780461621041333,24.912775093934513,14.895330112721417,11.399624261943103,10.63472893183038,4.374664519592056,10.064412238325282,0.08722490606548577,2.563070316693505,2.7844873859366612,0.5032206119162641,
121,18.129361245303276,24.792002147074612,14.694041867954912,11.406333870101985,10.621309715512615,4.502147074610843,9.943639291465379,0.08722490606548577,2.536231884057971,2.7844873859366612,0.5032206119162641,
122,18.243424584004295,24.65780998389694,14.680622651637144,11.392914653784219,10.621309715512615,4.502147074610843,10.010735373054214,0.08722490606548577,2.5161030595813205,2.7844873859366612,0.5032206119162641,
123,18.397745571658614,24.349168008588297,14.573268921095009,11.3191089640365,10.621309715512615,4.777241009125067,9.916800858829845,0.08722490606548577,2.5966183574879227,2.85829307568438,0.5032206119162641,
124,18.63929146537842,23.32259796027912,14.49946323134729,10.909822866344605,10.426731078904991,6.099033816425121,10.010735373054214,0.08722490606548577,2.5831991411701556,2.918679549114332,0.5032206119162641,
125,18.927804616210413,23.181696188942567,14.533011272141707,10.93666129898014,10.359634997316157,6.099033816425121,9.86983360171766,0.08722490606548577,2.5831991411701556,2.918679549114332,0.5032206119162641,
126,19.229736983360173,23.121309715512613,14.439076757917338,10.768921095008052,10.171765968867419,6.092324208266238,9.829575952764358,0.08722490606548577,2.5563607085346214,3.2206119162640903,0.4830917874396135,
127,19.350509930220074,22.638217928073,14.237788513150832,10.587761674718196,9.809447128287708,5.891035963499732,10.876274825550189,0.08722490606548577,2.5563607085346214,3.4822866344605474,0.4830917874396135,
128,19.202898550724637,22.65163714439077,12.694578636607622,12.412775093934513,9.796027911969942,5.991680085882985,10.943370907139023,0.08722490606548577,2.5429414922168547,3.193773483628556,0.4830917874396135,
129,19.07541599570585,23.45679012345679,12.734836285560924,12.385936661298981,9.29951690821256,5.984970477724101,10.829307568438002,0.08722490606548577,2.5429414922168547,3.1199677938808374,0.4830917874396135,
130,19.276704240472355,23.309178743961354,12.647611379495437,12.31213097155126,9.118357487922705,6.0654857756307035,10.762211486849168,0.08722490606548577,2.5429414922168547,3.3950617283950617,0.4830917874396135,
131,19.384057971014492,23.201825013419217,12.634192163177671,12.406065485775631,9.07139023081052,6.018518518518518,10.63472893183038,0.08722490606548577,2.5429414922168547,3.535963499731616,0.4830917874396135,
132,19.524959742351047,22.98040794417606,12.593934514224369,12.265163714439076,9.057971014492754,5.924584004294149,10.86285560923242,0.08722490606548577,2.5429414922168547,3.535963499731616,0.4830917874396135,0.14090177133655393
133,19.746376811594203,22.913311862587225,12.23161567364466,12.620772946859903,8.870101986044014,5.864197530864198,11.104401502952227,0.08722490606548577,2.5295222758990876,3.408480944712829,0.4830917874396135,0.14090177133655393
134,19.826892109500804,22.799248523886206,12.110842726784755,12.379227053140097,8.715780998389693,6.179549114331723,11.33923778851315,0.08722490606548577,2.509393451422437,3.4286097691894795,0.4830917874396135,0.14090177133655393
135,20.088566827697264,22.65834675254965,11.889425657541599,12.446323134728932,8.568169618894256,6.179549114331723,11.29898013955985,0.08722490606548577,2.7308105206655933,3.4286097691894795,0.4830917874396135,0.14090177133655393
136,20.363660762211488,22.50402576489533,11.889425657541599,12.379227053140097,8.521202361782072,6.253354804079442,11.2788513150832,0.08722490606548577,2.7308105206655933,3.3682232957595275,0.4830917874396135,0.14090177133655393
137,20.437466451959207,22.27589908749329,11.876006441223833,12.077294685990339,8.440687063875469,6.374127750939345,11.741814278046162,0.08722490606548577,2.7241009125067097,3.3413848631239937,0.4830917874396135,0.14090177133655393
138,19.887278582930758,21.732420826623724,12.050456253354804,11.05072463768116,8.407139023081053,8.501073537305421,11.654589371980677,0.08722490606548577,2.7241009125067097,3.3145464304884595,0.4830917874396135,0.10735373054213634
139,19.605475040257648,21.4170692431562,11.426462694578637,11.144659151905529,10.037573805689748,8.340042941492216,11.225174449812132,0.08722490606548577,2.8113258185721954,3.3145464304884595,0.4830917874396135,0.10735373054213634
140,19.659151905528716,21.041331186258724,11.419753086419753,11.439881910896403,9.990606548577563,8.454106280193237,11.144659151905529,0.08722490606548577,2.8113258185721954,3.240740740740741,0.4830917874396135,0.2281266774020397
141,19.692699946323135,20.96081588835212,11.33923778851315,11.486849168008588,9.96376811594203,8.433977455716587,10.983628556092324,0.08722490606548577,3.0193236714975846,3.321256038647343,0.4830917874396135,0.2281266774020397
142,19.665861513687602,20.947396672034355,11.33923778851315,11.694847020933977,9.822866344605474,8.467525496511003,10.929951690821255,0.08722490606548577,3.0193236714975846,3.3145464304884595,0.4830917874396135,0.2281266774020397
143,19.860440150295222,20.531400966183575,11.325818572195384,11.77536231884058,9.789318303811058,8.735909822866345,10.849436392914654,0.08722490606548577,3.0193236714975846,3.3145464304884595,0.4830917874396135,0.2281266774020397
144,19.98792270531401,20.497852925389157,11.305689747718732,11.741814278046162,9.73564143853999,8.68894256575416,10.715244229736983,0.08722490606548577,3.140096618357488,3.388352120236178,0.4830917874396135,0.2281266774020397
145,20.209339774557165,20.363660762211488,11.258722490606548,11.694847020933977,9.73564143853999,8.655394524959743,10.762211486849168,0.08722490606548577,3.140096618357488,3.388352120236178,0.47638217928073,0.2281266774020397
146,20.189210950080515,20.081857219538378,11.258722490606548,11.922973698336017,9.782608695652174,8.742619431025227,10.681696188942565,0.08722490606548577,3.1199677938808374,3.4822866344605474,0.46296296296296297,0.1878690284487386
147,20.108695652173914,19.706119162640903,10.661567364465915,11.728395061728396,9.896672034353195,8.863392377885132,10.513955984970478,0.08722490606548577,4.40150295222759,3.4822866344605474,0.36231884057971014,0.1878690284487386
148,20.202630166398283,19.585346215780998,10.648148148148149,11.808910359634996,9.88996242619431,8.829844337090714,10.513955984970478,0.08722490606548577,4.40150295222759,3.4822866344605474,0.36231884057971014,0.1878690284487386
149,20.471014492753625,19.49812130971551,10.560923242082662,11.728395061728396,9.809447128287708,8.816425120772946,10.46027911969941,0.08722490606548577,4.4820182501341925,3.549382716049383,0.3488996242619431,0.1878690284487386
150,20.611916264090176,19.424315619967793,10.527375201288244,11.446591519055287,9.802737520128824,8.655394524959743,10.768921095008052,0.08722490606548577,4.4820182501341925,3.656736446591519,0.3488996242619431,0.1878690284487386
151,21.021202361782073,19.196188942565755,10.420021470746109,11.366076221148685,9.863123993558776,8.621846484165324,10.782340311325818,0.16774020397208803,4.4753086419753085,3.5762211486849167,0.32877079978529256,0.18115942028985507
152,21.141975308641975,19.008319914117017,10.84272678475577,11.245303274288782,9.695383789586689,8.621846484165324,10.748792270531402,0.16774020397208803,4.441760601180891,3.5762211486849167,0.32877079978529256,0.18115942028985507
153,21.088298443370906,18.853998926462694,10.84272678475577,10.950080515297907,9.655126140633387,8.158883521202362,11.634460547504025,0.16774020397208803,4.441760601180891,3.7104133118625873,0.32877079978529256,0.16774020397208803
154,21.22249060654858,18.833870101986044,10.768921095008052,11.084272678475577,9.588030059044552,8.152173913043478,11.52710681696189,0.16774020397208803,4.441760601180891,3.717122920021471,0.32877079978529256,0.16774020397208803
155,20.954106280193237,18.438003220611915,12.211486849168008,10.909822866344605,9.158615136876007,8.225979602791197,11.137949543746645,0.16774020397208803,4.394793344068707,3.784219001610306,0.4495437466451959,0.16774020397208803
156,21.28287707997853,18.256843800322063,12.446323134728932,10.976918947933441,8.870101986044014,8.205850778314547,11.077563070316694,0.16774020397208803,4.180085882984434,3.9184111647879765,0.4495437466451959,0.16774020397208803
157,21.591519055287172,18.136070853462158,12.412775093934513,10.923242082662373,8.870101986044014,8.199141170155663,11.017176596886742,0.16774020397208803,4.159957058507783,3.9049919484702094,0.4495437466451959,0.16774020397208803
158,21.900161030595815,17.94820182501342,12.318840579710145,10.86285560923242,8.796296296296296,8.172302737520129,11.124530327428879,0.16774020397208803,4.193505099302201,3.898282340311326,0.4495437466451959,0.16774020397208803
159,22.57783145464305,17.92807300053677,12.104133118625873,10.849436392914654,8.776167471819646,8.071658615136876,10.970209339774557,0.16774020397208803,4.072732152442297,3.878153515834675,0.43612453032742887,0.16774020397208803
160,22.758990874932906,17.814009661835748,12.010198604401502,10.869565217391305,8.776167471819646,7.856951154052603,10.929951690821255,0.16774020397208803,4.072732152442297,3.9989264626945786,0.5770263016639828,0.16774020397208803
161,22.758990874932906,17.66639828234031,11.41304347826087,10.674986580783683,9.057971014492754,8.205850778314547,10.950080515297907,0.16774020397208803,4.133118625872249,4.2270531400966185,0.5770263016639828,0.16774020397208803
162,22.799248523886206,17.53220611916264,11.285560923242082,10.695115405260333,9.017713365539452,8.313204508856682,10.896403650026839,0.16774020397208803,4.320987654320987,4.2270531400966185,0.5770263016639828,0.16774020397208803
163,22.745571658615138,17.11621041331186,11.117820719269995,11.017176596886742,8.903650026838433,8.78287707997853,10.72866344605475,0.16774020397208803,4.260601180891036,4.4820182501341925,0.5099302200751477,0.16774020397208803
164,23.00053676865271,16.908212560386474,10.963499731615673,11.18491680085883,8.863392377885132,8.648684916800859,10.68840579710145,0.16774020397208803,4.180085882984434,4.730273752012883,0.49651100375738055,0.16774020397208803
165,23.295759527643586,16.874664519592056,10.903113258185721,11.023886205045626,8.715780998389693,8.608427267847558,10.63472893183038,0.16774020397208803,4.17337627482555,4.938271604938271,0.49651100375738055,0.16774020397208803
166,23.409822866344605,16.874664519592056,10.903113258185721,11.010466988727858,8.662104133118627,8.608427267847558,10.674986580783683,0.16774020397208803,4.1532474503489,4.871175523349437,0.49651100375738055,0.16774020397208803
167,23.47691894793344,16.646537842190018,10.93666129898014,10.742082662372518,8.59500805152979,8.776167471819646,10.82259796027912,0.16774020397208803,4.1532474503489,5.045625335480408,0.46967257112184646,0.16774020397208803
168,23.47691894793344,16.606280193236714,10.849436392914654,10.815888352120236,8.480944712828771,8.487654320987655,12.224906065485776,0.08722490606548577,4.045893719806763,4.367954911433173,0.46296296296296297,0.0939345142243693
169,23.2487922705314,16.170155662909288,10.715244229736983,10.352925389157273,11.144659151905529,7.87037037037037,11.621041331186259,0.08722490606548577,3.898282340311326,4.367954911433173,0.4294149221685454,0.0939345142243693
170,23.22866344605475,15.98899624261943,10.869565217391305,10.258990874932904,10.903113258185721,7.997852925389157,11.855877616747183,0.08722490606548577,3.898282340311326,4.388083735909823,0.4294149221685454,0.0939345142243693
171,23.356146001073537,15.780998389694043,11.097691894793345,10.312667740203972,10.782340311325818,7.809983896940419,11.963231347289318,0.08722490606548577,3.898282340311326,4.388083735909823,0.4294149221685454,0.0939345142243693
172,23.1682769726248,15.49248523886205,11.117820719269995,10.138217928073,10.628019323671497,7.548309178743962,13.070316693505099,0.08722490606548577,3.8378958668813743,4.388083735909823,0.4294149221685454,0.0939345142243693
173,22.893183038110575,15.277777777777779,11.20504562533548,10.466988727858293,10.715244229736983,7.669082125603865,12.86231884057971,0.08722490606548577,3.9184111647879765,4.38137412775094,0.4294149221685454,0.0939345142243693
174,22.987117552334944,15.083199141170155,11.171497584541063,10.453569511540525,10.654857756307031,7.944176060118089,12.822061191626409,0.08722490606548577,3.9184111647879765,4.3545356951154055,0.4294149221685454,0.0939345142243693
175,23.262211486849168,14.801395598497047,11.16478797638218,10.581052066559312,10.715244229736983,7.897208803005904,12.734836285560924,0.08722490606548577,3.898282340311326,4.341116478797638,0.4227053140096618,0.0939345142243693
176,23.161567364465917,14.579978529253891,11.225174449812132,10.567632850241546,10.68840579710145,8.225979602791197,12.70799785292539,0.08722490606548577,3.898282340311326,4.341116478797638,0.4227053140096618,0.0939345142243693
177,23.443370907139023,14.31159420289855,11.158078368223295,10.540794417606012,10.406602254428341,8.179012345679013,13.030059044551798,0.08722490606548577,3.8915727321524423,4.435050993022007,0.4227053140096618,0.0939345142243693
178,23.785560923242084,14.244498121309716,11.144659151905529,10.312667740203972,10.352925389157273,8.319914117015566,12.942834138486312,0.08722490606548577,3.8915727321524423,4.40150295222759,0.4227053140096618,0.0939345142243693
179,23.597691894793343,14.244498121309716,11.144659151905529,10.38647342995169,10.332796564680622,8.3467525496511,13.083735909822867,0.08722490606548577,3.8915727321524423,4.367954911433173,0.4227053140096618,0.0939345142243693
180,23.778851315083198,14.163982823403114,11.131239935587761,10.379763821792807,10.258990874932904,8.266237251744498,13.157541599570585,0.08722490606548577,3.8915727321524423,4.367954911433173,0.4227053140096618,0.0939345142243693
181,23.72517444981213,13.79495437466452,11.366076221148685,10.393183038110575,10.245571658615138,8.172302737520129,13.486312399355878,0.08722490606548577,3.8915727321524423,4.320987654320987,0.4227053140096618,0.0939345142243693
182,23.74530327428878,13.761406333870102,11.3593666129898,10.735373054213634,10.017444981213098,8.172302737520129,13.439345142243694,0.08722490606548577,3.8714439076757916,4.300858829844337,0.41599570585077833,0.0939345142243693
183,23.470209339774556,13.385668276972625,11.332528180354267,10.399892646269459,9.876543209876543,9.131776704240472,14.076757917337627,0.08722490606548577,3.8580246913580245,3.8714439076757916,0.41599570585077833,0.0939345142243693
184,22.665056360708533,12.701288244766506,14.439076757917338,9.990606548577563,9.802737520128824,8.32662372517445,13.88888888888889,,3.8580246913580245,3.8177670424047236,0.41599570585077833,0.0939345142243693
185,22.77241009125067,12.674449812130971,14.358561460010735,9.876543209876543,9.762479871175524,8.32662372517445,13.94927536231884,,3.8580246913580245,3.911701556629093,0.41599570585077833,0.0939345142243693
186,22.893183038110575,12.580515297906603,14.338432635534085,10.158346752549651,9.554482018250134,8.427267847557703,13.862050456253355,,3.9184111647879765,3.7573805689747717,0.41599570585077833,0.0939345142243693
187,22.953569511540525,12.573805689747719,14.325013419216317,10.151637144390767,9.406870638754697,8.427267847557703,13.83521202361782,,3.9184111647879765,3.898282340311326,0.41599570585077833,0.0939345142243693
188,23.1682769726248,12.399355877616747,14.264626945786366,10.131508319914117,9.346484165324744,8.467525496511003,13.741277509393452,,4.072732152442297,3.898282340311326,0.41599570585077833,0.0939345142243693
189,23.51046698872786,12.332259796027913,14.264626945786366,10.077831454643048,9.23913043478261,8.561460010735374,13.66076221148685,,3.9519592055823938,3.8915727321524423,0.41599570585077833,0.0939345142243693
190,23.61111111111111,12.037037037037036,14.06333870101986,9.970477724100913,9.520933977455716,9.084809447128288,13.486312399355878,,3.8378958668813743,3.878153515834675,0.41599570585077833,0.0939345142243693
191,24.12104133118626,11.768652710681696,14.04320987654321,9.970477724100913,9.346484165324744,9.057971014492754,13.419216317767042,,3.824476650563607,3.9452495974235107,0.4092860976918948,0.0939345142243693
192,24.295491143317232,11.768652710681696,13.996242619431026,9.88996242619431,9.25925925925926,9.131776704240472,13.278314546430488,,3.8177670424047236,4.05931293612453,0.4092860976918948,0.0939345142243693
193,24.52361782071927,11.688137412775093,13.94927536231884,9.695383789586689,9.245840042941492,9.024422973698336,13.593666129898015,,3.717122920021471,4.05931293612453,0.4092860976918948,0.0939345142243693
194,24.60413311862587,11.654589371980677,15.163714439076758,9.494095544820183,8.427267847557703,9.044551798174986,13.459473966720344,,3.683574879227053,3.965378421900161,0.4092860976918948,0.0939345142243693
195,24.698067632850243,11.58749329039184,15.08990874932904,9.406870638754697,8.420558239398819,9.198872785829307,13.466183574879228,,3.6634460547504024,3.965378421900161,0.4092860976918948,0.0939345142243693
196,24.61755233494364,11.231884057971014,15.049651100375739,9.232420826623725,8.387010198604402,10.124798711755233,13.325281803542673,,3.629898013955985,3.898282340311326,0.4092860976918948,0.0939345142243693
197,24.50348899624262,11.178207192699947,14.781266774020397,9.406870638754697,8.387010198604402,10.426731078904991,13.285024154589372,,3.629898013955985,3.898282340311326,0.4092860976918948,0.0939345142243693
198,23.067632850241544,10.560923242082662,14.801395598497047,8.816425120772946,8.32662372517445,13.157541599570585,12.902576489533011,,3.556092324208266,4.327697262479871,0.38915727321524424,0.0939345142243693
199,23.09447128287708,10.534084809447128,14.781266774020397,8.829844337090714,8.36688137412775,13.150831991411701,12.795222758990874,,3.549382716049383,4.414922168545357,0.38915727321524424,0.0939345142243693
200,23.141438539989263,10.513955984970478,14.76784755770263,8.957326892109501,8.393719806763285,13.003220611916264,12.801932367149758,,3.5225442834138487,4.414922168545357,0.38915727321524424,0.0939345142243693
201,23.2487922705314,10.446859903381643,14.331723027375201,9.05126140633387,8.340042941492216,13.378958668813741,12.681159420289855,,3.6231884057971016,4.414922168545357,0.38915727321524424,0.0939345142243693
202,23.329307568438004,10.426731078904991,14.197530864197532,9.01100375738057,8.541331186258722,13.170960815888352,12.801932367149758,,3.6231884057971016,4.414922168545357,0.38915727321524424,0.0939345142243693
203,23.30246913580247,10.292538915727322,14.325013419216317,9.064680622651638,8.407139023081053,13.285024154589372,12.842190016103059,,3.616478797638218,4.38137412775094,0.38915727321524424,0.0939345142243693
204,23.517176596886742,10.238862050456254,14.432367149758454,8.856682769726248,8.393719806763285,13.144122383252817,12.969672571121846,,3.5829307568438002,4.38137412775094,0.38915727321524424,0.0939345142243693
205,20.860171765968868,8.373590982286634,15.881642512077295,7.058507783145465,16.431830381105744,11.77536231884058,11.439881910896403,,3.5829307568438002,4.1129898013955986,0.38915727321524424,0.0939345142243693
