,45,50,51,52,55,54,56,53,59,60,58,57,62,63,46,61
0,78.44202898550725,19.665861513687602,1.6841116478797638,0.06709608158883522,0.14090177133655393,,,,,,,,,,,
1,69.36392914653784,28.710413311862588,1.6841116478797638,0.06709608158883522,0.17444981213097155,,,,,,,,,,,
2,68.83387010198605,29.09286097691895,1.6841116478797638,0.06709608158883522,0.322061191626409,,,,,,,,,,,
3,68.37090713902307,28.723832528180353,1.6505636070853462,0.06709608158883522,0.4092860976918948,0.7514761137949544,0.026838432635534086,,,,,,,,,
4,66.8947933440687,30.08588298443371,1.6505636070853462,0.06709608158883522,0.43612453032742887,0.7514761137949544,0.026838432635534086,0.08722490606548577,,,,,,,,
5,64.72088030059045,32.25308641975309,1.5901771336553945,0.06709608158883522,0.5032206119162641,0.7514761137949544,0.026838432635534086,0.08722490606548577,,,,,,,,
6,64.2512077294686,32.52147074610843,1.5901771336553945,0.06709608158883522,0.5367686527106817,0.798443370907139,0.026838432635534086,0.20799785292538917,,,,,,,,
7,63.821792807300056,32.749597423510465,1.4626945786366077,0.06709608158883522,0.5971551261406334,0.798443370907139,0.1610305958132045,0.3421900161030596,,,,,,,,
8,56.21309715512614,40.485775630703166,1.4626945786366077,0.08722490606548577,0.5703166935050993,0.798443370907139,0.1610305958132045,0.2214170692431562,,,,,,,,
9,54.99865807836822,40.713902308105204,1.3955984970477724,0.36902844873859364,1.1137949543746646,1.0534084809447128,0.13419216317767044,0.2214170692431562,,,,,,,,
10,53.54938271604938,40.83467525496511,1.3955984970477724,0.36902844873859364,2.3215244229736984,1.1741814278046163,0.13419216317767044,0.2214170692431562,,,,,,,,
11,52.261137949543745,41.606280193236714,1.4761137949543746,0.46967257112184646,2.4825550187869028,1.3217928073000538,0.12077294685990338,0.2214170692431562,0.040257648953301126,,,,,,,
12,51.20101986044015,38.077026301663984,3.207192699946323,0.4495437466451959,2.5966183574879227,1.1540526033279657,0.16774020397208803,3.1065485775630703,0.040257648953301126,,,,,,,
13,48.18840579710145,40.78770799785293,3.2004830917874396,0.4495437466451959,2.871712292002147,1.1406333870101986,0.16774020397208803,3.126677402039721,0.040257648953301126,0.026838432635534086,,,,,,
14,47.638217928073,41.02254428341385,2.945517981749866,1.0198604401502953,2.898550724637681,1.1137949543746646,0.16774020397208803,3.126677402039721,0.040257648953301126,0.026838432635534086,,,,,,
15,45.97423510466989,42.3845947396672,2.965646806226516,1.0198604401502953,3.180354267310789,1.1137949543746646,0.16774020397208803,3.126677402039721,0.040257648953301126,0.026838432635534086,,,,,,
16,45.571658615136876,42.089371980676326,3.0327428878153517,1.3352120236178207,3.4621578099838968,1.1137949543746646,0.20128824476650564,3.126677402039721,0.040257648953301126,0.026838432635534086,,,,,,
17,44.12909286097692,37.52012882447665,10.775630703166936,1.3352120236178207,1.9457863660762211,0.9930220075147611,0.20128824476650564,3.0595813204508855,0.040257648953301126,,,,,,,
18,43.86741814278046,37.80864197530864,10.775630703166936,1.2278582930756843,2.0263016639828235,0.9930220075147611,0.20128824476650564,3.0595813204508855,0.040257648953301126,,,,,,,
19,41.74047235641439,38.405797101449274,10.768921095008052,3.683574879227053,1.892109500805153,0.9796027911969941,0.2147074610842727,2.2745571658615136,0.040257648953301126,,,,,,,
20,39.97584541062802,39.801395598497045,10.581052066559312,3.683574879227053,2.0397208803005906,1.0131508319914118,0.4428341384863124,2.4221685453569513,0.040257648953301126,,,,,,,
21,39.700751476113794,38.519860440150296,13.311862587224907,2.38191089640365,2.086688137412775,1.0131508319914118,0.4428341384863124,2.5026838432635534,0.040257648953301126,,,,,,,
22,38.6406333870102,38.65405260332797,13.499731615673644,2.38191089640365,2.61003757380569,1.0131508319914118,0.5636070853462157,2.5966183574879227,0.040257648953301126,,,,,,,
23,38.35882984433709,38.29844337090714,13.486312399355878,2.38191089640365,2.85829307568438,1.0131508319914118,0.5636070853462157,2.999194847020934,0.040257648953301126,,,,,,,
24,27.006172839506174,56.46135265700483,5.676328502415459,3.9452495974235107,2.522812667740204,1.2278582930756843,0.3824476650563607,2.623456790123457,0.040257648953301126,,0.11406333870101985,,,,,
25,24.456521739130434,55.3341384863124,5.595813204508857,4.528985507246377,2.985775630703167,3.9318303811057436,0.3824476650563607,2.6301663982823404,0.040257648953301126,,0.11406333870101985,,,,,
26,24.114331723027377,51.590177133655395,5.810520665593129,4.461889425657541,6.78341384863124,3.9586688137412773,0.3824476650563607,2.7442297369833604,0.040257648953301126,,0.11406333870101985,,,,,
27,22.69189479334407,52.72410091250671,5.669618894256575,4.461889425657541,7.125603864734299,3.9586688137412773,0.3824476650563607,2.589908749329039,0.040257648953301126,0.10735373054213634,0.24825550187869028,,,,,
28,21.906870638754697,52.37520128824477,6.749865807836822,4.428341384863124,7.27992485238862,3.844605475040258,0.3153515834675255,2.563070316693505,0.12077294685990338,0.10735373054213634,0.27509393451422437,0.03354804079441761,,,,
29,21.4170692431562,52.4020397208803,6.816961889425658,4.408212560386473,7.568438003220612,3.844605475040258,0.3153515834675255,2.690552871712292,0.12077294685990338,0.10735373054213634,0.27509393451422437,0.03354804079441761,,,,
30,21.349973161567366,51.939076757917334,6.769994632313473,4.320987654320987,7.957595276435856,4.086151368760064,0.33548040794417605,2.703972088030059,0.12077294685990338,0.10735373054213634,0.27509393451422437,0.03354804079441761,,,,
31,21.235909822866343,51.41572732152442,6.790123456790123,4.320987654320987,7.803274288781535,4.7101449275362315,0.2952227589908749,2.8918411164787976,0.12077294685990338,0.10735373054213634,0.27509393451422437,0.03354804079441761,,,,
32,21.007783145464305,50.88566827697262,6.850509930220075,4.30756843800322,8.313204508856682,4.777241009125067,0.2952227589908749,2.9790660225442833,0.14761137949543746,0.10735373054213634,0.2952227589908749,0.03354804079441761,,,,
33,19.33709071390231,47.96698872785829,10.299248523886206,7.0383789586688135,8.11862587224906,4.7101449275362315,0.27509393451422437,1.9524959742351047,0.0939345142243693,0.16774020397208803,0.0067096081588835215,0.03354804079441761,,,,
34,18.04213633923779,49.563875469672574,10.037573805689748,6.998121309715513,7.98443370907139,4.233762748255502,0.7179280730005367,1.9189479334406871,0.2214170692431562,0.16774020397208803,0.08051529790660225,0.03354804079441761,,,,
35,18.02871712292002,49.23510466988728,9.943639291465379,6.998121309715513,8.259527643585615,4.341116478797638,0.7716049382716049,1.9189479334406871,0.2214170692431562,0.16774020397208803,0.08051529790660225,0.03354804079441761,,,,
36,17.424852388620504,49.61084272678475,9.849704777241008,6.998121309715513,8.480944712828771,4.2270531400966185,0.785024154589372,2.033011272141707,0.30864197530864196,0.16774020397208803,0.08051529790660225,0.03354804079441761,,,,
37,17.364465915190554,49.060654857756305,9.957058507783145,6.964573268921095,8.856682769726248,4.314278046162104,0.8521202361782072,2.0128824476650564,0.30864197530864196,0.16774020397208803,0.10064412238325282,0.040257648953301126,,,,
38,17.317498658078367,43.78019323671498,9.88996242619431,6.964573268921095,8.541331186258722,10.091250670960816,0.798443370907139,1.9994632313472893,0.30864197530864196,0.16774020397208803,0.10064412238325282,0.040257648953301126,,,,
39,17.07595276435856,43.243424584004295,10.715244229736983,6.4345142243692965,9.037842190016104,9.957058507783145,0.798443370907139,1.9659151905528718,0.4428341384863124,0.16774020397208803,0.10064412238325282,0.06038647342995169,,,,
40,16.6935050993022,42.15646806226516,10.7085346215781,6.837090713902308,9.863123993558776,9.903381642512077,0.8319914117015567,2.2208803005904456,0.4428341384863124,0.16774020397208803,0.08722490606548577,0.08722490606548577,,,,
41,12.667740203972087,36.808910359635,19.310252281266774,8.662104133118627,9.265968867418144,9.601449275362318,0.95276435856146,2.006172839506173,0.41599570585077833,0.13419216317767044,0.08722490606548577,0.08722490606548577,,,,
42,12.647611379495437,36.621041331186255,19.26328502415459,8.662104133118627,9.326355340848094,9.668545356951155,1.0064412238325282,1.9860440150295222,0.41599570585077833,0.13419216317767044,0.08722490606548577,0.18115942028985507,,,,
43,12.634192163177671,36.44659151905529,19.390767579173378,8.621846484165324,9.400161030595813,9.66183574879227,1.0601180891035964,1.9256575415995705,0.41599570585077833,0.13419216317767044,0.08722490606548577,0.2214170692431562,,,,
44,11.58749329039184,37.124261943102525,19.464573268921097,8.702361782071927,9.29951690821256,9.930220075147611,1.1406333870101986,1.865271068169619,0.41599570585077833,0.1610305958132045,0.08722490606548577,0.2214170692431562,,,,
45,11.43317230273752,36.41304347826087,20.611916264090176,8.608427267847558,8.829844337090714,9.668545356951155,1.3553408480944713,1.8451422436929683,0.5233494363929146,0.30864197530864196,0.08722490606548577,0.3153515834675255,,,,
46,11.460010735373054,36.18491680085883,20.558239398819108,8.467525496511003,9.044551798174986,9.722222222222221,1.4358561460010735,1.8317230273752012,0.5233494363929146,0.30864197530864196,0.08722490606548577,0.3757380568974772,,,,
47,11.419753086419753,35.889694041867955,20.40391841116479,8.340042941492216,9.151905528717123,10.030864197530864,1.4694041867954912,1.9659151905528718,0.5233494363929146,0.30864197530864196,0.08722490606548577,0.4092860976918948,,,,
48,11.392914653784219,35.607890499194845,20.397208803005906,8.3467525496511,9.292807300053678,10.131508319914117,1.415727321524423,1.892109500805153,0.630703166935051,0.3757380568974772,0.10735373054213634,0.4092860976918948,,,,
49,11.419753086419753,35.487117552334944,20.397208803005906,8.3467525496511,9.400161030595813,10.0979602791197,1.4358561460010735,1.892109500805153,0.630703166935051,0.3757380568974772,0.10735373054213634,0.4092860976918948,,,,
50,10.695115405260333,37.164519592055825,19.92753623188406,7.957595276435856,9.386741814278047,10.017444981213098,1.5096618357487923,1.8317230273752012,0.6172839506172839,0.3757380568974772,0.10735373054213634,0.4092860976918948,,,,
51,10.701825013419215,36.64787976382179,19.79334406870639,7.7898550724637685,9.86983360171766,9.789318303811058,1.6237251744498122,1.8317230273752012,0.8185721953837896,0.36902844873859364,0.2214170692431562,0.5434782608695652,,,,
52,10.507246376811594,35.587761674718195,21.638486312399355,7.273215244229737,9.634997316156737,9.648416532474503,1.6841116478797638,1.8719806763285025,0.8789586688137413,0.36902844873859364,0.35560923242082665,0.5501878690284487,,,,
53,10.560923242082662,35.238862050456255,21.202361782071925,7.27992485238862,9.950348899624261,9.742351046698873,1.9457863660762211,1.9256575415995705,0.8789586688137413,0.36902844873859364,0.35560923242082665,0.5501878690284487,,,,
54,10.258990874932904,34.6081588835212,21.215780998389693,7.823403113258186,10.171765968867419,9.695383789586689,2.0799785292538915,1.9256575415995705,0.9460547504025765,0.36902844873859364,0.35560923242082665,0.5501878690284487,,,,
55,10.245571658615138,33.97074610842727,21.048040794417606,7.823403113258186,10.762211486849168,9.681964573268921,2.2410091250670963,2.0128824476650564,0.9460547504025765,0.36902844873859364,0.3488996242619431,0.5501878690284487,,,,
56,10.245571658615138,33.45410628019324,22.19538378958669,7.75630703166935,10.373054213633925,9.252549651100376,2.636876006441224,1.8719806763285025,0.9393451422436929,0.36902844873859364,0.3488996242619431,0.5568974771873323,,,,
57,10.104669887278583,31.66935050993022,23.289049919484704,7.5348899624261945,11.097691894793345,9.346484165324744,2.636876006441224,1.751207729468599,1.0735373054213635,0.4294149221685454,0.3488996242619431,0.7179280730005367,,,,
58,10.084541062801932,30.629361245303276,23.235373054213635,7.769726247987117,11.07085346215781,10.037573805689748,2.636876006441224,1.7042404723564144,1.093666129898014,0.4294149221685454,0.46296296296296297,0.8454106280193237,,,,
59,9.863123993558776,29.99194847020934,22.913311862587225,8.293075684380032,11.104401502952227,10.433440687063875,2.791196994095545,1.778046162104133,1.093666129898014,0.4294149221685454,0.46296296296296297,0.8454106280193237,,,,
60,9.232420826623725,29.696725711218466,23.731884057971016,8.333333333333334,11.064143853998926,10.607890499194847,2.737520128824477,1.7310789049919484,1.093666129898014,0.4428341384863124,0.46296296296296297,0.8655394524959742,,,,
61,9.118357487922705,27.106816961889425,23.58427267847558,8.13875469672571,9.722222222222221,14.680622651637144,2.757648953301127,2.0799785292538915,1.0869565217391304,0.4428341384863124,0.38915727321524424,0.8923778851315083,,,,
62,7.447665056360709,20.46430488459474,34.50080515297907,7.830112721417069,9.265968867418144,13.311862587224907,2.3617820719269993,2.006172839506173,1.0534084809447128,0.5166398282340311,0.38915727321524424,0.8521202361782072,,,,
63,7.434245840042942,20.04830917874396,33.964036500268385,7.7898550724637685,9.762479871175524,14.029790660225443,2.408749329039184,1.9860440150295222,0.9259259259259259,0.5166398282340311,0.38915727321524424,0.7447665056360708,,,,
64,7.454374664519592,19.847020933977454,30.589103596349972,11.010466988727858,9.957058507783145,14.029790660225443,2.462426194310252,2.073268921095008,0.9259259259259259,0.5166398282340311,0.38915727321524424,0.7447665056360708,,,,
65,7.50805152979066,19.75979602791197,30.320719269994633,11.010466988727858,9.708803005904455,13.94927536231884,2.6435856146001075,2.187332259796028,1.2412775093934514,0.5166398282340311,0.38915727321524424,0.7648953301127214,,,,
66,7.387278582930757,19.81347289318304,30.112721417069242,10.95679012345679,9.702093397745571,14.056629092860977,2.6435856146001075,2.328234031132582,1.2681159420289856,0.5367686527106817,0.38915727321524424,0.8051529790660226,,,,
67,7.333601717659689,19.685990338164252,27.106816961889425,10.909822866344605,9.749060654857756,14.445786366076222,2.677133655394525,4.958400429414922,1.2949543746645196,0.5367686527106817,0.5233494363929146,0.7783145464304885,,,,
68,7.25979602791197,19.632313472893184,26.939076757917338,10.84272678475577,10.091250670960816,14.351851851851851,2.7509393451422435,4.938271604938271,1.3217928073000538,0.5703166935050993,0.5233494363929146,0.7783145464304885,,,,
69,7.286634460547504,19.578636607622116,26.529790660225444,11.144659151905529,9.997316156736447,14.076757917337627,2.8515834675254963,4.938271604938271,1.4224369296833066,0.6776704240472357,0.6374127750939346,0.8588298443370908,,,,
70,7.199409554482019,19.276704240472355,24.684648416532475,13.177670424047236,9.829575952764358,14.506172839506172,2.818035426731079,4.770531400966184,1.5029522275899088,0.6776704240472357,0.6105743424584005,0.9460547504025765,,,,
71,7.253086419753086,19.196188942565755,24.516908212560388,13.130703166935051,9.849704777241008,14.378690284487385,2.898550724637681,4.7638217928073,1.5029522275899088,0.6709608158883521,0.7783145464304885,1.0265700483091786,0.03354804079441761,,,
72,6.635802469135802,19.692699946323135,24.214975845410628,13.130703166935051,9.923510466988727,14.217659688674182,3.113258185721954,4.931561996779388,1.5230810520665594,0.6709608158883521,0.8655394524959742,1.0466988727858293,0.03354804079441761,,,
73,6.582125603864735,19.51825013419216,24.02710681696189,14.593397745571659,9.460547504025765,13.747987117552334,3.012614063338701,4.931561996779388,1.570048309178744,0.644122383252818,0.8252818035426731,1.0869565217391304,,,,
74,6.608964036500268,19.404186795491142,23.859366612989803,14.418947933440688,9.54777241009125,13.66076221148685,3.1333870101986045,4.884594739667204,1.6304347826086956,0.6575415995705851,0.9997316156736447,1.1943102522812667,,,,
75,6.535158346752549,19.310252281266774,24.778582930756844,14.17740203972088,9.5276435856146,13.647342995169081,2.690552871712292,4.797369833601718,1.6237251744498122,0.6105743424584005,1.06682769726248,1.2345679012345678,,,,
76,6.541867954911433,19.155931293612454,24.57729468599034,14.076757917337627,9.73564143853999,13.593666129898015,2.8650026838432634,4.797369833601718,1.5767579173376274,0.6105743424584005,1.0601180891035964,1.4090177133655395,,,,
77,6.488191089640365,18.874127750939344,24.530327428878152,15.22410091250671,9.957058507783145,12.895866881374127,2.7509393451422435,4.783950617283951,1.442565754159957,0.6105743424584005,1.0601180891035964,1.3821792807300053,,,,
78,6.454643048845948,18.800322061191626,24.362587224906065,15.083199141170155,10.178475577026301,12.86231884057971,2.8247450348899625,4.804079441760601,1.4761137949543746,0.6105743424584005,1.1406333870101986,1.402308105206656,,,,
79,6.447933440687064,18.753354804079443,24.282071926999464,14.895330112721417,10.218733225979603,13.01663982823403,2.818035426731079,4.8443370907139025,1.4492753623188406,0.6105743424584005,1.1406333870101986,1.5230810520665594,,,,
80,6.394256575415996,18.572195383789587,24.188137412775095,15.197262479871176,10.21202361782072,12.86231884057971,2.818035426731079,4.830917874396135,1.5901771336553945,0.7045088566827697,1.1205045625335481,1.5096618357487923,,,,
81,6.367418142780462,18.53864734299517,23.423242082662373,15.11003757380569,10.795759527643586,12.902576489533011,2.9253891572732154,4.824208266237251,1.6237251744498122,0.7045088566827697,1.1473429951690821,1.6371443907675791,,,,
82,6.353998926462695,18.49838969404187,23.13472893183038,14.928878153515834,10.970209339774557,11.54723564143854,2.7844873859366612,6.702898550724638,1.442565754159957,0.6910896403650026,1.1406333870101986,1.8048845947396672,,,,
83,6.367418142780462,18.04884594739667,22.946859903381643,15.230810520665592,10.158346752549651,10.997047772410092,2.8381642512077296,8.380300590445518,1.3217928073000538,0.7179280730005367,1.1406333870101986,1.8518518518518519,,,,
84,6.333870101986044,17.431561996779386,23.792270531400966,15.116747181964573,9.896672034353195,10.976918947933441,3.0059044551798175,8.380300590445518,1.3419216317767042,0.6642512077294686,1.1540526033279657,1.8518518518518519,,0.05367686527106817,,
85,6.286902844873859,17.20343531937735,23.637949543746647,15.157004830917874,9.916800858829845,11.017176596886742,3.227321524422974,8.393719806763285,1.4694041867954912,0.6642512077294686,1.133923778851315,1.8384326355340848,,0.05367686527106817,,
86,6.246645195920558,17.223564143854,23.537305421363392,15.063070316693505,9.822866344605474,10.869565217391305,3.361513687600644,8.487654320987655,1.5767579173376274,0.6642512077294686,1.2681159420289856,1.8250134192163177,,0.05367686527106817,,
87,6.293612453032743,17.10950080515298,22.79253891572732,14.962426194310252,10.46027911969941,10.950080515297907,3.4688674181427803,8.541331186258722,1.5767579173376274,0.6642512077294686,1.3553408480944713,1.7713365539452497,,0.05367686527106817,,
88,6.327160493827161,16.982018250134193,22.69189479334407,14.720880300590446,10.453569511540525,10.795759527643586,3.743961352657005,8.480944712828771,1.556629092860977,0.7514761137949544,1.4492753623188406,1.9927536231884058,,0.05367686527106817,,
89,6.018518518518518,15.921900161030596,26.382179280730007,14.002952227589908,10.373054213633925,10.050993022007514,3.0931293612453032,8.28636607622115,1.556629092860977,0.785024154589372,1.4694041867954912,2.006172839506173,,0.05367686527106817,,
90,6.078904991948471,15.868223295759528,26.053408480944714,13.654052603327965,10.359634997316157,9.997316156736447,3.3413848631239937,8.722490606548577,1.5297906602254427,0.785024154589372,1.4492753623188406,2.1068169618894257,,0.05367686527106817,,
91,6.146001073537305,15.70048309178744,25.751476113794954,13.600375738056897,10.46027911969941,9.997316156736447,3.502415458937198,8.917069243156199,1.5297906602254427,0.785024154589372,1.4492753623188406,2.1068169618894257,,0.05367686527106817,,
92,6.072195383789587,15.666935050993022,25.275093934514224,13.855340848094471,10.567632850241546,10.111379495437467,3.475577026301664,8.997584541062801,1.5432098765432098,0.785024154589372,1.4492753623188406,2.147074610842727,,0.05367686527106817,,
93,6.159420289855072,15.613258185721953,25.046967257112186,13.841921631776705,10.601180891035963,10.057702630166398,3.455448201825013,8.930488459473967,1.4559849704777241,0.785024154589372,1.8384326355340848,2.1604938271604937,,0.05367686527106817,,
94,6.166129898013956,15.418679549114332,24.986580783682232,13.694310252281268,10.721953837895867,10.151637144390767,3.6231884057971016,8.930488459473967,1.4559849704777241,0.785024154589372,1.8585614600107354,2.15378421900161,,0.05367686527106817,,
95,6.1929683306494905,15.271068169618895,24.9194847020934,13.647342995169081,10.95679012345679,10.064412238325282,3.6231884057971016,8.883521202361782,1.42914653784219,0.785024154589372,1.9524959742351047,2.2208803005904456,,0.05367686527106817,,
96,6.219806763285024,15.203972088030058,24.54374664519592,13.519860440150294,10.876274825550189,10.44015029522276,3.7775093934514223,9.01100375738057,1.42914653784219,0.8118625872249061,1.9927536231884058,2.120236178207193,,0.05367686527106817,,
97,6.219806763285024,14.969135802469136,25.348899624261943,13.419216317767042,10.50053676865271,10.453569511540525,3.6366076221148687,8.997584541062801,1.42914653784219,0.798443370907139,1.9927536231884058,2.1806226516371443,,0.05367686527106817,,
98,6.239935587761675,14.828234031132581,24.94632313472893,13.39237788513151,10.748792270531402,10.72866344605475,3.717122920021471,8.876811594202898,1.42914653784219,0.8185721953837896,2.0128824476650564,2.2074610842726785,,0.05367686527106817,,
99,6.132581857219538,14.096886741814279,25.738056897477186,12.882447665056361,10.238862050456254,10.19189479334407,3.683574879227053,10.889694041867955,1.3419216317767042,0.8454106280193237,1.6706924315619969,2.2342995169082127,,0.05367686527106817,,
100,6.139291465378422,13.902308105206655,25.469672571121848,12.694578636607622,10.225442834138486,10.420021470746109,3.9989264626945786,11.003757380568974,1.3687600644122384,0.7917337627482555,1.8384326355340848,2.0933977455716586,,0.05367686527106817,,
101,6.159420289855072,13.848631239935587,25.207997852925388,12.647611379495437,10.245571658615138,10.507246376811594,4.1129898013955986,11.09098228663446,1.3687600644122384,0.7917337627482555,1.8719806763285025,2.0933977455716586,,0.05367686527106817,,
102,6.199677938808374,13.747987117552334,24.973161567364468,12.392646269457863,10.312667740203972,11.124530327428879,4.193505099302201,10.768921095008052,1.4090177133655395,0.7917337627482555,1.9457863660762211,2.086688137412775,,0.05367686527106817,,
103,6.340579710144928,13.600375738056897,24.040526033279658,15.881642512077295,10.225442834138486,11.198336017176597,4.019055287171229,8.487654320987655,1.482823403113258,0.7917337627482555,1.737788513150832,2.1403650026838434,,0.05367686527106817,,
104,5.267042404723564,15.083199141170155,23.295759527643586,15.593129361245303,9.172034353193773,10.721953837895867,3.9989264626945786,10.668276972624799,1.4761137949543746,0.8387010198604401,1.6706924315619969,2.1604938271604937,,0.05367686527106817,,
105,5.253623188405797,15.076489533011273,23.13472893183038,15.566290928609769,9.346484165324744,10.641438539989265,4.045893719806763,10.641438539989265,1.4761137949543746,0.8387010198604401,1.7713365539452497,2.15378421900161,,0.05367686527106817,,
106,4.656468062265164,17.485238862050455,22.490606548577563,14.586688137412775,9.440418679549115,10.279119699409554,4.106280193236715,10.547504025764896,1.5432098765432098,0.8319914117015567,1.7847557702630166,2.1940418679549114,,0.05367686527106817,,
107,4.676596886741814,17.404723564143854,22.282608695652176,13.996242619431026,9.73564143853999,10.258990874932904,4.052603327965647,11.158078368223295,1.5365002683843263,0.8319914117015567,1.751207729468599,2.2611379495437465,,0.05367686527106817,,
108,4.7101449275362315,17.216854535695116,22.22222222222222,13.882179280730005,9.957058507783145,10.272410091250672,4.28743961352657,11.064143853998926,1.4694041867954912,0.8319914117015567,1.751207729468599,2.281266774020397,,0.05367686527106817,,
109,4.542404723564144,16.190284487385938,24.20155662909286,13.405797101449275,10.050993022007514,10.312667740203972,4.119699409554482,10.607890499194847,1.583467525496511,0.798443370907139,1.7579173376274826,2.3752012882447664,,0.05367686527106817,,
110,4.549114331723027,15.794417606011809,24.18142780461621,13.33870101986044,10.359634997316157,10.285829307568438,4.119699409554482,10.560923242082662,1.5633387010198605,0.798443370907139,1.724369296833065,2.6704240472356413,,0.05367686527106817,,
111,4.428341384863124,15.250939345142244,24.154589371980677,13.311862587224907,10.393183038110575,10.198604401502953,4.126409017713366,11.29898013955985,1.5633387010198605,0.798443370907139,1.724369296833065,2.6972624798711755,,0.05367686527106817,,
112,4.42163177670424,14.97584541062802,24.020397208803004,13.39237788513151,10.453569511540525,10.38647342995169,4.0995705850778315,11.29898013955985,1.556629092860977,0.8722490606548577,1.7042404723564144,2.7643585614600106,,0.05367686527106817,,
113,4.428341384863124,14.640365002683843,23.852657004830917,13.553408480944713,10.836017176596886,10.319377348362856,4.193505099302201,11.017176596886742,1.6371443907675791,0.8722490606548577,1.8384326355340848,2.757648953301127,,0.05367686527106817,,
114,4.461889425657541,14.526301663982823,23.731884057971016,13.580246913580247,10.903113258185721,10.305958132045088,4.233762748255502,10.970209339774557,1.6774020397208802,0.8722490606548577,1.865271068169619,2.818035426731079,,0.05367686527106817,,
115,4.49543746645196,14.452495974235104,22.953569511540525,13.707729468599034,11.171497584541063,10.238862050456254,4.274020397208803,11.305689747718732,1.6774020397208802,0.8521202361782072,1.8853998926462694,2.932098765432099,,0.05367686527106817,,
116,4.4820182501341925,14.298174986580785,22.18196457326892,13.707729468599034,11.325818572195384,10.997047772410092,4.233762748255502,11.292270531400966,1.7579173376274826,0.8521202361782072,1.8853998926462694,2.932098765432099,,0.05367686527106817,,
117,4.502147074610843,14.231078904991948,21.967257112184647,13.654052603327965,11.392914653784219,11.077563070316694,4.361245303274289,11.332528180354267,1.7579173376274826,0.8521202361782072,1.8853998926462694,2.932098765432099,,0.05367686527106817,,
118,4.488727858293076,14.190821256038648,21.732420826623724,13.6406333870102,11.506977992485238,11.2788513150832,4.320987654320987,11.252012882447666,1.7579173376274826,0.8521202361782072,1.9793344068706387,2.945517981749866,,0.05367686527106817,,
119,4.468599033816425,14.143853998926463,21.631776704240472,13.170960815888352,11.81561996779388,11.33923778851315,4.40150295222759,11.533816425120772,1.7579173376274826,0.8521202361782072,1.9793344068706387,2.8515834675254963,,0.05367686527106817,,
120,4.367954911433173,13.6808910359635,20.222758990874933,15.96886741814278,11.198336017176597,11.272141706924316,4.280730005367687,11.674718196457327,1.737788513150832,0.7783145464304885,1.9927536231884058,2.8247450348899625,,,,
121,4.448470209339774,13.47289318303811,20.148953301127214,15.787707997852925,11.211755233494364,11.33923778851315,4.414922168545357,11.621041331186259,1.7981749865807837,0.7783145464304885,1.9927536231884058,2.985775630703167,,,,
122,4.51556629092861,13.419216317767042,19.94766505636071,15.640096618357488,11.010466988727858,11.352657004830919,4.62962962962963,11.956521739130435,1.7646269457863661,0.7783145464304885,2.0128824476650564,2.9723564143853998,,,,
123,4.508856682769726,12.97638217928073,19.92753623188406,15.942028985507246,11.057434245840042,11.158078368223295,4.7101449275362315,12.144390767579173,1.737788513150832,0.7783145464304885,2.0128824476650564,3.046162104133119,,,,
124,4.468599033816425,12.889157273215245,19.79334406870639,15.92860976918948,11.265432098765432,11.097691894793345,4.736983360171766,12.204777241009126,1.737788513150832,0.7783145464304885,2.0128824476650564,3.0864197530864197,,,,
125,4.488727858293076,12.848899624261943,19.565217391304348,16.022544283413847,11.332528180354267,11.07085346215781,4.723564143853999,12.352388620504563,1.737788513150832,0.7581857219538379,2.0128824476650564,3.0864197530864197,,,,
126,4.502147074610843,12.76838432635534,19.659151905528716,15.962157809983896,11.218464841653248,11.20504562533548,4.736983360171766,12.25174449812131,1.737788513150832,0.7581857219538379,2.0128824476650564,3.1870638754696725,,,,
127,4.549114331723027,12.76838432635534,19.605475040257648,15.854804079441761,11.43317230273752,11.144659151905529,4.683306494900698,12.177938808373591,1.737788513150832,0.7581857219538379,1.9860440150295222,3.3011272141706924,,,,
128,4.549114331723027,12.74825550187869,19.53166935050993,15.774288781535159,11.379495437466453,11.218464841653248,4.757112184648417,12.177938808373591,1.737788513150832,0.7581857219538379,1.9860440150295222,3.3816425120772946,,,,
129,4.609500805152979,12.614063338701019,19.484702093397747,15.72061191626409,11.56736446591519,11.252012882447666,4.750402576489533,12.130971551261407,1.737788513150832,0.7447665056360708,1.9860440150295222,3.4017713365539453,,,,
130,4.582662372517445,12.580515297906603,19.35721953837896,15.593129361245303,11.761943102522812,11.09098228663446,4.99194847020934,12.117552334943639,1.7176596886741815,0.7447665056360708,2.0263016639828235,3.435319377348363,,,,
131,4.119699409554482,34.99060654857756,10.332796564680622,12.775093934514224,8.917069243156199,9.145195920558239,3.2004830917874396,10.198604401502953,1.4626945786366077,0.7179280730005367,1.778046162104133,2.3617820719269993,,,,
132,4.106280193236715,34.936929683306495,10.332796564680622,12.714707461084272,8.829844337090714,9.078099838969404,3.280998389694042,10.265700483091788,1.4358561460010735,0.7179280730005367,1.8048845947396672,2.49597423510467,,,,
133,4.166666666666667,34.91009125067096,10.205314009661835,12.70799785292539,8.84326355340848,9.145195920558239,3.3413848631239937,10.25228126677402,1.4358561460010735,0.7179280730005367,1.778046162104133,2.49597423510467,,,,
134,4.072732152442297,34.38674181427805,10.171765968867419,13.097155126140633,9.084809447128288,9.205582393988191,3.3413848631239937,10.265700483091788,1.4358561460010735,0.7179280730005367,1.778046162104133,2.442297369833602,,,,
135,4.072732152442297,34.19216317767042,10.037573805689748,13.063607085346217,9.272678475577026,9.151905528717123,3.3480944712828773,10.507246376811594,1.4090177133655395,0.7179280730005367,1.778046162104133,2.442297369833602,,,0.0067096081588835215,
136,4.106280193236715,33.9573268921095,11.849168008588299,11.580783682232958,9.386741814278047,9.574610842726784,3.1333870101986045,10.352925389157273,1.4224369296833066,0.7179280730005367,1.7444981213097155,2.167203435319377,,,0.0067096081588835215,
137,4.180085882984434,33.85668276972625,11.808910359634996,11.540526033279656,9.50751476113795,9.601449275362318,3.0730005367686526,10.34621578099839,1.4224369296833066,0.7179280730005367,1.7847557702630166,2.15378421900161,,,0.0067096081588835215,
138,4.260601180891036,33.621846484165324,11.869296833064949,11.506977992485238,9.520933977455716,9.64170692431562,3.0864197530864197,10.399892646269459,1.4224369296833066,0.7179280730005367,1.7847557702630166,2.1604938271604937,,,0.0067096081588835215,
139,4.300858829844337,33.360171765968865,11.788781535158346,11.399624261943103,9.66183574879227,9.46725711218465,3.193773483628556,10.473698336017177,1.5029522275899088,0.7179280730005367,1.7042404723564144,2.4221685453569513,,,0.0067096081588835215,
140,4.361245303274289,32.971014492753625,11.721685453569512,11.325818572195384,9.561191626409018,9.96376811594203,3.388352120236178,10.258990874932904,1.5029522275899088,0.7112184648416533,1.6572732152442298,2.5429414922168547,,,0.0067096081588835215,0.026838432635534086
141,4.38137412775094,32.06521739130435,11.60762211486849,11.446591519055287,10.34621578099839,9.98389694041868,3.4957058507783145,10.198604401502953,1.5297906602254427,0.7112184648416533,1.6572732152442298,2.5429414922168547,,,0.0067096081588835215,0.026838432635534086
142,4.408212560386473,31.655931293612454,11.580783682232958,11.43317230273752,10.668276972624799,9.990606548577563,3.5292538915727323,10.272410091250672,1.5163714439076759,0.7112184648416533,1.6572732152442298,2.5429414922168547,,,0.0067096081588835215,0.026838432635534086
143,4.455179817498658,31.52173913043478,11.600912506709609,11.225174449812132,10.507246376811594,10.017444981213098,3.750670960815888,10.38647342995169,1.5096618357487923,0.7112184648416533,1.6774020397208802,2.6033279656468062,,,0.0067096081588835215,0.026838432635534086
144,4.30756843800322,31.890767579173378,11.41304347826087,11.151368760064413,10.567632850241546,10.037573805689748,3.750670960815888,10.272410091250672,1.5767579173376274,0.7112184648416533,1.6774020397208802,2.61003757380569,,,0.0067096081588835215,0.026838432635534086
145,4.26731078904992,31.709608158883523,11.131239935587761,11.312399355877616,11.010466988727858,10.077831454643048,3.743961352657005,10.285829307568438,1.4492753623188406,0.7112184648416533,1.6706924315619969,2.5966183574879227,,,0.0067096081588835215,0.026838432635534086
146,3.6097691894793345,30.64278046162104,20.739398819108963,8.239398819108963,10.84272678475577,9.29951690821256,3.3145464304884595,7.98443370907139,1.328502415458937,0.6776704240472357,1.2681159420289856,2.01959205582394,,,0.0067096081588835215,0.026838432635534086
147,3.717122920021471,30.461621041331185,20.35024154589372,8.68894256575416,10.681696188942565,9.386741814278047,3.475577026301664,7.816693505099302,1.4090177133655395,0.6642512077294686,1.2681159420289856,2.046430488459474,,,0.0067096081588835215,0.026838432635534086
148,3.750670960815888,30.152979066022546,20.128824476650564,8.662104133118627,11.023886205045626,9.333064949006978,3.6231884057971016,7.7898550724637685,1.4358561460010735,0.6642512077294686,1.3553408480944713,2.046430488459474,,,0.0067096081588835215,0.026838432635534086
149,3.730542136339238,29.931561996779386,19.900697799248523,8.709071390230811,11.16478797638218,9.339774557165862,3.844605475040258,7.843531937734836,1.4895330112721417,0.6642512077294686,1.3150831991411702,2.033011272141707,,,0.0067096081588835215,0.026838432635534086
150,3.7104133118625873,29.61621041331186,20.719269994632313,8.628556092324208,10.983628556092324,9.232420826623725,3.8311862587224907,7.742887815351583,1.4895330112721417,0.6642512077294686,1.3150831991411702,2.033011272141707,,,0.0067096081588835215,0.026838432635534086
151,3.7573805689747717,29.562533548040793,20.558239398819108,8.588298443370908,11.211755233494364,9.098228663446054,3.8177670424047236,7.7898550724637685,1.482823403113258,0.6642512077294686,1.402308105206656,2.033011272141707,,,0.0067096081588835215,0.026838432635534086
152,3.7573805689747717,29.482018250134193,20.39049919484702,8.682232957595277,11.178207192699947,9.057971014492754,3.9318303811057436,7.803274288781535,1.482823403113258,0.6642512077294686,1.4224369296833066,2.1135265700483092,,,0.0067096081588835215,0.026838432635534086
153,3.743961352657005,29.354535695115406,20.46430488459474,8.467525496511003,11.272141706924316,9.064680622651638,4.079441760601181,7.407407407407407,1.482823403113258,0.6642512077294686,1.3754696725711217,2.589908749329039,,,0.0067096081588835215,0.026838432635534086
154,3.69699409554482,29.066022544283413,20.39049919484702,8.387010198604402,11.574074074074074,9.359903381642512,4.03918411164788,7.407407407407407,1.482823403113258,0.6642512077294686,1.3754696725711217,2.522812667740204,,,0.0067096081588835215,0.026838432635534086
155,3.717122920021471,29.03918411164788,20.343531937734838,8.514492753623188,11.540526033279656,9.433709071390231,4.03918411164788,7.273215244229737,1.482823403113258,0.6642512077294686,1.3955984970477724,2.522812667740204,,,0.0067096081588835215,0.026838432635534086
156,3.8378958668813743,28.804347826086957,20.115405260332796,8.427267847557703,11.634460547504025,9.648416532474503,4.0995705850778315,7.4208266237251745,1.4224369296833066,0.6642512077294686,1.3754696725711217,2.522812667740204,,,,0.026838432635534086
157,3.8043478260869565,28.683574879227052,19.189479334406872,8.99087493290392,11.788781535158346,9.702093397745571,4.166666666666667,7.803274288781535,1.3486312399355878,0.6642512077294686,1.3754696725711217,2.4557165861513686,,,,0.026838432635534086
158,3.750670960815888,28.589640365002683,19.028448738593667,8.93719806763285,11.855877616747183,9.883252818035427,4.274020397208803,7.883789586688137,1.3486312399355878,0.6642512077294686,1.3754696725711217,2.38191089640365,,,,0.026838432635534086
159,3.7775093934514223,28.421900161030596,19.0150295222759,8.883521202361782,11.902844873859367,9.883252818035427,4.180085882984434,8.111916264090176,1.3620504562533549,0.6642512077294686,1.402308105206656,2.368491680085883,,,,0.026838432635534086
160,3.8177670424047236,28.187063875469672,18.853998926462694,8.836553945249598,11.976650563607086,10.030864197530864,4.334406870638754,8.205850778314547,1.3620504562533549,0.6642512077294686,1.415727321524423,2.2879763821792807,,,,0.026838432635534086
161,3.864734299516908,28.079710144927535,18.746645195920557,8.863392377885132,12.258454106280194,9.943639291465379,4.461889425657541,8.11862587224906,1.261406333870102,0.6776704240472357,1.3955984970477724,2.301395598497048,,,,0.026838432635534086
162,3.851315083199141,27.932098765432098,18.746645195920557,8.789586688137414,12.379227053140097,10.064412238325282,4.488727858293076,8.105206655931294,1.2345679012345678,0.6776704240472357,1.4090177133655395,2.2946859903381642,,,,0.026838432635534086
163,3.911701556629093,27.542941492216855,18.706387546967257,8.789586688137414,12.620772946859903,10.158346752549651,4.488727858293076,8.091787439613526,1.2345679012345678,0.7246376811594203,1.4090177133655395,2.2946859903381642,,,,0.026838432635534086
164,3.9318303811057436,27.334943639291467,18.699677938808374,8.769457863660762,12.76838432635534,10.218733225979603,4.488727858293076,8.071658615136876,1.221148684916801,0.7246376811594203,1.4090177133655395,2.3349436392914655,,,,0.026838432635534086
165,3.9318303811057436,27.140365002683843,18.63929146537842,8.863392377885132,12.86231884057971,10.393183038110575,4.488727858293076,8.11862587224906,1.1205045625335481,0.7179280730005367,1.4224369296833066,2.2745571658615136,,,,0.026838432635534086
166,4.005636070853462,26.73107890499195,18.605743424584006,8.903650026838433,13.191089640365004,10.359634997316157,4.488727858293076,8.165593129361245,1.1205045625335481,0.7045088566827697,1.4224369296833066,2.2745571658615136,,,,0.026838432635534086
167,4.025764895330113,26.65727321524423,18.572195383789587,8.836553945249598,13.311862587224907,10.225442834138486,4.528985507246377,8.05823939881911,1.1876006441223832,0.6776704240472357,1.5297906602254427,2.3617820719269993,,,,0.026838432635534086
168,3.9989264626945786,25.805152979066023,18.57890499194847,8.789586688137414,13.157541599570585,12.446323134728932,4.374664519592056,7.2933440687063875,1.0869565217391304,0.6776704240472357,1.442565754159957,2.3215244229736984,,,,0.026838432635534086
169,4.052603327965647,25.657541599570585,18.250134192163177,8.836553945249598,13.130703166935051,12.406065485775631,4.783950617283951,7.313472893183038,1.0869565217391304,0.6374127750939346,1.442565754159957,2.3752012882447664,,,,0.026838432635534086
170,4.072732152442297,25.597155126140635,18.16290928609769,8.756038647342995,13.170960815888352,12.419484702093397,4.757112184648417,7.494632313472893,1.0869565217391304,0.6105743424584005,1.4694041867954912,2.3752012882447664,,,,0.026838432635534086
171,4.0995705850778315,25.47638217928073,18.089103596349972,8.789586688137414,13.298443370907139,12.392646269457863,4.74369296833065,7.514761137949543,1.0869565217391304,0.5971551261406334,1.4694041867954912,2.4154589371980677,,,,0.026838432635534086
