,45,50,52,53,51,54,57,55,56
0,87.16451959205583,12.835480407944177,,,,,,,
1,87.19806763285024,12.801932367149758,,,,,,,
2,87.31884057971014,12.681159420289855,,,,,,,
3,84.70209339774557,14.868491680085883,0.4294149221685454,,,,,,
4,77.33494363929147,20.034889962426195,0.41599570585077833,2.214170692431562,,,,,
5,73.26221148684917,24.10762211486849,0.41599570585077833,2.214170692431562,,,,,
6,72.04106280193237,20.994363929146537,0.41599570585077833,2.214170692431562,4.334406870638754,,,,
7,69.22302737520128,23.812399355877616,0.41599570585077833,2.214170692431562,4.334406870638754,,,,
8,69.26999463231347,23.778851315083198,0.41599570585077833,2.200751476113795,4.334406870638754,,,,
9,66.98872785829307,26.120504562533547,0.41599570585077833,2.15378421900161,4.320987654320987,,,,
10,42.45169082125604,53.39506172839506,,,4.1532474503489,,,,
11,30.340848094471284,59.064680622651636,,,10.59447128287708,,,,
12,30.394524959742352,44.35050993022008,,,25.254965110037574,,,,
13,30.60252281266774,42.8743961352657,,,25.046967257112186,1.4761137949543746,,,
14,30.790391841116477,42.74020397208803,,,24.993290391841118,1.3419216317767042,0.13419216317767044,,
15,28.395061728395063,45.46430488459474,,,24.664519592055825,1.3419216317767042,0.13419216317767044,,
16,25.77831454643049,48.28234031132582,,,24.46323134728932,1.3419216317767042,0.13419216317767044,,
17,26.127214170692433,48.101180891035966,,,24.295491143317232,1.3419216317767042,0.13419216317767044,,
18,23.60440150295223,50.7313472893183,,,24.188137412775095,1.3419216317767042,0.13419216317767044,,
19,20.7662372517445,33.63526570048309,,,45.59849704777241,,,,
20,21.108427267847556,33.54804079441761,,,45.34353193773484,,,,
21,21.470746108427267,33.46081588835212,,,45.06843800322061,,,,
22,22.054482018250134,33.10520665593129,,,44.840311325818575,,,,
23,21.329844337090712,30.273752012882447,,,48.39640365002684,,,,
24,21.833064949006978,30.16639828234031,,,48.00053676865271,,,,
25,22.128287707997853,30.099302200751477,,,47.77241009125067,,,,
26,22.73886205045625,29.66988727858293,0.12077294685990338,,47.47047772410091,,,,
27,22.859634997316157,29.428341384863124,0.12077294685990338,0.20799785292538917,45.3166935050993,,,0.15432098765432098,1.9122383252818036
28,22.29602791196994,24.00697799248524,0.0939345142243693,0.20799785292538917,44.72624798711755,6.602254428341385,,0.15432098765432098,1.9122383252818036
29,22.839506172839506,23.765432098765434,0.0939345142243693,0.20799785292538917,44.518250134192165,6.515029522275899,,0.15432098765432098,1.90552871712292
30,21.812936124530328,23.919753086419753,0.1878690284487386,0.20799785292538917,45.04830917874396,6.501610305958132,,0.41599570585077833,1.90552871712292
31,21.3768115942029,24.422973698336016,0.17444981213097155,0.20799785292538917,44.02173913043478,6.461352657004831,,0.8856682769726248,2.4490069779924855
32,21.87332259796028,24.349168008588297,0.17444981213097155,0.20799785292538917,42.04240472356415,6.414385399892646,,0.8856682769726248,4.052603327965647
33,21.77938808373591,22.745571658615138,0.17444981213097155,0.20799785292538917,41.4922168545357,8.172302737520129,,1.1607622114868492,4.26731078904992
34,22.309447128287708,22.73215244229737,0.17444981213097155,0.20799785292538917,41.02925389157273,8.11862587224906,,1.1607622114868492,4.26731078904992
35,22.705314009661837,22.61808910359635,0.17444981213097155,0.20799785292538917,40.727321524422976,8.004562533548041,,1.1607622114868492,4.40150295222759
36,23.262211486849168,22.457058507783145,0.17444981213097155,0.20799785292538917,40.37842190016103,7.98443370907139,,1.1607622114868492,4.374664519592056
37,22.859634997316157,22.31615673644659,1.710950080515298,0.15432098765432098,36.91626409017714,8.836553945249598,,3.0193236714975846,4.186795491143317
38,22.75228126677402,21.880032206119164,1.710950080515298,1.0265700483091786,36.63446054750403,8.829844337090714,,3.0059044551798175,4.159957058507783
39,22.899892646269457,21.76596886741814,1.710950080515298,1.0265700483091786,36.600912506709605,8.829844337090714,,3.0059044551798175,4.159957058507783
40,22.886473429951693,21.296296296296298,2.395330112721417,1.0265700483091786,35.69511540526033,8.61513687600644,,3.9452495974235107,4.139828234031133
41,23.14814814814815,21.22249060654858,2.395330112721417,1.0265700483091786,35.507246376811594,8.61513687600644,,3.9452495974235107,4.139828234031133
42,23.336017176596886,21.081588835212024,1.6505636070853462,4.602791196994096,33.10520665593129,10.064412238325282,,3.824476650563607,2.3349436392914655
43,22.591250670960815,20.987654320987655,10.95679012345679,4.528985507246377,26.56333870101986,9.73564143853999,,2.818035426731079,1.8183038110574343
44,23.09447128287708,20.8870101986044,9.997316156736447,4.508856682769726,26.247987117552334,9.722222222222221,0.9326355340848095,2.804616210413312,1.8048845947396672
45,23.315888352120236,20.7662372517445,9.997316156736447,4.508856682769726,26.20101986044015,9.702093397745571,0.8990874932903918,2.804616210413312,1.8048845947396672
46,22.34970477724101,19.176060118089104,9.98389694041868,3.8714439076757916,29.421631776704242,9.702093397745571,0.8856682769726248,2.804616210413312,1.8048845947396672
47,21.658615136876005,18.69296833064949,14.016371443907676,3.8043478260869565,27.086688137412775,9.668545356951155,0.8856682769726248,2.38191089640365,1.8048845947396672
48,21.93370907139023,18.5654857756307,14.009661835748792,3.8043478260869565,27.01959205582394,9.594739667203436,0.8856682769726248,2.38191089640365,1.8048845947396672
49,22.23564143853999,18.53864734299517,13.962694578636608,3.770799785292539,26.82501341921632,9.594739667203436,0.8856682769726248,2.38191089640365,1.8048845947396672
50,22.430220075147613,18.50509930220075,13.942565754159958,3.770799785292539,26.778046162104133,9.473966720343531,1.0332796564680622,2.2611379495437465,1.8048845947396672
51,22.725442834138487,18.451422436929683,13.942565754159958,3.770799785292539,26.710950080515296,9.31964573268921,1.0332796564680622,2.2611379495437465,1.7847557702630166
52,22.819377348362856,18.17632850241546,13.81508319914117,3.616478797638218,26.31508319914117,10.218733225979603,1.0332796564680622,2.2611379495437465,1.7444981213097155
53,23.26892109500805,18.00858829844337,13.79495437466452,3.6097691894793345,26.174181427804616,10.00402576489533,1.0332796564680622,2.3617820719269993,1.7444981213097155
54,23.711755233494365,17.921363392377884,13.727858293075684,3.5829307568438002,26.10708534621578,9.98389694041868,1.0332796564680622,2.3617820719269993,1.570048309178744
55,23.980139559849704,17.881105743424584,13.560118089103597,3.549382716049383,26.093666129898015,9.98389694041868,1.0332796564680622,2.3617820719269993,1.556629092860977
56,24.436392914653783,17.673107890499196,13.425925925925926,3.549382716049383,25.979602791196996,9.98389694041868,1.0332796564680622,2.3617820719269993,1.556629092860977
57,24.785292538915726,17.632850241545892,13.39237788513151,3.4688674181427803,25.959473966720342,9.943639291465379,0.8990874932903918,2.3617820719269993,1.556629092860977
58,24.57729468599034,17.55233494363929,13.372249060654857,2.4825550187869028,23.960010735373054,13.238056897477188,0.8990874932903918,2.3617820719269993,1.556629092860977
59,25.006709608158882,17.236983360171767,13.519860440150294,2.4825550187869028,23.8191089640365,13.123993558776167,0.8990874932903918,2.3550724637681157,1.556629092860977
60,25.483091787439612,17.21014492753623,13.378958668813741,2.4557165861513686,23.718464841653248,12.969672571121846,0.8990874932903918,2.328234031132582,1.556629092860977
61,25.825281803542673,17.20343531937735,13.331991411701557,2.4557165861513686,23.45679012345679,12.942834138486312,0.8990874932903918,2.328234031132582,1.556629092860977
62,25.77831454643049,16.304347826086957,13.325281803542673,3.9989264626945786,23.309178743961354,12.506709608158884,0.8990874932903918,2.3215244229736984,1.556629092860977
63,25.999731615673646,16.284219001610307,13.325281803542673,3.992216854535695,22.84621578099839,12.781803542673108,0.8990874932903918,2.3215244229736984,1.5499194847020934
64,26.1808910359635,16.324476650563607,13.271604938271604,3.8714439076757916,22.6784755770263,12.909286097691895,0.8990874932903918,2.314814814814815,1.5499194847020934
65,26.56333870101986,16.150026838432634,12.681159420289855,3.8714439076757916,22.443639291465377,12.828770799785293,0.2885131508319914,3.6231884057971016,1.5499194847020934
66,24.214975845410628,22.530864197530864,11.90955448201825,3.8714439076757916,22.436929683306495,9.574610842726784,0.2885131508319914,3.6231884057971016,1.5499194847020934
67,24.644390767579175,22.41009125067096,11.90955448201825,3.8714439076757916,22.148416532474503,9.554482018250134,0.2885131508319914,3.6231884057971016,1.5499194847020934
68,25.033548040794418,22.269189479334408,11.83574879227053,3.8714439076757916,22.007514761137948,9.520933977455716,0.2885131508319914,3.6231884057971016,1.5499194847020934
69,25.187869028448738,22.08132045088567,12.419484702093397,3.8378958668813743,21.940418679549115,8.950617283950617,0.2885131508319914,3.743961352657005,1.5499194847020934
70,25.644122383252817,21.920289855072465,12.345679012345679,3.8378958668813743,21.87332259796028,8.903650026838433,0.2885131508319914,3.6366076221148687,1.5499194847020934
71,25.81857219538379,21.68545356951154,11.829039184111648,3.8378958668813743,21.349973161567366,8.890230810520666,0.2885131508319914,4.750402576489533,1.5499194847020934
72,25.95276435856146,21.511003757380568,11.81561996779388,3.9720880300590444,21.175523349436393,8.876811594202898,0.2885131508319914,4.884594739667204,1.5230810520665594
73,25.986312399355878,20.343531937734838,11.788781535158346,3.9720880300590444,20.69243156199678,8.863392377885132,0.2885131508319914,6.541867954911433,1.5230810520665594
74,26.690821256038646,20.061728395061728,11.741814278046162,3.878153515834675,20.417337627482556,8.863392377885132,0.2885131508319914,6.535158346752549,1.5230810520665594
75,26.737788513150832,19.981213097155127,12.204777241009126,3.878153515834675,20.068438003220614,8.863392377885132,0.2885131508319914,6.461352657004831,1.5163714439076759
76,26.04669887278583,19.558507783145465,12.070585077831455,3.81105743424584,21.484165324745035,8.789586688137414,0.2885131508319914,6.4345142243692965,1.5163714439076759
77,26.549919484702095,19.43102522812668,11.969940955448202,3.784219001610306,21.336553945249598,8.722490606548577,0.2885131508319914,6.400966183574879,1.5163714439076759
78,26.630434782608695,19.424315619967793,10.668276972624799,3.784219001610306,21.182232957595275,10.23215244229737,0.2885131508319914,6.286902844873859,1.5029522275899088
79,27.01959205582394,19.249865807836823,10.63472893183038,3.7573805689747717,21.048040794417606,10.21202361782072,0.2885131508319914,6.286902844873859,1.5029522275899088
80,27.033011272141707,19.008319914117017,10.59447128287708,3.7372517444981215,20.974235104669887,9.957058507783145,0.2885131508319914,6.904186795491143,1.5029522275899088
81,26.643853998926463,18.149490069779926,12.513419216317766,3.730542136339238,20.813204508856682,9.480676328502415,0.2885131508319914,6.877348362855609,1.5029522275899088
82,27.086688137412775,18.015297906602253,12.379227053140097,3.6902844873859366,20.632045088566827,9.406870638754697,0.4294149221685454,6.857219538378959,1.5029522275899088
83,27.428878153515836,17.995169082125603,12.29200214707461,3.6902844873859366,20.41062801932367,9.406870638754697,0.4294149221685454,6.843800322061192,1.5029522275899088
84,27.428878153515836,17.330917874396135,12.245034889962426,3.6500268384326353,20.26972624798712,10.34621578099839,0.4294149221685454,6.796833064949007,1.5029522275899088
85,27.79790660225443,17.290660225442835,12.23161567364466,3.6500268384326353,20.128824476650564,10.285829307568438,0.4294149221685454,6.716317767042405,1.4694041867954912
86,27.395330112721417,15.995705850778315,12.23161567364466,3.6500268384326353,21.91358024691358,10.218733225979603,0.4294149221685454,6.696188942565755,1.4694041867954912
87,27.160493827160494,15.660225442834138,13.036768652710682,5.246913580246914,21.651905528717123,9.541062801932368,0.4294149221685454,5.803811057434245,1.4694041867954912
88,25.261674718196456,12.439613526570048,13.130703166935051,5.193236714975845,26.73107890499195,9.541062801932368,0.4294149221685454,5.803811057434245,1.4694041867954912
89,23.161567364465917,19.45786366076221,12.983091787439614,5.193236714975845,22.04777241009125,9.480676328502415,0.4294149221685454,5.797101449275362,1.4492753623188406
90,23.617820719269993,19.276704240472355,12.962962962962964,5.166398282340311,21.89345142243693,9.440418679549115,0.4294149221685454,5.763553408480945,1.4492753623188406
91,24.10762211486849,17.612721417069242,12.909286097691895,5.152979066022544,21.571390230810522,9.440418679549115,0.4294149221685454,7.326892109500805,1.4492753623188406
92,24.496779388083738,17.424852388620504,12.882447665056361,5.10601180891036,21.564680622651636,9.406870638754697,0.4294149221685454,7.253086419753086,1.4358561460010735
93,24.812130971551262,17.2638217928073,12.795222758990874,5.253623188405797,21.40365002683843,9.39345142243693,0.4294149221685454,7.253086419753086,1.3955984970477724
94,25.02012882447665,17.23027375201288,12.781803542673108,5.186527106816962,21.329844337090712,9.39345142243693,0.4294149221685454,7.232957595276436,1.3955984970477724
95,25.15432098765432,17.122920021470748,12.110842726784755,5.186527106816962,21.256038647342994,10.124798711755233,0.4227053140096618,7.232957595276436,1.3888888888888888
96,25.449543746645197,17.07595276435856,12.057165861513688,5.186527106816962,21.108427267847556,10.0979602791197,0.41599570585077833,7.219538378958669,1.3888888888888888
97,26.113794954374665,16.955179817498657,11.90955448201825,5.179817498658078,20.947396672034355,10.064412238325282,0.41599570585077833,7.051798174986581,1.3620504562533549
98,26.281535158346752,16.76731078904992,11.83574879227053,5.179817498658078,20.933977455716587,10.037573805689748,0.41599570585077833,7.185990338164252,1.3620504562533549
99,26.44927536231884,16.71363392377885,11.822329575952764,5.159688674181428,20.8870101986044,10.00402576489533,0.41599570585077833,7.185990338164252,1.3620504562533549
100,26.818303811057433,16.57944176060118,11.634460547504025,5.159688674181428,20.840042941492218,10.00402576489533,0.41599570585077833,7.185990338164252,1.3620504562533549
101,27.079978529253893,16.364734299516908,11.621041331186259,5.159688674181428,20.8064949006978,10.00402576489533,0.41599570585077833,7.185990338164252,1.3620504562533549
102,27.314814814814813,16.27750939345142,11.58749329039184,5.0858829844337095,20.7662372517445,10.00402576489533,0.41599570585077833,7.185990338164252,1.3620504562533549
103,27.75764895330113,16.13660762211487,11.493558776167472,5.0858829844337095,20.591787439613526,9.970477724100913,0.41599570585077833,7.185990338164252,1.3620504562533549
104,27.046430488459475,14.694041867954912,11.426462694578637,4.985238862050457,23.05421363392378,9.943639291465379,0.4025764895330113,7.085346215780999,1.3620504562533549
105,26.798174986580783,13.741277509393452,11.386205045625335,4.978529253891573,22.785829307568438,11.419753086419753,0.4025764895330113,7.14573268921095,1.3419216317767042
106,27.180622651637144,13.687600644122384,11.292270531400966,4.871175523349437,22.665056360708533,11.419753086419753,0.4025764895330113,7.139023081052066,1.3419216317767042
107,27.509393451422437,13.667471819645733,11.292270531400966,4.723564143853999,22.611379495437465,11.3593666129898,0.4025764895330113,7.139023081052066,1.2949543746645196
108,27.49597423510467,13.6406333870102,11.292270531400966,4.669887278582931,21.792807300053678,11.325818572195384,0.4025764895330113,8.017981749865807,1.3620504562533549
109,27.596618357487923,13.6406333870102,11.11111111111111,4.320987654320987,22.71202361782072,10.896403650026839,0.39586688137412773,7.96430488459474,1.3620504562533549
110,27.771068169618893,13.58695652173913,11.097691894793345,4.320987654320987,22.624798711755233,10.876274825550189,0.39586688137412773,7.96430488459474,1.3620504562533549
111,28.20048309178744,13.546698872785829,11.010466988727858,4.300858829844337,22.450348899624263,10.84272678475577,0.39586688137412773,7.890499194847021,1.3620504562533549
112,26.268115942028984,15.633387010198604,10.983628556092324,4.294149221685454,22.41009125067096,10.775630703166936,0.39586688137412773,7.877079978529254,1.3620504562533549
113,26.65727321524423,15.526033279656469,10.950080515297907,4.233762748255502,22.134997316156735,10.762211486849168,0.39586688137412773,7.991143317230274,1.3486312399355878
114,26.88539989264627,15.445517981749866,10.923242082662373,4.233762748255502,22.08132045088567,10.721953837895867,0.39586688137412773,7.971014492753623,1.3419216317767042
115,27.294685990338163,15.351583467525497,10.916532474503489,4.233762748255502,21.994095544820183,10.648148148148149,0.39586688137412773,7.823403113258186,1.3419216317767042
116,27.697262479871174,15.210681696188942,10.896403650026839,4.233762748255502,21.833064949006978,10.628019323671497,0.39586688137412773,7.809983896940419,1.2949543746645196
117,28.046162104133117,15.177133655394526,10.876274825550189,4.233762748255502,21.792807300053678,10.628019323671497,0.39586688137412773,7.561728395061729,1.288244766505636
118,28.408480944712828,15.163714439076758,10.72866344605475,4.2203435319377345,21.76596886741814,10.540794417606012,0.39586688137412773,7.48792270531401,1.288244766505636
119,28.670155662909288,15.150295222758992,10.61460010735373,4.2203435319377345,21.66532474503489,10.513955984970478,0.39586688137412773,7.481213097155126,1.288244766505636
120,28.978797638217927,15.076489533011273,10.601180891035963,4.133118625872249,21.564680622651636,10.507246376811594,0.39586688137412773,7.454374664519592,1.288244766505636
121,28.891572732152444,14.761137949543746,10.413311862587225,3.9720880300590444,22.463768115942027,10.091250670960816,0.38915727321524424,7.454374664519592,1.5633387010198605
122,29.186795491143318,14.647074610842727,10.373054213633925,3.9720880300590444,22.363123993558776,10.077831454643048,0.38915727321524424,7.427536231884058,1.5633387010198605
123,29.482018250134193,14.579978529253891,10.373054213633925,3.9586688137412773,22.20209339774557,10.050993022007514,0.38915727321524424,7.4006977992485234,1.5633387010198605
124,30.132850241545892,14.371980676328503,10.265700483091788,3.9452495974235107,22.034353193773484,9.970477724100913,0.38915727321524424,7.326892109500805,1.5633387010198605
125,30.434782608695652,14.318303811057435,10.238862050456254,3.9452495974235107,21.953837895866883,9.836285560923242,0.3824476650563607,7.326892109500805,1.5633387010198605
126,30.763553408480945,14.264626945786366,10.238862050456254,3.92512077294686,21.786097691894792,9.75577026301664,0.3824476650563607,7.320182501341922,1.5633387010198605
127,30.213365539452496,14.479334406870638,9.353193773483628,3.878153515834675,21.631776704240472,9.728931830381105,0.3824476650563607,7.206119162640902,3.126677402039721
128,30.50187869028449,14.378690284487385,9.29951690821256,3.8580246913580245,21.611647879763822,9.681964573268921,0.3757380568974772,7.206119162640902,3.0864197530864197
129,30.83064949006978,13.331991411701557,9.29951690821256,3.8311862587224907,21.464036500268385,9.675254965110037,0.3757380568974772,8.105206655931294,3.0864197530864197
130,31.052066559312937,13.305152979066023,9.286097691894794,3.8311862587224907,21.36339237788513,9.614868491680086,0.36902844873859364,8.091787439613526,3.0864197530864197
131,31.488191089640367,13.251476113794954,9.01100375738057,3.8311862587224907,21.135265700483092,9.950348899624261,0.322061191626409,7.924047235641439,3.0864197530864197
132,31.568706387546968,13.01663982823403,8.910359634997317,3.730542136339238,20.873590982286636,9.91009125067096,0.43612453032742887,8.467525496511003,3.0864197530864197
133,31.863929146537842,12.801932367149758,8.903650026838433,3.730542136339238,20.78636607622115,9.856414385399892,0.4227053140096618,8.57487922705314,3.0595813204508855
134,31.44122383252818,12.741545893719806,7.87037037037037,6.521739130434782,20.471014492753625,9.480676328502415,0.4227053140096618,7.991143317230274,3.0595813204508855
135,31.736446591519055,12.741545893719806,7.87037037037037,6.4345142243692965,20.397208803005906,9.453837895866881,0.4227053140096618,7.924047235641439,3.0193236714975846
136,31.78341384863124,12.741545893719806,7.796564680622652,6.387546967257112,20.115405260332796,9.514224369296834,0.4227053140096618,7.9039184111647875,3.33467525496511
137,32.00483091787439,12.721417069243156,7.796564680622652,6.3137412775093935,20.034889962426195,9.46725711218465,0.4227053140096618,7.9039184111647875,3.33467525496511
138,31.689479334406872,12.620772946859903,7.7361782071927,6.018518518518518,19.04186795491143,11.782071926999464,0.4227053140096618,7.50805152979066,3.180354267310789
139,31.87734836285561,12.607353730542137,7.709339774557166,6.018518518518518,18.9747718733226,11.701556629092861,0.4227053140096618,7.50805152979066,3.180354267310789
140,32.1658615136876,12.567096081588835,7.709339774557166,5.998389694041868,18.9345142243693,11.641170155662909,0.4227053140096618,7.39398819108964,3.166935050993022
141,31.743156199677937,11.20504562533548,7.682501341921632,7.716049382716049,18.276972624798713,11.594202898550725,0.4227053140096618,8.272946859903382,3.0864197530864197
142,32.25979602791197,11.064143853998926,7.628824476650563,7.568438003220612,18.16290928609769,11.594202898550725,0.4092860976918948,8.225979602791197,3.0864197530864197
143,32.306763285024154,10.587761674718196,7.514761137949543,8.454106280193237,17.85426731078905,11.594202898550725,0.4092860976918948,8.192431561996779,3.0864197530864197
144,32.669082125603865,10.587761674718196,7.48792270531401,8.454106280193237,17.693236714975846,11.52710681696189,0.4092860976918948,8.085077831454644,3.0864197530864197
145,32.94417606011809,10.104669887278583,8.28636607622115,8.548040794417606,17.478529253891573,11.258722490606548,0.36231884057971014,7.950885668276973,3.066290928609769
146,33.19243156199678,10.104669887278583,8.225979602791197,8.527911969940956,17.37788513150832,11.20504562533548,0.36231884057971014,7.937466451959206,3.066290928609769
147,33.52791196994095,10.084541062801932,8.111916264090176,8.527911969940956,17.357756307031668,10.88298443370907,0.36231884057971014,7.9106280193236715,3.2340311325818574
148,33.883521202361784,9.977187332259795,8.111916264090176,8.400429414922169,17.337627482555018,10.856146001073537,0.36231884057971014,7.863660762211487,3.207192699946323
149,33.58829844337091,9.876543209876543,8.071658615136876,10.017444981213098,16.404991948470208,10.654857756307031,0.36231884057971014,7.843531937734836,3.180354267310789
150,33.7157809983897,9.829575952764358,8.024691358024691,10.00402576489533,16.297638217928075,10.628019323671497,0.36231884057971014,7.977724100912507,3.1602254428341383
151,33.32662372517445,9.681964573268921,9.749060654857756,9.433709071390231,16.29092860976919,10.547504025764896,0.36231884057971014,7.481213097155126,3.126677402039721
152,34.05797101449275,9.588030059044552,9.64170692431562,9.31964573268921,16.17686527106817,10.319377348362856,0.36231884057971014,7.407407407407407,3.126677402039721
153,33.95061728395062,9.192163177670425,10.836017176596886,9.31964573268921,15.70048309178744,9.950348899624261,0.36231884057971014,7.561728395061729,3.126677402039721
154,34.10493827160494,9.16532474503489,10.829307568438002,9.31964573268921,15.619967793880837,9.950348899624261,0.36231884057971014,7.548309178743962,3.099838969404187
155,34.35319377348363,9.064680622651638,10.721953837895867,9.31964573268921,15.485775630703166,10.044283413848632,0.36231884057971014,7.548309178743962,3.099838969404187
156,34.33977455716586,8.796296296296296,11.902844873859367,8.856682769726248,15.479066022544284,9.708803005904455,0.36231884057971014,7.461084272678476,3.0931293612453032
157,34.594739667203434,8.749329039184111,11.829039184111648,8.849973161567364,15.479066022544284,9.64170692431562,0.35560923242082665,7.4208266237251745,3.079710144927536
158,34.93022007514761,8.722490606548577,11.808910359634996,8.78287707997853,15.33816425120773,9.588030059044552,0.35560923242082665,7.39398819108964,3.079710144927536
159,35.00402576489533,8.702361782071927,11.808910359634996,8.78287707997853,15.291196994095545,9.581320450885668,0.35560923242082665,7.39398819108964,3.079710144927536
160,33.9170692431562,8.682232957595277,13.16425120772947,10.124798711755233,14.714170692431562,8.923778851315083,0.35560923242082665,7.25979602791197,2.85829307568438
161,34.23913043478261,8.608427267847558,13.16425120772947,10.010735373054214,14.700751476113794,8.863392377885132,0.35560923242082665,7.232957595276436,2.8247450348899625
162,34.46725711218465,8.608427267847558,13.150831991411701,9.970477724100913,14.640365002683843,8.80300590445518,0.35560923242082665,7.179280730005368,2.8247450348899625
163,34.62157809983897,8.608427267847558,13.150831991411701,9.950348899624261,14.63365539452496,8.57487922705314,0.35560923242082665,7.139023081052066,2.965646806226516
164,34.82286634460547,8.514492753623188,13.150831991411701,9.896672034353195,14.600107353730541,8.57487922705314,0.35560923242082665,7.125603864734299,2.9589371980676327
165,35.14492753623188,8.494363929146537,13.003220611916264,9.782608695652174,14.586688137412775,8.548040794417606,0.35560923242082665,7.125603864734299,2.9589371980676327
166,35.52066559312936,8.541331186258722,12.962962962962964,9.742351046698873,14.36527106816962,8.440687063875469,0.35560923242082665,7.125603864734299,2.945517981749866
167,35.88298443370907,8.420558239398819,12.93612453032743,9.655126140633387,14.351851851851851,8.373590982286634,0.35560923242082665,7.078636607622115,2.945517981749866
168,36.69484702093398,8.299785292538916,12.93612453032743,9.64170692431562,13.982823403113258,8.071658615136876,0.35560923242082665,7.078636607622115,2.9388083735909825
169,37.02361782071927,8.219269994632313,12.775093934514224,9.621578099838969,13.962694578636608,8.051529790660226,0.35560923242082665,7.071926999463232,2.918679549114332
170,37.063875469672574,8.219269994632313,12.775093934514224,9.621578099838969,13.942565754159958,8.051529790660226,0.35560923242082665,7.058507783145465,2.9119699409554483
171,37.31213097155126,8.205850778314547,12.694578636607622,9.541062801932368,13.935856146001074,7.98443370907139,0.35560923242082665,7.058507783145465,2.9119699409554483
172,37.473161567364464,8.205850778314547,12.681159420289855,9.494095544820183,13.902308105206655,7.937466451959206,0.35560923242082665,7.058507783145465,2.8918411164787976
173,37.855609232420825,8.091787439613526,12.553676865271068,9.433709071390231,13.83521202361782,7.937466451959206,0.35560923242082665,7.1725711218464845,2.7643585614600106
174,38.217928073000536,8.091787439613526,12.325550187869029,9.41358024691358,13.83521202361782,7.917337627482555,0.35560923242082665,7.078636607622115,2.7643585614600106
175,38.39237788513151,7.977724100912507,12.446323134728932,9.39345142243693,13.761406333870102,7.830112721417069,0.35560923242082665,7.078636607622115,2.7643585614600106
176,38.506441223832525,7.890499194847021,12.406065485775631,9.326355340848094,13.667471819645733,8.004562533548041,0.35560923242082665,7.078636607622115,2.7643585614600106
177,38.62050456253355,7.883789586688137,12.392646269457863,9.326355340848094,13.593666129898015,7.75630703166935,0.35560923242082665,7.347020933977456,2.7241009125067097
178,38.909017713365536,7.883789586688137,12.285292538915728,9.25925925925926,13.539989264626946,7.7361782071927,0.35560923242082665,7.306763285024155,2.7241009125067097
179,39.06333870101986,7.883789586688137,12.164519592055823,9.25925925925926,13.43263553408481,7.883789586688137,0.35560923242082665,7.232957595276436,2.7241009125067097
180,38.89559849704777,7.883789586688137,12.164519592055823,9.25925925925926,13.399087493290391,7.763016639828234,0.35560923242082665,7.555018786902845,2.7241009125067097
181,39.090177133655395,7.856951154052603,12.130971551261407,9.245840042941492,13.399087493290391,7.763016639828234,0.35560923242082665,7.434245840042942,2.7241009125067097
182,38.08373590982286,7.541599570585078,10.393183038110575,8.93719806763285,16.928341384863124,7.749597423510467,0.35560923242082665,7.300053676865271,2.7106816961889426
183,38.1508319914117,7.521470746108427,10.071121846484166,8.735909822866345,16.760601180891037,8.57487922705314,0.35560923242082665,7.2933440687063875,2.536231884057971
184,38.27831454643049,7.501341921631776,9.990606548577563,8.729200214707461,16.760601180891037,8.57487922705314,0.35560923242082665,7.2933440687063875,2.5161030595813205
185,38.39237788513151,7.501341921631776,9.923510466988727,8.702361782071927,16.760601180891037,8.57487922705314,0.35560923242082665,7.2933440687063875,2.49597423510467
186,38.53327965646806,7.501341921631776,9.883252818035427,8.68894256575416,16.720343531937736,8.57487922705314,0.3421900161030596,7.25979602791197,2.49597423510467
187,38.94256575415996,7.474503488996243,9.836285560923242,8.641975308641975,16.6935050993022,8.413848631239935,0.33548040794417605,7.1725711218464845,2.4892646269457863
188,38.989533011272144,7.474503488996243,9.822866344605474,8.641975308641975,16.666666666666668,8.413848631239935,0.32877079978529256,7.1725711218464845,2.4892646269457863
189,39.13714439076758,7.434245840042942,9.796027911969942,8.641975308641975,16.63311862587225,8.36688137412775,0.32877079978529256,7.1725711218464845,2.4892646269457863
190,39.57997852925389,7.313472893183038,9.742351046698873,8.608427267847558,16.431830381105744,8.3467525496511,0.32877079978529256,7.159151905528717,2.4892646269457863
191,39.95571658615137,7.226247987117552,9.581320450885668,8.53462157809984,16.304347826086957,8.3467525496511,0.32877079978529256,7.232957595276436,2.4892646269457863
192,40.25093934514224,7.226247987117552,9.473966720343531,8.447396672034353,16.264090177133657,8.319914117015566,0.32877079978529256,7.232957595276436,2.4557165861513686
193,39.99597423510467,7.219538378958669,9.192163177670425,7.387278582930757,18.317230273752013,8.319914117015566,0.32877079978529256,6.796833064949007,2.442297369833602
194,40.61996779388084,7.139023081052066,8.970746108427267,7.326892109500805,18.14278046162104,8.3064949006978,0.32877079978529256,6.756575415995706,2.408749329039184
195,37.96967257112185,7.139023081052066,14.439076757917338,7.139023081052066,18.02871712292002,6.602254428341385,0.18115942028985507,6.427804616210413,2.073268921095008
196,38.137412775093935,7.139023081052066,14.358561460010735,7.132313472893183,18.00187869028449,6.568706387546968,0.18115942028985507,6.407675791733762,2.073268921095008
197,38.29173376274826,7.098765432098766,14.345142243692969,7.132313472893183,17.98845947396672,6.5552871712292005,0.18115942028985507,6.333870101986044,2.073268921095008
198,38.35212023617821,7.098765432098766,14.345142243692969,7.132313472893183,17.94820182501342,6.5485775630703165,0.18115942028985507,6.327160493827161,2.0665593129361244
199,38.58024691358025,7.085346215780999,14.325013419216317,7.132313472893183,17.907944176060116,6.5485775630703165,0.18115942028985507,6.179549114331723,2.059849704777241
200,38.26489533011272,6.910896403650026,14.251207729468598,7.132313472893183,18.471551261406333,6.5485775630703165,0.18115942028985507,6.179549114331723,2.059849704777241
201,38.6406333870102,6.910896403650026,14.204240472356414,7.098765432098766,18.209876543209877,6.515029522275899,0.18115942028985507,6.179549114331723,2.059849704777241
202,38.74127750939345,6.910896403650026,14.204240472356414,7.098765432098766,18.129361245303276,6.515029522275899,0.18115942028985507,6.159420289855072,2.059849704777241
203,39.04320987654321,6.857219538378959,14.096886741814279,7.078636607622115,18.109232420826622,6.4345142243692965,0.18115942028985507,6.139291465378422,2.059849704777241
204,39.32501341921632,6.857219538378959,13.935856146001074,7.0450885668276975,18.02200751476114,6.4345142243692965,0.18115942028985507,6.139291465378422,2.059849704777241
205,39.54643048845947,6.810252281266774,13.922436929683306,7.024959742351046,17.94820182501342,6.367418142780462,0.18115942028985507,6.139291465378422,2.059849704777241
206,39.93558776167472,6.78341384863124,13.841921631776705,6.957863660762212,17.753623188405797,6.367418142780462,0.18115942028985507,6.139291465378422,2.0397208803005906
207,40.06977992485239,6.776704240472356,13.801663982823403,6.944444444444445,17.70665593129361,6.367418142780462,0.18115942028985507,6.112453032742888,2.0397208803005906
208,40.425389157273216,6.769994632313473,13.667471819645733,6.910896403650026,17.56575415995706,6.367418142780462,0.18115942028985507,6.078904991948471,2.033011272141707
209,40.57300053676865,6.615673644659152,13.6406333870102,6.884057971014493,17.52549651100376,6.367418142780462,0.18115942028985507,6.179549114331723,2.033011272141707
210,40.84809447128288,6.5485775630703165,13.6406333870102,6.884057971014493,17.330917874396135,6.367418142780462,0.18115942028985507,6.179549114331723,2.01959205582394
211,41.096349973161566,6.447933440687064,13.560118089103597,7.004830917874396,17.16988727858293,6.367418142780462,0.18115942028985507,6.152710681696189,2.01959205582394
212,40.78770799785293,6.179549114331723,13.33870101986044,6.9310252281266775,18.095813204508858,6.367418142780462,0.18115942028985507,6.099033816425121,2.01959205582394
213,41.08964036500269,6.172839506172839,13.278314546430488,6.796833064949007,17.934782608695652,6.4345142243692965,0.18115942028985507,6.092324208266238,2.01959205582394
214,38.06360708534621,3.938539989264627,18.760064412238325,6.796833064949007,19.80005367686527,6.172839506172839,0.18115942028985507,4.361245303274289,1.9256575415995705
215,37.4194847020934,3.7238325281803544,18.605743424584006,6.729736983360172,21.34326355340848,6.0654857756307035,0.18115942028985507,4.005636070853462,1.9256575415995705
216,37.97638217928073,3.6366076221148687,18.491680085882983,6.816961889425658,21.202361782071925,5.837359098228664,0.18115942028985507,4.005636070853462,1.8518518518518519
217,38.258185721953836,3.629898013955985,18.45813204508857,6.790123456790123,21.068169618894256,5.756843800322061,0.18115942028985507,4.005636070853462,1.8518518518518519
218,38.439345142243695,3.629898013955985,18.377616747181964,6.763285024154589,21.054750402576488,5.756843800322061,0.18115942028985507,3.9452495974235107,1.8518518518518519
219,38.801663982823406,3.629898013955985,18.303811057434245,6.662640901771336,20.987654320987655,5.709876543209877,0.18115942028985507,3.8714439076757916,1.8518518518518519
220,39.190821256038646,3.6231884057971016,18.209876543209877,6.635802469135802,20.913848631239937,5.609232420826624,0.18115942028985507,3.784219001610306,1.8518518518518519
221,39.83494363929147,3.603059581320451,18.17632850241546,6.796833064949007,20.336822329575952,5.562265163714439,0.18115942028985507,3.670155662909286,1.8384326355340848
222,39.98926462694579,3.603059581320451,18.16290928609769,6.6827697262479875,20.088566827697264,5.656199677938808,0.18115942028985507,3.670155662909286,1.9659151905528718
223,40.11674718196457,3.569511540526033,18.14278046162104,6.649221685453569,20.068438003220614,5.656199677938808,0.18115942028985507,3.6500268384326353,1.9659151905528718
224,40.19055287171229,3.569511540526033,18.14278046162104,6.649221685453569,20.021470746108427,5.629361245303274,0.18115942028985507,3.6500268384326353,1.9659151905528718
225,40.5931293612453,3.4151905528717124,18.109232420826622,6.615673644659152,19.940955448201827,5.589103596349974,0.18115942028985507,3.616478797638218,1.9390767579173376
226,40.82125603864734,3.4151905528717124,17.96833064949007,6.91760601180891,19.665861513687602,5.522007514761138,0.18115942028985507,3.5762211486849167,1.932367149758454
227,40.955448201825014,3.3816425120772946,17.941492216854535,6.91760601180891,19.6256038647343,5.488459473966721,0.18115942028985507,3.5762211486849167,1.932367149758454
228,41.06280193236715,3.3816425120772946,17.887815351583466,6.91760601180891,19.57192699946323,5.488459473966721,0.18115942028985507,3.5762211486849167,1.932367149758454
229,40.33145464304884,2.999194847020934,17.867686527106816,6.729736983360172,20.90042941492217,5.340848094471283,0.18115942028985507,3.717122920021471,1.932367149758454
230,40.57971014492754,2.952227589908749,17.74020397208803,6.729736983360172,20.82662372517445,5.340848094471283,0.18115942028985507,3.717122920021471,1.932367149758454
231,40.78770799785293,2.952227589908749,17.619431025228128,6.702898550724638,20.7662372517445,5.340848094471283,0.18115942028985507,3.717122920021471,1.932367149758454
232,41.0024154589372,2.952227589908749,17.54562533548041,6.6827697262479875,20.551529790660226,5.3341384863123995,0.18115942028985507,3.8177670424047236,1.932367149758454
233,41.46537842190016,2.952227589908749,17.330917874396135,6.575415995705851,20.52469135802469,5.320719269994632,0.18115942028985507,3.784219001610306,1.865271068169619
234,41.63311862587225,2.952227589908749,17.330917874396135,6.521739130434782,20.437466451959207,5.293880837359098,0.18115942028985507,3.784219001610306,1.865271068169619
235,41.91492216854536,2.932098765432099,17.257112184648417,6.515029522275899,20.29656468062265,5.253623188405797,0.18115942028985507,3.784219001610306,1.865271068169619
236,42.23698336017176,2.932098765432099,17.21014492753623,6.421095008051529,20.155662909286097,5.226784755770263,0.18115942028985507,3.770799785292539,1.865271068169619
237,42.76033279656468,2.9253891572732154,17.01556629092861,6.394256575415996,19.96779388083736,5.179817498658078,0.18115942028985507,3.770799785292539,1.8048845947396672
238,37.15780998389694,2.9253891572732154,13.33870101986044,5.703166935050993,31.602254428341386,4.26731078904992,0.08722490606548577,3.6902844873859366,1.2278582930756843
239,37.31213097155126,2.9253891572732154,13.258185721953838,5.703166935050993,31.53515834675255,4.26731078904992,0.08722490606548577,3.683574879227053,1.2278582930756843
240,36.574074074074076,2.9253891572732154,13.24476650563607,5.562265163714439,32.46108427267848,4.26731078904992,0.08722490606548577,3.6500268384326353,1.2278582930756843
241,37.11755233494364,2.9253891572732154,13.056897477187333,5.535426731078905,32.23295759527644,4.26731078904992,0.08722490606548577,3.549382716049383,1.2278582930756843
242,37.35238862050456,2.9119699409554483,13.01663982823403,5.508588298443371,32.078636607622116,4.26731078904992,0.08722490606548577,3.549382716049383,1.2278582930756843
243,37.734836285560924,2.9119699409554483,12.95625335480408,5.508588298443371,31.796833064949006,4.26731078904992,0.08722490606548577,3.5091250670960816,1.2278582930756843
244,37.84219001610306,2.9119699409554483,12.95625335480408,5.508588298443371,31.723027375201287,4.26731078904992,0.08722490606548577,3.475577026301664,1.2278582930756843
245,38.21121846484165,2.8515834675254963,12.909286097691895,5.475040257648954,31.54186795491143,4.240472356414386,0.08722490606548577,3.455448201825013,1.2278582930756843
246,38.35212023617821,2.8515834675254963,12.882447665056361,5.475040257648954,31.44122383252818,4.240472356414386,0.08722490606548577,3.4420289855072466,1.2278582930756843
247,38.71443907675792,2.8515834675254963,12.869028448738593,5.46833064949007,31.09903381642512,4.240472356414386,0.08722490606548577,3.4420289855072466,1.2278582930756843
248,38.989533011272144,2.8515834675254963,12.842190016103059,5.407944176060118,30.96484165324745,4.186795491143317,0.08722490606548577,3.4420289855072466,1.2278582930756843
249,39.190821256038646,2.8515834675254963,12.842190016103059,5.35426731078905,30.83064949006978,4.233762748255502,0.08722490606548577,3.3816425120772946,1.2278582930756843
250,39.60010735373054,2.7308105206655933,12.828770799785293,5.35426731078905,30.629361245303276,4.193505099302201,0.08722490606548577,3.3011272141706924,1.2748255501878691
