,45,50,51,52,54,55,53,56,57
0,100.0,,,,,,,,
1,98.01395598497048,1.9860440150295222,,,,,,,
2,72.5174449812131,18.33064949006978,9.151905528717123,,,,,,
3,62.3792270531401,28.415190552871714,9.03113258185722,0.17444981213097155,,,,,
4,39.452495974235106,50.375738056897475,9.997316156736447,0.17444981213097155,,,,,
5,38.57353730542136,51.25469672571122,8.816425120772946,0.17444981213097155,1.1808910359634996,,,,
6,38.45276435856146,51.25469672571122,6.266774020397209,0.17444981213097155,3.851315083199141,,,,
7,38.191089640365,45.08185721953838,11.956521739130435,1.5096618357487923,3.260869565217391,,,,
8,37.17122920021471,46.14868491680086,11.922973698336017,1.4962426194310252,3.260869565217391,,,,
9,37.25845410628019,45.93397745571659,11.922973698336017,1.4962426194310252,3.260869565217391,0.1274825550187869,,,
10,37.34567901234568,42.68652710681696,11.876006441223833,1.4962426194310252,3.2474503488996245,0.1274825550187869,3.2206119162640903,,
11,37.39264626945786,41.94176060118089,11.876006441223833,1.4962426194310252,3.2474503488996245,0.1274825550187869,3.9184111647879765,,
12,34.43370907139023,36.52710681696189,22.69189479334407,1.4962426194310252,3.2474503488996245,0.1274825550187869,1.4761137949543746,,
13,34.90338164251208,36.15807836822329,22.685185185185187,1.4962426194310252,3.166935050993022,0.1274825550187869,1.4626945786366077,,
14,34.60144927536232,36.2385936661299,21.504294149221685,1.4962426194310252,3.166935050993022,0.1274825550187869,1.5633387010198605,1.3016639828234031,
15,34.15861513687601,35.41331186258722,21.504294149221685,2.6301663982823404,3.166935050993022,0.2616747181964573,1.5633387010198605,1.3016639828234031,
16,33.78958668813741,35.52066559312936,21.497584541062803,2.6033279656468062,3.140096618357488,0.6172839506172839,1.5297906602254427,1.3016639828234031,
17,33.93048845947396,35.15163714439077,20.947396672034355,2.6033279656468062,3.140096618357488,0.966183574879227,1.5297906602254427,1.7310789049919484,
18,33.74932903918411,35.35292538915727,20.833333333333332,2.6033279656468062,3.140096618357488,0.966183574879227,1.5297906602254427,1.8250134192163177,
19,31.944444444444443,33.3467525496511,24.664519592055825,2.5966183574879227,3.140096618357488,0.966183574879227,1.5297906602254427,1.8115942028985508,
20,29.488727858293075,34.50751476113795,24.261943102522814,2.5966183574879227,3.126677402039721,1.2681159420289856,2.9388083735909825,1.8115942028985508,
21,25.140901771336555,37.70799785292539,23.05421363392378,2.5966183574879227,3.126677402039721,1.2681159420289856,5.548845947396672,1.556629092860977,
22,19.26328502415459,49.8389694041868,18.4044551798175,1.402308105206656,3.3950617283950617,0.630703166935051,5.58239398819109,1.482823403113258,
23,18.12265163714439,48.01395598497048,21.578099838969404,1.402308105206656,3.3950617283950617,0.630703166935051,5.374396135265701,1.482823403113258,
24,16.552603327965645,52.361782071927,17.887815351583466,1.402308105206656,3.1333870101986045,2.01959205582394,5.159688674181428,1.482823403113258,
25,16.61969940955448,52.321524422973695,17.860976918947934,1.402308105206656,3.1333870101986045,2.01959205582394,5.159688674181428,1.482823403113258,
26,16.76731078904992,50.79173376274826,17.787171229200215,1.402308105206656,3.3279656468062266,3.280998389694042,5.159688674181428,1.482823403113258,
27,17.07595276435856,50.40257648953301,17.673107890499196,1.402308105206656,3.3279656468062266,3.502415458937198,5.132850241545894,1.482823403113258,
28,17.08937198067633,50.15432098765432,17.632850241545892,1.402308105206656,3.3279656468062266,3.7775093934514223,5.132850241545894,1.482823403113258,
29,17.330917874396135,50.28851315083199,17.485238862050455,1.402308105206656,3.180354267310789,3.7775093934514223,5.052334943639291,1.482823403113258,
30,17.60601180891036,50.15432098765432,17.47181964573269,1.402308105206656,3.180354267310789,3.6634460547504024,5.038915727321524,1.482823403113258,
31,17.673107890499196,49.16800858829844,17.404723564143854,1.402308105206656,4.562533548040794,3.9452495974235107,4.361245303274289,1.482823403113258,
32,16.794149221685455,45.511272141706925,17.975040257648953,1.402308105206656,5.2066559312936125,7.266505636070853,4.361245303274289,1.482823403113258,
33,17.143048845947398,45.42404723564144,17.92807300053677,1.402308105206656,5.2066559312936125,7.212828770799785,4.213633923778851,1.4694041867954912,
34,17.58588298443371,45.330112721417066,17.894524959742352,1.402308105206656,5.2066559312936125,7.212828770799785,3.898282340311326,1.4694041867954912,
35,15.378421900161031,34.25925925925926,16.49892646269458,13.895598497047773,5.159688674181428,6.179549114331723,7.159151905528717,1.4694041867954912,
36,15.405260332796564,34.252549651100374,16.478797638217927,13.895598497047773,5.159688674181428,6.179549114331723,7.159151905528717,1.4694041867954912,
37,15.405260332796564,34.252549651100374,16.478797638217927,12.889157273215245,5.159688674181428,6.179549114331723,8.165593129361245,1.4694041867954912,
38,15.5126140633387,34.225711218464845,16.404991948470208,12.889157273215245,5.159688674181428,6.172839506172839,8.165593129361245,1.4694041867954912,
39,15.619967793880837,34.19887278582931,16.384863123993558,12.74825550187869,5.0993022007514766,6.172839506172839,8.165593129361245,1.4694041867954912,0.14090177133655393
40,15.854804079441761,33.95061728395062,16.17686527106817,12.72812667740204,5.0993022007514766,6.414385399892646,8.165593129361245,1.4694041867954912,0.14090177133655393
41,16.163446054750402,33.17230273752013,16.17686527106817,11.11111111111111,5.0993022007514766,5.46833064949007,11.211755233494364,1.4694041867954912,0.1274825550187869
42,13.6808910359635,38.38566827697262,14.754428341384862,9.789318303811058,5.0993022007514766,5.46833064949007,11.352657004830919,1.4694041867954912,
43,14.15727321524423,38.24476650563607,14.720880300590446,9.728931830381105,5.0993022007514766,5.374396135265701,11.20504562533548,1.4694041867954912,
44,14.278046162104133,38.137412775093935,14.707461084272678,9.728931830381105,5.0993022007514766,5.374396135265701,11.20504562533548,1.4694041867954912,
45,14.371980676328503,38.016639828234034,14.606816961889425,10.057702630166398,5.0993022007514766,5.367686527106817,11.010466988727858,1.4694041867954912,
46,14.620236178207193,36.69484702093398,14.472624798711756,10.02415458937198,5.032206119162641,5.146269457863661,12.5402576489533,1.4694041867954912,
47,13.66076221148685,31.353998926462694,28.341384863123995,9.104938271604938,5.314009661835748,2.38191089640365,9.480676328502415,0.36231884057971014,
48,13.754696725711218,31.32716049382716,26.898819108964037,9.104938271604938,5.287171229200215,2.38191089640365,11.010466988727858,0.23483628556092323,
49,11.56736446591519,31.642512077294686,26.73107890499195,9.104938271604938,5.287171229200215,4.334406870638754,10.976918947933441,0.35560923242082665,
50,11.60762211486849,31.629092860976918,26.73107890499195,9.078099838969404,5.287171229200215,4.334406870638754,10.976918947933441,0.35560923242082665,
51,11.990069779924852,31.629092860976918,26.570048309178745,9.03113258185722,5.213365539452496,4.334406870638754,10.876274825550189,0.35560923242082665,
52,12.151100375738057,31.629092860976918,26.570048309178745,9.03113258185722,5.213365539452496,4.294149221685454,10.755501878690284,0.35560923242082665,
53,12.426194310252281,31.629092860976918,26.46940418679549,8.903650026838433,5.166398282340311,4.294149221685454,10.755501878690284,0.35560923242082665,
54,12.352388620504563,31.548577563070317,26.684111647879764,8.883521202361782,5.152979066022544,4.26731078904992,10.755501878690284,0.35560923242082665,
55,12.453032742887816,31.394256575415994,26.643853998926463,8.883521202361782,5.139559849704777,4.40150295222759,10.72866344605475,0.35560923242082665,
56,12.694578636607622,31.394256575415994,26.39559849704777,8.883521202361782,5.119431025228127,4.582662372517445,10.674986580783683,0.2549651100375738,
57,12.922705314009661,31.333870101986044,25.831991411701555,8.876811594202898,5.119431025228127,4.582662372517445,10.668276972624799,0.6642512077294686,
58,13.077026301663983,30.173107890499196,24.9194847020934,7.917337627482555,5.112721417069243,4.582662372517445,13.553408480944713,0.6642512077294686,
59,12.493290391841116,23.483628556092324,36.40633387010199,7.065217391304348,4.7638217928073,4.327697262479871,10.795759527643586,0.6642512077294686,
60,12.5402576489533,23.289049919484704,33.09849704777241,7.065217391304348,4.7638217928073,4.502147074610843,10.7085346215781,4.032474503488996,
61,12.869028448738593,23.19511540526033,33.071658615136876,7.03166935050993,4.750402576489533,4.502147074610843,10.547504025764896,4.032474503488996,
62,12.567096081588835,23.557434245840042,33.011272141706925,7.03166935050993,4.750402576489533,4.502147074610843,10.547504025764896,4.032474503488996,
63,13.097155126140633,23.523886205045624,32.72275899087493,6.984702093397746,4.74369296833065,4.40150295222759,10.493827160493828,4.032474503488996,
64,13.103864734299517,23.523886205045624,32.400697799248526,6.984702093397746,5.072463768115942,4.388083735909823,10.849436392914654,3.6768652710681695,
65,13.325281803542673,21.786097691894792,32.23295759527644,6.890767579173376,5.072463768115942,4.045893719806763,12.969672571121846,3.6768652710681695,
66,13.24476650563607,21.786097691894792,31.82367149758454,6.890767579173376,4.5960815888352125,4.045893719806763,13.841921631776705,3.770799785292539,
67,13.144122383252817,21.70558239398819,32.018250134192165,6.877348362855609,4.5960815888352125,4.045893719806763,13.841921631776705,3.770799785292539,
68,13.513150831991412,21.70558239398819,31.830381105743424,6.877348362855609,4.5960815888352125,4.045893719806763,13.714439076757918,3.717122920021471,
69,13.694310252281268,21.66532474503489,31.830381105743424,6.877348362855609,4.5960815888352125,4.045893719806763,13.506441223832528,3.784219001610306,
70,13.942565754159958,21.504294149221685,31.796833064949006,6.850509930220075,4.5960815888352125,4.019055287171229,13.506441223832528,3.784219001610306,
71,13.895598497047773,20.987654320987655,31.608964036500268,7.803274288781535,4.5960815888352125,4.019055287171229,13.331991411701557,3.7573805689747717,
72,14.036500268384327,20.249597423510465,31.608964036500268,9.044551798174986,4.49543746645196,3.9720880300590444,12.835480407944177,3.7573805689747717,
73,13.788244766505636,17.64626945786366,34.044551798174986,10.138217928073,4.441760601180891,3.797638217928073,12.385936661298981,3.7573805689747717,
74,14.103596349973161,17.612721417069242,33.95061728395062,10.030864197530864,4.441760601180891,3.770799785292539,12.332259796027913,3.7573805689747717,
75,14.465915190552872,17.60601180891036,33.84997316156736,9.037842190016104,4.428341384863124,4.49543746645196,12.359098228663447,3.7573805689747717,
76,14.579978529253891,17.505367686527105,33.561460010735374,8.950617283950617,4.320987654320987,4.810789049919484,12.325550187869029,3.9452495974235107,
77,14.821524422973699,17.398013955984972,33.467525496511,8.93719806763285,4.314278046162104,4.790660225442834,12.325550187869029,3.9452495974235107,
78,14.868491680085883,16.955179817498657,33.071658615136876,8.809715512614064,3.207192699946323,4.703435319377348,14.331723027375201,4.052603327965647,
79,15.24422973698336,16.680085882984432,33.011272141706925,8.809715512614064,3.207192699946323,4.669887278582931,14.325013419216317,4.052603327965647,
80,15.465646806226516,16.680085882984432,32.809983896940416,8.809715512614064,3.207192699946323,4.669887278582931,14.325013419216317,4.032474503488996,
81,15.08990874932904,16.67337627482555,32.045088566827694,8.776167471819646,3.207192699946323,4.669887278582931,15.593129361245303,3.9452495974235107,
82,15.271068169618895,16.505636070853463,33.2662372517445,8.662104133118627,3.515834675254965,4.549114331723027,14.31159420289855,3.9184111647879765,
83,10.903113258185721,23.65136876006441,32.427536231884055,8.507783145464305,3.207192699946323,4.549114331723027,12.835480407944177,3.9184111647879765,
84,11.05072463768116,23.64465915190553,32.25979602791197,8.440687063875469,3.207192699946323,4.522275899087493,12.795222758990874,4.079441760601181,
85,11.131239935587761,23.470209339774556,32.2463768115942,8.413848631239935,3.207192699946323,4.656468062265164,12.795222758990874,4.079441760601181,
86,10.38647342995169,16.881374127750938,36.24530327428878,15.49248523886205,3.2004830917874396,3.307836822329576,11.305689747718732,3.180354267310789,
87,10.540794417606012,16.881374127750938,35.82259796027912,15.485775630703166,3.2004830917874396,3.307836822329576,11.305689747718732,3.455448201825013,
88,10.802469135802468,16.881374127750938,35.49382716049383,15.391841116478798,3.2004830917874396,3.307836822329576,11.272141706924316,3.6500268384326353,
89,10.876274825550189,16.881374127750938,35.44015029522276,15.237520128824476,3.193773483628556,3.44873859366613,11.272141706924316,3.6500268384326353,
90,11.030595813204508,16.80756843800322,35.43344068706388,15.163714439076758,3.193773483628556,3.589640365002684,11.131239935587761,3.6500268384326353,
91,11.439881910896403,16.700214707461082,35.38647342995169,15.029522275899087,3.193773483628556,3.556092324208266,11.044015029522276,3.6500268384326353,
92,11.956521739130435,16.680085882984432,35.12479871175523,14.982555018786902,3.193773483628556,3.556092324208266,10.876274825550189,3.629898013955985,
93,10.399892646269459,15.861513687600644,40.687063875469676,16.297638217928075,1.2815351583467525,3.3011272141706924,7.461084272678476,4.7101449275362315,
94,10.02415458937198,15.821256038647343,42.7536231884058,15.331454643048845,0.8722490606548577,3.3011272141706924,7.461084272678476,4.435050993022007,
95,10.748792270531402,15.526033279656469,42.639559849704774,14.210950080515298,0.8722490606548577,3.3011272141706924,8.266237251744498,4.435050993022007,
96,10.976918947933441,15.526033279656469,42.411433172302736,14.210950080515298,0.8722490606548577,3.3011272141706924,8.266237251744498,4.435050993022007,
97,11.178207192699947,15.519323671497585,42.21685453569511,14.210950080515298,0.8722490606548577,3.3011272141706924,8.266237251744498,4.435050993022007,
98,11.486849168008588,15.519323671497585,42.028985507246375,14.210950080515298,0.8722490606548577,3.180354267310789,8.266237251744498,4.435050993022007,
99,11.681427804616211,15.24422973698336,41.646537842190014,14.204240472356414,0.8722490606548577,3.3950617283950617,8.266237251744498,4.690016103059581,
100,12.124261943102523,15.116747181964573,41.237251744498124,14.204240472356414,0.9997316156736447,3.3950617283950617,8.246108427267847,4.676596886741814,
101,12.245034889962426,14.553140096618357,40.82125603864734,14.325013419216317,1.8988191089640365,3.2340311325818574,8.246108427267847,4.676596886741814,
102,12.204777241009126,14.553140096618357,40.86151368760064,14.325013419216317,1.8988191089640365,3.2340311325818574,8.246108427267847,4.676596886741814,
103,12.432903918411165,14.486044015029522,39.331723027375205,14.204240472356414,1.8988191089640365,4.777241009125067,8.225979602791197,4.643048845947397,
104,12.567096081588835,14.452495974235104,39.27804616210413,14.17740203972088,1.8988191089640365,4.777241009125067,8.205850778314547,4.643048845947397,
105,12.95625335480408,14.452495974235104,39.19753086419753,13.969404186795492,1.8988191089640365,4.750402576489533,8.132045088566828,4.643048845947397,
106,13.063607085346217,14.371980676328503,38.43263553408481,13.92914653784219,2.0128824476650564,4.683306494900698,8.085077831454644,5.421363392377885,
107,13.372249060654857,14.371980676328503,38.14412238325282,13.92914653784219,2.0128824476650564,4.663177670424047,8.085077831454644,5.421363392377885,
108,12.72812667740204,14.358561460010735,36.312399355877616,13.92914653784219,2.0128824476650564,7.206119162640902,8.05823939881911,5.394524959742351,
109,13.036768652710682,14.338432635534085,36.18491680085883,13.882179280730005,1.9524959742351047,7.14573268921095,8.064949006977992,5.394524959742351,
110,13.217928073000536,14.231078904991948,35.42673107890499,13.882179280730005,3.2675791733762747,7.078636607622115,7.669082125603865,5.226784755770263,
111,13.493022007514762,14.224369296833064,35.41331186258722,13.741277509393452,3.2206119162640903,7.018250134192163,7.6623725174449815,5.226784755770263,
112,13.808373590982287,14.036500268384327,35.319377348362856,13.727858293075684,3.2206119162640903,7.018250134192163,7.6623725174449815,5.2066559312936125,
113,14.009661835748792,14.002952227589908,35.258990874932906,13.727858293075684,3.1199677938808374,7.018250134192163,7.6556629092860975,5.2066559312936125,
114,14.13714439076758,13.989533011272142,34.93022007514761,13.707729468599034,3.3480944712828773,7.011540526033279,7.6556629092860975,5.22007514761138,
115,14.512882447665056,13.868760064412239,34.76247987117552,13.694310252281268,3.3480944712828773,7.004830917874396,7.628824476650563,5.179817498658078,
116,14.620236178207193,13.868760064412239,34.70209339774557,13.694310252281268,3.3480944712828773,6.984702093397746,7.628824476650563,5.152979066022544,
117,14.935587761674718,13.633923778851315,34.66854535695116,13.674181427804616,3.3480944712828773,6.984702093397746,7.601986044015029,5.152979066022544,
118,14.962426194310252,13.620504562533547,34.01771336553945,13.647342995169081,3.3480944712828773,6.595544820182502,8.091787439613526,5.71658615136876,
119,14.566559312936125,13.613794954374665,35.47369833601718,13.647342995169081,3.33467525496511,6.521739130434782,7.246376811594203,5.595813204508857,
120,14.61352657004831,13.607085346215781,35.44015029522276,13.647342995169081,3.33467525496511,6.521739130434782,7.246376811594203,5.589103596349974,
121,14.016371443907676,13.580246913580247,37.31213097155126,13.519860440150294,3.717122920021471,6.387546967257112,5.938003220611916,5.528717122920021,
122,14.15727321524423,13.533279656468062,36.90955448201825,13.506441223832528,4.388083735909823,6.360708534621578,5.938003220611916,5.2066559312936125,
123,14.204240472356414,13.533279656468062,36.862587224906065,13.506441223832528,4.388083735909823,6.360708534621578,5.938003220611916,5.2066559312936125,
124,14.36527106816962,13.399087493290391,36.822329575952764,13.506441223832528,4.388083735909823,6.353998926462695,5.964841653247451,5.199946323134729,
125,14.418947933440688,13.311862587224907,36.74852388620504,13.43263553408481,4.851046698872786,6.213097155126141,5.8239398819108965,5.199946323134729,
126,14.2914653784219,13.311862587224907,35.99704777241009,14.78797638217928,4.522275899087493,6.179549114331723,5.8239398819108965,5.0858829844337095,
127,14.761137949543746,13.285024154589372,35.889694041867955,14.78797638217928,4.488727858293076,5.917874396135265,5.8239398819108965,5.045625335480408,
128,15.083199141170155,13.24476650563607,35.621309715512616,14.78797638217928,4.4820182501341925,5.917874396135265,5.8239398819108965,5.038915727321524,
129,15.190552871712292,13.24476650563607,35.61460010735373,14.76784755770263,4.4820182501341925,5.837359098228664,5.8239398819108965,5.038915727321524,
130,15.230810520665592,13.211218464841654,35.61460010735373,14.76784755770263,4.4820182501341925,5.83064949006978,5.8239398819108965,5.038915727321524,
131,15.485775630703166,13.177670424047236,35.52066559312936,14.74771873322598,4.4820182501341925,5.83064949006978,5.756843800322061,4.998658078368224,
132,15.74074074074074,13.036768652710682,35.41331186258722,14.65378421900161,4.468599033816425,5.971551261406334,5.756843800322061,4.958400429414922,
133,15.45222758990875,12.453032742887816,35.279119699409556,16.324476650563607,4.468599033816425,5.656199677938808,5.407944176060118,4.958400429414922,
134,15.92860976918948,12.385936661298981,35.27241009125067,16.23725174449812,4.468599033816425,5.656199677938808,5.394524959742351,4.656468062265164,
135,16.11647879763822,12.385936661298981,34.896672034353195,16.190284487385938,4.468599033816425,5.629361245303274,5.387815351583468,4.924852388620504,
136,16.364734299516908,12.365807836822329,34.66183574879227,16.10305958132045,4.468599033816425,5.622651637144391,5.387815351583468,5.025496511003757,
137,16.666666666666668,12.338969404186795,34.5276435856146,16.056092324208265,4.468599033816425,5.622651637144391,5.381105743424584,4.938271604938271,
138,16.70692431561997,12.332259796027913,33.77616747181965,16.015834675254965,4.327697262479871,6.5552871712292005,5.367686527106817,4.918142780461621,
139,16.78743961352657,12.27187332259796,33.77616747181965,16.009125067096083,4.320987654320987,6.5485775630703165,5.367686527106817,4.918142780461621,
140,16.961889425657542,12.13768115942029,33.73590982286635,16.009125067096083,4.320987654320987,6.5485775630703165,5.367686527106817,4.918142780461621,
141,17.163177670424048,12.077294685990339,32.71604938271605,15.868223295759528,4.320987654320987,6.5485775630703165,6.347289318303811,4.830917874396135,0.1274825550187869
142,16.49892646269458,12.077294685990339,30.589103596349972,20.477724100912507,4.072732152442297,5.233494363929147,6.327160493827161,4.5960815888352125,0.1274825550187869
143,16.478797638217927,12.077294685990339,29.54911433172303,20.33011272141707,4.072732152442297,5.233494363929147,7.568438003220612,4.562533548040794,0.1274825550187869
144,16.532474503488995,12.077294685990339,29.54911433172303,20.276435856146,4.072732152442297,5.233494363929147,7.568438003220612,4.562533548040794,0.1274825550187869
145,15.794417606011809,12.00348899624262,28.247450348899623,24.36929683306495,4.072732152442297,4.42163177670424,7.2933440687063875,3.670155662909286,0.1274825550187869
146,15.593129361245303,11.862587224906065,28.039452495974235,24.93961352657005,4.052603327965647,4.42163177670424,7.2933440687063875,3.670155662909286,0.1274825550187869
147,15.754159957058508,11.81561996779388,28.019323671497585,24.93961352657005,4.019055287171229,4.361245303274289,7.2933440687063875,3.670155662909286,0.1274825550187869
148,15.83467525496511,11.81561996779388,28.005904455179817,24.872517444981213,4.019055287171229,4.361245303274289,7.2933440687063875,3.670155662909286,0.1274825550187869
149,15.841384863123993,11.81561996779388,27.563070316693505,24.84567901234568,3.9452495974235107,4.361245303274289,7.273215244229737,4.2270531400966185,0.1274825550187869
150,15.901771336553946,11.77536231884058,27.563070316693505,24.825550187869027,3.9452495974235107,4.361245303274289,7.273215244229737,4.2270531400966185,0.1274825550187869
151,16.002415458937197,11.728395061728396,27.42216854535695,24.825550187869027,3.9452495974235107,4.3545356951154055,7.253086419753086,4.341116478797638,0.1274825550187869
152,14.600107353730541,10.943370907139023,34.19216317767042,22.034353193773484,3.3682232957595275,4.4820182501341925,6.0587761674718195,4.320987654320987,
153,14.942297369833602,10.943370907139023,33.943907675791735,21.91358024691358,3.3682232957595275,4.542404723564144,6.025228126677402,4.320987654320987,
154,15.083199141170155,10.903113258185721,33.87010198604401,21.91358024691358,3.3682232957595275,4.542404723564144,5.998389694041868,4.320987654320987,
155,15.237520128824476,10.084541062801932,33.8365539452496,21.74584004294149,4.488727858293076,4.300858829844337,5.998389694041868,4.30756843800322,
156,15.391841116478798,10.084541062801932,33.82984433709071,21.732420826623724,4.488727858293076,4.300858829844337,5.991680085882985,4.180085882984434,
157,15.526033279656469,9.943639291465379,33.51449275362319,21.631776704240472,4.488727858293076,4.783950617283951,5.991680085882985,4.119699409554482,
158,15.593129361245303,9.91009125067096,33.48765432098765,21.390230810520666,4.4820182501341925,5.032206119162641,5.984970477724101,4.119699409554482,
159,15.049651100375739,9.883252818035427,31.689479334406872,21.24261943102523,7.4141170155662905,4.757112184648417,5.984970477724101,3.978797638217928,
160,14.88191089640365,9.86983360171766,30.763553408480945,21.195652173913043,8.796296296296296,4.757112184648417,5.924584004294149,3.81105743424584,
161,14.80810520665593,9.158615136876007,30.71658615136876,21.195652173913043,8.796296296296296,4.757112184648417,6.756575415995706,3.81105743424584,
162,15.311325818572195,9.098228663446054,29.55582393988191,21.926999463231347,8.61513687600644,4.74369296833065,6.857219538378959,3.8915727321524423,
163,15.485775630703166,9.03113258185722,29.844337090713903,21.651905528717123,8.59500805152979,4.575952764358561,6.790123456790123,4.025764895330113,
164,15.962157809983896,8.876811594202898,29.777241009125067,21.490874932903917,8.568169618894256,4.575952764358561,6.723027375201288,4.025764895330113,
165,16.109769189479334,8.849973161567364,29.757112184648417,21.16881374127751,8.541331186258722,4.508856682769726,6.723027375201288,4.341116478797638,
166,16.33118625872249,8.849973161567364,29.663177670424048,21.135265700483092,8.541331186258722,4.508856682769726,6.655931293612453,4.314278046162104,
167,16.51905528717123,8.849973161567364,29.53569511540526,21.135265700483092,8.521202361782072,4.508856682769726,6.615673644659152,4.314278046162104,
168,16.686795491143318,8.789586688137414,29.51556629092861,21.115136876006442,8.454106280193237,4.508856682769726,6.615673644659152,4.314278046162104,
169,16.834406870638755,8.769457863660762,29.461889425657542,21.068169618894256,8.433977455716587,4.508856682769726,6.608964036500268,4.314278046162104,
170,16.901502952227588,8.76274825550188,29.448470209339774,21.048040794417606,8.487654320987655,4.508856682769726,6.608964036500268,4.233762748255502,
171,16.928341384863124,8.608427267847558,28.764090177133657,20.873590982286636,9.50751476113795,4.636339237788513,6.5485775630703165,4.133118625872249,
172,17.11621041331186,8.608427267847558,28.764090177133657,20.8064949006978,9.46725711218465,4.636339237788513,6.5485775630703165,4.052603327965647,
173,16.129898013955984,8.004562533548041,27.556360708534623,20.78636607622115,12.620772946859903,4.441760601180891,6.515029522275899,3.9452495974235107,
174,16.19699409554482,7.991143317230274,26.496242619431026,20.75281803542673,12.580515297906603,5.595813204508857,6.494900697799249,3.8915727321524423,
175,16.317767042404725,7.971014492753623,26.27482555018787,20.564949006977994,12.580515297906603,5.938003220611916,6.494900697799249,3.8580246913580245,
176,16.431830381105744,7.971014492753623,26.227858293075684,20.336822329575952,12.5402576489533,6.179549114331723,6.468062265163715,3.844605475040258,
177,16.61969940955448,7.930756843800322,26.147342995169083,20.26972624798712,12.5402576489533,6.179549114331723,6.468062265163715,3.844605475040258,
178,17.10950080515298,7.722758990874933,25.979602791196996,20.162372517444982,12.654320987654321,6.072195383789587,6.468062265163715,3.8311862587224907,
179,17.20343531937735,7.722758990874933,25.95276435856146,20.135534084809446,12.654320987654321,6.0654857756307035,6.447933440687064,3.8177670424047236,
180,17.411433172302736,7.722758990874933,25.865539452495973,20.034889962426195,12.654320987654321,6.0654857756307035,6.427804616210413,3.8177670424047236,
181,17.424852388620504,7.722758990874933,25.85212023617821,20.034889962426195,12.654320987654321,6.0654857756307035,6.427804616210413,3.8177670424047236,
182,17.357756307031668,7.360440150295223,25.738056897477186,19.370638754696724,12.446323134728932,6.0654857756307035,7.843531937734836,3.8177670424047236,
183,17.639559849704778,7.326892109500805,25.657541599570585,19.26328502415459,12.432903918411165,6.0587761674718195,7.803274288781535,3.8177670424047236,
184,17.827428878153516,7.313472893183038,25.583735909822867,19.26328502415459,12.332259796027913,6.0587761674718195,7.803274288781535,3.8177670424047236,
185,17.98174986580784,7.212828770799785,25.5703166935051,19.236446591519055,12.318840579710145,6.0587761674718195,7.803274288781535,3.8177670424047236,
186,17.773752012882447,7.185990338164252,25.670960815888353,19.061996779388085,12.117552334943639,5.595813204508857,8.776167471819646,3.8177670424047236,
187,18.4849704777241,7.185990338164252,25.597155126140635,18.9747718733226,12.110842726784755,5.595813204508857,8.400429414922169,3.6500268384326353,
188,18.531937734836287,7.185990338164252,25.187869028448738,18.679549114331724,12.084004294149223,5.595813204508857,9.091519055287172,3.643317230273752,
189,18.82716049382716,7.185990338164252,24.973161567364468,17.780461621041333,12.030327428878154,5.515297906602254,10.453569511540525,3.2340311325818574,
190,19.008319914117017,7.132313472893183,24.912775093934513,17.780461621041333,11.996779388083736,5.495169082125604,10.44015029522276,3.2340311325818574,
191,19.16935050993022,7.125603864734299,24.825550187869027,17.733494363929147,11.996779388083736,5.381105743424584,10.44015029522276,3.3279656468062266,
192,19.32367149758454,7.03166935050993,24.825550187869027,17.733494363929147,11.936392914653783,5.381105743424584,10.44015029522276,3.3279656468062266,
193,19.565217391304348,6.977992485238862,24.792002147074612,17.733494363929147,11.922973698336017,5.367686527106817,10.339506172839506,3.3011272141706924,
194,19.538378958668815,6.977992485238862,24.751744498121308,17.68652710681696,11.902844873859367,5.542136339237788,10.312667740203972,3.2877079978529253,
195,19.639023081052066,6.937734836285561,24.751744498121308,17.68652710681696,11.842458400429415,5.542136339237788,10.312667740203972,3.2877079978529253,
196,19.51154052603328,6.937734836285561,24.590713902308106,17.68652710681696,11.842458400429415,5.656199677938808,10.312667740203972,3.4621578099838968,
197,19.363929146537842,6.9243156199677935,24.168008588298445,17.68652710681696,11.735104669887278,5.629361245303274,11.614331723027375,2.8784219001610305,
198,19.598765432098766,6.9243156199677935,24.14787976382179,17.612721417069242,11.721685453569512,5.60252281266774,11.60762211486849,2.7844873859366612,
199,19.404186795491142,6.206387546967257,24.12104133118626,18.733225979602793,11.668008588298443,5.522007514761138,11.560654857756306,2.7844873859366612,
200,19.49812130971551,6.0587761674718195,24.08749329039184,18.63929146537842,11.922973698336017,5.4616210413311865,11.54723564143854,2.7844873859366612,
201,19.585346215780998,6.0587761674718195,24.02710681696189,18.63929146537842,11.922973698336017,5.4616210413311865,11.520397208803006,2.7844873859366612,
202,19.41760601180891,6.0587761674718195,24.013687600644122,19.840311325818572,10.903113258185721,5.4616210413311865,11.520397208803006,2.7844873859366612,
203,19.55179817498658,6.0587761674718195,23.939881910896403,19.826892109500804,10.88298443370907,5.4616210413311865,11.493558776167472,2.7844873859366612,
204,19.766505636070853,6.0587761674718195,23.832528180354267,19.82018250134192,10.789049919484702,5.4616210413311865,11.493558776167472,2.7777777777777777,
205,20.12211486849168,6.0587761674718195,23.805689747718734,19.672571121846484,10.654857756307031,5.4616210413311865,11.446591519055287,2.7777777777777777,
206,20.242887815351583,6.0587761674718195,23.792270531400966,19.64573268921095,10.815888352120236,5.441492216854535,11.245303274288782,2.757648953301127,
207,19.243156199677937,4.998658078368224,23.67149758454106,21.91358024691358,11.05072463768116,5.441492216854535,11.057434245840042,2.623456790123457,
208,19.57192699946323,4.978529253891573,23.564143853998928,21.83977455716586,10.983628556092324,5.441492216854535,10.889694041867955,2.7308105206655933,
209,19.538378958668815,4.74369296833065,23.45679012345679,22.134997316156735,10.782340311325818,5.307300053676865,11.305689747718732,2.7308105206655933,
210,19.639023081052066,4.703435319377348,23.45679012345679,22.134997316156735,10.755501878690284,5.307300053676865,11.272141706924316,2.7308105206655933,
211,20.068438003220614,4.690016103059581,23.336017176596886,21.980676328502415,10.755501878690284,5.166398282340311,11.272141706924316,2.7308105206655933,
212,20.108695652173914,4.690016103059581,23.295759527643586,21.980676328502415,10.755501878690284,5.166398282340311,11.272141706924316,2.7308105206655933,
213,20.263016639828233,4.690016103059581,23.19511540526033,21.967257112184647,10.755501878690284,5.139559849704777,11.258722490606548,2.7308105206655933,
214,20.69243156199678,4.669887278582931,23.020665593129362,22.403381642512077,10.715244229736983,5.139559849704777,10.63472893183038,2.7241009125067097,
215,21.430488459473967,4.562533548040794,22.81266774020397,22.041062801932366,10.715244229736983,5.132850241545894,10.607890499194847,2.6972624798711755,
216,21.517713365539453,4.555823939881911,22.81266774020397,21.987385936661298,10.695115405260333,5.132850241545894,10.601180891035963,2.6972624798711755,
217,21.349973161567366,4.3478260869565215,22.81266774020397,21.987385936661298,11.097691894793345,5.132850241545894,10.57434245840043,2.6972624798711755,
218,20.8870101986044,4.3478260869565215,19.900697799248523,24.288781535158346,11.097691894793345,5.018786902844874,11.855877616747183,2.6033279656468062,
219,20.90042941492217,4.3478260869565215,19.900697799248523,24.27536231884058,11.097691894793345,5.018786902844874,11.855877616747183,2.6033279656468062,
220,21.07487922705314,4.341116478797638,19.826892109500804,24.208266237251745,11.07085346215781,5.018786902844874,11.855877616747183,2.6033279656468062,
221,21.121846484165324,4.341116478797638,19.81347289318304,24.188137412775095,11.064143853998926,5.018786902844874,11.849168008588299,2.6033279656468062,
222,21.215780998389693,4.341116478797638,19.773215244229736,24.188137412775095,11.037305421363392,4.99194847020934,11.849168008588299,2.6033279656468062,
223,21.430488459473967,4.341116478797638,19.712828770799785,24.094202898550726,11.023886205045626,4.99194847020934,11.81561996779388,2.589908749329039,
224,21.752549651100377,4.341116478797638,19.57192699946323,24.013687600644122,11.023886205045626,4.958400429414922,11.782071926999464,2.5563607085346214,
225,21.81964573268921,4.341116478797638,19.558507783145465,24.013687600644122,10.997047772410092,4.958400429414922,11.75523349436393,2.5563607085346214,
226,22.15512614063339,4.341116478797638,19.53166935050993,23.926462694578635,10.768921095008052,4.918142780461621,11.75523349436393,2.5563607085346214,0.04696725711218465
227,22.322866344605476,4.341116478797638,19.49812130971551,23.852657004830917,10.7085346215781,4.918142780461621,11.75523349436393,2.5563607085346214,0.04696725711218465
228,22.249060654857757,4.341116478797638,19.49812130971551,23.409822866344605,11.258722490606548,4.918142780461621,11.721685453569512,2.5563607085346214,0.04696725711218465
229,22.262479871175522,4.341116478797638,19.484702093397747,23.409822866344605,11.258722490606548,4.918142780461621,11.721685453569512,2.5563607085346214,0.04696725711218465
230,22.363123993558776,4.334406870638754,19.39747718733226,23.409822866344605,11.258722490606548,4.918142780461621,11.714975845410628,2.5563607085346214,0.04696725711218465
231,22.423510466988727,4.334406870638754,19.243156199677937,23.382984433709073,11.345947396672035,4.918142780461621,11.614331723027375,2.690552871712292,0.04696725711218465
232,22.906602254428343,4.334406870638754,19.03515834675255,23.21524422973698,11.312399355877616,4.911433172302737,11.54723564143854,2.690552871712292,0.04696725711218465
233,22.893183038110575,4.334406870638754,18.907675791733762,23.68491680085883,11.29898013955985,5.038915727321524,11.117820719269995,2.677133655394525,0.04696725711218465
234,23.00053676865271,4.334406870638754,18.887546967257112,23.62453032742888,11.29898013955985,5.038915727321524,11.09098228663446,2.677133655394525,0.04696725711218465
235,23.101180891035963,4.334406870638754,18.887546967257112,23.60440150295223,11.29898013955985,5.032206119162641,11.017176596886742,2.677133655394525,0.04696725711218465
236,23.329307568438004,4.334406870638754,18.853998926462694,23.58427267847558,11.245303274288782,4.978529253891573,10.976918947933441,2.6502952227589907,0.04696725711218465
237,23.731884057971016,4.334406870638754,18.659420289855074,23.403113258185723,10.802469135802468,4.9718196457326895,11.439881910896403,2.61003757380569,0.04696725711218465
238,24.14117015566291,4.30756843800322,18.283682232957595,23.087761674718198,10.789049919484702,5.387815351583468,11.352657004830919,2.6033279656468062,0.04696725711218465
239,23.72517444981213,4.30756843800322,17.793880837359097,23.03408480944713,10.782340311325818,6.353998926462695,11.352657004830919,2.6033279656468062,0.04696725711218465
240,23.772141706924316,4.30756843800322,17.58588298443371,22.966988727858293,10.782340311325818,6.340579710144928,11.352657004830919,2.844873859366613,0.04696725711218465
241,23.443370907139023,4.30756843800322,17.485238862050455,23.564143853998928,10.762211486849168,6.293612453032743,11.252012882447666,2.844873859366613,0.04696725711218465
242,23.544015029522274,4.300858829844337,17.438271604938272,23.564143853998928,10.721953837895867,6.293612453032743,11.245303274288782,2.844873859366613,0.04696725711218465
243,23.772141706924316,4.294149221685454,17.438271604938272,23.557434245840042,10.721953837895867,6.119162640901771,11.20504562533548,2.844873859366613,0.04696725711218465
244,23.946591519055286,4.294149221685454,17.438271604938272,23.463499731615673,10.641438539989265,6.119162640901771,11.20504562533548,2.844873859366613,0.04696725711218465
245,23.97342995169082,4.294149221685454,17.16988727858293,23.356146001073537,11.211755233494364,6.0587761674718195,11.16478797638218,2.7241009125067097,0.04696725711218465
246,24.349168008588297,4.280730005367687,17.122920021470748,23.18840579710145,11.124530327428879,5.998389694041868,11.16478797638218,2.7241009125067097,0.04696725711218465
247,24.48336017176597,4.280730005367687,17.09608158883521,23.161567364465917,11.07085346215781,5.971551261406334,11.16478797638218,2.7241009125067097,0.04696725711218465
248,24.4699409554482,4.274020397208803,17.09608158883521,23.34272678475577,11.05072463768116,5.83064949006978,11.16478797638218,2.7241009125067097,0.04696725711218465
249,24.724906065485776,4.146537842190016,17.07595276435856,23.26892109500805,11.05072463768116,5.810520665593129,11.151368760064413,2.7241009125067097,0.04696725711218465
250,24.14787976382179,4.146537842190016,18.290391841116477,22.819377348362856,11.023886205045626,5.662909286097692,11.137949543746645,2.7241009125067097,0.04696725711218465
251,24.208266237251745,4.146537842190016,18.290391841116477,22.785829307568438,10.997047772410092,5.662909286097692,11.137949543746645,2.7241009125067097,0.04696725711218465
252,24.362587224906065,4.146537842190016,18.06897477187332,22.73215244229737,10.997047772410092,5.904455179817498,11.017176596886742,2.7241009125067097,0.04696725711218465
253,24.422973698336016,4.139828234031133,18.04213633923779,22.665056360708533,10.983628556092324,5.904455179817498,11.104401502952227,2.690552871712292,0.04696725711218465
254,24.46323134728932,4.119699409554482,18.04213633923779,22.65834675254965,10.983628556092324,5.891035963499732,11.104401502952227,2.690552871712292,0.04696725711218465
255,24.792002147074612,4.119699409554482,17.887815351583466,22.57783145464305,10.983628556092324,5.797101449275362,11.104401502952227,2.690552871712292,0.04696725711218465
256,25.06038647342995,4.03918411164788,17.834138486312398,22.517444981213096,10.976918947933441,5.763553408480945,11.07085346215781,2.690552871712292,0.04696725711218465
257,24.651100375738057,4.03918411164788,17.780461621041333,23.55072463768116,11.010466988727858,5.763553408480945,10.540794417606012,2.6167471819645733,0.04696725711218465
258,24.892646269457863,3.8915727321524423,17.726784755770264,23.523886205045624,11.010466988727858,5.750134192163178,10.540794417606012,2.6167471819645733,0.04696725711218465
259,25.221417069243156,3.864734299516908,17.69994632313473,23.43666129898014,11.010466988727858,5.750134192163178,10.352925389157273,2.6167471819645733,0.04696725711218465
260,24.44310252281267,3.44873859366613,20.833333333333332,23.221953837895867,9.420289855072463,5.750134192163178,10.285829307568438,2.5496511003757383,0.04696725711218465
