,45,50,53,55,54,51,52,57,56
0,99.73832528180354,0.2616747181964573,,,,,,,
1,92.06253354804079,7.937466451959206,,,,,,,
2,92.0155662909286,7.796564680622652,0.07380568974771873,0.11406333870101985,,,,,
3,90.21739130434783,9.594739667203436,0.07380568974771873,0.11406333870101985,,,,,
4,89.32501341921632,10.326086956521738,0.1274825550187869,0.2214170692431562,,,,,
5,89.19753086419753,10.453569511540525,0.1274825550187869,0.2214170692431562,,,,,
6,89.21765968867417,10.393183038110575,0.1274825550187869,0.2214170692431562,0.040257648953301126,,,,
7,89.20424047235642,10.292538915727322,0.1274825550187869,0.2214170692431562,0.040257648953301126,0.11406333870101985,,,
8,84.80273752012883,14.714170692431562,0.10735373054213634,0.2214170692431562,0.040257648953301126,0.11406333870101985,,,
9,84.58803005904456,14.861782071927,0.1878690284487386,0.2214170692431562,0.026838432635534086,0.11406333870101985,,,
10,83.34004294149221,16.109769189479334,0.1878690284487386,0.2214170692431562,0.026838432635534086,0.11406333870101985,,,
11,83.34004294149221,16.109769189479334,0.1878690284487386,0.2214170692431562,0.026838432635534086,0.11406333870101985,,,
12,75.81186258722491,23.65136876006441,0.1878690284487386,0.20799785292538917,0.026838432635534086,0.11406333870101985,,,
13,75.88566827697262,23.577563070316693,0.1878690284487386,0.20799785292538917,0.026838432635534086,0.11406333870101985,,,
14,74.8792270531401,24.58400429414922,0.1878690284487386,0.20799785292538917,0.026838432635534086,0.11406333870101985,,,
15,74.74503488996243,24.60413311862587,0.1878690284487386,0.20799785292538917,0.026838432635534086,0.2281266774020397,,,
16,74.84567901234568,24.50348899624262,0.1878690284487386,0.20799785292538917,0.026838432635534086,0.2281266774020397,,,
17,74.84567901234568,24.50348899624262,0.1878690284487386,0.20799785292538917,0.026838432635534086,0.2281266774020397,,,
18,72.41680085882984,24.46323134728932,0.1878690284487386,0.20799785292538917,0.026838432635534086,2.6972624798711755,,,
19,68.65271068169619,28.12667740203972,0.1878690284487386,0.20799785292538917,0.1274825550187869,2.6972624798711755,,,
20,55.24020397208803,43.545356951154055,0.1878690284487386,0.33548040794417605,0.1274825550187869,0.5636070853462157,,,
21,53.97879763821793,43.53864734299517,0.1878690284487386,1.6035963499731616,0.1274825550187869,0.5636070853462157,,,
22,52.844873859366615,43.344068706387546,0.1878690284487386,1.6035963499731616,1.4559849704777241,0.5636070853462157,,,
23,53.01932367149758,42.98845947396672,0.1878690284487386,1.7847557702630166,1.4559849704777241,0.5636070853462157,,,
24,53.07300053676865,40.25764895330113,0.1878690284487386,1.7847557702630166,1.4492753623188406,0.5636070853462157,2.6838432635534084,,
25,48.62453032742888,44.357219538378956,0.1878690284487386,1.9122383252818036,1.3217928073000538,0.5636070853462157,3.0327428878153517,,
26,48.91975308641975,44.176060118089104,0.1878690284487386,1.9122383252818036,1.3217928073000538,0.5636070853462157,2.918679549114332,,
27,49.32903918411165,43.934514224369295,0.1878690284487386,1.7914653784219001,1.3217928073000538,0.5300590445517982,2.9052603327965647,,
28,49.37600644122383,43.887546967257116,0.1878690284487386,1.7914653784219001,1.3217928073000538,0.5300590445517982,2.9052603327965647,,
29,49.32903918411165,43.08239398819109,0.1610305958132045,1.7914653784219001,1.583467525496511,1.1473429951690821,2.9052603327965647,,
30,48.94659151905529,43.45142243692968,0.1610305958132045,1.7914653784219001,1.7176596886741815,1.0265700483091786,2.9052603327965647,,
31,48.88620504562534,43.29710144927536,0.2885131508319914,1.8988191089640365,1.6975308641975309,1.0265700483091786,2.9052603327965647,,
32,48.90633387010199,42.78046162104133,0.2885131508319914,2.0263016639828235,1.6975308641975309,1.3955984970477724,2.9052603327965647,,
33,47.20209339774557,44.48470209339774,0.2885131508319914,2.0263016639828235,1.6975308641975309,1.3955984970477724,2.9052603327965647,,
34,47.63150831991412,43.914385399892645,0.4025764895330113,1.9994632313472893,1.8384326355340848,1.3083735909822867,2.9052603327965647,,
35,47.79253891572732,43.61916264090177,0.4025764895330113,2.13365539452496,1.8384326355340848,1.3083735909822867,2.9052603327965647,,
36,47.66505636070853,42.47181964573269,0.4025764895330113,2.13365539452496,1.8384326355340848,2.073268921095008,3.4151905528717124,,
37,44.53166935050993,45.73939881910896,0.4025764895330113,2.13365539452496,1.8250134192163177,1.9524959742351047,3.4151905528717124,,
38,44.39747718733226,45.90713902308105,0.4025764895330113,2.13365539452496,1.8115942028985508,1.9524959742351047,3.3950617283950617,,
39,43.47155126140633,44.0955448201825,0.39586688137412773,2.395330112721417,1.8115942028985508,3.1870638754696725,4.643048845947397,,
40,43.57890499194847,43.914385399892645,0.39586688137412773,2.3886205045625335,1.932367149758454,3.1870638754696725,4.602791196994096,,
41,43.35748792270532,43.78690284487386,0.39586688137412773,2.3886205045625335,2.0531400966183573,3.4151905528717124,4.602791196994096,,
42,43.303811057434245,43.605743424584006,0.39586688137412773,2.791196994095545,1.9390767579173376,3.361513687600644,4.602791196994096,,
43,43.69296833064949,43.08239398819109,0.39586688137412773,2.9253891572732154,2.0531400966183573,3.361513687600644,4.488727858293076,,
44,43.98819108964037,42.860976918947934,0.39586688137412773,2.8784219001610305,2.0531400966183573,3.3480944712828773,4.4753086419753085,,
45,39.14385399892646,50.905797101449274,0.39586688137412773,2.6704240472356413,2.01959205582394,1.9524959742351047,2.9119699409554483,,
46,39.32501341921632,49.282071926999464,0.39586688137412773,2.6704240472356413,2.01959205582394,1.892109500805153,4.414922168545357,,
47,39.25791733762748,48.101180891035966,0.39586688137412773,2.6704240472356413,3.280998389694042,1.892109500805153,4.40150295222759,,
48,38.70101986044015,47.08803005904455,0.39586688137412773,2.6637144390767578,3.166935050993022,3.6366076221148687,4.2270531400966185,0.12077294685990338,
49,38.217928073000536,46.37010198604401,0.3824476650563607,2.6637144390767578,3.1602254428341383,4.85775630703167,4.2270531400966185,0.12077294685990338,
50,36.97665056360709,46.12855609232421,0.6239935587761675,2.395330112721417,3.280998389694042,4.85775630703167,5.615942028985507,0.12077294685990338,
51,36.10440150295223,47.02093397745572,0.6239935587761675,2.395330112721417,3.280998389694042,4.85775630703167,5.595813204508857,0.12077294685990338,
52,35.74208266237252,45.249597423510465,0.6239935587761675,2.395330112721417,3.280998389694042,7.313472893183038,5.273752012882448,0.12077294685990338,
53,35.46698872785829,44.16935050993022,0.6239935587761675,2.5295222758990876,3.1468062265163717,8.709071390230811,5.233494363929147,0.12077294685990338,
54,32.038378958668815,38.69431025228127,0.5501878690284487,2.61003757380569,2.9924852388620504,17.847557702630166,5.146269457863661,0.12077294685990338,
55,32.10547504025765,37.78851315083199,1.6774020397208802,2.5697799248523885,2.8515834675254963,17.834138486312398,5.052334943639291,0.12077294685990338,
56,32.14573268921095,37.74825550187869,1.5633387010198605,2.6838432635534084,2.8381642512077296,17.693236714975846,5.0993022007514766,0.12077294685990338,0.10735373054213634
57,32.46108427267848,37.5402576489533,1.5633387010198605,2.6838432635534084,2.8381642512077296,17.58588298443371,5.0993022007514766,0.12077294685990338,0.10735373054213634
58,31.816961889425656,38.217928073000536,1.5633387010198605,2.6838432635534084,2.8381642512077296,17.55233494363929,5.0993022007514766,0.12077294685990338,0.10735373054213634
59,31.99812130971551,38.10386473429951,1.5633387010198605,2.6704240472356413,2.8247450348899625,17.538915727321523,5.072463768115942,0.12077294685990338,0.10735373054213634
60,31.95115405260333,37.1309715512614,1.6706924315619969,2.6704240472356413,2.7241009125067097,18.746645195920557,4.87788513150832,0.12077294685990338,0.10735373054213634
61,32.09205582393988,36.802200751476114,1.6706924315619969,2.6704240472356413,2.7241009125067097,18.813741277509394,5.119431025228127,,0.10735373054213634
62,32.14573268921095,36.67471819645733,1.6706924315619969,2.636876006441224,2.7241009125067097,18.84728931830381,5.193236714975845,,0.10735373054213634
63,32.31347289318304,36.63446054750403,1.778046162104133,2.5429414922168547,2.6704240472356413,18.813741277509394,5.139559849704777,,0.10735373054213634
64,31.629092860976918,34.286097691894796,1.7713365539452497,2.563070316693505,3.556092324208266,19.806763285024154,6.280193236714976,,0.10735373054213634
65,31.46135265700483,32.830112721417066,1.7713365539452497,2.563070316693505,3.6500268384326353,21.571390230810522,6.045356951154052,,0.10735373054213634
66,31.57541599570585,32.709339774557165,1.9122383252818036,2.4557165861513686,3.6231884057971016,21.571390230810522,6.045356951154052,,0.10735373054213634
67,31.427804616210413,32.01154052603328,1.9122383252818036,2.5831991411701556,3.6231884057971016,22.517444981213096,5.8172302737520125,,0.10735373054213634
68,31.629092860976918,31.769994632313473,1.9122383252818036,2.690552871712292,3.5963499731615673,22.477187332259795,5.8172302737520125,,0.10735373054213634
69,31.790123456790123,31.561996779388085,1.9122383252818036,2.8381642512077296,3.5963499731615673,22.41009125067096,5.783682232957595,,0.10735373054213634
70,31.91760601180891,31.53515834675255,1.9122383252818036,2.8381642512077296,3.5963499731615673,22.309447128287708,5.783682232957595,,0.10735373054213634
71,32.14573268921095,31.300322061191626,1.9927536231884058,2.8247450348899625,3.535963499731616,22.309447128287708,5.783682232957595,,0.10735373054213634
72,32.21953837895867,31.146001073537306,1.9659151905528718,3.9989264626945786,3.535963499731616,21.007783145464305,5.750134192163178,,0.3757380568974772
73,32.045088566827694,31.052066559312937,2.167203435319377,5.146269457863661,3.515834675254965,19.97450348899624,5.723295759527644,,0.3757380568974772
74,32.340311325818575,30.844068706387546,2.167203435319377,5.146269457863661,3.488996242619431,19.91411701556629,5.723295759527644,,0.3757380568974772
75,26.73107890499195,38.70101986044015,2.01959205582394,5.119431025228127,3.0864197530864197,19.196188942565755,4.770531400966184,,0.3757380568974772
76,26.133923778851315,38.399087493290395,2.01959205582394,5.032206119162641,2.9790660225442833,20.30998389694042,4.750402576489533,,0.3757380568974772
77,26.341921631776703,38.26489533011272,2.1068169618894257,5.146269457863661,2.9790660225442833,20.12211486849168,4.663177670424047,,0.3757380568974772
78,26.54320987654321,35.85614600107354,2.0263016639828235,5.246913580246914,2.918679549114332,19.97450348899624,7.058507783145465,,0.3757380568974772
79,26.127214170692433,35.245571658615134,2.0263016639828235,5.233494363929147,2.918679549114332,21.061460010735374,7.011540526033279,,0.3757380568974772
80,26.308373590982285,34.94363929146538,2.1135265700483092,5.35426731078905,3.052871712292002,20.86688137412775,6.984702093397746,,0.3757380568974772
81,26.576757917337627,34.628287707997856,2.1135265700483092,5.548845947396672,3.0394524959742353,20.759527643585614,6.957863660762212,,0.3757380568974772
82,26.939076757917338,34.33977455716586,1.9927536231884058,5.535426731078905,3.0394524959742353,20.719269994632313,7.058507783145465,,0.3757380568974772
83,27.093397745571657,34.004294149221685,2.15378421900161,5.589103596349974,3.0327428878153517,20.591787439613526,7.159151905528717,,0.3757380568974772
84,25.81857219538379,36.26543209876543,3.1602254428341383,5.589103596349974,3.0327428878153517,18.5654857756307,7.199409554482019,,0.36902844873859364
85,25.905797101449274,36.12453032742888,3.3145464304884595,5.689747718733226,2.9388083735909825,18.45813204508857,7.199409554482019,,0.36902844873859364
86,25.845410628019323,35.28582930756844,3.3145464304884595,5.662909286097692,3.9184111647879765,18.270263016639827,7.199409554482019,,0.5032206119162641
87,26.120504562533547,35.07112184648417,3.307836822329576,5.5756843800322065,3.9184111647879765,18.21658615136876,7.286634460547504,,0.5032206119162641
88,26.362050456253353,34.836285560923244,3.280998389694042,5.589103596349974,3.9184111647879765,18.263553408480945,7.246376811594203,,0.5032206119162641
89,25.959473966720342,33.863392377885134,2.871712292002147,5.146269457863661,4.2270531400966185,20.182501341921633,7.246376811594203,,0.5032206119162641
90,26.247987117552334,33.57487922705314,2.871712292002147,5.226784755770263,4.2270531400966185,20.115405260332796,7.232957595276436,,0.5032206119162641
91,26.596886741814277,33.2259796027912,2.871712292002147,5.226784755770263,4.294149221685454,20.075147611379496,7.206119162640902,,0.5032206119162641
92,27.073268921095007,33.16559312936125,2.8113258185721954,5.193236714975845,4.294149221685454,19.706119162640903,7.253086419753086,,0.5032206119162641
93,26.46940418679549,32.57514761137949,2.804616210413312,5.253623188405797,4.314278046162104,20.840042941492218,7.239667203435319,,0.5032206119162641
94,26.7914653784219,32.387278582930755,2.804616210413312,5.253623188405797,4.294149221685454,20.813204508856682,7.152442297369833,,0.5032206119162641
95,27.160493827160494,32.30005367686527,2.7844873859366612,5.186527106816962,4.367954911433173,20.544820182501343,7.152442297369833,,0.5032206119162641
96,26.86527106816962,32.15915190552872,2.7844873859366612,5.139559849704777,4.367954911433173,21.027911969940956,7.152442297369833,,0.5032206119162641
97,27.395330112721417,32.045088566827694,2.6972624798711755,5.132850241545894,4.327697262479871,20.94068706387547,6.957863660762212,,0.5032206119162641
98,27.9723564143854,31.796833064949006,2.7106816961889426,5.10601180891036,4.327697262479871,20.719269994632313,6.863929146537842,,0.5032206119162641
99,27.66371443907676,31.239935587761675,2.690552871712292,5.072463768115942,5.045625335480408,20.477724100912507,7.306763285024155,,0.5032206119162641
100,28.227321524422972,30.911164787976382,2.690552871712292,5.072463768115942,5.045625335480408,20.477724100912507,7.071926999463232,,0.5032206119162641
101,28.468867418142782,30.790391841116477,2.690552871712292,5.139559849704777,5.0791733762748255,20.28985507246377,6.991411701556629,,0.5501878690284487
102,28.65673644659152,30.649490069779926,2.7979066022544283,5.287171229200215,4.931561996779388,20.148953301127214,6.977992485238862,,0.5501878690284487
103,28.99892646269458,30.300590445517983,2.7979066022544283,5.152979066022544,4.918142780461621,20.40391841116479,6.877348362855609,,0.5501878690284487
104,28.341384863123995,29.73027375201288,2.7979066022544283,5.152979066022544,4.871175523349437,20.155662909286097,8.501073537305421,,0.4495437466451959
105,28.884863123993558,29.482018250134193,2.757648953301127,5.10601180891036,4.871175523349437,20.101986044015028,8.3467525496511,,0.4495437466451959
106,29.1935050993022,29.334406870638755,2.717391304347826,5.186527106816962,4.830917874396135,19.95437466451959,8.333333333333334,,0.4495437466451959
107,29.696725711218466,29.11969940955448,2.831454643048846,5.072463768115942,4.7638217928073,19.746376811594203,8.319914117015566,,0.4495437466451959
108,29.824208266237253,29.052603327965645,2.8247450348899625,5.038915727321524,4.911433172302737,19.685990338164252,8.21256038647343,,0.4495437466451959
109,30.119431025228128,28.911701556629094,2.8247450348899625,5.005367686527107,4.884594739667204,19.639023081052066,8.165593129361245,,0.4495437466451959
110,30.287171229200215,28.784219001610307,2.8247450348899625,4.998658078368224,4.9718196457326895,19.585346215780998,8.09849704777241,,0.4495437466451959
111,29.320987654320987,24.771873322597962,6.038647342995169,4.7638217928073,4.958400429414922,22.128287707997853,7.568438003220612,,0.4495437466451959
112,29.622920021470748,24.61755233494364,6.139291465378422,4.622920021470746,4.958400429414922,21.880032206119164,7.709339774557166,,0.4495437466451959
113,29.663177670424048,24.50348899624262,6.072195383789587,4.5893719806763285,4.958400429414922,21.611647879763822,8.152173913043478,,0.4495437466451959
114,27.72410091250671,27.167203435319376,5.924584004294149,4.542404723564144,4.616210413311863,21.564680622651636,8.011272141706923,,0.4495437466451959
115,27.449006977992486,26.496242619431026,5.924584004294149,4.676596886741814,4.736983360171766,21.68545356951154,8.648684916800859,,0.3824476650563607
116,27.81803542673108,26.29495437466452,5.9447128287707995,4.663177670424047,4.723564143853999,21.564680622651636,8.608427267847558,,0.3824476650563607
117,27.4422973698336,25.026838432635532,6.400966183574879,4.64975845410628,4.408212560386473,20.90713902308105,10.782340311325818,,0.3824476650563607
118,27.61003757380569,24.9194847020934,6.400966183574879,4.64975845410628,4.408212560386473,20.860171765968868,10.782340311325818,,0.36902844873859364
119,27.26784755770263,24.349168008588297,6.387546967257112,4.783950617283951,4.408212560386473,22.04777241009125,10.38647342995169,,0.36902844873859364
120,27.569779924852387,24.22168545356951,6.353998926462695,4.931561996779388,4.233762748255502,22.014224369296834,10.305958132045088,,0.36902844873859364
121,27.314814814814813,21.926999463231347,7.695920558239399,4.656468062265164,4.072732152442297,24.537037037037038,9.426999463231347,,0.36902844873859364
122,27.730810520665592,21.71900161030596,7.682501341921632,4.616210413311863,4.03918411164788,24.422973698336016,9.420289855072463,,0.36902844873859364
123,27.945517981749866,21.70558239398819,7.64224369296833,4.582662372517445,4.03918411164788,24.315619967793882,9.400161030595813,,0.36902844873859364
124,28.287707997852927,21.537842190016104,7.64224369296833,4.542404723564144,3.965378421900161,24.295491143317232,9.359903381642512,,0.36902844873859364
125,28.609769189479334,21.517713365539453,7.4141170155662905,4.542404723564144,3.965378421900161,24.12104133118626,9.312936124530328,,0.5166398282340311
126,28.764090177133657,21.443907675791735,7.380568974771873,4.542404723564144,3.938539989264627,24.10091250670961,9.312936124530328,,0.5166398282340311
127,28.951959205582394,21.43719806763285,7.320182501341922,4.542404723564144,3.938539989264627,24.013687600644122,9.27938808373591,,0.5166398282340311
128,29.17337627482555,21.370101986044016,7.199409554482019,4.542404723564144,3.750670960815888,23.852657004830917,9.594739667203436,,0.5166398282340311
129,29.347826086956523,21.349973161567366,7.139023081052066,4.542404723564144,3.750670960815888,23.772141706924316,9.581320450885668,,0.5166398282340311
130,27.95222758990875,18.733225979602793,4.314278046162104,4.3478260869565215,4.166666666666667,32.76301663982824,7.353730542136339,,0.36902844873859364
131,28.005904455179817,18.203166935050994,5.481749865807837,4.314278046162104,4.294149221685454,32.045088566827694,7.286634460547504,,0.36902844873859364
132,28.16022544283414,18.136070853462158,5.475040257648954,4.388083735909823,4.388083735909823,31.80354267310789,7.27992485238862,,0.36902844873859364
133,28.5426731078905,18.06897477187332,5.58239398819109,4.388083735909823,4.388083735909823,31.4345142243693,7.226247987117552,,0.36902844873859364
134,28.247450348899623,17.257112184648417,5.58239398819109,4.374664519592056,4.388083735909823,32.427536231884055,7.353730542136339,,0.36902844873859364
135,27.979066022544284,17.21014492753623,6.515029522275899,4.133118625872249,4.3478260869565215,32.2061191626409,7.239667203435319,,0.36902844873859364
136,28.24074074074074,17.12962962962963,6.508319914117015,4.119699409554482,4.3478260869565215,32.045088566827694,7.239667203435319,,0.36902844873859364
137,28.207192699946322,17.08937198067633,6.635802469135802,4.119699409554482,4.3478260869565215,32.01154052603328,7.219538378958669,,0.36902844873859364
138,28.207192699946322,16.955179817498657,6.635802469135802,4.1129898013955986,4.4753086419753085,31.76328502415459,7.219538378958669,,0.630703166935051
139,28.113258185721953,16.914922168545356,6.622383252818035,4.1129898013955986,4.461889425657541,32.085346215781,7.058507783145465,,0.630703166935051
140,27.314814814814813,16.109769189479334,7.199409554482019,4.200214707461084,4.582662372517445,31.635802469135804,8.32662372517445,,0.630703166935051
141,27.194041867954912,15.425389157273216,10.185185185185185,4.03918411164788,4.180085882984434,30.44820182501342,8.038110574342458,,0.48980139559849706
142,25.939345142243692,18.06226516371444,10.017444981213098,4.025764895330113,4.1129898013955986,29.381374127750938,7.796564680622652,,0.6642512077294686
143,26.187600644122384,18.035426731078903,10.104669887278583,4.025764895330113,4.066022544283414,29.159957058507782,7.75630703166935,,0.6642512077294686
144,26.583467525496513,17.860976918947934,10.037573805689748,4.159957058507783,4.066022544283414,28.938539989264626,7.702630166398282,,0.6508319914117016
145,26.67740203972088,17.64626945786366,10.00402576489533,4.40150295222759,4.066022544283414,28.864734299516908,7.689210950080516,,0.6508319914117016
146,26.65727321524423,17.64626945786366,9.977187332259795,4.388083735909823,4.066022544283414,28.395061728395063,8.219269994632313,,0.6508319914117016
147,26.84514224369297,17.632850241545892,9.883252818035427,4.367954911433173,4.025764895330113,28.33467525496511,8.165593129361245,,0.7447665056360708
148,27.220880300590444,17.56575415995706,9.77589908749329,4.367954911433173,4.025764895330113,28.22061191626409,7.991143317230274,,0.8319914117015567
149,27.462426194310254,17.498658078368223,9.702093397745571,4.428341384863124,4.025764895330113,28.08641975308642,7.96430488459474,,0.8319914117015567
150,27.730810520665592,17.37788513150832,9.634997316156737,4.428341384863124,4.159957058507783,27.999194847020934,7.856951154052603,,0.8118625872249061
151,28.046162104133117,17.2638217928073,9.608158883521202,4.394793344068707,4.159957058507783,28.32125603864734,7.440955448201825,,0.7648953301127214
152,28.247450348899623,17.008856682769725,9.695383789586689,4.555823939881911,4.159957058507783,28.14680622651637,7.4208266237251745,,0.7648953301127214
153,28.743961352657006,16.928341384863124,9.581320450885668,4.549114331723027,4.1532474503489,27.945517981749866,7.333601717659689,,0.7648953301127214
154,28.965378421900162,16.908212560386474,9.668545356951155,4.575952764358561,4.106280193236715,27.677133655394524,7.333601717659689,,0.7648953301127214
155,29.22705314009662,16.867954911433173,9.64170692431562,4.575952764358561,4.045893719806763,27.636876006441224,7.239667203435319,,0.7648953301127214
156,29.488727858293075,16.867954911433173,9.50751476113795,4.575952764358561,4.045893719806763,27.509393451422437,7.239667203435319,,0.7648953301127214
157,29.502147074610843,16.867954911433173,9.50751476113795,4.575952764358561,4.045893719806763,27.49597423510467,7.239667203435319,,0.7648953301127214
158,29.62962962962963,16.861245303274288,9.480676328502415,4.575952764358561,4.045893719806763,27.42216854535695,7.239667203435319,,0.7447665056360708
159,29.944981213097154,16.841116478797638,9.420289855072463,4.448470209339774,4.045893719806763,27.220880300590444,7.192699946323135,,0.8856682769726248
160,29.53569511540526,16.23054213633924,9.39345142243693,4.367954911433173,4.045893719806763,28.569511540526033,6.971282877079979,,0.8856682769726248
161,29.797369833601717,15.874932903918411,9.50751476113795,4.62962962962963,4.032474503488996,28.361513687600645,6.910896403650026,,0.8856682769726248
162,30.05233494363929,15.693773483628556,9.621578099838969,4.569243156199678,4.032474503488996,28.30112721417069,6.843800322061192,,0.8856682769726248
163,30.495169082125603,15.599838969404187,9.668545356951155,4.569243156199678,4.032474503488996,27.95222758990875,6.810252281266774,,0.8722490606548577
164,30.783682232957595,15.5126140633387,9.541062801932368,4.736983360171766,4.032474503488996,27.737520128824478,6.78341384863124,,0.8722490606548577
165,30.96484165324745,15.438808373590982,9.541062801932368,4.736983360171766,3.9855072463768115,27.690552871712292,6.769994632313473,,0.8722490606548577
166,30.870907139023082,15.203972088030058,9.534353193773484,4.7168545356951155,4.569243156199678,27.677133655394524,6.5552871712292005,,0.8722490606548577
167,31.04535695115405,15.190552871712292,9.333064949006978,4.8376274825550185,4.616210413311863,27.583199141170155,6.521739130434782,,0.8722490606548577
168,30.96484165324745,14.861782071927,9.400161030595813,4.757112184648417,5.267042404723564,27.38191089640365,6.501610305958132,,0.8655394524959742
169,31.394256575415994,14.794685990338165,9.27938808373591,4.750402576489533,5.267042404723564,27.147074610842726,6.501610305958132,,0.8655394524959742
170,31.93102522812668,14.65378421900161,9.125067096081589,4.669887278582931,5.179817498658078,27.073268921095007,6.501610305958132,,0.8655394524959742
171,32.45437466451959,14.573268921095009,9.125067096081589,4.64975845410628,5.0993022007514766,26.78475577026302,6.488191089640365,,0.8252818035426731
172,31.904186795491142,14.40552871712292,9.037842190016104,4.7168545356951155,4.616210413311863,26.717659688674182,7.96430488459474,,0.6374127750939346
173,30.877616747181964,13.694310252281268,8.977455716586151,4.468599033816425,4.334406870638754,29.502147074610843,7.5281803542673105,,0.6172839506172839
174,31.15271068169619,13.667471819645733,8.890230810520666,4.3545356951154055,4.334406870638754,29.455179817498657,7.5281803542673105,,0.6172839506172839
175,31.280193236714975,13.620504562533547,8.870101986044014,4.3545356951154055,4.334406870638754,29.401502952227588,7.521470746108427,,0.6172839506172839
176,31.28690284487386,13.620504562533547,8.977455716586151,4.3545356951154055,4.28743961352657,29.374664519592056,7.481213097155126,,0.6172839506172839
177,31.313741277509394,13.580246913580247,8.977455716586151,4.3478260869565215,4.28743961352657,29.441760601180892,7.434245840042942,,0.6172839506172839
178,31.642512077294686,13.533279656468062,8.930488459473967,4.260601180891036,4.280730005367687,29.354535695115406,7.380568974771873,,0.6172839506172839
179,31.166129898013956,13.318572195383789,8.675523349436393,4.086151368760064,4.240472356414386,30.783682232957595,7.112184648416532,,0.6172839506172839
180,31.273483628556093,13.278314546430488,8.662104133118627,4.086151368760064,4.240472356414386,30.730005367686527,7.112184648416532,,0.6172839506172839
181,31.293612453032743,13.278314546430488,8.662104133118627,4.086151368760064,4.240472356414386,30.709876543209877,7.112184648416532,,0.6172839506172839
182,31.46135265700483,13.191089640365004,8.997584541062801,4.019055287171229,4.072732152442297,30.555555555555557,7.092055823939882,,0.6105743424584005
183,31.53515834675255,13.103864734299517,9.359903381642512,4.0995705850778315,4.193505099302201,30.005367686527105,7.092055823939882,,0.6105743424584005
184,31.36070853462158,12.915995705850777,9.306226516371444,4.066022544283414,4.193505099302201,30.58239398819109,6.964573268921095,,0.6105743424584005
185,31.608964036500268,12.815351583467525,9.333064949006978,4.28743961352657,4.166666666666667,30.307300053676865,6.870638754696726,,0.6105743424584005
186,31.729736983360173,12.714707461084272,9.333064949006978,4.280730005367687,4.166666666666667,30.293880837359097,6.870638754696726,,0.6105743424584005
187,31.984702093397747,12.647611379495437,9.205582393988191,4.280730005367687,4.166666666666667,30.246913580246915,6.857219538378959,,0.6105743424584005
188,32.25979602791197,12.560386473429952,9.205582393988191,4.26731078904992,4.159957058507783,30.112721417069242,6.823671497584541,,0.6105743424584005
189,32.648953301127214,12.560386473429952,9.057971014492754,4.26731078904992,4.159957058507783,29.898013955984972,6.823671497584541,,0.5837359098228664
190,33.00456253354804,12.513419216317766,9.037842190016104,4.26731078904992,4.233762748255502,29.683306494900698,6.6760601180891035,,0.5837359098228664
191,32.991143317230275,12.325550187869029,9.111647879763822,4.200214707461084,3.9318303811057436,29.49543746645196,7.360440150295223,,0.5837359098228664
192,33.10520665593129,12.184648416532475,9.098228663446054,4.341116478797638,3.9318303811057436,29.421631776704242,7.333601717659689,,0.5837359098228664
193,33.45410628019324,12.151100375738057,9.044551798174986,4.327697262479871,3.9318303811057436,29.186795491143318,7.320182501341922,,0.5837359098228664
194,33.76945786366076,12.070585077831455,9.044551798174986,4.327697262479871,3.9318303811057436,29.025764895330113,7.253086419753086,,0.5770263016639828
195,33.903650026838434,12.02361782071927,9.084809447128288,4.327697262479871,3.9318303811057436,28.92512077294686,7.226247987117552,,0.5770263016639828
196,34.05126140633387,12.00348899624262,9.219001610305957,4.448470209339774,3.92512077294686,28.495705850778315,7.27992485238862,,0.5770263016639828
197,34.004294149221685,11.889425657541599,9.219001610305957,4.428341384863124,4.139828234031133,28.468867418142782,7.273215244229737,,0.5770263016639828
198,34.23242082662372,11.79549114331723,9.27938808373591,4.428341384863124,4.119699409554482,28.408480944712828,7.159151905528717,,0.5770263016639828
199,34.78260869565217,11.741814278046162,9.272678475577026,4.428341384863124,4.092860976918948,28.06629092860977,7.078636607622115,,0.5367686527106817
200,34.72222222222222,11.721685453569512,9.500805152979066,4.42163177670424,4.092860976918948,27.95222758990875,7.051798174986581,,0.5367686527106817
201,34.80273752012882,11.694847020933977,9.514224369296834,4.51556629092861,4.05931293612453,27.938808373590984,6.937734836285561,,0.5367686527106817
202,35.10466988727858,11.688137412775093,9.460547504025765,4.51556629092861,4.05931293612453,27.865002683843265,6.769994632313473,,0.5367686527106817
203,34.38674181427805,12.681159420289855,9.420289855072463,4.51556629092861,3.92512077294686,27.791196994095547,6.743156199677939,,0.5367686527106817
204,33.3064949006978,12.4597423510467,7.729468599033816,4.388083735909823,3.8915727321524423,31.233225979602793,6.702898550724638,,0.2885131508319914
205,33.69565217391305,12.31213097155126,7.729468599033816,4.388083735909823,3.8915727321524423,31.07890499194847,6.615673644659152,,0.2885131508319914
206,33.7157809983897,12.305421363392378,7.823403113258186,4.388083735909823,3.851315083199141,31.031937734836287,6.595544820182502,,0.2885131508319914
207,34.0378421900161,12.198067632850242,7.823403113258186,4.341116478797638,3.851315083199141,30.897745571658614,6.561996779388084,,0.2885131508319914
208,34.31964573268921,12.110842726784755,7.7898550724637685,4.341116478797638,3.824476650563607,30.837359098228664,6.488191089640365,,0.2885131508319914
209,34.47396672034353,12.097423510466989,7.7898550724637685,4.30756843800322,3.8177670424047236,30.73671497584541,6.488191089640365,,0.2885131508319914
210,34.594739667203434,12.097423510466989,7.749597423510467,4.30756843800322,3.8177670424047236,30.683038110574344,6.461352657004831,,0.2885131508319914
211,34.796027911969944,12.010198604401502,7.803274288781535,4.159957058507783,3.938539989264627,30.54884594739667,6.454643048845948,,0.2885131508319914
212,34.4068706387547,11.721685453569512,7.601986044015029,4.045893719806763,3.8378958668813743,29.07944176060118,9.017713365539452,,0.2885131508319914
213,34.43370907139023,11.721685453569512,7.588566827697263,4.045893719806763,3.8378958668813743,29.066022544283413,9.017713365539452,,0.2885131508319914
214,33.984165324745035,11.58749329039184,8.769457863660762,3.9519592055823938,4.045893719806763,28.569511540526033,8.950617283950617,,0.14090177133655393
215,34.346484165324746,11.56736446591519,8.715780998389693,3.9452495974235107,4.045893719806763,28.475577026301664,8.76274825550188,,0.14090177133655393
216,34.42028985507246,11.56736446591519,8.648684916800859,3.9452495974235107,4.03918411164788,28.475577026301664,8.76274825550188,,0.14090177133655393
217,34.675254965110035,11.513687600644122,8.61513687600644,4.052603327965647,4.03918411164788,28.093129361245303,8.749329039184111,,0.2616747181964573
218,34.92351046698873,11.41304347826087,8.527911969940956,4.03918411164788,4.03918411164788,28.059581320450885,8.735909822866345,,0.2616747181964573
219,35.18518518518518,11.218464841653248,8.668813741277509,4.03918411164788,3.9049919484702094,28.019323671497585,8.702361782071927,,0.2616747181964573
220,35.44015029522276,11.18491680085883,8.668813741277509,4.03918411164788,3.8714439076757916,27.83816425120773,8.695652173913043,,0.2616747181964573
221,35.84272678475577,11.18491680085883,8.548040794417606,4.03918411164788,3.8714439076757916,27.697262479871174,8.55475040257649,,0.2616747181964573
222,35.38647342995169,11.117820719269995,8.125335480407944,4.019055287171229,3.797638217928073,28.743961352657006,8.548040794417606,,0.2616747181964573
223,35.57434245840043,11.097691894793345,8.017981749865807,4.0995705850778315,3.797638217928073,28.61647879763822,8.53462157809984,,0.2616747181964573
224,35.72866344605475,11.030595813204508,7.85024154589372,4.025764895330113,3.797638217928073,29.314278046162105,7.991143317230274,,0.2616747181964573
225,35.85614600107354,10.997047772410092,7.836822329575953,3.978797638217928,3.797638217928073,29.280730005367687,7.991143317230274,,0.2616747181964573
226,36.09769189479334,10.990338164251208,7.836822329575953,3.978797638217928,3.797638217928073,29.05931293612453,7.977724100912507,,0.2616747181964573
227,36.39291465378422,10.762211486849168,7.742887815351583,4.086151368760064,3.797638217928073,28.978797638217927,7.977724100912507,,0.2616747181964573
228,36.86929683306495,10.59447128287708,7.669082125603865,4.126409017713366,3.9184111647879765,28.529253891572733,7.9039184111647875,,0.38915727321524424
229,36.9699409554482,10.554213633923778,7.615405260332796,4.1129898013955986,4.03918411164788,28.428609769189478,7.890499194847021,,0.38915727321524424
230,37.03032742887815,10.534084809447128,7.615405260332796,4.1129898013955986,4.019055287171229,28.421900161030596,7.877079978529254,,0.38915727321524424
231,37.0907139023081,10.487117552334944,7.7361782071927,4.012345679012346,4.012345679012346,28.395061728395063,7.877079978529254,,0.38915727321524424
232,37.25845410628019,10.487117552334944,7.716049382716049,4.012345679012346,4.159957058507783,28.166935050993022,7.809983896940419,,0.38915727321524424
233,37.38593666129898,10.413311862587225,7.716049382716049,4.012345679012346,4.146537842190016,28.039452495974235,7.897208803005904,,0.38915727321524424
234,36.79549114331723,10.292538915727322,7.62211486849168,3.9519592055823938,4.012345679012346,28.938539989264626,7.997852925389157,,0.38915727321524424
235,36.67471819645733,9.923510466988727,8.380300590445518,3.938539989264627,4.092860976918948,28.455448201825014,8.064949006977992,,0.46967257112184646
236,36.79549114331723,9.86983360171766,8.474235104669887,3.844605475040258,4.092860976918948,28.388352120236178,8.064949006977992,,0.46967257112184646
237,36.66800858829844,9.822866344605474,8.447396672034353,3.8043478260869565,4.066022544283414,28.817767042404725,7.9039184111647875,,0.46967257112184646
238,36.66800858829844,9.769189479334408,8.407139023081053,3.92512077294686,4.206924315619967,28.65673644659152,7.897208803005904,,0.46967257112184646
239,36.808910359635,9.708803005904455,8.514492753623188,3.8714439076757916,4.206924315619967,28.368223295759528,7.803274288781535,,0.7179280730005367
240,36.9699409554482,9.708803005904455,8.514492753623188,3.8714439076757916,4.206924315619967,28.207192699946322,7.803274288781535,,0.7179280730005367
241,37.19135802469136,9.702093397745571,8.420558239398819,3.8714439076757916,4.206924315619967,28.08641975308642,7.803274288781535,,0.7179280730005367
242,37.15780998389694,9.681964573268921,8.561460010735374,3.8580246913580245,4.193505099302201,28.06629092860977,7.763016639828234,,0.7179280730005367
243,36.862587224906065,9.681964573268921,8.527911969940956,3.824476650563607,4.193505099302201,27.657004830917874,8.588298443370908,,0.6642512077294686
244,37.063875469672574,9.681964573268921,8.507783145464305,3.797638217928073,4.193505099302201,27.51610305958132,8.57487922705314,,0.6642512077294686
245,37.29200214707461,9.681964573268921,8.36688137412775,3.784219001610306,4.193505099302201,27.47584541062802,8.541331186258722,,0.6642512077294686
246,37.473161567364464,9.66183574879227,8.353462157809984,3.770799785292539,4.186795491143317,27.408749329039185,8.480944712828771,,0.6642512077294686
247,37.76838432635534,9.648416532474503,8.474235104669887,3.717122920021471,4.166666666666667,27.13365539452496,8.427267847557703,,0.6642512077294686
248,36.52710681696189,9.245840042941492,8.172302737520129,3.6902844873859366,4.106280193236715,30.22007514761138,7.37385936661299,,0.6642512077294686
249,36.68813741277509,9.232420826623725,8.172302737520129,3.6902844873859366,4.106280193236715,30.132850241545892,7.313472893183038,,0.6642512077294686
250,36.64787976382179,9.178743961352657,8.447396672034353,3.7775093934514223,4.019055287171229,29.918142780461622,7.219538378958669,,0.7917337627482555
251,37.1309715512614,9.138486312399356,8.561460010735374,3.670155662909286,4.019055287171229,29.60950080515298,7.078636607622115,,0.7917337627482555
252,36.621041331186255,8.635265700483092,7.957595276435856,3.535963499731616,3.549382716049383,31.843800322061192,7.065217391304348,,0.7917337627482555
253,36.72168545356951,8.588298443370908,8.091787439613526,3.535963499731616,3.5426731078904994,31.756575415995705,6.998121309715513,,0.7648953301127214
254,36.8491680085883,8.561460010735374,8.091787439613526,3.5225442834138487,3.5426731078904994,31.696188942565755,6.998121309715513,,0.7380568974771873
255,36.97665056360709,8.487654320987655,8.091787439613526,3.5225442834138487,3.488996242619431,31.582125603864736,6.998121309715513,,0.8521202361782072
256,36.9296833064949,8.460815888352121,8.199141170155663,3.502415458937198,3.549382716049383,31.561996779388085,6.944444444444445,,0.8521202361782072
257,37.144390767579175,8.360171765968868,8.199141170155663,3.743961352657005,3.5091250670960816,31.253354804079443,6.937734836285561,,0.8521202361782072
258,37.57380568974772,8.125335480407944,8.313204508856682,3.7372517444981215,3.4017713365539453,30.99838969404187,6.937734836285561,,0.9125067096081588
259,37.996511003757384,8.125335480407944,8.185721953837897,3.797638217928073,3.3816425120772946,30.823939881910896,6.776704240472356,,0.9125067096081588
260,38.097155126140635,8.051529790660226,8.28636607622115,3.770799785292539,3.3816425120772946,30.669618894256576,6.830381105743425,,0.9125067096081588
261,38.419216317767045,8.051529790660226,8.111916264090176,3.770799785292539,3.3816425120772946,30.50858829844337,6.843800322061192,,0.9125067096081588
262,38.808373590982285,7.9039184111647875,8.05823939881911,3.656736446591519,3.3816425120772946,30.434782608695652,6.843800322061192,,0.9125067096081588
263,38.83521202361782,7.897208803005904,8.541331186258722,3.589640365002684,3.3816425120772946,29.998658078368223,6.843800322061192,,0.9125067096081588
264,38.86205045625336,7.836822329575953,8.655394524959743,3.589640365002684,3.3816425120772946,29.97181964573269,6.790123456790123,,0.9125067096081588
265,39.01637144390767,7.816693505099302,8.628556092324208,3.5762211486849167,3.3816425120772946,29.87788513150832,6.790123456790123,,0.9125067096081588
266,39.28475577026302,7.809983896940419,8.53462157809984,3.5762211486849167,3.3816425120772946,29.73027375201288,6.769994632313473,,0.9125067096081588
267,39.452495974235106,7.796564680622652,8.561460010735374,3.5762211486849167,3.374932903918411,29.488727858293075,6.850509930220075,,0.8990874932903918
268,39.69404186795491,7.796564680622652,8.400429414922169,3.556092324208266,3.569511540526033,29.25389157273215,6.850509930220075,,0.8789586688137413
269,40.00939345142244,7.796564680622652,8.319914117015566,3.488996242619431,3.569511540526033,29.09957058507783,6.837090713902308,,0.8789586688137413
270,40.04965110037574,7.763016639828234,8.319914117015566,3.4621578099838968,3.5225442834138487,28.945249597423512,7.125603864734299,,0.8118625872249061
271,40.33816425120773,7.669082125603865,8.319914117015566,3.4621578099838968,3.421900161030596,28.797638217928075,7.179280730005368,,0.8118625872249061
