,45,50,55,53,51,52,54,56,57
0,96.59822866344605,3.4017713365539453,,,,,,,
1,95.77294685990339,4.2270531400966185,,,,,,,
2,84.6081588835212,15.271068169618895,0.12077294685990338,,,,,,
3,75.42270531400966,21.940418679549115,0.12077294685990338,2.5161030595813205,,,,,
4,73.34272678475577,23.376274825550187,0.12077294685990338,2.4691358024691357,0.6910896403650026,,,,
5,73.37627482555018,20.967525496511005,0.12077294685990338,2.4557165861513686,3.079710144927536,,,,
6,68.43129361245303,27.83816425120773,0.12077294685990338,2.4557165861513686,1.1540526033279657,,,,
7,67.6731078904992,28.59634997316157,0.12077294685990338,2.4557165861513686,1.1540526033279657,,,,
8,62.92270531400966,25.825281803542673,0.12077294685990338,2.4020397208803006,8.729200214707461,,,,
9,60.48040794417606,29.944981213097154,0.08051529790660225,1.7310789049919484,7.763016639828234,,,,
10,57.8166935050993,30.152979066022546,0.08051529790660225,0.9728931830381106,7.7361782071927,3.240740740740741,,,
11,54.2337627482555,33.73590982286635,0.08051529790660225,0.9728931830381106,7.7361782071927,3.240740740740741,,,
12,54.32769726247987,33.65539452495974,0.08051529790660225,0.9728931830381106,7.722758990874933,3.240740740740741,,,
13,54.34111647879764,33.641975308641975,0.08051529790660225,0.9728931830381106,7.722758990874933,3.240740740740741,,,
14,53.96537842190016,33.77616747181965,0.08051529790660225,0.9728931830381106,7.27992485238862,3.92512077294686,,,
15,51.09366612989801,33.87010198604401,0.7112184648416533,1.7981749865807837,8.601717659688674,3.92512077294686,,,
16,50.47638217928073,34.514224369296834,0.7112184648416533,1.7981749865807837,7.957595276435856,4.542404723564144,,,
17,50.677670424047236,34.31964573268921,0.7112184648416533,1.7981749865807837,7.957595276435856,4.53569511540526,,,
18,50.30193236714976,34.70209339774557,0.7112184648416533,1.7981749865807837,7.957595276435856,4.528985507246377,,,
19,43.43129361245303,40.123456790123456,0.7112184648416533,1.7981749865807837,9.406870638754697,4.528985507246377,,,
20,42.28395061728395,42.7938808373591,0.7112184648416533,1.3419216317767042,8.172302737520129,3.455448201825013,1.2412775093934514,,
21,40.351583467525494,42.35775630703167,0.7112184648416533,1.3419216317767042,10.540794417606012,3.455448201825013,1.2412775093934514,,
22,40.49919484702093,42.250402576489535,0.7112184648416533,1.3419216317767042,10.507246376811594,3.455448201825013,1.2345679012345678,,
23,40.666935050993025,42.12292002147075,0.7112184648416533,1.3419216317767042,10.50053676865271,3.44873859366613,1.2077294685990339,,
24,40.284487385936664,41.51905528717123,0.6776704240472357,1.3419216317767042,11.520397208803006,3.44873859366613,1.2077294685990339,,
25,40.4723564143854,41.37144390767579,0.6776704240472357,1.3419216317767042,11.480139559849706,3.44873859366613,1.2077294685990339,,
26,39.66720343531938,42.27724100912507,0.6776704240472357,1.3419216317767042,11.41304347826087,3.4286097691894795,1.1943102522812667,,
27,39.99597423510467,41.94176060118089,0.6776704240472357,1.3419216317767042,10.990338164251208,3.8714439076757916,1.1808910359634996,,
28,40.27106816961889,41.75389157273215,0.6776704240472357,1.3083735909822867,10.963499731615673,3.844605475040258,1.1808910359634996,,
29,34.21229200214707,47.758990874932906,0.6776704240472357,1.2345679012345678,12.258454106280194,2.677133655394525,1.1808910359634996,,
30,27.455716586151368,54.95169082125604,0.6776704240472357,1.2345679012345678,11.674718196457327,2.677133655394525,1.328502415458937,,
31,27.274557165861513,52.57648953301127,0.6776704240472357,1.7579173376274826,11.084272678475577,5.307300053676865,1.3217928073000538,,
32,27.38191089640365,51.39559849704777,0.6776704240472357,3.3682232957595275,10.601180891035963,5.307300053676865,1.2681159420289856,,
33,27.160493827160494,49.6309715512614,0.6038647342995169,3.3682232957595275,13.030059044551798,4.938271604938271,1.2681159420289856,,
34,19.77992485238862,56.26006441223833,0.6038647342995169,3.3682232957595275,12.694578636607622,5.528717122920021,1.7646269457863661,,
35,19.712828770799785,47.46376811594203,0.6038647342995169,3.099838969404187,21.87332259796028,5.481749865807837,1.7646269457863661,,
36,19.81347289318304,45.511272141706925,0.7179280730005367,5.609232420826624,21.135265700483092,5.448201825013419,1.7646269457863661,,
37,19.91411701556629,45.45759527643585,0.7179280730005367,5.609232420826624,21.101717659688674,5.434782608695652,1.7646269457863661,,
38,20.169082125603865,45.34353193773484,0.7179280730005367,5.609232420826624,21.007783145464305,5.401234567901234,1.751207729468599,,
39,20.417337627482556,44.81347289318304,0.7179280730005367,5.609232420826624,20.9272678475577,5.387815351583468,2.1269457863660763,,
40,20.511272141706925,44.73295759527644,0.7179280730005367,5.609232420826624,20.79307568438003,5.374396135265701,2.1269457863660763,0.13419216317767044,
41,20.705850778314545,44.36392914653784,0.2214170692431562,5.58239398819109,20.645464304884594,6.219806763285024,2.1269457863660763,0.13419216317767044,
42,20.081857219538378,44.26328502415459,0.3421900161030596,5.5756843800322065,21.390230810520666,6.085614600107354,2.1269457863660763,0.13419216317767044,
43,20.041599570585078,43.67283950617284,0.3421900161030596,6.3070316693505095,21.316425120772948,6.0587761674718195,2.1269457863660763,0.13419216317767044,
44,18.69296833064949,42.270531400966185,0.3421900161030596,5.676328502415459,24.745034889962426,6.011808910359635,2.1269457863660763,0.13419216317767044,
45,18.4044551798175,37.01690821256039,0.2214170692431562,5.642780461621041,24.698067632850243,12.31213097155126,1.5767579173376274,0.1274825550187869,
46,18.753354804079443,36.82903918411165,0.2214170692431562,5.642780461621041,24.537037037037038,12.31213097155126,1.5767579173376274,0.1274825550187869,
47,19.129092860976918,36.22517444981213,0.2214170692431562,5.622651637144391,24.879227053140095,12.218196457326892,1.5767579173376274,0.1274825550187869,
48,19.229736983360173,34.48067632850242,0.2214170692431562,5.589103596349974,24.698067632850243,14.076757917337627,1.5767579173376274,0.1274825550187869,
49,19.47799248523886,34.35319377348363,0.2214170692431562,5.589103596349974,24.610842726784757,14.04320987654321,1.5767579173376274,0.1274825550187869,
50,19.95437466451959,34.19216317767042,0.2214170692431562,5.542136339237788,24.4699409554482,13.915727321524423,1.5767579173376274,0.1274825550187869,
51,20.034889962426195,32.56843800322061,0.2214170692431562,6.649221685453569,24.053945249597422,14.76784755770263,1.5767579173376274,0.1274825550187869,
52,17.579173376274827,27.34836285560923,0.11406333870101985,8.769457863660762,31.723027375201287,12.761674718196458,1.5767579173376274,0.1274825550187869,
53,12.13768115942029,33.8768115942029,0.11406333870101985,6.146001073537305,32.66237251744498,13.446054750402576,1.4895330112721417,0.1274825550187869,
54,12.473161567364466,33.1857219538379,0.6910896403650026,6.119162640901771,32.48121309715513,13.43263553408481,1.4895330112721417,0.1274825550187869,
55,12.761674718196458,33.091787439613526,0.6910896403650026,6.119162640901771,32.14573268921095,13.405797101449275,1.4895330112721417,0.2952227589908749,
56,12.949543746645196,33.02469135802469,0.6910896403650026,6.119162640901771,32.10547504025765,13.33870101986044,1.4761137949543746,0.2952227589908749,
57,13.16425120772947,32.96430488459474,0.6910896403650026,6.105743424584004,31.97799248523886,13.325281803542673,1.4761137949543746,0.2952227589908749,
58,13.405797101449275,32.9374664519592,0.6910896403650026,6.092324208266238,31.662640901771336,13.325281803542673,1.4761137949543746,0.4092860976918948,
59,13.600375738056897,32.8569511540526,0.6910896403650026,6.092324208266238,31.635802469135804,13.271604938271604,1.442565754159957,0.4092860976918948,
60,13.191089640365004,31.608964036500268,0.6910896403650026,6.092324208266238,36.90955448201825,10.131508319914117,0.9796027911969941,0.39586688137412773,
61,12.365807836822329,34.977187332259795,0.7783145464304885,5.656199677938808,37.74825550187869,7.098765432098766,0.9796027911969941,0.39586688137412773,
62,12.506709608158884,34.91009125067096,0.7783145464304885,5.622651637144391,37.70799785292539,7.098765432098766,0.9796027911969941,0.39586688137412773,
63,12.218196457326892,33.61513687600644,0.7783145464304885,5.005367686527107,36.65458937198068,10.352925389157273,0.9796027911969941,0.39586688137412773,
64,12.573805689747719,33.313204508856685,0.9192163177670424,4.99194847020934,36.47342995169082,10.352925389157273,0.9796027911969941,0.39586688137412773,
65,12.781803542673108,30.280461621041333,0.8856682769726248,4.99194847020934,36.28556092324208,13.439345142243694,0.9393451422436929,0.39586688137412773,
66,13.070316693505099,30.19994632313473,0.8856682769726248,4.924852388620504,35.63472893183038,13.24476650563607,1.6438539989264627,0.39586688137412773,
67,13.157541599570585,29.736983360171767,0.8856682769726248,4.824208266237251,35.55421363392378,12.97638217928073,2.4691358024691357,0.39586688137412773,
68,13.238056897477188,29.26731078904992,0.8722490606548577,4.824208266237251,34.90338164251208,12.942834138486312,3.556092324208266,0.39586688137412773,
69,13.593666129898015,29.186795491143318,0.8588298443370908,4.824208266237251,34.675254965110035,12.909286097691895,3.556092324208266,0.39586688137412773,
70,12.258454106280194,24.235104669887278,0.6709608158883521,4.253891572732153,36.882716049382715,18.592324208266238,2.7106816961889426,0.39586688137412773,
71,12.5,24.194847020933977,0.6709608158883521,4.2203435319377345,36.7686527106817,18.53864734299517,2.7106816961889426,0.39586688137412773,
72,12.426194310252281,23.899624261943103,0.6709608158883521,4.5893719806763285,35.909822866344605,19.612184648416534,2.49597423510467,0.39586688137412773,
73,12.714707461084272,21.638486312399355,0.630703166935051,4.5893719806763285,35.87627482555019,19.51154052603328,4.643048845947397,0.39586688137412773,
74,12.392646269457863,21.544551798174986,0.630703166935051,5.253623188405797,34.58803005904455,20.819914117015568,4.374664519592056,0.39586688137412773,
75,12.553676865271068,21.517713365539453,0.630703166935051,5.233494363929147,34.5276435856146,20.779656468062264,4.361245303274289,0.39586688137412773,
76,12.895866881374127,21.43719806763285,0.630703166935051,5.112721417069243,33.11862587224906,22.15512614063339,4.260601180891036,0.38915727321524424,
77,13.291733762748256,21.370101986044016,0.630703166935051,5.052334943639291,32.96430488459474,21.906870638754697,4.260601180891036,0.38915727321524424,0.13419216317767044
78,13.580246913580247,21.26274825550188,0.630703166935051,5.045625335480408,32.830112721417066,21.866612989801396,4.260601180891036,0.38915727321524424,0.13419216317767044
79,13.774825550187868,20.90042941492217,0.630703166935051,6.78341384863124,32.2061191626409,21.101717659688674,4.079441760601181,0.38915727321524424,0.13419216317767044
80,12.808641975308642,19.45786366076221,1.5365002683843263,6.716317767042405,33.28636607622115,20.685721953837895,4.575952764358561,0.798443370907139,0.13419216317767044
81,12.104133118625873,18.095813204508858,1.5365002683843263,4.609500805152979,38.94927536231884,20.075147611379496,3.69699409554482,0.798443370907139,0.13419216317767044
82,12.117552334943639,18.055555555555557,1.4694041867954912,4.609500805152979,39.720880300590444,19.424315619967793,3.670155662909286,0.798443370907139,0.13419216317767044
83,12.157809983896941,17.53220611916264,2.100107353730542,4.609500805152979,38.989533011272144,19.384057971014492,4.294149221685454,0.798443370907139,0.13419216317767044
84,12.117552334943639,16.25067096081589,2.2208803005904456,5.522007514761138,41.096349973161566,18.760064412238325,3.012614063338701,0.8856682769726248,0.13419216317767044
85,12.278582930756844,16.23725174449812,2.2208803005904456,5.495169082125604,41.0426731078905,18.71309715512614,2.9924852388620504,0.8856682769726248,0.13419216317767044
86,12.674449812130971,16.14331723027375,2.2208803005904456,5.4616210413311865,40.83467525496511,18.679549114331724,2.965646806226516,0.8856682769726248,0.13419216317767044
87,12.989801395598498,16.049382716049383,2.214170692431562,5.441492216854535,40.70048309178744,18.61916264090177,2.965646806226516,0.8856682769726248,0.13419216317767044
88,13.177670424047236,16.009125067096083,2.214170692431562,5.441492216854535,40.485775630703166,18.585614600107355,2.932098765432099,1.0198604401502953,0.13419216317767044
89,13.258185721953838,15.432098765432098,3.0730005367686526,5.434782608695652,38.88217928073001,18.4447128287708,4.320987654320987,1.0198604401502953,0.13419216317767044
90,13.070316693505099,15.391841116478798,2.9388083735909825,6.407675791733762,37.58722490606549,18.417874396135264,4.28743961352657,1.7646269457863661,0.13419216317767044
91,13.311862587224907,15.143585614600108,3.535963499731616,6.233225979602791,37.27858293075684,18.38432635534085,4.233762748255502,1.7444981213097155,0.13419216317767044
92,12.989801395598498,14.962426194310252,3.099838969404187,4.30756843800322,41.686795491143315,16.928341384863124,4.146537842190016,1.7444981213097155,0.13419216317767044
93,12.99651100375738,14.42565754159957,3.099838969404187,5.199946323134729,41.56602254428341,16.686795491143318,4.146537842190016,1.7444981213097155,0.13419216317767044
94,13.22463768115942,14.143853998926463,3.099838969404187,5.166398282340311,41.25067096081589,17.53220611916264,3.7037037037037037,1.7444981213097155,0.13419216317767044
95,13.365539452495975,13.654052603327965,3.099838969404187,5.052334943639291,41.30434782608695,17.330917874396135,4.341116478797638,1.7176596886741815,0.13419216317767044
96,13.580246913580247,13.399087493290391,3.0730005367686526,5.931293612453032,40.955448201825014,16.908212560386474,4.300858829844337,1.7176596886741815,0.13419216317767044
97,14.15727321524423,13.399087493290391,3.0730005367686526,5.803811057434245,40.707192699946326,16.814278046162105,4.193505099302201,1.7176596886741815,0.13419216317767044
98,14.036500268384327,12.902576489533011,2.623456790123457,5.750134192163178,38.35212023617821,19.618894256575416,4.864465915190553,1.7176596886741815,0.13419216317767044
99,14.345142243692969,12.86231884057971,2.5966183574879227,5.730005367686527,38.20450885668277,19.578636607622116,4.830917874396135,1.7176596886741815,0.13419216317767044
100,13.560118089103597,12.667740203972087,2.589908749329039,5.730005367686527,35.00402576489533,24.46323134728932,4.233762748255502,1.6170155662909287,0.13419216317767044
101,13.90901771336554,12.667740203972087,2.589908749329039,5.703166935050993,34.76247987117552,24.382716049382715,4.233762748255502,1.6170155662909287,0.13419216317767044
102,13.6808910359635,12.338969404186795,2.589908749329039,8.876811594202898,34.74906065485776,21.846484165324746,4.2203435319377345,1.6170155662909287,0.08051529790660225
103,13.868760064412239,12.157809983896941,2.563070316693505,8.923778851315083,34.21229200214707,22.906602254428343,4.2203435319377345,1.06682769726248,0.08051529790660225
104,14.150563607085346,12.157809983896941,2.563070316693505,8.863392377885132,34.07809983896941,22.819377348362856,4.2203435319377345,1.06682769726248,0.08051529790660225
105,13.7211486849168,12.144390767579173,2.563070316693505,8.219269994632313,33.9573268921095,24.44981213097155,3.797638217928073,1.06682769726248,0.08051529790660225
106,13.553408480944713,12.00348899624262,3.515834675254965,8.219269994632313,31.662640901771336,26.288244766505635,3.616478797638218,1.0601180891035964,0.08051529790660225
107,13.714439076757918,11.829039184111648,3.515834675254965,9.084809447128288,31.635802469135804,25.462962962962962,3.616478797638218,1.0601180891035964,0.08051529790660225
108,13.942565754159958,11.829039184111648,3.502415458937198,9.084809447128288,31.5552871712292,25.328770799785293,3.616478797638218,1.0601180891035964,0.08051529790660225
109,14.13714439076758,11.829039184111648,2.4221685453569513,11.480139559849706,30.48174986580784,25.221417069243156,3.294417606011809,1.0534084809447128,0.08051529790660225
110,14.378690284487385,11.77536231884058,2.4221685453569513,13.291733762748256,30.04562533548041,23.658078368223297,3.294417606011809,1.0534084809447128,0.08051529790660225
111,14.694041867954912,11.58749329039184,2.6972624798711755,13.130703166935051,29.891304347826086,23.517176596886742,3.3548040794417604,1.0466988727858293,0.08051529790660225
112,14.88191089640365,11.540526033279656,2.657004830917874,13.110574342458401,29.864465915190554,23.463499731615673,3.3548040794417604,1.0466988727858293,0.08051529790660225
113,15.304616210413311,11.540526033279656,2.657004830917874,13.043478260869565,29.817498658078367,23.282340311325818,3.3548040794417604,0.9192163177670424,0.08051529790660225
114,15.418679549114332,11.493558776167472,2.657004830917874,13.714439076757918,29.66988727858293,22.7187332259796,3.3480944712828773,0.8990874932903918,0.08051529790660225
115,15.915190552871712,11.493558776167472,2.657004830917874,13.6406333870102,29.32769726247987,22.638217928073,3.3480944712828773,0.8990874932903918,0.08051529790660225
116,16.0829307568438,11.406333870101985,3.8378958668813743,13.325281803542673,28.690284487385938,22.32957595276436,3.3480944712828773,0.8990874932903918,0.08051529790660225
117,13.667471819645733,9.608158883521202,3.374932903918411,11.144659151905529,34.977187332259795,20.42404723564144,5.911164787976382,0.8118625872249061,0.08051529790660225
118,13.674181427804616,9.534353193773484,3.603059581320451,11.144659151905529,33.19243156199678,22.04777241009125,5.911164787976382,0.8118625872249061,0.08051529790660225
119,14.009661835748792,9.494095544820183,3.589640365002684,11.144659151905529,33.01798174986581,21.980676328502415,5.884326355340848,0.798443370907139,0.08051529790660225
120,14.224369296833064,9.044551798174986,3.535963499731616,11.668008588298443,32.94417606011809,21.85319377348363,5.850778314546431,0.798443370907139,0.08051529790660225
121,14.15727321524423,8.628556092324208,3.535963499731616,11.540526033279656,34.306226516371446,21.316425120772948,5.8239398819108965,0.6105743424584005,0.08051529790660225
122,14.345142243692969,8.373590982286634,3.6097691894793345,10.299248523886206,33.52120236178207,23.423242082662373,5.736714975845411,0.6105743424584005,0.08051529790660225
123,14.579978529253891,8.313204508856682,3.6097691894793345,10.285829307568438,33.02469135802469,23.758722490606548,5.736714975845411,0.6105743424584005,0.08051529790660225
124,13.70101986044015,8.024691358024691,3.6097691894793345,10.19189479334407,29.126409017713364,28.958668813741276,5.6964573268921095,0.6105743424584005,0.08051529790660225
125,13.821792807300053,8.024691358024691,3.6097691894793345,10.158346752549651,29.09957058507783,28.898282340311326,5.6964573268921095,0.6105743424584005,0.08051529790660225
126,13.83521202361782,7.5348899624261945,3.3548040794417604,10.11808910359635,30.656199677938808,28.663446054750402,5.146269457863661,0.6105743424584005,0.08051529790660225
127,13.855340848094471,7.434245840042942,4.025764895330113,10.017444981213098,30.50187869028449,28.327965646806227,5.146269457863661,0.6105743424584005,0.08051529790660225
128,13.962694578636608,7.434245840042942,3.9989264626945786,9.990606548577563,30.46833064949007,28.307836822329577,5.146269457863661,0.6105743424584005,0.08051529790660225
129,13.030059044551798,7.39398819108964,3.844605475040258,9.970477724100913,36.553945249597426,23.832528180354267,5.072463768115942,0.2214170692431562,0.08051529790660225
130,13.271604938271604,7.39398819108964,3.844605475040258,9.950348899624261,36.43317230273752,23.362855609232422,5.394524959742351,0.2683843263553409,0.08051529790660225
131,13.539989264626946,7.39398819108964,3.81105743424584,9.822866344605474,36.2788513150832,23.275630703166936,5.542136339237788,0.2549651100375738,0.08051529790660225
132,13.902308105206655,7.353730542136339,3.7640901771336552,9.77589908749329,36.20504562533548,23.14814814814815,5.515297906602254,0.2549651100375738,0.08051529790660225
133,13.875469672571121,7.340311325818572,3.8848631239935587,11.614331723027375,34.44041867954911,23.007246376811594,5.501878690284487,0.2549651100375738,0.08051529790660225
134,14.163982823403114,7.326892109500805,3.864734299516908,11.52710681696189,34.272678475577024,23.007246376811594,5.501878690284487,0.2549651100375738,0.08051529790660225
135,14.2914653784219,7.306763285024155,3.824476650563607,11.52710681696189,34.23242082662372,22.993827160493826,5.488459473966721,0.2549651100375738,0.08051529790660225
136,14.029790660225443,6.769994632313473,3.361513687600644,10.876274825550189,34.17874396135266,24.966451959205582,5.481749865807837,0.2549651100375738,0.08051529790660225
137,13.801663982823403,6.749865807836822,3.361513687600644,10.876274825550189,34.94363929146538,24.46323134728932,5.46833064949007,0.2549651100375738,0.08051529790660225
138,14.023081052066559,6.723027375201288,3.361513687600644,10.836017176596886,34.876543209876544,24.3894256575416,5.4549114331723025,0.2549651100375738,0.08051529790660225
139,14.284755770263017,6.709608158883521,3.3480944712828773,10.836017176596886,34.75577026301664,24.288781535158346,5.441492216854535,0.2549651100375738,0.08051529790660225
140,14.264626945786366,6.702898550724638,3.207192699946323,11.748523886205046,34.66183574879227,23.637949543746647,5.441492216854535,0.2549651100375738,0.08051529790660225
141,14.51959205582394,6.622383252818035,3.2004830917874396,11.714975845410628,34.554482018250134,23.61111111111111,5.441492216854535,0.2549651100375738,0.08051529790660225
142,14.761137949543746,6.494900697799249,3.2004830917874396,11.701556629092861,34.50080515297907,23.564143853998928,5.441492216854535,0.2549651100375738,0.08051529790660225
143,14.579978529253891,6.300322061191626,2.898550724637681,10.701825013419215,34.38674181427805,26.496242619431026,4.300858829844337,0.2549651100375738,0.08051529790660225
144,14.667203435319378,6.172839506172839,2.8784219001610305,10.621309715512615,33.682232957595275,27.355072463768117,4.28743961352657,0.2549651100375738,0.08051529790660225
145,14.9020397208803,6.172839506172839,3.012614063338701,10.621309715512615,33.53462157809984,27.220880300590444,4.200214707461084,0.2549651100375738,0.08051529790660225
146,15.029522275899087,6.166129898013956,2.999194847020934,10.59447128287708,33.48094471282877,27.194041867954912,4.200214707461084,0.2549651100375738,0.08051529790660225
147,15.143585614600108,6.139291465378422,2.999194847020934,10.581052066559312,33.44739667203435,27.17391304347826,4.180085882984434,0.2549651100375738,0.08051529790660225
148,15.49248523886205,6.132581857219538,2.818035426731079,10.916532474503489,33.23268921095008,26.90552871712292,4.166666666666667,0.2549651100375738,0.08051529790660225
149,15.874932903918411,6.112453032742888,2.7979066022544283,10.896403650026839,33.15217391304348,26.690821256038646,4.139828234031133,0.2549651100375738,0.08051529790660225
150,16.364734299516908,6.0587761674718195,2.7442297369833604,10.748792270531402,32.82340311325819,26.570048309178745,4.3545356951154055,0.2549651100375738,0.08051529790660225
151,16.27750939345142,6.018518518518518,2.5429414922168547,12.614063338701019,31.132581857219538,26.06682769726248,4.488727858293076,0.7917337627482555,0.06709608158883522
152,16.27079978529254,6.018518518518518,2.5429414922168547,13.137412775093935,31.11916264090177,25.563607085346217,4.488727858293076,0.7917337627482555,0.06709608158883522
153,16.29092860976919,6.018518518518518,3.166935050993022,12.52012882447665,31.105743424584006,25.55018786902845,4.488727858293076,0.7917337627482555,0.06709608158883522
154,16.512345679012345,6.018518518518518,3.166935050993022,12.4597423510467,31.01851851851852,25.47638217928073,4.488727858293076,0.7917337627482555,0.06709608158883522
155,16.6532474503489,6.011808910359635,3.166935050993022,12.245034889962426,30.575684380032207,25.43612453032743,5.052334943639291,0.7917337627482555,0.06709608158883522
156,16.874664519592056,6.011808910359635,3.166935050993022,12.191358024691358,30.48174986580784,25.36231884057971,5.052334943639291,0.7917337627482555,0.06709608158883522
157,16.525764895330113,5.481749865807837,3.0730005367686526,12.13768115942029,31.78341384863124,25.0805152979066,5.005367686527107,0.8454106280193237,0.06709608158883522
158,16.626409017713364,5.481749865807837,3.046162104133119,12.124261943102523,31.729736983360173,25.07380568974772,5.005367686527107,0.8454106280193237,0.06709608158883522
159,16.861245303274288,5.481749865807837,3.0394524959742353,12.110842726784755,31.676060118089104,24.953032742887814,4.9651100375738055,0.8454106280193237,0.06709608158883522
160,17.028985507246375,5.46833064949007,3.0193236714975846,11.842458400429415,31.608964036500268,25.15432098765432,4.9651100375738055,0.8454106280193237,0.06709608158883522
161,17.250402576489535,5.46833064949007,3.012614063338701,11.802200751476114,31.5552871712292,25.02012882447665,4.978529253891573,0.8454106280193237,0.06709608158883522
162,17.458400429414922,5.555555555555555,3.012614063338701,11.79549114331723,31.353998926462694,24.94632313472893,4.9651100375738055,0.8454106280193237,0.06709608158883522
163,17.820719269994633,5.535426731078905,3.1535158346752548,11.721685453569512,31.219806763285025,24.671229200214707,4.9651100375738055,0.8454106280193237,0.06709608158883522
164,17.793880837359097,5.501878690284487,3.878153515834675,11.708266237251744,30.803811057434245,24.4296833064949,5.018786902844874,0.798443370907139,0.06709608158883522
165,17.921363392377884,5.501878690284487,3.878153515834675,11.708266237251744,30.723295759527645,24.3894256575416,5.01207729468599,0.798443370907139,0.06709608158883522
166,18.04884594739667,5.475040257648954,3.878153515834675,11.674718196457327,30.059044551798173,24.986580783682232,5.01207729468599,0.798443370907139,0.06709608158883522
167,18.45813204508857,5.46833064949007,3.8311862587224907,11.540526033279656,29.978529253891573,24.912775093934513,4.944981213097155,0.798443370907139,0.06709608158883522
168,18.605743424584006,5.46833064949007,3.824476650563607,11.936392914653783,29.676596886741816,24.785292538915726,4.871175523349437,0.7648953301127214,0.06709608158883522
169,18.78690284487386,5.46833064949007,3.797638217928073,11.98336017176597,29.53569511540526,24.731615673644658,4.864465915190553,0.7648953301127214,0.06709608158883522
170,18.59903381642512,5.46833064949007,3.69699409554482,11.674718196457327,31.57541599570585,23.544015029522274,4.609500805152979,0.7648953301127214,0.06709608158883522
171,18.612453032742888,5.46833064949007,3.502415458937198,13.056897477187333,30.52200751476114,23.43666129898014,4.569243156199678,0.7648953301127214,0.06709608158883522
172,18.739935587761675,5.4549114331723025,3.502415458937198,12.593934514224369,29.97181964573269,24.342458400429415,4.562533548040794,0.7648953301127214,0.06709608158883522
173,19.122383252818036,5.4549114331723025,3.502415458937198,12.486580783682234,29.904723564143854,24.168008588298445,4.528985507246377,0.7648953301127214,0.06709608158883522
174,19.330381105743424,5.4549114331723025,3.502415458937198,12.47987117552335,29.884594739667204,24.04723564143854,4.468599033816425,0.7648953301127214,0.06709608158883522
175,19.53166935050993,5.441492216854535,3.502415458937198,12.439613526570048,29.810789049919485,23.98684916800859,4.455179817498658,0.7648953301127214,0.06709608158883522
176,19.773215244229736,5.428073000536768,3.44873859366613,12.399355877616747,29.723564143854,23.946591519055286,4.448470209339774,0.7648953301127214,0.06709608158883522
177,19.64573268921095,5.428073000536768,3.44873859366613,11.862587224906065,32.098765432098766,23.03408480944713,3.6500268384326353,0.7648953301127214,0.06709608158883522
178,19.75979602791197,5.428073000536768,3.4420289855072466,11.81561996779388,32.058507783145465,23.027375201288244,3.6500268384326353,0.7514761137949544,0.06709608158883522
179,20.001341921631777,5.428073000536768,3.4420289855072466,11.768652710681696,31.964573268921097,22.96027911969941,3.616478797638218,0.7514761137949544,0.06709608158883522
180,19.97450348899624,5.428073000536768,3.670155662909286,11.701556629092861,31.48148148148148,22.785829307568438,3.992216854535695,0.8990874932903918,0.06709608158883522
181,20.477724100912507,5.387815351583468,3.670155662909286,11.681427804616211,31.233225979602793,22.5979602791197,3.9855072463768115,0.8990874932903918,0.06709608158883522
182,20.625335480407944,5.387815351583468,3.7372517444981215,11.674718196457327,31.206387546967257,22.457058507783145,3.9586688137412773,0.8856682769726248,0.06709608158883522
183,20.645464304884594,5.387815351583468,3.824476650563607,11.668008588298443,31.15271068169619,22.416800858829845,3.9519592055823938,0.8856682769726248,0.06709608158883522
184,20.8467525496511,5.387815351583468,3.81105743424584,11.641170155662909,31.07890499194847,22.33628556092324,3.9452495974235107,0.8856682769726248,0.06709608158883522
185,21.014492753623188,5.387815351583468,3.7909286097691894,11.627750939345143,31.03864734299517,22.24235104669887,3.9452495974235107,0.8856682769726248,0.06709608158883522
186,21.16881374127751,5.387815351583468,3.7775093934514223,11.621041331186259,30.971551261406333,22.20209339774557,3.92512077294686,0.8856682769726248,0.06038647342995169
187,21.3768115942029,5.360976918947934,3.7775093934514223,11.56736446591519,30.911164787976382,22.134997316156735,3.92512077294686,0.8856682769726248,0.06038647342995169
188,21.524422973698336,5.35426731078905,3.7775093934514223,11.56736446591519,30.88432635534085,21.980676328502415,3.8915727321524423,0.8789586688137413,0.14090177133655393
189,21.26945786366076,5.35426731078905,4.3478260869565215,10.869565217391305,32.19940955448202,21.048040794417606,3.8915727321524423,0.8789586688137413,0.14090177133655393
190,21.786097691894792,5.35426731078905,4.28743961352657,10.815888352120236,31.884057971014492,20.974235104669887,3.878153515834675,0.8789586688137413,0.14090177133655393
191,22.04777241009125,5.280461621041331,4.414922168545357,11.11111111111111,31.749865807836823,20.52469135802469,3.878153515834675,0.8521202361782072,0.14090177133655393
192,22.208803005904453,5.132850241545894,4.555823939881911,11.05072463768116,31.696188942565755,20.48443370907139,3.878153515834675,0.8521202361782072,0.14090177133655393
193,22.322866344605476,5.132850241545894,4.555823939881911,11.037305421363392,31.696188942565755,20.417337627482556,3.844605475040258,0.8521202361782072,0.14090177133655393
194,22.544283413848632,5.132850241545894,4.555823939881911,10.997047772410092,31.629092860976918,20.303274288781534,3.844605475040258,0.8521202361782072,0.14090177133655393
195,22.584541062801932,5.132850241545894,4.549114331723027,12.04374664519592,30.797101449275363,20.209339774557165,3.69699409554482,0.8454106280193237,0.14090177133655393
196,22.832796564680624,5.0858829844337095,4.53569511540526,12.02361782071927,30.73671497584541,20.101986044015028,3.69699409554482,0.8454106280193237,0.14090177133655393
197,23.121309715512613,5.0858829844337095,4.53569511540526,11.90955448201825,30.649490069779926,20.021470746108427,3.6902844873859366,0.8454106280193237,0.14090177133655393
198,23.262211486849168,5.0858829844337095,4.622920021470746,11.869296833064949,30.495169082125603,19.98792270531401,3.6902844873859366,0.8454106280193237,0.14090177133655393
199,23.537305421363392,5.0858829844337095,4.609500805152979,11.849168008588299,30.327428878153516,19.91411701556629,3.6902844873859366,0.8454106280193237,0.14090177133655393
200,23.289049919484704,4.757112184648417,4.562533548040794,11.842458400429415,30.287171229200215,19.81347289318304,4.461889425657541,0.8454106280193237,0.14090177133655393
201,23.463499731615673,4.757112184648417,4.562533548040794,11.802200751476114,30.139559849704778,19.618894256575416,4.669887278582931,0.8454106280193237,0.14090177133655393
202,23.852657004830917,4.669887278582931,4.528985507246377,11.77536231884058,29.97181964573269,19.545088566827697,4.669887278582931,0.8454106280193237,0.14090177133655393
203,23.66478797638218,4.64975845410628,4.502147074610843,11.98336017176597,28.743961352657006,20.92055823939882,4.549114331723027,0.8454106280193237,0.14090177133655393
204,23.839237788513152,4.64975845410628,4.502147074610843,11.936392914653783,28.65673644659152,20.88030059044552,4.549114331723027,0.8454106280193237,0.14090177133655393
205,24.08749329039184,4.582662372517445,4.549114331723027,11.90955448201825,28.629898013955984,20.705850778314545,4.549114331723027,0.8454106280193237,0.14090177133655393
206,21.349973161567366,4.367954911433173,3.4151905528717124,13.251476113794954,32.27992485238862,20.041599570585078,4.522275899087493,0.630703166935051,0.14090177133655393
207,21.564680622651636,4.3545356951154055,3.4151905528717124,13.251476113794954,32.18599033816425,20.001341921631777,4.455179817498658,0.630703166935051,0.14090177133655393
208,21.792807300053678,4.3545356951154055,3.4151905528717124,13.211218464841654,32.09205582393988,19.90740740740741,4.455179817498658,0.630703166935051,0.14090177133655393
209,22.061191626409016,4.3545356951154055,3.4151905528717124,13.197799248523886,31.863929146537842,19.880568974771872,4.455179817498658,0.630703166935051,0.14090177133655393
210,22.20209339774557,4.3545356951154055,3.408480944712829,13.197799248523886,31.729736983360173,19.880568974771872,4.455179817498658,0.630703166935051,0.14090177133655393
211,22.396672034353195,4.3545356951154055,3.549382716049383,13.150831991411701,31.635802469135804,19.692699946323135,4.448470209339774,0.630703166935051,0.14090177133655393
212,21.69887278582931,4.274020397208803,3.549382716049383,12.895866881374127,33.293075684380035,19.108964036500268,4.408212560386473,0.630703166935051,0.14090177133655393
213,21.886741814278047,4.274020397208803,3.549382716049383,12.882447665056361,33.23268921095008,19.0150295222759,4.388083735909823,0.630703166935051,0.14090177133655393
214,22.128287707997853,4.274020397208803,3.5225442834138487,12.855609232420827,33.06494900697799,18.99490069779925,4.388083735909823,0.630703166935051,0.14090177133655393
215,22.416800858829845,3.8848631239935587,3.4017713365539453,13.47289318303811,32.96430488459474,18.887546967257112,4.200214707461084,0.630703166935051,0.14090177133655393
216,21.309715512614062,3.629898013955985,3.3950617283950617,12.99651100375738,35.57434245840043,18.753354804079443,3.656736446591519,0.5434782608695652,0.14090177133655393
217,21.30300590445518,3.629898013955985,3.3950617283950617,14.016371443907676,33.76945786366076,19.766505636070853,3.435319377348363,0.5434782608695652,0.14090177133655393
218,21.564680622651636,3.629898013955985,3.3950617283950617,14.009661835748792,33.662104133118625,19.618894256575416,3.435319377348363,0.5434782608695652,0.14090177133655393
219,21.71900161030596,3.616478797638218,3.388352120236178,14.009661835748792,33.63526570048309,19.545088566827697,3.4017713365539453,0.5434782608695652,0.14090177133655393
220,21.91358024691358,3.549382716049383,3.388352120236178,14.009661835748792,33.56816961889426,19.51825013419216,3.3682232957595275,0.5434782608695652,0.14090177133655393
221,22.23564143853999,3.549382716049383,3.374932903918411,13.969404186795492,33.41384863123994,19.404186795491142,3.3682232957595275,0.5434782608695652,0.14090177133655393
222,21.712292002147073,3.549382716049383,3.374932903918411,13.58695652173913,35.32608695652174,18.317230273752013,3.3682232957595275,0.6239935587761675,0.14090177133655393
223,21.772678475577028,3.549382716049383,3.374932903918411,13.788244766505636,35.12479871175523,18.115942028985508,3.3682232957595275,0.7648953301127214,0.14090177133655393
224,22.074610842726784,3.549382716049383,3.374932903918411,13.6808910359635,34.97047772410091,18.075684380032207,3.3682232957595275,0.7648953301127214,0.14090177133655393
225,22.067901234567902,3.549382716049383,3.3548040794417604,13.6406333870102,34.68196457326892,18.5252281266774,3.2742887815351582,0.7648953301127214,0.14090177133655393
226,22.15512614063339,3.549382716049383,3.321256038647343,13.768115942028986,34.54777241009125,18.491680085882983,3.260869565217391,0.7648953301127214,0.14090177133655393
227,22.18196457326892,3.549382716049383,3.321256038647343,13.768115942028986,34.52093397745572,18.491680085882983,3.260869565217391,0.7648953301127214,0.14090177133655393
228,22.282608695652176,3.549382716049383,3.321256038647343,13.747987117552334,34.44041867954911,18.491680085882983,3.260869565217391,0.7648953301127214,0.14090177133655393
229,22.48389694041868,3.549382716049383,3.3145464304884595,13.707729468599034,34.39345142243693,18.38432635534085,3.260869565217391,0.7648953301127214,0.14090177133655393
230,22.644927536231883,3.5426731078904994,3.3145464304884595,13.982823403113258,34.265968867418145,18.14278046162104,3.2004830917874396,0.7648953301127214,0.14090177133655393
231,22.73215244229737,3.5426731078904994,3.3145464304884595,13.94927536231884,34.23242082662372,18.12265163714439,3.2004830917874396,0.7648953301127214,0.14090177133655393
232,23.013955984970476,3.5426731078904994,3.307836822329576,13.841921631776705,34.15190552871712,18.035426731078903,3.2004830917874396,0.7648953301127214,0.14090177133655393
233,23.396403650026837,3.5292538915727323,3.307836822329576,13.768115942028986,34.03113258185722,17.8743961352657,3.2004830917874396,0.7514761137949544,0.14090177133655393
234,23.43666129898014,3.5292538915727323,3.307836822329576,13.734567901234568,34.03113258185722,17.867686527106816,3.2004830917874396,0.7514761137949544,0.14090177133655393
235,23.617820719269993,3.5292538915727323,3.280998389694042,13.560118089103597,33.93048845947396,17.847557702630166,3.3413848631239937,0.7514761137949544,0.14090177133655393
236,23.67149758454106,3.5292538915727323,3.280998389694042,13.446054750402576,33.80971551261406,18.14278046162104,3.2474503488996245,0.7313472893183038,0.14090177133655393
237,23.805689747718734,3.5292538915727323,3.2541599570585076,13.43263553408481,33.762748255501876,18.115942028985508,3.227321524422974,0.7313472893183038,0.14090177133655393
238,23.698336017176597,3.515834675254965,3.2541599570585076,13.365539452495975,33.279656468062264,18.82716049382716,3.1870638754696725,0.7313472893183038,0.14090177133655393
239,23.866076221148685,3.4822866344605474,3.2340311325818574,13.365539452495975,33.2259796027912,18.760064412238325,3.193773483628556,0.7313472893183038,0.14090177133655393
240,24.094202898550726,3.4822866344605474,3.421900161030596,13.20450885668277,33.011272141706925,18.726516371443907,3.1870638754696725,0.7313472893183038,0.14090177133655393
241,24.188137412775095,3.4822866344605474,3.421900161030596,13.191089640365004,32.94417606011809,18.71309715512614,3.1870638754696725,0.7313472893183038,0.14090177133655393
242,24.074074074074073,3.421900161030596,3.3816425120772946,13.902308105206655,32.03166935050993,19.256575415995705,3.0730005367686526,0.7179280730005367,0.14090177133655393
243,24.18142780461621,3.421900161030596,3.052871712292002,14.325013419216317,31.884057971014492,19.236446591519055,3.0394524959742353,0.7179280730005367,0.14090177133655393
244,24.08749329039184,3.4151905528717124,3.1535158346752548,14.915458937198068,31.689479334406872,19.082125603864736,2.9253891572732154,0.5971551261406334,0.13419216317767044
245,24.261943102522814,3.408480944712829,3.1535158346752548,14.88191089640365,31.642512077294686,19.02173913043478,2.898550724637681,0.5971551261406334,0.13419216317767044
246,24.329039184111647,3.408480944712829,3.1333870101986045,14.88191089640365,31.5955448201825,19.02173913043478,2.898550724637681,0.5971551261406334,0.13419216317767044
247,23.765432098765434,3.1468062265163717,2.7844873859366612,14.325013419216317,34.14519592055824,18.290391841116477,2.8113258185721954,0.5971551261406334,0.13419216317767044
248,24.020397208803004,3.1468062265163717,2.757648953301127,14.284755770263017,34.044551798174986,18.21658615136876,2.7979066022544283,0.5971551261406334,0.13419216317767044
