,45,50,55,51,52,54,53,56,57,58,60,59
0,99.63097155126141,0.36902844873859364,,,,,,,,,,
1,98.89291465378422,1.107085346215781,,,,,,,,,,
2,98.30917874396135,1.6908212560386473,,,,,,,,,,
3,94.16935050993023,5.83064949006978,,,,,,,,,,
4,93.14949006977993,6.850509930220075,,,,,,,,,,
5,89.47933440687063,10.493827160493828,0.026838432635534086,,,,,,,,,
6,89.10359634997316,10.869565217391305,0.026838432635534086,,,,,,,,,
7,88.16425120772946,11.808910359634996,0.026838432635534086,,,,,,,,,
8,87.92270531400966,11.929683306494901,0.11406333870101985,0.03354804079441761,,,,,,,,
9,84.48067632850241,15.33816425120773,0.11406333870101985,0.03354804079441761,0.03354804079441761,,,,,,,
10,83.79629629629629,15.921900161030596,0.11406333870101985,0.03354804079441761,0.03354804079441761,0.10064412238325282,,,,,,
11,83.24610842726784,16.431830381105744,0.11406333870101985,0.03354804079441761,0.07380568974771873,0.10064412238325282,,,,,,
12,80.66961889425657,19.008319914117017,0.11406333870101985,0.03354804079441761,0.07380568974771873,0.10064412238325282,,,,,,
13,78.77750939345142,20.74610842726785,0.2683843263553409,0.03354804079441761,0.07380568974771873,0.10064412238325282,,,,,,
14,78.56280193236715,20.8467525496511,0.2683843263553409,0.06709608158883522,0.07380568974771873,0.18115942028985507,,,,,,
15,78.20048309178743,21.20907139023081,0.2683843263553409,0.06709608158883522,0.07380568974771873,0.18115942028985507,,,,,,
16,77.63016639828234,21.511003757380568,0.2683843263553409,0.20128824476650564,0.20799785292538917,0.18115942028985507,,,,,,
17,76.14734299516908,22.98040794417606,0.2683843263553409,0.20128824476650564,0.2214170692431562,0.18115942028985507,,,,,,
18,75.08722490606549,23.946591519055286,0.2683843263553409,0.20128824476650564,0.2214170692431562,0.27509393451422437,,,,,,
19,73.8996242619431,24.92619431025228,0.23483628556092323,0.20128824476650564,0.2214170692431562,0.3824476650563607,0.13419216317767044,,,,,
20,71.87332259796028,26.88539989264627,0.23483628556092323,0.20128824476650564,0.2214170692431562,0.3824476650563607,0.20128824476650564,,,,,
21,68.31723027375202,30.441492216854535,0.23483628556092323,0.20128824476650564,0.2214170692431562,0.3824476650563607,0.20128824476650564,,,,,
22,62.486580783682236,36.3593666129898,0.33548040794417605,0.14761137949543746,0.08722490606548577,0.3824476650563607,0.20128824476650564,,,,,
23,61.11782071926999,37.72812667740204,0.33548040794417605,0.14761137949543746,0.08722490606548577,0.3824476650563607,0.20128824476650564,,,,,
24,60.621309715512616,37.754965110037574,0.33548040794417605,0.30864197530864196,0.08722490606548577,0.6239935587761675,0.2683843263553409,,,,,
25,58.56816961889426,36.00375738056898,0.33548040794417605,4.005636070853462,0.14761137949543746,0.6709608158883521,0.2683843263553409,,,,,
26,58.06494900697799,36.151368760064415,0.4294149221685454,4.052603327965647,0.14761137949543746,0.6709608158883521,0.38915727321524424,0.0939345142243693,,,,
27,57.9777241009125,36.08427267847558,0.4294149221685454,4.206924315619967,0.14761137949543746,0.6709608158883521,0.38915727321524424,0.0939345142243693,,,,
28,57.94417606011809,35.990338164251206,0.5568974771873323,4.206924315619967,0.14761137949543746,0.6709608158883521,0.38915727321524424,0.0939345142243693,,,,
29,55.59581320450886,40.15029522275899,0.6038647342995169,2.4825550187869028,0.14761137949543746,0.630703166935051,0.38915727321524424,,,,,
30,55.072463768115945,40.60654857756307,0.6038647342995169,2.5295222758990876,0.16774020397208803,0.630703166935051,0.38915727321524424,,,,,
31,54.723564143854,40.774288781535155,0.6038647342995169,2.5295222758990876,0.30193236714975846,0.6776704240472357,0.38915727321524424,,,,,
32,54.609500805152976,37.68115942028985,0.6977992485238862,2.5563607085346214,3.388352120236178,0.6776704240472357,0.38915727321524424,,,,,
33,52.851583467525494,36.29898013955985,0.6977992485238862,5.381105743424584,3.6097691894793345,0.785024154589372,0.3757380568974772,,,,,
34,52.502683843263554,36.47342995169082,0.8118625872249061,5.267042404723564,3.670155662909286,0.785024154589372,0.3757380568974772,0.11406333870101985,,,,
35,52.59661835748792,36.3191089640365,0.9192163177670424,5.340848094471283,3.670155662909286,0.7783145464304885,0.3488996242619431,0.026838432635534086,,,,
36,52.180622651637144,36.520397208803004,1.0399892646269457,5.193236714975845,3.5628019323671496,0.8387010198604401,0.49651100375738055,0.06038647342995169,0.10735373054213634,,,
37,51.82501341921632,36.79549114331723,1.2949543746645196,5.018786902844874,3.5292538915727323,0.8387010198604401,0.49651100375738055,0.06038647342995169,0.14090177133655393,,,
38,51.01315083199141,37.714707461084274,1.2010198604401503,4.978529253891573,3.5292538915727323,0.8655394524959742,0.49651100375738055,0.06038647342995169,0.14090177133655393,,,
39,50.905797101449274,37.69457863660762,1.3016639828234031,5.005367686527107,3.5091250670960816,0.8655394524959742,0.49651100375738055,0.06038647342995169,0.1610305958132045,,,
40,46.812936124530324,38.49302200751476,1.4090177133655395,8.3467525496511,3.5091250670960816,0.7447665056360708,0.46296296296296297,0.06038647342995169,0.1610305958132045,,,
41,46.67874396135266,38.446054750402574,1.5163714439076759,8.3467525496511,3.4822866344605474,0.8185721953837896,0.46296296296296297,0.06038647342995169,0.1878690284487386,,,
42,46.544551798174986,38.425925925925924,1.5163714439076759,8.3467525496511,3.6366076221148687,0.8185721953837896,0.46296296296296297,0.06038647342995169,0.1878690284487386,,,
43,44.47128287707998,41.035963499731615,1.6908212560386473,7.742887815351583,3.6231884057971016,0.7246376811594203,0.46296296296296297,0.06038647342995169,0.1878690284487386,,,
44,31.49490069779925,57.347020933977454,1.7914653784219001,5.0791733762748255,3.240740740740741,0.5568974771873323,0.24154589371980675,0.06038647342995169,0.1878690284487386,,,
45,31.528448738593667,57.23295759527644,1.90552871712292,5.0791733762748255,3.207192699946323,0.5568974771873323,0.24154589371980675,0.06038647342995169,0.1878690284487386,,,
46,31.4345142243693,57.10547504025765,2.1269457863660763,5.0791733762748255,3.207192699946323,0.5568974771873323,0.24154589371980675,0.06038647342995169,0.1878690284487386,,,
47,31.13929146537842,53.36822329575953,2.3349436392914655,8.225979602791197,3.180354267310789,0.5568974771873323,0.24154589371980675,0.7648953301127214,0.1878690284487386,,,
48,31.085614600107355,49.67793880837359,2.475845410628019,8.199141170155663,6.810252281266774,0.5568974771873323,0.24154589371980675,0.7648953301127214,0.1878690284487386,,,
49,31.199677938808374,49.3491680085883,2.4557165861513686,8.091787439613526,6.89747718733226,0.5568974771873323,0.3488996242619431,0.9125067096081588,0.1878690284487386,,,
50,31.32716049382716,49.23510466988728,2.4691358024691357,7.971014492753623,6.89747718733226,0.5568974771873323,0.3488996242619431,1.0064412238325282,0.1878690284487386,,,
51,29.78395061728395,42.52549651100376,1.5029522275899088,19.102254428341386,5.260332796564681,1.221148684916801,0.322061191626409,0.1878690284487386,0.0939345142243693,,,
52,29.502147074610843,40.371712292002144,1.6035963499731616,18.310520665593128,5.260332796564681,1.0265700483091786,3.643317230273752,0.1878690284487386,0.0939345142243693,,,
53,29.777241009125067,40.11003757380569,1.7981749865807837,18.089103596349972,5.24020397208803,1.0265700483091786,3.6768652710681695,0.1878690284487386,0.0939345142243693,,,
54,29.985238862050455,40.02952227589909,2.0531400966183573,17.70665593129361,5.24020397208803,1.0265700483091786,3.6768652710681695,0.1878690284487386,0.0939345142243693,,,
55,29.998658078368223,39.761137949543745,2.281266774020397,17.58588298443371,5.267042404723564,1.0265700483091786,3.6768652710681695,0.30864197530864196,0.0939345142243693,,,
56,29.837627482555018,33.02469135802469,2.006172839506173,17.498658078368223,5.166398282340311,0.9997316156736447,10.86285560923242,0.5099302200751477,0.0939345142243693,,,
57,29.851046698872786,32.52147074610843,2.3752012882447664,17.518786902844873,5.166398282340311,1.0869565217391304,10.84272678475577,0.5434782608695652,0.0939345142243693,,,
58,29.95169082125604,32.25308641975309,2.4020397208803006,17.49194847020934,5.213365539452496,1.221148684916801,10.829307568438002,0.5434782608695652,0.0939345142243693,,,
59,29.60950080515298,29.62962962962963,2.301395598497048,21.014492753623188,5.199946323134729,1.0869565217391304,10.393183038110575,0.6709608158883521,0.0939345142243693,,,
60,29.200214707461082,29.958400429414922,2.301395598497048,21.027911969940956,5.22007514761138,1.0869565217391304,10.393183038110575,0.7179280730005367,0.0939345142243693,,,
61,29.361245303274288,29.871175523349436,2.2879763821792807,20.86688137412775,5.22007514761138,1.1741814278046163,10.352925389157273,0.7179280730005367,0.0939345142243693,0.05367686527106817,,
62,29.394793344068706,29.528985507246375,2.7509393451422435,20.67230273752013,5.0858829844337095,1.2949543746645196,10.339506172839506,0.7179280730005367,0.1610305958132045,0.05367686527106817,,
63,29.280730005367687,29.20692431561997,2.945517981749866,20.679012345679013,5.0858829844337095,1.5432098765432098,10.171765968867419,0.7179280730005367,0.3153515834675255,0.05367686527106817,,
64,29.57595276435856,28.878153515834676,3.113258185721954,20.377079978529252,5.152979066022544,1.5365002683843263,9.849704777241008,0.8252818035426731,0.3153515834675255,0.3757380568974772,,
65,29.53569511540526,28.985507246376812,3.227321524422974,20.02818035426731,5.152979066022544,1.5365002683843263,9.829575952764358,1.0131508319914118,0.3153515834675255,0.3757380568974772,,
66,29.401502952227588,28.609769189479334,3.2139023081052067,20.142243692968332,5.01207729468599,1.9592055823939882,9.829575952764358,0.9930220075147611,0.46296296296296297,0.3757380568974772,,
67,29.461889425657542,28.475577026301664,3.3480944712828773,19.961084272678477,5.01207729468599,1.9592055823939882,9.829575952764358,1.1137949543746646,0.46296296296296297,0.3757380568974772,,
68,29.01905528717123,28.764090177133657,3.5426731078904994,19.83360171765969,5.025496511003757,2.059849704777241,9.73564143853999,1.107085346215781,0.46296296296296297,0.4495437466451959,,
69,28.931830381105744,27.911969940955448,3.3548040794417604,18.42458400429415,5.025496511003757,1.9390767579173376,12.218196457326892,1.1003757380568975,0.46296296296296297,0.630703166935051,,
70,28.052871712292003,28.435319377348364,3.4822866344605474,18.45813204508857,4.985238862050457,2.0397208803005906,12.318840579710145,1.133923778851315,0.46296296296296297,0.630703166935051,,
71,28.12667740203972,28.287707997852927,3.5091250670960816,18.397745571658614,4.9651100375738055,2.167203435319377,12.318840579710145,1.133923778851315,0.46296296296296297,0.630703166935051,,
72,28.20048309178744,28.173644659151904,3.5963499731615673,18.35077831454643,4.904723564143854,2.100107353730542,12.23161567364466,1.2010198604401503,0.6105743424584005,0.630703166935051,,
73,28.421900161030596,28.012614063338702,3.6902844873859366,18.230005367686527,4.884594739667204,2.100107353730542,12.218196457326892,1.2010198604401503,0.6105743424584005,0.630703166935051,,
74,28.535963499731615,27.965646806226516,3.6902844873859366,17.787171229200215,4.978529253891573,2.086688137412775,12.25174449812131,1.4895330112721417,0.6105743424584005,0.6038647342995169,,
75,28.442028985507246,27.851583467525497,3.7573805689747717,17.76033279656468,5.146269457863661,2.0799785292538915,12.258454106280194,1.4895330112721417,0.6105743424584005,0.6038647342995169,,
76,28.5426731078905,27.85829307568438,3.7573805689747717,17.753623188405797,5.146269457863661,1.9860440150295222,12.258454106280194,1.482823403113258,0.6105743424584005,0.6038647342995169,,
77,28.482286634460547,27.643585614600106,3.9720880300590444,17.619431025228128,5.0993022007514766,2.073268921095008,12.399355877616747,1.4694041867954912,0.6105743424584005,0.630703166935051,,
78,28.039452495974235,27.4020397208803,3.9586688137412773,15.861513687600644,7.803274288781535,2.2074610842726785,12.385936661298981,1.247987117552335,0.46296296296296297,0.630703166935051,,
79,27.979066022544284,27.086688137412775,3.8714439076757916,16.002415458937197,7.937466451959206,2.341653247450349,12.372517444981213,1.2748255501878691,0.46296296296296297,0.6709608158883521,,
80,27.91867954911433,27.03972088030059,3.898282340311326,15.942028985507246,7.937466451959206,2.408749329039184,12.365807836822329,1.3553408480944713,0.46296296296296297,0.6709608158883521,,
81,27.958937198067634,26.82501341921632,3.898282340311326,16.0426731078905,9.064680622651638,2.395330112721417,11.466720343531938,1.3419216317767042,0.3824476650563607,0.6239935587761675,,
82,27.958937198067634,26.90552871712292,3.898282340311326,15.98899624261943,8.997584541062801,2.3752012882447664,11.466720343531938,1.4492753623188406,0.33548040794417605,0.6239935587761675,,
83,28.099838969404185,26.764626945786365,3.898282340311326,15.780998389694043,8.950617283950617,2.3752012882447664,11.386205045625335,1.5096618357487923,0.5166398282340311,0.7179280730005367,,
84,28.31454643048846,26.684111647879764,3.851315083199141,15.687063875469672,8.80300590445518,2.3752012882447664,11.292270531400966,1.5901771336553945,0.6239935587761675,0.7783145464304885,,
85,26.006441223832528,28.951959205582394,4.03918411164788,15.485775630703166,8.729200214707461,2.509393451422437,11.231884057971014,1.6438539989264627,0.6239935587761675,0.7783145464304885,,
86,26.113794954374665,28.911701556629094,4.03918411164788,15.45222758990875,8.57487922705314,2.509393451422437,11.258722490606548,1.6170155662909287,0.7447665056360708,0.7783145464304885,,
87,26.174181427804616,28.73054213633924,4.166666666666667,15.351583467525497,8.507783145464305,2.5026838432635534,11.258722490606548,1.7981749865807837,0.7447665056360708,0.7648953301127214,,
88,25.503220611916262,28.099838969404185,4.03918411164788,15.311325818572195,8.272946859903382,2.563070316693505,12.667740203972087,1.7981749865807837,0.9796027911969941,0.7648953301127214,,
89,25.348899624261943,28.18035426731079,4.03918411164788,15.24422973698336,8.3467525496511,2.6033279656468062,12.607353730542137,1.8115942028985508,1.0534084809447128,0.7648953301127214,,
90,24.684648416532475,27.26784755770263,3.9855072463768115,17.330917874396135,8.36688137412775,2.046430488459474,12.560386473429952,1.8585614600107354,1.133923778851315,0.7648953301127214,,
91,24.65780998389694,27.254428341384862,4.005636070853462,17.3040794417606,8.3467525496511,2.1739130434782608,12.365807836822329,1.8585614600107354,1.2681159420289856,0.7648953301127214,,
92,20.517981749865807,36.3593666129898,4.508856682769726,16.75389157273215,7.9039184111647875,1.9860440150295222,8.13875469672571,1.8518518518518519,1.3687600644122384,0.6105743424584005,,
93,20.511272141706925,36.18491680085883,4.522275899087493,16.854535695115406,7.836822329575953,2.200751476113795,8.038110574342458,1.8518518518518519,1.3955984970477724,0.6038647342995169,,
94,14.97584541062802,38.506441223832525,4.51556629092861,16.304347826086957,12.151100375738057,1.8988191089640365,7.595276435856146,1.8518518518518519,1.6103059581320451,0.5904455179817498,,
95,14.834943639291465,36.89613526570049,4.247181964573269,15.881642512077295,12.04374664519592,5.166398282340311,7.139023081052066,1.7444981213097155,1.5230810520665594,0.5233494363929146,,
96,14.955716586151368,36.72168545356951,4.213633923778851,15.881642512077295,12.02361782071927,5.293880837359098,7.1725711218464845,1.737788513150832,1.5096618357487923,0.48980139559849706,,
97,14.935587761674718,36.43317230273752,4.998658078368224,15.197262479871176,11.976650563607086,5.347557702630167,6.89747718733226,2.0665593129361244,1.5096618357487923,0.6374127750939346,,
98,15.11003757380569,36.272141706924316,4.998658078368224,15.069779924852389,11.79549114331723,5.347557702630167,6.850509930220075,2.3215244229736984,1.596886741814278,0.6374127750939346,,
99,13.7211486849168,37.567096081588836,5.173107890499195,14.928878153515834,11.681427804616211,5.434782608695652,6.850509930220075,2.408749329039184,1.596886741814278,0.6374127750939346,,
100,11.010466988727858,34.82286634460547,4.0995705850778315,25.91250670960816,9.561191626409018,5.065754159957058,6.3070316693505095,1.3553408480944713,1.2278582930756843,0.6374127750939346,,
101,11.292270531400966,34.68867418142781,4.193505099302201,25.691089640365004,9.541062801932368,5.199946323134729,6.172839506172839,1.3553408480944713,1.2278582930756843,0.6374127750939346,,
102,10.916532474503489,34.70880300590446,4.066022544283414,28.6231884057971,9.366612989801396,4.9651100375738055,3.992216854535695,1.5901771336553945,1.2412775093934514,0.5300590445517982,,
103,10.856146001073537,34.09822866344606,4.005636070853462,28.388352120236178,10.782340311325818,4.3478260869565215,3.978797638217928,1.7713365539452497,1.2815351583467525,0.48980139559849706,,
104,10.84272678475577,34.07139023081052,3.9989264626945786,28.207192699946322,10.735373054213634,4.488727858293076,3.9720880300590444,1.8451422436929683,1.3486312399355878,0.48980139559849706,,
105,10.68840579710145,33.64868491680086,3.7238325281803544,27.395330112721417,10.735373054213634,4.300858829844337,5.689747718733226,1.892109500805153,1.4358561460010735,0.48980139559849706,,
106,10.755501878690284,32.84353193773484,3.9586688137412773,27.17391304347826,11.332528180354267,4.40150295222759,5.669618894256575,2.2074610842726785,1.2077294685990339,0.4495437466451959,,
107,10.735373054213634,32.35373054213634,4.3478260869565215,27.160493827160494,11.252012882447666,4.53569511540526,5.662909286097692,2.2074610842726785,1.2949543746645196,0.4495437466451959,,
108,10.856146001073537,32.085346215781,4.51556629092861,27.093397745571657,11.158078368223295,4.602791196994096,5.736714975845411,2.2074610842726785,1.2949543746645196,0.4495437466451959,,
109,10.909822866344605,31.736446591519055,4.830917874396135,26.96591519055287,11.097691894793345,4.602791196994096,5.736714975845411,2.3483628556092326,1.3217928073000538,0.4495437466451959,,
110,11.144659151905529,31.427804616210413,4.911433172302737,26.96591519055287,10.950080515297907,4.5960815888352125,5.6964573268921095,2.6167471819645733,1.2412775093934514,0.4495437466451959,,
111,11.225174449812132,31.32716049382716,4.9718196457326895,26.92565754159957,10.950080515297907,4.5960815888352125,5.6964573268921095,2.6167471819645733,1.2412775093934514,0.4495437466451959,,
112,11.3191089640365,30.9447128287708,5.293880837359098,26.90552871712292,10.909822866344605,4.609500805152979,5.6964573268921095,2.6167471819645733,1.2546967257112185,0.4495437466451959,,
113,11.399624261943103,30.763553408480945,5.24020397208803,26.84514224369297,11.044015029522276,4.609500805152979,5.6964573268921095,2.737520128824477,1.2546967257112185,0.4092860976918948,,
114,11.506977992485238,30.67632850241546,5.2066559312936125,26.67740203972088,11.023886205045626,4.609500805152979,5.730005367686527,2.9052603327965647,1.2546967257112185,0.4092860976918948,,
115,11.513687600644122,30.54884594739667,5.421363392377885,26.529790660225444,10.849436392914654,4.602791196994096,5.730005367686527,3.0059044551798175,1.3888888888888888,0.4092860976918948,,
116,11.641170155662909,30.300590445517983,5.428073000536768,26.321792807300053,10.809178743961352,4.5893719806763285,5.797101449275362,3.2340311325818574,1.4694041867954912,0.4092860976918948,,
117,10.547504025764896,26.25469672571122,4.9718196457326895,36.500268384326354,7.018250134192163,4.28743961352657,5.622651637144391,3.1736446591519054,1.2144390767579174,0.4092860976918948,,
118,10.560923242082662,26.06682769726248,5.045625335480408,36.252012882447666,7.018250134192163,4.341116478797638,5.683038110574342,3.408480944712829,1.2144390767579174,0.4092860976918948,,
119,10.916532474503489,25.791733762748255,5.267042404723564,35.809178743961354,6.863929146537842,4.441760601180891,5.669618894256575,3.515834675254965,1.3150831991411702,0.4092860976918948,,
120,11.171497584541063,25.825281803542673,5.267042404723564,35.581052066559316,6.863929146537842,4.30756843800322,5.5756843800322065,3.683574879227053,1.3150831991411702,0.4092860976918948,,
121,11.3593666129898,25.523349436392916,5.267042404723564,35.52066559312936,7.125603864734299,4.206924315619967,5.401234567901234,3.7372517444981215,1.4358561460010735,0.4092860976918948,0.013419216317767043,
122,11.366076221148685,25.087224906065487,5.159688674181428,35.017444981213096,7.112184648416532,5.152979066022544,5.401234567901234,3.844605475040258,1.4358561460010735,0.4092860976918948,0.013419216317767043,
123,10.755501878690284,24.40955448201825,5.4616210413311865,36.18491680085883,7.024959742351046,5.152979066022544,5.273752012882448,3.824476650563607,1.4895330112721417,0.4092860976918948,0.013419216317767043,
124,10.903113258185721,24.3894256575416,5.60252281266774,36.07756307031669,7.024959742351046,5.038915727321524,5.273752012882448,3.844605475040258,1.4224369296833066,0.4092860976918948,0.013419216317767043,
125,10.923242082662373,24.322329575952764,5.629361245303274,35.929951690821255,6.9243156199677935,5.193236714975845,5.260332796564681,4.032474503488996,1.3620504562533549,0.4092860976918948,0.013419216317767043,
126,11.18491680085883,24.188137412775095,5.8239398819108965,35.48040794417606,6.823671497584541,5.253623188405797,5.260332796564681,4.200214707461084,1.3620504562533549,0.4092860976918948,0.013419216317767043,
127,11.252012882447666,24.12104133118626,5.810520665593129,35.319377348362856,6.823671497584541,5.314009661835748,5.293880837359098,4.320987654320987,1.3217928073000538,0.4092860976918948,0.013419216317767043,
128,11.191626409017713,24.12775093934514,5.770263016639828,35.319377348362856,6.8035426731078905,5.246913580246914,5.360976918947934,4.361245303274289,1.4224369296833066,0.3824476650563607,0.013419216317767043,
129,11.352657004830919,24.114331723027377,5.743424584004294,35.10466988727858,6.743156199677939,5.246913580246914,5.421363392377885,4.468599033816425,1.4090177133655395,0.3824476650563607,0.013419216317767043,
130,11.480139559849706,23.919753086419753,5.938003220611916,35.057702630166396,6.743156199677939,5.273752012882448,5.340848094471283,4.441760601180891,1.4090177133655395,0.3824476650563607,0.013419216317767043,
131,11.493558776167472,23.866076221148685,6.1862587224906065,30.9849704777241,10.903113258185721,5.273752012882448,5.253623188405797,4.092860976918948,1.570048309178744,0.36231884057971014,0.013419216317767043,
132,11.66129898013956,23.785560923242084,6.152710681696189,30.911164787976382,10.84272678475577,5.293880837359098,5.246913580246914,4.106280193236715,1.6237251744498122,0.36231884057971014,0.013419216317767043,
133,11.808910359634996,23.63123993558776,6.300322061191626,30.770263016639827,10.869565217391305,5.340848094471283,5.24020397208803,4.03918411164788,1.6237251744498122,0.36231884057971014,0.013419216317767043,
134,12.104133118625873,23.429951690821255,6.414385399892646,30.50858829844337,10.654857756307031,5.314009661835748,5.24020397208803,4.3478260869565215,1.6103059581320451,0.36231884057971014,0.013419216317767043,
135,11.922973698336017,23.309178743961354,6.387546967257112,30.495169082125603,10.654857756307031,5.401234567901234,5.360976918947934,4.4820182501341925,1.6103059581320451,0.36231884057971014,0.013419216317767043,
136,12.00348899624262,22.920021470746107,6.588835212023618,30.60252281266774,10.473698336017177,5.428073000536768,5.360976918947934,4.4820182501341925,1.7646269457863661,0.36231884057971014,0.013419216317767043,
137,12.104133118625873,22.65163714439077,6.743156199677939,30.50187869028449,10.319377348362856,5.622651637144391,5.4616210413311865,4.4820182501341925,1.7713365539452497,0.32877079978529256,0.013419216317767043,
138,12.130971551261407,22.52415458937198,7.024959742351046,30.421363392377884,10.238862050456254,6.105743424584004,5.112721417069243,4.4753086419753085,1.7713365539452497,0.18115942028985507,0.013419216317767043,
139,12.27187332259796,22.27589908749329,7.071926999463232,30.226784755770264,10.165056360708535,6.219806763285024,5.112721417069243,4.582662372517445,1.8786902844873858,0.18115942028985507,0.013419216317767043,
140,12.379227053140097,22.33628556092324,7.071926999463232,30.152979066022546,10.138217928073,6.166129898013956,5.0993022007514766,4.582662372517445,1.8786902844873858,0.18115942028985507,0.013419216317767043,
141,11.708266237251744,20.96081588835212,6.850509930220075,29.837627482555018,9.675254965110037,5.978260869565218,8.353462157809984,4.5960815888352125,1.8451422436929683,0.18115942028985507,0.013419216317767043,
142,11.721685453569512,20.94068706387547,6.796833064949007,29.777241009125067,9.514224369296834,5.978260869565218,8.474235104669887,4.757112184648417,1.8451422436929683,0.18115942028985507,0.013419216317767043,
143,11.916264090177133,20.283145464304884,7.333601717659689,29.59608158883521,9.46725711218465,5.837359098228664,8.662104133118627,4.864465915190553,1.8451422436929683,0.18115942028985507,0.013419216317767043,
144,11.990069779924852,20.12211486849168,7.333601717659689,29.54911433172303,9.494095544820183,5.877616747181965,8.628556092324208,4.9718196457326895,1.8451422436929683,0.17444981213097155,0.013419216317767043,
145,11.889425657541599,19.95437466451959,7.39398819108964,29.60950080515298,9.41358024691358,5.877616747181965,8.769457863660762,5.018786902844874,1.8853998926462694,0.17444981213097155,0.013419216317767043,
146,11.922973698336017,19.82018250134192,7.541599570585078,29.435050993022006,9.380032206119163,5.877616747181965,8.641975308641975,5.307300053676865,1.8853998926462694,0.17444981213097155,0.013419216317767043,
147,11.728395061728396,19.712828770799785,7.266505636070853,30.97826086956522,8.521202361782072,5.864197530864198,8.621846484165324,5.10601180891036,1.865271068169619,0.17444981213097155,0.1610305958132045,
148,11.694847020933977,19.598765432098766,7.4208266237251745,30.9044551798175,8.507783145464305,5.958132045088567,8.608427267847558,5.10601180891036,1.865271068169619,0.17444981213097155,0.1610305958132045,
149,11.735104669887278,19.384057971014492,7.823403113258186,30.756843800322063,8.480944712828771,6.105743424584004,8.480944712828771,4.944981213097155,1.9524959742351047,0.17444981213097155,0.1610305958132045,
150,11.681427804616211,18.511808910359633,7.843531937734836,30.414653784219002,9.86983360171766,5.797101449275362,8.467525496511003,4.9718196457326895,2.1068169618894257,0.17444981213097155,0.1610305958132045,
151,11.614331723027375,18.49838969404187,8.038110574342458,30.059044551798173,9.796027911969942,5.998389694041868,8.527911969940956,5.173107890499195,1.9592055823939882,0.17444981213097155,0.1610305958132045,
152,11.701556629092861,18.4849704777241,7.944176060118089,29.736983360171767,9.728931830381105,6.219806763285024,8.655394524959743,5.199946323134729,1.9927536231884058,0.17444981213097155,0.1610305958132045,
153,11.829039184111648,18.317230273752013,8.199141170155663,29.643048845947398,9.567901234567902,6.219806763285024,8.628556092324208,5.280461621041331,1.9793344068706387,0.17444981213097155,0.1610305958132045,
154,12.02361782071927,18.223295759527645,8.21256038647343,29.55582393988191,9.5276435856146,6.125872249060655,8.487654320987655,5.3341384863123995,1.9659151905528718,0.3824476650563607,0.1610305958132045,
155,12.037037037037036,18.12265163714439,8.293075684380032,29.367954911433173,9.594739667203436,6.105743424584004,8.447396672034353,5.522007514761138,1.9659151905528718,0.3824476650563607,0.1610305958132045,
156,12.144390767579173,18.02200751476114,8.460815888352121,26.818303811057433,12.795222758990874,6.132581857219538,8.420558239398819,4.851046698872786,1.8451422436929683,0.3488996242619431,0.1610305958132045,
157,12.352388620504563,17.995169082125603,8.433977455716587,26.42914653784219,12.761674718196458,6.0587761674718195,8.407139023081053,5.152979066022544,1.8451422436929683,0.4025764895330113,0.1610305958132045,
158,12.446323134728932,17.961621041331185,8.467525496511003,26.422436929683307,12.640901771336553,6.0587761674718195,8.454106280193237,5.146269457863661,1.8384326355340848,0.4025764895330113,0.1610305958132045,
159,12.620772946859903,17.921363392377884,8.487654320987655,26.20101986044015,12.627482555018787,6.105743424584004,8.373590982286634,5.260332796564681,1.8384326355340848,0.4025764895330113,0.1610305958132045,
160,12.513419216317766,16.78743961352657,8.125335480407944,28.401771336553946,12.191358024691358,5.917874396135265,8.225979602791197,5.307300053676865,1.9927536231884058,0.3757380568974772,0.1610305958132045,
161,12.808641975308642,16.5727321524423,8.252818035426731,28.193773483628558,12.151100375738057,5.884326355340848,8.225979602791197,5.3341384863123995,2.0933977455716586,0.322061191626409,0.1610305958132045,
162,12.895866881374127,16.532474503488995,8.279656468062266,28.052871712292003,12.06387546967257,5.884326355340848,8.279656468062266,5.562265163714439,2.1135265700483092,0.322061191626409,0.013419216317767043,
163,13.036768652710682,16.512345679012345,8.192431561996779,28.019323671497585,11.936392914653783,5.991680085882985,8.185721953837897,5.629361245303274,2.1739130434782608,0.322061191626409,,
164,13.050187869028449,16.418411164787976,8.28636607622115,27.965646806226516,11.748523886205046,6.112453032742888,8.185721953837897,5.6964573268921095,2.214170692431562,0.322061191626409,,
165,13.271604938271604,16.264090177133657,8.279656468062266,27.730810520665592,11.728395061728396,6.105743424584004,8.152173913043478,5.931293612453032,2.214170692431562,0.322061191626409,,
166,13.459473966720344,16.15673644659152,8.272946859903382,27.710681696188942,11.808910359634996,6.099033816425121,8.07836822329576,5.8239398819108965,2.26784755770263,0.322061191626409,,
167,13.66076221148685,16.0426731078905,8.252818035426731,27.596618357487923,11.782071926999464,6.099033816425121,8.071658615136876,5.904455179817498,2.26784755770263,0.322061191626409,,
168,13.70101986044015,15.982286634460548,8.299785292538916,27.556360708534623,11.701556629092861,6.226516371443908,8.05823939881911,5.904455179817498,2.254428341384863,0.3153515834675255,,
169,13.727858293075684,15.868223295759528,8.541331186258722,27.274557165861513,11.131239935587761,6.837090713902308,8.125335480407944,5.931293612453032,2.24771873322598,0.3153515834675255,,
170,13.962694578636608,15.499194847020934,8.608427267847558,26.838432635534083,11.3191089640365,6.850509930220075,8.044820182501342,6.320450885668277,2.2410091250670963,0.3153515834675255,,
171,14.070048309178745,15.405260332796564,8.628556092324208,26.73107890499195,11.3191089640365,6.78341384863124,8.004562533548041,6.353998926462695,2.3886205045625335,0.3153515834675255,,
172,14.110305958132045,15.291196994095545,8.735909822866345,26.583467525496513,11.265432098765432,6.991411701556629,7.9039184111647875,6.253354804079442,2.5496511003757383,0.3153515834675255,,
173,14.331723027375201,15.217391304347826,8.80300590445518,26.549919484702095,11.05072463768116,6.877348362855609,7.98443370907139,6.320450885668277,2.5496511003757383,0.3153515834675255,,
174,14.55984970477724,15.042941492216855,8.729200214707461,26.38888888888889,11.144659151905529,6.790123456790123,7.98443370907139,6.515029522275899,2.5295222758990876,0.3153515834675255,,
175,14.660493827160494,14.888620504562533,8.80300590445518,26.214439076757916,11.144659151905529,6.790123456790123,7.98443370907139,6.66935050993022,2.5295222758990876,0.3153515834675255,,
176,14.861782071927,14.579978529253891,8.380300590445518,27.78448738593666,11.09098228663446,6.3070316693505095,7.581857219538379,6.709608158883521,2.4221685453569513,0.28180354267310787,,
177,14.908749329039184,14.479334406870638,8.407139023081053,27.509393451422437,11.084272678475577,6.582125603864735,7.581857219538379,6.763285024154589,2.4020397208803006,0.28180354267310787,,
178,14.99597423510467,14.479334406870638,8.447396672034353,27.200751476113794,11.017176596886742,6.582125603864735,7.5281803542673105,7.024959742351046,2.442297369833602,0.28180354267310787,,
179,15.009393451422437,14.378690284487385,8.501073537305421,27.167203435319376,10.95679012345679,6.561996779388084,7.5281803542673105,7.185990338164252,2.428878153515835,0.28180354267310787,,
180,15.217391304347826,14.304884594739667,8.608427267847558,26.959205582393988,10.829307568438002,6.541867954911433,7.62211486849168,7.152442297369833,2.4825550187869028,0.28180354267310787,,
181,15.411969940955448,14.237788513150832,8.527911969940956,26.8317230273752,10.802469135802468,6.588835212023618,7.635534084809447,7.199409554482019,2.4825550187869028,0.28180354267310787,,
182,15.666935050993022,14.056629092860977,8.447396672034353,26.623725174449813,10.795759527643586,6.743156199677939,7.62211486849168,7.27992485238862,2.4825550187869028,0.28180354267310787,,
183,15.774288781535159,13.747987117552334,8.507783145464305,26.556629092860977,10.795759527643586,7.0383789586688135,7.62211486849168,7.192699946323135,2.4825550187869028,0.28180354267310787,,
184,15.573000536768653,12.338969404186795,10.02415458937198,26.40901771336554,10.782340311325818,7.118894256575416,7.615405260332796,7.37385936661299,2.4825550187869028,0.28180354267310787,,
185,15.063070316693505,13.345410628019323,9.876543209876543,26.247987117552334,10.547504025764896,7.139023081052066,7.588566827697263,7.326892109500805,2.4825550187869028,0.28180354267310787,0.10064412238325282,
186,14.626945786366075,12.922705314009661,10.165056360708535,27.046430488459475,10.44015029522276,7.071926999463232,7.454374664519592,7.440955448201825,2.4490069779924855,0.28180354267310787,0.10064412238325282,
187,14.647074610842727,12.915995705850777,10.017444981213098,26.992753623188406,10.513955984970478,6.998121309715513,7.64224369296833,7.440955448201825,2.4490069779924855,0.28180354267310787,0.10064412238325282,
188,14.660493827160494,12.74825550187869,10.044283413848632,26.77133655394525,10.50053676865271,7.4141170155662905,7.461084272678476,7.555018786902845,2.462426194310252,0.28180354267310787,0.10064412238325282,
189,14.714170692431562,12.72812667740204,10.11808910359635,26.704240472356414,10.50053676865271,7.4141170155662905,7.447665056360709,7.5281803542673105,2.462426194310252,0.28180354267310787,0.10064412238325282,
190,14.821524422973699,12.667740203972087,10.0979602791197,26.603596349973163,10.493827160493828,7.555018786902845,7.440955448201825,7.561728395061729,2.3752012882447664,0.28180354267310787,0.10064412238325282,
191,14.828234031132581,12.640901771336553,10.151637144390767,26.56333870101986,10.507246376811594,7.5281803542673105,7.440955448201825,7.581857219538379,2.3752012882447664,0.28180354267310787,0.10064412238325282,
192,14.962426194310252,12.600644122383253,10.165056360708535,26.48953301127214,10.399892646269459,7.595276435856146,7.440955448201825,7.588566827697263,2.3752012882447664,0.28180354267310787,0.10064412238325282,
193,15.01610305958132,12.466451959205582,10.245571658615138,26.435856146001072,10.379763821792807,7.689210950080516,7.440955448201825,7.568438003220612,2.3752012882447664,0.28180354267310787,0.10064412238325282,
194,15.143585614600108,12.406065485775631,10.373054213633925,26.32850241545894,10.19189479334407,7.7831454643048845,7.440955448201825,7.474503488996243,2.475845410628019,0.28180354267310787,0.10064412238325282,
195,15.103327965646805,12.191358024691358,10.426731078904991,26.247987117552334,10.104669887278583,7.890499194847021,7.440955448201825,7.6556629092860975,2.5563607085346214,0.28180354267310787,0.10064412238325282,
196,15.076489533011273,12.130971551261407,10.789049919484702,26.120504562533547,10.144927536231885,7.722758990874933,7.407407407407407,7.6556629092860975,2.5697799248523885,0.28180354267310787,0.10064412238325282,
197,15.197262479871176,12.097423510466989,10.674986580783683,25.97289318303811,10.131508319914117,8.031400966183575,7.37385936661299,7.62211486849168,2.5161030595813205,0.28180354267310787,0.10064412238325282,
198,15.344873859366613,12.057165861513688,10.789049919484702,25.87895866881374,10.138217928073,7.85024154589372,7.64224369296833,7.48792270531401,2.428878153515835,0.28180354267310787,0.10064412238325282,
199,15.391841116478798,11.902844873859367,10.929951690821255,25.664251207729468,10.071121846484166,7.96430488459474,7.85024154589372,7.481213097155126,2.428878153515835,0.2147074610842727,0.10064412238325282,
200,15.45222758990875,11.869296833064949,11.044015029522276,25.5703166935051,10.057702630166398,7.96430488459474,8.031400966183575,7.266505636070853,2.428878153515835,0.2147074610842727,0.10064412238325282,
201,15.499194847020934,11.714975845410628,11.017176596886742,25.42270531400966,10.057702630166398,8.205850778314547,8.024691358024691,7.246376811594203,2.428878153515835,0.28180354267310787,0.10064412238325282,
202,15.787707997852925,11.708266237251744,10.976918947933441,25.34219001610306,10.111379495437467,8.158883521202362,7.917337627482555,7.226247987117552,2.3886205045625335,0.28180354267310787,0.10064412238325282,
203,15.673644659151906,11.634460547504025,10.950080515297907,25.147611379495437,10.198604401502953,8.319914117015566,7.9039184111647875,7.434245840042942,2.3550724637681157,0.28180354267310787,0.10064412238325282,
204,15.767579173376275,11.486849168008588,11.003757380568974,24.912775093934513,10.19189479334407,8.279656468062266,7.890499194847021,7.595276435856146,2.4557165861513686,0.28180354267310787,0.10064412238325282,0.03354804079441761
205,15.96886741814278,11.392914653784219,11.017176596886742,24.852388620504563,10.19189479334407,8.252818035426731,7.796564680622652,7.669082125603865,2.4557165861513686,0.28180354267310787,0.10064412238325282,0.020128824476650563
206,16.009125067096083,10.782340311325818,10.963499731615673,24.57729468599034,10.21202361782072,9.232420826623725,7.769726247987117,7.689210950080516,2.3617820719269993,0.28180354267310787,0.10064412238325282,0.020128824476650563
207,16.129898013955984,10.7085346215781,10.829307568438002,24.241814278046164,10.084541062801932,9.31964573268921,7.950885668276973,7.883789586688137,2.4490069779924855,0.28180354267310787,0.10064412238325282,0.020128824476650563
208,16.337895866881375,10.668276972624799,10.849436392914654,24.208266237251745,10.084541062801932,9.151905528717123,8.024691358024691,7.856951154052603,2.4154589371980677,0.28180354267310787,0.10064412238325282,0.020128824476650563
209,16.545893719806763,10.554213633923778,11.064143853998926,24.033816425120772,9.742351046698873,9.353193773483628,8.111916264090176,7.809983896940419,2.38191089640365,0.28180354267310787,0.10064412238325282,0.020128824476650563
210,16.6532474503489,10.554213633923778,11.144659151905529,23.96672034353194,9.722222222222221,9.339774557165862,8.145464304884594,7.7898550724637685,2.281266774020397,0.28180354267310787,0.10064412238325282,0.020128824476650563
211,16.76731078904992,10.507246376811594,11.144659151905529,23.960010735373054,9.561191626409018,9.326355340848094,8.145464304884594,7.930756843800322,2.254428341384863,0.28180354267310787,0.10064412238325282,0.020128824476650563
212,16.740472356414386,10.420021470746109,11.238593666129898,23.758722490606548,9.433709071390231,9.460547504025765,8.145464304884594,8.145464304884594,2.254428341384863,0.28180354267310787,0.10064412238325282,0.020128824476650563
213,17.008856682769725,10.21202361782072,11.419753086419753,23.376274825550187,9.406870638754697,9.353193773483628,8.145464304884594,8.353462157809984,2.3215244229736984,0.28180354267310787,0.10064412238325282,0.020128824476650563
214,17.082662372517444,10.104669887278583,11.460010735373054,23.362855609232422,9.326355340848094,9.312936124530328,8.219269994632313,8.299785292538916,2.428878153515835,0.28180354267310787,0.10064412238325282,0.020128824476650563
215,17.01556629092861,10.064412238325282,11.419753086419753,22.852925389157274,9.292807300053678,9.306226516371444,9.01100375738057,8.21256038647343,2.4221685453569513,0.28180354267310787,0.10064412238325282,0.020128824476650563
